{
  "polygons" : "true",
  "field" : "golden",
  "symmetry" : "icosahedral",
  "orientations" : [ [ 1.0, 0.0, 0.0, 0.0, 0.0, 1.0, 0.0, 0.0, 0.0, 0.0, 1.0, 0.0, 0.0, 0.0, 0.0, 1.0 ], [ 0.0, 0.0, 1.0, 0.0, 1.0, 0.0, 0.0, 0.0, 0.0, 1.0, 0.0, 0.0, 0.0, 0.0, 0.0, 1.0 ], [ 0.0, 1.0, 0.0, 0.0, 0.0, 0.0, 1.0, 0.0, 1.0, 0.0, 0.0, 0.0, 0.0, 0.0, 0.0, 1.0 ], [ 0.809017, 0.309017, 0.5, 0.0, 0.309017, 0.5, -0.809017, 0.0, -0.5, 0.809017, 0.309017, 0.0, 0.0, 0.0, 0.0, 1.0 ], [ -0.5, 0.809017, 0.309017, 0.0, 0.809017, 0.309017, 0.5, 0.0, 0.309017, 0.5, -0.809017, 0.0, 0.0, 0.0, 0.0, 1.0 ], [ 0.309017, 0.5, -0.809017, 0.0, -0.5, 0.809017, 0.309017, 0.0, 0.809017, 0.309017, 0.5, 0.0, 0.0, 0.0, 0.0, 1.0 ], [ 0.5, 0.809017, 0.309017, 0.0, 0.809017, -0.309017, -0.5, 0.0, -0.309017, 0.5, -0.809017, 0.0, 0.0, 0.0, 0.0, 1.0 ], [ -0.309017, 0.5, -0.809017, 0.0, 0.5, 0.809017, 0.309017, 0.0, 0.809017, -0.309017, -0.5, 0.0, 0.0, 0.0, 0.0, 1.0 ], [ 0.809017, -0.309017, -0.5, 0.0, -0.309017, 0.5, -0.809017, 0.0, 0.5, 0.809017, 0.309017, 0.0, 0.0, 0.0, 0.0, 1.0 ], [ 0.5, 0.809017, -0.309017, 0.0, 0.809017, -0.309017, 0.5, 0.0, 0.309017, -0.5, -0.809017, 0.0, 0.0, 0.0, 0.0, 1.0 ], [ 0.309017, -0.5, -0.809017, 0.0, 0.5, 0.809017, -0.309017, 0.0, 0.809017, -0.309017, 0.5, 0.0, 0.0, 0.0, 0.0, 1.0 ], [ 0.809017, -0.309017, 0.5, 0.0, 0.309017, -0.5, -0.809017, 0.0, 0.5, 0.809017, -0.309017, 0.0, 0.0, 0.0, 0.0, 1.0 ], [ 0.809017, 0.309017, -0.5, 0.0, 0.309017, 0.5, 0.809017, 0.0, 0.5, -0.809017, 0.309017, 0.0, 0.0, 0.0, 0.0, 1.0 ], [ 0.5, -0.809017, 0.309017, 0.0, 0.809017, 0.309017, -0.5, 0.0, 0.309017, 0.5, 0.809017, 0.0, 0.0, 0.0, 0.0, 1.0 ], [ 0.309017, 0.5, 0.809017, 0.0, 0.5, -0.809017, 0.309017, 0.0, 0.809017, 0.309017, -0.5, 0.0, 0.0, 0.0, 0.0, 1.0 ], [ 1.0, 0.0, 0.0, 0.0, 0.0, -1.0, 0.0, 0.0, 0.0, 0.0, -1.0, 0.0, 0.0, 0.0, 0.0, 1.0 ], [ 0.0, 0.0, 1.0, 0.0, -1.0, 0.0, 0.0, 0.0, 0.0, -1.0, 0.0, 0.0, 0.0, 0.0, 0.0, 1.0 ], [ 0.0, 1.0, 0.0, 0.0, 0.0, 0.0, -1.0, 0.0, -1.0, 0.0, 0.0, 0.0, 0.0, 0.0, 0.0, 1.0 ], [ 0.809017, 0.309017, 0.5, 0.0, -0.309017, -0.5, 0.809017, 0.0, 0.5, -0.809017, -0.309017, 0.0, 0.0, 0.0, 0.0, 1.0 ], [ -0.5, 0.809017, 0.309017, 0.0, -0.809017, -0.309017, -0.5, 0.0, -0.309017, -0.5, 0.809017, 0.0, 0.0, 0.0, 0.0, 1.0 ], [ 0.309017, 0.5, -0.809017, 0.0, 0.5, -0.809017, -0.309017, 0.0, -0.809017, -0.309017, -0.5, 0.0, 0.0, 0.0, 0.0, 1.0 ], [ 0.5, 0.809017, 0.309017, 0.0, -0.809017, 0.309017, 0.5, 0.0, 0.309017, -0.5, 0.809017, 0.0, 0.0, 0.0, 0.0, 1.0 ], [ -0.309017, 0.5, -0.809017, 0.0, -0.5, -0.809017, -0.309017, 0.0, -0.809017, 0.309017, 0.5, 0.0, 0.0, 0.0, 0.0, 1.0 ], [ 0.809017, -0.309017, -0.5, 0.0, 0.309017, -0.5, 0.809017, 0.0, -0.5, -0.809017, -0.309017, 0.0, 0.0, 0.0, 0.0, 1.0 ], [ 0.5, 0.809017, -0.309017, 0.0, -0.809017, 0.309017, -0.5, 0.0, -0.309017, 0.5, 0.809017, 0.0, 0.0, 0.0, 0.0, 1.0 ], [ 0.309017, -0.5, -0.809017, 0.0, -0.5, -0.809017, 0.309017, 0.0, -0.809017, 0.309017, -0.5, 0.0, 0.0, 0.0, 0.0, 1.0 ], [ 0.809017, -0.309017, 0.5, 0.0, -0.309017, 0.5, 0.809017, 0.0, -0.5, -0.809017, 0.309017, 0.0, 0.0, 0.0, 0.0, 1.0 ], [ 0.809017, 0.309017, -0.5, 0.0, -0.309017, -0.5, -0.809017, 0.0, -0.5, 0.809017, -0.309017, 0.0, 0.0, 0.0, 0.0, 1.0 ], [ 0.5, -0.809017, 0.309017, 0.0, -0.809017, -0.309017, 0.5, 0.0, -0.309017, -0.5, -0.809017, 0.0, 0.0, 0.0, 0.0, 1.0 ], [ 0.309017, 0.5, 0.809017, 0.0, -0.5, 0.809017, -0.309017, 0.0, -0.809017, -0.309017, 0.5, 0.0, 0.0, 0.0, 0.0, 1.0 ], [ -1.0, 0.0, 0.0, 0.0, 0.0, -1.0, 0.0, 0.0, 0.0, 0.0, 1.0, 0.0, 0.0, 0.0, 0.0, 1.0 ], [ 0.0, 0.0, -1.0, 0.0, -1.0, 0.0, 0.0, 0.0, 0.0, 1.0, 0.0, 0.0, 0.0, 0.0, 0.0, 1.0 ], [ 0.0, -1.0, 0.0, 0.0, 0.0, 0.0, -1.0, 0.0, 1.0, 0.0, 0.0, 0.0, 0.0, 0.0, 0.0, 1.0 ], [ -0.809017, -0.309017, -0.5, 0.0, -0.309017, -0.5, 0.809017, 0.0, -0.5, 0.809017, 0.309017, 0.0, 0.0, 0.0, 0.0, 1.0 ], [ 0.5, -0.809017, -0.309017, 0.0, -0.809017, -0.309017, -0.5, 0.0, 0.309017, 0.5, -0.809017, 0.0, 0.0, 0.0, 0.0, 1.0 ], [ -0.309017, -0.5, 0.809017, 0.0, 0.5, -0.809017, -0.309017, 0.0, 0.809017, 0.309017, 0.5, 0.0, 0.0, 0.0, 0.0, 1.0 ], [ -0.5, -0.809017, -0.309017, 0.0, -0.809017, 0.309017, 0.5, 0.0, -0.309017, 0.5, -0.809017, 0.0, 0.0, 0.0, 0.0, 1.0 ], [ 0.309017, -0.5, 0.809017, 0.0, -0.5, -0.809017, -0.309017, 0.0, 0.809017, -0.309017, -0.5, 0.0, 0.0, 0.0, 0.0, 1.0 ], [ -0.809017, 0.309017, 0.5, 0.0, 0.309017, -0.5, 0.809017, 0.0, 0.5, 0.809017, 0.309017, 0.0, 0.0, 0.0, 0.0, 1.0 ], [ -0.5, -0.809017, 0.309017, 0.0, -0.809017, 0.309017, -0.5, 0.0, 0.309017, -0.5, -0.809017, 0.0, 0.0, 0.0, 0.0, 1.0 ], [ -0.309017, 0.5, 0.809017, 0.0, -0.5, -0.809017, 0.309017, 0.0, 0.809017, -0.309017, 0.5, 0.0, 0.0, 0.0, 0.0, 1.0 ], [ -0.809017, 0.309017, -0.5, 0.0, -0.309017, 0.5, 0.809017, 0.0, 0.5, 0.809017, -0.309017, 0.0, 0.0, 0.0, 0.0, 1.0 ], [ -0.809017, -0.309017, 0.5, 0.0, -0.309017, -0.5, -0.809017, 0.0, 0.5, -0.809017, 0.309017, 0.0, 0.0, 0.0, 0.0, 1.0 ], [ -0.5, 0.809017, -0.309017, 0.0, -0.809017, -0.309017, 0.5, 0.0, 0.309017, 0.5, 0.809017, 0.0, 0.0, 0.0, 0.0, 1.0 ], [ -0.309017, -0.5, -0.809017, 0.0, -0.5, 0.809017, -0.309017, 0.0, 0.809017, 0.309017, -0.5, 0.0, 0.0, 0.0, 0.0, 1.0 ], [ -1.0, 0.0, 0.0, 0.0, 0.0, 1.0, 0.0, 0.0, 0.0, 0.0, -1.0, 0.0, 0.0, 0.0, 0.0, 1.0 ], [ 0.0, 0.0, -1.0, 0.0, 1.0, 0.0, 0.0, 0.0, 0.0, -1.0, 0.0, 0.0, 0.0, 0.0, 0.0, 1.0 ], [ 0.0, -1.0, 0.0, 0.0, 0.0, 0.0, 1.0, 0.0, -1.0, 0.0, 0.0, 0.0, 0.0, 0.0, 0.0, 1.0 ], [ -0.809017, -0.309017, -0.5, 0.0, 0.309017, 0.5, -0.809017, 0.0, 0.5, -0.809017, -0.309017, 0.0, 0.0, 0.0, 0.0, 1.0 ], [ 0.5, -0.809017, -0.309017, 0.0, 0.809017, 0.309017, 0.5, 0.0, -0.309017, -0.5, 0.809017, 0.0, 0.0, 0.0, 0.0, 1.0 ], [ -0.309017, -0.5, 0.809017, 0.0, -0.5, 0.809017, 0.309017, 0.0, -0.809017, -0.309017, -0.5, 0.0, 0.0, 0.0, 0.0, 1.0 ], [ -0.5, -0.809017, -0.309017, 0.0, 0.809017, -0.309017, -0.5, 0.0, 0.309017, -0.5, 0.809017, 0.0, 0.0, 0.0, 0.0, 1.0 ], [ 0.309017, -0.5, 0.809017, 0.0, 0.5, 0.809017, 0.309017, 0.0, -0.809017, 0.309017, 0.5, 0.0, 0.0, 0.0, 0.0, 1.0 ], [ -0.809017, 0.309017, 0.5, 0.0, -0.309017, 0.5, -0.809017, 0.0, -0.5, -0.809017, -0.309017, 0.0, 0.0, 0.0, 0.0, 1.0 ], [ -0.5, -0.809017, 0.309017, 0.0, 0.809017, -0.309017, 0.5, 0.0, -0.309017, 0.5, 0.809017, 0.0, 0.0, 0.0, 0.0, 1.0 ], [ -0.309017, 0.5, 0.809017, 0.0, 0.5, 0.809017, -0.309017, 0.0, -0.809017, 0.309017, -0.5, 0.0, 0.0, 0.0, 0.0, 1.0 ], [ -0.809017, 0.309017, -0.5, 0.0, 0.309017, -0.5, -0.809017, 0.0, -0.5, -0.809017, 0.309017, 0.0, 0.0, 0.0, 0.0, 1.0 ], [ -0.809017, -0.309017, 0.5, 0.0, 0.309017, 0.5, 0.809017, 0.0, -0.5, 0.809017, -0.309017, 0.0, 0.0, 0.0, 0.0, 1.0 ], [ -0.5, 0.809017, -0.309017, 0.0, 0.809017, 0.309017, -0.5, 0.0, -0.309017, -0.5, -0.809017, 0.0, 0.0, 0.0, 0.0, 1.0 ], [ -0.309017, -0.5, -0.809017, 0.0, 0.5, -0.809017, 0.309017, 0.0, -0.809017, -0.309017, 0.5, 0.0, 0.0, 0.0, 0.0, 1.0 ] ],
  "lights" : {
    "ambientColor" : "#292929",
    "backgroundColor" : "#0C0E05",
    "directionalLights" : [ {
      "direction" : [ 1.0, -1.0, -1.0 ],
      "color" : "#EBEBE4"
    }, {
      "direction" : [ -1.0, 0.0, 0.0 ],
      "color" : "#E4E4EB"
    }, {
      "direction" : [ 0.0, 0.0, -1.0 ],
      "color" : "#1E1E1E"
    } ]
  },
  "camera" : {
    "lookDirection" : {
      "x" : 0.0,
      "y" : 0.0,
      "z" : -1.0
    },
    "upDirection" : {
      "x" : 0.0,
      "y" : 1.0,
      "z" : 0.0
    },
    "lookAtPoint" : {
      "x" : 22.18034,
      "y" : -13.708204,
      "z" : 22.18034
    },
    "viewDistance" : 175.71783,
    "nearClipDistance" : 0.43929455,
    "farClipDistance" : 351.4354,
    "fieldOfView" : 0.4426289,
    "perspective" : false,
    "stereo" : false,
    "width" : 79.07303,
    "position" : {
      "x" : 22.18034,
      "y" : -13.708204,
      "z" : 197.89818
    }
  },
  "embedding" : [ 1.0, 0.0, 0.0, 0.0, 0.0, 1.0, 0.0, 0.0, 0.0, 0.0, 1.0, 0.0, 0.0, 0.0, 0.0, 1.0 ],
  "shapes" : [ {
    "id" : "a0d9deeb-94b5-43a3-b9b1-be10933fe808",
    "orbit" : "blue",
    "name" : "b2",
    "vertices" : [ {
      "x" : 1.0,
      "y" : 0.309017,
      "z" : 0.19098301
    }, {
      "x" : 1.0,
      "y" : -0.309017,
      "z" : 0.19098301
    }, {
      "x" : 12.708204,
      "y" : -0.309017,
      "z" : 0.19098301
    }, {
      "x" : 12.708204,
      "y" : 0.309017,
      "z" : 0.19098301
    }, {
      "x" : 12.708204,
      "y" : -0.309017,
      "z" : -0.19098301
    }, {
      "x" : 12.708204,
      "y" : 0.309017,
      "z" : -0.19098301
    }, {
      "x" : 13.326238,
      "y" : 0.0,
      "z" : 0.0
    }, {
      "x" : 0.38196602,
      "y" : 0.0,
      "z" : 0.0
    }, {
      "x" : 1.0,
      "y" : 0.309017,
      "z" : -0.19098301
    }, {
      "x" : 1.0,
      "y" : -0.309017,
      "z" : -0.19098301
    }, {
      "x" : 13.708204,
      "y" : 0.0,
      "z" : 0.0
    } ],
    "faces" : [ {
      "vertices" : [ 1, 9, 4, 2 ]
    }, {
      "vertices" : [ 0, 3, 5, 8 ]
    }, {
      "vertices" : [ 1, 7, 9 ]
    }, {
      "vertices" : [ 0, 1, 2, 3 ]
    }, {
      "vertices" : [ 7, 8, 9 ]
    }, {
      "vertices" : [ 0, 7, 1 ]
    }, {
      "vertices" : [ 4, 9, 8, 5 ]
    }, {
      "vertices" : [ 2, 6, 3 ]
    }, {
      "vertices" : [ 2, 4, 6 ]
    }, {
      "vertices" : [ 3, 6, 5 ]
    }, {
      "vertices" : [ 4, 5, 6 ]
    }, {
      "vertices" : [ 0, 8, 7 ]
    } ]
  }, {
    "id" : "a72f8c01-b360-402b-8f0c-50454c436043",
    "orbit" : "blue",
    "name" : "b1",
    "vertices" : [ {
      "x" : 1.0,
      "y" : 0.309017,
      "z" : 0.19098301
    }, {
      "x" : 1.0,
      "y" : -0.309017,
      "z" : 0.19098301
    }, {
      "x" : 7.472136,
      "y" : -0.309017,
      "z" : 0.19098301
    }, {
      "x" : 7.472136,
      "y" : 0.309017,
      "z" : 0.19098301
    }, {
      "x" : 7.472136,
      "y" : -0.309017,
      "z" : -0.19098301
    }, {
      "x" : 7.472136,
      "y" : 0.309017,
      "z" : -0.19098301
    }, {
      "x" : 8.09017,
      "y" : 0.0,
      "z" : 0.0
    }, {
      "x" : 0.38196602,
      "y" : 0.0,
      "z" : 0.0
    }, {
      "x" : 1.0,
      "y" : 0.309017,
      "z" : -0.19098301
    }, {
      "x" : 1.0,
      "y" : -0.309017,
      "z" : -0.19098301
    }, {
      "x" : 8.472136,
      "y" : 0.0,
      "z" : 0.0
    } ],
    "faces" : [ {
      "vertices" : [ 1, 9, 4, 2 ]
    }, {
      "vertices" : [ 0, 3, 5, 8 ]
    }, {
      "vertices" : [ 1, 7, 9 ]
    }, {
      "vertices" : [ 0, 1, 2, 3 ]
    }, {
      "vertices" : [ 7, 8, 9 ]
    }, {
      "vertices" : [ 0, 7, 1 ]
    }, {
      "vertices" : [ 4, 9, 8, 5 ]
    }, {
      "vertices" : [ 2, 6, 3 ]
    }, {
      "vertices" : [ 2, 4, 6 ]
    }, {
      "vertices" : [ 3, 6, 5 ]
    }, {
      "vertices" : [ 4, 5, 6 ]
    }, {
      "vertices" : [ 0, 8, 7 ]
    } ]
  }, {
    "id" : "9b280236-3bad-4d35-b4e5-1a08a8466614",
    "name" : "ball",
    "vertices" : [ {
      "x" : 0.309017,
      "y" : -0.309017,
      "z" : -0.309017
    }, {
      "x" : 0.5,
      "y" : 0.0,
      "z" : -0.19098301
    }, {
      "x" : 0.5,
      "y" : 0.0,
      "z" : 0.19098301
    }, {
      "x" : 0.309017,
      "y" : -0.309017,
      "z" : 0.309017
    }, {
      "x" : 0.19098301,
      "y" : -0.5,
      "z" : 0.0
    }, {
      "x" : 0.0,
      "y" : 0.19098301,
      "z" : 0.5
    }, {
      "x" : 0.0,
      "y" : -0.19098301,
      "z" : 0.5
    }, {
      "x" : 0.309017,
      "y" : 0.309017,
      "z" : 0.309017
    }, {
      "x" : -0.309017,
      "y" : -0.309017,
      "z" : 0.309017
    }, {
      "x" : -0.309017,
      "y" : 0.309017,
      "z" : 0.309017
    }, {
      "x" : -0.5,
      "y" : 0.0,
      "z" : 0.19098301
    }, {
      "x" : 0.0,
      "y" : -0.19098301,
      "z" : -0.5
    }, {
      "x" : 0.0,
      "y" : 0.19098301,
      "z" : -0.5
    }, {
      "x" : 0.309017,
      "y" : 0.309017,
      "z" : -0.309017
    }, {
      "x" : -0.309017,
      "y" : -0.309017,
      "z" : -0.309017
    }, {
      "x" : -0.19098301,
      "y" : -0.5,
      "z" : 0.0
    }, {
      "x" : -0.5,
      "y" : 0.0,
      "z" : -0.19098301
    }, {
      "x" : 0.19098301,
      "y" : 0.5,
      "z" : 0.0
    }, {
      "x" : -0.309017,
      "y" : 0.309017,
      "z" : -0.309017
    }, {
      "x" : 0.0,
      "y" : 0.0,
      "z" : 0.0
    }, {
      "x" : -0.19098301,
      "y" : 0.5,
      "z" : 0.0
    } ],
    "faces" : [ {
      "vertices" : [ 12, 18, 20, 17, 13 ]
    }, {
      "vertices" : [ 3, 6, 8, 15, 4 ]
    }, {
      "vertices" : [ 0, 11, 12, 13, 1 ]
    }, {
      "vertices" : [ 5, 9, 10, 8, 6 ]
    }, {
      "vertices" : [ 2, 7, 5, 6, 3 ]
    }, {
      "vertices" : [ 11, 14, 16, 18, 12 ]
    }, {
      "vertices" : [ 1, 13, 17, 7, 2 ]
    }, {
      "vertices" : [ 9, 20, 18, 16, 10 ]
    }, {
      "vertices" : [ 0, 1, 2, 3, 4 ]
    }, {
      "vertices" : [ 5, 7, 17, 20, 9 ]
    }, {
      "vertices" : [ 0, 4, 15, 14, 11 ]
    }, {
      "vertices" : [ 8, 10, 16, 14, 15 ]
    } ]
  }, {
    "id" : "124ee4ae-96c4-4119-922a-558e29cb449e",
    "orbit" : "sand",
    "name" : "medium",
    "vertices" : [ {
      "x" : 0.16311896,
      "y" : 0.66311896,
      "z" : 0.76393205
    }, {
      "x" : 7.690983,
      "y" : 8.190983,
      "z" : 12.944272
    }, {
      "x" : 8.0,
      "y" : 8.309017,
      "z" : 12.753289
    }, {
      "x" : 0.47213596,
      "y" : 0.78115296,
      "z" : 0.572949
    }, {
      "x" : 8.472136,
      "y" : 8.472136,
      "z" : 13.708204
    }, {
      "x" : 0.78115296,
      "y" : 0.28115296,
      "z" : 0.76393205
    }, {
      "x" : 0.18033989,
      "y" : 0.18033989,
      "z" : 0.29179606
    }, {
      "x" : 8.309017,
      "y" : 7.809017,
      "z" : 12.944272
    }, {
      "x" : 8.0,
      "y" : 7.690983,
      "z" : 13.135255
    }, {
      "x" : 0.47213596,
      "y" : 0.16311896,
      "z" : 0.95491505
    }, {
      "x" : 8.291796,
      "y" : 8.291796,
      "z" : 13.416408
    } ],
    "faces" : [ {
      "vertices" : [ 2, 7, 5, 3 ]
    }, {
      "vertices" : [ 0, 9, 8, 1 ]
    }, {
      "vertices" : [ 2, 10, 7 ]
    }, {
      "vertices" : [ 1, 8, 10 ]
    }, {
      "vertices" : [ 5, 9, 6 ]
    }, {
      "vertices" : [ 0, 1, 2, 3 ]
    }, {
      "vertices" : [ 0, 3, 6 ]
    }, {
      "vertices" : [ 7, 10, 8 ]
    }, {
      "vertices" : [ 5, 7, 8, 9 ]
    }, {
      "vertices" : [ 1, 10, 2 ]
    }, {
      "vertices" : [ 3, 5, 6 ]
    }, {
      "vertices" : [ 0, 6, 9 ]
    } ]
  }, {
    "id" : "f45ccb2d-8d06-45d5-9dd5-7db19649fbf1",
    "orbit" : "blue",
    "name" : " :3/2 +5/2*phi",
    "vertices" : [ {
      "x" : 1.0,
      "y" : 0.309017,
      "z" : 0.19098301
    }, {
      "x" : 1.0,
      "y" : -0.309017,
      "z" : 0.19098301
    }, {
      "x" : 45.978714,
      "y" : -0.309017,
      "z" : 0.19098301
    }, {
      "x" : 45.978714,
      "y" : 0.309017,
      "z" : 0.19098301
    }, {
      "x" : 45.978714,
      "y" : -0.309017,
      "z" : -0.19098301
    }, {
      "x" : 45.978714,
      "y" : 0.309017,
      "z" : -0.19098301
    }, {
      "x" : 46.59675,
      "y" : 0.0,
      "z" : 0.0
    }, {
      "x" : 0.38196602,
      "y" : 0.0,
      "z" : 0.0
    }, {
      "x" : 1.0,
      "y" : 0.309017,
      "z" : -0.19098301
    }, {
      "x" : 1.0,
      "y" : -0.309017,
      "z" : -0.19098301
    }, {
      "x" : 46.978714,
      "y" : 0.0,
      "z" : 0.0
    } ],
    "faces" : [ {
      "vertices" : [ 1, 9, 4, 2 ]
    }, {
      "vertices" : [ 0, 3, 5, 8 ]
    }, {
      "vertices" : [ 1, 7, 9 ]
    }, {
      "vertices" : [ 0, 1, 2, 3 ]
    }, {
      "vertices" : [ 7, 8, 9 ]
    }, {
      "vertices" : [ 0, 7, 1 ]
    }, {
      "vertices" : [ 4, 9, 8, 5 ]
    }, {
      "vertices" : [ 2, 6, 3 ]
    }, {
      "vertices" : [ 2, 4, 6 ]
    }, {
      "vertices" : [ 3, 6, 5 ]
    }, {
      "vertices" : [ 4, 5, 6 ]
    }, {
      "vertices" : [ 0, 8, 7 ]
    } ]
  }, {
    "id" : "7a6e201c-e09c-4285-8811-6fe0d89f6197",
    "orbit" : "green",
    "name" : "g1",
    "vertices" : [ {
      "x" : 10.781153,
      "y" : 4.118034,
      "z" : -1.572949
    }, {
      "x" : 10.399187,
      "y" : 3.663119,
      "z" : -1.381966
    }, {
      "x" : 10.236068,
      "y" : 3.927051,
      "z" : -1.809017
    }, {
      "x" : 10.163119,
      "y" : 4.190983,
      "z" : -1.618034
    }, {
      "x" : 0.85410196,
      "y" : 0.309017,
      "z" : 0.19098301
    }, {
      "x" : 0.690983,
      "y" : 0.572949,
      "z" : -0.23606798
    }, {
      "x" : 0.309017,
      "y" : 0.11803399,
      "z" : -0.045084972
    }, {
      "x" : 0.76393205,
      "y" : 0.309017,
      "z" : -0.42705098
    }, {
      "x" : 0.927051,
      "y" : 0.045084972,
      "z" : 0.0
    }, {
      "x" : 10.326238,
      "y" : 3.927051,
      "z" : -1.190983
    }, {
      "x" : 11.09017,
      "y" : 4.236068,
      "z" : -1.618034
    } ],
    "faces" : [ {
      "vertices" : [ 2, 7, 5, 3 ]
    }, {
      "vertices" : [ 1, 8, 7, 2 ]
    }, {
      "vertices" : [ 4, 6, 8 ]
    }, {
      "vertices" : [ 5, 7, 6 ]
    }, {
      "vertices" : [ 0, 1, 2 ]
    }, {
      "vertices" : [ 0, 2, 3 ]
    }, {
      "vertices" : [ 6, 7, 8 ]
    }, {
      "vertices" : [ 3, 5, 4, 9 ]
    }, {
      "vertices" : [ 1, 9, 4, 8 ]
    }, {
      "vertices" : [ 0, 9, 1 ]
    }, {
      "vertices" : [ 0, 3, 9 ]
    }, {
      "vertices" : [ 4, 5, 6 ]
    } ]
  }, {
    "id" : "2a774731-236d-475f-9d94-c8aa8eb6d63a",
    "orbit" : "blue",
    "name" : "b0",
    "vertices" : [ {
      "x" : 1.0,
      "y" : 0.309017,
      "z" : 0.19098301
    }, {
      "x" : 1.0,
      "y" : -0.309017,
      "z" : 0.19098301
    }, {
      "x" : 4.236068,
      "y" : -0.309017,
      "z" : 0.19098301
    }, {
      "x" : 4.236068,
      "y" : 0.309017,
      "z" : 0.19098301
    }, {
      "x" : 4.236068,
      "y" : -0.309017,
      "z" : -0.19098301
    }, {
      "x" : 4.236068,
      "y" : 0.309017,
      "z" : -0.19098301
    }, {
      "x" : 4.854102,
      "y" : 0.0,
      "z" : 0.0
    }, {
      "x" : 0.38196602,
      "y" : 0.0,
      "z" : 0.0
    }, {
      "x" : 1.0,
      "y" : 0.309017,
      "z" : -0.19098301
    }, {
      "x" : 1.0,
      "y" : -0.309017,
      "z" : -0.19098301
    }, {
      "x" : 5.236068,
      "y" : 0.0,
      "z" : 0.0
    } ],
    "faces" : [ {
      "vertices" : [ 1, 9, 4, 2 ]
    }, {
      "vertices" : [ 0, 3, 5, 8 ]
    }, {
      "vertices" : [ 1, 7, 9 ]
    }, {
      "vertices" : [ 0, 1, 2, 3 ]
    }, {
      "vertices" : [ 7, 8, 9 ]
    }, {
      "vertices" : [ 0, 7, 1 ]
    }, {
      "vertices" : [ 4, 9, 8, 5 ]
    }, {
      "vertices" : [ 2, 6, 3 ]
    }, {
      "vertices" : [ 2, 4, 6 ]
    }, {
      "vertices" : [ 3, 6, 5 ]
    }, {
      "vertices" : [ 4, 5, 6 ]
    }, {
      "vertices" : [ 0, 8, 7 ]
    } ]
  }, {
    "id" : "95cfb823-783d-4463-b8c6-31ca73057bd3",
    "orbit" : "orange",
    "name" : " :2",
    "vertices" : [ {
      "x" : 14.612713,
      "y" : 2.4635255,
      "z" : -3.677051
    }, {
      "x" : 14.980746,
      "y" : 2.559017,
      "z" : -4.1405764
    }, {
      "x" : 1.0954915,
      "y" : 0.1545085,
      "z" : 0.059016995
    }, {
      "x" : 14.421729,
      "y" : 2.7725425,
      "z" : -4.177051
    }, {
      "x" : 0.9045085,
      "y" : 0.4635255,
      "z" : -0.440983
    }, {
      "x" : 14.421729,
      "y" : 2.1545086,
      "z" : -3.795085
    }, {
      "x" : 0.9045085,
      "y" : -0.1545085,
      "z" : -0.059016995
    }, {
      "x" : 14.230746,
      "y" : 2.4635255,
      "z" : -4.295085
    }, {
      "x" : 15.326238,
      "y" : 2.618034,
      "z" : -4.236068
    }, {
      "x" : 0.3454915,
      "y" : 0.059016995,
      "z" : -0.095491506
    }, {
      "x" : 0.7135255,
      "y" : 0.1545085,
      "z" : -0.559017
    } ],
    "faces" : [ {
      "vertices" : [ 2, 9, 6 ]
    }, {
      "vertices" : [ 0, 1, 3 ]
    }, {
      "vertices" : [ 0, 5, 1 ]
    }, {
      "vertices" : [ 4, 10, 9 ]
    }, {
      "vertices" : [ 3, 7, 10, 4 ]
    }, {
      "vertices" : [ 0, 3, 4, 2 ]
    }, {
      "vertices" : [ 6, 9, 10 ]
    }, {
      "vertices" : [ 1, 7, 3 ]
    }, {
      "vertices" : [ 5, 6, 10, 7 ]
    }, {
      "vertices" : [ 0, 2, 6, 5 ]
    }, {
      "vertices" : [ 1, 5, 7 ]
    }, {
      "vertices" : [ 2, 4, 9 ]
    } ]
  }, {
    "id" : "bfefb201-f8c9-4c01-b25b-82fb99b93041",
    "orbit" : "apple",
    "name" : " :1 +2*phi",
    "vertices" : [ {
      "x" : 2.5835922,
      "y" : 17.708204,
      "z" : 28.652475
    }, {
      "x" : 2.527864,
      "y" : 17.635256,
      "z" : 27.843458
    }, {
      "x" : 0.090169944,
      "y" : 0.309017,
      "z" : 1.190983
    }, {
      "x" : 2.527864,
      "y" : 17.017221,
      "z" : 28.225426
    }, {
      "x" : 2.218847,
      "y" : 17.517221,
      "z" : 28.034441
    }, {
      "x" : -0.21884705,
      "y" : 0.809017,
      "z" : 1.0
    }, {
      "x" : 0.39918694,
      "y" : 0.42705098,
      "z" : 1.0
    }, {
      "x" : 0.034441855,
      "y" : 0.23606798,
      "z" : 0.38196602
    }, {
      "x" : 0.090169944,
      "y" : 0.927051,
      "z" : 0.809017
    }, {
      "x" : 2.618034,
      "y" : 17.944271,
      "z" : 29.034441
    }, {
      "x" : 2.836881,
      "y" : 17.135256,
      "z" : 28.034441
    } ],
    "faces" : [ {
      "vertices" : [ 1, 8, 5, 4 ]
    }, {
      "vertices" : [ 5, 8, 7 ]
    }, {
      "vertices" : [ 6, 7, 8 ]
    }, {
      "vertices" : [ 2, 6, 10, 3 ]
    }, {
      "vertices" : [ 0, 1, 4 ]
    }, {
      "vertices" : [ 0, 4, 3 ]
    }, {
      "vertices" : [ 1, 10, 6, 8 ]
    }, {
      "vertices" : [ 0, 10, 1 ]
    }, {
      "vertices" : [ 0, 3, 10 ]
    }, {
      "vertices" : [ 2, 3, 4, 5 ]
    }, {
      "vertices" : [ 2, 5, 7 ]
    }, {
      "vertices" : [ 2, 7, 6 ]
    } ]
  } ],
  "instances" : [ {
    "shape" : "a0d9deeb-94b5-43a3-b9b1-be10933fe808",
    "color" : "#00A0E4",
    "position" : {
      "x" : 4.236068,
      "y" : 6.854102,
      "z" : -33.27051
    },
    "orientation" : 16
  }, {
    "shape" : "a72f8c01-b360-402b-8f0c-50454c436043",
    "color" : "#00A0E4",
    "position" : {
      "x" : -11.09017,
      "y" : 31.652475,
      "z" : 6.854102
    },
    "orientation" : 53
  }, {
    "shape" : "9b280236-3bad-4d35-b4e5-1a08a8466614",
    "color" : "#FFFFFF",
    "position" : {
      "x" : 11.09017,
      "y" : 31.652475,
      "z" : 6.854102
    }
  }, {
    "shape" : "124ee4ae-96c4-4119-922a-558e29cb449e",
    "color" : "#9A754A",
    "position" : {
      "x" : -22.18034,
      "y" : -13.708204,
      "z" : 22.18034
    },
    "orientation" : 21
  }, {
    "shape" : "f45ccb2d-8d06-45d5-9dd5-7db19649fbf1",
    "color" : "#00A0E4",
    "position" : {
      "x" : 0.0,
      "y" : 0.0,
      "z" : -11.09017
    },
    "orientation" : 0
  }, {
    "shape" : "9b280236-3bad-4d35-b4e5-1a08a8466614",
    "color" : "#FFFFFF",
    "position" : {
      "x" : 0.0,
      "y" : -46.978714,
      "z" : 0.0
    }
  }, {
    "shape" : "a0d9deeb-94b5-43a3-b9b1-be10933fe808",
    "color" : "#00A0E4",
    "position" : {
      "x" : 17.944271,
      "y" : -15.326238,
      "z" : 24.798374
    },
    "orientation" : 38
  }, {
    "shape" : "124ee4ae-96c4-4119-922a-558e29cb449e",
    "color" : "#9A754A",
    "position" : {
      "x" : -15.326238,
      "y" : -24.798374,
      "z" : -17.944271
    },
    "orientation" : 55
  }, {
    "shape" : "a72f8c01-b360-402b-8f0c-50454c436043",
    "color" : "#00A0E4",
    "position" : {
      "x" : 6.854102,
      "y" : -33.27051,
      "z" : -4.236068
    },
    "orientation" : 2
  }, {
    "shape" : "9b280236-3bad-4d35-b4e5-1a08a8466614",
    "color" : "#FFFFFF",
    "position" : {
      "x" : 11.09017,
      "y" : 0.0,
      "z" : 0.0
    }
  }, {
    "shape" : "7a6e201c-e09c-4285-8811-6fe0d89f6197",
    "color" : "#008D36",
    "position" : {
      "x" : -17.944271,
      "y" : 29.034441,
      "z" : 2.618034
    },
    "orientation" : 20
  }, {
    "shape" : "9b280236-3bad-4d35-b4e5-1a08a8466614",
    "color" : "#FFFFFF",
    "position" : {
      "x" : 17.944271,
      "y" : -15.326238,
      "z" : 24.798374
    }
  }, {
    "shape" : "9b280236-3bad-4d35-b4e5-1a08a8466614",
    "color" : "#FFFFFF",
    "position" : {
      "x" : 0.0,
      "y" : -38.506577,
      "z" : 0.0
    }
  }, {
    "shape" : "f45ccb2d-8d06-45d5-9dd5-7db19649fbf1",
    "color" : "#00A0E4",
    "position" : {
      "x" : 4.236068,
      "y" : 0.0,
      "z" : 0.0
    },
    "orientation" : 47
  }, {
    "shape" : "f45ccb2d-8d06-45d5-9dd5-7db19649fbf1",
    "color" : "#00A0E4",
    "position" : {
      "x" : 0.0,
      "y" : 0.0,
      "z" : -20.562305
    },
    "orientation" : 16
  }, {
    "shape" : "9b280236-3bad-4d35-b4e5-1a08a8466614",
    "color" : "#FFFFFF",
    "position" : {
      "x" : 46.978714,
      "y" : 0.0,
      "z" : -31.652475
    }
  }, {
    "shape" : "7a6e201c-e09c-4285-8811-6fe0d89f6197",
    "color" : "#008D36",
    "position" : {
      "x" : 2.618034,
      "y" : 17.944271,
      "z" : -29.034441
    },
    "orientation" : 33
  }, {
    "shape" : "f45ccb2d-8d06-45d5-9dd5-7db19649fbf1",
    "color" : "#00A0E4",
    "position" : {
      "x" : 27.416409,
      "y" : 0.0,
      "z" : 0.0
    },
    "orientation" : 47
  }, {
    "shape" : "f45ccb2d-8d06-45d5-9dd5-7db19649fbf1",
    "color" : "#00A0E4",
    "position" : {
      "x" : 0.0,
      "y" : -2.618034,
      "z" : 0.0
    },
    "orientation" : 47
  }, {
    "shape" : "9b280236-3bad-4d35-b4e5-1a08a8466614",
    "color" : "#FFFFFF",
    "position" : {
      "x" : 0.0,
      "y" : -24.798374,
      "z" : 0.0
    }
  }, {
    "shape" : "a72f8c01-b360-402b-8f0c-50454c436043",
    "color" : "#00A0E4",
    "position" : {
      "x" : 29.034441,
      "y" : 2.618034,
      "z" : 17.944271
    },
    "orientation" : 52
  }, {
    "shape" : "9b280236-3bad-4d35-b4e5-1a08a8466614",
    "color" : "#FFFFFF",
    "position" : {
      "x" : 13.708204,
      "y" : 22.18034,
      "z" : 22.18034
    }
  }, {
    "shape" : "2a774731-236d-475f-9d94-c8aa8eb6d63a",
    "color" : "#00A0E4",
    "position" : {
      "x" : -29.034441,
      "y" : 2.618034,
      "z" : 17.944271
    },
    "orientation" : 16
  }, {
    "shape" : "9b280236-3bad-4d35-b4e5-1a08a8466614",
    "color" : "#FFFFFF",
    "position" : {
      "x" : 46.978714,
      "y" : 0.0,
      "z" : -24.798374
    }
  }, {
    "shape" : "f45ccb2d-8d06-45d5-9dd5-7db19649fbf1",
    "color" : "#00A0E4",
    "position" : {
      "x" : 0.0,
      "y" : 0.0,
      "z" : -22.18034
    },
    "orientation" : 16
  }, {
    "shape" : "f45ccb2d-8d06-45d5-9dd5-7db19649fbf1",
    "color" : "#00A0E4",
    "position" : {
      "x" : 27.416409,
      "y" : 0.0,
      "z" : 0.0
    },
    "orientation" : 16
  }, {
    "shape" : "f45ccb2d-8d06-45d5-9dd5-7db19649fbf1",
    "color" : "#00A0E4",
    "position" : {
      "x" : 0.0,
      "y" : 0.0,
      "z" : -4.236068
    },
    "orientation" : 0
  }, {
    "shape" : "2a774731-236d-475f-9d94-c8aa8eb6d63a",
    "color" : "#00A0E4",
    "position" : {
      "x" : 17.944271,
      "y" : -29.034441,
      "z" : 2.618034
    },
    "orientation" : 47
  }, {
    "shape" : "f45ccb2d-8d06-45d5-9dd5-7db19649fbf1",
    "color" : "#00A0E4",
    "position" : {
      "x" : 0.0,
      "y" : -42.742645,
      "z" : 0.0
    },
    "orientation" : 0
  }, {
    "shape" : "f45ccb2d-8d06-45d5-9dd5-7db19649fbf1",
    "color" : "#00A0E4",
    "position" : {
      "x" : 0.0,
      "y" : 0.0,
      "z" : -2.618034
    },
    "orientation" : 0
  }, {
    "shape" : "9b280236-3bad-4d35-b4e5-1a08a8466614",
    "color" : "#FFFFFF",
    "position" : {
      "x" : -6.854102,
      "y" : 33.27051,
      "z" : 4.236068
    }
  }, {
    "shape" : "95cfb823-783d-4463-b8c6-31ca73057bd3",
    "color" : "#DC4C00",
    "position" : {
      "x" : 11.09017,
      "y" : -31.652475,
      "z" : -6.854102
    },
    "orientation" : 3
  }, {
    "shape" : "9b280236-3bad-4d35-b4e5-1a08a8466614",
    "color" : "#FFFFFF",
    "position" : {
      "x" : -6.854102,
      "y" : 33.27051,
      "z" : -4.236068
    }
  }, {
    "shape" : "9b280236-3bad-4d35-b4e5-1a08a8466614",
    "color" : "#FFFFFF",
    "position" : {
      "x" : 6.854102,
      "y" : 0.0,
      "z" : 0.0
    }
  }, {
    "shape" : "f45ccb2d-8d06-45d5-9dd5-7db19649fbf1",
    "color" : "#00A0E4",
    "position" : {
      "x" : 0.0,
      "y" : -17.944271,
      "z" : 0.0
    },
    "orientation" : 0
  }, {
    "shape" : "9b280236-3bad-4d35-b4e5-1a08a8466614",
    "color" : "#FFFFFF",
    "position" : {
      "x" : -31.652475,
      "y" : 6.854102,
      "z" : -11.09017
    }
  }, {
    "shape" : "7a6e201c-e09c-4285-8811-6fe0d89f6197",
    "color" : "#008D36",
    "position" : {
      "x" : 22.18034,
      "y" : -22.18034,
      "z" : -13.708204
    },
    "orientation" : 52
  }, {
    "shape" : "124ee4ae-96c4-4119-922a-558e29cb449e",
    "color" : "#9A754A",
    "position" : {
      "x" : -4.236068,
      "y" : 6.854102,
      "z" : 33.27051
    },
    "orientation" : 46
  }, {
    "shape" : "a72f8c01-b360-402b-8f0c-50454c436043",
    "color" : "#00A0E4",
    "position" : {
      "x" : -31.652475,
      "y" : 6.854102,
      "z" : 11.09017
    },
    "orientation" : 37
  }, {
    "shape" : "9b280236-3bad-4d35-b4e5-1a08a8466614",
    "color" : "#FFFFFF",
    "position" : {
      "x" : 0.0,
      "y" : -31.652475,
      "z" : -46.978714
    }
  }, {
    "shape" : "2a774731-236d-475f-9d94-c8aa8eb6d63a",
    "color" : "#00A0E4",
    "position" : {
      "x" : 31.652475,
      "y" : 6.854102,
      "z" : 11.09017
    },
    "orientation" : 25
  }, {
    "shape" : "124ee4ae-96c4-4119-922a-558e29cb449e",
    "color" : "#9A754A",
    "position" : {
      "x" : -4.236068,
      "y" : -6.854102,
      "z" : -33.27051
    },
    "orientation" : 31
  }, {
    "shape" : "9b280236-3bad-4d35-b4e5-1a08a8466614",
    "color" : "#FFFFFF",
    "position" : {
      "x" : 2.618034,
      "y" : 0.0,
      "z" : 0.0
    }
  }, {
    "shape" : "9b280236-3bad-4d35-b4e5-1a08a8466614",
    "color" : "#FFFFFF",
    "position" : {
      "x" : 27.416409,
      "y" : -46.978714,
      "z" : 0.0
    }
  }, {
    "shape" : "9b280236-3bad-4d35-b4e5-1a08a8466614",
    "color" : "#FFFFFF",
    "position" : {
      "x" : 15.326238,
      "y" : -24.798374,
      "z" : -17.944271
    }
  }, {
    "shape" : "9b280236-3bad-4d35-b4e5-1a08a8466614",
    "color" : "#FFFFFF",
    "position" : {
      "x" : 4.236068,
      "y" : -6.854102,
      "z" : 33.27051
    }
  }, {
    "shape" : "9b280236-3bad-4d35-b4e5-1a08a8466614",
    "color" : "#FFFFFF",
    "position" : {
      "x" : 0.0,
      "y" : -6.854102,
      "z" : 0.0
    }
  }, {
    "shape" : "9b280236-3bad-4d35-b4e5-1a08a8466614",
    "color" : "#FFFFFF",
    "position" : {
      "x" : 20.562305,
      "y" : 0.0,
      "z" : -46.978714
    }
  }, {
    "shape" : "a0d9deeb-94b5-43a3-b9b1-be10933fe808",
    "color" : "#00A0E4",
    "position" : {
      "x" : -4.236068,
      "y" : 6.854102,
      "z" : 33.27051
    },
    "orientation" : 16
  }, {
    "shape" : "124ee4ae-96c4-4119-922a-558e29cb449e",
    "color" : "#9A754A",
    "position" : {
      "x" : -17.944271,
      "y" : -29.034441,
      "z" : -2.618034
    },
    "orientation" : 5
  }, {
    "shape" : "9b280236-3bad-4d35-b4e5-1a08a8466614",
    "color" : "#FFFFFF",
    "position" : {
      "x" : 13.708204,
      "y" : 0.0,
      "z" : 0.0
    }
  }, {
    "shape" : "f45ccb2d-8d06-45d5-9dd5-7db19649fbf1",
    "color" : "#00A0E4",
    "position" : {
      "x" : 0.0,
      "y" : -15.326238,
      "z" : 0.0
    },
    "orientation" : 47
  }, {
    "shape" : "9b280236-3bad-4d35-b4e5-1a08a8466614",
    "color" : "#FFFFFF",
    "position" : {
      "x" : 0.0,
      "y" : -29.034441,
      "z" : 0.0
    }
  }, {
    "shape" : "a72f8c01-b360-402b-8f0c-50454c436043",
    "color" : "#00A0E4",
    "position" : {
      "x" : 2.618034,
      "y" : 17.944271,
      "z" : 29.034441
    },
    "orientation" : 21
  }, {
    "shape" : "f45ccb2d-8d06-45d5-9dd5-7db19649fbf1",
    "color" : "#00A0E4",
    "position" : {
      "x" : 0.0,
      "y" : 0.0,
      "z" : -29.034441
    },
    "orientation" : 16
  }, {
    "shape" : "f45ccb2d-8d06-45d5-9dd5-7db19649fbf1",
    "color" : "#00A0E4",
    "position" : {
      "x" : 31.652475,
      "y" : 0.0,
      "z" : 0.0
    },
    "orientation" : 47
  }, {
    "shape" : "f45ccb2d-8d06-45d5-9dd5-7db19649fbf1",
    "color" : "#00A0E4",
    "position" : {
      "x" : 0.0,
      "y" : 0.0,
      "z" : -42.742645
    },
    "orientation" : 16
  }, {
    "shape" : "a72f8c01-b360-402b-8f0c-50454c436043",
    "color" : "#00A0E4",
    "position" : {
      "x" : 6.854102,
      "y" : -11.09017,
      "z" : 31.652475
    },
    "orientation" : 36
  }, {
    "shape" : "9b280236-3bad-4d35-b4e5-1a08a8466614",
    "color" : "#FFFFFF",
    "position" : {
      "x" : 17.944271,
      "y" : 0.0,
      "z" : -46.978714
    }
  }, {
    "shape" : "9b280236-3bad-4d35-b4e5-1a08a8466614",
    "color" : "#FFFFFF",
    "position" : {
      "x" : -6.854102,
      "y" : 11.09017,
      "z" : -31.652475
    }
  }, {
    "shape" : "9b280236-3bad-4d35-b4e5-1a08a8466614",
    "color" : "#FFFFFF",
    "position" : {
      "x" : 4.236068,
      "y" : 6.854102,
      "z" : -33.27051
    }
  }, {
    "shape" : "9b280236-3bad-4d35-b4e5-1a08a8466614",
    "color" : "#FFFFFF",
    "position" : {
      "x" : 46.978714,
      "y" : 0.0,
      "z" : -38.506577
    }
  }, {
    "shape" : "9b280236-3bad-4d35-b4e5-1a08a8466614",
    "color" : "#FFFFFF",
    "position" : {
      "x" : 31.652475,
      "y" : 0.0,
      "z" : -46.978714
    }
  }, {
    "shape" : "7a6e201c-e09c-4285-8811-6fe0d89f6197",
    "color" : "#008D36",
    "position" : {
      "x" : 2.618034,
      "y" : -17.944271,
      "z" : 29.034441
    },
    "orientation" : 48
  }, {
    "shape" : "f45ccb2d-8d06-45d5-9dd5-7db19649fbf1",
    "color" : "#00A0E4",
    "position" : {
      "x" : 35.888542,
      "y" : 0.0,
      "z" : 0.0
    },
    "orientation" : 47
  }, {
    "shape" : "2a774731-236d-475f-9d94-c8aa8eb6d63a",
    "color" : "#00A0E4",
    "position" : {
      "x" : -17.944271,
      "y" : 29.034441,
      "z" : 2.618034
    },
    "orientation" : 47
  }, {
    "shape" : "124ee4ae-96c4-4119-922a-558e29cb449e",
    "color" : "#9A754A",
    "position" : {
      "x" : -22.18034,
      "y" : 22.18034,
      "z" : -13.708204
    },
    "orientation" : 22
  }, {
    "shape" : "9b280236-3bad-4d35-b4e5-1a08a8466614",
    "color" : "#FFFFFF",
    "position" : {
      "x" : 6.854102,
      "y" : -11.09017,
      "z" : -31.652475
    }
  }, {
    "shape" : "9b280236-3bad-4d35-b4e5-1a08a8466614",
    "color" : "#FFFFFF",
    "position" : {
      "x" : 29.034441,
      "y" : 0.0,
      "z" : 0.0
    }
  }, {
    "shape" : "f45ccb2d-8d06-45d5-9dd5-7db19649fbf1",
    "color" : "#00A0E4",
    "position" : {
      "x" : 33.27051,
      "y" : 0.0,
      "z" : 0.0
    },
    "orientation" : 16
  }, {
    "shape" : "9b280236-3bad-4d35-b4e5-1a08a8466614",
    "color" : "#FFFFFF",
    "position" : {
      "x" : 46.978714,
      "y" : -33.27051,
      "z" : 0.0
    }
  }, {
    "shape" : "9b280236-3bad-4d35-b4e5-1a08a8466614",
    "color" : "#FFFFFF",
    "position" : {
      "x" : 13.708204,
      "y" : 22.18034,
      "z" : -22.18034
    }
  }, {
    "shape" : "a0d9deeb-94b5-43a3-b9b1-be10933fe808",
    "color" : "#00A0E4",
    "position" : {
      "x" : 33.27051,
      "y" : -4.236068,
      "z" : 6.854102
    },
    "orientation" : 47
  }, {
    "shape" : "9b280236-3bad-4d35-b4e5-1a08a8466614",
    "color" : "#FFFFFF",
    "position" : {
      "x" : 42.742645,
      "y" : 0.0,
      "z" : 0.0
    }
  }, {
    "shape" : "f45ccb2d-8d06-45d5-9dd5-7db19649fbf1",
    "color" : "#00A0E4",
    "position" : {
      "x" : 0.0,
      "y" : -20.562305,
      "z" : 0.0
    },
    "orientation" : 0
  }, {
    "shape" : "9b280236-3bad-4d35-b4e5-1a08a8466614",
    "color" : "#FFFFFF",
    "position" : {
      "x" : -13.708204,
      "y" : 22.18034,
      "z" : 22.18034
    }
  }, {
    "shape" : "9b280236-3bad-4d35-b4e5-1a08a8466614",
    "color" : "#FFFFFF",
    "position" : {
      "x" : 15.326238,
      "y" : 0.0,
      "z" : -46.978714
    }
  }, {
    "shape" : "9b280236-3bad-4d35-b4e5-1a08a8466614",
    "color" : "#FFFFFF",
    "position" : {
      "x" : 29.034441,
      "y" : 2.618034,
      "z" : 17.944271
    }
  }, {
    "shape" : "f45ccb2d-8d06-45d5-9dd5-7db19649fbf1",
    "color" : "#00A0E4",
    "position" : {
      "x" : 24.798374,
      "y" : 0.0,
      "z" : 0.0
    },
    "orientation" : 16
  }, {
    "shape" : "9b280236-3bad-4d35-b4e5-1a08a8466614",
    "color" : "#FFFFFF",
    "position" : {
      "x" : 0.0,
      "y" : 0.0,
      "z" : 0.0
    }
  }, {
    "shape" : "f45ccb2d-8d06-45d5-9dd5-7db19649fbf1",
    "color" : "#00A0E4",
    "position" : {
      "x" : 0.0,
      "y" : -17.944271,
      "z" : 0.0
    },
    "orientation" : 47
  }, {
    "shape" : "a72f8c01-b360-402b-8f0c-50454c436043",
    "color" : "#00A0E4",
    "position" : {
      "x" : -33.27051,
      "y" : -4.236068,
      "z" : 6.854102
    },
    "orientation" : 1
  }, {
    "shape" : "9b280236-3bad-4d35-b4e5-1a08a8466614",
    "color" : "#FFFFFF",
    "position" : {
      "x" : 33.27051,
      "y" : 0.0,
      "z" : 0.0
    }
  }, {
    "shape" : "9b280236-3bad-4d35-b4e5-1a08a8466614",
    "color" : "#FFFFFF",
    "position" : {
      "x" : -29.034441,
      "y" : 2.618034,
      "z" : 17.944271
    }
  }, {
    "shape" : "7a6e201c-e09c-4285-8811-6fe0d89f6197",
    "color" : "#008D36",
    "position" : {
      "x" : 15.326238,
      "y" : 24.798374,
      "z" : -17.944271
    },
    "orientation" : 25
  }, {
    "shape" : "9b280236-3bad-4d35-b4e5-1a08a8466614",
    "color" : "#FFFFFF",
    "position" : {
      "x" : 46.978714,
      "y" : 0.0,
      "z" : -35.888542
    }
  }, {
    "shape" : "124ee4ae-96c4-4119-922a-558e29cb449e",
    "color" : "#9A754A",
    "position" : {
      "x" : 6.854102,
      "y" : 33.27051,
      "z" : -4.236068
    },
    "orientation" : 15
  }, {
    "shape" : "9b280236-3bad-4d35-b4e5-1a08a8466614",
    "color" : "#FFFFFF",
    "position" : {
      "x" : 0.0,
      "y" : -20.562305,
      "z" : -46.978714
    }
  }, {
    "shape" : "f45ccb2d-8d06-45d5-9dd5-7db19649fbf1",
    "color" : "#00A0E4",
    "position" : {
      "x" : 2.618034,
      "y" : 0.0,
      "z" : 0.0
    },
    "orientation" : 47
  }, {
    "shape" : "f45ccb2d-8d06-45d5-9dd5-7db19649fbf1",
    "color" : "#00A0E4",
    "position" : {
      "x" : 0.0,
      "y" : -22.18034,
      "z" : 0.0
    },
    "orientation" : 0
  }, {
    "shape" : "7a6e201c-e09c-4285-8811-6fe0d89f6197",
    "color" : "#008D36",
    "position" : {
      "x" : 11.09017,
      "y" : -31.652475,
      "z" : -6.854102
    },
    "orientation" : 44
  }, {
    "shape" : "7a6e201c-e09c-4285-8811-6fe0d89f6197",
    "color" : "#008D36",
    "position" : {
      "x" : 31.652475,
      "y" : -6.854102,
      "z" : -11.09017
    },
    "orientation" : 13
  }, {
    "shape" : "a72f8c01-b360-402b-8f0c-50454c436043",
    "color" : "#00A0E4",
    "position" : {
      "x" : 11.09017,
      "y" : 31.652475,
      "z" : -6.854102
    },
    "orientation" : 8
  }, {
    "shape" : "124ee4ae-96c4-4119-922a-558e29cb449e",
    "color" : "#9A754A",
    "position" : {
      "x" : 17.944271,
      "y" : -15.326238,
      "z" : 24.798374
    },
    "orientation" : 26
  }, {
    "shape" : "f45ccb2d-8d06-45d5-9dd5-7db19649fbf1",
    "color" : "#00A0E4",
    "position" : {
      "x" : 0.0,
      "y" : -4.236068,
      "z" : 0.0
    },
    "orientation" : 47
  }, {
    "shape" : "2a774731-236d-475f-9d94-c8aa8eb6d63a",
    "color" : "#00A0E4",
    "position" : {
      "x" : 11.09017,
      "y" : 31.652475,
      "z" : 6.854102
    },
    "orientation" : 56
  }, {
    "shape" : "f45ccb2d-8d06-45d5-9dd5-7db19649fbf1",
    "color" : "#00A0E4",
    "position" : {
      "x" : 17.944271,
      "y" : 0.0,
      "z" : 0.0
    },
    "orientation" : 47
  }, {
    "shape" : "124ee4ae-96c4-4119-922a-558e29cb449e",
    "color" : "#9A754A",
    "position" : {
      "x" : -13.708204,
      "y" : 22.18034,
