{
  "field" : "golden",
  "symmetry" : "icosahedral",
  "orientations" : [ [ 1.0, 0.0, 0.0, 0.0, 0.0, 1.0, 0.0, 0.0, 0.0, 0.0, 1.0, 0.0, 0.0, 0.0, 0.0, 1.0 ], [ 0.0, 0.0, 1.0, 0.0, 1.0, 0.0, 0.0, 0.0, 0.0, 1.0, 0.0, 0.0, 0.0, 0.0, 0.0, 1.0 ], [ 0.0, 1.0, 0.0, 0.0, 0.0, 0.0, 1.0, 0.0, 1.0, 0.0, 0.0, 0.0, 0.0, 0.0, 0.0, 1.0 ], [ 0.809017, 0.309017, 0.5, 0.0, 0.309017, 0.5, -0.809017, 0.0, -0.5, 0.809017, 0.309017, 0.0, 0.0, 0.0, 0.0, 1.0 ], [ -0.5, 0.809017, 0.309017, 0.0, 0.809017, 0.309017, 0.5, 0.0, 0.309017, 0.5, -0.809017, 0.0, 0.0, 0.0, 0.0, 1.0 ], [ 0.309017, 0.5, -0.809017, 0.0, -0.5, 0.809017, 0.309017, 0.0, 0.809017, 0.309017, 0.5, 0.0, 0.0, 0.0, 0.0, 1.0 ], [ 0.5, 0.809017, 0.309017, 0.0, 0.809017, -0.309017, -0.5, 0.0, -0.309017, 0.5, -0.809017, 0.0, 0.0, 0.0, 0.0, 1.0 ], [ -0.309017, 0.5, -0.809017, 0.0, 0.5, 0.809017, 0.309017, 0.0, 0.809017, -0.309017, -0.5, 0.0, 0.0, 0.0, 0.0, 1.0 ], [ 0.809017, -0.309017, -0.5, 0.0, -0.309017, 0.5, -0.809017, 0.0, 0.5, 0.809017, 0.309017, 0.0, 0.0, 0.0, 0.0, 1.0 ], [ 0.5, 0.809017, -0.309017, 0.0, 0.809017, -0.309017, 0.5, 0.0, 0.309017, -0.5, -0.809017, 0.0, 0.0, 0.0, 0.0, 1.0 ], [ 0.309017, -0.5, -0.809017, 0.0, 0.5, 0.809017, -0.309017, 0.0, 0.809017, -0.309017, 0.5, 0.0, 0.0, 0.0, 0.0, 1.0 ], [ 0.809017, -0.309017, 0.5, 0.0, 0.309017, -0.5, -0.809017, 0.0, 0.5, 0.809017, -0.309017, 0.0, 0.0, 0.0, 0.0, 1.0 ], [ 0.809017, 0.309017, -0.5, 0.0, 0.309017, 0.5, 0.809017, 0.0, 0.5, -0.809017, 0.309017, 0.0, 0.0, 0.0, 0.0, 1.0 ], [ 0.5, -0.809017, 0.309017, 0.0, 0.809017, 0.309017, -0.5, 0.0, 0.309017, 0.5, 0.809017, 0.0, 0.0, 0.0, 0.0, 1.0 ], [ 0.309017, 0.5, 0.809017, 0.0, 0.5, -0.809017, 0.309017, 0.0, 0.809017, 0.309017, -0.5, 0.0, 0.0, 0.0, 0.0, 1.0 ], [ 1.0, 0.0, 0.0, 0.0, 0.0, -1.0, 0.0, 0.0, 0.0, 0.0, -1.0, 0.0, 0.0, 0.0, 0.0, 1.0 ], [ 0.0, 0.0, 1.0, 0.0, -1.0, 0.0, 0.0, 0.0, 0.0, -1.0, 0.0, 0.0, 0.0, 0.0, 0.0, 1.0 ], [ 0.0, 1.0, 0.0, 0.0, 0.0, 0.0, -1.0, 0.0, -1.0, 0.0, 0.0, 0.0, 0.0, 0.0, 0.0, 1.0 ], [ 0.809017, 0.309017, 0.5, 0.0, -0.309017, -0.5, 0.809017, 0.0, 0.5, -0.809017, -0.309017, 0.0, 0.0, 0.0, 0.0, 1.0 ], [ -0.5, 0.809017, 0.309017, 0.0, -0.809017, -0.309017, -0.5, 0.0, -0.309017, -0.5, 0.809017, 0.0, 0.0, 0.0, 0.0, 1.0 ], [ 0.309017, 0.5, -0.809017, 0.0, 0.5, -0.809017, -0.309017, 0.0, -0.809017, -0.309017, -0.5, 0.0, 0.0, 0.0, 0.0, 1.0 ], [ 0.5, 0.809017, 0.309017, 0.0, -0.809017, 0.309017, 0.5, 0.0, 0.309017, -0.5, 0.809017, 0.0, 0.0, 0.0, 0.0, 1.0 ], [ -0.309017, 0.5, -0.809017, 0.0, -0.5, -0.809017, -0.309017, 0.0, -0.809017, 0.309017, 0.5, 0.0, 0.0, 0.0, 0.0, 1.0 ], [ 0.809017, -0.309017, -0.5, 0.0, 0.309017, -0.5, 0.809017, 0.0, -0.5, -0.809017, -0.309017, 0.0, 0.0, 0.0, 0.0, 1.0 ], [ 0.5, 0.809017, -0.309017, 0.0, -0.809017, 0.309017, -0.5, 0.0, -0.309017, 0.5, 0.809017, 0.0, 0.0, 0.0, 0.0, 1.0 ], [ 0.309017, -0.5, -0.809017, 0.0, -0.5, -0.809017, 0.309017, 0.0, -0.809017, 0.309017, -0.5, 0.0, 0.0, 0.0, 0.0, 1.0 ], [ 0.809017, -0.309017, 0.5, 0.0, -0.309017, 0.5, 0.809017, 0.0, -0.5, -0.809017, 0.309017, 0.0, 0.0, 0.0, 0.0, 1.0 ], [ 0.809017, 0.309017, -0.5, 0.0, -0.309017, -0.5, -0.809017, 0.0, -0.5, 0.809017, -0.309017, 0.0, 0.0, 0.0, 0.0, 1.0 ], [ 0.5, -0.809017, 0.309017, 0.0, -0.809017, -0.309017, 0.5, 0.0, -0.309017, -0.5, -0.809017, 0.0, 0.0, 0.0, 0.0, 1.0 ], [ 0.309017, 0.5, 0.809017, 0.0, -0.5, 0.809017, -0.309017, 0.0, -0.809017, -0.309017, 0.5, 0.0, 0.0, 0.0, 0.0, 1.0 ], [ -1.0, 0.0, 0.0, 0.0, 0.0, -1.0, 0.0, 0.0, 0.0, 0.0, 1.0, 0.0, 0.0, 0.0, 0.0, 1.0 ], [ 0.0, 0.0, -1.0, 0.0, -1.0, 0.0, 0.0, 0.0, 0.0, 1.0, 0.0, 0.0, 0.0, 0.0, 0.0, 1.0 ], [ 0.0, -1.0, 0.0, 0.0, 0.0, 0.0, -1.0, 0.0, 1.0, 0.0, 0.0, 0.0, 0.0, 0.0, 0.0, 1.0 ], [ -0.809017, -0.309017, -0.5, 0.0, -0.309017, -0.5, 0.809017, 0.0, -0.5, 0.809017, 0.309017, 0.0, 0.0, 0.0, 0.0, 1.0 ], [ 0.5, -0.809017, -0.309017, 0.0, -0.809017, -0.309017, -0.5, 0.0, 0.309017, 0.5, -0.809017, 0.0, 0.0, 0.0, 0.0, 1.0 ], [ -0.309017, -0.5, 0.809017, 0.0, 0.5, -0.809017, -0.309017, 0.0, 0.809017, 0.309017, 0.5, 0.0, 0.0, 0.0, 0.0, 1.0 ], [ -0.5, -0.809017, -0.309017, 0.0, -0.809017, 0.309017, 0.5, 0.0, -0.309017, 0.5, -0.809017, 0.0, 0.0, 0.0, 0.0, 1.0 ], [ 0.309017, -0.5, 0.809017, 0.0, -0.5, -0.809017, -0.309017, 0.0, 0.809017, -0.309017, -0.5, 0.0, 0.0, 0.0, 0.0, 1.0 ], [ -0.809017, 0.309017, 0.5, 0.0, 0.309017, -0.5, 0.809017, 0.0, 0.5, 0.809017, 0.309017, 0.0, 0.0, 0.0, 0.0, 1.0 ], [ -0.5, -0.809017, 0.309017, 0.0, -0.809017, 0.309017, -0.5, 0.0, 0.309017, -0.5, -0.809017, 0.0, 0.0, 0.0, 0.0, 1.0 ], [ -0.309017, 0.5, 0.809017, 0.0, -0.5, -0.809017, 0.309017, 0.0, 0.809017, -0.309017, 0.5, 0.0, 0.0, 0.0, 0.0, 1.0 ], [ -0.809017, 0.309017, -0.5, 0.0, -0.309017, 0.5, 0.809017, 0.0, 0.5, 0.809017, -0.309017, 0.0, 0.0, 0.0, 0.0, 1.0 ], [ -0.809017, -0.309017, 0.5, 0.0, -0.309017, -0.5, -0.809017, 0.0, 0.5, -0.809017, 0.309017, 0.0, 0.0, 0.0, 0.0, 1.0 ], [ -0.5, 0.809017, -0.309017, 0.0, -0.809017, -0.309017, 0.5, 0.0, 0.309017, 0.5, 0.809017, 0.0, 0.0, 0.0, 0.0, 1.0 ], [ -0.309017, -0.5, -0.809017, 0.0, -0.5, 0.809017, -0.309017, 0.0, 0.809017, 0.309017, -0.5, 0.0, 0.0, 0.0, 0.0, 1.0 ], [ -1.0, 0.0, 0.0, 0.0, 0.0, 1.0, 0.0, 0.0, 0.0, 0.0, -1.0, 0.0, 0.0, 0.0, 0.0, 1.0 ], [ 0.0, 0.0, -1.0, 0.0, 1.0, 0.0, 0.0, 0.0, 0.0, -1.0, 0.0, 0.0, 0.0, 0.0, 0.0, 1.0 ], [ 0.0, -1.0, 0.0, 0.0, 0.0, 0.0, 1.0, 0.0, -1.0, 0.0, 0.0, 0.0, 0.0, 0.0, 0.0, 1.0 ], [ -0.809017, -0.309017, -0.5, 0.0, 0.309017, 0.5, -0.809017, 0.0, 0.5, -0.809017, -0.309017, 0.0, 0.0, 0.0, 0.0, 1.0 ], [ 0.5, -0.809017, -0.309017, 0.0, 0.809017, 0.309017, 0.5, 0.0, -0.309017, -0.5, 0.809017, 0.0, 0.0, 0.0, 0.0, 1.0 ], [ -0.309017, -0.5, 0.809017, 0.0, -0.5, 0.809017, 0.309017, 0.0, -0.809017, -0.309017, -0.5, 0.0, 0.0, 0.0, 0.0, 1.0 ], [ -0.5, -0.809017, -0.309017, 0.0, 0.809017, -0.309017, -0.5, 0.0, 0.309017, -0.5, 0.809017, 0.0, 0.0, 0.0, 0.0, 1.0 ], [ 0.309017, -0.5, 0.809017, 0.0, 0.5, 0.809017, 0.309017, 0.0, -0.809017, 0.309017, 0.5, 0.0, 0.0, 0.0, 0.0, 1.0 ], [ -0.809017, 0.309017, 0.5, 0.0, -0.309017, 0.5, -0.809017, 0.0, -0.5, -0.809017, -0.309017, 0.0, 0.0, 0.0, 0.0, 1.0 ], [ -0.5, -0.809017, 0.309017, 0.0, 0.809017, -0.309017, 0.5, 0.0, -0.309017, 0.5, 0.809017, 0.0, 0.0, 0.0, 0.0, 1.0 ], [ -0.309017, 0.5, 0.809017, 0.0, 0.5, 0.809017, -0.309017, 0.0, -0.809017, 0.309017, -0.5, 0.0, 0.0, 0.0, 0.0, 1.0 ], [ -0.809017, 0.309017, -0.5, 0.0, 0.309017, -0.5, -0.809017, 0.0, -0.5, -0.809017, 0.309017, 0.0, 0.0, 0.0, 0.0, 1.0 ], [ -0.809017, -0.309017, 0.5, 0.0, 0.309017, 0.5, 0.809017, 0.0, -0.5, 0.809017, -0.309017, 0.0, 0.0, 0.0, 0.0, 1.0 ], [ -0.5, 0.809017, -0.309017, 0.0, 0.809017, 0.309017, -0.5, 0.0, -0.309017, -0.5, -0.809017, 0.0, 0.0, 0.0, 0.0, 1.0 ], [ -0.309017, -0.5, -0.809017, 0.0, 0.5, -0.809017, 0.309017, 0.0, -0.809017, -0.309017, 0.5, 0.0, 0.0, 0.0, 0.0, 1.0 ] ],
  "lights" : {
    "backgroundColor" : "#AFC8DC",
    "ambientColor" : "#292929",
    "directionalLights" : [ {
      "direction" : {
        "x" : 1.0,
        "y" : -1.0,
        "z" : -1.0
      },
      "color" : "#EBEBE4"
    }, {
      "direction" : {
        "x" : -1.0,
        "y" : 0.0,
        "z" : 0.0
      },
      "color" : "#E4E4EB"
    }, {
      "direction" : {
        "x" : 0.0,
        "y" : 0.0,
        "z" : -1.0
      },
      "color" : "#1E1E1E"
    } ]
  },
  "camera" : {
    "width" : 82.30006,
    "stereo" : false,
    "viewDistance" : 182.889,
    "nearClipDistance" : 0.4572227,
    "farClipDistance" : 365.7774,
    "lookAtPoint" : {
      "x" : 10.472136,
      "y" : -10.472136,
      "z" : 15.708204
    },
    "fieldOfView" : 0.4426289,
    "perspective" : true,
    "lookDirection" : {
      "x" : 0.6018943,
      "y" : 0.5500625,
      "z" : 0.5789227
    },
    "upDirection" : {
      "x" : -0.38327965,
      "y" : -0.43700382,
      "z" : 0.8137104
    },
    "position" : {
      "x" : -99.60772,
      "y" : -111.07252,
      "z" : -90.17039
    }
  },
  "embedding" : [ 1.0, 0.0, 0.0, 0.0, 0.0, 1.0, 0.0, 0.0, 0.0, 0.0, 1.0, 0.0, 0.0, 0.0, 0.0, 1.0 ],
  "shapes" : [ {
    "id" : "9265b33d-3115-4b1b-ac5a-6da20dc5df0f",
    "vertices" : [ {
      "x" : 0.309017,
      "y" : -0.809017,
      "z" : 0.618034
    }, {
      "x" : 0.809017,
      "y" : -0.618034,
      "z" : 0.309017
    }, {
      "x" : 0.618034,
      "y" : -0.309017,
      "z" : 0.809017
    }, {
      "x" : 1.0,
      "y" : 0.309017,
      "z" : 0.19098301
    }, {
      "x" : 0.809017,
      "y" : 0.618034,
      "z" : 0.309017
    }, {
      "x" : 0.618034,
      "y" : 0.309017,
      "z" : 0.809017
    }, {
      "x" : 0.809017,
      "y" : 0.0,
      "z" : 0.690983
    }, {
      "x" : 0.19098301,
      "y" : -1.0,
      "z" : 0.309017
    }, {
      "x" : -0.19098301,
      "y" : -1.0,
      "z" : 0.309017
    }, {
      "x" : -0.19098301,
      "y" : -1.0,
      "z" : -0.309017
    }, {
      "x" : 0.19098301,
      "y" : -1.0,
      "z" : -0.309017
    }, {
      "x" : 1.0,
      "y" : -0.309017,
      "z" : -0.19098301
    }, {
      "x" : 0.809017,
      "y" : -0.618034,
      "z" : -0.309017
    }, {
      "x" : 0.618034,
      "y" : -0.309017,
      "z" : -0.809017
    }, {
      "x" : 0.809017,
      "y" : 0.0,
      "z" : -0.690983
    }, {
      "x" : 0.0,
      "y" : 0.690983,
      "z" : -0.809017
    }, {
      "x" : 0.309017,
      "y" : 0.809017,
      "z" : -0.618034
    }, {
      "x" : 0.618034,
      "y" : 0.309017,
      "z" : -0.809017
    }, {
      "x" : 0.309017,
      "y" : 0.19098301,
      "z" : -1.0
    }, {
      "x" : 1.0,
      "y" : 0.309017,
      "z" : -0.19098301
    }, {
      "x" : -0.309017,
      "y" : -0.809017,
      "z" : 0.618034
    }, {
      "x" : 0.0,
      "y" : -0.690983,
      "z" : 0.809017
    }, {
      "x" : 0.809017,
      "y" : 0.618034,
      "z" : -0.309017
    }, {
      "x" : 0.690983,
      "y" : 0.809017,
      "z" : 0.0
    }, {
      "x" : -0.690983,
      "y" : 0.809017,
      "z" : 0.0
    }, {
      "x" : -0.809017,
      "y" : 0.618034,
      "z" : 0.309017
    }, {
      "x" : -0.309017,
      "y" : 0.809017,
      "z" : 0.618034
    }, {
      "x" : -0.19098301,
      "y" : 1.0,
      "z" : 0.309017
    }, {
      "x" : 0.309017,
      "y" : -0.19098301,
      "z" : -1.0
    }, {
      "x" : 0.19098301,
      "y" : 1.0,
      "z" : 0.309017
    }, {
      "x" : 0.309017,
      "y" : 0.809017,
      "z" : 0.618034
    }, {
      "x" : -0.809017,
      "y" : -0.618034,
      "z" : 0.309017
    }, {
      "x" : -0.690983,
      "y" : -0.809017,
      "z" : 0.0
    }, {
      "x" : 0.0,
      "y" : 0.690983,
      "z" : 0.809017
    }, {
      "x" : 0.309017,
      "y" : -0.809017,
      "z" : -0.618034
    }, {
      "x" : 0.0,
      "y" : -0.690983,
      "z" : -0.809017
    }, {
      "x" : -1.0,
      "y" : 0.309017,
      "z" : 0.19098301
    }, {
      "x" : -0.809017,
      "y" : 0.0,
      "z" : 0.690983
    }, {
      "x" : -0.618034,
      "y" : 0.309017,
      "z" : 0.809017
    }, {
      "x" : 1.0,
      "y" : -0.309017,
      "z" : 0.19098301
    }, {
      "x" : -0.309017,
      "y" : -0.809017,
      "z" : -0.618034
    }, {
      "x" : -1.0,
      "y" : 0.309017,
      "z" : -0.19098301
    }, {
      "x" : -1.0,
      "y" : -0.309017,
      "z" : -0.19098301
    }, {
      "x" : -1.0,
      "y" : -0.309017,
      "z" : 0.19098301
    }, {
      "x" : 0.19098301,
      "y" : 1.0,
      "z" : -0.309017
    }, {
      "x" : -0.809017,
      "y" : 0.618034,
      "z" : -0.309017
    }, {
      "x" : -0.19098301,
      "y" : 1.0,
      "z" : -0.309017
    }, {
      "x" : -0.309017,
      "y" : 0.809017,
      "z" : -0.618034
    }, {
      "x" : -0.618034,
      "y" : -0.309017,
      "z" : 0.809017
    }, {
      "x" : 0.309017,
      "y" : 0.19098301,
      "z" : 1.0
    }, {
      "x" : -0.309017,
      "y" : 0.19098301,
      "z" : -1.0
    }, {
      "x" : -0.309017,
      "y" : 0.19098301,
      "z" : 1.0
    }, {
      "x" : -0.309017,
      "y" : -0.19098301,
      "z" : 1.0
    }, {
      "x" : 0.309017,
      "y" : -0.19098301,
      "z" : 1.0
    }, {
      "x" : 0.690983,
      "y" : -0.809017,
      "z" : 0.0
    }, {
      "x" : -0.809017,
      "y" : 0.0,
      "z" : -0.690983
    }, {
      "x" : -0.618034,
      "y" : -0.309017,
      "z" : -0.809017
    }, {
      "x" : -0.309017,
      "y" : -0.19098301,
      "z" : -1.0
    }, {
      "x" : -0.618034,
      "y" : 0.309017,
      "z" : -0.809017
    }, {
      "x" : -0.809017,
      "y" : -0.618034,
      "z" : -0.309017
    } ],
    "faces" : [ {
      "vertices" : [ 9, 40, 35 ]
    }, {
      "vertices" : [ 9, 35, 34 ]
    }, {
      "vertices" : [ 9, 34, 10 ]
    }, {
      "vertices" : [ 0, 1, 2 ]
    }, {
      "vertices" : [ 33, 51, 49 ]
    }, {
      "vertices" : [ 25, 36, 37 ]
    }, {
      "vertices" : [ 25, 37, 38 ]
    }, {
      "vertices" : [ 41, 55, 42 ]
    }, {
      "vertices" : [ 9, 32, 59 ]
    }, {
      "vertices" : [ 9, 59, 40 ]
    }, {
      "vertices" : [ 20, 21, 52 ]
    }, {
      "vertices" : [ 20, 52, 48 ]
    }, {
      "vertices" : [ 26, 33, 30 ]
    }, {
      "vertices" : [ 26, 30, 29 ]
    }, {
      "vertices" : [ 26, 29, 27 ]
    }, {
      "vertices" : [ 3, 4, 5 ]
    }, {
      "vertices" : [ 3, 5, 6 ]
    }, {
      "vertices" : [ 27, 29, 44 ]
    }, {
      "vertices" : [ 27, 44, 46 ]
    }, {
      "vertices" : [ 50, 57, 56 ]
    }, {
      "vertices" : [ 50, 56, 55 ]
    }, {
      "vertices" : [ 50, 55, 58 ]
    }, {
      "vertices" : [ 26, 38, 51 ]
    }, {
      "vertices" : [ 26, 51, 33 ]
    }, {
      "vertices" : [ 45, 47, 58 ]
    }, {
      "vertices" : [ 18, 28, 57 ]
    }, {
      "vertices" : [ 18, 57, 50 ]
    }, {
      "vertices" : [ 40, 59, 56 ]
    }, {
      "vertices" : [ 31, 48, 37 ]
    }, {
      "vertices" : [ 31, 37, 43 ]
    }, {
      "vertices" : [ 7, 8, 9 ]
    }, {
      "vertices" : [ 7, 9, 10 ]
    }, {
      "vertices" : [ 36, 41, 42 ]
    }, {
      "vertices" : [ 36, 42, 43 ]
    }, {
      "vertices" : [ 24, 46, 47 ]
    }, {
      "vertices" : [ 24, 47, 45 ]
    }, {
      "vertices" : [ 4, 30, 5 ]
    }, {
      "vertices" : [ 15, 47, 46 ]
    }, {
      "vertices" : [ 15, 46, 44 ]
    }, {
      "vertices" : [ 15, 44, 16 ]
    }, {
      "vertices" : [ 15, 50, 58 ]
    }, {
      "vertices" : [ 15, 58, 47 ]
    }, {
      "vertices" : [ 24, 45, 41 ]
    }, {
      "vertices" : [ 24, 41, 36 ]
    }, {
      "vertices" : [ 24, 36, 25 ]
    }, {
      "vertices" : [ 11, 14, 19 ]
    }, {
      "vertices" : [ 3, 6, 39 ]
    }, {
      "vertices" : [ 1, 39, 6 ]
    }, {
      "vertices" : [ 1, 6, 2 ]
    }, {
      "vertices" : [ 8, 32, 9 ]
    }, {
      "vertices" : [ 11, 12, 13 ]
    }, {
      "vertices" : [ 11, 13, 14 ]
    }, {
      "vertices" : [ 16, 22, 17 ]
    }, {
      "vertices" : [ 0, 21, 20 ]
    }, {
      "vertices" : [ 0, 20, 8 ]
    }, {
      "vertices" : [ 0, 8, 7 ]
    }, {
      "vertices" : [ 12, 34, 13 ]
    }, {
      "vertices" : [ 35, 40, 56 ]
    }, {
      "vertices" : [ 35, 56, 57 ]
    }, {
      "vertices" : [ 0, 7, 54 ]
    }, {
      "vertices" : [ 0, 54, 1 ]
    }, {
      "vertices" : [ 15, 16, 17 ]
    }, {
      "vertices" : [ 15, 17, 18 ]
    }, {
      "vertices" : [ 3, 19, 22 ]
    }, {
      "vertices" : [ 3, 22, 23 ]
    }, {
      "vertices" : [ 3, 23, 4 ]
    }, {
      "vertices" : [ 7, 10, 54 ]
    }, {
      "vertices" : [ 41, 45, 58 ]
    }, {
      "vertices" : [ 41, 58, 55 ]
    }, {
      "vertices" : [ 3, 39, 11 ]
    }, {
      "vertices" : [ 3, 11, 19 ]
    }, {
      "vertices" : [ 14, 17, 22 ]
    }, {
      "vertices" : [ 14, 22, 19 ]
    }, {
      "vertices" : [ 0, 2, 53 ]
    }, {
      "vertices" : [ 0, 53, 21 ]
    }, {
      "vertices" : [ 49, 51, 52 ]
    }, {
      "vertices" : [ 49, 52, 53 ]
    }, {
      "vertices" : [ 31, 43, 42 ]
    }, {
      "vertices" : [ 31, 42, 59 ]
    }, {
      "vertices" : [ 31, 59, 32 ]
    }, {
      "vertices" : [ 15, 18, 50 ]
    }, {
      "vertices" : [ 42, 55, 56 ]
    }, {
      "vertices" : [ 42, 56, 59 ]
    }, {
      "vertices" : [ 4, 23, 29 ]
    }, {
      "vertices" : [ 4, 29, 30 ]
    }, {
      "vertices" : [ 25, 38, 26 ]
    }, {
      "vertices" : [ 13, 28, 18 ]
    }, {
      "vertices" : [ 13, 18, 17 ]
    }, {
      "vertices" : [ 13, 17, 14 ]
    }, {
      "vertices" : [ 8, 20, 31 ]
    }, {
      "vertices" : [ 8, 31, 32 ]
    }, {
      "vertices" : [ 23, 44, 29 ]
    }, {
      "vertices" : [ 24, 27, 46 ]
    }, {
      "vertices" : [ 37, 48, 52 ]
    }, {
      "vertices" : [ 37, 52, 51 ]
    }, {
      "vertices" : [ 37, 51, 38 ]
    }, {
      "vertices" : [ 20, 48, 31 ]
    }, {
      "vertices" : [ 24, 25, 26 ]
    }, {
      "vertices" : [ 24, 26, 27 ]
    }, {
      "vertices" : [ 16, 44, 23 ]
    }, {
      "vertices" : [ 16, 23, 22 ]
    }, {
      "vertices" : [ 13, 34, 35 ]
    }, {
      "vertices" : [ 13, 35, 28 ]
    }, {
      "vertices" : [ 10, 34, 12 ]
    }, {
      "vertices" : [ 10, 12, 54 ]
    }, {
      "vertices" : [ 2, 6, 5 ]
    }, {
      "vertices" : [ 2, 5, 49 ]
    }, {
      "vertices" : [ 2, 49, 53 ]
    }, {
      "vertices" : [ 36, 43, 37 ]
    }, {
      "vertices" : [ 5, 30, 33 ]
    }, {
      "vertices" : [ 5, 33, 49 ]
    }, {
      "vertices" : [ 1, 54, 12 ]
    }, {
      "vertices" : [ 1, 12, 11 ]
    }, {
      "vertices" : [ 1, 11, 39 ]
    }, {
      "vertices" : [ 28, 35, 57 ]
    }, {
      "vertices" : [ 21, 53, 52 ]
    } ]
  }, {
    "id" : "d030ca29-a40c-4f8d-9945-c9c68456eb1a",
    "vertices" : [ {
      "x" : 3.104522,
      "y" : -1.1585702,
      "z" : 0.97297585
    }, {
      "x" : 3.204522,
      "y" : -1.2585702,
      "z" : 0.5729759
    }, {
      "x" : 0.5135121,
      "y" : -0.4594638,
      "z" : 0.027024124
    }, {
      "x" : 0.41351205,
      "y" : -0.3594638,
      "z" : 0.42702413
    }, {
      "x" : 2.9711885,
      "y" : -1.5585701,
      "z" : 0.7063092
    }, {
      "x" : 2.8711886,
      "y" : -1.4585701,
      "z" : 1.1063092
    }, {
      "x" : 0.6468454,
      "y" : -0.059463814,
      "z" : 0.2936908
    }, {
      "x" : 0.7468454,
      "y" : -0.15946381,
      "z" : -0.10630921
    } ],
    "faces" : [ {
      "vertices" : [ 2, 3, 6 ]
    }, {
      "vertices" : [ 2, 6, 7 ]
    }, {
      "vertices" : [ 0, 5, 4 ]
    }, {
      "vertices" : [ 0, 4, 1 ]
    }, {
      "vertices" : [ 2, 4, 5 ]
    }, {
      "vertices" : [ 2, 5, 3 ]
    }, {
      "vertices" : [ 0, 6, 3 ]
    }, {
      "vertices" : [ 0, 3, 5 ]
    }, {
      "vertices" : [ 0, 1, 7 ]
    }, {
      "vertices" : [ 0, 7, 6 ]
    }, {
      "vertices" : [ 1, 4, 2 ]
    }, {
      "vertices" : [ 1, 2, 7 ]
    } ]
  }, {
    "id" : "dc5410e9-6bb6-4475-88f8-29934ca050b8",
    "vertices" : [ {
      "x" : 4.236068,
      "y" : 0.309017,
      "z" : 0.19098301
    }, {
      "x" : 4.236068,
      "y" : 0.309017,
      "z" : -0.19098301
    }, {
      "x" : 1.0,
      "y" : 0.309017,
      "z" : -0.19098301
    }, {
      "x" : 1.0,
      "y" : 0.309017,
      "z" : 0.19098301
    }, {
      "x" : 4.236068,
      "y" : -0.309017,
      "z" : 0.19098301
    }, {
      "x" : 1.0,
      "y" : -0.309017,
      "z" : 0.19098301
    }, {
      "x" : 1.0,
      "y" : -0.309017,
      "z" : -0.19098301
    }, {
      "x" : 4.236068,
      "y" : -0.309017,
      "z" : -0.19098301
    }, {
      "x" : 5.236068,
      "y" : 0.0,
      "z" : 0.0
    } ],
    "faces" : [ {
      "vertices" : [ 1, 7, 6 ]
    }, {
      "vertices" : [ 1, 6, 2 ]
    }, {
      "vertices" : [ 0, 1, 2 ]
    }, {
      "vertices" : [ 0, 2, 3 ]
    }, {
      "vertices" : [ 4, 5, 6 ]
    }, {
      "vertices" : [ 4, 6, 7 ]
    }, {
      "vertices" : [ 0, 3, 5 ]
    }, {
      "vertices" : [ 0, 5, 4 ]
    } ]
  }, {
    "id" : "b8b4245a-0520-499a-8eef-5c2ce22ebe32",
    "vertices" : [ {
      "x" : 0.809017,
      "y" : 0.0,
      "z" : -0.690983
    }, {
      "x" : 1.0,
      "y" : 0.309017,
      "z" : -0.19098301
    }, {
      "x" : 1.309017,
      "y" : 0.309017,
      "z" : -0.309017
    }, {
      "x" : 1.118034,
      "y" : 0.0,
      "z" : -0.809017
    }, {
      "x" : 3.236068,
      "y" : 0.309017,
      "z" : -1.427051
    }, {
      "x" : 1.0,
      "y" : -0.309017,
      "z" : -0.19098301
    }, {
      "x" : 1.309017,
      "y" : -0.309017,
      "z" : -0.309017
    }, {
      "x" : 2.927051,
      "y" : 0.309017,
      "z" : -1.309017
    }, {
      "x" : 3.118034,
      "y" : 0.0,
      "z" : -0.809017
    }, {
      "x" : 4.236068,
      "y" : 0.0,
      "z" : -1.618034
    }, {
      "x" : 2.927051,
      "y" : -0.309017,
      "z" : -1.309017
    }, {
      "x" : 3.427051,
      "y" : 0.0,
      "z" : -0.927051
    }, {
      "x" : 3.236068,
      "y" : -0.309017,
      "z" : -1.427051
    } ],
    "faces" : [ {
      "vertices" : [ 2, 6, 8 ]
    }, {
      "vertices" : [ 4, 12, 10 ]
    }, {
      "vertices" : [ 4, 10, 7 ]
    }, {
      "vertices" : [ 2, 8, 7 ]
    }, {
      "vertices" : [ 3, 10, 6 ]
    }, {
      "vertices" : [ 3, 7, 10 ]
    }, {
      "vertices" : [ 0, 1, 2 ]
    }, {
      "vertices" : [ 0, 2, 3 ]
    }, {
      "vertices" : [ 6, 10, 8 ]
    }, {
      "vertices" : [ 8, 10, 12 ]
    }, {
      "vertices" : [ 8, 12, 11 ]
    }, {
      "vertices" : [ 2, 7, 3 ]
    }, {
      "vertices" : [ 0, 3, 6 ]
    }, {
      "vertices" : [ 0, 6, 5 ]
    }, {
      "vertices" : [ 1, 5, 6 ]
    }, {
      "vertices" : [ 1, 6, 2 ]
    }, {
      "vertices" : [ 4, 7, 8 ]
    }, {
      "vertices" : [ 4, 8, 11 ]
    } ]
  }, {
    "id" : "31e17185-6d46-44f4-b5df-8c59e10667d8",
    "vertices" : [ {
      "x" : 1.1585702,
      "y" : -3.104522,
      "z" : -0.97297585
    }, {
      "x" : 1.2585702,
      "y" : -3.204522,
      "z" : -0.5729759
    }, {
      "x" : 0.4594638,
      "y" : -0.5135121,
      "z" : -0.027024124
    }, {
      "x" : 0.3594638,
      "y" : -0.41351205,
      "z" : -0.42702413
    }, {
      "x" : 1.5585701,
      "y" : -2.9711885,
      "z" : -0.7063092
    }, {
      "x" : 1.4585701,
      "y" : -2.8711886,
      "z" : -1.1063092
    }, {
      "x" : 0.059463814,
      "y" : -0.6468454,
      "z" : -0.2936908
    }, {
      "x" : 0.15946381,
      "y" : -0.7468454,
      "z" : 0.10630921
    } ],
    "faces" : [ {
      "vertices" : [ 2, 3, 6 ]
    }, {
      "vertices" : [ 2, 6, 7 ]
    }, {
      "vertices" : [ 0, 5, 4 ]
    }, {
      "vertices" : [ 0, 4, 1 ]
    }, {
      "vertices" : [ 2, 4, 5 ]
    }, {
      "vertices" : [ 2, 5, 3 ]
    }, {
      "vertices" : [ 0, 6, 3 ]
    }, {
      "vertices" : [ 0, 3, 5 ]
    }, {
      "vertices" : [ 0, 1, 7 ]
    }, {
      "vertices" : [ 0, 7, 6 ]
    }, {
      "vertices" : [ 1, 4, 2 ]
    }, {
      "vertices" : [ 1, 2, 7 ]
    } ]
  } ],
  "instances" : [ {
    "shape" : "9265b33d-3115-4b1b-ac5a-6da20dc5df0f",
    "color" : "#FFFFFF",
    "position" : {
      "x" : 0.0,
      "y" : -10.472136,
      "z" : 15.708204
    }
  }, {
    "shape" : "9265b33d-3115-4b1b-ac5a-6da20dc5df0f",
    "color" : "#FFFFFF",
    "position" : {
      "x" : 0.0,
      "y" : -20.944271,
      "z" : 15.708204
    }
  }, {
    "shape" : "d030ca29-a40c-4f8d-9945-c9c68456eb1a",
    "color" : "#99FF99",
    "position" : {
      "x" : -3.618034,
      "y" : -11.472136,
      "z" : -1.0
    },
    "orientation" : 1
  }, {
    "shape" : "9265b33d-3115-4b1b-ac5a-6da20dc5df0f",
    "color" : "#FFFFFF",
    "position" : {
      "x" : -11.472136,
      "y" : -19.326239,
      "z" : 14.708204
    }
  }, {
    "shape" : "d030ca29-a40c-4f8d-9945-c9c68456eb1a",
    "color" : "#99FF99",
    "position" : {
      "x" : 4.236068,
      "y" : -35.034443,
      "z" : 14.708204
    },
    "orientation" : 2
  }, {
    "shape" : "dc5410e9-6bb6-4475-88f8-29934ca050b8",
    "color" : "#007695",
    "position" : {
      "x" : 5.236068,
      "y" : -20.944271,
      "z" : 15.708204
    },
    "orientation" : 1
  }, {
    "shape" : "dc5410e9-6bb6-4475-88f8-29934ca050b8",
    "color" : "#007695",
    "position" : {
      "x" : 10.472136,
      "y" : -20.944271,
      "z" : 10.472136
    },
    "orientation" : 45
  }, {
    "shape" : "9265b33d-3115-4b1b-ac5a-6da20dc5df0f",
    "color" : "#FFFFFF",
    "position" : {
      "x" : -2.618034,
      "y" : -7.854102,
      "z" : -2.618034
    }
  }, {
    "shape" : "dc5410e9-6bb6-4475-88f8-29934ca050b8",
    "color" : "#007695",
    "position" : {
      "x" : 0.0,
      "y" : 0.0,
      "z" : 0.0
    },
    "orientation" : 16
  }, {
    "shape" : "9265b33d-3115-4b1b-ac5a-6da20dc5df0f",
    "color" : "#FFFFFF",
    "position" : {
      "x" : -5.236068,
      "y" : 5.236068,
      "z" : 5.236068
    }
  }, {
    "shape" : "b8b4245a-0520-499a-8eef-5c2ce22ebe32",
    "color" : "#F0A000",
    "position" : {
      "x" : 10.472136,
      "y" : -15.708204,
      "z" : 0.0
    },
    "orientation" : 19
  }, {
    "shape" : "9265b33d-3115-4b1b-ac5a-6da20dc5df0f",
    "color" : "#0033CC",
    "position" : {
      "x" : 20.944271,
      "y" : -26.18034,
      "z" : 5.236068
    }
  }, {
    "shape" : "dc5410e9-6bb6-4475-88f8-29934ca050b8",
    "color" : "#007695",
    "position" : {
      "x" : 10.472136,
      "y" : -15.708204,
      "z" : 5.236068
    },
    "orientation" : 1
  }, {
    "shape" : "9265b33d-3115-4b1b-ac5a-6da20dc5df0f",
    "color" : "#0033CC",
    "position" : {
      "x" : -5.236068,
      "y" : 0.0,
      "z" : 5.236068
    }
  }, {
    "shape" : "dc5410e9-6bb6-4475-88f8-29934ca050b8",
    "color" : "#007695",
    "position" : {
      "x" : 5.236068,
      "y" : -20.944271,
      "z" : 15.708204
    },
    "orientation" : 0
  }, {
    "shape" : "d030ca29-a40c-4f8d-9945-c9c68456eb1a",
    "color" : "#99FF99",
    "position" : {
      "x" : -11.472136,
      "y" : -11.472136,
      "z" : 6.854102
    },
    "orientation" : 0
  }, {
    "shape" : "dc5410e9-6bb6-4475-88f8-29934ca050b8",
    "color" : "#007695",
    "position" : {
      "x" : 5.236068,
      "y" : -5.236068,
      "z" : 0.0
    },
    "orientation" : 2
  }, {
    "shape" : "9265b33d-3115-4b1b-ac5a-6da20dc5df0f",
    "color" : "#FFFFFF",
    "position" : {
      "x" : -16.708204,
      "y" : -16.708204,
      "z" : 17.326239
    }
  }, {
    "shape" : "dc5410e9-6bb6-4475-88f8-29934ca050b8",
    "color" : "#007695",
    "position" : {
      "x" : 0.0,
      "y" : -10.472136,
      "z" : 10.472136
    },
    "orientation" : 0
  }, {
    "shape" : "9265b33d-3115-4b1b-ac5a-6da20dc5df0f",
    "color" : "#0033CC",
    "position" : {
      "x" : 0.0,
      "y" : 0.0,
      "z" : 0.0
    }
  }, {
    "shape" : "9265b33d-3115-4b1b-ac5a-6da20dc5df0f",
    "color" : "#FFFFFF",
    "position" : {
      "x" : 15.708204,
      "y" : -36.652477,
      "z" : 15.708204
    }
  }, {
    "shape" : "9265b33d-3115-4b1b-ac5a-6da20dc5df0f",
    "color" : "#FFFFFF",
    "position" : {
      "x" : -1.0,
      "y" : -32.41641,
      "z" : 17.326239
    }
  }, {
    "shape" : "9265b33d-3115-4b1b-ac5a-6da20dc5df0f",
    "color" : "#CC0000",
    "position" : {
      "x" : 2.618034,
      "y" : -23.562305,
      "z" : 7.854102
    }
  }, {
    "shape" : "dc5410e9-6bb6-4475-88f8-29934ca050b8",
    "color" : "#007695",
    "position" : {
      "x" : 0.0,
      "y" : -15.708204,
      "z" : 15.708204
    },
    "orientation" : 45
  }, {
    "shape" : "dc5410e9-6bb6-4475-88f8-29934ca050b8",
    "color" : "#007695",
    "position" : {
      "x" : 20.944271,
      "y" : -20.944271,
      "z" : 0.0
    },
    "orientation" : 2
  }, {
    "shape" : "dc5410e9-6bb6-4475-88f8-29934ca050b8",
    "color" : "#007695",
    "position" : {
      "x" : 10.472136,
      "y" : -15.708204,
      "z" : 5.236068
    },
    "orientation" : 45
  }, {
    "shape" : "9265b33d-3115-4b1b-ac5a-6da20dc5df0f",
    "color" : "#0033CC",
    "position" : {
      "x" : -10.472136,
      "y" : -5.236068,
      "z" : 15.708204
    }
  }, {
    "shape" : "31e17185-6d46-44f4-b5df-8c59e10667d8",
    "color" : "#FFCCCC",
    "position" : {
      "x" : -2.618034,
      "y" : -13.09017,
      "z" : 2.618034
    },
    "orientation" : 2
  }, {
    "shape" : "dc5410e9-6bb6-4475-88f8-29934ca050b8",
    "color" : "#007695",
    "position" : {
      "x" : 5.236068,
      "y" : -20.944271,
      "z" : 15.708204
    },
    "orientation" : 16
  }, {
    "shape" : "9265b33d-3115-4b1b-ac5a-6da20dc5df0f",
    "color" : "#FFFFFF",
    "position" : {
      "x" : -19.326239,
      "y" : -11.472136,
      "z" : 14.708204
    }
  }, {
    "shape" : "9265b33d-3115-4b1b-ac5a-6da20dc5df0f",
    "color" : "#FFFFFF",
    "position" : {
      "x" : 10.472136,
      "y" : -36.652477,
      "z" : 20.944271
    }
  }, {
    "shape" : "9265b33d-3115-4b1b-ac5a-6da20dc5df0f",
    "color" : "#0033CC",
    "position" : {
      "x" : -5.236068,
      "y" : -15.708204,
      "z" : 20.944271
    }
  }, {
    "shape" : "d030ca29-a40c-4f8d-9945-c9c68456eb1a",
    "color" : "#99FF99",
    "position" : {
      "x" : -14.09017,
      "y" : -6.236068,
      "z" : 4.236068
    },
    "orientation" : 1
  }, {
    "shape" : "b8b4245a-0520-499a-8eef-5c2ce22ebe32",
    "color" : "#F0A000",
    "position" : {
      "x" : -5.236068,
      "y" : 5.236068,
      "z" : -5.236068
    },
    "orientation" : 19
  }, {
    "shape" : "9265b33d-3115-4b1b-ac5a-6da20dc5df0f",
    "color" : "#FFFFFF",
    "position" : {
      "x" : -10.472136,
      "y" : -10.472136,
      "z" : 15.708204
    }
  }, {
    "shape" : "b8b4245a-0520-499a-8eef-5c2ce22ebe32",
    "color" : "#F0A000",
    "position" : {
      "x" : -5.236068,
      "y" : 0.0,
      "z" : 0.0
    },
    "orientation" : 19
  }, {
    "shape" : "dc5410e9-6bb6-4475-88f8-29934ca050b8",
    "color" : "#007695",
    "position" : {
      "x" : 20.944271,
      "y" : -20.944271,
      "z" : 0.0
    },
    "orientation" : 47
  }, {
    "shape" : "dc5410e9-6bb6-4475-88f8-29934ca050b8",
    "color" : "#007695",
    "position" : {
      "x" : 20.944271,
      "y" : -20.944271,
      "z" : 0.0
    },
    "orientation" : 1
  }, {
    "shape" : "dc5410e9-6bb6-4475-88f8-29934ca050b8",
    "color" : "#007695",
    "position" : {
      "x" : -10.472136,
      "y" : -10.472136,
      "z" : 20.944271
    },
    "orientation" : 45
  }, {
    "shape" : "31e17185-6d46-44f4-b5df-8c59e10667d8",
    "color" : "#FFCCCC",
    "position" : {
      "x" : 13.09017,
      "y" : -28.798374,
      "z" : 2.618034
    },
    "orientation" : 0
  }, {
    "shape" : "dc5410e9-6bb6-4475-88f8-29934ca050b8",
    "color" : "#007695",
    "position" : {
      "x" : 5.236068,
      "y" : -5.236068,
      "z" : 0.0
    },
    "orientation" : 16
  }, {
    "shape" : "31e17185-6d46-44f4-b5df-8c59e10667d8",
    "color" : "#FFCCCC",
    "position" : {
      "x" : -7.854102,
      "y" : -2.618034,
      "z" : -2.618034
    },
    "orientation" : 2
  }, {
    "shape" : "9265b33d-3115-4b1b-ac5a-6da20dc5df0f",
    "color" : "#0033CC",
    "position" : {
      "x" : -5.236068,
      "y" : -5.236068,
      "z" : 10.472136
    }
  }, {
    "shape" : "dc5410e9-6bb6-4475-88f8-29934ca050b8",
    "color" : "#007695",
    "position" : {
      "x" : 5.236068,
      "y" : -5.236068,
      "z" : 0.0
    },
    "orientation" : 45
  }, {
    "shape" : "dc5410e9-6bb6-4475-88f8-29934ca050b8",
    "color" : "#007695",
    "position" : {
      "x" : 10.472136,
      "y" : -31.416409,
      "z" : 20.944271
    },
    "orientation" : 45
  }, {
    "shape" : "9265b33d-3115-4b1b-ac5a-6da20dc5df0f",
    "color" : "#FFFFFF",
    "position" : {
      "x" : 15.708204,
      "y" : -20.944271,
      "z" : 10.472136
    }
  }, {
    "shape" : "dc5410e9-6bb6-4475-88f8-29934ca050b8",
    "color" : "#007695",
    "position" : {
      "x" : 5.236068,
      "y" : -26.18034,
      "z" : 20.944271
    },
    "orientation" : 47
  }, {
    "shape" : "dc5410e9-6bb6-4475-88f8-29934ca050b8",
    "color" : "#007695",
    "position" : {
      "x" : -5.236068,
      "y" : 0.0,
      "z" : 5.236068
    },
    "orientation" : 45
  }, {
    "shape" : "dc5410e9-6bb6-4475-88f8-29934ca050b8",
    "color" : "#007695",
    "position" : {
      "x" : 5.236068,
      "y" : -26.18034,
      "z" : 20.944271
    },
    "orientation" : 0
  }, {
    "shape" : "dc5410e9-6bb6-4475-88f8-29934ca050b8",
    "color" : "#007695",
    "position" : {
      "x" : -10.472136,
      "y" : -5.236068,
      "z" : 15.708204
    },
    "orientation" : 47
  }, {
    "shape" : "dc5410e9-6bb6-4475-88f8-29934ca050b8",
    "color" : "#007695",
    "position" : {
      "x" : 15.708204,
      "y" : -26.18034,
      "z" : 10.472136
    },
    "orientation" : 45
  }, {
    "shape" : "9265b33d-3115-4b1b-ac5a-6da20dc5df0f",
    "color" : "#FFFFFF",
    "position" : {
      "x" : -7.854102,
      "y" : -28.798374,
      "z" : 23.562305
    }
  }, {
    "shape" : "dc5410e9-6bb6-4475-88f8-29934ca050b8",
    "color" : "#007695",
    "position" : {
      "x" : -5.236068,
      "y" : -15.708204,
      "z" : 20.944271
    },
    "orientation" : 47
  }, {
    "shape" : "9265b33d-3115-4b1b-ac5a-6da20dc5df0f",
    "color" : "#FFFFFF",
    "position" : {
      "x" : 26.18034,
      "y" : -20.944271,
      "z" : 0.0
    }
  }, {
    "shape" : "9265b33d-3115-4b1b-ac5a-6da20dc5df0f",
    "color" : "#FFFFFF",
    "position" : {
      "x" : 20.944271,
      "y" : -31.416409,
      "z" : 5.236068
    }
  }, {
    "shape" : "9265b33d-3115-4b1b-ac5a-6da20dc5df0f",
    "color" : "#FFFFFF",
    "position" : {
      "x" : -5.236068,
      "y" : -5.236068,
      "z" : 5.236068
    }
  }, {
    "shape" : "9265b33d-3115-4b1b-ac5a-6da20dc5df0f",
    "color" : "#FFFFFF",
    "position" : {
      "x" : 5.236068,
      "y" : -20.944271,
      "z" : 10.472136
    }
  }, {
    "shape" : "9265b33d-3115-4b1b-ac5a-6da20dc5df0f",
    "color" : "#FFFFFF",
    "position" : {
      "x" : 2.618034,
      "y" : -34.034443,
      "z" : 18.326239
    }
  }, {
    "shape" : "9265b33d-3115-4b1b-ac5a-6da20dc5df0f",
    "color" : "#0033CC",
    "position" : {
      "x" : 5.236068,
      "y" : -5.236068,
      "z" : 0.0
    }
  }, {
    "shape" : "dc5410e9-6bb6-4475-88f8-29934ca050b8",
    "color" : "#007695",
    "position" : {
      "x" : 5.236068,
      "y" : -10.472136,
      "z" : 5.236068
    },
    "orientation" : 2
  }, {
    "shape" : "d030ca29-a40c-4f8d-9945-c9c68456eb1a",
    "color" : "#99FF99",
    "position" : {
      "x" : -1.0,
      "y" : -32.41641,
      "z" : 17.326239
    },
    "orientation" : 0
  }, {
    "shape" : "9265b33d-3115-4b1b-ac5a-6da20dc5df0f",
    "color" : "#FFFFFF",
    "position" : {
      "x" : -23.562305,
      "y" : -13.09017,
      "z" : 23.562305
    }
  }, {
    "shape" : "dc5410e9-6bb6-4475-88f8-29934ca050b8",
    "color" : "#007695",
    "position" : {
      "x" : 10.472136,
      "y" : -15.708204,
      "z" : 5.236068
    },
    "orientation" : 16
  }, {
    "shape" : "9265b33d-3115-4b1b-ac5a-6da20dc5df0f",
    "color" : "#FFFFFF",
    "position" : {
      "x" : -5.236068,
      "y" : -10.472136,
      "z" : 20.944271
    }
  }, {
    "shape" : "9265b33d-3115-4b1b-ac5a-6da20dc5df0f",
    "color" : "#CC0000",
    "position" : {
      "x" : 7.854102,
      "y" : -34.034443,
      "z" : 13.09017
    }
  }, {
    "shape" : "9265b33d-3115-4b1b-ac5a-6da20dc5df0f",
    "color" : "#FFFFFF",
    "position" : {
      "x" : -21.944271,
      "y" : -14.09017,
      "z" : 19.944271
    }
  }, {
    "shape" : "d030ca29-a40c-4f8d-9945-c9c68456eb1a",
    "color" : "#99FF99",
    "position" : {
      "x" : 9.472136,
      "y" : -21.944271,
      "z" : -3.618034
    },
    "orientation" : 0
  }, {
    "shape" : "9265b33d-3115-4b1b-ac5a-6da20dc5df0f",
    "color" : "#FFFFFF",
    "position" : {
      "x" : 10.472136,
      "y" : -31.416409,
      "z" : 15.708204
    }
  }, {
    "shape" : "dc5410e9-6bb6-4475-88f8-29934ca050b8",
    "color" : "#007695",
    "position" : {
      "x" : 0.0,
      "y" : -15.708204,
      "z" : 15.708204
    },
    "orientation" : 47
  }, {
    "shape" : "d030ca29-a40c-4f8d-9945-c9c68456eb1a",
    "color" : "#99FF99",
    "position" : {
      "x" : -6.236068,
      "y" : -21.944271,
      "z" : 12.09017
    },
    "orientation" : 0
  }, {
    "shape" : "9265b33d-3115-4b1b-ac5a-6da20dc5df0f",
    "color" : "#FFFFFF",
    "position" : {
      "x" : -1.0,
      "y" : -24.562305,
      "z" : 9.472136
    }
  }, {
    "shape" : "9265b33d-3115-4b1b-ac5a-6da20dc5df0f",
    "color" : "#CC0000",
    "position" : {
      "x" : -13.09017,
      "y" : -7.854102,
      "z" : 7.854102
    }
  }, {
    "shape" : "9265b33d-3115-4b1b-ac5a-6da20dc5df0f",
    "color" : "#FFFFFF",
    "position" : {
      "x" : 10.472136,
      "y" : -26.18034,
      "z" : 20.944271
    }
  }, {
    "shape" : "9265b33d-3115-4b1b-ac5a-6da20dc5df0f",
    "color" : "#FFFFFF",
    "position" : {
      "x" : 0.0,
      "y" : -10.472136,
      "z" : 5.236068
    }
  }, {
    "shape" : "9265b33d-3115-4b1b-ac5a-6da20dc5df0f",
    "color" : "#FFFFFF",
    "position" : {
      "x" : 0.0,
      "y" : -15.708204,
      "z" : 10.472136
    }
  }, {
    "shape" : "dc5410e9-6bb6-4475-88f8-29934ca050b8",
    "color" : "#007695",
    "position" : {
      "x" : 10.472136,
      "y" : -15.708204,
      "z" : 5.236068
    },
    "orientation" : 2
  }, {
    "shape" : "9265b33d-3115-4b1b-ac5a-6da20dc5df0f",
    "color" : "#FFFFFF",
    "position" : {
      "x" : -3.618034,
      "y" : -27.18034,
      "z" : 14.708204
    }
  }, {
    "shape" : "9265b33d-3115-4b1b-ac5a-6da20dc5df0f",
    "color" : "#0033CC",
    "position" : {
      "x" : -10.472136,
      "y" : -10.472136,
      "z" : 20.944271
    }
  }, {
    "shape" : "9265b33d-3115-4b1b-ac5a-6da20dc5df0f",
    "color" : "#FFFFFF",
    "position" : {
      "x" : 10.472136,
      "y" : -5.236068,
      "z" : 0.0
    }
  }, {
    "shape" : "dc5410e9-6bb6-4475-88f8-29934ca050b8",
    "color" : "#007695",
    "position" : {
      "x" : 5.236068,
      "y" : -10.472136,
      "z" : 5.236068
    },
    "orientation" : 1
  }, {
    "shape" : "9265b33d-3115-4b1b-ac5a-6da20dc5df0f",
    "color" : "#FFFFFF",
    "position" : {
      "x" : -3.618034,
      "y" : -11.472136,
      "z" : -1.0
    }
  }, {
    "shape" : "9265b33d-3115-4b1b-ac5a-6da20dc5df0f",
    "color" : "#CC0000",
    "position" : {
      "x" : -2.618034,
      "y" : -13.09017,
      "z" : 2.618034
    }
  }, {
    "shape" : "9265b33d-3115-4b1b-ac5a-6da20dc5df0f",
    "color" : "#0033CC",
    "position" : {
      "x" : 15.708204,
      "y" : -26.18034,
      "z" : 10.472136
    }
  }, {
    "shape" : "31e17185-6d46-44f4-b5df-8c59e10667d8",
    "color" : "#FFCCCC",
    "position" : {
      "x" : -13.09017,
      "y" : -7.854102,
      "z" : 7.854102
    },
    "orientation" : 0
  }, {
    "shape" : "9265b33d-3115-4b1b-ac5a-6da20dc5df0f",
    "color" : "#FFFFFF",
    "position" : {
      "x" : 20.944271,
      "y" : -20.944271,
      "z" : 5.236068
    }
  }, {
    "shape" : "dc5410e9-6bb6-4475-88f8-29934ca050b8",
    "color" : "#007695",
    "position" : {
      "x" : -5.236068,
      "y" : -5.236068,
      "z" : 10.472136
    },
    "orientation" : 16
  }, {
    "shape" : "b8b4245a-0520-499a-8eef-5c2ce22ebe32",
    "color" : "#F0A000",
    "position" : {
      "x" : -5.236068,
      "y" : -10.472136,
      "z" : 10.472136
    },
    "orientation" : 19
  }, {
    "shape" : "b8b4245a-0520-499a-8eef-5c2ce22ebe32",
    "color" : "#F0A000",
    "position" : {
      "x" : -5.236068,
      "y" : -15.708204,
      "z" : 15.708204
    },
    "orientation" : 19
  }, {
    "shape" : "dc5410e9-6bb6-4475-88f8-29934ca050b8",
    "color" : "#007695",
    "position" : {
      "x" : 5.236068,
      "y" : -10.472136,
      "z" : 5.236068
    },
    "orientation" : 45
  }, {
    "shape" : "9265b33d-3115-4b1b-ac5a-6da20dc5df0f",
    "color" : "#FFFFFF",
    "position" : {
      "x" : -1.0,
      "y" : -16.708204,
      "z" : 1.618034
    }
  }, {
    "shape" : "d030ca29-a40c-4f8d-9945-c9c68456eb1a",
    "color" : "#99FF99",
    "position" : {
      "x" : 9.472136,
      "y" : -29.798374,
      "z" : 4.236068
    },
    "orientation" : 2
  }, {
    "shape" : "9265b33d-3115-4b1b-ac5a-6da20dc5df0f",
