{
  "field" : "golden",
  "symmetry" : "icosahedral",
  "orientations" : [ [ 1.0, 0.0, 0.0, 0.0, 0.0, 1.0, 0.0, 0.0, 0.0, 0.0, 1.0, 0.0, 0.0, 0.0, 0.0, 1.0 ], [ 0.0, 0.0, 1.0, 0.0, 1.0, 0.0, 0.0, 0.0, 0.0, 1.0, 0.0, 0.0, 0.0, 0.0, 0.0, 1.0 ], [ 0.0, 1.0, 0.0, 0.0, 0.0, 0.0, 1.0, 0.0, 1.0, 0.0, 0.0, 0.0, 0.0, 0.0, 0.0, 1.0 ], [ 0.809017, 0.309017, 0.5, 0.0, 0.309017, 0.5, -0.809017, 0.0, -0.5, 0.809017, 0.309017, 0.0, 0.0, 0.0, 0.0, 1.0 ], [ -0.5, 0.809017, 0.309017, 0.0, 0.809017, 0.309017, 0.5, 0.0, 0.309017, 0.5, -0.809017, 0.0, 0.0, 0.0, 0.0, 1.0 ], [ 0.309017, 0.5, -0.809017, 0.0, -0.5, 0.809017, 0.309017, 0.0, 0.809017, 0.309017, 0.5, 0.0, 0.0, 0.0, 0.0, 1.0 ], [ 0.5, 0.809017, 0.309017, 0.0, 0.809017, -0.309017, -0.5, 0.0, -0.309017, 0.5, -0.809017, 0.0, 0.0, 0.0, 0.0, 1.0 ], [ -0.309017, 0.5, -0.809017, 0.0, 0.5, 0.809017, 0.309017, 0.0, 0.809017, -0.309017, -0.5, 0.0, 0.0, 0.0, 0.0, 1.0 ], [ 0.809017, -0.309017, -0.5, 0.0, -0.309017, 0.5, -0.809017, 0.0, 0.5, 0.809017, 0.309017, 0.0, 0.0, 0.0, 0.0, 1.0 ], [ 0.5, 0.809017, -0.309017, 0.0, 0.809017, -0.309017, 0.5, 0.0, 0.309017, -0.5, -0.809017, 0.0, 0.0, 0.0, 0.0, 1.0 ], [ 0.309017, -0.5, -0.809017, 0.0, 0.5, 0.809017, -0.309017, 0.0, 0.809017, -0.309017, 0.5, 0.0, 0.0, 0.0, 0.0, 1.0 ], [ 0.809017, -0.309017, 0.5, 0.0, 0.309017, -0.5, -0.809017, 0.0, 0.5, 0.809017, -0.309017, 0.0, 0.0, 0.0, 0.0, 1.0 ], [ 0.809017, 0.309017, -0.5, 0.0, 0.309017, 0.5, 0.809017, 0.0, 0.5, -0.809017, 0.309017, 0.0, 0.0, 0.0, 0.0, 1.0 ], [ 0.5, -0.809017, 0.309017, 0.0, 0.809017, 0.309017, -0.5, 0.0, 0.309017, 0.5, 0.809017, 0.0, 0.0, 0.0, 0.0, 1.0 ], [ 0.309017, 0.5, 0.809017, 0.0, 0.5, -0.809017, 0.309017, 0.0, 0.809017, 0.309017, -0.5, 0.0, 0.0, 0.0, 0.0, 1.0 ], [ 1.0, 0.0, 0.0, 0.0, 0.0, -1.0, 0.0, 0.0, 0.0, 0.0, -1.0, 0.0, 0.0, 0.0, 0.0, 1.0 ], [ 0.0, 0.0, 1.0, 0.0, -1.0, 0.0, 0.0, 0.0, 0.0, -1.0, 0.0, 0.0, 0.0, 0.0, 0.0, 1.0 ], [ 0.0, 1.0, 0.0, 0.0, 0.0, 0.0, -1.0, 0.0, -1.0, 0.0, 0.0, 0.0, 0.0, 0.0, 0.0, 1.0 ], [ 0.809017, 0.309017, 0.5, 0.0, -0.309017, -0.5, 0.809017, 0.0, 0.5, -0.809017, -0.309017, 0.0, 0.0, 0.0, 0.0, 1.0 ], [ -0.5, 0.809017, 0.309017, 0.0, -0.809017, -0.309017, -0.5, 0.0, -0.309017, -0.5, 0.809017, 0.0, 0.0, 0.0, 0.0, 1.0 ], [ 0.309017, 0.5, -0.809017, 0.0, 0.5, -0.809017, -0.309017, 0.0, -0.809017, -0.309017, -0.5, 0.0, 0.0, 0.0, 0.0, 1.0 ], [ 0.5, 0.809017, 0.309017, 0.0, -0.809017, 0.309017, 0.5, 0.0, 0.309017, -0.5, 0.809017, 0.0, 0.0, 0.0, 0.0, 1.0 ], [ -0.309017, 0.5, -0.809017, 0.0, -0.5, -0.809017, -0.309017, 0.0, -0.809017, 0.309017, 0.5, 0.0, 0.0, 0.0, 0.0, 1.0 ], [ 0.809017, -0.309017, -0.5, 0.0, 0.309017, -0.5, 0.809017, 0.0, -0.5, -0.809017, -0.309017, 0.0, 0.0, 0.0, 0.0, 1.0 ], [ 0.5, 0.809017, -0.309017, 0.0, -0.809017, 0.309017, -0.5, 0.0, -0.309017, 0.5, 0.809017, 0.0, 0.0, 0.0, 0.0, 1.0 ], [ 0.309017, -0.5, -0.809017, 0.0, -0.5, -0.809017, 0.309017, 0.0, -0.809017, 0.309017, -0.5, 0.0, 0.0, 0.0, 0.0, 1.0 ], [ 0.809017, -0.309017, 0.5, 0.0, -0.309017, 0.5, 0.809017, 0.0, -0.5, -0.809017, 0.309017, 0.0, 0.0, 0.0, 0.0, 1.0 ], [ 0.809017, 0.309017, -0.5, 0.0, -0.309017, -0.5, -0.809017, 0.0, -0.5, 0.809017, -0.309017, 0.0, 0.0, 0.0, 0.0, 1.0 ], [ 0.5, -0.809017, 0.309017, 0.0, -0.809017, -0.309017, 0.5, 0.0, -0.309017, -0.5, -0.809017, 0.0, 0.0, 0.0, 0.0, 1.0 ], [ 0.309017, 0.5, 0.809017, 0.0, -0.5, 0.809017, -0.309017, 0.0, -0.809017, -0.309017, 0.5, 0.0, 0.0, 0.0, 0.0, 1.0 ], [ -1.0, 0.0, 0.0, 0.0, 0.0, -1.0, 0.0, 0.0, 0.0, 0.0, 1.0, 0.0, 0.0, 0.0, 0.0, 1.0 ], [ 0.0, 0.0, -1.0, 0.0, -1.0, 0.0, 0.0, 0.0, 0.0, 1.0, 0.0, 0.0, 0.0, 0.0, 0.0, 1.0 ], [ 0.0, -1.0, 0.0, 0.0, 0.0, 0.0, -1.0, 0.0, 1.0, 0.0, 0.0, 0.0, 0.0, 0.0, 0.0, 1.0 ], [ -0.809017, -0.309017, -0.5, 0.0, -0.309017, -0.5, 0.809017, 0.0, -0.5, 0.809017, 0.309017, 0.0, 0.0, 0.0, 0.0, 1.0 ], [ 0.5, -0.809017, -0.309017, 0.0, -0.809017, -0.309017, -0.5, 0.0, 0.309017, 0.5, -0.809017, 0.0, 0.0, 0.0, 0.0, 1.0 ], [ -0.309017, -0.5, 0.809017, 0.0, 0.5, -0.809017, -0.309017, 0.0, 0.809017, 0.309017, 0.5, 0.0, 0.0, 0.0, 0.0, 1.0 ], [ -0.5, -0.809017, -0.309017, 0.0, -0.809017, 0.309017, 0.5, 0.0, -0.309017, 0.5, -0.809017, 0.0, 0.0, 0.0, 0.0, 1.0 ], [ 0.309017, -0.5, 0.809017, 0.0, -0.5, -0.809017, -0.309017, 0.0, 0.809017, -0.309017, -0.5, 0.0, 0.0, 0.0, 0.0, 1.0 ], [ -0.809017, 0.309017, 0.5, 0.0, 0.309017, -0.5, 0.809017, 0.0, 0.5, 0.809017, 0.309017, 0.0, 0.0, 0.0, 0.0, 1.0 ], [ -0.5, -0.809017, 0.309017, 0.0, -0.809017, 0.309017, -0.5, 0.0, 0.309017, -0.5, -0.809017, 0.0, 0.0, 0.0, 0.0, 1.0 ], [ -0.309017, 0.5, 0.809017, 0.0, -0.5, -0.809017, 0.309017, 0.0, 0.809017, -0.309017, 0.5, 0.0, 0.0, 0.0, 0.0, 1.0 ], [ -0.809017, 0.309017, -0.5, 0.0, -0.309017, 0.5, 0.809017, 0.0, 0.5, 0.809017, -0.309017, 0.0, 0.0, 0.0, 0.0, 1.0 ], [ -0.809017, -0.309017, 0.5, 0.0, -0.309017, -0.5, -0.809017, 0.0, 0.5, -0.809017, 0.309017, 0.0, 0.0, 0.0, 0.0, 1.0 ], [ -0.5, 0.809017, -0.309017, 0.0, -0.809017, -0.309017, 0.5, 0.0, 0.309017, 0.5, 0.809017, 0.0, 0.0, 0.0, 0.0, 1.0 ], [ -0.309017, -0.5, -0.809017, 0.0, -0.5, 0.809017, -0.309017, 0.0, 0.809017, 0.309017, -0.5, 0.0, 0.0, 0.0, 0.0, 1.0 ], [ -1.0, 0.0, 0.0, 0.0, 0.0, 1.0, 0.0, 0.0, 0.0, 0.0, -1.0, 0.0, 0.0, 0.0, 0.0, 1.0 ], [ 0.0, 0.0, -1.0, 0.0, 1.0, 0.0, 0.0, 0.0, 0.0, -1.0, 0.0, 0.0, 0.0, 0.0, 0.0, 1.0 ], [ 0.0, -1.0, 0.0, 0.0, 0.0, 0.0, 1.0, 0.0, -1.0, 0.0, 0.0, 0.0, 0.0, 0.0, 0.0, 1.0 ], [ -0.809017, -0.309017, -0.5, 0.0, 0.309017, 0.5, -0.809017, 0.0, 0.5, -0.809017, -0.309017, 0.0, 0.0, 0.0, 0.0, 1.0 ], [ 0.5, -0.809017, -0.309017, 0.0, 0.809017, 0.309017, 0.5, 0.0, -0.309017, -0.5, 0.809017, 0.0, 0.0, 0.0, 0.0, 1.0 ], [ -0.309017, -0.5, 0.809017, 0.0, -0.5, 0.809017, 0.309017, 0.0, -0.809017, -0.309017, -0.5, 0.0, 0.0, 0.0, 0.0, 1.0 ], [ -0.5, -0.809017, -0.309017, 0.0, 0.809017, -0.309017, -0.5, 0.0, 0.309017, -0.5, 0.809017, 0.0, 0.0, 0.0, 0.0, 1.0 ], [ 0.309017, -0.5, 0.809017, 0.0, 0.5, 0.809017, 0.309017, 0.0, -0.809017, 0.309017, 0.5, 0.0, 0.0, 0.0, 0.0, 1.0 ], [ -0.809017, 0.309017, 0.5, 0.0, -0.309017, 0.5, -0.809017, 0.0, -0.5, -0.809017, -0.309017, 0.0, 0.0, 0.0, 0.0, 1.0 ], [ -0.5, -0.809017, 0.309017, 0.0, 0.809017, -0.309017, 0.5, 0.0, -0.309017, 0.5, 0.809017, 0.0, 0.0, 0.0, 0.0, 1.0 ], [ -0.309017, 0.5, 0.809017, 0.0, 0.5, 0.809017, -0.309017, 0.0, -0.809017, 0.309017, -0.5, 0.0, 0.0, 0.0, 0.0, 1.0 ], [ -0.809017, 0.309017, -0.5, 0.0, 0.309017, -0.5, -0.809017, 0.0, -0.5, -0.809017, 0.309017, 0.0, 0.0, 0.0, 0.0, 1.0 ], [ -0.809017, -0.309017, 0.5, 0.0, 0.309017, 0.5, 0.809017, 0.0, -0.5, 0.809017, -0.309017, 0.0, 0.0, 0.0, 0.0, 1.0 ], [ -0.5, 0.809017, -0.309017, 0.0, 0.809017, 0.309017, -0.5, 0.0, -0.309017, -0.5, -0.809017, 0.0, 0.0, 0.0, 0.0, 1.0 ], [ -0.309017, -0.5, -0.809017, 0.0, 0.5, -0.809017, 0.309017, 0.0, -0.809017, -0.309017, 0.5, 0.0, 0.0, 0.0, 0.0, 1.0 ] ],
  "lights" : {
    "directionalLights" : [ {
      "direction" : {
        "x" : 1.0,
        "y" : -1.0,
        "z" : -1.0
      },
      "color" : "#EBEBE4"
    }, {
      "direction" : {
        "x" : -1.0,
        "y" : 0.0,
        "z" : 0.0
      },
      "color" : "#E4E4EB"
    }, {
      "direction" : {
        "x" : 0.0,
        "y" : 0.0,
        "z" : -1.0
      },
      "color" : "#1E1E1E"
    } ],
    "ambientColor" : "#292929",
    "backgroundColor" : "#AFC8DC"
  },
  "camera" : {
    "viewDistance" : 383.32358,
    "nearClipDistance" : 0.95831025,
    "farClipDistance" : 766.6458,
    "lookAtPoint" : {
      "x" : 0.0,
      "y" : 0.0,
      "z" : 0.0
    },
    "fieldOfView" : 0.4426293,
    "perspective" : true,
    "width" : 172.49577,
    "position" : {
      "x" : 219.27942,
      "y" : -300.99567,
      "z" : 90.86478
    },
    "lookDirection" : {
      "x" : -0.5720478,
      "y" : 0.7852261,
      "z" : -0.23704459
    },
    "upDirection" : {
      "x" : 0.22546117,
      "y" : 0.42839676,
      "z" : 0.87501395
    },
    "stereo" : false
  },
  "embedding" : [ 1.0, 0.0, 0.0, 0.0, 0.0, 1.0, 0.0, 0.0, 0.0, 0.0, 1.0, 0.0, 0.0, 0.0, 0.0, 1.0 ],
  "shapes" : [ {
    "id" : "ea6aed27-fdd4-46a3-96e6-3da3b607bd1e",
    "vertices" : [ {
      "x" : 0.309017,
      "y" : -0.809017,
      "z" : 0.618034
    }, {
      "x" : 0.809017,
      "y" : -0.618034,
      "z" : 0.309017
    }, {
      "x" : 0.618034,
      "y" : -0.309017,
      "z" : 0.809017
    }, {
      "x" : 1.0,
      "y" : 0.309017,
      "z" : 0.19098301
    }, {
      "x" : 0.809017,
      "y" : 0.618034,
      "z" : 0.309017
    }, {
      "x" : 0.618034,
      "y" : 0.309017,
      "z" : 0.809017
    }, {
      "x" : 0.809017,
      "y" : 0.0,
      "z" : 0.690983
    }, {
      "x" : 0.19098301,
      "y" : -1.0,
      "z" : 0.309017
    }, {
      "x" : -0.19098301,
      "y" : -1.0,
      "z" : 0.309017
    }, {
      "x" : -0.19098301,
      "y" : -1.0,
      "z" : -0.309017
    }, {
      "x" : 0.19098301,
      "y" : -1.0,
      "z" : -0.309017
    }, {
      "x" : 1.0,
      "y" : -0.309017,
      "z" : -0.19098301
    }, {
      "x" : 0.809017,
      "y" : -0.618034,
      "z" : -0.309017
    }, {
      "x" : 0.618034,
      "y" : -0.309017,
      "z" : -0.809017
    }, {
      "x" : 0.809017,
      "y" : 0.0,
      "z" : -0.690983
    }, {
      "x" : 0.0,
      "y" : 0.690983,
      "z" : -0.809017
    }, {
      "x" : 0.309017,
      "y" : 0.809017,
      "z" : -0.618034
    }, {
      "x" : 0.618034,
      "y" : 0.309017,
      "z" : -0.809017
    }, {
      "x" : 0.309017,
      "y" : 0.19098301,
      "z" : -1.0
    }, {
      "x" : 1.0,
      "y" : 0.309017,
      "z" : -0.19098301
    }, {
      "x" : -0.309017,
      "y" : -0.809017,
      "z" : 0.618034
    }, {
      "x" : 0.0,
      "y" : -0.690983,
      "z" : 0.809017
    }, {
      "x" : 0.809017,
      "y" : 0.618034,
      "z" : -0.309017
    }, {
      "x" : 0.690983,
      "y" : 0.809017,
      "z" : 0.0
    }, {
      "x" : -0.690983,
      "y" : 0.809017,
      "z" : 0.0
    }, {
      "x" : -0.809017,
      "y" : 0.618034,
      "z" : 0.309017
    }, {
      "x" : -0.309017,
      "y" : 0.809017,
      "z" : 0.618034
    }, {
      "x" : -0.19098301,
      "y" : 1.0,
      "z" : 0.309017
    }, {
      "x" : 0.309017,
      "y" : -0.19098301,
      "z" : -1.0
    }, {
      "x" : 0.19098301,
      "y" : 1.0,
      "z" : 0.309017
    }, {
      "x" : 0.309017,
      "y" : 0.809017,
      "z" : 0.618034
    }, {
      "x" : -0.809017,
      "y" : -0.618034,
      "z" : 0.309017
    }, {
      "x" : -0.690983,
      "y" : -0.809017,
      "z" : 0.0
    }, {
      "x" : 0.0,
      "y" : 0.690983,
      "z" : 0.809017
    }, {
      "x" : 0.309017,
      "y" : -0.809017,
      "z" : -0.618034
    }, {
      "x" : 0.0,
      "y" : -0.690983,
      "z" : -0.809017
    }, {
      "x" : -1.0,
      "y" : 0.309017,
      "z" : 0.19098301
    }, {
      "x" : -0.809017,
      "y" : 0.0,
      "z" : 0.690983
    }, {
      "x" : -0.618034,
      "y" : 0.309017,
      "z" : 0.809017
    }, {
      "x" : 1.0,
      "y" : -0.309017,
      "z" : 0.19098301
    }, {
      "x" : -0.309017,
      "y" : -0.809017,
      "z" : -0.618034
    }, {
      "x" : -1.0,
      "y" : 0.309017,
      "z" : -0.19098301
    }, {
      "x" : -1.0,
      "y" : -0.309017,
      "z" : -0.19098301
    }, {
      "x" : -1.0,
      "y" : -0.309017,
      "z" : 0.19098301
    }, {
      "x" : 0.19098301,
      "y" : 1.0,
      "z" : -0.309017
    }, {
      "x" : -0.809017,
      "y" : 0.618034,
      "z" : -0.309017
    }, {
      "x" : -0.19098301,
      "y" : 1.0,
      "z" : -0.309017
    }, {
      "x" : -0.309017,
      "y" : 0.809017,
      "z" : -0.618034
    }, {
      "x" : -0.618034,
      "y" : -0.309017,
      "z" : 0.809017
    }, {
      "x" : 0.309017,
      "y" : 0.19098301,
      "z" : 1.0
    }, {
      "x" : -0.309017,
      "y" : 0.19098301,
      "z" : -1.0
    }, {
      "x" : -0.309017,
      "y" : 0.19098301,
      "z" : 1.0
    }, {
      "x" : -0.309017,
      "y" : -0.19098301,
      "z" : 1.0
    }, {
      "x" : 0.309017,
      "y" : -0.19098301,
      "z" : 1.0
    }, {
      "x" : 0.690983,
      "y" : -0.809017,
      "z" : 0.0
    }, {
      "x" : -0.809017,
      "y" : 0.0,
      "z" : -0.690983
    }, {
      "x" : -0.618034,
      "y" : -0.309017,
      "z" : -0.809017
    }, {
      "x" : -0.309017,
      "y" : -0.19098301,
      "z" : -1.0
    }, {
      "x" : -0.618034,
      "y" : 0.309017,
      "z" : -0.809017
    }, {
      "x" : -0.809017,
      "y" : -0.618034,
      "z" : -0.309017
    } ],
    "faces" : [ {
      "vertices" : [ 9, 40, 35 ]
    }, {
      "vertices" : [ 9, 35, 34 ]
    }, {
      "vertices" : [ 9, 34, 10 ]
    }, {
      "vertices" : [ 0, 1, 2 ]
    }, {
      "vertices" : [ 33, 51, 49 ]
    }, {
      "vertices" : [ 25, 36, 37 ]
    }, {
      "vertices" : [ 25, 37, 38 ]
    }, {
      "vertices" : [ 41, 55, 42 ]
    }, {
      "vertices" : [ 9, 32, 59 ]
    }, {
      "vertices" : [ 9, 59, 40 ]
    }, {
      "vertices" : [ 20, 21, 52 ]
    }, {
      "vertices" : [ 20, 52, 48 ]
    }, {
      "vertices" : [ 26, 33, 30 ]
    }, {
      "vertices" : [ 26, 30, 29 ]
    }, {
      "vertices" : [ 26, 29, 27 ]
    }, {
      "vertices" : [ 3, 4, 5 ]
    }, {
      "vertices" : [ 3, 5, 6 ]
    }, {
      "vertices" : [ 27, 29, 44 ]
    }, {
      "vertices" : [ 27, 44, 46 ]
    }, {
      "vertices" : [ 50, 57, 56 ]
    }, {
      "vertices" : [ 50, 56, 55 ]
    }, {
      "vertices" : [ 50, 55, 58 ]
    }, {
      "vertices" : [ 26, 38, 51 ]
    }, {
      "vertices" : [ 26, 51, 33 ]
    }, {
      "vertices" : [ 45, 47, 58 ]
    }, {
      "vertices" : [ 18, 28, 57 ]
    }, {
      "vertices" : [ 18, 57, 50 ]
    }, {
      "vertices" : [ 40, 59, 56 ]
    }, {
      "vertices" : [ 31, 48, 37 ]
    }, {
      "vertices" : [ 31, 37, 43 ]
    }, {
      "vertices" : [ 7, 8, 9 ]
    }, {
      "vertices" : [ 7, 9, 10 ]
    }, {
      "vertices" : [ 36, 41, 42 ]
    }, {
      "vertices" : [ 36, 42, 43 ]
    }, {
      "vertices" : [ 24, 46, 47 ]
    }, {
      "vertices" : [ 24, 47, 45 ]
    }, {
      "vertices" : [ 4, 30, 5 ]
    }, {
      "vertices" : [ 15, 47, 46 ]
    }, {
      "vertices" : [ 15, 46, 44 ]
    }, {
      "vertices" : [ 15, 44, 16 ]
    }, {
      "vertices" : [ 15, 50, 58 ]
    }, {
      "vertices" : [ 15, 58, 47 ]
    }, {
      "vertices" : [ 24, 45, 41 ]
    }, {
      "vertices" : [ 24, 41, 36 ]
    }, {
      "vertices" : [ 24, 36, 25 ]
    }, {
      "vertices" : [ 11, 14, 19 ]
    }, {
      "vertices" : [ 3, 6, 39 ]
    }, {
      "vertices" : [ 1, 39, 6 ]
    }, {
      "vertices" : [ 1, 6, 2 ]
    }, {
      "vertices" : [ 8, 32, 9 ]
    }, {
      "vertices" : [ 11, 12, 13 ]
    }, {
      "vertices" : [ 11, 13, 14 ]
    }, {
      "vertices" : [ 16, 22, 17 ]
    }, {
      "vertices" : [ 0, 21, 20 ]
    }, {
      "vertices" : [ 0, 20, 8 ]
    }, {
      "vertices" : [ 0, 8, 7 ]
    }, {
      "vertices" : [ 12, 34, 13 ]
    }, {
      "vertices" : [ 35, 40, 56 ]
    }, {
      "vertices" : [ 35, 56, 57 ]
    }, {
      "vertices" : [ 0, 7, 54 ]
    }, {
      "vertices" : [ 0, 54, 1 ]
    }, {
      "vertices" : [ 15, 16, 17 ]
    }, {
      "vertices" : [ 15, 17, 18 ]
    }, {
      "vertices" : [ 3, 19, 22 ]
    }, {
      "vertices" : [ 3, 22, 23 ]
    }, {
      "vertices" : [ 3, 23, 4 ]
    }, {
      "vertices" : [ 7, 10, 54 ]
    }, {
      "vertices" : [ 41, 45, 58 ]
    }, {
      "vertices" : [ 41, 58, 55 ]
    }, {
      "vertices" : [ 3, 39, 11 ]
    }, {
      "vertices" : [ 3, 11, 19 ]
    }, {
      "vertices" : [ 14, 17, 22 ]
    }, {
      "vertices" : [ 14, 22, 19 ]
    }, {
      "vertices" : [ 0, 2, 53 ]
    }, {
      "vertices" : [ 0, 53, 21 ]
    }, {
      "vertices" : [ 49, 51, 52 ]
    }, {
      "vertices" : [ 49, 52, 53 ]
    }, {
      "vertices" : [ 31, 43, 42 ]
    }, {
      "vertices" : [ 31, 42, 59 ]
    }, {
      "vertices" : [ 31, 59, 32 ]
    }, {
      "vertices" : [ 15, 18, 50 ]
    }, {
      "vertices" : [ 42, 55, 56 ]
    }, {
      "vertices" : [ 42, 56, 59 ]
    }, {
      "vertices" : [ 4, 23, 29 ]
    }, {
      "vertices" : [ 4, 29, 30 ]
    }, {
      "vertices" : [ 25, 38, 26 ]
    }, {
      "vertices" : [ 13, 28, 18 ]
    }, {
      "vertices" : [ 13, 18, 17 ]
    }, {
      "vertices" : [ 13, 17, 14 ]
    }, {
      "vertices" : [ 8, 20, 31 ]
    }, {
      "vertices" : [ 8, 31, 32 ]
    }, {
      "vertices" : [ 23, 44, 29 ]
    }, {
      "vertices" : [ 24, 27, 46 ]
    }, {
      "vertices" : [ 37, 48, 52 ]
    }, {
      "vertices" : [ 37, 52, 51 ]
    }, {
      "vertices" : [ 37, 51, 38 ]
    }, {
      "vertices" : [ 20, 48, 31 ]
    }, {
      "vertices" : [ 24, 25, 26 ]
    }, {
      "vertices" : [ 24, 26, 27 ]
    }, {
      "vertices" : [ 16, 44, 23 ]
    }, {
      "vertices" : [ 16, 23, 22 ]
    }, {
      "vertices" : [ 13, 34, 35 ]
    }, {
      "vertices" : [ 13, 35, 28 ]
    }, {
      "vertices" : [ 10, 34, 12 ]
    }, {
      "vertices" : [ 10, 12, 54 ]
    }, {
      "vertices" : [ 2, 6, 5 ]
    }, {
      "vertices" : [ 2, 5, 49 ]
    }, {
      "vertices" : [ 2, 49, 53 ]
    }, {
      "vertices" : [ 36, 43, 37 ]
    }, {
      "vertices" : [ 5, 30, 33 ]
    }, {
      "vertices" : [ 5, 33, 49 ]
    }, {
      "vertices" : [ 1, 54, 12 ]
    }, {
      "vertices" : [ 1, 12, 11 ]
    }, {
      "vertices" : [ 1, 11, 39 ]
    }, {
      "vertices" : [ 28, 35, 57 ]
    }, {
      "vertices" : [ 21, 53, 52 ]
    } ]
  }, {
    "id" : "60a0b8cc-c73c-423d-9ad4-4aaf2683b8b4",
    "vertices" : [ {
      "x" : 1.7135255,
      "y" : 0.4635255,
      "z" : -0.36803398
    }, {
      "x" : 2.736068,
      "y" : 0.5,
      "z" : -0.5
    }, {
      "x" : 1.7135255,
      "y" : 0.4635255,
      "z" : 0.013932022
    }, {
      "x" : 1.5225425,
      "y" : 0.7725425,
      "z" : -0.48606798
    }, {
      "x" : 1.5225425,
      "y" : 0.7725425,
      "z" : -0.10410196
    }, {
      "x" : 0.809017,
      "y" : 0.618034,
      "z" : 0.309017
    }, {
      "x" : 1.0,
      "y" : 0.309017,
      "z" : 0.19098301
    }, {
      "x" : 1.9045085,
      "y" : 0.5364745,
      "z" : -0.013932022
    }, {
      "x" : 2.427051,
      "y" : 1.0,
      "z" : -0.690983
    }, {
      "x" : 2.618034,
      "y" : 0.690983,
      "z" : -0.809017
    }, {
      "x" : 2.618034,
      "y" : 0.690983,
      "z" : -0.19098301
    }, {
      "x" : 2.427051,
      "y" : 1.0,
      "z" : -0.309017
    }, {
      "x" : 1.7135255,
      "y" : 0.8454915,
      "z" : -0.13196601
    }, {
      "x" : 0.690983,
      "y" : 0.809017,
      "z" : 0.0
    }, {
      "x" : 1.9045085,
      "y" : 0.5364745,
      "z" : -0.39589804
    }, {
      "x" : 1.7135255,
      "y" : 0.8454915,
      "z" : -0.51393205
    }, {
      "x" : 0.809017,
      "y" : 0.618034,
      "z" : -0.309017
    }, {
      "x" : 1.0,
      "y" : 0.309017,
      "z" : -0.19098301
    }, {
      "x" : 3.427051,
      "y" : 1.309017,
      "z" : -0.5
    } ],
    "faces" : [ {
      "vertices" : [ 0, 14, 15 ]
    }, {
      "vertices" : [ 0, 15, 3 ]
    }, {
      "vertices" : [ 3, 15, 12 ]
    }, {
      "vertices" : [ 3, 12, 4 ]
    }, {
      "vertices" : [ 0, 1, 2 ]
    }, {
      "vertices" : [ 12, 15, 13 ]
    }, {
      "vertices" : [ 0, 9, 1 ]
    }, {
      "vertices" : [ 0, 3, 9 ]
    }, {
      "vertices" : [ 13, 15, 16 ]
    }, {
      "vertices" : [ 6, 17, 14 ]
    }, {
      "vertices" : [ 6, 14, 7 ]
    }, {
      "vertices" : [ 1, 10, 2 ]
    }, {
      "vertices" : [ 5, 6, 7 ]
    }, {
      "vertices" : [ 3, 8, 9 ]
    }, {
      "vertices" : [ 0, 2, 7 ]
    }, {
      "vertices" : [ 0, 7, 14 ]
    }, {
      "vertices" : [ 5, 7, 12 ]
    }, {
      "vertices" : [ 2, 4, 12 ]
    }, {
      "vertices" : [ 2, 12, 7 ]
    }, {
      "vertices" : [ 3, 4, 11 ]
    }, {
      "vertices" : [ 3, 11, 8 ]
    }, {
      "vertices" : [ 2, 10, 11 ]
    }, {
      "vertices" : [ 2, 11, 4 ]
    }, {
      "vertices" : [ 5, 12, 13 ]
    }, {
      "vertices" : [ 14, 17, 16 ]
    }, {
      "vertices" : [ 14, 16, 15 ]
    } ]
  }, {
    "id" : "58c67da3-9a14-4b2a-aa4e-133786c0b323",
    "vertices" : [ {
      "x" : 4.236068,
      "y" : 0.309017,
      "z" : 0.19098301
    }, {
      "x" : 4.236068,
      "y" : 0.309017,
      "z" : -0.19098301
    }, {
      "x" : 1.0,
      "y" : 0.309017,
      "z" : -0.19098301
    }, {
      "x" : 1.0,
      "y" : 0.309017,
      "z" : 0.19098301
    }, {
      "x" : 4.236068,
      "y" : -0.309017,
      "z" : 0.19098301
    }, {
      "x" : 1.0,
      "y" : -0.309017,
      "z" : 0.19098301
    }, {
      "x" : 1.0,
      "y" : -0.309017,
      "z" : -0.19098301
    }, {
      "x" : 4.236068,
      "y" : -0.309017,
      "z" : -0.19098301
    }, {
      "x" : 5.236068,
      "y" : 0.0,
      "z" : 0.0
    } ],
    "faces" : [ {
      "vertices" : [ 1, 7, 6 ]
    }, {
      "vertices" : [ 1, 6, 2 ]
    }, {
      "vertices" : [ 0, 1, 2 ]
    }, {
      "vertices" : [ 0, 2, 3 ]
    }, {
      "vertices" : [ 4, 5, 6 ]
    }, {
      "vertices" : [ 4, 6, 7 ]
    }, {
      "vertices" : [ 0, 3, 5 ]
    }, {
      "vertices" : [ 0, 5, 4 ]
    } ]
  }, {
    "id" : "20aa6e22-67cf-4e35-8281-81fd578fd53c",
    "vertices" : [ {
      "x" : 0.809017,
      "y" : 0.0,
      "z" : -0.690983
    }, {
      "x" : 1.0,
      "y" : 0.309017,
      "z" : -0.19098301
    }, {
      "x" : 1.309017,
      "y" : 0.309017,
      "z" : -0.309017
    }, {
      "x" : 1.118034,
      "y" : 0.0,
      "z" : -0.809017
    }, {
      "x" : 3.236068,
      "y" : 0.309017,
      "z" : -1.427051
    }, {
      "x" : 1.0,
      "y" : -0.309017,
      "z" : -0.19098301
    }, {
      "x" : 1.309017,
      "y" : -0.309017,
      "z" : -0.309017
    }, {
      "x" : 2.927051,
      "y" : 0.309017,
      "z" : -1.309017
    }, {
      "x" : 3.118034,
      "y" : 0.0,
      "z" : -0.809017
    }, {
      "x" : 4.236068,
      "y" : 0.0,
      "z" : -1.618034
    }, {
      "x" : 2.927051,
      "y" : -0.309017,
      "z" : -1.309017
    }, {
      "x" : 3.427051,
      "y" : 0.0,
      "z" : -0.927051
    }, {
      "x" : 3.236068,
      "y" : -0.309017,
      "z" : -1.427051
    } ],
    "faces" : [ {
      "vertices" : [ 2, 6, 8 ]
    }, {
      "vertices" : [ 4, 12, 10 ]
    }, {
      "vertices" : [ 4, 10, 7 ]
    }, {
      "vertices" : [ 2, 8, 7 ]
    }, {
      "vertices" : [ 3, 10, 6 ]
    }, {
      "vertices" : [ 3, 7, 10 ]
    }, {
      "vertices" : [ 0, 1, 2 ]
    }, {
      "vertices" : [ 0, 2, 3 ]
    }, {
      "vertices" : [ 6, 10, 8 ]
    }, {
      "vertices" : [ 8, 10, 12 ]
    }, {
      "vertices" : [ 8, 12, 11 ]
    }, {
      "vertices" : [ 2, 7, 3 ]
    }, {
      "vertices" : [ 0, 3, 6 ]
    }, {
      "vertices" : [ 0, 6, 5 ]
    }, {
      "vertices" : [ 1, 5, 6 ]
    }, {
      "vertices" : [ 1, 6, 2 ]
    }, {
      "vertices" : [ 4, 7, 8 ]
    }, {
      "vertices" : [ 4, 8, 11 ]
    } ]
  }, {
    "id" : "6627b85c-0456-4ed1-afb8-8989c812ec2b",
    "vertices" : [ {
      "x" : 0.5,
      "y" : 0.42705098,
      "z" : 0.309017
    }, {
      "x" : 2.118034,
      "y" : 1.190983,
      "z" : 0.309017
    }, {
      "x" : 1.927051,
      "y" : 1.5,
      "z" : 0.19098301
    }, {
      "x" : 0.809017,
      "y" : 0.618034,
      "z" : -0.309017
    }, {
      "x" : 0.690983,
      "y" : 0.809017,
      "z" : 0.0
    }, {
      "x" : 0.38196602,
      "y" : 0.618034,
      "z" : 0.0
    }, {
      "x" : 0.5,
      "y" : 0.42705098,
      "z" : -0.309017
    }, {
      "x" : 1.809017,
      "y" : 1.0,
      "z" : 0.309017
    }, {
      "x" : 0.690983,
      "y" : 0.11803399,
      "z" : 0.19098301
    }, {
      "x" : 0.690983,
      "y" : 0.11803399,
      "z" : -0.19098301
    }, {
      "x" : 2.236068,
      "y" : 1.0,
      "z" : 0.0
    }, {
      "x" : 2.118034,
      "y" : 1.190983,
      "z" : -0.309017
    }, {
      "x" : 1.927051,
      "y" : 0.809017,
      "z" : 0.0
    }, {
      "x" : 1.0,
      "y" : 0.309017,
      "z" : 0.19098301
    }, {
      "x" : 1.0,
      "y" : 0.309017,
      "z" : -0.19098301
    }, {
      "x" : 0.809017,
      "y" : 0.618034,
      "z" : 0.309017
    }, {
      "x" : 1.618034,
      "y" : 1.309017,
      "z" : 0.19098301
    }, {
      "x" : 1.809017,
      "y" : 1.0,
      "z" : -0.309017
    }, {
      "x" : 1.618034,
      "y" : 1.309017,
      "z" : -0.19098301
    }, {
      "x" : 2.618034,
      "y" : 1.618034,
      "z" : 0.0
    }, {
      "x" : 1.927051,
      "y" : 1.5,
      "z" : -0.19098301
    } ],
    "faces" : [ {
      "vertices" : [ 3, 6, 9 ]
    }, {
      "vertices" : [ 3, 9, 14 ]
    }, {
      "vertices" : [ 11, 20, 18 ]
    }, {
      "vertices" : [ 11, 18, 17 ]
    }, {
      "vertices" : [ 0, 1, 2 ]
    }, {
      "vertices" : [ 0, 15, 13 ]
    }, {
      "vertices" : [ 0, 13, 8 ]
    }, {
      "vertices" : [ 6, 20, 11 ]
    }, {
      "vertices" : [ 0, 2, 5 ]
    }, {
      "vertices" : [ 0, 8, 1 ]
    }, {
      "vertices" : [ 8, 13, 14 ]
    }, {
      "vertices" : [ 8, 14, 9 ]
    }, {
      "vertices" : [ 3, 4, 5 ]
    }, {
      "vertices" : [ 3, 5, 6 ]
    }, {
      "vertices" : [ 10, 11, 17 ]
    }, {
      "vertices" : [ 10, 17, 12 ]
    }, {
      "vertices" : [ 1, 8, 10 ]
    }, {
      "vertices" : [ 0, 5, 4 ]
    }, {
      "vertices" : [ 0, 4, 15 ]
    }, {
      "vertices" : [ 2, 16, 18 ]
    }, {
      "vertices" : [ 2, 18, 20 ]
    }, {
      "vertices" : [ 1, 7, 16 ]
    }, {
      "vertices" : [ 1, 16, 2 ]
    }, {
      "vertices" : [ 6, 11, 9 ]
    }, {
      "vertices" : [ 8, 9, 10 ]
    }, {
      "vertices" : [ 2, 20, 5 ]
    }, {
      "vertices" : [ 9, 11, 10 ]
    }, {
      "vertices" : [ 1, 10, 12 ]
    }, {
      "vertices" : [ 1, 12, 7 ]
    }, {
      "vertices" : [ 5, 20, 6 ]
    } ]
  } ],
  "instances" : [ {
    "shape" : "ea6aed27-fdd4-46a3-96e6-3da3b607bd1e",
    "color" : "#FFFFFF",
    "position" : {
      "x" : 42.242645,
      "y" : -39.315594,
      "z" : -26.107391
    }
  }, {
    "shape" : "60a0b8cc-c73c-423d-9ad4-4aaf2683b8b4",
    "color" : "#008D36",
    "position" : {
      "x" : -23.489357,
      "y" : 41.242645,
      "z" : -41.933628
    },
    "orientation" : 0
  }, {
    "shape" : "58c67da3-9a14-4b2a-aa4e-133786c0b323",
    "color" : "#007695",
    "position" : {
      "x" : 13.208204,
      "y" : 58.8779,
      "z" : 20.253288
    },
    "orientation" : 56
  }, {
    "shape" : "20aa6e22-67cf-4e35-8281-81fd578fd53c",
    "color" : "#F0A000",
    "position" : {
      "x" : 50.714783,
      "y" : 31.843458,
      "z" : -20.871323
    },
    "orientation" : 5
  }, {
    "shape" : "20aa6e22-67cf-4e35-8281-81fd578fd53c",
    "color" : "#F0A000",
    "position" : {
      "x" : -22.68034,
      "y" : -56.259865,
      "z" : -17.635256
    },
    "orientation" : 17
  }, {
    "shape" : "60a0b8cc-c73c-423d-9ad4-4aaf2683b8b4",
    "color" : "#008D36",
    "position" : {
      "x" : -31.843458,
      "y" : -20.871323,
      "z" : 50.714783
    },
    "orientation" : 54
  }, {
    "shape" : "ea6aed27-fdd4-46a3-96e6-3da3b607bd1e",
    "color" : "#FFFFFF",
    "position" : {
      "x" : -53.5238,
      "y" : 8.972136,
      "z" : 32.461494
    }
  }, {
    "shape" : "58c67da3-9a14-4b2a-aa4e-133786c0b323",
    "color" : "#007695",
    "position" : {
      "x" : 8.972136,
      "y" : -29.843458,
      "z" : -55.141834
    },
    "orientation" : 6
  }, {
    "shape" : "60a0b8cc-c73c-423d-9ad4-4aaf2683b8b4",
    "color" : "#008D36",
    "position" : {
      "x" : -8.972136,
      "y" : -29.843458,
      "z" : -55.141834
    },
    "orientation" : 18
  }, {
    "shape" : "58c67da3-9a14-4b2a-aa4e-133786c0b323",
    "color" : "#007695",
    "position" : {
      "x" : -8.972136,
      "y" : 60.495934,
      "z" : -17.635256
    },
    "orientation" : 53
  }, {
    "shape" : "ea6aed27-fdd4-46a3-96e6-3da3b607bd1e",
    "color" : "#FFFFFF",
    "position" : {
      "x" : -16.635256,
      "y" : 55.95085,
      "z" : 24.989357
    }
  }, {
    "shape" : "ea6aed27-fdd4-46a3-96e6-3da3b607bd1e",
    "color" : "#FFFFFF",
    "position" : {
      "x" : 46.478714,
      "y" : -35.079525,
      "z" : -25.107391
    }
  }, {
    "shape" : "6627b85c-0456-4ed1-afb8-8989c812ec2b",
    "color" : "#AF0000",
    "position" : {
      "x" : 33.27051,
      "y" : 53.832817,
      "z" : 2.618034
    },
    "orientation" : 15
  }, {
    "shape" : "60a0b8cc-c73c-423d-9ad4-4aaf2683b8b4",
    "color" : "#008D36",
    "position" : {
      "x" : 47.28773,
      "y" : 32.152477,
      "z" : -27.225426
    },
    "orientation" : 5
  }, {
    "shape" : "20aa6e22-67cf-4e35-8281-81fd578fd53c",
    "color" : "#F0A000",
    "position" : {
      "x" : 40.12461,
      "y" : -9.472136,
      "z" : 48.59675
    },
    "orientation" : 4
  }, {
    "shape" : "20aa6e22-67cf-4e35-8281-81fd578fd53c",
    "color" : "#F0A000",
    "position" : {
      "x" : 16.635256,
      "y" : 57.568882,
      "z" : -20.753288
    },
    "orientation" : 22
  }, {
    "shape" : "ea6aed27-fdd4-46a3-96e6-3da3b607bd1e",
    "color" : "#FFFFFF",
    "position" : {
      "x" : 14.708204,
      "y" : -6.854102,
      "z" : -61.30495
    }
  }, {
    "shape" : "ea6aed27-fdd4-46a3-96e6-3da3b607bd1e",
    "color" : "#FFFFFF",
    "position" : {
      "x" : 45.36068,
      "y" : -5.236068,
      "z" : -44.36068
    }
  }, {
    "shape" : "20aa6e22-67cf-4e35-8281-81fd578fd53c",
    "color" : "#F0A000",
    "position" : {
      "x" : 40.12461,
      "y" : -9.472136,
      "z" : -48.59675
    },
    "orientation" : 54
  }, {
    "shape" : "ea6aed27-fdd4-46a3-96e6-3da3b607bd1e",
    "color" : "#FFFFFF",
    "position" : {
      "x" : -14.208204,
      "y" : -10.281153,
      "z" : -60.995934
    }
  }, {
    "shape" : "58c67da3-9a14-4b2a-aa4e-133786c0b323",
    "color" : "#007695",
    "position" : {
      "x" : 53.832817,
      "y" : 31.652475,
      "z" : 12.708204
    },
    "orientation" : 24
  }, {
    "shape" : "60a0b8cc-c73c-423d-9ad4-4aaf2683b8b4",
    "color" : "#008D36",
    "position" : {
      "x" : -60.995934,
      "y" : 14.208204,
      "z" : -10.281153
    },
    "orientation" : 13
  }, {
    "shape" : "60a0b8cc-c73c-423d-9ad4-4aaf2683b8b4",
    "color" : "#008D36",
    "position" : {
      "x" : 41.242645,
      "y" : -41.933628,
      "z" : -23.489357
    },
    "orientation" : 2
  }, {
    "shape" : "20aa6e22-67cf-4e35-8281-81fd578fd53c",
    "color" : "#F0A000",
    "position" : {
      "x" : 31.843458,
      "y" : 20.871323,
      "z" : -50.714783
    },
    "orientation" : 19
  }, {
    "shape" : "ea6aed27-fdd4-46a3-96e6-3da3b607bd1e",
    "color" : "#FFFFFF",
    "position" : {
      "x" : -18.253288,
      "y" : 53.332817,
      "z" : 29.225426
    }
  }, {
    "shape" : "60a0b8cc-c73c-423d-9ad4-4aaf2683b8b4",
    "color" : "#008D36",
    "position" : {
      "x" : 34.579525,
      "y" : -52.714783,
      "z" : 6.045085
    },
    "orientation" : 17
  }, {
    "shape" : "60a0b8cc-c73c-423d-9ad4-4aaf2683b8b4",
    "color" : "#008D36",
    "position" : {
      "x" : 22.68034,
      "y" : -56.259865,
      "z" : -17.635256
    },
    "orientation" : 30
  }, {
    "shape" : "60a0b8cc-c73c-423d-9ad4-4aaf2683b8b4",
    "color" : "#008D36",
    "position" : {
      "x" : 50.714783,
      "y" : -31.843458,
      "z" : -20.871323
    },
    "orientation" : 40
  }, {
    "shape" : "20aa6e22-67cf-4e35-8281-81fd578fd53c",
    "color" : "#F0A000",
    "position" : {
      "x" : -22.18034,
      "y" : -2.618034,
      "z" : 59.686916
    },
    "orientation" : 30
  }, {
    "shape" : "ea6aed27-fdd4-46a3-96e6-3da3b607bd1e",
    "color" : "#FFFFFF",
    "position" : {
      "x" : 22.68034,
      "y" : 56.259865,
      "z" : -17.635256
    }
  }, {
    "shape" : "ea6aed27-fdd4-46a3-96e6-3da3b607bd1e",
    "color" : "#FFFFFF",
    "position" : {
      "x" : 34.579525,
      "y" : -52.714783,
      "z" : 6.045085
    }
  }, {
    "shape" : "ea6aed27-fdd4-46a3-96e6-3da3b607bd1e",
    "color" : "#FFFFFF",
    "position" : {
      "x" : 62.30495,
      "y" : -7.854102,
      "z" : -6.854102
    }
  }, {
    "shape" : "60a0b8cc-c73c-423d-9ad4-4aaf2683b8b4",
    "color" : "#008D36",
    "position" : {
      "x" : 46.478714,
      "y" : -35.079525,
      "z" : -25.107391
    },
    "orientation" : 11
  }, {
    "shape" : "ea6aed27-fdd4-46a3-96e6-3da3b607bd1e",
    "color" : "#FFFFFF",
    "position" : {
      "x" : 16.326239,
      "y" : -2.618034,
      "z" : 61.30495
    }
  }, {
    "shape" : "60a0b8cc-c73c-423d-9ad4-4aaf2683b8b4",
    "color" : "#008D36",
    "position" : {
      "x" : 14.208204,
      "y" : 17.135256,
      "z" : -59.3779
    },
    "orientation" : 15
  }, {
    "shape" : "60a0b8cc-c73c-423d-9ad4-4aaf2683b8b4",
    "color" : "#008D36",
    "position" : {
      "x" : 32.152477,
      "y" : -29.843458,
      "z" : -45.669697
    },
    "orientation" : 9
  }, {
    "shape" : "60a0b8cc-c73c-423d-9ad4-4aaf2683b8b4",
    "color" : "#008D36",
    "position" : {
      "x" : 10.281153,
      "y" : -60.995934,
      "z" : -14.208204
    },
    "orientation" : 59
  }, {
    "shape" : "20aa6e22-67cf-4e35-8281-81fd578fd53c",
    "color" : "#F0A000",
    "position" : {
      "x" : -19.253288,
      "y" : -57.568882,
      "z" : 18.135256
    },
    "orientation" : 7
  }, {
    "shape" : "ea6aed27-fdd4-46a3-96e6-3da3b607bd1e",
    "color" : "#FFFFFF",
    "position" : {
      "x" : -20.062305,
      "y" : 45.169697,
      "z" : -39.815594
    }
  }, {
    "shape" : "ea6aed27-fdd4-46a3-96e6-3da3b607bd1e",
    "color" : "#FFFFFF",
    "position" : {
      "x" : 40.433628,
      "y" : 48.478714,
      "z" : -6.045085
    }
  }, {
    "shape" : "60a0b8cc-c73c-423d-9ad4-4aaf2683b8b4",
    "color" : "#008D36",
    "position" : {
      "x" : -8.972136,
      "y" : -29.843458,
      "z" : 55.141834
    },
    "orientation" : 24
  }, {
    "shape" : "20aa6e22-67cf-4e35-8281-81fd578fd53c",
    "color" : "#F0A000",
    "position" : {
      "x" : -27.416409,
      "y" : -11.09017,
      "z" : -56.45085
    },
    "orientation" : 1
  }, {
    "shape" : "ea6aed27-fdd4-46a3-96e6-3da3b607bd1e",
    "color" : "#FFFFFF",
    "position" : {
      "x" : -42.742645,
      "y" : -5.236068,
      "z" : 46.978714
    }
  }, {
    "shape" : "ea6aed27-fdd4-46a3-96e6-3da3b607bd1e",
    "color" : "#FFFFFF",
    "position" : {
      "x" : 17.135256,
      "y" : 44.669697,
      "z" : 41.62461
    }
  }, {
    "shape" : "58c67da3-9a14-4b2a-aa4e-133786c0b323",
    "color" : "#007695",
    "position" : {
      "x" : -46.978714,
      "y" : 42.742645,
      "z" : -5.236068
    },
    "orientation" : 22
  }, {
    "shape" : "ea6aed27-fdd4-46a3-96e6-3da3b607bd1e",
    "color" : "#FFFFFF",
    "position" : {
      "x" : 11.59017,
      "y" : 12.899187,
      "z" : -60.995934
    }
  }, {
    "shape" : "ea6aed27-fdd4-46a3-96e6-3da3b607bd1e",
    "color" : "#FFFFFF",
    "position" : {
      "x" : -21.871323,
      "y" : -22.68034,
      "z" : 54.641834
    }
  }, {
    "shape" : "ea6aed27-fdd4-46a3-96e6-3da3b607bd1e",
    "color" : "#FFFFFF",
    "position" : {
      "x" : -53.332817,
      "y" : -29.225426,
      "z" : -18.253288
    }
  }, {
    "shape" : "58c67da3-9a14-4b2a-aa4e-133786c0b323",
    "color" : "#007695",
    "position" : {
      "x" : 54.641834,
      "y" : -21.871323,
      "z" : -22.68034
    },
    "orientation" : 36
  }, {
    "shape" : "ea6aed27-fdd4-46a3-96e6-3da3b607bd1e",
    "color" : "#FFFFFF",
    "position" : {
      "x" : -41.242645,
      "y" : -41.933628,
      "z" : 23.489357
    }
  }, {
    "shape" : "58c67da3-9a14-4b2a-aa4e-133786c0b323",
    "color" : "#007695",
    "position" : {
      "x" : 2.618034,
      "y" : 41.742645,
      "z" : 47.978714
    },
    "orientation" : 45
  }, {
    "shape" : "ea6aed27-fdd4-46a3-96e6-3da3b607bd1e",
    "color" : "#FFFFFF",
    "position" : {
      "x" : 31.343458,
      "y" : -24.298374,
      "z" : 49.405766
    }
  }, {
    "shape" : "60a0b8cc-c73c-423d-9ad4-4aaf2683b8b4",
    "color" : "#008D36",
    "position" : {
      "x" : 22.68034,
      "y" : 56.259865,
      "z" : 17.635256
    },
    "orientation" : 45
  }, {
    "shape" : "ea6aed27-fdd4-46a3-96e6-3da3b607bd1e",
    "color" : "#FFFFFF",
    "position" : {
      "x" : 57.568882,
      "y" : -20.753288,
      "z" : 16.635256
    }
  }, {
    "shape" : "60a0b8cc-c73c-423d-9ad4-4aaf2683b8b4",
    "color" : "#008D36",
    "position" : {
      "x" : -22.68034,
      "y" : 56.259865,
      "z" : -17.635256
    },
    "orientation" : 0
  }, {
    "shape" : "20aa6e22-67cf-4e35-8281-81fd578fd53c",
    "color" : "#F0A000",
    "position" : {
      "x" : -11.281153,
      "y" : -8.163119,
      "z" : 61.80495
    },
    "orientation" : 1
  }, {
    "shape" : "ea6aed27-fdd4-46a3-96e6-3da3b607bd1e",
    "color" : "#FFFFFF",
    "position" : {
      "x" : 20.753288,
      "y" : 16.635256,
      "z" : 57.568882
    }
  }, {
    "shape" : "60a0b8cc-c73c-423d-9ad4-4aaf2683b8b4",
    "color" : "#008D36",
    "position" : {
      "x" : 6.854102,
      "y" : 61.30495,
      "z" : 14.708204
    },
    "orientation" : 5
  }, {
    "shape" : "60a0b8cc-c73c-423d-9ad4-4aaf2683b8b4",
    "color" : "#008D36",
    "position" : {
      "x" : 29.843458,
      "y" : 47.28773,
      "z" : 29.534441
    },
    "orientation" : 54
  }, {
    "shape" : "60a0b8cc-c73c-423d-9ad4-4aaf2683b8b4",
    "color" : "#008D36",
    "position" : {
      "x" : -56.759865,
      "y" : -14.208204,
      "z" : -23.989357
    },
    "orientation" : 44
  }, {
    "shape" : "ea6aed27-fdd4-46a3-96e6-3da3b607bd1e",
    "color" : "#FFFFFF",
    "position" : {
      "x" : 50.714783,
      "y" : -31.843458,
      "z" : 20.871323
    }
  }, {
    "shape" : "60a0b8cc-c73c-423d-9ad4-4aaf2683b8b4",
    "color" : "#008D36",
    "position" : {
      "x" : 11.281153,
      "y" : 8.163119,
      "z" : -61.80495
    },
    "orientation" : 9
  }, {
    "shape" : "60a0b8cc-c73c-423d-9ad4-4aaf2683b8b4",
    "color" : "#008D36",
    "position" : {
      "x" : 29.225426,
      "y" : -18.253288,
      "z" : 53.332817
    },
    "orientation" : 3
  }, {
    "shape" : "60a0b8cc-c73c-423d-9ad4-4aaf2683b8b4",
    "color" : "#008D36",
    "position" : {
      "x" : 11.09017,
      "y" : 62.30495,
      "z" : -2.618034
    },
    "orientation" : 29
  }, {
    "shape" : "60a0b8cc-c73c-423d-9ad4-4aaf2683b8b4",
    "color" : "#008D36",
    "position" : {
      "x" : -9.472136,
      "y" : -62.30495,
      "z" : -5.236068
    },
    "orientation" : 23
  }, {
    "shape" : "ea6aed27-fdd4-46a3-96e6-3da3b607bd1e",
    "color" : "#FFFFFF",
    "position" : {
      "x" : 41.933628,
      "y" : -23.489357,
      "z" : 41.242645
    }
  }, {
    "shape" : "ea6aed27-fdd4-46a3-96e6-3da3b607bd1e",
    "color" : "#FFFFFF",
    "position" : {
      "x" : 14.208204,
      "y" : 10.281153,
      "z" : 60.995934
    }
  }, {
    "shape" : "60a0b8cc-c73c-423d-9ad4-4aaf2683b8b4",
    "color" : "#008D36",
    "position" : {
      "x" : -10.781153,
      "y" : -61.80495,
      "z" : 8.663119
    },
    "orientation" : 35
  }, {
    "shape" : "ea6aed27-fdd4-46a3-96e6-3da3b607bd1e",
    "color" : "#FFFFFF",
    "position" : {
      "x" : 34.27051,
      "y" : 22.18034,
      "z" : -48.59675
    }
  }, {
    "shape" : "60a0b8cc-c73c-423d-9ad4-4aaf2683b8b4",
    "color" : "#008D36",
    "position" : {
      "x" : 14.208204,
      "y" : -17.135256,
      "z" : 59.3779
    },
    "orientation" : 0
  }, {
    "shape" : "60a0b8cc-c73c-423d-9ad4-4aaf2683b8b4",
    "color" : "#008D36",
    "position" : {
      "x" : -52.0238,
      "y" : -26.107391,
      "z" : -24.298374
    },
    "orientation" : 37
  }, {
    "shape" : "60a0b8cc-c73c-423d-9ad4-4aaf2683b8b4",
    "color" : "#008D36",
    "position" : {
      "x" : 4.736068,
      "y" : 60.495934,
      "z" : -19.253288
    },
    "orientation" : 50
  }, {
    "shape" : "58c67da3-9a14-4b2a-aa4e-133786c0b323",
    "color" : "#007695",
    "position" : {
      "x" : -11.59017,
      "y" : -12.899187,
      "z" : 60.995934
    },
    "orientation" : 36
  }, {
    "shape" : "6627b85c-0456-4ed1-afb8-8989c812ec2b",
    "color" : "#AF0000",
