{
  "field" : "golden",
  "symmetry" : "icosahedral",
  "orientations" : [ [ 1.0, 0.0, 0.0, 0.0, 0.0, 1.0, 0.0, 0.0, 0.0, 0.0, 1.0, 0.0, 0.0, 0.0, 0.0, 1.0 ], [ 0.0, 0.0, 1.0, 0.0, 1.0, 0.0, 0.0, 0.0, 0.0, 1.0, 0.0, 0.0, 0.0, 0.0, 0.0, 1.0 ], [ 0.0, 1.0, 0.0, 0.0, 0.0, 0.0, 1.0, 0.0, 1.0, 0.0, 0.0, 0.0, 0.0, 0.0, 0.0, 1.0 ], [ 0.809017, 0.309017, 0.5, 0.0, 0.309017, 0.5, -0.809017, 0.0, -0.5, 0.809017, 0.309017, 0.0, 0.0, 0.0, 0.0, 1.0 ], [ -0.5, 0.809017, 0.309017, 0.0, 0.809017, 0.309017, 0.5, 0.0, 0.309017, 0.5, -0.809017, 0.0, 0.0, 0.0, 0.0, 1.0 ], [ 0.309017, 0.5, -0.809017, 0.0, -0.5, 0.809017, 0.309017, 0.0, 0.809017, 0.309017, 0.5, 0.0, 0.0, 0.0, 0.0, 1.0 ], [ 0.5, 0.809017, 0.309017, 0.0, 0.809017, -0.309017, -0.5, 0.0, -0.309017, 0.5, -0.809017, 0.0, 0.0, 0.0, 0.0, 1.0 ], [ -0.309017, 0.5, -0.809017, 0.0, 0.5, 0.809017, 0.309017, 0.0, 0.809017, -0.309017, -0.5, 0.0, 0.0, 0.0, 0.0, 1.0 ], [ 0.809017, -0.309017, -0.5, 0.0, -0.309017, 0.5, -0.809017, 0.0, 0.5, 0.809017, 0.309017, 0.0, 0.0, 0.0, 0.0, 1.0 ], [ 0.5, 0.809017, -0.309017, 0.0, 0.809017, -0.309017, 0.5, 0.0, 0.309017, -0.5, -0.809017, 0.0, 0.0, 0.0, 0.0, 1.0 ], [ 0.309017, -0.5, -0.809017, 0.0, 0.5, 0.809017, -0.309017, 0.0, 0.809017, -0.309017, 0.5, 0.0, 0.0, 0.0, 0.0, 1.0 ], [ 0.809017, -0.309017, 0.5, 0.0, 0.309017, -0.5, -0.809017, 0.0, 0.5, 0.809017, -0.309017, 0.0, 0.0, 0.0, 0.0, 1.0 ], [ 0.809017, 0.309017, -0.5, 0.0, 0.309017, 0.5, 0.809017, 0.0, 0.5, -0.809017, 0.309017, 0.0, 0.0, 0.0, 0.0, 1.0 ], [ 0.5, -0.809017, 0.309017, 0.0, 0.809017, 0.309017, -0.5, 0.0, 0.309017, 0.5, 0.809017, 0.0, 0.0, 0.0, 0.0, 1.0 ], [ 0.309017, 0.5, 0.809017, 0.0, 0.5, -0.809017, 0.309017, 0.0, 0.809017, 0.309017, -0.5, 0.0, 0.0, 0.0, 0.0, 1.0 ], [ 1.0, 0.0, 0.0, 0.0, 0.0, -1.0, 0.0, 0.0, 0.0, 0.0, -1.0, 0.0, 0.0, 0.0, 0.0, 1.0 ], [ 0.0, 0.0, 1.0, 0.0, -1.0, 0.0, 0.0, 0.0, 0.0, -1.0, 0.0, 0.0, 0.0, 0.0, 0.0, 1.0 ], [ 0.0, 1.0, 0.0, 0.0, 0.0, 0.0, -1.0, 0.0, -1.0, 0.0, 0.0, 0.0, 0.0, 0.0, 0.0, 1.0 ], [ 0.809017, 0.309017, 0.5, 0.0, -0.309017, -0.5, 0.809017, 0.0, 0.5, -0.809017, -0.309017, 0.0, 0.0, 0.0, 0.0, 1.0 ], [ -0.5, 0.809017, 0.309017, 0.0, -0.809017, -0.309017, -0.5, 0.0, -0.309017, -0.5, 0.809017, 0.0, 0.0, 0.0, 0.0, 1.0 ], [ 0.309017, 0.5, -0.809017, 0.0, 0.5, -0.809017, -0.309017, 0.0, -0.809017, -0.309017, -0.5, 0.0, 0.0, 0.0, 0.0, 1.0 ], [ 0.5, 0.809017, 0.309017, 0.0, -0.809017, 0.309017, 0.5, 0.0, 0.309017, -0.5, 0.809017, 0.0, 0.0, 0.0, 0.0, 1.0 ], [ -0.309017, 0.5, -0.809017, 0.0, -0.5, -0.809017, -0.309017, 0.0, -0.809017, 0.309017, 0.5, 0.0, 0.0, 0.0, 0.0, 1.0 ], [ 0.809017, -0.309017, -0.5, 0.0, 0.309017, -0.5, 0.809017, 0.0, -0.5, -0.809017, -0.309017, 0.0, 0.0, 0.0, 0.0, 1.0 ], [ 0.5, 0.809017, -0.309017, 0.0, -0.809017, 0.309017, -0.5, 0.0, -0.309017, 0.5, 0.809017, 0.0, 0.0, 0.0, 0.0, 1.0 ], [ 0.309017, -0.5, -0.809017, 0.0, -0.5, -0.809017, 0.309017, 0.0, -0.809017, 0.309017, -0.5, 0.0, 0.0, 0.0, 0.0, 1.0 ], [ 0.809017, -0.309017, 0.5, 0.0, -0.309017, 0.5, 0.809017, 0.0, -0.5, -0.809017, 0.309017, 0.0, 0.0, 0.0, 0.0, 1.0 ], [ 0.809017, 0.309017, -0.5, 0.0, -0.309017, -0.5, -0.809017, 0.0, -0.5, 0.809017, -0.309017, 0.0, 0.0, 0.0, 0.0, 1.0 ], [ 0.5, -0.809017, 0.309017, 0.0, -0.809017, -0.309017, 0.5, 0.0, -0.309017, -0.5, -0.809017, 0.0, 0.0, 0.0, 0.0, 1.0 ], [ 0.309017, 0.5, 0.809017, 0.0, -0.5, 0.809017, -0.309017, 0.0, -0.809017, -0.309017, 0.5, 0.0, 0.0, 0.0, 0.0, 1.0 ], [ -1.0, 0.0, 0.0, 0.0, 0.0, -1.0, 0.0, 0.0, 0.0, 0.0, 1.0, 0.0, 0.0, 0.0, 0.0, 1.0 ], [ 0.0, 0.0, -1.0, 0.0, -1.0, 0.0, 0.0, 0.0, 0.0, 1.0, 0.0, 0.0, 0.0, 0.0, 0.0, 1.0 ], [ 0.0, -1.0, 0.0, 0.0, 0.0, 0.0, -1.0, 0.0, 1.0, 0.0, 0.0, 0.0, 0.0, 0.0, 0.0, 1.0 ], [ -0.809017, -0.309017, -0.5, 0.0, -0.309017, -0.5, 0.809017, 0.0, -0.5, 0.809017, 0.309017, 0.0, 0.0, 0.0, 0.0, 1.0 ], [ 0.5, -0.809017, -0.309017, 0.0, -0.809017, -0.309017, -0.5, 0.0, 0.309017, 0.5, -0.809017, 0.0, 0.0, 0.0, 0.0, 1.0 ], [ -0.309017, -0.5, 0.809017, 0.0, 0.5, -0.809017, -0.309017, 0.0, 0.809017, 0.309017, 0.5, 0.0, 0.0, 0.0, 0.0, 1.0 ], [ -0.5, -0.809017, -0.309017, 0.0, -0.809017, 0.309017, 0.5, 0.0, -0.309017, 0.5, -0.809017, 0.0, 0.0, 0.0, 0.0, 1.0 ], [ 0.309017, -0.5, 0.809017, 0.0, -0.5, -0.809017, -0.309017, 0.0, 0.809017, -0.309017, -0.5, 0.0, 0.0, 0.0, 0.0, 1.0 ], [ -0.809017, 0.309017, 0.5, 0.0, 0.309017, -0.5, 0.809017, 0.0, 0.5, 0.809017, 0.309017, 0.0, 0.0, 0.0, 0.0, 1.0 ], [ -0.5, -0.809017, 0.309017, 0.0, -0.809017, 0.309017, -0.5, 0.0, 0.309017, -0.5, -0.809017, 0.0, 0.0, 0.0, 0.0, 1.0 ], [ -0.309017, 0.5, 0.809017, 0.0, -0.5, -0.809017, 0.309017, 0.0, 0.809017, -0.309017, 0.5, 0.0, 0.0, 0.0, 0.0, 1.0 ], [ -0.809017, 0.309017, -0.5, 0.0, -0.309017, 0.5, 0.809017, 0.0, 0.5, 0.809017, -0.309017, 0.0, 0.0, 0.0, 0.0, 1.0 ], [ -0.809017, -0.309017, 0.5, 0.0, -0.309017, -0.5, -0.809017, 0.0, 0.5, -0.809017, 0.309017, 0.0, 0.0, 0.0, 0.0, 1.0 ], [ -0.5, 0.809017, -0.309017, 0.0, -0.809017, -0.309017, 0.5, 0.0, 0.309017, 0.5, 0.809017, 0.0, 0.0, 0.0, 0.0, 1.0 ], [ -0.309017, -0.5, -0.809017, 0.0, -0.5, 0.809017, -0.309017, 0.0, 0.809017, 0.309017, -0.5, 0.0, 0.0, 0.0, 0.0, 1.0 ], [ -1.0, 0.0, 0.0, 0.0, 0.0, 1.0, 0.0, 0.0, 0.0, 0.0, -1.0, 0.0, 0.0, 0.0, 0.0, 1.0 ], [ 0.0, 0.0, -1.0, 0.0, 1.0, 0.0, 0.0, 0.0, 0.0, -1.0, 0.0, 0.0, 0.0, 0.0, 0.0, 1.0 ], [ 0.0, -1.0, 0.0, 0.0, 0.0, 0.0, 1.0, 0.0, -1.0, 0.0, 0.0, 0.0, 0.0, 0.0, 0.0, 1.0 ], [ -0.809017, -0.309017, -0.5, 0.0, 0.309017, 0.5, -0.809017, 0.0, 0.5, -0.809017, -0.309017, 0.0, 0.0, 0.0, 0.0, 1.0 ], [ 0.5, -0.809017, -0.309017, 0.0, 0.809017, 0.309017, 0.5, 0.0, -0.309017, -0.5, 0.809017, 0.0, 0.0, 0.0, 0.0, 1.0 ], [ -0.309017, -0.5, 0.809017, 0.0, -0.5, 0.809017, 0.309017, 0.0, -0.809017, -0.309017, -0.5, 0.0, 0.0, 0.0, 0.0, 1.0 ], [ -0.5, -0.809017, -0.309017, 0.0, 0.809017, -0.309017, -0.5, 0.0, 0.309017, -0.5, 0.809017, 0.0, 0.0, 0.0, 0.0, 1.0 ], [ 0.309017, -0.5, 0.809017, 0.0, 0.5, 0.809017, 0.309017, 0.0, -0.809017, 0.309017, 0.5, 0.0, 0.0, 0.0, 0.0, 1.0 ], [ -0.809017, 0.309017, 0.5, 0.0, -0.309017, 0.5, -0.809017, 0.0, -0.5, -0.809017, -0.309017, 0.0, 0.0, 0.0, 0.0, 1.0 ], [ -0.5, -0.809017, 0.309017, 0.0, 0.809017, -0.309017, 0.5, 0.0, -0.309017, 0.5, 0.809017, 0.0, 0.0, 0.0, 0.0, 1.0 ], [ -0.309017, 0.5, 0.809017, 0.0, 0.5, 0.809017, -0.309017, 0.0, -0.809017, 0.309017, -0.5, 0.0, 0.0, 0.0, 0.0, 1.0 ], [ -0.809017, 0.309017, -0.5, 0.0, 0.309017, -0.5, -0.809017, 0.0, -0.5, -0.809017, 0.309017, 0.0, 0.0, 0.0, 0.0, 1.0 ], [ -0.809017, -0.309017, 0.5, 0.0, 0.309017, 0.5, 0.809017, 0.0, -0.5, 0.809017, -0.309017, 0.0, 0.0, 0.0, 0.0, 1.0 ], [ -0.5, 0.809017, -0.309017, 0.0, 0.809017, 0.309017, -0.5, 0.0, -0.309017, -0.5, -0.809017, 0.0, 0.0, 0.0, 0.0, 1.0 ], [ -0.309017, -0.5, -0.809017, 0.0, 0.5, -0.809017, 0.309017, 0.0, -0.809017, -0.309017, 0.5, 0.0, 0.0, 0.0, 0.0, 1.0 ] ],
  "lights" : {
    "ambientColor" : "#292929",
    "backgroundColor" : "#AFC8DC",
    "directionalLights" : [ {
      "direction" : {
        "x" : 1.0,
        "y" : -1.0,
        "z" : -1.0
      },
      "color" : "#EBEBE4"
    }, {
      "direction" : {
        "x" : -1.0,
        "y" : 0.0,
        "z" : 0.0
      },
      "color" : "#E4E4EB"
    }, {
      "direction" : {
        "x" : 0.0,
        "y" : 0.0,
        "z" : -1.0
      },
      "color" : "#1E1E1E"
    } ]
  },
  "camera" : {
    "lookDirection" : {
      "x" : -0.51532054,
      "y" : -0.6185866,
      "z" : -0.59311885
    },
    "upDirection" : {
      "x" : 0.66541183,
      "y" : 0.14732999,
      "z" : -0.7317902
    },
    "lookAtPoint" : {
      "x" : 6.981424,
      "y" : -13.962848,
      "z" : 12.217492
    },
    "viewDistance" : 165.48482,
    "nearClipDistance" : 0.41371226,
    "farClipDistance" : 330.9692,
    "fieldOfView" : 0.44262892,
    "perspective" : true,
    "width" : 74.46818,
    "stereo" : false,
    "position" : {
      "x" : 92.25915,
      "y" : 88.40385,
      "z" : 110.36965
    }
  },
  "embedding" : [ 1.0, 0.0, 0.0, 0.0, 0.0, 1.0, 0.0, 0.0, 0.0, 0.0, 1.0, 0.0, 0.0, 0.0, 0.0, 1.0 ],
  "shapes" : [ {
    "id" : "ae17135b-7384-441e-a1aa-a23a59b6a69d",
    "vertices" : [ {
      "x" : 4.236068,
      "y" : 0.309017,
      "z" : 0.19098301
    }, {
      "x" : 4.236068,
      "y" : 0.309017,
      "z" : -0.19098301
    }, {
      "x" : 1.0,
      "y" : 0.309017,
      "z" : -0.19098301
    }, {
      "x" : 1.0,
      "y" : 0.309017,
      "z" : 0.19098301
    }, {
      "x" : 4.236068,
      "y" : -0.309017,
      "z" : 0.19098301
    }, {
      "x" : 1.0,
      "y" : -0.309017,
      "z" : 0.19098301
    }, {
      "x" : 1.0,
      "y" : -0.309017,
      "z" : -0.19098301
    }, {
      "x" : 4.236068,
      "y" : -0.309017,
      "z" : -0.19098301
    }, {
      "x" : 5.236068,
      "y" : 0.0,
      "z" : 0.0
    } ],
    "faces" : [ {
      "vertices" : [ 1, 7, 6 ]
    }, {
      "vertices" : [ 1, 6, 2 ]
    }, {
      "vertices" : [ 0, 1, 2 ]
    }, {
      "vertices" : [ 0, 2, 3 ]
    }, {
      "vertices" : [ 4, 5, 6 ]
    }, {
      "vertices" : [ 4, 6, 7 ]
    }, {
      "vertices" : [ 0, 3, 5 ]
    }, {
      "vertices" : [ 0, 5, 4 ]
    } ]
  }, {
    "id" : "c60d2ec5-3dfc-449a-9257-2cd22aa5f7c4",
    "vertices" : [ {
      "x" : 0.309017,
      "y" : -0.809017,
      "z" : 0.618034
    }, {
      "x" : 0.809017,
      "y" : -0.618034,
      "z" : 0.309017
    }, {
      "x" : 0.618034,
      "y" : -0.309017,
      "z" : 0.809017
    }, {
      "x" : 1.0,
      "y" : 0.309017,
      "z" : 0.19098301
    }, {
      "x" : 0.809017,
      "y" : 0.618034,
      "z" : 0.309017
    }, {
      "x" : 0.618034,
      "y" : 0.309017,
      "z" : 0.809017
    }, {
      "x" : 0.809017,
      "y" : 0.0,
      "z" : 0.690983
    }, {
      "x" : 0.19098301,
      "y" : -1.0,
      "z" : 0.309017
    }, {
      "x" : -0.19098301,
      "y" : -1.0,
      "z" : 0.309017
    }, {
      "x" : -0.19098301,
      "y" : -1.0,
      "z" : -0.309017
    }, {
      "x" : 0.19098301,
      "y" : -1.0,
      "z" : -0.309017
    }, {
      "x" : 1.0,
      "y" : -0.309017,
      "z" : -0.19098301
    }, {
      "x" : 0.809017,
      "y" : -0.618034,
      "z" : -0.309017
    }, {
      "x" : 0.618034,
      "y" : -0.309017,
      "z" : -0.809017
    }, {
      "x" : 0.809017,
      "y" : 0.0,
      "z" : -0.690983
    }, {
      "x" : 0.0,
      "y" : 0.690983,
      "z" : -0.809017
    }, {
      "x" : 0.309017,
      "y" : 0.809017,
      "z" : -0.618034
    }, {
      "x" : 0.618034,
      "y" : 0.309017,
      "z" : -0.809017
    }, {
      "x" : 0.309017,
      "y" : 0.19098301,
      "z" : -1.0
    }, {
      "x" : 1.0,
      "y" : 0.309017,
      "z" : -0.19098301
    }, {
      "x" : -0.309017,
      "y" : -0.809017,
      "z" : 0.618034
    }, {
      "x" : 0.0,
      "y" : -0.690983,
      "z" : 0.809017
    }, {
      "x" : 0.809017,
      "y" : 0.618034,
      "z" : -0.309017
    }, {
      "x" : 0.690983,
      "y" : 0.809017,
      "z" : 0.0
    }, {
      "x" : -0.690983,
      "y" : 0.809017,
      "z" : 0.0
    }, {
      "x" : -0.809017,
      "y" : 0.618034,
      "z" : 0.309017
    }, {
      "x" : -0.309017,
      "y" : 0.809017,
      "z" : 0.618034
    }, {
      "x" : -0.19098301,
      "y" : 1.0,
      "z" : 0.309017
    }, {
      "x" : 0.309017,
      "y" : -0.19098301,
      "z" : -1.0
    }, {
      "x" : 0.19098301,
      "y" : 1.0,
      "z" : 0.309017
    }, {
      "x" : 0.309017,
      "y" : 0.809017,
      "z" : 0.618034
    }, {
      "x" : -0.809017,
      "y" : -0.618034,
      "z" : 0.309017
    }, {
      "x" : -0.690983,
      "y" : -0.809017,
      "z" : 0.0
    }, {
      "x" : 0.0,
      "y" : 0.690983,
      "z" : 0.809017
    }, {
      "x" : 0.309017,
      "y" : -0.809017,
      "z" : -0.618034
    }, {
      "x" : 0.0,
      "y" : -0.690983,
      "z" : -0.809017
    }, {
      "x" : -1.0,
      "y" : 0.309017,
      "z" : 0.19098301
    }, {
      "x" : -0.809017,
      "y" : 0.0,
      "z" : 0.690983
    }, {
      "x" : -0.618034,
      "y" : 0.309017,
      "z" : 0.809017
    }, {
      "x" : 1.0,
      "y" : -0.309017,
      "z" : 0.19098301
    }, {
      "x" : -0.309017,
      "y" : -0.809017,
      "z" : -0.618034
    }, {
      "x" : -1.0,
      "y" : 0.309017,
      "z" : -0.19098301
    }, {
      "x" : -1.0,
      "y" : -0.309017,
      "z" : -0.19098301
    }, {
      "x" : -1.0,
      "y" : -0.309017,
      "z" : 0.19098301
    }, {
      "x" : 0.19098301,
      "y" : 1.0,
      "z" : -0.309017
    }, {
      "x" : -0.809017,
      "y" : 0.618034,
      "z" : -0.309017
    }, {
      "x" : -0.19098301,
      "y" : 1.0,
      "z" : -0.309017
    }, {
      "x" : -0.309017,
      "y" : 0.809017,
      "z" : -0.618034
    }, {
      "x" : -0.618034,
      "y" : -0.309017,
      "z" : 0.809017
    }, {
      "x" : 0.309017,
      "y" : 0.19098301,
      "z" : 1.0
    }, {
      "x" : -0.309017,
      "y" : 0.19098301,
      "z" : -1.0
    }, {
      "x" : -0.309017,
      "y" : 0.19098301,
      "z" : 1.0
    }, {
      "x" : -0.309017,
      "y" : -0.19098301,
      "z" : 1.0
    }, {
      "x" : 0.309017,
      "y" : -0.19098301,
      "z" : 1.0
    }, {
      "x" : 0.690983,
      "y" : -0.809017,
      "z" : 0.0
    }, {
      "x" : -0.809017,
      "y" : 0.0,
      "z" : -0.690983
    }, {
      "x" : -0.618034,
      "y" : -0.309017,
      "z" : -0.809017
    }, {
      "x" : -0.309017,
      "y" : -0.19098301,
      "z" : -1.0
    }, {
      "x" : -0.618034,
      "y" : 0.309017,
      "z" : -0.809017
    }, {
      "x" : -0.809017,
      "y" : -0.618034,
      "z" : -0.309017
    } ],
    "faces" : [ {
      "vertices" : [ 9, 40, 35 ]
    }, {
      "vertices" : [ 9, 35, 34 ]
    }, {
      "vertices" : [ 9, 34, 10 ]
    }, {
      "vertices" : [ 0, 1, 2 ]
    }, {
      "vertices" : [ 33, 51, 49 ]
    }, {
      "vertices" : [ 25, 36, 37 ]
    }, {
      "vertices" : [ 25, 37, 38 ]
    }, {
      "vertices" : [ 41, 55, 42 ]
    }, {
      "vertices" : [ 9, 32, 59 ]
    }, {
      "vertices" : [ 9, 59, 40 ]
    }, {
      "vertices" : [ 20, 21, 52 ]
    }, {
      "vertices" : [ 20, 52, 48 ]
    }, {
      "vertices" : [ 26, 33, 30 ]
    }, {
      "vertices" : [ 26, 30, 29 ]
    }, {
      "vertices" : [ 26, 29, 27 ]
    }, {
      "vertices" : [ 3, 4, 5 ]
    }, {
      "vertices" : [ 3, 5, 6 ]
    }, {
      "vertices" : [ 27, 29, 44 ]
    }, {
      "vertices" : [ 27, 44, 46 ]
    }, {
      "vertices" : [ 50, 57, 56 ]
    }, {
      "vertices" : [ 50, 56, 55 ]
    }, {
      "vertices" : [ 50, 55, 58 ]
    }, {
      "vertices" : [ 26, 38, 51 ]
    }, {
      "vertices" : [ 26, 51, 33 ]
    }, {
      "vertices" : [ 45, 47, 58 ]
    }, {
      "vertices" : [ 18, 28, 57 ]
    }, {
      "vertices" : [ 18, 57, 50 ]
    }, {
      "vertices" : [ 40, 59, 56 ]
    }, {
      "vertices" : [ 31, 48, 37 ]
    }, {
      "vertices" : [ 31, 37, 43 ]
    }, {
      "vertices" : [ 7, 8, 9 ]
    }, {
      "vertices" : [ 7, 9, 10 ]
    }, {
      "vertices" : [ 36, 41, 42 ]
    }, {
      "vertices" : [ 36, 42, 43 ]
    }, {
      "vertices" : [ 24, 46, 47 ]
    }, {
      "vertices" : [ 24, 47, 45 ]
    }, {
      "vertices" : [ 4, 30, 5 ]
    }, {
      "vertices" : [ 15, 47, 46 ]
    }, {
      "vertices" : [ 15, 46, 44 ]
    }, {
      "vertices" : [ 15, 44, 16 ]
    }, {
      "vertices" : [ 15, 50, 58 ]
    }, {
      "vertices" : [ 15, 58, 47 ]
    }, {
      "vertices" : [ 24, 45, 41 ]
    }, {
      "vertices" : [ 24, 41, 36 ]
    }, {
      "vertices" : [ 24, 36, 25 ]
    }, {
      "vertices" : [ 11, 14, 19 ]
    }, {
      "vertices" : [ 3, 6, 39 ]
    }, {
      "vertices" : [ 1, 39, 6 ]
    }, {
      "vertices" : [ 1, 6, 2 ]
    }, {
      "vertices" : [ 8, 32, 9 ]
    }, {
      "vertices" : [ 11, 12, 13 ]
    }, {
      "vertices" : [ 11, 13, 14 ]
    }, {
      "vertices" : [ 16, 22, 17 ]
    }, {
      "vertices" : [ 0, 21, 20 ]
    }, {
      "vertices" : [ 0, 20, 8 ]
    }, {
      "vertices" : [ 0, 8, 7 ]
    }, {
      "vertices" : [ 12, 34, 13 ]
    }, {
      "vertices" : [ 35, 40, 56 ]
    }, {
      "vertices" : [ 35, 56, 57 ]
    }, {
      "vertices" : [ 0, 7, 54 ]
    }, {
      "vertices" : [ 0, 54, 1 ]
    }, {
      "vertices" : [ 15, 16, 17 ]
    }, {
      "vertices" : [ 15, 17, 18 ]
    }, {
      "vertices" : [ 3, 19, 22 ]
    }, {
      "vertices" : [ 3, 22, 23 ]
    }, {
      "vertices" : [ 3, 23, 4 ]
    }, {
      "vertices" : [ 7, 10, 54 ]
    }, {
      "vertices" : [ 41, 45, 58 ]
    }, {
      "vertices" : [ 41, 58, 55 ]
    }, {
      "vertices" : [ 3, 39, 11 ]
    }, {
      "vertices" : [ 3, 11, 19 ]
    }, {
      "vertices" : [ 14, 17, 22 ]
    }, {
      "vertices" : [ 14, 22, 19 ]
    }, {
      "vertices" : [ 0, 2, 53 ]
    }, {
      "vertices" : [ 0, 53, 21 ]
    }, {
      "vertices" : [ 49, 51, 52 ]
    }, {
      "vertices" : [ 49, 52, 53 ]
    }, {
      "vertices" : [ 31, 43, 42 ]
    }, {
      "vertices" : [ 31, 42, 59 ]
    }, {
      "vertices" : [ 31, 59, 32 ]
    }, {
      "vertices" : [ 15, 18, 50 ]
    }, {
      "vertices" : [ 42, 55, 56 ]
    }, {
      "vertices" : [ 42, 56, 59 ]
    }, {
      "vertices" : [ 4, 23, 29 ]
    }, {
      "vertices" : [ 4, 29, 30 ]
    }, {
      "vertices" : [ 25, 38, 26 ]
    }, {
      "vertices" : [ 13, 28, 18 ]
    }, {
      "vertices" : [ 13, 18, 17 ]
    }, {
      "vertices" : [ 13, 17, 14 ]
    }, {
      "vertices" : [ 8, 20, 31 ]
    }, {
      "vertices" : [ 8, 31, 32 ]
    }, {
      "vertices" : [ 23, 44, 29 ]
    }, {
      "vertices" : [ 24, 27, 46 ]
    }, {
      "vertices" : [ 37, 48, 52 ]
    }, {
      "vertices" : [ 37, 52, 51 ]
    }, {
      "vertices" : [ 37, 51, 38 ]
    }, {
      "vertices" : [ 20, 48, 31 ]
    }, {
      "vertices" : [ 24, 25, 26 ]
    }, {
      "vertices" : [ 24, 26, 27 ]
    }, {
      "vertices" : [ 16, 44, 23 ]
    }, {
      "vertices" : [ 16, 23, 22 ]
    }, {
      "vertices" : [ 13, 34, 35 ]
    }, {
      "vertices" : [ 13, 35, 28 ]
    }, {
      "vertices" : [ 10, 34, 12 ]
    }, {
      "vertices" : [ 10, 12, 54 ]
    }, {
      "vertices" : [ 2, 6, 5 ]
    }, {
      "vertices" : [ 2, 5, 49 ]
    }, {
      "vertices" : [ 2, 49, 53 ]
    }, {
      "vertices" : [ 36, 43, 37 ]
    }, {
      "vertices" : [ 5, 30, 33 ]
    }, {
      "vertices" : [ 5, 33, 49 ]
    }, {
      "vertices" : [ 1, 54, 12 ]
    }, {
      "vertices" : [ 1, 12, 11 ]
    }, {
      "vertices" : [ 1, 11, 39 ]
    }, {
      "vertices" : [ 28, 35, 57 ]
    }, {
      "vertices" : [ 21, 53, 52 ]
    } ]
  }, {
    "id" : "b8ef7287-7b81-48bc-96da-c04b2f17547d",
    "vertices" : [ {
      "x" : 2.7836535,
      "y" : -1.4301921,
      "z" : 0.6767307
    }, {
      "x" : 2.8836536,
      "y" : -1.5301921,
      "z" : 0.27673072
    }, {
      "x" : 0.4888889,
      "y" : -0.53333336,
      "z" : -0.022222223
    }, {
      "x" : 0.3888889,
      "y" : -0.43333334,
      "z" : 0.37777779
    }, {
      "x" : 2.6503203,
      "y" : -1.8301922,
      "z" : 0.41006404
    }, {
      "x" : 2.5503201,
      "y" : -1.7301922,
      "z" : 0.8100641
    }, {
      "x" : 0.62222224,
      "y" : -0.13333334,
      "z" : 0.24444444
    }, {
      "x" : 0.7222222,
      "y" : -0.23333333,
      "z" : -0.15555556
    } ],
    "faces" : [ {
      "vertices" : [ 2, 3, 6 ]
    }, {
      "vertices" : [ 2, 6, 7 ]
    }, {
      "vertices" : [ 0, 5, 4 ]
    }, {
      "vertices" : [ 0, 4, 1 ]
    }, {
      "vertices" : [ 2, 4, 5 ]
    }, {
      "vertices" : [ 2, 5, 3 ]
    }, {
      "vertices" : [ 0, 6, 3 ]
    }, {
      "vertices" : [ 0, 3, 5 ]
    }, {
      "vertices" : [ 0, 1, 7 ]
    }, {
      "vertices" : [ 0, 7, 6 ]
    }, {
      "vertices" : [ 1, 4, 2 ]
    }, {
      "vertices" : [ 1, 2, 7 ]
    } ]
  }, {
    "id" : "eef2793a-0f9e-49e1-9865-41b71c6eb7c4",
    "vertices" : [ {
      "x" : -1.5301921,
      "y" : 2.8836536,
      "z" : 0.27673072
    }, {
      "x" : -1.4301921,
      "y" : 2.7836535,
      "z" : 0.6767307
    }, {
      "x" : -0.43333334,
      "y" : 0.3888889,
      "z" : 0.37777779
    }, {
      "x" : -0.53333336,
      "y" : 0.4888889,
      "z" : -0.022222223
    }, {
      "x" : -1.7301922,
      "y" : 2.5503201,
      "z" : 0.8100641
    }, {
      "x" : -1.8301922,
      "y" : 2.6503203,
      "z" : 0.41006404
    }, {
      "x" : -0.23333333,
      "y" : 0.7222222,
      "z" : -0.15555556
    }, {
      "x" : -0.13333334,
      "y" : 0.62222224,
      "z" : 0.24444444
    } ],
    "faces" : [ {
      "vertices" : [ 2, 3, 6 ]
    }, {
      "vertices" : [ 2, 6, 7 ]
    }, {
      "vertices" : [ 0, 5, 4 ]
    }, {
      "vertices" : [ 0, 4, 1 ]
    }, {
      "vertices" : [ 2, 4, 5 ]
    }, {
      "vertices" : [ 2, 5, 3 ]
    }, {
      "vertices" : [ 0, 6, 3 ]
    }, {
      "vertices" : [ 0, 3, 5 ]
    }, {
      "vertices" : [ 0, 1, 7 ]
    }, {
      "vertices" : [ 0, 7, 6 ]
    }, {
      "vertices" : [ 1, 4, 2 ]
    }, {
      "vertices" : [ 1, 2, 7 ]
    } ]
  }, {
    "id" : "cdef1ab7-9e23-4fb7-97b2-6807efed457a",
    "vertices" : [ {
      "x" : 0.809017,
      "y" : 0.0,
      "z" : -0.690983
    }, {
      "x" : 1.0,
      "y" : 0.309017,
      "z" : -0.19098301
    }, {
      "x" : 1.309017,
      "y" : 0.309017,
      "z" : -0.309017
    }, {
      "x" : 1.118034,
      "y" : 0.0,
      "z" : -0.809017
    }, {
      "x" : 3.236068,
      "y" : 0.309017,
      "z" : -1.427051
    }, {
      "x" : 1.0,
      "y" : -0.309017,
      "z" : -0.19098301
    }, {
      "x" : 1.309017,
      "y" : -0.309017,
      "z" : -0.309017
    }, {
      "x" : 2.927051,
      "y" : 0.309017,
      "z" : -1.309017
    }, {
      "x" : 3.118034,
      "y" : 0.0,
      "z" : -0.809017
    }, {
      "x" : 4.236068,
      "y" : 0.0,
      "z" : -1.618034
    }, {
      "x" : 2.927051,
      "y" : -0.309017,
      "z" : -1.309017
    }, {
      "x" : 3.427051,
      "y" : 0.0,
      "z" : -0.927051
    }, {
      "x" : 3.236068,
      "y" : -0.309017,
      "z" : -1.427051
    } ],
    "faces" : [ {
      "vertices" : [ 2, 6, 8 ]
    }, {
      "vertices" : [ 4, 12, 10 ]
    }, {
      "vertices" : [ 4, 10, 7 ]
    }, {
      "vertices" : [ 2, 8, 7 ]
    }, {
      "vertices" : [ 3, 10, 6 ]
    }, {
      "vertices" : [ 3, 7, 10 ]
    }, {
      "vertices" : [ 0, 1, 2 ]
    }, {
      "vertices" : [ 0, 2, 3 ]
    }, {
      "vertices" : [ 6, 10, 8 ]
    }, {
      "vertices" : [ 8, 10, 12 ]
    }, {
      "vertices" : [ 8, 12, 11 ]
    }, {
      "vertices" : [ 2, 7, 3 ]
    }, {
      "vertices" : [ 0, 3, 6 ]
    }, {
      "vertices" : [ 0, 6, 5 ]
    }, {
      "vertices" : [ 1, 5, 6 ]
    }, {
      "vertices" : [ 1, 6, 2 ]
    }, {
      "vertices" : [ 4, 7, 8 ]
    }, {
      "vertices" : [ 4, 8, 11 ]
    } ]
  } ],
  "instances" : [ {
    "shape" : "ae17135b-7384-441e-a1aa-a23a59b6a69d",
    "color" : "#007695",
    "position" : {
      "x" : 15.708204,
      "y" : -15.708204,
      "z" : 0.0
    },
    "orientation" : 45
  }, {
    "shape" : "c60d2ec5-3dfc-449a-9257-2cd22aa5f7c4",
    "color" : "#FFFFFF",
    "position" : {
      "x" : 15.708204,
      "y" : -31.416409,
      "z" : 10.472136
    }
  }, {
    "shape" : "ae17135b-7384-441e-a1aa-a23a59b6a69d",
    "color" : "#007695",
    "position" : {
      "x" : 5.236068,
      "y" : -26.18034,
      "z" : 20.944271
    },
    "orientation" : 16
  }, {
    "shape" : "ae17135b-7384-441e-a1aa-a23a59b6a69d",
    "color" : "#007695",
    "position" : {
      "x" : 15.708204,
      "y" : -15.708204,
      "z" : 0.0
    },
    "orientation" : 16
  }, {
    "shape" : "ae17135b-7384-441e-a1aa-a23a59b6a69d",
    "color" : "#007695",
    "position" : {
      "x" : 5.236068,
      "y" : -10.472136,
      "z" : 5.236068
    },
    "orientation" : 45
  }, {
    "shape" : "ae17135b-7384-441e-a1aa-a23a59b6a69d",
    "color" : "#007695",
    "position" : {
      "x" : -10.472136,
      "y" : -5.236068,
      "z" : 15.708204
    },
    "orientation" : 47
  }, {
    "shape" : "c60d2ec5-3dfc-449a-9257-2cd22aa5f7c4",
    "color" : "#CC0000",
    "position" : {
      "x" : 13.09017,
      "y" : -23.562305,
      "z" : 23.562305
    }
  }, {
    "shape" : "ae17135b-7384-441e-a1aa-a23a59b6a69d",
    "color" : "#007695",
    "position" : {
      "x" : -10.472136,
      "y" : -5.236068,
      "z" : 15.708204
    },
    "orientation" : 16
  }, {
    "shape" : "ae17135b-7384-441e-a1aa-a23a59b6a69d",
    "color" : "#007695",
    "position" : {
      "x" : 5.236068,
      "y" : -20.944271,
      "z" : 15.708204
    },
    "orientation" : 2
  }, {
    "shape" : "c60d2ec5-3dfc-449a-9257-2cd22aa5f7c4",
    "color" : "#FFFFFF",
    "position" : {
      "x" : 20.944271,
      "y" : -15.708204,
      "z" : 0.0
    }
  }, {
    "shape" : "ae17135b-7384-441e-a1aa-a23a59b6a69d",
    "color" : "#007695",
    "position" : {
      "x" : 15.708204,
      "y" : -26.18034,
      "z" : 10.472136
    },
    "orientation" : 2
  }, {
    "shape" : "c60d2ec5-3dfc-449a-9257-2cd22aa5f7c4",
    "color" : "#FFFFFF",
    "position" : {
      "x" : 20.944271,
      "y" : -31.416409,
      "z" : 15.708204
    }
  }, {
    "shape" : "ae17135b-7384-441e-a1aa-a23a59b6a69d",
    "color" : "#007695",
    "position" : {
      "x" : 5.236068,
      "y" : -26.18034,
      "z" : 20.944271
    },
    "orientation" : 0
  }, {
    "shape" : "ae17135b-7384-441e-a1aa-a23a59b6a69d",
    "color" : "#007695",
    "position" : {
      "x" : -5.236068,
      "y" : -5.236068,
      "z" : 10.472136
    },
    "orientation" : 47
  }, {
    "shape" : "ae17135b-7384-441e-a1aa-a23a59b6a69d",
    "color" : "#007695",
    "position" : {
      "x" : -5.236068,
      "y" : 0.0,
      "z" : 5.236068
    },
    "orientation" : 45
  }, {
    "shape" : "b8ef7287-7b81-48bc-96da-c04b2f17547d",
    "color" : "#7C8EAA",
    "position" : {
      "x" : 13.09017,
      "y" : -13.09017,
      "z" : 13.09017
    },
    "orientation" : 2
  }, {
    "shape" : "c60d2ec5-3dfc-449a-9257-2cd22aa5f7c4",
    "color" : "#CC0000",
    "position" : {
      "x" : 2.618034,
      "y" : 7.854102,
      "z" : 2.618034
    }
  }, {
    "shape" : "c60d2ec5-3dfc-449a-9257-2cd22aa5f7c4",
    "color" : "#FFFFFF",
    "position" : {
      "x" : 3.2725425,
      "y" : -20.289762,
      "z" : 32.070915
    }
  }, {
    "shape" : "ae17135b-7384-441e-a1aa-a23a59b6a69d",
    "color" : "#007695",
    "position" : {
      "x" : 10.472136,
      "y" : -15.708204,
      "z" : 5.236068
    },
    "orientation" : 0
  }, {
    "shape" : "ae17135b-7384-441e-a1aa-a23a59b6a69d",
    "color" : "#007695",
    "position" : {
      "x" : 10.472136,
      "y" : -15.708204,
      "z" : 5.236068
    },
    "orientation" : 1
  }, {
    "shape" : "c60d2ec5-3dfc-449a-9257-2cd22aa5f7c4",
    "color" : "#CC0000",
    "position" : {
      "x" : -2.618034,
      "y" : 2.618034,
      "z" : 13.09017
    }
  }, {
    "shape" : "eef2793a-0f9e-49e1-9865-41b71c6eb7c4",
    "color" : "#512064",
    "position" : {
      "x" : 2.618034,
      "y" : -2.618034,
      "z" : 13.09017
    },
    "orientation" : 1
  }, {
    "shape" : "c60d2ec5-3dfc-449a-9257-2cd22aa5f7c4",
    "color" : "#FFFFFF",
    "position" : {
      "x" : -5.236068,
      "y" : 0.0,
      "z" : 0.0
    }
  }, {
    "shape" : "c60d2ec5-3dfc-449a-9257-2cd22aa5f7c4",
    "color" : "#CC0000",
    "position" : {
      "x" : 23.562305,
      "y" : -13.09017,
      "z" : 2.618034
    }
  }, {
    "shape" : "c60d2ec5-3dfc-449a-9257-2cd22aa5f7c4",
    "color" : "#0033CC",
    "position" : {
      "x" : 10.472136,
      "y" : -20.944271,
      "z" : 10.472136
    }
  }, {
    "shape" : "cdef1ab7-9e23-4fb7-97b2-6807efed457a",
    "color" : "#F0A000",
    "position" : {
      "x" : 0.0,
      "y" : -20.944271,
      "z" : 26.18034
    },
    "orientation" : 9
  }, {
    "shape" : "c60d2ec5-3dfc-449a-9257-2cd22aa5f7c4",
    "color" : "#FFFFFF",
    "position" : {
      "x" : 0.0,
      "y" : -10.472136,
      "z" : 15.708204
    }
  }, {
    "shape" : "c60d2ec5-3dfc-449a-9257-2cd22aa5f7c4",
    "color" : "#FFFFFF",
    "position" : {
      "x" : 10.472136,
      "y" : -5.236068,
      "z" : 0.0
    }
  }, {
    "shape" : "eef2793a-0f9e-49e1-9865-41b71c6eb7c4",
    "color" : "#512064",
    "position" : {
      "x" : -7.854102,
      "y" : 2.618034,
      "z" : 18.326239
    },
    "orientation" : 2
  }, {
    "shape" : "c60d2ec5-3dfc-449a-9257-2cd22aa5f7c4",
    "color" : "#CC0000",
    "position" : {
      "x" : 2.618034,
      "y" : -18.326239,
      "z" : 28.798374
    }
  }, {
    "shape" : "b8ef7287-7b81-48bc-96da-c04b2f17547d",
    "color" : "#7C8EAA",
    "position" : {
      "x" : 23.562305,
      "y" : -18.326239,
      "z" : 7.854102
    },
    "orientation" : 0
  }, {
    "shape" : "b8ef7287-7b81-48bc-96da-c04b2f17547d",
    "color" : "#7C8EAA",
    "position" : {
      "x" : 18.326239,
      "y" : -7.854102,
      "z" : 2.618034
    },
    "orientation" : 2
  }, {
    "shape" : "c60d2ec5-3dfc-449a-9257-2cd22aa5f7c4",
    "color" : "#FFFFFF",
    "position" : {
      "x" : 10.472136,
      "y" : -31.416409,
      "z" : 15.708204
    }
  }, {
    "shape" : "b8ef7287-7b81-48bc-96da-c04b2f17547d",
    "color" : "#7C8EAA",
    "position" : {
      "x" : 2.618034,
      "y" : 7.854102,
      "z" : 2.618034
    },
    "orientation" : 1
  }, {
    "shape" : "ae17135b-7384-441e-a1aa-a23a59b6a69d",
    "color" : "#007695",
    "position" : {
      "x" : -5.236068,
      "y" : -5.236068,
      "z" : 10.472136
    },
    "orientation" : 45
  }, {
    "shape" : "c60d2ec5-3dfc-449a-9257-2cd22aa5f7c4",
    "color" : "#FFFFFF",
    "position" : {
      "x" : 10.472136,
      "y" : -15.708204,
      "z" : 0.0
    }
  }, {
    "shape" : "eef2793a-0f9e-49e1-9865-41b71c6eb7c4",
    "color" : "#512064",
    "position" : {
      "x" : 18.326239,
      "y" : -18.326239,
      "z" : 13.09017
    },
    "orientation" : 2
  }, {
    "shape" : "eef2793a-0f9e-49e1-9865-41b71c6eb7c4",
    "color" : "#512064",
    "position" : {
      "x" : -2.618034,
      "y" : -7.854102,
      "z" : 23.562305
    },
    "orientation" : 1
  }, {
    "shape" : "cdef1ab7-9e23-4fb7-97b2-6807efed457a",
    "color" : "#F0A000",
    "position" : {
      "x" : 10.472136,
      "y" : -15.708204,
      "z" : 10.472136
    },
    "orientation" : 9
  }, {
    "shape" : "b8ef7287-7b81-48bc-96da-c04b2f17547d",
    "color" : "#7C8EAA",
    "position" : {
      "x" : 2.618034,
      "y" : 7.854102,
      "z" : 2.618034
    },
    "orientation" : 2
  }, {
    "shape" : "ae17135b-7384-441e-a1aa-a23a59b6a69d",
    "color" : "#007695",
    "position" : {
      "x" : 10.472136,
      "y" : -20.944271,
      "z" : 10.472136
    },
    "orientation" : 0
  }, {
    "shape" : "c60d2ec5-3dfc-449a-9257-2cd22aa5f7c4",
    "color" : "#FFFFFF",
    "position" : {
      "x" : 0.0,
      "y" : -15.708204,
      "z" : 20.944271
    }
  }, {
    "shape" : "cdef1ab7-9e23-4fb7-97b2-6807efed457a",
    "color" : "#F0A000",
    "position" : {
      "x" : -5.236068,
      "y" : 5.236068,
      "z" : 5.236068
    },
    "orientation" : 9
  }, {
    "shape" : "c60d2ec5-3dfc-449a-9257-2cd22aa5f7c4",
    "color" : "#FFFFFF",
    "position" : {
      "x" : 5.236068,
      "y" : -5.236068,
      "z" : -5.236068
    }
  }, {
    "shape" : "c60d2ec5-3dfc-449a-9257-2cd22aa5f7c4",
    "color" : "#FFFFFF",
    "position" : {
      "x" : 5.236068,
      "y" : -10.472136,
      "z" : 10.472136
    }
  }, {
    "shape" : "ae17135b-7384-441e-a1aa-a23a59b6a69d",
    "color" : "#007695",
    "position" : {
      "x" : 5.236068,
      "y" : -20.944271,
      "z" : 15.708204
    },
    "orientation" : 47
  }, {
    "shape" : "eef2793a-0f9e-49e1-9865-41b71c6eb7c4",
    "color" : "#512064",
    "position" : {
      "x" : -2.618034,
      "y" : -7.854102,
      "z" : 23.562305
    },
    "orientation" : 0
  }, {
    "shape" : "c60d2ec5-3dfc-449a-9257-2cd22aa5f7c4",
    "color" : "#CC0000",
    "position" : {
      "x" : 2.618034,
      "y" : -7.854102,
      "z" : 18.326239
    }
  }, {
    "shape" : "b8ef7287-7b81-48bc-96da-c04b2f17547d",
    "color" : "#7C8EAA",
    "position" : {
      "x" : 7.854102,
      "y" : -18.326239,
      "z" : 23.562305
    },
    "orientation" : 0
  }, {
    "shape" : "c60d2ec5-3dfc-449a-9257-2cd22aa5f7c4",
    "color" : "#FFFFFF",
    "position" : {
      "x" : 0.0,
      "y" : -5.236068,
      "z" : 10.472136
    }
  }, {
    "shape" : "ae17135b-7384-441e-a1aa-a23a59b6a69d",
    "color" : "#007695",
    "position" : {
      "x" : 15.708204,
      "y" : -31.416409,
      "z" : 15.708204
    },
    "orientation" : 45
  }, {
    "shape" : "ae17135b-7384-441e-a1aa-a23a59b6a69d",
    "color" : "#007695",
    "position" : {
      "x" : -10.472136,
      "y" : -5.236068,
      "z" : 15.708204
    },
    "orientation" : 45
  }, {
    "shape" : "ae17135b-7384-441e-a1aa-a23a59b6a69d",
    "color" : "#007695",
    "position" : {
      "x" : 5.236068,
      "y" : -20.944271,
      "z" : 15.708204
    },
    "orientation" : 45
  }, {
    "shape" : "c60d2ec5-3dfc-449a-9257-2cd22aa5f7c4",
    "color" : "#FFFFFF",
    "position" : {
      "x" : 10.472136,
      "y" : -26.18034,
      "z" : 20.944271
    }
  }, {
    "shape" : "c60d2ec5-3dfc-449a-9257-2cd22aa5f7c4",
    "color" : "#FFFFFF",
    "position" : {
      "x" : 10.472136,
      "y" : -36.652477,
      "z" : 20.944271
    }
  }, {
    "shape" : "ae17135b-7384-441e-a1aa-a23a59b6a69d",
    "color" : "#007695",
    "position" : {
      "x" : 5.236068,
      "y" : -10.472136,
      "z" : 5.236068
    },
    "orientation" : 47
  }, {
    "shape" : "b8ef7287-7b81-48bc-96da-c04b2f17547d",
    "color" : "#7C8EAA",
    "position" : {
      "x" : 23.562305,
      "y" : -18.326239,
      "z" : 7.854102
    },
    "orientation" : 1
  }, {
    "shape" : "c60d2ec5-3dfc-449a-9257-2cd22aa5f7c4",
    "color" : "#CC0000",
    "position" : {
      "x" : 18.326239,
      "y" : -34.034443,
      "z" : 28.798374
    }
  }, {
    "shape" : "ae17135b-7384-441e-a1aa-a23a59b6a69d",
    "color" : "#007695",
    "position" : {
      "x" : 15.708204,
      "y" : -26.18034,
      "z" : 10.472136
    },
    "orientation" : 45
  }, {
    "shape" : "ae17135b-7384-441e-a1aa-a23a59b6a69d",
    "color" : "#007695",
    "position" : {
      "x" : 15.708204,
      "y" : -31.416409,
      "z" : 15.708204
    },
    "orientation" : 0
  }, {
    "shape" : "eef2793a-0f9e-49e1-9865-41b71c6eb7c4",
    "color" : "#512064",
    "position" : {
      "x" : 7.854102,
      "y" : -13.09017,
      "z" : 18.326239
    },
    "orientation" : 1
  }, {
    "shape" : "eef2793a-0f9e-49e1-9865-41b71c6eb7c4",
    "color" : "#512064",
    "position" : {
      "x" : 18.326239,
      "y" : -18.326239,
      "z" : 13.09017
    },
    "orientation" : 0
  }, {
    "shape" : "ae17135b-7384-441e-a1aa-a23a59b6a69d",
    "color" : "#007695",
    "position" : {
      "x" : -5.236068,
      "y" : -15.708204,
      "z" : 20.944271
    },
    "orientation" : 16
  }, {
    "shape" : "c60d2ec5-3dfc-449a-9257-2cd22aa5f7c4",
    "color" : "#0033CC",
    "position" : {
      "x" : 15.708204,
      "y" : -15.708204,
      "z" : 0.0
    }
  }, {
    "shape" : "c60d2ec5-3dfc-449a-9257-2cd22aa5f7c4",
    "color" : "#FFFFFF",
    "position" : {
      "x" : 15.708204,
      "y" : -20.944271,
      "z" : 10.472136
    }
  }, {
    "shape" : "eef2793a-0f9e-49e1-9865-41b71c6eb7c4",
    "color" : "#512064",
    "position" : {
      "x" : 13.09017,
      "y" : -23.562305,
      "z" : 23.562305
    },
    "orientation" : 0
  }, {
    "shape" : "ae17135b-7384-441e-a1aa-a23a59b6a69d",
    "color" : "#007695",
    "position" : {
      "x" : 0.0,
      "y" : -10.472136,
      "z" : 10.472136
    },
    "orientation" : 1
  }, {
    "shape" : "ae17135b-7384-441e-a1aa-a23a59b6a69d",
    "color" : "#007695",
    "position" : {
      "x" : 0.0,
      "y" : 0.0,
      "z" : 0.0
    },
    "orientation" : 0
  }, {
    "shape" : "eef2793a-0f9e-49e1-9865-41b71c6eb7c4",
    "color" : "#512064",
    "position" : {
      "x" : 2.618034,
      "y" : -18.326239,
      "z" : 28.798374
    },
    "orientation" : 1
  }, {
    "shape" : "c60d2ec5-3dfc-449a-9257-2cd22aa5f7c4",
    "color" : "#FFFFFF",
    "position" : {
      "x" : 5.236068,
      "y" : -26.18034,
      "z" : 26.18034
    }
  }, {
    "shape" : "c60d2ec5-3dfc-449a-9257-2cd22aa5f7c4",
    "color" : "#FFFFFF",
    "position" : {
      "x" : 11.126644,
      "y" : 3.2725425,
      "z" : 0.6545085
    }
  }, {
    "shape" : "c60d2ec5-3dfc-449a-9257-2cd22aa5f7c4",
    "color" : "#FFFFFF",
    "position" : {
      "x" : -5.236068,
      "y" : 0.0,
      "z" : 10.472136
    }
  }, {
    "shape" : "c60d2ec5-3dfc-449a-9257-2cd22aa5f7c4",
    "color" : "#FFFFFF",
    "position" : {
      "x" : 26.834848,
      "y" : -35.997967,
      "z" : 24.216814
    }
  }, {
    "shape" : "c60d2ec5-3dfc-449a-9257-2cd22aa5f7c4",
    "color" : "#FFFFFF",
    "position" : {
      "x" : -15.708204,
      "y" : -5.236068,
      "z" : 15.708204
    }
  }, {
    "shape" : "cdef1ab7-9e23-4fb7-97b2-6807efed457a",
    "color" : "#F0A000",
    "position" : {
      "x" : 15.708204,
      "y" : -20.944271,
      "z" : 10.472136
    },
    "orientation" : 9
  }, {
    "shape" : "ae17135b-7384-441e-a1aa-a23a59b6a69d",
    "color" : "#007695",
    "position" : {
      "x" : 20.944271,
      "y" : -20.944271,
      "z" : 0.0
    },
    "orientation" : 16
  }, {
    "shape" : "cdef1ab7-9e23-4fb7-97b2-6807efed457a",
    "color" : "#F0A000",
    "position" : {
      "x" : 5.236068,
      "y" : -5.236068,
      "z" : 5.236068
    },
    "orientation" : 9
  }, {
    "shape" : "eef2793a-0f9e-49e1-9865-41b71c6eb7c4",
    "color" : "#512064",
    "position" : {
      "x" : 13.09017,
      "y" : -7.854102,
      "z" : 7.854102
    },
    "orientation" : 0
  }, {
    "shape" : "ae17135b-7384-441e-a1aa-a23a59b6a69d",
    "color" : "#007695",
    "position" : {
      "x" : 0.0,
      "y" : -15.708204,
      "z" : 15.708204
    },
    "orientation" : 47
  }, {
    "shape" : "eef2793a-0f9e-49e1-9865-41b71c6eb7c4",
    "color" : "#512064",
    "position" : {
      "x" : 2.618034,
      "y" : -18.326239,
      "z" : 28.798374
    },
    "orientation" : 2
  }, {
    "shape" : "ae17135b-7384-441e-a1aa-a23a59b6a69d",
    "color" : "#007695",
    "position" : {
      "x" : 20.944271,
      "y" : -26.18034,
      "z" : 5.236068
    },
    "orientation" : 0
  }, {
    "shape" : "ae17135b-7384-441e-a1aa-a23a59b6a69d",
    "color" : "#007695",
    "position" : {
      "x" : 15.708204,
      "y" : -26.18034,
      "z" : 10.472136
    },
    "orientation" : 16
  }, {
    "shape" : "c60d2ec5-3dfc-449a-9257-2cd22aa5f7c4",
    "color" : "#0033CC",
    "position" : {
      "x" : 20.944271,
      "y" : -26.18034,
      "z" : 5.236068
    }
  }, {
    "shape" : "c60d2ec5-3dfc-449a-9257-2cd22aa5f7c4",
    "color" : "#FFFFFF",
    "position" : {
      "x" : 5.236068,
      "y" : -15.708204,
      "z" : 5.236068
    }
  }, {
    "shape" : "cdef1ab7-9e23-4fb7-97b2-6807efed457a",
    "color" : "#F0A000",
    "position" : {
      "x" : 0.0,
      "y" : -5.236068,
      "z" : 10.472136
    },
    "orientation" : 9
  }, {
    "shape" : "c60d2ec5-3dfc-449a-9257-2cd22aa5f7c4",
    "color" : "#CC0000",
    "position" : {
      "x" : 13.09017,
      "y" : -13.09017,
      "z" : 13.09017
    }
  }, {
    "shape" : "b8ef7287-7b81-48bc-96da-c04b2f17547d",
    "color" : "#7C8EAA",
    "position" : {
      "x" : 7.854102,
      "y" : -18.326239,
      "z" : 23.562305
    },
    "orientation" : 2
  }, {
    "shape" : "ae17135b-7384-441e-a1aa-a23a59b6a69d",
    "color" : "#007695",
    "position" : {
      "x" : 0.0,
      "y" : 0.0,
      "z" : 0.0
    },
    "orientation" : 47
  }, {
    "shape" : "b8ef7287-7b81-48bc-96da-c04b2f17547d",
    "color" : "#7C8EAA",
    "position" : {
      "x" : 2.618034,
      "y" : -7.854102,
      "z" : 18.326239
    },
    "orientation" : 1
  }, {
    "shape" : "ae17135b-7384-441e-a1aa-a23a59b6a69d",
    "color" : "#007695",
    "position" : {
      "x" : 0.0,
      "y" : 0.0,
      "z" : 0.0
    },
    "orientation" : 45
  }, {
