{
  "field" : "golden",
  "symmetry" : "icosahedral",
  "orientations" : [ [ 1.0, 0.0, 0.0, 0.0, 0.0, 1.0, 0.0, 0.0, 0.0, 0.0, 1.0, 0.0, 0.0, 0.0, 0.0, 1.0 ], [ 0.0, 0.0, 1.0, 0.0, 1.0, 0.0, 0.0, 0.0, 0.0, 1.0, 0.0, 0.0, 0.0, 0.0, 0.0, 1.0 ], [ 0.0, 1.0, 0.0, 0.0, 0.0, 0.0, 1.0, 0.0, 1.0, 0.0, 0.0, 0.0, 0.0, 0.0, 0.0, 1.0 ], [ 0.809017, 0.309017, 0.5, 0.0, 0.309017, 0.5, -0.809017, 0.0, -0.5, 0.809017, 0.309017, 0.0, 0.0, 0.0, 0.0, 1.0 ], [ -0.5, 0.809017, 0.309017, 0.0, 0.809017, 0.309017, 0.5, 0.0, 0.309017, 0.5, -0.809017, 0.0, 0.0, 0.0, 0.0, 1.0 ], [ 0.309017, 0.5, -0.809017, 0.0, -0.5, 0.809017, 0.309017, 0.0, 0.809017, 0.309017, 0.5, 0.0, 0.0, 0.0, 0.0, 1.0 ], [ 0.5, 0.809017, 0.309017, 0.0, 0.809017, -0.309017, -0.5, 0.0, -0.309017, 0.5, -0.809017, 0.0, 0.0, 0.0, 0.0, 1.0 ], [ -0.309017, 0.5, -0.809017, 0.0, 0.5, 0.809017, 0.309017, 0.0, 0.809017, -0.309017, -0.5, 0.0, 0.0, 0.0, 0.0, 1.0 ], [ 0.809017, -0.309017, -0.5, 0.0, -0.309017, 0.5, -0.809017, 0.0, 0.5, 0.809017, 0.309017, 0.0, 0.0, 0.0, 0.0, 1.0 ], [ 0.5, 0.809017, -0.309017, 0.0, 0.809017, -0.309017, 0.5, 0.0, 0.309017, -0.5, -0.809017, 0.0, 0.0, 0.0, 0.0, 1.0 ], [ 0.309017, -0.5, -0.809017, 0.0, 0.5, 0.809017, -0.309017, 0.0, 0.809017, -0.309017, 0.5, 0.0, 0.0, 0.0, 0.0, 1.0 ], [ 0.809017, -0.309017, 0.5, 0.0, 0.309017, -0.5, -0.809017, 0.0, 0.5, 0.809017, -0.309017, 0.0, 0.0, 0.0, 0.0, 1.0 ], [ 0.809017, 0.309017, -0.5, 0.0, 0.309017, 0.5, 0.809017, 0.0, 0.5, -0.809017, 0.309017, 0.0, 0.0, 0.0, 0.0, 1.0 ], [ 0.5, -0.809017, 0.309017, 0.0, 0.809017, 0.309017, -0.5, 0.0, 0.309017, 0.5, 0.809017, 0.0, 0.0, 0.0, 0.0, 1.0 ], [ 0.309017, 0.5, 0.809017, 0.0, 0.5, -0.809017, 0.309017, 0.0, 0.809017, 0.309017, -0.5, 0.0, 0.0, 0.0, 0.0, 1.0 ], [ 1.0, 0.0, 0.0, 0.0, 0.0, -1.0, 0.0, 0.0, 0.0, 0.0, -1.0, 0.0, 0.0, 0.0, 0.0, 1.0 ], [ 0.0, 0.0, 1.0, 0.0, -1.0, 0.0, 0.0, 0.0, 0.0, -1.0, 0.0, 0.0, 0.0, 0.0, 0.0, 1.0 ], [ 0.0, 1.0, 0.0, 0.0, 0.0, 0.0, -1.0, 0.0, -1.0, 0.0, 0.0, 0.0, 0.0, 0.0, 0.0, 1.0 ], [ 0.809017, 0.309017, 0.5, 0.0, -0.309017, -0.5, 0.809017, 0.0, 0.5, -0.809017, -0.309017, 0.0, 0.0, 0.0, 0.0, 1.0 ], [ -0.5, 0.809017, 0.309017, 0.0, -0.809017, -0.309017, -0.5, 0.0, -0.309017, -0.5, 0.809017, 0.0, 0.0, 0.0, 0.0, 1.0 ], [ 0.309017, 0.5, -0.809017, 0.0, 0.5, -0.809017, -0.309017, 0.0, -0.809017, -0.309017, -0.5, 0.0, 0.0, 0.0, 0.0, 1.0 ], [ 0.5, 0.809017, 0.309017, 0.0, -0.809017, 0.309017, 0.5, 0.0, 0.309017, -0.5, 0.809017, 0.0, 0.0, 0.0, 0.0, 1.0 ], [ -0.309017, 0.5, -0.809017, 0.0, -0.5, -0.809017, -0.309017, 0.0, -0.809017, 0.309017, 0.5, 0.0, 0.0, 0.0, 0.0, 1.0 ], [ 0.809017, -0.309017, -0.5, 0.0, 0.309017, -0.5, 0.809017, 0.0, -0.5, -0.809017, -0.309017, 0.0, 0.0, 0.0, 0.0, 1.0 ], [ 0.5, 0.809017, -0.309017, 0.0, -0.809017, 0.309017, -0.5, 0.0, -0.309017, 0.5, 0.809017, 0.0, 0.0, 0.0, 0.0, 1.0 ], [ 0.309017, -0.5, -0.809017, 0.0, -0.5, -0.809017, 0.309017, 0.0, -0.809017, 0.309017, -0.5, 0.0, 0.0, 0.0, 0.0, 1.0 ], [ 0.809017, -0.309017, 0.5, 0.0, -0.309017, 0.5, 0.809017, 0.0, -0.5, -0.809017, 0.309017, 0.0, 0.0, 0.0, 0.0, 1.0 ], [ 0.809017, 0.309017, -0.5, 0.0, -0.309017, -0.5, -0.809017, 0.0, -0.5, 0.809017, -0.309017, 0.0, 0.0, 0.0, 0.0, 1.0 ], [ 0.5, -0.809017, 0.309017, 0.0, -0.809017, -0.309017, 0.5, 0.0, -0.309017, -0.5, -0.809017, 0.0, 0.0, 0.0, 0.0, 1.0 ], [ 0.309017, 0.5, 0.809017, 0.0, -0.5, 0.809017, -0.309017, 0.0, -0.809017, -0.309017, 0.5, 0.0, 0.0, 0.0, 0.0, 1.0 ], [ -1.0, 0.0, 0.0, 0.0, 0.0, -1.0, 0.0, 0.0, 0.0, 0.0, 1.0, 0.0, 0.0, 0.0, 0.0, 1.0 ], [ 0.0, 0.0, -1.0, 0.0, -1.0, 0.0, 0.0, 0.0, 0.0, 1.0, 0.0, 0.0, 0.0, 0.0, 0.0, 1.0 ], [ 0.0, -1.0, 0.0, 0.0, 0.0, 0.0, -1.0, 0.0, 1.0, 0.0, 0.0, 0.0, 0.0, 0.0, 0.0, 1.0 ], [ -0.809017, -0.309017, -0.5, 0.0, -0.309017, -0.5, 0.809017, 0.0, -0.5, 0.809017, 0.309017, 0.0, 0.0, 0.0, 0.0, 1.0 ], [ 0.5, -0.809017, -0.309017, 0.0, -0.809017, -0.309017, -0.5, 0.0, 0.309017, 0.5, -0.809017, 0.0, 0.0, 0.0, 0.0, 1.0 ], [ -0.309017, -0.5, 0.809017, 0.0, 0.5, -0.809017, -0.309017, 0.0, 0.809017, 0.309017, 0.5, 0.0, 0.0, 0.0, 0.0, 1.0 ], [ -0.5, -0.809017, -0.309017, 0.0, -0.809017, 0.309017, 0.5, 0.0, -0.309017, 0.5, -0.809017, 0.0, 0.0, 0.0, 0.0, 1.0 ], [ 0.309017, -0.5, 0.809017, 0.0, -0.5, -0.809017, -0.309017, 0.0, 0.809017, -0.309017, -0.5, 0.0, 0.0, 0.0, 0.0, 1.0 ], [ -0.809017, 0.309017, 0.5, 0.0, 0.309017, -0.5, 0.809017, 0.0, 0.5, 0.809017, 0.309017, 0.0, 0.0, 0.0, 0.0, 1.0 ], [ -0.5, -0.809017, 0.309017, 0.0, -0.809017, 0.309017, -0.5, 0.0, 0.309017, -0.5, -0.809017, 0.0, 0.0, 0.0, 0.0, 1.0 ], [ -0.309017, 0.5, 0.809017, 0.0, -0.5, -0.809017, 0.309017, 0.0, 0.809017, -0.309017, 0.5, 0.0, 0.0, 0.0, 0.0, 1.0 ], [ -0.809017, 0.309017, -0.5, 0.0, -0.309017, 0.5, 0.809017, 0.0, 0.5, 0.809017, -0.309017, 0.0, 0.0, 0.0, 0.0, 1.0 ], [ -0.809017, -0.309017, 0.5, 0.0, -0.309017, -0.5, -0.809017, 0.0, 0.5, -0.809017, 0.309017, 0.0, 0.0, 0.0, 0.0, 1.0 ], [ -0.5, 0.809017, -0.309017, 0.0, -0.809017, -0.309017, 0.5, 0.0, 0.309017, 0.5, 0.809017, 0.0, 0.0, 0.0, 0.0, 1.0 ], [ -0.309017, -0.5, -0.809017, 0.0, -0.5, 0.809017, -0.309017, 0.0, 0.809017, 0.309017, -0.5, 0.0, 0.0, 0.0, 0.0, 1.0 ], [ -1.0, 0.0, 0.0, 0.0, 0.0, 1.0, 0.0, 0.0, 0.0, 0.0, -1.0, 0.0, 0.0, 0.0, 0.0, 1.0 ], [ 0.0, 0.0, -1.0, 0.0, 1.0, 0.0, 0.0, 0.0, 0.0, -1.0, 0.0, 0.0, 0.0, 0.0, 0.0, 1.0 ], [ 0.0, -1.0, 0.0, 0.0, 0.0, 0.0, 1.0, 0.0, -1.0, 0.0, 0.0, 0.0, 0.0, 0.0, 0.0, 1.0 ], [ -0.809017, -0.309017, -0.5, 0.0, 0.309017, 0.5, -0.809017, 0.0, 0.5, -0.809017, -0.309017, 0.0, 0.0, 0.0, 0.0, 1.0 ], [ 0.5, -0.809017, -0.309017, 0.0, 0.809017, 0.309017, 0.5, 0.0, -0.309017, -0.5, 0.809017, 0.0, 0.0, 0.0, 0.0, 1.0 ], [ -0.309017, -0.5, 0.809017, 0.0, -0.5, 0.809017, 0.309017, 0.0, -0.809017, -0.309017, -0.5, 0.0, 0.0, 0.0, 0.0, 1.0 ], [ -0.5, -0.809017, -0.309017, 0.0, 0.809017, -0.309017, -0.5, 0.0, 0.309017, -0.5, 0.809017, 0.0, 0.0, 0.0, 0.0, 1.0 ], [ 0.309017, -0.5, 0.809017, 0.0, 0.5, 0.809017, 0.309017, 0.0, -0.809017, 0.309017, 0.5, 0.0, 0.0, 0.0, 0.0, 1.0 ], [ -0.809017, 0.309017, 0.5, 0.0, -0.309017, 0.5, -0.809017, 0.0, -0.5, -0.809017, -0.309017, 0.0, 0.0, 0.0, 0.0, 1.0 ], [ -0.5, -0.809017, 0.309017, 0.0, 0.809017, -0.309017, 0.5, 0.0, -0.309017, 0.5, 0.809017, 0.0, 0.0, 0.0, 0.0, 1.0 ], [ -0.309017, 0.5, 0.809017, 0.0, 0.5, 0.809017, -0.309017, 0.0, -0.809017, 0.309017, -0.5, 0.0, 0.0, 0.0, 0.0, 1.0 ], [ -0.809017, 0.309017, -0.5, 0.0, 0.309017, -0.5, -0.809017, 0.0, -0.5, -0.809017, 0.309017, 0.0, 0.0, 0.0, 0.0, 1.0 ], [ -0.809017, -0.309017, 0.5, 0.0, 0.309017, 0.5, 0.809017, 0.0, -0.5, 0.809017, -0.309017, 0.0, 0.0, 0.0, 0.0, 1.0 ], [ -0.5, 0.809017, -0.309017, 0.0, 0.809017, 0.309017, -0.5, 0.0, -0.309017, -0.5, -0.809017, 0.0, 0.0, 0.0, 0.0, 1.0 ], [ -0.309017, -0.5, -0.809017, 0.0, 0.5, -0.809017, 0.309017, 0.0, -0.809017, -0.309017, 0.5, 0.0, 0.0, 0.0, 0.0, 1.0 ] ],
  "lights" : {
    "ambientColor" : "#292929",
    "backgroundColor" : "#AFC8DC",
    "directionalLights" : [ {
      "direction" : {
        "x" : 1.0,
        "y" : -1.0,
        "z" : -1.0
      },
      "color" : "#EBEBE4"
    }, {
      "direction" : {
        "x" : -1.0,
        "y" : 0.0,
        "z" : 0.0
      },
      "color" : "#E4E4EB"
    }, {
      "direction" : {
        "x" : 0.0,
        "y" : 0.0,
        "z" : -1.0
      },
      "color" : "#1E1E1E"
    } ]
  },
  "camera" : {
    "lookDirection" : {
      "x" : -0.3568221,
      "y" : -0.93417233,
      "z" : 0.0
    },
    "upDirection" : {
      "x" : -0.46708614,
      "y" : 0.17841104,
      "z" : -0.8660254
    },
    "lookAtPoint" : {
      "x" : 12.6688595,
      "y" : 71.17408,
      "z" : 23.489357
    },
    "stereo" : false,
    "width" : 51.95468,
    "viewDistance" : 115.454834,
    "nearClipDistance" : 0.28863713,
    "farClipDistance" : 230.90935,
    "fieldOfView" : 0.44262892,
    "perspective" : false,
    "position" : {
      "x" : 53.8657,
      "y" : 179.0288,
      "z" : 23.489357
    }
  },
  "embedding" : [ 1.0, 0.0, 0.0, 0.0, 0.0, 1.0, 0.0, 0.0, 0.0, 0.0, 1.0, 0.0, 0.0, 0.0, 0.0, 1.0 ],
  "shapes" : [ {
    "id" : "9121da7c-6b24-437b-9fa1-e1c40d7843b7",
    "vertices" : [ {
      "x" : 58.24129,
      "y" : 50.887188,
      "z" : -13.86339
    }, {
      "x" : 57.15112,
      "y" : 52.359325,
      "z" : -13.481424
    }, {
      "x" : 54.623257,
      "y" : 48.269154,
      "z" : -20.099459
    }, {
      "x" : 56.24129,
      "y" : 47.65112,
      "z" : -19.099459
    } ],
    "faces" : [ {
      "vertices" : [ 0, 1, 2 ]
    }, {
      "vertices" : [ 0, 2, 3 ]
    }, {
      "vertices" : [ 0, 3, 2 ]
    }, {
      "vertices" : [ 0, 2, 1 ]
    } ]
  }, {
    "id" : "5c0dc4d2-f9fc-4ea6-936a-5087be299bc6",
    "vertices" : [ {
      "x" : -48.010544,
      "y" : -11.462171,
      "z" : -63.519154
    }, {
      "x" : -48.937595,
      "y" : -9.962171,
      "z" : -64.0921
    }, {
      "x" : -51.395123,
      "y" : -10.381966,
      "z" : -61.214783
    }, {
      "x" : -52.54102,
      "y" : -12.236068,
      "z" : -58.214783
    } ],
    "faces" : [ {
      "vertices" : [ 0, 1, 2 ]
    }, {
      "vertices" : [ 0, 2, 3 ]
    }, {
      "vertices" : [ 0, 3, 2 ]
    }, {
      "vertices" : [ 0, 2, 1 ]
    } ]
  }, {
    "id" : "0e8de9f9-60bc-43fd-b696-5d95eab0d3af",
    "vertices" : [ {
      "x" : -70.01096,
      "y" : -17.843458,
      "z" : -15.713944
    }, {
      "x" : -69.774895,
      "y" : -18.225426,
      "z" : -16.331978
    }, {
      "x" : -69.774895,
      "y" : -20.225426,
      "z" : -16.331978
    }, {
      "x" : -70.31998,
      "y" : -19.343458,
      "z" : -14.904927
    } ],
    "faces" : [ {
      "vertices" : [ 0, 1, 2 ]
    }, {
      "vertices" : [ 0, 2, 3 ]
    }, {
      "vertices" : [ 0, 3, 2 ]
    }, {
      "vertices" : [ 0, 2, 1 ]
    } ]
  }, {
    "id" : "479c9a24-4058-4255-915b-4f1bf71214cc",
    "vertices" : [ {
      "x" : -19.225426,
      "y" : -32.725426,
      "z" : 63.513157
    }, {
      "x" : -20.989357,
      "y" : -29.871323,
      "z" : 64.603325
    }, {
      "x" : -21.989357,
      "y" : -31.489357,
      "z" : 63.98529
    }, {
      "x" : -21.225426,
      "y" : -32.725426,
      "z" : 63.513157
    } ],
    "faces" : [ {
      "vertices" : [ 0, 1, 2 ]
    }, {
      "vertices" : [ 0, 2, 3 ]
    }, {
      "vertices" : [ 0, 3, 2 ]
    }, {
      "vertices" : [ 0, 2, 1 ]
    } ]
  }, {
    "id" : "59015b87-82d6-443d-84b1-653f1c1872af",
    "vertices" : [ {
      "x" : 73.833916,
      "y" : -32.320915,
      "z" : 5.7053337
    }, {
      "x" : 73.4137,
      "y" : -34.36068,
      "z" : 6.8054695
    }, {
      "x" : 73.79566,
      "y" : -36.214783,
      "z" : 5.8054695
    }, {
      "x" : 74.40686,
      "y" : -33.247967,
      "z" : 4.2053337
    } ],
    "faces" : [ {
      "vertices" : [ 0, 1, 2 ]
    }, {
      "vertices" : [ 0, 2, 3 ]
    }, {
      "vertices" : [ 0, 3, 2 ]
    }, {
      "vertices" : [ 0, 2, 1 ]
    } ]
  }, {
    "id" : "7ae2a669-ca62-4687-9d83-6d673afbf3e8",
    "vertices" : [ {
      "x" : -29.04373,
      "y" : 51.20685,
      "z" : 42.74129
    }, {
      "x" : -23.515865,
      "y" : 60.15112,
      "z" : 39.324883
    }, {
      "x" : -22.897831,
      "y" : 59.15112,
      "z" : 40.942917
    }, {
      "x" : -26.425695,
      "y" : 53.442917,
      "z" : 43.123257
    } ],
    "faces" : [ {
      "vertices" : [ 0, 1, 2 ]
    }, {
      "vertices" : [ 0, 2, 3 ]
    }, {
      "vertices" : [ 0, 3, 2 ]
    }, {
      "vertices" : [ 0, 2, 1 ]
    } ]
  }, {
    "id" : "ac72b1cb-657b-4af1-982d-8287a511d8dd",
    "vertices" : [ {
      "x" : 60.09675,
      "y" : -13.697561,
      "z" : 41.669697
    }, {
      "x" : 58.983097,
      "y" : -11.895639,
      "z" : 44.585266
    }, {
      "x" : 58.365067,
      "y" : -12.895639,
      "z" : 46.2033
    }, {
      "x" : 60.09675,
      "y" : -15.697561,
      "z" : 41.669697
    } ],
    "faces" : [ {
      "vertices" : [ 0, 1, 2 ]
    }, {
      "vertices" : [ 0, 2, 3 ]
    }, {
      "vertices" : [ 0, 3, 2 ]
    }, {
      "vertices" : [ 0, 2, 1 ]
    } ]
  }, {
    "id" : "7453a76d-2c76-4a95-80c5-be1715dddd85",
    "vertices" : [ {
      "x" : 17.843458,
      "y" : -34.961494,
      "z" : 62.659054
    }, {
      "x" : 17.461493,
      "y" : -35.579525,
      "z" : 62.422985
    }, {
      "x" : 18.461493,
      "y" : -37.19756,
      "z" : 61.80495
    }, {
      "x" : 19.343458,
      "y" : -35.77051,
      "z" : 62.350037
    } ],
    "faces" : [ {
      "vertices" : [ 0, 1, 2 ]
    }, {
      "vertices" : [ 0, 2, 3 ]
    }, {
      "vertices" : [ 0, 3, 2 ]
    }, {
      "vertices" : [ 0, 2, 1 ]
    } ]
  }, {
    "id" : "732b50c6-4633-4533-b643-979f40eb515c",
    "vertices" : [ {
      "x" : 57.422985,
      "y" : -29.079527,
      "z" : 36.489357
    }, {
      "x" : 58.513157,
      "y" : -30.843458,
      "z" : 33.635254
    }, {
      "x" : 59.513157,
      "y" : -29.225426,
      "z" : 34.25329
    }, {
      "x" : 59.04102,
      "y" : -28.461493,
      "z" : 35.489357
    } ],
    "faces" : [ {
      "vertices" : [ 0, 1, 2 ]
    }, {
      "vertices" : [ 0, 2, 3 ]
    }, {
      "vertices" : [ 0, 3, 2 ]
    }, {
      "vertices" : [ 0, 2, 1 ]
    } ]
  }, {
    "id" : "2baab9cc-faf0-4591-a8db-685327327fc0",
    "vertices" : [ {
      "x" : 56.33146,
      "y" : -51.033085,
      "z" : 15.627322
    }, {
      "x" : 54.529537,
      "y" : -53.948658,
      "z" : 14.513673
    }, {
      "x" : 52.911507,
      "y" : -54.566692,
      "z" : 15.513673
    }, {
      "x" : 55.71343,
      "y" : -50.033085,
      "z" : 17.245356
    } ],
    "faces" : [ {
      "vertices" : [ 0, 1, 2 ]
    }, {
      "vertices" : [ 0, 2, 3 ]
    }, {
      "vertices" : [ 0, 3, 2 ]
    }, {
      "vertices" : [ 0, 2, 1 ]
    } ]
  }, {
    "id" : "4ab65432-fbc7-4dab-a556-0234f8f3ac6f",
    "vertices" : [ {
      "x" : -7.763932,
      "y" : 42.2033,
      "z" : -59.89293
    }, {
      "x" : -9.618034,
      "y" : 42.43937,
      "z" : -59.802757
    }, {
      "x" : -5.527864,
      "y" : 49.057404,
      "z" : -57.274895
    }, {
      "x" : -4.527864,
      "y" : 47.43937,
      "z" : -57.89293
    } ],
    "faces" : [ {
      "vertices" : [ 0, 1, 2 ]
    }, {
      "vertices" : [ 0, 2, 3 ]
    }, {
      "vertices" : [ 0, 3, 2 ]
    }, {
      "vertices" : [ 0, 2, 1 ]
    } ]
  }, {
    "id" : "956bb1db-404a-4a2f-8dae-ecd8b217f2e7",
    "vertices" : [ {
      "x" : -49.841427,
      "y" : 30.739357,
      "z" : 42.411087
    }, {
      "x" : -48.341427,
      "y" : 31.312305,
      "z" : 43.33814
    }, {
      "x" : -48.761223,
      "y" : 28.434984,
      "z" : 45.795662
    }, {
      "x" : -50.379257,
      "y" : 27.053019,
      "z" : 45.559597
    } ],
    "faces" : [ {
      "vertices" : [ 0, 1, 2 ]
    }, {
      "vertices" : [ 0, 2, 3 ]
    }, {
      "vertices" : [ 0, 3, 2 ]
    }, {
      "vertices" : [ 0, 2, 1 ]
    } ]
  }, {
    "id" : "14c32dc0-8ae7-4923-b93e-902904bf761a",
    "vertices" : [ {
      "x" : 24.337719,
      "y" : 66.71697,
      "z" : 17.381966
    }, {
      "x" : 25.337719,
      "y" : 66.33501,
      "z" : 19.236069
    }, {
      "x" : 26.337719,
      "y" : 65.95304,
      "z" : 17.381966
    }, {
      "x" : 25.337719,
      "y" : 66.33501,
      "z" : 15.527864
    } ],
    "faces" : [ {
      "vertices" : [ 0, 1, 2 ]
    }, {
      "vertices" : [ 0, 2, 3 ]
    }, {
      "vertices" : [ 0, 3, 2 ]
    }, {
      "vertices" : [ 0, 2, 1 ]
    } ]
  }, {
    "id" : "e0128001-547d-416d-9d37-55565411c2df",
    "vertices" : [ {
      "x" : 17.950012,
      "y" : -69.15686,
      "z" : -19.225426
    }, {
      "x" : 20.804113,
      "y" : -68.06669,
      "z" : -20.989357
    }, {
      "x" : 19.18608,
      "y" : -68.68472,
      "z" : -21.989357
    }, {
      "x" : 17.950012,
      "y" : -69.15686,
      "z" : -21.225426
    } ],
    "faces" : [ {
      "vertices" : [ 0, 1, 2 ]
    }, {
      "vertices" : [ 0, 2, 3 ]
    }, {
      "vertices" : [ 0, 3, 2 ]
    }, {
      "vertices" : [ 0, 2, 1 ]
    } ]
  }, {
    "id" : "e7df1571-7630-4302-a1b0-e298dd11a92f",
    "vertices" : [ {
      "x" : 13.697561,
      "y" : 17.950012,
      "z" : -69.15686
    }, {
      "x" : 19.225426,
      "y" : 9.00574,
      "z" : -72.57327
    }, {
      "x" : 20.225426,
      "y" : 10.623775,
      "z" : -71.95524
    }, {
      "x" : 16.697561,
      "y" : 16.331978,
      "z" : -69.774895
    } ],
    "faces" : [ {
      "vertices" : [ 0, 1, 2 ]
    }, {
      "vertices" : [ 0, 2, 3 ]
    }, {
      "vertices" : [ 0, 3, 2 ]
    }, {
      "vertices" : [ 0, 2, 1 ]
    } ]
  }, {
    "id" : "92da3cea-f9cf-42aa-b1dc-e6af638abfe3",
    "vertices" : [ {
      "x" : -9.618034,
      "y" : 11.775413,
      "z" : 71.51535
    }, {
      "x" : -9.618034,
      "y" : 9.775413,
      "z" : 72.27928
    }, {
      "x" : -7.763932,
      "y" : 10.775413,
      "z" : 71.897316
    }, {
      "x" : -7.763932,
      "y" : 12.775413,
      "z" : 71.133385
    } ],
    "faces" : [ {
      "vertices" : [ 0, 1, 2 ]
    }, {
      "vertices" : [ 0, 2, 3 ]
    }, {
      "vertices" : [ 0, 3, 2 ]
    }, {
      "vertices" : [ 0, 2, 1 ]
    } ]
  }, {
    "id" : "dcddb221-ad49-47d6-b9c6-e8023fd698a4",
    "vertices" : [ {
      "x" : 10.562305,
      "y" : 71.978714,
      "z" : 0.0
    }, {
      "x" : 1.618034,
      "y" : 75.39512,
      "z" : -5.527864
    }, {
      "x" : 1.618034,
      "y" : 75.39512,
      "z" : -3.527864
    }, {
      "x" : 7.326238,
      "y" : 73.21478,
      "z" : 0.0
    } ],
    "faces" : [ {
      "vertices" : [ 0, 1, 2 ]
    }, {
      "vertices" : [ 0, 2, 3 ]
    }, {
      "vertices" : [ 0, 3, 2 ]
    }, {
      "vertices" : [ 0, 2, 1 ]
    } ]
  }, {
    "id" : "4bd67992-8019-4cc2-8fea-5235e12f758d",
    "vertices" : [ {
      "x" : 26.135256,
      "y" : 11.241808,
      "z" : 71.71917
    }, {
      "x" : 26.517221,
      "y" : 11.859842,
      "z" : 71.4831
    }, {
      "x" : 25.517221,
      "y" : 13.477877,
      "z" : 70.86507
    }, {
      "x" : 24.635256,
      "y" : 12.050825,
      "z" : 71.41015
    } ],
    "faces" : [ {
      "vertices" : [ 0, 1, 2 ]
    }, {
      "vertices" : [ 0, 2, 3 ]
    }, {
      "vertices" : [ 0, 3, 2 ]
    }, {
      "vertices" : [ 0, 2, 1 ]
    } ]
  }, {
    "id" : "5dc791b0-fed3-4136-bf2a-16b0c573dea6",
    "vertices" : [ {
      "x" : 3.5397635,
      "y" : 13.053696,
      "z" : -71.027084
    }, {
      "x" : 4.4668145,
      "y" : 14.553696,
      "z" : -70.45414
    }, {
      "x" : 7.763932,
      "y" : 12.775413,
      "z" : -71.133385
    }, {
      "x" : 7.763932,
      "y" : 10.775413,
      "z" : -71.897316
    } ],
    "faces" : [ {
      "vertices" : [ 0, 1, 2 ]
    }, {
      "vertices" : [ 0, 2, 3 ]
    }, {
      "vertices" : [ 0, 3, 2 ]
    }, {
      "vertices" : [ 0, 2, 1 ]
    } ]
  }, {
    "id" : "aae99ba2-d32a-4dfd-9e3a-b76058475c3d",
    "vertices" : [ {
      "x" : -13.053696,
      "y" : 71.027084,
      "z" : 3.5397635
    }, {
      "x" : -14.553696,
      "y" : 70.45414,
      "z" : 4.4668145
    }, {
      "x" : -12.775413,
      "y" : 71.133385,
      "z" : 7.763932
    }, {
      "x" : -10.775413,
      "y" : 71.897316,
      "z" : 7.763932
    } ],
    "faces" : [ {
      "vertices" : [ 0, 1, 2 ]
    }, {
      "vertices" : [ 0, 2, 3 ]
    }, {
      "vertices" : [ 0, 3, 2 ]
    }, {
      "vertices" : [ 0, 2, 1 ]
    } ]
  }, {
    "id" : "405c7026-ad9d-44d0-9407-e9481a493067",
    "vertices" : [ {
      "x" : -49.841427,
      "y" : 30.739357,
      "z" : -42.411087
    }, {
      "x" : -48.341427,
      "y" : 31.312305,
      "z" : -43.33814
    }, {
      "x" : -48.761223,
      "y" : 28.434984,
      "z" : -45.795662
    }, {
      "x" : -50.379257,
      "y" : 27.053019,
      "z" : -45.559597
    } ],
    "faces" : [ {
      "vertices" : [ 0, 1, 2 ]
    }, {
      "vertices" : [ 0, 2, 3 ]
    }, {
      "vertices" : [ 0, 3, 2 ]
    }, {
      "vertices" : [ 0, 2, 1 ]
    } ]
  }, {
    "id" : "f6e79a46-e23a-403c-879c-bff3b738c594",
    "vertices" : [ {
      "x" : 2.618034,
      "y" : -75.01315,
      "z" : 26.596748
    }, {
      "x" : 3.7696724,
      "y" : -74.57327,
      "z" : 24.461493
    }, {
      "x" : 2.3877063,
      "y" : -75.101135,
      "z" : 23.315596
    }, {
      "x" : 1.618034,
      "y" : -75.39512,
      "z" : 24.742645
    } ],
    "faces" : [ {
      "vertices" : [ 0, 1, 2 ]
    }, {
      "vertices" : [ 0, 2, 3 ]
    }, {
      "vertices" : [ 0, 3, 2 ]
    }, {
      "vertices" : [ 0, 2, 1 ]
    } ]
  }, {
    "id" : "6b4e5c0e-09c0-4149-9e25-930accf972d8",
    "vertices" : [ {
      "x" : 11.462171,
      "y" : -63.519154,
      "z" : 48.010544
    }, {
      "x" : 9.962171,
      "y" : -64.0921,
      "z" : 48.937595
    }, {
      "x" : 10.381966,
      "y" : -61.214783,
      "z" : 51.395123
    }, {
      "x" : 12.236068,
      "y" : -58.214783,
      "z" : 52.54102
    } ],
    "faces" : [ {
      "vertices" : [ 0, 1, 2 ]
    }, {
      "vertices" : [ 0, 2, 3 ]
    }, {
      "vertices" : [ 0, 3, 2 ]
    }, {
      "vertices" : [ 0, 2, 1 ]
    } ]
  }, {
    "id" : "0f085ad2-65e5-4158-b886-f2a11d99e4ee",
    "vertices" : [ {
      "x" : -46.89251,
      "y" : 11.271188,
      "z" : -64.82817
    }, {
      "x" : -45.37216,
      "y" : 11.01148,
      "z" : -66.60823
    }, {
      "x" : -45.608227,
      "y" : 9.393447,
      "z" : -67.9902
    }, {
      "x" : -47.81956,
      "y" : 9.771188,
      "z" : -65.40112
    } ],
    "faces" : [ {
      "vertices" : [ 0, 1, 2 ]
    }, {
      "vertices" : [ 0, 2, 3 ]
    }, {
      "vertices" : [ 0, 3, 2 ]
    }, {
      "vertices" : [ 0, 2, 1 ]
    } ]
  }, {
    "id" : "88859386-2881-433b-b293-812b2af05487",
    "vertices" : [ {
      "x" : -71.95524,
      "y" : 34.36068,
      "z" : -10.623775
    }, {
      "x" : -71.95524,
      "y" : 36.214783,
      "z" : -10.623775
    }, {
      "x" : -70.59675,
      "y" : 36.214783,
      "z" : -14.18034
    }, {
      "x" : -69.45085,
      "y" : 34.36068,
      "z" : -17.18034
    } ],
    "faces" : [ {
      "vertices" : [ 0, 1, 2 ]
    }, {
      "vertices" : [ 0, 2, 3 ]
    }, {
      "vertices" : [ 0, 3, 2 ]
    }, {
      "vertices" : [ 0, 2, 1 ]
    } ]
  }, {
    "id" : "ec8439bf-933d-4fb3-9a7a-516120243a22",
    "vertices" : [ {
      "x" : -69.15686,
      "y" : -13.697561,
      "z" : -17.950012
    }, {
      "x" : -72.57327,
      "y" : -19.225426,
      "z" : -9.00574
    }, {
      "x" : -71.95524,
      "y" : -20.225426,
      "z" : -10.623775
    }, {
      "x" : -69.774895,
      "y" : -16.697561,
      "z" : -16.331978
    } ],
    "faces" : [ {
      "vertices" : [ 0, 1, 2 ]
    }, {
      "vertices" : [ 0, 2, 3 ]
    }, {
      "vertices" : [ 0, 3, 2 ]
    }, {
      "vertices" : [ 0, 2, 1 ]
    } ]
  }, {
    "id" : "f976527f-a02e-4f89-ad5c-2396a807d2e7",
    "vertices" : [ {
      "x" : -38.725426,
      "y" : 56.568882,
      "z" : -27.697561
    }, {
      "x" : -39.34346,
      "y" : 56.332817,
      "z" : -27.315596
    }, {
      "x" : -39.961494,
      "y" : 57.332817,
      "z" : -25.697561
    }, {
      "x" : -38.534443,
      "y" : 57.8779,
      "z" : -26.579527
    } ],
    "faces" : [ {
      "vertices" : [ 0, 1, 2 ]
    }, {
      "vertices" : [ 0, 2, 3 ]
    }, {
      "vertices" : [ 0, 3, 2 ]
    }, {
      "vertices" : [ 0, 2, 1 ]
    } ]
  }, {
    "id" : "a39e9475-d63b-4587-b04a-9062dbb90f3f",
    "vertices" : [ {
      "x" : -13.477877,
      "y" : 70.86507,
      "z" : -27.517221
    }, {
      "x" : -16.331978,
      "y" : 69.774895,
      "z" : -29.281153
    }, {
      "x" : -16.331978,
      "y" : 69.774895,
      "z" : -27.281153
    }, {
      "x" : -15.09591,
      "y" : 70.24703,
      "z" : -26.517221
    } ],
    "faces" : [ {
      "vertices" : [ 0, 1, 2 ]
    }, {
      "vertices" : [ 0, 2, 3 ]
    }, {
      "vertices" : [ 0, 3, 2 ]
    }, {
      "vertices" : [ 0, 2, 1 ]
    } ]
  }, {
    "id" : "71a9abb6-c793-44fe-9dcb-d9abccb41f9d",
    "vertices" : [ {
      "x" : 10.562305,
      "y" : -71.978714,
      "z" : 0.0
    }, {
      "x" : 1.618034,
      "y" : -75.39512,
      "z" : -5.527864
    }, {
      "x" : 1.618034,
      "y" : -75.39512,
      "z" : -3.527864
    }, {
      "x" : 7.326238,
      "y" : -73.21478,
      "z" : 0.0
    } ],
    "faces" : [ {
      "vertices" : [ 0, 1, 2 ]
    }, {
      "vertices" : [ 0, 2, 3 ]
    }, {
      "vertices" : [ 0, 3, 2 ]
    }, {
      "vertices" : [ 0, 2, 1 ]
    } ]
  }, {
    "id" : "3adffce5-c9ff-46b1-a947-20e8029d80ac",
    "vertices" : [ {
      "x" : -21.989357,
      "y" : -22.422148,
      "z" : -67.448654
    }, {
      "x" : -23.791279,
      "y" : -25.337719,
      "z" : -66.33501
    }, {
      "x" : -25.791279,
      "y" : -25.337719,
      "z" : -66.33501
    }, {
      "x" : -22.989357,
      "y" : -20.804113,
      "z" : -68.06669
    } ],
    "faces" : [ {
      "vertices" : [ 0, 1, 2 ]
    }, {
      "vertices" : [ 0, 2, 3 ]
    }, {
      "vertices" : [ 0, 3, 2 ]
    }, {
      "vertices" : [ 0, 2, 1 ]
    } ]
  }, {
    "id" : "d7e1d4a0-4636-4d1d-b133-fc3ec67af300",
    "vertices" : [ {
      "x" : -9.00574,
      "y" : -72.57327,
      "z" : -30.281153
    }, {
      "x" : -17.950012,
      "y" : -69.15686,
      "z" : -24.753288
    }, {
      "x" : -16.331978,
      "y" : -69.774895,
      "z" : -23.753288
    }, {
      "x" : -10.623775,
      "y" : -71.95524,
      "z" : -27.281153
    } ],
    "faces" : [ {
      "vertices" : [ 0, 1, 2 ]
    }, {
      "vertices" : [ 0, 2, 3 ]
    }, {
      "vertices" : [ 0, 3, 2 ]
    }, {
      "vertices" : [ 0, 2, 1 ]
    } ]
  }, {
    "id" : "f7692541-1ddb-440f-aed8-0f2192dd7a02",
    "vertices" : [ {
      "x" : -55.566692,
      "y" : 0.0,
      "z" : 53.529537
    }, {
      "x" : -55.566692,
      "y" : -0.76393205,
      "z" : 53.529537
    }, {
      "x" : -56.184727,
      "y" : -1.763932,
      "z" : 51.911507
    }, {
      "x" : -56.184727,
      "y" : 0.0,
      "z" : 51.911507
    } ],
    "faces" : [ {
      "vertices" : [ 0, 1, 2 ]
    }, {
      "vertices" : [ 0, 2, 3 ]
    }, {
      "vertices" : [ 0, 3, 2 ]
    }, {
      "vertices" : [ 0, 2, 1 ]
    } ]
  }, {
    "id" : "6e76ecda-8cba-4ea5-b57f-063a02a6af7c",
    "vertices" : [ {
      "x" : -3.5397635,
      "y" : -13.053696,
      "z" : 71.027084
    }, {
      "x" : -4.4668145,
      "y" : -14.553696,
      "z" : 70.45414
    }, {
      "x" : -7.763932,
      "y" : -12.775413,
      "z" : 71.133385
    }, {
      "x" : -7.763932,
      "y" : -10.775413,
      "z" : 71.897316
    } ],
    "faces" : [ {
      "vertices" : [ 0, 1, 2 ]
    }, {
      "vertices" : [ 0, 2, 3 ]
    }, {
      "vertices" : [ 0, 3, 2 ]
    }, {
      "vertices" : [ 0, 2, 1 ]
    } ]
  }, {
    "id" : "82df5c6c-f476-4e55-8383-a310d75c920e",
    "vertices" : [ {
      "x" : 51.033085,
      "y" : -15.627322,
      "z" : 56.33146
    }, {
      "x" : 53.948658,
      "y" : -14.513673,
      "z" : 54.529537
    }, {
      "x" : 54.566692,
      "y" : -15.513673,
      "z" : 52.911507
    }, {
      "x" : 50.033085,
      "y" : -17.245356,
      "z" : 55.71343
    } ],
    "faces" : [ {
      "vertices" : [ 0, 1, 2 ]
    }, {
      "vertices" : [ 0, 2, 3 ]
    }, {
      "vertices" : [ 0, 3, 2 ]
    }, {
      "vertices" : [ 0, 2, 1 ]
    } ]
  }, {
    "id" : "23e308c4-f538-47da-ab81-ecb9ddcd521f",
    "vertices" : [ {
      "x" : -49.269154,
      "y" : -24.95356,
      "z" : 48.769154
    }, {
      "x" : -50.79702,
      "y" : -24.189629,
      "z" : 48.005222
    }, {
      "x" : -48.269154,
      "y" : -20.099459,
      "z" : 54.623257
    }, {
      "x" : -47.269154,
      "y" : -21.717491,
      "z" : 54.005222
    } ],
    "faces" : [ {
      "vertices" : [ 0, 1, 2 ]
    }, {
      "vertices" : [ 0, 2, 3 ]
    }, {
      "vertices" : [ 0, 3, 2 ]
    }, {
      "vertices" : [ 0, 2, 1 ]
    } ]
  }, {
    "id" : "3eb0ef28-cab2-470f-a614-d5c27bfa773d",
    "vertices" : [ {
      "x" : 32.725426,
      "y" : 57.04102,
      "z" : 33.225426
    }, {
      "x" : 31.197561,
      "y" : 57.80495,
      "z" : 33.989357
    }, {
      "x" : 33.725426,
      "y" : 61.895123,
      "z" : 27.371323
    }, {
      "x" : 34.725426,
      "y" : 60.27709,
      "z" : 27.989357
    } ],
    "faces" : [ {
      "vertices" : [ 0, 1, 2 ]
    }, {
      "vertices" : [ 0, 2, 3 ]
    }, {
      "vertices" : [ 0, 3, 2 ]
    }, {
      "vertices" : [ 0, 2, 1 ]
    } ]
  }, {
    "id" : "9e5697c8-d752-4890-9207-136fdf89d8d2",
    "vertices" : [ {
      "x" : -3.7696724,
      "y" : 74.57327,
      "z" : 24.461493
    }, {
      "x" : -2.3877063,
      "y" : 75.101135,
      "z" : 23.315596
    }, {
      "x" : -9.00574,
      "y" : 72.57327,
      "z" : 19.225426
    }, {
      "x" : -9.00574,
      "y" : 72.57327,
      "z" : 21.225426
    } ],
    "faces" : [ {
      "vertices" : [ 0, 1, 2 ]
    }, {
      "vertices" : [ 0, 2, 3 ]
    }, {
      "vertices" : [ 0, 3, 2 ]
    }, {
      "vertices" : [ 0, 2, 1 ]
    } ]
  }, {
    "id" : "71e93783-8d66-4caa-bd6e-306254dcb52d",
    "vertices" : [ {
      "x" : -44.852745,
      "y" : 14.571594,
      "z" : -63.567528
    }, {
      "x" : -39.324883,
      "y" : 23.515865,
      "z" : -60.15112
    }, {
      "x" : -40.942917,
      "y" : 22.897831,
      "z" : -59.15112
    }, {
      "x" : -44.47078,
      "y" : 17.189629,
      "z" : -61.33146
    } ],
    "faces" : [ {
      "vertices" : [ 0, 1, 2 ]
    }, {
      "vertices" : [ 0, 2, 3 ]
    }, {
      "vertices" : [ 0, 3, 2 ]
    }, {
      "vertices" : [ 0, 2, 1 ]
    } ]
  }, {
    "id" : "268da463-d844-4c44-a274-c1ba1567a7dd",
    "vertices" : [ {
      "x" : -10.562305,
      "y" : 71.978714,
      "z" : 0.0
    }, {
      "x" : -1.618034,
      "y" : 75.39512,
      "z" : -5.527864
    }, {
      "x" : -1.618034,
      "y" : 75.39512,
      "z" : -3.527864
    }, {
      "x" : -7.326238,
      "y" : 73.21478,
      "z" : 0.0
    } ],
    "faces" : [ {
      "vertices" : [ 0, 1, 2 ]
    }, {
      "vertices" : [ 0, 2, 3 ]
    }, {
      "vertices" : [ 0, 3, 2 ]
    }, {
      "vertices" : [ 0, 2, 1 ]
    } ]
  }, {
    "id" : "f8a556f8-205c-4f91-a29a-2f519ef3f486",
    "vertices" : [ {
      "x" : 9.00574,
      "y" : 72.57327,
      "z" : -30.281153
    }, {
      "x" : 17.950012,
      "y" : 69.15686,
      "z" : -24.753288
    }, {
      "x" : 16.331978,
      "y" : 69.774895,
      "z" : -23.753288
    }, {
      "x" : 10.623775,
      "y" : 71.95524,
      "z" : -27.281153
    } ],
    "faces" : [ {
      "vertices" : [ 0, 1, 2 ]
    }, {
      "vertices" : [ 0, 2, 3 ]
    }, {
      "vertices" : [ 0, 3, 2 ]
    }, {
      "vertices" : [ 0, 2, 1 ]
    } ]
  }, {
    "id" : "4fcd7bf1-92ee-476b-b893-2ddf006e09c5",
    "vertices" : [ {
      "x" : -16.798374,
      "y" : 67.59675,
      "z" : -38.59675
    }, {
      "x" : -18.661764,
      "y" : 66.005226,
      "z" : -38.324883
    }, {
      "x" : -19.425695,
      "y" : 66.76916,
      "z" : -36.79702
    }, {
      "x" : -18.18034,
      "y" : 67.83282,
      "z" : -36.978714
    } ],
    "faces" : [ {
      "vertices" : [ 0, 1, 2 ]
    }, {
      "vertices" : [ 0, 2, 3 ]
    }, {
      "vertices" : [ 0, 3, 2 ]
    }, {
      "vertices" : [ 0, 2, 1 ]
    } ]
  }, {
    "id" : "f24502c1-3b32-4003-a70e-e67f02e02862",
    "vertices" : [ {
      "x" : -1.618034,
      "y" : -75.39512,
      "z" : 43.978714
    }, {
      "x" : 0.0,
      "y" : -76.01315,
      "z" : 46.978714
    }, {
      "x" : -38.006577,
      "y" : -61.495934,
      "z" : 23.489357
    }, {
      "x" : -37.19756,
      "y" : -61.80495,
      "z" : 21.989357
    } ],
    "faces" : [ {
      "vertices" : [ 0, 1, 2 ]
    }, {
      "vertices" : [ 0, 2, 3 ]
    }, {
      "vertices" : [ 0, 3, 2 ]
    }, {
      "vertices" : [ 0, 2, 1 ]
    } ]
  }, {
    "id" : "8ad0e03e-983b-42eb-bb08-77026616776b",
    "vertices" : [ {
      "x" : 63.136093,
      "y" : 0.0,
      "z" : 33.71259
    }, {
      "x" : 62.524895,
      "y" : 2.9668143,
      "z" : 35.312725
    }, {
      "x" : 61.951946,
      "y" : 2.0397635,
      "z" : 36.812725
    }, {
      "x" : 62.37216,
      "y" : 0.0,
      "z" : 35.71259
    } ],
    "faces" : [ {
      "vertices" : [ 0, 1, 2 ]
    }, {
      "vertices" : [ 0, 2, 3 ]
    }, {
      "vertices" : [ 0, 3, 2 ]
    }, {
      "vertices" : [ 0, 2, 1 ]
    } ]
  }, {
    "id" : "60bcb861-a875-434f-8bfe-f5a86f92932d",
    "vertices" : [ {
      "x" : 42.088814,
      "y" : -19.04373,
      "z" : 61.859325
    }, {
      "x" : 39.234715,
      "y" : -20.1339,
      "z" : 63.623257
    }, {
      "x" : 39.852745,
      "y" : -21.1339,
      "z" : 62.005222
    }, {
      "x" : 41.088814,
      "y" : -20.661764,
      "z" : 61.24129
    } ],
    "faces" : [ {
      "vertices" : [ 0, 1, 2 ]
    }, {
      "vertices" : [ 0, 2, 3 ]
    }, {
      "vertices" : [ 0, 3, 2 ]
    }, {
      "vertices" : [ 0, 2, 1 ]
    } ]
  }, {
    "id" : "fbf31dcb-3160-488d-9e42-a307259ffdf9",
    "vertices" : [ {
      "x" : 38.175438,
      "y" : 36.431435,
      "z" : 48.384995
    }, {
      "x" : 37.557404,
      "y" : 35.431435,
      "z" : 50.00303
    }, {
      "x" : 42.123257,
      "y" : 28.04373,
      "z" : 52.824883
    }, {
      "x" : 42.74129,
      "y" : 29.04373,
      "z" : 51.20685
    } ],
    "faces" : [ {
      "vertices" : [ 0, 1, 2 ]
    }, {
      "vertices" : [ 0, 2, 3 ]
    }, {
      "vertices" : [ 0, 3, 2 ]
    }, {
      "vertices" : [ 0, 2, 1 ]
    } ]
  }, {
    "id" : "f5506ef4-1070-40a5-9a04-7ee5177212ba",
    "vertices" : [ {
      "x" : -26.135256,
      "y" : -11.241808,
      "z" : 71.71917
    }, {
      "x" : -26.517221,
      "y" : -11.859842,
      "z" : 71.4831
    }, {
      "x" : -25.517221,
      "y" : -13.477877,
      "z" : 70.86507
    }, {
      "x" : -24.635256,
      "y" : -12.050825,
      "z" : 71.41015
    } ],
    "faces" : [ {
      "vertices" : [ 0, 1, 2 ]
    }, {
      "vertices" : [ 0, 2, 3 ]
    }, {
      "vertices" : [ 0, 3, 2 ]
    }, {
      "vertices" : [ 0, 2, 1 ]
    } ]
  }, {
    "id" : "dec76de6-34c7-4a21-aeef-863dc008ad22",
    "vertices" : [ {
      "x" : 11.241808,
      "y" : 71.71917,
      "z" : -26.135256
    }, {
      "x" : 10.623775,
      "y" : 71.95524,
      "z" : -25.753288
    }, {
      "x" : 10.623775,
      "y" : 71.95524,
      "z" : -23.753288
    }, {
      "x" : 12.050825,
      "y" : 71.41015,
      "z" : -24.635256
    } ],
    "faces" : [ {
      "vertices" : [ 0, 1, 2 ]
    }, {
      "vertices" : [ 0, 2, 3 ]
    }, {
      "vertices" : [ 0, 3, 2 ]
    }, {
      "vertices" : [ 0, 2, 1 ]
    } ]
  }, {
    "id" : "c37558fb-7590-4c64-9a6c-209015cec559",
    "vertices" : [ {
      "x" : -25.337719,
      "y" : 66.33501,
      "z" : -9.131707
    }, {
      "x" : -25.337719,
      "y" : 66.33501,
      "z" : -11.131707
    }, {
      "x" : -17.950012,
      "y" : 69.15686,
      "z" : -15.697561
    }, {
      "x" : -17.950012,
      "y" : 69.15686,
      "z" : -13.697561
    } ],
    "faces" : [ {
      "vertices" : [ 0, 1, 2 ]
    }, {
      "vertices" : [ 0, 2, 3 ]
    }, {
      "vertices" : [ 0, 3, 2 ]
    }, {
      "vertices" : [ 0, 2, 1 ]
    } ]
  }, {
    "id" : "bd9b0258-ce3c-4f5a-91d5-d2bc99d524e1",
    "vertices" : [ {
      "x" : -59.832817,
      "y" : -51.159054,
      "z" : 12.0
    }, {
      "x" : -58.24129,
      "y" : -50.887188,
      "z" : 13.86339
    }, {
      "x" : -57.15112,
      "y" : -52.359325,
      "z" : 13.481424
    }, {
      "x" : -58.214783,
      "y" : -52.54102,
      "z" : 12.236068
    } ],
    "faces" : [ {
      "vertices" : [ 0, 1, 2 ]
    }, {
      "vertices" : [ 0, 2, 3 ]
    }, {
      "vertices" : [ 0, 3, 2 ]
    }, {
      "vertices" : [ 0, 2, 1 ]
    } ]
  }, {
    "id" : "8ff0bee2-d298-4e2f-81df-a541cf3dec96",
    "vertices" : [ {
      "x" : 33.609585,
      "y" : -43.81914,
      "z" : 45.563145
    }, {
      "x" : 31.991549,
      "y" : -44.437176,
      "z" : 46.563145
    }, {
      "x" : 29.169697,
      "y" : -39.871323,
      "z" : 53.95085
    }, {
      "x" : 30.787731,
      "y" : -39.25329,
      "z" : 52.95085
    } ],
    "faces" : [ {
      "vertices" : [ 0, 1, 2 ]
    }, {
      "vertices" : [ 0, 2, 3 ]
    }, {
      "vertices" : [ 0, 3, 2 ]
    }, {
      "vertices" : [ 0, 2, 1 ]
    } ]
  }, {
    "id" : "7d89c777-e6fa-45e2-9b6e-4f35c0f8aa9f",
    "vertices" : [ {
      "x" : 65.95304,
      "y" : 17.381966,
      "z" : -26.337719
    }, {
      "x" : 66.33501,
      "y" : 19.236069,
      "z" : -25.337719
    }, {
      "x" : 66.04102,
      "y" : 20.663118,
      "z" : -26.107391
    }, {
      "x" : 65.51315,
      "y" : 19.517221,
      "z" : -27.489357
    } ],
    "faces" : [ {
      "vertices" : [ 0, 1, 2 ]
    }, {
      "vertices" : [ 0, 2, 3 ]
    }, {
      "vertices" : [ 0, 3, 2 ]
    }, {
      "vertices" : [ 0, 2, 1 ]
    } ]
  }, {
    "id" : "d8b956c9-bb0d-4207-89d6-37937bfc4b6d",
    "vertices" : [ {
      "x" : 60.493065,
      "y" : -52.90686,
      "z" : 3.5397635
    }, {
      "x" : 61.993065,
      "y" : -52.33391,
      "z" : 4.4668145
    }, {
      "x" : 60.214783,
      "y" : -53.013157,
      "z" : 7.763932
    }, {
      "x" : 57.214783,
      "y" : -54.159054,
      "z" : 9.618034
    } ],
    "faces" : [ {
      "vertices" : [ 0, 1, 2 ]
    }, {
      "vertices" : [ 0, 2, 3 ]
    }, {
      "vertices" : [ 0, 3, 2 ]
    }, {
      "vertices" : [ 0, 2, 1 ]
    } ]
  }, {
    "id" : "cef3ee47-faee-4e30-bab1-f59600df69da",
    "vertices" : [ {
      "x" : -58.983097,
      "y" : -8.291796,
      "z" : 44.585266
    }, {
      "x" : -58.983097,
      "y" : -11.895639,
      "z" : 44.585266
    }, {
      "x" : -58.365067,
      "y" : -12.895639,
      "z" : 46.2033
    }, {
      "x" : -58.365067,
      "y" : -7.291796,
      "z" : 46.2033
    } ],
    "faces" : [ {
      "vertices" : [ 0, 1, 2 ]
    }, {
      "vertices" : [ 0, 2, 3 ]
    }, {
      "vertices" : [ 0, 3, 2 ]
    }, {
      "vertices" : [ 0, 2, 1 ]
    } ]
  }, {
    "id" : "9a12e804-988e-48fd-9137-65de4b51d8da",
    "vertices" : [ {
      "x" : 67.93446,
      "y" : 7.763932,
      "z" : 21.150284
    }, {
      "x" : 67.32327,
      "y" : 10.730746,
      "z" : 22.75042
    }, {
      "x" : 67.89622,
      "y" : 11.657798,
      "z" : 21.25042
    }, {
      "x" : 68.31643,
      "y" : 9.618034,
      "z" : 20.150284
    } ],
    "faces" : [ {
      "vertices" : [ 0, 1, 2 ]
    }, {
      "vertices" : [ 0, 2, 3 ]
    }, {
      "vertices" : [ 0, 3, 2 ]
    }, {
      "vertices" : [ 0, 2, 1 ]
    } ]
  }, {
    "id" : "da16b19b-8fd1-49c2-b75a-e9de5b5864f5",
    "vertices" : [ {
      "x" : 25.461493,
      "y" : -45.28773,
      "z" : 52.242645
    }, {
      "x" : 24.371323,
      "y" : -46.759865,
      "z" : 51.86068
    }, {
      "x" : 21.843458,
      "y" : -42.669697,
      "z" : 58.478714
    }, {
      "x" : 23.461493,
      "y" : -42.051662,
      "z" : 57.478714
    } ],
    "faces" : [ {
      "vertices" : [ 0, 1, 2 ]
    }, {
      "vertices" : [ 0, 2, 3 ]
    }, {
      "vertices" : [ 0, 3, 2 ]
    }, {
      "vertices" : [ 0, 2, 1 ]
    } ]
  }, {
    "id" : "c5ee123c-b456-4af8-bd13-f9497cf42a18",
    "vertices" : [ {
      "x" : -35.210396,
      "y" : 40.00877,
      "z" : 47.7727
    }, {
      "x" : -32.621323,
      "y" : 42.220104,
      "z" : 48.150444
    }, {
      "x" : -32.048374,
      "y" : 41.293053,
      "z" : 49.650444
    }, {
      "x" : -33.82843,
      "y" : 39.7727,
      "z" : 49.390736
    } ],
    "faces" : [ {
      "vertices" : [ 0, 1, 2 ]
    }, {
      "vertices" : [ 0, 2, 3 ]
    }, {
      "vertices" : [ 0, 3, 2 ]
    }, {
      "vertices" : [ 0, 2, 1 ]
    } ]
  }, {
    "id" : "5840fe97-7255-4c46-b7bd-2d33b0ed776c",
    "vertices" : [ {
      "x" : -10.623775,
      "y" : -71.95524,
      "z" : -34.36068
    }, {
      "x" : -10.623775,
      "y" : -71.95524,
      "z" : -36.214783
    }, {
      "x" : -14.18034,
      "y" : -70.59675,
      "z" : -36.214783
    }, {
      "x" : -17.18034,
      "y" : -69.45085,
      "z" : -34.36068
    } ],
    "faces" : [ {
