{
  "field" : "plasticPhi",
  "symmetry" : "icosahedral",
  "orientations" : [ [ 1.0, 0.0, 0.0, 0.0, 0.0, 1.0, 0.0, 0.0, 0.0, 0.0, 1.0, 0.0, 0.0, 0.0, 0.0, 1.0 ], [ 0.0, 0.0, 1.0, 0.0, 1.0, 0.0, 0.0, 0.0, 0.0, 1.0, 0.0, 0.0, 0.0, 0.0, 0.0, 1.0 ], [ 0.0, 1.0, 0.0, 0.0, 0.0, 0.0, 1.0, 0.0, 1.0, 0.0, 0.0, 0.0, 0.0, 0.0, 0.0, 1.0 ], [ 0.809017, 0.309017, 0.5, 0.0, 0.309017, 0.5, -0.809017, 0.0, -0.5, 0.809017, 0.309017, 0.0, 0.0, 0.0, 0.0, 1.0 ], [ -0.5, 0.809017, 0.309017, 0.0, 0.809017, 0.309017, 0.5, 0.0, 0.309017, 0.5, -0.809017, 0.0, 0.0, 0.0, 0.0, 1.0 ], [ 0.309017, 0.5, -0.809017, 0.0, -0.5, 0.809017, 0.309017, 0.0, 0.809017, 0.309017, 0.5, 0.0, 0.0, 0.0, 0.0, 1.0 ], [ 0.5, 0.809017, 0.309017, 0.0, 0.809017, -0.309017, -0.5, 0.0, -0.309017, 0.5, -0.809017, 0.0, 0.0, 0.0, 0.0, 1.0 ], [ -0.309017, 0.5, -0.809017, 0.0, 0.5, 0.809017, 0.309017, 0.0, 0.809017, -0.309017, -0.5, 0.0, 0.0, 0.0, 0.0, 1.0 ], [ 0.809017, -0.309017, -0.5, 0.0, -0.309017, 0.5, -0.809017, 0.0, 0.5, 0.809017, 0.309017, 0.0, 0.0, 0.0, 0.0, 1.0 ], [ 0.5, 0.809017, -0.309017, 0.0, 0.809017, -0.309017, 0.5, 0.0, 0.309017, -0.5, -0.809017, 0.0, 0.0, 0.0, 0.0, 1.0 ], [ 0.309017, -0.5, -0.809017, 0.0, 0.5, 0.809017, -0.309017, 0.0, 0.809017, -0.309017, 0.5, 0.0, 0.0, 0.0, 0.0, 1.0 ], [ 0.809017, -0.309017, 0.5, 0.0, 0.309017, -0.5, -0.809017, 0.0, 0.5, 0.809017, -0.309017, 0.0, 0.0, 0.0, 0.0, 1.0 ], [ 0.809017, 0.309017, -0.5, 0.0, 0.309017, 0.5, 0.809017, 0.0, 0.5, -0.809017, 0.309017, 0.0, 0.0, 0.0, 0.0, 1.0 ], [ 0.5, -0.809017, 0.309017, 0.0, 0.809017, 0.309017, -0.5, 0.0, 0.309017, 0.5, 0.809017, 0.0, 0.0, 0.0, 0.0, 1.0 ], [ 0.309017, 0.5, 0.809017, 0.0, 0.5, -0.809017, 0.309017, 0.0, 0.809017, 0.309017, -0.5, 0.0, 0.0, 0.0, 0.0, 1.0 ], [ 1.0, 0.0, 0.0, 0.0, 0.0, -1.0, 0.0, 0.0, 0.0, 0.0, -1.0, 0.0, 0.0, 0.0, 0.0, 1.0 ], [ 0.0, 0.0, 1.0, 0.0, -1.0, 0.0, 0.0, 0.0, 0.0, -1.0, 0.0, 0.0, 0.0, 0.0, 0.0, 1.0 ], [ 0.0, 1.0, 0.0, 0.0, 0.0, 0.0, -1.0, 0.0, -1.0, 0.0, 0.0, 0.0, 0.0, 0.0, 0.0, 1.0 ], [ 0.809017, 0.309017, 0.5, 0.0, -0.309017, -0.5, 0.809017, 0.0, 0.5, -0.809017, -0.309017, 0.0, 0.0, 0.0, 0.0, 1.0 ], [ -0.5, 0.809017, 0.309017, 0.0, -0.809017, -0.309017, -0.5, 0.0, -0.309017, -0.5, 0.809017, 0.0, 0.0, 0.0, 0.0, 1.0 ], [ 0.309017, 0.5, -0.809017, 0.0, 0.5, -0.809017, -0.309017, 0.0, -0.809017, -0.309017, -0.5, 0.0, 0.0, 0.0, 0.0, 1.0 ], [ 0.5, 0.809017, 0.309017, 0.0, -0.809017, 0.309017, 0.5, 0.0, 0.309017, -0.5, 0.809017, 0.0, 0.0, 0.0, 0.0, 1.0 ], [ -0.309017, 0.5, -0.809017, 0.0, -0.5, -0.809017, -0.309017, 0.0, -0.809017, 0.309017, 0.5, 0.0, 0.0, 0.0, 0.0, 1.0 ], [ 0.809017, -0.309017, -0.5, 0.0, 0.309017, -0.5, 0.809017, 0.0, -0.5, -0.809017, -0.309017, 0.0, 0.0, 0.0, 0.0, 1.0 ], [ 0.5, 0.809017, -0.309017, 0.0, -0.809017, 0.309017, -0.5, 0.0, -0.309017, 0.5, 0.809017, 0.0, 0.0, 0.0, 0.0, 1.0 ], [ 0.309017, -0.5, -0.809017, 0.0, -0.5, -0.809017, 0.309017, 0.0, -0.809017, 0.309017, -0.5, 0.0, 0.0, 0.0, 0.0, 1.0 ], [ 0.809017, -0.309017, 0.5, 0.0, -0.309017, 0.5, 0.809017, 0.0, -0.5, -0.809017, 0.309017, 0.0, 0.0, 0.0, 0.0, 1.0 ], [ 0.809017, 0.309017, -0.5, 0.0, -0.309017, -0.5, -0.809017, 0.0, -0.5, 0.809017, -0.309017, 0.0, 0.0, 0.0, 0.0, 1.0 ], [ 0.5, -0.809017, 0.309017, 0.0, -0.809017, -0.309017, 0.5, 0.0, -0.309017, -0.5, -0.809017, 0.0, 0.0, 0.0, 0.0, 1.0 ], [ 0.309017, 0.5, 0.809017, 0.0, -0.5, 0.809017, -0.309017, 0.0, -0.809017, -0.309017, 0.5, 0.0, 0.0, 0.0, 0.0, 1.0 ], [ -1.0, 0.0, 0.0, 0.0, 0.0, -1.0, 0.0, 0.0, 0.0, 0.0, 1.0, 0.0, 0.0, 0.0, 0.0, 1.0 ], [ 0.0, 0.0, -1.0, 0.0, -1.0, 0.0, 0.0, 0.0, 0.0, 1.0, 0.0, 0.0, 0.0, 0.0, 0.0, 1.0 ], [ 0.0, -1.0, 0.0, 0.0, 0.0, 0.0, -1.0, 0.0, 1.0, 0.0, 0.0, 0.0, 0.0, 0.0, 0.0, 1.0 ], [ -0.809017, -0.309017, -0.5, 0.0, -0.309017, -0.5, 0.809017, 0.0, -0.5, 0.809017, 0.309017, 0.0, 0.0, 0.0, 0.0, 1.0 ], [ 0.5, -0.809017, -0.309017, 0.0, -0.809017, -0.309017, -0.5, 0.0, 0.309017, 0.5, -0.809017, 0.0, 0.0, 0.0, 0.0, 1.0 ], [ -0.309017, -0.5, 0.809017, 0.0, 0.5, -0.809017, -0.309017, 0.0, 0.809017, 0.309017, 0.5, 0.0, 0.0, 0.0, 0.0, 1.0 ], [ -0.5, -0.809017, -0.309017, 0.0, -0.809017, 0.309017, 0.5, 0.0, -0.309017, 0.5, -0.809017, 0.0, 0.0, 0.0, 0.0, 1.0 ], [ 0.309017, -0.5, 0.809017, 0.0, -0.5, -0.809017, -0.309017, 0.0, 0.809017, -0.309017, -0.5, 0.0, 0.0, 0.0, 0.0, 1.0 ], [ -0.809017, 0.309017, 0.5, 0.0, 0.309017, -0.5, 0.809017, 0.0, 0.5, 0.809017, 0.309017, 0.0, 0.0, 0.0, 0.0, 1.0 ], [ -0.5, -0.809017, 0.309017, 0.0, -0.809017, 0.309017, -0.5, 0.0, 0.309017, -0.5, -0.809017, 0.0, 0.0, 0.0, 0.0, 1.0 ], [ -0.309017, 0.5, 0.809017, 0.0, -0.5, -0.809017, 0.309017, 0.0, 0.809017, -0.309017, 0.5, 0.0, 0.0, 0.0, 0.0, 1.0 ], [ -0.809017, 0.309017, -0.5, 0.0, -0.309017, 0.5, 0.809017, 0.0, 0.5, 0.809017, -0.309017, 0.0, 0.0, 0.0, 0.0, 1.0 ], [ -0.809017, -0.309017, 0.5, 0.0, -0.309017, -0.5, -0.809017, 0.0, 0.5, -0.809017, 0.309017, 0.0, 0.0, 0.0, 0.0, 1.0 ], [ -0.5, 0.809017, -0.309017, 0.0, -0.809017, -0.309017, 0.5, 0.0, 0.309017, 0.5, 0.809017, 0.0, 0.0, 0.0, 0.0, 1.0 ], [ -0.309017, -0.5, -0.809017, 0.0, -0.5, 0.809017, -0.309017, 0.0, 0.809017, 0.309017, -0.5, 0.0, 0.0, 0.0, 0.0, 1.0 ], [ -1.0, 0.0, 0.0, 0.0, 0.0, 1.0, 0.0, 0.0, 0.0, 0.0, -1.0, 0.0, 0.0, 0.0, 0.0, 1.0 ], [ 0.0, 0.0, -1.0, 0.0, 1.0, 0.0, 0.0, 0.0, 0.0, -1.0, 0.0, 0.0, 0.0, 0.0, 0.0, 1.0 ], [ 0.0, -1.0, 0.0, 0.0, 0.0, 0.0, 1.0, 0.0, -1.0, 0.0, 0.0, 0.0, 0.0, 0.0, 0.0, 1.0 ], [ -0.809017, -0.309017, -0.5, 0.0, 0.309017, 0.5, -0.809017, 0.0, 0.5, -0.809017, -0.309017, 0.0, 0.0, 0.0, 0.0, 1.0 ], [ 0.5, -0.809017, -0.309017, 0.0, 0.809017, 0.309017, 0.5, 0.0, -0.309017, -0.5, 0.809017, 0.0, 0.0, 0.0, 0.0, 1.0 ], [ -0.309017, -0.5, 0.809017, 0.0, -0.5, 0.809017, 0.309017, 0.0, -0.809017, -0.309017, -0.5, 0.0, 0.0, 0.0, 0.0, 1.0 ], [ -0.5, -0.809017, -0.309017, 0.0, 0.809017, -0.309017, -0.5, 0.0, 0.309017, -0.5, 0.809017, 0.0, 0.0, 0.0, 0.0, 1.0 ], [ 0.309017, -0.5, 0.809017, 0.0, 0.5, 0.809017, 0.309017, 0.0, -0.809017, 0.309017, 0.5, 0.0, 0.0, 0.0, 0.0, 1.0 ], [ -0.809017, 0.309017, 0.5, 0.0, -0.309017, 0.5, -0.809017, 0.0, -0.5, -0.809017, -0.309017, 0.0, 0.0, 0.0, 0.0, 1.0 ], [ -0.5, -0.809017, 0.309017, 0.0, 0.809017, -0.309017, 0.5, 0.0, -0.309017, 0.5, 0.809017, 0.0, 0.0, 0.0, 0.0, 1.0 ], [ -0.309017, 0.5, 0.809017, 0.0, 0.5, 0.809017, -0.309017, 0.0, -0.809017, 0.309017, -0.5, 0.0, 0.0, 0.0, 0.0, 1.0 ], [ -0.809017, 0.309017, -0.5, 0.0, 0.309017, -0.5, -0.809017, 0.0, -0.5, -0.809017, 0.309017, 0.0, 0.0, 0.0, 0.0, 1.0 ], [ -0.809017, -0.309017, 0.5, 0.0, 0.309017, 0.5, 0.809017, 0.0, -0.5, 0.809017, -0.309017, 0.0, 0.0, 0.0, 0.0, 1.0 ], [ -0.5, 0.809017, -0.309017, 0.0, 0.809017, 0.309017, -0.5, 0.0, -0.309017, -0.5, -0.809017, 0.0, 0.0, 0.0, 0.0, 1.0 ], [ -0.309017, -0.5, -0.809017, 0.0, 0.5, -0.809017, 0.309017, 0.0, -0.809017, -0.309017, 0.5, 0.0, 0.0, 0.0, 0.0, 1.0 ] ],
  "lights" : {
    "ambientColor" : "#292929",
    "backgroundColor" : "#AFC8DC",
    "directionalLights" : [ {
      "direction" : {
        "x" : 1.0,
        "y" : -1.0,
        "z" : -1.0
      },
      "color" : "#EBEBE4"
    }, {
      "direction" : {
        "x" : -1.0,
        "y" : 0.0,
        "z" : 0.0
      },
      "color" : "#E4E4EB"
    }, {
      "direction" : {
        "x" : 0.0,
        "y" : 0.0,
        "z" : -1.0
      },
      "color" : "#1E1E1E"
    } ]
  },
  "camera" : {
    "width" : 333.74365,
    "lookDirection" : {
      "x" : -0.068189934,
      "y" : -0.98818225,
      "z" : 0.13729766
    },
    "upDirection" : {
      "x" : 0.8027976,
      "y" : -0.13605511,
      "z" : -0.58052295
    },
    "lookAtPoint" : {
      "x" : 0.0,
      "y" : 0.0,
      "z" : 0.0
    },
    "stereo" : false,
    "position" : {
      "x" : 50.57317,
      "y" : 732.8869,
      "z" : -101.82702
    },
    "perspective" : true,
    "viewDistance" : 741.65155,
    "nearClipDistance" : 1.8541281,
    "farClipDistance" : 1483.3,
    "fieldOfView" : 0.44262946
  },
  "embedding" : [ 1.0, 0.0, 0.0, 0.0, 0.0, 1.0, 0.0, 0.0, 0.0, 0.0, 1.0, 0.0, 0.0, 0.0, 0.0, 1.0 ],
  "shapes" : [ {
    "id" : "dfc3e86b-1371-4360-bea7-006ea7038227",
    "vertices" : [ {
      "x" : 0.309017,
      "y" : -0.309017,
      "z" : -0.309017
    }, {
      "x" : 0.5,
      "y" : 0.0,
      "z" : -0.19098301
    }, {
      "x" : 0.5,
      "y" : 0.0,
      "z" : 0.19098301
    }, {
      "x" : 0.309017,
      "y" : -0.309017,
      "z" : 0.309017
    }, {
      "x" : 0.19098301,
      "y" : -0.5,
      "z" : 0.0
    }, {
      "x" : 0.0,
      "y" : 0.19098301,
      "z" : 0.5
    }, {
      "x" : 0.0,
      "y" : -0.19098301,
      "z" : 0.5
    }, {
      "x" : 0.309017,
      "y" : 0.309017,
      "z" : 0.309017
    }, {
      "x" : -0.309017,
      "y" : -0.309017,
      "z" : 0.309017
    }, {
      "x" : -0.309017,
      "y" : 0.309017,
      "z" : 0.309017
    }, {
      "x" : -0.5,
      "y" : 0.0,
      "z" : 0.19098301
    }, {
      "x" : 0.0,
      "y" : -0.19098301,
      "z" : -0.5
    }, {
      "x" : 0.0,
      "y" : 0.19098301,
      "z" : -0.5
    }, {
      "x" : 0.309017,
      "y" : 0.309017,
      "z" : -0.309017
    }, {
      "x" : -0.309017,
      "y" : -0.309017,
      "z" : -0.309017
    }, {
      "x" : -0.19098301,
      "y" : -0.5,
      "z" : 0.0
    }, {
      "x" : -0.5,
      "y" : 0.0,
      "z" : -0.19098301
    }, {
      "x" : 0.19098301,
      "y" : 0.5,
      "z" : 0.0
    }, {
      "x" : -0.309017,
      "y" : 0.309017,
      "z" : -0.309017
    }, {
      "x" : 0.0,
      "y" : 0.0,
      "z" : 0.0
    }, {
      "x" : -0.19098301,
      "y" : 0.5,
      "z" : 0.0
    } ],
    "faces" : [ {
      "vertices" : [ 12, 18, 20 ]
    }, {
      "vertices" : [ 12, 20, 17 ]
    }, {
      "vertices" : [ 12, 17, 13 ]
    }, {
      "vertices" : [ 3, 6, 8 ]
    }, {
      "vertices" : [ 3, 8, 15 ]
    }, {
      "vertices" : [ 3, 15, 4 ]
    }, {
      "vertices" : [ 0, 11, 12 ]
    }, {
      "vertices" : [ 0, 12, 13 ]
    }, {
      "vertices" : [ 0, 13, 1 ]
    }, {
      "vertices" : [ 5, 9, 10 ]
    }, {
      "vertices" : [ 5, 10, 8 ]
    }, {
      "vertices" : [ 5, 8, 6 ]
    }, {
      "vertices" : [ 2, 7, 5 ]
    }, {
      "vertices" : [ 2, 5, 6 ]
    }, {
      "vertices" : [ 2, 6, 3 ]
    }, {
      "vertices" : [ 11, 14, 16 ]
    }, {
      "vertices" : [ 11, 16, 18 ]
    }, {
      "vertices" : [ 11, 18, 12 ]
    }, {
      "vertices" : [ 1, 13, 17 ]
    }, {
      "vertices" : [ 1, 17, 7 ]
    }, {
      "vertices" : [ 1, 7, 2 ]
    }, {
      "vertices" : [ 9, 20, 18 ]
    }, {
      "vertices" : [ 9, 18, 16 ]
    }, {
      "vertices" : [ 9, 16, 10 ]
    }, {
      "vertices" : [ 0, 1, 2 ]
    }, {
      "vertices" : [ 0, 2, 3 ]
    }, {
      "vertices" : [ 0, 3, 4 ]
    }, {
      "vertices" : [ 5, 7, 17 ]
    }, {
      "vertices" : [ 5, 17, 20 ]
    }, {
      "vertices" : [ 5, 20, 9 ]
    }, {
      "vertices" : [ 0, 4, 15 ]
    }, {
      "vertices" : [ 0, 15, 14 ]
    }, {
      "vertices" : [ 0, 14, 11 ]
    }, {
      "vertices" : [ 8, 10, 16 ]
    }, {
      "vertices" : [ 8, 16, 14 ]
    }, {
      "vertices" : [ 8, 14, 15 ]
    } ]
  }, {
    "id" : "e37e5a9e-866a-460e-b6ba-b73c77d3611b",
    "vertices" : [ {
      "x" : 5.91605,
      "y" : 14.708571,
      "z" : -16.35323
    }, {
      "x" : 6.31605,
      "y" : 14.608571,
      "z" : -16.25323
    }, {
      "x" : 0.44623503,
      "y" : 0.53009427,
      "z" : -0.30344942
    }, {
      "x" : 0.046235036,
      "y" : 0.6300943,
      "z" : -0.40344942
    }, {
      "x" : 6.4493833,
      "y" : 14.908571,
      "z" : -16.019896
    }, {
      "x" : 6.0493836,
      "y" : 15.008572,
      "z" : -16.119896
    }, {
      "x" : -0.0870983,
      "y" : 0.33009425,
      "z" : -0.63678277
    }, {
      "x" : 0.3129017,
      "y" : 0.23009425,
      "z" : -0.53678274
    } ],
    "faces" : [ {
      "vertices" : [ 2, 3, 6 ]
    }, {
      "vertices" : [ 2, 6, 7 ]
    }, {
      "vertices" : [ 0, 5, 4 ]
    }, {
      "vertices" : [ 0, 4, 1 ]
    }, {
      "vertices" : [ 2, 4, 5 ]
    }, {
      "vertices" : [ 2, 5, 3 ]
    }, {
      "vertices" : [ 0, 6, 3 ]
    }, {
      "vertices" : [ 0, 3, 5 ]
    }, {
      "vertices" : [ 0, 1, 7 ]
    }, {
      "vertices" : [ 0, 7, 6 ]
    }, {
      "vertices" : [ 1, 4, 2 ]
    }, {
      "vertices" : [ 1, 2, 7 ]
    } ]
  }, {
    "id" : "52e99bd9-cac3-4b0c-b39f-39cbdbc2779c",
    "vertices" : [ {
      "x" : 15.318005,
      "y" : 14.117986,
      "z" : 9.097375
    }, {
      "x" : 15.218005,
      "y" : 14.017986,
      "z" : 9.4973755
    }, {
      "x" : 0.27526066,
      "y" : 0.51470375,
      "z" : 0.5397928
    }, {
      "x" : 0.37526065,
      "y" : 0.6147037,
      "z" : 0.13979277
    }, {
      "x" : 14.984672,
      "y" : 14.317986,
      "z" : 9.630709
    }, {
      "x" : 15.084671,
      "y" : 14.417986,
      "z" : 9.230708
    }, {
      "x" : 0.608594,
      "y" : 0.31470373,
      "z" : 0.0064594373
    }, {
      "x" : 0.508594,
      "y" : 0.21470374,
      "z" : 0.40645945
    } ],
    "faces" : [ {
      "vertices" : [ 2, 3, 6 ]
    }, {
      "vertices" : [ 2, 6, 7 ]
    }, {
      "vertices" : [ 0, 5, 4 ]
    }, {
      "vertices" : [ 0, 4, 1 ]
    }, {
      "vertices" : [ 2, 4, 5 ]
    }, {
      "vertices" : [ 2, 5, 3 ]
    }, {
      "vertices" : [ 0, 6, 3 ]
    }, {
      "vertices" : [ 0, 3, 5 ]
    }, {
      "vertices" : [ 0, 1, 7 ]
    }, {
      "vertices" : [ 0, 7, 6 ]
    }, {
      "vertices" : [ 1, 4, 2 ]
    }, {
      "vertices" : [ 1, 2, 7 ]
    } ]
  }, {
    "id" : "ff6c0a88-a8eb-4cb2-87a9-57e039a3562d",
    "vertices" : [ {
      "x" : -2.472136,
      "y" : -4.3382964,
      "z" : -25.955551
    }, {
      "x" : -8.428233,
      "y" : 1.250894,
      "z" : -22.27448
    }, {
      "x" : -10.085315,
      "y" : -3.9321084,
      "z" : -21.250347
    } ],
    "faces" : [ {
      "vertices" : [ 0, 1, 2 ]
    }, {
      "vertices" : [ 0, 2, 1 ]
    } ]
  }, {
    "id" : "85088236-2310-4897-bbdc-1d9dc31b0ebf",
    "vertices" : [ {
      "x" : 10.294394,
      "y" : 16.318382,
      "z" : 18.065401
    }, {
      "x" : 1.6570817,
      "y" : 17.569277,
      "z" : 16.041412
    }, {
      "x" : 4.7052035,
      "y" : 19.999453,
      "z" : 12.109304
    } ],
    "faces" : [ {
      "vertices" : [ 0, 1, 2 ]
    }, {
      "vertices" : [ 0, 2, 1 ]
    } ]
  }, {
    "id" : "280b626c-28da-4a8c-afe3-f1a2c56ce9c5",
    "vertices" : [ {
      "x" : 2.472136,
      "y" : 4.3382964,
      "z" : -25.955551
    }, {
      "x" : 8.428233,
      "y" : -1.250894,
      "z" : -22.27448
    }, {
      "x" : 10.085315,
      "y" : 3.9321084,
      "z" : -21.250347
    } ],
    "faces" : [ {
      "vertices" : [ 0, 1, 2 ]
    }, {
      "vertices" : [ 0, 2, 1 ]
    } ]
  }, {
    "id" : "69a24c33-2019-4363-bded-62e507c7cabb",
    "vertices" : [ {
      "x" : 1.6130164,
      "y" : -2.1941776,
      "z" : -22.60705
    }, {
      "x" : 1.2130164,
      "y" : -2.2941775,
      "z" : -22.70705
    }, {
      "x" : -0.08515238,
      "y" : -0.27795842,
      "z" : -0.6672859
    }, {
      "x" : 0.31484762,
      "y" : -0.17795843,
      "z" : -0.5672859
    }, {
      "x" : 1.3463497,
      "y" : -2.5941775,
      "z" : -22.473717
    }, {
      "x" : 1.7463498,
      "y" : -2.4941776,
      "z" : -22.373716
    }, {
      "x" : 0.1815143,
      "y" : 0.122041576,
      "z" : -0.80061924
    }, {
      "x" : -0.21848571,
      "y" : 0.022041578,
      "z" : -0.9006192
    } ],
    "faces" : [ {
      "vertices" : [ 2, 3, 6 ]
    }, {
      "vertices" : [ 2, 6, 7 ]
    }, {
      "vertices" : [ 0, 5, 4 ]
    }, {
      "vertices" : [ 0, 4, 1 ]
    }, {
      "vertices" : [ 2, 4, 5 ]
    }, {
      "vertices" : [ 2, 5, 3 ]
    }, {
      "vertices" : [ 0, 6, 3 ]
    }, {
      "vertices" : [ 0, 3, 5 ]
    }, {
      "vertices" : [ 0, 1, 7 ]
    }, {
      "vertices" : [ 0, 7, 6 ]
    }, {
      "vertices" : [ 1, 4, 2 ]
    }, {
      "vertices" : [ 1, 2, 7 ]
    } ]
  }, {
    "id" : "6875776b-4518-467f-9445-a2c6adf22427",
    "vertices" : [ {
      "x" : 3.2748828,
      "y" : -13.637168,
      "z" : 22.403698
    }, {
      "x" : 3.6810706,
      "y" : -18.342371,
      "z" : 14.790519
    }, {
      "x" : -1.6570817,
      "y" : -17.569277,
      "z" : 16.041412
    } ],
    "faces" : [ {
      "vertices" : [ 0, 1, 2 ]
    }, {
      "vertices" : [ 0, 2, 1 ]
    } ]
  }, {
    "id" : "7829c0d5-4b1b-4c3b-b624-b8aee94357b4",
    "vertices" : [ {
      "x" : 12.766529,
      "y" : -12.318382,
      "z" : 19.593266
    }, {
      "x" : 10.085315,
      "y" : -3.9321084,
      "z" : 21.250347
    }, {
      "x" : 14.790519,
      "y" : -3.6810706,
      "z" : 18.342371
    } ],
    "faces" : [ {
      "vertices" : [ 0, 1, 2 ]
    }, {
      "vertices" : [ 0, 2, 1 ]
    } ]
  }, {
    "id" : "d2afad58-0cd8-47c8-817c-2325d4c4c600",
    "vertices" : [ {
      "x" : 2.472136,
      "y" : 4.3382964,
      "z" : -25.955551
    }, {
      "x" : 19.593266,
      "y" : 12.766529,
      "z" : -12.318382
    }, {
      "x" : 9.637168,
      "y" : 23.931562,
      "z" : 5.747019
    }, {
      "x" : -13.637168,
      "y" : 22.403698,
      "z" : 3.2748828
    }, {
      "x" : -18.065401,
      "y" : 10.294394,
      "z" : -16.318382
    } ],
    "faces" : [ {
      "vertices" : [ 0, 1, 2 ]
    }, {
      "vertices" : [ 0, 2, 3 ]
    }, {
      "vertices" : [ 0, 3, 4 ]
    }, {
      "vertices" : [ 0, 4, 3 ]
    }, {
      "vertices" : [ 0, 3, 2 ]
    }, {
      "vertices" : [ 0, 2, 1 ]
    } ]
  }, {
    "id" : "56e24a0d-f4aa-42ad-87ab-8e28189504e3",
    "vertices" : [ {
      "x" : -19.593266,
      "y" : 12.766529,
      "z" : 12.318382
    }, {
      "x" : -18.065401,
      "y" : -10.294394,
      "z" : 16.318382
    }, {
      "x" : -25.955551,
      "y" : -2.472136,
      "z" : -4.3382964
    } ],
    "faces" : [ {
      "vertices" : [ 0, 1, 2 ]
    }, {
      "vertices" : [ 0, 2, 1 ]
    } ]
  }, {
    "id" : "7af46e8f-3131-447f-9acc-33e6d99c3546",
    "vertices" : [ {
      "x" : 23.931562,
      "y" : -5.747019,
      "z" : -9.637168
    }, {
      "x" : 9.637168,
      "y" : -23.931562,
      "z" : -5.747019
    }, {
      "x" : 19.593266,
      "y" : -12.766529,
      "z" : 12.318382
    } ],
    "faces" : [ {
      "vertices" : [ 0, 1, 2 ]
    }, {
      "vertices" : [ 0, 2, 1 ]
    } ]
  }, {
    "id" : "3a12b282-4afa-453d-a78f-7b8cbf66ed93",
    "vertices" : [ {
      "x" : 23.931562,
      "y" : 5.747019,
      "z" : 9.637168
    }, {
      "x" : 9.637168,
      "y" : 23.931562,
      "z" : 5.747019
    }, {
      "x" : 19.593266,
      "y" : 12.766529,
      "z" : -12.318382
    } ],
    "faces" : [ {
      "vertices" : [ 0, 1, 2 ]
    }, {
      "vertices" : [ 0, 2, 1 ]
    } ]
  }, {
    "id" : "33d47ae1-47e3-4ec9-bef8-8b1dc577de04",
    "vertices" : [ {
      "x" : 25.955551,
      "y" : 2.472136,
      "z" : -4.3382964
    }, {
      "x" : 12.318382,
      "y" : 19.593266,
      "z" : -12.766529
    }, {
      "x" : -5.747019,
      "y" : 9.637168,
      "z" : -23.931562
    }, {
      "x" : -3.2748828,
      "y" : -13.637168,
      "z" : -22.403698
    }, {
      "x" : 16.318382,
      "y" : -18.065401,
      "z" : -10.294394
    } ],
    "faces" : [ {
      "vertices" : [ 0, 1, 2 ]
    }, {
      "vertices" : [ 0, 2, 3 ]
    }, {
      "vertices" : [ 0, 3, 4 ]
    }, {
      "vertices" : [ 0, 4, 3 ]
    }, {
      "vertices" : [ 0, 3, 2 ]
    }, {
      "vertices" : [ 0, 2, 1 ]
    } ]
  }, {
    "id" : "898c006e-6646-4fd1-8292-04f4ac803aea",
    "vertices" : [ {
      "x" : 14.790519,
      "y" : -3.6810706,
      "z" : 18.342371
    }, {
      "x" : 10.085315,
      "y" : -3.9321084,
      "z" : 21.250347
    }, {
      "x" : 8.428233,
      "y" : 1.250894,
      "z" : 22.27448
    }, {
      "x" : 12.109304,
      "y" : 4.7052035,
      "z" : 19.999453
    }, {
      "x" : 16.041412,
      "y" : 1.6570817,
      "z" : 17.569277
    } ],
    "faces" : [ {
      "vertices" : [ 0, 1, 2 ]
    }, {
      "vertices" : [ 0, 2, 3 ]
    }, {
      "vertices" : [ 0, 3, 4 ]
    }, {
      "vertices" : [ 0, 4, 3 ]
    }, {
      "vertices" : [ 0, 3, 2 ]
    }, {
      "vertices" : [ 0, 2, 1 ]
    } ]
  }, {
    "id" : "a6a913e9-0a26-4f1e-9bf2-adfb758c33a6",
    "vertices" : [ {
      "x" : -2.472136,
      "y" : 4.3382964,
      "z" : 25.955551
    }, {
      "x" : -8.428233,
      "y" : -1.250894,
      "z" : 22.27448
    }, {
      "x" : -10.085315,
      "y" : 3.9321084,
      "z" : 21.250347
    } ],
    "faces" : [ {
      "vertices" : [ 0, 1, 2 ]
    }, {
      "vertices" : [ 0, 2, 1 ]
    } ]
  }, {
    "id" : "1756368a-068c-4202-9974-08941a8b89d0",
    "vertices" : [ {
      "x" : 5.747019,
      "y" : 9.637168,
      "z" : 23.931562
    }, {
      "x" : 12.109304,
      "y" : 4.7052035,
      "z" : 19.999453
    }, {
      "x" : 8.428233,
      "y" : 1.250894,
      "z" : 22.27448
    } ],
    "faces" : [ {
      "vertices" : [ 0, 1, 2 ]
    }, {
      "vertices" : [ 0, 2, 1 ]
    } ]
  }, {
    "id" : "10a8f271-a56c-4171-b514-b9de4770bfe9",
    "vertices" : [ {
      "x" : -18.065401,
      "y" : 10.294394,
      "z" : -16.318382
    }, {
      "x" : -25.955551,
      "y" : 2.472136,
      "z" : 4.3382964
    }, {
      "x" : -19.593266,
      "y" : -12.766529,
      "z" : -12.318382
    } ],
    "faces" : [ {
      "vertices" : [ 0, 1, 2 ]
    }, {
      "vertices" : [ 0, 2, 1 ]
    } ]
  }, {
    "id" : "6ca8cb4e-38e3-4d84-8acf-4e7a73ac9fbd",
    "vertices" : [ {
      "x" : 25.955551,
      "y" : -2.472136,
      "z" : 4.3382964
    }, {
      "x" : 12.318382,
      "y" : -19.593266,
      "z" : 12.766529
    }, {
      "x" : -5.747019,
      "y" : -9.637168,
      "z" : 23.931562
    }, {
      "x" : -3.2748828,
      "y" : 13.637168,
      "z" : 22.403698
    }, {
      "x" : 16.318382,
      "y" : 18.065401,
      "z" : 10.294394
    } ],
    "faces" : [ {
      "vertices" : [ 0, 1, 2 ]
    }, {
      "vertices" : [ 0, 2, 3 ]
    }, {
      "vertices" : [ 0, 3, 4 ]
    }, {
      "vertices" : [ 0, 4, 3 ]
    }, {
      "vertices" : [ 0, 3, 2 ]
    }, {
      "vertices" : [ 0, 2, 1 ]
    } ]
  }, {
    "id" : "140645f8-c8eb-4e0c-b541-b348747b3576",
    "vertices" : [ {
      "x" : -4.3382964,
      "y" : -25.955551,
      "z" : -2.472136
    }, {
      "x" : 1.250894,
      "y" : -22.27448,
      "z" : -8.428233
    }, {
      "x" : -3.9321084,
      "y" : -21.250347,
      "z" : -10.085315
    } ],
    "faces" : [ {
      "vertices" : [ 0, 1, 2 ]
    }, {
      "vertices" : [ 0, 2, 1 ]
    } ]
  }, {
    "id" : "942369cf-49c0-4193-bb41-05a71cbeedaf",
    "vertices" : [ {
      "x" : 12.318382,
      "y" : 19.593266,
      "z" : -12.766529
    }, {
      "x" : 3.9321084,
      "y" : 21.250347,
      "z" : -10.085315
    }, {
      "x" : 3.6810706,
      "y" : 18.342371,
      "z" : -14.790519
    } ],
    "faces" : [ {
      "vertices" : [ 0, 1, 2 ]
    }, {
      "vertices" : [ 0, 2, 1 ]
    } ]
  }, {
    "id" : "829b9231-985c-474b-9e8e-078198daf47a",
    "vertices" : [ {
      "x" : -9.637168,
      "y" : -23.931562,
      "z" : 5.747019
    }, {
      "x" : -5.747019,
      "y" : -9.637168,
      "z" : 23.931562
    }, {
      "x" : 12.318382,
      "y" : -19.593266,
      "z" : 12.766529
    } ],
    "faces" : [ {
      "vertices" : [ 0, 1, 2 ]
    }, {
      "vertices" : [ 0, 2, 1 ]
    } ]
  }, {
    "id" : "28f64f33-0dd3-4750-b8ad-7543c998ee53",
    "vertices" : [ {
      "x" : 13.637168,
      "y" : -22.403698,
      "z" : 3.2748828
    }, {
      "x" : 22.403698,
      "y" : -3.2748828,
      "z" : 13.637168
    }, {
      "x" : 23.931562,
      "y" : -5.747019,
      "z" : -9.637168
    } ],
    "faces" : [ {
      "vertices" : [ 0, 1, 2 ]
    }, {
      "vertices" : [ 0, 2, 1 ]
    } ]
  }, {
    "id" : "f230929f-d01c-4fb1-8dfb-8653a0a6c9a4",
    "vertices" : [ {
      "x" : 16.318382,
      "y" : -18.065401,
      "z" : -10.294394
    }, {
      "x" : 12.318382,
      "y" : -19.593266,
      "z" : 12.766529
    }, {
      "x" : 25.955551,
      "y" : -2.472136,
      "z" : 4.3382964
    } ],
    "faces" : [ {
      "vertices" : [ 0, 1, 2 ]
    }, {
      "vertices" : [ 0, 2, 1 ]
    } ]
  }, {
    "id" : "b4197458-9372-4dde-b584-63708bc13e20",
    "vertices" : [ {
      "x" : 18.342371,
      "y" : -14.790519,
      "z" : 3.6810706
    }, {
      "x" : 21.250347,
      "y" : -10.085315,
      "z" : 3.9321084
    }, {
      "x" : 22.27448,
      "y" : -8.428233,
      "z" : -1.250894
    }, {
      "x" : 19.999453,
      "y" : -12.109304,
      "z" : -4.7052035
    }, {
      "x" : 17.569277,
      "y" : -16.041412,
      "z" : -1.6570817
    } ],
    "faces" : [ {
      "vertices" : [ 0, 1, 2 ]
    }, {
      "vertices" : [ 0, 2, 3 ]
    }, {
      "vertices" : [ 0, 3, 4 ]
    }, {
      "vertices" : [ 0, 4, 3 ]
    }, {
      "vertices" : [ 0, 3, 2 ]
    }, {
      "vertices" : [ 0, 2, 1 ]
    } ]
  }, {
    "id" : "8708caca-c999-461d-9b9d-fbc52cd943c4",
    "vertices" : [ {
      "x" : -19.593266,
      "y" : 12.766529,
      "z" : 12.318382
    }, {
      "x" : -21.250347,
      "y" : 10.085315,
      "z" : 3.9321084
    }, {
      "x" : -18.342371,
      "y" : 14.790519,
      "z" : 3.6810706
    } ],
    "faces" : [ {
      "vertices" : [ 0, 1, 2 ]
    }, {
      "vertices" : [ 0, 2, 1 ]
    } ]
  }, {
    "id" : "8fb551e0-e302-4721-9bd8-ef60a5122726",
    "vertices" : [ {
      "x" : -5.747019,
      "y" : 9.637168,
      "z" : -23.931562
    }, {
      "x" : -23.931562,
      "y" : 5.747019,
      "z" : -9.637168
    }, {
      "x" : -12.766529,
      "y" : -12.318382,
      "z" : -19.593266
    } ],
    "faces" : [ {
      "vertices" : [ 0, 1, 2 ]
    }, {
      "vertices" : [ 0, 2, 1 ]
    } ]
  }, {
    "id" : "8c915a53-3db3-4989-b3d2-d84daa4d10ac",
    "vertices" : [ {
      "x" : -23.931562,
      "y" : -5.747019,
      "z" : 9.637168
    }, {
      "x" : -19.999453,
      "y" : -12.109304,
      "z" : 4.7052035
    }, {
      "x" : -22.27448,
      "y" : -8.428233,
      "z" : 1.250894
    } ],
    "faces" : [ {
      "vertices" : [ 0, 1, 2 ]
    }, {
      "vertices" : [ 0, 2, 1 ]
    } ]
  }, {
    "id" : "57f4afd8-3a83-46ad-bc49-40bec30c4515",
    "vertices" : [ {
      "x" : -3.6810706,
      "y" : -18.342371,
      "z" : -14.790519
    }, {
      "x" : -3.9321084,
      "y" : -21.250347,
      "z" : -10.085315
    }, {
      "x" : 1.250894,
      "y" : -22.27448,
      "z" : -8.428233
    }, {
      "x" : 4.7052035,
      "y" : -19.999453,
      "z" : -12.109304
    }, {
      "x" : 1.6570817,
      "y" : -17.569277,
      "z" : -16.041412
    } ],
    "faces" : [ {
      "vertices" : [ 0, 1, 2 ]
    }, {
      "vertices" : [ 0, 2, 3 ]
    }, {
      "vertices" : [ 0, 3, 4 ]
    }, {
      "vertices" : [ 0, 4, 3 ]
    }, {
      "vertices" : [ 0, 3, 2 ]
    }, {
      "vertices" : [ 0, 2, 1 ]
    } ]
  }, {
    "id" : "4f1b33b4-0435-4a4e-a60a-b008289aae12",
    "vertices" : [ {
      "x" : -23.931562,
      "y" : 5.747019,
      "z" : -9.637168
    }, {
      "x" : -19.999453,
      "y" : 12.109304,
      "z" : -4.7052035
    }, {
      "x" : -22.27448,
      "y" : 8.428233,
      "z" : -1.250894
    } ],
    "faces" : [ {
      "vertices" : [ 0, 1, 2 ]
    }, {
      "vertices" : [ 0, 2, 1 ]
    } ]
  }, {
    "id" : "10bad13f-4a02-4e9a-acbf-b75d9dd1e30b",
    "vertices" : [ {
      "x" : -10.294394,
      "y" : 16.318382,
      "z" : -18.065401
    }, {
      "x" : -2.472136,
      "y" : -4.3382964,
      "z" : -25.955551
    }, {
      "x" : 12.766529,
      "y" : 12.318382,
      "z" : -19.593266
    } ],
    "faces" : [ {
      "vertices" : [ 0, 1, 2 ]
    }, {
      "vertices" : [ 0, 2, 1 ]
    } ]
  }, {
    "id" : "c46f5d44-7fe1-442f-ae4f-7b9d58c3b7e9",
    "vertices" : [ {
      "x" : -23.931562,
      "y" : 5.747019,
      "z" : -9.637168
    }, {
      "x" : -9.637168,
      "y" : 23.931562,
      "z" : -5.747019
    }, {
      "x" : -19.593266,
      "y" : 12.766529,
      "z" : 12.318382
    } ],
    "faces" : [ {
      "vertices" : [ 0, 1, 2 ]
    }, {
      "vertices" : [ 0, 2, 1 ]
    } ]
  }, {
    "id" : "f57e6d2f-5b6f-47a7-897c-26051de92a14",
    "vertices" : [ {
      "x" : -10.294394,
      "y" : -16.318382,
      "z" : 18.065401
    }, {
      "x" : -2.472136,
      "y" : 4.3382964,
      "z" : 25.955551
    }, {
      "x" : 12.766529,
      "y" : -12.318382,
      "z" : 19.593266
    } ],
    "faces" : [ {
      "vertices" : [ 0, 1, 2 ]
    }, {
      "vertices" : [ 0, 2, 1 ]
    } ]
  }, {
    "id" : "93f0d485-9b49-40ae-b7bc-a5f890c5fa4e",
    "vertices" : [ {
      "x" : -3.2748828,
      "y" : 13.637168,
      "z" : 22.403698
    }, {
      "x" : -3.6810706,
      "y" : 18.342371,
      "z" : 14.790519
    }, {
      "x" : 1.6570817,
      "y" : 17.569277,
      "z" : 16.041412
    } ],
    "faces" : [ {
      "vertices" : [ 0, 1, 2 ]
    }, {
      "vertices" : [ 0, 2, 1 ]
    } ]
  }, {
    "id" : "5bb2f6c5-1840-4f47-a489-c5526b3f98d3",
    "vertices" : [ {
      "x" : -18.342371,
      "y" : 14.790519,
      "z" : 3.6810706
    }, {
      "x" : -21.250347,
      "y" : 10.085315,
      "z" : 3.9321084
    }, {
      "x" : -22.27448,
      "y" : 8.428233,
      "z" : -1.250894
    }, {
      "x" : -19.999453,
      "y" : 12.109304,
      "z" : -4.7052035
    }, {
      "x" : -17.569277,
      "y" : 16.041412,
      "z" : -1.6570817
    } ],
    "faces" : [ {
      "vertices" : [ 0, 1, 2 ]
    }, {
      "vertices" : [ 0, 2, 3 ]
    }, {
      "vertices" : [ 0, 3, 4 ]
    }, {
      "vertices" : [ 0, 4, 3 ]
    }, {
      "vertices" : [ 0, 3, 2 ]
    }, {
      "vertices" : [ 0, 2, 1 ]
    } ]
  }, {
    "id" : "c9a46795-b9b0-40bf-8221-f07fbdb06d44",
    "vertices" : [ {
      "x" : -12.766529,
      "y" : 12.318382,
      "z" : 19.593266
    }, {
      "x" : 10.294394,
      "y" : 16.318382,
      "z" : 18.065401
    }, {
      "x" : 2.472136,
      "y" : -4.3382964,
      "z" : 25.955551
    } ],
    "faces" : [ {
      "vertices" : [ 0, 1, 2 ]
    }, {
      "vertices" : [ 0, 2, 1 ]
    } ]
  }, {
    "id" : "9e2ccb1b-411f-4333-838d-6fed44a86bb5",
    "vertices" : [ {
      "x" : -25.955551,
      "y" : -2.472136,
      "z" : -4.3382964
    }, {
      "x" : -12.318382,
      "y" : -19.593266,
      "z" : -12.766529
    }, {
      "x" : 5.747019,
      "y" : -9.637168,
      "z" : -23.931562
    }, {
      "x" : 3.2748828,
      "y" : 13.637168,
      "z" : -22.403698
    }, {
      "x" : -16.318382,
      "y" : 18.065401,
      "z" : -10.294394
    } ],
    "faces" : [ {
      "vertices" : [ 0, 1, 2 ]
    }, {
      "vertices" : [ 0, 2, 3 ]
    }, {
      "vertices" : [ 0, 3, 4 ]
    }, {
      "vertices" : [ 0, 4, 3 ]
    }, {
      "vertices" : [ 0, 3, 2 ]
    }, {
      "vertices" : [ 0, 2, 1 ]
    } ]
  }, {
    "id" : "eb874676-20b1-4436-b902-80add90e36e1",
    "vertices" : [ {
      "x" : -22.403698,
      "y" : 3.2748828,
      "z" : 13.637168
    }, {
      "x" : -13.637168,
      "y" : 22.403698,
      "z" : 3.2748828
    }, {
      "x" : -3.2748828,
      "y" : 13.637168,
      "z" : 22.403698
    } ],
    "faces" : [ {
      "vertices" : [ 0, 1, 2 ]
    }, {
      "vertices" : [ 0, 2, 1 ]
    } ]
  }, {
    "id" : "4989a443-4da3-4173-9949-6f8e89c26a07",
    "vertices" : [ {
      "x" : -3.2748828,
      "y" : 13.637168,
      "z" : 22.403698
    }, {
      "x" : -13.637168,
      "y" : 22.403698,
      "z" : 3.2748828
    }, {
      "x" : 9.637168,
      "y" : 23.931562,
      "z" : 5.747019
    } ],
    "faces" : [ {
      "vertices" : [ 0, 1, 2 ]
    }, {
      "vertices" : [ 0, 2, 1 ]
    } ]
  }, {
    "id" : "d4342518-f062-44b9-b5f1-8cd21403dbde",
    "vertices" : [ {
      "x" : -2.472136,
      "y" : 4.3382964,
      "z" : 25.955551
    }, {
      "x" : -10.294394,
      "y" : -16.318382,
      "z" : 18.065401
    }, {
      "x" : -22.403698,
      "y" : 3.2748828,
      "z" : 13.637168
    } ],
    "faces" : [ {
      "vertices" : [ 0, 1, 2 ]
    }, {
      "vertices" : [ 0, 2, 1 ]
    } ]
  }, {
    "id" : "437066da-2286-4234-8179-2fdc1f9e773b",
    "vertices" : [ {
      "x" : 3.2748828,
      "y" : 13.637168,
      "z" : -22.403698
    }, {
      "x" : 3.6810706,
      "y" : 18.342371,
      "z" : -14.790519
    }, {
      "x" : -1.6570817,
      "y" : 17.569277,
      "z" : -16.041412
    } ],
    "faces" : [ {
      "vertices" : [ 0, 1, 2 ]
    }, {
      "vertices" : [ 0, 2, 1 ]
    } ]
  }, {
    "id" : "1beae896-77b4-4daa-95d5-c76c67681487",
    "vertices" : [ {
      "x" : -5.747019,
      "y" : 9.637168,
      "z" : -23.931562
    }, {
      "x" : -9.637168,
      "y" : 23.931562,
      "z" : -5.747019
    }, {
      "x" : -23.931562,
      "y" : 5.747019,
      "z" : -9.637168
    } ],
    "faces" : [ {
      "vertices" : [ 0, 1, 2 ]
    }, {
      "vertices" : [ 0, 2, 1 ]
    } ]
  }, {
    "id" : "96e1f16d-0528-48eb-9692-e6a45ddc293f",
    "vertices" : [ {
      "x" : -16.318382,
      "y" : 18.065401,
      "z" : -10.294394
    }, {
      "x" : 4.3382964,
      "y" : 25.955551,
      "z" : -2.472136
    }, {
      "x" : -12.318382,
      "y" : 19.593266,
      "z" : 12.766529
    } ],
    "faces" : [ {
      "vertices" : [ 0, 1, 2 ]
    }, {
      "vertices" : [ 0, 2, 1 ]
    } ]
  }, {
    "id" : "b8a55ad8-0f2b-477b-8434-dd147f7585da",
    "vertices" : [ {
      "x" : 2.472136,
      "y" : 4.3382964,
      "z" : -25.955551
    }, {
      "x" : 10.294394,
      "y" : -16.318382,
      "z" : -18.065401
    }, {
      "x" : 22.403698,
      "y" : 3.2748828,
      "z" : -13.637168
    } ],
    "faces" : [ {
      "vertices" : [ 0, 1, 2 ]
    }, {
      "vertices" : [ 0, 2, 1 ]
    } ]
  }, {
    "id" : "87c09cad-451b-4e2f-9701-a29f34f07dfe",
    "vertices" : [ {
      "x" : 10.294394,
      "y" : -16.318382,
      "z" : -18.065401
    }, {
      "x" : -12.766529,
      "y" : -12.318382,
      "z" : -19.593266
    }, {
      "x" : -4.3382964,
      "y" : -25.955551,
      "z" : -2.472136
    } ],
    "faces" : [ {
      "vertices" : [ 0, 1, 2 ]
    }, {
      "vertices" : [ 0, 2, 1 ]
    } ]
  }, {
    "id" : "0a973b23-f3c6-4e77-8d37-0bf24bd2bb0a",
    "vertices" : [ {
      "x" : -22.403698,
      "y" : 3.2748828,
      "z" : 13.637168
    }, {
      "x" : -14.790519,
      "y" : 3.6810706,
      "z" : 18.342371
    }, {
      "x" : -16.041412,
      "y" : -1.6570817,
      "z" : 17.569277
    } ],
    "faces" : [ {
      "vertices" : [ 0, 1, 2 ]
    }, {
      "vertices" : [ 0, 2, 1 ]
    } ]
  }, {
    "id" : "e2f7b9d2-9de8-400a-a28e-a01cbf9b5b1f",
    "vertices" : [ {
      "x" : -25.955551,
      "y" : -2.472136,
      "z" : -4.3382964
    }, {
      "x" : -18.065401,
      "y" : -10.294394,
      "z" : 16.318382
    }, {
      "x" : -13.637168,
      "y" : -22.403698,
      "z" : -3.2748828
    } ],
    "faces" : [ {
      "vertices" : [ 0, 1, 2 ]
    }, {
      "vertices" : [ 0, 2, 1 ]
    } ]
  }, {
    "id" : "d484f7f0-4afb-4988-85c6-0084d552fbf6",
    "vertices" : [ {
      "x" : 18.342371,
      "y" : 14.790519,
      "z" : -3.6810706
    }, {
      "x" : 21.250347,
      "y" : 10.085315,
      "z" : -3.9321084
    }, {
      "x" : 22.27448,
      "y" : 8.428233,
      "z" : 1.250894
    }, {
      "x" : 19.999453,
      "y" : 12.109304,
      "z" : 4.7052035
    }, {
      "x" : 17.569277,
      "y" : 16.041412,
      "z" : 1.6570817
    } ],
    "faces" : [ {
      "vertices" : [ 0, 1, 2 ]
    }, {
      "vertices" : [ 0, 2, 3 ]
    }, {
      "vertices" : [ 0, 3, 4 ]
    }, {
      "vertices" : [ 0, 4, 3 ]
    }, {
      "vertices" : [ 0, 3, 2 ]
    }, {
      "vertices" : [ 0, 2, 1 ]
    } ]
  }, {
    "id" : "59ee166c-d57a-48f3-ba35-3dcb077a3795",
    "vertices" : [ {
      "x" : 12.318382,
      "y" : -19.593266,
      "z" : 12.766529
    }, {
      "x" : -4.3382964,
      "y" : -25.955551,
      "z" : -2.472136
    }, {
      "x" : -10.294394,
      "y" : -16.318382,
      "z" : 18.065401
    } ],
    "faces" : [ {
      "vertices" : [ 0, 1, 2 ]
    }, {
      "vertices" : [ 0, 2, 1 ]
    } ]
  }, {
    "id" : "8363d08b-8e8e-45e9-b0ed-b791fa357ab4",
    "vertices" : [ {
      "x" : 12.318382,
      "y" : -19.593266,
      "z" : 12.766529
    }, {
      "x" : 16.318382,
      "y" : -18.065401,
      "z" : -10.294394
    }, {
      "x" : -4.3382964,
      "y" : -25.955551,
      "z" : -2.472136
    } ],
    "faces" : [ {
      "vertices" : [ 0, 1, 2 ]
    }, {
      "vertices" : [ 0, 2, 1 ]
    } ]
  }, {
    "id" : "601c63c3-860b-423a-9e8c-5f4c4145c09e",
    "vertices" : [ {
      "x" : -22.403698,
      "y" : -3.2748828,
      "z" : -13.637168
    }, {
      "x" : -3.2748828,
      "y" : -13.637168,
      "z" : -22.403698
    }, {
      "x" : -5.747019,
      "y" : 9.637168,
      "z" : -23.931562
    } ],
    "faces" : [ {
      "vertices" : [ 0, 1, 2 ]
    }, {
      "vertices" : [ 0, 2, 1 ]
    } ]
  }, {
    "id" : "a9773bdc-1733-419f-81af-1b4ff7bb92d4",
    "vertices" : [ {
      "x" : 22.403698,
      "y" : 3.2748828,
      "z" : -13.637168
    }, {
      "x" : 3.2748828,
      "y" : 13.637168,
      "z" : -22.403698
    }, {
      "x" : 5.747019,
      "y" : -9.637168,
      "z" : -23.931562
    } ],
    "faces" : [ {
      "vertices" : [ 0, 1, 2 ]
    }, {
      "vertices" : [ 0, 2, 1 ]
    } ]
  }, {
    "id" : "8aab71f6-c21a-428f-8efb-fe3c56544253",
    "vertices" : [ {
      "x" : 19.593266,
      "y" : 12.766529,
      "z" : -12.318382
    }, {
      "x" : 21.250347,
      "y" : 10.085315,
      "z" : -3.9321084
    }, {
      "x" : 18.342371,
      "y" : 14.790519,
      "z" : -3.6810706
    } ],
    "faces" : [ {
      "vertices" : [ 0, 1, 2 ]
    }, {
      "vertices" : [ 0, 2, 1 ]
    } ]
  }, {
    "id" : "26d5a3f4-db88-4b19-bc37-96fce442b2bd",
    "vertices" : [ {
      "x" : -4.3382964,
      "y" : 25.955551,
      "z" : 2.472136
    }, {
      "x" : -12.766529,
      "y" : 12.318382,
      "z" : 19.593266
    }, {
      "x" : -23.931562,
      "y" : -5.747019,
      "z" : 9.637168
    }, {
      "x" : -22.403698,
      "y" : -3.2748828,
      "z" : -13.637168
    }, {
      "x" : -10.294394,
      "y" : 16.318382,
      "z" : -18.065401
    } ],
    "faces" : [ {
      "vertices" : [ 0, 1, 2 ]
    }, {
      "vertices" : [ 0, 2, 3 ]
    }, {
      "vertices" : [ 0, 3, 4 ]
    }, {
      "vertices" : [ 0, 4, 3 ]
    }, {
      "vertices" : [ 0, 3, 2 ]
    }, {
      "vertices" : [ 0, 2, 1 ]
    } ]
  }, {
    "id" : "8e29705d-fab4-4926-a505-0fa95641bfff",
    "vertices" : [ {
      "x" : -18.065401,
      "y" : 10.294394,
      "z" : -16.318382
    }, {
      "x" : -19.593266,
      "y" : -12.766529,
      "z" : -12.318382
    }, {
      "x" : -2.472136,
      "y" : -4.3382964,
      "z" : -25.955551
    } ],
    "faces" : [ {
      "vertices" : [ 0, 1, 2 ]
    }, {
      "vertices" : [ 0, 2, 1 ]
    } ]
  }, {
    "id" : "d9a1a1c6-cb32-454e-80d4-c589ed39ed8d",
    "vertices" : [ {
      "x" : -4.3382964,
      "y" : -25.955551,
      "z" : -2.472136
    }, {
      "x" : 16.318382,
      "y" : -18.065401,
      "z" : -10.294394
    }, {
      "x" : -3.2748828,
      "y" : -13.637168,
      "z" : -22.403698
    } ],
    "faces" : [ {
      "vertices" : [ 0, 1, 2 ]
    }, {
      "vertices" : [ 0, 2, 1 ]
    } ]
  }, {
    "id" : "175d79bf-9f30-423c-aee6-59dc870ba5ad",
    "vertices" : [ {
      "x" : 5.747019,
      "y" : -9.637168,
      "z" : -23.931562
    }, {
      "x" : 23.931562,
      "y" : -5.747019,
      "z" : -9.637168
    }, {
      "x" : 12.766529,
      "y" : 12.318382,
      "z" : -19.593266
    } ],
    "faces" : [ {
      "vertices" : [ 0, 1, 2 ]
    }, {
      "vertices" : [ 0, 2, 1 ]
    } ]
  }, {
    "id" : "dbac8f70-41b6-4063-bcec-ea939c97a0f5",
    "vertices" : [ {
      "x" : -22.403698,
      "y" : -3.2748828,
      "z" : -13.637168
    }, {
      "x" : -13.637168,
      "y" : -22.403698,
      "z" : -3.2748828
    }, {
      "x" : -3.2748828,
      "y" : -13.637168,
      "z" : -22.403698
    } ],
    "faces" : [ {
      "vertices" : [ 0, 1, 2 ]
    }, {
      "vertices" : [ 0, 2, 1 ]
    } ]
  }, {
