{
  "polygons" : "true",
  "field" : "golden",
  "symmetry" : "icosahedral",
  "orientations" : [ [ 1.0, 0.0, 0.0, 0.0, 0.0, 1.0, 0.0, 0.0, 0.0, 0.0, 1.0, 0.0, 0.0, 0.0, 0.0, 1.0 ], [ 0.0, 0.0, 1.0, 0.0, 1.0, 0.0, 0.0, 0.0, 0.0, 1.0, 0.0, 0.0, 0.0, 0.0, 0.0, 1.0 ], [ 0.0, 1.0, 0.0, 0.0, 0.0, 0.0, 1.0, 0.0, 1.0, 0.0, 0.0, 0.0, 0.0, 0.0, 0.0, 1.0 ], [ 0.809017, 0.309017, 0.5, 0.0, 0.309017, 0.5, -0.809017, 0.0, -0.5, 0.809017, 0.309017, 0.0, 0.0, 0.0, 0.0, 1.0 ], [ -0.5, 0.809017, 0.309017, 0.0, 0.809017, 0.309017, 0.5, 0.0, 0.309017, 0.5, -0.809017, 0.0, 0.0, 0.0, 0.0, 1.0 ], [ 0.309017, 0.5, -0.809017, 0.0, -0.5, 0.809017, 0.309017, 0.0, 0.809017, 0.309017, 0.5, 0.0, 0.0, 0.0, 0.0, 1.0 ], [ 0.5, 0.809017, 0.309017, 0.0, 0.809017, -0.309017, -0.5, 0.0, -0.309017, 0.5, -0.809017, 0.0, 0.0, 0.0, 0.0, 1.0 ], [ -0.309017, 0.5, -0.809017, 0.0, 0.5, 0.809017, 0.309017, 0.0, 0.809017, -0.309017, -0.5, 0.0, 0.0, 0.0, 0.0, 1.0 ], [ 0.809017, -0.309017, -0.5, 0.0, -0.309017, 0.5, -0.809017, 0.0, 0.5, 0.809017, 0.309017, 0.0, 0.0, 0.0, 0.0, 1.0 ], [ 0.5, 0.809017, -0.309017, 0.0, 0.809017, -0.309017, 0.5, 0.0, 0.309017, -0.5, -0.809017, 0.0, 0.0, 0.0, 0.0, 1.0 ], [ 0.309017, -0.5, -0.809017, 0.0, 0.5, 0.809017, -0.309017, 0.0, 0.809017, -0.309017, 0.5, 0.0, 0.0, 0.0, 0.0, 1.0 ], [ 0.809017, -0.309017, 0.5, 0.0, 0.309017, -0.5, -0.809017, 0.0, 0.5, 0.809017, -0.309017, 0.0, 0.0, 0.0, 0.0, 1.0 ], [ 0.809017, 0.309017, -0.5, 0.0, 0.309017, 0.5, 0.809017, 0.0, 0.5, -0.809017, 0.309017, 0.0, 0.0, 0.0, 0.0, 1.0 ], [ 0.5, -0.809017, 0.309017, 0.0, 0.809017, 0.309017, -0.5, 0.0, 0.309017, 0.5, 0.809017, 0.0, 0.0, 0.0, 0.0, 1.0 ], [ 0.309017, 0.5, 0.809017, 0.0, 0.5, -0.809017, 0.309017, 0.0, 0.809017, 0.309017, -0.5, 0.0, 0.0, 0.0, 0.0, 1.0 ], [ 1.0, 0.0, 0.0, 0.0, 0.0, -1.0, 0.0, 0.0, 0.0, 0.0, -1.0, 0.0, 0.0, 0.0, 0.0, 1.0 ], [ 0.0, 0.0, 1.0, 0.0, -1.0, 0.0, 0.0, 0.0, 0.0, -1.0, 0.0, 0.0, 0.0, 0.0, 0.0, 1.0 ], [ 0.0, 1.0, 0.0, 0.0, 0.0, 0.0, -1.0, 0.0, -1.0, 0.0, 0.0, 0.0, 0.0, 0.0, 0.0, 1.0 ], [ 0.809017, 0.309017, 0.5, 0.0, -0.309017, -0.5, 0.809017, 0.0, 0.5, -0.809017, -0.309017, 0.0, 0.0, 0.0, 0.0, 1.0 ], [ -0.5, 0.809017, 0.309017, 0.0, -0.809017, -0.309017, -0.5, 0.0, -0.309017, -0.5, 0.809017, 0.0, 0.0, 0.0, 0.0, 1.0 ], [ 0.309017, 0.5, -0.809017, 0.0, 0.5, -0.809017, -0.309017, 0.0, -0.809017, -0.309017, -0.5, 0.0, 0.0, 0.0, 0.0, 1.0 ], [ 0.5, 0.809017, 0.309017, 0.0, -0.809017, 0.309017, 0.5, 0.0, 0.309017, -0.5, 0.809017, 0.0, 0.0, 0.0, 0.0, 1.0 ], [ -0.309017, 0.5, -0.809017, 0.0, -0.5, -0.809017, -0.309017, 0.0, -0.809017, 0.309017, 0.5, 0.0, 0.0, 0.0, 0.0, 1.0 ], [ 0.809017, -0.309017, -0.5, 0.0, 0.309017, -0.5, 0.809017, 0.0, -0.5, -0.809017, -0.309017, 0.0, 0.0, 0.0, 0.0, 1.0 ], [ 0.5, 0.809017, -0.309017, 0.0, -0.809017, 0.309017, -0.5, 0.0, -0.309017, 0.5, 0.809017, 0.0, 0.0, 0.0, 0.0, 1.0 ], [ 0.309017, -0.5, -0.809017, 0.0, -0.5, -0.809017, 0.309017, 0.0, -0.809017, 0.309017, -0.5, 0.0, 0.0, 0.0, 0.0, 1.0 ], [ 0.809017, -0.309017, 0.5, 0.0, -0.309017, 0.5, 0.809017, 0.0, -0.5, -0.809017, 0.309017, 0.0, 0.0, 0.0, 0.0, 1.0 ], [ 0.809017, 0.309017, -0.5, 0.0, -0.309017, -0.5, -0.809017, 0.0, -0.5, 0.809017, -0.309017, 0.0, 0.0, 0.0, 0.0, 1.0 ], [ 0.5, -0.809017, 0.309017, 0.0, -0.809017, -0.309017, 0.5, 0.0, -0.309017, -0.5, -0.809017, 0.0, 0.0, 0.0, 0.0, 1.0 ], [ 0.309017, 0.5, 0.809017, 0.0, -0.5, 0.809017, -0.309017, 0.0, -0.809017, -0.309017, 0.5, 0.0, 0.0, 0.0, 0.0, 1.0 ], [ -1.0, 0.0, 0.0, 0.0, 0.0, -1.0, 0.0, 0.0, 0.0, 0.0, 1.0, 0.0, 0.0, 0.0, 0.0, 1.0 ], [ 0.0, 0.0, -1.0, 0.0, -1.0, 0.0, 0.0, 0.0, 0.0, 1.0, 0.0, 0.0, 0.0, 0.0, 0.0, 1.0 ], [ 0.0, -1.0, 0.0, 0.0, 0.0, 0.0, -1.0, 0.0, 1.0, 0.0, 0.0, 0.0, 0.0, 0.0, 0.0, 1.0 ], [ -0.809017, -0.309017, -0.5, 0.0, -0.309017, -0.5, 0.809017, 0.0, -0.5, 0.809017, 0.309017, 0.0, 0.0, 0.0, 0.0, 1.0 ], [ 0.5, -0.809017, -0.309017, 0.0, -0.809017, -0.309017, -0.5, 0.0, 0.309017, 0.5, -0.809017, 0.0, 0.0, 0.0, 0.0, 1.0 ], [ -0.309017, -0.5, 0.809017, 0.0, 0.5, -0.809017, -0.309017, 0.0, 0.809017, 0.309017, 0.5, 0.0, 0.0, 0.0, 0.0, 1.0 ], [ -0.5, -0.809017, -0.309017, 0.0, -0.809017, 0.309017, 0.5, 0.0, -0.309017, 0.5, -0.809017, 0.0, 0.0, 0.0, 0.0, 1.0 ], [ 0.309017, -0.5, 0.809017, 0.0, -0.5, -0.809017, -0.309017, 0.0, 0.809017, -0.309017, -0.5, 0.0, 0.0, 0.0, 0.0, 1.0 ], [ -0.809017, 0.309017, 0.5, 0.0, 0.309017, -0.5, 0.809017, 0.0, 0.5, 0.809017, 0.309017, 0.0, 0.0, 0.0, 0.0, 1.0 ], [ -0.5, -0.809017, 0.309017, 0.0, -0.809017, 0.309017, -0.5, 0.0, 0.309017, -0.5, -0.809017, 0.0, 0.0, 0.0, 0.0, 1.0 ], [ -0.309017, 0.5, 0.809017, 0.0, -0.5, -0.809017, 0.309017, 0.0, 0.809017, -0.309017, 0.5, 0.0, 0.0, 0.0, 0.0, 1.0 ], [ -0.809017, 0.309017, -0.5, 0.0, -0.309017, 0.5, 0.809017, 0.0, 0.5, 0.809017, -0.309017, 0.0, 0.0, 0.0, 0.0, 1.0 ], [ -0.809017, -0.309017, 0.5, 0.0, -0.309017, -0.5, -0.809017, 0.0, 0.5, -0.809017, 0.309017, 0.0, 0.0, 0.0, 0.0, 1.0 ], [ -0.5, 0.809017, -0.309017, 0.0, -0.809017, -0.309017, 0.5, 0.0, 0.309017, 0.5, 0.809017, 0.0, 0.0, 0.0, 0.0, 1.0 ], [ -0.309017, -0.5, -0.809017, 0.0, -0.5, 0.809017, -0.309017, 0.0, 0.809017, 0.309017, -0.5, 0.0, 0.0, 0.0, 0.0, 1.0 ], [ -1.0, 0.0, 0.0, 0.0, 0.0, 1.0, 0.0, 0.0, 0.0, 0.0, -1.0, 0.0, 0.0, 0.0, 0.0, 1.0 ], [ 0.0, 0.0, -1.0, 0.0, 1.0, 0.0, 0.0, 0.0, 0.0, -1.0, 0.0, 0.0, 0.0, 0.0, 0.0, 1.0 ], [ 0.0, -1.0, 0.0, 0.0, 0.0, 0.0, 1.0, 0.0, -1.0, 0.0, 0.0, 0.0, 0.0, 0.0, 0.0, 1.0 ], [ -0.809017, -0.309017, -0.5, 0.0, 0.309017, 0.5, -0.809017, 0.0, 0.5, -0.809017, -0.309017, 0.0, 0.0, 0.0, 0.0, 1.0 ], [ 0.5, -0.809017, -0.309017, 0.0, 0.809017, 0.309017, 0.5, 0.0, -0.309017, -0.5, 0.809017, 0.0, 0.0, 0.0, 0.0, 1.0 ], [ -0.309017, -0.5, 0.809017, 0.0, -0.5, 0.809017, 0.309017, 0.0, -0.809017, -0.309017, -0.5, 0.0, 0.0, 0.0, 0.0, 1.0 ], [ -0.5, -0.809017, -0.309017, 0.0, 0.809017, -0.309017, -0.5, 0.0, 0.309017, -0.5, 0.809017, 0.0, 0.0, 0.0, 0.0, 1.0 ], [ 0.309017, -0.5, 0.809017, 0.0, 0.5, 0.809017, 0.309017, 0.0, -0.809017, 0.309017, 0.5, 0.0, 0.0, 0.0, 0.0, 1.0 ], [ -0.809017, 0.309017, 0.5, 0.0, -0.309017, 0.5, -0.809017, 0.0, -0.5, -0.809017, -0.309017, 0.0, 0.0, 0.0, 0.0, 1.0 ], [ -0.5, -0.809017, 0.309017, 0.0, 0.809017, -0.309017, 0.5, 0.0, -0.309017, 0.5, 0.809017, 0.0, 0.0, 0.0, 0.0, 1.0 ], [ -0.309017, 0.5, 0.809017, 0.0, 0.5, 0.809017, -0.309017, 0.0, -0.809017, 0.309017, -0.5, 0.0, 0.0, 0.0, 0.0, 1.0 ], [ -0.809017, 0.309017, -0.5, 0.0, 0.309017, -0.5, -0.809017, 0.0, -0.5, -0.809017, 0.309017, 0.0, 0.0, 0.0, 0.0, 1.0 ], [ -0.809017, -0.309017, 0.5, 0.0, 0.309017, 0.5, 0.809017, 0.0, -0.5, 0.809017, -0.309017, 0.0, 0.0, 0.0, 0.0, 1.0 ], [ -0.5, 0.809017, -0.309017, 0.0, 0.809017, 0.309017, -0.5, 0.0, -0.309017, -0.5, -0.809017, 0.0, 0.0, 0.0, 0.0, 1.0 ], [ -0.309017, -0.5, -0.809017, 0.0, 0.5, -0.809017, 0.309017, 0.0, -0.809017, -0.309017, 0.5, 0.0, 0.0, 0.0, 0.0, 1.0 ] ],
  "lights" : {
    "directionalLights" : [ {
      "direction" : [ 1.0, -1.0, -1.0 ],
      "color" : "#EBEBE4"
    }, {
      "direction" : [ -1.0, 0.0, 0.0 ],
      "color" : "#E4E4EB"
    }, {
      "direction" : [ 0.0, 0.0, -1.0 ],
      "color" : "#1E1E1E"
    } ],
    "ambientColor" : "#292929",
    "backgroundColor" : "#AFC8DC"
  },
  "camera" : {
    "stereo" : false,
    "width" : 198.41724,
    "lookDirection" : {
      "x" : -0.57735026,
      "y" : -0.57735026,
      "z" : -0.57735026
    },
    "upDirection" : {
      "x" : 0.0,
      "y" : 0.7071068,
      "z" : -0.7071068
    },
    "lookAtPoint" : {
      "x" : 0.0,
      "y" : 0.0,
      "z" : 0.0
    },
    "viewDistance" : 440.9271,
    "nearClipDistance" : 1.1023179,
    "farClipDistance" : 881.8539,
    "fieldOfView" : 0.44262898,
    "perspective" : true,
    "position" : {
      "x" : 254.56937,
      "y" : 254.56937,
      "z" : 254.56937
    }
  },
  "embedding" : [ 1.0, 0.0, 0.0, 0.0, 0.0, 1.0, 0.0, 0.0, 0.0, 0.0, 1.0, 0.0, 0.0, 0.0, 0.0, 1.0 ],
  "shapes" : [ {
    "id" : "6a4c0ce7-2905-4c1f-8d14-076c8209d0e0",
    "orbit" : "green",
    "name" : "g3",
    "vertices" : [ {
      "x" : 27.320917,
      "y" : 10.2446785,
      "z" : -4.104102
    }, {
      "x" : 28.343458,
      "y" : 10.281153,
      "z" : -4.236068
    }, {
      "x" : 27.320917,
      "y" : 10.2446785,
      "z" : -3.722136
    }, {
      "x" : 27.129932,
      "y" : 10.553696,
      "z" : -4.222136
    }, {
      "x" : 27.129932,
      "y" : 10.553696,
      "z" : -3.84017
    }, {
      "x" : 0.809017,
      "y" : 0.618034,
      "z" : 0.309017
    }, {
      "x" : 1.0,
      "y" : 0.309017,
      "z" : 0.19098301
    }, {
      "x" : 1.9045085,
      "y" : 0.5364745,
      "z" : -0.013932022
    }, {
      "x" : 28.034441,
      "y" : 10.781153,
      "z" : -4.427051
    }, {
      "x" : 28.225426,
      "y" : 10.472136,
      "z" : -4.545085
    }, {
      "x" : 28.225426,
      "y" : 10.472136,
      "z" : -3.927051
    }, {
      "x" : 28.034441,
      "y" : 10.781153,
      "z" : -4.045085
    }, {
      "x" : 1.7135255,
      "y" : 0.8454915,
      "z" : -0.13196601
    }, {
      "x" : 0.690983,
      "y" : 0.809017,
      "z" : 0.0
    }, {
      "x" : 1.9045085,
      "y" : 0.5364745,
      "z" : -0.39589804
    }, {
      "x" : 1.7135255,
      "y" : 0.8454915,
      "z" : -0.51393205
    }, {
      "x" : 0.809017,
      "y" : 0.618034,
      "z" : -0.309017
    }, {
      "x" : 1.0,
      "y" : 0.309017,
      "z" : -0.19098301
    }, {
      "x" : 29.034441,
      "y" : 11.09017,
      "z" : -4.236068
    } ],
    "faces" : [ {
      "vertices" : [ 0, 14, 15, 3 ]
    }, {
      "vertices" : [ 3, 15, 12, 4 ]
    }, {
      "vertices" : [ 0, 1, 2 ]
    }, {
      "vertices" : [ 12, 15, 13 ]
    }, {
      "vertices" : [ 0, 9, 1 ]
    }, {
      "vertices" : [ 0, 3, 9 ]
    }, {
      "vertices" : [ 13, 15, 16 ]
    }, {
      "vertices" : [ 6, 17, 14, 7 ]
    }, {
      "vertices" : [ 1, 10, 2 ]
    }, {
      "vertices" : [ 5, 6, 7 ]
    }, {
      "vertices" : [ 3, 8, 9 ]
    }, {
      "vertices" : [ 0, 2, 7, 14 ]
    }, {
      "vertices" : [ 5, 7, 12 ]
    }, {
      "vertices" : [ 2, 4, 12, 7 ]
    }, {
      "vertices" : [ 3, 4, 11, 8 ]
    }, {
      "vertices" : [ 2, 10, 11, 4 ]
    }, {
      "vertices" : [ 5, 12, 13 ]
    }, {
      "vertices" : [ 14, 17, 16, 15 ]
    } ]
  }, {
    "id" : "745be282-d107-4540-87af-c7e2b33e20ad",
    "orbit" : "blue",
    "name" : "b3",
    "vertices" : [ {
      "x" : 21.18034,
      "y" : 0.309017,
      "z" : 0.19098301
    }, {
      "x" : 21.18034,
      "y" : 0.309017,
      "z" : -0.19098301
    }, {
      "x" : 1.0,
      "y" : 0.309017,
      "z" : -0.19098301
    }, {
      "x" : 1.0,
      "y" : 0.309017,
      "z" : 0.19098301
    }, {
      "x" : 21.18034,
      "y" : -0.309017,
      "z" : 0.19098301
    }, {
      "x" : 1.0,
      "y" : -0.309017,
      "z" : 0.19098301
    }, {
      "x" : 1.0,
      "y" : -0.309017,
      "z" : -0.19098301
    }, {
      "x" : 21.18034,
      "y" : -0.309017,
      "z" : -0.19098301
    }, {
      "x" : 22.18034,
      "y" : 0.0,
      "z" : 0.0
    } ],
    "faces" : [ {
      "vertices" : [ 1, 7, 6, 2 ]
    }, {
      "vertices" : [ 0, 1, 2, 3 ]
    }, {
      "vertices" : [ 4, 5, 6, 7 ]
    }, {
      "vertices" : [ 0, 3, 5, 4 ]
    } ]
  }, {
    "id" : "28eccc38-3713-4161-ab8b-bf43b851d267",
    "orbit" : "yellow",
    "name" : "y3",
    "vertices" : [ {
      "x" : 0.809017,
      "y" : 0.0,
      "z" : -0.690983
    }, {
      "x" : 1.0,
      "y" : 0.309017,
      "z" : -0.19098301
    }, {
      "x" : 8.163119,
      "y" : 0.309017,
      "z" : -2.927051
    }, {
      "x" : 7.972136,
      "y" : 0.0,
      "z" : -3.427051
    }, {
      "x" : 16.944271,
      "y" : 0.309017,
      "z" : -6.663119
    }, {
      "x" : 1.0,
      "y" : -0.309017,
      "z" : -0.19098301
    }, {
      "x" : 8.163119,
      "y" : -0.309017,
      "z" : -2.927051
    }, {
      "x" : 9.781153,
      "y" : 0.309017,
      "z" : -3.927051
    }, {
      "x" : 9.972136,
      "y" : 0.0,
      "z" : -3.427051
    }, {
      "x" : 17.944271,
      "y" : 0.0,
      "z" : -6.854102
    }, {
      "x" : 9.781153,
      "y" : -0.309017,
      "z" : -3.927051
    }, {
      "x" : 17.135256,
      "y" : 0.0,
      "z" : -6.163119
    }, {
      "x" : 16.944271,
      "y" : -0.309017,
      "z" : -6.663119
    } ],
    "faces" : [ {
      "vertices" : [ 2, 6, 8 ]
    }, {
      "vertices" : [ 4, 12, 10, 7 ]
    }, {
      "vertices" : [ 2, 8, 7 ]
    }, {
      "vertices" : [ 3, 10, 6 ]
    }, {
      "vertices" : [ 3, 7, 10 ]
    }, {
      "vertices" : [ 0, 1, 2, 3 ]
    }, {
      "vertices" : [ 6, 10, 8 ]
    }, {
      "vertices" : [ 8, 10, 12, 11 ]
    }, {
      "vertices" : [ 2, 7, 3 ]
    }, {
      "vertices" : [ 0, 3, 6, 5 ]
    }, {
      "vertices" : [ 1, 5, 6, 2 ]
    }, {
      "vertices" : [ 4, 7, 8, 11 ]
    } ]
  }, {
    "id" : "3752468b-7c7b-4bb7-9823-21b199ec156f",
    "name" : "ball",
    "vertices" : [ {
      "x" : 0.309017,
      "y" : -0.809017,
      "z" : 0.618034
    }, {
      "x" : 0.809017,
      "y" : -0.618034,
      "z" : 0.309017
    }, {
      "x" : 0.618034,
      "y" : -0.309017,
      "z" : 0.809017
    }, {
      "x" : 1.0,
      "y" : 0.309017,
      "z" : 0.19098301
    }, {
      "x" : 0.809017,
      "y" : 0.618034,
      "z" : 0.309017
    }, {
      "x" : 0.618034,
      "y" : 0.309017,
      "z" : 0.809017
    }, {
      "x" : 0.809017,
      "y" : 0.0,
      "z" : 0.690983
    }, {
      "x" : 0.19098301,
      "y" : -1.0,
      "z" : 0.309017
    }, {
      "x" : -0.19098301,
      "y" : -1.0,
      "z" : 0.309017
    }, {
      "x" : -0.19098301,
      "y" : -1.0,
      "z" : -0.309017
    }, {
      "x" : 0.19098301,
      "y" : -1.0,
      "z" : -0.309017
    }, {
      "x" : 1.0,
      "y" : -0.309017,
      "z" : -0.19098301
    }, {
      "x" : 0.809017,
      "y" : -0.618034,
      "z" : -0.309017
    }, {
      "x" : 0.618034,
      "y" : -0.309017,
      "z" : -0.809017
    }, {
      "x" : 0.809017,
      "y" : 0.0,
      "z" : -0.690983
    }, {
      "x" : 0.0,
      "y" : 0.690983,
      "z" : -0.809017
    }, {
      "x" : 0.309017,
      "y" : 0.809017,
      "z" : -0.618034
    }, {
      "x" : 0.618034,
      "y" : 0.309017,
      "z" : -0.809017
    }, {
      "x" : 0.309017,
      "y" : 0.19098301,
      "z" : -1.0
    }, {
      "x" : 1.0,
      "y" : 0.309017,
      "z" : -0.19098301
    }, {
      "x" : -0.309017,
      "y" : -0.809017,
      "z" : 0.618034
    }, {
      "x" : 0.0,
      "y" : -0.690983,
      "z" : 0.809017
    }, {
      "x" : 0.809017,
      "y" : 0.618034,
      "z" : -0.309017
    }, {
      "x" : 0.690983,
      "y" : 0.809017,
      "z" : 0.0
    }, {
      "x" : -0.690983,
      "y" : 0.809017,
      "z" : 0.0
    }, {
      "x" : -0.809017,
      "y" : 0.618034,
      "z" : 0.309017
    }, {
      "x" : -0.309017,
      "y" : 0.809017,
      "z" : 0.618034
    }, {
      "x" : -0.19098301,
      "y" : 1.0,
      "z" : 0.309017
    }, {
      "x" : 0.309017,
      "y" : -0.19098301,
      "z" : -1.0
    }, {
      "x" : 0.19098301,
      "y" : 1.0,
      "z" : 0.309017
    }, {
      "x" : 0.309017,
      "y" : 0.809017,
      "z" : 0.618034
    }, {
      "x" : -0.809017,
      "y" : -0.618034,
      "z" : 0.309017
    }, {
      "x" : -0.690983,
      "y" : -0.809017,
      "z" : 0.0
    }, {
      "x" : 0.0,
      "y" : 0.690983,
      "z" : 0.809017
    }, {
      "x" : 0.309017,
      "y" : -0.809017,
      "z" : -0.618034
    }, {
      "x" : 0.0,
      "y" : -0.690983,
      "z" : -0.809017
    }, {
      "x" : -1.0,
      "y" : 0.309017,
      "z" : 0.19098301
    }, {
      "x" : -0.809017,
      "y" : 0.0,
      "z" : 0.690983
    }, {
      "x" : -0.618034,
      "y" : 0.309017,
      "z" : 0.809017
    }, {
      "x" : 1.0,
      "y" : -0.309017,
      "z" : 0.19098301
    }, {
      "x" : -0.309017,
      "y" : -0.809017,
      "z" : -0.618034
    }, {
      "x" : -1.0,
      "y" : 0.309017,
      "z" : -0.19098301
    }, {
      "x" : -1.0,
      "y" : -0.309017,
      "z" : -0.19098301
    }, {
      "x" : -1.0,
      "y" : -0.309017,
      "z" : 0.19098301
    }, {
      "x" : 0.19098301,
      "y" : 1.0,
      "z" : -0.309017
    }, {
      "x" : -0.809017,
      "y" : 0.618034,
      "z" : -0.309017
    }, {
      "x" : -0.19098301,
      "y" : 1.0,
      "z" : -0.309017
    }, {
      "x" : -0.309017,
      "y" : 0.809017,
      "z" : -0.618034
    }, {
      "x" : -0.618034,
      "y" : -0.309017,
      "z" : 0.809017
    }, {
      "x" : 0.309017,
      "y" : 0.19098301,
      "z" : 1.0
    }, {
      "x" : -0.309017,
      "y" : 0.19098301,
      "z" : -1.0
    }, {
      "x" : -0.309017,
      "y" : 0.19098301,
      "z" : 1.0
    }, {
      "x" : -0.309017,
      "y" : -0.19098301,
      "z" : 1.0
    }, {
      "x" : 0.309017,
      "y" : -0.19098301,
      "z" : 1.0
    }, {
      "x" : 0.690983,
      "y" : -0.809017,
      "z" : 0.0
    }, {
      "x" : -0.809017,
      "y" : 0.0,
      "z" : -0.690983
    }, {
      "x" : -0.618034,
      "y" : -0.309017,
      "z" : -0.809017
    }, {
      "x" : -0.309017,
      "y" : -0.19098301,
      "z" : -1.0
    }, {
      "x" : -0.618034,
      "y" : 0.309017,
      "z" : -0.809017
    }, {
      "x" : -0.809017,
      "y" : -0.618034,
      "z" : -0.309017
    } ],
    "faces" : [ {
      "vertices" : [ 9, 40, 35, 34, 10 ]
    }, {
      "vertices" : [ 0, 1, 2 ]
    }, {
      "vertices" : [ 33, 51, 49 ]
    }, {
      "vertices" : [ 25, 36, 37, 38 ]
    }, {
      "vertices" : [ 41, 55, 42 ]
    }, {
      "vertices" : [ 9, 32, 59, 40 ]
    }, {
      "vertices" : [ 20, 21, 52, 48 ]
    }, {
      "vertices" : [ 26, 33, 30, 29, 27 ]
    }, {
      "vertices" : [ 3, 4, 5, 6 ]
    }, {
      "vertices" : [ 27, 29, 44, 46 ]
    }, {
      "vertices" : [ 50, 57, 56, 55, 58 ]
    }, {
      "vertices" : [ 26, 38, 51, 33 ]
    }, {
      "vertices" : [ 45, 47, 58 ]
    }, {
      "vertices" : [ 18, 28, 57, 50 ]
    }, {
      "vertices" : [ 40, 59, 56 ]
    }, {
      "vertices" : [ 31, 48, 37, 43 ]
    }, {
      "vertices" : [ 7, 8, 9, 10 ]
    }, {
      "vertices" : [ 36, 41, 42, 43 ]
    }, {
      "vertices" : [ 24, 46, 47, 45 ]
    }, {
      "vertices" : [ 4, 30, 5 ]
    }, {
      "vertices" : [ 15, 47, 46, 44, 16 ]
    }, {
      "vertices" : [ 15, 50, 58, 47 ]
    }, {
      "vertices" : [ 24, 45, 41, 36, 25 ]
    }, {
      "vertices" : [ 11, 14, 19 ]
    }, {
      "vertices" : [ 3, 6, 39 ]
    }, {
      "vertices" : [ 1, 39, 6, 2 ]
    }, {
      "vertices" : [ 8, 32, 9 ]
    }, {
      "vertices" : [ 11, 12, 13, 14 ]
    }, {
      "vertices" : [ 16, 22, 17 ]
    }, {
      "vertices" : [ 0, 21, 20, 8, 7 ]
    }, {
      "vertices" : [ 12, 34, 13 ]
    }, {
      "vertices" : [ 35, 40, 56, 57 ]
    }, {
      "vertices" : [ 0, 7, 54, 1 ]
    }, {
      "vertices" : [ 15, 16, 17, 18 ]
    }, {
      "vertices" : [ 3, 19, 22, 23, 4 ]
    }, {
      "vertices" : [ 7, 10, 54 ]
    }, {
      "vertices" : [ 41, 45, 58, 55 ]
    }, {
      "vertices" : [ 3, 39, 11, 19 ]
    }, {
      "vertices" : [ 14, 17, 22, 19 ]
    }, {
      "vertices" : [ 0, 2, 53, 21 ]
    }, {
      "vertices" : [ 49, 51, 52, 53 ]
    }, {
      "vertices" : [ 31, 43, 42, 59, 32 ]
    }, {
      "vertices" : [ 15, 18, 50 ]
    }, {
      "vertices" : [ 42, 55, 56, 59 ]
    }, {
      "vertices" : [ 4, 23, 29, 30 ]
    }, {
      "vertices" : [ 25, 38, 26 ]
    }, {
      "vertices" : [ 13, 28, 18, 17, 14 ]
    }, {
      "vertices" : [ 8, 20, 31, 32 ]
    }, {
      "vertices" : [ 23, 44, 29 ]
    }, {
      "vertices" : [ 24, 27, 46 ]
    }, {
      "vertices" : [ 37, 48, 52, 51, 38 ]
    }, {
      "vertices" : [ 20, 48, 31 ]
    }, {
      "vertices" : [ 24, 25, 26, 27 ]
    }, {
      "vertices" : [ 16, 44, 23, 22 ]
    }, {
      "vertices" : [ 13, 34, 35, 28 ]
    }, {
      "vertices" : [ 10, 34, 12, 54 ]
    }, {
      "vertices" : [ 2, 6, 5, 49, 53 ]
    }, {
      "vertices" : [ 36, 43, 37 ]
    }, {
      "vertices" : [ 5, 30, 33, 49 ]
    }, {
      "vertices" : [ 1, 54, 12, 11, 39 ]
    }, {
      "vertices" : [ 28, 35, 57 ]
    }, {
      "vertices" : [ 21, 53, 52 ]
    } ]
  } ],
  "instances" : [ {
    "shape" : "6a4c0ce7-2905-4c1f-8d14-076c8209d0e0",
    "color" : "#008D36",
    "position" : {
      "x" : 44.36068,
      "y" : 0.0,
      "z" : -22.18034
    },
    "orientation" : 7
  }, {
    "shape" : "6a4c0ce7-2905-4c1f-8d14-076c8209d0e0",
    "color" : "#008D36",
    "position" : {
      "x" : -22.18034,
      "y" : 0.0,
      "z" : 0.0
    },
    "orientation" : 6
  }, {
    "shape" : "745be282-d107-4540-87af-c7e2b33e20ad",
    "color" : "#007695",
    "position" : {
      "x" : -11.09017,
      "y" : 33.27051,
      "z" : 33.27051
    },
    "orientation" : 16
  }, {
    "shape" : "28eccc38-3713-4161-ab8b-bf43b851d267",
    "color" : "#F0A000",
    "position" : {
      "x" : 0.0,
      "y" : 44.36068,
      "z" : 0.0
    },
    "orientation" : 19
  }, {
    "shape" : "28eccc38-3713-4161-ab8b-bf43b851d267",
    "color" : "#F0A000",
    "position" : {
      "x" : 22.18034,
      "y" : 0.0,
      "z" : 44.36068
    },
    "orientation" : 24
  }, {
    "shape" : "3752468b-7c7b-4bb7-9823-21b199ec156f",
    "color" : "#FFFFFF",
    "position" : {
      "x" : 11.09017,
      "y" : -33.27051,
      "z" : 11.09017
    }
  }, {
    "shape" : "745be282-d107-4540-87af-c7e2b33e20ad",
    "color" : "#007695",
    "position" : {
      "x" : -11.09017,
      "y" : 33.27051,
      "z" : -11.09017
    },
    "orientation" : 0
  }, {
    "shape" : "28eccc38-3713-4161-ab8b-bf43b851d267",
    "color" : "#F0A000",
    "position" : {
      "x" : 0.0,
      "y" : -22.18034,
      "z" : 0.0
    },
    "orientation" : 5
  }, {
    "shape" : "28eccc38-3713-4161-ab8b-bf43b851d267",
    "color" : "#F0A000",
    "position" : {
      "x" : 0.0,
      "y" : 22.18034,
      "z" : 44.36068
    },
    "orientation" : 54
  }, {
    "shape" : "28eccc38-3713-4161-ab8b-bf43b851d267",
    "color" : "#F0A000",
    "position" : {
      "x" : 44.36068,
      "y" : -22.18034,
      "z" : 0.0
    },
    "orientation" : 39
  }, {
    "shape" : "745be282-d107-4540-87af-c7e2b33e20ad",
    "color" : "#007695",
    "position" : {
      "x" : -33.27051,
      "y" : -33.27051,
      "z" : 11.09017
    },
    "orientation" : 0
  }, {
    "shape" : "6a4c0ce7-2905-4c1f-8d14-076c8209d0e0",
    "color" : "#008D36",
    "position" : {
      "x" : 33.27051,
      "y" : 11.09017,
      "z" : -33.27051
    },
    "orientation" : 51
  }, {
    "shape" : "28eccc38-3713-4161-ab8b-bf43b851d267",
    "color" : "#F0A000",
    "position" : {
      "x" : 0.0,
      "y" : 0.0,
      "z" : -44.36068
    },
    "orientation" : 39
  }, {
    "shape" : "28eccc38-3713-4161-ab8b-bf43b851d267",
    "color" : "#F0A000",
    "position" : {
      "x" : 22.18034,
      "y" : 0.0,
      "z" : 44.36068
    },
    "orientation" : 3
  }, {
    "shape" : "3752468b-7c7b-4bb7-9823-21b199ec156f",
    "color" : "#FFFFFF",
    "position" : {
      "x" : 44.36068,
      "y" : -22.18034,
      "z" : 0.0
    }
  }, {
    "shape" : "28eccc38-3713-4161-ab8b-bf43b851d267",
    "color" : "#F0A000",
    "position" : {
      "x" : 44.36068,
      "y" : 22.18034,
      "z" : 0.0
    },
    "orientation" : 54
  }, {
    "shape" : "745be282-d107-4540-87af-c7e2b33e20ad",
    "color" : "#007695",
    "position" : {
      "x" : 33.27051,
      "y" : 11.09017,
      "z" : -33.27051
    },
    "orientation" : 45
  }, {
    "shape" : "28eccc38-3713-4161-ab8b-bf43b851d267",
    "color" : "#F0A000",
    "position" : {
      "x" : -44.36068,
      "y" : -22.18034,
      "z" : 0.0
    },
    "orientation" : 5
  }, {
    "shape" : "3752468b-7c7b-4bb7-9823-21b199ec156f",
    "color" : "#FFFFFF",
    "position" : {
      "x" : -33.27051,
      "y" : 11.09017,
      "z" : -11.09017
    }
  }, {
    "shape" : "28eccc38-3713-4161-ab8b-bf43b851d267",
    "color" : "#F0A000",
    "position" : {
      "x" : 0.0,
      "y" : -22.18034,
      "z" : 0.0
    },
    "orientation" : 19
  }, {
    "shape" : "745be282-d107-4540-87af-c7e2b33e20ad",
    "color" : "#007695",
    "position" : {
      "x" : 33.27051,
      "y" : 11.09017,
      "z" : 11.09017
    },
    "orientation" : 2
  }, {
    "shape" : "745be282-d107-4540-87af-c7e2b33e20ad",
    "color" : "#007695",
    "position" : {
      "x" : -11.09017,
      "y" : -11.09017,
      "z" : -33.27051
    },
    "orientation" : 1
  }, {
    "shape" : "745be282-d107-4540-87af-c7e2b33e20ad",
    "color" : "#007695",
    "position" : {
      "x" : 0.0,
      "y" : 0.0,
      "z" : -44.36068
    },
    "orientation" : 16
  }, {
    "shape" : "3752468b-7c7b-4bb7-9823-21b199ec156f",
    "color" : "#FFFFFF",
    "position" : {
      "x" : -44.36068,
      "y" : -22.18034,
      "z" : 0.0
    }
  }, {
    "shape" : "3752468b-7c7b-4bb7-9823-21b199ec156f",
    "color" : "#FFFFFF",
    "position" : {
      "x" : 33.27051,
      "y" : -11.09017,
      "z" : 33.27051
    }
  }, {
    "shape" : "28eccc38-3713-4161-ab8b-bf43b851d267",
    "color" : "#F0A000",
    "position" : {
      "x" : 0.0,
      "y" : 0.0,
      "z" : 44.36068
    },
    "orientation" : 54
  }, {
    "shape" : "3752468b-7c7b-4bb7-9823-21b199ec156f",
    "color" : "#FFFFFF",
    "position" : {
      "x" : -33.27051,
      "y" : 11.09017,
      "z" : 33.27051
    }
  }, {
    "shape" : "6a4c0ce7-2905-4c1f-8d14-076c8209d0e0",
    "color" : "#008D36",
    "position" : {
      "x" : -33.27051,
      "y" : -33.27051,
      "z" : -11.09017
    },
    "orientation" : 23
  }, {
    "shape" : "28eccc38-3713-4161-ab8b-bf43b851d267",
    "color" : "#F0A000",
    "position" : {
      "x" : -22.18034,
      "y" : 0.0,
      "z" : 44.36068
    },
    "orientation" : 19
  }, {
    "shape" : "6a4c0ce7-2905-4c1f-8d14-076c8209d0e0",
    "color" : "#008D36",
    "position" : {
      "x" : 33.27051,
      "y" : -11.09017,
      "z" : 11.09017
    },
    "orientation" : 38
  }, {
    "shape" : "745be282-d107-4540-87af-c7e2b33e20ad",
    "color" : "#007695",
    "position" : {
      "x" : 22.18034,
      "y" : 44.36068,
      "z" : 0.0
    },
    "orientation" : 45
  }, {
    "shape" : "28eccc38-3713-4161-ab8b-bf43b851d267",
    "color" : "#F0A000",
    "position" : {
      "x" : -44.36068,
      "y" : 0.0,
      "z" : 0.0
    },
    "orientation" : 9
  }, {
    "shape" : "28eccc38-3713-4161-ab8b-bf43b851d267",
    "color" : "#F0A000",
    "position" : {
      "x" : -22.18034,
      "y" : 0.0,
      "z" : 0.0
    },
    "orientation" : 54
  }, {
    "shape" : "6a4c0ce7-2905-4c1f-8d14-076c8209d0e0",
    "color" : "#008D36",
    "position" : {
      "x" : 11.09017,
      "y" : 33.27051,
      "z" : -11.09017
    },
    "orientation" : 22
  }, {
    "shape" : "3752468b-7c7b-4bb7-9823-21b199ec156f",
    "color" : "#FFFFFF",
    "position" : {
      "x" : 22.18034,
      "y" : 0.0,
      "z" : 44.36068
    }
  }, {
    "shape" : "6a4c0ce7-2905-4c1f-8d14-076c8209d0e0",
    "color" : "#008D36",
    "position" : {
      "x" : 33.27051,
      "y" : 33.27051,
      "z" : 11.09017
    },
    "orientation" : 37
  }, {
    "shape" : "6a4c0ce7-2905-4c1f-8d14-076c8209d0e0",
    "color" : "#008D36",
    "position" : {
      "x" : -33.27051,
      "y" : 11.09017,
      "z" : 33.27051
    },
    "orientation" : 6
  }, {
    "shape" : "28eccc38-3713-4161-ab8b-bf43b851d267",
    "color" : "#F0A000",
    "position" : {
      "x" : 0.0,
      "y" : 22.18034,
      "z" : 0.0
    },
    "orientation" : 3
  }, {
    "shape" : "6a4c0ce7-2905-4c1f-8d14-076c8209d0e0",
    "color" : "#008D36",
    "position" : {
      "x" : 0.0,
      "y" : 0.0,
      "z" : 22.18034
    },
    "orientation" : 22
  }, {
    "shape" : "3752468b-7c7b-4bb7-9823-21b199ec156f",
    "color" : "#FFFFFF",
    "position" : {
      "x" : -11.09017,
      "y" : -11.09017,
      "z" : -33.27051
    }
  }, {
    "shape" : "745be282-d107-4540-87af-c7e2b33e20ad",
    "color" : "#007695",
    "position" : {
      "x" : -33.27051,
      "y" : -33.27051,
      "z" : -11.09017
    },
    "orientation" : 1
  }, {
    "shape" : "745be282-d107-4540-87af-c7e2b33e20ad",
    "color" : "#007695",
    "position" : {
      "x" : 33.27051,
      "y" : -11.09017,
      "z" : -33.27051
    },
    "orientation" : 1
  }, {
    "shape" : "3752468b-7c7b-4bb7-9823-21b199ec156f",
    "color" : "#FFFFFF",
    "position" : {
      "x" : -33.27051,
      "y" : -11.09017,
      "z" : 33.27051
    }
  }, {
    "shape" : "28eccc38-3713-4161-ab8b-bf43b851d267",
    "color" : "#F0A000",
    "position" : {
      "x" : 22.18034,
      "y" : 0.0,
      "z" : -44.36068
    },
    "orientation" : 9
  }, {
    "shape" : "28eccc38-3713-4161-ab8b-bf43b851d267",
    "color" : "#F0A000",
    "position" : {
      "x" : 22.18034,
      "y" : 0.0,
      "z" : -44.36068
    },
    "orientation" : 5
  }, {
    "shape" : "745be282-d107-4540-87af-c7e2b33e20ad",
    "color" : "#007695",
    "position" : {
      "x" : 33.27051,
      "y" : -11.09017,
      "z" : -11.09017
    },
    "orientation" : 2
  }, {
    "shape" : "6a4c0ce7-2905-4c1f-8d14-076c8209d0e0",
    "color" : "#008D36",
    "position" : {
      "x" : -22.18034,
      "y" : 44.36068,
      "z" : 0.0
    },
    "orientation" : 23
  }, {
    "shape" : "6a4c0ce7-2905-4c1f-8d14-076c8209d0e0",
    "color" : "#008D36",
    "position" : {
      "x" : 33.27051,
      "y" : 11.09017,
      "z" : -11.09017
    },
    "orientation" : 51
  }, {
    "shape" : "745be282-d107-4540-87af-c7e2b33e20ad",
    "color" : "#007695",
    "position" : {
      "x" : -33.27051,
      "y" : 33.27051,
      "z" : 11.09017
    },
    "orientation" : 0
  }, {
    "shape" : "745be282-d107-4540-87af-c7e2b33e20ad",
    "color" : "#007695",
    "position" : {
      "x" : 11.09017,
      "y" : -33.27051,
      "z" : 11.09017
    },
    "orientation" : 2
  }, {
    "shape" : "28eccc38-3713-4161-ab8b-bf43b851d267",
    "color" : "#F0A000",
    "position" : {
      "x" : 0.0,
      "y" : -22.18034,
      "z" : -44.36068
    },
    "orientation" : 5
  }, {
    "shape" : "3752468b-7c7b-4bb7-9823-21b199ec156f",
    "color" : "#FFFFFF",
    "position" : {
      "x" : 11.09017,
      "y" : -33.27051,
      "z" : 33.27051
    }
  }, {
    "shape" : "28eccc38-3713-4161-ab8b-bf43b851d267",
    "color" : "#F0A000",
    "position" : {
      "x" : -44.36068,
      "y" : 0.0,
      "z" : -22.18034
    },
    "orientation" : 3
  }, {
    "shape" : "28eccc38-3713-4161-ab8b-bf43b851d267",
    "color" : "#F0A000",
    "position" : {
      "x" : 0.0,
      "y" : 0.0,
      "z" : -22.18034
    },
    "orientation" : 24
  }, {
    "shape" : "28eccc38-3713-4161-ab8b-bf43b851d267",
    "color" : "#F0A000",
    "position" : {
      "x" : 0.0,
      "y" : 0.0,
      "z" : -22.18034
    },
    "orientation" : 19
  }, {
    "shape" : "6a4c0ce7-2905-4c1f-8d14-076c8209d0e0",
    "color" : "#008D36",
    "position" : {
      "x" : 44.36068,
      "y" : 0.0,
      "z" : -22.18034
    },
    "orientation" : 37
  }, {
    "shape" : "6a4c0ce7-2905-4c1f-8d14-076c8209d0e0",
    "color" : "#008D36",
    "position" : {
      "x" : 0.0,
      "y" : 0.0,
      "z" : -22.18034
    },
    "orientation" : 37
  }, {
    "shape" : "745be282-d107-4540-87af-c7e2b33e20ad",
    "color" : "#007695",
    "position" : {
      "x" : 33.27051,
      "y" : -11.09017,
      "z" : 33.27051
    },
    "orientation" : 1
  }, {
    "shape" : "745be282-d107-4540-87af-c7e2b33e20ad",
    "color" : "#007695",
    "position" : {
      "x" : -33.27051,
      "y" : -33.27051,
      "z" : -11.09017
    },
    "orientation" : 2
  }, {
    "shape" : "3752468b-7c7b-4bb7-9823-21b199ec156f",
    "color" : "#FFFFFF",
    "position" : {
      "x" : -11.09017,
      "y" : 33.27051,
      "z" : 33.27051
    }
  }, {
    "shape" : "745be282-d107-4540-87af-c7e2b33e20ad",
    "color" : "#007695",
    "position" : {
      "x" : 33.27051,
      "y" : -11.09017,
      "z" : 11.09017
    },
    "orientation" : 2
  }, {
    "shape" : "3752468b-7c7b-4bb7-9823-21b199ec156f",
    "color" : "#FFFFFF",
    "position" : {
      "x" : -33.27051,
      "y" : 11.09017,
      "z" : 11.09017
    }
  }, {
    "shape" : "3752468b-7c7b-4bb7-9823-21b199ec156f",
    "color" : "#FFFFFF",
    "position" : {
      "x" : 0.0,
      "y" : 22.18034,
      "z" : 44.36068
    }
  }, {
    "shape" : "28eccc38-3713-4161-ab8b-bf43b851d267",
    "color" : "#F0A000",
    "position" : {
      "x" : -22.18034,
      "y" : 0.0,
      "z" : -44.36068
    },
    "orientation" : 4
  }, {
    "shape" : "3752468b-7c7b-4bb7-9823-21b199ec156f",
    "color" : "#FFFFFF",
    "position" : {
      "x" : 44.36068,
      "y" : 0.0,
      "z" : 22.18034
    }
  }, {
    "shape" : "745be282-d107-4540-87af-c7e2b33e20ad",
    "color" : "#007695",
    "position" : {
      "x" : 0.0,
      "y" : 0.0,
      "z" : 44.36068
    },
    "orientation" : 16
  }, {
    "shape" : "28eccc38-3713-4161-ab8b-bf43b851d267",
    "color" : "#F0A000",
    "position" : {
      "x" : 0.0,
      "y" : 0.0,
      "z" : -44.36068
    },
    "orientation" : 4
  }, {
    "shape" : "6a4c0ce7-2905-4c1f-8d14-076c8209d0e0",
    "color" : "#008D36",
    "position" : {
      "x" : -33.27051,
      "y" : -33.27051,
      "z" : -11.09017
    },
    "orientation" : 52
  }, {
    "shape" : "6a4c0ce7-2905-4c1f-8d14-076c8209d0e0",
    "color" : "#008D36",
    "position" : {
      "x" : 33.27051,
      "y" : -33.27051,
      "z" : 11.09017
    },
    "orientation" : 38
  }, {
    "shape" : "745be282-d107-4540-87af-c7e2b33e20ad",
    "color" : "#007695",
    "position" : {
      "x" : 33.27051,
      "y" : -33.27051,
      "z" : -11.09017
    },
    "orientation" : 45
  }, {
    "shape" : "745be282-d107-4540-87af-c7e2b33e20ad",
    "color" : "#007695",
    "position" : {
      "x" : -44.36068,
      "y" : 0.0,
      "z" : 0.0
    },
    "orientation" : 47
  }, {
    "shape" : "745be282-d107-4540-87af-c7e2b33e20ad",
    "color" : "#007695",
    "position" : {
      "x" : -11.09017,
      "y" : -33.27051,
      "z" : -11.09017
    },
    "orientation" : 2
  }, {
    "shape" : "745be282-d107-4540-87af-c7e2b33e20ad",
    "color" : "#007695",
    "position" : {
      "x" : -33.27051,
      "y" : 11.09017,
      "z" : 33.27051
    },
    "orientation" : 0
  }, {
    "shape" : "6a4c0ce7-2905-4c1f-8d14-076c8209d0e0",
    "color" : "#008D36",
    "position" : {
      "x" : -22.18034,
      "y" : 0.0,
      "z" : 0.0
    },
    "orientation" : 21
  }, {
    "shape" : "28eccc38-3713-4161-ab8b-bf43b851d267",
    "color" : "#F0A000",
    "position" : {
      "x" : 44.36068,
      "y" : 0.0,
      "z" : -22.18034
    },
    "orientation" : 19
  }, {
    "shape" : "3752468b-7c7b-4bb7-9823-21b199ec156f",
    "color" : "#FFFFFF",
    "position" : {
      "x" : -33.27051,
      "y" : -11.09017,
      "z" : 11.09017
    }
  }, {
    "shape" : "28eccc38-3713-4161-ab8b-bf43b851d267",
    "color" : "#F0A000",
    "position" : {
      "x" : 44.36068,
      "y" : 0.0,
      "z" : 22.18034
    },
    "orientation" : 39
  }, {
    "shape" : "28eccc38-3713-4161-ab8b-bf43b851d267",
    "color" : "#F0A000",
    "position" : {
      "x" : 0.0,
      "y" : -44.36068,
      "z" : 0.0
    },
    "orientation" : 9
  }, {
    "shape" : "745be282-d107-4540-87af-c7e2b33e20ad",
    "color" : "#007695",
    "position" : {
      "x" : -33.27051,
      "y" : -11.09017,
      "z" : 33.27051
    },
    "orientation" : 0
  }, {
    "shape" : "3752468b-7c7b-4bb7-9823-21b199ec156f",
    "color" : "#FFFFFF",
    "position" : {
      "x" : -11.09017,
      "y" : -33.27051,
      "z" : 33.27051
    }
  }, {
    "shape" : "28eccc38-3713-4161-ab8b-bf43b851d267",
    "color" : "#F0A000",
    "position" : {
      "x" : 0.0,
      "y" : -44.36068,
      "z" : -22.18034
    },
    "orientation" : 54
  }, {
    "shape" : "6a4c0ce7-2905-4c1f-8d14-076c8209d0e0",
    "color" : "#008D36",
    "position" : {
      "x" : -22.18034,
      "y" : 0.0,
      "z" : -44.36068
    },
    "orientation" : 6
  }, {
    "shape" : "745be282-d107-4540-87af-c7e2b33e20ad",
    "color" : "#007695",
    "position" : {
      "x" : 11.09017,
      "y" : 33.27051,
      "z" : 11.09017
    },
    "orientation" : 2
  }, {
    "shape" : "3752468b-7c7b-4bb7-9823-21b199ec156f",
    "color" : "#FFFFFF",
    "position" : {
      "x" : 44.36068,
      "y" : 0.0,
      "z" : -22.18034
    }
  }, {
    "shape" : "6a4c0ce7-2905-4c1f-8d14-076c8209d0e0",
    "color" : "#008D36",
    "position" : {
      "x" : 22.18034,
      "y" : 0.0,
      "z" : 0.0
    },
    "orientation" : 53
  }, {
    "shape" : "6a4c0ce7-2905-4c1f-8d14-076c8209d0e0",
    "color" : "#008D36",
    "position" : {
      "x" : -33.27051,
      "y" : -11.09017,
      "z" : -11.09017
    },
    "orientation" : 23
  }, {
    "shape" : "745be282-d107-4540-87af-c7e2b33e20ad",
    "color" : "#007695",
    "position" : {
      "x" : -33.27051,
      "y" : -33.27051,
      "z" : 11.09017
    },
    "orientation" : 1
  }, {
    "shape" : "3752468b-7c7b-4bb7-9823-21b199ec156f",
    "color" : "#FFFFFF",
    "position" : {
      "x" : 33.27051,
      "y" : -11.09017,
      "z" : -11.09017
    }
  }, {
    "shape" : "28eccc38-3713-4161-ab8b-bf43b851d267",
    "color" : "#F0A000",
    "position" : {
      "x" : -22.18034,
      "y" : 0.0,
      "z" : 0.0
    },
    "orientation" : 39
  }, {
    "shape" : "3752468b-7c7b-4bb7-9823-21b199ec156f",
    "color" : "#FFFFFF",
    "position" : {
      "x" : 11.09017,
      "y" : -11.09017,
      "z" : -33.27051
    }
  }, {
    "shape" : "745be282-d107-4540-87af-c7e2b33e20ad",
    "color" : "#007695",
    "position" : {
      "x" : -11.09017,
      "y" : 33.27051,
      "z" : -33.27051
    },
    "orientation" : 0
  }, {
    "shape" : "3752468b-7c7b-4bb7-9823-21b199ec156f",
    "color" : "#FFFFFF",
    "position" : {
      "x" : -33.27051,
      "y" : 11.09017,
      "z" : -33.27051
    }
  }, {
    "shape" : "28eccc38-3713-4161-ab8b-bf43b851d267",
    "color" : "#F0A000",
    "position" : {
      "x" : 0.0,
      "y" : 22.18034,
      "z" : 0.0
    },
    "orientation" : 54
  }, {
    "shape" : "745be282-d107-4540-87af-c7e2b33e20ad",
    "color" : "#007695",
    "position" : {
      "x" : -11.09017,
      "y" : 33.27051,
      "z" : -33.27051
    },
    "orientation" : 16
  }, {
    "shape" : "745be282-d107-4540-87af-c7e2b33e20ad",
    "color" : "#007695",
    "position" : {
      "x" : -11.09017,
      "y" : 11.09017,
      "z" : -33.27051
    },
    "orientation" : 0
  }, {
    "shape" : "6a4c0ce7-2905-4c1f-8d14-076c8209d0e0",
    "color" : "#008D36",
    "position" : {
      "x" : 22.18034,
      "y" : 0.0,
      "z" : 44.36068
    },
    "orientation" : 36
  }, {
    "shape" : "3752468b-7c7b-4bb7-9823-21b199ec156f",
    "color" : "#FFFFFF",
    "position" : {
      "x" : 22.18034,
      "y" : -44.36068,
      "z" : 0.0
    }
  }, {
    "shape" : "28eccc38-3713-4161-ab8b-bf43b851d267",
    "color" : "#F0A000",
    "position" : {
      "x" : 44.36068,
      "y" : 22.18034,
      "z" : 0.0
    },
    "orientation" : 4
  }, {
    "shape" : "745be282-d107-4540-87af-c7e2b33e20ad",
    "color" : "#007695",
    "position" : {
      "x" : -22.18034,
      "y" : 44.36068,
      "z" : 0.0
    },
    "orientation" : 0
  }, {
    "shape" : "28eccc38-3713-4161-ab8b-bf43b851d267",
    "color" : "#F0A000",
    "position" : {
      "x" : 22.18034,
      "y" : 0.0,
      "z" : 0.0
    },
    "orientation" : 24
  }, {
    "shape" : "3752468b-7c7b-4bb7-9823-21b199ec156f",
    "color" : "#FFFFFF",
    "position" : {
      "x" : -22.18034,
      "y" : 0.0,
      "z" : 44.36068
    }
  }, {
    "shape" : "28eccc38-3713-4161-ab8b-bf43b851d267",
    "color" : "#F0A000",
    "position" : {
      "x" : -22.18034,
      "y" : -44.36068,
      "z" : 0.0
    },
    "orientation" : 54
  }, {
    "shape" : "745be282-d107-4540-87af-c7e2b33e20ad",
    "color" : "#007695",
    "position" : {
      "x" : 33.27051,
      "y" : -11.09017,
      "z" : -11.09017
    },
    "orientation" : 1
  }, {
    "shape" : "3752468b-7c7b-4bb7-9823-21b199ec156f",
