{
  "polygons" : "true",
  "field" : "golden",
  "symmetry" : "icosahedral",
  "orientations" : [ [ 1.0, 0.0, 0.0, 0.0, 0.0, 1.0, 0.0, 0.0, 0.0, 0.0, 1.0, 0.0, 0.0, 0.0, 0.0, 1.0 ], [ 0.0, 0.0, 1.0, 0.0, 1.0, 0.0, 0.0, 0.0, 0.0, 1.0, 0.0, 0.0, 0.0, 0.0, 0.0, 1.0 ], [ 0.0, 1.0, 0.0, 0.0, 0.0, 0.0, 1.0, 0.0, 1.0, 0.0, 0.0, 0.0, 0.0, 0.0, 0.0, 1.0 ], [ 0.809017, 0.309017, 0.5, 0.0, 0.309017, 0.5, -0.809017, 0.0, -0.5, 0.809017, 0.309017, 0.0, 0.0, 0.0, 0.0, 1.0 ], [ -0.5, 0.809017, 0.309017, 0.0, 0.809017, 0.309017, 0.5, 0.0, 0.309017, 0.5, -0.809017, 0.0, 0.0, 0.0, 0.0, 1.0 ], [ 0.309017, 0.5, -0.809017, 0.0, -0.5, 0.809017, 0.309017, 0.0, 0.809017, 0.309017, 0.5, 0.0, 0.0, 0.0, 0.0, 1.0 ], [ 0.5, 0.809017, 0.309017, 0.0, 0.809017, -0.309017, -0.5, 0.0, -0.309017, 0.5, -0.809017, 0.0, 0.0, 0.0, 0.0, 1.0 ], [ -0.309017, 0.5, -0.809017, 0.0, 0.5, 0.809017, 0.309017, 0.0, 0.809017, -0.309017, -0.5, 0.0, 0.0, 0.0, 0.0, 1.0 ], [ 0.809017, -0.309017, -0.5, 0.0, -0.309017, 0.5, -0.809017, 0.0, 0.5, 0.809017, 0.309017, 0.0, 0.0, 0.0, 0.0, 1.0 ], [ 0.5, 0.809017, -0.309017, 0.0, 0.809017, -0.309017, 0.5, 0.0, 0.309017, -0.5, -0.809017, 0.0, 0.0, 0.0, 0.0, 1.0 ], [ 0.309017, -0.5, -0.809017, 0.0, 0.5, 0.809017, -0.309017, 0.0, 0.809017, -0.309017, 0.5, 0.0, 0.0, 0.0, 0.0, 1.0 ], [ 0.809017, -0.309017, 0.5, 0.0, 0.309017, -0.5, -0.809017, 0.0, 0.5, 0.809017, -0.309017, 0.0, 0.0, 0.0, 0.0, 1.0 ], [ 0.809017, 0.309017, -0.5, 0.0, 0.309017, 0.5, 0.809017, 0.0, 0.5, -0.809017, 0.309017, 0.0, 0.0, 0.0, 0.0, 1.0 ], [ 0.5, -0.809017, 0.309017, 0.0, 0.809017, 0.309017, -0.5, 0.0, 0.309017, 0.5, 0.809017, 0.0, 0.0, 0.0, 0.0, 1.0 ], [ 0.309017, 0.5, 0.809017, 0.0, 0.5, -0.809017, 0.309017, 0.0, 0.809017, 0.309017, -0.5, 0.0, 0.0, 0.0, 0.0, 1.0 ], [ 1.0, 0.0, 0.0, 0.0, 0.0, -1.0, 0.0, 0.0, 0.0, 0.0, -1.0, 0.0, 0.0, 0.0, 0.0, 1.0 ], [ 0.0, 0.0, 1.0, 0.0, -1.0, 0.0, 0.0, 0.0, 0.0, -1.0, 0.0, 0.0, 0.0, 0.0, 0.0, 1.0 ], [ 0.0, 1.0, 0.0, 0.0, 0.0, 0.0, -1.0, 0.0, -1.0, 0.0, 0.0, 0.0, 0.0, 0.0, 0.0, 1.0 ], [ 0.809017, 0.309017, 0.5, 0.0, -0.309017, -0.5, 0.809017, 0.0, 0.5, -0.809017, -0.309017, 0.0, 0.0, 0.0, 0.0, 1.0 ], [ -0.5, 0.809017, 0.309017, 0.0, -0.809017, -0.309017, -0.5, 0.0, -0.309017, -0.5, 0.809017, 0.0, 0.0, 0.0, 0.0, 1.0 ], [ 0.309017, 0.5, -0.809017, 0.0, 0.5, -0.809017, -0.309017, 0.0, -0.809017, -0.309017, -0.5, 0.0, 0.0, 0.0, 0.0, 1.0 ], [ 0.5, 0.809017, 0.309017, 0.0, -0.809017, 0.309017, 0.5, 0.0, 0.309017, -0.5, 0.809017, 0.0, 0.0, 0.0, 0.0, 1.0 ], [ -0.309017, 0.5, -0.809017, 0.0, -0.5, -0.809017, -0.309017, 0.0, -0.809017, 0.309017, 0.5, 0.0, 0.0, 0.0, 0.0, 1.0 ], [ 0.809017, -0.309017, -0.5, 0.0, 0.309017, -0.5, 0.809017, 0.0, -0.5, -0.809017, -0.309017, 0.0, 0.0, 0.0, 0.0, 1.0 ], [ 0.5, 0.809017, -0.309017, 0.0, -0.809017, 0.309017, -0.5, 0.0, -0.309017, 0.5, 0.809017, 0.0, 0.0, 0.0, 0.0, 1.0 ], [ 0.309017, -0.5, -0.809017, 0.0, -0.5, -0.809017, 0.309017, 0.0, -0.809017, 0.309017, -0.5, 0.0, 0.0, 0.0, 0.0, 1.0 ], [ 0.809017, -0.309017, 0.5, 0.0, -0.309017, 0.5, 0.809017, 0.0, -0.5, -0.809017, 0.309017, 0.0, 0.0, 0.0, 0.0, 1.0 ], [ 0.809017, 0.309017, -0.5, 0.0, -0.309017, -0.5, -0.809017, 0.0, -0.5, 0.809017, -0.309017, 0.0, 0.0, 0.0, 0.0, 1.0 ], [ 0.5, -0.809017, 0.309017, 0.0, -0.809017, -0.309017, 0.5, 0.0, -0.309017, -0.5, -0.809017, 0.0, 0.0, 0.0, 0.0, 1.0 ], [ 0.309017, 0.5, 0.809017, 0.0, -0.5, 0.809017, -0.309017, 0.0, -0.809017, -0.309017, 0.5, 0.0, 0.0, 0.0, 0.0, 1.0 ], [ -1.0, 0.0, 0.0, 0.0, 0.0, -1.0, 0.0, 0.0, 0.0, 0.0, 1.0, 0.0, 0.0, 0.0, 0.0, 1.0 ], [ 0.0, 0.0, -1.0, 0.0, -1.0, 0.0, 0.0, 0.0, 0.0, 1.0, 0.0, 0.0, 0.0, 0.0, 0.0, 1.0 ], [ 0.0, -1.0, 0.0, 0.0, 0.0, 0.0, -1.0, 0.0, 1.0, 0.0, 0.0, 0.0, 0.0, 0.0, 0.0, 1.0 ], [ -0.809017, -0.309017, -0.5, 0.0, -0.309017, -0.5, 0.809017, 0.0, -0.5, 0.809017, 0.309017, 0.0, 0.0, 0.0, 0.0, 1.0 ], [ 0.5, -0.809017, -0.309017, 0.0, -0.809017, -0.309017, -0.5, 0.0, 0.309017, 0.5, -0.809017, 0.0, 0.0, 0.0, 0.0, 1.0 ], [ -0.309017, -0.5, 0.809017, 0.0, 0.5, -0.809017, -0.309017, 0.0, 0.809017, 0.309017, 0.5, 0.0, 0.0, 0.0, 0.0, 1.0 ], [ -0.5, -0.809017, -0.309017, 0.0, -0.809017, 0.309017, 0.5, 0.0, -0.309017, 0.5, -0.809017, 0.0, 0.0, 0.0, 0.0, 1.0 ], [ 0.309017, -0.5, 0.809017, 0.0, -0.5, -0.809017, -0.309017, 0.0, 0.809017, -0.309017, -0.5, 0.0, 0.0, 0.0, 0.0, 1.0 ], [ -0.809017, 0.309017, 0.5, 0.0, 0.309017, -0.5, 0.809017, 0.0, 0.5, 0.809017, 0.309017, 0.0, 0.0, 0.0, 0.0, 1.0 ], [ -0.5, -0.809017, 0.309017, 0.0, -0.809017, 0.309017, -0.5, 0.0, 0.309017, -0.5, -0.809017, 0.0, 0.0, 0.0, 0.0, 1.0 ], [ -0.309017, 0.5, 0.809017, 0.0, -0.5, -0.809017, 0.309017, 0.0, 0.809017, -0.309017, 0.5, 0.0, 0.0, 0.0, 0.0, 1.0 ], [ -0.809017, 0.309017, -0.5, 0.0, -0.309017, 0.5, 0.809017, 0.0, 0.5, 0.809017, -0.309017, 0.0, 0.0, 0.0, 0.0, 1.0 ], [ -0.809017, -0.309017, 0.5, 0.0, -0.309017, -0.5, -0.809017, 0.0, 0.5, -0.809017, 0.309017, 0.0, 0.0, 0.0, 0.0, 1.0 ], [ -0.5, 0.809017, -0.309017, 0.0, -0.809017, -0.309017, 0.5, 0.0, 0.309017, 0.5, 0.809017, 0.0, 0.0, 0.0, 0.0, 1.0 ], [ -0.309017, -0.5, -0.809017, 0.0, -0.5, 0.809017, -0.309017, 0.0, 0.809017, 0.309017, -0.5, 0.0, 0.0, 0.0, 0.0, 1.0 ], [ -1.0, 0.0, 0.0, 0.0, 0.0, 1.0, 0.0, 0.0, 0.0, 0.0, -1.0, 0.0, 0.0, 0.0, 0.0, 1.0 ], [ 0.0, 0.0, -1.0, 0.0, 1.0, 0.0, 0.0, 0.0, 0.0, -1.0, 0.0, 0.0, 0.0, 0.0, 0.0, 1.0 ], [ 0.0, -1.0, 0.0, 0.0, 0.0, 0.0, 1.0, 0.0, -1.0, 0.0, 0.0, 0.0, 0.0, 0.0, 0.0, 1.0 ], [ -0.809017, -0.309017, -0.5, 0.0, 0.309017, 0.5, -0.809017, 0.0, 0.5, -0.809017, -0.309017, 0.0, 0.0, 0.0, 0.0, 1.0 ], [ 0.5, -0.809017, -0.309017, 0.0, 0.809017, 0.309017, 0.5, 0.0, -0.309017, -0.5, 0.809017, 0.0, 0.0, 0.0, 0.0, 1.0 ], [ -0.309017, -0.5, 0.809017, 0.0, -0.5, 0.809017, 0.309017, 0.0, -0.809017, -0.309017, -0.5, 0.0, 0.0, 0.0, 0.0, 1.0 ], [ -0.5, -0.809017, -0.309017, 0.0, 0.809017, -0.309017, -0.5, 0.0, 0.309017, -0.5, 0.809017, 0.0, 0.0, 0.0, 0.0, 1.0 ], [ 0.309017, -0.5, 0.809017, 0.0, 0.5, 0.809017, 0.309017, 0.0, -0.809017, 0.309017, 0.5, 0.0, 0.0, 0.0, 0.0, 1.0 ], [ -0.809017, 0.309017, 0.5, 0.0, -0.309017, 0.5, -0.809017, 0.0, -0.5, -0.809017, -0.309017, 0.0, 0.0, 0.0, 0.0, 1.0 ], [ -0.5, -0.809017, 0.309017, 0.0, 0.809017, -0.309017, 0.5, 0.0, -0.309017, 0.5, 0.809017, 0.0, 0.0, 0.0, 0.0, 1.0 ], [ -0.309017, 0.5, 0.809017, 0.0, 0.5, 0.809017, -0.309017, 0.0, -0.809017, 0.309017, -0.5, 0.0, 0.0, 0.0, 0.0, 1.0 ], [ -0.809017, 0.309017, -0.5, 0.0, 0.309017, -0.5, -0.809017, 0.0, -0.5, -0.809017, 0.309017, 0.0, 0.0, 0.0, 0.0, 1.0 ], [ -0.809017, -0.309017, 0.5, 0.0, 0.309017, 0.5, 0.809017, 0.0, -0.5, 0.809017, -0.309017, 0.0, 0.0, 0.0, 0.0, 1.0 ], [ -0.5, 0.809017, -0.309017, 0.0, 0.809017, 0.309017, -0.5, 0.0, -0.309017, -0.5, -0.809017, 0.0, 0.0, 0.0, 0.0, 1.0 ], [ -0.309017, -0.5, -0.809017, 0.0, 0.5, -0.809017, 0.309017, 0.0, -0.809017, -0.309017, 0.5, 0.0, 0.0, 0.0, 0.0, 1.0 ] ],
  "lights" : {
    "ambientColor" : "#292929",
    "backgroundColor" : "#000000",
    "directionalLights" : [ {
      "direction" : [ 1.0, -1.0, -1.0 ],
      "color" : "#EBEBE4"
    }, {
      "direction" : [ -1.0, 0.0, 0.0 ],
      "color" : "#E4E4EB"
    }, {
      "direction" : [ 0.0, 0.0, -1.0 ],
      "color" : "#1E1E1E"
    } ]
  },
  "camera" : {
    "lookDirection" : {
      "x" : 0.6149774,
      "y" : -0.20934078,
      "z" : -0.76025057
    },
    "upDirection" : {
      "x" : 0.34484282,
      "y" : 0.93843734,
      "z" : 0.020542007
    },
    "lookAtPoint" : {
      "x" : 0.0,
      "y" : 0.0,
      "z" : 0.0
    },
    "viewDistance" : 1174.8309,
    "nearClipDistance" : 2.9370763,
    "farClipDistance" : 2349.6594,
    "fieldOfView" : 0.4426289,
    "perspective" : true,
    "stereo" : false,
    "width" : 528.67395,
    "position" : {
      "x" : -722.4945,
      "y" : 245.94002,
      "z" : 893.1659
    }
  },
  "embedding" : [ 1.0, 0.0, 0.0, 0.0, 0.0, 1.0, 0.0, 0.0, 0.0, 0.0, 1.0, 0.0, 0.0, 0.0, 0.0, 1.0 ],
  "shapes" : [ {
    "id" : "c4278152-ce99-48f9-a025-0b6a6f6679be",
    "orbit" : "yellow",
    "name" : "y1",
    "vertices" : [ {
      "x" : 6.854102,
      "y" : 0.0,
      "z" : -2.618034
    }, {
      "x" : 6.545085,
      "y" : 0.0,
      "z" : -2.5
    }, {
      "x" : 6.1405764,
      "y" : -0.1545085,
      "z" : -2.059017
    }, {
      "x" : 5.9495935,
      "y" : -0.1545085,
      "z" : -2.559017
    }, {
      "x" : 0.9045085,
      "y" : -0.1545085,
      "z" : -0.059016995
    }, {
      "x" : 0.809017,
      "y" : 0.309017,
      "z" : -0.309017
    }, {
      "x" : 0.309017,
      "y" : 0.0,
      "z" : -0.11803399
    }, {
      "x" : 6.045085,
      "y" : 0.309017,
      "z" : -2.309017
    }, {
      "x" : 0.7135255,
      "y" : -0.1545085,
      "z" : -0.559017
    } ],
    "faces" : [ {
      "vertices" : [ 2, 4, 8, 3 ]
    }, {
      "vertices" : [ 2, 7, 5, 4 ]
    }, {
      "vertices" : [ 4, 6, 8 ]
    }, {
      "vertices" : [ 5, 8, 6 ]
    }, {
      "vertices" : [ 1, 2, 3 ]
    }, {
      "vertices" : [ 3, 8, 5, 7 ]
    }, {
      "vertices" : [ 1, 7, 2 ]
    }, {
      "vertices" : [ 1, 3, 7 ]
    }, {
      "vertices" : [ 4, 5, 6 ]
    } ]
  }, {
    "id" : "1af86dd8-1709-4c52-9acd-644e3bab5cf3",
    "name" : "ball",
    "vertices" : [ {
      "x" : -0.309017,
      "y" : -0.19098301,
      "z" : 0.0
    }, {
      "x" : -0.309017,
      "y" : 0.19098301,
      "z" : 0.0
    }, {
      "x" : -0.19098301,
      "y" : 0.0,
      "z" : -0.309017
    }, {
      "x" : -0.19098301,
      "y" : 0.0,
      "z" : 0.309017
    }, {
      "x" : 0.0,
      "y" : -0.309017,
      "z" : -0.19098301
    }, {
      "x" : 0.0,
      "y" : -0.309017,
      "z" : 0.19098301
    }, {
      "x" : 0.0,
      "y" : 0.309017,
      "z" : -0.19098301
    }, {
      "x" : 0.0,
      "y" : 0.309017,
      "z" : 0.19098301
    }, {
      "x" : 0.19098301,
      "y" : 0.0,
      "z" : -0.309017
    }, {
      "x" : 0.19098301,
      "y" : 0.0,
      "z" : 0.309017
    }, {
      "x" : 0.309017,
      "y" : -0.19098301,
      "z" : 0.0
    }, {
      "x" : 0.309017,
      "y" : 0.19098301,
      "z" : 0.0
    } ],
    "faces" : [ {
      "vertices" : [ 0, 1, 2 ]
    }, {
      "vertices" : [ 0, 3, 1 ]
    }, {
      "vertices" : [ 0, 2, 4 ]
    }, {
      "vertices" : [ 0, 5, 3 ]
    }, {
      "vertices" : [ 0, 4, 5 ]
    }, {
      "vertices" : [ 1, 6, 2 ]
    }, {
      "vertices" : [ 1, 3, 7 ]
    }, {
      "vertices" : [ 1, 7, 6 ]
    }, {
      "vertices" : [ 2, 8, 4 ]
    }, {
      "vertices" : [ 2, 6, 8 ]
    }, {
      "vertices" : [ 3, 5, 9 ]
    }, {
      "vertices" : [ 3, 9, 7 ]
    }, {
      "vertices" : [ 4, 10, 5 ]
    }, {
      "vertices" : [ 4, 8, 10 ]
    }, {
      "vertices" : [ 5, 10, 9 ]
    }, {
      "vertices" : [ 6, 7, 11 ]
    }, {
      "vertices" : [ 6, 11, 8 ]
    }, {
      "vertices" : [ 7, 9, 11 ]
    }, {
      "vertices" : [ 8, 11, 10 ]
    }, {
      "vertices" : [ 9, 10, 11 ]
    } ]
  }, {
    "id" : "80e2d2a6-3888-455e-a5d1-e94ed5e1656d",
    "orbit" : "blue",
    "name" : "b1",
    "vertices" : [ {
      "x" : 1.0,
      "y" : 0.309017,
      "z" : 0.19098301
    }, {
      "x" : 1.0,
      "y" : -0.309017,
      "z" : 0.19098301
    }, {
      "x" : 7.472136,
      "y" : -0.309017,
      "z" : 0.19098301
    }, {
      "x" : 7.472136,
      "y" : 0.309017,
      "z" : 0.19098301
    }, {
      "x" : 7.472136,
      "y" : -0.309017,
      "z" : -0.19098301
    }, {
      "x" : 7.472136,
      "y" : 0.309017,
      "z" : -0.19098301
    }, {
      "x" : 8.09017,
      "y" : 0.0,
      "z" : 0.0
    }, {
      "x" : 0.38196602,
      "y" : 0.0,
      "z" : 0.0
    }, {
      "x" : 1.0,
      "y" : 0.309017,
      "z" : -0.19098301
    }, {
      "x" : 1.0,
      "y" : -0.309017,
      "z" : -0.19098301
    }, {
      "x" : 8.472136,
      "y" : 0.0,
      "z" : 0.0
    } ],
    "faces" : [ {
      "vertices" : [ 1, 9, 4, 2 ]
    }, {
      "vertices" : [ 0, 3, 5, 8 ]
    }, {
      "vertices" : [ 1, 7, 9 ]
    }, {
      "vertices" : [ 0, 1, 2, 3 ]
    }, {
      "vertices" : [ 7, 8, 9 ]
    }, {
      "vertices" : [ 0, 7, 1 ]
    }, {
      "vertices" : [ 4, 9, 8, 5 ]
    }, {
      "vertices" : [ 2, 6, 3 ]
    }, {
      "vertices" : [ 2, 4, 6 ]
    }, {
      "vertices" : [ 3, 6, 5 ]
    }, {
      "vertices" : [ 4, 5, 6 ]
    }, {
      "vertices" : [ 0, 8, 7 ]
    } ]
  } ],
  "instances" : [ {
    "shape" : "c4278152-ce99-48f9-a025-0b6a6f6679be",
    "color" : "#F0A000",
    "position" : {
      "x" : 114.51973,
      "y" : 13.708204,
      "z" : -82.867256
    },
    "orientation" : 38
  }, {
    "shape" : "c4278152-ce99-48f9-a025-0b6a6f6679be",
    "color" : "#F0A000",
    "position" : {
      "x" : -13.708204,
      "y" : -82.867256,
      "z" : -131.464
    },
    "orientation" : 17
  }, {
    "shape" : "1af86dd8-1709-4c52-9acd-644e3bab5cf3",
    "color" : "#FFFFFF",
    "position" : {
      "x" : 29.034441,
      "y" : 93.95743,
      "z" : 19.562305
    }
  }, {
    "shape" : "1af86dd8-1709-4c52-9acd-644e3bab5cf3",
    "color" : "#FFFFFF",
    "position" : {
      "x" : -96.57546,
      "y" : -15.326238,
      "z" : -22.18034
    }
  }, {
    "shape" : "1af86dd8-1709-4c52-9acd-644e3bab5cf3",
    "color" : "#FFFFFF",
    "position" : {
      "x" : -40.12461,
      "y" : -89.72136,
      "z" : -17.944271
    }
  }, {
    "shape" : "c4278152-ce99-48f9-a025-0b6a6f6679be",
    "color" : "#F0A000",
    "position" : {
      "x" : 51.214783,
      "y" : -46.978714,
      "z" : -67.54102
    },
    "orientation" : 19
  }, {
    "shape" : "c4278152-ce99-48f9-a025-0b6a6f6679be",
    "color" : "#F0A000",
    "position" : {
      "x" : -116.137764,
      "y" : 0.0,
      "z" : -85.48529
    },
    "orientation" : 8
  }, {
    "shape" : "1af86dd8-1709-4c52-9acd-644e3bab5cf3",
    "color" : "#FFFFFF",
    "position" : {
      "x" : 17.944271,
      "y" : 76.01315,
      "z" : -103.429565
    }
  }, {
    "shape" : "1af86dd8-1709-4c52-9acd-644e3bab5cf3",
    "color" : "#FFFFFF",
    "position" : {
      "x" : 82.867256,
      "y" : 76.01315,
      "z" : -37.506577
    }
  }, {
    "shape" : "c4278152-ce99-48f9-a025-0b6a6f6679be",
    "color" : "#F0A000",
    "position" : {
      "x" : -40.12461,
      "y" : -122.99187,
      "z" : -38.506577
    },
    "orientation" : 8
  }, {
    "shape" : "1af86dd8-1709-4c52-9acd-644e3bab5cf3",
    "color" : "#FFFFFF",
    "position" : {
      "x" : -71.777084,
      "y" : -127.227936,
      "z" : -29.034441
    }
  }, {
    "shape" : "1af86dd8-1709-4c52-9acd-644e3bab5cf3",
    "color" : "#FFFFFF",
    "position" : {
      "x" : -46.978714,
      "y" : -56.45085,
      "z" : 93.95743
    }
  }, {
    "shape" : "80e2d2a6-3888-455e-a5d1-e94ed5e1656d",
    "color" : "#007695",
    "position" : {
      "x" : -93.95743,
      "y" : -24.798374,
      "z" : -51.214783
    },
    "orientation" : 2
  }, {
    "shape" : "c4278152-ce99-48f9-a025-0b6a6f6679be",
    "color" : "#F0A000",
    "position" : {
      "x" : 89.72136,
      "y" : -4.236068,
      "z" : 67.54102
    },
    "orientation" : 5
  }, {
    "shape" : "c4278152-ce99-48f9-a025-0b6a6f6679be",
    "color" : "#F0A000",
    "position" : {
      "x" : 15.326238,
      "y" : -71.777084,
      "z" : -149.40828
    },
    "orientation" : 30
  }, {
    "shape" : "1af86dd8-1709-4c52-9acd-644e3bab5cf3",
    "color" : "#FFFFFF",
    "position" : {
      "x" : 147.79024,
      "y" : 29.034441,
      "z" : -38.506577
    }
  }, {
    "shape" : "1af86dd8-1709-4c52-9acd-644e3bab5cf3",
    "color" : "#FFFFFF",
    "position" : {
      "x" : -42.742645,
      "y" : -60.686916,
      "z" : -62.30495
    }
  }, {
    "shape" : "1af86dd8-1709-4c52-9acd-644e3bab5cf3",
    "color" : "#FFFFFF",
    "position" : {
      "x" : -55.45085,
      "y" : 42.742645,
      "z" : 80.24922
    }
  }, {
    "shape" : "1af86dd8-1709-4c52-9acd-644e3bab5cf3",
    "color" : "#FFFFFF",
    "position" : {
      "x" : -51.214783,
      "y" : 71.777084,
      "z" : 105.0476
    }
  }, {
    "shape" : "c4278152-ce99-48f9-a025-0b6a6f6679be",
    "color" : "#F0A000",
    "position" : {
      "x" : 89.72136,
      "y" : -4.236068,
      "z" : -26.416409
    },
    "orientation" : 5
  }, {
    "shape" : "1af86dd8-1709-4c52-9acd-644e3bab5cf3",
    "color" : "#FFFFFF",
    "position" : {
      "x" : 17.944271,
      "y" : -103.429565,
      "z" : -17.944271
    }
  }, {
    "shape" : "1af86dd8-1709-4c52-9acd-644e3bab5cf3",
    "color" : "#FFFFFF",
    "position" : {
      "x" : -51.214783,
      "y" : 129.84598,
      "z" : -38.506577
    }
  }, {
    "shape" : "80e2d2a6-3888-455e-a5d1-e94ed5e1656d",
    "color" : "#007695",
    "position" : {
      "x" : -46.978714,
      "y" : 51.214783,
      "z" : 71.777084
    },
    "orientation" : 2
  }, {
    "shape" : "1af86dd8-1709-4c52-9acd-644e3bab5cf3",
    "color" : "#FFFFFF",
    "position" : {
      "x" : 82.867256,
      "y" : -42.742645,
      "z" : -93.95743
    }
  }, {
    "shape" : "1af86dd8-1709-4c52-9acd-644e3bab5cf3",
    "color" : "#FFFFFF",
    "position" : {
      "x" : -109.28367,
      "y" : 60.686916,
      "z" : 62.30495
    }
  }, {
    "shape" : "1af86dd8-1709-4c52-9acd-644e3bab5cf3",
    "color" : "#FFFFFF",
    "position" : {
      "x" : -105.0476,
      "y" : -56.45085,
      "z" : 93.95743
    }
  }, {
    "shape" : "c4278152-ce99-48f9-a025-0b6a6f6679be",
    "color" : "#F0A000",
    "position" : {
      "x" : -37.506577,
      "y" : -82.867256,
      "z" : 76.01315
    },
    "orientation" : 16
  }, {
    "shape" : "1af86dd8-1709-4c52-9acd-644e3bab5cf3",
    "color" : "#FFFFFF",
    "position" : {
      "x" : -29.034441,
      "y" : -116.137764,
      "z" : -33.27051
    }
  }, {
    "shape" : "80e2d2a6-3888-455e-a5d1-e94ed5e1656d",
    "color" : "#007695",
    "position" : {
      "x" : 80.24922,
      "y" : -69.15905,
      "z" : -114.51973
    },
    "orientation" : 45
  }, {
    "shape" : "1af86dd8-1709-4c52-9acd-644e3bab5cf3",
    "color" : "#FFFFFF",
    "position" : {
      "x" : 13.708204,
      "y" : -11.09017,
      "z" : 114.51973
    }
  }, {
    "shape" : "80e2d2a6-3888-455e-a5d1-e94ed5e1656d",
    "color" : "#007695",
    "position" : {
      "x" : 33.27051,
      "y" : 42.742645,
      "z" : -102.429565
    },
    "orientation" : 1
  }, {
    "shape" : "80e2d2a6-3888-455e-a5d1-e94ed5e1656d",
    "color" : "#007695",
    "position" : {
      "x" : 13.708204,
      "y" : 82.867256,
      "z" : 131.464
    },
    "orientation" : 26
  }, {
    "shape" : "80e2d2a6-3888-455e-a5d1-e94ed5e1656d",
    "color" : "#007695",
    "position" : {
      "x" : 4.236068,
      "y" : 67.54102,
      "z" : 89.72136
    },
    "orientation" : 24
  }, {
    "shape" : "1af86dd8-1709-4c52-9acd-644e3bab5cf3",
    "color" : "#FFFFFF",
    "position" : {
      "x" : -69.15905,
      "y" : 109.28367,
      "z" : 58.068882
    }
  }, {
    "shape" : "80e2d2a6-3888-455e-a5d1-e94ed5e1656d",
    "color" : "#007695",
    "position" : {
      "x" : 105.0476,
      "y" : -100.81153,
      "z" : -71.777084
    },
    "orientation" : 9
  }, {
    "shape" : "c4278152-ce99-48f9-a025-0b6a6f6679be",
    "color" : "#F0A000",
    "position" : {
      "x" : 31.652475,
      "y" : 109.28367,
      "z" : -33.27051
    },
    "orientation" : 1
  }, {
    "shape" : "1af86dd8-1709-4c52-9acd-644e3bab5cf3",
    "color" : "#FFFFFF",
    "position" : {
      "x" : 62.30495,
      "y" : -76.01315,
      "z" : -111.9017
    }
  }, {
    "shape" : "80e2d2a6-3888-455e-a5d1-e94ed5e1656d",
    "color" : "#007695",
    "position" : {
      "x" : 105.0476,
      "y" : -29.034441,
      "z" : 27.416409
    },
    "orientation" : 52
  }, {
    "shape" : "c4278152-ce99-48f9-a025-0b6a6f6679be",
    "color" : "#F0A000",
    "position" : {
      "x" : 15.326238,
      "y" : 60.686916,
      "z" : -156.26237
    },
    "orientation" : 21
  }, {
    "shape" : "1af86dd8-1709-4c52-9acd-644e3bab5cf3",
    "color" : "#FFFFFF",
    "position" : {
      "x" : -35.888542,
      "y" : 33.27051,
      "z" : 122.99187
    }
  }, {
    "shape" : "1af86dd8-1709-4c52-9acd-644e3bab5cf3",
    "color" : "#FFFFFF",
    "position" : {
      "x" : -158.88042,
      "y" : -8.472136,
      "z" : 33.27051
    }
  }, {
    "shape" : "c4278152-ce99-48f9-a025-0b6a6f6679be",
    "color" : "#F0A000",
    "position" : {
      "x" : -82.867256,
      "y" : 114.51973,
      "z" : 80.24922
    },
    "orientation" : 8
  }, {
    "shape" : "1af86dd8-1709-4c52-9acd-644e3bab5cf3",
    "color" : "#FFFFFF",
    "position" : {
      "x" : -58.068882,
      "y" : -82.867256,
      "z" : -109.28367
    }
  }, {
    "shape" : "1af86dd8-1709-4c52-9acd-644e3bab5cf3",
    "color" : "#FFFFFF",
    "position" : {
      "x" : 0.0,
      "y" : -82.867256,
      "z" : -136.70007
    }
  }, {
    "shape" : "80e2d2a6-3888-455e-a5d1-e94ed5e1656d",
    "color" : "#007695",
    "position" : {
      "x" : -29.034441,
      "y" : -93.95743,
      "z" : -19.562305
    },
    "orientation" : 8
  }, {
    "shape" : "80e2d2a6-3888-455e-a5d1-e94ed5e1656d",
    "color" : "#007695",
    "position" : {
      "x" : 98.1935,
      "y" : 4.236068,
      "z" : 76.01315
    },
    "orientation" : 11
  }, {
    "shape" : "1af86dd8-1709-4c52-9acd-644e3bab5cf3",
    "color" : "#FFFFFF",
    "position" : {
      "x" : 84.48529,
      "y" : -6.854102,
      "z" : -46.978714
    }
  }, {
    "shape" : "1af86dd8-1709-4c52-9acd-644e3bab5cf3",
    "color" : "#FFFFFF",
    "position" : {
      "x" : -122.99187,
      "y" : 38.506577,
      "z" : -40.12461
    }
  }, {
    "shape" : "c4278152-ce99-48f9-a025-0b6a6f6679be",
    "color" : "#F0A000",
    "position" : {
      "x" : 29.034441,
      "y" : 55.45085,
      "z" : -147.79024
    },
    "orientation" : 19
  }, {
    "shape" : "80e2d2a6-3888-455e-a5d1-e94ed5e1656d",
    "color" : "#007695",
    "position" : {
      "x" : 131.464,
      "y" : -13.708204,
      "z" : 11.09017
    },
    "orientation" : 39
  }, {
    "shape" : "c4278152-ce99-48f9-a025-0b6a6f6679be",
    "color" : "#F0A000",
    "position" : {
      "x" : 69.15905,
      "y" : -37.506577,
      "z" : -80.24922
    },
    "orientation" : 0
  }, {
    "shape" : "1af86dd8-1709-4c52-9acd-644e3bab5cf3",
    "color" : "#FFFFFF",
    "position" : {
      "x" : 42.742645,
      "y" : 71.777084,
      "z" : 55.45085
    }
  }, {
    "shape" : "c4278152-ce99-48f9-a025-0b6a6f6679be",
    "color" : "#F0A000",
    "position" : {
      "x" : 95.57546,
      "y" : 93.95743,
      "z" : -46.978714
    },
    "orientation" : 39
  }, {
    "shape" : "c4278152-ce99-48f9-a025-0b6a6f6679be",
    "color" : "#F0A000",
    "position" : {
      "x" : 156.26237,
      "y" : -15.326238,
      "z" : 33.27051
    },
    "orientation" : 2
  }, {
    "shape" : "c4278152-ce99-48f9-a025-0b6a6f6679be",
    "color" : "#F0A000",
    "position" : {
      "x" : -19.562305,
      "y" : -29.034441,
      "z" : 93.95743
    },
    "orientation" : 24
  }, {
    "shape" : "80e2d2a6-3888-455e-a5d1-e94ed5e1656d",
    "color" : "#007695",
    "position" : {
      "x" : -38.506577,
      "y" : -136.70007,
      "z" : -35.888542
    },
    "orientation" : 54
  }, {
    "shape" : "80e2d2a6-3888-455e-a5d1-e94ed5e1656d",
    "color" : "#007695",
    "position" : {
      "x" : -87.103325,
      "y" : -8.472136,
      "z" : 33.27051
    },
    "orientation" : 55
  }, {
    "shape" : "80e2d2a6-3888-455e-a5d1-e94ed5e1656d",
    "color" : "#007695",
    "position" : {
      "x" : 17.944271,
      "y" : -103.429565,
      "z" : 17.944271
    },
    "orientation" : 37
  }, {
    "shape" : "1af86dd8-1709-4c52-9acd-644e3bab5cf3",
    "color" : "#FFFFFF",
    "position" : {
      "x" : 136.70007,
      "y" : 33.27051,
      "z" : 62.30495
    }
  }, {
    "shape" : "c4278152-ce99-48f9-a025-0b6a6f6679be",
    "color" : "#F0A000",
    "position" : {
      "x" : 71.777084,
      "y" : -82.867256,
      "z" : -37.506577
    },
    "orientation" : 1
  }, {
    "shape" : "c4278152-ce99-48f9-a025-0b6a6f6679be",
    "color" : "#F0A000",
    "position" : {
      "x" : -80.24922,
      "y" : -96.57546,
      "z" : 109.28367
    },
    "orientation" : 19
  }, {
    "shape" : "c4278152-ce99-48f9-a025-0b6a6f6679be",
    "color" : "#F0A000",
    "position" : {
      "x" : 24.798374,
      "y" : -17.944271,
      "z" : -131.464
    },
    "orientation" : 5
  }, {
    "shape" : "c4278152-ce99-48f9-a025-0b6a6f6679be",
    "color" : "#F0A000",
    "position" : {
      "x" : -67.54102,
      "y" : 89.72136,
      "z" : -4.236068
    },
    "orientation" : 54
  }, {
    "shape" : "80e2d2a6-3888-455e-a5d1-e94ed5e1656d",
    "color" : "#007695",
    "position" : {
      "x" : -58.068882,
      "y" : -69.15905,
      "z" : -109.28367
    },
    "orientation" : 36
  }, {
    "shape" : "c4278152-ce99-48f9-a025-0b6a6f6679be",
    "color" : "#F0A000",
    "position" : {
      "x" : 8.472136,
      "y" : 60.686916,
      "z" : 87.103325
    },
    "orientation" : 8
  }, {
    "shape" : "1af86dd8-1709-4c52-9acd-644e3bab5cf3",
    "color" : "#FFFFFF",
    "position" : {
      "x" : -38.506577,
      "y" : -42.742645,
      "z" : -116.137764
    }
  }, {
    "shape" : "c4278152-ce99-48f9-a025-0b6a6f6679be",
    "color" : "#F0A000",
    "position" : {
      "x" : 102.429565,
      "y" : -60.686916,
      "z" : 51.214783
    },
    "orientation" : 21
  }, {
    "shape" : "80e2d2a6-3888-455e-a5d1-e94ed5e1656d",
    "color" : "#007695",
    "position" : {
      "x" : -87.103325,
      "y" : 8.472136,
      "z" : 60.686916
    },
    "orientation" : 40
  }, {
    "shape" : "c4278152-ce99-48f9-a025-0b6a6f6679be",
    "color" : "#F0A000",
    "position" : {
      "x" : 60.686916,
      "y" : -156.26237,
      "z" : -15.326238
    },
    "orientation" : 30
  }, {
    "shape" : "1af86dd8-1709-4c52-9acd-644e3bab5cf3",
    "color" : "#FFFFFF",
    "position" : {
      "x" : 42.742645,
      "y" : -58.068882,
      "z" : -69.15905
    }
  }, {
    "shape" : "c4278152-ce99-48f9-a025-0b6a6f6679be",
    "color" : "#F0A000",
    "position" : {
      "x" : -51.214783,
      "y" : -143.55417,
      "z" : 33.27051
    },
    "orientation" : 19
  }, {
    "shape" : "1af86dd8-1709-4c52-9acd-644e3bab5cf3",
    "color" : "#FFFFFF",
    "position" : {
      "x" : -58.068882,
      "y" : -82.867256,
      "z" : 42.742645
    }
  }, {
    "shape" : "c4278152-ce99-48f9-a025-0b6a6f6679be",
    "color" : "#F0A000",
    "position" : {
      "x" : -38.506577,
      "y" : -51.214783,
      "z" : -116.137764
    },
    "orientation" : 22
  }, {
    "shape" : "c4278152-ce99-48f9-a025-0b6a6f6679be",
    "color" : "#F0A000",
    "position" : {
      "x" : 13.708204,
      "y" : -80.24922,
      "z" : 138.3181
    },
    "orientation" : 38
  }, {
    "shape" : "c4278152-ce99-48f9-a025-0b6a6f6679be",
    "color" : "#F0A000",
    "position" : {
      "x" : 80.24922,
      "y" : -69.15905,
      "z" : -37.506577
    },
    "orientation" : 21
  }, {
    "shape" : "1af86dd8-1709-4c52-9acd-644e3bab5cf3",
    "color" : "#FFFFFF",
    "position" : {
      "x" : 60.686916,
      "y" : -158.88042,
      "z" : -8.472136
    }
  }, {
    "shape" : "c4278152-ce99-48f9-a025-0b6a6f6679be",
    "color" : "#F0A000",
    "position" : {
      "x" : 8.472136,
      "y" : 60.686916,
      "z" : 158.88042
    },
    "orientation" : 0
  }, {
    "shape" : "1af86dd8-1709-4c52-9acd-644e3bab5cf3",
    "color" : "#FFFFFF",
    "position" : {
      "x" : -29.034441,
      "y" : -38.506577,
      "z" : 147.79024
    }
  }, {
    "shape" : "80e2d2a6-3888-455e-a5d1-e94ed5e1656d",
    "color" : "#007695",
    "position" : {
      "x" : -82.867256,
      "y" : -37.506577,
      "z" : 80.24922
    },
    "orientation" : 41
  }, {
    "shape" : "80e2d2a6-3888-455e-a5d1-e94ed5e1656d",
    "color" : "#007695",
    "position" : {
      "x" : 105.0476,
      "y" : 6.854102,
      "z" : 13.708204
    },
    "orientation" : 41
  }, {
    "shape" : "80e2d2a6-3888-455e-a5d1-e94ed5e1656d",
    "color" : "#007695",
    "position" : {
      "x" : -26.416409,
      "y" : -156.26237,
      "z" : 4.236068
    },
    "orientation" : 41
  }, {
    "shape" : "1af86dd8-1709-4c52-9acd-644e3bab5cf3",
    "color" : "#FFFFFF",
    "position" : {
      "x" : 13.708204,
      "y" : 82.867256,
      "z" : 131.464
    }
  }, {
    "shape" : "c4278152-ce99-48f9-a025-0b6a6f6679be",
    "color" : "#F0A000",
    "position" : {
      "x" : -67.54102,
      "y" : 100.81153,
      "z" : 105.0476
    },
    "orientation" : 54
  }, {
    "shape" : "c4278152-ce99-48f9-a025-0b6a6f6679be",
    "color" : "#F0A000",
    "position" : {
      "x" : -37.506577,
      "y" : 69.15905,
      "z" : -76.01315
    },
    "orientation" : 16
  }, {
    "shape" : "80e2d2a6-3888-455e-a5d1-e94ed5e1656d",
    "color" : "#007695",
    "position" : {
      "x" : 80.24922,
      "y" : 127.227936,
      "z" : -20.562305
    },
    "orientation" : 16
  }, {
    "shape" : "80e2d2a6-3888-455e-a5d1-e94ed5e1656d",
    "color" : "#007695",
    "position" : {
      "x" : 84.48529,
      "y" : -89.72136,
      "z" : 40.12461
    },
    "orientation" : 54
  }, {
    "shape" : "c4278152-ce99-48f9-a025-0b6a6f6679be",
    "color" : "#F0A000",
    "position" : {
      "x" : -33.27051,
      "y" : 31.652475,
      "z" : 136.70007
    },
    "orientation" : 22
  }, {
    "shape" : "1af86dd8-1709-4c52-9acd-644e3bab5cf3",
    "color" : "#FFFFFF",
    "position" : {
      "x" : 8.472136,
      "y" : -33.27051,
      "z" : -158.88042
    }
  }, {
    "shape" : "80e2d2a6-3888-455e-a5d1-e94ed5e1656d",
    "color" : "#007695",
    "position" : {
      "x" : 122.99187,
      "y" : 35.888542,
      "z" : -33.27051
    },
    "orientation" : 8
  }, {
    "shape" : "c4278152-ce99-48f9-a025-0b6a6f6679be",
    "color" : "#F0A000",
    "position" : {
      "x" : 138.3181,
      "y" : -24.798374,
      "z" : -73.39512
    },
    "orientation" : 30
  }, {
    "shape" : "1af86dd8-1709-4c52-9acd-644e3bab5cf3",
    "color" : "#FFFFFF",
    "position" : {
      "x" : -143.55417,
      "y" : -33.27051,
      "z" : 51.214783
    }
  }, {
    "shape" : "80e2d2a6-3888-455e-a5d1-e94ed5e1656d",
    "color" : "#007695",
    "position" : {
      "x" : -20.562305,
      "y" : -13.708204,
      "z" : -118.7558
    },
    "orientation" : 47
  }, {
    "shape" : "c4278152-ce99-48f9-a025-0b6a6f6679be",
    "color" : "#F0A000",
    "position" : {
      "x" : -13.708204,
      "y" : 107.665634,
      "z" : 13.708204
    },
    "orientation" : 22
  }, {
    "shape" : "1af86dd8-1709-4c52-9acd-644e3bab5cf3",
    "color" : "#FFFFFF",
    "position" : {
      "x" : 67.54102,
      "y" : 89.72136,
      "z" : 40.12461
    }
  }, {
    "shape" : "1af86dd8-1709-4c52-9acd-644e3bab5cf3",
    "color" : "#FFFFFF",
    "position" : {
      "x" : 6.854102,
      "y" : -8.472136,
      "z" : 118.7558
    }
  }, {
    "shape" : "80e2d2a6-3888-455e-a5d1-e94ed5e1656d",
    "color" : "#007695",
    "position" : {
      "x" : -60.686916,
      "y" : 158.88042,
      "z" : -8.472136
    },
    "orientation" : 11
  }, {
    "shape" : "80e2d2a6-3888-455e-a5d1-e94ed5e1656d",
    "color" : "#007695",
    "position" : {
      "x" : 156.26237,
      "y" : 4.236068,
      "z" : -67.54102
    },
    "orientation" : 16
  }, {
    "shape" : "1af86dd8-1709-4c52-9acd-644e3bab5cf3",
    "color" : "#FFFFFF",
    "position" : {
      "x" : 103.429565,
      "y" : 17.944271,
      "z" : 17.944271
    }
  }, {
    "shape" : "c4278152-ce99-48f9-a025-0b6a6f6679be",
    "color" : "#F0A000",
    "position" : {
      "x" : -6.854102,
      "y" : -46.978714,
      "z" : -161.49844
    },
    "orientation" : 38
  }, {
    "shape" : "c4278152-ce99-48f9-a025-0b6a6f6679be",
    "color" : "#F0A000",
    "position" : {
      "x" : 24.798374,
      "y" : 20.562305,
      "z" : -107.665634
    },
    "orientation" : 22
  }, {
    "shape" : "1af86dd8-1709-4c52-9acd-644e3bab5cf3",
    "color" : "#FFFFFF",
    "position" : {
      "x" : -142.55417,
      "y" : 17.944271,
      "z" : -76.01315
    }
  }, {
    "shape" : "1af86dd8-1709-4c52-9acd-644e3bab5cf3",
    "color" : "#FFFFFF",
    "position" : {
      "x" : 71.777084,
      "y" : 46.978714,
      "z" : 100.81153
    }
  }, {
    "shape" : "c4278152-ce99-48f9-a025-0b6a6f6679be",
    "color" : "#F0A000",
    "position" : {
      "x" : -93.95743,
      "y" : 8.472136,
      "z" : 22.18034
    },
    "orientation" : 19
  }, {
    "shape" : "1af86dd8-1709-4c52-9acd-644e3bab5cf3",
    "color" : "#FFFFFF",
    "position" : {
      "x" : -13.708204,
      "y" : 140.93614,
      "z" : 6.854102
    }
  }, {
    "shape" : "1af86dd8-1709-4c52-9acd-644e3bab5cf3",
    "color" : "#FFFFFF",
    "position" : {
      "x" : 71.777084,
      "y" : -105.0476,
      "z" : -100.81153
    }
  }, {
    "shape" : "c4278152-ce99-48f9-a025-0b6a6f6679be",
    "color" : "#F0A000",
    "position" : {
      "x" : 19.562305,
      "y" : -29.034441,
      "z" : -152.0263
    },
    "orientation" : 19
  }, {
    "shape" : "c4278152-ce99-48f9-a025-0b6a6f6679be",
    "color" : "#F0A000",
    "position" : {
      "x" : 118.7558,
      "y" : -20.562305,
      "z" : 80.24922
    },
    "orientation" : 19
  }, {
    "shape" : "c4278152-ce99-48f9-a025-0b6a6f6679be",
    "color" : "#F0A000",
    "position" : {
      "x" : 107.665634,
      "y" : 24.798374,
      "z" : -73.39512
    },
    "orientation" : 0
  }, {
    "shape" : "c4278152-ce99-48f9-a025-0b6a6f6679be",
    "color" : "#F0A000",
    "position" : {
      "x" : -96.57546,
      "y" : 15.326238,
      "z" : -71.777084
    },
    "orientation" : 21
  }, {
    "shape" : "1af86dd8-1709-4c52-9acd-644e3bab5cf3",
    "color" : "#FFFFFF",
    "position" : {
      "x" : -80.24922,
      "y" : 96.57546,
      "z" : 109.28367
    }
  }, {
    "shape" : "c4278152-ce99-48f9-a025-0b6a6f6679be",
    "color" : "#F0A000",
    "position" : {
      "x" : -105.0476,
      "y" : 29.034441,
      "z" : -27.416409
    },
    "orientation" : 54
  }, {
    "shape" : "c4278152-ce99-48f9-a025-0b6a6f6679be",
    "color" : "#F0A000",
    "position" : {
      "x" : -15.326238,
      "y" : 60.686916,
      "z" : 89.72136
    },
    "orientation" : 16
  }, {
    "shape" : "c4278152-ce99-48f9-a025-0b6a6f6679be",
    "color" : "#F0A000",
    "position" : {
      "x" : 62.30495,
      "y" : 42.742645,
      "z" : -60.686916
    },
    "orientation" : 8
  }, {
    "shape" : "1af86dd8-1709-4c52-9acd-644e3bab5cf3",
    "color" : "#FFFFFF",
    "position" : {
      "x" : -76.01315,
      "y" : -142.55417,
      "z" : -17.944271
    }
  }, {
    "shape" : "1af86dd8-1709-4c52-9acd-644e3bab5cf3",
    "color" : "#FFFFFF",
    "position" : {
      "x" : 100.81153,
      "y" : 102.429565,
      "z" : 91.33939
    }
  }, {
    "shape" : "c4278152-ce99-48f9-a025-0b6a6f6679be",
    "color" : "#F0A000",
    "position" : {
      "x" : 67.54102,
      "y" : -100.81153,
      "z" : -105.0476
    },
    "orientation" : 5
  }, {
    "shape" : "80e2d2a6-3888-455e-a5d1-e94ed5e1656d",
    "color" : "#007695",
    "position" : {
      "x" : 105.0476,
      "y" : 6.854102,
      "z" : -13.708204
    },
    "orientation" : 21
  }, {
    "shape" : "80e2d2a6-3888-455e-a5d1-e94ed5e1656d",
    "color" : "#007695",
    "position" : {
      "x" : 15.326238,
      "y" : 71.777084,
      "z" : 149.40828
    },
    "orientation" : 21
  }, {
    "shape" : "1af86dd8-1709-4c52-9acd-644e3bab5cf3",
    "color" : "#FFFFFF",
    "position" : {
      "x" : -13.708204,
      "y" : -46.978714,
      "z" : -158.88042
    }
  }, {
    "shape" : "1af86dd8-1709-4c52-9acd-644e3bab5cf3",
    "color" : "#FFFFFF",
    "position" : {
      "x" : -4.236068,
      "y" : 17.944271,
      "z" : -98.1935
    }
  }, {
    "shape" : "1af86dd8-1709-4c52-9acd-644e3bab5cf3",
    "color" : "#FFFFFF",
    "position" : {
      "x" : 19.562305,
      "y" : 29.034441,
      "z" : -152.0263
    }
  }, {
    "shape" : "c4278152-ce99-48f9-a025-0b6a6f6679be",
    "color" : "#F0A000",
    "position" : {
      "x" : 62.30495,
      "y" : 111.9017,
      "z" : 84.48529
    },
    "orientation" : 2
  }, {
    "shape" : "1af86dd8-1709-4c52-9acd-644e3bab5cf3",
    "color" : "#FFFFFF",
    "position" : {
      "x" : 42.742645,
      "y" : 102.429565,
      "z" : 33.27051
    }
  }, {
    "shape" : "c4278152-ce99-48f9-a025-0b6a6f6679be",
    "color" : "#F0A000",
    "position" : {
      "x" : -89.72136,
      "y" : -111.9017,
      "z" : 84.48529
    },
    "orientation" : 7
  }, {
    "shape" : "1af86dd8-1709-4c52-9acd-644e3bab5cf3",
    "color" : "#FFFFFF",
    "position" : {
      "x" : -109.28367,
      "y" : 0.0,
      "z" : -11.09017
    }
  }, {
    "shape" : "80e2d2a6-3888-455e-a5d1-e94ed5e1656d",
    "color" : "#007695",
    "position" : {
      "x" : -24.798374,
      "y" : -42.742645,
      "z" : -93.95743
    },
    "orientation" : 11
  }, {
    "shape" : "1af86dd8-1709-4c52-9acd-644e3bab5cf3",
    "color" : "#FFFFFF",
    "position" : {
      "x" : 51.214783,
      "y" : 80.24922,
      "z" : -46.978714
    }
  }, {
    "shape" : "c4278152-ce99-48f9-a025-0b6a6f6679be",
    "color" : "#F0A000",
    "position" : {
      "x" : -13.708204,
      "y" : -13.708204,
      "z" : 107.665634
    },
    "orientation" : 0
  }, {
    "shape" : "80e2d2a6-3888-455e-a5d1-e94ed5e1656d",
    "color" : "#007695",
    "position" : {
      "x" : 46.978714,
      "y" : 100.81153,
      "z" : -71.777084
    },
    "orientation" : 39
  }, {
    "shape" : "1af86dd8-1709-4c52-9acd-644e3bab5cf3",
    "color" : "#FFFFFF",
    "position" : {
      "x" : 17.944271,
      "y" : -98.1935,
      "z" : -4.236068
    }
  }, {
    "shape" : "1af86dd8-1709-4c52-9acd-644e3bab5cf3",
    "color" : "#FFFFFF",
    "position" : {
      "x" : -24.798374,
      "y" : 76.01315,
      "z" : -131.464
    }
  }, {
    "shape" : "80e2d2a6-3888-455e-a5d1-e94ed5e1656d",
    "color" : "#007695",
    "position" : {
      "x" : -46.978714,
      "y" : 158.88042,
      "z" : 13.708204
    },
    "orientation" : 8
  }, {
    "shape" : "80e2d2a6-3888-455e-a5d1-e94ed5e1656d",
    "color" : "#007695",
    "position" : {
      "x" : -71.777084,
      "y" : -69.15905,
      "z" : 37.506577
    },
    "orientation" : 45
  }, {
    "shape" : "c4278152-ce99-48f9-a025-0b6a6f6679be",
    "color" : "#F0A000",
    "position" : {
      "x" : 62.30495,
      "y" : -111.9017,
      "z" : 84.48529
    },
    "orientation" : 7
  }, {
    "shape" : "1af86dd8-1709-4c52-9acd-644e3bab5cf3",
    "color" : "#FFFFFF",
    "position" : {
      "x" : 33.27051,
      "y" : 51.214783,
      "z" : -143.55417
    }
  }, {
    "shape" : "c4278152-ce99-48f9-a025-0b6a6f6679be",
    "color" : "#F0A000",
    "position" : {
      "x" : -29.034441,
      "y" : 38.506577,
      "z" : -98.1935
    },
    "orientation" : 9
  }, {
    "shape" : "c4278152-ce99-48f9-a025-0b6a6f6679be",
    "color" : "#F0A000",
    "position" : {
      "x" : 19.562305,
      "y" : -64.92299,
      "z" : 93.95743
    },
    "orientation" : 54
  }, {
    "shape" : "c4278152-ce99-48f9-a025-0b6a6f6679be",
    "color" : "#F0A000",
    "position" : {
      "x" : 152.0263,
      "y" : -19.562305,
      "z" : 64.92299
    },
    "orientation" : 3
  }, {
    "shape" : "80e2d2a6-3888-455e-a5d1-e94ed5e1656d",
    "color" : "#007695",
    "position" : {
      "x" : 80.24922,
      "y" : -105.0476,
      "z" : -100.81153
    },
    "orientation" : 45
  }, {
    "shape" : "80e2d2a6-3888-455e-a5d1-e94ed5e1656d",
    "color" : "#007695",
    "position" : {
      "x" : -80.24922,
      "y" : -82.867256,
      "z" : 37.506577
    },
    "orientation" : 0
  }, {
    "shape" : "1af86dd8-1709-4c52-9acd-644e3bab5cf3",
    "color" : "#FFFFFF",
    "position" : {
      "x" : -40.12461,
      "y" : -67.54102,
      "z" : 89.72136
    }
  }, {
    "shape" : "80e2d2a6-3888-455e-a5d1-e94ed5e1656d",
    "color" : "#007695",
    "position" : {
      "x" : 46.978714,
      "y" : -51.214783,
      "z" : -80.24922
    },
    "orientation" : 2
  }, {
    "shape" : "c4278152-ce99-48f9-a025-0b6a6f6679be",
    "color" : "#F0A000",
    "position" : {
      "x" : 15.326238,
      "y" : 22.18034,
      "z" : 96.57546
    },
    "orientation" : 30
  }, {
