{
  "field" : "golden",
  "symmetry" : "icosahedral",
  "orientations" : [ [ 1.0, 0.0, 0.0, 0.0, 0.0, 1.0, 0.0, 0.0, 0.0, 0.0, 1.0, 0.0, 0.0, 0.0, 0.0, 1.0 ], [ 0.0, 0.0, 1.0, 0.0, 1.0, 0.0, 0.0, 0.0, 0.0, 1.0, 0.0, 0.0, 0.0, 0.0, 0.0, 1.0 ], [ 0.0, 1.0, 0.0, 0.0, 0.0, 0.0, 1.0, 0.0, 1.0, 0.0, 0.0, 0.0, 0.0, 0.0, 0.0, 1.0 ], [ 0.809017, 0.309017, 0.5, 0.0, 0.309017, 0.5, -0.809017, 0.0, -0.5, 0.809017, 0.309017, 0.0, 0.0, 0.0, 0.0, 1.0 ], [ -0.5, 0.809017, 0.309017, 0.0, 0.809017, 0.309017, 0.5, 0.0, 0.309017, 0.5, -0.809017, 0.0, 0.0, 0.0, 0.0, 1.0 ], [ 0.309017, 0.5, -0.809017, 0.0, -0.5, 0.809017, 0.309017, 0.0, 0.809017, 0.309017, 0.5, 0.0, 0.0, 0.0, 0.0, 1.0 ], [ 0.5, 0.809017, 0.309017, 0.0, 0.809017, -0.309017, -0.5, 0.0, -0.309017, 0.5, -0.809017, 0.0, 0.0, 0.0, 0.0, 1.0 ], [ -0.309017, 0.5, -0.809017, 0.0, 0.5, 0.809017, 0.309017, 0.0, 0.809017, -0.309017, -0.5, 0.0, 0.0, 0.0, 0.0, 1.0 ], [ 0.809017, -0.309017, -0.5, 0.0, -0.309017, 0.5, -0.809017, 0.0, 0.5, 0.809017, 0.309017, 0.0, 0.0, 0.0, 0.0, 1.0 ], [ 0.5, 0.809017, -0.309017, 0.0, 0.809017, -0.309017, 0.5, 0.0, 0.309017, -0.5, -0.809017, 0.0, 0.0, 0.0, 0.0, 1.0 ], [ 0.309017, -0.5, -0.809017, 0.0, 0.5, 0.809017, -0.309017, 0.0, 0.809017, -0.309017, 0.5, 0.0, 0.0, 0.0, 0.0, 1.0 ], [ 0.809017, -0.309017, 0.5, 0.0, 0.309017, -0.5, -0.809017, 0.0, 0.5, 0.809017, -0.309017, 0.0, 0.0, 0.0, 0.0, 1.0 ], [ 0.809017, 0.309017, -0.5, 0.0, 0.309017, 0.5, 0.809017, 0.0, 0.5, -0.809017, 0.309017, 0.0, 0.0, 0.0, 0.0, 1.0 ], [ 0.5, -0.809017, 0.309017, 0.0, 0.809017, 0.309017, -0.5, 0.0, 0.309017, 0.5, 0.809017, 0.0, 0.0, 0.0, 0.0, 1.0 ], [ 0.309017, 0.5, 0.809017, 0.0, 0.5, -0.809017, 0.309017, 0.0, 0.809017, 0.309017, -0.5, 0.0, 0.0, 0.0, 0.0, 1.0 ], [ 1.0, 0.0, 0.0, 0.0, 0.0, -1.0, 0.0, 0.0, 0.0, 0.0, -1.0, 0.0, 0.0, 0.0, 0.0, 1.0 ], [ 0.0, 0.0, 1.0, 0.0, -1.0, 0.0, 0.0, 0.0, 0.0, -1.0, 0.0, 0.0, 0.0, 0.0, 0.0, 1.0 ], [ 0.0, 1.0, 0.0, 0.0, 0.0, 0.0, -1.0, 0.0, -1.0, 0.0, 0.0, 0.0, 0.0, 0.0, 0.0, 1.0 ], [ 0.809017, 0.309017, 0.5, 0.0, -0.309017, -0.5, 0.809017, 0.0, 0.5, -0.809017, -0.309017, 0.0, 0.0, 0.0, 0.0, 1.0 ], [ -0.5, 0.809017, 0.309017, 0.0, -0.809017, -0.309017, -0.5, 0.0, -0.309017, -0.5, 0.809017, 0.0, 0.0, 0.0, 0.0, 1.0 ], [ 0.309017, 0.5, -0.809017, 0.0, 0.5, -0.809017, -0.309017, 0.0, -0.809017, -0.309017, -0.5, 0.0, 0.0, 0.0, 0.0, 1.0 ], [ 0.5, 0.809017, 0.309017, 0.0, -0.809017, 0.309017, 0.5, 0.0, 0.309017, -0.5, 0.809017, 0.0, 0.0, 0.0, 0.0, 1.0 ], [ -0.309017, 0.5, -0.809017, 0.0, -0.5, -0.809017, -0.309017, 0.0, -0.809017, 0.309017, 0.5, 0.0, 0.0, 0.0, 0.0, 1.0 ], [ 0.809017, -0.309017, -0.5, 0.0, 0.309017, -0.5, 0.809017, 0.0, -0.5, -0.809017, -0.309017, 0.0, 0.0, 0.0, 0.0, 1.0 ], [ 0.5, 0.809017, -0.309017, 0.0, -0.809017, 0.309017, -0.5, 0.0, -0.309017, 0.5, 0.809017, 0.0, 0.0, 0.0, 0.0, 1.0 ], [ 0.309017, -0.5, -0.809017, 0.0, -0.5, -0.809017, 0.309017, 0.0, -0.809017, 0.309017, -0.5, 0.0, 0.0, 0.0, 0.0, 1.0 ], [ 0.809017, -0.309017, 0.5, 0.0, -0.309017, 0.5, 0.809017, 0.0, -0.5, -0.809017, 0.309017, 0.0, 0.0, 0.0, 0.0, 1.0 ], [ 0.809017, 0.309017, -0.5, 0.0, -0.309017, -0.5, -0.809017, 0.0, -0.5, 0.809017, -0.309017, 0.0, 0.0, 0.0, 0.0, 1.0 ], [ 0.5, -0.809017, 0.309017, 0.0, -0.809017, -0.309017, 0.5, 0.0, -0.309017, -0.5, -0.809017, 0.0, 0.0, 0.0, 0.0, 1.0 ], [ 0.309017, 0.5, 0.809017, 0.0, -0.5, 0.809017, -0.309017, 0.0, -0.809017, -0.309017, 0.5, 0.0, 0.0, 0.0, 0.0, 1.0 ], [ -1.0, 0.0, 0.0, 0.0, 0.0, -1.0, 0.0, 0.0, 0.0, 0.0, 1.0, 0.0, 0.0, 0.0, 0.0, 1.0 ], [ 0.0, 0.0, -1.0, 0.0, -1.0, 0.0, 0.0, 0.0, 0.0, 1.0, 0.0, 0.0, 0.0, 0.0, 0.0, 1.0 ], [ 0.0, -1.0, 0.0, 0.0, 0.0, 0.0, -1.0, 0.0, 1.0, 0.0, 0.0, 0.0, 0.0, 0.0, 0.0, 1.0 ], [ -0.809017, -0.309017, -0.5, 0.0, -0.309017, -0.5, 0.809017, 0.0, -0.5, 0.809017, 0.309017, 0.0, 0.0, 0.0, 0.0, 1.0 ], [ 0.5, -0.809017, -0.309017, 0.0, -0.809017, -0.309017, -0.5, 0.0, 0.309017, 0.5, -0.809017, 0.0, 0.0, 0.0, 0.0, 1.0 ], [ -0.309017, -0.5, 0.809017, 0.0, 0.5, -0.809017, -0.309017, 0.0, 0.809017, 0.309017, 0.5, 0.0, 0.0, 0.0, 0.0, 1.0 ], [ -0.5, -0.809017, -0.309017, 0.0, -0.809017, 0.309017, 0.5, 0.0, -0.309017, 0.5, -0.809017, 0.0, 0.0, 0.0, 0.0, 1.0 ], [ 0.309017, -0.5, 0.809017, 0.0, -0.5, -0.809017, -0.309017, 0.0, 0.809017, -0.309017, -0.5, 0.0, 0.0, 0.0, 0.0, 1.0 ], [ -0.809017, 0.309017, 0.5, 0.0, 0.309017, -0.5, 0.809017, 0.0, 0.5, 0.809017, 0.309017, 0.0, 0.0, 0.0, 0.0, 1.0 ], [ -0.5, -0.809017, 0.309017, 0.0, -0.809017, 0.309017, -0.5, 0.0, 0.309017, -0.5, -0.809017, 0.0, 0.0, 0.0, 0.0, 1.0 ], [ -0.309017, 0.5, 0.809017, 0.0, -0.5, -0.809017, 0.309017, 0.0, 0.809017, -0.309017, 0.5, 0.0, 0.0, 0.0, 0.0, 1.0 ], [ -0.809017, 0.309017, -0.5, 0.0, -0.309017, 0.5, 0.809017, 0.0, 0.5, 0.809017, -0.309017, 0.0, 0.0, 0.0, 0.0, 1.0 ], [ -0.809017, -0.309017, 0.5, 0.0, -0.309017, -0.5, -0.809017, 0.0, 0.5, -0.809017, 0.309017, 0.0, 0.0, 0.0, 0.0, 1.0 ], [ -0.5, 0.809017, -0.309017, 0.0, -0.809017, -0.309017, 0.5, 0.0, 0.309017, 0.5, 0.809017, 0.0, 0.0, 0.0, 0.0, 1.0 ], [ -0.309017, -0.5, -0.809017, 0.0, -0.5, 0.809017, -0.309017, 0.0, 0.809017, 0.309017, -0.5, 0.0, 0.0, 0.0, 0.0, 1.0 ], [ -1.0, 0.0, 0.0, 0.0, 0.0, 1.0, 0.0, 0.0, 0.0, 0.0, -1.0, 0.0, 0.0, 0.0, 0.0, 1.0 ], [ 0.0, 0.0, -1.0, 0.0, 1.0, 0.0, 0.0, 0.0, 0.0, -1.0, 0.0, 0.0, 0.0, 0.0, 0.0, 1.0 ], [ 0.0, -1.0, 0.0, 0.0, 0.0, 0.0, 1.0, 0.0, -1.0, 0.0, 0.0, 0.0, 0.0, 0.0, 0.0, 1.0 ], [ -0.809017, -0.309017, -0.5, 0.0, 0.309017, 0.5, -0.809017, 0.0, 0.5, -0.809017, -0.309017, 0.0, 0.0, 0.0, 0.0, 1.0 ], [ 0.5, -0.809017, -0.309017, 0.0, 0.809017, 0.309017, 0.5, 0.0, -0.309017, -0.5, 0.809017, 0.0, 0.0, 0.0, 0.0, 1.0 ], [ -0.309017, -0.5, 0.809017, 0.0, -0.5, 0.809017, 0.309017, 0.0, -0.809017, -0.309017, -0.5, 0.0, 0.0, 0.0, 0.0, 1.0 ], [ -0.5, -0.809017, -0.309017, 0.0, 0.809017, -0.309017, -0.5, 0.0, 0.309017, -0.5, 0.809017, 0.0, 0.0, 0.0, 0.0, 1.0 ], [ 0.309017, -0.5, 0.809017, 0.0, 0.5, 0.809017, 0.309017, 0.0, -0.809017, 0.309017, 0.5, 0.0, 0.0, 0.0, 0.0, 1.0 ], [ -0.809017, 0.309017, 0.5, 0.0, -0.309017, 0.5, -0.809017, 0.0, -0.5, -0.809017, -0.309017, 0.0, 0.0, 0.0, 0.0, 1.0 ], [ -0.5, -0.809017, 0.309017, 0.0, 0.809017, -0.309017, 0.5, 0.0, -0.309017, 0.5, 0.809017, 0.0, 0.0, 0.0, 0.0, 1.0 ], [ -0.309017, 0.5, 0.809017, 0.0, 0.5, 0.809017, -0.309017, 0.0, -0.809017, 0.309017, -0.5, 0.0, 0.0, 0.0, 0.0, 1.0 ], [ -0.809017, 0.309017, -0.5, 0.0, 0.309017, -0.5, -0.809017, 0.0, -0.5, -0.809017, 0.309017, 0.0, 0.0, 0.0, 0.0, 1.0 ], [ -0.809017, -0.309017, 0.5, 0.0, 0.309017, 0.5, 0.809017, 0.0, -0.5, 0.809017, -0.309017, 0.0, 0.0, 0.0, 0.0, 1.0 ], [ -0.5, 0.809017, -0.309017, 0.0, 0.809017, 0.309017, -0.5, 0.0, -0.309017, -0.5, -0.809017, 0.0, 0.0, 0.0, 0.0, 1.0 ], [ -0.309017, -0.5, -0.809017, 0.0, 0.5, -0.809017, 0.309017, 0.0, -0.809017, -0.309017, 0.5, 0.0, 0.0, 0.0, 0.0, 1.0 ] ],
  "lights" : {
    "backgroundColor" : "#2B3842",
    "ambientColor" : "#292929",
    "directionalLights" : [ {
      "direction" : {
        "x" : 1.0,
        "y" : -1.0,
        "z" : -1.0
      },
      "color" : "#EBEBE4"
    }, {
      "direction" : {
        "x" : -1.0,
        "y" : 0.0,
        "z" : 0.0
      },
      "color" : "#E4E4EB"
    }, {
      "direction" : {
        "x" : 0.0,
        "y" : 0.0,
        "z" : -1.0
      },
      "color" : "#1E1E1E"
    } ]
  },
  "camera" : {
    "viewDistance" : 190.35284,
    "nearClipDistance" : 0.4758816,
    "farClipDistance" : 380.70508,
    "lookAtPoint" : {
      "x" : 57.45085,
      "y" : 35.888542,
      "z" : 26.416409
    },
    "fieldOfView" : 0.44262865,
    "perspective" : true,
    "lookDirection" : {
      "x" : -0.06760245,
      "y" : -0.9731765,
      "z" : -0.21990427
    },
    "upDirection" : {
      "x" : 0.9954229,
      "y" : -0.05086924,
      "z" : -0.08088801
    },
    "width" : 85.65873,
    "stereo" : false,
    "position" : {
      "x" : 70.31917,
      "y" : 221.13547,
      "z" : 68.27582
    }
  },
  "embedding" : [ 1.0, 0.0, 0.0, 0.0, 0.0, 1.0, 0.0, 0.0, 0.0, 0.0, 1.0, 0.0, 0.0, 0.0, 0.0, 1.0 ],
  "shapes" : [ {
    "id" : "b95a7620-070e-4695-a553-f8ff8e5dc6fa",
    "vertices" : [ {
      "x" : -0.309017,
      "y" : -0.19098301,
      "z" : 0.0
    }, {
      "x" : -0.309017,
      "y" : 0.19098301,
      "z" : 0.0
    }, {
      "x" : -0.19098301,
      "y" : 0.0,
      "z" : -0.309017
    }, {
      "x" : -0.19098301,
      "y" : 0.0,
      "z" : 0.309017
    }, {
      "x" : 0.0,
      "y" : -0.309017,
      "z" : -0.19098301
    }, {
      "x" : 0.0,
      "y" : -0.309017,
      "z" : 0.19098301
    }, {
      "x" : 0.0,
      "y" : 0.309017,
      "z" : -0.19098301
    }, {
      "x" : 0.0,
      "y" : 0.309017,
      "z" : 0.19098301
    }, {
      "x" : 0.19098301,
      "y" : 0.0,
      "z" : -0.309017
    }, {
      "x" : 0.19098301,
      "y" : 0.0,
      "z" : 0.309017
    }, {
      "x" : 0.309017,
      "y" : -0.19098301,
      "z" : 0.0
    }, {
      "x" : 0.309017,
      "y" : 0.19098301,
      "z" : 0.0
    } ],
    "faces" : [ {
      "vertices" : [ 0, 1, 2 ]
    }, {
      "vertices" : [ 0, 3, 1 ]
    }, {
      "vertices" : [ 0, 2, 4 ]
    }, {
      "vertices" : [ 0, 5, 3 ]
    }, {
      "vertices" : [ 0, 4, 5 ]
    }, {
      "vertices" : [ 1, 6, 2 ]
    }, {
      "vertices" : [ 1, 3, 7 ]
    }, {
      "vertices" : [ 1, 7, 6 ]
    }, {
      "vertices" : [ 2, 8, 4 ]
    }, {
      "vertices" : [ 2, 6, 8 ]
    }, {
      "vertices" : [ 3, 5, 9 ]
    }, {
      "vertices" : [ 3, 9, 7 ]
    }, {
      "vertices" : [ 4, 10, 5 ]
    }, {
      "vertices" : [ 4, 8, 10 ]
    }, {
      "vertices" : [ 5, 10, 9 ]
    }, {
      "vertices" : [ 6, 7, 11 ]
    }, {
      "vertices" : [ 6, 11, 8 ]
    }, {
      "vertices" : [ 7, 9, 11 ]
    }, {
      "vertices" : [ 8, 11, 10 ]
    }, {
      "vertices" : [ 9, 10, 11 ]
    } ]
  }, {
    "id" : "2be4b256-c84d-44b8-add3-934599d79d39",
    "vertices" : [ {
      "x" : 4.236068,
      "y" : 0.0,
      "z" : -1.618034
    }, {
      "x" : 3.927051,
      "y" : 0.0,
      "z" : -1.5
    }, {
      "x" : 3.5225425,
      "y" : -0.1545085,
      "z" : -1.059017
    }, {
      "x" : 3.3315594,
      "y" : -0.1545085,
      "z" : -1.559017
    }, {
      "x" : 0.9045085,
      "y" : -0.1545085,
      "z" : -0.059016995
    }, {
      "x" : 0.809017,
      "y" : 0.309017,
      "z" : -0.309017
    }, {
      "x" : 0.309017,
      "y" : 0.0,
      "z" : -0.11803399
    }, {
      "x" : 3.427051,
      "y" : 0.309017,
      "z" : -1.309017
    }, {
      "x" : 0.7135255,
      "y" : -0.1545085,
      "z" : -0.559017
    } ],
    "faces" : [ {
      "vertices" : [ 2, 4, 8 ]
    }, {
      "vertices" : [ 2, 8, 3 ]
    }, {
      "vertices" : [ 2, 7, 5 ]
    }, {
      "vertices" : [ 2, 5, 4 ]
    }, {
      "vertices" : [ 4, 6, 8 ]
    }, {
      "vertices" : [ 5, 8, 6 ]
    }, {
      "vertices" : [ 1, 2, 3 ]
    }, {
      "vertices" : [ 3, 8, 5 ]
    }, {
      "vertices" : [ 3, 5, 7 ]
    }, {
      "vertices" : [ 1, 7, 2 ]
    }, {
      "vertices" : [ 1, 3, 7 ]
    }, {
      "vertices" : [ 4, 5, 6 ]
    } ]
  }, {
    "id" : "b96ed814-9d12-43ab-9cdd-df36eacdcb1f",
    "vertices" : [ {
      "x" : 3.927051,
      "y" : 1.5,
      "z" : -0.572949
    }, {
      "x" : 3.545085,
      "y" : 1.045085,
      "z" : -0.38196602
    }, {
      "x" : 3.381966,
      "y" : 1.309017,
      "z" : -0.809017
    }, {
      "x" : 3.309017,
      "y" : 1.572949,
      "z" : -0.618034
    }, {
      "x" : 0.85410196,
      "y" : 0.309017,
      "z" : 0.19098301
    }, {
      "x" : 0.690983,
      "y" : 0.572949,
      "z" : -0.23606798
    }, {
      "x" : 0.309017,
      "y" : 0.11803399,
      "z" : -0.045084972
    }, {
      "x" : 0.76393205,
      "y" : 0.309017,
      "z" : -0.42705098
    }, {
      "x" : 0.927051,
      "y" : 0.045084972,
      "z" : 0.0
    }, {
      "x" : 3.472136,
      "y" : 1.309017,
      "z" : -0.19098301
    }, {
      "x" : 4.236068,
      "y" : 1.618034,
      "z" : -0.618034
    } ],
    "faces" : [ {
      "vertices" : [ 2, 7, 5 ]
    }, {
      "vertices" : [ 2, 5, 3 ]
    }, {
      "vertices" : [ 1, 8, 7 ]
    }, {
      "vertices" : [ 1, 7, 2 ]
    }, {
      "vertices" : [ 4, 6, 8 ]
    }, {
      "vertices" : [ 5, 7, 6 ]
    }, {
      "vertices" : [ 0, 1, 2 ]
    }, {
      "vertices" : [ 0, 2, 3 ]
    }, {
      "vertices" : [ 6, 7, 8 ]
    }, {
      "vertices" : [ 3, 5, 4 ]
    }, {
      "vertices" : [ 3, 4, 9 ]
    }, {
      "vertices" : [ 1, 9, 4 ]
    }, {
      "vertices" : [ 1, 4, 8 ]
    }, {
      "vertices" : [ 0, 9, 1 ]
    }, {
      "vertices" : [ 0, 3, 9 ]
    }, {
      "vertices" : [ 4, 5, 6 ]
    } ]
  }, {
    "id" : "fc9bc899-e3b4-46d2-bbe3-8a546ffa38f7",
    "vertices" : [ {
      "x" : 1.0,
      "y" : 0.309017,
      "z" : 0.19098301
    }, {
      "x" : 1.0,
      "y" : -0.309017,
      "z" : 0.19098301
    }, {
      "x" : 4.236068,
      "y" : -0.309017,
      "z" : 0.19098301
    }, {
      "x" : 4.236068,
      "y" : 0.309017,
      "z" : 0.19098301
    }, {
      "x" : 4.236068,
      "y" : -0.309017,
      "z" : -0.19098301
    }, {
      "x" : 4.236068,
      "y" : 0.309017,
      "z" : -0.19098301
    }, {
      "x" : 4.854102,
      "y" : 0.0,
      "z" : 0.0
    }, {
      "x" : 0.38196602,
      "y" : 0.0,
      "z" : 0.0
    }, {
      "x" : 1.0,
      "y" : 0.309017,
      "z" : -0.19098301
    }, {
      "x" : 1.0,
      "y" : -0.309017,
      "z" : -0.19098301
    }, {
      "x" : 5.236068,
      "y" : 0.0,
      "z" : 0.0
    } ],
    "faces" : [ {
      "vertices" : [ 1, 9, 4 ]
    }, {
      "vertices" : [ 1, 4, 2 ]
    }, {
      "vertices" : [ 0, 3, 5 ]
    }, {
      "vertices" : [ 0, 5, 8 ]
    }, {
      "vertices" : [ 1, 7, 9 ]
    }, {
      "vertices" : [ 0, 1, 2 ]
    }, {
      "vertices" : [ 0, 2, 3 ]
    }, {
      "vertices" : [ 7, 8, 9 ]
    }, {
      "vertices" : [ 0, 7, 1 ]
    }, {
      "vertices" : [ 4, 9, 8 ]
    }, {
      "vertices" : [ 4, 8, 5 ]
    }, {
      "vertices" : [ 2, 6, 3 ]
    }, {
      "vertices" : [ 2, 4, 6 ]
    }, {
      "vertices" : [ 3, 6, 5 ]
    }, {
      "vertices" : [ 4, 5, 6 ]
    }, {
      "vertices" : [ 0, 8, 7 ]
    } ]
  }, {
    "id" : "cd379071-7c49-4617-b4a4-842ef9ddd240",
    "vertices" : [ {
      "x" : 0.9045085,
      "y" : 0.3454915,
      "z" : 0.25
    }, {
      "x" : 3.5225425,
      "y" : 1.9635255,
      "z" : 0.25
    }, {
      "x" : 3.3315594,
      "y" : 2.2725425,
      "z" : 0.25
    }, {
      "x" : 0.7135255,
      "y" : 0.6545085,
      "z" : 0.25
    }, {
      "x" : 0.809017,
      "y" : 0.5,
      "z" : -0.309017
    }, {
      "x" : 0.9635255,
      "y" : 0.25,
      "z" : -0.095491506
    }, {
      "x" : 0.309017,
      "y" : 0.19098301,
      "z" : 0.0
    }, {
      "x" : 3.927051,
      "y" : 2.427051,
      "z" : 0.0
    }, {
      "x" : 3.2725425,
      "y" : 2.368034,
      "z" : -0.095491506
    }, {
      "x" : 3.427051,
      "y" : 2.118034,
      "z" : -0.309017
    }, {
      "x" : 4.236068,
      "y" : 2.618034,
      "z" : 0.0
    }, {
      "x" : 0.6545085,
      "y" : 0.75,
      "z" : -0.095491506
    }, {
      "x" : 3.5815594,
      "y" : 1.868034,
      "z" : -0.095491506
    } ],
    "faces" : [ {
      "vertices" : [ 4, 11, 8 ]
    }, {
      "vertices" : [ 4, 8, 9 ]
    }, {
      "vertices" : [ 0, 1, 2 ]
    }, {
      "vertices" : [ 0, 2, 3 ]
    }, {
      "vertices" : [ 0, 3, 6 ]
    }, {
      "vertices" : [ 1, 7, 2 ]
    }, {
      "vertices" : [ 0, 6, 5 ]
    }, {
      "vertices" : [ 4, 5, 6 ]
    }, {
      "vertices" : [ 2, 7, 8 ]
    }, {
      "vertices" : [ 0, 5, 12 ]
    }, {
      "vertices" : [ 0, 12, 1 ]
    }, {
      "vertices" : [ 1, 12, 7 ]
    }, {
      "vertices" : [ 3, 11, 6 ]
    }, {
      "vertices" : [ 4, 6, 11 ]
    }, {
      "vertices" : [ 7, 9, 8 ]
    }, {
      "vertices" : [ 2, 8, 11 ]
    }, {
      "vertices" : [ 2, 11, 3 ]
    }, {
      "vertices" : [ 7, 12, 9 ]
    }, {
      "vertices" : [ 4, 9, 12 ]
    }, {
      "vertices" : [ 4, 12, 5 ]
    } ]
  } ],
  "instances" : [ {
    "shape" : "b95a7620-070e-4695-a553-f8ff8e5dc6fa",
    "color" : "#FFFFFF",
    "position" : {
      "x" : -47.978714,
      "y" : -30.034441,
      "z" : -45.36068
    }
  }, {
    "shape" : "2be4b256-c84d-44b8-add3-934599d79d39",
    "color" : "#F0A000",
    "position" : {
      "x" : -29.652475,
      "y" : -57.45085,
      "z" : -32.652477
    },
    "orientation" : 5
  }, {
    "shape" : "b95a7620-070e-4695-a553-f8ff8e5dc6fa",
    "color" : "#FFFFFF",
    "position" : {
      "x" : -54.832817,
      "y" : -33.652477,
      "z" : -33.27051
    }
  }, {
    "shape" : "b95a7620-070e-4695-a553-f8ff8e5dc6fa",
    "color" : "#FFFFFF",
    "position" : {
      "x" : 50.59675,
      "y" : 31.034441,
      "z" : -41.742645
    }
  }, {
    "shape" : "b95a7620-070e-4695-a553-f8ff8e5dc6fa",
    "color" : "#FFFFFF",
    "position" : {
      "x" : -33.27051,
      "y" : 23.798374,
      "z" : -60.068882
    }
  }, {
    "shape" : "b96ed814-9d12-43ab-9cdd-df36eacdcb1f",
    "color" : "#008D36",
    "position" : {
      "x" : -21.562305,
      "y" : -16.944271,
      "z" : -67.54102
    },
    "orientation" : 51
  }, {
    "shape" : "b96ed814-9d12-43ab-9cdd-df36eacdcb1f",
    "color" : "#008D36",
    "position" : {
      "x" : -47.978714,
      "y" : -25.798374,
      "z" : -47.978714
    },
    "orientation" : 58
  }, {
    "shape" : "b95a7620-070e-4695-a553-f8ff8e5dc6fa",
    "color" : "#FFFFFF",
    "position" : {
      "x" : -10.09017,
      "y" : 6.854102,
      "z" : 71.39512
    }
  }, {
    "shape" : "b95a7620-070e-4695-a553-f8ff8e5dc6fa",
    "color" : "#FFFFFF",
    "position" : {
      "x" : -33.888542,
      "y" : 19.562305,
      "z" : -61.686916
    }
  }, {
    "shape" : "fc9bc899-e3b4-46d2-bbe3-8a546ffa38f7",
    "color" : "#007695",
    "position" : {
      "x" : 14.326238,
      "y" : -69.777084,
      "z" : 14.708204
    },
    "orientation" : 11
  }, {
    "shape" : "b95a7620-070e-4695-a553-f8ff8e5dc6fa",
    "color" : "#FFFFFF",
    "position" : {
      "x" : 6.854102,
      "y" : 71.39512,
      "z" : 10.09017
    }
  }, {
    "shape" : "b96ed814-9d12-43ab-9cdd-df36eacdcb1f",
    "color" : "#008D36",
    "position" : {
      "x" : -22.798374,
      "y" : -66.54102,
      "z" : -17.944271
    },
    "orientation" : 17
  }, {
    "shape" : "b95a7620-070e-4695-a553-f8ff8e5dc6fa",
    "color" : "#FFFFFF",
    "position" : {
      "x" : -10.472136,
      "y" : -38.12461,
      "z" : -60.686916
    }
  }, {
    "shape" : "cd379071-7c49-4617-b4a4-842ef9ddd240",
    "color" : "#AF0000",
    "position" : {
      "x" : -41.742645,
      "y" : 50.59675,
      "z" : 31.034441
    },
    "orientation" : 47
  }, {
    "shape" : "b95a7620-070e-4695-a553-f8ff8e5dc6fa",
    "color" : "#FFFFFF",
    "position" : {
      "x" : 54.832817,
      "y" : 36.888542,
      "z" : -30.034441
    }
  }, {
    "shape" : "b96ed814-9d12-43ab-9cdd-df36eacdcb1f",
    "color" : "#008D36",
    "position" : {
      "x" : 70.15905,
      "y" : -18.562305,
      "z" : -6.854102
    },
    "orientation" : 19
  }, {
    "shape" : "cd379071-7c49-4617-b4a4-842ef9ddd240",
    "color" : "#AF0000",
    "position" : {
      "x" : 40.506577,
      "y" : -31.652475,
      "z" : -51.214783
    },
    "orientation" : 46
  }, {
    "shape" : "fc9bc899-e3b4-46d2-bbe3-8a546ffa38f7",
    "color" : "#007695",
    "position" : {
      "x" : 49.214783,
      "y" : -13.708204,
      "z" : -52.214783
    },
    "orientation" : 9
  }, {
    "shape" : "b95a7620-070e-4695-a553-f8ff8e5dc6fa",
    "color" : "#FFFFFF",
    "position" : {
      "x" : 69.15905,
      "y" : 22.18034,
      "z" : 9.472136
    }
  }, {
    "shape" : "b95a7620-070e-4695-a553-f8ff8e5dc6fa",
    "color" : "#FFFFFF",
    "position" : {
      "x" : 70.777084,
      "y" : 11.09017,
      "z" : -11.708204
    }
  }, {
    "shape" : "b96ed814-9d12-43ab-9cdd-df36eacdcb1f",
    "color" : "#008D36",
    "position" : {
      "x" : -19.562305,
      "y" : -61.686916,
      "z" : -33.888542
    },
    "orientation" : 20
  }, {
    "shape" : "b95a7620-070e-4695-a553-f8ff8e5dc6fa",
    "color" : "#FFFFFF",
    "position" : {
      "x" : 53.832817,
      "y" : -40.506577,
      "z" : 27.416409
    }
  }, {
    "shape" : "b95a7620-070e-4695-a553-f8ff8e5dc6fa",
    "color" : "#FFFFFF",
    "position" : {
      "x" : 14.326238,
      "y" : 69.777084,
      "z" : 14.708204
    }
  }, {
    "shape" : "b95a7620-070e-4695-a553-f8ff8e5dc6fa",
    "color" : "#FFFFFF",
    "position" : {
      "x" : -21.562305,
      "y" : -52.832817,
      "z" : -45.36068
    }
  }, {
    "shape" : "b96ed814-9d12-43ab-9cdd-df36eacdcb1f",
    "color" : "#008D36",
    "position" : {
      "x" : 27.034441,
      "y" : 60.068882,
      "z" : -30.034441
    },
    "orientation" : 53
  }, {
    "shape" : "b96ed814-9d12-43ab-9cdd-df36eacdcb1f",
    "color" : "#008D36",
    "position" : {
      "x" : 48.59675,
      "y" : 21.562305,
      "z" : -49.59675
    },
    "orientation" : 19
  }, {
    "shape" : "b96ed814-9d12-43ab-9cdd-df36eacdcb1f",
    "color" : "#008D36",
    "position" : {
      "x" : 51.214783,
      "y" : 5.236068,
      "z" : 52.214783
    },
    "orientation" : 38
  }, {
    "shape" : "b95a7620-070e-4695-a553-f8ff8e5dc6fa",
    "color" : "#FFFFFF",
    "position" : {
      "x" : -21.562305,
      "y" : -49.59675,
      "z" : 48.59675
    }
  }, {
    "shape" : "2be4b256-c84d-44b8-add3-934599d79d39",
    "color" : "#F0A000",
    "position" : {
      "x" : -32.652477,
      "y" : 29.652475,
      "z" : -57.45085
    },
    "orientation" : 24
  }, {
    "shape" : "b96ed814-9d12-43ab-9cdd-df36eacdcb1f",
    "color" : "#008D36",
    "position" : {
      "x" : -52.214783,
      "y" : -49.214783,
      "z" : 13.708204
    },
    "orientation" : 51
  }, {
    "shape" : "b96ed814-9d12-43ab-9cdd-df36eacdcb1f",
    "color" : "#008D36",
    "position" : {
      "x" : 51.832817,
      "y" : 9.472136,
      "z" : -50.59675
    },
    "orientation" : 16
  }, {
    "shape" : "cd379071-7c49-4617-b4a4-842ef9ddd240",
    "color" : "#AF0000",
    "position" : {
      "x" : 21.18034,
      "y" : -68.15905,
      "z" : -13.09017
    },
    "orientation" : 47
  }, {
    "shape" : "b96ed814-9d12-43ab-9cdd-df36eacdcb1f",
    "color" : "#008D36",
    "position" : {
      "x" : 56.45085,
      "y" : -39.506577,
      "z" : 23.798374
    },
    "orientation" : 29
  }, {
    "shape" : "b95a7620-070e-4695-a553-f8ff8e5dc6fa",
    "color" : "#FFFFFF",
    "position" : {
      "x" : 66.54102,
      "y" : -13.708204,
      "z" : -25.416409
    }
  }, {
    "shape" : "b95a7620-070e-4695-a553-f8ff8e5dc6fa",
    "color" : "#FFFFFF",
    "position" : {
      "x" : -32.652477,
      "y" : -11.09017,
      "z" : -64.92299
    }
  }, {
    "shape" : "b95a7620-070e-4695-a553-f8ff8e5dc6fa",
    "color" : "#FFFFFF",
    "position" : {
      "x" : -11.09017,
      "y" : -69.777084,
      "z" : -17.944271
    }
  }, {
    "shape" : "fc9bc899-e3b4-46d2-bbe3-8a546ffa38f7",
    "color" : "#007695",
    "position" : {
      "x" : 6.854102,
      "y" : 59.686916,
      "z" : 42.742645
    },
    "orientation" : 41
  }, {
    "shape" : "fc9bc899-e3b4-46d2-bbe3-8a546ffa38f7",
    "color" : "#007695",
    "position" : {
      "x" : -52.214783,
      "y" : 33.652477,
      "z" : -37.506577
    },
    "orientation" : 25
  }, {
    "shape" : "b95a7620-070e-4695-a553-f8ff8e5dc6fa",
    "color" : "#FFFFFF",
    "position" : {
      "x" : -47.59675,
      "y" : -17.944271,
      "z" : 52.214783
    }
  }, {
    "shape" : "b95a7620-070e-4695-a553-f8ff8e5dc6fa",
    "color" : "#FFFFFF",
    "position" : {
      "x" : -33.652477,
      "y" : 33.27051,
      "z" : -54.832817
    }
  }, {
    "shape" : "2be4b256-c84d-44b8-add3-934599d79d39",
    "color" : "#F0A000",
    "position" : {
      "x" : 70.15905,
      "y" : 18.562305,
      "z" : -6.854102
    },
    "orientation" : 7
  }, {
    "shape" : "2be4b256-c84d-44b8-add3-934599d79d39",
    "color" : "#F0A000",
    "position" : {
      "x" : -17.944271,
      "y" : -55.45085,
      "z" : -44.36068
    },
    "orientation" : 0
  }, {
    "shape" : "2be4b256-c84d-44b8-add3-934599d79d39",
    "color" : "#F0A000",
    "position" : {
      "x" : 11.09017,
      "y" : -64.92299,
      "z" : 32.652477
    },
    "orientation" : 38
  }, {
    "shape" : "b95a7620-070e-4695-a553-f8ff8e5dc6fa",
    "color" : "#FFFFFF",
    "position" : {
      "x" : -29.652475,
      "y" : -64.92299,
      "z" : 13.09017
    }
  }, {
    "shape" : "b96ed814-9d12-43ab-9cdd-df36eacdcb1f",
    "color" : "#008D36",
    "position" : {
      "x" : -48.59675,
      "y" : 21.562305,
      "z" : -49.59675
    },
    "orientation" : 23
  }, {
    "shape" : "b95a7620-070e-4695-a553-f8ff8e5dc6fa",
    "color" : "#FFFFFF",
    "position" : {
      "x" : 2.618034,
      "y" : -38.12461,
      "z" : -61.686916
    }
  }, {
    "shape" : "b96ed814-9d12-43ab-9cdd-df36eacdcb1f",
    "color" : "#008D36",
    "position" : {
      "x" : -47.978714,
      "y" : -54.45085,
      "z" : 6.854102
    },
    "orientation" : 59
  }, {
    "shape" : "2be4b256-c84d-44b8-add3-934599d79d39",
    "color" : "#F0A000",
    "position" : {
      "x" : -59.068882,
      "y" : 36.506577,
      "z" : -22.18034
    },
    "orientation" : 39
  }, {
    "shape" : "b95a7620-070e-4695-a553-f8ff8e5dc6fa",
    "color" : "#FFFFFF",
    "position" : {
      "x" : 32.652477,
      "y" : -11.09017,
      "z" : -64.92299
    }
  }, {
    "shape" : "b96ed814-9d12-43ab-9cdd-df36eacdcb1f",
    "color" : "#008D36",
    "position" : {
      "x" : 71.39512,
      "y" : 11.708204,
      "z" : -2.618034
    },
    "orientation" : 58
  }, {
    "shape" : "b95a7620-070e-4695-a553-f8ff8e5dc6fa",
    "color" : "#FFFFFF",
    "position" : {
      "x" : -13.708204,
      "y" : 65.92299,
      "z" : -29.034441
    }
  }, {
    "shape" : "b95a7620-070e-4695-a553-f8ff8e5dc6fa",
    "color" : "#FFFFFF",
    "position" : {
      "x" : 60.686916,
      "y" : -10.472136,
      "z" : -38.12461
    }
  }, {
    "shape" : "b95a7620-070e-4695-a553-f8ff8e5dc6fa",
    "color" : "#FFFFFF",
    "position" : {
      "x" : 68.15905,
      "y" : -27.416409,
      "z" : -2.618034
    }
  }, {
    "shape" : "2be4b256-c84d-44b8-add3-934599d79d39",
    "color" : "#F0A000",
    "position" : {
      "x" : -21.562305,
      "y" : 25.416409,
      "z" : 64.304955
    },
    "orientation" : 30
  }, {
    "shape" : "b95a7620-070e-4695-a553-f8ff8e5dc6fa",
    "color" : "#FFFFFF",
    "position" : {
      "x" : 9.472136,
      "y" : -57.068882,
      "z" : 45.36068
    }
  }, {
    "shape" : "b95a7620-070e-4695-a553-f8ff8e5dc6fa",
    "color" : "#FFFFFF",
    "position" : {
      "x" : -36.888542,
      "y" : -34.27051,
      "z" : 52.214783
    }
  }, {
    "shape" : "b95a7620-070e-4695-a553-f8ff8e5dc6fa",
    "color" : "#FFFFFF",
    "position" : {
      "x" : -46.978714,
      "y" : 54.45085,
      "z" : -10.472136
    }
  }, {
    "shape" : "2be4b256-c84d-44b8-add3-934599d79d39",
    "color" : "#F0A000",
    "position" : {
      "x" : -44.36068,
      "y" : -17.944271,
      "z" : -55.45085
    },
    "orientation" : 1
  }, {
    "shape" : "b95a7620-070e-4695-a553-f8ff8e5dc6fa",
    "color" : "#FFFFFF",
    "position" : {
      "x" : -38.12461,
      "y" : 60.686916,
      "z" : -10.472136
    }
  }, {
    "shape" : "cd379071-7c49-4617-b4a4-842ef9ddd240",
    "color" : "#AF0000",
    "position" : {
      "x" : 31.034441,
      "y" : 41.742645,
      "z" : 50.59675
    },
    "orientation" : 45
  }, {
    "shape" : "2be4b256-c84d-44b8-add3-934599d79d39",
    "color" : "#F0A000",
    "position" : {
      "x" : -45.36068,
      "y" : 9.472136,
      "z" : -57.068882
    },
    "orientation" : 24
  }, {
    "shape" : "b96ed814-9d12-43ab-9cdd-df36eacdcb1f",
    "color" : "#008D36",
    "position" : {
      "x" : 6.854102,
      "y" : -70.15905,
      "z" : -18.562305
    },
    "orientation" : 20
  }, {
    "shape" : "fc9bc899-e3b4-46d2-bbe3-8a546ffa38f7",
    "color" : "#007695",
    "position" : {
      "x" : 68.15905,
      "y" : 27.416409,
      "z" : -2.618034
    },
    "orientation" : 2
  }, {
    "shape" : "b95a7620-070e-4695-a553-f8ff8e5dc6fa",
    "color" : "#FFFFFF",
    "position" : {
      "x" : -70.15905,
      "y" : -18.562305,
      "z" : 6.854102
    }
  }, {
    "shape" : "b96ed814-9d12-43ab-9cdd-df36eacdcb1f",
    "color" : "#008D36",
    "position" : {
      "x" : -11.472136,
      "y" : -41.742645,
      "z" : 58.068882
    },
    "orientation" : 24
  }, {
    "shape" : "fc9bc899-e3b4-46d2-bbe3-8a546ffa38f7",
    "color" : "#007695",
    "position" : {
      "x" : 17.944271,
      "y" : 64.304955,
      "z" : 29.652475
    },
    "orientation" : 37
  }, {
    "shape" : "b95a7620-070e-4695-a553-f8ff8e5dc6fa",
    "color" : "#FFFFFF",
    "position" : {
      "x" : -49.214783,
      "y" : -13.708204,
      "z" : 52.214783
    }
  }, {
    "shape" : "b95a7620-070e-4695-a553-f8ff8e5dc6fa",
    "color" : "#FFFFFF",
    "position" : {
      "x" : -30.034441,
      "y" : 48.59675,
      "z" : -44.742645
    }
  }, {
    "shape" : "b95a7620-070e-4695-a553-f8ff8e5dc6fa",
    "color" : "#FFFFFF",
    "position" : {
      "x" : 69.777084,
      "y" : 10.472136,
      "z" : 16.944271
    }
  }, {
    "shape" : "fc9bc899-e3b4-46d2-bbe3-8a546ffa38f7",
    "color" : "#007695",
    "position" : {
      "x" : -62.686916,
      "y" : 25.798374,
      "z" : -25.416409
    },
    "orientation" : 6
  }, {
    "shape" : "cd379071-7c49-4617-b4a4-842ef9ddd240",
    "color" : "#AF0000",
    "position" : {
      "x" : 36.506577,
      "y" : 62.30495,
      "z" : -6.854102
    },
    "orientation" : 15
  }, {
    "shape" : "b96ed814-9d12-43ab-9cdd-df36eacdcb1f",
    "color" : "#008D36",
    "position" : {
      "x" : -45.978714,
      "y" : 51.214783,
      "z" : 22.562305
    },
    "orientation" : 33
  }, {
    "shape" : "b95a7620-070e-4695-a553-f8ff8e5dc6fa",
    "color" : "#FFFFFF",
    "position" : {
      "x" : 71.39512,
      "y" : 2.618034,
      "z" : -12.708204
    }
  }, {
    "shape" : "b95a7620-070e-4695-a553-f8ff8e5dc6fa",
    "color" : "#FFFFFF",
    "position" : {
      "x" : -2.618034,
      "y" : -12.708204,
      "z" : 71.39512
    }
  }, {
    "shape" : "b95a7620-070e-4695-a553-f8ff8e5dc6fa",
    "color" : "#FFFFFF",
    "position" : {
      "x" : 33.27051,
      "y" : -23.798374,
      "z" : -60.068882
    }
  }, {
    "shape" : "b96ed814-9d12-43ab-9cdd-df36eacdcb1f",
    "color" : "#008D36",
    "position" : {
      "x" : -62.686916,
      "y" : -25.798374,
      "z" : -25.416409
    },
    "orientation" : 44
  }, {
    "shape" : "2be4b256-c84d-44b8-add3-934599d79d39",
    "color" : "#F0A000",
    "position" : {
      "x" : -25.416409,
      "y" : -64.304955,
      "z" : -21.562305
    },
    "orientation" : 17
  }, {
    "shape" : "b95a7620-070e-4695-a553-f8ff8e5dc6fa",
    "color" : "#FFFFFF",
    "position" : {
      "x" : -18.562305,
      "y" : -68.15905,
      "z" : -17.326239
    }
  }, {
    "shape" : "fc9bc899-e3b4-46d2-bbe3-8a546ffa38f7",
    "color" : "#007695",
    "position" : {
      "x" : 47.978714,
      "y" : 5.236068,
      "z" : -55.45085
    },
    "orientation" : 54
  }, {
    "shape" : "b96ed814-9d12-43ab-9cdd-df36eacdcb1f",
    "color" : "#008D36",
    "position" : {
      "x" : -25.416409,
      "y" : -17.944271,
      "z" : -65.92299
    },
    "orientation" : 46
  }, {
    "shape" : "b96ed814-9d12-43ab-9cdd-df36eacdcb1f",
    "color" : "#008D36",
    "position" : {
      "x" : 4.236068,
      "y" : -70.777084,
      "z" : -15.944272
    },
    "orientation" : 59
  }, {
    "shape" : "b95a7620-070e-4695-a553-f8ff8e5dc6fa",
    "color" : "#FFFFFF",
    "position" : {
      "x" : 6.854102,
      "y" : -59.686916,
      "z" : 42.742645
    }
  }, {
    "shape" : "2be4b256-c84d-44b8-add3-934599d79d39",
    "color" : "#F0A000",
    "position" : {
      "x" : -19.562305,
      "y" : 58.068882,
      "z" : 40.12461
    },
    "orientation" : 3
  }, {
    "shape" : "b95a7620-070e-4695-a553-f8ff8e5dc6fa",
    "color" : "#FFFFFF",
    "position" : {
      "x" : -21.562305,
      "y" : -52.832817,
      "z" : 45.36068
    }
  }, {
    "shape" : "cd379071-7c49-4617-b4a4-842ef9ddd240",
    "color" : "#AF0000",
    "position" : {
      "x" : 25.416409,
      "y" : 66.54102,
      "z" : 13.708204
    },
    "orientation" : 32
  }, {
    "shape" : "b96ed814-9d12-43ab-9cdd-df36eacdcb1f",
    "color" : "#008D36",
    "position" : {
      "x" : 45.978714,
      "y" : -13.708204,
      "z" : -55.45085
    },
    "orientation" : 58
  }, {
    "shape" : "b95a7620-070e-4695-a553-f8ff8e5dc6fa",
    "color" : "#FFFFFF",
    "position" : {
      "x" : 49.59675,
      "y" : 48.59675,
      "z" : -21.562305
    }
  }, {
    "shape" : "b96ed814-9d12-43ab-9cdd-df36eacdcb1f",
    "color" : "#008D36",
    "position" : {
      "x" : 47.978714,
      "y" : -25.798374,
      "z" : -47.978714
    },
    "orientation" : 46
  }, {
    "shape" : "b95a7620-070e-4695-a553-f8ff8e5dc6fa",
    "color" : "#FFFFFF",
    "position" : {
      "x" : 19.562305,
      "y" : -61.686916,
      "z" : -33.888542
    }
  }, {
    "shape" : "b95a7620-070e-4695-a553-f8ff8e5dc6fa",
    "color" : "#FFFFFF",
    "position" : {
      "x" : 69.15905,
      "y" : 23.798374,
      "z" : 5.236068
    }
  }, {
    "shape" : "fc9bc899-e3b4-46d2-bbe3-8a546ffa38f7",
    "color" : "#007695",
    "position" : {
      "x" : -16.944271,
      "y" : -69.777084,
      "z" : -10.472136
    },
    "orientation" : 56
  }, {
    "shape" : "2be4b256-c84d-44b8-add3-934599d79d39",
    "color" : "#F0A000",
    "position" : {
      "x" : -41.742645,
      "y" : -58.068882,
      "z" : 11.472136
    },
    "orientation" : 4
  }, {
    "shape" : "b96ed814-9d12-43ab-9cdd-df36eacdcb1f",
    "color" : "#008D36",
    "position" : {
      "x" : -63.30495,
      "y" : 10.472136,
      "z" : 33.888542
    },
    "orientation" : 34
  }, {
    "shape" : "b96ed814-9d12-43ab-9cdd-df36eacdcb1f",
    "color" : "#008D36",
    "position" : {
      "x" : -70.15905,
      "y" : -20.18034,
      "z" : -2.618034
    },
    "orientation" : 25
  }, {
    "shape" : "fc9bc899-e3b4-46d2-bbe3-8a546ffa38f7",
    "color" : "#007695",
    "position" : {
      "x" : 11.09017,
      "y" : -64.92299,
      "z" : -32.652477
    },
    "orientation" : 52
  }, {
    "shape" : "b95a7620-070e-4695-a553-f8ff8e5dc6fa",
    "color" : "#FFFFFF",
    "position" : {
      "x" : -22.562305,
      "y" : 45.978714,
      "z" : 51.214783
    }
  }, {
    "shape" : "fc9bc899-e3b4-46d2-bbe3-8a546ffa38f7",
    "color" : "#007695",
    "position" : {
      "x" : -68.15905,
      "y" : -13.09017,
      "z" : 21.18034
    },
    "orientation" : 55
  }, {
    "shape" : "b95a7620-070e-4695-a553-f8ff8e5dc6fa",
    "color" : "#FFFFFF",
    "position" : {
      "x" : 24.798374,
      "y" : 13.708204,
      "z" : -67.54102
    }
  }, {
    "shape" : "b96ed814-9d12-43ab-9cdd-df36eacdcb1f",
    "color" : "#008D36",
    "position" : {
      "x" : 26.416409,
      "y" : -57.45085,
      "z" : 35.888542
    },
    "orientation" : 35
  }, {
    "shape" : "b95a7620-070e-4695-a553-f8ff8e5dc6fa",
    "color" : "#FFFFFF",
    "position" : {
      "x" : 10.472136,
      "y" : 46.978714,
      "z" : 54.45085
    }
  }, {
    "shape" : "b96ed814-9d12-43ab-9cdd-df36eacdcb1f",
    "color" : "#008D36",
    "position" : {
      "x" : 56.45085,
      "y" : -3.618034,
      "z" : 45.978714
    },
    "orientation" : 35
  }, {
    "shape" : "b95a7620-070e-4695-a553-f8ff8e5dc6fa",
    "color" : "#FFFFFF",
    "position" : {
      "x" : -47.978714,
      "y" : -54.45085,
      "z" : 6.854102
    }
  }, {
    "shape" : "b96ed814-9d12-43ab-9cdd-df36eacdcb1f",
    "color" : "#008D36",
    "position" : {
      "x" : 34.27051,
      "y" : -52.214783,
      "z" : -36.888542
    },
    "orientation" : 56
  }, {
    "shape" : "b95a7620-070e-4695-a553-f8ff8e5dc6fa",
    "color" : "#FFFFFF",
    "position" : {
      "x" : -16.944271,
      "y" : 60.686916,
      "z" : 37.506577
    }
  }, {
    "shape" : "2be4b256-c84d-44b8-add3-934599d79d39",
    "color" : "#F0A000",
    "position" : {
      "x" : -21.562305,
      "y" : -49.59675,
      "z" : 48.59675
    },
    "orientation" : 8
  }, {
    "shape" : "b96ed814-9d12-43ab-9cdd-df36eacdcb1f",
    "color" : "#008D36",
    "position" : {
      "x" : 14.09017,
      "y" : -44.36068,
      "z" : 55.45085
    },
    "orientation" : 33
  }, {
    "shape" : "fc9bc899-e3b4-46d2-bbe3-8a546ffa38f7",
    "color" : "#007695",
    "position" : {
      "x" : 17.944271,
      "y" : -64.304955,
      "z" : -29.652475
    },
    "orientation" : 52
  }, {
    "shape" : "b96ed814-9d12-43ab-9cdd-df36eacdcb1f",
    "color" : "#008D36",
    "position" : {
      "x" : -21.18034,
      "y" : 65.92299,
      "z" : 22.18034
    },
    "orientation" : 0
  }, {
    "shape" : "cd379071-7c49-4617-b4a4-842ef9ddd240",
    "color" : "#AF0000",
    "position" : {
      "x" : -31.652475,
      "y" : -51.214783,
      "z" : -40.506577
    },
    "orientation" : 15
  }, {
    "shape" : "2be4b256-c84d-44b8-add3-934599d79d39",
    "color" : "#F0A000",
    "position" : {
      "x" : -13.708204,
      "y" : 67.54102,
      "z" : 24.798374
    },
    "orientation" : 2
  }, {
    "shape" : "b95a7620-070e-4695-a553-f8ff8e5dc6fa",
    "color" : "#FFFFFF",
    "position" : {
      "x" : 45.978714,
      "y" : 56.45085,
      "z" : -3.618034
    }
  }, {
    "shape" : "2be4b256-c84d-44b8-add3-934599d79d39",
    "color" : "#F0A000",
    "position" : {
      "x" : 67.54102,
      "y" : -24.798374,
      "z" : -13.708204
    },
    "orientation" : 16
  }, {
    "shape" : "b96ed814-9d12-43ab-9cdd-df36eacdcb1f",
    "color" : "#008D36",
    "position" : {
      "x" : -17.944271,
      "y" : -11.09017,
      "z" : 69.777084
    },
    "orientation" : 57
  }, {
    "shape" : "b95a7620-070e-4695-a553-f8ff8e5dc6fa",
    "color" : "#FFFFFF",
    "position" : {
      "x" : -17.326239,
      "y" : 49.59675,
      "z" : -50.214783
    }
  }, {
    "shape" : "b95a7620-070e-4695-a553-f8ff8e5dc6fa",
    "color" : "#FFFFFF",
    "position" : {
      "x" : -64.304955,
      "y" : 29.652475,
      "z" : -17.944271
    }
  }, {
    "shape" : "b96ed814-9d12-43ab-9cdd-df36eacdcb1f",
    "color" : "#008D36",
    "position" : {
      "x" : 64.304955,
      "y" : -21.562305,
      "z" : 25.416409
    },
    "orientation" : 29
  }, {
    "shape" : "b95a7620-070e-4695-a553-f8ff8e5dc6fa",
    "color" : "#FFFFFF",
    "position" : {
      "x" : 45.36068,
      "y" : 2.618034,
      "z" : -58.068882
    }
  }, {
    "shape" : "b95a7620-070e-4695-a553-f8ff8e5dc6fa",
    "color" : "#FFFFFF",
    "position" : {
      "x" : -50.59675,
      "y" : -26.798374,
      "z" : 44.36068
    }
  }, {
    "shape" : "b95a7620-070e-4695-a553-f8ff8e5dc6fa",
    "color" : "#FFFFFF",
    "position" : {
      "x" : 25.416409,
      "y" : -17.944271,
      "z" : -65.92299
    }
  }, {
    "shape" : "b95a7620-070e-4695-a553-f8ff8e5dc6fa",
    "color" : "#FFFFFF",
    "position" : {
      "x" : 51.214783,
      "y" : 22.562305,
      "z" : -45.978714
    }
  }, {
    "shape" : "b96ed814-9d12-43ab-9cdd-df36eacdcb1f",
    "color" : "#008D36",
    "position" : {
      "x" : 11.708204,
      "y" : -2.618034,
      "z" : 71.39512
    },
    "orientation" : 27
  }, {
    "shape" : "cd379071-7c49-4617-b4a4-842ef9ddd240",
    "color" : "#AF0000",
    "position" : {
      "x" : -13.708204,
      "y" : 25.416409,
      "z" : -66.54102
    },
    "orientation" : 30
  }, {
    "shape" : "b96ed814-9d12-43ab-9cdd-df36eacdcb1f",
    "color" : "#008D36",
    "position" : {
      "x" : 29.652475,
      "y" : 64.92299,
      "z" : -13.09017
    },
    "orientation" : 57
  }, {
    "shape" : "2be4b256-c84d-44b8-add3-934599d79d39",
    "color" : "#F0A000",
    "position" : {
      "x" : -17.944271,
      "y" : -65.92299,
      "z" : -25.416409
    },
    "orientation" : 17
  }, {
    "shape" : "b95a7620-070e-4695-a553-f8ff8e5dc6fa",
    "color" : "#FFFFFF",
