{
  "field" : "golden",
  "symmetry" : "icosahedral",
  "orientations" : [ [ 1.0, 0.0, 0.0, 0.0, 0.0, 1.0, 0.0, 0.0, 0.0, 0.0, 1.0, 0.0, 0.0, 0.0, 0.0, 1.0 ], [ 0.0, 0.0, 1.0, 0.0, 1.0, 0.0, 0.0, 0.0, 0.0, 1.0, 0.0, 0.0, 0.0, 0.0, 0.0, 1.0 ], [ 0.0, 1.0, 0.0, 0.0, 0.0, 0.0, 1.0, 0.0, 1.0, 0.0, 0.0, 0.0, 0.0, 0.0, 0.0, 1.0 ], [ 0.809017, 0.309017, 0.5, 0.0, 0.309017, 0.5, -0.809017, 0.0, -0.5, 0.809017, 0.309017, 0.0, 0.0, 0.0, 0.0, 1.0 ], [ -0.5, 0.809017, 0.309017, 0.0, 0.809017, 0.309017, 0.5, 0.0, 0.309017, 0.5, -0.809017, 0.0, 0.0, 0.0, 0.0, 1.0 ], [ 0.309017, 0.5, -0.809017, 0.0, -0.5, 0.809017, 0.309017, 0.0, 0.809017, 0.309017, 0.5, 0.0, 0.0, 0.0, 0.0, 1.0 ], [ 0.5, 0.809017, 0.309017, 0.0, 0.809017, -0.309017, -0.5, 0.0, -0.309017, 0.5, -0.809017, 0.0, 0.0, 0.0, 0.0, 1.0 ], [ -0.309017, 0.5, -0.809017, 0.0, 0.5, 0.809017, 0.309017, 0.0, 0.809017, -0.309017, -0.5, 0.0, 0.0, 0.0, 0.0, 1.0 ], [ 0.809017, -0.309017, -0.5, 0.0, -0.309017, 0.5, -0.809017, 0.0, 0.5, 0.809017, 0.309017, 0.0, 0.0, 0.0, 0.0, 1.0 ], [ 0.5, 0.809017, -0.309017, 0.0, 0.809017, -0.309017, 0.5, 0.0, 0.309017, -0.5, -0.809017, 0.0, 0.0, 0.0, 0.0, 1.0 ], [ 0.309017, -0.5, -0.809017, 0.0, 0.5, 0.809017, -0.309017, 0.0, 0.809017, -0.309017, 0.5, 0.0, 0.0, 0.0, 0.0, 1.0 ], [ 0.809017, -0.309017, 0.5, 0.0, 0.309017, -0.5, -0.809017, 0.0, 0.5, 0.809017, -0.309017, 0.0, 0.0, 0.0, 0.0, 1.0 ], [ 0.809017, 0.309017, -0.5, 0.0, 0.309017, 0.5, 0.809017, 0.0, 0.5, -0.809017, 0.309017, 0.0, 0.0, 0.0, 0.0, 1.0 ], [ 0.5, -0.809017, 0.309017, 0.0, 0.809017, 0.309017, -0.5, 0.0, 0.309017, 0.5, 0.809017, 0.0, 0.0, 0.0, 0.0, 1.0 ], [ 0.309017, 0.5, 0.809017, 0.0, 0.5, -0.809017, 0.309017, 0.0, 0.809017, 0.309017, -0.5, 0.0, 0.0, 0.0, 0.0, 1.0 ], [ 1.0, 0.0, 0.0, 0.0, 0.0, -1.0, 0.0, 0.0, 0.0, 0.0, -1.0, 0.0, 0.0, 0.0, 0.0, 1.0 ], [ 0.0, 0.0, 1.0, 0.0, -1.0, 0.0, 0.0, 0.0, 0.0, -1.0, 0.0, 0.0, 0.0, 0.0, 0.0, 1.0 ], [ 0.0, 1.0, 0.0, 0.0, 0.0, 0.0, -1.0, 0.0, -1.0, 0.0, 0.0, 0.0, 0.0, 0.0, 0.0, 1.0 ], [ 0.809017, 0.309017, 0.5, 0.0, -0.309017, -0.5, 0.809017, 0.0, 0.5, -0.809017, -0.309017, 0.0, 0.0, 0.0, 0.0, 1.0 ], [ -0.5, 0.809017, 0.309017, 0.0, -0.809017, -0.309017, -0.5, 0.0, -0.309017, -0.5, 0.809017, 0.0, 0.0, 0.0, 0.0, 1.0 ], [ 0.309017, 0.5, -0.809017, 0.0, 0.5, -0.809017, -0.309017, 0.0, -0.809017, -0.309017, -0.5, 0.0, 0.0, 0.0, 0.0, 1.0 ], [ 0.5, 0.809017, 0.309017, 0.0, -0.809017, 0.309017, 0.5, 0.0, 0.309017, -0.5, 0.809017, 0.0, 0.0, 0.0, 0.0, 1.0 ], [ -0.309017, 0.5, -0.809017, 0.0, -0.5, -0.809017, -0.309017, 0.0, -0.809017, 0.309017, 0.5, 0.0, 0.0, 0.0, 0.0, 1.0 ], [ 0.809017, -0.309017, -0.5, 0.0, 0.309017, -0.5, 0.809017, 0.0, -0.5, -0.809017, -0.309017, 0.0, 0.0, 0.0, 0.0, 1.0 ], [ 0.5, 0.809017, -0.309017, 0.0, -0.809017, 0.309017, -0.5, 0.0, -0.309017, 0.5, 0.809017, 0.0, 0.0, 0.0, 0.0, 1.0 ], [ 0.309017, -0.5, -0.809017, 0.0, -0.5, -0.809017, 0.309017, 0.0, -0.809017, 0.309017, -0.5, 0.0, 0.0, 0.0, 0.0, 1.0 ], [ 0.809017, -0.309017, 0.5, 0.0, -0.309017, 0.5, 0.809017, 0.0, -0.5, -0.809017, 0.309017, 0.0, 0.0, 0.0, 0.0, 1.0 ], [ 0.809017, 0.309017, -0.5, 0.0, -0.309017, -0.5, -0.809017, 0.0, -0.5, 0.809017, -0.309017, 0.0, 0.0, 0.0, 0.0, 1.0 ], [ 0.5, -0.809017, 0.309017, 0.0, -0.809017, -0.309017, 0.5, 0.0, -0.309017, -0.5, -0.809017, 0.0, 0.0, 0.0, 0.0, 1.0 ], [ 0.309017, 0.5, 0.809017, 0.0, -0.5, 0.809017, -0.309017, 0.0, -0.809017, -0.309017, 0.5, 0.0, 0.0, 0.0, 0.0, 1.0 ], [ -1.0, 0.0, 0.0, 0.0, 0.0, -1.0, 0.0, 0.0, 0.0, 0.0, 1.0, 0.0, 0.0, 0.0, 0.0, 1.0 ], [ 0.0, 0.0, -1.0, 0.0, -1.0, 0.0, 0.0, 0.0, 0.0, 1.0, 0.0, 0.0, 0.0, 0.0, 0.0, 1.0 ], [ 0.0, -1.0, 0.0, 0.0, 0.0, 0.0, -1.0, 0.0, 1.0, 0.0, 0.0, 0.0, 0.0, 0.0, 0.0, 1.0 ], [ -0.809017, -0.309017, -0.5, 0.0, -0.309017, -0.5, 0.809017, 0.0, -0.5, 0.809017, 0.309017, 0.0, 0.0, 0.0, 0.0, 1.0 ], [ 0.5, -0.809017, -0.309017, 0.0, -0.809017, -0.309017, -0.5, 0.0, 0.309017, 0.5, -0.809017, 0.0, 0.0, 0.0, 0.0, 1.0 ], [ -0.309017, -0.5, 0.809017, 0.0, 0.5, -0.809017, -0.309017, 0.0, 0.809017, 0.309017, 0.5, 0.0, 0.0, 0.0, 0.0, 1.0 ], [ -0.5, -0.809017, -0.309017, 0.0, -0.809017, 0.309017, 0.5, 0.0, -0.309017, 0.5, -0.809017, 0.0, 0.0, 0.0, 0.0, 1.0 ], [ 0.309017, -0.5, 0.809017, 0.0, -0.5, -0.809017, -0.309017, 0.0, 0.809017, -0.309017, -0.5, 0.0, 0.0, 0.0, 0.0, 1.0 ], [ -0.809017, 0.309017, 0.5, 0.0, 0.309017, -0.5, 0.809017, 0.0, 0.5, 0.809017, 0.309017, 0.0, 0.0, 0.0, 0.0, 1.0 ], [ -0.5, -0.809017, 0.309017, 0.0, -0.809017, 0.309017, -0.5, 0.0, 0.309017, -0.5, -0.809017, 0.0, 0.0, 0.0, 0.0, 1.0 ], [ -0.309017, 0.5, 0.809017, 0.0, -0.5, -0.809017, 0.309017, 0.0, 0.809017, -0.309017, 0.5, 0.0, 0.0, 0.0, 0.0, 1.0 ], [ -0.809017, 0.309017, -0.5, 0.0, -0.309017, 0.5, 0.809017, 0.0, 0.5, 0.809017, -0.309017, 0.0, 0.0, 0.0, 0.0, 1.0 ], [ -0.809017, -0.309017, 0.5, 0.0, -0.309017, -0.5, -0.809017, 0.0, 0.5, -0.809017, 0.309017, 0.0, 0.0, 0.0, 0.0, 1.0 ], [ -0.5, 0.809017, -0.309017, 0.0, -0.809017, -0.309017, 0.5, 0.0, 0.309017, 0.5, 0.809017, 0.0, 0.0, 0.0, 0.0, 1.0 ], [ -0.309017, -0.5, -0.809017, 0.0, -0.5, 0.809017, -0.309017, 0.0, 0.809017, 0.309017, -0.5, 0.0, 0.0, 0.0, 0.0, 1.0 ], [ -1.0, 0.0, 0.0, 0.0, 0.0, 1.0, 0.0, 0.0, 0.0, 0.0, -1.0, 0.0, 0.0, 0.0, 0.0, 1.0 ], [ 0.0, 0.0, -1.0, 0.0, 1.0, 0.0, 0.0, 0.0, 0.0, -1.0, 0.0, 0.0, 0.0, 0.0, 0.0, 1.0 ], [ 0.0, -1.0, 0.0, 0.0, 0.0, 0.0, 1.0, 0.0, -1.0, 0.0, 0.0, 0.0, 0.0, 0.0, 0.0, 1.0 ], [ -0.809017, -0.309017, -0.5, 0.0, 0.309017, 0.5, -0.809017, 0.0, 0.5, -0.809017, -0.309017, 0.0, 0.0, 0.0, 0.0, 1.0 ], [ 0.5, -0.809017, -0.309017, 0.0, 0.809017, 0.309017, 0.5, 0.0, -0.309017, -0.5, 0.809017, 0.0, 0.0, 0.0, 0.0, 1.0 ], [ -0.309017, -0.5, 0.809017, 0.0, -0.5, 0.809017, 0.309017, 0.0, -0.809017, -0.309017, -0.5, 0.0, 0.0, 0.0, 0.0, 1.0 ], [ -0.5, -0.809017, -0.309017, 0.0, 0.809017, -0.309017, -0.5, 0.0, 0.309017, -0.5, 0.809017, 0.0, 0.0, 0.0, 0.0, 1.0 ], [ 0.309017, -0.5, 0.809017, 0.0, 0.5, 0.809017, 0.309017, 0.0, -0.809017, 0.309017, 0.5, 0.0, 0.0, 0.0, 0.0, 1.0 ], [ -0.809017, 0.309017, 0.5, 0.0, -0.309017, 0.5, -0.809017, 0.0, -0.5, -0.809017, -0.309017, 0.0, 0.0, 0.0, 0.0, 1.0 ], [ -0.5, -0.809017, 0.309017, 0.0, 0.809017, -0.309017, 0.5, 0.0, -0.309017, 0.5, 0.809017, 0.0, 0.0, 0.0, 0.0, 1.0 ], [ -0.309017, 0.5, 0.809017, 0.0, 0.5, 0.809017, -0.309017, 0.0, -0.809017, 0.309017, -0.5, 0.0, 0.0, 0.0, 0.0, 1.0 ], [ -0.809017, 0.309017, -0.5, 0.0, 0.309017, -0.5, -0.809017, 0.0, -0.5, -0.809017, 0.309017, 0.0, 0.0, 0.0, 0.0, 1.0 ], [ -0.809017, -0.309017, 0.5, 0.0, 0.309017, 0.5, 0.809017, 0.0, -0.5, 0.809017, -0.309017, 0.0, 0.0, 0.0, 0.0, 1.0 ], [ -0.5, 0.809017, -0.309017, 0.0, 0.809017, 0.309017, -0.5, 0.0, -0.309017, -0.5, -0.809017, 0.0, 0.0, 0.0, 0.0, 1.0 ], [ -0.309017, -0.5, -0.809017, 0.0, 0.5, -0.809017, 0.309017, 0.0, -0.809017, -0.309017, 0.5, 0.0, 0.0, 0.0, 0.0, 1.0 ] ],
  "lights" : {
    "ambientColor" : "#292929",
    "backgroundColor" : "#AFC8DC",
    "directionalLights" : [ {
      "direction" : {
        "x" : 1.0,
        "y" : -1.0,
        "z" : -1.0
      },
      "color" : "#EBEBE4"
    }, {
      "direction" : {
        "x" : -1.0,
        "y" : 0.0,
        "z" : 0.0
      },
      "color" : "#E4E4EB"
    }, {
      "direction" : {
        "x" : 0.0,
        "y" : 0.0,
        "z" : -1.0
      },
      "color" : "#1E1E1E"
    } ]
  },
  "camera" : {
    "stereo" : false,
    "width" : 152.98984,
    "viewDistance" : 339.97745,
    "nearClipDistance" : 0.84994334,
    "farClipDistance" : 679.9546,
    "lookAtPoint" : {
      "x" : 0.0,
      "y" : 0.0,
      "z" : 0.0
    },
    "fieldOfView" : 0.44262883,
    "perspective" : true,
    "lookDirection" : {
      "x" : -0.28088912,
      "y" : 0.86319286,
      "z" : 0.41950968
    },
    "upDirection" : {
      "x" : -0.71179926,
      "y" : -0.480585,
      "z" : 0.51222396
    },
    "position" : {
      "x" : 95.495964,
      "y" : -293.4661,
      "z" : -142.62383
    }
  },
  "embedding" : [ 1.0, 0.0, 0.0, 0.0, 0.0, 1.0, 0.0, 0.0, 0.0, 0.0, 1.0, 0.0, 0.0, 0.0, 0.0, 1.0 ],
  "shapes" : [ {
    "id" : "3197dd16-8c9b-486e-9a80-6007182db179",
    "vertices" : [ {
      "x" : 0.309017,
      "y" : -0.809017,
      "z" : 0.618034
    }, {
      "x" : 0.809017,
      "y" : -0.618034,
      "z" : 0.309017
    }, {
      "x" : 0.618034,
      "y" : -0.309017,
      "z" : 0.809017
    }, {
      "x" : 1.0,
      "y" : 0.309017,
      "z" : 0.19098301
    }, {
      "x" : 0.809017,
      "y" : 0.618034,
      "z" : 0.309017
    }, {
      "x" : 0.618034,
      "y" : 0.309017,
      "z" : 0.809017
    }, {
      "x" : 0.809017,
      "y" : 0.0,
      "z" : 0.690983
    }, {
      "x" : 0.19098301,
      "y" : -1.0,
      "z" : 0.309017
    }, {
      "x" : -0.19098301,
      "y" : -1.0,
      "z" : 0.309017
    }, {
      "x" : -0.19098301,
      "y" : -1.0,
      "z" : -0.309017
    }, {
      "x" : 0.19098301,
      "y" : -1.0,
      "z" : -0.309017
    }, {
      "x" : 1.0,
      "y" : -0.309017,
      "z" : -0.19098301
    }, {
      "x" : 0.809017,
      "y" : -0.618034,
      "z" : -0.309017
    }, {
      "x" : 0.618034,
      "y" : -0.309017,
      "z" : -0.809017
    }, {
      "x" : 0.809017,
      "y" : 0.0,
      "z" : -0.690983
    }, {
      "x" : 0.0,
      "y" : 0.690983,
      "z" : -0.809017
    }, {
      "x" : 0.309017,
      "y" : 0.809017,
      "z" : -0.618034
    }, {
      "x" : 0.618034,
      "y" : 0.309017,
      "z" : -0.809017
    }, {
      "x" : 0.309017,
      "y" : 0.19098301,
      "z" : -1.0
    }, {
      "x" : 1.0,
      "y" : 0.309017,
      "z" : -0.19098301
    }, {
      "x" : -0.309017,
      "y" : -0.809017,
      "z" : 0.618034
    }, {
      "x" : 0.0,
      "y" : -0.690983,
      "z" : 0.809017
    }, {
      "x" : 0.809017,
      "y" : 0.618034,
      "z" : -0.309017
    }, {
      "x" : 0.690983,
      "y" : 0.809017,
      "z" : 0.0
    }, {
      "x" : -0.690983,
      "y" : 0.809017,
      "z" : 0.0
    }, {
      "x" : -0.809017,
      "y" : 0.618034,
      "z" : 0.309017
    }, {
      "x" : -0.309017,
      "y" : 0.809017,
      "z" : 0.618034
    }, {
      "x" : -0.19098301,
      "y" : 1.0,
      "z" : 0.309017
    }, {
      "x" : 0.309017,
      "y" : -0.19098301,
      "z" : -1.0
    }, {
      "x" : 0.19098301,
      "y" : 1.0,
      "z" : 0.309017
    }, {
      "x" : 0.309017,
      "y" : 0.809017,
      "z" : 0.618034
    }, {
      "x" : -0.809017,
      "y" : -0.618034,
      "z" : 0.309017
    }, {
      "x" : -0.690983,
      "y" : -0.809017,
      "z" : 0.0
    }, {
      "x" : 0.0,
      "y" : 0.690983,
      "z" : 0.809017
    }, {
      "x" : 0.309017,
      "y" : -0.809017,
      "z" : -0.618034
    }, {
      "x" : 0.0,
      "y" : -0.690983,
      "z" : -0.809017
    }, {
      "x" : -1.0,
      "y" : 0.309017,
      "z" : 0.19098301
    }, {
      "x" : -0.809017,
      "y" : 0.0,
      "z" : 0.690983
    }, {
      "x" : -0.618034,
      "y" : 0.309017,
      "z" : 0.809017
    }, {
      "x" : 1.0,
      "y" : -0.309017,
      "z" : 0.19098301
    }, {
      "x" : -0.309017,
      "y" : -0.809017,
      "z" : -0.618034
    }, {
      "x" : -1.0,
      "y" : 0.309017,
      "z" : -0.19098301
    }, {
      "x" : -1.0,
      "y" : -0.309017,
      "z" : -0.19098301
    }, {
      "x" : -1.0,
      "y" : -0.309017,
      "z" : 0.19098301
    }, {
      "x" : 0.19098301,
      "y" : 1.0,
      "z" : -0.309017
    }, {
      "x" : -0.809017,
      "y" : 0.618034,
      "z" : -0.309017
    }, {
      "x" : -0.19098301,
      "y" : 1.0,
      "z" : -0.309017
    }, {
      "x" : -0.309017,
      "y" : 0.809017,
      "z" : -0.618034
    }, {
      "x" : -0.618034,
      "y" : -0.309017,
      "z" : 0.809017
    }, {
      "x" : 0.309017,
      "y" : 0.19098301,
      "z" : 1.0
    }, {
      "x" : -0.309017,
      "y" : 0.19098301,
      "z" : -1.0
    }, {
      "x" : -0.309017,
      "y" : 0.19098301,
      "z" : 1.0
    }, {
      "x" : -0.309017,
      "y" : -0.19098301,
      "z" : 1.0
    }, {
      "x" : 0.309017,
      "y" : -0.19098301,
      "z" : 1.0
    }, {
      "x" : 0.690983,
      "y" : -0.809017,
      "z" : 0.0
    }, {
      "x" : -0.809017,
      "y" : 0.0,
      "z" : -0.690983
    }, {
      "x" : -0.618034,
      "y" : -0.309017,
      "z" : -0.809017
    }, {
      "x" : -0.309017,
      "y" : -0.19098301,
      "z" : -1.0
    }, {
      "x" : -0.618034,
      "y" : 0.309017,
      "z" : -0.809017
    }, {
      "x" : -0.809017,
      "y" : -0.618034,
      "z" : -0.309017
    } ],
    "faces" : [ {
      "vertices" : [ 9, 40, 35 ]
    }, {
      "vertices" : [ 9, 35, 34 ]
    }, {
      "vertices" : [ 9, 34, 10 ]
    }, {
      "vertices" : [ 0, 1, 2 ]
    }, {
      "vertices" : [ 33, 51, 49 ]
    }, {
      "vertices" : [ 25, 36, 37 ]
    }, {
      "vertices" : [ 25, 37, 38 ]
    }, {
      "vertices" : [ 41, 55, 42 ]
    }, {
      "vertices" : [ 9, 32, 59 ]
    }, {
      "vertices" : [ 9, 59, 40 ]
    }, {
      "vertices" : [ 20, 21, 52 ]
    }, {
      "vertices" : [ 20, 52, 48 ]
    }, {
      "vertices" : [ 26, 33, 30 ]
    }, {
      "vertices" : [ 26, 30, 29 ]
    }, {
      "vertices" : [ 26, 29, 27 ]
    }, {
      "vertices" : [ 3, 4, 5 ]
    }, {
      "vertices" : [ 3, 5, 6 ]
    }, {
      "vertices" : [ 27, 29, 44 ]
    }, {
      "vertices" : [ 27, 44, 46 ]
    }, {
      "vertices" : [ 50, 57, 56 ]
    }, {
      "vertices" : [ 50, 56, 55 ]
    }, {
      "vertices" : [ 50, 55, 58 ]
    }, {
      "vertices" : [ 26, 38, 51 ]
    }, {
      "vertices" : [ 26, 51, 33 ]
    }, {
      "vertices" : [ 45, 47, 58 ]
    }, {
      "vertices" : [ 18, 28, 57 ]
    }, {
      "vertices" : [ 18, 57, 50 ]
    }, {
      "vertices" : [ 40, 59, 56 ]
    }, {
      "vertices" : [ 31, 48, 37 ]
    }, {
      "vertices" : [ 31, 37, 43 ]
    }, {
      "vertices" : [ 7, 8, 9 ]
    }, {
      "vertices" : [ 7, 9, 10 ]
    }, {
      "vertices" : [ 36, 41, 42 ]
    }, {
      "vertices" : [ 36, 42, 43 ]
    }, {
      "vertices" : [ 24, 46, 47 ]
    }, {
      "vertices" : [ 24, 47, 45 ]
    }, {
      "vertices" : [ 4, 30, 5 ]
    }, {
      "vertices" : [ 15, 47, 46 ]
    }, {
      "vertices" : [ 15, 46, 44 ]
    }, {
      "vertices" : [ 15, 44, 16 ]
    }, {
      "vertices" : [ 15, 50, 58 ]
    }, {
      "vertices" : [ 15, 58, 47 ]
    }, {
      "vertices" : [ 24, 45, 41 ]
    }, {
      "vertices" : [ 24, 41, 36 ]
    }, {
      "vertices" : [ 24, 36, 25 ]
    }, {
      "vertices" : [ 11, 14, 19 ]
    }, {
      "vertices" : [ 3, 6, 39 ]
    }, {
      "vertices" : [ 1, 39, 6 ]
    }, {
      "vertices" : [ 1, 6, 2 ]
    }, {
      "vertices" : [ 8, 32, 9 ]
    }, {
      "vertices" : [ 11, 12, 13 ]
    }, {
      "vertices" : [ 11, 13, 14 ]
    }, {
      "vertices" : [ 16, 22, 17 ]
    }, {
      "vertices" : [ 0, 21, 20 ]
    }, {
      "vertices" : [ 0, 20, 8 ]
    }, {
      "vertices" : [ 0, 8, 7 ]
    }, {
      "vertices" : [ 12, 34, 13 ]
    }, {
      "vertices" : [ 35, 40, 56 ]
    }, {
      "vertices" : [ 35, 56, 57 ]
    }, {
      "vertices" : [ 0, 7, 54 ]
    }, {
      "vertices" : [ 0, 54, 1 ]
    }, {
      "vertices" : [ 15, 16, 17 ]
    }, {
      "vertices" : [ 15, 17, 18 ]
    }, {
      "vertices" : [ 3, 19, 22 ]
    }, {
      "vertices" : [ 3, 22, 23 ]
    }, {
      "vertices" : [ 3, 23, 4 ]
    }, {
      "vertices" : [ 7, 10, 54 ]
    }, {
      "vertices" : [ 41, 45, 58 ]
    }, {
      "vertices" : [ 41, 58, 55 ]
    }, {
      "vertices" : [ 3, 39, 11 ]
    }, {
      "vertices" : [ 3, 11, 19 ]
    }, {
      "vertices" : [ 14, 17, 22 ]
    }, {
      "vertices" : [ 14, 22, 19 ]
    }, {
      "vertices" : [ 0, 2, 53 ]
    }, {
      "vertices" : [ 0, 53, 21 ]
    }, {
      "vertices" : [ 49, 51, 52 ]
    }, {
      "vertices" : [ 49, 52, 53 ]
    }, {
      "vertices" : [ 31, 43, 42 ]
    }, {
      "vertices" : [ 31, 42, 59 ]
    }, {
      "vertices" : [ 31, 59, 32 ]
    }, {
      "vertices" : [ 15, 18, 50 ]
    }, {
      "vertices" : [ 42, 55, 56 ]
    }, {
      "vertices" : [ 42, 56, 59 ]
    }, {
      "vertices" : [ 4, 23, 29 ]
    }, {
      "vertices" : [ 4, 29, 30 ]
    }, {
      "vertices" : [ 25, 38, 26 ]
    }, {
      "vertices" : [ 13, 28, 18 ]
    }, {
      "vertices" : [ 13, 18, 17 ]
    }, {
      "vertices" : [ 13, 17, 14 ]
    }, {
      "vertices" : [ 8, 20, 31 ]
    }, {
      "vertices" : [ 8, 31, 32 ]
    }, {
      "vertices" : [ 23, 44, 29 ]
    }, {
      "vertices" : [ 24, 27, 46 ]
    }, {
      "vertices" : [ 37, 48, 52 ]
    }, {
      "vertices" : [ 37, 52, 51 ]
    }, {
      "vertices" : [ 37, 51, 38 ]
    }, {
      "vertices" : [ 20, 48, 31 ]
    }, {
      "vertices" : [ 24, 25, 26 ]
    }, {
      "vertices" : [ 24, 26, 27 ]
    }, {
      "vertices" : [ 16, 44, 23 ]
    }, {
      "vertices" : [ 16, 23, 22 ]
    }, {
      "vertices" : [ 13, 34, 35 ]
    }, {
      "vertices" : [ 13, 35, 28 ]
    }, {
      "vertices" : [ 10, 34, 12 ]
    }, {
      "vertices" : [ 10, 12, 54 ]
    }, {
      "vertices" : [ 2, 6, 5 ]
    }, {
      "vertices" : [ 2, 5, 49 ]
    }, {
      "vertices" : [ 2, 49, 53 ]
    }, {
      "vertices" : [ 36, 43, 37 ]
    }, {
      "vertices" : [ 5, 30, 33 ]
    }, {
      "vertices" : [ 5, 33, 49 ]
    }, {
      "vertices" : [ 1, 54, 12 ]
    }, {
      "vertices" : [ 1, 12, 11 ]
    }, {
      "vertices" : [ 1, 11, 39 ]
    }, {
      "vertices" : [ 28, 35, 57 ]
    }, {
      "vertices" : [ 21, 53, 52 ]
    } ]
  }, {
    "id" : "b772bc8a-efd9-4e62-9604-25478ce42fe7",
    "vertices" : [ {
      "x" : 0.309017,
      "y" : 0.809017,
      "z" : -0.618034
    }, {
      "x" : 0.19098301,
      "y" : 1.0,
      "z" : -0.309017
    }, {
      "x" : 0.5,
      "y" : 2.0,
      "z" : -0.809017
    }, {
      "x" : 0.618034,
      "y" : 1.809017,
      "z" : -1.118034
    }, {
      "x" : 14.5172205,
      "y" : 32.461494,
      "z" : -14.5172205
    }, {
      "x" : 13.399187,
      "y" : 30.843458,
      "z" : -13.708204
    }, {
      "x" : 1.0,
      "y" : 1.809017,
      "z" : -0.5
    }, {
      "x" : 13.899187,
      "y" : 30.652475,
      "z" : -13.399187
    }, {
      "x" : 14.326238,
      "y" : 31.461493,
      "z" : -14.208204
    }, {
      "x" : 14.0172205,
      "y" : 30.461493,
      "z" : -13.708204
    }, {
      "x" : 13.5172205,
      "y" : 30.652475,
      "z" : -14.0172205
    }, {
      "x" : 13.826238,
      "y" : 31.652475,
      "z" : -14.5172205
    }, {
      "x" : 14.208204,
      "y" : 31.652475,
      "z" : -13.899187
    }, {
      "x" : 1.118034,
      "y" : 1.618034,
      "z" : -0.809017
    }, {
      "x" : 0.809017,
      "y" : 0.618034,
      "z" : -0.309017
    }, {
      "x" : 13.708204,
      "y" : 31.843458,
      "z" : -14.208204
    }, {
      "x" : 0.690983,
      "y" : 0.809017,
      "z" : 0.0
    } ],
    "faces" : [ {
      "vertices" : [ 6, 16, 14 ]
    }, {
      "vertices" : [ 6, 14, 13 ]
    }, {
      "vertices" : [ 6, 13, 9 ]
    }, {
      "vertices" : [ 6, 9, 7 ]
    }, {
      "vertices" : [ 3, 10, 9 ]
    }, {
      "vertices" : [ 3, 9, 13 ]
    }, {
      "vertices" : [ 2, 6, 7 ]
    }, {
      "vertices" : [ 2, 7, 5 ]
    }, {
      "vertices" : [ 2, 5, 10 ]
    }, {
      "vertices" : [ 2, 10, 3 ]
    }, {
      "vertices" : [ 7, 9, 8 ]
    }, {
      "vertices" : [ 7, 8, 12 ]
    }, {
      "vertices" : [ 0, 1, 2 ]
    }, {
      "vertices" : [ 0, 2, 3 ]
    }, {
      "vertices" : [ 8, 9, 10 ]
    }, {
      "vertices" : [ 8, 10, 11 ]
    }, {
      "vertices" : [ 5, 7, 12 ]
    }, {
      "vertices" : [ 5, 12, 15 ]
    }, {
      "vertices" : [ 1, 16, 6 ]
    }, {
      "vertices" : [ 1, 6, 2 ]
    }, {
      "vertices" : [ 5, 15, 11 ]
    }, {
      "vertices" : [ 5, 11, 10 ]
    }, {
      "vertices" : [ 0, 3, 13 ]
    }, {
      "vertices" : [ 0, 13, 14 ]
    } ]
  }, {
    "id" : "a56a5ac1-b049-4215-860f-d6c14eb3d052",
    "vertices" : [ {
      "x" : 1.118034,
      "y" : 1.309017,
      "z" : 0.618034
    }, {
      "x" : 1.618034,
      "y" : 1.118034,
      "z" : 0.309017
    }, {
      "x" : 22.489357,
      "y" : 21.989357,
      "z" : 5.236068
    }, {
      "x" : 21.989357,
      "y" : 22.18034,
      "z" : 5.545085
    }, {
      "x" : 1.0,
      "y" : 1.5,
      "z" : 0.309017
    }, {
      "x" : 0.809017,
      "y" : 0.618034,
      "z" : -0.309017
    }, {
      "x" : 0.690983,
      "y" : 0.809017,
      "z" : 0.0
    }, {
      "x" : 22.371323,
      "y" : 22.18034,
      "z" : 4.927051
    }, {
      "x" : 1.5,
      "y" : 1.309017,
      "z" : 0.0
    }, {
      "x" : 21.871323,
      "y" : 22.371323,
      "z" : 5.236068
    }, {
      "x" : 0.809017,
      "y" : 0.618034,
      "z" : 0.309017
    }, {
      "x" : 1.0,
      "y" : 0.309017,
      "z" : 0.19098301
    }, {
      "x" : 1.0,
      "y" : 0.309017,
      "z" : -0.19098301
    }, {
      "x" : 22.68034,
      "y" : 22.871323,
      "z" : 5.236068
    }, {
      "x" : 22.68034,
      "y" : 22.871323,
      "z" : 5.854102
    }, {
      "x" : 22.489357,
      "y" : 23.18034,
      "z" : 5.354102
    }, {
      "x" : 22.489357,
      "y" : 23.18034,
      "z" : 5.736068
    }, {
      "x" : 22.798374,
      "y" : 22.68034,
      "z" : 5.545085
    }, {
      "x" : 23.489357,
      "y" : 23.489357,
      "z" : 5.545085
    } ],
    "faces" : [ {
      "vertices" : [ 3, 14, 16 ]
    }, {
      "vertices" : [ 2, 17, 14 ]
    }, {
      "vertices" : [ 7, 15, 13 ]
    }, {
      "vertices" : [ 0, 1, 2 ]
    }, {
      "vertices" : [ 0, 2, 3 ]
    }, {
      "vertices" : [ 2, 7, 13 ]
    }, {
      "vertices" : [ 2, 13, 17 ]
    }, {
      "vertices" : [ 9, 16, 15 ]
    }, {
      "vertices" : [ 0, 11, 1 ]
    }, {
      "vertices" : [ 4, 5, 6 ]
    }, {
      "vertices" : [ 0, 3, 9 ]
    }, {
      "vertices" : [ 0, 9, 4 ]
    }, {
      "vertices" : [ 4, 8, 5 ]
    }, {
      "vertices" : [ 1, 8, 7 ]
    }, {
      "vertices" : [ 1, 7, 2 ]
    }, {
      "vertices" : [ 2, 14, 3 ]
    }, {
      "vertices" : [ 0, 4, 6 ]
    }, {
      "vertices" : [ 0, 6, 10 ]
    }, {
      "vertices" : [ 0, 10, 11 ]
    }, {
      "vertices" : [ 1, 12, 8 ]
    }, {
      "vertices" : [ 1, 11, 12 ]
    }, {
      "vertices" : [ 5, 8, 12 ]
    }, {
      "vertices" : [ 4, 9, 7 ]
    }, {
      "vertices" : [ 4, 7, 8 ]
    }, {
      "vertices" : [ 3, 16, 9 ]
    }, {
      "vertices" : [ 7, 9, 15 ]
    } ]
  }, {
    "id" : "4a0a07a9-c3cc-4f2c-904e-c19001e52fb2",
    "vertices" : [ {
      "x" : 8.354102,
      "y" : 36.19756,
      "z" : 8.236068
    }, {
      "x" : 8.854102,
      "y" : 36.006577,
      "z" : 8.545085
    }, {
      "x" : 0.73606795,
      "y" : 1.618034,
      "z" : 0.42705098
    }, {
      "x" : 0.23606798,
      "y" : 1.809017,
      "z" : 0.11803399
    }, {
      "x" : 8.236068,
      "y" : 36.388542,
      "z" : 8.545085
    }, {
      "x" : 8.736068,
      "y" : 36.19756,
      "z" : 8.854102
    }, {
      "x" : 8.781153,
      "y" : 37.006577,
      "z" : 9.281153
    }, {
      "x" : 8.281153,
      "y" : 37.19756,
      "z" : 8.972136
    }, {
      "x" : 0.11803399,
      "y" : 2.0,
      "z" : 0.42705098
    }, {
      "x" : 0.618034,
      "y" : 1.809017,
      "z" : 0.73606795
    }, {
      "x" : 0.690983,
      "y" : 0.809017,
      "z" : 0.0
    }, {
      "x" : 0.19098301,
      "y" : 1.0,
      "z" : -0.309017
    }, {
      "x" : 0.19098301,
      "y" : 1.0,
      "z" : 0.309017
    }, {
      "x" : 8.781153,
      "y" : 37.006577,
      "z" : 8.663119
    }, {
      "x" : 8.972136,
      "y" : 38.006577,
      "z" : 8.972136
    } ],
    "faces" : [ {
      "vertices" : [ 0, 1, 2 ]
    }, {
      "vertices" : [ 0, 2, 3 ]
    }, {
      "vertices" : [ 0, 4, 7 ]
    }, {
      "vertices" : [ 1, 6, 5 ]
    }, {
      "vertices" : [ 0, 13, 1 ]
    }, {
      "vertices" : [ 0, 3, 8 ]
    }, {
      "vertices" : [ 0, 8, 4 ]
    }, {
      "vertices" : [ 1, 5, 9 ]
    }, {
      "vertices" : [ 1, 9, 2 ]
    }, {
      "vertices" : [ 1, 13, 6 ]
    }, {
      "vertices" : [ 0, 7, 13 ]
    }, {
      "vertices" : [ 2, 9, 10 ]
    }, {
      "vertices" : [ 4, 5, 6 ]
    }, {
      "vertices" : [ 4, 6, 7 ]
    }, {
      "vertices" : [ 3, 11, 8 ]
    }, {
      "vertices" : [ 4, 8, 9 ]
    }, {
      "vertices" : [ 4, 9, 5 ]
    }, {
      "vertices" : [ 2, 10, 11 ]
    }, {
      "vertices" : [ 2, 11, 3 ]
    }, {
      "vertices" : [ 8, 12, 9 ]
    }, {
      "vertices" : [ 8, 11, 12 ]
    }, {
      "vertices" : [ 9, 12, 10 ]
    } ]
  }, {
    "id" : "9c12de9d-3a2c-448e-9864-9c9da1f1926b",
    "vertices" : [ {
      "x" : 0.809017,
      "y" : 0.0,
      "z" : -0.690983
    }, {
      "x" : 1.0,
      "y" : 0.309017,
      "z" : -0.19098301
    }, {
      "x" : 6.4495935,
      "y" : 0.309017,
      "z" : -2.2725425
    }, {
      "x" : 6.2586102,
      "y" : 0.0,
      "z" : -2.7725425
    }, {
      "x" : 13.5172205,
      "y" : 0.309017,
      "z" : -5.354102
    }, {
      "x" : 1.0,
      "y" : -0.309017,
      "z" : -0.19098301
    }, {
      "x" : 6.4495935,
      "y" : -0.309017,
      "z" : -2.2725425
    }, {
      "x" : 8.067628,
      "y" : 0.309017,
      "z" : -3.2725425
    }, {
      "x" : 8.258611,
      "y" : 0.0,
      "z" : -2.7725425
    }, {
      "x" : 14.5172205,
      "y" : 0.0,
      "z" : -5.545085
    }, {
      "x" : 8.067628,
      "y" : -0.309017,
      "z" : -3.2725425
    }, {
      "x" : 13.708204,
      "y" : 0.0,
      "z" : -4.854102
    }, {
      "x" : 13.5172205,
      "y" : -0.309017,
      "z" : -5.354102
    } ],
    "faces" : [ {
      "vertices" : [ 2, 6, 8 ]
    }, {
      "vertices" : [ 4, 12, 10 ]
    }, {
      "vertices" : [ 4, 10, 7 ]
    }, {
      "vertices" : [ 2, 8, 7 ]
    }, {
      "vertices" : [ 3, 10, 6 ]
    }, {
      "vertices" : [ 3, 7, 10 ]
    }, {
      "vertices" : [ 0, 1, 2 ]
    }, {
      "vertices" : [ 0, 2, 3 ]
    }, {
      "vertices" : [ 6, 10, 8 ]
    }, {
      "vertices" : [ 8, 10, 12 ]
    }, {
      "vertices" : [ 8, 12, 11 ]
    }, {
      "vertices" : [ 2, 7, 3 ]
    }, {
      "vertices" : [ 0, 3, 6 ]
    }, {
      "vertices" : [ 0, 6, 5 ]
    }, {
      "vertices" : [ 1, 5, 6 ]
    }, {
      "vertices" : [ 1, 6, 2 ]
    }, {
      "vertices" : [ 4, 7, 8 ]
    }, {
      "vertices" : [ 4, 8, 11 ]
    } ]
  }, {
    "id" : "e104cd4e-a39b-4cf7-84d3-51cbae1fb20d",
    "vertices" : [ {
      "x" : 0.809017,
      "y" : 0.0,
      "z" : -0.690983
    }, {
      "x" : 1.0,
      "y" : 0.309017,
      "z" : -0.19098301
    }, {
      "x" : 10.935661,
      "y" : 0.309017,
      "z" : -3.986068
    }, {
      "x" : 10.7446785,
      "y" : 0.0,
      "z" : -4.486068
    }, {
      "x" : 22.489357,
      "y" : 0.309017,
      "z" : -8.781153
    }, {
      "x" : 1.0,
      "y" : -0.309017,
      "z" : -0.19098301
    }, {
      "x" : 10.935661,
      "y" : -0.309017,
      "z" : -3.986068
    }, {
      "x" : 12.553696,
      "y" : 0.309017,
      "z" : -4.986068
    }, {
      "x" : 12.7446785,
      "y" : 0.0,
      "z" : -4.486068
    }, {
      "x" : 23.489357,
      "y" : 0.0,
      "z" : -8.972136
    }, {
      "x" : 12.553696,
      "y" : -0.309017,
      "z" : -4.986068
    }, {
      "x" : 22.68034,
      "y" : 0.0,
      "z" : -8.281153
    }, {
      "x" : 22.489357,
      "y" : -0.309017,
      "z" : -8.781153
    } ],
    "faces" : [ {
      "vertices" : [ 2, 6, 8 ]
    }, {
      "vertices" : [ 4, 12, 10 ]
    }, {
      "vertices" : [ 4, 10, 7 ]
    }, {
      "vertices" : [ 2, 8, 7 ]
    }, {
      "vertices" : [ 3, 10, 6 ]
    }, {
      "vertices" : [ 3, 7, 10 ]
    }, {
      "vertices" : [ 0, 1, 2 ]
    }, {
      "vertices" : [ 0, 2, 3 ]
    }, {
      "vertices" : [ 6, 10, 8 ]
    }, {
      "vertices" : [ 8, 10, 12 ]
    }, {
      "vertices" : [ 8, 12, 11 ]
    }, {
      "vertices" : [ 2, 7, 3 ]
    }, {
      "vertices" : [ 0, 3, 6 ]
    }, {
      "vertices" : [ 0, 6, 5 ]
    }, {
      "vertices" : [ 1, 5, 6 ]
    }, {
      "vertices" : [ 1, 6, 2 ]
    }, {
      "vertices" : [ 4, 7, 8 ]
    }, {
      "vertices" : [ 4, 8, 11 ]
    } ]
  }, {
    "id" : "62dfa6d6-bd33-4a25-b420-15921b49d0a0",
    "vertices" : [ {
      "x" : 0.809017,
      "y" : 0.0,
      "z" : -0.690983
    }, {
      "x" : 1.0,
      "y" : 0.309017,
      "z" : -0.19098301
    }, {
      "x" : 18.194271,
      "y" : 0.309017,
      "z" : -6.7586102
    }, {
      "x" : 18.003288,
      "y" : 0.0,
      "z" : -7.2586102
    }, {
      "x" : 37.006577,
      "y" : 0.309017,
      "z" : -14.326238
    }, {
      "x" : 1.0,
      "y" : -0.309017,
      "z" : -0.19098301
    }, {
      "x" : 18.194271,
      "y" : -0.309017,
      "z" : -6.7586102
    }, {
      "x" : 19.812305,
      "y" : 0.309017,
      "z" : -7.7586102
    }, {
      "x" : 20.003288,
      "y" : 0.0,
      "z" : -7.2586102
    }, {
      "x" : 38.006577,
      "y" : 0.0,
      "z" : -14.5172205
    }, {
      "x" : 19.812305,
      "y" : -0.309017,
      "z" : -7.7586102
    }, {
      "x" : 37.19756,
      "y" : 0.0,
      "z" : -13.826238
    }, {
      "x" : 37.006577,
      "y" : -0.309017,
      "z" : -14.326238
    } ],
    "faces" : [ {
      "vertices" : [ 2, 6, 8 ]
    }, {
      "vertices" : [ 4, 12, 10 ]
    }, {
      "vertices" : [ 4, 10, 7 ]
    }, {
      "vertices" : [ 2, 8, 7 ]
    }, {
      "vertices" : [ 3, 10, 6 ]
    }, {
      "vertices" : [ 3, 7, 10 ]
    }, {
      "vertices" : [ 0, 1, 2 ]
    }, {
      "vertices" : [ 0, 2, 3 ]
    }, {
      "vertices" : [ 6, 10, 8 ]
    }, {
      "vertices" : [ 8, 10, 12 ]
    }, {
      "vertices" : [ 8, 12, 11 ]
    }, {
      "vertices" : [ 2, 7, 3 ]
    }, {
      "vertices" : [ 0, 3, 6 ]
    }, {
      "vertices" : [ 0, 6, 5 ]
    }, {
      "vertices" : [ 1, 5, 6 ]
    }, {
      "vertices" : [ 1, 6, 2 ]
    }, {
      "vertices" : [ 4, 7, 8 ]
    }, {
      "vertices" : [ 4, 8, 11 ]
    } ]
  } ],
  "instances" : [ {
    "shape" : "3197dd16-8c9b-486e-9a80-6007182db179",
    "color" : "#FFFFFF",
    "position" : {
      "x" : -38.006577,
      "y" : 8.972136,
      "z" : 8.972136
    }
  }, {
    "shape" : "b772bc8a-efd9-4e62-9604-25478ce42fe7",
    "color" : "#750032",
    "position" : {
      "x" : 5.545085,
      "y" : -23.489357,
      "z" : -23.489357
    },
    "orientation" : 48
  }, {
    "shape" : "3197dd16-8c9b-486e-9a80-6007182db179",
    "color" : "#FFFFFF",
    "position" : {
      "x" : -14.5172205,
      "y" : 14.5172205,
      "z" : 32.461494
    }
  }, {
    "shape" : "a56a5ac1-b049-4215-860f-d6c14eb3d052",
    "color" : "#647100",
    "position" : {
      "x" : 8.972136,
      "y" : 8.972136,
      "z" : -8.972136
    },
    "orientation" : 45
  }, {
    "shape" : "a56a5ac1-b049-4215-860f-d6c14eb3d052",
    "color" : "#647100",
    "position" : {
      "x" : -8.972136,
      "y" : 8.972136,
      "z" : -38.006577
    },
    "orientation" : 13
  }, {
    "shape" : "b772bc8a-efd9-4e62-9604-25478ce42fe7",
    "color" : "#750032",
    "position" : {
      "x" : -8.972136,
      "y" : -8.972136,
      "z" : 8.972136
    },
    "orientation" : 19
  }, {
    "shape" : "a56a5ac1-b049-4215-860f-d6c14eb3d052",
    "color" : "#647100",
    "position" : {
      "x" : -8.972136,
      "y" : -8.972136,
      "z" : 8.972136
    },
    "orientation" : 59
  }, {
    "shape" : "4a0a07a9-c3cc-4f2c-904e-c19001e52fb2",
    "color" : "#AF87FF",
    "position" : {
      "x" : 23.489357,
      "y" : 23.489357,
      "z" : -23.489357
    },
    "orientation" : 38
  }, {
    "shape" : "a56a5ac1-b049-4215-860f-d6c14eb3d052",
    "color" : "#647100",
    "position" : {
      "x" : -8.972136,
      "y" : -8.972136,
      "z" : 8.972136
    },
    "orientation" : 13
  }, {
    "shape" : "3197dd16-8c9b-486e-9a80-6007182db179",
    "color" : "#FFFFFF",
    "position" : {
      "x" : 23.489357,
      "y" : 23.489357,
      "z" : -23.489357
    }
  }, {
    "shape" : "4a0a07a9-c3cc-4f2c-904e-c19001e52fb2",
    "color" : "#AF87FF",
    "position" : {
      "x" : -23.489357,
      "y" : -5.545085,
      "z" : -23.489357
    },
    "orientation" : 17
  }, {
    "shape" : "3197dd16-8c9b-486e-9a80-6007182db179",
    "color" : "#FFFFFF",
    "position" : {
      "x" : 8.972136,
      "y" : 8.972136,
      "z" : -8.972136
    }
  }, {
    "shape" : "4a0a07a9-c3cc-4f2c-904e-c19001e52fb2",
    "color" : "#AF87FF",
    "position" : {
      "x" : -14.5172205,
      "y" : 14.5172205,
      "z" : 32.461494
    },
    "orientation" : 46
  }, {
    "shape" : "b772bc8a-efd9-4e62-9604-25478ce42fe7",
    "color" : "#750032",
    "position" : {
      "x" : 23.489357,
      "y" : 5.545085,
      "z" : 23.489357
    },
    "orientation" : 19
  }, {
    "shape" : "b772bc8a-efd9-4e62-9604-25478ce42fe7",
    "color" : "#750032",
    "position" : {
      "x" : -23.489357,
      "y" : -23.489357,
      "z" : 23.489357
    },
    "orientation" : 5
  }, {
    "shape" : "a56a5ac1-b049-4215-860f-d6c14eb3d052",
    "color" : "#647100",
    "position" : {
      "x" : -38.006577,
      "y" : 8.972136,
      "z" : 8.972136
    },
    "orientation" : 2
  }, {
    "shape" : "3197dd16-8c9b-486e-9a80-6007182db179",
    "color" : "#FFFFFF",
    "position" : {
      "x" : 38.006577,
      "y" : -8.972136,
      "z" : -8.972136
    }
  }, {
    "shape" : "3197dd16-8c9b-486e-9a80-6007182db179",
    "color" : "#FFFFFF",
    "position" : {
      "x" : 14.5172205,
      "y" : 14.5172205,
      "z" : -14.5172205
    }
  }, {
    "shape" : "b772bc8a-efd9-4e62-9604-25478ce42fe7",
    "color" : "#750032",
    "position" : {
      "x" : 23.489357,
      "y" : 23.489357,
      "z" : -23.489357
    },
    "orientation" : 15
  }, {
    "shape" : "b772bc8a-efd9-4e62-9604-25478ce42fe7",
    "color" : "#750032",
    "position" : {
      "x" : 23.489357,
      "y" : 23.489357,
      "z" : -23.489357
    },
    "orientation" : 1
  }, {
    "shape" : "b772bc8a-efd9-4e62-9604-25478ce42fe7",
    "color" : "#750032",
    "position" : {
      "x" : -8.972136,
      "y" : -8.972136,
      "z" : 8.972136
    },
    "orientation" : 5
  }, {
    "shape" : "b772bc8a-efd9-4e62-9604-25478ce42fe7",
    "color" : "#750032",
    "position" : {
      "x" : -38.006577,
      "y" : 8.972136,
      "z" : 8.972136
    },
    "orientation" : 5
  }, {
    "shape" : "3197dd16-8c9b-486e-9a80-6007182db179",
    "color" : "#FFFFFF",
    "position" : {
      "x" : -23.489357,
      "y" : -5.545085,
      "z" : -23.489357
    }
  }, {
    "shape" : "9c12de9d-3a2c-448e-9864-9c9da1f1926b",
    "color" : "#F0A000",
    "position" : {
      "x" : -14.5172205,
      "y" : 32.461494,
      "z" : -14.5172205
    },
    "orientation" : 39
  }, {
    "shape" : "a56a5ac1-b049-4215-860f-d6c14eb3d052",
    "color" : "#647100",
    "position" : {
      "x" : 14.5172205,
      "y" : 14.5172205,
      "z" : -14.5172205
    },
    "orientation" : 13
  }, {
    "shape" : "b772bc8a-efd9-4e62-9604-25478ce42fe7",
    "color" : "#750032",
    "position" : {
      "x" : 8.972136,
      "y" : 38.006577,
      "z" : 8.972136
    },
    "orientation" : 15
  }, {
    "shape" : "a56a5ac1-b049-4215-860f-d6c14eb3d052",
    "color" : "#647100",
    "position" : {
      "x" : 14.5172205,
      "y" : 14.5172205,
      "z" : -14.5172205
    },
    "orientation" : 27
  }, {
    "shape" : "a56a5ac1-b049-4215-860f-d6c14eb3d052",
    "color" : "#647100",
    "position" : {
      "x" : -14.5172205,
      "y" : -14.5172205,
      "z" : 14.5172205
    },
    "orientation" : 45
  }, {
    "shape" : "4a0a07a9-c3cc-4f2c-904e-c19001e52fb2",
    "color" : "#AF87FF",
    "position" : {
      "x" : -5.545085,
      "y" : 23.489357,
      "z" : 23.489357
    },
    "orientation" : 46
  }, {
    "shape" : "4a0a07a9-c3cc-4f2c-904e-c19001e52fb2",
    "color" : "#AF87FF",
    "position" : {
      "x" : 14.5172205,
      "y" : -32.461494,
      "z" : 14.5172205
    },
    "orientation" : 0
  }, {
    "shape" : "3197dd16-8c9b-486e-9a80-6007182db179",
    "color" : "#FFFFFF",
    "position" : {
      "x" : 5.545085,
      "y" : -23.489357,
      "z" : -23.489357
    }
  }, {
    "shape" : "3197dd16-8c9b-486e-9a80-6007182db179",
    "color" : "#FFFFFF",
    "position" : {
      "x" : 8.972136,
      "y" : -8.972136,
      "z" : 38.006577
    }
  }, {
    "shape" : "e104cd4e-a39b-4cf7-84d3-51cbae1fb20d",
    "color" : "#F0A000",
    "position" : {
      "x" : -5.545085,
      "y" : 23.489357,
      "z" : 23.489357
    },
    "orientation" : 3
  }, {
    "shape" : "b772bc8a-efd9-4e62-9604-25478ce42fe7",
    "color" : "#750032",
    "position" : {
      "x" : -23.489357,
      "y" : -23.489357,
      "z" : 23.489357
    },
    "orientation" : 19
  }, {
    "shape" : "4a0a07a9-c3cc-4f2c-904e-c19001e52fb2",
    "color" : "#AF87FF",
    "position" : {
      "x" : -14.5172205,
      "y" : 32.461494,
      "z" : -14.5172205
    },
    "orientation" : 37
  }, {
    "shape" : "3197dd16-8c9b-486e-9a80-6007182db179",
    "color" : "#FFFFFF",
    "position" : {
      "x" : -5.545085,
      "y" : 23.489357,
      "z" : 23.489357
    }
  }, {
    "shape" : "9c12de9d-3a2c-448e-9864-9c9da1f1926b",
    "color" : "#F0A000",
    "position" : {
      "x" : -32.461494,
      "y" : -14.5172205,
      "z" : -14.5172205
    },
    "orientation" : 3
  }, {
    "shape" : "a56a5ac1-b049-4215-860f-d6c14eb3d052",
    "color" : "#647100",
    "position" : {
      "x" : -8.972136,
      "y" : 8.972136,
      "z" : -38.006577
    },
    "orientation" : 27
  }, {
    "shape" : "b772bc8a-efd9-4e62-9604-25478ce42fe7",
    "color" : "#750032",
    "position" : {
      "x" : 8.972136,
      "y" : -8.972136,
      "z" : 38.006577
    },
    "orientation" : 19
  }, {
    "shape" : "b772bc8a-efd9-4e62-9604-25478ce42fe7",
    "color" : "#750032",
    "position" : {
      "x" : -23.489357,
      "y" : -5.545085,
      "z" : -23.489357
    },
    "orientation" : 1
  }, {
    "shape" : "3197dd16-8c9b-486e-9a80-6007182db179",
    "color" : "#FFFFFF",
    "position" : {
      "x" : -8.972136,
      "y" : -38.006577,
      "z" : -8.972136
    }
  }, {
    "shape" : "b772bc8a-efd9-4e62-9604-25478ce42fe7",
    "color" : "#750032",
    "position" : {
      "x" : -8.972136,
      "y" : 8.972136,
      "z" : -38.006577
    },
    "orientation" : 1
  }, {
    "shape" : "3197dd16-8c9b-486e-9a80-6007182db179",
    "color" : "#FFFFFF",
    "position" : {
      "x" : -8.972136,
      "y" : -8.972136,
      "z" : 8.972136
    }
  }, {
    "shape" : "b772bc8a-efd9-4e62-9604-25478ce42fe7",
    "color" : "#750032",
    "position" : {
      "x" : -8.972136,
      "y" : -8.972136,
      "z" : 8.972136
    },
    "orientation" : 48
  }, {
    "shape" : "3197dd16-8c9b-486e-9a80-6007182db179",
    "color" : "#FFFFFF",
    "position" : {
      "x" : -14.5172205,
      "y" : -14.5172205,
      "z" : 14.5172205
    }
  }, {
    "shape" : "62dfa6d6-bd33-4a25-b420-15921b49d0a0",
    "color" : "#F0A000",
    "position" : {
      "x" : -8.972136,
      "y" : -8.972136,
      "z" : 8.972136
    },
    "orientation" : 3
  }, {
    "shape" : "4a0a07a9-c3cc-4f2c-904e-c19001e52fb2",
    "color" : "#AF87FF",
    "position" : {
      "x" : 23.489357,
      "y" : 23.489357,
      "z" : -23.489357
    },
    "orientation" : 37
  }, {
    "shape" : "b772bc8a-efd9-4e62-9604-25478ce42fe7",
    "color" : "#750032",
    "position" : {
      "x" : 8.972136,
      "y" : 8.972136,
      "z" : -8.972136
    },
    "orientation" : 47
  }, {
    "shape" : "4a0a07a9-c3cc-4f2c-904e-c19001e52fb2",
    "color" : "#AF87FF",
    "position" : {
      "x" : -23.489357,
      "y" : -23.489357,
      "z" : 23.489357
    },
    "orientation" : 0
  }, {
    "shape" : "4a0a07a9-c3cc-4f2c-904e-c19001e52fb2",
    "color" : "#AF87FF",
    "position" : {
      "x" : -23.489357,
      "y" : 23.489357,
      "z" : -5.545085
    },
    "orientation" : 37
  }, {
    "shape" : "b772bc8a-efd9-4e62-9604-25478ce42fe7",
    "color" : "#750032",
    "position" : {
      "x" : 8.972136,
      "y" : 8.972136,
      "z" : -8.972136
    },
    "orientation" : 1
  }, {
    "shape" : "4a0a07a9-c3cc-4f2c-904e-c19001e52fb2",
    "color" : "#AF87FF",
    "position" : {
