{
  "field" : "golden",
  "symmetry" : "icosahedral",
  "orientations" : [ [ 1.0, 0.0, 0.0, 0.0, 0.0, 1.0, 0.0, 0.0, 0.0, 0.0, 1.0, 0.0, 0.0, 0.0, 0.0, 1.0 ], [ 0.0, 0.0, 1.0, 0.0, 1.0, 0.0, 0.0, 0.0, 0.0, 1.0, 0.0, 0.0, 0.0, 0.0, 0.0, 1.0 ], [ 0.0, 1.0, 0.0, 0.0, 0.0, 0.0, 1.0, 0.0, 1.0, 0.0, 0.0, 0.0, 0.0, 0.0, 0.0, 1.0 ], [ 0.809017, 0.309017, 0.5, 0.0, 0.309017, 0.5, -0.809017, 0.0, -0.5, 0.809017, 0.309017, 0.0, 0.0, 0.0, 0.0, 1.0 ], [ -0.5, 0.809017, 0.309017, 0.0, 0.809017, 0.309017, 0.5, 0.0, 0.309017, 0.5, -0.809017, 0.0, 0.0, 0.0, 0.0, 1.0 ], [ 0.309017, 0.5, -0.809017, 0.0, -0.5, 0.809017, 0.309017, 0.0, 0.809017, 0.309017, 0.5, 0.0, 0.0, 0.0, 0.0, 1.0 ], [ 0.5, 0.809017, 0.309017, 0.0, 0.809017, -0.309017, -0.5, 0.0, -0.309017, 0.5, -0.809017, 0.0, 0.0, 0.0, 0.0, 1.0 ], [ -0.309017, 0.5, -0.809017, 0.0, 0.5, 0.809017, 0.309017, 0.0, 0.809017, -0.309017, -0.5, 0.0, 0.0, 0.0, 0.0, 1.0 ], [ 0.809017, -0.309017, -0.5, 0.0, -0.309017, 0.5, -0.809017, 0.0, 0.5, 0.809017, 0.309017, 0.0, 0.0, 0.0, 0.0, 1.0 ], [ 0.5, 0.809017, -0.309017, 0.0, 0.809017, -0.309017, 0.5, 0.0, 0.309017, -0.5, -0.809017, 0.0, 0.0, 0.0, 0.0, 1.0 ], [ 0.309017, -0.5, -0.809017, 0.0, 0.5, 0.809017, -0.309017, 0.0, 0.809017, -0.309017, 0.5, 0.0, 0.0, 0.0, 0.0, 1.0 ], [ 0.809017, -0.309017, 0.5, 0.0, 0.309017, -0.5, -0.809017, 0.0, 0.5, 0.809017, -0.309017, 0.0, 0.0, 0.0, 0.0, 1.0 ], [ 0.809017, 0.309017, -0.5, 0.0, 0.309017, 0.5, 0.809017, 0.0, 0.5, -0.809017, 0.309017, 0.0, 0.0, 0.0, 0.0, 1.0 ], [ 0.5, -0.809017, 0.309017, 0.0, 0.809017, 0.309017, -0.5, 0.0, 0.309017, 0.5, 0.809017, 0.0, 0.0, 0.0, 0.0, 1.0 ], [ 0.309017, 0.5, 0.809017, 0.0, 0.5, -0.809017, 0.309017, 0.0, 0.809017, 0.309017, -0.5, 0.0, 0.0, 0.0, 0.0, 1.0 ], [ 1.0, 0.0, 0.0, 0.0, 0.0, -1.0, 0.0, 0.0, 0.0, 0.0, -1.0, 0.0, 0.0, 0.0, 0.0, 1.0 ], [ 0.0, 0.0, 1.0, 0.0, -1.0, 0.0, 0.0, 0.0, 0.0, -1.0, 0.0, 0.0, 0.0, 0.0, 0.0, 1.0 ], [ 0.0, 1.0, 0.0, 0.0, 0.0, 0.0, -1.0, 0.0, -1.0, 0.0, 0.0, 0.0, 0.0, 0.0, 0.0, 1.0 ], [ 0.809017, 0.309017, 0.5, 0.0, -0.309017, -0.5, 0.809017, 0.0, 0.5, -0.809017, -0.309017, 0.0, 0.0, 0.0, 0.0, 1.0 ], [ -0.5, 0.809017, 0.309017, 0.0, -0.809017, -0.309017, -0.5, 0.0, -0.309017, -0.5, 0.809017, 0.0, 0.0, 0.0, 0.0, 1.0 ], [ 0.309017, 0.5, -0.809017, 0.0, 0.5, -0.809017, -0.309017, 0.0, -0.809017, -0.309017, -0.5, 0.0, 0.0, 0.0, 0.0, 1.0 ], [ 0.5, 0.809017, 0.309017, 0.0, -0.809017, 0.309017, 0.5, 0.0, 0.309017, -0.5, 0.809017, 0.0, 0.0, 0.0, 0.0, 1.0 ], [ -0.309017, 0.5, -0.809017, 0.0, -0.5, -0.809017, -0.309017, 0.0, -0.809017, 0.309017, 0.5, 0.0, 0.0, 0.0, 0.0, 1.0 ], [ 0.809017, -0.309017, -0.5, 0.0, 0.309017, -0.5, 0.809017, 0.0, -0.5, -0.809017, -0.309017, 0.0, 0.0, 0.0, 0.0, 1.0 ], [ 0.5, 0.809017, -0.309017, 0.0, -0.809017, 0.309017, -0.5, 0.0, -0.309017, 0.5, 0.809017, 0.0, 0.0, 0.0, 0.0, 1.0 ], [ 0.309017, -0.5, -0.809017, 0.0, -0.5, -0.809017, 0.309017, 0.0, -0.809017, 0.309017, -0.5, 0.0, 0.0, 0.0, 0.0, 1.0 ], [ 0.809017, -0.309017, 0.5, 0.0, -0.309017, 0.5, 0.809017, 0.0, -0.5, -0.809017, 0.309017, 0.0, 0.0, 0.0, 0.0, 1.0 ], [ 0.809017, 0.309017, -0.5, 0.0, -0.309017, -0.5, -0.809017, 0.0, -0.5, 0.809017, -0.309017, 0.0, 0.0, 0.0, 0.0, 1.0 ], [ 0.5, -0.809017, 0.309017, 0.0, -0.809017, -0.309017, 0.5, 0.0, -0.309017, -0.5, -0.809017, 0.0, 0.0, 0.0, 0.0, 1.0 ], [ 0.309017, 0.5, 0.809017, 0.0, -0.5, 0.809017, -0.309017, 0.0, -0.809017, -0.309017, 0.5, 0.0, 0.0, 0.0, 0.0, 1.0 ], [ -1.0, 0.0, 0.0, 0.0, 0.0, -1.0, 0.0, 0.0, 0.0, 0.0, 1.0, 0.0, 0.0, 0.0, 0.0, 1.0 ], [ 0.0, 0.0, -1.0, 0.0, -1.0, 0.0, 0.0, 0.0, 0.0, 1.0, 0.0, 0.0, 0.0, 0.0, 0.0, 1.0 ], [ 0.0, -1.0, 0.0, 0.0, 0.0, 0.0, -1.0, 0.0, 1.0, 0.0, 0.0, 0.0, 0.0, 0.0, 0.0, 1.0 ], [ -0.809017, -0.309017, -0.5, 0.0, -0.309017, -0.5, 0.809017, 0.0, -0.5, 0.809017, 0.309017, 0.0, 0.0, 0.0, 0.0, 1.0 ], [ 0.5, -0.809017, -0.309017, 0.0, -0.809017, -0.309017, -0.5, 0.0, 0.309017, 0.5, -0.809017, 0.0, 0.0, 0.0, 0.0, 1.0 ], [ -0.309017, -0.5, 0.809017, 0.0, 0.5, -0.809017, -0.309017, 0.0, 0.809017, 0.309017, 0.5, 0.0, 0.0, 0.0, 0.0, 1.0 ], [ -0.5, -0.809017, -0.309017, 0.0, -0.809017, 0.309017, 0.5, 0.0, -0.309017, 0.5, -0.809017, 0.0, 0.0, 0.0, 0.0, 1.0 ], [ 0.309017, -0.5, 0.809017, 0.0, -0.5, -0.809017, -0.309017, 0.0, 0.809017, -0.309017, -0.5, 0.0, 0.0, 0.0, 0.0, 1.0 ], [ -0.809017, 0.309017, 0.5, 0.0, 0.309017, -0.5, 0.809017, 0.0, 0.5, 0.809017, 0.309017, 0.0, 0.0, 0.0, 0.0, 1.0 ], [ -0.5, -0.809017, 0.309017, 0.0, -0.809017, 0.309017, -0.5, 0.0, 0.309017, -0.5, -0.809017, 0.0, 0.0, 0.0, 0.0, 1.0 ], [ -0.309017, 0.5, 0.809017, 0.0, -0.5, -0.809017, 0.309017, 0.0, 0.809017, -0.309017, 0.5, 0.0, 0.0, 0.0, 0.0, 1.0 ], [ -0.809017, 0.309017, -0.5, 0.0, -0.309017, 0.5, 0.809017, 0.0, 0.5, 0.809017, -0.309017, 0.0, 0.0, 0.0, 0.0, 1.0 ], [ -0.809017, -0.309017, 0.5, 0.0, -0.309017, -0.5, -0.809017, 0.0, 0.5, -0.809017, 0.309017, 0.0, 0.0, 0.0, 0.0, 1.0 ], [ -0.5, 0.809017, -0.309017, 0.0, -0.809017, -0.309017, 0.5, 0.0, 0.309017, 0.5, 0.809017, 0.0, 0.0, 0.0, 0.0, 1.0 ], [ -0.309017, -0.5, -0.809017, 0.0, -0.5, 0.809017, -0.309017, 0.0, 0.809017, 0.309017, -0.5, 0.0, 0.0, 0.0, 0.0, 1.0 ], [ -1.0, 0.0, 0.0, 0.0, 0.0, 1.0, 0.0, 0.0, 0.0, 0.0, -1.0, 0.0, 0.0, 0.0, 0.0, 1.0 ], [ 0.0, 0.0, -1.0, 0.0, 1.0, 0.0, 0.0, 0.0, 0.0, -1.0, 0.0, 0.0, 0.0, 0.0, 0.0, 1.0 ], [ 0.0, -1.0, 0.0, 0.0, 0.0, 0.0, 1.0, 0.0, -1.0, 0.0, 0.0, 0.0, 0.0, 0.0, 0.0, 1.0 ], [ -0.809017, -0.309017, -0.5, 0.0, 0.309017, 0.5, -0.809017, 0.0, 0.5, -0.809017, -0.309017, 0.0, 0.0, 0.0, 0.0, 1.0 ], [ 0.5, -0.809017, -0.309017, 0.0, 0.809017, 0.309017, 0.5, 0.0, -0.309017, -0.5, 0.809017, 0.0, 0.0, 0.0, 0.0, 1.0 ], [ -0.309017, -0.5, 0.809017, 0.0, -0.5, 0.809017, 0.309017, 0.0, -0.809017, -0.309017, -0.5, 0.0, 0.0, 0.0, 0.0, 1.0 ], [ -0.5, -0.809017, -0.309017, 0.0, 0.809017, -0.309017, -0.5, 0.0, 0.309017, -0.5, 0.809017, 0.0, 0.0, 0.0, 0.0, 1.0 ], [ 0.309017, -0.5, 0.809017, 0.0, 0.5, 0.809017, 0.309017, 0.0, -0.809017, 0.309017, 0.5, 0.0, 0.0, 0.0, 0.0, 1.0 ], [ -0.809017, 0.309017, 0.5, 0.0, -0.309017, 0.5, -0.809017, 0.0, -0.5, -0.809017, -0.309017, 0.0, 0.0, 0.0, 0.0, 1.0 ], [ -0.5, -0.809017, 0.309017, 0.0, 0.809017, -0.309017, 0.5, 0.0, -0.309017, 0.5, 0.809017, 0.0, 0.0, 0.0, 0.0, 1.0 ], [ -0.309017, 0.5, 0.809017, 0.0, 0.5, 0.809017, -0.309017, 0.0, -0.809017, 0.309017, -0.5, 0.0, 0.0, 0.0, 0.0, 1.0 ], [ -0.809017, 0.309017, -0.5, 0.0, 0.309017, -0.5, -0.809017, 0.0, -0.5, -0.809017, 0.309017, 0.0, 0.0, 0.0, 0.0, 1.0 ], [ -0.809017, -0.309017, 0.5, 0.0, 0.309017, 0.5, 0.809017, 0.0, -0.5, 0.809017, -0.309017, 0.0, 0.0, 0.0, 0.0, 1.0 ], [ -0.5, 0.809017, -0.309017, 0.0, 0.809017, 0.309017, -0.5, 0.0, -0.309017, -0.5, -0.809017, 0.0, 0.0, 0.0, 0.0, 1.0 ], [ -0.309017, -0.5, -0.809017, 0.0, 0.5, -0.809017, 0.309017, 0.0, -0.809017, -0.309017, 0.5, 0.0, 0.0, 0.0, 0.0, 1.0 ] ],
  "lights" : {
    "ambientColor" : "#292929",
    "backgroundColor" : "#AFC8DC",
    "directionalLights" : [ {
      "direction" : {
        "x" : 1.0,
        "y" : -1.0,
        "z" : -1.0
      },
      "color" : "#EBEBE4"
    }, {
      "direction" : {
        "x" : -1.0,
        "y" : 0.0,
        "z" : 0.0
      },
      "color" : "#E4E4EB"
    }, {
      "direction" : {
        "x" : 0.0,
        "y" : 0.0,
        "z" : -1.0
      },
      "color" : "#1E1E1E"
    } ]
  },
  "camera" : {
    "lookDirection" : {
      "x" : -0.84074885,
      "y" : 0.54125255,
      "z" : -0.013681006
    },
    "upDirection" : {
      "x" : 0.26529786,
      "y" : 0.38980725,
      "z" : -0.88185394
    },
    "lookAtPoint" : {
      "x" : 0.0,
      "y" : 0.0,
      "z" : 0.0
    },
    "stereo" : false,
    "width" : 152.98988,
    "viewDistance" : 339.97745,
    "nearClipDistance" : 0.8499436,
    "farClipDistance" : 679.95514,
    "fieldOfView" : 0.44262898,
    "perspective" : true,
    "position" : {
      "x" : 285.83563,
      "y" : -184.01366,
      "z" : 4.651233
    }
  },
  "embedding" : [ 1.0, 0.0, 0.0, 0.0, 0.0, 1.0, 0.0, 0.0, 0.0, 0.0, 1.0, 0.0, 0.0, 0.0, 0.0, 1.0 ],
  "shapes" : [ {
    "id" : "a4357039-cacc-45ab-92d1-fdb02f0152cb",
    "vertices" : [ {
      "x" : 12.708204,
      "y" : 0.309017,
      "z" : 0.19098301
    }, {
      "x" : 12.708204,
      "y" : 0.309017,
      "z" : -0.19098301
    }, {
      "x" : 1.0,
      "y" : 0.309017,
      "z" : -0.19098301
    }, {
      "x" : 1.0,
      "y" : 0.309017,
      "z" : 0.19098301
    }, {
      "x" : 12.708204,
      "y" : -0.309017,
      "z" : 0.19098301
    }, {
      "x" : 1.0,
      "y" : -0.309017,
      "z" : 0.19098301
    }, {
      "x" : 1.0,
      "y" : -0.309017,
      "z" : -0.19098301
    }, {
      "x" : 12.708204,
      "y" : -0.309017,
      "z" : -0.19098301
    }, {
      "x" : 13.708204,
      "y" : 0.0,
      "z" : 0.0
    } ],
    "faces" : [ {
      "vertices" : [ 1, 7, 6 ]
    }, {
      "vertices" : [ 1, 6, 2 ]
    }, {
      "vertices" : [ 0, 1, 2 ]
    }, {
      "vertices" : [ 0, 2, 3 ]
    }, {
      "vertices" : [ 4, 5, 6 ]
    }, {
      "vertices" : [ 4, 6, 7 ]
    }, {
      "vertices" : [ 0, 3, 5 ]
    }, {
      "vertices" : [ 0, 5, 4 ]
    } ]
  }, {
    "id" : "fd160799-9958-49a9-886c-1f4e284a6011",
    "vertices" : [ {
      "x" : 0.309017,
      "y" : -0.809017,
      "z" : 0.618034
    }, {
      "x" : 0.809017,
      "y" : -0.618034,
      "z" : 0.309017
    }, {
      "x" : 0.618034,
      "y" : -0.309017,
      "z" : 0.809017
    }, {
      "x" : 1.0,
      "y" : 0.309017,
      "z" : 0.19098301
    }, {
      "x" : 0.809017,
      "y" : 0.618034,
      "z" : 0.309017
    }, {
      "x" : 0.618034,
      "y" : 0.309017,
      "z" : 0.809017
    }, {
      "x" : 0.809017,
      "y" : 0.0,
      "z" : 0.690983
    }, {
      "x" : 0.19098301,
      "y" : -1.0,
      "z" : 0.309017
    }, {
      "x" : -0.19098301,
      "y" : -1.0,
      "z" : 0.309017
    }, {
      "x" : -0.19098301,
      "y" : -1.0,
      "z" : -0.309017
    }, {
      "x" : 0.19098301,
      "y" : -1.0,
      "z" : -0.309017
    }, {
      "x" : 1.0,
      "y" : -0.309017,
      "z" : -0.19098301
    }, {
      "x" : 0.809017,
      "y" : -0.618034,
      "z" : -0.309017
    }, {
      "x" : 0.618034,
      "y" : -0.309017,
      "z" : -0.809017
    }, {
      "x" : 0.809017,
      "y" : 0.0,
      "z" : -0.690983
    }, {
      "x" : 0.0,
      "y" : 0.690983,
      "z" : -0.809017
    }, {
      "x" : 0.309017,
      "y" : 0.809017,
      "z" : -0.618034
    }, {
      "x" : 0.618034,
      "y" : 0.309017,
      "z" : -0.809017
    }, {
      "x" : 0.309017,
      "y" : 0.19098301,
      "z" : -1.0
    }, {
      "x" : 1.0,
      "y" : 0.309017,
      "z" : -0.19098301
    }, {
      "x" : -0.309017,
      "y" : -0.809017,
      "z" : 0.618034
    }, {
      "x" : 0.0,
      "y" : -0.690983,
      "z" : 0.809017
    }, {
      "x" : 0.809017,
      "y" : 0.618034,
      "z" : -0.309017
    }, {
      "x" : 0.690983,
      "y" : 0.809017,
      "z" : 0.0
    }, {
      "x" : -0.690983,
      "y" : 0.809017,
      "z" : 0.0
    }, {
      "x" : -0.809017,
      "y" : 0.618034,
      "z" : 0.309017
    }, {
      "x" : -0.309017,
      "y" : 0.809017,
      "z" : 0.618034
    }, {
      "x" : -0.19098301,
      "y" : 1.0,
      "z" : 0.309017
    }, {
      "x" : 0.309017,
      "y" : -0.19098301,
      "z" : -1.0
    }, {
      "x" : 0.19098301,
      "y" : 1.0,
      "z" : 0.309017
    }, {
      "x" : 0.309017,
      "y" : 0.809017,
      "z" : 0.618034
    }, {
      "x" : -0.809017,
      "y" : -0.618034,
      "z" : 0.309017
    }, {
      "x" : -0.690983,
      "y" : -0.809017,
      "z" : 0.0
    }, {
      "x" : 0.0,
      "y" : 0.690983,
      "z" : 0.809017
    }, {
      "x" : 0.309017,
      "y" : -0.809017,
      "z" : -0.618034
    }, {
      "x" : 0.0,
      "y" : -0.690983,
      "z" : -0.809017
    }, {
      "x" : -1.0,
      "y" : 0.309017,
      "z" : 0.19098301
    }, {
      "x" : -0.809017,
      "y" : 0.0,
      "z" : 0.690983
    }, {
      "x" : -0.618034,
      "y" : 0.309017,
      "z" : 0.809017
    }, {
      "x" : 1.0,
      "y" : -0.309017,
      "z" : 0.19098301
    }, {
      "x" : -0.309017,
      "y" : -0.809017,
      "z" : -0.618034
    }, {
      "x" : -1.0,
      "y" : 0.309017,
      "z" : -0.19098301
    }, {
      "x" : -1.0,
      "y" : -0.309017,
      "z" : -0.19098301
    }, {
      "x" : -1.0,
      "y" : -0.309017,
      "z" : 0.19098301
    }, {
      "x" : 0.19098301,
      "y" : 1.0,
      "z" : -0.309017
    }, {
      "x" : -0.809017,
      "y" : 0.618034,
      "z" : -0.309017
    }, {
      "x" : -0.19098301,
      "y" : 1.0,
      "z" : -0.309017
    }, {
      "x" : -0.309017,
      "y" : 0.809017,
      "z" : -0.618034
    }, {
      "x" : -0.618034,
      "y" : -0.309017,
      "z" : 0.809017
    }, {
      "x" : 0.309017,
      "y" : 0.19098301,
      "z" : 1.0
    }, {
      "x" : -0.309017,
      "y" : 0.19098301,
      "z" : -1.0
    }, {
      "x" : -0.309017,
      "y" : 0.19098301,
      "z" : 1.0
    }, {
      "x" : -0.309017,
      "y" : -0.19098301,
      "z" : 1.0
    }, {
      "x" : 0.309017,
      "y" : -0.19098301,
      "z" : 1.0
    }, {
      "x" : 0.690983,
      "y" : -0.809017,
      "z" : 0.0
    }, {
      "x" : -0.809017,
      "y" : 0.0,
      "z" : -0.690983
    }, {
      "x" : -0.618034,
      "y" : -0.309017,
      "z" : -0.809017
    }, {
      "x" : -0.309017,
      "y" : -0.19098301,
      "z" : -1.0
    }, {
      "x" : -0.618034,
      "y" : 0.309017,
      "z" : -0.809017
    }, {
      "x" : -0.809017,
      "y" : -0.618034,
      "z" : -0.309017
    } ],
    "faces" : [ {
      "vertices" : [ 9, 40, 35 ]
    }, {
      "vertices" : [ 9, 35, 34 ]
    }, {
      "vertices" : [ 9, 34, 10 ]
    }, {
      "vertices" : [ 0, 1, 2 ]
    }, {
      "vertices" : [ 33, 51, 49 ]
    }, {
      "vertices" : [ 25, 36, 37 ]
    }, {
      "vertices" : [ 25, 37, 38 ]
    }, {
      "vertices" : [ 41, 55, 42 ]
    }, {
      "vertices" : [ 9, 32, 59 ]
    }, {
      "vertices" : [ 9, 59, 40 ]
    }, {
      "vertices" : [ 20, 21, 52 ]
    }, {
      "vertices" : [ 20, 52, 48 ]
    }, {
      "vertices" : [ 26, 33, 30 ]
    }, {
      "vertices" : [ 26, 30, 29 ]
    }, {
      "vertices" : [ 26, 29, 27 ]
    }, {
      "vertices" : [ 3, 4, 5 ]
    }, {
      "vertices" : [ 3, 5, 6 ]
    }, {
      "vertices" : [ 27, 29, 44 ]
    }, {
      "vertices" : [ 27, 44, 46 ]
    }, {
      "vertices" : [ 50, 57, 56 ]
    }, {
      "vertices" : [ 50, 56, 55 ]
    }, {
      "vertices" : [ 50, 55, 58 ]
    }, {
      "vertices" : [ 26, 38, 51 ]
    }, {
      "vertices" : [ 26, 51, 33 ]
    }, {
      "vertices" : [ 45, 47, 58 ]
    }, {
      "vertices" : [ 18, 28, 57 ]
    }, {
      "vertices" : [ 18, 57, 50 ]
    }, {
      "vertices" : [ 40, 59, 56 ]
    }, {
      "vertices" : [ 31, 48, 37 ]
    }, {
      "vertices" : [ 31, 37, 43 ]
    }, {
      "vertices" : [ 7, 8, 9 ]
    }, {
      "vertices" : [ 7, 9, 10 ]
    }, {
      "vertices" : [ 36, 41, 42 ]
    }, {
      "vertices" : [ 36, 42, 43 ]
    }, {
      "vertices" : [ 24, 46, 47 ]
    }, {
      "vertices" : [ 24, 47, 45 ]
    }, {
      "vertices" : [ 4, 30, 5 ]
    }, {
      "vertices" : [ 15, 47, 46 ]
    }, {
      "vertices" : [ 15, 46, 44 ]
    }, {
      "vertices" : [ 15, 44, 16 ]
    }, {
      "vertices" : [ 15, 50, 58 ]
    }, {
      "vertices" : [ 15, 58, 47 ]
    }, {
      "vertices" : [ 24, 45, 41 ]
    }, {
      "vertices" : [ 24, 41, 36 ]
    }, {
      "vertices" : [ 24, 36, 25 ]
    }, {
      "vertices" : [ 11, 14, 19 ]
    }, {
      "vertices" : [ 3, 6, 39 ]
    }, {
      "vertices" : [ 1, 39, 6 ]
    }, {
      "vertices" : [ 1, 6, 2 ]
    }, {
      "vertices" : [ 8, 32, 9 ]
    }, {
      "vertices" : [ 11, 12, 13 ]
    }, {
      "vertices" : [ 11, 13, 14 ]
    }, {
      "vertices" : [ 16, 22, 17 ]
    }, {
      "vertices" : [ 0, 21, 20 ]
    }, {
      "vertices" : [ 0, 20, 8 ]
    }, {
      "vertices" : [ 0, 8, 7 ]
    }, {
      "vertices" : [ 12, 34, 13 ]
    }, {
      "vertices" : [ 35, 40, 56 ]
    }, {
      "vertices" : [ 35, 56, 57 ]
    }, {
      "vertices" : [ 0, 7, 54 ]
    }, {
      "vertices" : [ 0, 54, 1 ]
    }, {
      "vertices" : [ 15, 16, 17 ]
    }, {
      "vertices" : [ 15, 17, 18 ]
    }, {
      "vertices" : [ 3, 19, 22 ]
    }, {
      "vertices" : [ 3, 22, 23 ]
    }, {
      "vertices" : [ 3, 23, 4 ]
    }, {
      "vertices" : [ 7, 10, 54 ]
    }, {
      "vertices" : [ 41, 45, 58 ]
    }, {
      "vertices" : [ 41, 58, 55 ]
    }, {
      "vertices" : [ 3, 39, 11 ]
    }, {
      "vertices" : [ 3, 11, 19 ]
    }, {
      "vertices" : [ 14, 17, 22 ]
    }, {
      "vertices" : [ 14, 22, 19 ]
    }, {
      "vertices" : [ 0, 2, 53 ]
    }, {
      "vertices" : [ 0, 53, 21 ]
    }, {
      "vertices" : [ 49, 51, 52 ]
    }, {
      "vertices" : [ 49, 52, 53 ]
    }, {
      "vertices" : [ 31, 43, 42 ]
    }, {
      "vertices" : [ 31, 42, 59 ]
    }, {
      "vertices" : [ 31, 59, 32 ]
    }, {
      "vertices" : [ 15, 18, 50 ]
    }, {
      "vertices" : [ 42, 55, 56 ]
    }, {
      "vertices" : [ 42, 56, 59 ]
    }, {
      "vertices" : [ 4, 23, 29 ]
    }, {
      "vertices" : [ 4, 29, 30 ]
    }, {
      "vertices" : [ 25, 38, 26 ]
    }, {
      "vertices" : [ 13, 28, 18 ]
    }, {
      "vertices" : [ 13, 18, 17 ]
    }, {
      "vertices" : [ 13, 17, 14 ]
    }, {
      "vertices" : [ 8, 20, 31 ]
    }, {
      "vertices" : [ 8, 31, 32 ]
    }, {
      "vertices" : [ 23, 44, 29 ]
    }, {
      "vertices" : [ 24, 27, 46 ]
    }, {
      "vertices" : [ 37, 48, 52 ]
    }, {
      "vertices" : [ 37, 52, 51 ]
    }, {
      "vertices" : [ 37, 51, 38 ]
    }, {
      "vertices" : [ 20, 48, 31 ]
    }, {
      "vertices" : [ 24, 25, 26 ]
    }, {
      "vertices" : [ 24, 26, 27 ]
    }, {
      "vertices" : [ 16, 44, 23 ]
    }, {
      "vertices" : [ 16, 23, 22 ]
    }, {
      "vertices" : [ 13, 34, 35 ]
    }, {
      "vertices" : [ 13, 35, 28 ]
    }, {
      "vertices" : [ 10, 34, 12 ]
    }, {
      "vertices" : [ 10, 12, 54 ]
    }, {
      "vertices" : [ 2, 6, 5 ]
    }, {
      "vertices" : [ 2, 5, 49 ]
    }, {
      "vertices" : [ 2, 49, 53 ]
    }, {
      "vertices" : [ 36, 43, 37 ]
    }, {
      "vertices" : [ 5, 30, 33 ]
    }, {
      "vertices" : [ 5, 33, 49 ]
    }, {
      "vertices" : [ 1, 54, 12 ]
    }, {
      "vertices" : [ 1, 12, 11 ]
    }, {
      "vertices" : [ 1, 11, 39 ]
    }, {
      "vertices" : [ 28, 35, 57 ]
    }, {
      "vertices" : [ 21, 53, 52 ]
    } ]
  }, {
    "id" : "fc61035f-9727-412c-b418-a3f99db9ac93",
    "vertices" : [ {
      "x" : 4.736068,
      "y" : 3.045085,
      "z" : 0.309017
    }, {
      "x" : 6.354102,
      "y" : 3.809017,
      "z" : 0.309017
    }, {
      "x" : 6.163119,
      "y" : 4.118034,
      "z" : 0.19098301
    }, {
      "x" : 0.809017,
      "y" : 0.618034,
      "z" : -0.309017
    }, {
      "x" : 0.690983,
      "y" : 0.809017,
      "z" : 0.0
    }, {
      "x" : 4.618034,
      "y" : 3.236068,
      "z" : 0.0
    }, {
      "x" : 4.736068,
      "y" : 3.045085,
      "z" : -0.309017
    }, {
      "x" : 10.281153,
      "y" : 6.236068,
      "z" : 0.309017
    }, {
      "x" : 4.927051,
      "y" : 2.736068,
      "z" : 0.19098301
    }, {
      "x" : 4.927051,
      "y" : 2.736068,
      "z" : -0.19098301
    }, {
      "x" : 6.472136,
      "y" : 3.618034,
      "z" : 0.0
    }, {
      "x" : 6.354102,
      "y" : 3.809017,
      "z" : -0.309017
    }, {
      "x" : 10.399187,
      "y" : 6.045085,
      "z" : 0.0
    }, {
      "x" : 1.0,
      "y" : 0.309017,
      "z" : 0.19098301
    }, {
      "x" : 1.0,
      "y" : 0.309017,
      "z" : -0.19098301
    }, {
      "x" : 0.809017,
      "y" : 0.618034,
      "z" : 0.309017
    }, {
      "x" : 10.09017,
      "y" : 6.545085,
      "z" : 0.19098301
    }, {
      "x" : 10.281153,
      "y" : 6.236068,
      "z" : -0.309017
    }, {
      "x" : 10.09017,
      "y" : 6.545085,
      "z" : -0.19098301
    }, {
      "x" : 11.09017,
      "y" : 6.854102,
      "z" : 0.0
    }, {
      "x" : 6.163119,
      "y" : 4.118034,
      "z" : -0.19098301
    } ],
    "faces" : [ {
      "vertices" : [ 3, 6, 9 ]
    }, {
      "vertices" : [ 3, 9, 14 ]
    }, {
      "vertices" : [ 11, 20, 18 ]
    }, {
      "vertices" : [ 11, 18, 17 ]
    }, {
      "vertices" : [ 0, 1, 2 ]
    }, {
      "vertices" : [ 0, 15, 13 ]
    }, {
      "vertices" : [ 0, 13, 8 ]
    }, {
      "vertices" : [ 6, 20, 11 ]
    }, {
      "vertices" : [ 0, 2, 5 ]
    }, {
      "vertices" : [ 0, 8, 1 ]
    }, {
      "vertices" : [ 8, 13, 14 ]
    }, {
      "vertices" : [ 8, 14, 9 ]
    }, {
      "vertices" : [ 3, 4, 5 ]
    }, {
      "vertices" : [ 3, 5, 6 ]
    }, {
      "vertices" : [ 10, 11, 17 ]
    }, {
      "vertices" : [ 10, 17, 12 ]
    }, {
      "vertices" : [ 1, 8, 10 ]
    }, {
      "vertices" : [ 0, 5, 4 ]
    }, {
      "vertices" : [ 0, 4, 15 ]
    }, {
      "vertices" : [ 2, 16, 18 ]
    }, {
      "vertices" : [ 2, 18, 20 ]
    }, {
      "vertices" : [ 1, 7, 16 ]
    }, {
      "vertices" : [ 1, 16, 2 ]
    }, {
      "vertices" : [ 6, 11, 9 ]
    }, {
      "vertices" : [ 8, 9, 10 ]
    }, {
      "vertices" : [ 2, 20, 5 ]
    }, {
      "vertices" : [ 9, 11, 10 ]
    }, {
      "vertices" : [ 1, 10, 12 ]
    }, {
      "vertices" : [ 1, 12, 7 ]
    }, {
      "vertices" : [ 5, 20, 6 ]
    } ]
  }, {
    "id" : "8d7cca14-6fb6-4573-b33c-bb848238e863",
    "vertices" : [ {
      "x" : 2.618034,
      "y" : 1.736068,
      "z" : 0.309017
    }, {
      "x" : 4.236068,
      "y" : 2.5,
      "z" : 0.309017
    }, {
      "x" : 4.045085,
      "y" : 2.809017,
      "z" : 0.19098301
    }, {
      "x" : 0.809017,
      "y" : 0.618034,
      "z" : -0.309017
    }, {
      "x" : 0.690983,
      "y" : 0.809017,
      "z" : 0.0
    }, {
      "x" : 2.5,
      "y" : 1.927051,
      "z" : 0.0
    }, {
      "x" : 2.618034,
      "y" : 1.736068,
      "z" : -0.309017
    }, {
      "x" : 6.045085,
      "y" : 3.618034,
      "z" : 0.309017
    }, {
      "x" : 2.809017,
      "y" : 1.427051,
      "z" : 0.19098301
    }, {
      "x" : 2.809017,
      "y" : 1.427051,
      "z" : -0.19098301
    }, {
      "x" : 4.354102,
      "y" : 2.309017,
      "z" : 0.0
    }, {
      "x" : 4.236068,
      "y" : 2.5,
      "z" : -0.309017
    }, {
      "x" : 6.163119,
      "y" : 3.427051,
      "z" : 0.0
    }, {
      "x" : 1.0,
      "y" : 0.309017,
      "z" : 0.19098301
    }, {
      "x" : 1.0,
      "y" : 0.309017,
      "z" : -0.19098301
    }, {
      "x" : 0.809017,
      "y" : 0.618034,
      "z" : 0.309017
    }, {
      "x" : 5.854102,
      "y" : 3.927051,
      "z" : 0.19098301
    }, {
      "x" : 6.045085,
      "y" : 3.618034,
      "z" : -0.309017
    }, {
      "x" : 5.854102,
      "y" : 3.927051,
      "z" : -0.19098301
    }, {
      "x" : 6.854102,
      "y" : 4.236068,
      "z" : 0.0
    }, {
      "x" : 4.045085,
      "y" : 2.809017,
      "z" : -0.19098301
    } ],
    "faces" : [ {
      "vertices" : [ 3, 6, 9 ]
    }, {
      "vertices" : [ 3, 9, 14 ]
    }, {
      "vertices" : [ 11, 20, 18 ]
    }, {
      "vertices" : [ 11, 18, 17 ]
    }, {
      "vertices" : [ 0, 1, 2 ]
    }, {
      "vertices" : [ 0, 15, 13 ]
    }, {
      "vertices" : [ 0, 13, 8 ]
    }, {
      "vertices" : [ 6, 20, 11 ]
    }, {
      "vertices" : [ 0, 2, 5 ]
    }, {
      "vertices" : [ 0, 8, 1 ]
    }, {
      "vertices" : [ 8, 13, 14 ]
    }, {
      "vertices" : [ 8, 14, 9 ]
    }, {
      "vertices" : [ 3, 4, 5 ]
    }, {
      "vertices" : [ 3, 5, 6 ]
    }, {
      "vertices" : [ 10, 11, 17 ]
    }, {
      "vertices" : [ 10, 17, 12 ]
    }, {
      "vertices" : [ 1, 8, 10 ]
    }, {
      "vertices" : [ 0, 5, 4 ]
    }, {
      "vertices" : [ 0, 4, 15 ]
    }, {
      "vertices" : [ 2, 16, 18 ]
    }, {
      "vertices" : [ 2, 18, 20 ]
    }, {
      "vertices" : [ 1, 7, 16 ]
    }, {
      "vertices" : [ 1, 16, 2 ]
    }, {
      "vertices" : [ 6, 11, 9 ]
    }, {
      "vertices" : [ 8, 9, 10 ]
    }, {
      "vertices" : [ 2, 20, 5 ]
    }, {
      "vertices" : [ 9, 11, 10 ]
    }, {
      "vertices" : [ 1, 10, 12 ]
    }, {
      "vertices" : [ 1, 12, 7 ]
    }, {
      "vertices" : [ 5, 20, 6 ]
    } ]
  }, {
    "id" : "af47fa1d-831c-40c7-822d-411aae38f657",
    "vertices" : [ {
      "x" : 0.809017,
      "y" : 0.0,
      "z" : -0.690983
    }, {
      "x" : 1.0,
      "y" : 0.309017,
      "z" : -0.19098301
    }, {
      "x" : 4.736068,
      "y" : 0.309017,
      "z" : -1.618034
    }, {
      "x" : 4.545085,
      "y" : 0.0,
      "z" : -2.118034
    }, {
      "x" : 10.09017,
      "y" : 0.309017,
      "z" : -4.045085
    }, {
      "x" : 1.0,
      "y" : -0.309017,
      "z" : -0.19098301
    }, {
      "x" : 4.736068,
      "y" : -0.309017,
      "z" : -1.618034
    }, {
      "x" : 6.354102,
      "y" : 0.309017,
      "z" : -2.618034
    }, {
      "x" : 6.545085,
      "y" : 0.0,
      "z" : -2.118034
    }, {
      "x" : 11.09017,
      "y" : 0.0,
      "z" : -4.236068
    }, {
      "x" : 6.354102,
      "y" : -0.309017,
      "z" : -2.618034
    }, {
      "x" : 10.281153,
      "y" : 0.0,
      "z" : -3.545085
    }, {
      "x" : 10.09017,
      "y" : -0.309017,
      "z" : -4.045085
    } ],
    "faces" : [ {
      "vertices" : [ 2, 6, 8 ]
    }, {
      "vertices" : [ 4, 12, 10 ]
    }, {
      "vertices" : [ 4, 10, 7 ]
    }, {
      "vertices" : [ 2, 8, 7 ]
    }, {
      "vertices" : [ 3, 10, 6 ]
    }, {
      "vertices" : [ 3, 7, 10 ]
    }, {
      "vertices" : [ 0, 1, 2 ]
    }, {
      "vertices" : [ 0, 2, 3 ]
    }, {
      "vertices" : [ 6, 10, 8 ]
    }, {
      "vertices" : [ 8, 10, 12 ]
    }, {
      "vertices" : [ 8, 12, 11 ]
    }, {
      "vertices" : [ 2, 7, 3 ]
    }, {
      "vertices" : [ 0, 3, 6 ]
    }, {
      "vertices" : [ 0, 6, 5 ]
    }, {
      "vertices" : [ 1, 5, 6 ]
    }, {
      "vertices" : [ 1, 6, 2 ]
    }, {
      "vertices" : [ 4, 7, 8 ]
    }, {
      "vertices" : [ 4, 8, 11 ]
    } ]
  } ],
  "instances" : [ {
    "shape" : "a4357039-cacc-45ab-92d1-fdb02f0152cb",
    "color" : "#007695",
    "position" : {
      "x" : -46.978714,
      "y" : 40.12461,
      "z" : 6.854102
    },
    "orientation" : 39
  }, {
    "shape" : "fd160799-9958-49a9-886c-1f4e284a6011",
    "color" : "#FFFFFF",
    "position" : {
      "x" : -58.068882,
      "y" : -11.09017,
      "z" : -6.854102
    }
  }, {
    "shape" : "fc61035f-9727-412c-b418-a3f99db9ac93",
    "color" : "#AF0000",
    "position" : {
      "x" : -6.854102,
      "y" : 11.09017,
      "z" : -40.12461
    },
    "orientation" : 45
  }, {
    "shape" : "8d7cca14-6fb6-4573-b33c-bb848238e863",
    "color" : "#AF0000",
    "position" : {
      "x" : 0.0,
      "y" : 58.068882,
      "z" : 22.18034
    },
    "orientation" : 16
  }, {
    "shape" : "af47fa1d-831c-40c7-822d-411aae38f657",
    "color" : "#F0A000",
    "position" : {
      "x" : 17.944271,
      "y" : -40.12461,
      "z" : 40.12461
    },
    "orientation" : 30
  }, {
    "shape" : "fc61035f-9727-412c-b418-a3f99db9ac93",
    "color" : "#AF0000",
    "position" : {
      "x" : -29.034441,
      "y" : -40.12461,
      "z" : -22.18034
    },
    "orientation" : 46
  }, {
    "shape" : "8d7cca14-6fb6-4573-b33c-bb848238e863",
    "color" : "#AF0000",
    "position" : {
      "x" : 58.068882,
      "y" : 17.944271,
      "z" : -24.798374
    },
    "orientation" : 46
  }, {
    "shape" : "fd160799-9958-49a9-886c-1f4e284a6011",
    "color" : "#FFFFFF",
    "position" : {
      "x" : 17.944271,
      "y" : 0.0,
      "z" : -6.854102
    }
  }, {
    "shape" : "af47fa1d-831c-40c7-822d-411aae38f657",
    "color" : "#F0A000",
    "position" : {
      "x" : 69.15905,
      "y" : 11.09017,
      "z" : 11.09017
    },
    "orientation" : 22
  }, {
    "shape" : "fc61035f-9727-412c-b418-a3f99db9ac93",
    "color" : "#AF0000",
    "position" : {
      "x" : 46.978714,
      "y" : -40.12461,
      "z" : 29.034441
    },
    "orientation" : 17
  }, {
    "shape" : "af47fa1d-831c-40c7-822d-411aae38f657",
    "color" : "#F0A000",
    "position" : {
      "x" : 17.944271,
      "y" : 53.832817,
      "z" : 40.12461
    },
    "orientation" : 17
  }, {
    "shape" : "af47fa1d-831c-40c7-822d-411aae38f657",
    "color" : "#F0A000",
    "position" : {
      "x" : 11.09017,
      "y" : -6.854102,
      "z" : -58.068882
    },
    "orientation" : 9
  }, {
    "shape" : "af47fa1d-831c-40c7-822d-411aae38f657",
    "color" : "#F0A000",
    "position" : {
      "x" : 11.09017,
      "y" : -29.034441,
      "z" : 35.888542
    },
    "orientation" : 16
  }, {
    "shape" : "a4357039-cacc-45ab-92d1-fdb02f0152cb",
    "color" : "#007695",
    "position" : {
      "x" : 0.0,
      "y" : -6.854102,
      "z" : -53.832817
    },
    "orientation" : 1
  }, {
    "shape" : "fd160799-9958-49a9-886c-1f4e284a6011",
    "color" : "#FFFFFF",
    "position" : {
      "x" : -11.09017,
      "y" : 29.034441,
      "z" : 35.888542
    }
  }, {
    "shape" : "af47fa1d-831c-40c7-822d-411aae38f657",
    "color" : "#F0A000",
    "position" : {
      "x" : 40.12461,
      "y" : 35.888542,
      "z" : -6.854102
    },
    "orientation" : 17
  }, {
    "shape" : "af47fa1d-831c-40c7-822d-411aae38f657",
    "color" : "#F0A000",
    "position" : {
      "x" : 22.18034,
      "y" : 46.978714,
      "z" : -29.034441
    },
    "orientation" : 5
  }, {
    "shape" : "fc61035f-9727-412c-b418-a3f99db9ac93",
    "color" : "#AF0000",
    "position" : {
      "x" : 46.978714,
      "y" : -6.854102,
      "z" : 0.0
    },
    "orientation" : 32
  }, {
    "shape" : "a4357039-cacc-45ab-92d1-fdb02f0152cb",
    "color" : "#007695",
    "position" : {
      "x" : 24.798374,
      "y" : -46.978714,
      "z" : 46.978714
    },
    "orientation" : 25
  }, {
    "shape" : "a4357039-cacc-45ab-92d1-fdb02f0152cb",
    "color" : "#007695",
    "position" : {
      "x" : 22.18034,
      "y" : 35.888542,
      "z" : 0.0
    },
    "orientation" : 56
  }, {
    "shape" : "fc61035f-9727-412c-b418-a3f99db9ac93",
    "color" : "#AF0000",
    "position" : {
      "x" : 29.034441,
      "y" : 46.978714,
      "z" : 40.12461
    },
    "orientation" : 45
  }, {
    "shape" : "fc61035f-9727-412c-b418-a3f99db9ac93",
    "color" : "#AF0000",
    "position" : {
      "x" : 17.944271,
      "y" : -40.12461,
      "z" : -17.944271
    },
    "orientation" : 46
  }, {
    "shape" : "af47fa1d-831c-40c7-822d-411aae38f657",
    "color" : "#F0A000",
    "position" : {
      "x" : -24.798374,
      "y" : 17.944271,
      "z" : -29.034441
    },
    "orientation" : 1
  }, {
    "shape" : "8d7cca14-6fb6-4573-b33c-bb848238e863",
    "color" : "#AF0000",
    "position" : {
      "x" : 40.12461,
      "y" : 6.854102,
      "z" : 46.978714
    },
    "orientation" : 0
  }, {
    "shape" : "fd160799-9958-49a9-886c-1f4e284a6011",
    "color" : "#FFFFFF",
    "position" : {
      "x" : 11.09017,
      "y" : -58.068882,
      "z" : 40.12461
    }
  }, {
    "shape" : "8d7cca14-6fb6-4573-b33c-bb848238e863",
    "color" : "#AF0000",
    "position" : {
      "x" : 29.034441,
      "y" : 22.18034,
      "z" : 46.978714
    },
    "orientation" : 1
  }, {
    "shape" : "af47fa1d-831c-40c7-822d-411aae38f657",
    "color" : "#F0A000",
    "position" : {
      "x" : 46.978714,
      "y" : -24.798374,
      "z" : -11.09017
    },
    "orientation" : 22
  }, {
    "shape" : "a4357039-cacc-45ab-92d1-fdb02f0152cb",
    "color" : "#007695",
    "position" : {
      "x" : 64.92299,
      "y" : 6.854102,
      "z" : -29.034441
    },
    "orientation" : 37
  }, {
    "shape" : "fd160799-9958-49a9-886c-1f4e284a6011",
    "color" : "#FFFFFF",
    "position" : {
      "x" : 0.0,
      "y" : 17.944271,
      "z" : 46.978714
    }
  }, {
    "shape" : "fd160799-9958-49a9-886c-1f4e284a6011",
    "color" : "#FFFFFF",
    "position" : {
      "x" : -11.09017,
      "y" : -40.12461,
      "z" : 6.854102
    }
  }, {
    "shape" : "a4357039-cacc-45ab-92d1-fdb02f0152cb",
    "color" : "#007695",
    "position" : {
      "x" : 6.854102,
      "y" : 40.12461,
      "z" : 58.068882
    },
    "orientation" : 45
  }, {
    "shape" : "fd160799-9958-49a9-886c-1f4e284a6011",
    "color" : "#FFFFFF",
    "position" : {
      "x" : 0.0,
      "y" : -6.854102,
      "z" : -17.944271
    }
  }, {
    "shape" : "a4357039-cacc-45ab-92d1-fdb02f0152cb",
    "color" : "#007695",
    "position" : {
      "x" : 11.09017,
      "y" : -35.888542,
      "z" : -53.832817
    },
    "orientation" : 8
  }, {
    "shape" : "8d7cca14-6fb6-4573-b33c-bb848238e863",
    "color" : "#AF0000",
    "position" : {
      "x" : -53.832817,
      "y" : 11.09017,
      "z" : 35.888542
    },
    "orientation" : 1
  }, {
    "shape" : "fd160799-9958-49a9-886c-1f4e284a6011",
    "color" : "#FFFFFF",
    "position" : {
      "x" : 11.09017,
      "y" : 58.068882,
      "z" : 40.12461
    }
  }, {
    "shape" : "fd160799-9958-49a9-886c-1f4e284a6011",
    "color" : "#FFFFFF",
    "position" : {
      "x" : 24.798374,
      "y" : -46.978714,
      "z" : -46.978714
    }
  }, {
    "shape" : "a4357039-cacc-45ab-92d1-fdb02f0152cb",
    "color" : "#007695",
    "position" : {
      "x" : 24.798374,
      "y" : -17.944271,
      "z" : 29.034441
    },
    "orientation" : 36
  }, {
    "shape" : "fc61035f-9727-412c-b418-a3f99db9ac93",
    "color" : "#AF0000",
    "position" : {
      "x" : -11.09017,
      "y" : -17.944271,
      "z" : -64.92299
    },
    "orientation" : 45
  }, {
    "shape" : "8d7cca14-6fb6-4573-b33c-bb848238e863",
    "color" : "#AF0000",
    "position" : {
      "x" : 40.12461,
      "y" : 53.832817,
      "z" : -17.944271
    },
    "orientation" : 32
  }, {
    "shape" : "af47fa1d-831c-40c7-822d-411aae38f657",
    "color" : "#F0A000",
    "position" : {
      "x" : -11.09017,
      "y" : 6.854102,
      "z" : 58.068882
    },
    "orientation" : 19
  }, {
    "shape" : "8d7cca14-6fb6-4573-b33c-bb848238e863",
    "color" : "#AF0000",
    "position" : {
      "x" : -40.12461,
      "y" : 6.854102,
      "z" : -46.978714
    },
    "orientation" : 2
  }, {
    "shape" : "8d7cca14-6fb6-4573-b33c-bb848238e863",
    "color" : "#AF0000",
    "position" : {
      "x" : 46.978714,
      "y" : 40.12461,
      "z" : -29.034441
    },
    "orientation" : 1
  }, {
    "shape" : "a4357039-cacc-45ab-92d1-fdb02f0152cb",
    "color" : "#007695",
    "position" : {
      "x" : 35.888542,
      "y" : -40.12461,
      "z" : -46.978714
    },
    "orientation" : 11
  }, {
    "shape" : "8d7cca14-6fb6-4573-b33c-bb848238e863",
    "color" : "#AF0000",
    "position" : {
      "x" : 17.944271,
      "y" : 53.832817,
      "z" : 17.944271
    },
    "orientation" : 0
  }, {
    "shape" : "fc61035f-9727-412c-b418-a3f99db9ac93",
    "color" : "#AF0000",
    "position" : {
      "x" : 40.12461,
      "y" : -17.944271,
      "z" : 17.944271
    },
    "orientation" : 30
  }, {
    "shape" : "fc61035f-9727-412c-b418-a3f99db9ac93",
    "color" : "#AF0000",
    "position" : {
      "x" : -40.12461,
      "y" : -6.854102,
      "z" : 11.09017
    },
    "orientation" : 31
  }, {
    "shape" : "fc61035f-9727-412c-b418-a3f99db9ac93",
    "color" : "#AF0000",
    "position" : {
      "x" : -40.12461,
      "y" : 46.978714,
      "z" : -22.18034
    },
    "orientation" : 32
  }, {
    "shape" : "8d7cca14-6fb6-4573-b33c-bb848238e863",
    "color" : "#AF0000",
    "position" : {
      "x" : 51.214783,
      "y" : -46.978714,
      "z" : -17.944271
    },
    "orientation" : 47
  }, {
    "shape" : "a4357039-cacc-45ab-92d1-fdb02f0152cb",
    "color" : "#007695",
    "position" : {
      "x" : 58.068882,
      "y" : 40.12461,
      "z" : -11.09017
    },
    "orientation" : 21
  }, {
    "shape" : "8d7cca14-6fb6-4573-b33c-bb848238e863",
    "color" : "#AF0000",
    "position" : {
      "x" : -11.09017,
      "y" : -46.978714,
      "z" : -46.978714
    },
    "orientation" : 2
  }, {
    "shape" : "fd160799-9958-49a9-886c-1f4e284a6011",
    "color" : "#FFFFFF",
    "position" : {
      "x" : -17.944271,
      "y" : -24.798374,
      "z" : 58.068882
    }
  }, {
    "shape" : "fd160799-9958-49a9-886c-1f4e284a6011",
    "color" : "#FFFFFF",
    "position" : {
      "x" : -64.92299,
      "y" : 6.854102,
      "z" : 29.034441
    }
  }, {
    "shape" : "fd160799-9958-49a9-886c-1f4e284a6011",
    "color" : "#FFFFFF",
    "position" : {
      "x" : 35.888542,
      "y" : 40.12461,
      "z" : -46.978714
    }
  }, {
    "shape" : "fc61035f-9727-412c-b418-a3f99db9ac93",
    "color" : "#AF0000",
    "position" : {
      "x" : 40.12461,
      "y" : -17.944271,
      "z" : -17.944271
    },
    "orientation" : 30
  }, {
    "shape" : "a4357039-cacc-45ab-92d1-fdb02f0152cb",
    "color" : "#007695",
    "position" : {
      "x" : 40.12461,
      "y" : 35.888542,
      "z" : -6.854102
    },
    "orientation" : 24
  }, {
    "shape" : "fc61035f-9727-412c-b418-a3f99db9ac93",
    "color" : "#AF0000",
    "position" : {
      "x" : -29.034441,
      "y" : 11.09017,
      "z" : -53.832817
    },
    "orientation" : 1
  }, {
    "shape" : "af47fa1d-831c-40c7-822d-411aae38f657",
    "color" : "#F0A000",
    "position" : {
      "x" : -11.09017,
      "y" : -69.15905,
      "z" : -11.09017
    },
    "orientation" : 17
  }, {
    "shape" : "fc61035f-9727-412c-b418-a3f99db9ac93",
    "color" : "#AF0000",
    "position" : {
      "x" : 40.12461,
      "y" : -29.034441,
      "z" : -46.978714
    },
    "orientation" : 46
  }, {
    "shape" : "af47fa1d-831c-40c7-822d-411aae38f657",
    "color" : "#F0A000",
    "position" : {
      "x" : -17.944271,
      "y" : -64.92299,
      "z" : 11.09017
    },
    "orientation" : 0
  }, {
    "shape" : "af47fa1d-831c-40c7-822d-411aae38f657",
    "color" : "#F0A000",
    "position" : {
      "x" : 0.0,
      "y" : -46.978714,
      "z" : -51.214783
    },
    "orientation" : 38
  }, {
    "shape" : "fc61035f-9727-412c-b418-a3f99db9ac93",
    "color" : "#AF0000",
    "position" : {
      "x" : -35.888542,
      "y" : -29.034441,
      "z" : 53.832817
    },
    "orientation" : 16
  }, {
    "shape" : "a4357039-cacc-45ab-92d1-fdb02f0152cb",
    "color" : "#007695",
    "position" : {
      "x" : 22.18034,
      "y" : 17.944271,
      "z" : 11.09017
    },
    "orientation" : 24
  }, {
    "shape" : "af47fa1d-831c-40c7-822d-411aae38f657",
    "color" : "#F0A000",
    "position" : {
      "x" : -46.978714,
      "y" : 11.09017,
      "z" : -46.978714
    },
    "orientation" : 4
  }, {
    "shape" : "af47fa1d-831c-40c7-822d-411aae38f657",
    "color" : "#F0A000",
    "position" : {
      "x" : 11.09017,
      "y" : 24.798374,
      "z" : -46.978714
    },
    "orientation" : 5
  }, {
    "shape" : "fd160799-9958-49a9-886c-1f4e284a6011",
    "color" : "#FFFFFF",
    "position" : {
      "x" : -29.034441,
      "y" : 17.944271,
      "z" : 58.068882
    }
  }, {
    "shape" : "8d7cca14-6fb6-4573-b33c-bb848238e863",
    "color" : "#AF0000",
    "position" : {
      "x" : 17.944271,
      "y" : 24.798374,
      "z" : -58.068882
    },
    "orientation" : 31
  }, {
    "shape" : "fd160799-9958-49a9-886c-1f4e284a6011",
    "color" : "#FFFFFF",
    "position" : {
      "x" : 29.034441,
      "y" : -51.214783,
      "z" : -29.034441
    }
  }, {
    "shape" : "af47fa1d-831c-40c7-822d-411aae38f657",
    "color" : "#F0A000",
    "position" : {
      "x" : 46.978714,
      "y" : -51.214783,
      "z" : 0.0
    },
    "orientation" : 39
  }, {
    "shape" : "a4357039-cacc-45ab-92d1-fdb02f0152cb",
    "color" : "#007695",
    "position" : {
      "x" : -6.854102,
      "y" : 69.15905,
      "z" : -17.944271
    },
    "orientation" : 0
  }, {
    "shape" : "8d7cca14-6fb6-4573-b33c-bb848238e863",
    "color" : "#AF0000",
    "position" : {
      "x" : -17.944271,
      "y" : 40.12461,
      "z" : 53.832817
    },
    "orientation" : 47
  }, {
    "shape" : "fd160799-9958-49a9-886c-1f4e284a6011",
    "color" : "#FFFFFF",
    "position" : {
      "x" : 29.034441,
      "y" : 46.978714,
