{
  "field" : "golden",
  "symmetry" : "icosahedral",
  "orientations" : [ [ 1.0, 0.0, 0.0, 0.0, 0.0, 1.0, 0.0, 0.0, 0.0, 0.0, 1.0, 0.0, 0.0, 0.0, 0.0, 1.0 ], [ 0.0, 0.0, 1.0, 0.0, 1.0, 0.0, 0.0, 0.0, 0.0, 1.0, 0.0, 0.0, 0.0, 0.0, 0.0, 1.0 ], [ 0.0, 1.0, 0.0, 0.0, 0.0, 0.0, 1.0, 0.0, 1.0, 0.0, 0.0, 0.0, 0.0, 0.0, 0.0, 1.0 ], [ 0.809017, 0.309017, 0.5, 0.0, 0.309017, 0.5, -0.809017, 0.0, -0.5, 0.809017, 0.309017, 0.0, 0.0, 0.0, 0.0, 1.0 ], [ -0.5, 0.809017, 0.309017, 0.0, 0.809017, 0.309017, 0.5, 0.0, 0.309017, 0.5, -0.809017, 0.0, 0.0, 0.0, 0.0, 1.0 ], [ 0.309017, 0.5, -0.809017, 0.0, -0.5, 0.809017, 0.309017, 0.0, 0.809017, 0.309017, 0.5, 0.0, 0.0, 0.0, 0.0, 1.0 ], [ 0.5, 0.809017, 0.309017, 0.0, 0.809017, -0.309017, -0.5, 0.0, -0.309017, 0.5, -0.809017, 0.0, 0.0, 0.0, 0.0, 1.0 ], [ -0.309017, 0.5, -0.809017, 0.0, 0.5, 0.809017, 0.309017, 0.0, 0.809017, -0.309017, -0.5, 0.0, 0.0, 0.0, 0.0, 1.0 ], [ 0.809017, -0.309017, -0.5, 0.0, -0.309017, 0.5, -0.809017, 0.0, 0.5, 0.809017, 0.309017, 0.0, 0.0, 0.0, 0.0, 1.0 ], [ 0.5, 0.809017, -0.309017, 0.0, 0.809017, -0.309017, 0.5, 0.0, 0.309017, -0.5, -0.809017, 0.0, 0.0, 0.0, 0.0, 1.0 ], [ 0.309017, -0.5, -0.809017, 0.0, 0.5, 0.809017, -0.309017, 0.0, 0.809017, -0.309017, 0.5, 0.0, 0.0, 0.0, 0.0, 1.0 ], [ 0.809017, -0.309017, 0.5, 0.0, 0.309017, -0.5, -0.809017, 0.0, 0.5, 0.809017, -0.309017, 0.0, 0.0, 0.0, 0.0, 1.0 ], [ 0.809017, 0.309017, -0.5, 0.0, 0.309017, 0.5, 0.809017, 0.0, 0.5, -0.809017, 0.309017, 0.0, 0.0, 0.0, 0.0, 1.0 ], [ 0.5, -0.809017, 0.309017, 0.0, 0.809017, 0.309017, -0.5, 0.0, 0.309017, 0.5, 0.809017, 0.0, 0.0, 0.0, 0.0, 1.0 ], [ 0.309017, 0.5, 0.809017, 0.0, 0.5, -0.809017, 0.309017, 0.0, 0.809017, 0.309017, -0.5, 0.0, 0.0, 0.0, 0.0, 1.0 ], [ 1.0, 0.0, 0.0, 0.0, 0.0, -1.0, 0.0, 0.0, 0.0, 0.0, -1.0, 0.0, 0.0, 0.0, 0.0, 1.0 ], [ 0.0, 0.0, 1.0, 0.0, -1.0, 0.0, 0.0, 0.0, 0.0, -1.0, 0.0, 0.0, 0.0, 0.0, 0.0, 1.0 ], [ 0.0, 1.0, 0.0, 0.0, 0.0, 0.0, -1.0, 0.0, -1.0, 0.0, 0.0, 0.0, 0.0, 0.0, 0.0, 1.0 ], [ 0.809017, 0.309017, 0.5, 0.0, -0.309017, -0.5, 0.809017, 0.0, 0.5, -0.809017, -0.309017, 0.0, 0.0, 0.0, 0.0, 1.0 ], [ -0.5, 0.809017, 0.309017, 0.0, -0.809017, -0.309017, -0.5, 0.0, -0.309017, -0.5, 0.809017, 0.0, 0.0, 0.0, 0.0, 1.0 ], [ 0.309017, 0.5, -0.809017, 0.0, 0.5, -0.809017, -0.309017, 0.0, -0.809017, -0.309017, -0.5, 0.0, 0.0, 0.0, 0.0, 1.0 ], [ 0.5, 0.809017, 0.309017, 0.0, -0.809017, 0.309017, 0.5, 0.0, 0.309017, -0.5, 0.809017, 0.0, 0.0, 0.0, 0.0, 1.0 ], [ -0.309017, 0.5, -0.809017, 0.0, -0.5, -0.809017, -0.309017, 0.0, -0.809017, 0.309017, 0.5, 0.0, 0.0, 0.0, 0.0, 1.0 ], [ 0.809017, -0.309017, -0.5, 0.0, 0.309017, -0.5, 0.809017, 0.0, -0.5, -0.809017, -0.309017, 0.0, 0.0, 0.0, 0.0, 1.0 ], [ 0.5, 0.809017, -0.309017, 0.0, -0.809017, 0.309017, -0.5, 0.0, -0.309017, 0.5, 0.809017, 0.0, 0.0, 0.0, 0.0, 1.0 ], [ 0.309017, -0.5, -0.809017, 0.0, -0.5, -0.809017, 0.309017, 0.0, -0.809017, 0.309017, -0.5, 0.0, 0.0, 0.0, 0.0, 1.0 ], [ 0.809017, -0.309017, 0.5, 0.0, -0.309017, 0.5, 0.809017, 0.0, -0.5, -0.809017, 0.309017, 0.0, 0.0, 0.0, 0.0, 1.0 ], [ 0.809017, 0.309017, -0.5, 0.0, -0.309017, -0.5, -0.809017, 0.0, -0.5, 0.809017, -0.309017, 0.0, 0.0, 0.0, 0.0, 1.0 ], [ 0.5, -0.809017, 0.309017, 0.0, -0.809017, -0.309017, 0.5, 0.0, -0.309017, -0.5, -0.809017, 0.0, 0.0, 0.0, 0.0, 1.0 ], [ 0.309017, 0.5, 0.809017, 0.0, -0.5, 0.809017, -0.309017, 0.0, -0.809017, -0.309017, 0.5, 0.0, 0.0, 0.0, 0.0, 1.0 ], [ -1.0, 0.0, 0.0, 0.0, 0.0, -1.0, 0.0, 0.0, 0.0, 0.0, 1.0, 0.0, 0.0, 0.0, 0.0, 1.0 ], [ 0.0, 0.0, -1.0, 0.0, -1.0, 0.0, 0.0, 0.0, 0.0, 1.0, 0.0, 0.0, 0.0, 0.0, 0.0, 1.0 ], [ 0.0, -1.0, 0.0, 0.0, 0.0, 0.0, -1.0, 0.0, 1.0, 0.0, 0.0, 0.0, 0.0, 0.0, 0.0, 1.0 ], [ -0.809017, -0.309017, -0.5, 0.0, -0.309017, -0.5, 0.809017, 0.0, -0.5, 0.809017, 0.309017, 0.0, 0.0, 0.0, 0.0, 1.0 ], [ 0.5, -0.809017, -0.309017, 0.0, -0.809017, -0.309017, -0.5, 0.0, 0.309017, 0.5, -0.809017, 0.0, 0.0, 0.0, 0.0, 1.0 ], [ -0.309017, -0.5, 0.809017, 0.0, 0.5, -0.809017, -0.309017, 0.0, 0.809017, 0.309017, 0.5, 0.0, 0.0, 0.0, 0.0, 1.0 ], [ -0.5, -0.809017, -0.309017, 0.0, -0.809017, 0.309017, 0.5, 0.0, -0.309017, 0.5, -0.809017, 0.0, 0.0, 0.0, 0.0, 1.0 ], [ 0.309017, -0.5, 0.809017, 0.0, -0.5, -0.809017, -0.309017, 0.0, 0.809017, -0.309017, -0.5, 0.0, 0.0, 0.0, 0.0, 1.0 ], [ -0.809017, 0.309017, 0.5, 0.0, 0.309017, -0.5, 0.809017, 0.0, 0.5, 0.809017, 0.309017, 0.0, 0.0, 0.0, 0.0, 1.0 ], [ -0.5, -0.809017, 0.309017, 0.0, -0.809017, 0.309017, -0.5, 0.0, 0.309017, -0.5, -0.809017, 0.0, 0.0, 0.0, 0.0, 1.0 ], [ -0.309017, 0.5, 0.809017, 0.0, -0.5, -0.809017, 0.309017, 0.0, 0.809017, -0.309017, 0.5, 0.0, 0.0, 0.0, 0.0, 1.0 ], [ -0.809017, 0.309017, -0.5, 0.0, -0.309017, 0.5, 0.809017, 0.0, 0.5, 0.809017, -0.309017, 0.0, 0.0, 0.0, 0.0, 1.0 ], [ -0.809017, -0.309017, 0.5, 0.0, -0.309017, -0.5, -0.809017, 0.0, 0.5, -0.809017, 0.309017, 0.0, 0.0, 0.0, 0.0, 1.0 ], [ -0.5, 0.809017, -0.309017, 0.0, -0.809017, -0.309017, 0.5, 0.0, 0.309017, 0.5, 0.809017, 0.0, 0.0, 0.0, 0.0, 1.0 ], [ -0.309017, -0.5, -0.809017, 0.0, -0.5, 0.809017, -0.309017, 0.0, 0.809017, 0.309017, -0.5, 0.0, 0.0, 0.0, 0.0, 1.0 ], [ -1.0, 0.0, 0.0, 0.0, 0.0, 1.0, 0.0, 0.0, 0.0, 0.0, -1.0, 0.0, 0.0, 0.0, 0.0, 1.0 ], [ 0.0, 0.0, -1.0, 0.0, 1.0, 0.0, 0.0, 0.0, 0.0, -1.0, 0.0, 0.0, 0.0, 0.0, 0.0, 1.0 ], [ 0.0, -1.0, 0.0, 0.0, 0.0, 0.0, 1.0, 0.0, -1.0, 0.0, 0.0, 0.0, 0.0, 0.0, 0.0, 1.0 ], [ -0.809017, -0.309017, -0.5, 0.0, 0.309017, 0.5, -0.809017, 0.0, 0.5, -0.809017, -0.309017, 0.0, 0.0, 0.0, 0.0, 1.0 ], [ 0.5, -0.809017, -0.309017, 0.0, 0.809017, 0.309017, 0.5, 0.0, -0.309017, -0.5, 0.809017, 0.0, 0.0, 0.0, 0.0, 1.0 ], [ -0.309017, -0.5, 0.809017, 0.0, -0.5, 0.809017, 0.309017, 0.0, -0.809017, -0.309017, -0.5, 0.0, 0.0, 0.0, 0.0, 1.0 ], [ -0.5, -0.809017, -0.309017, 0.0, 0.809017, -0.309017, -0.5, 0.0, 0.309017, -0.5, 0.809017, 0.0, 0.0, 0.0, 0.0, 1.0 ], [ 0.309017, -0.5, 0.809017, 0.0, 0.5, 0.809017, 0.309017, 0.0, -0.809017, 0.309017, 0.5, 0.0, 0.0, 0.0, 0.0, 1.0 ], [ -0.809017, 0.309017, 0.5, 0.0, -0.309017, 0.5, -0.809017, 0.0, -0.5, -0.809017, -0.309017, 0.0, 0.0, 0.0, 0.0, 1.0 ], [ -0.5, -0.809017, 0.309017, 0.0, 0.809017, -0.309017, 0.5, 0.0, -0.309017, 0.5, 0.809017, 0.0, 0.0, 0.0, 0.0, 1.0 ], [ -0.309017, 0.5, 0.809017, 0.0, 0.5, 0.809017, -0.309017, 0.0, -0.809017, 0.309017, -0.5, 0.0, 0.0, 0.0, 0.0, 1.0 ], [ -0.809017, 0.309017, -0.5, 0.0, 0.309017, -0.5, -0.809017, 0.0, -0.5, -0.809017, 0.309017, 0.0, 0.0, 0.0, 0.0, 1.0 ], [ -0.809017, -0.309017, 0.5, 0.0, 0.309017, 0.5, 0.809017, 0.0, -0.5, 0.809017, -0.309017, 0.0, 0.0, 0.0, 0.0, 1.0 ], [ -0.5, 0.809017, -0.309017, 0.0, 0.809017, 0.309017, -0.5, 0.0, -0.309017, -0.5, -0.809017, 0.0, 0.0, 0.0, 0.0, 1.0 ], [ -0.309017, -0.5, -0.809017, 0.0, 0.5, -0.809017, 0.309017, 0.0, -0.809017, -0.309017, 0.5, 0.0, 0.0, 0.0, 0.0, 1.0 ] ],
  "lights" : {
    "ambientColor" : "#292929",
    "backgroundColor" : "#B2CDE6",
    "directionalLights" : [ {
      "direction" : {
        "x" : 1.0,
        "y" : -1.0,
        "z" : -1.0
      },
      "color" : "#EBEBE4"
    }, {
      "direction" : {
        "x" : -1.0,
        "y" : 0.0,
        "z" : 0.0
      },
      "color" : "#E4E4EB"
    }, {
      "direction" : {
        "x" : 0.0,
        "y" : 0.0,
        "z" : -1.0
      },
      "color" : "#1E1E1E"
    } ]
  },
  "camera" : {
    "stereo" : false,
    "width" : 7.9277678,
    "lookDirection" : {
      "x" : -0.8377749,
      "y" : 0.5435515,
      "z" : -0.051825617
    },
    "upDirection" : {
      "x" : -0.08221805,
      "y" : -0.031747125,
      "z" : 0.9961081
    },
    "lookAtPoint" : {
      "x" : 6.4922986,
      "y" : -2.7034442,
      "z" : -0.33688104
    },
    "perspective" : true,
    "viewDistance" : 17.617266,
    "nearClipDistance" : 0.044043127,
    "farClipDistance" : 35.23447,
    "fieldOfView" : 0.4426288,
    "position" : {
      "x" : 21.2516,
      "y" : -12.279336,
      "z" : 0.57614464
    }
  },
  "embedding" : [ 1.0, 0.0, 0.0, 0.0, 0.0, 1.0, 0.0, 0.0, 0.0, 0.0, 1.0, 0.0, 0.0, 0.0, 0.0, 1.0 ],
  "shapes" : [ {
    "id" : "4a300ac3-3ce2-42ce-bad7-5ab64f56729f",
    "vertices" : [ {
      "x" : 2.1545086,
      "y" : -0.13196601,
      "z" : 0.095491506
    }, {
      "x" : 1.381966,
      "y" : 0.309017,
      "z" : 0.11803399
    }, {
      "x" : 1.2864745,
      "y" : 0.1545085,
      "z" : 0.25
    }, {
      "x" : 2.0,
      "y" : -0.38196602,
      "z" : 0.309017
    } ],
    "faces" : [ {
      "vertices" : [ 0, 1, 2 ]
    }, {
      "vertices" : [ 0, 2, 3 ]
    }, {
      "vertices" : [ 0, 3, 2 ]
    }, {
      "vertices" : [ 0, 2, 1 ]
    } ]
  }, {
    "id" : "8a68a843-713a-44a8-8fd8-e594ff120c89",
    "vertices" : [ {
      "x" : 17.244678,
      "y" : -8.604102,
      "z" : 0.095491506
    }, {
      "x" : 17.994678,
      "y" : -9.081559,
      "z" : 0.059016995
    }, {
      "x" : 17.958204,
      "y" : -9.140576,
      "z" : -0.1545085
    }, {
      "x" : 17.185661,
      "y" : -8.699594,
      "z" : -0.25
    } ],
    "faces" : [ {
      "vertices" : [ 0, 1, 2 ]
    }, {
      "vertices" : [ 0, 2, 3 ]
    }, {
      "vertices" : [ 0, 3, 2 ]
    }, {
      "vertices" : [ 0, 2, 1 ]
    } ]
  }, {
    "id" : "151dbbca-6972-4adb-91ac-c20a6f953941",
    "vertices" : [ {
      "x" : 1.8454915,
      "y" : -0.631966,
      "z" : 0.095491506
    }, {
      "x" : 1.9045085,
      "y" : -0.5364745,
      "z" : -0.25
    }, {
      "x" : 16.612713,
      "y" : -9.626644,
      "z" : -0.25
    }, {
      "x" : 16.553696,
      "y" : -9.722136,
      "z" : 0.095491506
    } ],
    "faces" : [ {
      "vertices" : [ 0, 1, 2 ]
    }, {
      "vertices" : [ 0, 2, 3 ]
    }, {
      "vertices" : [ 0, 3, 2 ]
    }, {
      "vertices" : [ 0, 2, 1 ]
    } ]
  }, {
    "id" : "fad95565-c5b5-49fe-aeb2-88ec0c52de23",
    "vertices" : [ {
      "x" : 1.2917961,
      "y" : 1.072949,
      "z" : 0.10081306
    }, {
      "x" : 1.381966,
      "y" : 1.045085,
      "z" : 0.11803399
    }, {
      "x" : 1.381966,
      "y" : 1.045085,
      "z" : -0.04915028
    }, {
      "x" : 1.2917961,
      "y" : 1.072949,
      "z" : -0.031929355
    } ],
    "faces" : [ {
      "vertices" : [ 0, 1, 2 ]
    }, {
      "vertices" : [ 0, 2, 3 ]
    }, {
      "vertices" : [ 0, 3, 2 ]
    }, {
      "vertices" : [ 0, 2, 1 ]
    } ]
  }, {
    "id" : "ac03add3-8ea9-47c0-9d82-cb29dbc91011",
    "vertices" : [ {
      "x" : 17.326239,
      "y" : -10.899187,
      "z" : -0.04915028
    }, {
      "x" : 17.457428,
      "y" : -10.686917,
      "z" : -0.15654115
    }, {
      "x" : 17.530376,
      "y" : -10.742646,
      "z" : -0.1286771
    } ],
    "faces" : [ {
      "vertices" : [ 0, 1, 2 ]
    }, {
      "vertices" : [ 0, 2, 1 ]
    } ]
  }, {
    "id" : "0980ba9d-edcf-4edb-9c26-73542904d105",
    "vertices" : [ {
      "x" : 18.09017,
      "y" : -9.663119,
      "z" : -0.04915028
    }, {
      "x" : 18.22136,
      "y" : -9.45085,
      "z" : -0.15654115
    }, {
      "x" : 18.294308,
      "y" : -9.5065775,
      "z" : -0.1286771
    } ],
    "faces" : [ {
      "vertices" : [ 0, 1, 2 ]
    }, {
      "vertices" : [ 0, 2, 1 ]
    } ]
  }, {
    "id" : "aff446b3-f899-47e3-aced-832c31d911c5",
    "vertices" : [ {
      "x" : 17.826239,
      "y" : -10.09017,
      "z" : 0.19098301
    }, {
      "x" : 17.708204,
      "y" : -10.281153,
      "z" : 0.11803399
    }, {
      "x" : 17.798374,
      "y" : -10.309017,
      "z" : 0.10081306
    }, {
      "x" : 17.899187,
      "y" : -10.145898,
      "z" : 0.16311896
    } ],
    "faces" : [ {
      "vertices" : [ 0, 1, 2 ]
    }, {
      "vertices" : [ 0, 2, 3 ]
    }, {
      "vertices" : [ 0, 3, 2 ]
    }, {
      "vertices" : [ 0, 2, 1 ]
    } ]
  }, {
    "id" : "00415c44-5bca-4799-8d6c-4330b1a2eac3",
    "vertices" : [ {
      "x" : 16.42173,
      "y" : -9.935661,
      "z" : -0.25
    }, {
      "x" : 17.157797,
      "y" : -10.435661,
      "z" : -0.25
    }, {
      "x" : 17.039762,
      "y" : -10.626644,
      "z" : -0.25
    }, {
      "x" : 16.230747,
      "y" : -10.2446785,
      "z" : -0.25
    } ],
    "faces" : [ {
      "vertices" : [ 0, 1, 2 ]
    }, {
      "vertices" : [ 0, 2, 3 ]
    }, {
      "vertices" : [ 0, 3, 2 ]
    }, {
      "vertices" : [ 0, 2, 1 ]
    } ]
  }, {
    "id" : "8e584739-2b69-4ec5-884d-a317d5fbc6fe",
    "vertices" : [ {
      "x" : 0.52786404,
      "y" : -0.16311896,
      "z" : 0.10081306
    }, {
      "x" : 0.618034,
      "y" : -0.19098301,
      "z" : 0.11803399
    }, {
      "x" : 0.618034,
      "y" : -0.19098301,
      "z" : -0.04915028
    }, {
      "x" : 0.52786404,
      "y" : -0.16311896,
      "z" : -0.031929355
    } ],
    "faces" : [ {
      "vertices" : [ 0, 1, 2 ]
    }, {
      "vertices" : [ 0, 2, 3 ]
    }, {
      "vertices" : [ 0, 3, 2 ]
    }, {
      "vertices" : [ 0, 2, 1 ]
    } ]
  }, {
    "id" : "4905418e-6b73-4dbb-9a8d-e9876d0c79bc",
    "vertices" : [ {
      "x" : 2.5364745,
      "y" : 0.48606798,
      "z" : 0.095491506
    }, {
      "x" : 1.763932,
      "y" : 0.927051,
      "z" : 0.0
    }, {
      "x" : 1.763932,
      "y" : 0.927051,
      "z" : 0.11803399
    } ],
    "faces" : [ {
      "vertices" : [ 0, 1, 2 ]
    }, {
      "vertices" : [ 0, 2, 1 ]
    } ]
  }, {
    "id" : "87ab542e-aaac-41f5-b1f6-6cdae3a1ba6c",
    "vertices" : [ {
      "x" : 1.7135255,
      "y" : -0.8454915,
      "z" : -0.25
    }, {
      "x" : 1.7725425,
      "y" : -0.75,
      "z" : 0.095491506
    }, {
      "x" : 16.480747,
      "y" : -9.84017,
      "z" : 0.095491506
    }, {
      "x" : 16.42173,
      "y" : -9.935661,
      "z" : -0.25
    } ],
    "faces" : [ {
      "vertices" : [ 0, 1, 2 ]
    }, {
      "vertices" : [ 0, 2, 3 ]
    }, {
      "vertices" : [ 0, 3, 2 ]
    }, {
      "vertices" : [ 0, 2, 1 ]
    } ]
  }, {
    "id" : "4188eb6a-1bdd-4c6a-9390-47d711373d55",
    "vertices" : [ {
      "x" : 17.899187,
      "y" : -9.972136,
      "z" : 0.0
    }, {
      "x" : 17.961493,
      "y" : -10.045085,
      "z" : 0.0
    }, {
      "x" : 17.912342,
      "y" : -10.124612,
      "z" : -0.1286771
    }, {
      "x" : 17.839394,
      "y" : -10.068884,
      "z" : -0.15654115
    } ],
    "faces" : [ {
      "vertices" : [ 0, 1, 2 ]
    }, {
      "vertices" : [ 0, 2, 3 ]
    }, {
      "vertices" : [ 0, 3, 2 ]
    }, {
      "vertices" : [ 0, 2, 1 ]
    } ]
  }, {
    "id" : "c60531ad-f510-4ff1-97f3-0595b7eb92f4",
    "vertices" : [ {
      "x" : 1.3291796,
      "y" : 0.2236068,
      "z" : 0.11803399
    }, {
      "x" : 1.381966,
      "y" : 0.309017,
      "z" : 0.11803399
    }, {
      "x" : 1.381966,
      "y" : 0.309017,
      "z" : 0.0
    }, {
      "x" : 1.3454915,
      "y" : 0.25,
      "z" : -0.21352549
    }, {
      "x" : 1.3291796,
      "y" : 0.2236068,
      "z" : -0.04915028
    } ],
    "faces" : [ {
      "vertices" : [ 0, 1, 2 ]
    }, {
      "vertices" : [ 0, 2, 3 ]
    }, {
      "vertices" : [ 0, 3, 4 ]
    }, {
      "vertices" : [ 0, 4, 3 ]
    }, {
      "vertices" : [ 0, 3, 2 ]
    }, {
      "vertices" : [ 0, 2, 1 ]
    } ]
  }, {
    "id" : "3bb513b1-1454-40f4-ba8d-6cd73f826c8a",
    "vertices" : [ {
      "x" : 17.570007,
      "y" : -9.768692,
      "z" : 0.0
    }, {
      "x" : 17.510214,
      "y" : -9.865439,
      "z" : -0.15654115
    }, {
      "x" : 17.539762,
      "y" : -9.817628,
      "z" : -0.25
    }, {
      "x" : 17.576239,
      "y" : -9.758611,
      "z" : -0.1545085
    }, {
      "x" : 17.612713,
      "y" : -9.699594,
      "z" : 0.059016995
    } ],
    "faces" : [ {
      "vertices" : [ 0, 1, 2 ]
    }, {
      "vertices" : [ 0, 2, 3 ]
    }, {
      "vertices" : [ 0, 3, 4 ]
    }, {
      "vertices" : [ 0, 4, 3 ]
    }, {
      "vertices" : [ 0, 3, 2 ]
    }, {
      "vertices" : [ 0, 2, 1 ]
    } ]
  }, {
    "id" : "29aa89da-804d-4f9c-bc56-19214668103c",
    "vertices" : [ {
      "x" : 17.480747,
      "y" : -9.913119,
      "z" : 0.2864745
    }, {
      "x" : 17.42173,
      "y" : -10.008611,
      "z" : 0.25
    }, {
      "x" : 17.326239,
      "y" : -10.163119,
      "z" : 0.11803399
    }, {
      "x" : 17.379025,
      "y" : -10.077709,
      "z" : 0.11803399
    }, {
      "x" : 17.497059,
      "y" : -9.886725,
      "z" : 0.19098301
    } ],
    "faces" : [ {
      "vertices" : [ 0, 1, 2 ]
    }, {
      "vertices" : [ 0, 2, 3 ]
    }, {
      "vertices" : [ 0, 3, 4 ]
    }, {
      "vertices" : [ 0, 4, 3 ]
    }, {
      "vertices" : [ 0, 3, 2 ]
    }, {
      "vertices" : [ 0, 2, 1 ]
    } ]
  }, {
    "id" : "3664fe27-7b6f-467a-bd4d-01d0be30a83a",
    "vertices" : [ {
      "x" : 17.839394,
      "y" : -10.068884,
      "z" : -0.15654115
    }, {
      "x" : 17.708204,
      "y" : -10.281153,
      "z" : -0.04915028
    }, {
      "x" : 17.379025,
      "y" : -10.077709,
      "z" : -0.04915028
    }, {
      "x" : 17.510214,
      "y" : -9.865439,
      "z" : -0.15654115
    } ],
    "faces" : [ {
      "vertices" : [ 0, 1, 2 ]
    }, {
      "vertices" : [ 0, 2, 3 ]
    }, {
      "vertices" : [ 0, 3, 2 ]
    }, {
      "vertices" : [ 0, 2, 1 ]
    } ]
  }, {
    "id" : "9a72c500-ddf5-4802-9211-c9b9c251c563",
    "vertices" : [ {
      "x" : 0.8291796,
      "y" : -0.5854102,
      "z" : 0.19098301
    }, {
      "x" : 0.5,
      "y" : -0.38196602,
      "z" : 0.19098301
    }, {
      "x" : 0.42705098,
      "y" : -0.5,
      "z" : 0.0
    }, {
      "x" : 0.7562306,
      "y" : -0.7034442,
      "z" : 0.0
    } ],
    "faces" : [ {
      "vertices" : [ 0, 1, 2 ]
    }, {
      "vertices" : [ 0, 2, 3 ]
    }, {
      "vertices" : [ 0, 3, 2 ]
    }, {
      "vertices" : [ 0, 2, 1 ]
    } ]
  }, {
    "id" : "4ffb3dbd-46bb-4697-a471-fca2e4edbbae",
    "vertices" : [ {
      "x" : 1.618034,
      "y" : -1.0,
      "z" : 0.309017
    }, {
      "x" : 0.9045085,
      "y" : -0.4635255,
      "z" : 0.25
    }, {
      "x" : 0.8454915,
      "y" : -0.559017,
      "z" : 0.2864745
    } ],
    "faces" : [ {
      "vertices" : [ 0, 1, 2 ]
    }, {
      "vertices" : [ 0, 2, 1 ]
    } ]
  }, {
    "id" : "033cf8f0-338d-4e10-9db6-efaafa667c96",
    "vertices" : [ {
      "x" : 0.7467111,
      "y" : 0.19098301,
      "z" : 0.0
    }, {
      "x" : 0.809017,
      "y" : 0.11803399,
      "z" : 0.0
    }, {
      "x" : 0.881966,
      "y" : 0.23606798,
      "z" : 0.19098301
    }, {
      "x" : 0.809017,
      "y" : 0.29179606,
      "z" : 0.16311896
    } ],
    "faces" : [ {
      "vertices" : [ 0, 1, 2 ]
    }, {
      "vertices" : [ 0, 2, 3 ]
    }, {
      "vertices" : [ 0, 3, 2 ]
    }, {
      "vertices" : [ 0, 2, 1 ]
    } ]
  }, {
    "id" : "7bb87c00-5905-4a76-b04e-219fd08219fe",
    "vertices" : [ {
      "x" : 16.708204,
      "y" : -9.472136,
      "z" : 0.309017
    }, {
      "x" : 17.480747,
      "y" : -9.913119,
      "z" : 0.2864745
    }, {
      "x" : 17.576239,
      "y" : -9.758611,
      "z" : 0.1545085
    }, {
      "x" : 16.862713,
      "y" : -9.222136,
      "z" : 0.095491506
    } ],
    "faces" : [ {
      "vertices" : [ 0, 1, 2 ]
    }, {
      "vertices" : [ 0, 2, 3 ]
    }, {
      "vertices" : [ 0, 3, 2 ]
    }, {
      "vertices" : [ 0, 2, 1 ]
    } ]
  }, {
    "id" : "7c897273-d6dc-4b0c-bc43-870bc70eee3c",
    "vertices" : [ {
      "x" : 16.935661,
      "y" : -9.104102,
      "z" : 0.095491506
    }, {
      "x" : 17.708204,
      "y" : -9.545085,
      "z" : 0.11803399
    }, {
      "x" : 17.803696,
      "y" : -9.390576,
      "z" : 0.25
    }, {
      "x" : 17.09017,
      "y" : -8.854102,
      "z" : 0.309017
    } ],
    "faces" : [ {
      "vertices" : [ 0, 1, 2 ]
    }, {
      "vertices" : [ 0, 2, 3 ]
    }, {
      "vertices" : [ 0, 3, 2 ]
    }, {
      "vertices" : [ 0, 2, 1 ]
    } ]
  }, {
    "id" : "0422c4bb-f391-4439-83ac-6975b16b81d1",
    "vertices" : [ {
      "x" : 1.5201626,
      "y" : 0.53262377,
      "z" : 0.0
    }, {
      "x" : 1.190983,
      "y" : 0.73606795,
      "z" : 0.0
    }, {
      "x" : 1.2507764,
      "y" : 0.8328157,
      "z" : -0.15654115
    }, {
      "x" : 1.579956,
      "y" : 0.6293715,
      "z" : -0.15654115
    } ],
    "faces" : [ {
      "vertices" : [ 0, 1, 2 ]
    }, {
      "vertices" : [ 0, 2, 3 ]
    }, {
      "vertices" : [ 0, 3, 2 ]
    }, {
      "vertices" : [ 0, 2, 1 ]
    } ]
  }, {
    "id" : "90f8e93b-11c3-4134-af2a-29d725ee913a",
    "vertices" : [ {
      "x" : 17.185661,
      "y" : -8.699594,
      "z" : -0.25
    }, {
      "x" : 17.92173,
      "y" : -9.199594,
      "z" : -0.25
    }, {
      "x" : 17.803696,
      "y" : -9.390576,
      "z" : -0.25
    }, {
      "x" : 16.994678,
      "y" : -9.008611,
      "z" : -0.25
    } ],
    "faces" : [ {
      "vertices" : [ 0, 1, 2 ]
    }, {
      "vertices" : [ 0, 2, 3 ]
    }, {
      "vertices" : [ 0, 3, 2 ]
    }, {
      "vertices" : [ 0, 2, 1 ]
    } ]
  }, {
    "id" : "8f575c82-ddb4-48a1-814b-6b57a1450bab",
    "vertices" : [ {
      "x" : 17.115093,
      "y" : -10.50476,
      "z" : 0.19098301
    }, {
      "x" : 16.997059,
      "y" : -10.695743,
      "z" : 0.11803399
    }, {
      "x" : 17.326239,
      "y" : -10.899187,
      "z" : 0.11803399
    }, {
      "x" : 17.444271,
      "y" : -10.708204,
      "z" : 0.19098301
    } ],
    "faces" : [ {
      "vertices" : [ 0, 1, 2 ]
    }, {
      "vertices" : [ 0, 2, 3 ]
    }, {
      "vertices" : [ 0, 3, 2 ]
    }, {
      "vertices" : [ 0, 2, 1 ]
    } ]
  }, {
    "id" : "a07d7c7f-d64d-4503-ad58-ef2ccb69bee7",
    "vertices" : [ {
      "x" : 0.9472136,
      "y" : -0.39442718,
      "z" : 0.11803399
    }, {
      "x" : 1.0,
      "y" : -0.309017,
      "z" : 0.11803399
    }, {
      "x" : 1.0,
      "y" : -0.309017,
      "z" : 0.0
    }, {
      "x" : 0.9635255,
      "y" : -0.36803398,
      "z" : -0.21352549
    }, {
      "x" : 0.9472136,
      "y" : -0.39442718,
      "z" : -0.04915028
    } ],
    "faces" : [ {
      "vertices" : [ 0, 1, 2 ]
    }, {
      "vertices" : [ 0, 2, 3 ]
    }, {
      "vertices" : [ 0, 3, 4 ]
    }, {
      "vertices" : [ 0, 4, 3 ]
    }, {
      "vertices" : [ 0, 3, 2 ]
    }, {
      "vertices" : [ 0, 2, 1 ]
    } ]
  }, {
    "id" : "3309d90f-391d-4558-a059-4311bf37e6e4",
    "vertices" : [ {
      "x" : 17.444271,
      "y" : -10.708204,
      "z" : 0.19098301
    }, {
      "x" : 17.326239,
      "y" : -10.899187,
      "z" : 0.11803399
    }, {
      "x" : 17.416409,
      "y" : -10.927051,
      "z" : 0.10081306
    }, {
      "x" : 17.517221,
      "y" : -10.763932,
      "z" : 0.16311896
    } ],
    "faces" : [ {
      "vertices" : [ 0, 1, 2 ]
    }, {
      "vertices" : [ 0, 2, 3 ]
    }, {
      "vertices" : [ 0, 3, 2 ]
    }, {
      "vertices" : [ 0, 2, 1 ]
    } ]
  }, {
    "id" : "011723a2-7a54-4b84-9659-37ba1e221b6b",
    "vertices" : [ {
      "x" : 16.326239,
      "y" : -10.09017,
      "z" : 0.309017
    }, {
      "x" : 17.09878,
      "y" : -10.531153,
      "z" : 0.2864745
    }, {
      "x" : 17.194271,
      "y" : -10.376644,
      "z" : 0.1545085
    }, {
      "x" : 16.480747,
      "y" : -9.84017,
      "z" : 0.095491506
    } ],
    "faces" : [ {
      "vertices" : [ 0, 1, 2 ]
    }, {
      "vertices" : [ 0, 2, 3 ]
    }, {
      "vertices" : [ 0, 3, 2 ]
    }, {
      "vertices" : [ 0, 2, 1 ]
    } ]
  }, {
    "id" : "4787db40-4d3f-4315-a7b1-669d27dc42a1",
    "vertices" : [ {
      "x" : 1.7111456,
      "y" : 0.8416408,
      "z" : -0.04915028
    }, {
      "x" : 1.7274575,
      "y" : 0.868034,
      "z" : -0.21352549
    }, {
      "x" : 1.6684405,
      "y" : 0.7725425,
      "z" : -0.25
    }, {
      "x" : 1.5504066,
      "y" : 0.5815595,
      "z" : -0.25
    }, {
      "x" : 1.579956,
      "y" : 0.6293715,
      "z" : -0.15654115
    } ],
    "faces" : [ {
      "vertices" : [ 0, 1, 2 ]
    }, {
      "vertices" : [ 0, 2, 3 ]
    }, {
      "vertices" : [ 0, 3, 4 ]
    }, {
      "vertices" : [ 0, 4, 3 ]
    }, {
      "vertices" : [ 0, 3, 2 ]
    }, {
      "vertices" : [ 0, 2, 1 ]
    } ]
  }, {
    "id" : "bf9bbe86-a22f-4ec3-8f60-75d78520fdd3",
    "vertices" : [ {
      "x" : 1.190983,
      "y" : 0.73606795,
      "z" : 0.0
    }, {
      "x" : 1.1286771,
      "y" : 0.809017,
      "z" : 0.0
    }, {
      "x" : 1.1778274,
      "y" : 0.88854384,
      "z" : -0.1286771
    }, {
      "x" : 1.2507764,
      "y" : 0.8328157,
      "z" : -0.15654115
    } ],
    "faces" : [ {
      "vertices" : [ 0, 1, 2 ]
    }, {
      "vertices" : [ 0, 2, 3 ]
    }, {
      "vertices" : [ 0, 3, 2 ]
    }, {
      "vertices" : [ 0, 2, 1 ]
    } ]
  }, {
    "id" : "8eebf3ea-1c20-4260-b1fb-0b99da3fc983",
    "vertices" : [ {
      "x" : 16.553696,
      "y" : -9.722136,
      "z" : 0.095491506
    }, {
      "x" : 17.326239,
      "y" : -10.163119,
      "z" : 0.0
    }, {
      "x" : 17.326239,
      "y" : -10.163119,
      "z" : 0.11803399
    } ],
    "faces" : [ {
      "vertices" : [ 0, 1, 2 ]
    }, {
      "vertices" : [ 0, 2, 1 ]
    } ]
  }, {
    "id" : "38dac4e3-4aef-4ab8-a48c-a25d4525f4a1",
    "vertices" : [ {
      "x" : 16.480747,
      "y" : -9.84017,
      "z" : 0.095491506
    }, {
      "x" : 17.194271,
      "y" : -10.376644,
      "z" : 0.1545085
    }, {
      "x" : 17.230747,
      "y" : -10.317628,
      "z" : 0.059016995
    } ],
    "faces" : [ {
      "vertices" : [ 0, 1, 2 ]
    }, {
      "vertices" : [ 0, 2, 1 ]
    } ]
  }, {
    "id" : "cba053b6-28c3-4663-bf11-321e31d756cf",
    "vertices" : [ {
      "x" : 1.7725425,
      "y" : -0.75,
      "z" : 0.095491506
    }, {
      "x" : 1.0,
      "y" : -0.309017,
      "z" : 0.11803399
    }, {
      "x" : 0.9045085,
      "y" : -0.4635255,
      "z" : 0.25
    }, {
      "x" : 1.618034,
      "y" : -1.0,
      "z" : 0.309017
    } ],
    "faces" : [ {
      "vertices" : [ 0, 1, 2 ]
    }, {
      "vertices" : [ 0, 2, 3 ]
    }, {
      "vertices" : [ 0, 3, 2 ]
    }, {
      "vertices" : [ 0, 2, 1 ]
    } ]
  }, {
    "id" : "32b25acf-e58c-40e7-a865-207847d051ae",
    "vertices" : [ {
      "x" : 0.809017,
      "y" : 0.29179606,
      "z" : 0.16311896
    }, {
      "x" : 0.90983003,
      "y" : 0.45491502,
      "z" : 0.10081306
    }, {
      "x" : 0.90983003,
      "y" : 0.45491502,
      "z" : -0.031929355
    }, {
      "x" : 0.79586136,
      "y" : 0.27050984,
      "z" : -0.1286771
    }, {
      "x" : 0.7467111,
      "y" : 0.19098301,
      "z" : 0.0
    } ],
    "faces" : [ {
      "vertices" : [ 0, 1, 2 ]
    }, {
      "vertices" : [ 0, 2, 3 ]
    }, {
      "vertices" : [ 0, 3, 4 ]
    }, {
      "vertices" : [ 0, 4, 3 ]
    }, {
      "vertices" : [ 0, 3, 2 ]
    }, {
      "vertices" : [ 0, 2, 1 ]
    } ]
  }, {
    "id" : "38462379-6a17-4184-9626-ad65e5da0f70",
    "vertices" : [ {
      "x" : 1.7111456,
      "y" : 0.8416408,
      "z" : 0.11803399
    }, {
      "x" : 1.763932,
      "y" : 0.927051,
      "z" : 0.11803399
    }, {
      "x" : 1.763932,
      "y" : 0.927051,
      "z" : 0.0
    }, {
      "x" : 1.7274575,
      "y" : 0.868034,
      "z" : -0.21352549
    }, {
      "x" : 1.7111456,
      "y" : 0.8416408,
      "z" : -0.04915028
    } ],
    "faces" : [ {
      "vertices" : [ 0, 1, 2 ]
    }, {
      "vertices" : [ 0, 2, 3 ]
    }, {
      "vertices" : [ 0, 3, 4 ]
    }, {
      "vertices" : [ 0, 4, 3 ]
    }, {
      "vertices" : [ 0, 3, 2 ]
    }, {
      "vertices" : [ 0, 2, 1 ]
    } ]
  }, {
    "id" : "37f018c4-ac00-40f0-a8b1-0d7e2f0845ad",
    "vertices" : [ {
      "x" : 17.951973,
      "y" : -9.150658,
      "z" : 0.0
    }, {
      "x" : 17.89218,
      "y" : -9.247406,
      "z" : -0.15654115
    }, {
      "x" : 17.92173,
      "y" : -9.199594,
      "z" : -0.25
    }, {
      "x" : 17.958204,
      "y" : -9.140576,
      "z" : -0.1545085
    }, {
      "x" : 17.994678,
      "y" : -9.081559,
      "z" : 0.059016995
    } ],
    "faces" : [ {
      "vertices" : [ 0, 1, 2 ]
    }, {
      "vertices" : [ 0, 2, 3 ]
    }, {
      "vertices" : [ 0, 3, 4 ]
    }, {
      "vertices" : [ 0, 4, 3 ]
    }, {
      "vertices" : [ 0, 3, 2 ]
    }, {
      "vertices" : [ 0, 2, 1 ]
    } ]
  }, {
    "id" : "59a676e7-f68c-47e3-8df0-24504e0faca0",
    "vertices" : [ {
      "x" : 1.4635255,
      "y" : -1.25,
      "z" : 0.095491506
    }, {
      "x" : 0.75,
      "y" : -0.7135255,
      "z" : 0.1545085
    }, {
      "x" : 0.7135255,
      "y" : -0.7725425,
      "z" : 0.059016995
    } ],
    "faces" : [ {
      "vertices" : [ 0, 1, 2 ]
    }, {
      "vertices" : [ 0, 2, 1 ]
    } ]
  }, {
    "id" : "426414e5-8bb9-4bea-9e41-9c9818a387b8",
    "vertices" : [ {
      "x" : 17.09017,
      "y" : -8.854102,
      "z" : 0.309017
    }, {
      "x" : 17.803696,
      "y" : -9.390576,
      "z" : 0.25
    }, {
      "x" : 17.862713,
      "y" : -9.295085,
      "z" : 0.2864745
    } ],
    "faces" : [ {
      "vertices" : [ 0, 1, 2 ]
    }, {
      "vertices" : [ 0, 2, 1 ]
    } ]
  }, {
    "id" : "d59ebf29-4300-4c0b-a542-7ec22041da45",
    "vertices" : [ {
      "x" : 2.381966,
      "y" : 0.23606798,
      "z" : 0.309017
    }, {
      "x" : 1.6684405,
      "y" : 0.7725425,
      "z" : 0.25
    }, {
      "x" : 1.6094235,
      "y" : 0.677051,
      "z" : 0.2864745
    } ],
    "faces" : [ {
      "vertices" : [ 0, 1, 2 ]
    }, {
      "vertices" : [ 0, 2, 1 ]
    } ]
  }, {
    "id" : "0fe7b279-ede6-412f-9dbe-de738ce3aa57",
    "vertices" : [ {
      "x" : 16.803696,
      "y" : -9.317628,
      "z" : -0.25
    }, {
      "x" : 17.576239,
      "y" : -9.758611,
      "z" : -0.1545085
    }, {
      "x" : 17.539762,
      "y" : -9.817628,
      "z" : -0.25
    } ],
    "faces" : [ {
      "vertices" : [ 0, 1, 2 ]
    }, {
      "vertices" : [ 0, 2, 1 ]
    } ]
  }, {
    "id" : "6edf8ec2-f513-4206-89d3-9d07e7bc2252",
    "vertices" : [ {
      "x" : 2.2274575,
      "y" : -0.013932022,
      "z" : 0.095491506
    }, {
      "x" : 1.4774575,
      "y" : 0.4635255,
      "z" : 0.059016995
    }, {
      "x" : 1.513932,
      "y" : 0.5225425,
      "z" : -0.1545085
    }, {
      "x" : 2.2864745,
      "y" : 0.08155948,
      "z" : -0.25
    } ],
    "faces" : [ {
      "vertices" : [ 0, 1, 2 ]
    }, {
      "vertices" : [ 0, 2, 3 ]
    }, {
      "vertices" : [ 0, 3, 2 ]
    }, {
      "vertices" : [ 0, 2, 1 ]
    } ]
  }, {
    "id" : "f3906273-18ad-4590-8d4f-fc2d941ed6e3",
    "vertices" : [ {
      "x" : 1.9045085,
      "y" : -0.5364745,
      "z" : -0.25
    }, {
      "x" : 1.131966,
      "y" : -0.095491506,
      "z" : -0.1545085
    }, {
      "x" : 1.1684405,
      "y" : -0.036474507,
      "z" : -0.25
    } ],
    "faces" : [ {
      "vertices" : [ 0, 1, 2 ]
    }, {
      "vertices" : [ 0, 2, 1 ]
    } ]
  }, {
    "id" : "119e601c-cb4c-49fb-b079-35ef6d8a8e26",
    "vertices" : [ {
      "x" : 0.7562306,
      "y" : -0.7034442,
      "z" : 0.0
    }, {
      "x" : 0.816024,
      "y" : -0.6066964,
      "z" : -0.15654115
    }, {
      "x" : 0.7864745,
      "y" : -0.6545085,
      "z" : -0.25
    }, {
      "x" : 0.75,
      "y" : -0.7135255,
      "z" : -0.1545085
    }, {
      "x" : 0.7135255,
      "y" : -0.7725425,
      "z" : 0.059016995
    } ],
    "faces" : [ {
      "vertices" : [ 0, 1, 2 ]
    }, {
      "vertices" : [ 0, 2, 3 ]
    }, {
      "vertices" : [ 0, 3, 4 ]
    }, {
      "vertices" : [ 0, 4, 3 ]
    }, {
      "vertices" : [ 0, 3, 2 ]
    }, {
      "vertices" : [ 0, 2, 1 ]
    } ]
  }, {
    "id" : "d548e846-49c5-48a9-9c16-a764a3730012",
    "vertices" : [ {
      "x" : 17.708204,
      "y" : -10.281153,
      "z" : -0.04915028
    }, {
      "x" : 17.708204,
      "y" : -10.281153,
      "z" : 0.11803399
    }, {
      "x" : 17.379025,
      "y" : -10.077709,
      "z" : 0.11803399
    }, {
      "x" : 17.379025,
      "y" : -10.077709,
      "z" : -0.04915028
    } ],
    "faces" : [ {
      "vertices" : [ 0, 1, 2 ]
    }, {
      "vertices" : [ 0, 2, 3 ]
    }, {
      "vertices" : [ 0, 3, 2 ]
    }, {
      "vertices" : [ 0, 2, 1 ]
    } ]
  }, {
    "id" : "709d8f7b-f9dd-4991-a3d7-43fc8f10db3b",
    "vertices" : [ {
      "x" : 1.7135255,
      "y" : -0.8454915,
      "z" : -0.25
    }, {
      "x" : 0.9635255,
      "y" : -0.36803398,
      "z" : -0.21352549
    }, {
      "x" : 1.0,
      "y" : -0.309017,
      "z" : 0.0
    }, {
      "x" : 1.7725425,
      "y" : -0.75,
      "z" : 0.095491506
    } ],
    "faces" : [ {
      "vertices" : [ 0, 1, 2 ]
    }, {
      "vertices" : [ 0, 2, 3 ]
    }, {
      "vertices" : [ 0, 3, 2 ]
    }, {
      "vertices" : [ 0, 2, 1 ]
    } ]
  }, {
    "id" : "06ada978-707e-4e9b-8dc2-6158e8f5c66c",
    "vertices" : [ {
      "x" : 1.190983,
      "y" : 0.90983003,
      "z" : 0.16311896
    }, {
      "x" : 1.2917961,
      "y" : 1.072949,
      "z" : 0.10081306
    }, {
      "x" : 1.2917961,
      "y" : 1.072949,
      "z" : -0.031929355
    }, {
      "x" : 1.1778274,
      "y" : 0.88854384,
      "z" : -0.1286771
    }, {
      "x" : 1.1286771,
      "y" : 0.809017,
      "z" : 0.0
    } ],
    "faces" : [ {
      "vertices" : [ 0, 1, 2 ]
    }, {
      "vertices" : [ 0, 2, 3 ]
    }, {
      "vertices" : [ 0, 3, 4 ]
    }, {
      "vertices" : [ 0, 4, 3 ]
    }, {
      "vertices" : [ 0, 3, 2 ]
    }, {
      "vertices" : [ 0, 2, 1 ]
    } ]
  }, {
    "id" : "1973ac1a-2a37-4df3-9440-1c40f98b0edc",
    "vertices" : [ {
      "x" : 2.0954914,
      "y" : -0.22745751,
      "z" : -0.25
    }, {
      "x" : 2.1545086,
      "y" : -0.13196601,
      "z" : 0.095491506
    }, {
      "x" : 16.862713,
      "y" : -9.222136,
      "z" : 0.095491506
    }, {
      "x" : 16.803696,
      "y" : -9.317628,
      "z" : -0.25
    } ],
    "faces" : [ {
      "vertices" : [ 0, 1, 2 ]
    }, {
      "vertices" : [ 0, 2, 3 ]
    }, {
      "vertices" : [ 0, 3, 2 ]
    }, {
      "vertices" : [ 0, 2, 1 ]
    } ]
  }, {
    "id" : "253ebe57-dc4c-44b6-a50f-f7bf982b8ca2",
    "vertices" : [ {
      "x" : 0.5,
      "y" : -0.38196602,
      "z" : 0.19098301
    }, {
      "x" : 0.618034,
      "y" : -0.19098301,
      "z" : 0.11803399
    }, {
      "x" : 0.52786404,
      "y" : -0.16311896,
      "z" : 0.10081306
    }, {
      "x" : 0.42705098,
      "y" : -0.32623792,
      "z" : 0.16311896
    } ],
    "faces" : [ {
      "vertices" : [ 0, 1, 2 ]
    }, {
      "vertices" : [ 0, 2, 3 ]
    }, {
      "vertices" : [ 0, 3, 2 ]
    }, {
      "vertices" : [ 0, 2, 1 ]
    } ]
  }, {
    "id" : "cfa54577-ec1e-4d22-999d-2dd703c031a6",
    "vertices" : [ {
      "x" : 1.5225425,
      "y" : -1.1545085,
      "z" : -0.25
    }, {
      "x" : 0.7864745,
      "y" : -0.6545085,
      "z" : -0.25
    }, {
      "x" : 0.9045085,
      "y" : -0.4635255,
      "z" : -0.25
    }, {
      "x" : 1.7135255,
      "y" : -0.8454915,
      "z" : -0.25
    } ],
    "faces" : [ {
      "vertices" : [ 0, 1, 2 ]
    }, {
      "vertices" : [ 0, 2, 3 ]
    }, {
      "vertices" : [ 0, 3, 2 ]
    }, {
      "vertices" : [ 0, 2, 1 ]
    } ]
  }, {
    "id" : "c67fea18-6fdf-4c81-ae48-f089c7aa5e66",
    "vertices" : [ {
      "x" : 0.8291796,
      "y" : -0.5854102,
      "z" : 0.19098301
    }, {
      "x" : 0.9472136,
      "y" : -0.39442718,
      "z" : 0.11803399
    }, {
      "x" : 0.618034,
      "y" : -0.19098301,
      "z" : 0.11803399
    }, {
      "x" : 0.5,
      "y" : -0.38196602,
      "z" : 0.19098301
    } ],
    "faces" : [ {
      "vertices" : [ 0, 1, 2 ]
    }, {
      "vertices" : [ 0, 2, 3 ]
    }, {
      "vertices" : [ 0, 3, 2 ]
    }, {
      "vertices" : [ 0, 2, 1 ]
    } ]
  }, {
    "id" : "fce1f3e0-f701-4923-a96d-f233203f2692",
    "vertices" : [ {
      "x" : 1.0,
      "y" : 0.42705098,
      "z" : -0.04915028
    }, {
      "x" : 0.8688104,
      "y" : 0.21478175,
      "z" : -0.15654115
    }, {
      "x" : 0.79586136,
      "y" : 0.27050984,
      "z" : -0.1286771
    } ],
    "faces" : [ {
      "vertices" : [ 0, 1, 2 ]
    }, {
      "vertices" : [ 0, 2, 1 ]
    } ]
  }, {
    "id" : "4cef70fa-a3bf-4f1d-b349-656d23f0eecf",
    "vertices" : [ {
      "x" : 2.0954914,
      "y" : -0.22745751,
      "z" : -0.25
    }, {
      "x" : 1.2864745,
      "y" : 0.1545085,
      "z" : -0.25
    }, {
      "x" : 1.3454915,
      "y" : 0.25,
      "z" : -0.21352549
    } ],
    "faces" : [ {
      "vertices" : [ 0, 1, 2 ]
    }, {
      "vertices" : [ 0, 2, 1 ]
    } ]
  }, {
    "id" : "c6b2094f-7769-4a7b-a13e-bc8e1fa4ea9d",
    "vertices" : [ {
      "x" : 0.4868444,
      "y" : -0.40325224,
      "z" : -0.15654115
    }, {
      "x" : 0.618034,
      "y" : -0.19098301,
      "z" : -0.04915028
    }, {
      "x" : 0.9472136,
      "y" : -0.39442718,
      "z" : -0.04915028
    }, {
      "x" : 0.816024,
      "y" : -0.6066964,
      "z" : -0.15654115
    } ],
    "faces" : [ {
      "vertices" : [ 0, 1, 2 ]
    }, {
      "vertices" : [ 0, 2, 3 ]
    }, {
      "vertices" : [ 0, 3, 2 ]
    }, {
      "vertices" : [ 0, 2, 1 ]
    } ]
  }, {
    "id" : "ad5d88ef-ae6a-4558-a4b8-b305ddaaf6e0",
    "vertices" : [ {
      "x" : 1.7725425,
      "y" : -0.75,
      "z" : 0.095491506
    }, {
      "x" : 1.618034,
      "y" : -1.0,
      "z" : 0.309017
    }, {
      "x" : 16.326239,
      "y" : -10.09017,
      "z" : 0.309017
    }, {
      "x" : 16.480747,
      "y" : -9.84017,
      "z" : 0.095491506
    } ],
    "faces" : [ {
      "vertices" : [ 0, 1, 2 ]
    }, {
      "vertices" : [ 0, 2, 3 ]
    }, {
      "vertices" : [ 0, 3, 2 ]
    }, {
      "vertices" : [ 0, 2, 1 ]
    } ]
  }, {
    "id" : "52afb990-2936-4874-8711-8250594bb701",
    "vertices" : [ {
      "x" : 17.188042,
      "y" : -10.386725,
      "z" : 0.0
    }, {
      "x" : 17.128248,
      "y" : -10.483474,
      "z" : -0.15654115
    }, {
      "x" : 17.157797,
      "y" : -10.435661,
      "z" : -0.25
    }, {
      "x" : 17.194271,
      "y" : -10.376644,
      "z" : -0.1545085
    }, {
      "x" : 17.230747,
      "y" : -10.317628,
      "z" : 0.059016995
    } ],
    "faces" : [ {
      "vertices" : [ 0, 1, 2 ]
    }, {
      "vertices" : [ 0, 2, 3 ]
    }, {
      "vertices" : [ 0, 3, 4 ]
    }, {
      "vertices" : [ 0, 4, 3 ]
    }, {
      "vertices" : [ 0, 3, 2 ]
    }, {
      "vertices" : [ 0, 2, 1 ]
    } ]
  }, {
    "id" : "1bb4a15d-e143-4a89-b950-c52767b3bef2",
    "vertices" : [ {
      "x" : 16.862713,
      "y" : -9.222136,
      "z" : 0.095491506
    }, {
      "x" : 17.612713,
      "y" : -9.699594,
      "z" : 0.059016995
    }, {
      "x" : 17.576239,
      "y" : -9.758611,
      "z" : -0.1545085
    }, {
      "x" : 16.803696,
      "y" : -9.317628,
      "z" : -0.25
    } ],
    "faces" : [ {
      "vertices" : [ 0, 1, 2 ]
    }, {
      "vertices" : [ 0, 2, 3 ]
    }, {
      "vertices" : [ 0, 3, 2 ]
    }, {
      "vertices" : [ 0, 2, 1 ]
    } ]
  }, {
    "id" : "ecf437db-b199-4710-9de4-fa9c47001ce6",
    "vertices" : [ {
      "x" : 16.994678,
      "y" : -9.008611,
      "z" : -0.25
    }, {
      "x" : 17.744678,
      "y" : -9.486068,
      "z" : -0.21352549
    }, {
      "x" : 17.708204,
      "y" : -9.545085,
      "z" : 0.0
    }, {
      "x" : 16.935661,
      "y" : -9.104102,
      "z" : 0.095491506
    } ],
    "faces" : [ {
      "vertices" : [ 0, 1, 2 ]
    }, {
      "vertices" : [ 0, 2, 3 ]
    }, {
      "vertices" : [ 0, 3, 2 ]
    }, {
      "vertices" : [ 0, 2, 1 ]
    } ]
  }, {
    "id" : "c7a4cd01-b214-4623-ab4a-efaee5f54f25",
    "vertices" : [ {
      "x" : 1.1778274,
      "y" : 0.88854384,
      "z" : -0.1286771
    }, {
      "x" : 1.2917961,
      "y" : 1.072949,
      "z" : -0.031929355
    }, {
      "x" : 1.381966,
      "y" : 1.045085,
      "z" : -0.04915028
    } ],
    "faces" : [ {
      "vertices" : [ 0, 1, 2 ]
    }, {
      "vertices" : [ 0, 2, 1 ]
    } ]
  }, {
    "id" : "7759200c-0436-4c0c-a028-ef9511f822d9",
    "vertices" : [ {
      "x" : 1.2111456,
      "y" : 0.032623794,
      "z" : 0.19098301
    }, {
      "x" : 1.3291796,
      "y" : 0.2236068,
      "z" : 0.11803399
    }, {
      "x" : 1.0,
      "y" : 0.42705098,
      "z" : 0.11803399
    }, {
      "x" : 0.881966,
      "y" : 0.23606798,
      "z" : 0.19098301
    } ],
    "faces" : [ {
      "vertices" : [ 0, 1, 2 ]
