{
  "field" : "golden",
  "symmetry" : "icosahedral",
  "orientations" : [ [ 1.0, 0.0, 0.0, 0.0, 0.0, 1.0, 0.0, 0.0, 0.0, 0.0, 1.0, 0.0, 0.0, 0.0, 0.0, 1.0 ], [ 0.0, 0.0, 1.0, 0.0, 1.0, 0.0, 0.0, 0.0, 0.0, 1.0, 0.0, 0.0, 0.0, 0.0, 0.0, 1.0 ], [ 0.0, 1.0, 0.0, 0.0, 0.0, 0.0, 1.0, 0.0, 1.0, 0.0, 0.0, 0.0, 0.0, 0.0, 0.0, 1.0 ], [ 0.809017, 0.309017, 0.5, 0.0, 0.309017, 0.5, -0.809017, 0.0, -0.5, 0.809017, 0.309017, 0.0, 0.0, 0.0, 0.0, 1.0 ], [ -0.5, 0.809017, 0.309017, 0.0, 0.809017, 0.309017, 0.5, 0.0, 0.309017, 0.5, -0.809017, 0.0, 0.0, 0.0, 0.0, 1.0 ], [ 0.309017, 0.5, -0.809017, 0.0, -0.5, 0.809017, 0.309017, 0.0, 0.809017, 0.309017, 0.5, 0.0, 0.0, 0.0, 0.0, 1.0 ], [ 0.5, 0.809017, 0.309017, 0.0, 0.809017, -0.309017, -0.5, 0.0, -0.309017, 0.5, -0.809017, 0.0, 0.0, 0.0, 0.0, 1.0 ], [ -0.309017, 0.5, -0.809017, 0.0, 0.5, 0.809017, 0.309017, 0.0, 0.809017, -0.309017, -0.5, 0.0, 0.0, 0.0, 0.0, 1.0 ], [ 0.809017, -0.309017, -0.5, 0.0, -0.309017, 0.5, -0.809017, 0.0, 0.5, 0.809017, 0.309017, 0.0, 0.0, 0.0, 0.0, 1.0 ], [ 0.5, 0.809017, -0.309017, 0.0, 0.809017, -0.309017, 0.5, 0.0, 0.309017, -0.5, -0.809017, 0.0, 0.0, 0.0, 0.0, 1.0 ], [ 0.309017, -0.5, -0.809017, 0.0, 0.5, 0.809017, -0.309017, 0.0, 0.809017, -0.309017, 0.5, 0.0, 0.0, 0.0, 0.0, 1.0 ], [ 0.809017, -0.309017, 0.5, 0.0, 0.309017, -0.5, -0.809017, 0.0, 0.5, 0.809017, -0.309017, 0.0, 0.0, 0.0, 0.0, 1.0 ], [ 0.809017, 0.309017, -0.5, 0.0, 0.309017, 0.5, 0.809017, 0.0, 0.5, -0.809017, 0.309017, 0.0, 0.0, 0.0, 0.0, 1.0 ], [ 0.5, -0.809017, 0.309017, 0.0, 0.809017, 0.309017, -0.5, 0.0, 0.309017, 0.5, 0.809017, 0.0, 0.0, 0.0, 0.0, 1.0 ], [ 0.309017, 0.5, 0.809017, 0.0, 0.5, -0.809017, 0.309017, 0.0, 0.809017, 0.309017, -0.5, 0.0, 0.0, 0.0, 0.0, 1.0 ], [ 1.0, 0.0, 0.0, 0.0, 0.0, -1.0, 0.0, 0.0, 0.0, 0.0, -1.0, 0.0, 0.0, 0.0, 0.0, 1.0 ], [ 0.0, 0.0, 1.0, 0.0, -1.0, 0.0, 0.0, 0.0, 0.0, -1.0, 0.0, 0.0, 0.0, 0.0, 0.0, 1.0 ], [ 0.0, 1.0, 0.0, 0.0, 0.0, 0.0, -1.0, 0.0, -1.0, 0.0, 0.0, 0.0, 0.0, 0.0, 0.0, 1.0 ], [ 0.809017, 0.309017, 0.5, 0.0, -0.309017, -0.5, 0.809017, 0.0, 0.5, -0.809017, -0.309017, 0.0, 0.0, 0.0, 0.0, 1.0 ], [ -0.5, 0.809017, 0.309017, 0.0, -0.809017, -0.309017, -0.5, 0.0, -0.309017, -0.5, 0.809017, 0.0, 0.0, 0.0, 0.0, 1.0 ], [ 0.309017, 0.5, -0.809017, 0.0, 0.5, -0.809017, -0.309017, 0.0, -0.809017, -0.309017, -0.5, 0.0, 0.0, 0.0, 0.0, 1.0 ], [ 0.5, 0.809017, 0.309017, 0.0, -0.809017, 0.309017, 0.5, 0.0, 0.309017, -0.5, 0.809017, 0.0, 0.0, 0.0, 0.0, 1.0 ], [ -0.309017, 0.5, -0.809017, 0.0, -0.5, -0.809017, -0.309017, 0.0, -0.809017, 0.309017, 0.5, 0.0, 0.0, 0.0, 0.0, 1.0 ], [ 0.809017, -0.309017, -0.5, 0.0, 0.309017, -0.5, 0.809017, 0.0, -0.5, -0.809017, -0.309017, 0.0, 0.0, 0.0, 0.0, 1.0 ], [ 0.5, 0.809017, -0.309017, 0.0, -0.809017, 0.309017, -0.5, 0.0, -0.309017, 0.5, 0.809017, 0.0, 0.0, 0.0, 0.0, 1.0 ], [ 0.309017, -0.5, -0.809017, 0.0, -0.5, -0.809017, 0.309017, 0.0, -0.809017, 0.309017, -0.5, 0.0, 0.0, 0.0, 0.0, 1.0 ], [ 0.809017, -0.309017, 0.5, 0.0, -0.309017, 0.5, 0.809017, 0.0, -0.5, -0.809017, 0.309017, 0.0, 0.0, 0.0, 0.0, 1.0 ], [ 0.809017, 0.309017, -0.5, 0.0, -0.309017, -0.5, -0.809017, 0.0, -0.5, 0.809017, -0.309017, 0.0, 0.0, 0.0, 0.0, 1.0 ], [ 0.5, -0.809017, 0.309017, 0.0, -0.809017, -0.309017, 0.5, 0.0, -0.309017, -0.5, -0.809017, 0.0, 0.0, 0.0, 0.0, 1.0 ], [ 0.309017, 0.5, 0.809017, 0.0, -0.5, 0.809017, -0.309017, 0.0, -0.809017, -0.309017, 0.5, 0.0, 0.0, 0.0, 0.0, 1.0 ], [ -1.0, 0.0, 0.0, 0.0, 0.0, -1.0, 0.0, 0.0, 0.0, 0.0, 1.0, 0.0, 0.0, 0.0, 0.0, 1.0 ], [ 0.0, 0.0, -1.0, 0.0, -1.0, 0.0, 0.0, 0.0, 0.0, 1.0, 0.0, 0.0, 0.0, 0.0, 0.0, 1.0 ], [ 0.0, -1.0, 0.0, 0.0, 0.0, 0.0, -1.0, 0.0, 1.0, 0.0, 0.0, 0.0, 0.0, 0.0, 0.0, 1.0 ], [ -0.809017, -0.309017, -0.5, 0.0, -0.309017, -0.5, 0.809017, 0.0, -0.5, 0.809017, 0.309017, 0.0, 0.0, 0.0, 0.0, 1.0 ], [ 0.5, -0.809017, -0.309017, 0.0, -0.809017, -0.309017, -0.5, 0.0, 0.309017, 0.5, -0.809017, 0.0, 0.0, 0.0, 0.0, 1.0 ], [ -0.309017, -0.5, 0.809017, 0.0, 0.5, -0.809017, -0.309017, 0.0, 0.809017, 0.309017, 0.5, 0.0, 0.0, 0.0, 0.0, 1.0 ], [ -0.5, -0.809017, -0.309017, 0.0, -0.809017, 0.309017, 0.5, 0.0, -0.309017, 0.5, -0.809017, 0.0, 0.0, 0.0, 0.0, 1.0 ], [ 0.309017, -0.5, 0.809017, 0.0, -0.5, -0.809017, -0.309017, 0.0, 0.809017, -0.309017, -0.5, 0.0, 0.0, 0.0, 0.0, 1.0 ], [ -0.809017, 0.309017, 0.5, 0.0, 0.309017, -0.5, 0.809017, 0.0, 0.5, 0.809017, 0.309017, 0.0, 0.0, 0.0, 0.0, 1.0 ], [ -0.5, -0.809017, 0.309017, 0.0, -0.809017, 0.309017, -0.5, 0.0, 0.309017, -0.5, -0.809017, 0.0, 0.0, 0.0, 0.0, 1.0 ], [ -0.309017, 0.5, 0.809017, 0.0, -0.5, -0.809017, 0.309017, 0.0, 0.809017, -0.309017, 0.5, 0.0, 0.0, 0.0, 0.0, 1.0 ], [ -0.809017, 0.309017, -0.5, 0.0, -0.309017, 0.5, 0.809017, 0.0, 0.5, 0.809017, -0.309017, 0.0, 0.0, 0.0, 0.0, 1.0 ], [ -0.809017, -0.309017, 0.5, 0.0, -0.309017, -0.5, -0.809017, 0.0, 0.5, -0.809017, 0.309017, 0.0, 0.0, 0.0, 0.0, 1.0 ], [ -0.5, 0.809017, -0.309017, 0.0, -0.809017, -0.309017, 0.5, 0.0, 0.309017, 0.5, 0.809017, 0.0, 0.0, 0.0, 0.0, 1.0 ], [ -0.309017, -0.5, -0.809017, 0.0, -0.5, 0.809017, -0.309017, 0.0, 0.809017, 0.309017, -0.5, 0.0, 0.0, 0.0, 0.0, 1.0 ], [ -1.0, 0.0, 0.0, 0.0, 0.0, 1.0, 0.0, 0.0, 0.0, 0.0, -1.0, 0.0, 0.0, 0.0, 0.0, 1.0 ], [ 0.0, 0.0, -1.0, 0.0, 1.0, 0.0, 0.0, 0.0, 0.0, -1.0, 0.0, 0.0, 0.0, 0.0, 0.0, 1.0 ], [ 0.0, -1.0, 0.0, 0.0, 0.0, 0.0, 1.0, 0.0, -1.0, 0.0, 0.0, 0.0, 0.0, 0.0, 0.0, 1.0 ], [ -0.809017, -0.309017, -0.5, 0.0, 0.309017, 0.5, -0.809017, 0.0, 0.5, -0.809017, -0.309017, 0.0, 0.0, 0.0, 0.0, 1.0 ], [ 0.5, -0.809017, -0.309017, 0.0, 0.809017, 0.309017, 0.5, 0.0, -0.309017, -0.5, 0.809017, 0.0, 0.0, 0.0, 0.0, 1.0 ], [ -0.309017, -0.5, 0.809017, 0.0, -0.5, 0.809017, 0.309017, 0.0, -0.809017, -0.309017, -0.5, 0.0, 0.0, 0.0, 0.0, 1.0 ], [ -0.5, -0.809017, -0.309017, 0.0, 0.809017, -0.309017, -0.5, 0.0, 0.309017, -0.5, 0.809017, 0.0, 0.0, 0.0, 0.0, 1.0 ], [ 0.309017, -0.5, 0.809017, 0.0, 0.5, 0.809017, 0.309017, 0.0, -0.809017, 0.309017, 0.5, 0.0, 0.0, 0.0, 0.0, 1.0 ], [ -0.809017, 0.309017, 0.5, 0.0, -0.309017, 0.5, -0.809017, 0.0, -0.5, -0.809017, -0.309017, 0.0, 0.0, 0.0, 0.0, 1.0 ], [ -0.5, -0.809017, 0.309017, 0.0, 0.809017, -0.309017, 0.5, 0.0, -0.309017, 0.5, 0.809017, 0.0, 0.0, 0.0, 0.0, 1.0 ], [ -0.309017, 0.5, 0.809017, 0.0, 0.5, 0.809017, -0.309017, 0.0, -0.809017, 0.309017, -0.5, 0.0, 0.0, 0.0, 0.0, 1.0 ], [ -0.809017, 0.309017, -0.5, 0.0, 0.309017, -0.5, -0.809017, 0.0, -0.5, -0.809017, 0.309017, 0.0, 0.0, 0.0, 0.0, 1.0 ], [ -0.809017, -0.309017, 0.5, 0.0, 0.309017, 0.5, 0.809017, 0.0, -0.5, 0.809017, -0.309017, 0.0, 0.0, 0.0, 0.0, 1.0 ], [ -0.5, 0.809017, -0.309017, 0.0, 0.809017, 0.309017, -0.5, 0.0, -0.309017, -0.5, -0.809017, 0.0, 0.0, 0.0, 0.0, 1.0 ], [ -0.309017, -0.5, -0.809017, 0.0, 0.5, -0.809017, 0.309017, 0.0, -0.809017, -0.309017, 0.5, 0.0, 0.0, 0.0, 0.0, 1.0 ] ],
  "lights" : {
    "ambientColor" : "#292929",
    "backgroundColor" : "#AFC8DC",
    "directionalLights" : [ {
      "direction" : {
        "x" : 1.0,
        "y" : -1.0,
        "z" : -1.0
      },
      "color" : "#EBEBE4"
    }, {
      "direction" : {
        "x" : -1.0,
        "y" : 0.0,
        "z" : 0.0
      },
      "color" : "#E4E4EB"
    }, {
      "direction" : {
        "x" : 0.0,
        "y" : 0.0,
        "z" : -1.0
      },
      "color" : "#1E1E1E"
    } ]
  },
  "camera" : {
    "stereo" : false,
    "width" : 9.683015,
    "lookDirection" : {
      "x" : 0.10226007,
      "y" : 0.9426168,
      "z" : -0.31781173
    },
    "upDirection" : {
      "x" : 0.197252,
      "y" : -0.33234993,
      "z" : -0.9223046
    },
    "lookAtPoint" : {
      "x" : 0.0,
      "y" : 0.0,
      "z" : 0.0
    },
    "viewDistance" : 21.517776,
    "nearClipDistance" : 0.053794462,
    "farClipDistance" : 43.03549,
    "fieldOfView" : 0.44262955,
    "perspective" : true,
    "position" : {
      "x" : -2.2004092,
      "y" : -20.283018,
      "z" : 6.8386016
    }
  },
  "embedding" : [ 1.0, 0.0, 0.0, 0.0, 0.0, 1.0, 0.0, 0.0, 0.0, 0.0, 1.0, 0.0, 0.0, 0.0, 0.0, 1.0 ],
  "shapes" : [ {
    "id" : "cdc53105-2386-4a52-8bf5-e0caa6b8b35d",
    "vertices" : [ {
      "x" : 0.8398227,
      "y" : 0.56818926,
      "z" : 0.19098301
    }, {
      "x" : 0.8291796,
      "y" : 0.5854102,
      "z" : 0.19098301
    }, {
      "x" : 0.5652476,
      "y" : 0.42229125,
      "z" : 0.19098301
    }, {
      "x" : 0.5758907,
      "y" : 0.4050703,
      "z" : 0.19098301
    } ],
    "faces" : [ {
      "vertices" : [ 0, 1, 2 ]
    }, {
      "vertices" : [ 0, 2, 3 ]
    }, {
      "vertices" : [ 0, 3, 2 ]
    }, {
      "vertices" : [ 0, 2, 1 ]
    } ]
  }, {
    "id" : "b9b8c6d2-9afe-445d-b767-e0610f8c5870",
    "vertices" : [ {
      "x" : 1.545085,
      "y" : 1.545085,
      "z" : -0.36474508
    }, {
      "x" : 1.5,
      "y" : 1.190983,
      "z" : 0.0
    }, {
      "x" : 1.5815595,
      "y" : 1.059017,
      "z" : -0.21352549
    } ],
    "faces" : [ {
      "vertices" : [ 0, 1, 2 ]
    }, {
      "vertices" : [ 0, 2, 1 ]
    } ]
  }, {
    "id" : "de77fe3b-1ffe-409f-a7a4-b1c80caa14de",
    "vertices" : [ {
      "x" : 0.7562306,
      "y" : 0.7034442,
      "z" : 0.0
    }, {
      "x" : 0.7595195,
      "y" : 0.6981226,
      "z" : -0.019253582
    }, {
      "x" : 0.49558747,
      "y" : 0.53500366,
      "z" : -0.019253582
    }, {
      "x" : 0.49229857,
      "y" : 0.5403252,
      "z" : 0.0
    } ],
    "faces" : [ {
      "vertices" : [ 0, 1, 2 ]
    }, {
      "vertices" : [ 0, 2, 3 ]
    }, {
      "vertices" : [ 0, 3, 2 ]
    }, {
      "vertices" : [ 0, 2, 1 ]
    } ]
  }, {
    "id" : "f6b5d823-3b0d-4659-9920-ffd6ecf28aff",
    "vertices" : [ {
      "x" : 4.118034,
      "y" : 3.0,
      "z" : -1.190983
    }, {
      "x" : 4.1127124,
      "y" : 3.0086105,
      "z" : -1.2221359
    }, {
      "x" : 4.25,
      "y" : 2.7864745,
      "z" : -1.1372876
    }, {
      "x" : 4.236068,
      "y" : 2.809017,
      "z" : -1.118034
    } ],
    "faces" : [ {
      "vertices" : [ 0, 1, 2 ]
    }, {
      "vertices" : [ 0, 2, 3 ]
    }, {
      "vertices" : [ 0, 3, 2 ]
    }, {
      "vertices" : [ 0, 2, 1 ]
    } ]
  }, {
    "id" : "e79c214e-0db5-4089-add2-33c782b443e0",
    "vertices" : [ {
      "x" : 0.618034,
      "y" : 0.16969676,
      "z" : 0.062305897
    }, {
      "x" : 0.52786404,
      "y" : 0.16311896,
      "z" : -0.10081306
    }, {
      "x" : 0.618034,
      "y" : 0.19098301,
      "z" : 0.006577809
    } ],
    "faces" : [ {
      "vertices" : [ 0, 1, 2 ]
    }, {
      "vertices" : [ 0, 2, 1 ]
    } ]
  }, {
    "id" : "84a40e6e-a05a-4804-ae0c-785591a67dd9",
    "vertices" : [ {
      "x" : 4.118034,
      "y" : 4.427051,
      "z" : 0.0
    }, {
      "x" : 3.2111456,
      "y" : 3.2111456,
      "z" : -0.36474508
    }, {
      "x" : 1.545085,
      "y" : 1.545085,
      "z" : -0.36474508
    }, {
      "x" : 1.263932,
      "y" : 1.572949,
      "z" : 0.0
    } ],
    "faces" : [ {
      "vertices" : [ 0, 1, 2 ]
    }, {
      "vertices" : [ 0, 2, 3 ]
    }, {
      "vertices" : [ 0, 3, 2 ]
    }, {
      "vertices" : [ 0, 2, 1 ]
    } ]
  }, {
    "id" : "faa0cdd9-b753-44dd-b792-a65a092fb797",
    "vertices" : [ {
      "x" : 3.927051,
      "y" : 3.354102,
      "z" : 0.19098301
    }, {
      "x" : 3.3291795,
      "y" : 3.0201626,
      "z" : 0.0
    }, {
      "x" : 3.927051,
      "y" : 3.354102,
      "z" : -0.19098301
    } ],
    "faces" : [ {
      "vertices" : [ 0, 1, 2 ]
    }, {
      "vertices" : [ 0, 2, 1 ]
    } ]
  }, {
    "id" : "504ce1be-386b-45ac-bff8-b7b31af74479",
    "vertices" : [ {
      "x" : 0.9472136,
      "y" : 0.39442718,
      "z" : 0.07952683
    }, {
      "x" : 0.9505025,
      "y" : 0.38910562,
      "z" : 0.09878041
    }, {
      "x" : 0.68657047,
      "y" : 0.22598667,
      "z" : 0.09878041
    }, {
      "x" : 0.6832816,
      "y" : 0.23130824,
      "z" : 0.07952683
    } ],
    "faces" : [ {
      "vertices" : [ 0, 1, 2 ]
    }, {
      "vertices" : [ 0, 2, 3 ]
    }, {
      "vertices" : [ 0, 3, 2 ]
    }, {
      "vertices" : [ 0, 2, 1 ]
    } ]
  }, {
    "id" : "92934533-4f72-463c-91bb-09082d2c98cf",
    "vertices" : [ {
      "x" : 4.5652475,
      "y" : 3.0124612,
      "z" : -0.881966
    }, {
      "x" : 4.618034,
      "y" : 2.927051,
      "z" : -0.809017
    }, {
      "x" : 4.618034,
      "y" : 2.927051,
      "z" : -1.190983
    }, {
      "x" : 4.5652475,
      "y" : 3.0124612,
      "z" : -1.118034
    } ],
    "faces" : [ {
      "vertices" : [ 0, 1, 2 ]
    }, {
      "vertices" : [ 0, 2, 3 ]
    }, {
      "vertices" : [ 0, 3, 2 ]
    }, {
      "vertices" : [ 0, 2, 1 ]
    } ]
  }, {
    "id" : "c3063f5b-00c1-4218-aaf3-be565ca6036c",
    "vertices" : [ {
      "x" : 4.309017,
      "y" : 3.427051,
      "z" : -1.0
    }, {
      "x" : 4.427051,
      "y" : 3.236068,
      "z" : -1.309017
    }, {
      "x" : 4.6995935,
      "y" : 3.486068,
      "z" : -1.5225425
    } ],
    "faces" : [ {
      "vertices" : [ 0, 1, 2 ]
    }, {
      "vertices" : [ 0, 2, 1 ]
    } ]
  }, {
    "id" : "e52ccdd9-de28-4894-8772-adb70a237e16",
    "vertices" : [ {
      "x" : 0.47213596,
      "y" : 0.48935688,
      "z" : 0.045084972
    }, {
      "x" : 0.42705098,
      "y" : 0.5,
      "z" : 0.0
    }, {
      "x" : 0.42705098,
      "y" : 0.47871375,
      "z" : 0.05572809
    } ],
    "faces" : [ {
      "vertices" : [ 0, 1, 2 ]
    }, {
      "vertices" : [ 0, 2, 1 ]
    } ]
  }, {
    "id" : "8b8a0ed9-a452-4fae-aee9-18cf64f733e7",
    "vertices" : [ {
      "x" : 4.4472136,
      "y" : 3.2034442,
      "z" : -1.190983
    }, {
      "x" : 4.427051,
      "y" : 3.236068,
      "z" : -1.309017
    }, {
      "x" : 4.309017,
      "y" : 3.427051,
      "z" : -1.0
    }, {
      "x" : 4.3742647,
      "y" : 3.3214781,
      "z" : -1.0
    } ],
    "faces" : [ {
      "vertices" : [ 0, 1, 2 ]
    }, {
      "vertices" : [ 0, 2, 3 ]
    }, {
      "vertices" : [ 0, 3, 2 ]
    }, {
      "vertices" : [ 0, 2, 1 ]
    } ]
  }, {
    "id" : "3d709297-afb1-47bc-a9fa-cdd93848a214",
    "vertices" : [ {
      "x" : 1.5,
      "y" : 1.190983,
      "z" : 0.0
    }, {
      "x" : 1.545085,
      "y" : 1.545085,
      "z" : -0.36474508
    }, {
      "x" : 3.2111456,
      "y" : 3.2111456,
      "z" : -0.36474508
    }, {
      "x" : 3.3291795,
      "y" : 3.0201626,
      "z" : 0.0
    } ],
    "faces" : [ {
      "vertices" : [ 0, 1, 2 ]
    }, {
      "vertices" : [ 0, 2, 3 ]
    }, {
      "vertices" : [ 0, 3, 2 ]
    }, {
      "vertices" : [ 0, 2, 1 ]
    } ]
  }, {
    "id" : "9effceb2-0ace-4d00-a0a9-858c91024ae5",
    "vertices" : [ {
      "x" : 0.42705098,
      "y" : 0.47871375,
      "z" : 0.05572809
    }, {
      "x" : 0.46149284,
      "y" : 0.44427192,
      "z" : 0.090169944
    }, {
      "x" : 0.47213596,
      "y" : 0.48935688,
      "z" : 0.045084972
    } ],
    "faces" : [ {
      "vertices" : [ 0, 1, 2 ]
    }, {
      "vertices" : [ 0, 2, 1 ]
    } ]
  }, {
    "id" : "f8abaea7-d42c-4b00-8018-9ae4591536c2",
    "vertices" : [ {
      "x" : 4.4472136,
      "y" : 3.2034442,
      "z" : -0.809017
    }, {
      "x" : 4.118034,
      "y" : 3.0,
      "z" : -0.809017
    }, {
      "x" : 4.045085,
      "y" : 3.118034,
      "z" : -1.0
    }, {
      "x" : 4.3742647,
      "y" : 3.3214781,
      "z" : -1.0
    } ],
    "faces" : [ {
      "vertices" : [ 0, 1, 2 ]
    }, {
      "vertices" : [ 0, 2, 3 ]
    }, {
      "vertices" : [ 0, 3, 2 ]
    }, {
      "vertices" : [ 0, 2, 1 ]
    } ]
  }, {
    "id" : "aa4b3c0e-f38a-4127-9ab4-1ca0d41a301e",
    "vertices" : [ {
      "x" : 0.809017,
      "y" : 0.618034,
      "z" : 0.309017
    }, {
      "x" : 0.690983,
      "y" : 0.809017,
      "z" : 0.0
    }, {
      "x" : 0.7595195,
      "y" : 0.6981226,
      "z" : 0.019253582
    }, {
      "x" : 0.76812994,
      "y" : 0.68419063,
      "z" : 0.031152949
    }, {
      "x" : 0.81728023,
      "y" : 0.6046638,
      "z" : 0.15983006
    }, {
      "x" : 0.82056916,
      "y" : 0.5993422,
      "z" : 0.17908363
    } ],
    "faces" : [ {
      "vertices" : [ 0, 1, 2 ]
    }, {
      "vertices" : [ 0, 2, 3 ]
    }, {
      "vertices" : [ 0, 3, 4 ]
    }, {
      "vertices" : [ 0, 4, 5 ]
    }, {
      "vertices" : [ 0, 5, 4 ]
    }, {
      "vertices" : [ 0, 4, 3 ]
    }, {
      "vertices" : [ 0, 3, 2 ]
    }, {
      "vertices" : [ 0, 2, 1 ]
    } ]
  }, {
    "id" : "b905dc27-e9b8-4d33-aed0-8952b2488408",
    "vertices" : [ {
      "x" : 3.7725425,
      "y" : 2.3027864,
      "z" : -1.105011
    }, {
      "x" : 3.6266444,
      "y" : 2.5388544,
      "z" : -0.77877307
    }, {
      "x" : 1.5815595,
      "y" : 1.059017,
      "z" : -0.21352549
    }, {
      "x" : 1.7274575,
      "y" : 0.822949,
      "z" : -0.5397634
    } ],
    "faces" : [ {
      "vertices" : [ 0, 1, 2 ]
    }, {
      "vertices" : [ 0, 2, 3 ]
    }, {
      "vertices" : [ 0, 3, 2 ]
    }, {
      "vertices" : [ 0, 2, 1 ]
    } ]
  }, {
    "id" : "dc13dcc1-c712-4cb3-8ddc-0c024d617e9f",
    "vertices" : [ {
      "x" : 1.263932,
      "y" : 1.572949,
      "z" : 0.0
    }, {
      "x" : 0.690983,
      "y" : 0.809017,
      "z" : 0.0
    }, {
      "x" : 0.809017,
      "y" : 0.618034,
      "z" : 0.309017
    } ],
    "faces" : [ {
      "vertices" : [ 0, 1, 2 ]
    }, {
      "vertices" : [ 0, 2, 1 ]
    } ]
  }, {
    "id" : "ce292291-81f7-4acf-b603-46bcb8587d06",
    "vertices" : [ {
      "x" : 0.49229857,
      "y" : 0.5403252,
      "z" : 0.0
    }, {
      "x" : 0.49558747,
      "y" : 0.53500366,
      "z" : -0.019253582
    }, {
      "x" : 0.42705098,
      "y" : 0.5,
      "z" : 0.0
    } ],
    "faces" : [ {
      "vertices" : [ 0, 1, 2 ]
    }, {
      "vertices" : [ 0, 2, 1 ]
    } ]
  }, {
    "id" : "d1cc08e7-764c-4b36-8a72-70a3e9cc3678",
    "vertices" : [ {
      "x" : 0.6832816,
      "y" : 0.23130824,
      "z" : 0.11803399
    }, {
      "x" : 0.6746711,
      "y" : 0.24524026,
      "z" : 0.12993336
    }, {
      "x" : 0.618034,
      "y" : 0.19098301,
      "z" : 0.11803399
    } ],
    "faces" : [ {
      "vertices" : [ 0, 1, 2 ]
    }, {
      "vertices" : [ 0, 2, 1 ]
    } ]
  }, {
    "id" : "4f157314-f5bb-41e6-a024-5bf045760a9e",
    "vertices" : [ {
      "x" : 0.8291796,
      "y" : 0.5854102,
      "z" : 0.19098301
    }, {
      "x" : 0.82056916,
      "y" : 0.5993422,
      "z" : 0.17908363
    }, {
      "x" : 0.5566371,
      "y" : 0.43622327,
      "z" : 0.17908363
    }, {
      "x" : 0.5652476,
      "y" : 0.42229125,
      "z" : 0.19098301
    } ],
    "faces" : [ {
      "vertices" : [ 0, 1, 2 ]
    }, {
      "vertices" : [ 0, 2, 3 ]
    }, {
      "vertices" : [ 0, 3, 2 ]
    }, {
      "vertices" : [ 0, 2, 1 ]
    } ]
  }, {
    "id" : "79aae1cb-b2f1-4d57-ac4b-c1efa06fc7c0",
    "vertices" : [ {
      "x" : 0.7595195,
      "y" : 0.6981226,
      "z" : -0.019253582
    }, {
      "x" : 0.76812994,
      "y" : 0.68419063,
      "z" : -0.031152949
    }, {
      "x" : 0.50419796,
      "y" : 0.5210717,
      "z" : -0.031152949
    }, {
      "x" : 0.49558747,
      "y" : 0.53500366,
      "z" : -0.019253582
    } ],
    "faces" : [ {
      "vertices" : [ 0, 1, 2 ]
    }, {
      "vertices" : [ 0, 2, 3 ]
    }, {
      "vertices" : [ 0, 3, 2 ]
    }, {
      "vertices" : [ 0, 2, 1 ]
    } ]
  }, {
    "id" : "4c7d1003-08e3-43ab-bedf-caf39157894c",
    "vertices" : [ {
      "x" : 0.690983,
      "y" : 0.809017,
      "z" : 0.0
    }, {
      "x" : 0.809017,
      "y" : 0.618034,
      "z" : -0.309017
    }, {
      "x" : 0.82056916,
      "y" : 0.5993422,
      "z" : -0.17908363
    }, {
      "x" : 0.81728023,
      "y" : 0.6046638,
      "z" : -0.15983006
    }, {
      "x" : 0.76812994,
      "y" : 0.68419063,
      "z" : -0.031152949
    }, {
      "x" : 0.7595195,
      "y" : 0.6981226,
      "z" : -0.019253582
    } ],
    "faces" : [ {
      "vertices" : [ 0, 1, 2 ]
    }, {
      "vertices" : [ 0, 2, 3 ]
    }, {
      "vertices" : [ 0, 3, 4 ]
    }, {
      "vertices" : [ 0, 4, 5 ]
    }, {
      "vertices" : [ 0, 5, 4 ]
    }, {
      "vertices" : [ 0, 4, 3 ]
    }, {
      "vertices" : [ 0, 3, 2 ]
    }, {
      "vertices" : [ 0, 2, 1 ]
    } ]
  }, {
    "id" : "bcd33688-87b1-4186-9610-9b79097f7afc",
    "vertices" : [ {
      "x" : 3.2111456,
      "y" : 3.2111456,
      "z" : -0.36474508
    }, {
      "x" : 4.045085,
      "y" : 3.854102,
      "z" : -0.309017
    }, {
      "x" : 3.927051,
      "y" : 3.354102,
      "z" : -0.19098301
    } ],
    "faces" : [ {
      "vertices" : [ 0, 1, 2 ]
    }, {
      "vertices" : [ 0, 2, 1 ]
    } ]
  }, {
    "id" : "f6bea93e-9406-4900-85e9-b9cfc6037eda",
    "vertices" : [ {
      "x" : 0.68657047,
      "y" : 0.22598667,
      "z" : 0.09878041
    }, {
      "x" : 0.6832816,
      "y" : 0.23130824,
      "z" : 0.11803399
    }, {
      "x" : 0.618034,
      "y" : 0.19098301,
      "z" : 0.11803399
    } ],
    "faces" : [ {
      "vertices" : [ 0, 1, 2 ]
    }, {
      "vertices" : [ 0, 2, 1 ]
    } ]
  }, {
    "id" : "08d7f3f1-3dde-4e60-a92d-3357a2144933",
    "vertices" : [ {
      "x" : 4.059017,
      "y" : 2.6684406,
      "z" : -0.86271244
    }, {
      "x" : 4.059017,
      "y" : 2.6684406,
      "z" : -1.1372876
    }, {
      "x" : 3.9217293,
      "y" : 2.8905764,
      "z" : -1.2221359
    }, {
      "x" : 3.836881,
      "y" : 3.027864,
      "z" : -1.0
    }, {
      "x" : 3.9217293,
      "y" : 2.8905764,
      "z" : -0.77786404
    } ],
    "faces" : [ {
      "vertices" : [ 0, 1, 2 ]
    }, {
      "vertices" : [ 0, 2, 3 ]
    }, {
      "vertices" : [ 0, 3, 4 ]
    }, {
      "vertices" : [ 0, 4, 3 ]
    }, {
      "vertices" : [ 0, 3, 2 ]
    }, {
      "vertices" : [ 0, 2, 1 ]
    } ]
  }, {
    "id" : "b2cad7d9-27ad-4a3f-87eb-8a5921d40619",
    "vertices" : [ {
      "x" : 4.4472136,
      "y" : 3.2034442,
      "z" : -1.190983
    }, {
      "x" : 4.118034,
      "y" : 3.0,
      "z" : -1.190983
    }, {
      "x" : 4.236068,
      "y" : 2.809017,
      "z" : -1.118034
    }, {
      "x" : 4.5652475,
      "y" : 3.0124612,
      "z" : -1.118034
    } ],
    "faces" : [ {
      "vertices" : [ 0, 1, 2 ]
    }, {
      "vertices" : [ 0, 2, 3 ]
    }, {
      "vertices" : [ 0, 3, 2 ]
    }, {
      "vertices" : [ 0, 2, 1 ]
    } ]
  }, {
    "id" : "29d4fea7-5a39-4ea8-9caa-121873ae425c",
    "vertices" : [ {
      "x" : 0.76812994,
      "y" : 0.68419063,
      "z" : -0.031152949
    }, {
      "x" : 0.81728023,
      "y" : 0.6046638,
      "z" : -0.15983006
    }, {
      "x" : 0.55334824,
      "y" : 0.44154483,
      "z" : -0.15983006
    }, {
      "x" : 0.50419796,
      "y" : 0.5210717,
      "z" : -0.031152949
    } ],
    "faces" : [ {
      "vertices" : [ 0, 1, 2 ]
    }, {
      "vertices" : [ 0, 2, 3 ]
    }, {
      "vertices" : [ 0, 3, 2 ]
    }, {
      "vertices" : [ 0, 2, 1 ]
    } ]
  }, {
    "id" : "92152ad8-3939-4941-886b-a7b90e7341c8",
    "vertices" : [ {
      "x" : 0.5835921,
      "y" : 0.22542486,
      "z" : -0.15247585
    }, {
      "x" : 0.42705098,
      "y" : 0.32623792,
      "z" : -0.16311896
    }, {
      "x" : 0.5623059,
      "y" : 0.28115296,
      "z" : -0.15247585
    } ],
    "faces" : [ {
      "vertices" : [ 0, 1, 2 ]
    }, {
      "vertices" : [ 0, 2, 1 ]
    } ]
  }, {
    "id" : "5e9a692c-f793-4ede-a8eb-9b105bea2463",
    "vertices" : [ {
      "x" : 0.5566371,
      "y" : 0.43622327,
      "z" : -0.17908363
    }, {
      "x" : 0.5652476,
      "y" : 0.42229125,
      "z" : -0.19098301
    }, {
      "x" : 0.5,
      "y" : 0.38196602,
      "z" : -0.19098301
    } ],
    "faces" : [ {
      "vertices" : [ 0, 1, 2 ]
    }, {
      "vertices" : [ 0, 2, 1 ]
    } ]
  }, {
    "id" : "50de38e3-5740-4258-9582-36ee1e9101f0",
    "vertices" : [ {
      "x" : 4.118034,
      "y" : 4.427051,
      "z" : 0.0
    }, {
      "x" : 4.045085,
      "y" : 3.854102,
      "z" : -0.309017
    }, {
      "x" : 4.236068,
      "y" : 4.236068,
      "z" : -0.36474508
    } ],
    "faces" : [ {
      "vertices" : [ 0, 1, 2 ]
    }, {
      "vertices" : [ 0, 2, 1 ]
    } ]
  }, {
    "id" : "4fd30d04-065b-418b-8459-c5ea5cd00a4f",
    "vertices" : [ {
      "x" : 4.6995935,
      "y" : 3.486068,
      "z" : -1.5225425
    }, {
      "x" : 4.553695,
      "y" : 3.722136,
      "z" : -1.1963046
    }, {
      "x" : 4.309017,
      "y" : 3.427051,
      "z" : -1.0
    } ],
    "faces" : [ {
      "vertices" : [ 0, 1, 2 ]
    }, {
      "vertices" : [ 0, 2, 1 ]
    } ]
  }, {
    "id" : "85915151-1585-45b2-819e-14cf3dd4813a",
    "vertices" : [ {
      "x" : 0.664028,
      "y" : 0.2624612,
      "z" : -0.12993336
    }, {
      "x" : 0.618034,
      "y" : 0.19098301,
      "z" : -0.11803399
    }, {
      "x" : 0.618034,
      "y" : 0.2532889,
      "z" : -0.13525492
    } ],
    "faces" : [ {
      "vertices" : [ 0, 1, 2 ]
    }, {
      "vertices" : [ 0, 2, 1 ]
    } ]
  }, {
    "id" : "b57a1288-b456-4d02-8170-190f3c4b0136",
    "vertices" : [ {
      "x" : 0.809017,
      "y" : 0.618034,
      "z" : -0.309017
    }, {
      "x" : 1.0,
      "y" : 0.309017,
      "z" : -0.19098301
    }, {
      "x" : 0.9386031,
      "y" : 0.4083592,
      "z" : -0.12993336
    }, {
      "x" : 0.92796004,
      "y" : 0.42558014,
      "z" : -0.12993336
    }, {
      "x" : 0.8484332,
      "y" : 0.5542573,
      "z" : -0.17908363
    }, {
      "x" : 0.8398227,
      "y" : 0.56818926,
      "z" : -0.19098301
    } ],
    "faces" : [ {
      "vertices" : [ 0, 1, 2 ]
    }, {
      "vertices" : [ 0, 2, 3 ]
    }, {
      "vertices" : [ 0, 3, 4 ]
    }, {
      "vertices" : [ 0, 4, 5 ]
    }, {
      "vertices" : [ 0, 5, 4 ]
    }, {
      "vertices" : [ 0, 4, 3 ]
    }, {
      "vertices" : [ 0, 3, 2 ]
    }, {
      "vertices" : [ 0, 2, 1 ]
    } ]
  }, {
    "id" : "b2481eff-9a8f-44df-8a19-8b66d833a4d3",
    "vertices" : [ {
      "x" : 3.5397635,
      "y" : 3.5086105,
      "z" : 0.22213596
    }, {
      "x" : 3.454915,
      "y" : 3.645898,
      "z" : 0.0
    }, {
      "x" : 3.645898,
      "y" : 3.763932,
      "z" : 0.0
    }, {
      "x" : 3.7307465,
      "y" : 3.6266444,
      "z" : 0.22213596
    } ],
    "faces" : [ {
      "vertices" : [ 0, 1, 2 ]
    }, {
      "vertices" : [ 0, 2, 3 ]
    }, {
      "vertices" : [ 0, 3, 2 ]
    }, {
      "vertices" : [ 0, 2, 1 ]
    } ]
  }, {
    "id" : "37a2aa85-c86d-4ccc-801d-70c4829bf29f",
    "vertices" : [ {
      "x" : 0.82056916,
      "y" : 0.5993422,
      "z" : -0.17908363
    }, {
      "x" : 0.8291796,
      "y" : 0.5854102,
      "z" : -0.19098301
    }, {
      "x" : 0.5652476,
      "y" : 0.42229125,
      "z" : -0.19098301
    }, {
      "x" : 0.5566371,
      "y" : 0.43622327,
      "z" : -0.17908363
    } ],
    "faces" : [ {
      "vertices" : [ 0, 1, 2 ]
    }, {
      "vertices" : [ 0, 2, 3 ]
    }, {
      "vertices" : [ 0, 3, 2 ]
    }, {
      "vertices" : [ 0, 2, 1 ]
    } ]
  }, {
    "id" : "a0c38b8e-9996-47d0-afad-463adfcc00ed",
    "vertices" : [ {
      "x" : 0.9386031,
      "y" : 0.4083592,
      "z" : 0.12993336
    }, {
      "x" : 0.92796004,
      "y" : 0.42558014,
      "z" : 0.12993336
    }, {
      "x" : 0.664028,
      "y" : 0.2624612,
      "z" : 0.12993336
    }, {
      "x" : 0.6746711,
      "y" : 0.24524026,
      "z" : 0.12993336
    } ],
    "faces" : [ {
      "vertices" : [ 0, 1, 2 ]
    }, {
      "vertices" : [ 0, 2, 3 ]
    }, {
      "vertices" : [ 0, 3, 2 ]
    }, {
      "vertices" : [ 0, 2, 1 ]
    } ]
  }, {
    "id" : "f2237ef3-6e10-47b0-bbd9-57bf4c9d0b1c",
    "vertices" : [ {
      "x" : 1.0,
      "y" : 0.309017,
      "z" : -0.19098301
    }, {
      "x" : 1.0,
      "y" : 0.309017,
      "z" : 0.19098301
    }, {
      "x" : 0.9505025,
      "y" : 0.38910562,
      "z" : 0.09878041
    }, {
      "x" : 0.9472136,
      "y" : 0.39442718,
      "z" : 0.07952683
    }, {
      "x" : 0.9472136,
      "y" : 0.39442718,
      "z" : -0.07952683
    }, {
      "x" : 0.9505025,
      "y" : 0.38910562,
      "z" : -0.09878041
    } ],
    "faces" : [ {
      "vertices" : [ 0, 1, 2 ]
    }, {
      "vertices" : [ 0, 2, 3 ]
    }, {
      "vertices" : [ 0, 3, 4 ]
    }, {
      "vertices" : [ 0, 4, 5 ]
    }, {
      "vertices" : [ 0, 5, 4 ]
    }, {
      "vertices" : [ 0, 4, 3 ]
    }, {
      "vertices" : [ 0, 3, 2 ]
    }, {
      "vertices" : [ 0, 2, 1 ]
    } ]
  }, {
    "id" : "ba970dd3-48a6-45ee-a8c1-987846dd468d",
    "vertices" : [ {
      "x" : 0.82056916,
      "y" : 0.5993422,
      "z" : 0.17908363
    }, {
      "x" : 0.81728023,
      "y" : 0.6046638,
      "z" : 0.15983006
    }, {
      "x" : 0.55334824,
      "y" : 0.44154483,
      "z" : 0.15983006
    }, {
      "x" : 0.5566371,
      "y" : 0.43622327,
      "z" : 0.17908363
    } ],
    "faces" : [ {
      "vertices" : [ 0, 1, 2 ]
    }, {
      "vertices" : [ 0, 2, 3 ]
    }, {
      "vertices" : [ 0, 3, 2 ]
    }, {
      "vertices" : [ 0, 2, 1 ]
    } ]
  }, {
    "id" : "66fcac79-f789-42bb-93f3-9bce0ddbec1f",
    "vertices" : [ {
      "x" : 4.045085,
      "y" : 3.118034,
      "z" : -1.0
    }, {
      "x" : 4.027864,
      "y" : 3.145898,
      "z" : -1.0
    }, {
      "x" : 4.1127124,
      "y" : 3.0086105,
      "z" : -1.2221359
    }, {
      "x" : 4.118034,
      "y" : 3.0,
      "z" : -1.190983
    } ],
    "faces" : [ {
      "vertices" : [ 0, 1, 2 ]
    }, {
      "vertices" : [ 0, 2, 3 ]
    }, {
      "vertices" : [ 0, 3, 2 ]
    }, {
      "vertices" : [ 0, 2, 1 ]
    } ]
  }, {
    "id" : "2e65a8e3-68d4-46ea-93bc-cd81ce02a0a1",
    "vertices" : [ {
      "x" : 4.0652475,
      "y" : 3.8214781,
      "z" : 0.19098301
    }, {
      "x" : 4.045085,
      "y" : 3.854102,
      "z" : 0.309017
    }, {
      "x" : 4.236068,
      "y" : 3.545085,
      "z" : 0.19098301
    }, {
      "x" : 4.1832814,
      "y" : 3.630495,
      "z" : 0.11803399
    } ],
    "faces" : [ {
      "vertices" : [ 0, 1, 2 ]
    }, {
      "vertices" : [ 0, 2, 3 ]
    }, {
      "vertices" : [ 0, 3, 2 ]
    }, {
      "vertices" : [ 0, 2, 1 ]
    } ]
  }, {
    "id" : "daa86fa4-77f9-4983-b1c8-8fc36bb51333",
    "vertices" : [ {
      "x" : 3.677051,
      "y" : 3.2864745,
      "z" : 0.13728757
    }, {
      "x" : 3.5397635,
      "y" : 3.5086105,
      "z" : 0.22213596
    }, {
      "x" : 3.7307465,
      "y" : 3.6266444,
      "z" : 0.22213596
    }, {
      "x" : 3.868034,
      "y" : 3.4045086,
      "z" : 0.13728757
    } ],
    "faces" : [ {
      "vertices" : [ 0, 1, 2 ]
    }, {
      "vertices" : [ 0, 2, 3 ]
    }, {
      "vertices" : [ 0, 3, 2 ]
    }, {
      "vertices" : [ 0, 2, 1 ]
    } ]
  }, {
    "id" : "24782bb5-03dc-4ce8-9efa-2ec8402d3f9b",
    "vertices" : [ {
      "x" : 4.045085,
      "y" : 3.854102,
      "z" : -0.309017
    }, {
      "x" : 4.236068,
      "y" : 3.545085,
      "z" : -0.19098301
    }, {
      "x" : 3.927051,
      "y" : 3.354102,
      "z" : -0.19098301
    } ],
    "faces" : [ {
      "vertices" : [ 0, 1, 2 ]
    }, {
      "vertices" : [ 0, 2, 1 ]
    } ]
  }, {
    "id" : "849bde02-9c71-4ae2-bf90-426c55c5ced3",
    "vertices" : [ {
      "x" : 4.5652475,
      "y" : 3.0124612,
      "z" : -1.118034
    }, {
      "x" : 4.618034,
      "y" : 2.927051,
      "z" : -1.190983
    }, {
      "x" : 4.427051,
      "y" : 3.236068,
      "z" : -1.309017
    }, {
      "x" : 4.4472136,
      "y" : 3.2034442,
      "z" : -1.190983
    } ],
    "faces" : [ {
      "vertices" : [ 0, 1, 2 ]
    }, {
      "vertices" : [ 0, 2, 3 ]
    }, {
      "vertices" : [ 0, 3, 2 ]
    }, {
      "vertices" : [ 0, 2, 1 ]
    } ]
  }, {
    "id" : "05892033-6d9f-4b13-a9ea-e59285c0932a",
    "vertices" : [ {
      "x" : 0.42705098,
      "y" : 0.32623792,
      "z" : 0.16311896
    }, {
      "x" : 0.52786404,
      "y" : 0.16311896,
      "z" : 0.10081306
    }, {
      "x" : 0.52128625,
      "y" : 0.32623792,
      "z" : 0.19098301
    } ],
    "faces" : [ {
      "vertices" : [ 0, 1, 2 ]
    }, {
      "vertices" : [ 0, 2, 1 ]
    } ]
  }, {
    "id" : "74ffac02-f3f9-4151-bdb0-4eab01a119b2",
    "vertices" : [ {
      "x" : 4.5652475,
      "y" : 3.0124612,
      "z" : -1.118034
    }, {
      "x" : 4.236068,
      "y" : 2.809017,
      "z" : -1.118034
    }, {
      "x" : 4.236068,
      "y" : 2.809017,
      "z" : -0.881966
    }, {
      "x" : 4.5652475,
      "y" : 3.0124612,
      "z" : -0.881966
    } ],
    "faces" : [ {
      "vertices" : [ 0, 1, 2 ]
    }, {
      "vertices" : [ 0, 2, 3 ]
    }, {
      "vertices" : [ 0, 3, 2 ]
    }, {
      "vertices" : [ 0, 2, 1 ]
    } ]
  }, {
    "id" : "4b5b2fab-85a1-4333-b2c7-6c65b14322d9",
    "vertices" : [ {
      "x" : 0.809017,
      "y" : 0.618034,
      "z" : -0.309017
    }, {
      "x" : 0.690983,
      "y" : 0.809017,
      "z" : 0.0
    }, {
      "x" : 1.545085,
      "y" : 1.545085,
      "z" : -0.36474508
    } ],
    "faces" : [ {
      "vertices" : [ 0, 1, 2 ]
    }, {
      "vertices" : [ 0, 2, 1 ]
    } ]
  }, {
    "id" : "9ab92bae-c694-4b2f-819a-7e7feb541292",
    "vertices" : [ {
      "x" : 0.618034,
      "y" : 0.19098301,
      "z" : 0.006577809
    }, {
      "x" : 0.52786404,
      "y" : 0.16311896,
      "z" : -0.10081306
    }, {
      "x" : 0.618034,
      "y" : 0.19098301,
      "z" : -0.11803399
    } ],
    "faces" : [ {
      "vertices" : [ 0, 1, 2 ]
    }, {
      "vertices" : [ 0, 2, 1 ]
    } ]
  }, {
    "id" : "9a6bfd90-33fd-459b-8d4b-794cb4db4f9c",
    "vertices" : [ {
      "x" : 3.927051,
      "y" : 3.354102,
      "z" : 0.19098301
    }, {
      "x" : 3.2111456,
      "y" : 3.2111456,
      "z" : 0.36474508
    }, {
      "x" : 3.3291795,
      "y" : 3.0201626,
      "z" : 0.0
    } ],
    "faces" : [ {
      "vertices" : [ 0, 1, 2 ]
    }, {
      "vertices" : [ 0, 2, 1 ]
    } ]
  }, {
    "id" : "c553c3f7-6be7-41d3-8a96-d70e08c26cc1",
    "vertices" : [ {
      "x" : 0.55334824,
      "y" : 0.44154483,
      "z" : -0.15983006
    }, {
      "x" : 0.5,
      "y" : 0.38196602,
      "z" : -0.19098301
    }, {
      "x" : 0.5106431,
      "y" : 0.42705098,
      "z" : -0.14589803
    } ],
    "faces" : [ {
      "vertices" : [ 0, 1, 2 ]
    }, {
      "vertices" : [ 0, 2, 1 ]
    } ]
  }, {
    "id" : "402b5dd6-e5c5-4aed-bf71-72221d49c422",
    "vertices" : [ {
      "x" : 0.809017,
      "y" : 0.618034,
      "z" : -0.309017
    }, {
      "x" : 0.8398227,
      "y" : 0.56818926,
      "z" : -0.19098301
    }, {
      "x" : 0.8291796,
      "y" : 0.5854102,
      "z" : -0.19098301
    } ],
    "faces" : [ {
      "vertices" : [ 0, 1, 2 ]
    }, {
      "vertices" : [ 0, 2, 1 ]
    } ]
  }, {
    "id" : "2b288b9d-08e1-4ec2-88c9-515cb267cb4f",
    "vertices" : [ {
      "x" : 1.5,
      "y" : 1.190983,
      "z" : 0.0
    }, {
      "x" : 1.381966,
      "y" : 1.381966,
      "z" : 0.36474508
    }, {
      "x" : 1.0,
      "y" : 0.309017,
      "z" : 0.19098301
    } ],
    "faces" : [ {
      "vertices" : [ 0, 1, 2 ]
    }, {
      "vertices" : [ 0, 2, 1 ]
    } ]
  }, {
    "id" : "09235a80-165e-457c-9a9d-6ebf10a6987c",
    "vertices" : [ {
      "x" : 0.6832816,
      "y" : 0.23130824,
      "z" : -0.11803399
    }, {
      "x" : 0.68657047,
      "y" : 0.22598667,
      "z" : -0.09878041
    }, {
      "x" : 0.618034,
      "y" : 0.19098301,
      "z" : -0.11803399
    } ],
    "faces" : [ {
      "vertices" : [ 0, 1, 2 ]
    }, {
      "vertices" : [ 0, 2, 1 ]
    } ]
  }, {
    "id" : "6875f921-21f9-4e8d-8d2d-28d534f07017",
    "vertices" : [ {
      "x" : 4.118034,
      "y" : 4.427051,
      "z" : 0.0
    }, {
      "x" : 4.236068,
      "y" : 4.236068,
      "z" : -0.36474508
    }, {
      "x" : 3.2111456,
      "y" : 3.2111456,
      "z" : -0.36474508
    } ],
    "faces" : [ {
      "vertices" : [ 0, 1, 2 ]
    }, {
      "vertices" : [ 0, 2, 1 ]
    } ]
  }, {
    "id" : "1b220d2e-6682-4926-8d10-71ff097eb03d",
    "vertices" : [ {
      "x" : 0.809017,
      "y" : 0.618034,
      "z" : -0.309017
    }, {
      "x" : 0.8291796,
      "y" : 0.5854102,
      "z" : -0.19098301
    }, {
      "x" : 0.82056916,
      "y" : 0.5993422,
      "z" : -0.17908363
    } ],
    "faces" : [ {
      "vertices" : [ 0, 1, 2 ]
    }, {
      "vertices" : [ 0, 2, 1 ]
    } ]
  }, {
    "id" : "035a43f0-43d7-4d07-a4f6-0d4e3eb312e2",
    "vertices" : [ {
      "x" : 0.42705098,
      "y" : 0.5,
      "z" : 0.0
    }, {
      "x" : 0.50419796,
      "y" : 0.5210717,
      "z" : -0.031152949
    }, {
      "x" : 0.55334824,
      "y" : 0.44154483,
      "z" : -0.15983006
    }, {
      "x" : 0.5106431,
      "y" : 0.42705098,
      "z" : -0.14589803
    }, {
      "x" : 0.46555814,
      "y" : 0.4376941,
      "z" : -0.10081306
    } ],
    "faces" : [ {
      "vertices" : [ 0, 1, 2 ]
    }, {
      "vertices" : [ 0, 2, 3 ]
    }, {
      "vertices" : [ 0, 3, 4 ]
    }, {
      "vertices" : [ 0, 4, 3 ]
    }, {
      "vertices" : [ 0, 3, 2 ]
    }, {
      "vertices" : [ 0, 2, 1 ]
    } ]
  }, {
    "id" : "24dcd064-8694-4dce-8a19-e30724e0ebde",
    "vertices" : [ {
      "x" : 0.46555814,
      "y" : 0.4376941,
      "z" : -0.10081306
    }, {
      "x" : 0.36474508,
      "y" : 0.42705098,
      "z" : 0.0
    }, {
      "x" : 0.42705098,
      "y" : 0.5,
      "z" : 0.0
    } ],
    "faces" : [ {
      "vertices" : [ 0, 1, 2 ]
    }, {
      "vertices" : [ 0, 2, 1 ]
    } ]
  }, {
    "id" : "ff723ea7-bc83-45a7-956c-5bca0d58c71c",
    "vertices" : [ {
      "x" : 4.4472136,
      "y" : 3.2034442,
      "z" : -0.809017
    }, {
      "x" : 4.427051,
      "y" : 3.236068,
      "z" : -0.690983
    }, {
      "x" : 4.618034,
      "y" : 2.927051,
      "z" : -0.809017
    }, {
      "x" : 4.5652475,
      "y" : 3.0124612,
      "z" : -0.881966
    } ],
    "faces" : [ {
      "vertices" : [ 0, 1, 2 ]
    }, {
      "vertices" : [ 0, 2, 3 ]
    }, {
      "vertices" : [ 0, 3, 2 ]
    }, {
      "vertices" : [ 0, 2, 1 ]
    } ]
  }, {
    "id" : "f09b3c1f-70aa-422b-863a-ac1102d58cf0",
    "vertices" : [ {
      "x" : 3.4077973,
      "y" : 2.8929563,
      "z" : -0.87958616
    }, {
      "x" : 4.553695,
      "y" : 3.722136,
      "z" : -1.1963046
    }, {
      "x" : 4.6995935,
      "y" : 3.486068,
      "z" : -1.5225425
    } ],
    "faces" : [ {
      "vertices" : [ 0, 1, 2 ]
    }, {
      "vertices" : [ 0, 2, 1 ]
    } ]
  }, {
    "id" : "a7e58df5-0a28-4f2e-bbb5-ad37c8e382dd",
    "vertices" : [ {
      "x" : 0.76812994,
      "y" : 0.68419063,
      "z" : 0.031152949
    }, {
      "x" : 0.7595195,
      "y" : 0.6981226,
      "z" : 0.019253582
    }, {
      "x" : 0.49558747,
      "y" : 0.53500366,
      "z" : 0.019253582
    }, {
      "x" : 0.50419796,
      "y" : 0.5210717,
      "z" : 0.031152949
    } ],
    "faces" : [ {
      "vertices" : [ 0, 1, 2 ]
    }, {
      "vertices" : [ 0, 2, 3 ]
    }, {
      "vertices" : [ 0, 3, 2 ]
    }, {
      "vertices" : [ 0, 2, 1 ]
    } ]
  }, {
    "id" : "69e5f723-10a5-4a4d-8182-80bc76999f75",
    "vertices" : [ {
      "x" : 1.0,
      "y" : 0.309017,
      "z" : -0.19098301
    }, {
      "x" : 0.9505025,
      "y" : 0.38910562,
      "z" : -0.09878041
    }, {
      "x" : 0.9472136,
      "y" : 0.39442718,
      "z" : -0.11803399
    } ],
    "faces" : [ {
      "vertices" : [ 0, 1, 2 ]
    }, {
      "vertices" : [ 0, 2, 1 ]
    } ]
  }, {
    "id" : "e477f4ab-9ff0-4dff-b89b-0d92c8150a39",
    "vertices" : [ {
      "x" : 0.8291796,
      "y" : 0.5854102,
      "z" : -0.19098301
    }, {
      "x" : 0.8398227,
      "y" : 0.56818926,
      "z" : -0.19098301
    }, {
      "x" : 0.5758907,
      "y" : 0.4050703,
      "z" : -0.19098301
    }, {
      "x" : 0.5652476,
      "y" : 0.42229125,
      "z" : -0.19098301
    } ],
    "faces" : [ {
      "vertices" : [ 0, 1, 2 ]
    }, {
      "vertices" : [ 0, 2, 3 ]
    }, {
      "vertices" : [ 0, 3, 2 ]
    }, {
      "vertices" : [ 0, 2, 1 ]
    } ]
  }, {
    "id" : "15058716-fd8c-45ec-8371-ae7ebac33bf6",
    "vertices" : [ {
      "x" : 0.618034,
      "y" : 0.19098301,
      "z" : -0.11803399
    }, {
      "x" : 0.6832816,
      "y" : 0.23130824,
      "z" : -0.07952683
    }, {
