{
  "field" : "golden",
  "symmetry" : "icosahedral",
  "orientations" : [ [ 1.0, 0.0, 0.0, 0.0, 0.0, 1.0, 0.0, 0.0, 0.0, 0.0, 1.0, 0.0, 0.0, 0.0, 0.0, 1.0 ], [ 0.0, 0.0, 1.0, 0.0, 1.0, 0.0, 0.0, 0.0, 0.0, 1.0, 0.0, 0.0, 0.0, 0.0, 0.0, 1.0 ], [ 0.0, 1.0, 0.0, 0.0, 0.0, 0.0, 1.0, 0.0, 1.0, 0.0, 0.0, 0.0, 0.0, 0.0, 0.0, 1.0 ], [ 0.809017, 0.309017, 0.5, 0.0, 0.309017, 0.5, -0.809017, 0.0, -0.5, 0.809017, 0.309017, 0.0, 0.0, 0.0, 0.0, 1.0 ], [ -0.5, 0.809017, 0.309017, 0.0, 0.809017, 0.309017, 0.5, 0.0, 0.309017, 0.5, -0.809017, 0.0, 0.0, 0.0, 0.0, 1.0 ], [ 0.309017, 0.5, -0.809017, 0.0, -0.5, 0.809017, 0.309017, 0.0, 0.809017, 0.309017, 0.5, 0.0, 0.0, 0.0, 0.0, 1.0 ], [ 0.5, 0.809017, 0.309017, 0.0, 0.809017, -0.309017, -0.5, 0.0, -0.309017, 0.5, -0.809017, 0.0, 0.0, 0.0, 0.0, 1.0 ], [ -0.309017, 0.5, -0.809017, 0.0, 0.5, 0.809017, 0.309017, 0.0, 0.809017, -0.309017, -0.5, 0.0, 0.0, 0.0, 0.0, 1.0 ], [ 0.809017, -0.309017, -0.5, 0.0, -0.309017, 0.5, -0.809017, 0.0, 0.5, 0.809017, 0.309017, 0.0, 0.0, 0.0, 0.0, 1.0 ], [ 0.5, 0.809017, -0.309017, 0.0, 0.809017, -0.309017, 0.5, 0.0, 0.309017, -0.5, -0.809017, 0.0, 0.0, 0.0, 0.0, 1.0 ], [ 0.309017, -0.5, -0.809017, 0.0, 0.5, 0.809017, -0.309017, 0.0, 0.809017, -0.309017, 0.5, 0.0, 0.0, 0.0, 0.0, 1.0 ], [ 0.809017, -0.309017, 0.5, 0.0, 0.309017, -0.5, -0.809017, 0.0, 0.5, 0.809017, -0.309017, 0.0, 0.0, 0.0, 0.0, 1.0 ], [ 0.809017, 0.309017, -0.5, 0.0, 0.309017, 0.5, 0.809017, 0.0, 0.5, -0.809017, 0.309017, 0.0, 0.0, 0.0, 0.0, 1.0 ], [ 0.5, -0.809017, 0.309017, 0.0, 0.809017, 0.309017, -0.5, 0.0, 0.309017, 0.5, 0.809017, 0.0, 0.0, 0.0, 0.0, 1.0 ], [ 0.309017, 0.5, 0.809017, 0.0, 0.5, -0.809017, 0.309017, 0.0, 0.809017, 0.309017, -0.5, 0.0, 0.0, 0.0, 0.0, 1.0 ], [ 1.0, 0.0, 0.0, 0.0, 0.0, -1.0, 0.0, 0.0, 0.0, 0.0, -1.0, 0.0, 0.0, 0.0, 0.0, 1.0 ], [ 0.0, 0.0, 1.0, 0.0, -1.0, 0.0, 0.0, 0.0, 0.0, -1.0, 0.0, 0.0, 0.0, 0.0, 0.0, 1.0 ], [ 0.0, 1.0, 0.0, 0.0, 0.0, 0.0, -1.0, 0.0, -1.0, 0.0, 0.0, 0.0, 0.0, 0.0, 0.0, 1.0 ], [ 0.809017, 0.309017, 0.5, 0.0, -0.309017, -0.5, 0.809017, 0.0, 0.5, -0.809017, -0.309017, 0.0, 0.0, 0.0, 0.0, 1.0 ], [ -0.5, 0.809017, 0.309017, 0.0, -0.809017, -0.309017, -0.5, 0.0, -0.309017, -0.5, 0.809017, 0.0, 0.0, 0.0, 0.0, 1.0 ], [ 0.309017, 0.5, -0.809017, 0.0, 0.5, -0.809017, -0.309017, 0.0, -0.809017, -0.309017, -0.5, 0.0, 0.0, 0.0, 0.0, 1.0 ], [ 0.5, 0.809017, 0.309017, 0.0, -0.809017, 0.309017, 0.5, 0.0, 0.309017, -0.5, 0.809017, 0.0, 0.0, 0.0, 0.0, 1.0 ], [ -0.309017, 0.5, -0.809017, 0.0, -0.5, -0.809017, -0.309017, 0.0, -0.809017, 0.309017, 0.5, 0.0, 0.0, 0.0, 0.0, 1.0 ], [ 0.809017, -0.309017, -0.5, 0.0, 0.309017, -0.5, 0.809017, 0.0, -0.5, -0.809017, -0.309017, 0.0, 0.0, 0.0, 0.0, 1.0 ], [ 0.5, 0.809017, -0.309017, 0.0, -0.809017, 0.309017, -0.5, 0.0, -0.309017, 0.5, 0.809017, 0.0, 0.0, 0.0, 0.0, 1.0 ], [ 0.309017, -0.5, -0.809017, 0.0, -0.5, -0.809017, 0.309017, 0.0, -0.809017, 0.309017, -0.5, 0.0, 0.0, 0.0, 0.0, 1.0 ], [ 0.809017, -0.309017, 0.5, 0.0, -0.309017, 0.5, 0.809017, 0.0, -0.5, -0.809017, 0.309017, 0.0, 0.0, 0.0, 0.0, 1.0 ], [ 0.809017, 0.309017, -0.5, 0.0, -0.309017, -0.5, -0.809017, 0.0, -0.5, 0.809017, -0.309017, 0.0, 0.0, 0.0, 0.0, 1.0 ], [ 0.5, -0.809017, 0.309017, 0.0, -0.809017, -0.309017, 0.5, 0.0, -0.309017, -0.5, -0.809017, 0.0, 0.0, 0.0, 0.0, 1.0 ], [ 0.309017, 0.5, 0.809017, 0.0, -0.5, 0.809017, -0.309017, 0.0, -0.809017, -0.309017, 0.5, 0.0, 0.0, 0.0, 0.0, 1.0 ], [ -1.0, 0.0, 0.0, 0.0, 0.0, -1.0, 0.0, 0.0, 0.0, 0.0, 1.0, 0.0, 0.0, 0.0, 0.0, 1.0 ], [ 0.0, 0.0, -1.0, 0.0, -1.0, 0.0, 0.0, 0.0, 0.0, 1.0, 0.0, 0.0, 0.0, 0.0, 0.0, 1.0 ], [ 0.0, -1.0, 0.0, 0.0, 0.0, 0.0, -1.0, 0.0, 1.0, 0.0, 0.0, 0.0, 0.0, 0.0, 0.0, 1.0 ], [ -0.809017, -0.309017, -0.5, 0.0, -0.309017, -0.5, 0.809017, 0.0, -0.5, 0.809017, 0.309017, 0.0, 0.0, 0.0, 0.0, 1.0 ], [ 0.5, -0.809017, -0.309017, 0.0, -0.809017, -0.309017, -0.5, 0.0, 0.309017, 0.5, -0.809017, 0.0, 0.0, 0.0, 0.0, 1.0 ], [ -0.309017, -0.5, 0.809017, 0.0, 0.5, -0.809017, -0.309017, 0.0, 0.809017, 0.309017, 0.5, 0.0, 0.0, 0.0, 0.0, 1.0 ], [ -0.5, -0.809017, -0.309017, 0.0, -0.809017, 0.309017, 0.5, 0.0, -0.309017, 0.5, -0.809017, 0.0, 0.0, 0.0, 0.0, 1.0 ], [ 0.309017, -0.5, 0.809017, 0.0, -0.5, -0.809017, -0.309017, 0.0, 0.809017, -0.309017, -0.5, 0.0, 0.0, 0.0, 0.0, 1.0 ], [ -0.809017, 0.309017, 0.5, 0.0, 0.309017, -0.5, 0.809017, 0.0, 0.5, 0.809017, 0.309017, 0.0, 0.0, 0.0, 0.0, 1.0 ], [ -0.5, -0.809017, 0.309017, 0.0, -0.809017, 0.309017, -0.5, 0.0, 0.309017, -0.5, -0.809017, 0.0, 0.0, 0.0, 0.0, 1.0 ], [ -0.309017, 0.5, 0.809017, 0.0, -0.5, -0.809017, 0.309017, 0.0, 0.809017, -0.309017, 0.5, 0.0, 0.0, 0.0, 0.0, 1.0 ], [ -0.809017, 0.309017, -0.5, 0.0, -0.309017, 0.5, 0.809017, 0.0, 0.5, 0.809017, -0.309017, 0.0, 0.0, 0.0, 0.0, 1.0 ], [ -0.809017, -0.309017, 0.5, 0.0, -0.309017, -0.5, -0.809017, 0.0, 0.5, -0.809017, 0.309017, 0.0, 0.0, 0.0, 0.0, 1.0 ], [ -0.5, 0.809017, -0.309017, 0.0, -0.809017, -0.309017, 0.5, 0.0, 0.309017, 0.5, 0.809017, 0.0, 0.0, 0.0, 0.0, 1.0 ], [ -0.309017, -0.5, -0.809017, 0.0, -0.5, 0.809017, -0.309017, 0.0, 0.809017, 0.309017, -0.5, 0.0, 0.0, 0.0, 0.0, 1.0 ], [ -1.0, 0.0, 0.0, 0.0, 0.0, 1.0, 0.0, 0.0, 0.0, 0.0, -1.0, 0.0, 0.0, 0.0, 0.0, 1.0 ], [ 0.0, 0.0, -1.0, 0.0, 1.0, 0.0, 0.0, 0.0, 0.0, -1.0, 0.0, 0.0, 0.0, 0.0, 0.0, 1.0 ], [ 0.0, -1.0, 0.0, 0.0, 0.0, 0.0, 1.0, 0.0, -1.0, 0.0, 0.0, 0.0, 0.0, 0.0, 0.0, 1.0 ], [ -0.809017, -0.309017, -0.5, 0.0, 0.309017, 0.5, -0.809017, 0.0, 0.5, -0.809017, -0.309017, 0.0, 0.0, 0.0, 0.0, 1.0 ], [ 0.5, -0.809017, -0.309017, 0.0, 0.809017, 0.309017, 0.5, 0.0, -0.309017, -0.5, 0.809017, 0.0, 0.0, 0.0, 0.0, 1.0 ], [ -0.309017, -0.5, 0.809017, 0.0, -0.5, 0.809017, 0.309017, 0.0, -0.809017, -0.309017, -0.5, 0.0, 0.0, 0.0, 0.0, 1.0 ], [ -0.5, -0.809017, -0.309017, 0.0, 0.809017, -0.309017, -0.5, 0.0, 0.309017, -0.5, 0.809017, 0.0, 0.0, 0.0, 0.0, 1.0 ], [ 0.309017, -0.5, 0.809017, 0.0, 0.5, 0.809017, 0.309017, 0.0, -0.809017, 0.309017, 0.5, 0.0, 0.0, 0.0, 0.0, 1.0 ], [ -0.809017, 0.309017, 0.5, 0.0, -0.309017, 0.5, -0.809017, 0.0, -0.5, -0.809017, -0.309017, 0.0, 0.0, 0.0, 0.0, 1.0 ], [ -0.5, -0.809017, 0.309017, 0.0, 0.809017, -0.309017, 0.5, 0.0, -0.309017, 0.5, 0.809017, 0.0, 0.0, 0.0, 0.0, 1.0 ], [ -0.309017, 0.5, 0.809017, 0.0, 0.5, 0.809017, -0.309017, 0.0, -0.809017, 0.309017, -0.5, 0.0, 0.0, 0.0, 0.0, 1.0 ], [ -0.809017, 0.309017, -0.5, 0.0, 0.309017, -0.5, -0.809017, 0.0, -0.5, -0.809017, 0.309017, 0.0, 0.0, 0.0, 0.0, 1.0 ], [ -0.809017, -0.309017, 0.5, 0.0, 0.309017, 0.5, 0.809017, 0.0, -0.5, 0.809017, -0.309017, 0.0, 0.0, 0.0, 0.0, 1.0 ], [ -0.5, 0.809017, -0.309017, 0.0, 0.809017, 0.309017, -0.5, 0.0, -0.309017, -0.5, -0.809017, 0.0, 0.0, 0.0, 0.0, 1.0 ], [ -0.309017, -0.5, -0.809017, 0.0, 0.5, -0.809017, 0.309017, 0.0, -0.809017, -0.309017, 0.5, 0.0, 0.0, 0.0, 0.0, 1.0 ] ],
  "lights" : {
    "backgroundColor" : "#666666",
    "ambientColor" : "#292929",
    "directionalLights" : [ {
      "direction" : {
        "x" : 1.0,
        "y" : -1.0,
        "z" : -1.0
      },
      "color" : "#EBEBE4"
    }, {
      "direction" : {
        "x" : -1.0,
        "y" : 0.0,
        "z" : 0.0
      },
      "color" : "#E4E4EB"
    }, {
      "direction" : {
        "x" : 0.0,
        "y" : 0.0,
        "z" : -1.0
      },
      "color" : "#1E1E1E"
    } ]
  },
  "camera" : {
    "width" : 52.48415,
    "stereo" : false,
    "lookDirection" : {
      "x" : -0.54453295,
      "y" : 0.5930629,
      "z" : -0.5930914
    },
    "upDirection" : {
      "x" : -0.7185009,
      "y" : -0.69464326,
      "z" : -0.034928218
    },
    "lookAtPoint" : {
      "x" : 0.0,
      "y" : 0.0,
      "z" : 0.0
    },
    "viewDistance" : 115.454834,
    "nearClipDistance" : 0.18964803,
    "farClipDistance" : 3792.9614,
    "fieldOfView" : 0.44699174,
    "perspective" : false,
    "position" : {
      "x" : 62.86896,
      "y" : -68.47198,
      "z" : 68.47527
    }
  },
  "embedding" : [ 1.0, 0.0, 0.0, 0.0, 0.0, 1.0, 0.0, 0.0, 0.0, 0.0, 1.0, 0.0, 0.0, 0.0, 0.0, 1.0 ],
  "shapes" : [ {
    "id" : "d026a73e-fef4-48dd-b440-eb4566aa2bb6",
    "vertices" : [ {
      "x" : -19.115093,
      "y" : -1.8944272,
      "z" : 0.0
    }, {
      "x" : -15.326238,
      "y" : -9.472136,
      "z" : 0.0
    }, {
      "x" : -9.472136,
      "y" : 0.0,
      "z" : 15.326238
    }, {
      "x" : -14.8790245,
      "y" : 4.959675,
      "z" : 11.09017
    } ],
    "faces" : [ {
      "vertices" : [ 0, 1, 2 ]
    }, {
      "vertices" : [ 0, 2, 3 ]
    }, {
      "vertices" : [ 0, 3, 2 ]
    }, {
      "vertices" : [ 0, 2, 1 ]
    } ]
  }, {
    "id" : "bdbdc3af-81e2-423a-8f86-a6f71c2879cf",
    "vertices" : [ {
      "x" : -7.5311847,
      "y" : 6.2511435,
      "z" : -8.485955
    }, {
      "x" : -7.431185,
      "y" : 6.6511436,
      "z" : -8.385955
    }, {
      "x" : -0.49373746,
      "y" : 0.6029586,
      "z" : -0.26257408
    }, {
      "x" : -0.5937375,
      "y" : 0.20295861,
      "z" : -0.36257407
    }, {
      "x" : -7.731185,
      "y" : 6.7844768,
      "z" : -8.152621
    }, {
      "x" : -7.831185,
      "y" : 6.3844767,
      "z" : -8.252622
    }, {
      "x" : -0.29373747,
      "y" : 0.06962527,
      "z" : -0.5959074
    }, {
      "x" : -0.19373746,
      "y" : 0.46962526,
      "z" : -0.49590743
    } ],
    "faces" : [ {
      "vertices" : [ 2, 3, 6 ]
    }, {
      "vertices" : [ 2, 6, 7 ]
    }, {
      "vertices" : [ 0, 5, 4 ]
    }, {
      "vertices" : [ 0, 4, 1 ]
    }, {
      "vertices" : [ 2, 4, 5 ]
    }, {
      "vertices" : [ 2, 5, 3 ]
    }, {
      "vertices" : [ 0, 6, 3 ]
    }, {
      "vertices" : [ 0, 3, 5 ]
    }, {
      "vertices" : [ 0, 1, 7 ]
    }, {
      "vertices" : [ 0, 7, 6 ]
    }, {
      "vertices" : [ 1, 4, 2 ]
    }, {
      "vertices" : [ 1, 2, 7 ]
    } ]
  }, {
    "id" : "72d4b329-95a5-49c4-a809-968ac7326491",
    "vertices" : [ {
      "x" : 0.13333334,
      "y" : 11.712273,
      "z" : -5.6228027
    }, {
      "x" : -0.26666668,
      "y" : 11.812272,
      "z" : -5.7228026
    }, {
      "x" : -0.13333334,
      "y" : 0.548718,
      "z" : -0.50769234
    }, {
      "x" : 0.26666668,
      "y" : 0.44871795,
      "z" : -0.4076923
    }, {
      "x" : -0.13333334,
      "y" : 11.578939,
      "z" : -6.022803
    }, {
      "x" : 0.26666668,
      "y" : 11.478939,
      "z" : -5.922803
    }, {
      "x" : 0.13333334,
      "y" : 0.6820513,
      "z" : -0.10769231
    }, {
      "x" : -0.26666668,
      "y" : 0.78205127,
      "z" : -0.20769231
    } ],
    "faces" : [ {
      "vertices" : [ 2, 3, 6 ]
    }, {
      "vertices" : [ 2, 6, 7 ]
    }, {
      "vertices" : [ 0, 5, 4 ]
    }, {
      "vertices" : [ 0, 4, 1 ]
    }, {
      "vertices" : [ 2, 4, 5 ]
    }, {
      "vertices" : [ 2, 5, 3 ]
    }, {
      "vertices" : [ 0, 6, 3 ]
    }, {
      "vertices" : [ 0, 3, 5 ]
    }, {
      "vertices" : [ 0, 1, 7 ]
    }, {
      "vertices" : [ 0, 7, 6 ]
    }, {
      "vertices" : [ 1, 4, 2 ]
    }, {
      "vertices" : [ 1, 2, 7 ]
    } ]
  }, {
    "id" : "9d4cff8d-bbb8-477f-ab72-8f6ab26012ec",
    "vertices" : [ {
      "x" : 0.309017,
      "y" : -0.309017,
      "z" : -0.309017
    }, {
      "x" : 0.5,
      "y" : 0.0,
      "z" : -0.19098301
    }, {
      "x" : 0.5,
      "y" : 0.0,
      "z" : 0.19098301
    }, {
      "x" : 0.309017,
      "y" : -0.309017,
      "z" : 0.309017
    }, {
      "x" : 0.19098301,
      "y" : -0.5,
      "z" : 0.0
    }, {
      "x" : 0.0,
      "y" : 0.19098301,
      "z" : 0.5
    }, {
      "x" : 0.0,
      "y" : -0.19098301,
      "z" : 0.5
    }, {
      "x" : 0.309017,
      "y" : 0.309017,
      "z" : 0.309017
    }, {
      "x" : -0.309017,
      "y" : -0.309017,
      "z" : 0.309017
    }, {
      "x" : -0.309017,
      "y" : 0.309017,
      "z" : 0.309017
    }, {
      "x" : -0.5,
      "y" : 0.0,
      "z" : 0.19098301
    }, {
      "x" : 0.0,
      "y" : -0.19098301,
      "z" : -0.5
    }, {
      "x" : 0.0,
      "y" : 0.19098301,
      "z" : -0.5
    }, {
      "x" : 0.309017,
      "y" : 0.309017,
      "z" : -0.309017
    }, {
      "x" : -0.309017,
      "y" : -0.309017,
      "z" : -0.309017
    }, {
      "x" : -0.19098301,
      "y" : -0.5,
      "z" : 0.0
    }, {
      "x" : -0.5,
      "y" : 0.0,
      "z" : -0.19098301
    }, {
      "x" : 0.19098301,
      "y" : 0.5,
      "z" : 0.0
    }, {
      "x" : -0.309017,
      "y" : 0.309017,
      "z" : -0.309017
    }, {
      "x" : 0.0,
      "y" : 0.0,
      "z" : 0.0
    }, {
      "x" : -0.19098301,
      "y" : 0.5,
      "z" : 0.0
    } ],
    "faces" : [ {
      "vertices" : [ 12, 18, 20 ]
    }, {
      "vertices" : [ 12, 20, 17 ]
    }, {
      "vertices" : [ 12, 17, 13 ]
    }, {
      "vertices" : [ 3, 6, 8 ]
    }, {
      "vertices" : [ 3, 8, 15 ]
    }, {
      "vertices" : [ 3, 15, 4 ]
    }, {
      "vertices" : [ 0, 11, 12 ]
    }, {
      "vertices" : [ 0, 12, 13 ]
    }, {
      "vertices" : [ 0, 13, 1 ]
    }, {
      "vertices" : [ 5, 9, 10 ]
    }, {
      "vertices" : [ 5, 10, 8 ]
    }, {
      "vertices" : [ 5, 8, 6 ]
    }, {
      "vertices" : [ 2, 7, 5 ]
    }, {
      "vertices" : [ 2, 5, 6 ]
    }, {
      "vertices" : [ 2, 6, 3 ]
    }, {
      "vertices" : [ 11, 14, 16 ]
    }, {
      "vertices" : [ 11, 16, 18 ]
    }, {
      "vertices" : [ 11, 18, 12 ]
    }, {
      "vertices" : [ 1, 13, 17 ]
    }, {
      "vertices" : [ 1, 17, 7 ]
    }, {
      "vertices" : [ 1, 7, 2 ]
    }, {
      "vertices" : [ 9, 20, 18 ]
    }, {
      "vertices" : [ 9, 18, 16 ]
    }, {
      "vertices" : [ 9, 16, 10 ]
    }, {
      "vertices" : [ 0, 1, 2 ]
    }, {
      "vertices" : [ 0, 2, 3 ]
    }, {
      "vertices" : [ 0, 3, 4 ]
    }, {
      "vertices" : [ 5, 7, 17 ]
    }, {
      "vertices" : [ 5, 17, 20 ]
    }, {
      "vertices" : [ 5, 20, 9 ]
    }, {
      "vertices" : [ 0, 4, 15 ]
    }, {
      "vertices" : [ 0, 15, 14 ]
    }, {
      "vertices" : [ 0, 14, 11 ]
    }, {
      "vertices" : [ 8, 10, 16 ]
    }, {
      "vertices" : [ 8, 16, 14 ]
    }, {
      "vertices" : [ 8, 14, 15 ]
    } ]
  }, {
    "id" : "9b4b684e-742b-493e-ba1e-eabbe9486511",
    "vertices" : [ {
      "x" : -8.024922,
      "y" : -16.049845,
      "z" : 6.854102
    }, {
      "x" : 0.0,
      "y" : -15.326238,
      "z" : 9.472136
    }, {
      "x" : -9.472136,
      "y" : 0.0,
      "z" : 15.326238
    }, {
      "x" : -14.8790245,
      "y" : -4.959675,
      "z" : 11.09017
    } ],
    "faces" : [ {
      "vertices" : [ 0, 1, 2 ]
    }, {
      "vertices" : [ 0, 2, 3 ]
    }, {
      "vertices" : [ 0, 3, 2 ]
    }, {
      "vertices" : [ 0, 2, 1 ]
    } ]
  }, {
    "id" : "8f6f555d-d92f-4399-b114-35996ee83723",
    "vertices" : [ {
      "x" : 1.0,
      "y" : 0.309017,
      "z" : 0.19098301
    }, {
      "x" : 1.0,
      "y" : -0.309017,
      "z" : 0.19098301
    }, {
      "x" : 12.708204,
      "y" : -0.309017,
      "z" : 0.19098301
    }, {
      "x" : 12.708204,
      "y" : 0.309017,
      "z" : 0.19098301
    }, {
      "x" : 12.708204,
      "y" : -0.309017,
      "z" : -0.19098301
    }, {
      "x" : 12.708204,
      "y" : 0.309017,
      "z" : -0.19098301
    }, {
      "x" : 13.326238,
      "y" : 0.0,
      "z" : 0.0
    }, {
      "x" : 0.38196602,
      "y" : 0.0,
      "z" : 0.0
    }, {
      "x" : 1.0,
      "y" : 0.309017,
      "z" : -0.19098301
    }, {
      "x" : 1.0,
      "y" : -0.309017,
      "z" : -0.19098301
    }, {
      "x" : 13.708204,
      "y" : 0.0,
      "z" : 0.0
    } ],
    "faces" : [ {
      "vertices" : [ 1, 9, 4 ]
    }, {
      "vertices" : [ 1, 4, 2 ]
    }, {
      "vertices" : [ 0, 3, 5 ]
    }, {
      "vertices" : [ 0, 5, 8 ]
    }, {
      "vertices" : [ 1, 7, 9 ]
    }, {
      "vertices" : [ 0, 1, 2 ]
    }, {
      "vertices" : [ 0, 2, 3 ]
    }, {
      "vertices" : [ 7, 8, 9 ]
    }, {
      "vertices" : [ 0, 7, 1 ]
    }, {
      "vertices" : [ 4, 9, 8 ]
    }, {
      "vertices" : [ 4, 8, 5 ]
    }, {
      "vertices" : [ 2, 6, 3 ]
    }, {
      "vertices" : [ 2, 4, 6 ]
    }, {
      "vertices" : [ 3, 6, 5 ]
    }, {
      "vertices" : [ 4, 5, 6 ]
    }, {
      "vertices" : [ 0, 8, 7 ]
    } ]
  }, {
    "id" : "de400032-e790-4209-91b4-3fcfaff45428",
    "vertices" : [ {
      "x" : -8.024922,
      "y" : 16.049845,
      "z" : -6.854102
    }, {
      "x" : 4.959675,
      "y" : 14.8790245,
      "z" : -11.09017
    }, {
      "x" : 12.984597,
      "y" : 14.155417,
      "z" : 0.0
    }, {
      "x" : 4.959675,
      "y" : 14.8790245,
      "z" : 11.09017
    }, {
      "x" : -8.024922,
      "y" : 16.049845,
      "z" : 6.854102
    } ],
    "faces" : [ {
      "vertices" : [ 0, 1, 2 ]
    }, {
      "vertices" : [ 0, 2, 3 ]
    }, {
      "vertices" : [ 0, 3, 4 ]
    }, {
      "vertices" : [ 0, 4, 3 ]
    }, {
      "vertices" : [ 0, 3, 2 ]
    }, {
      "vertices" : [ 0, 2, 1 ]
    } ]
  }, {
    "id" : "d711e17f-2490-4b6e-b0da-545650acf5aa",
    "vertices" : [ {
      "x" : 16.049845,
      "y" : 6.854102,
      "z" : -8.024922
    }, {
      "x" : 14.8790245,
      "y" : 11.09017,
      "z" : 4.959675
    }, {
      "x" : 3.0652475,
      "y" : 17.944271,
      "z" : 6.130495
    }, {
      "x" : -3.0652475,
      "y" : 17.944271,
      "z" : -6.130495
    }, {
      "x" : 4.959675,
      "y" : 11.09017,
      "z" : -14.8790245
    } ],
    "faces" : [ {
      "vertices" : [ 0, 1, 2 ]
    }, {
      "vertices" : [ 0, 2, 3 ]
    }, {
      "vertices" : [ 0, 3, 4 ]
    }, {
      "vertices" : [ 0, 4, 3 ]
    }, {
      "vertices" : [ 0, 3, 2 ]
    }, {
      "vertices" : [ 0, 2, 1 ]
    } ]
  }, {
    "id" : "4a59c231-745f-4e96-a7b6-ad9a60fab679",
    "vertices" : [ {
      "x" : -4.959675,
      "y" : -11.09017,
      "z" : 14.8790245
    }, {
      "x" : 1.8944272,
      "y" : 0.0,
      "z" : 19.115093
    }, {
      "x" : -4.959675,
      "y" : 11.09017,
      "z" : 14.8790245
    }, {
      "x" : -16.049845,
      "y" : 6.854102,
      "z" : 8.024922
    }, {
      "x" : -16.049845,
      "y" : -6.854102,
      "z" : 8.024922
    } ],
    "faces" : [ {
      "vertices" : [ 0, 1, 2 ]
    }, {
      "vertices" : [ 0, 2, 3 ]
    }, {
      "vertices" : [ 0, 3, 4 ]
    }, {
      "vertices" : [ 0, 4, 3 ]
    }, {
      "vertices" : [ 0, 3, 2 ]
    }, {
      "vertices" : [ 0, 2, 1 ]
    } ]
  }, {
    "id" : "dbf04eb6-f51e-413f-aefe-648b591ec3a1",
    "vertices" : [ {
      "x" : -1.8944272,
      "y" : 0.0,
      "z" : -19.115093
    }, {
      "x" : 4.959675,
      "y" : 11.09017,
      "z" : -14.8790245
    }, {
      "x" : 16.049845,
      "y" : 6.854102,
      "z" : -8.024922
    }, {
      "x" : 16.049845,
      "y" : -6.854102,
      "z" : -8.024922
    }, {
      "x" : 4.959675,
      "y" : -11.09017,
      "z" : -14.8790245
    } ],
    "faces" : [ {
      "vertices" : [ 0, 1, 2 ]
    }, {
      "vertices" : [ 0, 2, 3 ]
    }, {
      "vertices" : [ 0, 3, 4 ]
    }, {
      "vertices" : [ 0, 4, 3 ]
    }, {
      "vertices" : [ 0, 3, 2 ]
    }, {
      "vertices" : [ 0, 2, 1 ]
    } ]
  }, {
    "id" : "95b09459-9610-4778-9088-ed86dec12533",
    "vertices" : [ {
      "x" : 11.09017,
      "y" : -14.8790245,
      "z" : -4.959675
    }, {
      "x" : 15.326238,
      "y" : -9.472136,
      "z" : 0.0
    }, {
      "x" : 0.0,
      "y" : -15.326238,
      "z" : 9.472136
    }, {
      "x" : 0.0,
      "y" : -19.115093,
      "z" : 1.8944272
    } ],
    "faces" : [ {
      "vertices" : [ 0, 1, 2 ]
    }, {
      "vertices" : [ 0, 2, 3 ]
    }, {
      "vertices" : [ 0, 3, 2 ]
    }, {
      "vertices" : [ 0, 2, 1 ]
    } ]
  }, {
    "id" : "69975fb9-a64b-4c54-a695-5e8a7d70a643",
    "vertices" : [ {
      "x" : 16.049845,
      "y" : -6.854102,
      "z" : 8.024922
    }, {
      "x" : 16.049845,
      "y" : 6.854102,
      "z" : 8.024922
    }, {
      "x" : 4.959675,
      "y" : 11.09017,
      "z" : 14.8790245
    }, {
      "x" : -1.8944272,
      "y" : 0.0,
      "z" : 19.115093
    }, {
      "x" : 4.959675,
      "y" : -11.09017,
      "z" : 14.8790245
    } ],
    "faces" : [ {
      "vertices" : [ 0, 1, 2 ]
    }, {
      "vertices" : [ 0, 2, 3 ]
    }, {
      "vertices" : [ 0, 3, 4 ]
    }, {
      "vertices" : [ 0, 4, 3 ]
    }, {
      "vertices" : [ 0, 3, 2 ]
    }, {
      "vertices" : [ 0, 2, 1 ]
    } ]
  }, {
    "id" : "a287f1ca-a4f4-448e-b774-378c5edb7a58",
    "vertices" : [ {
      "x" : -4.959675,
      "y" : 11.09017,
      "z" : -14.8790245
    }, {
      "x" : 1.8944272,
      "y" : 0.0,
      "z" : -19.115093
    }, {
      "x" : -4.959675,
      "y" : -11.09017,
      "z" : -14.8790245
    }, {
      "x" : -16.049845,
      "y" : -6.854102,
      "z" : -8.024922
    }, {
      "x" : -16.049845,
      "y" : 6.854102,
      "z" : -8.024922
    } ],
    "faces" : [ {
      "vertices" : [ 0, 1, 2 ]
    }, {
      "vertices" : [ 0, 2, 3 ]
    }, {
      "vertices" : [ 0, 3, 4 ]
    }, {
      "vertices" : [ 0, 4, 3 ]
    }, {
      "vertices" : [ 0, 3, 2 ]
    }, {
      "vertices" : [ 0, 2, 1 ]
    } ]
  }, {
    "id" : "7a499ff0-81bc-4ff7-b388-0cdd8a5cf72c",
    "vertices" : [ {
      "x" : -8.024922,
      "y" : 16.049845,
      "z" : 6.854102
    }, {
      "x" : 4.959675,
      "y" : 14.8790245,
      "z" : 11.09017
    }, {
      "x" : 6.130495,
      "y" : 3.0652475,
      "z" : 17.944271
    }, {
      "x" : -6.130495,
      "y" : -3.0652475,
      "z" : 17.944271
    }, {
      "x" : -14.8790245,
      "y" : 4.959675,
      "z" : 11.09017
    } ],
    "faces" : [ {
      "vertices" : [ 0, 1, 2 ]
    }, {
      "vertices" : [ 0, 2, 3 ]
    }, {
      "vertices" : [ 0, 3, 4 ]
    }, {
      "vertices" : [ 0, 4, 3 ]
    }, {
      "vertices" : [ 0, 3, 2 ]
    }, {
      "vertices" : [ 0, 2, 1 ]
    } ]
  }, {
    "id" : "d302c0bd-7474-481e-98ad-cec72b5e2f6c",
    "vertices" : [ {
      "x" : 0.0,
      "y" : -19.115093,
      "z" : -1.8944272
    }, {
      "x" : 0.0,
      "y" : -12.984597,
      "z" : -14.155417
    }, {
      "x" : -11.09017,
      "y" : -4.959675,
      "z" : -14.8790245
    }, {
      "x" : -17.944271,
      "y" : -6.130495,
      "z" : -3.0652475
    }, {
      "x" : -11.09017,
      "y" : -14.8790245,
      "z" : 4.959675
    } ],
    "faces" : [ {
      "vertices" : [ 0, 1, 2 ]
    }, {
      "vertices" : [ 0, 2, 3 ]
    }, {
      "vertices" : [ 0, 3, 4 ]
    }, {
      "vertices" : [ 0, 4, 3 ]
    }, {
      "vertices" : [ 0, 3, 2 ]
    }, {
      "vertices" : [ 0, 2, 1 ]
    } ]
  }, {
    "id" : "547c5656-16ab-4695-b88b-60bca92eb5c6",
    "vertices" : [ {
      "x" : 8.024922,
      "y" : 16.049845,
      "z" : 6.854102
    }, {
      "x" : -4.959675,
      "y" : 14.8790245,
      "z" : 11.09017
    }, {
      "x" : -12.984597,
      "y" : 14.155417,
      "z" : 0.0
    }, {
      "x" : -4.959675,
      "y" : 14.8790245,
      "z" : -11.09017
    }, {
      "x" : 8.024922,
      "y" : 16.049845,
      "z" : -6.854102
    } ],
    "faces" : [ {
      "vertices" : [ 0, 1, 2 ]
    }, {
      "vertices" : [ 0, 2, 3 ]
    }, {
      "vertices" : [ 0, 3, 4 ]
    }, {
      "vertices" : [ 0, 4, 3 ]
    }, {
      "vertices" : [ 0, 3, 2 ]
    }, {
      "vertices" : [ 0, 2, 1 ]
    } ]
  }, {
    "id" : "8b0fbc58-637f-4a60-8f9c-9c5ef8468137",
    "vertices" : [ {
      "x" : -4.959675,
      "y" : -11.09017,
      "z" : -14.8790245
    }, {
      "x" : 3.0652475,
      "y" : -17.944271,
      "z" : -6.130495
    }, {
      "x" : 14.8790245,
      "y" : -11.09017,
      "z" : -4.959675
    }, {
      "x" : 14.155417,
      "y" : 0.0,
      "z" : -12.984597
    }, {
      "x" : 1.8944272,
      "y" : 0.0,
      "z" : -19.115093
    } ],
    "faces" : [ {
      "vertices" : [ 0, 1, 2 ]
    }, {
      "vertices" : [ 0, 2, 3 ]
    }, {
      "vertices" : [ 0, 3, 4 ]
    }, {
      "vertices" : [ 0, 4, 3 ]
    }, {
      "vertices" : [ 0, 3, 2 ]
    }, {
      "vertices" : [ 0, 2, 1 ]
    } ]
  }, {
    "id" : "e4e73306-af89-4ba7-af62-381da022da8a",
    "vertices" : [ {
      "x" : 0.0,
      "y" : -19.115093,
      "z" : -1.8944272
    }, {
      "x" : 11.09017,
      "y" : -14.8790245,
      "z" : 4.959675
    }, {
      "x" : 6.854102,
      "y" : -8.024922,
      "z" : 16.049845
    }, {
      "x" : -6.854102,
      "y" : -8.024922,
      "z" : 16.049845
    }, {
      "x" : -11.09017,
      "y" : -14.8790245,
      "z" : 4.959675
    } ],
    "faces" : [ {
      "vertices" : [ 0, 1, 2 ]
    }, {
      "vertices" : [ 0, 2, 3 ]
    }, {
      "vertices" : [ 0, 3, 4 ]
    }, {
      "vertices" : [ 0, 4, 3 ]
    }, {
      "vertices" : [ 0, 3, 2 ]
    }, {
      "vertices" : [ 0, 2, 1 ]
    } ]
  }, {
    "id" : "5990051c-f85f-4b9a-8ea2-07239941af31",
    "vertices" : [ {
      "x" : -19.115093,
      "y" : -1.8944272,
      "z" : 0.0
    }, {
      "x" : -12.984597,
      "y" : -14.155417,
      "z" : 0.0
    }, {
      "x" : -4.959675,
      "y" : -14.8790245,
      "z" : -11.09017
    }, {
      "x" : -6.130495,
      "y" : -3.0652475,
      "z" : -17.944271
    }, {
      "x" : -14.8790245,
      "y" : 4.959675,
      "z" : -11.09017
    } ],
    "faces" : [ {
      "vertices" : [ 0, 1, 2 ]
    }, {
      "vertices" : [ 0, 2, 3 ]
    }, {
      "vertices" : [ 0, 3, 4 ]
    }, {
      "vertices" : [ 0, 4, 3 ]
    }, {
      "vertices" : [ 0, 3, 2 ]
    }, {
      "vertices" : [ 0, 2, 1 ]
    } ]
  }, {
    "id" : "ea31bcf9-a526-46b5-98f8-be76a6b575f1",
    "vertices" : [ {
      "x" : 6.854102,
      "y" : -8.024922,
      "z" : -16.049845
    }, {
      "x" : 11.09017,
      "y" : 4.959675,
      "z" : -14.8790245
    }, {
      "x" : 0.0,
      "y" : 12.984597,
      "z" : -14.155417
    }, {
      "x" : -11.09017,
      "y" : 4.959675,
      "z" : -14.8790245
    }, {
      "x" : -6.854102,
      "y" : -8.024922,
      "z" : -16.049845
    } ],
    "faces" : [ {
      "vertices" : [ 0, 1, 2 ]
    }, {
      "vertices" : [ 0, 2, 3 ]
    }, {
      "vertices" : [ 0, 3, 4 ]
    }, {
      "vertices" : [ 0, 4, 3 ]
    }, {
      "vertices" : [ 0, 3, 2 ]
    }, {
      "vertices" : [ 0, 2, 1 ]
    } ]
  }, {
    "id" : "1b6266eb-5f57-41f2-b064-4861234b45b3",
    "vertices" : [ {
      "x" : -14.8790245,
      "y" : 4.959675,
      "z" : 11.09017
    }, {
      "x" : -6.130495,
      "y" : -3.0652475,
      "z" : 17.944271
    }, {
      "x" : -4.959675,
      "y" : -14.8790245,
      "z" : 11.09017
    }, {
      "x" : -12.984597,
      "y" : -14.155417,
      "z" : 0.0
    }, {
      "x" : -19.115093,
      "y" : -1.8944272,
      "z" : 0.0
    } ],
    "faces" : [ {
      "vertices" : [ 0, 1, 2 ]
    }, {
      "vertices" : [ 0, 2, 3 ]
    }, {
      "vertices" : [ 0, 3, 4 ]
    }, {
      "vertices" : [ 0, 4, 3 ]
    }, {
      "vertices" : [ 0, 3, 2 ]
    }, {
      "vertices" : [ 0, 2, 1 ]
    } ]
  }, {
    "id" : "2b650afd-1a2f-4a46-b429-90164a669ab3",
    "vertices" : [ {
      "x" : -8.024922,
      "y" : -16.049845,
      "z" : -6.854102
    }, {
      "x" : 0.0,
      "y" : -15.326238,
      "z" : -9.472136
    }, {
      "x" : 0.0,
      "y" : -15.326238,
      "z" : 9.472136
    }, {
      "x" : -8.024922,
      "y" : -16.049845,
      "z" : 6.854102
    } ],
    "faces" : [ {
      "vertices" : [ 0, 1, 2 ]
    }, {
      "vertices" : [ 0, 2, 3 ]
    }, {
      "vertices" : [ 0, 3, 2 ]
    }, {
      "vertices" : [ 0, 2, 1 ]
    } ]
  }, {
    "id" : "a15a6ba7-20b8-435d-a085-f1e1c01f4aee",
    "vertices" : [ {
      "x" : -16.049845,
      "y" : 6.854102,
      "z" : 8.024922
    }, {
      "x" : -15.326238,
      "y" : 9.472136,
      "z" : 0.0
    }, {
      "x" : -15.326238,
      "y" : -9.472136,
      "z" : 0.0
    }, {
      "x" : -16.049845,
      "y" : -6.854102,
      "z" : 8.024922
    } ],
    "faces" : [ {
      "vertices" : [ 0, 1, 2 ]
    }, {
      "vertices" : [ 0, 2, 3 ]
    }, {
      "vertices" : [ 0, 3, 2 ]
    }, {
      "vertices" : [ 0, 2, 1 ]
    } ]
  }, {
    "id" : "7be1e6a7-e48b-418a-947a-c4fbd49cc715",
    "vertices" : [ {
      "x" : -11.09017,
      "y" : 14.8790245,
      "z" : 4.959675
    }, {
      "x" : -17.944271,
      "y" : 6.130495,
      "z" : -3.0652475
    }, {
      "x" : -11.09017,
      "y" : 4.959675,
      "z" : -14.8790245
    }, {
      "x" : 0.0,
      "y" : 12.984597,
      "z" : -14.155417
    }, {
      "x" : 0.0,
      "y" : 19.115093,
      "z" : -1.8944272
    } ],
    "faces" : [ {
      "vertices" : [ 0, 1, 2 ]
    }, {
      "vertices" : [ 0, 2, 3 ]
    }, {
      "vertices" : [ 0, 3, 4 ]
    }, {
      "vertices" : [ 0, 4, 3 ]
    }, {
      "vertices" : [ 0, 3, 2 ]
    }, {
      "vertices" : [ 0, 2, 1 ]
    } ]
  }, {
    "id" : "02fc8c13-4ba1-4d18-9453-bb7d5725340a",
    "vertices" : [ {
      "x" : -6.854102,
      "y" : 8.024922,
      "z" : 16.049845
    }, {
      "x" : -11.09017,
      "y" : -4.959675,
      "z" : 14.8790245
    }, {
      "x" : -17.944271,
      "y" : -6.130495,
      "z" : 3.0652475
    }, {
      "x" : -17.944271,
      "y" : 6.130495,
      "z" : -3.0652475
    }, {
      "x" : -11.09017,
      "y" : 14.8790245,
      "z" : 4.959675
    } ],
    "faces" : [ {
      "vertices" : [ 0, 1, 2 ]
    }, {
      "vertices" : [ 0, 2, 3 ]
    }, {
      "vertices" : [ 0, 3, 4 ]
    }, {
      "vertices" : [ 0, 4, 3 ]
    }, {
      "vertices" : [ 0, 3, 2 ]
    }, {
      "vertices" : [ 0, 2, 1 ]
    } ]
  }, {
    "id" : "7d5e0873-7fd1-4457-883f-fbb012426d29",
    "vertices" : [ {
      "x" : -16.049845,
      "y" : -6.854102,
      "z" : 8.024922
    }, {
      "x" : -14.8790245,
      "y" : -11.09017,
      "z" : -4.959675
    }, {
      "x" : -14.155417,
      "y" : 0.0,
      "z" : -12.984597
    }, {
      "x" : -14.8790245,
      "y" : 11.09017,
      "z" : -4.959675
    }, {
      "x" : -16.049845,
      "y" : 6.854102,
      "z" : 8.024922
    } ],
    "faces" : [ {
      "vertices" : [ 0, 1, 2 ]
    }, {
      "vertices" : [ 0, 2, 3 ]
    }, {
      "vertices" : [ 0, 3, 4 ]
    }, {
      "vertices" : [ 0, 4, 3 ]
    }, {
      "vertices" : [ 0, 3, 2 ]
    }, {
      "vertices" : [ 0, 2, 1 ]
    } ]
  }, {
    "id" : "d3b46247-3d39-4ada-a5e6-231c21bcec07",
    "vertices" : [ {
      "x" : -11.09017,
      "y" : 14.8790245,
      "z" : -4.959675
    }, {
      "x" : -17.944271,
      "y" : 6.130495,
      "z" : 3.0652475
    }, {
      "x" : -17.944271,
      "y" : -6.130495,
      "z" : -3.0652475
    }, {
      "x" : -11.09017,
      "y" : -4.959675,
      "z" : -14.8790245
    }, {
      "x" : -6.854102,
      "y" : 8.024922,
      "z" : -16.049845
    } ],
    "faces" : [ {
      "vertices" : [ 0, 1, 2 ]
    }, {
      "vertices" : [ 0, 2, 3 ]
    }, {
      "vertices" : [ 0, 3, 4 ]
    }, {
      "vertices" : [ 0, 4, 3 ]
    }, {
      "vertices" : [ 0, 3, 2 ]
    }, {
      "vertices" : [ 0, 2, 1 ]
    } ]
  }, {
    "id" : "16480d36-3981-413c-88cb-7ef44483cef1",
    "vertices" : [ {
      "x" : 8.024922,
      "y" : -16.049845,
      "z" : 6.854102
    }, {
      "x" : 0.0,
      "y" : -15.326238,
      "z" : 9.472136
    }, {
      "x" : 0.0,
      "y" : -15.326238,
      "z" : -9.472136
    }, {
      "x" : 8.024922,
      "y" : -16.049845,
      "z" : -6.854102
    } ],
    "faces" : [ {
      "vertices" : [ 0, 1, 2 ]
    }, {
      "vertices" : [ 0, 2, 3 ]
    }, {
      "vertices" : [ 0, 3, 2 ]
    }, {
      "vertices" : [ 0, 2, 1 ]
    } ]
  }, {
    "id" : "2489c4a3-10a3-4bd8-9c09-aad4139eb81d",
    "vertices" : [ {
      "x" : 14.8790245,
      "y" : 4.959675,
      "z" : 11.09017
    }, {
      "x" : 6.130495,
      "y" : -3.0652475,
      "z" : 17.944271
    }, {
      "x" : -6.130495,
      "y" : 3.0652475,
      "z" : 17.944271
    }, {
      "x" : -4.959675,
      "y" : 14.8790245,
      "z" : 11.09017
    }, {
      "x" : 8.024922,
      "y" : 16.049845,
      "z" : 6.854102
    } ],
    "faces" : [ {
      "vertices" : [ 0, 1, 2 ]
    }, {
      "vertices" : [ 0, 2, 3 ]
    }, {
      "vertices" : [ 0, 3, 4 ]
    }, {
      "vertices" : [ 0, 4, 3 ]
    }, {
      "vertices" : [ 0, 3, 2 ]
    }, {
      "vertices" : [ 0, 2, 1 ]
    } ]
  }, {
    "id" : "fb72b0f4-8c87-42b5-93ad-2376073a0ff2",
    "vertices" : [ {
      "x" : 14.8790245,
      "y" : 4.959675,
      "z" : 11.09017
    }, {
      "x" : 9.472136,
      "y" : 0.0,
      "z" : 15.326238
    }, {
      "x" : 15.326238,
      "y" : -9.472136,
      "z" : 0.0
    }, {
      "x" : 19.115093,
      "y" : -1.8944272,
      "z" : 0.0
    } ],
    "faces" : [ {
      "vertices" : [ 0, 1, 2 ]
    }, {
      "vertices" : [ 0, 2, 3 ]
    }, {
      "vertices" : [ 0, 3, 2 ]
    }, {
      "vertices" : [ 0, 2, 1 ]
    } ]
  }, {
    "id" : "5608464d-18c7-49df-9426-2934a73678b3",
    "vertices" : [ {
      "x" : 6.854102,
      "y" : 8.024922,
      "z" : -16.049845
    }, {
      "x" : 11.09017,
      "y" : -4.959675,
      "z" : -14.8790245
    }, {
      "x" : 17.944271,
      "y" : -6.130495,
      "z" : -3.0652475
    }, {
      "x" : 17.944271,
      "y" : 6.130495,
      "z" : 3.0652475
    }, {
      "x" : 11.09017,
      "y" : 14.8790245,
      "z" : -4.959675
    } ],
    "faces" : [ {
      "vertices" : [ 0, 1, 2 ]
    }, {
      "vertices" : [ 0, 2, 3 ]
    }, {
      "vertices" : [ 0, 3, 4 ]
    }, {
      "vertices" : [ 0, 4, 3 ]
    }, {
      "vertices" : [ 0, 3, 2 ]
    }, {
      "vertices" : [ 0, 2, 1 ]
    } ]
  }, {
    "id" : "ffdfaae9-83f2-4300-9173-b9762a681a98",
    "vertices" : [ {
      "x" : 6.854102,
      "y" : 8.024922,
      "z" : 16.049845
    }, {
      "x" : 11.09017,
      "y" : -4.959675,
      "z" : 14.8790245
    }, {
      "x" : 0.0,
      "y" : -12.984597,
      "z" : 14.155417
    }, {
      "x" : -11.09017,
      "y" : -4.959675,
      "z" : 14.8790245
    }, {
      "x" : -6.854102,
      "y" : 8.024922,
      "z" : 16.049845
    } ],
    "faces" : [ {
      "vertices" : [ 0, 1, 2 ]
    }, {
      "vertices" : [ 0, 2, 3 ]
    }, {
      "vertices" : [ 0, 3, 4 ]
    }, {
      "vertices" : [ 0, 4, 3 ]
    }, {
      "vertices" : [ 0, 3, 2 ]
    }, {
      "vertices" : [ 0, 2, 1 ]
    } ]
  }, {
    "id" : "10e8cc6b-e682-419d-b71f-b4dd4025fa8f",
    "vertices" : [ {
      "x" : 0.0,
      "y" : -19.115093,
      "z" : 1.8944272
    }, {
      "x" : 0.0,
      "y" : -12.984597,
      "z" : 14.155417
    }, {
      "x" : 11.09017,
      "y" : -4.959675,
      "z" : 14.8790245
    }, {
      "x" : 17.944271,
      "y" : -6.130495,
      "z" : 3.0652475
    }, {
      "x" : 11.09017,
      "y" : -14.8790245,
      "z" : -4.959675
    } ],
    "faces" : [ {
      "vertices" : [ 0, 1, 2 ]
    }, {
      "vertices" : [ 0, 2, 3 ]
    }, {
      "vertices" : [ 0, 3, 4 ]
    }, {
      "vertices" : [ 0, 4, 3 ]
    }, {
      "vertices" : [ 0, 3, 2 ]
    }, {
      "vertices" : [ 0, 2, 1 ]
    } ]
  }, {
    "id" : "9a6e035c-cd51-4c78-9ed6-d5d616a5aaa7",
    "vertices" : [ {
      "x" : 19.115093,
      "y" : -1.8944272,
      "z" : 0.0
    }, {
      "x" : 15.326238,
      "y" : -9.472136,
      "z" : 0.0
    }, {
      "x" : 9.472136,
      "y" : 0.0,
      "z" : -15.326238
    }, {
      "x" : 14.8790245,
      "y" : 4.959675,
      "z" : -11.09017
    } ],
    "faces" : [ {
      "vertices" : [ 0, 1, 2 ]
    }, {
      "vertices" : [ 0, 2, 3 ]
    }, {
      "vertices" : [ 0, 3, 2 ]
    }, {
      "vertices" : [ 0, 2, 1 ]
    } ]
  }, {
    "id" : "ece55bbc-5b81-4651-812d-6024fbea6133",
    "vertices" : [ {
      "x" : -6.854102,
      "y" : -8.024922,
      "z" : -16.049845
    }, {
      "x" : -11.09017,
      "y" : 4.959675,
      "z" : -14.8790245
    }, {
      "x" : -17.944271,
      "y" : 6.130495,
      "z" : -3.0652475
    }, {
      "x" : -17.944271,
      "y" : -6.130495,
      "z" : 3.0652475
    }, {
      "x" : -11.09017,
      "y" : -14.8790245,
      "z" : -4.959675
    } ],
    "faces" : [ {
      "vertices" : [ 0, 1, 2 ]
    }, {
      "vertices" : [ 0, 2, 3 ]
    }, {
      "vertices" : [ 0, 3, 4 ]
    }, {
      "vertices" : [ 0, 4, 3 ]
    }, {
      "vertices" : [ 0, 3, 2 ]
    }, {
      "vertices" : [ 0, 2, 1 ]
    } ]
  }, {
    "id" : "d228741f-bdee-4f0f-a756-88c9ce9570dd",
    "vertices" : [ {
      "x" : -4.959675,
      "y" : 11.09017,
      "z" : -14.8790245
    }, {
      "x" : 3.0652475,
      "y" : 17.944271,
      "z" : -6.130495
    }, {
      "x" : -3.0652475,
      "y" : 17.944271,
      "z" : 6.130495
    }, {
      "x" : -14.8790245,
      "y" : 11.09017,
      "z" : 4.959675
    }, {
      "x" : -16.049845,
      "y" : 6.854102,
      "z" : -8.024922
    } ],
    "faces" : [ {
      "vertices" : [ 0, 1, 2 ]
    }, {
      "vertices" : [ 0, 2, 3 ]
    }, {
      "vertices" : [ 0, 3, 4 ]
    }, {
      "vertices" : [ 0, 4, 3 ]
    }, {
      "vertices" : [ 0, 3, 2 ]
    }, {
      "vertices" : [ 0, 2, 1 ]
    } ]
  }, {
    "id" : "4417086e-66bf-435d-960e-c0f45791ce1e",
    "vertices" : [ {
      "x" : 14.8790245,
      "y" : -4.959675,
      "z" : -11.09017
    }, {
      "x" : 19.115093,
      "y" : 1.8944272,
      "z" : 0.0
    }, {
      "x" : 14.8790245,
      "y" : -4.959675,
      "z" : 11.09017
    }, {
      "x" : 8.024922,
      "y" : -16.049845,
      "z" : 6.854102
    }, {
      "x" : 8.024922,
      "y" : -16.049845,
      "z" : -6.854102
    } ],
    "faces" : [ {
      "vertices" : [ 0, 1, 2 ]
    }, {
      "vertices" : [ 0, 2, 3 ]
    }, {
      "vertices" : [ 0, 3, 4 ]
    }, {
      "vertices" : [ 0, 4, 3 ]
    }, {
      "vertices" : [ 0, 3, 2 ]
    }, {
      "vertices" : [ 0, 2, 1 ]
    } ]
  }, {
    "id" : "a605146d-6dab-4c90-bb7a-a0bc3e06834f",
    "vertices" : [ {
      "x" : 8.024922,
      "y" : 16.049845,
      "z" : -6.854102
    }, {
      "x" : 8.024922,
      "y" : 16.049845,
      "z" : 6.854102
    }, {
      "x" : 14.8790245,
      "y" : 4.959675,
      "z" : 11.09017
    }, {
      "x" : 19.115093,
      "y" : -1.8944272,
      "z" : 0.0
    }, {
      "x" : 14.8790245,
      "y" : 4.959675,
      "z" : -11.09017
    } ],
    "faces" : [ {
      "vertices" : [ 0, 1, 2 ]
    }, {
      "vertices" : [ 0, 2, 3 ]
    }, {
      "vertices" : [ 0, 3, 4 ]
    }, {
      "vertices" : [ 0, 4, 3 ]
    }, {
      "vertices" : [ 0, 3, 2 ]
    }, {
      "vertices" : [ 0, 2, 1 ]
    } ]
  }, {
    "id" : "bb2372de-3ae0-4a54-9cf3-307a20733705",
    "vertices" : [ {
      "x" : 19.115093,
      "y" : -1.8944272,
      "z" : 0.0
    }, {
      "x" : 12.984597,
      "y" : -14.155417,
      "z" : 0.0
    }, {
      "x" : 4.959675,
      "y" : -14.8790245,
      "z" : 11.09017
    }, {
      "x" : 6.130495,
      "y" : -3.0652475,
      "z" : 17.944271
    }, {
      "x" : 14.8790245,
      "y" : 4.959675,
      "z" : 11.09017
    } ],
    "faces" : [ {
      "vertices" : [ 0, 1, 2 ]
    }, {
      "vertices" : [ 0, 2, 3 ]
    }, {
      "vertices" : [ 0, 3, 4 ]
    }, {
      "vertices" : [ 0, 4, 3 ]
    }, {
      "vertices" : [ 0, 3, 2 ]
    }, {
      "vertices" : [ 0, 2, 1 ]
    } ]
  }, {
    "id" : "1216ca16-6c76-494e-abde-62099b05b76f",
    "vertices" : [ {
      "x" : -19.115093,
      "y" : -1.8944272,
      "z" : 0.0
    }, {
      "x" : -14.8790245,
      "y" : 4.959675,
      "z" : 11.09017
    }, {
      "x" : -8.024922,
      "y" : 16.049845,
      "z" : 6.854102
    }, {
      "x" : -8.024922,
      "y" : 16.049845,
      "z" : -6.854102
    }, {
      "x" : -14.8790245,
      "y" : 4.959675,
      "z" : -11.09017
    } ],
    "faces" : [ {
      "vertices" : [ 0, 1, 2 ]
    }, {
      "vertices" : [ 0, 2, 3 ]
    }, {
      "vertices" : [ 0, 3, 4 ]
    }, {
      "vertices" : [ 0, 4, 3 ]
    }, {
      "vertices" : [ 0, 3, 2 ]
    }, {
      "vertices" : [ 0, 2, 1 ]
    } ]
  }, {
    "id" : "e53340b8-422e-4f76-89b5-2894bf1018fc",
    "vertices" : [ {
      "x" : 14.8790245,
      "y" : 4.959675,
      "z" : -11.09017
    }, {
      "x" : 6.130495,
      "y" : -3.0652475,
      "z" : -17.944271
    }, {
      "x" : 4.959675,
      "y" : -14.8790245,
      "z" : -11.09017
    }, {
      "x" : 12.984597,
      "y" : -14.155417,
      "z" : 0.0
    }, {
      "x" : 19.115093,
      "y" : -1.8944272,
      "z" : 0.0
    } ],
    "faces" : [ {
      "vertices" : [ 0, 1, 2 ]
    }, {
