{
  "polygons" : "true",
  "field" : "golden",
  "symmetry" : "icosahedral",
  "orientations" : [ [ 1.0, 0.0, 0.0, 0.0, 0.0, 1.0, 0.0, 0.0, 0.0, 0.0, 1.0, 0.0, 0.0, 0.0, 0.0, 1.0 ], [ 0.0, 0.0, 1.0, 0.0, 1.0, 0.0, 0.0, 0.0, 0.0, 1.0, 0.0, 0.0, 0.0, 0.0, 0.0, 1.0 ], [ 0.0, 1.0, 0.0, 0.0, 0.0, 0.0, 1.0, 0.0, 1.0, 0.0, 0.0, 0.0, 0.0, 0.0, 0.0, 1.0 ], [ 0.809017, 0.309017, 0.5, 0.0, 0.309017, 0.5, -0.809017, 0.0, -0.5, 0.809017, 0.309017, 0.0, 0.0, 0.0, 0.0, 1.0 ], [ -0.5, 0.809017, 0.309017, 0.0, 0.809017, 0.309017, 0.5, 0.0, 0.309017, 0.5, -0.809017, 0.0, 0.0, 0.0, 0.0, 1.0 ], [ 0.309017, 0.5, -0.809017, 0.0, -0.5, 0.809017, 0.309017, 0.0, 0.809017, 0.309017, 0.5, 0.0, 0.0, 0.0, 0.0, 1.0 ], [ 0.5, 0.809017, 0.309017, 0.0, 0.809017, -0.309017, -0.5, 0.0, -0.309017, 0.5, -0.809017, 0.0, 0.0, 0.0, 0.0, 1.0 ], [ -0.309017, 0.5, -0.809017, 0.0, 0.5, 0.809017, 0.309017, 0.0, 0.809017, -0.309017, -0.5, 0.0, 0.0, 0.0, 0.0, 1.0 ], [ 0.809017, -0.309017, -0.5, 0.0, -0.309017, 0.5, -0.809017, 0.0, 0.5, 0.809017, 0.309017, 0.0, 0.0, 0.0, 0.0, 1.0 ], [ 0.5, 0.809017, -0.309017, 0.0, 0.809017, -0.309017, 0.5, 0.0, 0.309017, -0.5, -0.809017, 0.0, 0.0, 0.0, 0.0, 1.0 ], [ 0.309017, -0.5, -0.809017, 0.0, 0.5, 0.809017, -0.309017, 0.0, 0.809017, -0.309017, 0.5, 0.0, 0.0, 0.0, 0.0, 1.0 ], [ 0.809017, -0.309017, 0.5, 0.0, 0.309017, -0.5, -0.809017, 0.0, 0.5, 0.809017, -0.309017, 0.0, 0.0, 0.0, 0.0, 1.0 ], [ 0.809017, 0.309017, -0.5, 0.0, 0.309017, 0.5, 0.809017, 0.0, 0.5, -0.809017, 0.309017, 0.0, 0.0, 0.0, 0.0, 1.0 ], [ 0.5, -0.809017, 0.309017, 0.0, 0.809017, 0.309017, -0.5, 0.0, 0.309017, 0.5, 0.809017, 0.0, 0.0, 0.0, 0.0, 1.0 ], [ 0.309017, 0.5, 0.809017, 0.0, 0.5, -0.809017, 0.309017, 0.0, 0.809017, 0.309017, -0.5, 0.0, 0.0, 0.0, 0.0, 1.0 ], [ 1.0, 0.0, 0.0, 0.0, 0.0, -1.0, 0.0, 0.0, 0.0, 0.0, -1.0, 0.0, 0.0, 0.0, 0.0, 1.0 ], [ 0.0, 0.0, 1.0, 0.0, -1.0, 0.0, 0.0, 0.0, 0.0, -1.0, 0.0, 0.0, 0.0, 0.0, 0.0, 1.0 ], [ 0.0, 1.0, 0.0, 0.0, 0.0, 0.0, -1.0, 0.0, -1.0, 0.0, 0.0, 0.0, 0.0, 0.0, 0.0, 1.0 ], [ 0.809017, 0.309017, 0.5, 0.0, -0.309017, -0.5, 0.809017, 0.0, 0.5, -0.809017, -0.309017, 0.0, 0.0, 0.0, 0.0, 1.0 ], [ -0.5, 0.809017, 0.309017, 0.0, -0.809017, -0.309017, -0.5, 0.0, -0.309017, -0.5, 0.809017, 0.0, 0.0, 0.0, 0.0, 1.0 ], [ 0.309017, 0.5, -0.809017, 0.0, 0.5, -0.809017, -0.309017, 0.0, -0.809017, -0.309017, -0.5, 0.0, 0.0, 0.0, 0.0, 1.0 ], [ 0.5, 0.809017, 0.309017, 0.0, -0.809017, 0.309017, 0.5, 0.0, 0.309017, -0.5, 0.809017, 0.0, 0.0, 0.0, 0.0, 1.0 ], [ -0.309017, 0.5, -0.809017, 0.0, -0.5, -0.809017, -0.309017, 0.0, -0.809017, 0.309017, 0.5, 0.0, 0.0, 0.0, 0.0, 1.0 ], [ 0.809017, -0.309017, -0.5, 0.0, 0.309017, -0.5, 0.809017, 0.0, -0.5, -0.809017, -0.309017, 0.0, 0.0, 0.0, 0.0, 1.0 ], [ 0.5, 0.809017, -0.309017, 0.0, -0.809017, 0.309017, -0.5, 0.0, -0.309017, 0.5, 0.809017, 0.0, 0.0, 0.0, 0.0, 1.0 ], [ 0.309017, -0.5, -0.809017, 0.0, -0.5, -0.809017, 0.309017, 0.0, -0.809017, 0.309017, -0.5, 0.0, 0.0, 0.0, 0.0, 1.0 ], [ 0.809017, -0.309017, 0.5, 0.0, -0.309017, 0.5, 0.809017, 0.0, -0.5, -0.809017, 0.309017, 0.0, 0.0, 0.0, 0.0, 1.0 ], [ 0.809017, 0.309017, -0.5, 0.0, -0.309017, -0.5, -0.809017, 0.0, -0.5, 0.809017, -0.309017, 0.0, 0.0, 0.0, 0.0, 1.0 ], [ 0.5, -0.809017, 0.309017, 0.0, -0.809017, -0.309017, 0.5, 0.0, -0.309017, -0.5, -0.809017, 0.0, 0.0, 0.0, 0.0, 1.0 ], [ 0.309017, 0.5, 0.809017, 0.0, -0.5, 0.809017, -0.309017, 0.0, -0.809017, -0.309017, 0.5, 0.0, 0.0, 0.0, 0.0, 1.0 ], [ -1.0, 0.0, 0.0, 0.0, 0.0, -1.0, 0.0, 0.0, 0.0, 0.0, 1.0, 0.0, 0.0, 0.0, 0.0, 1.0 ], [ 0.0, 0.0, -1.0, 0.0, -1.0, 0.0, 0.0, 0.0, 0.0, 1.0, 0.0, 0.0, 0.0, 0.0, 0.0, 1.0 ], [ 0.0, -1.0, 0.0, 0.0, 0.0, 0.0, -1.0, 0.0, 1.0, 0.0, 0.0, 0.0, 0.0, 0.0, 0.0, 1.0 ], [ -0.809017, -0.309017, -0.5, 0.0, -0.309017, -0.5, 0.809017, 0.0, -0.5, 0.809017, 0.309017, 0.0, 0.0, 0.0, 0.0, 1.0 ], [ 0.5, -0.809017, -0.309017, 0.0, -0.809017, -0.309017, -0.5, 0.0, 0.309017, 0.5, -0.809017, 0.0, 0.0, 0.0, 0.0, 1.0 ], [ -0.309017, -0.5, 0.809017, 0.0, 0.5, -0.809017, -0.309017, 0.0, 0.809017, 0.309017, 0.5, 0.0, 0.0, 0.0, 0.0, 1.0 ], [ -0.5, -0.809017, -0.309017, 0.0, -0.809017, 0.309017, 0.5, 0.0, -0.309017, 0.5, -0.809017, 0.0, 0.0, 0.0, 0.0, 1.0 ], [ 0.309017, -0.5, 0.809017, 0.0, -0.5, -0.809017, -0.309017, 0.0, 0.809017, -0.309017, -0.5, 0.0, 0.0, 0.0, 0.0, 1.0 ], [ -0.809017, 0.309017, 0.5, 0.0, 0.309017, -0.5, 0.809017, 0.0, 0.5, 0.809017, 0.309017, 0.0, 0.0, 0.0, 0.0, 1.0 ], [ -0.5, -0.809017, 0.309017, 0.0, -0.809017, 0.309017, -0.5, 0.0, 0.309017, -0.5, -0.809017, 0.0, 0.0, 0.0, 0.0, 1.0 ], [ -0.309017, 0.5, 0.809017, 0.0, -0.5, -0.809017, 0.309017, 0.0, 0.809017, -0.309017, 0.5, 0.0, 0.0, 0.0, 0.0, 1.0 ], [ -0.809017, 0.309017, -0.5, 0.0, -0.309017, 0.5, 0.809017, 0.0, 0.5, 0.809017, -0.309017, 0.0, 0.0, 0.0, 0.0, 1.0 ], [ -0.809017, -0.309017, 0.5, 0.0, -0.309017, -0.5, -0.809017, 0.0, 0.5, -0.809017, 0.309017, 0.0, 0.0, 0.0, 0.0, 1.0 ], [ -0.5, 0.809017, -0.309017, 0.0, -0.809017, -0.309017, 0.5, 0.0, 0.309017, 0.5, 0.809017, 0.0, 0.0, 0.0, 0.0, 1.0 ], [ -0.309017, -0.5, -0.809017, 0.0, -0.5, 0.809017, -0.309017, 0.0, 0.809017, 0.309017, -0.5, 0.0, 0.0, 0.0, 0.0, 1.0 ], [ -1.0, 0.0, 0.0, 0.0, 0.0, 1.0, 0.0, 0.0, 0.0, 0.0, -1.0, 0.0, 0.0, 0.0, 0.0, 1.0 ], [ 0.0, 0.0, -1.0, 0.0, 1.0, 0.0, 0.0, 0.0, 0.0, -1.0, 0.0, 0.0, 0.0, 0.0, 0.0, 1.0 ], [ 0.0, -1.0, 0.0, 0.0, 0.0, 0.0, 1.0, 0.0, -1.0, 0.0, 0.0, 0.0, 0.0, 0.0, 0.0, 1.0 ], [ -0.809017, -0.309017, -0.5, 0.0, 0.309017, 0.5, -0.809017, 0.0, 0.5, -0.809017, -0.309017, 0.0, 0.0, 0.0, 0.0, 1.0 ], [ 0.5, -0.809017, -0.309017, 0.0, 0.809017, 0.309017, 0.5, 0.0, -0.309017, -0.5, 0.809017, 0.0, 0.0, 0.0, 0.0, 1.0 ], [ -0.309017, -0.5, 0.809017, 0.0, -0.5, 0.809017, 0.309017, 0.0, -0.809017, -0.309017, -0.5, 0.0, 0.0, 0.0, 0.0, 1.0 ], [ -0.5, -0.809017, -0.309017, 0.0, 0.809017, -0.309017, -0.5, 0.0, 0.309017, -0.5, 0.809017, 0.0, 0.0, 0.0, 0.0, 1.0 ], [ 0.309017, -0.5, 0.809017, 0.0, 0.5, 0.809017, 0.309017, 0.0, -0.809017, 0.309017, 0.5, 0.0, 0.0, 0.0, 0.0, 1.0 ], [ -0.809017, 0.309017, 0.5, 0.0, -0.309017, 0.5, -0.809017, 0.0, -0.5, -0.809017, -0.309017, 0.0, 0.0, 0.0, 0.0, 1.0 ], [ -0.5, -0.809017, 0.309017, 0.0, 0.809017, -0.309017, 0.5, 0.0, -0.309017, 0.5, 0.809017, 0.0, 0.0, 0.0, 0.0, 1.0 ], [ -0.309017, 0.5, 0.809017, 0.0, 0.5, 0.809017, -0.309017, 0.0, -0.809017, 0.309017, -0.5, 0.0, 0.0, 0.0, 0.0, 1.0 ], [ -0.809017, 0.309017, -0.5, 0.0, 0.309017, -0.5, -0.809017, 0.0, -0.5, -0.809017, 0.309017, 0.0, 0.0, 0.0, 0.0, 1.0 ], [ -0.809017, -0.309017, 0.5, 0.0, 0.309017, 0.5, 0.809017, 0.0, -0.5, 0.809017, -0.309017, 0.0, 0.0, 0.0, 0.0, 1.0 ], [ -0.5, 0.809017, -0.309017, 0.0, 0.809017, 0.309017, -0.5, 0.0, -0.309017, -0.5, -0.809017, 0.0, 0.0, 0.0, 0.0, 1.0 ], [ -0.309017, -0.5, -0.809017, 0.0, 0.5, -0.809017, 0.309017, 0.0, -0.809017, -0.309017, 0.5, 0.0, 0.0, 0.0, 0.0, 1.0 ] ],
  "lights" : {
    "directionalLights" : [ {
      "direction" : [ 1.0, -1.0, -1.0 ],
      "color" : "#EBEBE4"
    }, {
      "direction" : [ -1.0, 0.0, 0.0 ],
      "color" : "#E4E4EB"
    }, {
      "direction" : [ 0.0, 0.0, -1.0 ],
      "color" : "#1E1E1E"
    } ],
    "ambientColor" : "#292929",
    "backgroundColor" : "#AFC8DC"
  },
  "camera" : {
    "position" : {
      "x" : 108.60101,
      "y" : -6.9791827,
      "z" : 61.641388
    },
    "perspective" : true,
    "fieldOfView" : 0.44262883,
    "viewDistance" : 125.07073,
    "lookAtPointRV" : {
      "x" : 0.0,
      "y" : 0.0,
      "z" : 0.0,
      "zero" : true
    },
    "lookDirectionRV" : {
      "x" : -0.86831677,
      "y" : 0.055801887,
      "z" : -0.4928522,
      "zero" : false
    },
    "upDirectionRV" : {
      "x" : 0.04866066,
      "y" : 0.99842554,
      "z" : 0.027315164,
      "zero" : false
    },
    "lookAtPoint" : {
      "x" : 0.0,
      "y" : 0.0,
      "z" : 0.0
    },
    "lookDirection" : {
      "x" : -0.86831677,
      "y" : 0.055801887,
      "z" : -0.4928522
    },
    "upDirection" : {
      "x" : 0.04866066,
      "y" : 0.99842554,
      "z" : 0.027315164
    },
    "nearClipDistance" : 0.3126769,
    "farClipDistance" : 250.14153,
    "width" : 56.281826,
    "stereo" : false
  },
  "embedding" : [ 1.0, 0.0, 0.0, 0.0, 0.0, 1.0, 0.0, 0.0, 0.0, 0.0, 1.0, 0.0, 0.0, 0.0, 0.0, 1.0 ],
  "shapes" : [ {
    "id" : "750f1337-e222-4954-b43f-6a0521e632ed",
    "name" : "ball",
    "vertices" : [ {
      "x" : -0.309017,
      "y" : -0.19098301,
      "z" : 0.0
    }, {
      "x" : -0.309017,
      "y" : 0.19098301,
      "z" : 0.0
    }, {
      "x" : -0.19098301,
      "y" : 0.0,
      "z" : -0.309017
    }, {
      "x" : -0.19098301,
      "y" : 0.0,
      "z" : 0.309017
    }, {
      "x" : 0.0,
      "y" : -0.309017,
      "z" : -0.19098301
    }, {
      "x" : 0.0,
      "y" : -0.309017,
      "z" : 0.19098301
    }, {
      "x" : 0.0,
      "y" : 0.309017,
      "z" : -0.19098301
    }, {
      "x" : 0.0,
      "y" : 0.309017,
      "z" : 0.19098301
    }, {
      "x" : 0.19098301,
      "y" : 0.0,
      "z" : -0.309017
    }, {
      "x" : 0.19098301,
      "y" : 0.0,
      "z" : 0.309017
    }, {
      "x" : 0.309017,
      "y" : -0.19098301,
      "z" : 0.0
    }, {
      "x" : 0.309017,
      "y" : 0.19098301,
      "z" : 0.0
    } ],
    "faces" : [ {
      "vertices" : [ 0, 1, 2 ]
    }, {
      "vertices" : [ 0, 3, 1 ]
    }, {
      "vertices" : [ 0, 2, 4 ]
    }, {
      "vertices" : [ 0, 5, 3 ]
    }, {
      "vertices" : [ 0, 4, 5 ]
    }, {
      "vertices" : [ 1, 6, 2 ]
    }, {
      "vertices" : [ 1, 3, 7 ]
    }, {
      "vertices" : [ 1, 7, 6 ]
    }, {
      "vertices" : [ 2, 8, 4 ]
    }, {
      "vertices" : [ 2, 6, 8 ]
    }, {
      "vertices" : [ 3, 5, 9 ]
    }, {
      "vertices" : [ 3, 9, 7 ]
    }, {
      "vertices" : [ 4, 10, 5 ]
    }, {
      "vertices" : [ 4, 8, 10 ]
    }, {
      "vertices" : [ 5, 10, 9 ]
    }, {
      "vertices" : [ 6, 7, 11 ]
    }, {
      "vertices" : [ 6, 11, 8 ]
    }, {
      "vertices" : [ 7, 9, 11 ]
    }, {
      "vertices" : [ 8, 11, 10 ]
    }, {
      "vertices" : [ 9, 10, 11 ]
    } ]
  }, {
    "id" : "3de2f2c6-44c4-4772-b0cc-cba90c004ef4",
    "orbit" : "blue",
    "orbitC" : "[[0,0,1],[0,0,1]]",
    "length" : "[0,1,2]",
    "name" : " :1/2*phi",
    "vertices" : [ {
      "x" : 1.0,
      "y" : 0.309017,
      "z" : 0.19098301
    }, {
      "x" : 1.0,
      "y" : -0.309017,
      "z" : 0.19098301
    }, {
      "x" : 5.854102,
      "y" : -0.309017,
      "z" : 0.19098301
    }, {
      "x" : 5.854102,
      "y" : 0.309017,
      "z" : 0.19098301
    }, {
      "x" : 5.854102,
      "y" : -0.309017,
      "z" : -0.19098301
    }, {
      "x" : 5.854102,
      "y" : 0.309017,
      "z" : -0.19098301
    }, {
      "x" : 6.472136,
      "y" : 0.0,
      "z" : 0.0
    }, {
      "x" : 0.38196602,
      "y" : 0.0,
      "z" : 0.0
    }, {
      "x" : 1.0,
      "y" : 0.309017,
      "z" : -0.19098301
    }, {
      "x" : 1.0,
      "y" : -0.309017,
      "z" : -0.19098301
    }, {
      "x" : 6.854102,
      "y" : 0.0,
      "z" : 0.0
    } ],
    "faces" : [ {
      "vertices" : [ 1, 9, 4, 2 ]
    }, {
      "vertices" : [ 0, 3, 5, 8 ]
    }, {
      "vertices" : [ 1, 7, 9 ]
    }, {
      "vertices" : [ 0, 1, 2, 3 ]
    }, {
      "vertices" : [ 7, 8, 9 ]
    }, {
      "vertices" : [ 0, 7, 1 ]
    }, {
      "vertices" : [ 4, 9, 8, 5 ]
    }, {
      "vertices" : [ 2, 6, 3 ]
    }, {
      "vertices" : [ 2, 4, 6 ]
    }, {
      "vertices" : [ 3, 6, 5 ]
    }, {
      "vertices" : [ 4, 5, 6 ]
    }, {
      "vertices" : [ 0, 8, 7 ]
    } ]
  }, {
    "id" : "56cb264d-7449-4536-b99b-593cdeaff102",
    "orbit" : "green",
    "orbitC" : "[[2,-1,1],[5,-3,1]]",
    "length" : "[5,1,8]",
    "name" : " :5/8 +1/8*phi",
    "vertices" : [ {
      "x" : 8.865374,
      "y" : 3.3862712,
      "z" : -1.2934405
    }, {
      "x" : 8.483407,
      "y" : 2.9313562,
      "z" : -1.1024575
    }, {
      "x" : 8.320289,
      "y" : 3.1952882,
      "z" : -1.5295085
    }, {
      "x" : 8.247339,
      "y" : 3.4592202,
      "z" : -1.3385255
    }, {
      "x" : 0.85410196,
      "y" : 0.309017,
      "z" : 0.19098301
    }, {
      "x" : 0.690983,
      "y" : 0.572949,
      "z" : -0.23606798
    }, {
      "x" : 0.309017,
      "y" : 0.11803399,
      "z" : -0.045084972
    }, {
      "x" : 0.76393205,
      "y" : 0.309017,
      "z" : -0.42705098
    }, {
      "x" : 0.927051,
      "y" : 0.045084972,
      "z" : 0.0
    }, {
      "x" : 8.410459,
      "y" : 3.1952882,
      "z" : -0.9114745
    }, {
      "x" : 9.17439,
      "y" : 3.5043051,
      "z" : -1.3385255
    } ],
    "faces" : [ {
      "vertices" : [ 2, 7, 5, 3 ]
    }, {
      "vertices" : [ 1, 8, 7, 2 ]
    }, {
      "vertices" : [ 4, 6, 8 ]
    }, {
      "vertices" : [ 5, 7, 6 ]
    }, {
      "vertices" : [ 0, 1, 2 ]
    }, {
      "vertices" : [ 0, 2, 3 ]
    }, {
      "vertices" : [ 6, 7, 8 ]
    }, {
      "vertices" : [ 3, 5, 4, 9 ]
    }, {
      "vertices" : [ 1, 9, 4, 8 ]
    }, {
      "vertices" : [ 0, 9, 1 ]
    }, {
      "vertices" : [ 0, 3, 9 ]
    }, {
      "vertices" : [ 4, 5, 6 ]
    } ]
  }, {
    "id" : "07413f48-c44e-43d9-ba76-26af03beb687",
    "orbit" : "blue",
    "orbitC" : "[[0,0,1],[0,0,1]]",
    "length" : "[-1,3,4]",
    "name" : " :-1/4 +3/4*phi",
    "vertices" : [ {
      "x" : 1.0,
      "y" : 0.309017,
      "z" : 0.19098301
    }, {
      "x" : 1.0,
      "y" : -0.309017,
      "z" : 0.19098301
    }, {
      "x" : 7.163119,
      "y" : -0.309017,
      "z" : 0.19098301
    }, {
      "x" : 7.163119,
      "y" : 0.309017,
      "z" : 0.19098301
    }, {
      "x" : 7.163119,
      "y" : -0.309017,
      "z" : -0.19098301
    }, {
      "x" : 7.163119,
      "y" : 0.309017,
      "z" : -0.19098301
    }, {
      "x" : 7.7811527,
      "y" : 0.0,
      "z" : 0.0
    }, {
      "x" : 0.38196602,
      "y" : 0.0,
      "z" : 0.0
    }, {
      "x" : 1.0,
      "y" : 0.309017,
      "z" : -0.19098301
    }, {
      "x" : 1.0,
      "y" : -0.309017,
      "z" : -0.19098301
    }, {
      "x" : 8.163119,
      "y" : 0.0,
      "z" : 0.0
    } ],
    "faces" : [ {
      "vertices" : [ 1, 9, 4, 2 ]
    }, {
      "vertices" : [ 0, 3, 5, 8 ]
    }, {
      "vertices" : [ 1, 7, 9 ]
    }, {
      "vertices" : [ 0, 1, 2, 3 ]
    }, {
      "vertices" : [ 7, 8, 9 ]
    }, {
      "vertices" : [ 0, 7, 1 ]
    }, {
      "vertices" : [ 4, 9, 8, 5 ]
    }, {
      "vertices" : [ 2, 6, 3 ]
    }, {
      "vertices" : [ 2, 4, 6 ]
    }, {
      "vertices" : [ 3, 6, 5 ]
    }, {
      "vertices" : [ 4, 5, 6 ]
    }, {
      "vertices" : [ 0, 8, 7 ]
    } ]
  }, {
    "id" : "908538eb-5c57-45fb-8129-3b481d639f36",
    "orbit" : "blue",
    "orbitC" : "[[0,0,1],[0,0,1]]",
    "length" : "[1,0,2]",
    "name" : " :1/2",
    "vertices" : [ {
      "x" : 1.0,
      "y" : 0.309017,
      "z" : 0.19098301
    }, {
      "x" : 1.0,
      "y" : -0.309017,
      "z" : 0.19098301
    }, {
      "x" : 3.236068,
      "y" : -0.309017,
      "z" : 0.19098301
    }, {
      "x" : 3.236068,
      "y" : 0.309017,
      "z" : 0.19098301
    }, {
      "x" : 3.236068,
      "y" : -0.309017,
      "z" : -0.19098301
    }, {
      "x" : 3.236068,
      "y" : 0.309017,
      "z" : -0.19098301
    }, {
      "x" : 3.854102,
      "y" : 0.0,
      "z" : 0.0
    }, {
      "x" : 0.38196602,
      "y" : 0.0,
      "z" : 0.0
    }, {
      "x" : 1.0,
      "y" : 0.309017,
      "z" : -0.19098301
    }, {
      "x" : 1.0,
      "y" : -0.309017,
      "z" : -0.19098301
    }, {
      "x" : 4.236068,
      "y" : 0.0,
      "z" : 0.0
    } ],
    "faces" : [ {
      "vertices" : [ 1, 9, 4, 2 ]
    }, {
      "vertices" : [ 0, 3, 5, 8 ]
    }, {
      "vertices" : [ 1, 7, 9 ]
    }, {
      "vertices" : [ 0, 1, 2, 3 ]
    }, {
      "vertices" : [ 7, 8, 9 ]
    }, {
      "vertices" : [ 0, 7, 1 ]
    }, {
      "vertices" : [ 4, 9, 8, 5 ]
    }, {
      "vertices" : [ 2, 6, 3 ]
    }, {
      "vertices" : [ 2, 4, 6 ]
    }, {
      "vertices" : [ 3, 6, 5 ]
    }, {
      "vertices" : [ 4, 5, 6 ]
    }, {
      "vertices" : [ 0, 8, 7 ]
    } ]
  }, {
    "id" : "8e9b0a73-f2f9-445f-81ce-3f701028fb83",
    "vertices" : [ {
      "x" : 0.0,
      "y" : 0.0,
      "z" : 0.0
    }, {
      "x" : -2.1657798,
      "y" : 7.8358645,
      "z" : 5.670085
    }, {
      "x" : 0.35676274,
      "y" : 3.7543051,
      "z" : 12.274187
    }, {
      "x" : 2.5225425,
      "y" : -4.0815597,
      "z" : 6.604102
    } ],
    "faces" : [ {
      "vertices" : [ 0, 1, 2, 3 ]
    }, {
      "vertices" : [ 0, 3, 2, 1 ]
    } ]
  }, {
    "id" : "740fc6d1-bc5e-4343-8f4b-6e0d37b7523a",
    "orbit" : "green",
    "orbitC" : "[[2,-1,1],[5,-3,1]]",
    "length" : "[-1,3,4]",
    "name" : " :-1/4 +3/4*phi",
    "vertices" : [ {
      "x" : 10.376644,
      "y" : 3.9635255,
      "z" : -1.513932
    }, {
      "x" : 9.9946785,
      "y" : 3.5086105,
      "z" : -1.322949
    }, {
      "x" : 9.831559,
      "y" : 3.7725425,
      "z" : -1.75
    }, {
      "x" : 9.758611,
      "y" : 4.0364747,
      "z" : -1.559017
    }, {
      "x" : 0.85410196,
      "y" : 0.309017,
      "z" : 0.19098301
    }, {
      "x" : 0.690983,
      "y" : 0.572949,
      "z" : -0.23606798
    }, {
      "x" : 0.309017,
      "y" : 0.11803399,
      "z" : -0.045084972
    }, {
      "x" : 0.76393205,
      "y" : 0.309017,
      "z" : -0.42705098
    }, {
      "x" : 0.927051,
      "y" : 0.045084972,
      "z" : 0.0
    }, {
      "x" : 9.921729,
      "y" : 3.7725425,
      "z" : -1.131966
    }, {
      "x" : 10.685661,
      "y" : 4.0815597,
      "z" : -1.559017
    } ],
    "faces" : [ {
      "vertices" : [ 2, 7, 5, 3 ]
    }, {
      "vertices" : [ 1, 8, 7, 2 ]
    }, {
      "vertices" : [ 4, 6, 8 ]
    }, {
      "vertices" : [ 5, 7, 6 ]
    }, {
      "vertices" : [ 0, 1, 2 ]
    }, {
      "vertices" : [ 0, 2, 3 ]
    }, {
      "vertices" : [ 6, 7, 8 ]
    }, {
      "vertices" : [ 3, 5, 4, 9 ]
    }, {
      "vertices" : [ 1, 9, 4, 8 ]
    }, {
      "vertices" : [ 0, 9, 1 ]
    }, {
      "vertices" : [ 0, 3, 9 ]
    }, {
      "vertices" : [ 4, 5, 6 ]
    } ]
  }, {
    "id" : "2d6e26e7-ccb6-4c01-9648-efb1bef7ad12",
    "orbit" : "green",
    "orbitC" : "[[2,-1,1],[5,-3,1]]",
    "length" : "[3,-1,4]",
    "name" : " :3/4 -1/4*phi",
    "vertices" : [ {
      "x" : 3.5225425,
      "y" : 1.3454915,
      "z" : -0.51393205
    }, {
      "x" : 3.1405764,
      "y" : 0.8905765,
      "z" : -0.32294902
    }, {
      "x" : 2.9774575,
      "y" : 1.1545085,
      "z" : -0.75
    }, {
      "x" : 2.9045086,
      "y" : 1.4184405,
      "z" : -0.559017
    }, {
      "x" : 0.85410196,
      "y" : 0.309017,
      "z" : 0.19098301
    }, {
      "x" : 0.690983,
      "y" : 0.572949,
      "z" : -0.23606798
    }, {
      "x" : 0.309017,
      "y" : 0.11803399,
      "z" : -0.045084972
    }, {
      "x" : 0.76393205,
      "y" : 0.309017,
      "z" : -0.42705098
    }, {
      "x" : 0.927051,
      "y" : 0.045084972,
      "z" : 0.0
    }, {
      "x" : 3.0676274,
      "y" : 1.1545085,
      "z" : -0.13196601
    }, {
      "x" : 3.8315594,
      "y" : 1.4635255,
      "z" : -0.559017
    } ],
    "faces" : [ {
      "vertices" : [ 2, 7, 5, 3 ]
    }, {
      "vertices" : [ 1, 8, 7, 2 ]
    }, {
      "vertices" : [ 4, 6, 8 ]
    }, {
      "vertices" : [ 5, 7, 6 ]
    }, {
      "vertices" : [ 0, 1, 2 ]
    }, {
      "vertices" : [ 0, 2, 3 ]
    }, {
      "vertices" : [ 6, 7, 8 ]
    }, {
      "vertices" : [ 3, 5, 4, 9 ]
    }, {
      "vertices" : [ 1, 9, 4, 8 ]
    }, {
      "vertices" : [ 0, 9, 1 ]
    }, {
      "vertices" : [ 0, 3, 9 ]
    }, {
      "vertices" : [ 4, 5, 6 ]
    } ]
  }, {
    "id" : "f6e7f835-53b8-4eea-a74a-970af7cb1ae1",
    "vertices" : [ {
      "x" : 0.0,
      "y" : 0.0,
      "z" : 0.0
    }, {
      "x" : 0.0,
      "y" : 0.0,
      "z" : -4.236068
    }, {
      "x" : 0.0,
      "y" : 6.854102,
      "z" : -4.236068
    }, {
      "x" : 0.0,
      "y" : 6.854102,
      "z" : 0.0
    } ],
    "faces" : [ {
      "vertices" : [ 0, 1, 2, 3 ]
    }, {
      "vertices" : [ 0, 3, 2, 1 ]
    } ]
  }, {
    "id" : "701b784e-55f9-4a3a-a958-999ed216a834",
    "vertices" : [ {
      "x" : 0.0,
      "y" : 0.0,
      "z" : 0.0
    }, {
      "x" : 0.0,
      "y" : -6.854102,
      "z" : 0.0
    }, {
      "x" : -2.118034,
      "y" : -3.427051,
      "z" : -5.545085
    } ],
    "faces" : [ {
      "vertices" : [ 0, 1, 2 ]
    }, {
      "vertices" : [ 0, 2, 1 ]
    } ]
  }, {
    "id" : "0d02dc3d-91b1-4cd0-9e59-6b12531cb779",
    "vertices" : [ {
      "x" : 0.0,
      "y" : 0.0,
      "z" : 0.0
    }, {
      "x" : 0.0,
      "y" : -6.854102,
      "z" : 0.0
    }, {
      "x" : 0.0,
      "y" : -6.854102,
      "z" : -4.236068
    }, {
      "x" : 0.0,
      "y" : 0.0,
      "z" : -4.236068
    } ],
    "faces" : [ {
      "vertices" : [ 0, 1, 2, 3 ]
    }, {
      "vertices" : [ 0, 3, 2, 1 ]
    } ]
  }, {
    "id" : "dd1f6abf-025d-444f-a946-a7c3283ce39f",
    "vertices" : [ {
      "x" : 0.0,
      "y" : 0.0,
      "z" : 0.0
    }, {
      "x" : 0.0,
      "y" : 0.0,
      "z" : 4.236068
    }, {
      "x" : 0.0,
      "y" : -6.854102,
      "z" : 4.236068
    }, {
      "x" : 0.0,
      "y" : -6.854102,
      "z" : 0.0
    } ],
    "faces" : [ {
      "vertices" : [ 0, 1, 2, 3 ]
    }, {
      "vertices" : [ 0, 3, 2, 1 ]
    } ]
  }, {
    "id" : "345389f9-0073-40f8-9f05-cdb365209b86",
    "vertices" : [ {
      "x" : 0.0,
      "y" : 0.0,
      "z" : 0.0
    }, {
      "x" : -2.118034,
      "y" : 3.427051,
      "z" : -5.545085
    }, {
      "x" : 0.0,
      "y" : 6.854102,
      "z" : 0.0
    } ],
    "faces" : [ {
      "vertices" : [ 0, 1, 2 ]
    }, {
      "vertices" : [ 0, 2, 1 ]
    } ]
  }, {
    "id" : "b016f822-368a-4381-80f9-f17f9b2c1165",
    "vertices" : [ {
      "x" : 0.0,
      "y" : 0.0,
      "z" : 0.0
    }, {
      "x" : 2.118034,
      "y" : 3.427051,
      "z" : 5.545085
    }, {
      "x" : 2.118034,
      "y" : -3.427051,
      "z" : 5.545085
    } ],
    "faces" : [ {
      "vertices" : [ 0, 1, 2 ]
    }, {
      "vertices" : [ 0, 2, 1 ]
    } ]
  } ],
  "instances" : [ {
    "shape" : "750f1337-e222-4954-b43f-6a0521e632ed",
    "color" : "#F2F2F2",
    "position" : {
      "x" : 0.0,
      "y" : 8.163119,
      "z" : -11.09017
    }
  }, {
    "shape" : "3de2f2c6-44c4-4772-b0cc-cba90c004ef4",
    "color" : "#008EC2",
    "position" : {
      "x" : -3.427051,
      "y" : -8.972136,
      "z" : 6.854102
    },
    "orientation" : 56
  }, {
    "shape" : "750f1337-e222-4954-b43f-6a0521e632ed",
    "color" : "#F2F2F2",
    "position" : {
      "x" : -8.163119,
      "y" : 11.09017,
      "z" : 0.0
    }
  }, {
    "shape" : "56cb264d-7449-4536-b99b-593cdeaff102",
    "color" : "#00993F",
    "position" : {
      "x" : -4.0815597,
      "y" : 11.09017,
      "z" : -4.0815597
    },
    "orientation" : 22
  }, {
    "shape" : "750f1337-e222-4954-b43f-6a0521e632ed",
    "color" : "#F2F2F2",
    "position" : {
      "x" : 6.854102,
      "y" : 3.427051,
      "z" : -8.972136
    }
  }, {
    "shape" : "07413f48-c44e-43d9-ba76-26af03beb687",
    "color" : "#008EC2",
    "position" : {
      "x" : 4.0815597,
      "y" : -4.0815597,
      "z" : 11.09017
    },
    "orientation" : 45
  }, {
    "shape" : "56cb264d-7449-4536-b99b-593cdeaff102",
    "color" : "#00993F",
    "position" : {
      "x" : -4.0815597,
      "y" : -11.09017,
      "z" : -4.0815597
    },
    "orientation" : 52
  }, {
    "shape" : "908538eb-5c57-45fb-8129-3b481d639f36",
    "color" : "#008EC2",
    "position" : {
      "x" : 3.427051,
      "y" : -2.118034,
      "z" : 11.09017
    },
    "orientation" : 1
  }, {
    "shape" : "750f1337-e222-4954-b43f-6a0521e632ed",
    "color" : "#F2F2F2",
    "position" : {
      "x" : 3.427051,
      "y" : -2.118034,
      "z" : 11.09017
    }
  }, {
    "shape" : "8e9b0a73-f2f9-445f-81ce-3f701028fb83",
    "color" : "#7FCC9F",
    "position" : {
      "x" : -4.0815597,
      "y" : -11.09017,
      "z" : 4.0815597
    },
    "orientation" : 36
  }, {
    "shape" : "750f1337-e222-4954-b43f-6a0521e632ed",
    "color" : "#F2F2F2",
    "position" : {
      "x" : 8.972136,
      "y" : 6.854102,
      "z" : -3.427051
    }
  }, {
    "shape" : "07413f48-c44e-43d9-ba76-26af03beb687",
    "color" : "#008EC2",
    "position" : {
      "x" : 4.0815597,
      "y" : 4.0815597,
      "z" : -11.09017
    },
    "orientation" : 16
  }, {
    "shape" : "740fc6d1-bc5e-4343-8f4b-6e0d37b7523a",
    "color" : "#00993F",
    "position" : {
      "x" : 0.0,
      "y" : -8.163119,
      "z" : 11.09017
    },
    "orientation" : 51
  }, {
    "shape" : "8e9b0a73-f2f9-445f-81ce-3f701028fb83",
    "color" : "#7FCC9F",
    "position" : {
      "x" : -4.0815597,
      "y" : -4.0815597,
      "z" : 11.09017
    },
    "orientation" : 37
  }, {
    "shape" : "3de2f2c6-44c4-4772-b0cc-cba90c004ef4",
    "color" : "#008EC2",
    "position" : {
      "x" : 11.09017,
      "y" : 3.427051,
      "z" : 2.118034
    },
    "orientation" : 16
  }, {
    "shape" : "750f1337-e222-4954-b43f-6a0521e632ed",
    "color" : "#F2F2F2",
    "position" : {
      "x" : -4.0815597,
      "y" : -4.0815597,
      "z" : 11.09017
    }
  }, {
    "shape" : "56cb264d-7449-4536-b99b-593cdeaff102",
    "color" : "#00993F",
    "position" : {
      "x" : -11.09017,
      "y" : 4.0815597,
      "z" : 4.0815597
    },
    "orientation" : 6
  }, {
    "shape" : "750f1337-e222-4954-b43f-6a0521e632ed",
    "color" : "#F2F2F2",
    "position" : {
      "x" : 8.972136,
      "y" : -6.854102,
      "z" : 3.427051
    }
  }, {
    "shape" : "750f1337-e222-4954-b43f-6a0521e632ed",
    "color" : "#F2F2F2",
    "position" : {
      "x" : 6.854102,
      "y" : -3.427051,
      "z" : -8.972136
    }
  }, {
    "shape" : "750f1337-e222-4954-b43f-6a0521e632ed",
    "color" : "#F2F2F2",
    "position" : {
      "x" : -2.118034,
      "y" : 11.09017,
      "z" : -3.427051
    }
  }, {
    "shape" : "56cb264d-7449-4536-b99b-593cdeaff102",
    "color" : "#00993F",
    "position" : {
      "x" : -4.0815597,
      "y" : -4.0815597,
      "z" : -11.09017
    },
    "orientation" : 38
  }, {
    "shape" : "750f1337-e222-4954-b43f-6a0521e632ed",
    "color" : "#F2F2F2",
    "position" : {
      "x" : 3.427051,
      "y" : -8.972136,
      "z" : -6.854102
    }
  }, {
    "shape" : "3de2f2c6-44c4-4772-b0cc-cba90c004ef4",
    "color" : "#008EC2",
    "position" : {
      "x" : 3.427051,
      "y" : 2.118034,
      "z" : 11.09017
    },
    "orientation" : 45
  }, {
    "shape" : "3de2f2c6-44c4-4772-b0cc-cba90c004ef4",
    "color" : "#008EC2",
    "position" : {
      "x" : -6.854102,
      "y" : -3.427051,
      "z" : 8.972136
    },
    "orientation" : 24
  }, {
    "shape" : "750f1337-e222-4954-b43f-6a0521e632ed",
    "color" : "#F2F2F2",
    "position" : {
      "x" : -11.09017,
      "y" : 4.0815597,
      "z" : -4.0815597
    }
  }, {
    "shape" : "750f1337-e222-4954-b43f-6a0521e632ed",
    "color" : "#F2F2F2",
    "position" : {
      "x" : 11.09017,
      "y" : -3.427051,
      "z" : -2.118034
    }
  }, {
    "shape" : "750f1337-e222-4954-b43f-6a0521e632ed",
    "color" : "#F2F2F2",
    "position" : {
      "x" : -4.0815597,
      "y" : 4.0815597,
      "z" : 11.09017
    }
  }, {
    "shape" : "750f1337-e222-4954-b43f-6a0521e632ed",
    "color" : "#F2F2F2",
    "position" : {
      "x" : 8.972136,
      "y" : 6.854102,
      "z" : 3.427051
    }
  }, {
    "shape" : "3de2f2c6-44c4-4772-b0cc-cba90c004ef4",
    "color" : "#008EC2",
    "position" : {
      "x" : -3.427051,
      "y" : -2.118034,
      "z" : 11.09017
    },
    "orientation" : 0
  }, {
    "shape" : "908538eb-5c57-45fb-8129-3b481d639f36",
    "color" : "#008EC2",
    "position" : {
      "x" : -3.427051,
      "y" : 2.118034,
      "z" : 11.09017
    },
    "orientation" : 16
  }, {
    "shape" : "07413f48-c44e-43d9-ba76-26af03beb687",
    "color" : "#008EC2",
    "position" : {
      "x" : -4.0815597,
      "y" : -4.0815597,
      "z" : -11.09017
    },
    "orientation" : 1
  }, {
    "shape" : "740fc6d1-bc5e-4343-8f4b-6e0d37b7523a",
    "color" : "#00993F",
    "position" : {
      "x" : -8.163119,
      "y" : -11.09017,
      "z" : 0.0
    },
    "orientation" : 8
  }, {
    "shape" : "56cb264d-7449-4536-b99b-593cdeaff102",
    "color" : "#00993F",
    "position" : {
      "x" : -4.0815597,
      "y" : 4.0815597,
      "z" : -11.09017
    },
    "orientation" : 38
  }, {
    "shape" : "2d6e26e7-ccb6-4c01-9648-efb1bef7ad12",
    "color" : "#00993F",
    "position" : {
      "x" : 0.0,
      "y" : -8.163119,
      "z" : -11.09017
    },
    "orientation" : 37
  }, {
    "shape" : "740fc6d1-bc5e-4343-8f4b-6e0d37b7523a",
    "color" : "#00993F",
    "position" : {
      "x" : 11.09017,
      "y" : -8.163119,
      "z" : 0.0
    },
    "orientation" : 52
  }, {
    "shape" : "740fc6d1-bc5e-4343-8f4b-6e0d37b7523a",
    "color" : "#00993F",
    "position" : {
      "x" : -11.09017,
      "y" : 0.0,
      "z" : 8.163119
    },
    "orientation" : 22
  }, {
    "shape" : "740fc6d1-bc5e-4343-8f4b-6e0d37b7523a",
    "color" : "#00993F",
    "position" : {
      "x" : 0.0,
      "y" : -8.163119,
      "z" : 11.09017
    },
    "orientation" : 6
  }, {
    "shape" : "750f1337-e222-4954-b43f-6a0521e632ed",
    "color" : "#F2F2F2",
    "position" : {
      "x" : 8.163119,
      "y" : 11.09017,
      "z" : 0.0
    }
  }, {
    "shape" : "750f1337-e222-4954-b43f-6a0521e632ed",
    "color" : "#F2F2F2",
    "position" : {
      "x" : -8.972136,
      "y" : 6.854102,
      "z" : -3.427051
    }
  }, {
    "shape" : "750f1337-e222-4954-b43f-6a0521e632ed",
    "color" : "#F2F2F2",
    "position" : {
      "x" : -11.09017,
      "y" : -3.427051,
      "z" : -2.118034
    }
  }, {
    "shape" : "2d6e26e7-ccb6-4c01-9648-efb1bef7ad12",
    "color" : "#00993F",
    "position" : {
      "x" : 0.0,
      "y" : -8.163119,
      "z" : 11.09017
    },
    "orientation" : 22
  }, {
    "shape" : "908538eb-5c57-45fb-8129-3b481d639f36",
    "color" : "#008EC2",
    "position" : {
      "x" : -11.09017,
      "y" : 3.427051,
      "z" : 2.118034
    },
    "orientation" : 47
  }, {
    "shape" : "07413f48-c44e-43d9-ba76-26af03beb687",
    "color" : "#008EC2",
    "position" : {
      "x" : 4.0815597,
      "y" : -4.0815597,
      "z" : 11.09017
    },
    "orientation" : 1
  }, {
    "shape" : "750f1337-e222-4954-b43f-6a0521e632ed",
    "color" : "#F2F2F2",
    "position" : {
      "x" : 8.972136,
      "y" : -6.854102,
      "z" : -3.427051
    }
  }, {
    "shape" : "07413f48-c44e-43d9-ba76-26af03beb687",
    "color" : "#008EC2",
    "position" : {
      "x" : -4.0815597,
      "y" : 11.09017,
      "z" : 4.0815597
    },
    "orientation" : 47
  }, {
    "shape" : "3de2f2c6-44c4-4772-b0cc-cba90c004ef4",
    "color" : "#008EC2",
    "position" : {
      "x" : -2.118034,
      "y" : 11.09017,
      "z" : -3.427051
    },
    "orientation" : 2
  }, {
    "shape" : "f6e7f835-53b8-4eea-a74a-970af7cb1ae1",
    "color" : "#7FC6E0",
    "position" : {
      "x" : 2.118034,
      "y" : -11.09017,
      "z" : 3.427051
    },
    "orientation" : 16
  }, {
    "shape" : "701b784e-55f9-4a3a-a958-999ed216a834",
    "color" : "#FFD98C",
    "position" : {
      "x" : -8.972136,
      "y" : 6.854102,
      "z" : -3.427051
    },
    "orientation" : 54
  }, {
    "shape" : "740fc6d1-bc5e-4343-8f4b-6e0d37b7523a",
    "color" : "#00993F",
    "position" : {
      "x" : -11.09017,
      "y" : 0.0,
      "z" : -8.163119
    },
    "orientation" : 7
  }, {
    "shape" : "750f1337-e222-4954-b43f-6a0521e632ed",
    "color" : "#F2F2F2",
    "position" : {
      "x" : -11.09017,
      "y" : 3.427051,
      "z" : 2.118034
    }
  }, {
    "shape" : "07413f48-c44e-43d9-ba76-26af03beb687",
    "color" : "#008EC2",
    "position" : {
      "x" : -11.09017,
      "y" : 4.0815597,
      "z" : 4.0815597
    },
    "orientation" : 16
  }, {
    "shape" : "3de2f2c6-44c4-4772-b0cc-cba90c004ef4",
    "color" : "#008EC2",
    "position" : {
      "x" : 8.972136,
      "y" : -6.854102,
      "z" : 3.427051
    },
    "orientation" : 7
  }, {
    "shape" : "3de2f2c6-44c4-4772-b0cc-cba90c004ef4",
    "color" : "#008EC2",
    "position" : {
      "x" : -8.972136,
      "y" : 6.854102,
      "z" : 3.427051
    },
    "orientation" : 37
  }, {
    "shape" : "750f1337-e222-4954-b43f-6a0521e632ed",
    "color" : "#F2F2F2",
    "position" : {
      "x" : 2.118034,
      "y" : 11.09017,
      "z" : -3.427051
    }
  }, {
    "shape" : "56cb264d-7449-4536-b99b-593cdeaff102",
    "color" : "#00993F",
    "position" : {
      "x" : -11.09017,
      "y" : -4.0815597,
      "z" : 4.0815597
    },
    "orientation" : 21
  }, {
    "shape" : "3de2f2c6-44c4-4772-b0cc-cba90c004ef4",
    "color" : "#008EC2",
    "position" : {
      "x" : -6.854102,
      "y" : 3.427051,
      "z" : -8.972136
    },
    "orientation" : 9
  }, {
    "shape" : "750f1337-e222-4954-b43f-6a0521e632ed",
    "color" : "#F2F2F2",
    "position" : {
      "x" : -6.854102,
      "y" : 3.427051,
      "z" : 8.972136
    }
  }, {
    "shape" : "750f1337-e222-4954-b43f-6a0521e632ed",
    "color" : "#F2F2F2",
    "position" : {
      "x" : -8.163119,
      "y" : 0.0,
      "z" : 11.09017
    }
  }, {
    "shape" : "750f1337-e222-4954-b43f-6a0521e632ed",
    "color" : "#F2F2F2",
    "position" : {
      "x" : 11.09017,
      "y" : -4.0815597,
      "z" : -4.0815597
    }
  }, {
    "shape" : "750f1337-e222-4954-b43f-6a0521e632ed",
    "color" : "#F2F2F2",
    "position" : {
      "x" : -8.972136,
      "y" : -6.854102,
      "z" : 3.427051
    }
  }, {
    "shape" : "8e9b0a73-f2f9-445f-81ce-3f701028fb83",
    "color" : "#7FCC9F",
    "position" : {
      "x" : -11.09017,
      "y" : -4.0815597,
      "z" : 4.0815597
    },
    "orientation" : 38
  }, {
    "shape" : "908538eb-5c57-45fb-8129-3b481d639f36",
    "color" : "#008EC2",
    "position" : {
      "x" : 11.09017,
      "y" : -3.427051,
      "z" : 2.118034
    },
    "orientation" : 47
  }, {
    "shape" : "07413f48-c44e-43d9-ba76-26af03beb687",
    "color" : "#008EC2",
    "position" : {
      "x" : 4.0815597,
      "y" : -11.09017,
      "z" : 4.0815597
    },
    "orientation" : 47
  }, {
    "shape" : "07413f48-c44e-43d9-ba76-26af03beb687",
    "color" : "#008EC2",
    "position" : {
      "x" : -11.09017,
      "y" : -4.0815597,
      "z" : -4.0815597
    },
    "orientation" : 2
  }, {
    "shape" : "750f1337-e222-4954-b43f-6a0521e632ed",
    "color" : "#F2F2F2",
    "position" : {
      "x" : -3.427051,
      "y" : 8.972136,
      "z" : -6.854102
    }
  }, {
    "shape" : "750f1337-e222-4954-b43f-6a0521e632ed",
    "color" : "#F2F2F2",
    "position" : {
      "x" : 3.427051,
      "y" : 2.118034,
      "z" : -11.09017
    }
  }, {
    "shape" : "3de2f2c6-44c4-4772-b0cc-cba90c004ef4",
    "color" : "#008EC2",
    "position" : {
      "x" : -11.09017,
      "y" : -3.427051,
      "z" : 2.118034
    },
    "orientation" : 1
  }, {
    "shape" : "07413f48-c44e-43d9-ba76-26af03beb687",
    "color" : "#008EC2",
    "position" : {
      "x" : -4.0815597,
      "y" : 4.0815597,
      "z" : 11.09017
    },
    "orientation" : 16
  }, {
    "shape" : "56cb264d-7449-4536-b99b-593cdeaff102",
    "color" : "#00993F",
    "position" : {
      "x" : 11.09017,
      "y" : -4.0815597,
      "z" : 4.0815597
    },
    "orientation" : 36
  }, {
    "shape" : "908538eb-5c57-45fb-8129-3b481d639f36",
    "color" : "#008EC2",
    "position" : {
      "x" : 2.118034,
      "y" : 11.09017,
      "z" : -3.427051
    },
    "orientation" : 45
  }, {
    "shape" : "07413f48-c44e-43d9-ba76-26af03beb687",
    "color" : "#008EC2",
    "position" : {
      "x" : 4.0815597,
      "y" : -11.09017,
      "z" : 4.0815597
    },
    "orientation" : 45
  }, {
    "shape" : "56cb264d-7449-4536-b99b-593cdeaff102",
    "color" : "#00993F",
    "position" : {
      "x" : 4.0815597,
      "y" : 4.0815597,
      "z" : -11.09017
    },
    "orientation" : 8
  }, {
    "shape" : "740fc6d1-bc5e-4343-8f4b-6e0d37b7523a",
    "color" : "#00993F",
    "position" : {
      "x" : 0.0,
      "y" : 8.163119,
      "z" : 11.09017
    },
    "orientation" : 36
  }, {
    "shape" : "3de2f2c6-44c4-4772-b0cc-cba90c004ef4",
    "color" : "#008EC2",
    "position" : {
      "x" : 6.854102,
      "y" : -3.427051,
      "z" : -8.972136
    },
    "orientation" : 39
  }, {
    "shape" : "750f1337-e222-4954-b43f-6a0521e632ed",
    "color" : "#F2F2F2",
    "position" : {
      "x" : -3.427051,
      "y" : 2.118034,
      "z" : 11.09017
    }
  }, {
    "shape" : "750f1337-e222-4954-b43f-6a0521e632ed",
    "color" : "#F2F2F2",
    "position" : {
      "x" : -8.972136,
      "y" : 6.854102,
      "z" : 3.427051
    }
  }, {
    "shape" : "0d02dc3d-91b1-4cd0-9e59-6b12531cb779",
    "color" : "#7FC6E0",
    "position" : {
      "x" : 3.427051,
      "y" : 2.118034,
      "z" : 11.09017
    },
    "orientation" : 2
  }, {
    "shape" : "750f1337-e222-4954-b43f-6a0521e632ed",
    "color" : "#F2F2F2",
    "position" : {
      "x" : -3.427051,
      "y" : -8.972136,
      "z" : -6.854102
    }
  }, {
    "shape" : "3de2f2c6-44c4-4772-b0cc-cba90c004ef4",
    "color" : "#008EC2",
    "position" : {
      "x" : -3.427051,
      "y" : 2.118034,
      "z" : -11.09017
    },
    "orientation" : 0
  }, {
    "shape" : "3de2f2c6-44c4-4772-b0cc-cba90c004ef4",
    "color" : "#008EC2",
    "position" : {
      "x" : 8.972136,
      "y" : 6.854102,
      "z" : -3.427051
    },
    "orientation" : 22
  }, {
    "shape" : "750f1337-e222-4954-b43f-6a0521e632ed",
    "color" : "#F2F2F2",
    "position" : {
      "x" : 11.09017,
      "y" : 0.0,
      "z" : -8.163119
    }
  }, {
    "shape" : "750f1337-e222-4954-b43f-6a0521e632ed",
    "color" : "#F2F2F2",
    "position" : {
      "x" : 11.09017,
      "y" : 3.427051,
      "z" : -2.118034
    }
  }, {
    "shape" : "3de2f2c6-44c4-4772-b0cc-cba90c004ef4",
    "color" : "#008EC2",
    "position" : {
      "x" : -11.09017,
      "y" : 3.427051,
      "z" : -2.118034
    },
    "orientation" : 16
  }, {
    "shape" : "3de2f2c6-44c4-4772-b0cc-cba90c004ef4",
    "color" : "#008EC2",
    "position" : {
      "x" : 8.972136,
      "y" : -6.854102,
      "z" : -3.427051
    },
    "orientation" : 55
  }, {
    "shape" : "750f1337-e222-4954-b43f-6a0521e632ed",
    "color" : "#F2F2F2",
    "position" : {
      "x" : -2.118034,
      "y" : -11.09017,
      "z" : -3.427051
    }
  }, {
    "shape" : "07413f48-c44e-43d9-ba76-26af03beb687",
    "color" : "#008EC2",
    "position" : {
      "x" : -11.09017,
      "y" : 4.0815597,
      "z" : 4.0815597
    },
    "orientation" : 47
  }, {
    "shape" : "2d6e26e7-ccb6-4c01-9648-efb1bef7ad12",
    "color" : "#00993F",
    "position" : {
      "x" : 8.163119,
      "y" : 0.0,
      "z" : 11.09017
    },
    "orientation" : 23
  }, {
    "shape" : "908538eb-5c57-45fb-8129-3b481d639f36",
    "color" : "#008EC2",
    "position" : {
      "x" : 2.118034,
      "y" : -11.09017,
      "z" : 3.427051
    },
    "orientation" : 45
  }, {
    "shape" : "2d6e26e7-ccb6-4c01-9648-efb1bef7ad12",
    "color" : "#00993F",
    "position" : {
      "x" : -11.09017,
      "y" : 0.0,
      "z" : -8.163119
    },
    "orientation" : 23
  }, {
    "shape" : "750f1337-e222-4954-b43f-6a0521e632ed",
    "color" : "#F2F2F2",
    "position" : {
      "x" : 3.427051,
      "y" : 8.972136,
      "z" : -6.854102
    }
  }, {
    "shape" : "750f1337-e222-4954-b43f-6a0521e632ed",
    "color" : "#F2F2F2",
    "position" : {
      "x" : 8.163119,
      "y" : -11.09017,
      "z" : 0.0
    }
  }, {
    "shape" : "07413f48-c44e-43d9-ba76-26af03beb687",
    "color" : "#008EC2",
    "position" : {
      "x" : -4.0815597,
      "y" : -11.09017,
      "z" : -4.0815597
    },
    "orientation" : 2
  }, {
    "shape" : "750f1337-e222-4954-b43f-6a0521e632ed",
    "color" : "#F2F2F2",
    "position" : {
      "x" : -4.0815597,
      "y" : 11.09017,
      "z" : -4.0815597
    }
  }, {
