{
  "lighting": {
    "backgroundColor": "#afc8dc",
    "ambientColor": "#333333",
    "directionalLights": [
      {
        "direction": [
          1,
          -1,
          -0.3
        ],
        "color": "#FDFDFD"
      },
      {
        "direction": [
          -1,
          0,
          -0.2
        ],
        "color": "#B5B5B5"
      },
      {
        "direction": [
          0,
          0,
          -1
        ],
        "color": "#303030"
      }
    ]
  },
  "camera": {
    "near": 0.20137527765892863,
    "far": 161.10021972656253,
    "width": 36.24754943847659,
    "distance": 80.55010986328125,
    "up": [
      0.04513475672300564,
      0.9954029911401846,
      -0.08447330326636202
    ],
    "lookAt": [
      0,
      0,
      0
    ],
    "lookDir": [
      -0.49606426227747497,
      -0.05106502209409383,
      -0.8667829089279719
    ],
    "perspective": true
  },
  "embedding": [
    1,
    0,
    0,
    0,
    0,
    1,
    0,
    0,
    0,
    0,
    1,
    0,
    0,
    0,
    0,
    1
  ],
  "orientations": [
    [
      1,
      0,
      0,
      0,
      0,
      1,
      0,
      0,
      0,
      0,
      1,
      0,
      0,
      0,
      0,
      1
    ],
    [
      0,
      0,
      1,
      0,
      1,
      0,
      0,
      0,
      0,
      1,
      0,
      0,
      0,
      0,
      0,
      1
    ],
    [
      0,
      1,
      0,
      0,
      0,
      0,
      1,
      0,
      1,
      0,
      0,
      0,
      0,
      0,
      0,
      1
    ],
    [
      0.8090169943749475,
      0.30901699437494745,
      0.5,
      0,
      0.30901699437494745,
      0.5,
      -0.8090169943749475,
      0,
      -0.5,
      0.8090169943749475,
      0.30901699437494745,
      0,
      0,
      0,
      0,
      1
    ],
    [
      -0.5,
      0.8090169943749475,
      0.30901699437494745,
      0,
      0.8090169943749475,
      0.30901699437494745,
      0.5,
      0,
      0.30901699437494745,
      0.5,
      -0.8090169943749475,
      0,
      0,
      0,
      0,
      1
    ],
    [
      0.30901699437494745,
      0.5,
      -0.8090169943749475,
      0,
      -0.5,
      0.8090169943749475,
      0.30901699437494745,
      0,
      0.8090169943749475,
      0.30901699437494745,
      0.5,
      0,
      0,
      0,
      0,
      1
    ],
    [
      0.5,
      0.8090169943749475,
      0.30901699437494745,
      0,
      0.8090169943749475,
      -0.30901699437494745,
      -0.5,
      0,
      -0.30901699437494745,
      0.5,
      -0.8090169943749475,
      0,
      0,
      0,
      0,
      1
    ],
    [
      -0.30901699437494745,
      0.5,
      -0.8090169943749475,
      0,
      0.5,
      0.8090169943749475,
      0.30901699437494745,
      0,
      0.8090169943749475,
      -0.30901699437494745,
      -0.5,
      0,
      0,
      0,
      0,
      1
    ],
    [
      0.8090169943749475,
      -0.30901699437494745,
      -0.5,
      0,
      -0.30901699437494745,
      0.5,
      -0.8090169943749475,
      0,
      0.5,
      0.8090169943749475,
      0.30901699437494745,
      0,
      0,
      0,
      0,
      1
    ],
    [
      0.5,
      0.8090169943749475,
      -0.30901699437494745,
      0,
      0.8090169943749475,
      -0.30901699437494745,
      0.5,
      0,
      0.30901699437494745,
      -0.5,
      -0.8090169943749475,
      0,
      0,
      0,
      0,
      1
    ],
    [
      0.30901699437494745,
      -0.5,
      -0.8090169943749475,
      0,
      0.5,
      0.8090169943749475,
      -0.30901699437494745,
      0,
      0.8090169943749475,
      -0.30901699437494745,
      0.5,
      0,
      0,
      0,
      0,
      1
    ],
    [
      0.8090169943749475,
      -0.30901699437494745,
      0.5,
      0,
      0.30901699437494745,
      -0.5,
      -0.8090169943749475,
      0,
      0.5,
      0.8090169943749475,
      -0.30901699437494745,
      0,
      0,
      0,
      0,
      1
    ],
    [
      0.8090169943749475,
      0.30901699437494745,
      -0.5,
      0,
      0.30901699437494745,
      0.5,
      0.8090169943749475,
      0,
      0.5,
      -0.8090169943749475,
      0.30901699437494745,
      0,
      0,
      0,
      0,
      1
    ],
    [
      0.5,
      -0.8090169943749475,
      0.30901699437494745,
      0,
      0.8090169943749475,
      0.30901699437494745,
      -0.5,
      0,
      0.30901699437494745,
      0.5,
      0.8090169943749475,
      0,
      0,
      0,
      0,
      1
    ],
    [
      0.30901699437494745,
      0.5,
      0.8090169943749475,
      0,
      0.5,
      -0.8090169943749475,
      0.30901699437494745,
      0,
      0.8090169943749475,
      0.30901699437494745,
      -0.5,
      0,
      0,
      0,
      0,
      1
    ],
    [
      1,
      0,
      0,
      0,
      0,
      -1,
      0,
      0,
      0,
      0,
      -1,
      0,
      0,
      0,
      0,
      1
    ],
    [
      0,
      0,
      1,
      0,
      -1,
      0,
      0,
      0,
      0,
      -1,
      0,
      0,
      0,
      0,
      0,
      1
    ],
    [
      0,
      1,
      0,
      0,
      0,
      0,
      -1,
      0,
      -1,
      0,
      0,
      0,
      0,
      0,
      0,
      1
    ],
    [
      0.8090169943749475,
      0.30901699437494745,
      0.5,
      0,
      -0.30901699437494745,
      -0.5,
      0.8090169943749475,
      0,
      0.5,
      -0.8090169943749475,
      -0.30901699437494745,
      0,
      0,
      0,
      0,
      1
    ],
    [
      -0.5,
      0.8090169943749475,
      0.30901699437494745,
      0,
      -0.8090169943749475,
      -0.30901699437494745,
      -0.5,
      0,
      -0.30901699437494745,
      -0.5,
      0.8090169943749475,
      0,
      0,
      0,
      0,
      1
    ],
    [
      0.30901699437494745,
      0.5,
      -0.8090169943749475,
      0,
      0.5,
      -0.8090169943749475,
      -0.30901699437494745,
      0,
      -0.8090169943749475,
      -0.30901699437494745,
      -0.5,
      0,
      0,
      0,
      0,
      1
    ],
    [
      0.5,
      0.8090169943749475,
      0.30901699437494745,
      0,
      -0.8090169943749475,
      0.30901699437494745,
      0.5,
      0,
      0.30901699437494745,
      -0.5,
      0.8090169943749475,
      0,
      0,
      0,
      0,
      1
    ],
    [
      -0.30901699437494745,
      0.5,
      -0.8090169943749475,
      0,
      -0.5,
      -0.8090169943749475,
      -0.30901699437494745,
      0,
      -0.8090169943749475,
      0.30901699437494745,
      0.5,
      0,
      0,
      0,
      0,
      1
    ],
    [
      0.8090169943749475,
      -0.30901699437494745,
      -0.5,
      0,
      0.30901699437494745,
      -0.5,
      0.8090169943749475,
      0,
      -0.5,
      -0.8090169943749475,
      -0.30901699437494745,
      0,
      0,
      0,
      0,
      1
    ],
    [
      0.5,
      0.8090169943749475,
      -0.30901699437494745,
      0,
      -0.8090169943749475,
      0.30901699437494745,
      -0.5,
      0,
      -0.30901699437494745,
      0.5,
      0.8090169943749475,
      0,
      0,
      0,
      0,
      1
    ],
    [
      0.30901699437494745,
      -0.5,
      -0.8090169943749475,
      0,
      -0.5,
      -0.8090169943749475,
      0.30901699437494745,
      0,
      -0.8090169943749475,
      0.30901699437494745,
      -0.5,
      0,
      0,
      0,
      0,
      1
    ],
    [
      0.8090169943749475,
      -0.30901699437494745,
      0.5,
      0,
      -0.30901699437494745,
      0.5,
      0.8090169943749475,
      0,
      -0.5,
      -0.8090169943749475,
      0.30901699437494745,
      0,
      0,
      0,
      0,
      1
    ],
    [
      0.8090169943749475,
      0.30901699437494745,
      -0.5,
      0,
      -0.30901699437494745,
      -0.5,
      -0.8090169943749475,
      0,
      -0.5,
      0.8090169943749475,
      -0.30901699437494745,
      0,
      0,
      0,
      0,
      1
    ],
    [
      0.5,
      -0.8090169943749475,
      0.30901699437494745,
      0,
      -0.8090169943749475,
      -0.30901699437494745,
      0.5,
      0,
      -0.30901699437494745,
      -0.5,
      -0.8090169943749475,
      0,
      0,
      0,
      0,
      1
    ],
    [
      0.30901699437494745,
      0.5,
      0.8090169943749475,
      0,
      -0.5,
      0.8090169943749475,
      -0.30901699437494745,
      0,
      -0.8090169943749475,
      -0.30901699437494745,
      0.5,
      0,
      0,
      0,
      0,
      1
    ],
    [
      -1,
      0,
      0,
      0,
      0,
      -1,
      0,
      0,
      0,
      0,
      1,
      0,
      0,
      0,
      0,
      1
    ],
    [
      0,
      0,
      -1,
      0,
      -1,
      0,
      0,
      0,
      0,
      1,
      0,
      0,
      0,
      0,
      0,
      1
    ],
    [
      0,
      -1,
      0,
      0,
      0,
      0,
      -1,
      0,
      1,
      0,
      0,
      0,
      0,
      0,
      0,
      1
    ],
    [
      -0.8090169943749475,
      -0.30901699437494745,
      -0.5,
      0,
      -0.30901699437494745,
      -0.5,
      0.8090169943749475,
      0,
      -0.5,
      0.8090169943749475,
      0.30901699437494745,
      0,
      0,
      0,
      0,
      1
    ],
    [
      0.5,
      -0.8090169943749475,
      -0.30901699437494745,
      0,
      -0.8090169943749475,
      -0.30901699437494745,
      -0.5,
      0,
      0.30901699437494745,
      0.5,
      -0.8090169943749475,
      0,
      0,
      0,
      0,
      1
    ],
    [
      -0.30901699437494745,
      -0.5,
      0.8090169943749475,
      0,
      0.5,
      -0.8090169943749475,
      -0.30901699437494745,
      0,
      0.8090169943749475,
      0.30901699437494745,
      0.5,
      0,
      0,
      0,
      0,
      1
    ],
    [
      -0.5,
      -0.8090169943749475,
      -0.30901699437494745,
      0,
      -0.8090169943749475,
      0.30901699437494745,
      0.5,
      0,
      -0.30901699437494745,
      0.5,
      -0.8090169943749475,
      0,
      0,
      0,
      0,
      1
    ],
    [
      0.30901699437494745,
      -0.5,
      0.8090169943749475,
      0,
      -0.5,
      -0.8090169943749475,
      -0.30901699437494745,
      0,
      0.8090169943749475,
      -0.30901699437494745,
      -0.5,
      0,
      0,
      0,
      0,
      1
    ],
    [
      -0.8090169943749475,
      0.30901699437494745,
      0.5,
      0,
      0.30901699437494745,
      -0.5,
      0.8090169943749475,
      0,
      0.5,
      0.8090169943749475,
      0.30901699437494745,
      0,
      0,
      0,
      0,
      1
    ],
    [
      -0.5,
      -0.8090169943749475,
      0.30901699437494745,
      0,
      -0.8090169943749475,
      0.30901699437494745,
      -0.5,
      0,
      0.30901699437494745,
      -0.5,
      -0.8090169943749475,
      0,
      0,
      0,
      0,
      1
    ],
    [
      -0.30901699437494745,
      0.5,
      0.8090169943749475,
      0,
      -0.5,
      -0.8090169943749475,
      0.30901699437494745,
      0,
      0.8090169943749475,
      -0.30901699437494745,
      0.5,
      0,
      0,
      0,
      0,
      1
    ],
    [
      -0.8090169943749475,
      0.30901699437494745,
      -0.5,
      0,
      -0.30901699437494745,
      0.5,
      0.8090169943749475,
      0,
      0.5,
      0.8090169943749475,
      -0.30901699437494745,
      0,
      0,
      0,
      0,
      1
    ],
    [
      -0.8090169943749475,
      -0.30901699437494745,
      0.5,
      0,
      -0.30901699437494745,
      -0.5,
      -0.8090169943749475,
      0,
      0.5,
      -0.8090169943749475,
      0.30901699437494745,
      0,
      0,
      0,
      0,
      1
    ],
    [
      -0.5,
      0.8090169943749475,
      -0.30901699437494745,
      0,
      -0.8090169943749475,
      -0.30901699437494745,
      0.5,
      0,
      0.30901699437494745,
      0.5,
      0.8090169943749475,
      0,
      0,
      0,
      0,
      1
    ],
    [
      -0.30901699437494745,
      -0.5,
      -0.8090169943749475,
      0,
      -0.5,
      0.8090169943749475,
      -0.30901699437494745,
      0,
      0.8090169943749475,
      0.30901699437494745,
      -0.5,
      0,
      0,
      0,
      0,
      1
    ],
    [
      -1,
      0,
      0,
      0,
      0,
      1,
      0,
      0,
      0,
      0,
      -1,
      0,
      0,
      0,
      0,
      1
    ],
    [
      0,
      0,
      -1,
      0,
      1,
      0,
      0,
      0,
      0,
      -1,
      0,
      0,
      0,
      0,
      0,
      1
    ],
    [
      0,
      -1,
      0,
      0,
      0,
      0,
      1,
      0,
      -1,
      0,
      0,
      0,
      0,
      0,
      0,
      1
    ],
    [
      -0.8090169943749475,
      -0.30901699437494745,
      -0.5,
      0,
      0.30901699437494745,
      0.5,
      -0.8090169943749475,
      0,
      0.5,
      -0.8090169943749475,
      -0.30901699437494745,
      0,
      0,
      0,
      0,
      1
    ],
    [
      0.5,
      -0.8090169943749475,
      -0.30901699437494745,
      0,
      0.8090169943749475,
      0.30901699437494745,
      0.5,
      0,
      -0.30901699437494745,
      -0.5,
      0.8090169943749475,
      0,
      0,
      0,
      0,
      1
    ],
    [
      -0.30901699437494745,
      -0.5,
      0.8090169943749475,
      0,
      -0.5,
      0.8090169943749475,
      0.30901699437494745,
      0,
      -0.8090169943749475,
      -0.30901699437494745,
      -0.5,
      0,
      0,
      0,
      0,
      1
    ],
    [
      -0.5,
      -0.8090169943749475,
      -0.30901699437494745,
      0,
      0.8090169943749475,
      -0.30901699437494745,
      -0.5,
      0,
      0.30901699437494745,
      -0.5,
      0.8090169943749475,
      0,
      0,
      0,
      0,
      1
    ],
    [
      0.30901699437494745,
      -0.5,
      0.8090169943749475,
      0,
      0.5,
      0.8090169943749475,
      0.30901699437494745,
      0,
      -0.8090169943749475,
      0.30901699437494745,
      0.5,
      0,
      0,
      0,
      0,
      1
    ],
    [
      -0.8090169943749475,
      0.30901699437494745,
      0.5,
      0,
      -0.30901699437494745,
      0.5,
      -0.8090169943749475,
      0,
      -0.5,
      -0.8090169943749475,
      -0.30901699437494745,
      0,
      0,
      0,
      0,
      1
    ],
    [
      -0.5,
      -0.8090169943749475,
      0.30901699437494745,
      0,
      0.8090169943749475,
      -0.30901699437494745,
      0.5,
      0,
      -0.30901699437494745,
      0.5,
      0.8090169943749475,
      0,
      0,
      0,
      0,
      1
    ],
    [
      -0.30901699437494745,
      0.5,
      0.8090169943749475,
      0,
      0.5,
      0.8090169943749475,
      -0.30901699437494745,
      0,
      -0.8090169943749475,
      0.30901699437494745,
      -0.5,
      0,
      0,
      0,
      0,
      1
    ],
    [
      -0.8090169943749475,
      0.30901699437494745,
      -0.5,
      0,
      0.30901699437494745,
      -0.5,
      -0.8090169943749475,
      0,
      -0.5,
      -0.8090169943749475,
      0.30901699437494745,
      0,
      0,
      0,
      0,
      1
    ],
    [
      -0.8090169943749475,
      -0.30901699437494745,
      0.5,
      0,
      0.30901699437494745,
      0.5,
      0.8090169943749475,
      0,
      -0.5,
      0.8090169943749475,
      -0.30901699437494745,
      0,
      0,
      0,
      0,
      1
    ],
    [
      -0.5,
      0.8090169943749475,
      -0.30901699437494745,
      0,
      0.8090169943749475,
      0.30901699437494745,
      -0.5,
      0,
      -0.30901699437494745,
      -0.5,
      -0.8090169943749475,
      0,
      0,
      0,
      0,
      1
    ],
    [
      -0.30901699437494745,
      -0.5,
      -0.8090169943749475,
      0,
      0.5,
      -0.8090169943749475,
      0.30901699437494745,
      0,
      -0.8090169943749475,
      -0.30901699437494745,
      0.5,
      0,
      0,
      0,
      0,
      1
    ]
  ],
  "polygons": true,
  "shapes": {
    "s23110261114312491": {
      "id": "s23110261114312491",
      "name": "ball",
      "vertices": [
        {
          "x": 0.30901700258255005,
          "y": -0.80901700258255,
          "z": 0.6180340051651001
        },
        {
          "x": 0.80901700258255,
          "y": -0.6180340051651001,
          "z": 0.30901700258255005
        },
        {
          "x": 0.6180340051651001,
          "y": -0.30901700258255005,
          "z": 0.80901700258255
        },
        {
          "x": 1,
          "y": 0.30901700258255005,
          "z": 0.19098301231861115
        },
        {
          "x": 0.80901700258255,
          "y": 0.6180340051651001,
          "z": 0.30901700258255005
        },
        {
          "x": 0.6180340051651001,
          "y": 0.30901700258255005,
          "z": 0.80901700258255
        },
        {
          "x": 0.80901700258255,
          "y": 0,
          "z": 0.69098299741745
        },
        {
          "x": 0.19098301231861115,
          "y": -1,
          "z": 0.30901700258255005
        },
        {
          "x": -0.19098301231861115,
          "y": -1,
          "z": 0.30901700258255005
        },
        {
          "x": -0.19098301231861115,
          "y": -1,
          "z": -0.30901700258255005
        },
        {
          "x": 0.19098301231861115,
          "y": -1,
          "z": -0.30901700258255005
        },
        {
          "x": 1,
          "y": -0.30901700258255005,
          "z": -0.19098301231861115
        },
        {
          "x": 0.80901700258255,
          "y": -0.6180340051651001,
          "z": -0.30901700258255005
        },
        {
          "x": 0.6180340051651001,
          "y": -0.30901700258255005,
          "z": -0.80901700258255
        },
        {
          "x": 0.80901700258255,
          "y": 0,
          "z": -0.69098299741745
        },
        {
          "x": 0,
          "y": 0.69098299741745,
          "z": -0.80901700258255
        },
        {
          "x": 0.30901700258255005,
          "y": 0.80901700258255,
          "z": -0.6180340051651001
        },
        {
          "x": 0.6180340051651001,
          "y": 0.30901700258255005,
          "z": -0.80901700258255
        },
        {
          "x": 0.30901700258255005,
          "y": 0.19098301231861115,
          "z": -1
        },
        {
          "x": 1,
          "y": 0.30901700258255005,
          "z": -0.19098301231861115
        },
        {
          "x": -0.30901700258255005,
          "y": -0.80901700258255,
          "z": 0.6180340051651001
        },
        {
          "x": 0,
          "y": -0.69098299741745,
          "z": 0.80901700258255
        },
        {
          "x": 0.80901700258255,
          "y": 0.6180340051651001,
          "z": -0.30901700258255005
        },
        {
          "x": 0.69098299741745,
          "y": 0.80901700258255,
          "z": 0
        },
        {
          "x": -0.69098299741745,
          "y": 0.80901700258255,
          "z": 0
        },
        {
          "x": -0.80901700258255,
          "y": 0.6180340051651001,
          "z": 0.30901700258255005
        },
        {
          "x": -0.30901700258255005,
          "y": 0.80901700258255,
          "z": 0.6180340051651001
        },
        {
          "x": -0.19098301231861115,
          "y": 1,
          "z": 0.30901700258255005
        },
        {
          "x": 0.30901700258255005,
          "y": -0.19098301231861115,
          "z": -1
        },
        {
          "x": 0.19098301231861115,
          "y": 1,
          "z": 0.30901700258255005
        },
        {
          "x": 0.30901700258255005,
          "y": 0.80901700258255,
          "z": 0.6180340051651001
        },
        {
          "x": -0.80901700258255,
          "y": -0.6180340051651001,
          "z": 0.30901700258255005
        },
        {
          "x": -0.69098299741745,
          "y": -0.80901700258255,
          "z": 0
        },
        {
          "x": 0,
          "y": 0.69098299741745,
          "z": 0.80901700258255
        },
        {
          "x": 0.30901700258255005,
          "y": -0.80901700258255,
          "z": -0.6180340051651001
        },
        {
          "x": 0,
          "y": -0.69098299741745,
          "z": -0.80901700258255
        },
        {
          "x": -1,
          "y": 0.30901700258255005,
          "z": 0.19098301231861115
        },
        {
          "x": -0.80901700258255,
          "y": 0,
          "z": 0.69098299741745
        },
        {
          "x": -0.6180340051651001,
          "y": 0.30901700258255005,
          "z": 0.80901700258255
        },
        {
          "x": 1,
          "y": -0.30901700258255005,
          "z": 0.19098301231861115
        },
        {
          "x": -0.30901700258255005,
          "y": -0.80901700258255,
          "z": -0.6180340051651001
        },
        {
          "x": -1,
          "y": 0.30901700258255005,
          "z": -0.19098301231861115
        },
        {
          "x": -1,
          "y": -0.30901700258255005,
          "z": -0.19098301231861115
        },
        {
          "x": -1,
          "y": -0.30901700258255005,
          "z": 0.19098301231861115
        },
        {
          "x": 0.19098301231861115,
          "y": 1,
          "z": -0.30901700258255005
        },
        {
          "x": -0.80901700258255,
          "y": 0.6180340051651001,
          "z": -0.30901700258255005
        },
        {
          "x": -0.19098301231861115,
          "y": 1,
          "z": -0.30901700258255005
        },
        {
          "x": -0.30901700258255005,
          "y": 0.80901700258255,
          "z": -0.6180340051651001
        },
        {
          "x": -0.6180340051651001,
          "y": -0.30901700258255005,
          "z": 0.80901700258255
        },
        {
          "x": 0.30901700258255005,
          "y": 0.19098301231861115,
          "z": 1
        },
        {
          "x": -0.30901700258255005,
          "y": 0.19098301231861115,
          "z": -1
        },
        {
          "x": -0.30901700258255005,
          "y": 0.19098301231861115,
          "z": 1
        },
        {
          "x": -0.30901700258255005,
          "y": -0.19098301231861115,
          "z": 1
        },
        {
          "x": 0.30901700258255005,
          "y": -0.19098301231861115,
          "z": 1
        },
        {
          "x": 0.69098299741745,
          "y": -0.80901700258255,
          "z": 0
        },
        {
          "x": -0.80901700258255,
          "y": 0,
          "z": -0.69098299741745
        },
        {
          "x": -0.6180340051651001,
          "y": -0.30901700258255005,
          "z": -0.80901700258255
        },
        {
          "x": -0.30901700258255005,
          "y": -0.19098301231861115,
          "z": -1
        },
        {
          "x": -0.6180340051651001,
          "y": 0.30901700258255005,
          "z": -0.80901700258255
        },
        {
          "x": -0.80901700258255,
          "y": -0.6180340051651001,
          "z": -0.30901700258255005
        }
      ],
      "faces": [
        {
          "vertices": [
            0,
            1,
            2
          ]
        },
        {
          "vertices": [
            3,
            4,
            5,
            6
          ]
        },
        {
          "vertices": [
            7,
            8,
            9,
            10
          ]
        },
        {
          "vertices": [
            11,
            12,
            13,
            14
          ]
        },
        {
          "vertices": [
            15,
            16,
            17,
            18
          ]
        },
        {
          "vertices": [
            11,
            14,
            19
          ]
        },
        {
          "vertices": [
            0,
            21,
            20,
            8,
            7
          ]
        },
        {
          "vertices": [
            3,
            19,
            22,
            23,
            4
          ]
        },
        {
          "vertices": [
            7,
            10,
            54
          ]
        },
        {
          "vertices": [
            24,
            25,
            26,
            27
          ]
        },
        {
          "vertices": [
            13,
            28,
            18,
            17,
            14
          ]
        },
        {
          "vertices": [
            4,
            23,
            29,
            30
          ]
        },
        {
          "vertices": [
            8,
            20,
            31,
            32
          ]
        },
        {
          "vertices": [
            26,
            33,
            30,
            29,
            27
          ]
        },
        {
          "vertices": [
            13,
            34,
            35,
            28
          ]
        },
        {
          "vertices": [
            10,
            34,
            12,
            54
          ]
        },
        {
          "vertices": [
            25,
            36,
            37,
            38
          ]
        },
        {
          "vertices": [
            3,
            6,
            39
          ]
        },
        {
          "vertices": [
            1,
            39,
            6,
            2
          ]
        },
        {
          "vertices": [
            9,
            40,
            35,
            34,
            10
          ]
        },
        {
          "vertices": [
            36,
            41,
            42,
            43
          ]
        },
        {
          "vertices": [
            24,
            46,
            47,
            45
          ]
        },
        {
          "vertices": [
            23,
            44,
            29
          ]
        },
        {
          "vertices": [
            24,
            45,
            41,
            36,
            25
          ]
        },
        {
          "vertices": [
            20,
            48,
            31
          ]
        },
        {
          "vertices": [
            5,
            30,
            33,
            49
          ]
        },
        {
          "vertices": [
            1,
            54,
            12,
            11,
            39
          ]
        },
        {
          "vertices": [
            15,
            18,
            50
          ]
        },
        {
          "vertices": [
            49,
            51,
            52,
            53
          ]
        },
        {
          "vertices": [
            33,
            51,
            49
          ]
        },
        {
          "vertices": [
            15,
            47,
            46,
            44,
            16
          ]
        },
        {
          "vertices": [
            12,
            34,
            13
          ]
        },
        {
          "vertices": [
            27,
            29,
            44,
            46
          ]
        },
        {
          "vertices": [
            4,
            30,
            5
          ]
        },
        {
          "vertices": [
            2,
            6,
            5,
            49,
            53
          ]
        },
        {
          "vertices": [
            41,
            55,
            42
          ]
        },
        {
          "vertices": [
            35,
            40,
            56,
            57
          ]
        },
        {
          "vertices": [
            18,
            28,
            57,
            50
          ]
        },
        {
          "vertices": [
            50,
            57,
            56,
            55,
            58
          ]
        },
        {
          "vertices": [
            0,
            7,
            54,
            1
          ]
        },
        {
          "vertices": [
            15,
            50,
            58,
            47
          ]
        },
        {
          "vertices": [
            24,
            27,
            46
          ]
        },
        {
          "vertices": [
            21,
            53,
            52
          ]
        },
        {
          "vertices": [
            45,
            47,
            58
          ]
        },
        {
          "vertices": [
            3,
            39,
            11,
            19
          ]
        },
        {
          "vertices": [
            14,
            17,
            22,
            19
          ]
        },
        {
          "vertices": [
            37,
            48,
            52,
            51,
            38
          ]
        },
        {
          "vertices": [
            16,
            44,
            23,
            22
          ]
        },
        {
          "vertices": [
            9,
            32,
            59,
            40
          ]
        },
        {
          "vertices": [
            26,
            38,
            51,
            33
          ]
        },
        {
          "vertices": [
            0,
            2,
            53,
            21
          ]
        },
        {
          "vertices": [
            41,
            45,
            58,
            55
          ]
        },
        {
          "vertices": [
            8,
            32,
            9
          ]
        },
        {
          "vertices": [
            16,
            22,
            17
          ]
        },
        {
          "vertices": [
            28,
            35,
            57
          ]
        },
        {
          "vertices": [
            40,
            59,
            56
          ]
        },
        {
          "vertices": [
            25,
            38,
            26
          ]
        },
        {
          "vertices": [
            20,
            21,
            52,
            48
          ]
        },
        {
          "vertices": [
            42,
            55,
            56,
            59
          ]
        },
        {
          "vertices": [
            31,
            48,
            37,
            43
          ]
        },
        {
          "vertices": [
            31,
            43,
            42,
            59,
            32
          ]
        },
        {
          "vertices": [
            36,
            43,
            37
          ]
        }
      ]
    },
    "s5870305702538696": {
      "id": "s5870305702538696",
      "orbit": "[[0,0,1],[2,-1,1]]",
      "length": "[0,1,1]",
      "vertices": [
        {
          "x": 0.80901700258255,
          "y": 0,
          "z": -0.69098299741745
        },
        {
          "x": 1,
          "y": 0.30901700258255005,
          "z": -0.19098301231861115
        },
        {
          "x": 4.736067771911621,
          "y": 0.30901700258255005,
          "z": -1.6180340051651
        },
        {
          "x": 4.5450849533081055,
          "y": 0,
          "z": -2.1180338859558105
        },
        {
          "x": 10.090169906616211,
          "y": 0.30901700258255005,
          "z": -4.0450849533081055
        },
        {
          "x": 1,
          "y": -0.30901700258255005,
          "z": -0.19098301231861115
        },
        {
          "x": 4.736067771911621,
          "y": -0.30901700258255005,
          "z": -1.6180340051651
        },
        {
          "x": 6.35410213470459,
          "y": 0.30901700258255005,
          "z": -2.6180338859558105
        },
        {
          "x": 6.5450849533081055,
          "y": 0,
          "z": -2.1180338859558105
        },
        {
          "x": 11.090169906616211,
          "y": 0,
          "z": -4.236067771911621
        },
        {
          "x": 6.35410213470459,
          "y": -0.30901700258255005,
          "z": -2.6180338859558105
        },
        {
          "x": 10.281152725219727,
          "y": 0,
          "z": -3.5450849533081055
        },
        {
          "x": 10.090169906616211,
          "y": -0.30901700258255005,
          "z": -4.0450849533081055
        }
      ],
      "faces": [
        {
          "vertices": [
            0,
            1,
            2,
            3
          ]
        },
        {
          "vertices": [
            0,
            3,
            6,
            5
          ]
        },
        {
          "vertices": [
            1,
            5,
            6,
            2
          ]
        },
        {
          "vertices": [
            2,
            7,
            3
          ]
        },
        {
          "vertices": [
            2,
            6,
            8
          ]
        },
        {
          "vertices": [
            3,
            10,
            6
          ]
        },
        {
          "vertices": [
            4,
            12,
            10,
            7
          ]
        },
        {
          "vertices": [
            4,
            7,
            8,
            11
          ]
        },
        {
          "vertices": [
            6,
            10,
            8
          ]
        },
        {
          "vertices": [
            8,
            10,
            12,
            11
          ]
        },
        {
          "vertices": [
            2,
            8,
            7
          ]
        },
        {
          "vertices": [
            3,
            7,
            10
          ]
        }
      ]
    },
    "s7353777694708661": {
      "id": "s7353777694708661",
      "orbit": "[[0,0,1],[0,0,1]]",
      "length": "[1,0,1]",
      "vertices": [
        {
          "x": 7.4721360206604,
          "y": 0.30901700258255005,
          "z": 0.19098301231861115
        },
        {
          "x": 7.4721360206604,
          "y": 0.30901700258255005,
          "z": -0.19098301231861115
        },
        {
          "x": 1,
          "y": 0.30901700258255005,
          "z": -0.19098301231861115
        },
        {
          "x": 1,
          "y": 0.30901700258255005,
          "z": 0.19098301231861115
        },
        {
          "x": 7.4721360206604,
          "y": -0.30901700258255005,
          "z": 0.19098301231861115
        },
        {
          "x": 1,
          "y": -0.30901700258255005,
          "z": 0.19098301231861115
        },
        {
          "x": 1,
          "y": -0.30901700258255005,
          "z": -0.19098301231861115
        },
        {
          "x": 7.4721360206604,
          "y": -0.30901700258255005,
          "z": -0.19098301231861115
        },
        {
          "x": 8.472135543823242,
          "y": 0,
          "z": 0
        }
      ],
      "faces": [
        {
          "vertices": [
            0,
            1,
            2,
            3
          ]
        },
        {
          "vertices": [
            4,
            5,
            6,
            7
          ]
        },
        {
          "vertices": [
            0,
            3,
            5,
            4
          ]
        },
        {
          "vertices": [
            1,
            7,
            6,
            2
          ]
        }
      ]
    }
  },
  "instances": [
    {
      "id": "5008959683698788",
      "position": [
        6.85410213470459,
        6.85410213470459,
        6.85410213470459
      ],
      "orientation": -1,
      "color": "#f2f2f2",
      "selected": false,
      "shapeId": "s23110261114312491",
      "type": "ball",
      "label": null
    },
    {
      "id": "7744670883956231",
      "position": [
        11.090169906616211,
        0,
        4.236067771911621
      ],
      "orientation": -1,
      "color": "#f2f2f2",
      "selected": false,
      "shapeId": "s23110261114312491",
      "type": "ball",
      "label": null
    },
    {
      "id": "19782441335965184",
      "position": [
        4.236067771911621,
        11.090169906616211,
        0
      ],
      "orientation": -1,
      "color": "#f2f2f2",
      "selected": false,
      "shapeId": "s23110261114312491",
      "type": "ball",
      "label": null
    },
    {
      "id": "493405764297294",
      "position": [
        0,
        4.236067771911621,
        11.090169906616211
      ],
      "orientation": -1,
      "color": "#f2f2f2",
      "selected": false,
      "shapeId": "s23110261114312491",
      "type": "ball",
      "label": null
    },
    {
      "id": "944641678243719",
      "position": [
        11.090169906616211,
        0,
        -4.236067771911621
      ],
      "orientation": -1,
      "color": "#f2f2f2",
      "selected": false,
      "shapeId": "s23110261114312491",
      "type": "ball",
      "label": null
    },
    {
      "id": "383389702878576",
      "position": [
        -4.236067771911621,
        11.090169906616211,
        0
      ],
      "orientation": -1,
      "color": "#f2f2f2",
      "selected": false,
      "shapeId": "s23110261114312491",
      "type": "ball",
      "label": null
    },
    {
      "id": "4457295992956922",
      "position": [
        0,
        -4.236067771911621,
        11.090169906616211
      ],
      "orientation": -1,
      "color": "#f2f2f2",
      "selected": false,
      "shapeId": "s23110261114312491",
      "type": "ball",
      "label": null
    },
    {
      "id": "30886356494580003",
      "position": [
        6.85410213470459,
        6.85410213470459,
        -6.85410213470459
      ],
      "orientation": -1,
      "color": "#f2f2f2",
      "selected": false,
      "shapeId": "s23110261114312491",
      "type": "ball",
      "label": null
    },
    {
      "id": "34001236129899737",
      "position": [
        -6.85410213470459,
        6.85410213470459,
        6.85410213470459
      ],
      "orientation": -1,
      "color": "#f2f2f2",
      "selected": false,
      "shapeId": "s23110261114312491",
      "type": "ball",
      "label": null
    },
    {
      "id": "4695984572994454",
      "position": [
        6.85410213470459,
        -6.85410213470459,
        6.85410213470459
      ],
      "orientation": -1,
      "color": "#f2f2f2",
      "selected": false,
      "shapeId": "s23110261114312491",
      "type": "ball",
      "label": null
    },
    {
      "id": "05260910200612878",
      "position": [
        6.85410213470459,
        -6.85410213470459,
        -6.85410213470459
      ],
      "orientation": -1,
      "color": "#f2f2f2",
      "selected": false,
      "shapeId": "s23110261114312491",
      "type": "ball",
      "label": null
    },
    {
      "id": "5285781557041656",
      "position": [
        4.236067771911621,
        -11.090169906616211,
        0
      ],
      "orientation": -1,
      "color": "#f2f2f2",
      "selected": false,
      "shapeId": "s23110261114312491",
      "type": "ball",
      "label": null
    },
    {
      "id": "8059476932794218",
      "position": [
        0,
        -4.236067771911621,
        -11.090169906616211
      ],
      "orientation": -1,
      "color": "#f2f2f2",
      "selected": false,
      "shapeId": "s23110261114312491",
      "type": "ball",
      "label": null
    },
    {
      "id": "9252854165931024",
      "position": [
        -4.236067771911621,
        -11.090169906616211,
        0
      ],
      "orientation": -1,
      "color": "#f2f2f2",
      "selected": false,
      "shapeId": "s23110261114312491",
      "type": "ball",
      "label": null
    },
    {
      "id": "945803858654849",
      "position": [
        0,
        4.236067771911621,
        -11.090169906616211
      ],
      "orientation": -1,
      "color": "#f2f2f2",
      "selected": false,
      "shapeId": "s23110261114312491",
      "type": "ball",
      "label": null
    },
    {
      "id": "015292300416259952",
      "position": [
        -6.85410213470459,
        -6.85410213470459,
        -6.85410213470459
      ],
      "orientation": -1,
      "color": "#f2f2f2",
      "selected": false,
      "shapeId": "s23110261114312491",
      "type": "ball",
      "label": null
    },
    {
      "id": "9913765247922823",
      "position": [
