{
  "field" : "golden",
  "symmetry" : "icosahedral",
  "orientations" : [ [ 1.0, 0.0, 0.0, 0.0, 0.0, 1.0, 0.0, 0.0, 0.0, 0.0, 1.0, 0.0, 0.0, 0.0, 0.0, 1.0 ], [ 0.0, 0.0, 1.0, 0.0, 1.0, 0.0, 0.0, 0.0, 0.0, 1.0, 0.0, 0.0, 0.0, 0.0, 0.0, 1.0 ], [ 0.0, 1.0, 0.0, 0.0, 0.0, 0.0, 1.0, 0.0, 1.0, 0.0, 0.0, 0.0, 0.0, 0.0, 0.0, 1.0 ], [ 0.809017, 0.309017, 0.5, 0.0, 0.309017, 0.5, -0.809017, 0.0, -0.5, 0.809017, 0.309017, 0.0, 0.0, 0.0, 0.0, 1.0 ], [ -0.5, 0.809017, 0.309017, 0.0, 0.809017, 0.309017, 0.5, 0.0, 0.309017, 0.5, -0.809017, 0.0, 0.0, 0.0, 0.0, 1.0 ], [ 0.309017, 0.5, -0.809017, 0.0, -0.5, 0.809017, 0.309017, 0.0, 0.809017, 0.309017, 0.5, 0.0, 0.0, 0.0, 0.0, 1.0 ], [ 0.5, 0.809017, 0.309017, 0.0, 0.809017, -0.309017, -0.5, 0.0, -0.309017, 0.5, -0.809017, 0.0, 0.0, 0.0, 0.0, 1.0 ], [ -0.309017, 0.5, -0.809017, 0.0, 0.5, 0.809017, 0.309017, 0.0, 0.809017, -0.309017, -0.5, 0.0, 0.0, 0.0, 0.0, 1.0 ], [ 0.809017, -0.309017, -0.5, 0.0, -0.309017, 0.5, -0.809017, 0.0, 0.5, 0.809017, 0.309017, 0.0, 0.0, 0.0, 0.0, 1.0 ], [ 0.5, 0.809017, -0.309017, 0.0, 0.809017, -0.309017, 0.5, 0.0, 0.309017, -0.5, -0.809017, 0.0, 0.0, 0.0, 0.0, 1.0 ], [ 0.309017, -0.5, -0.809017, 0.0, 0.5, 0.809017, -0.309017, 0.0, 0.809017, -0.309017, 0.5, 0.0, 0.0, 0.0, 0.0, 1.0 ], [ 0.809017, -0.309017, 0.5, 0.0, 0.309017, -0.5, -0.809017, 0.0, 0.5, 0.809017, -0.309017, 0.0, 0.0, 0.0, 0.0, 1.0 ], [ 0.809017, 0.309017, -0.5, 0.0, 0.309017, 0.5, 0.809017, 0.0, 0.5, -0.809017, 0.309017, 0.0, 0.0, 0.0, 0.0, 1.0 ], [ 0.5, -0.809017, 0.309017, 0.0, 0.809017, 0.309017, -0.5, 0.0, 0.309017, 0.5, 0.809017, 0.0, 0.0, 0.0, 0.0, 1.0 ], [ 0.309017, 0.5, 0.809017, 0.0, 0.5, -0.809017, 0.309017, 0.0, 0.809017, 0.309017, -0.5, 0.0, 0.0, 0.0, 0.0, 1.0 ], [ 1.0, 0.0, 0.0, 0.0, 0.0, -1.0, 0.0, 0.0, 0.0, 0.0, -1.0, 0.0, 0.0, 0.0, 0.0, 1.0 ], [ 0.0, 0.0, 1.0, 0.0, -1.0, 0.0, 0.0, 0.0, 0.0, -1.0, 0.0, 0.0, 0.0, 0.0, 0.0, 1.0 ], [ 0.0, 1.0, 0.0, 0.0, 0.0, 0.0, -1.0, 0.0, -1.0, 0.0, 0.0, 0.0, 0.0, 0.0, 0.0, 1.0 ], [ 0.809017, 0.309017, 0.5, 0.0, -0.309017, -0.5, 0.809017, 0.0, 0.5, -0.809017, -0.309017, 0.0, 0.0, 0.0, 0.0, 1.0 ], [ -0.5, 0.809017, 0.309017, 0.0, -0.809017, -0.309017, -0.5, 0.0, -0.309017, -0.5, 0.809017, 0.0, 0.0, 0.0, 0.0, 1.0 ], [ 0.309017, 0.5, -0.809017, 0.0, 0.5, -0.809017, -0.309017, 0.0, -0.809017, -0.309017, -0.5, 0.0, 0.0, 0.0, 0.0, 1.0 ], [ 0.5, 0.809017, 0.309017, 0.0, -0.809017, 0.309017, 0.5, 0.0, 0.309017, -0.5, 0.809017, 0.0, 0.0, 0.0, 0.0, 1.0 ], [ -0.309017, 0.5, -0.809017, 0.0, -0.5, -0.809017, -0.309017, 0.0, -0.809017, 0.309017, 0.5, 0.0, 0.0, 0.0, 0.0, 1.0 ], [ 0.809017, -0.309017, -0.5, 0.0, 0.309017, -0.5, 0.809017, 0.0, -0.5, -0.809017, -0.309017, 0.0, 0.0, 0.0, 0.0, 1.0 ], [ 0.5, 0.809017, -0.309017, 0.0, -0.809017, 0.309017, -0.5, 0.0, -0.309017, 0.5, 0.809017, 0.0, 0.0, 0.0, 0.0, 1.0 ], [ 0.309017, -0.5, -0.809017, 0.0, -0.5, -0.809017, 0.309017, 0.0, -0.809017, 0.309017, -0.5, 0.0, 0.0, 0.0, 0.0, 1.0 ], [ 0.809017, -0.309017, 0.5, 0.0, -0.309017, 0.5, 0.809017, 0.0, -0.5, -0.809017, 0.309017, 0.0, 0.0, 0.0, 0.0, 1.0 ], [ 0.809017, 0.309017, -0.5, 0.0, -0.309017, -0.5, -0.809017, 0.0, -0.5, 0.809017, -0.309017, 0.0, 0.0, 0.0, 0.0, 1.0 ], [ 0.5, -0.809017, 0.309017, 0.0, -0.809017, -0.309017, 0.5, 0.0, -0.309017, -0.5, -0.809017, 0.0, 0.0, 0.0, 0.0, 1.0 ], [ 0.309017, 0.5, 0.809017, 0.0, -0.5, 0.809017, -0.309017, 0.0, -0.809017, -0.309017, 0.5, 0.0, 0.0, 0.0, 0.0, 1.0 ], [ -1.0, 0.0, 0.0, 0.0, 0.0, -1.0, 0.0, 0.0, 0.0, 0.0, 1.0, 0.0, 0.0, 0.0, 0.0, 1.0 ], [ 0.0, 0.0, -1.0, 0.0, -1.0, 0.0, 0.0, 0.0, 0.0, 1.0, 0.0, 0.0, 0.0, 0.0, 0.0, 1.0 ], [ 0.0, -1.0, 0.0, 0.0, 0.0, 0.0, -1.0, 0.0, 1.0, 0.0, 0.0, 0.0, 0.0, 0.0, 0.0, 1.0 ], [ -0.809017, -0.309017, -0.5, 0.0, -0.309017, -0.5, 0.809017, 0.0, -0.5, 0.809017, 0.309017, 0.0, 0.0, 0.0, 0.0, 1.0 ], [ 0.5, -0.809017, -0.309017, 0.0, -0.809017, -0.309017, -0.5, 0.0, 0.309017, 0.5, -0.809017, 0.0, 0.0, 0.0, 0.0, 1.0 ], [ -0.309017, -0.5, 0.809017, 0.0, 0.5, -0.809017, -0.309017, 0.0, 0.809017, 0.309017, 0.5, 0.0, 0.0, 0.0, 0.0, 1.0 ], [ -0.5, -0.809017, -0.309017, 0.0, -0.809017, 0.309017, 0.5, 0.0, -0.309017, 0.5, -0.809017, 0.0, 0.0, 0.0, 0.0, 1.0 ], [ 0.309017, -0.5, 0.809017, 0.0, -0.5, -0.809017, -0.309017, 0.0, 0.809017, -0.309017, -0.5, 0.0, 0.0, 0.0, 0.0, 1.0 ], [ -0.809017, 0.309017, 0.5, 0.0, 0.309017, -0.5, 0.809017, 0.0, 0.5, 0.809017, 0.309017, 0.0, 0.0, 0.0, 0.0, 1.0 ], [ -0.5, -0.809017, 0.309017, 0.0, -0.809017, 0.309017, -0.5, 0.0, 0.309017, -0.5, -0.809017, 0.0, 0.0, 0.0, 0.0, 1.0 ], [ -0.309017, 0.5, 0.809017, 0.0, -0.5, -0.809017, 0.309017, 0.0, 0.809017, -0.309017, 0.5, 0.0, 0.0, 0.0, 0.0, 1.0 ], [ -0.809017, 0.309017, -0.5, 0.0, -0.309017, 0.5, 0.809017, 0.0, 0.5, 0.809017, -0.309017, 0.0, 0.0, 0.0, 0.0, 1.0 ], [ -0.809017, -0.309017, 0.5, 0.0, -0.309017, -0.5, -0.809017, 0.0, 0.5, -0.809017, 0.309017, 0.0, 0.0, 0.0, 0.0, 1.0 ], [ -0.5, 0.809017, -0.309017, 0.0, -0.809017, -0.309017, 0.5, 0.0, 0.309017, 0.5, 0.809017, 0.0, 0.0, 0.0, 0.0, 1.0 ], [ -0.309017, -0.5, -0.809017, 0.0, -0.5, 0.809017, -0.309017, 0.0, 0.809017, 0.309017, -0.5, 0.0, 0.0, 0.0, 0.0, 1.0 ], [ -1.0, 0.0, 0.0, 0.0, 0.0, 1.0, 0.0, 0.0, 0.0, 0.0, -1.0, 0.0, 0.0, 0.0, 0.0, 1.0 ], [ 0.0, 0.0, -1.0, 0.0, 1.0, 0.0, 0.0, 0.0, 0.0, -1.0, 0.0, 0.0, 0.0, 0.0, 0.0, 1.0 ], [ 0.0, -1.0, 0.0, 0.0, 0.0, 0.0, 1.0, 0.0, -1.0, 0.0, 0.0, 0.0, 0.0, 0.0, 0.0, 1.0 ], [ -0.809017, -0.309017, -0.5, 0.0, 0.309017, 0.5, -0.809017, 0.0, 0.5, -0.809017, -0.309017, 0.0, 0.0, 0.0, 0.0, 1.0 ], [ 0.5, -0.809017, -0.309017, 0.0, 0.809017, 0.309017, 0.5, 0.0, -0.309017, -0.5, 0.809017, 0.0, 0.0, 0.0, 0.0, 1.0 ], [ -0.309017, -0.5, 0.809017, 0.0, -0.5, 0.809017, 0.309017, 0.0, -0.809017, -0.309017, -0.5, 0.0, 0.0, 0.0, 0.0, 1.0 ], [ -0.5, -0.809017, -0.309017, 0.0, 0.809017, -0.309017, -0.5, 0.0, 0.309017, -0.5, 0.809017, 0.0, 0.0, 0.0, 0.0, 1.0 ], [ 0.309017, -0.5, 0.809017, 0.0, 0.5, 0.809017, 0.309017, 0.0, -0.809017, 0.309017, 0.5, 0.0, 0.0, 0.0, 0.0, 1.0 ], [ -0.809017, 0.309017, 0.5, 0.0, -0.309017, 0.5, -0.809017, 0.0, -0.5, -0.809017, -0.309017, 0.0, 0.0, 0.0, 0.0, 1.0 ], [ -0.5, -0.809017, 0.309017, 0.0, 0.809017, -0.309017, 0.5, 0.0, -0.309017, 0.5, 0.809017, 0.0, 0.0, 0.0, 0.0, 1.0 ], [ -0.309017, 0.5, 0.809017, 0.0, 0.5, 0.809017, -0.309017, 0.0, -0.809017, 0.309017, -0.5, 0.0, 0.0, 0.0, 0.0, 1.0 ], [ -0.809017, 0.309017, -0.5, 0.0, 0.309017, -0.5, -0.809017, 0.0, -0.5, -0.809017, 0.309017, 0.0, 0.0, 0.0, 0.0, 1.0 ], [ -0.809017, -0.309017, 0.5, 0.0, 0.309017, 0.5, 0.809017, 0.0, -0.5, 0.809017, -0.309017, 0.0, 0.0, 0.0, 0.0, 1.0 ], [ -0.5, 0.809017, -0.309017, 0.0, 0.809017, 0.309017, -0.5, 0.0, -0.309017, -0.5, -0.809017, 0.0, 0.0, 0.0, 0.0, 1.0 ], [ -0.309017, -0.5, -0.809017, 0.0, 0.5, -0.809017, 0.309017, 0.0, -0.809017, -0.309017, 0.5, 0.0, 0.0, 0.0, 0.0, 1.0 ] ],
  "lights" : {
    "ambientColor" : "#292929",
    "backgroundColor" : "#AFC8DC",
    "directionalLights" : [ {
      "direction" : {
        "x" : 1.0,
        "y" : -1.0,
        "z" : -1.0
      },
      "color" : "#EBEBE4"
    }, {
      "direction" : {
        "x" : -1.0,
        "y" : 0.0,
        "z" : 0.0
      },
      "color" : "#E4E4EB"
    }, {
      "direction" : {
        "x" : 0.0,
        "y" : 0.0,
        "z" : -1.0
      },
      "color" : "#1E1E1E"
    } ]
  },
  "camera" : {
    "stereo" : false,
    "width" : 77.507286,
    "lookDirection" : {
      "x" : -0.39570767,
      "y" : -0.649093,
      "z" : -0.6496897
    },
    "upDirection" : {
      "x" : -0.891637,
      "y" : 0.102066666,
      "z" : 0.4410963
    },
    "lookAtPoint" : {
      "x" : 0.0,
      "y" : 0.0,
      "z" : 0.0
    },
    "perspective" : true,
    "viewDistance" : 172.23839,
    "nearClipDistance" : 0.43059605,
    "farClipDistance" : 344.47635,
    "fieldOfView" : 0.44262895,
    "position" : {
      "x" : 68.15605,
      "y" : 111.79873,
      "z" : 111.901505
    }
  },
  "embedding" : [ 1.0, 0.0, 0.0, 0.0, 0.0, 1.0, 0.0, 0.0, 0.0, 0.0, 1.0, 0.0, 0.0, 0.0, 0.0, 1.0 ],
  "shapes" : [ {
    "id" : "49b30411-76be-425b-801e-d5e2d72e9e91",
    "vertices" : [ {
      "x" : 4.236068,
      "y" : 0.309017,
      "z" : 0.19098301
    }, {
      "x" : 4.236068,
      "y" : 0.309017,
      "z" : -0.19098301
    }, {
      "x" : 1.0,
      "y" : 0.309017,
      "z" : -0.19098301
    }, {
      "x" : 1.0,
      "y" : 0.309017,
      "z" : 0.19098301
    }, {
      "x" : 4.236068,
      "y" : -0.309017,
      "z" : 0.19098301
    }, {
      "x" : 1.0,
      "y" : -0.309017,
      "z" : 0.19098301
    }, {
      "x" : 1.0,
      "y" : -0.309017,
      "z" : -0.19098301
    }, {
      "x" : 4.236068,
      "y" : -0.309017,
      "z" : -0.19098301
    }, {
      "x" : 5.236068,
      "y" : 0.0,
      "z" : 0.0
    } ],
    "faces" : [ {
      "vertices" : [ 1, 7, 6 ]
    }, {
      "vertices" : [ 1, 6, 2 ]
    }, {
      "vertices" : [ 0, 1, 2 ]
    }, {
      "vertices" : [ 0, 2, 3 ]
    }, {
      "vertices" : [ 4, 5, 6 ]
    }, {
      "vertices" : [ 4, 6, 7 ]
    }, {
      "vertices" : [ 0, 3, 5 ]
    }, {
      "vertices" : [ 0, 5, 4 ]
    } ]
  }, {
    "id" : "0fbc23c9-0e02-4f42-8d76-5416e9bbc4aa",
    "vertices" : [ {
      "x" : 7.472136,
      "y" : 0.309017,
      "z" : 0.19098301
    }, {
      "x" : 7.472136,
      "y" : 0.309017,
      "z" : -0.19098301
    }, {
      "x" : 1.0,
      "y" : 0.309017,
      "z" : -0.19098301
    }, {
      "x" : 1.0,
      "y" : 0.309017,
      "z" : 0.19098301
    }, {
      "x" : 7.472136,
      "y" : -0.309017,
      "z" : 0.19098301
    }, {
      "x" : 1.0,
      "y" : -0.309017,
      "z" : 0.19098301
    }, {
      "x" : 1.0,
      "y" : -0.309017,
      "z" : -0.19098301
    }, {
      "x" : 7.472136,
      "y" : -0.309017,
      "z" : -0.19098301
    }, {
      "x" : 8.472136,
      "y" : 0.0,
      "z" : 0.0
    } ],
    "faces" : [ {
      "vertices" : [ 1, 7, 6 ]
    }, {
      "vertices" : [ 1, 6, 2 ]
    }, {
      "vertices" : [ 0, 1, 2 ]
    }, {
      "vertices" : [ 0, 2, 3 ]
    }, {
      "vertices" : [ 4, 5, 6 ]
    }, {
      "vertices" : [ 4, 6, 7 ]
    }, {
      "vertices" : [ 0, 3, 5 ]
    }, {
      "vertices" : [ 0, 5, 4 ]
    } ]
  }, {
    "id" : "6f35cdfc-a02f-4c5b-a99d-971df5ea5745",
    "vertices" : [ {
      "x" : 0.309017,
      "y" : -0.809017,
      "z" : 0.618034
    }, {
      "x" : 0.809017,
      "y" : -0.618034,
      "z" : 0.309017
    }, {
      "x" : 0.618034,
      "y" : -0.309017,
      "z" : 0.809017
    }, {
      "x" : 1.0,
      "y" : 0.309017,
      "z" : 0.19098301
    }, {
      "x" : 0.809017,
      "y" : 0.618034,
      "z" : 0.309017
    }, {
      "x" : 0.618034,
      "y" : 0.309017,
      "z" : 0.809017
    }, {
      "x" : 0.809017,
      "y" : 0.0,
      "z" : 0.690983
    }, {
      "x" : 0.19098301,
      "y" : -1.0,
      "z" : 0.309017
    }, {
      "x" : -0.19098301,
      "y" : -1.0,
      "z" : 0.309017
    }, {
      "x" : -0.19098301,
      "y" : -1.0,
      "z" : -0.309017
    }, {
      "x" : 0.19098301,
      "y" : -1.0,
      "z" : -0.309017
    }, {
      "x" : 1.0,
      "y" : -0.309017,
      "z" : -0.19098301
    }, {
      "x" : 0.809017,
      "y" : -0.618034,
      "z" : -0.309017
    }, {
      "x" : 0.618034,
      "y" : -0.309017,
      "z" : -0.809017
    }, {
      "x" : 0.809017,
      "y" : 0.0,
      "z" : -0.690983
    }, {
      "x" : 0.0,
      "y" : 0.690983,
      "z" : -0.809017
    }, {
      "x" : 0.309017,
      "y" : 0.809017,
      "z" : -0.618034
    }, {
      "x" : 0.618034,
      "y" : 0.309017,
      "z" : -0.809017
    }, {
      "x" : 0.309017,
      "y" : 0.19098301,
      "z" : -1.0
    }, {
      "x" : 1.0,
      "y" : 0.309017,
      "z" : -0.19098301
    }, {
      "x" : -0.309017,
      "y" : -0.809017,
      "z" : 0.618034
    }, {
      "x" : 0.0,
      "y" : -0.690983,
      "z" : 0.809017
    }, {
      "x" : 0.809017,
      "y" : 0.618034,
      "z" : -0.309017
    }, {
      "x" : 0.690983,
      "y" : 0.809017,
      "z" : 0.0
    }, {
      "x" : -0.690983,
      "y" : 0.809017,
      "z" : 0.0
    }, {
      "x" : -0.809017,
      "y" : 0.618034,
      "z" : 0.309017
    }, {
      "x" : -0.309017,
      "y" : 0.809017,
      "z" : 0.618034
    }, {
      "x" : -0.19098301,
      "y" : 1.0,
      "z" : 0.309017
    }, {
      "x" : 0.309017,
      "y" : -0.19098301,
      "z" : -1.0
    }, {
      "x" : 0.19098301,
      "y" : 1.0,
      "z" : 0.309017
    }, {
      "x" : 0.309017,
      "y" : 0.809017,
      "z" : 0.618034
    }, {
      "x" : -0.809017,
      "y" : -0.618034,
      "z" : 0.309017
    }, {
      "x" : -0.690983,
      "y" : -0.809017,
      "z" : 0.0
    }, {
      "x" : 0.0,
      "y" : 0.690983,
      "z" : 0.809017
    }, {
      "x" : 0.309017,
      "y" : -0.809017,
      "z" : -0.618034
    }, {
      "x" : 0.0,
      "y" : -0.690983,
      "z" : -0.809017
    }, {
      "x" : -1.0,
      "y" : 0.309017,
      "z" : 0.19098301
    }, {
      "x" : -0.809017,
      "y" : 0.0,
      "z" : 0.690983
    }, {
      "x" : -0.618034,
      "y" : 0.309017,
      "z" : 0.809017
    }, {
      "x" : 1.0,
      "y" : -0.309017,
      "z" : 0.19098301
    }, {
      "x" : -0.309017,
      "y" : -0.809017,
      "z" : -0.618034
    }, {
      "x" : -1.0,
      "y" : 0.309017,
      "z" : -0.19098301
    }, {
      "x" : -1.0,
      "y" : -0.309017,
      "z" : -0.19098301
    }, {
      "x" : -1.0,
      "y" : -0.309017,
      "z" : 0.19098301
    }, {
      "x" : 0.19098301,
      "y" : 1.0,
      "z" : -0.309017
    }, {
      "x" : -0.809017,
      "y" : 0.618034,
      "z" : -0.309017
    }, {
      "x" : -0.19098301,
      "y" : 1.0,
      "z" : -0.309017
    }, {
      "x" : -0.309017,
      "y" : 0.809017,
      "z" : -0.618034
    }, {
      "x" : -0.618034,
      "y" : -0.309017,
      "z" : 0.809017
    }, {
      "x" : 0.309017,
      "y" : 0.19098301,
      "z" : 1.0
    }, {
      "x" : -0.309017,
      "y" : 0.19098301,
      "z" : -1.0
    }, {
      "x" : -0.309017,
      "y" : 0.19098301,
      "z" : 1.0
    }, {
      "x" : -0.309017,
      "y" : -0.19098301,
      "z" : 1.0
    }, {
      "x" : 0.309017,
      "y" : -0.19098301,
      "z" : 1.0
    }, {
      "x" : 0.690983,
      "y" : -0.809017,
      "z" : 0.0
    }, {
      "x" : -0.809017,
      "y" : 0.0,
      "z" : -0.690983
    }, {
      "x" : -0.618034,
      "y" : -0.309017,
      "z" : -0.809017
    }, {
      "x" : -0.309017,
      "y" : -0.19098301,
      "z" : -1.0
    }, {
      "x" : -0.618034,
      "y" : 0.309017,
      "z" : -0.809017
    }, {
      "x" : -0.809017,
      "y" : -0.618034,
      "z" : -0.309017
    } ],
    "faces" : [ {
      "vertices" : [ 9, 40, 35 ]
    }, {
      "vertices" : [ 9, 35, 34 ]
    }, {
      "vertices" : [ 9, 34, 10 ]
    }, {
      "vertices" : [ 0, 1, 2 ]
    }, {
      "vertices" : [ 33, 51, 49 ]
    }, {
      "vertices" : [ 25, 36, 37 ]
    }, {
      "vertices" : [ 25, 37, 38 ]
    }, {
      "vertices" : [ 41, 55, 42 ]
    }, {
      "vertices" : [ 9, 32, 59 ]
    }, {
      "vertices" : [ 9, 59, 40 ]
    }, {
      "vertices" : [ 20, 21, 52 ]
    }, {
      "vertices" : [ 20, 52, 48 ]
    }, {
      "vertices" : [ 26, 33, 30 ]
    }, {
      "vertices" : [ 26, 30, 29 ]
    }, {
      "vertices" : [ 26, 29, 27 ]
    }, {
      "vertices" : [ 3, 4, 5 ]
    }, {
      "vertices" : [ 3, 5, 6 ]
    }, {
      "vertices" : [ 27, 29, 44 ]
    }, {
      "vertices" : [ 27, 44, 46 ]
    }, {
      "vertices" : [ 50, 57, 56 ]
    }, {
      "vertices" : [ 50, 56, 55 ]
    }, {
      "vertices" : [ 50, 55, 58 ]
    }, {
      "vertices" : [ 26, 38, 51 ]
    }, {
      "vertices" : [ 26, 51, 33 ]
    }, {
      "vertices" : [ 45, 47, 58 ]
    }, {
      "vertices" : [ 18, 28, 57 ]
    }, {
      "vertices" : [ 18, 57, 50 ]
    }, {
      "vertices" : [ 40, 59, 56 ]
    }, {
      "vertices" : [ 31, 48, 37 ]
    }, {
      "vertices" : [ 31, 37, 43 ]
    }, {
      "vertices" : [ 7, 8, 9 ]
    }, {
      "vertices" : [ 7, 9, 10 ]
    }, {
      "vertices" : [ 36, 41, 42 ]
    }, {
      "vertices" : [ 36, 42, 43 ]
    }, {
      "vertices" : [ 24, 46, 47 ]
    }, {
      "vertices" : [ 24, 47, 45 ]
    }, {
      "vertices" : [ 4, 30, 5 ]
    }, {
      "vertices" : [ 15, 47, 46 ]
    }, {
      "vertices" : [ 15, 46, 44 ]
    }, {
      "vertices" : [ 15, 44, 16 ]
    }, {
      "vertices" : [ 15, 50, 58 ]
    }, {
      "vertices" : [ 15, 58, 47 ]
    }, {
      "vertices" : [ 24, 45, 41 ]
    }, {
      "vertices" : [ 24, 41, 36 ]
    }, {
      "vertices" : [ 24, 36, 25 ]
    }, {
      "vertices" : [ 11, 14, 19 ]
    }, {
      "vertices" : [ 3, 6, 39 ]
    }, {
      "vertices" : [ 1, 39, 6 ]
    }, {
      "vertices" : [ 1, 6, 2 ]
    }, {
      "vertices" : [ 8, 32, 9 ]
    }, {
      "vertices" : [ 11, 12, 13 ]
    }, {
      "vertices" : [ 11, 13, 14 ]
    }, {
      "vertices" : [ 16, 22, 17 ]
    }, {
      "vertices" : [ 0, 21, 20 ]
    }, {
      "vertices" : [ 0, 20, 8 ]
    }, {
      "vertices" : [ 0, 8, 7 ]
    }, {
      "vertices" : [ 12, 34, 13 ]
    }, {
      "vertices" : [ 35, 40, 56 ]
    }, {
      "vertices" : [ 35, 56, 57 ]
    }, {
      "vertices" : [ 0, 7, 54 ]
    }, {
      "vertices" : [ 0, 54, 1 ]
    }, {
      "vertices" : [ 15, 16, 17 ]
    }, {
      "vertices" : [ 15, 17, 18 ]
    }, {
      "vertices" : [ 3, 19, 22 ]
    }, {
      "vertices" : [ 3, 22, 23 ]
    }, {
      "vertices" : [ 3, 23, 4 ]
    }, {
      "vertices" : [ 7, 10, 54 ]
    }, {
      "vertices" : [ 41, 45, 58 ]
    }, {
      "vertices" : [ 41, 58, 55 ]
    }, {
      "vertices" : [ 3, 39, 11 ]
    }, {
      "vertices" : [ 3, 11, 19 ]
    }, {
      "vertices" : [ 14, 17, 22 ]
    }, {
      "vertices" : [ 14, 22, 19 ]
    }, {
      "vertices" : [ 0, 2, 53 ]
    }, {
      "vertices" : [ 0, 53, 21 ]
    }, {
      "vertices" : [ 49, 51, 52 ]
    }, {
      "vertices" : [ 49, 52, 53 ]
    }, {
      "vertices" : [ 31, 43, 42 ]
    }, {
      "vertices" : [ 31, 42, 59 ]
    }, {
      "vertices" : [ 31, 59, 32 ]
    }, {
      "vertices" : [ 15, 18, 50 ]
    }, {
      "vertices" : [ 42, 55, 56 ]
    }, {
      "vertices" : [ 42, 56, 59 ]
    }, {
      "vertices" : [ 4, 23, 29 ]
    }, {
      "vertices" : [ 4, 29, 30 ]
    }, {
      "vertices" : [ 25, 38, 26 ]
    }, {
      "vertices" : [ 13, 28, 18 ]
    }, {
      "vertices" : [ 13, 18, 17 ]
    }, {
      "vertices" : [ 13, 17, 14 ]
    }, {
      "vertices" : [ 8, 20, 31 ]
    }, {
      "vertices" : [ 8, 31, 32 ]
    }, {
      "vertices" : [ 23, 44, 29 ]
    }, {
      "vertices" : [ 24, 27, 46 ]
    }, {
      "vertices" : [ 37, 48, 52 ]
    }, {
      "vertices" : [ 37, 52, 51 ]
    }, {
      "vertices" : [ 37, 51, 38 ]
    }, {
      "vertices" : [ 20, 48, 31 ]
    }, {
      "vertices" : [ 24, 25, 26 ]
    }, {
      "vertices" : [ 24, 26, 27 ]
    }, {
      "vertices" : [ 16, 44, 23 ]
    }, {
      "vertices" : [ 16, 23, 22 ]
    }, {
      "vertices" : [ 13, 34, 35 ]
    }, {
      "vertices" : [ 13, 35, 28 ]
    }, {
      "vertices" : [ 10, 34, 12 ]
    }, {
      "vertices" : [ 10, 12, 54 ]
    }, {
      "vertices" : [ 2, 6, 5 ]
    }, {
      "vertices" : [ 2, 5, 49 ]
    }, {
      "vertices" : [ 2, 49, 53 ]
    }, {
      "vertices" : [ 36, 43, 37 ]
    }, {
      "vertices" : [ 5, 30, 33 ]
    }, {
      "vertices" : [ 5, 33, 49 ]
    }, {
      "vertices" : [ 1, 54, 12 ]
    }, {
      "vertices" : [ 1, 12, 11 ]
    }, {
      "vertices" : [ 1, 11, 39 ]
    }, {
      "vertices" : [ 28, 35, 57 ]
    }, {
      "vertices" : [ 21, 53, 52 ]
    } ]
  }, {
    "id" : "bad32534-de5d-49d9-a13e-a38aafa3609e",
    "vertices" : [ {
      "x" : 1.809017,
      "y" : 1.236068,
      "z" : 0.309017
    }, {
      "x" : 3.427051,
      "y" : 2.0,
      "z" : 0.309017
    }, {
      "x" : 3.236068,
      "y" : 2.309017,
      "z" : 0.19098301
    }, {
      "x" : 0.809017,
      "y" : 0.618034,
      "z" : -0.309017
    }, {
      "x" : 0.690983,
      "y" : 0.809017,
      "z" : 0.0
    }, {
      "x" : 1.690983,
      "y" : 1.427051,
      "z" : 0.0
    }, {
      "x" : 1.809017,
      "y" : 1.236068,
      "z" : -0.309017
    }, {
      "x" : 4.427051,
      "y" : 2.618034,
      "z" : 0.309017
    }, {
      "x" : 2.0,
      "y" : 0.927051,
      "z" : 0.19098301
    }, {
      "x" : 2.0,
      "y" : 0.927051,
      "z" : -0.19098301
    }, {
      "x" : 3.545085,
      "y" : 1.809017,
      "z" : 0.0
    }, {
      "x" : 3.427051,
      "y" : 2.0,
      "z" : -0.309017
    }, {
      "x" : 4.545085,
      "y" : 2.427051,
      "z" : 0.0
    }, {
      "x" : 1.0,
      "y" : 0.309017,
      "z" : 0.19098301
    }, {
      "x" : 1.0,
      "y" : 0.309017,
      "z" : -0.19098301
    }, {
      "x" : 0.809017,
      "y" : 0.618034,
      "z" : 0.309017
    }, {
      "x" : 4.236068,
      "y" : 2.927051,
      "z" : 0.19098301
    }, {
      "x" : 4.427051,
      "y" : 2.618034,
      "z" : -0.309017
    }, {
      "x" : 4.236068,
      "y" : 2.927051,
      "z" : -0.19098301
    }, {
      "x" : 5.236068,
      "y" : 3.236068,
      "z" : 0.0
    }, {
      "x" : 3.236068,
      "y" : 2.309017,
      "z" : -0.19098301
    } ],
    "faces" : [ {
      "vertices" : [ 3, 6, 9 ]
    }, {
      "vertices" : [ 3, 9, 14 ]
    }, {
      "vertices" : [ 11, 20, 18 ]
    }, {
      "vertices" : [ 11, 18, 17 ]
    }, {
      "vertices" : [ 0, 1, 2 ]
    }, {
      "vertices" : [ 0, 15, 13 ]
    }, {
      "vertices" : [ 0, 13, 8 ]
    }, {
      "vertices" : [ 6, 20, 11 ]
    }, {
      "vertices" : [ 0, 2, 5 ]
    }, {
      "vertices" : [ 0, 8, 1 ]
    }, {
      "vertices" : [ 8, 13, 14 ]
    }, {
      "vertices" : [ 8, 14, 9 ]
    }, {
      "vertices" : [ 3, 4, 5 ]
    }, {
      "vertices" : [ 3, 5, 6 ]
    }, {
      "vertices" : [ 10, 11, 17 ]
    }, {
      "vertices" : [ 10, 17, 12 ]
    }, {
      "vertices" : [ 1, 8, 10 ]
    }, {
      "vertices" : [ 0, 5, 4 ]
    }, {
      "vertices" : [ 0, 4, 15 ]
    }, {
      "vertices" : [ 2, 16, 18 ]
    }, {
      "vertices" : [ 2, 18, 20 ]
    }, {
      "vertices" : [ 1, 7, 16 ]
    }, {
      "vertices" : [ 1, 16, 2 ]
    }, {
      "vertices" : [ 6, 11, 9 ]
    }, {
      "vertices" : [ 8, 9, 10 ]
    }, {
      "vertices" : [ 2, 20, 5 ]
    }, {
      "vertices" : [ 9, 11, 10 ]
    }, {
      "vertices" : [ 1, 10, 12 ]
    }, {
      "vertices" : [ 1, 12, 7 ]
    }, {
      "vertices" : [ 5, 20, 6 ]
    } ]
  }, {
    "id" : "21c51e03-ba5c-4fe8-b86c-fc7eff49f20e",
    "vertices" : [ {
      "x" : 0.690983,
      "y" : 0.809017,
      "z" : 0.0
    }, {
      "x" : 0.809017,
      "y" : 0.618034,
      "z" : -0.309017
    }, {
      "x" : 0.809017,
      "y" : 0.618034,
      "z" : 0.309017
    }, {
      "x" : 1.0,
      "y" : 0.309017,
      "z" : -0.19098301
    }, {
      "x" : 1.0,
      "y" : 0.309017,
      "z" : 0.19098301
    }, {
      "x" : 1.618034,
      "y" : 0.42705098,
      "z" : -0.309017
    }, {
      "x" : 1.618034,
      "y" : 0.42705098,
      "z" : 0.309017
    }, {
      "x" : 1.618034,
      "y" : 0.809017,
      "z" : -0.309017
    }, {
      "x" : 1.618034,
      "y" : 0.809017,
      "z" : 0.309017
    }, {
      "x" : 6.854102,
      "y" : 2.427051,
      "z" : -0.309017
    }, {
      "x" : 6.854102,
      "y" : 2.427051,
      "z" : 0.309017
    }, {
      "x" : 6.854102,
      "y" : 2.809017,
      "z" : -0.309017
    }, {
      "x" : 6.854102,
      "y" : 2.809017,
      "z" : 0.309017
    }, {
      "x" : 7.472136,
      "y" : 2.927051,
      "z" : -0.19098301
    }, {
      "x" : 7.472136,
      "y" : 2.927051,
      "z" : 0.19098301
    }, {
      "x" : 7.663119,
      "y" : 2.618034,
      "z" : -0.309017
    }, {
      "x" : 7.663119,
      "y" : 2.618034,
      "z" : 0.309017
    }, {
      "x" : 7.7811527,
      "y" : 2.427051,
      "z" : 0.0
    }, {
      "x" : 8.472136,
      "y" : 3.236068,
      "z" : 0.0
    } ],
    "faces" : [ {
      "vertices" : [ 5, 7, 11 ]
    }, {
      "vertices" : [ 5, 11, 9 ]
    }, {
      "vertices" : [ 9, 11, 15 ]
    }, {
      "vertices" : [ 9, 17, 10 ]
    }, {
      "vertices" : [ 6, 10, 12 ]
    }, {
      "vertices" : [ 6, 12, 8 ]
    }, {
      "vertices" : [ 10, 16, 12 ]
    }, {
      "vertices" : [ 7, 8, 12 ]
    }, {
      "vertices" : [ 7, 12, 11 ]
    }, {
      "vertices" : [ 11, 13, 15 ]
    }, {
      "vertices" : [ 0, 7, 1 ]
    }, {
      "vertices" : [ 1, 5, 3 ]
    }, {
      "vertices" : [ 9, 15, 17 ]
    }, {
      "vertices" : [ 0, 2, 8 ]
    }, {
      "vertices" : [ 12, 16, 14 ]
    }, {
      "vertices" : [ 0, 1, 3 ]
    }, {
      "vertices" : [ 0, 3, 4 ]
    }, {
      "vertices" : [ 0, 4, 2 ]
    }, {
      "vertices" : [ 10, 17, 16 ]
    }, {
      "vertices" : [ 13, 14, 16 ]
    }, {
      "vertices" : [ 13, 16, 17 ]
    }, {
      "vertices" : [ 13, 17, 15 ]
    }, {
      "vertices" : [ 2, 4, 6 ]
    }, {
      "vertices" : [ 1, 7, 5 ]
    }, {
      "vertices" : [ 0, 8, 7 ]
    }, {
      "vertices" : [ 2, 6, 8 ]
    }, {
      "vertices" : [ 3, 5, 6 ]
    }, {
      "vertices" : [ 3, 6, 4 ]
    }, {
      "vertices" : [ 11, 12, 14 ]
    }, {
      "vertices" : [ 11, 14, 13 ]
    }, {
      "vertices" : [ 5, 9, 10 ]
    }, {
      "vertices" : [ 5, 10, 6 ]
    } ]
  }, {
    "id" : "efbe6ee4-9559-4df5-8cd7-4527e0cdb6fa",
    "vertices" : [ {
      "x" : 5.1405764,
      "y" : 1.7725425,
      "z" : -0.868034
    }, {
      "x" : 6.163119,
      "y" : 1.809017,
      "z" : -1.0
    }, {
      "x" : 5.1405764,
      "y" : 1.7725425,
      "z" : -0.48606798
    }, {
      "x" : 4.9495935,
      "y" : 2.0815594,
      "z" : -0.98606795
    }, {
      "x" : 4.9495935,
      "y" : 2.0815594,
      "z" : -0.60410196
    }, {
      "x" : 0.809017,
      "y" : 0.618034,
      "z" : 0.309017
    }, {
      "x" : 1.0,
      "y" : 0.309017,
      "z" : 0.19098301
    }, {
      "x" : 1.9045085,
      "y" : 0.5364745,
      "z" : -0.013932022
    }, {
      "x" : 5.854102,
      "y" : 2.309017,
      "z" : -1.190983
    }, {
      "x" : 6.045085,
      "y" : 2.0,
      "z" : -1.309017
    }, {
      "x" : 6.045085,
      "y" : 2.0,
      "z" : -0.690983
    }, {
      "x" : 5.854102,
      "y" : 2.309017,
      "z" : -0.809017
    }, {
      "x" : 1.7135255,
      "y" : 0.8454915,
      "z" : -0.13196601
    }, {
      "x" : 0.690983,
      "y" : 0.809017,
      "z" : 0.0
    }, {
      "x" : 1.9045085,
      "y" : 0.5364745,
      "z" : -0.39589804
    }, {
      "x" : 1.7135255,
      "y" : 0.8454915,
      "z" : -0.51393205
    }, {
      "x" : 0.809017,
      "y" : 0.618034,
      "z" : -0.309017
    }, {
      "x" : 1.0,
      "y" : 0.309017,
      "z" : -0.19098301
    }, {
      "x" : 6.854102,
      "y" : 2.618034,
      "z" : -1.0
    } ],
    "faces" : [ {
      "vertices" : [ 0, 14, 15 ]
    }, {
      "vertices" : [ 0, 15, 3 ]
    }, {
      "vertices" : [ 3, 15, 12 ]
    }, {
      "vertices" : [ 3, 12, 4 ]
    }, {
      "vertices" : [ 0, 1, 2 ]
    }, {
      "vertices" : [ 12, 15, 13 ]
    }, {
      "vertices" : [ 0, 9, 1 ]
    }, {
      "vertices" : [ 0, 3, 9 ]
    }, {
      "vertices" : [ 13, 15, 16 ]
    }, {
      "vertices" : [ 6, 17, 14 ]
    }, {
      "vertices" : [ 6, 14, 7 ]
    }, {
      "vertices" : [ 1, 10, 2 ]
    }, {
      "vertices" : [ 5, 6, 7 ]
    }, {
      "vertices" : [ 3, 8, 9 ]
    }, {
      "vertices" : [ 0, 2, 7 ]
    }, {
      "vertices" : [ 0, 7, 14 ]
    }, {
      "vertices" : [ 5, 7, 12 ]
    }, {
      "vertices" : [ 2, 4, 12 ]
    }, {
      "vertices" : [ 2, 12, 7 ]
    }, {
      "vertices" : [ 3, 4, 11 ]
    }, {
      "vertices" : [ 3, 11, 8 ]
    }, {
      "vertices" : [ 2, 10, 11 ]
    }, {
      "vertices" : [ 2, 11, 4 ]
    }, {
      "vertices" : [ 5, 12, 13 ]
    }, {
      "vertices" : [ 14, 17, 16 ]
    }, {
      "vertices" : [ 14, 16, 15 ]
    } ]
  } ],
  "instances" : [ {
    "shape" : "49b30411-76be-425b-801e-d5e2d72e9e91",
    "color" : "#007695",
    "position" : {
      "x" : 26.416409,
      "y" : 20.562305,
      "z" : 6.854102
    },
    "orientation" : 25
  }, {
    "shape" : "0fbc23c9-0e02-4f42-8d76-5416e9bbc4aa",
    "color" : "#007695",
    "position" : {
      "x" : 2.618034,
      "y" : -26.416409,
      "z" : 11.09017
    },
    "orientation" : 0
  }, {
    "shape" : "6f35cdfc-a02f-4c5b-a99d-971df5ea5745",
    "color" : "#FFFFFF",
    "position" : {
      "x" : -17.944271,
      "y" : -20.562305,
      "z" : 6.854102
    }
  }, {
    "shape" : "bad32534-de5d-49d9-a13e-a38aafa3609e",
    "color" : "#AF0000",
    "position" : {
      "x" : 24.798374,
      "y" : 17.944271,
      "z" : -2.618034
    },
    "orientation" : 2
  }, {
    "shape" : "6f35cdfc-a02f-4c5b-a99d-971df5ea5745",
    "color" : "#FFFFFF",
    "position" : {
      "x" : 18.944271,
      "y" : -13.708204,
      "z" : -9.472136
    }
  }, {
    "shape" : "21c51e03-ba5c-4fe8-b86c-fc7eff49f20e",
    "color" : "#6C00C6",
    "position" : {
      "x" : 11.09017,
      "y" : 26.416409,
      "z" : 11.09017
    },
    "orientation" : 18
  }, {
    "shape" : "49b30411-76be-425b-801e-d5e2d72e9e91",
    "color" : "#007695",
    "position" : {
      "x" : 30.652475,
      "y" : 13.708204,
      "z" : 9.472136
    },
    "orientation" : 25
  }, {
    "shape" : "6f35cdfc-a02f-4c5b-a99d-971df5ea5745",
    "color" : "#FFFFFF",
    "position" : {
      "x" : 23.18034,
      "y" : -15.326238,
      "z" : 15.326238
    }
  }, {
    "shape" : "6f35cdfc-a02f-4c5b-a99d-971df5ea5745",
    "color" : "#FFFFFF",
    "position" : {
      "x" : 12.09017,
      "y" : -11.09017,
      "z" : -13.708204
    }
  }, {
    "shape" : "6f35cdfc-a02f-4c5b-a99d-971df5ea5745",
    "color" : "#FFFFFF",
    "position" : {
      "x" : -20.562305,
      "y" : -24.798374,
      "z" : -8.472136
    }
  }, {
    "shape" : "21c51e03-ba5c-4fe8-b86c-fc7eff49f20e",
    "color" : "#6C00C6",
    "position" : {
      "x" : -20.562305,
      "y" : 24.798374,
      "z" : -8.472136
    },
    "orientation" : 12
  }, {
    "shape" : "49b30411-76be-425b-801e-d5e2d72e9e91",
    "color" : "#007695",
    "position" : {
      "x" : -26.416409,
      "y" : 20.562305,
      "z" : -6.854102
    },
    "orientation" : 40
  }, {
    "shape" : "6f35cdfc-a02f-4c5b-a99d-971df5ea5745",
    "color" : "#FFFFFF",
    "position" : {
      "x" : -12.708204,
      "y" : -29.034441,
      "z" : -6.854102
    }
  }, {
    "shape" : "efbe6ee4-9559-4df5-8cd7-4527e0cdb6fa",
    "color" : "#008D36",
    "position" : {
      "x" : 16.326239,
      "y" : 4.236068,
      "z" : 19.562305
    },
    "orientation" : 3
  }, {
    "shape" : "bad32534-de5d-49d9-a13e-a38aafa3609e",
    "color" : "#AF0000",
    "position" : {
      "x" : -2.618034,
      "y" : 31.652475,
      "z" : 2.618034
    },
    "orientation" : 47
  }, {
    "shape" : "49b30411-76be-425b-801e-d5e2d72e9e91",
    "color" : "#007695",
    "position" : {
      "x" : -4.236068,
      "y" : -29.034441,
      "z" : 6.854102
    },
    "orientation" : 25
  }, {
    "shape" : "bad32534-de5d-49d9-a13e-a38aafa3609e",
    "color" : "#AF0000",
    "position" : {
      "x" : -24.798374,
      "y" : 17.944271,
      "z" : 2.618034
    },
    "orientation" : 47
  }, {
    "shape" : "efbe6ee4-9559-4df5-8cd7-4527e0cdb6fa",
    "color" : "#008D36",
    "position" : {
      "x" : -23.18034,
      "y" : 15.326238,
      "z" : -15.326238
    },
    "orientation" : 39
  }, {
    "shape" : "0fbc23c9-0e02-4f42-8d76-5416e9bbc4aa",
    "color" : "#007695",
    "position" : {
      "x" : 23.18034,
      "y" : 15.326238,
      "z" : 15.326238
    },
    "orientation" : 54
  }, {
    "shape" : "6f35cdfc-a02f-4c5b-a99d-971df5ea5745",
    "color" : "#FFFFFF",
    "position" : {
      "x" : 3.236068,
      "y" : 22.18034,
      "z" : -12.708204
    }
  }, {
    "shape" : "6f35cdfc-a02f-4c5b-a99d-971df5ea5745",
    "color" : "#FFFFFF",
    "position" : {
      "x" : 32.27051,
      "y" : 11.09017,
      "z" : 5.236068
    }
  }, {
    "shape" : "6f35cdfc-a02f-4c5b-a99d-971df5ea5745",
    "color" : "#FFFFFF",
    "position" : {
      "x" : -12.09017,
      "y" : 11.09017,
      "z" : 13.708204
    }
  }, {
    "shape" : "efbe6ee4-9559-4df5-8cd7-4527e0cdb6fa",
    "color" : "#008D36",
    "position" : {
      "x" : -3.236068,
      "y" : -22.18034,
      "z" : 12.708204
    },
    "orientation" : 1
  }, {
    "shape" : "0fbc23c9-0e02-4f42-8d76-5416e9bbc4aa",
    "color" : "#007695",
    "position" : {
      "x" : 5.854102,
      "y" : 31.652475,
      "z" : 2.618034
    },
    "orientation" : 45
  }, {
    "shape" : "efbe6ee4-9559-4df5-8cd7-4527e0cdb6fa",
    "color" : "#008D36",
    "position" : {
      "x" : 3.236068,
      "y" : -22.18034,
      "z" : -12.708204
    },
    "orientation" : 46
  }, {
    "shape" : "0fbc23c9-0e02-4f42-8d76-5416e9bbc4aa",
    "color" : "#007695",
    "position" : {
      "x" : 7.854102,
      "y" : 4.236068,
      "z" : -16.326239
    },
    "orientation" : 16
  }, {
    "shape" : "6f35cdfc-a02f-4c5b-a99d-971df5ea5745",
    "color" : "#FFFFFF",
    "position" : {
      "x" : -4.236068,
      "y" : -15.326238,
      "z" : 15.326238
    }
  }, {
    "shape" : "efbe6ee4-9559-4df5-8cd7-4527e0cdb6fa",
    "color" : "#008D36",
    "position" : {
      "x" : 23.18034,
      "y" : 15.326238,
      "z" : 15.326238
    },
    "orientation" : 24
  }, {
    "shape" : "49b30411-76be-425b-801e-d5e2d72e9e91",
    "color" : "#007695",
    "position" : {
      "x" : 30.652475,
      "y" : -13.708204,
      "z" : 9.472136
    },
    "orientation" : 52
  }, {
    "shape" : "0fbc23c9-0e02-4f42-8d76-5416e9bbc4aa",
    "color" : "#007695",
    "position" : {
      "x" : -5.854102,
      "y" : -31.652475,
      "z" : -2.618034
    },
    "orientation" : 56
  }, {
    "shape" : "6f35cdfc-a02f-4c5b-a99d-971df5ea5745",
    "color" : "#FFFFFF",
    "position" : {
      "x" : 7.854102,
      "y" : -4.236068,
      "z" : -16.326239
    }
  }, {
    "shape" : "6f35cdfc-a02f-4c5b-a99d-971df5ea5745",
    "color" : "#FFFFFF",
    "position" : {
      "x" : 12.09017,
      "y" : 11.09017,
      "z" : -13.708204
    }
  }, {
    "shape" : "6f35cdfc-a02f-4c5b-a99d-971df5ea5745",
    "color" : "#FFFFFF",
    "position" : {
      "x" : 30.652475,
      "y" : 13.708204,
      "z" : 9.472136
    }
  }, {
    "shape" : "0fbc23c9-0e02-4f42-8d76-5416e9bbc4aa",
    "color" : "#007695",
    "position" : {
      "x" : 18.944271,
      "y" : 13.708204,
      "z" : -9.472136
    },
    "orientation" : 53
  }, {
    "shape" : "0fbc23c9-0e02-4f42-8d76-5416e9bbc4aa",
    "color" : "#007695",
    "position" : {
      "x" : 23.18034,
      "y" : -15.326238,
      "z" : 15.326238
    },
    "orientation" : 36
  }, {
    "shape" : "0fbc23c9-0e02-4f42-8d76-5416e9bbc4aa",
    "color" : "#007695",
    "position" : {
      "x" : -25.798374,
      "y" : -11.09017,
      "z" : 5.236068
    },
    "orientation" : 54
  }, {
    "shape" : "6f35cdfc-a02f-4c5b-a99d-971df5ea5745",
    "color" : "#FFFFFF",
    "position" : {
      "x" : 18.944271,
      "y" : -22.18034,
      "z" : 12.708204
    }
  }, {
    "shape" : "0fbc23c9-0e02-4f42-8d76-5416e9bbc4aa",
    "color" : "#007695",
    "position" : {
      "x" : -25.798374,
      "y" : 11.09017,
      "z" : 5.236068
    },
    "orientation" : 36
  }, {
    "shape" : "6f35cdfc-a02f-4c5b-a99d-971df5ea5745",
    "color" : "#FFFFFF",
    "position" : {
      "x" : 24.798374,
      "y" : -17.944271,
      "z" : -2.618034
    }
  }, {
    "shape" : "6f35cdfc-a02f-4c5b-a99d-971df5ea5745",
    "color" : "#FFFFFF",
    "position" : {
      "x" : 24.798374,
      "y" : 17.944271,
      "z" : -2.618034
    }
  }, {
    "shape" : "6f35cdfc-a02f-4c5b-a99d-971df5ea5745",
    "color" : "#FFFFFF",
    "position" : {
      "x" : 20.562305,
      "y" : -24.798374,
      "z" : 8.472136
    }
  }, {
    "shape" : "6f35cdfc-a02f-4c5b-a99d-971df5ea5745",
    "color" : "#FFFFFF",
    "position" : {
      "x" : 16.326239,
      "y" : 4.236068,
      "z" : 19.562305
    }
  }, {
    "shape" : "efbe6ee4-9559-4df5-8cd7-4527e0cdb6fa",
    "color" : "#008D36",
    "position" : {
      "x" : -20.562305,
      "y" : 24.798374,
      "z" : -8.472136
    },
    "orientation" : 39
  }, {
    "shape" : "6f35cdfc-a02f-4c5b-a99d-971df5ea5745",
    "color" : "#FFFFFF",
    "position" : {
      "x" : 17.944271,
      "y" : -20.562305,
      "z" : -6.854102
    }
  }, {
    "shape" : "6f35cdfc-a02f-4c5b-a99d-971df5ea5745",
    "color" : "#FFFFFF",
    "position" : {
      "x" : -2.618034,
      "y" : -26.416409,
      "z" : -11.09017
    }
  }, {
    "shape" : "efbe6ee4-9559-4df5-8cd7-4527e0cdb6fa",
    "color" : "#008D36",
    "position" : {
      "x" : 17.944271,
      "y" : -20.562305,
      "z" : -6.854102
    },
    "orientation" : 46
  }, {
    "shape" : "0fbc23c9-0e02-4f42-8d76-5416e9bbc4aa",
    "color" : "#007695",
    "position" : {
      "x" : 12.708204,
      "y" : -29.034441,
      "z" : 6.854102
    },
    "orientation" : 53
  }, {
    "shape" : "21c51e03-ba5c-4fe8-b86c-fc7eff49f20e",
    "color" : "#6C00C6",
    "position" : {
      "x" : 12.09017,
      "y" : -11.09017,
      "z" : -13.708204
    },
    "orientation" : 33
  }, {
    "shape" : "6f35cdfc-a02f-4c5b-a99d-971df5ea5745",
    "color" : "#FFFFFF",
    "position" : {
      "x" : -7.854102,
      "y" : 4.236068,
      "z" : -19.562305
    }
  }, {
    "shape" : "0fbc23c9-0e02-4f42-8d76-5416e9bbc4aa",
    "color" : "#007695",
    "position" : {
      "x" : 4.236068,
      "y" : -15.326238,
      "z" : -15.326238
    },
    "orientation" : 54
  }, {
    "shape" : "efbe6ee4-9559-4df5-8cd7-4527e0cdb6fa",
    "color" : "#008D36",
    "position" : {
      "x" : 17.944271,
      "y" : 20.562305,
      "z" : -6.854102
    },
    "orientation" : 28
  }, {
    "shape" : "6f35cdfc-a02f-4c5b-a99d-971df5ea5745",
    "color" : "#FFFFFF",
    "position" : {
      "x" : 28.034441,
      "y" : 17.944271,
      "z" : 2.618034
    }
  }, {
    "shape" : "21c51e03-ba5c-4fe8-b86c-fc7eff49f20e",
    "color" : "#6C00C6",
    "position" : {
      "x" : 17.944271,
      "y" : 20.562305,
      "z" : -6.854102
    },
    "orientation" : 57
  }, {
    "shape" : "6f35cdfc-a02f-4c5b-a99d-971df5ea5745",
    "color" : "#FFFFFF",
    "position" : {
      "x" : -30.034441,
      "y" : 4.236068,
      "z" : 2.618034
    }
  }, {
    "shape" : "6f35cdfc-a02f-4c5b-a99d-971df5ea5745",
    "color" : "#FFFFFF",
    "position" : {
      "x" : -18.944271,
      "y" : -13.708204,
      "z" : 9.472136
    }
  }, {
    "shape" : "6f35cdfc-a02f-4c5b-a99d-971df5ea5745",
    "color" : "#FFFFFF",
    "position" : {
      "x" : -33.27051,
      "y" : 4.236068,
      "z" : -2.618034
    }
  }, {
    "shape" : "bad32534-de5d-49d9-a13e-a38aafa3609e",
    "color" : "#AF0000",
    "position" : {
      "x" : -5.854102,
      "y" : -31.652475,
      "z" : -2.618034
    },
    "orientation" : 2
  }, {
    "shape" : "0fbc23c9-0e02-4f42-8d76-5416e9bbc4aa",
    "color" : "#007695",
    "position" : {
      "x" : 33.27051,
      "y" : 4.236068,
      "z" : 2.618034
    },
    "orientation" : 16
  }, {
    "shape" : "0fbc23c9-0e02-4f42-8d76-5416e9bbc4aa",
    "color" : "#007695",
    "position" : {
      "x" : -23.18034,
      "y" : -15.326238,
      "z" : -15.326238
    },
    "orientation" : 21
  }, {
    "shape" : "21c51e03-ba5c-4fe8-b86c-fc7eff49f20e",
    "color" : "#6C00C6",
    "position" : {
      "x" : -7.854102,
      "y" : 4.236068,
      "z" : -19.562305
    },
    "orientation" : 12
  }, {
    "shape" : "6f35cdfc-a02f-4c5b-a99d-971df5ea5745",
    "color" : "#FFFFFF",
    "position" : {
      "x" : -7.854102,
      "y" : 4.236068,
      "z" : 16.326239
    }
  }, {
    "shape" : "49b30411-76be-425b-801e-d5e2d72e9e91",
    "color" : "#007695",
    "position" : {
      "x" : 4.236068,
      "y" : -29.034441,
      "z" : -6.854102
    },
    "orientation" : 40
  }, {
    "shape" : "6f35cdfc-a02f-4c5b-a99d-971df5ea5745",
    "color" : "#FFFFFF",
    "position" : {
      "x" : -4.236068,
      "y" : 15.326238,
      "z" : 15.326238
    }
  }, {
