{
  "field" : "golden",
  "symmetry" : "icosahedral",
  "orientations" : [ [ 1.0, 0.0, 0.0, 0.0, 0.0, 1.0, 0.0, 0.0, 0.0, 0.0, 1.0, 0.0, 0.0, 0.0, 0.0, 1.0 ], [ 0.0, 0.0, 1.0, 0.0, 1.0, 0.0, 0.0, 0.0, 0.0, 1.0, 0.0, 0.0, 0.0, 0.0, 0.0, 1.0 ], [ 0.0, 1.0, 0.0, 0.0, 0.0, 0.0, 1.0, 0.0, 1.0, 0.0, 0.0, 0.0, 0.0, 0.0, 0.0, 1.0 ], [ 0.809017, 0.309017, 0.5, 0.0, 0.309017, 0.5, -0.809017, 0.0, -0.5, 0.809017, 0.309017, 0.0, 0.0, 0.0, 0.0, 1.0 ], [ -0.5, 0.809017, 0.309017, 0.0, 0.809017, 0.309017, 0.5, 0.0, 0.309017, 0.5, -0.809017, 0.0, 0.0, 0.0, 0.0, 1.0 ], [ 0.309017, 0.5, -0.809017, 0.0, -0.5, 0.809017, 0.309017, 0.0, 0.809017, 0.309017, 0.5, 0.0, 0.0, 0.0, 0.0, 1.0 ], [ 0.5, 0.809017, 0.309017, 0.0, 0.809017, -0.309017, -0.5, 0.0, -0.309017, 0.5, -0.809017, 0.0, 0.0, 0.0, 0.0, 1.0 ], [ -0.309017, 0.5, -0.809017, 0.0, 0.5, 0.809017, 0.309017, 0.0, 0.809017, -0.309017, -0.5, 0.0, 0.0, 0.0, 0.0, 1.0 ], [ 0.809017, -0.309017, -0.5, 0.0, -0.309017, 0.5, -0.809017, 0.0, 0.5, 0.809017, 0.309017, 0.0, 0.0, 0.0, 0.0, 1.0 ], [ 0.5, 0.809017, -0.309017, 0.0, 0.809017, -0.309017, 0.5, 0.0, 0.309017, -0.5, -0.809017, 0.0, 0.0, 0.0, 0.0, 1.0 ], [ 0.309017, -0.5, -0.809017, 0.0, 0.5, 0.809017, -0.309017, 0.0, 0.809017, -0.309017, 0.5, 0.0, 0.0, 0.0, 0.0, 1.0 ], [ 0.809017, -0.309017, 0.5, 0.0, 0.309017, -0.5, -0.809017, 0.0, 0.5, 0.809017, -0.309017, 0.0, 0.0, 0.0, 0.0, 1.0 ], [ 0.809017, 0.309017, -0.5, 0.0, 0.309017, 0.5, 0.809017, 0.0, 0.5, -0.809017, 0.309017, 0.0, 0.0, 0.0, 0.0, 1.0 ], [ 0.5, -0.809017, 0.309017, 0.0, 0.809017, 0.309017, -0.5, 0.0, 0.309017, 0.5, 0.809017, 0.0, 0.0, 0.0, 0.0, 1.0 ], [ 0.309017, 0.5, 0.809017, 0.0, 0.5, -0.809017, 0.309017, 0.0, 0.809017, 0.309017, -0.5, 0.0, 0.0, 0.0, 0.0, 1.0 ], [ 1.0, 0.0, 0.0, 0.0, 0.0, -1.0, 0.0, 0.0, 0.0, 0.0, -1.0, 0.0, 0.0, 0.0, 0.0, 1.0 ], [ 0.0, 0.0, 1.0, 0.0, -1.0, 0.0, 0.0, 0.0, 0.0, -1.0, 0.0, 0.0, 0.0, 0.0, 0.0, 1.0 ], [ 0.0, 1.0, 0.0, 0.0, 0.0, 0.0, -1.0, 0.0, -1.0, 0.0, 0.0, 0.0, 0.0, 0.0, 0.0, 1.0 ], [ 0.809017, 0.309017, 0.5, 0.0, -0.309017, -0.5, 0.809017, 0.0, 0.5, -0.809017, -0.309017, 0.0, 0.0, 0.0, 0.0, 1.0 ], [ -0.5, 0.809017, 0.309017, 0.0, -0.809017, -0.309017, -0.5, 0.0, -0.309017, -0.5, 0.809017, 0.0, 0.0, 0.0, 0.0, 1.0 ], [ 0.309017, 0.5, -0.809017, 0.0, 0.5, -0.809017, -0.309017, 0.0, -0.809017, -0.309017, -0.5, 0.0, 0.0, 0.0, 0.0, 1.0 ], [ 0.5, 0.809017, 0.309017, 0.0, -0.809017, 0.309017, 0.5, 0.0, 0.309017, -0.5, 0.809017, 0.0, 0.0, 0.0, 0.0, 1.0 ], [ -0.309017, 0.5, -0.809017, 0.0, -0.5, -0.809017, -0.309017, 0.0, -0.809017, 0.309017, 0.5, 0.0, 0.0, 0.0, 0.0, 1.0 ], [ 0.809017, -0.309017, -0.5, 0.0, 0.309017, -0.5, 0.809017, 0.0, -0.5, -0.809017, -0.309017, 0.0, 0.0, 0.0, 0.0, 1.0 ], [ 0.5, 0.809017, -0.309017, 0.0, -0.809017, 0.309017, -0.5, 0.0, -0.309017, 0.5, 0.809017, 0.0, 0.0, 0.0, 0.0, 1.0 ], [ 0.309017, -0.5, -0.809017, 0.0, -0.5, -0.809017, 0.309017, 0.0, -0.809017, 0.309017, -0.5, 0.0, 0.0, 0.0, 0.0, 1.0 ], [ 0.809017, -0.309017, 0.5, 0.0, -0.309017, 0.5, 0.809017, 0.0, -0.5, -0.809017, 0.309017, 0.0, 0.0, 0.0, 0.0, 1.0 ], [ 0.809017, 0.309017, -0.5, 0.0, -0.309017, -0.5, -0.809017, 0.0, -0.5, 0.809017, -0.309017, 0.0, 0.0, 0.0, 0.0, 1.0 ], [ 0.5, -0.809017, 0.309017, 0.0, -0.809017, -0.309017, 0.5, 0.0, -0.309017, -0.5, -0.809017, 0.0, 0.0, 0.0, 0.0, 1.0 ], [ 0.309017, 0.5, 0.809017, 0.0, -0.5, 0.809017, -0.309017, 0.0, -0.809017, -0.309017, 0.5, 0.0, 0.0, 0.0, 0.0, 1.0 ], [ -1.0, 0.0, 0.0, 0.0, 0.0, -1.0, 0.0, 0.0, 0.0, 0.0, 1.0, 0.0, 0.0, 0.0, 0.0, 1.0 ], [ 0.0, 0.0, -1.0, 0.0, -1.0, 0.0, 0.0, 0.0, 0.0, 1.0, 0.0, 0.0, 0.0, 0.0, 0.0, 1.0 ], [ 0.0, -1.0, 0.0, 0.0, 0.0, 0.0, -1.0, 0.0, 1.0, 0.0, 0.0, 0.0, 0.0, 0.0, 0.0, 1.0 ], [ -0.809017, -0.309017, -0.5, 0.0, -0.309017, -0.5, 0.809017, 0.0, -0.5, 0.809017, 0.309017, 0.0, 0.0, 0.0, 0.0, 1.0 ], [ 0.5, -0.809017, -0.309017, 0.0, -0.809017, -0.309017, -0.5, 0.0, 0.309017, 0.5, -0.809017, 0.0, 0.0, 0.0, 0.0, 1.0 ], [ -0.309017, -0.5, 0.809017, 0.0, 0.5, -0.809017, -0.309017, 0.0, 0.809017, 0.309017, 0.5, 0.0, 0.0, 0.0, 0.0, 1.0 ], [ -0.5, -0.809017, -0.309017, 0.0, -0.809017, 0.309017, 0.5, 0.0, -0.309017, 0.5, -0.809017, 0.0, 0.0, 0.0, 0.0, 1.0 ], [ 0.309017, -0.5, 0.809017, 0.0, -0.5, -0.809017, -0.309017, 0.0, 0.809017, -0.309017, -0.5, 0.0, 0.0, 0.0, 0.0, 1.0 ], [ -0.809017, 0.309017, 0.5, 0.0, 0.309017, -0.5, 0.809017, 0.0, 0.5, 0.809017, 0.309017, 0.0, 0.0, 0.0, 0.0, 1.0 ], [ -0.5, -0.809017, 0.309017, 0.0, -0.809017, 0.309017, -0.5, 0.0, 0.309017, -0.5, -0.809017, 0.0, 0.0, 0.0, 0.0, 1.0 ], [ -0.309017, 0.5, 0.809017, 0.0, -0.5, -0.809017, 0.309017, 0.0, 0.809017, -0.309017, 0.5, 0.0, 0.0, 0.0, 0.0, 1.0 ], [ -0.809017, 0.309017, -0.5, 0.0, -0.309017, 0.5, 0.809017, 0.0, 0.5, 0.809017, -0.309017, 0.0, 0.0, 0.0, 0.0, 1.0 ], [ -0.809017, -0.309017, 0.5, 0.0, -0.309017, -0.5, -0.809017, 0.0, 0.5, -0.809017, 0.309017, 0.0, 0.0, 0.0, 0.0, 1.0 ], [ -0.5, 0.809017, -0.309017, 0.0, -0.809017, -0.309017, 0.5, 0.0, 0.309017, 0.5, 0.809017, 0.0, 0.0, 0.0, 0.0, 1.0 ], [ -0.309017, -0.5, -0.809017, 0.0, -0.5, 0.809017, -0.309017, 0.0, 0.809017, 0.309017, -0.5, 0.0, 0.0, 0.0, 0.0, 1.0 ], [ -1.0, 0.0, 0.0, 0.0, 0.0, 1.0, 0.0, 0.0, 0.0, 0.0, -1.0, 0.0, 0.0, 0.0, 0.0, 1.0 ], [ 0.0, 0.0, -1.0, 0.0, 1.0, 0.0, 0.0, 0.0, 0.0, -1.0, 0.0, 0.0, 0.0, 0.0, 0.0, 1.0 ], [ 0.0, -1.0, 0.0, 0.0, 0.0, 0.0, 1.0, 0.0, -1.0, 0.0, 0.0, 0.0, 0.0, 0.0, 0.0, 1.0 ], [ -0.809017, -0.309017, -0.5, 0.0, 0.309017, 0.5, -0.809017, 0.0, 0.5, -0.809017, -0.309017, 0.0, 0.0, 0.0, 0.0, 1.0 ], [ 0.5, -0.809017, -0.309017, 0.0, 0.809017, 0.309017, 0.5, 0.0, -0.309017, -0.5, 0.809017, 0.0, 0.0, 0.0, 0.0, 1.0 ], [ -0.309017, -0.5, 0.809017, 0.0, -0.5, 0.809017, 0.309017, 0.0, -0.809017, -0.309017, -0.5, 0.0, 0.0, 0.0, 0.0, 1.0 ], [ -0.5, -0.809017, -0.309017, 0.0, 0.809017, -0.309017, -0.5, 0.0, 0.309017, -0.5, 0.809017, 0.0, 0.0, 0.0, 0.0, 1.0 ], [ 0.309017, -0.5, 0.809017, 0.0, 0.5, 0.809017, 0.309017, 0.0, -0.809017, 0.309017, 0.5, 0.0, 0.0, 0.0, 0.0, 1.0 ], [ -0.809017, 0.309017, 0.5, 0.0, -0.309017, 0.5, -0.809017, 0.0, -0.5, -0.809017, -0.309017, 0.0, 0.0, 0.0, 0.0, 1.0 ], [ -0.5, -0.809017, 0.309017, 0.0, 0.809017, -0.309017, 0.5, 0.0, -0.309017, 0.5, 0.809017, 0.0, 0.0, 0.0, 0.0, 1.0 ], [ -0.309017, 0.5, 0.809017, 0.0, 0.5, 0.809017, -0.309017, 0.0, -0.809017, 0.309017, -0.5, 0.0, 0.0, 0.0, 0.0, 1.0 ], [ -0.809017, 0.309017, -0.5, 0.0, 0.309017, -0.5, -0.809017, 0.0, -0.5, -0.809017, 0.309017, 0.0, 0.0, 0.0, 0.0, 1.0 ], [ -0.809017, -0.309017, 0.5, 0.0, 0.309017, 0.5, 0.809017, 0.0, -0.5, 0.809017, -0.309017, 0.0, 0.0, 0.0, 0.0, 1.0 ], [ -0.5, 0.809017, -0.309017, 0.0, 0.809017, 0.309017, -0.5, 0.0, -0.309017, -0.5, -0.809017, 0.0, 0.0, 0.0, 0.0, 1.0 ], [ -0.309017, -0.5, -0.809017, 0.0, 0.5, -0.809017, 0.309017, 0.0, -0.809017, -0.309017, 0.5, 0.0, 0.0, 0.0, 0.0, 1.0 ] ],
  "lights" : {
    "ambientColor" : "#292929",
    "backgroundColor" : "#AFC8DC",
    "directionalLights" : [ {
      "direction" : [ 1.0, -1.0, -1.0 ],
      "color" : "#EBEBE4"
    }, {
      "direction" : [ -1.0, 0.0, 0.0 ],
      "color" : "#E4E4EB"
    }, {
      "direction" : [ 0.0, 0.0, -1.0 ],
      "color" : "#1E1E1E"
    } ]
  },
  "camera" : {
    "viewDistance" : 272.83835,
    "nearClipDistance" : 0.6820959,
    "farClipDistance" : 545.67664,
    "lookAtPoint" : {
      "x" : 0.0,
      "y" : 0.0,
      "z" : 0.0
    },
    "fieldOfView" : 0.44262892,
    "perspective" : true,
    "lookDirection" : {
      "x" : -0.088691406,
      "y" : 0.9534998,
      "z" : 0.28804937
    },
    "upDirection" : {
      "x" : -0.3627608,
      "y" : 0.23840773,
      "z" : -0.9008694
    },
    "stereo" : false,
    "width" : 122.77727,
    "position" : {
      "x" : 24.198418,
      "y" : -260.1513,
      "z" : -78.59091
    }
  },
  "embedding" : [ 1.0, 0.0, 0.0, 0.0, 0.0, 1.0, 0.0, 0.0, 0.0, 0.0, 1.0, 0.0, 0.0, 0.0, 0.0, 1.0 ],
  "shapes" : [ {
    "id" : "73761d67-89de-420a-8bb7-ecd254b187c4",
    "vertices" : [ {
      "x" : 0.16311896,
      "y" : 0.66311896,
      "z" : 0.76393205
    }, {
      "x" : 4.454915,
      "y" : 4.954915,
      "z" : 7.708204
    }, {
      "x" : 4.763932,
      "y" : 5.072949,
      "z" : 7.517221
    }, {
      "x" : 0.47213596,
      "y" : 0.78115296,
      "z" : 0.572949
    }, {
      "x" : 5.236068,
      "y" : 5.236068,
      "z" : 8.472136
    }, {
      "x" : 0.78115296,
      "y" : 0.28115296,
      "z" : 0.76393205
    }, {
      "x" : 0.18033989,
      "y" : 0.18033989,
      "z" : 0.29179606
    }, {
      "x" : 5.072949,
      "y" : 4.572949,
      "z" : 7.708204
    }, {
      "x" : 4.763932,
      "y" : 4.454915,
      "z" : 7.899187
    }, {
      "x" : 0.47213596,
      "y" : 0.16311896,
      "z" : 0.95491505
    }, {
      "x" : 5.055728,
      "y" : 5.055728,
      "z" : 8.18034
    } ],
    "faces" : [ {
      "vertices" : [ 2, 7, 5 ]
    }, {
      "vertices" : [ 2, 5, 3 ]
    }, {
      "vertices" : [ 0, 9, 8 ]
    }, {
      "vertices" : [ 0, 8, 1 ]
    }, {
      "vertices" : [ 2, 10, 7 ]
    }, {
      "vertices" : [ 1, 8, 10 ]
    }, {
      "vertices" : [ 5, 9, 6 ]
    }, {
      "vertices" : [ 0, 1, 2 ]
    }, {
      "vertices" : [ 0, 2, 3 ]
    }, {
      "vertices" : [ 0, 3, 6 ]
    }, {
      "vertices" : [ 7, 10, 8 ]
    }, {
      "vertices" : [ 5, 7, 8 ]
    }, {
      "vertices" : [ 5, 8, 9 ]
    }, {
      "vertices" : [ 1, 10, 2 ]
    }, {
      "vertices" : [ 3, 5, 6 ]
    }, {
      "vertices" : [ 0, 6, 9 ]
    } ]
  }, {
    "id" : "dcc74244-ba12-4f2f-90e3-43be7a9edeab",
    "vertices" : [ {
      "x" : 6.545085,
      "y" : 2.5,
      "z" : -0.95491505
    }, {
      "x" : 6.163119,
      "y" : 2.045085,
      "z" : -0.76393205
    }, {
      "x" : 6.0,
      "y" : 2.309017,
      "z" : -1.190983
    }, {
      "x" : 5.927051,
      "y" : 2.572949,
      "z" : -1.0
    }, {
      "x" : 0.85410196,
      "y" : 0.309017,
      "z" : 0.19098301
    }, {
      "x" : 0.690983,
      "y" : 0.572949,
      "z" : -0.23606798
    }, {
      "x" : 0.309017,
      "y" : 0.11803399,
      "z" : -0.045084972
    }, {
      "x" : 0.76393205,
      "y" : 0.309017,
      "z" : -0.42705098
    }, {
      "x" : 0.927051,
      "y" : 0.045084972,
      "z" : 0.0
    }, {
      "x" : 6.09017,
      "y" : 2.309017,
      "z" : -0.572949
    }, {
      "x" : 6.854102,
      "y" : 2.618034,
      "z" : -1.0
    } ],
    "faces" : [ {
      "vertices" : [ 2, 7, 5 ]
    }, {
      "vertices" : [ 2, 5, 3 ]
    }, {
      "vertices" : [ 1, 8, 7 ]
    }, {
      "vertices" : [ 1, 7, 2 ]
    }, {
      "vertices" : [ 4, 6, 8 ]
    }, {
      "vertices" : [ 5, 7, 6 ]
    }, {
      "vertices" : [ 0, 1, 2 ]
    }, {
      "vertices" : [ 0, 2, 3 ]
    }, {
      "vertices" : [ 6, 7, 8 ]
    }, {
      "vertices" : [ 3, 5, 4 ]
    }, {
      "vertices" : [ 3, 4, 9 ]
    }, {
      "vertices" : [ 1, 9, 4 ]
    }, {
      "vertices" : [ 1, 4, 8 ]
    }, {
      "vertices" : [ 0, 9, 1 ]
    }, {
      "vertices" : [ 0, 3, 9 ]
    }, {
      "vertices" : [ 4, 5, 6 ]
    } ]
  }, {
    "id" : "ef784937-9774-47a2-8291-10acbe7e9646",
    "vertices" : [ {
      "x" : -0.309017,
      "y" : -0.19098301,
      "z" : 0.0
    }, {
      "x" : -0.309017,
      "y" : 0.19098301,
      "z" : 0.0
    }, {
      "x" : -0.19098301,
      "y" : 0.0,
      "z" : -0.309017
    }, {
      "x" : -0.19098301,
      "y" : 0.0,
      "z" : 0.309017
    }, {
      "x" : 0.0,
      "y" : -0.309017,
      "z" : -0.19098301
    }, {
      "x" : 0.0,
      "y" : -0.309017,
      "z" : 0.19098301
    }, {
      "x" : 0.0,
      "y" : 0.309017,
      "z" : -0.19098301
    }, {
      "x" : 0.0,
      "y" : 0.309017,
      "z" : 0.19098301
    }, {
      "x" : 0.19098301,
      "y" : 0.0,
      "z" : -0.309017
    }, {
      "x" : 0.19098301,
      "y" : 0.0,
      "z" : 0.309017
    }, {
      "x" : 0.309017,
      "y" : -0.19098301,
      "z" : 0.0
    }, {
      "x" : 0.309017,
      "y" : 0.19098301,
      "z" : 0.0
    } ],
    "faces" : [ {
      "vertices" : [ 0, 1, 2 ]
    }, {
      "vertices" : [ 0, 3, 1 ]
    }, {
      "vertices" : [ 0, 2, 4 ]
    }, {
      "vertices" : [ 0, 5, 3 ]
    }, {
      "vertices" : [ 0, 4, 5 ]
    }, {
      "vertices" : [ 1, 6, 2 ]
    }, {
      "vertices" : [ 1, 3, 7 ]
    }, {
      "vertices" : [ 1, 7, 6 ]
    }, {
      "vertices" : [ 2, 8, 4 ]
    }, {
      "vertices" : [ 2, 6, 8 ]
    }, {
      "vertices" : [ 3, 5, 9 ]
    }, {
      "vertices" : [ 3, 9, 7 ]
    }, {
      "vertices" : [ 4, 10, 5 ]
    }, {
      "vertices" : [ 4, 8, 10 ]
    }, {
      "vertices" : [ 5, 10, 9 ]
    }, {
      "vertices" : [ 6, 7, 11 ]
    }, {
      "vertices" : [ 6, 11, 8 ]
    }, {
      "vertices" : [ 7, 9, 11 ]
    }, {
      "vertices" : [ 8, 11, 10 ]
    }, {
      "vertices" : [ 9, 10, 11 ]
    } ]
  }, {
    "id" : "0e099383-74ac-4d6a-a3bf-d35d753ca0c2",
    "vertices" : [ {
      "x" : 1.0,
      "y" : 0.309017,
      "z" : 0.19098301
    }, {
      "x" : 1.0,
      "y" : -0.309017,
      "z" : 0.19098301
    }, {
      "x" : 2.236068,
      "y" : -0.309017,
      "z" : 0.19098301
    }, {
      "x" : 2.236068,
      "y" : 0.309017,
      "z" : 0.19098301
    }, {
      "x" : 2.236068,
      "y" : -0.309017,
      "z" : -0.19098301
    }, {
      "x" : 2.236068,
      "y" : 0.309017,
      "z" : -0.19098301
    }, {
      "x" : 2.854102,
      "y" : 0.0,
      "z" : 0.0
    }, {
      "x" : 0.38196602,
      "y" : 0.0,
      "z" : 0.0
    }, {
      "x" : 1.0,
      "y" : 0.309017,
      "z" : -0.19098301
    }, {
      "x" : 1.0,
      "y" : -0.309017,
      "z" : -0.19098301
    }, {
      "x" : 3.236068,
      "y" : 0.0,
      "z" : 0.0
    } ],
    "faces" : [ {
      "vertices" : [ 1, 9, 4 ]
    }, {
      "vertices" : [ 1, 4, 2 ]
    }, {
      "vertices" : [ 0, 3, 5 ]
    }, {
      "vertices" : [ 0, 5, 8 ]
    }, {
      "vertices" : [ 1, 7, 9 ]
    }, {
      "vertices" : [ 0, 1, 2 ]
    }, {
      "vertices" : [ 0, 2, 3 ]
    }, {
      "vertices" : [ 7, 8, 9 ]
    }, {
      "vertices" : [ 0, 7, 1 ]
    }, {
      "vertices" : [ 4, 9, 8 ]
    }, {
      "vertices" : [ 4, 8, 5 ]
    }, {
      "vertices" : [ 2, 6, 3 ]
    }, {
      "vertices" : [ 2, 4, 6 ]
    }, {
      "vertices" : [ 3, 6, 5 ]
    }, {
      "vertices" : [ 4, 5, 6 ]
    }, {
      "vertices" : [ 0, 8, 7 ]
    } ]
  }, {
    "id" : "b3fc8ac6-26ee-4d14-b577-e52b45ff005b",
    "vertices" : [ {
      "x" : 1.0,
      "y" : 0.309017,
      "z" : 0.19098301
    }, {
      "x" : 1.0,
      "y" : -0.309017,
      "z" : 0.19098301
    }, {
      "x" : 4.236068,
      "y" : -0.309017,
      "z" : 0.19098301
    }, {
      "x" : 4.236068,
      "y" : 0.309017,
      "z" : 0.19098301
    }, {
      "x" : 4.236068,
      "y" : -0.309017,
      "z" : -0.19098301
    }, {
      "x" : 4.236068,
      "y" : 0.309017,
      "z" : -0.19098301
    }, {
      "x" : 4.854102,
      "y" : 0.0,
      "z" : 0.0
    }, {
      "x" : 0.38196602,
      "y" : 0.0,
      "z" : 0.0
    }, {
      "x" : 1.0,
      "y" : 0.309017,
      "z" : -0.19098301
    }, {
      "x" : 1.0,
      "y" : -0.309017,
      "z" : -0.19098301
    }, {
      "x" : 5.236068,
      "y" : 0.0,
      "z" : 0.0
    } ],
    "faces" : [ {
      "vertices" : [ 1, 9, 4 ]
    }, {
      "vertices" : [ 1, 4, 2 ]
    }, {
      "vertices" : [ 0, 3, 5 ]
    }, {
      "vertices" : [ 0, 5, 8 ]
    }, {
      "vertices" : [ 1, 7, 9 ]
    }, {
      "vertices" : [ 0, 1, 2 ]
    }, {
      "vertices" : [ 0, 2, 3 ]
    }, {
      "vertices" : [ 7, 8, 9 ]
    }, {
      "vertices" : [ 0, 7, 1 ]
    }, {
      "vertices" : [ 4, 9, 8 ]
    }, {
      "vertices" : [ 4, 8, 5 ]
    }, {
      "vertices" : [ 2, 6, 3 ]
    }, {
      "vertices" : [ 2, 4, 6 ]
    }, {
      "vertices" : [ 3, 6, 5 ]
    }, {
      "vertices" : [ 4, 5, 6 ]
    }, {
      "vertices" : [ 0, 8, 7 ]
    } ]
  }, {
    "id" : "8f8fc575-075d-4ab0-80b3-29ad69f00064",
    "vertices" : [ {
      "x" : 1.0,
      "y" : 0.309017,
      "z" : 0.19098301
    }, {
      "x" : 1.0,
      "y" : -0.309017,
      "z" : 0.19098301
    }, {
      "x" : 12.708204,
      "y" : -0.309017,
      "z" : 0.19098301
    }, {
      "x" : 12.708204,
      "y" : 0.309017,
      "z" : 0.19098301
    }, {
      "x" : 12.708204,
      "y" : -0.309017,
      "z" : -0.19098301
    }, {
      "x" : 12.708204,
      "y" : 0.309017,
      "z" : -0.19098301
    }, {
      "x" : 13.326238,
      "y" : 0.0,
      "z" : 0.0
    }, {
      "x" : 0.38196602,
      "y" : 0.0,
      "z" : 0.0
    }, {
      "x" : 1.0,
      "y" : 0.309017,
      "z" : -0.19098301
    }, {
      "x" : 1.0,
      "y" : -0.309017,
      "z" : -0.19098301
    }, {
      "x" : 13.708204,
      "y" : 0.0,
      "z" : 0.0
    } ],
    "faces" : [ {
      "vertices" : [ 1, 9, 4 ]
    }, {
      "vertices" : [ 1, 4, 2 ]
    }, {
      "vertices" : [ 0, 3, 5 ]
    }, {
      "vertices" : [ 0, 5, 8 ]
    }, {
      "vertices" : [ 1, 7, 9 ]
    }, {
      "vertices" : [ 0, 1, 2 ]
    }, {
      "vertices" : [ 0, 2, 3 ]
    }, {
      "vertices" : [ 7, 8, 9 ]
    }, {
      "vertices" : [ 0, 7, 1 ]
    }, {
      "vertices" : [ 4, 9, 8 ]
    }, {
      "vertices" : [ 4, 8, 5 ]
    }, {
      "vertices" : [ 2, 6, 3 ]
    }, {
      "vertices" : [ 2, 4, 6 ]
    }, {
      "vertices" : [ 3, 6, 5 ]
    }, {
      "vertices" : [ 4, 5, 6 ]
    }, {
      "vertices" : [ 0, 8, 7 ]
    } ]
  } ],
  "instances" : [ {
    "shape" : "73761d67-89de-420a-8bb7-ecd254b187c4",
    "color" : "#9A754A",
    "position" : {
      "x" : -26.416409,
      "y" : 13.708204,
      "z" : -15.326238
    },
    "orientation" : 3
  }, {
    "shape" : "dcc74244-ba12-4f2f-90e3-43be7a9edeab",
    "color" : "#008D36",
    "position" : {
      "x" : 13.708204,
      "y" : -15.326238,
      "z" : -26.416409
    },
    "orientation" : 22
  }, {
    "shape" : "ef784937-9774-47a2-8291-10acbe7e9646",
    "color" : "#FFFFFF",
    "position" : {
      "x" : -6.854102,
      "y" : 4.236068,
      "z" : 8.472136
    }
  }, {
    "shape" : "ef784937-9774-47a2-8291-10acbe7e9646",
    "color" : "#FFFFFF",
    "position" : {
      "x" : 17.944271,
      "y" : 13.708204,
      "z" : 1.618034
    }
  }, {
    "shape" : "0e099383-74ac-4d6a-a3bf-d35d753ca0c2",
    "color" : "#007695",
    "position" : {
      "x" : -4.236068,
      "y" : 22.18034,
      "z" : 1.618034
    },
    "orientation" : 47
  }, {
    "shape" : "b3fc8ac6-26ee-4d14-b577-e52b45ff005b",
    "color" : "#007695",
    "position" : {
      "x" : -29.034441,
      "y" : 4.236068,
      "z" : 0.0
    },
    "orientation" : 41
  }, {
    "shape" : "b3fc8ac6-26ee-4d14-b577-e52b45ff005b",
    "color" : "#007695",
    "position" : {
      "x" : -11.09017,
      "y" : -24.798374,
      "z" : -11.09017
    },
    "orientation" : 39
  }, {
    "shape" : "0e099383-74ac-4d6a-a3bf-d35d753ca0c2",
    "color" : "#007695",
    "position" : {
      "x" : 1.618034,
      "y" : 4.236068,
      "z" : -22.18034
    },
    "orientation" : 45
  }, {
    "shape" : "dcc74244-ba12-4f2f-90e3-43be7a9edeab",
    "color" : "#008D36",
    "position" : {
      "x" : -4.236068,
      "y" : -13.708204,
      "z" : 6.854102
    },
    "orientation" : 34
  }, {
    "shape" : "b3fc8ac6-26ee-4d14-b577-e52b45ff005b",
    "color" : "#007695",
    "position" : {
      "x" : -2.618034,
      "y" : -11.09017,
      "z" : 11.09017
    },
    "orientation" : 55
  }, {
    "shape" : "ef784937-9774-47a2-8291-10acbe7e9646",
    "color" : "#FFFFFF",
    "position" : {
      "x" : -13.708204,
      "y" : 15.326238,
      "z" : -26.416409
    }
  }, {
    "shape" : "ef784937-9774-47a2-8291-10acbe7e9646",
    "color" : "#FFFFFF",
    "position" : {
      "x" : -4.236068,
      "y" : 8.472136,
      "z" : 6.854102
    }
  }, {
    "shape" : "ef784937-9774-47a2-8291-10acbe7e9646",
    "color" : "#FFFFFF",
    "position" : {
      "x" : 40.12461,
      "y" : 0.0,
      "z" : 1.618034
    }
  }, {
    "shape" : "73761d67-89de-420a-8bb7-ecd254b187c4",
    "color" : "#9A754A",
    "position" : {
      "x" : 9.472136,
      "y" : -13.708204,
      "z" : 15.326238
    },
    "orientation" : 45
  }, {
    "shape" : "0e099383-74ac-4d6a-a3bf-d35d753ca0c2",
    "color" : "#007695",
    "position" : {
      "x" : 2.618034,
      "y" : 2.618034,
      "z" : 2.618034
    },
    "orientation" : 55
  }, {
    "shape" : "b3fc8ac6-26ee-4d14-b577-e52b45ff005b",
    "color" : "#007695",
    "position" : {
      "x" : 0.0,
      "y" : 15.326238,
      "z" : -4.236068
    },
    "orientation" : 21
  }, {
    "shape" : "ef784937-9774-47a2-8291-10acbe7e9646",
    "color" : "#FFFFFF",
    "position" : {
      "x" : -33.27051,
      "y" : 2.618034,
      "z" : -2.618034
    }
  }, {
    "shape" : "73761d67-89de-420a-8bb7-ecd254b187c4",
    "color" : "#9A754A",
    "position" : {
      "x" : -6.854102,
      "y" : -17.944271,
      "z" : 27.416409
    },
    "orientation" : 9
  }, {
    "shape" : "b3fc8ac6-26ee-4d14-b577-e52b45ff005b",
    "color" : "#007695",
    "position" : {
      "x" : 0.0,
      "y" : 15.326238,
      "z" : 4.236068
    },
    "orientation" : 36
  }, {
    "shape" : "ef784937-9774-47a2-8291-10acbe7e9646",
    "color" : "#FFFFFF",
    "position" : {
      "x" : 9.472136,
      "y" : 0.0,
      "z" : -20.562305
    }
  }, {
    "shape" : "dcc74244-ba12-4f2f-90e3-43be7a9edeab",
    "color" : "#008D36",
    "position" : {
      "x" : 15.326238,
      "y" : -26.416409,
      "z" : -13.708204
    },
    "orientation" : 21
  }, {
    "shape" : "dcc74244-ba12-4f2f-90e3-43be7a9edeab",
    "color" : "#008D36",
    "position" : {
      "x" : 4.236068,
      "y" : 0.0,
      "z" : 1.618034
    },
    "orientation" : 12
  }, {
    "shape" : "73761d67-89de-420a-8bb7-ecd254b187c4",
    "color" : "#9A754A",
    "position" : {
      "x" : 8.472136,
      "y" : -20.562305,
      "z" : 4.236068
    },
    "orientation" : 7
  }, {
    "shape" : "ef784937-9774-47a2-8291-10acbe7e9646",
    "color" : "#FFFFFF",
    "position" : {
      "x" : 19.562305,
      "y" : 11.09017,
      "z" : 2.618034
    }
  }, {
    "shape" : "0e099383-74ac-4d6a-a3bf-d35d753ca0c2",
    "color" : "#007695",
    "position" : {
      "x" : -9.472136,
      "y" : 0.0,
      "z" : -20.562305
    },
    "orientation" : 39
  }, {
    "shape" : "8f8fc575-075d-4ab0-80b3-29ad69f00064",
    "color" : "#007695",
    "position" : {
      "x" : 6.854102,
      "y" : 4.236068,
      "z" : -13.708204
    },
    "orientation" : 52
  }, {
    "shape" : "ef784937-9774-47a2-8291-10acbe7e9646",
    "color" : "#FFFFFF",
    "position" : {
      "x" : -1.618034,
      "y" : -4.236068,
      "z" : 22.18034
    }
  }, {
    "shape" : "b3fc8ac6-26ee-4d14-b577-e52b45ff005b",
    "color" : "#007695",
    "position" : {
      "x" : -17.944271,
      "y" : 22.18034,
      "z" : 6.854102
    },
    "orientation" : 7
  }, {
    "shape" : "ef784937-9774-47a2-8291-10acbe7e9646",
    "color" : "#FFFFFF",
    "position" : {
      "x" : 11.09017,
      "y" : -2.618034,
      "z" : 2.618034
    }
  }, {
    "shape" : "b3fc8ac6-26ee-4d14-b577-e52b45ff005b",
    "color" : "#007695",
    "position" : {
      "x" : 13.708204,
      "y" : 6.854102,
      "z" : -4.236068
    },
    "orientation" : 45
  }, {
    "shape" : "ef784937-9774-47a2-8291-10acbe7e9646",
    "color" : "#FFFFFF",
    "position" : {
      "x" : -4.236068,
      "y" : -22.18034,
      "z" : -1.618034
    }
  }, {
    "shape" : "ef784937-9774-47a2-8291-10acbe7e9646",
    "color" : "#FFFFFF",
    "position" : {
      "x" : -16.326239,
      "y" : -11.09017,
      "z" : -11.09017
    }
  }, {
    "shape" : "ef784937-9774-47a2-8291-10acbe7e9646",
    "color" : "#FFFFFF",
    "position" : {
      "x" : 9.472136,
      "y" : -13.708204,
      "z" : 29.034441
    }
  }, {
    "shape" : "dcc74244-ba12-4f2f-90e3-43be7a9edeab",
    "color" : "#008D36",
    "position" : {
      "x" : 0.0,
      "y" : -1.618034,
      "z" : 4.236068
    },
    "orientation" : 44
  }, {
    "shape" : "ef784937-9774-47a2-8291-10acbe7e9646",
    "color" : "#FFFFFF",
    "position" : {
      "x" : 17.944271,
      "y" : -27.416409,
      "z" : -6.854102
    }
  }, {
    "shape" : "dcc74244-ba12-4f2f-90e3-43be7a9edeab",
    "color" : "#008D36",
    "position" : {
      "x" : -24.798374,
      "y" : -11.09017,
      "z" : 19.562305
    },
    "orientation" : 42
  }, {
    "shape" : "ef784937-9774-47a2-8291-10acbe7e9646",
    "color" : "#FFFFFF",
    "position" : {
      "x" : 33.27051,
      "y" : -2.618034,
      "z" : -2.618034
    }
  }, {
    "shape" : "ef784937-9774-47a2-8291-10acbe7e9646",
    "color" : "#FFFFFF",
    "position" : {
      "x" : 11.09017,
      "y" : 2.618034,
      "z" : -11.09017
    }
  }, {
    "shape" : "dcc74244-ba12-4f2f-90e3-43be7a9edeab",
    "color" : "#008D36",
    "position" : {
      "x" : 26.416409,
      "y" : -13.708204,
      "z" : -15.326238
    },
    "orientation" : 23
  }, {
    "shape" : "73761d67-89de-420a-8bb7-ecd254b187c4",
    "color" : "#9A754A",
    "position" : {
      "x" : 1.618034,
      "y" : 4.236068,
      "z" : 22.18034
    },
    "orientation" : 28
  }, {
    "shape" : "ef784937-9774-47a2-8291-10acbe7e9646",
    "color" : "#FFFFFF",
    "position" : {
      "x" : 11.09017,
      "y" : -11.09017,
      "z" : 24.798374
    }
  }, {
    "shape" : "ef784937-9774-47a2-8291-10acbe7e9646",
    "color" : "#FFFFFF",
    "position" : {
      "x" : -2.618034,
      "y" : -11.09017,
      "z" : 2.618034
    }
  }, {
    "shape" : "b3fc8ac6-26ee-4d14-b577-e52b45ff005b",
    "color" : "#007695",
    "position" : {
      "x" : 2.618034,
      "y" : 11.09017,
      "z" : 11.09017
    },
    "orientation" : 25
  }, {
    "shape" : "ef784937-9774-47a2-8291-10acbe7e9646",
    "color" : "#FFFFFF",
    "position" : {
      "x" : -2.618034,
      "y" : -19.562305,
      "z" : -11.09017
    }
  }, {
    "shape" : "dcc74244-ba12-4f2f-90e3-43be7a9edeab",
    "color" : "#008D36",
    "position" : {
      "x" : -6.854102,
      "y" : 4.236068,
      "z" : 13.708204
    },
    "orientation" : 41
  }, {
    "shape" : "dcc74244-ba12-4f2f-90e3-43be7a9edeab",
    "color" : "#008D36",
    "position" : {
      "x" : -13.708204,
      "y" : -6.854102,
      "z" : 4.236068
    },
    "orientation" : 33
  }, {
    "shape" : "ef784937-9774-47a2-8291-10acbe7e9646",
    "color" : "#FFFFFF",
    "position" : {
      "x" : 11.09017,
      "y" : -2.618034,
      "z" : -11.09017
    }
  }, {
    "shape" : "b3fc8ac6-26ee-4d14-b577-e52b45ff005b",
    "color" : "#007695",
    "position" : {
      "x" : -11.09017,
      "y" : -2.618034,
      "z" : -11.09017
    },
    "orientation" : 10
  }, {
    "shape" : "b3fc8ac6-26ee-4d14-b577-e52b45ff005b",
    "color" : "#007695",
    "position" : {
      "x" : 24.798374,
      "y" : 11.09017,
      "z" : -11.09017
    },
    "orientation" : 26
  }, {
    "shape" : "73761d67-89de-420a-8bb7-ecd254b187c4",
    "color" : "#9A754A",
    "position" : {
      "x" : 8.472136,
      "y" : -20.562305,
      "z" : -4.236068
    },
    "orientation" : 17
  }, {
    "shape" : "dcc74244-ba12-4f2f-90e3-43be7a9edeab",
    "color" : "#008D36",
    "position" : {
      "x" : -33.27051,
      "y" : 2.618034,
      "z" : 2.618034
    },
    "orientation" : 30
  }, {
    "shape" : "ef784937-9774-47a2-8291-10acbe7e9646",
    "color" : "#FFFFFF",
    "position" : {
      "x" : -11.09017,
      "y" : 16.326239,
      "z" : -11.09017
    }
  }, {
    "shape" : "dcc74244-ba12-4f2f-90e3-43be7a9edeab",
    "color" : "#008D36",
    "position" : {
      "x" : 4.236068,
      "y" : 0.0,
      "z" : -1.618034
    },
    "orientation" : 27
  }, {
    "shape" : "0e099383-74ac-4d6a-a3bf-d35d753ca0c2",
    "color" : "#007695",
    "position" : {
      "x" : -16.326239,
      "y" : -11.09017,
      "z" : -11.09017
    },
    "orientation" : 52
  }, {
    "shape" : "73761d67-89de-420a-8bb7-ecd254b187c4",
    "color" : "#9A754A",
    "position" : {
      "x" : 4.236068,
      "y" : 8.472136,
      "z" : -20.562305
    },
    "orientation" : 8
  }, {
    "shape" : "ef784937-9774-47a2-8291-10acbe7e9646",
    "color" : "#FFFFFF",
    "position" : {
      "x" : 19.562305,
      "y" : 33.27051,
      "z" : 11.09017
    }
  }, {
    "shape" : "b3fc8ac6-26ee-4d14-b577-e52b45ff005b",
    "color" : "#007695",
    "position" : {
      "x" : -13.708204,
      "y" : 6.854102,
      "z" : -4.236068
    },
    "orientation" : 21
  }, {
    "shape" : "b3fc8ac6-26ee-4d14-b577-e52b45ff005b",
    "color" : "#007695",
    "position" : {
      "x" : -6.854102,
      "y" : 17.944271,
      "z" : -22.18034
    },
    "orientation" : 47
  }, {
    "shape" : "ef784937-9774-47a2-8291-10acbe7e9646",
    "color" : "#FFFFFF",
    "position" : {
      "x" : 20.562305,
      "y" : -31.652475,
      "z" : 13.708204
    }
  }, {
    "shape" : "ef784937-9774-47a2-8291-10acbe7e9646",
    "color" : "#FFFFFF",
    "position" : {
      "x" : 2.618034,
      "y" : -11.09017,
      "z" : -2.618034
    }
  }, {
    "shape" : "0e099383-74ac-4d6a-a3bf-d35d753ca0c2",
    "color" : "#007695",
    "position" : {
      "x" : -4.236068,
      "y" : 0.0,
      "z" : 1.618034
    },
    "orientation" : 9
  }, {
    "shape" : "b3fc8ac6-26ee-4d14-b577-e52b45ff005b",
    "color" : "#007695",
    "position" : {
      "x" : -4.236068,
      "y" : 0.0,
      "z" : -15.326238
    },
    "orientation" : 37
  }, {
    "shape" : "b3fc8ac6-26ee-4d14-b577-e52b45ff005b",
    "color" : "#007695",
    "position" : {
      "x" : -6.854102,
      "y" : 17.944271,
      "z" : 22.18034
    },
    "orientation" : 38
  }, {
    "shape" : "0e099383-74ac-4d6a-a3bf-d35d753ca0c2",
    "color" : "#007695",
    "position" : {
      "x" : -11.09017,
      "y" : -19.562305,
      "z" : -33.27051
    },
    "orientation" : 41
  }, {
    "shape" : "ef784937-9774-47a2-8291-10acbe7e9646",
    "color" : "#FFFFFF",
    "position" : {
      "x" : 19.562305,
      "y" : 33.27051,
      "z" : -11.09017
    }
  }, {
    "shape" : "0e099383-74ac-4d6a-a3bf-d35d753ca0c2",
    "color" : "#007695",
    "position" : {
      "x" : 2.618034,
      "y" : -11.09017,
      "z" : 19.562305
    },
    "orientation" : 9
  }, {
    "shape" : "0e099383-74ac-4d6a-a3bf-d35d753ca0c2",
    "color" : "#007695",
    "position" : {
      "x" : -15.326238,
      "y" : 9.472136,
      "z" : -13.708204
    },
    "orientation" : 7
  }, {
    "shape" : "ef784937-9774-47a2-8291-10acbe7e9646",
    "color" : "#FFFFFF",
    "position" : {
      "x" : -11.09017,
      "y" : -11.09017,
      "z" : -24.798374
    }
  }, {
    "shape" : "dcc74244-ba12-4f2f-90e3-43be7a9edeab",
    "color" : "#008D36",
    "position" : {
      "x" : 29.034441,
      "y" : 9.472136,
      "z" : -13.708204
    },
    "orientation" : 20
  }, {
    "shape" : "73761d67-89de-420a-8bb7-ecd254b187c4",
    "color" : "#9A754A",
    "position" : {
      "x" : -22.18034,
      "y" : 1.618034,
      "z" : 4.236068
    },
    "orientation" : 59
  }, {
    "shape" : "ef784937-9774-47a2-8291-10acbe7e9646",
    "color" : "#FFFFFF",
    "position" : {
      "x" : -2.618034,
      "y" : 11.09017,
      "z" : 19.562305
    }
  }, {
    "shape" : "ef784937-9774-47a2-8291-10acbe7e9646",
    "color" : "#FFFFFF",
    "position" : {
      "x" : 6.854102,
      "y" : -17.944271,
      "z" : -27.416409
    }
  }, {
    "shape" : "b3fc8ac6-26ee-4d14-b577-e52b45ff005b",
    "color" : "#007695",
    "position" : {
      "x" : -11.09017,
      "y" : 11.09017,
      "z" : 2.618034
    },
    "orientation" : 26
  }, {
    "shape" : "ef784937-9774-47a2-8291-10acbe7e9646",
    "color" : "#FFFFFF",
    "position" : {
      "x" : 0.0,
      "y" : 1.618034,
      "z" : -4.236068
    }
  }, {
    "shape" : "b3fc8ac6-26ee-4d14-b577-e52b45ff005b",
    "color" : "#007695",
    "position" : {
      "x" : -4.236068,
      "y" : -13.708204,
      "z" : 6.854102
    },
    "orientation" : 52
  }, {
    "shape" : "0e099383-74ac-4d6a-a3bf-d35d753ca0c2",
    "color" : "#007695",
    "position" : {
      "x" : -20.562305,
      "y" : -9.472136,
      "z" : 0.0
    },
    "orientation" : 25
  }, {
    "shape" : "0e099383-74ac-4d6a-a3bf-d35d753ca0c2",
    "color" : "#007695",
    "position" : {
      "x" : 1.618034,
      "y" : 4.236068,
      "z" : 0.0
    },
    "orientation" : 45
  }, {
    "shape" : "b3fc8ac6-26ee-4d14-b577-e52b45ff005b",
    "color" : "#007695",
    "position" : {
      "x" : -6.854102,
      "y" : -4.236068,
      "z" : 13.708204
    },
    "orientation" : 23
  }, {
    "shape" : "73761d67-89de-420a-8bb7-ecd254b187c4",
    "color" : "#9A754A",
    "position" : {
      "x" : -11.09017,
      "y" : -16.326239,
      "z" : -11.09017
    },
    "orientation" : 34
  }, {
    "shape" : "dcc74244-ba12-4f2f-90e3-43be7a9edeab",
    "color" : "#008D36",
    "position" : {
      "x" : -2.618034,
      "y" : 33.27051,
      "z" : 2.618034
    },
    "orientation" : 46
  }, {
    "shape" : "ef784937-9774-47a2-8291-10acbe7e9646",
    "color" : "#FFFFFF",
    "position" : {
      "x" : 11.09017,
      "y" : -19.562305,
      "z" : 33.27051
    }
  }, {
    "shape" : "dcc74244-ba12-4f2f-90e3-43be7a9edeab",
    "color" : "#008D36",
    "position" : {
      "x" : 13.708204,
      "y" : -29.034441,
      "z" : -9.472136
    },
    "orientation" : 24
  }, {
    "shape" : "ef784937-9774-47a2-8291-10acbe7e9646",
    "color" : "#FFFFFF",
    "position" : {
      "x" : 2.618034,
      "y" : -2.618034,
      "z" : -2.618034
    }
  }, {
    "shape" : "dcc74244-ba12-4f2f-90e3-43be7a9edeab",
    "color" : "#008D36",
    "position" : {
      "x" : 1.618034,
      "y" : -4.236068,
      "z" : 0.0
    },
    "orientation" : 21
  }, {
    "shape" : "b3fc8ac6-26ee-4d14-b577-e52b45ff005b",
    "color" : "#007695",
    "position" : {
      "x" : -8.472136,
      "y" : 6.854102,
      "z" : -4.236068
    },
    "orientation" : 45
  }, {
    "shape" : "0e099383-74ac-4d6a-a3bf-d35d753ca0c2",
    "color" : "#007695",
    "position" : {
      "x" : -13.708204,
      "y" : -15.326238,
      "z" : 9.472136
    },
    "orientation" : 8
  }, {
    "shape" : "ef784937-9774-47a2-8291-10acbe7e9646",
    "color" : "#FFFFFF",
    "position" : {
      "x" : 31.652475,
      "y" : -13.708204,
      "z" : 20.562305
    }
  }, {
    "shape" : "0e099383-74ac-4d6a-a3bf-d35d753ca0c2",
    "color" : "#007695",
    "position" : {
      "x" : -15.326238,
      "y" : -9.472136,
      "z" : 13.708204
    },
    "orientation" : 22
  }, {
    "shape" : "73761d67-89de-420a-8bb7-ecd254b187c4",
    "color" : "#9A754A",
    "position" : {
      "x" : 8.472136,
      "y" : -6.854102,
      "z" : -4.236068
    },
    "orientation" : 17
  }, {
    "shape" : "73761d67-89de-420a-8bb7-ecd254b187c4",
    "color" : "#9A754A",
    "position" : {
      "x" : -6.854102,
      "y" : -4.236068,
      "z" : -8.472136
    },
    "orientation" : 39
  }, {
    "shape" : "73761d67-89de-420a-8bb7-ecd254b187c4",
    "color" : "#9A754A",
    "position" : {
      "x" : -9.472136,
      "y" : 0.0,
      "z" : -6.854102
    },
    "orientation" : 48
  }, {
    "shape" : "ef784937-9774-47a2-8291-10acbe7e9646",
    "color" : "#FFFFFF",
    "position" : {
      "x" : 11.09017,
      "y" : -19.562305,
      "z" : -33.27051
    }
  }, {
    "shape" : "b3fc8ac6-26ee-4d14-b577-e52b45ff005b",
    "color" : "#007695",
    "position" : {
      "x" : -2.618034,
      "y" : -2.618034,
      "z" : 11.09017
    },
    "orientation" : 7
  }, {
    "shape" : "73761d67-89de-420a-8bb7-ecd254b187c4",
    "color" : "#9A754A",
    "position" : {
      "x" : 27.416409,
      "y" : 6.854102,
      "z" : 17.944271
    },
    "orientation" : 25
  }, {
    "shape" : "b3fc8ac6-26ee-4d14-b577-e52b45ff005b",
    "color" : "#007695",
    "position" : {
      "x" : -11.09017,
      "y" : -11.09017,
      "z" : 24.798374
    },
    "orientation" : 39
  }, {
    "shape" : "ef784937-9774-47a2-8291-10acbe7e9646",
    "color" : "#FFFFFF",
    "position" : {
      "x" : 19.562305,
      "y" : -24.798374,
      "z" : 11.09017
    }
  }, {
    "shape" : "8f8fc575-075d-4ab0-80b3-29ad69f00064",
    "color" : "#007695",
    "position" : {
      "x" : 2.618034,
      "y" : -11.09017,
      "z" : 11.09017
    },
    "orientation" : 37
  }, {
    "shape" : "ef784937-9774-47a2-8291-10acbe7e9646",
    "color" : "#FFFFFF",
    "position" : {
      "x" : 6.854102,
      "y" : 17.944271,
      "z" : 27.416409
    }
  }, {
    "shape" : "dcc74244-ba12-4f2f-90e3-43be7a9edeab",
    "color" : "#008D36",
    "position" : {
      "x" : -1.618034,
      "y" : 4.236068,
      "z" : 0.0
    },
    "orientation" : 51
  }, {
    "shape" : "ef784937-9774-47a2-8291-10acbe7e9646",
    "color" : "#FFFFFF",
    "position" : {
      "x" : -11.09017,
      "y" : -2.618034,
      "z" : -19.562305
    }
  }, {
    "shape" : "0e099383-74ac-4d6a-a3bf-d35d753ca0c2",
    "color" : "#007695",
    "position" : {
      "x" : -13.708204,
      "y" : -1.618034,
      "z" : 17.944271
    },
    "orientation" : 8
  }, {
    "shape" : "dcc74244-ba12-4f2f-90e3-43be7a9edeab",
    "color" : "#008D36",
    "position" : {
      "x" : -33.27051,
      "y" : 2.618034,
      "z" : -2.618034
    },
    "orientation" : 42
  }, {
    "shape" : "ef784937-9774-47a2-8291-10acbe7e9646",
    "color" : "#FFFFFF",
    "position" : {
      "x" : -1.618034,
      "y" : 17.944271,
      "z" : -13.708204
    }
  }, {
    "shape" : "0e099383-74ac-4d6a-a3bf-d35d753ca0c2",
    "color" : "#007695",
    "position" : {
      "x" : -17.944271,
      "y" : 13.708204,
      "z" : -1.618034
    },
    "orientation" : 36
  }, {
    "shape" : "b3fc8ac6-26ee-4d14-b577-e52b45ff005b",
    "color" : "#007695",
    "position" : {
      "x" : 4.236068,
      "y" : -13.708204,
      "z" : -6.854102
    },
    "orientation" : 7
  }, {
    "shape" : "73761d67-89de-420a-8bb7-ecd254b187c4",
    "color" : "#9A754A",
    "position" : {
      "x" : -8.472136,
      "y" : -20.562305,
      "z" : -4.236068
    },
    "orientation" : 52
  }, {
    "shape" : "73761d67-89de-420a-8bb7-ecd254b187c4",
    "color" : "#9A754A",
    "position" : {
      "x" : 2.618034,
      "y" : -2.618034,
      "z" : -11.09017
    },
    "orientation" : 53
  }, {
    "shape" : "b3fc8ac6-26ee-4d14-b577-e52b45ff005b",
    "color" : "#007695",
    "position" : {
      "x" : -11.09017,
      "y" : -2.618034,
      "z" : 2.618034
    },
    "orientation" : 53
  }, {
    "shape" : "ef784937-9774-47a2-8291-10acbe7e9646",
    "color" : "#FFFFFF",
    "position" : {
      "x" : -1.618034,
      "y" : -17.944271,
      "z" : -13.708204
    }
  }, {
    "shape" : "0e099383-74ac-4d6a-a3bf-d35d753ca0c2",
    "color" : "#007695",
    "position" : {
      "x" : -1.618034,
      "y" : 4.236068,
      "z" : 22.18034
    },
    "orientation" : 0
  }, {
    "shape" : "ef784937-9774-47a2-8291-10acbe7e9646",
    "color" : "#FFFFFF",
    "position" : {
      "x" : 11.09017,
      "y" : 24.798374,
      "z" : 11.09017
    }
  }, {
    "shape" : "ef784937-9774-47a2-8291-10acbe7e9646",
    "color" : "#FFFFFF",
    "position" : {
      "x" : -13.708204,
      "y" : -1.618034,
      "z" : 17.944271
    }
  }, {
    "shape" : "ef784937-9774-47a2-8291-10acbe7e9646",
    "color" : "#FFFFFF",
    "position" : {
      "x" : -13.708204,
      "y" : -6.854102,
      "z" : -4.236068
    }
  }, {
    "shape" : "0e099383-74ac-4d6a-a3bf-d35d753ca0c2",
    "color" : "#007695",
    "position" : {
      "x" : 13.708204,
      "y" : -20.562305,
      "z" : -31.652475
    },
    "orientation" : 56
  }, {
    "shape" : "0e099383-74ac-4d6a-a3bf-d35d753ca0c2",
    "color" : "#007695",
    "position" : {
      "x" : 20.562305,
      "y" : 9.472136,
      "z" : 0.0
    },
    "orientation" : 55
  }, {
    "shape" : "8f8fc575-075d-4ab0-80b3-29ad69f00064",
    "color" : "#007695",
    "position" : {
      "x" : 2.618034,
      "y" : 11.09017,
      "z" : -11.09017
    },
    "orientation" : 52
  }, {
    "shape" : "73761d67-89de-420a-8bb7-ecd254b187c4",
    "color" : "#9A754A",
    "position" : {
      "x" : 2.618034,
      "y" : -2.618034,
      "z" : 11.09017
    },
    "orientation" : 43
  }, {
