{
  "polygons" : "true",
  "field" : "golden",
  "symmetry" : "icosahedral",
  "orientations" : [ [ 1.0, 0.0, 0.0, 0.0, 0.0, 1.0, 0.0, 0.0, 0.0, 0.0, 1.0, 0.0, 0.0, 0.0, 0.0, 1.0 ], [ 0.0, 0.0, 1.0, 0.0, 1.0, 0.0, 0.0, 0.0, 0.0, 1.0, 0.0, 0.0, 0.0, 0.0, 0.0, 1.0 ], [ 0.0, 1.0, 0.0, 0.0, 0.0, 0.0, 1.0, 0.0, 1.0, 0.0, 0.0, 0.0, 0.0, 0.0, 0.0, 1.0 ], [ 0.809017, 0.309017, 0.5, 0.0, 0.309017, 0.5, -0.809017, 0.0, -0.5, 0.809017, 0.309017, 0.0, 0.0, 0.0, 0.0, 1.0 ], [ -0.5, 0.809017, 0.309017, 0.0, 0.809017, 0.309017, 0.5, 0.0, 0.309017, 0.5, -0.809017, 0.0, 0.0, 0.0, 0.0, 1.0 ], [ 0.309017, 0.5, -0.809017, 0.0, -0.5, 0.809017, 0.309017, 0.0, 0.809017, 0.309017, 0.5, 0.0, 0.0, 0.0, 0.0, 1.0 ], [ 0.5, 0.809017, 0.309017, 0.0, 0.809017, -0.309017, -0.5, 0.0, -0.309017, 0.5, -0.809017, 0.0, 0.0, 0.0, 0.0, 1.0 ], [ -0.309017, 0.5, -0.809017, 0.0, 0.5, 0.809017, 0.309017, 0.0, 0.809017, -0.309017, -0.5, 0.0, 0.0, 0.0, 0.0, 1.0 ], [ 0.809017, -0.309017, -0.5, 0.0, -0.309017, 0.5, -0.809017, 0.0, 0.5, 0.809017, 0.309017, 0.0, 0.0, 0.0, 0.0, 1.0 ], [ 0.5, 0.809017, -0.309017, 0.0, 0.809017, -0.309017, 0.5, 0.0, 0.309017, -0.5, -0.809017, 0.0, 0.0, 0.0, 0.0, 1.0 ], [ 0.309017, -0.5, -0.809017, 0.0, 0.5, 0.809017, -0.309017, 0.0, 0.809017, -0.309017, 0.5, 0.0, 0.0, 0.0, 0.0, 1.0 ], [ 0.809017, -0.309017, 0.5, 0.0, 0.309017, -0.5, -0.809017, 0.0, 0.5, 0.809017, -0.309017, 0.0, 0.0, 0.0, 0.0, 1.0 ], [ 0.809017, 0.309017, -0.5, 0.0, 0.309017, 0.5, 0.809017, 0.0, 0.5, -0.809017, 0.309017, 0.0, 0.0, 0.0, 0.0, 1.0 ], [ 0.5, -0.809017, 0.309017, 0.0, 0.809017, 0.309017, -0.5, 0.0, 0.309017, 0.5, 0.809017, 0.0, 0.0, 0.0, 0.0, 1.0 ], [ 0.309017, 0.5, 0.809017, 0.0, 0.5, -0.809017, 0.309017, 0.0, 0.809017, 0.309017, -0.5, 0.0, 0.0, 0.0, 0.0, 1.0 ], [ 1.0, 0.0, 0.0, 0.0, 0.0, -1.0, 0.0, 0.0, 0.0, 0.0, -1.0, 0.0, 0.0, 0.0, 0.0, 1.0 ], [ 0.0, 0.0, 1.0, 0.0, -1.0, 0.0, 0.0, 0.0, 0.0, -1.0, 0.0, 0.0, 0.0, 0.0, 0.0, 1.0 ], [ 0.0, 1.0, 0.0, 0.0, 0.0, 0.0, -1.0, 0.0, -1.0, 0.0, 0.0, 0.0, 0.0, 0.0, 0.0, 1.0 ], [ 0.809017, 0.309017, 0.5, 0.0, -0.309017, -0.5, 0.809017, 0.0, 0.5, -0.809017, -0.309017, 0.0, 0.0, 0.0, 0.0, 1.0 ], [ -0.5, 0.809017, 0.309017, 0.0, -0.809017, -0.309017, -0.5, 0.0, -0.309017, -0.5, 0.809017, 0.0, 0.0, 0.0, 0.0, 1.0 ], [ 0.309017, 0.5, -0.809017, 0.0, 0.5, -0.809017, -0.309017, 0.0, -0.809017, -0.309017, -0.5, 0.0, 0.0, 0.0, 0.0, 1.0 ], [ 0.5, 0.809017, 0.309017, 0.0, -0.809017, 0.309017, 0.5, 0.0, 0.309017, -0.5, 0.809017, 0.0, 0.0, 0.0, 0.0, 1.0 ], [ -0.309017, 0.5, -0.809017, 0.0, -0.5, -0.809017, -0.309017, 0.0, -0.809017, 0.309017, 0.5, 0.0, 0.0, 0.0, 0.0, 1.0 ], [ 0.809017, -0.309017, -0.5, 0.0, 0.309017, -0.5, 0.809017, 0.0, -0.5, -0.809017, -0.309017, 0.0, 0.0, 0.0, 0.0, 1.0 ], [ 0.5, 0.809017, -0.309017, 0.0, -0.809017, 0.309017, -0.5, 0.0, -0.309017, 0.5, 0.809017, 0.0, 0.0, 0.0, 0.0, 1.0 ], [ 0.309017, -0.5, -0.809017, 0.0, -0.5, -0.809017, 0.309017, 0.0, -0.809017, 0.309017, -0.5, 0.0, 0.0, 0.0, 0.0, 1.0 ], [ 0.809017, -0.309017, 0.5, 0.0, -0.309017, 0.5, 0.809017, 0.0, -0.5, -0.809017, 0.309017, 0.0, 0.0, 0.0, 0.0, 1.0 ], [ 0.809017, 0.309017, -0.5, 0.0, -0.309017, -0.5, -0.809017, 0.0, -0.5, 0.809017, -0.309017, 0.0, 0.0, 0.0, 0.0, 1.0 ], [ 0.5, -0.809017, 0.309017, 0.0, -0.809017, -0.309017, 0.5, 0.0, -0.309017, -0.5, -0.809017, 0.0, 0.0, 0.0, 0.0, 1.0 ], [ 0.309017, 0.5, 0.809017, 0.0, -0.5, 0.809017, -0.309017, 0.0, -0.809017, -0.309017, 0.5, 0.0, 0.0, 0.0, 0.0, 1.0 ], [ -1.0, 0.0, 0.0, 0.0, 0.0, -1.0, 0.0, 0.0, 0.0, 0.0, 1.0, 0.0, 0.0, 0.0, 0.0, 1.0 ], [ 0.0, 0.0, -1.0, 0.0, -1.0, 0.0, 0.0, 0.0, 0.0, 1.0, 0.0, 0.0, 0.0, 0.0, 0.0, 1.0 ], [ 0.0, -1.0, 0.0, 0.0, 0.0, 0.0, -1.0, 0.0, 1.0, 0.0, 0.0, 0.0, 0.0, 0.0, 0.0, 1.0 ], [ -0.809017, -0.309017, -0.5, 0.0, -0.309017, -0.5, 0.809017, 0.0, -0.5, 0.809017, 0.309017, 0.0, 0.0, 0.0, 0.0, 1.0 ], [ 0.5, -0.809017, -0.309017, 0.0, -0.809017, -0.309017, -0.5, 0.0, 0.309017, 0.5, -0.809017, 0.0, 0.0, 0.0, 0.0, 1.0 ], [ -0.309017, -0.5, 0.809017, 0.0, 0.5, -0.809017, -0.309017, 0.0, 0.809017, 0.309017, 0.5, 0.0, 0.0, 0.0, 0.0, 1.0 ], [ -0.5, -0.809017, -0.309017, 0.0, -0.809017, 0.309017, 0.5, 0.0, -0.309017, 0.5, -0.809017, 0.0, 0.0, 0.0, 0.0, 1.0 ], [ 0.309017, -0.5, 0.809017, 0.0, -0.5, -0.809017, -0.309017, 0.0, 0.809017, -0.309017, -0.5, 0.0, 0.0, 0.0, 0.0, 1.0 ], [ -0.809017, 0.309017, 0.5, 0.0, 0.309017, -0.5, 0.809017, 0.0, 0.5, 0.809017, 0.309017, 0.0, 0.0, 0.0, 0.0, 1.0 ], [ -0.5, -0.809017, 0.309017, 0.0, -0.809017, 0.309017, -0.5, 0.0, 0.309017, -0.5, -0.809017, 0.0, 0.0, 0.0, 0.0, 1.0 ], [ -0.309017, 0.5, 0.809017, 0.0, -0.5, -0.809017, 0.309017, 0.0, 0.809017, -0.309017, 0.5, 0.0, 0.0, 0.0, 0.0, 1.0 ], [ -0.809017, 0.309017, -0.5, 0.0, -0.309017, 0.5, 0.809017, 0.0, 0.5, 0.809017, -0.309017, 0.0, 0.0, 0.0, 0.0, 1.0 ], [ -0.809017, -0.309017, 0.5, 0.0, -0.309017, -0.5, -0.809017, 0.0, 0.5, -0.809017, 0.309017, 0.0, 0.0, 0.0, 0.0, 1.0 ], [ -0.5, 0.809017, -0.309017, 0.0, -0.809017, -0.309017, 0.5, 0.0, 0.309017, 0.5, 0.809017, 0.0, 0.0, 0.0, 0.0, 1.0 ], [ -0.309017, -0.5, -0.809017, 0.0, -0.5, 0.809017, -0.309017, 0.0, 0.809017, 0.309017, -0.5, 0.0, 0.0, 0.0, 0.0, 1.0 ], [ -1.0, 0.0, 0.0, 0.0, 0.0, 1.0, 0.0, 0.0, 0.0, 0.0, -1.0, 0.0, 0.0, 0.0, 0.0, 1.0 ], [ 0.0, 0.0, -1.0, 0.0, 1.0, 0.0, 0.0, 0.0, 0.0, -1.0, 0.0, 0.0, 0.0, 0.0, 0.0, 1.0 ], [ 0.0, -1.0, 0.0, 0.0, 0.0, 0.0, 1.0, 0.0, -1.0, 0.0, 0.0, 0.0, 0.0, 0.0, 0.0, 1.0 ], [ -0.809017, -0.309017, -0.5, 0.0, 0.309017, 0.5, -0.809017, 0.0, 0.5, -0.809017, -0.309017, 0.0, 0.0, 0.0, 0.0, 1.0 ], [ 0.5, -0.809017, -0.309017, 0.0, 0.809017, 0.309017, 0.5, 0.0, -0.309017, -0.5, 0.809017, 0.0, 0.0, 0.0, 0.0, 1.0 ], [ -0.309017, -0.5, 0.809017, 0.0, -0.5, 0.809017, 0.309017, 0.0, -0.809017, -0.309017, -0.5, 0.0, 0.0, 0.0, 0.0, 1.0 ], [ -0.5, -0.809017, -0.309017, 0.0, 0.809017, -0.309017, -0.5, 0.0, 0.309017, -0.5, 0.809017, 0.0, 0.0, 0.0, 0.0, 1.0 ], [ 0.309017, -0.5, 0.809017, 0.0, 0.5, 0.809017, 0.309017, 0.0, -0.809017, 0.309017, 0.5, 0.0, 0.0, 0.0, 0.0, 1.0 ], [ -0.809017, 0.309017, 0.5, 0.0, -0.309017, 0.5, -0.809017, 0.0, -0.5, -0.809017, -0.309017, 0.0, 0.0, 0.0, 0.0, 1.0 ], [ -0.5, -0.809017, 0.309017, 0.0, 0.809017, -0.309017, 0.5, 0.0, -0.309017, 0.5, 0.809017, 0.0, 0.0, 0.0, 0.0, 1.0 ], [ -0.309017, 0.5, 0.809017, 0.0, 0.5, 0.809017, -0.309017, 0.0, -0.809017, 0.309017, -0.5, 0.0, 0.0, 0.0, 0.0, 1.0 ], [ -0.809017, 0.309017, -0.5, 0.0, 0.309017, -0.5, -0.809017, 0.0, -0.5, -0.809017, 0.309017, 0.0, 0.0, 0.0, 0.0, 1.0 ], [ -0.809017, -0.309017, 0.5, 0.0, 0.309017, 0.5, 0.809017, 0.0, -0.5, 0.809017, -0.309017, 0.0, 0.0, 0.0, 0.0, 1.0 ], [ -0.5, 0.809017, -0.309017, 0.0, 0.809017, 0.309017, -0.5, 0.0, -0.309017, -0.5, -0.809017, 0.0, 0.0, 0.0, 0.0, 1.0 ], [ -0.309017, -0.5, -0.809017, 0.0, 0.5, -0.809017, 0.309017, 0.0, -0.809017, -0.309017, 0.5, 0.0, 0.0, 0.0, 0.0, 1.0 ] ],
  "lights" : {
    "ambientColor" : "#292929",
    "backgroundColor" : "#AFC8DC",
    "directionalLights" : [ {
      "direction" : [ 1.0, -1.0, -1.0 ],
      "color" : "#EBEBE4"
    }, {
      "direction" : [ -1.0, 0.0, 0.0 ],
      "color" : "#E4E4EB"
    }, {
      "direction" : [ 0.0, 0.0, -1.0 ],
      "color" : "#1E1E1E"
    } ]
  },
  "camera" : {
    "viewDistance" : 256.94946,
    "nearClipDistance" : 0.6423742,
    "farClipDistance" : 513.8986,
    "lookAtPoint" : {
      "x" : 0.0,
      "y" : 0.0,
      "z" : 0.0
    },
    "fieldOfView" : 0.44262898,
    "perspective" : true,
    "lookDirection" : {
      "x" : -0.66517377,
      "y" : -0.24234094,
      "z" : -0.7062664
    },
    "upDirection" : {
      "x" : 0.74175334,
      "y" : -0.32300895,
      "z" : -0.58776367
    },
    "width" : 115.62729,
    "stereo" : false,
    "position" : {
      "x" : 170.91605,
      "y" : 62.269375,
      "z" : 181.47478
    }
  },
  "embedding" : [ 1.0, 0.0, 0.0, 0.0, 0.0, 1.0, 0.0, 0.0, 0.0, 0.0, 1.0, 0.0, 0.0, 0.0, 0.0, 1.0 ],
  "shapes" : [ {
    "id" : "1dc86cb3-26fb-497b-bf65-7ff97dd83960",
    "orbit" : "blue",
    "name" : "b2",
    "vertices" : [ {
      "x" : 12.708204,
      "y" : 0.309017,
      "z" : 0.19098301
    }, {
      "x" : 12.708204,
      "y" : 0.309017,
      "z" : -0.19098301
    }, {
      "x" : 1.0,
      "y" : 0.309017,
      "z" : -0.19098301
    }, {
      "x" : 1.0,
      "y" : 0.309017,
      "z" : 0.19098301
    }, {
      "x" : 12.708204,
      "y" : -0.309017,
      "z" : 0.19098301
    }, {
      "x" : 1.0,
      "y" : -0.309017,
      "z" : 0.19098301
    }, {
      "x" : 1.0,
      "y" : -0.309017,
      "z" : -0.19098301
    }, {
      "x" : 12.708204,
      "y" : -0.309017,
      "z" : -0.19098301
    }, {
      "x" : 13.708204,
      "y" : 0.0,
      "z" : 0.0
    } ],
    "faces" : [ {
      "vertices" : [ 1, 7, 6, 2 ]
    }, {
      "vertices" : [ 0, 1, 2, 3 ]
    }, {
      "vertices" : [ 4, 5, 6, 7 ]
    }, {
      "vertices" : [ 0, 3, 5, 4 ]
    } ]
  }, {
    "id" : "348ee567-c58b-4e99-99ea-16f917c28e8e",
    "name" : "ball",
    "vertices" : [ {
      "x" : 0.309017,
      "y" : -0.809017,
      "z" : 0.618034
    }, {
      "x" : 0.809017,
      "y" : -0.618034,
      "z" : 0.309017
    }, {
      "x" : 0.618034,
      "y" : -0.309017,
      "z" : 0.809017
    }, {
      "x" : 1.0,
      "y" : 0.309017,
      "z" : 0.19098301
    }, {
      "x" : 0.809017,
      "y" : 0.618034,
      "z" : 0.309017
    }, {
      "x" : 0.618034,
      "y" : 0.309017,
      "z" : 0.809017
    }, {
      "x" : 0.809017,
      "y" : 0.0,
      "z" : 0.690983
    }, {
      "x" : 0.19098301,
      "y" : -1.0,
      "z" : 0.309017
    }, {
      "x" : -0.19098301,
      "y" : -1.0,
      "z" : 0.309017
    }, {
      "x" : -0.19098301,
      "y" : -1.0,
      "z" : -0.309017
    }, {
      "x" : 0.19098301,
      "y" : -1.0,
      "z" : -0.309017
    }, {
      "x" : 1.0,
      "y" : -0.309017,
      "z" : -0.19098301
    }, {
      "x" : 0.809017,
      "y" : -0.618034,
      "z" : -0.309017
    }, {
      "x" : 0.618034,
      "y" : -0.309017,
      "z" : -0.809017
    }, {
      "x" : 0.809017,
      "y" : 0.0,
      "z" : -0.690983
    }, {
      "x" : 0.0,
      "y" : 0.690983,
      "z" : -0.809017
    }, {
      "x" : 0.309017,
      "y" : 0.809017,
      "z" : -0.618034
    }, {
      "x" : 0.618034,
      "y" : 0.309017,
      "z" : -0.809017
    }, {
      "x" : 0.309017,
      "y" : 0.19098301,
      "z" : -1.0
    }, {
      "x" : 1.0,
      "y" : 0.309017,
      "z" : -0.19098301
    }, {
      "x" : -0.309017,
      "y" : -0.809017,
      "z" : 0.618034
    }, {
      "x" : 0.0,
      "y" : -0.690983,
      "z" : 0.809017
    }, {
      "x" : 0.809017,
      "y" : 0.618034,
      "z" : -0.309017
    }, {
      "x" : 0.690983,
      "y" : 0.809017,
      "z" : 0.0
    }, {
      "x" : -0.690983,
      "y" : 0.809017,
      "z" : 0.0
    }, {
      "x" : -0.809017,
      "y" : 0.618034,
      "z" : 0.309017
    }, {
      "x" : -0.309017,
      "y" : 0.809017,
      "z" : 0.618034
    }, {
      "x" : -0.19098301,
      "y" : 1.0,
      "z" : 0.309017
    }, {
      "x" : 0.309017,
      "y" : -0.19098301,
      "z" : -1.0
    }, {
      "x" : 0.19098301,
      "y" : 1.0,
      "z" : 0.309017
    }, {
      "x" : 0.309017,
      "y" : 0.809017,
      "z" : 0.618034
    }, {
      "x" : -0.809017,
      "y" : -0.618034,
      "z" : 0.309017
    }, {
      "x" : -0.690983,
      "y" : -0.809017,
      "z" : 0.0
    }, {
      "x" : 0.0,
      "y" : 0.690983,
      "z" : 0.809017
    }, {
      "x" : 0.309017,
      "y" : -0.809017,
      "z" : -0.618034
    }, {
      "x" : 0.0,
      "y" : -0.690983,
      "z" : -0.809017
    }, {
      "x" : -1.0,
      "y" : 0.309017,
      "z" : 0.19098301
    }, {
      "x" : -0.809017,
      "y" : 0.0,
      "z" : 0.690983
    }, {
      "x" : -0.618034,
      "y" : 0.309017,
      "z" : 0.809017
    }, {
      "x" : 1.0,
      "y" : -0.309017,
      "z" : 0.19098301
    }, {
      "x" : -0.309017,
      "y" : -0.809017,
      "z" : -0.618034
    }, {
      "x" : -1.0,
      "y" : 0.309017,
      "z" : -0.19098301
    }, {
      "x" : -1.0,
      "y" : -0.309017,
      "z" : -0.19098301
    }, {
      "x" : -1.0,
      "y" : -0.309017,
      "z" : 0.19098301
    }, {
      "x" : 0.19098301,
      "y" : 1.0,
      "z" : -0.309017
    }, {
      "x" : -0.809017,
      "y" : 0.618034,
      "z" : -0.309017
    }, {
      "x" : -0.19098301,
      "y" : 1.0,
      "z" : -0.309017
    }, {
      "x" : -0.309017,
      "y" : 0.809017,
      "z" : -0.618034
    }, {
      "x" : -0.618034,
      "y" : -0.309017,
      "z" : 0.809017
    }, {
      "x" : 0.309017,
      "y" : 0.19098301,
      "z" : 1.0
    }, {
      "x" : -0.309017,
      "y" : 0.19098301,
      "z" : -1.0
    }, {
      "x" : -0.309017,
      "y" : 0.19098301,
      "z" : 1.0
    }, {
      "x" : -0.309017,
      "y" : -0.19098301,
      "z" : 1.0
    }, {
      "x" : 0.309017,
      "y" : -0.19098301,
      "z" : 1.0
    }, {
      "x" : 0.690983,
      "y" : -0.809017,
      "z" : 0.0
    }, {
      "x" : -0.809017,
      "y" : 0.0,
      "z" : -0.690983
    }, {
      "x" : -0.618034,
      "y" : -0.309017,
      "z" : -0.809017
    }, {
      "x" : -0.309017,
      "y" : -0.19098301,
      "z" : -1.0
    }, {
      "x" : -0.618034,
      "y" : 0.309017,
      "z" : -0.809017
    }, {
      "x" : -0.809017,
      "y" : -0.618034,
      "z" : -0.309017
    } ],
    "faces" : [ {
      "vertices" : [ 9, 40, 35, 34, 10 ]
    }, {
      "vertices" : [ 0, 1, 2 ]
    }, {
      "vertices" : [ 33, 51, 49 ]
    }, {
      "vertices" : [ 25, 36, 37, 38 ]
    }, {
      "vertices" : [ 41, 55, 42 ]
    }, {
      "vertices" : [ 9, 32, 59, 40 ]
    }, {
      "vertices" : [ 20, 21, 52, 48 ]
    }, {
      "vertices" : [ 26, 33, 30, 29, 27 ]
    }, {
      "vertices" : [ 3, 4, 5, 6 ]
    }, {
      "vertices" : [ 27, 29, 44, 46 ]
    }, {
      "vertices" : [ 50, 57, 56, 55, 58 ]
    }, {
      "vertices" : [ 26, 38, 51, 33 ]
    }, {
      "vertices" : [ 45, 47, 58 ]
    }, {
      "vertices" : [ 18, 28, 57, 50 ]
    }, {
      "vertices" : [ 40, 59, 56 ]
    }, {
      "vertices" : [ 31, 48, 37, 43 ]
    }, {
      "vertices" : [ 7, 8, 9, 10 ]
    }, {
      "vertices" : [ 36, 41, 42, 43 ]
    }, {
      "vertices" : [ 24, 46, 47, 45 ]
    }, {
      "vertices" : [ 4, 30, 5 ]
    }, {
      "vertices" : [ 15, 47, 46, 44, 16 ]
    }, {
      "vertices" : [ 15, 50, 58, 47 ]
    }, {
      "vertices" : [ 24, 45, 41, 36, 25 ]
    }, {
      "vertices" : [ 11, 14, 19 ]
    }, {
      "vertices" : [ 3, 6, 39 ]
    }, {
      "vertices" : [ 1, 39, 6, 2 ]
    }, {
      "vertices" : [ 8, 32, 9 ]
    }, {
      "vertices" : [ 11, 12, 13, 14 ]
    }, {
      "vertices" : [ 16, 22, 17 ]
    }, {
      "vertices" : [ 0, 21, 20, 8, 7 ]
    }, {
      "vertices" : [ 12, 34, 13 ]
    }, {
      "vertices" : [ 35, 40, 56, 57 ]
    }, {
      "vertices" : [ 0, 7, 54, 1 ]
    }, {
      "vertices" : [ 15, 16, 17, 18 ]
    }, {
      "vertices" : [ 3, 19, 22, 23, 4 ]
    }, {
      "vertices" : [ 7, 10, 54 ]
    }, {
      "vertices" : [ 41, 45, 58, 55 ]
    }, {
      "vertices" : [ 3, 39, 11, 19 ]
    }, {
      "vertices" : [ 14, 17, 22, 19 ]
    }, {
      "vertices" : [ 0, 2, 53, 21 ]
    }, {
      "vertices" : [ 49, 51, 52, 53 ]
    }, {
      "vertices" : [ 31, 43, 42, 59, 32 ]
    }, {
      "vertices" : [ 15, 18, 50 ]
    }, {
      "vertices" : [ 42, 55, 56, 59 ]
    }, {
      "vertices" : [ 4, 23, 29, 30 ]
    }, {
      "vertices" : [ 25, 38, 26 ]
    }, {
      "vertices" : [ 13, 28, 18, 17, 14 ]
    }, {
      "vertices" : [ 8, 20, 31, 32 ]
    }, {
      "vertices" : [ 23, 44, 29 ]
    }, {
      "vertices" : [ 24, 27, 46 ]
    }, {
      "vertices" : [ 37, 48, 52, 51, 38 ]
    }, {
      "vertices" : [ 20, 48, 31 ]
    }, {
      "vertices" : [ 24, 25, 26, 27 ]
    }, {
      "vertices" : [ 16, 44, 23, 22 ]
    }, {
      "vertices" : [ 13, 34, 35, 28 ]
    }, {
      "vertices" : [ 10, 34, 12, 54 ]
    }, {
      "vertices" : [ 2, 6, 5, 49, 53 ]
    }, {
      "vertices" : [ 36, 43, 37 ]
    }, {
      "vertices" : [ 5, 30, 33, 49 ]
    }, {
      "vertices" : [ 1, 54, 12, 11, 39 ]
    }, {
      "vertices" : [ 28, 35, 57 ]
    }, {
      "vertices" : [ 21, 53, 52 ]
    } ]
  }, {
    "id" : "13737b3b-7cec-4035-a87c-ec8c9b8bf323",
    "orbit" : "1",
    "name" : "medium",
    "vertices" : [ {
      "x" : 7.463994,
      "y" : 10.320456,
      "z" : -2.2165453
    }, {
      "x" : 7.363994,
      "y" : 10.220456,
      "z" : -2.6165454
    }, {
      "x" : 0.4857835,
      "y" : 0.3512031,
      "z" : -0.39331698
    }, {
      "x" : 0.5857835,
      "y" : 0.45120314,
      "z" : 0.00668303
    }, {
      "x" : 7.6639943,
      "y" : 9.987123,
      "z" : -2.7498786
    }, {
      "x" : 7.763994,
      "y" : 10.087123,
      "z" : -2.3498788
    }, {
      "x" : 0.28578347,
      "y" : 0.68453646,
      "z" : 0.14001636
    }, {
      "x" : 0.18578348,
      "y" : 0.58453643,
      "z" : -0.25998363
    } ],
    "faces" : [ {
      "vertices" : [ 2, 3, 6, 7 ]
    }, {
      "vertices" : [ 0, 5, 4, 1 ]
    }, {
      "vertices" : [ 2, 4, 5, 3 ]
    }, {
      "vertices" : [ 0, 6, 3, 5 ]
    }, {
      "vertices" : [ 0, 1, 7, 6 ]
    }, {
      "vertices" : [ 1, 4, 2, 7 ]
    } ]
  }, {
    "id" : "48d94b98-cfd5-4631-8451-6a15693fbec3",
    "orbit" : "5",
    "name" : "medium",
    "vertices" : [ {
      "x" : 0.81289333,
      "y" : -8.4475,
      "z" : -2.758474
    }, {
      "x" : 1.2128934,
      "y" : -8.347501,
      "z" : -2.658474
    }, {
      "x" : 0.34948882,
      "y" : -0.4686259,
      "z" : -0.31929764
    }, {
      "x" : -0.05051119,
      "y" : -0.56862587,
      "z" : -0.41929764
    }, {
      "x" : 1.3462267,
      "y" : -8.114167,
      "z" : -2.9584742
    }, {
      "x" : 0.94622666,
      "y" : -8.214168,
      "z" : -3.058474
    }, {
      "x" : -0.18384452,
      "y" : -0.8019592,
      "z" : -0.11929764
    }, {
      "x" : 0.21615548,
      "y" : -0.70195925,
      "z" : -0.019297637
    } ],
    "faces" : [ {
      "vertices" : [ 2, 3, 6, 7 ]
    }, {
      "vertices" : [ 0, 5, 4, 1 ]
    }, {
      "vertices" : [ 2, 4, 5, 3 ]
    }, {
      "vertices" : [ 0, 6, 3, 5 ]
    }, {
      "vertices" : [ 0, 1, 7, 6 ]
    }, {
      "vertices" : [ 1, 4, 2, 7 ]
    } ]
  }, {
    "id" : "214ea408-4d1d-40f8-b843-28c4547e539b",
    "vertices" : [ {
      "x" : 0.0,
      "y" : 0.0,
      "z" : 0.0
    }, {
      "x" : -42.742645,
      "y" : 11.09017,
      "z" : 31.652475
    }, {
      "x" : -20.562305,
      "y" : 69.15905,
      "z" : 31.652475
    }, {
      "x" : 22.18034,
      "y" : 58.068882,
      "z" : 0.0
    } ],
    "faces" : [ {
      "vertices" : [ 0, 1, 2, 3 ]
    }, {
      "vertices" : [ 0, 3, 2, 1 ]
    } ]
  }, {
    "id" : "65d6f3b5-4c1f-41e1-b33b-ff9d141b9342",
    "orbit" : "7",
    "name" : "medium",
    "vertices" : [ {
      "x" : 9.22741,
      "y" : 1.2068338,
      "z" : -5.6255736
    }, {
      "x" : 9.12741,
      "y" : 1.6068339,
      "z" : -5.5255737
    }, {
      "x" : 0.38727483,
      "y" : 0.35675123,
      "z" : -0.45004115
    }, {
      "x" : 0.48727483,
      "y" : -0.043248773,
      "z" : -0.55004114
    }, {
      "x" : 8.894077,
      "y" : 1.7401673,
      "z" : -5.825574
    }, {
      "x" : 8.994077,
      "y" : 1.3401672,
      "z" : -5.925574
    }, {
      "x" : 0.7206082,
      "y" : -0.17658211,
      "z" : -0.25004113
    }, {
      "x" : 0.62060815,
      "y" : 0.2234179,
      "z" : -0.15004113
    } ],
    "faces" : [ {
      "vertices" : [ 2, 3, 6, 7 ]
    }, {
      "vertices" : [ 0, 5, 4, 1 ]
    }, {
      "vertices" : [ 2, 4, 5, 3 ]
    }, {
      "vertices" : [ 0, 6, 3, 5 ]
    }, {
      "vertices" : [ 0, 1, 7, 6 ]
    }, {
      "vertices" : [ 1, 4, 2, 7 ]
    } ]
  }, {
    "id" : "cf784ca8-3ffe-4e53-8403-0c84bb1e8db5",
    "orbit" : "9",
    "name" : "medium",
    "vertices" : [ {
      "x" : -10.830828,
      "y" : -4.0925927,
      "z" : 6.0335517
    }, {
      "x" : -10.930828,
      "y" : -3.6925926,
      "z" : 6.1335516
    }, {
      "x" : -0.4685976,
      "y" : -0.063546844,
      "z" : 0.5099728
    }, {
      "x" : -0.36859757,
      "y" : -0.46354684,
      "z" : 0.40997282
    }, {
      "x" : -10.6974945,
      "y" : -3.825926,
      "z" : 6.4335513
    }, {
      "x" : -10.597494,
      "y" : -4.225926,
      "z" : 6.3335514
    }, {
      "x" : -0.6019309,
      "y" : -0.33021352,
      "z" : 0.109972805
    }, {
      "x" : -0.70193094,
      "y" : 0.06978649,
      "z" : 0.20997281
    } ],
    "faces" : [ {
      "vertices" : [ 2, 3, 6, 7 ]
    }, {
      "vertices" : [ 0, 5, 4, 1 ]
    }, {
      "vertices" : [ 2, 4, 5, 3 ]
    }, {
      "vertices" : [ 0, 6, 3, 5 ]
    }, {
      "vertices" : [ 0, 1, 7, 6 ]
    }, {
      "vertices" : [ 1, 4, 2, 7 ]
    } ]
  }, {
    "id" : "1b906536-fa5b-430a-88e2-30376f472022",
    "orbit" : "3",
    "name" : "short",
    "vertices" : [ {
      "x" : 3.8290863,
      "y" : -1.5704497,
      "z" : -2.7048235
    }, {
      "x" : 3.9290862,
      "y" : -1.1704497,
      "z" : -2.8048236
    }, {
      "x" : 0.42837548,
      "y" : -0.055755943,
      "z" : -0.58220357
    }, {
      "x" : 0.3283755,
      "y" : -0.45575595,
      "z" : -0.48220354
    }, {
      "x" : 3.6957529,
      "y" : -1.303783,
      "z" : -3.1048236
    }, {
      "x" : 3.595753,
      "y" : -1.703783,
      "z" : -3.0048237
    }, {
      "x" : 0.5617088,
      "y" : -0.32242262,
      "z" : -0.18220356
    }, {
      "x" : 0.66170883,
      "y" : 0.07757739,
      "z" : -0.28220356
    } ],
    "faces" : [ {
      "vertices" : [ 2, 3, 6, 7 ]
    }, {
      "vertices" : [ 0, 5, 4, 1 ]
    }, {
      "vertices" : [ 2, 4, 5, 3 ]
    }, {
      "vertices" : [ 0, 6, 3, 5 ]
    }, {
      "vertices" : [ 0, 1, 7, 6 ]
    }, {
      "vertices" : [ 1, 4, 2, 7 ]
    } ]
  }, {
    "id" : "54762364-3678-4fe2-b7fe-56bc001e7ff2",
    "orbit" : "4",
    "name" : "medium",
    "vertices" : [ {
      "x" : 3.7671468,
      "y" : 11.515479,
      "z" : 0.40682045
    }, {
      "x" : 3.8671467,
      "y" : 11.615479,
      "z" : 0.0068204463
    }, {
      "x" : 0.4276944,
      "y" : 0.59043795,
      "z" : -0.11763654
    }, {
      "x" : 0.32769442,
      "y" : 0.49043798,
      "z" : 0.28236347
    }, {
      "x" : 4.1671467,
      "y" : 11.382146,
      "z" : 0.14015378
    }, {
      "x" : 4.067147,
      "y" : 11.2821455,
      "z" : 0.5401538
    }, {
      "x" : 0.027694402,
      "y" : 0.72377133,
      "z" : 0.14903013
    }, {
      "x" : 0.1276944,
      "y" : 0.8237713,
      "z" : -0.2509699
    } ],
    "faces" : [ {
      "vertices" : [ 2, 3, 6, 7 ]
    }, {
      "vertices" : [ 0, 5, 4, 1 ]
    }, {
      "vertices" : [ 2, 4, 5, 3 ]
    }, {
      "vertices" : [ 0, 6, 3, 5 ]
    }, {
      "vertices" : [ 0, 1, 7, 6 ]
    }, {
      "vertices" : [ 1, 4, 2, 7 ]
    } ]
  }, {
    "id" : "e48ecabf-e592-41bd-879d-e89a82e49eab",
    "orbit" : "6",
    "name" : "medium",
    "vertices" : [ {
      "x" : 4.720124,
      "y" : 6.1429677,
      "z" : -1.4429238
    }, {
      "x" : 4.620124,
      "y" : 6.042968,
      "z" : -1.8429238
    }, {
      "x" : 0.50368655,
      "y" : 0.33384997,
      "z" : -0.40984526
    }, {
      "x" : 0.6036865,
      "y" : 0.43385,
      "z" : -0.009845268
    }, {
      "x" : 4.920124,
      "y" : 5.8096347,
      "z" : -1.9762571
    }, {
      "x" : 5.020124,
      "y" : 5.9096346,
      "z" : -1.5762571
    }, {
      "x" : 0.30368653,
      "y" : 0.66718334,
      "z" : 0.12348807
    }, {
      "x" : 0.20368652,
      "y" : 0.5671833,
      "z" : -0.27651194
    } ],
    "faces" : [ {
      "vertices" : [ 2, 3, 6, 7 ]
    }, {
      "vertices" : [ 0, 5, 4, 1 ]
    }, {
      "vertices" : [ 2, 4, 5, 3 ]
    }, {
      "vertices" : [ 0, 6, 3, 5 ]
    }, {
      "vertices" : [ 0, 1, 7, 6 ]
    }, {
      "vertices" : [ 1, 4, 2, 7 ]
    } ]
  }, {
    "id" : "87b858c6-e3c3-432c-a782-1dc6ead4b8fd",
    "orbit" : "12",
    "name" : "medium",
    "vertices" : [ {
      "x" : 1.285875,
      "y" : -8.66003,
      "z" : -3.1318467
    }, {
      "x" : 1.6858749,
      "y" : -8.560031,
      "z" : -3.0318465
    }, {
      "x" : 0.3790324,
      "y" : -0.44804344,
      "z" : -0.333906
    }, {
      "x" : -0.020967606,
      "y" : -0.54804343,
      "z" : -0.433906
    }, {
      "x" : 1.8192083,
      "y" : -8.326697,
      "z" : -3.3318467
    }, {
      "x" : 1.4192083,
      "y" : -8.426697,
      "z" : -3.4318466
    }, {
      "x" : -0.15430094,
      "y" : -0.7813768,
      "z" : -0.133906
    }, {
      "x" : 0.24569906,
      "y" : -0.68137676,
      "z" : -0.033906
    } ],
    "faces" : [ {
      "vertices" : [ 2, 3, 6, 7 ]
    }, {
      "vertices" : [ 0, 5, 4, 1 ]
    }, {
      "vertices" : [ 2, 4, 5, 3 ]
    }, {
      "vertices" : [ 0, 6, 3, 5 ]
    }, {
      "vertices" : [ 0, 1, 7, 6 ]
    }, {
      "vertices" : [ 1, 4, 2, 7 ]
    } ]
  }, {
    "id" : "fb23d2f7-d45d-4d26-b2d0-803fe22d810e",
    "orbit" : "3",
    "name" : " :-1 +3/2*phi",
    "vertices" : [ {
      "x" : 5.647239,
      "y" : -2.2649224,
      "z" : -4.108552
    }, {
      "x" : 5.7472396,
      "y" : -1.8649224,
      "z" : -4.208552
    }, {
      "x" : 0.42837548,
      "y" : -0.055755943,
      "z" : -0.58220357
    }, {
      "x" : 0.3283755,
      "y" : -0.45575595,
      "z" : -0.48220354
    }, {
      "x" : 5.513906,
      "y" : -1.9982558,
      "z" : -4.5085516
    }, {
      "x" : 5.413906,
      "y" : -2.3982558,
      "z" : -4.4085517
    }, {
      "x" : 0.5617088,
      "y" : -0.32242262,
      "z" : -0.18220356
    }, {
      "x" : 0.66170883,
      "y" : 0.07757739,
      "z" : -0.28220356
    } ],
    "faces" : [ {
      "vertices" : [ 2, 3, 6, 7 ]
    }, {
      "vertices" : [ 0, 5, 4, 1 ]
    }, {
      "vertices" : [ 2, 4, 5, 3 ]
    }, {
      "vertices" : [ 0, 6, 3, 5 ]
    }, {
      "vertices" : [ 0, 1, 7, 6 ]
    }, {
      "vertices" : [ 1, 4, 2, 7 ]
    } ]
  }, {
    "id" : "224a7f02-00a3-451a-b8d2-73e3af39ce58",
    "orbit" : "11",
    "name" : "shorter",
    "vertices" : [ {
      "x" : -2.170402,
      "y" : -3.714348,
      "z" : 0.79167414
    }, {
      "x" : -2.270402,
      "y" : -3.814348,
      "z" : 0.39167413
    }, {
      "x" : -0.55556524,
      "y" : -0.4804932,
      "z" : -0.034580834
    }, {
      "x" : -0.45556527,
      "y" : -0.38049316,
      "z" : 0.36541918
    }, {
      "x" : -2.570402,
      "y" : -3.5810146,
      "z" : 0.5250075
    }, {
      "x" : -2.470402,
      "y" : -3.4810147,
      "z" : 0.92500746
    }, {
      "x" : -0.15556526,
      "y" : -0.6138265,
      "z" : 0.23208584
    }, {
      "x" : -0.25556526,
      "y" : -0.71382654,
      "z" : -0.16791417
    } ],
    "faces" : [ {
      "vertices" : [ 2, 3, 6, 7 ]
    }, {
      "vertices" : [ 0, 5, 4, 1 ]
    }, {
      "vertices" : [ 2, 4, 5, 3 ]
    }, {
      "vertices" : [ 0, 6, 3, 5 ]
    }, {
      "vertices" : [ 0, 1, 7, 6 ]
    }, {
      "vertices" : [ 1, 4, 2, 7 ]
    } ]
  }, {
    "id" : "b388db3b-bc34-444b-ac51-255840003111",
    "orbit" : "10",
    "name" : "medium",
    "vertices" : [ {
      "x" : 4.89086,
      "y" : -10.198757,
      "z" : -5.9567466
    }, {
      "x" : 5.29086,
      "y" : -10.098757,
      "z" : -5.8567467
    }, {
      "x" : 0.5289836,
      "y" : -0.3435753,
      "z" : -0.40805212
    }, {
      "x" : 0.12898356,
      "y" : -0.44357532,
      "z" : -0.5080521
    }, {
      "x" : 5.4241934,
      "y" : -9.865423,
      "z" : -6.156747
    }, {
      "x" : 5.024194,
      "y" : -9.965424,
      "z" : -6.256747
    }, {
      "x" : -0.0043497686,
      "y" : -0.6769087,
      "z" : -0.2080521
    }, {
      "x" : 0.39565024,
      "y" : -0.57690865,
      "z" : -0.108052105
    } ],
    "faces" : [ {
      "vertices" : [ 2, 3, 6, 7 ]
    }, {
      "vertices" : [ 0, 5, 4, 1 ]
    }, {
      "vertices" : [ 2, 4, 5, 3 ]
    }, {
      "vertices" : [ 0, 6, 3, 5 ]
    }, {
      "vertices" : [ 0, 1, 7, 6 ]
    }, {
      "vertices" : [ 1, 4, 2, 7 ]
    } ]
  }, {
    "id" : "b7ae8810-3ff2-40e7-a29b-377fee487161",
    "orbit" : "3",
    "name" : " :3/2*phi",
    "vertices" : [ {
      "x" : 9.904701,
      "y" : -3.891128,
      "z" : -7.395579
    }, {
      "x" : 10.004702,
      "y" : -3.4911282,
      "z" : -7.495579
    }, {
      "x" : 0.42837548,
      "y" : -0.055755943,
      "z" : -0.58220357
    }, {
      "x" : 0.3283755,
      "y" : -0.45575595,
      "z" : -0.48220354
    }, {
      "x" : 9.771368,
      "y" : -3.6244614,
      "z" : -7.795579
    }, {
      "x" : 9.671368,
      "y" : -4.0244613,
      "z" : -7.695579
    }, {
      "x" : 0.5617088,
      "y" : -0.32242262,
      "z" : -0.18220356
    }, {
      "x" : 0.66170883,
      "y" : 0.07757739,
      "z" : -0.28220356
    } ],
    "faces" : [ {
      "vertices" : [ 2, 3, 6, 7 ]
    }, {
      "vertices" : [ 0, 5, 4, 1 ]
    }, {
      "vertices" : [ 2, 4, 5, 3 ]
    }, {
      "vertices" : [ 0, 6, 3, 5 ]
    }, {
      "vertices" : [ 0, 1, 7, 6 ]
    }, {
      "vertices" : [ 1, 4, 2, 7 ]
    } ]
  }, {
    "id" : "5bbb827e-6ec6-466a-b874-824b2e1b3b53",
    "orbit" : "13",
    "name" : "medium",
    "vertices" : [ {
      "x" : -8.323805,
      "y" : -4.756912,
      "z" : 3.979357
    }, {
      "x" : -8.223805,
      "y" : -4.6569123,
      "z" : 4.379357
    }, {
      "x" : -0.34436437,
      "y" : -0.4042774,
      "z" : 0.53267294
    }, {
      "x" : -0.44436437,
      "y" : -0.5042774,
      "z" : 0.13267292
    }, {
      "x" : -7.990472,
      "y" : -4.9569125,
      "z" : 4.51269
    }, {
      "x" : -8.090471,
      "y" : -5.0569124,
      "z" : 4.1126904
    }, {
      "x" : -0.6776977,
      "y" : -0.20427743,
      "z" : -6.604073E-4
    }, {
      "x" : -0.5776977,
      "y" : -0.104277425,
      "z" : 0.3993396
    } ],
    "faces" : [ {
      "vertices" : [ 2, 3, 6, 7 ]
    }, {
      "vertices" : [ 0, 5, 4, 1 ]
    }, {
      "vertices" : [ 2, 4, 5, 3 ]
    }, {
      "vertices" : [ 0, 6, 3, 5 ]
    }, {
      "vertices" : [ 0, 1, 7, 6 ]
    }, {
      "vertices" : [ 1, 4, 2, 7 ]
    } ]
  }, {
    "id" : "d1115134-9c85-4bb1-8f7d-e2390ba909a4",
    "orbit" : "2",
    "name" : "medium",
    "vertices" : [ {
      "x" : 6.5242944,
      "y" : -7.5909133,
      "z" : -6.600304
    }, {
      "x" : 6.6242943,
      "y" : -7.690913,
      "z" : -6.2003045
    }, {
      "x" : 0.5802901,
      "y" : -0.3588644,
      "z" : -0.2324039
    }, {
      "x" : 0.48029006,
      "y" : -0.2588644,
      "z" : -0.6324039
    }, {
      "x" : 6.924294,
      "y" : -7.45758,
      "z" : -6.3336377
    }, {
      "x" : 6.824294,
      "y" : -7.3575797,
      "z" : -6.733638
    }, {
      "x" : 0.18029006,
      "y" : -0.49219775,
      "z" : -0.49907055
    }, {
      "x" : 0.28029007,
      "y" : -0.5921977,
      "z" : -0.099070564
    } ],
    "faces" : [ {
      "vertices" : [ 2, 3, 6, 7 ]
    }, {
      "vertices" : [ 0, 5, 4, 1 ]
    }, {
      "vertices" : [ 2, 4, 5, 3 ]
    }, {
      "vertices" : [ 0, 6, 3, 5 ]
    }, {
      "vertices" : [ 0, 1, 7, 6 ]
    }, {
      "vertices" : [ 1, 4, 2, 7 ]
    } ]
  }, {
    "id" : "6c809046-dc30-4447-9be7-4bf2f7aa471c",
    "orbit" : "green",
    "name" : "g3",
    "vertices" : [ {
      "x" : 27.320917,
      "y" : 10.2446785,
      "z" : -4.104102
    }, {
      "x" : 28.343458,
      "y" : 10.281153,
      "z" : -4.236068
    }, {
      "x" : 27.320917,
      "y" : 10.2446785,
      "z" : -3.722136
    }, {
      "x" : 27.129932,
      "y" : 10.553696,
      "z" : -4.222136
    }, {
      "x" : 27.129932,
      "y" : 10.553696,
      "z" : -3.84017
    }, {
      "x" : 0.809017,
      "y" : 0.618034,
      "z" : 0.309017
    }, {
      "x" : 1.0,
      "y" : 0.309017,
      "z" : 0.19098301
    }, {
      "x" : 1.9045085,
      "y" : 0.5364745,
      "z" : -0.013932022
    }, {
      "x" : 28.034441,
      "y" : 10.781153,
      "z" : -4.427051
    }, {
      "x" : 28.225426,
      "y" : 10.472136,
      "z" : -4.545085
    }, {
      "x" : 28.225426,
      "y" : 10.472136,
      "z" : -3.927051
    }, {
      "x" : 28.034441,
      "y" : 10.781153,
      "z" : -4.045085
    }, {
      "x" : 1.7135255,
      "y" : 0.8454915,
      "z" : -0.13196601
    }, {
      "x" : 0.690983,
      "y" : 0.809017,
      "z" : 0.0
    }, {
      "x" : 1.9045085,
      "y" : 0.5364745,
      "z" : -0.39589804
    }, {
      "x" : 1.7135255,
      "y" : 0.8454915,
      "z" : -0.51393205
    }, {
      "x" : 0.809017,
      "y" : 0.618034,
      "z" : -0.309017
    }, {
      "x" : 1.0,
      "y" : 0.309017,
      "z" : -0.19098301
    }, {
      "x" : 29.034441,
      "y" : 11.09017,
      "z" : -4.236068
    } ],
    "faces" : [ {
      "vertices" : [ 0, 14, 15, 3 ]
    }, {
      "vertices" : [ 3, 15, 12, 4 ]
    }, {
      "vertices" : [ 0, 1, 2 ]
    }, {
      "vertices" : [ 12, 15, 13 ]
    }, {
      "vertices" : [ 0, 9, 1 ]
    }, {
      "vertices" : [ 0, 3, 9 ]
    }, {
      "vertices" : [ 13, 15, 16 ]
    }, {
      "vertices" : [ 6, 17, 14, 7 ]
    }, {
      "vertices" : [ 1, 10, 2 ]
    }, {
      "vertices" : [ 5, 6, 7 ]
    }, {
      "vertices" : [ 3, 8, 9 ]
    }, {
      "vertices" : [ 0, 2, 7, 14 ]
    }, {
      "vertices" : [ 5, 7, 12 ]
    }, {
      "vertices" : [ 2, 4, 12, 7 ]
    }, {
      "vertices" : [ 3, 4, 11, 8 ]
    }, {
      "vertices" : [ 2, 10, 11, 4 ]
    }, {
      "vertices" : [ 5, 12, 13 ]
    }, {
      "vertices" : [ 14, 17, 16, 15 ]
    } ]
  }, {
    "id" : "4416f9ac-e977-428d-8a36-2ea6dc5a44b4",
    "orbit" : "8",
    "name" : "medium",
    "vertices" : [ {
      "x" : 1.2142372,
      "y" : 12.584336,
      "z" : 2.0979626
    }, {
      "x" : 1.6142372,
      "y" : 12.484336,
      "z" : 1.9979627
    }, {
      "x" : 0.34934786,
      "y" : 0.5266314,
      "z" : 0.22271572
    }, {
      "x" : -0.05065213,
      "y" : 0.62663144,
      "z" : 0.32271573
    }, {
      "x" : 1.7475705,
      "y" : 12.251003,
      "z" : 2.2979627
    }, {
      "x" : 1.3475705,
      "y" : 12.351003,
      "z" : 2.3979626
    }, {
      "x" : -0.18398547,
      "y" : 0.8599647,
      "z" : 0.022715725
    }, {
      "x" : 0.21601453,
      "y" : 0.75996476,
      "z" : -0.07728428
    } ],
    "faces" : [ {
      "vertices" : [ 2, 3, 6, 7 ]
    }, {
      "vertices" : [ 0, 5, 4, 1 ]
    }, {
      "vertices" : [ 2, 4, 5, 3 ]
    }, {
      "vertices" : [ 0, 6, 3, 5 ]
    }, {
      "vertices" : [ 0, 1, 7, 6 ]
    }, {
      "vertices" : [ 1, 4, 2, 7 ]
    } ]
  } ],
  "instances" : [ {
    "shape" : "1dc86cb3-26fb-497b-bf65-7ff97dd83960",
    "color" : "#007695",
    "position" : {
      "x" : 11.09017,
      "y" : -24.798374,
      "z" : 24.798374
    },
    "orientation" : 0
  }, {
    "shape" : "348ee567-c58b-4e99-99ea-16f917c28e8e",
    "color" : "#FFFFFF",
    "position" : {
      "x" : 17.944271,
      "y" : -13.708204,
      "z" : 42.742645
    }
  }, {
    "shape" : "13737b3b-7cec-4035-a87c-ec8c9b8bf323",
    "color" : "#CC0000",
    "position" : {
      "x" : -25.866045,
      "y" : 3.025848,
      "z" : -20.446201
    },
    "orientation" : 0
  }, {
    "shape" : "348ee567-c58b-4e99-99ea-16f917c28e8e",
    "color" : "#FFFFFF",
    "position" : {
      "x" : -17.916267,
      "y" : 13.697507,
      "z" : -23.056063
    }
  }, {
    "shape" : "48d94b98-cfd5-4631-8451-6a15693fbec3",
    "color" : "#CC0000",
    "position" : {
      "x" : -14.719866,
      "y" : -1.2316138,
      "z" : -29.05175
    },
    "orientation" : 0
  }, {
    "shape" : "1dc86cb3-26fb-497b-bf65-7ff97dd83960",
    "color" : "#007695",
    "position" : {
      "x" : 29.034441,
      "y" : -17.944271,
      "z" : 35.888542
    },
    "orientation" : 6
  }, {
    "shape" : "348ee567-c58b-4e99-99ea-16f917c28e8e",
    "color" : "#FFFFFF",
    "position" : {
      "x" : -7.5831904,
      "y" : 9.750623,
      "z" : -31.033846
    }
  }, {
    "shape" : "214ea408-4d1d-40f8-b843-28c4547e539b",
    "color" : "#FFFFFF",
    "position" : {
      "x" : -7.663119,
      "y" : -27.725426,
      "z" : -40.62461
    },
    "orientation" : 0
  }, {
    "shape" : "348ee567-c58b-4e99-99ea-16f917c28e8e",
    "color" : "#FFFFFF",
    "position" : {
      "x" : -0.69447273,
      "y" : 7.119367,
      "z" : -36.352367
    }
  }, {
    "shape" : "348ee567-c58b-4e99-99ea-16f917c28e8e",
    "color" : "#FFFFFF",
    "position" : {
      "x" : 29.034441,
      "y" : 4.236068,
      "z" : 35.888542
    }
  }, {
    "shape" : "348ee567-c58b-4e99-99ea-16f917c28e8e",
    "color" : "#FFFFFF",
    "position" : {
      "x" : 6.854102,
      "y" : -17.944271,
      "z" : 35.888542
    }
  }, {
    "shape" : "65d6f3b5-4c1f-41e1-b33b-ff9d141b9342",
    "color" : "#CC0000",
    "position" : {
      "x" : -23.172169,
      "y" : -11.711326,
      "z" : -26.053907
    },
    "orientation" : 0
  }, {
    "shape" : "cf784ca8-3ffe-4e53-8403-0c84bb1e8db5",
    "color" : "#CC0000",
    "position" : {
      "x" : -12.189932,
      "y" : 19.982378,
      "z" : -25.296814
    },
    "orientation" : 0
  }, {
    "shape" : "348ee567-c58b-4e99-99ea-16f917c28e8e",
    "color" : "#FFFFFF",
    "position" : {
      "x" : 6.854102,
      "y" : 4.236068,
      "z" : 35.888542
    }
  }, {
    "shape" : "1b906536-fa5b-430a-88e2-30376f472022",
    "color" : "#CC0000",
    "position" : {
      "x" : -27.746819,
      "y" : 17.452444,
      "z" : -15.466262
    },
    "orientation" : 0
  }, {
    "shape" : "54762364-3678-4fe2-b7fe-56bc001e7ff2",
    "color" : "#CC0000",
    "position" : {
      "x" : -31.94166,
      "y" : 5.3465266,
      "z" : -15.7554455
    },
    "orientation" : 0
  }, {
    "shape" : "348ee567-c58b-4e99-99ea-16f917c28e8e",
    "color" : "#FFFFFF",
    "position" : {
      "x" : 6.854102,
      "y" : 4.236068,
      "z" : 13.708204
    }
  }, {
    "shape" : "54762364-3678-4fe2-b7fe-56bc001e7ff2",
    "color" : "#CC0000",
    "position" : {
      "x" : -4.8893137,
      "y" : -4.9865503,
      "z" : -36.641552
    },
    "orientation" : 0
  }, {
    "shape" : "e48ecabf-e592-41bd-879d-e89a82e49eab",
    "color" : "#CC0000",
    "position" : {
      "x" : -7.5831904,
      "y" : 9.750623,
      "z" : -31.033846
    },
    "orientation" : 0
  }, {
    "shape" : "348ee567-c58b-4e99-99ea-16f917c28e8e",
    "color" : "#FFFFFF",
    "position" : {
      "x" : -12.189932,
      "y" : 19.982378,
      "z" : -25.296814
    }
  }, {
    "shape" : "1dc86cb3-26fb-497b-bf65-7ff97dd83960",
    "color" : "#007695",
    "position" : {
      "x" : 0.0,
      "y" : -6.854102,
      "z" : 17.944271
    },
    "orientation" : 24
  }, {
    "shape" : "1dc86cb3-26fb-497b-bf65-7ff97dd83960",
    "color" : "#007695",
    "position" : {
      "x" : 17.944271,
      "y" : -13.708204,
      "z" : 6.854102
    },
    "orientation" : 41
  }, {
    "shape" : "87b858c6-e3c3-432c-a782-1dc6ead4b8fd",
    "color" : "#CC0000",
    "position" : {
      "x" : -2.35938,
      "y" : 16.227442,
      "z" : -32.886616
    },
    "orientation" : 0
  }, {
    "shape" : "1dc86cb3-26fb-497b-bf65-7ff97dd83960",
    "color" : "#007695",
    "position" : {
      "x" : 24.798374,
      "y" : 11.09017,
      "z" : 24.798374
    },
    "orientation" : 37
  }, {
    "shape" : "348ee567-c58b-4e99-99ea-16f917c28e8e",
    "color" : "#FFFFFF",
    "position" : {
      "x" : 24.798374,
      "y" : -24.798374,
      "z" : 24.798374
    }
  }, {
    "shape" : "348ee567-c58b-4e99-99ea-16f917c28e8e",
    "color" : "#FFFFFF",
    "position" : {
      "x" : -9.463964,
      "y" : 24.17722,
      "z" : -26.053907
    }
  }, {
    "shape" : "fb23d2f7-d45d-4d26-b2d0-803fe22d810e",
    "color" : "#CC0000",
    "position" : {
      "x" : -6.7700877,
      "y" : 9.440045,
      "z" : -31.661612
    },
    "orientation" : 0
  }, {
    "shape" : "348ee567-c58b-4e99-99ea-16f917c28e8e",
    "color" : "#FFFFFF",
    "position" : {
      "x" : 24.798374,
      "y" : 11.09017,
      "z" : 24.798374
    }
  }, {
    "shape" : "224a7f02-00a3-451a-b8d2-73e3af39ce58",
    "color" : "#CC0000",
    "position" : {
