{
  "field" : "golden",
  "symmetry" : "icosahedral",
  "orientations" : [ [ 1.0, 0.0, 0.0, 0.0, 0.0, 1.0, 0.0, 0.0, 0.0, 0.0, 1.0, 0.0, 0.0, 0.0, 0.0, 1.0 ], [ 0.0, 0.0, 1.0, 0.0, 1.0, 0.0, 0.0, 0.0, 0.0, 1.0, 0.0, 0.0, 0.0, 0.0, 0.0, 1.0 ], [ 0.0, 1.0, 0.0, 0.0, 0.0, 0.0, 1.0, 0.0, 1.0, 0.0, 0.0, 0.0, 0.0, 0.0, 0.0, 1.0 ], [ 0.809017, 0.309017, 0.5, 0.0, 0.309017, 0.5, -0.809017, 0.0, -0.5, 0.809017, 0.309017, 0.0, 0.0, 0.0, 0.0, 1.0 ], [ -0.5, 0.809017, 0.309017, 0.0, 0.809017, 0.309017, 0.5, 0.0, 0.309017, 0.5, -0.809017, 0.0, 0.0, 0.0, 0.0, 1.0 ], [ 0.309017, 0.5, -0.809017, 0.0, -0.5, 0.809017, 0.309017, 0.0, 0.809017, 0.309017, 0.5, 0.0, 0.0, 0.0, 0.0, 1.0 ], [ 0.5, 0.809017, 0.309017, 0.0, 0.809017, -0.309017, -0.5, 0.0, -0.309017, 0.5, -0.809017, 0.0, 0.0, 0.0, 0.0, 1.0 ], [ -0.309017, 0.5, -0.809017, 0.0, 0.5, 0.809017, 0.309017, 0.0, 0.809017, -0.309017, -0.5, 0.0, 0.0, 0.0, 0.0, 1.0 ], [ 0.809017, -0.309017, -0.5, 0.0, -0.309017, 0.5, -0.809017, 0.0, 0.5, 0.809017, 0.309017, 0.0, 0.0, 0.0, 0.0, 1.0 ], [ 0.5, 0.809017, -0.309017, 0.0, 0.809017, -0.309017, 0.5, 0.0, 0.309017, -0.5, -0.809017, 0.0, 0.0, 0.0, 0.0, 1.0 ], [ 0.309017, -0.5, -0.809017, 0.0, 0.5, 0.809017, -0.309017, 0.0, 0.809017, -0.309017, 0.5, 0.0, 0.0, 0.0, 0.0, 1.0 ], [ 0.809017, -0.309017, 0.5, 0.0, 0.309017, -0.5, -0.809017, 0.0, 0.5, 0.809017, -0.309017, 0.0, 0.0, 0.0, 0.0, 1.0 ], [ 0.809017, 0.309017, -0.5, 0.0, 0.309017, 0.5, 0.809017, 0.0, 0.5, -0.809017, 0.309017, 0.0, 0.0, 0.0, 0.0, 1.0 ], [ 0.5, -0.809017, 0.309017, 0.0, 0.809017, 0.309017, -0.5, 0.0, 0.309017, 0.5, 0.809017, 0.0, 0.0, 0.0, 0.0, 1.0 ], [ 0.309017, 0.5, 0.809017, 0.0, 0.5, -0.809017, 0.309017, 0.0, 0.809017, 0.309017, -0.5, 0.0, 0.0, 0.0, 0.0, 1.0 ], [ 1.0, 0.0, 0.0, 0.0, 0.0, -1.0, 0.0, 0.0, 0.0, 0.0, -1.0, 0.0, 0.0, 0.0, 0.0, 1.0 ], [ 0.0, 0.0, 1.0, 0.0, -1.0, 0.0, 0.0, 0.0, 0.0, -1.0, 0.0, 0.0, 0.0, 0.0, 0.0, 1.0 ], [ 0.0, 1.0, 0.0, 0.0, 0.0, 0.0, -1.0, 0.0, -1.0, 0.0, 0.0, 0.0, 0.0, 0.0, 0.0, 1.0 ], [ 0.809017, 0.309017, 0.5, 0.0, -0.309017, -0.5, 0.809017, 0.0, 0.5, -0.809017, -0.309017, 0.0, 0.0, 0.0, 0.0, 1.0 ], [ -0.5, 0.809017, 0.309017, 0.0, -0.809017, -0.309017, -0.5, 0.0, -0.309017, -0.5, 0.809017, 0.0, 0.0, 0.0, 0.0, 1.0 ], [ 0.309017, 0.5, -0.809017, 0.0, 0.5, -0.809017, -0.309017, 0.0, -0.809017, -0.309017, -0.5, 0.0, 0.0, 0.0, 0.0, 1.0 ], [ 0.5, 0.809017, 0.309017, 0.0, -0.809017, 0.309017, 0.5, 0.0, 0.309017, -0.5, 0.809017, 0.0, 0.0, 0.0, 0.0, 1.0 ], [ -0.309017, 0.5, -0.809017, 0.0, -0.5, -0.809017, -0.309017, 0.0, -0.809017, 0.309017, 0.5, 0.0, 0.0, 0.0, 0.0, 1.0 ], [ 0.809017, -0.309017, -0.5, 0.0, 0.309017, -0.5, 0.809017, 0.0, -0.5, -0.809017, -0.309017, 0.0, 0.0, 0.0, 0.0, 1.0 ], [ 0.5, 0.809017, -0.309017, 0.0, -0.809017, 0.309017, -0.5, 0.0, -0.309017, 0.5, 0.809017, 0.0, 0.0, 0.0, 0.0, 1.0 ], [ 0.309017, -0.5, -0.809017, 0.0, -0.5, -0.809017, 0.309017, 0.0, -0.809017, 0.309017, -0.5, 0.0, 0.0, 0.0, 0.0, 1.0 ], [ 0.809017, -0.309017, 0.5, 0.0, -0.309017, 0.5, 0.809017, 0.0, -0.5, -0.809017, 0.309017, 0.0, 0.0, 0.0, 0.0, 1.0 ], [ 0.809017, 0.309017, -0.5, 0.0, -0.309017, -0.5, -0.809017, 0.0, -0.5, 0.809017, -0.309017, 0.0, 0.0, 0.0, 0.0, 1.0 ], [ 0.5, -0.809017, 0.309017, 0.0, -0.809017, -0.309017, 0.5, 0.0, -0.309017, -0.5, -0.809017, 0.0, 0.0, 0.0, 0.0, 1.0 ], [ 0.309017, 0.5, 0.809017, 0.0, -0.5, 0.809017, -0.309017, 0.0, -0.809017, -0.309017, 0.5, 0.0, 0.0, 0.0, 0.0, 1.0 ], [ -1.0, 0.0, 0.0, 0.0, 0.0, -1.0, 0.0, 0.0, 0.0, 0.0, 1.0, 0.0, 0.0, 0.0, 0.0, 1.0 ], [ 0.0, 0.0, -1.0, 0.0, -1.0, 0.0, 0.0, 0.0, 0.0, 1.0, 0.0, 0.0, 0.0, 0.0, 0.0, 1.0 ], [ 0.0, -1.0, 0.0, 0.0, 0.0, 0.0, -1.0, 0.0, 1.0, 0.0, 0.0, 0.0, 0.0, 0.0, 0.0, 1.0 ], [ -0.809017, -0.309017, -0.5, 0.0, -0.309017, -0.5, 0.809017, 0.0, -0.5, 0.809017, 0.309017, 0.0, 0.0, 0.0, 0.0, 1.0 ], [ 0.5, -0.809017, -0.309017, 0.0, -0.809017, -0.309017, -0.5, 0.0, 0.309017, 0.5, -0.809017, 0.0, 0.0, 0.0, 0.0, 1.0 ], [ -0.309017, -0.5, 0.809017, 0.0, 0.5, -0.809017, -0.309017, 0.0, 0.809017, 0.309017, 0.5, 0.0, 0.0, 0.0, 0.0, 1.0 ], [ -0.5, -0.809017, -0.309017, 0.0, -0.809017, 0.309017, 0.5, 0.0, -0.309017, 0.5, -0.809017, 0.0, 0.0, 0.0, 0.0, 1.0 ], [ 0.309017, -0.5, 0.809017, 0.0, -0.5, -0.809017, -0.309017, 0.0, 0.809017, -0.309017, -0.5, 0.0, 0.0, 0.0, 0.0, 1.0 ], [ -0.809017, 0.309017, 0.5, 0.0, 0.309017, -0.5, 0.809017, 0.0, 0.5, 0.809017, 0.309017, 0.0, 0.0, 0.0, 0.0, 1.0 ], [ -0.5, -0.809017, 0.309017, 0.0, -0.809017, 0.309017, -0.5, 0.0, 0.309017, -0.5, -0.809017, 0.0, 0.0, 0.0, 0.0, 1.0 ], [ -0.309017, 0.5, 0.809017, 0.0, -0.5, -0.809017, 0.309017, 0.0, 0.809017, -0.309017, 0.5, 0.0, 0.0, 0.0, 0.0, 1.0 ], [ -0.809017, 0.309017, -0.5, 0.0, -0.309017, 0.5, 0.809017, 0.0, 0.5, 0.809017, -0.309017, 0.0, 0.0, 0.0, 0.0, 1.0 ], [ -0.809017, -0.309017, 0.5, 0.0, -0.309017, -0.5, -0.809017, 0.0, 0.5, -0.809017, 0.309017, 0.0, 0.0, 0.0, 0.0, 1.0 ], [ -0.5, 0.809017, -0.309017, 0.0, -0.809017, -0.309017, 0.5, 0.0, 0.309017, 0.5, 0.809017, 0.0, 0.0, 0.0, 0.0, 1.0 ], [ -0.309017, -0.5, -0.809017, 0.0, -0.5, 0.809017, -0.309017, 0.0, 0.809017, 0.309017, -0.5, 0.0, 0.0, 0.0, 0.0, 1.0 ], [ -1.0, 0.0, 0.0, 0.0, 0.0, 1.0, 0.0, 0.0, 0.0, 0.0, -1.0, 0.0, 0.0, 0.0, 0.0, 1.0 ], [ 0.0, 0.0, -1.0, 0.0, 1.0, 0.0, 0.0, 0.0, 0.0, -1.0, 0.0, 0.0, 0.0, 0.0, 0.0, 1.0 ], [ 0.0, -1.0, 0.0, 0.0, 0.0, 0.0, 1.0, 0.0, -1.0, 0.0, 0.0, 0.0, 0.0, 0.0, 0.0, 1.0 ], [ -0.809017, -0.309017, -0.5, 0.0, 0.309017, 0.5, -0.809017, 0.0, 0.5, -0.809017, -0.309017, 0.0, 0.0, 0.0, 0.0, 1.0 ], [ 0.5, -0.809017, -0.309017, 0.0, 0.809017, 0.309017, 0.5, 0.0, -0.309017, -0.5, 0.809017, 0.0, 0.0, 0.0, 0.0, 1.0 ], [ -0.309017, -0.5, 0.809017, 0.0, -0.5, 0.809017, 0.309017, 0.0, -0.809017, -0.309017, -0.5, 0.0, 0.0, 0.0, 0.0, 1.0 ], [ -0.5, -0.809017, -0.309017, 0.0, 0.809017, -0.309017, -0.5, 0.0, 0.309017, -0.5, 0.809017, 0.0, 0.0, 0.0, 0.0, 1.0 ], [ 0.309017, -0.5, 0.809017, 0.0, 0.5, 0.809017, 0.309017, 0.0, -0.809017, 0.309017, 0.5, 0.0, 0.0, 0.0, 0.0, 1.0 ], [ -0.809017, 0.309017, 0.5, 0.0, -0.309017, 0.5, -0.809017, 0.0, -0.5, -0.809017, -0.309017, 0.0, 0.0, 0.0, 0.0, 1.0 ], [ -0.5, -0.809017, 0.309017, 0.0, 0.809017, -0.309017, 0.5, 0.0, -0.309017, 0.5, 0.809017, 0.0, 0.0, 0.0, 0.0, 1.0 ], [ -0.309017, 0.5, 0.809017, 0.0, 0.5, 0.809017, -0.309017, 0.0, -0.809017, 0.309017, -0.5, 0.0, 0.0, 0.0, 0.0, 1.0 ], [ -0.809017, 0.309017, -0.5, 0.0, 0.309017, -0.5, -0.809017, 0.0, -0.5, -0.809017, 0.309017, 0.0, 0.0, 0.0, 0.0, 1.0 ], [ -0.809017, -0.309017, 0.5, 0.0, 0.309017, 0.5, 0.809017, 0.0, -0.5, 0.809017, -0.309017, 0.0, 0.0, 0.0, 0.0, 1.0 ], [ -0.5, 0.809017, -0.309017, 0.0, 0.809017, 0.309017, -0.5, 0.0, -0.309017, -0.5, -0.809017, 0.0, 0.0, 0.0, 0.0, 1.0 ], [ -0.309017, -0.5, -0.809017, 0.0, 0.5, -0.809017, 0.309017, 0.0, -0.809017, -0.309017, 0.5, 0.0, 0.0, 0.0, 0.0, 1.0 ] ],
  "lights" : {
    "ambientColor" : "#292929",
    "backgroundColor" : "#AFC8DC",
    "directionalLights" : [ {
      "direction" : {
        "x" : 1.0,
        "y" : -1.0,
        "z" : -1.0
      },
      "color" : "#EBEBE4"
    }, {
      "direction" : {
        "x" : -1.0,
        "y" : 0.0,
        "z" : 0.0
      },
      "color" : "#E4E4EB"
    }, {
      "direction" : {
        "x" : 0.0,
        "y" : 0.0,
        "z" : -1.0
      },
      "color" : "#1E1E1E"
    } ]
  },
  "camera" : {
    "lookDirection" : {
      "x" : 0.0,
      "y" : -0.3568221,
      "z" : -0.93417233
    },
    "upDirection" : {
      "x" : -0.1350454,
      "y" : 0.9256148,
      "z" : -0.3535534
    },
    "lookAtPoint" : {
      "x" : 0.0,
      "y" : 0.0,
      "z" : 0.0
    },
    "viewDistance" : 172.23839,
    "nearClipDistance" : 0.43059602,
    "farClipDistance" : 344.47653,
    "fieldOfView" : 0.44262862,
    "perspective" : true,
    "stereo" : false,
    "width" : 77.507225,
    "position" : {
      "x" : 0.0,
      "y" : 61.458466,
      "z" : 160.90033
    }
  },
  "embedding" : [ 1.0, 0.0, 0.0, 0.0, 0.0, 1.0, 0.0, 0.0, 0.0, 0.0, 1.0, 0.0, 0.0, 0.0, 0.0, 1.0 ],
  "shapes" : [ {
    "id" : "1c4d2ec3-19d2-494a-b192-db13db9eed5a",
    "vertices" : [ {
      "x" : 0.690983,
      "y" : 0.809017,
      "z" : 0.0
    }, {
      "x" : 0.809017,
      "y" : 0.618034,
      "z" : -0.309017
    }, {
      "x" : 0.809017,
      "y" : 0.618034,
      "z" : 0.309017
    }, {
      "x" : 1.0,
      "y" : 0.309017,
      "z" : -0.19098301
    }, {
      "x" : 1.0,
      "y" : 0.309017,
      "z" : 0.19098301
    }, {
      "x" : 1.618034,
      "y" : 0.42705098,
      "z" : -0.309017
    }, {
      "x" : 1.618034,
      "y" : 0.42705098,
      "z" : 0.309017
    }, {
      "x" : 1.618034,
      "y" : 0.809017,
      "z" : -0.309017
    }, {
      "x" : 1.618034,
      "y" : 0.809017,
      "z" : 0.309017
    }, {
      "x" : 9.472136,
      "y" : 3.427051,
      "z" : -0.309017
    }, {
      "x" : 9.472136,
      "y" : 3.427051,
      "z" : 0.309017
    }, {
      "x" : 9.472136,
      "y" : 3.809017,
      "z" : -0.309017
    }, {
      "x" : 9.472136,
      "y" : 3.809017,
      "z" : 0.309017
    }, {
      "x" : 10.09017,
      "y" : 3.927051,
      "z" : -0.19098301
    }, {
      "x" : 10.09017,
      "y" : 3.927051,
      "z" : 0.19098301
    }, {
      "x" : 10.281153,
      "y" : 3.618034,
      "z" : -0.309017
    }, {
      "x" : 10.281153,
      "y" : 3.618034,
      "z" : 0.309017
    }, {
      "x" : 10.399187,
      "y" : 3.427051,
      "z" : 0.0
    }, {
      "x" : 11.09017,
      "y" : 4.236068,
      "z" : 0.0
    } ],
    "faces" : [ {
      "vertices" : [ 5, 7, 11 ]
    }, {
      "vertices" : [ 5, 11, 9 ]
    }, {
      "vertices" : [ 9, 11, 15 ]
    }, {
      "vertices" : [ 9, 17, 10 ]
    }, {
      "vertices" : [ 6, 10, 12 ]
    }, {
      "vertices" : [ 6, 12, 8 ]
    }, {
      "vertices" : [ 10, 16, 12 ]
    }, {
      "vertices" : [ 7, 8, 12 ]
    }, {
      "vertices" : [ 7, 12, 11 ]
    }, {
      "vertices" : [ 11, 13, 15 ]
    }, {
      "vertices" : [ 0, 7, 1 ]
    }, {
      "vertices" : [ 1, 5, 3 ]
    }, {
      "vertices" : [ 9, 15, 17 ]
    }, {
      "vertices" : [ 0, 2, 8 ]
    }, {
      "vertices" : [ 12, 16, 14 ]
    }, {
      "vertices" : [ 0, 1, 3 ]
    }, {
      "vertices" : [ 0, 3, 4 ]
    }, {
      "vertices" : [ 0, 4, 2 ]
    }, {
      "vertices" : [ 10, 17, 16 ]
    }, {
      "vertices" : [ 13, 14, 16 ]
    }, {
      "vertices" : [ 13, 16, 17 ]
    }, {
      "vertices" : [ 13, 17, 15 ]
    }, {
      "vertices" : [ 2, 4, 6 ]
    }, {
      "vertices" : [ 1, 7, 5 ]
    }, {
      "vertices" : [ 0, 8, 7 ]
    }, {
      "vertices" : [ 2, 6, 8 ]
    }, {
      "vertices" : [ 3, 5, 6 ]
    }, {
      "vertices" : [ 3, 6, 4 ]
    }, {
      "vertices" : [ 11, 12, 14 ]
    }, {
      "vertices" : [ 11, 14, 13 ]
    }, {
      "vertices" : [ 5, 9, 10 ]
    }, {
      "vertices" : [ 5, 10, 6 ]
    } ]
  }, {
    "id" : "cc2dafff-80a3-4967-859b-b41ec542edfb",
    "vertices" : [ {
      "x" : 3.927051,
      "y" : 3.427051,
      "z" : 6.236068
    }, {
      "x" : 3.927051,
      "y" : 4.045085,
      "z" : 5.854102
    }, {
      "x" : 2.927051,
      "y" : 3.427051,
      "z" : 5.236068
    }, {
      "x" : 3.236068,
      "y" : 3.545085,
      "z" : 5.045085
    }, {
      "x" : 1.0,
      "y" : 1.309017,
      "z" : 1.427051
    }, {
      "x" : 0.690983,
      "y" : 1.190983,
      "z" : 1.618034
    }, {
      "x" : 3.618034,
      "y" : 3.927051,
      "z" : 6.045085
    }, {
      "x" : 0.309017,
      "y" : 0.809017,
      "z" : 0.618034
    }, {
      "x" : 0.0,
      "y" : 0.690983,
      "z" : 0.809017
    }, {
      "x" : 1.309017,
      "y" : 0.809017,
      "z" : 1.618034
    }, {
      "x" : 0.618034,
      "y" : 0.309017,
      "z" : 0.809017
    }, {
      "x" : 4.236068,
      "y" : 3.545085,
      "z" : 6.045085
    }, {
      "x" : 3.236068,
      "y" : 2.927051,
      "z" : 5.427051
    }, {
      "x" : 3.545085,
      "y" : 3.045085,
      "z" : 5.236068
    }, {
      "x" : 1.0,
      "y" : 0.690983,
      "z" : 1.809017
    }, {
      "x" : 0.309017,
      "y" : 0.19098301,
      "z" : 1.0
    }, {
      "x" : 4.236068,
      "y" : 4.236068,
      "z" : 6.854102
    } ],
    "faces" : [ {
      "vertices" : [ 9, 13, 12 ]
    }, {
      "vertices" : [ 9, 12, 14 ]
    }, {
      "vertices" : [ 9, 14, 15 ]
    }, {
      "vertices" : [ 9, 15, 10 ]
    }, {
      "vertices" : [ 2, 5, 14 ]
    }, {
      "vertices" : [ 2, 14, 12 ]
    }, {
      "vertices" : [ 0, 12, 13 ]
    }, {
      "vertices" : [ 0, 13, 11 ]
    }, {
      "vertices" : [ 0, 6, 2 ]
    }, {
      "vertices" : [ 0, 2, 12 ]
    }, {
      "vertices" : [ 4, 7, 8 ]
    }, {
      "vertices" : [ 4, 8, 5 ]
    }, {
      "vertices" : [ 5, 8, 15 ]
    }, {
      "vertices" : [ 5, 15, 14 ]
    }, {
      "vertices" : [ 1, 3, 2 ]
    }, {
      "vertices" : [ 1, 2, 6 ]
    }, {
      "vertices" : [ 1, 11, 13 ]
    }, {
      "vertices" : [ 1, 13, 3 ]
    }, {
      "vertices" : [ 3, 13, 9 ]
    }, {
      "vertices" : [ 3, 9, 4 ]
    }, {
      "vertices" : [ 2, 3, 4 ]
    }, {
      "vertices" : [ 2, 4, 5 ]
    }, {
      "vertices" : [ 4, 9, 10 ]
    }, {
      "vertices" : [ 4, 10, 7 ]
    } ]
  }, {
    "id" : "f8503ce1-e209-4cfb-912b-0a880894cf31",
    "vertices" : [ {
      "x" : 0.309017,
      "y" : -0.809017,
      "z" : 0.618034
    }, {
      "x" : 0.809017,
      "y" : -0.618034,
      "z" : 0.309017
    }, {
      "x" : 0.618034,
      "y" : -0.309017,
      "z" : 0.809017
    }, {
      "x" : 1.0,
      "y" : 0.309017,
      "z" : 0.19098301
    }, {
      "x" : 0.809017,
      "y" : 0.618034,
      "z" : 0.309017
    }, {
      "x" : 0.618034,
      "y" : 0.309017,
      "z" : 0.809017
    }, {
      "x" : 0.809017,
      "y" : 0.0,
      "z" : 0.690983
    }, {
      "x" : 0.19098301,
      "y" : -1.0,
      "z" : 0.309017
    }, {
      "x" : -0.19098301,
      "y" : -1.0,
      "z" : 0.309017
    }, {
      "x" : -0.19098301,
      "y" : -1.0,
      "z" : -0.309017
    }, {
      "x" : 0.19098301,
      "y" : -1.0,
      "z" : -0.309017
    }, {
      "x" : 1.0,
      "y" : -0.309017,
      "z" : -0.19098301
    }, {
      "x" : 0.809017,
      "y" : -0.618034,
      "z" : -0.309017
    }, {
      "x" : 0.618034,
      "y" : -0.309017,
      "z" : -0.809017
    }, {
      "x" : 0.809017,
      "y" : 0.0,
      "z" : -0.690983
    }, {
      "x" : 0.0,
      "y" : 0.690983,
      "z" : -0.809017
    }, {
      "x" : 0.309017,
      "y" : 0.809017,
      "z" : -0.618034
    }, {
      "x" : 0.618034,
      "y" : 0.309017,
      "z" : -0.809017
    }, {
      "x" : 0.309017,
      "y" : 0.19098301,
      "z" : -1.0
    }, {
      "x" : 1.0,
      "y" : 0.309017,
      "z" : -0.19098301
    }, {
      "x" : -0.309017,
      "y" : -0.809017,
      "z" : 0.618034
    }, {
      "x" : 0.0,
      "y" : -0.690983,
      "z" : 0.809017
    }, {
      "x" : 0.809017,
      "y" : 0.618034,
      "z" : -0.309017
    }, {
      "x" : 0.690983,
      "y" : 0.809017,
      "z" : 0.0
    }, {
      "x" : -0.690983,
      "y" : 0.809017,
      "z" : 0.0
    }, {
      "x" : -0.809017,
      "y" : 0.618034,
      "z" : 0.309017
    }, {
      "x" : -0.309017,
      "y" : 0.809017,
      "z" : 0.618034
    }, {
      "x" : -0.19098301,
      "y" : 1.0,
      "z" : 0.309017
    }, {
      "x" : 0.309017,
      "y" : -0.19098301,
      "z" : -1.0
    }, {
      "x" : 0.19098301,
      "y" : 1.0,
      "z" : 0.309017
    }, {
      "x" : 0.309017,
      "y" : 0.809017,
      "z" : 0.618034
    }, {
      "x" : -0.809017,
      "y" : -0.618034,
      "z" : 0.309017
    }, {
      "x" : -0.690983,
      "y" : -0.809017,
      "z" : 0.0
    }, {
      "x" : 0.0,
      "y" : 0.690983,
      "z" : 0.809017
    }, {
      "x" : 0.309017,
      "y" : -0.809017,
      "z" : -0.618034
    }, {
      "x" : 0.0,
      "y" : -0.690983,
      "z" : -0.809017
    }, {
      "x" : -1.0,
      "y" : 0.309017,
      "z" : 0.19098301
    }, {
      "x" : -0.809017,
      "y" : 0.0,
      "z" : 0.690983
    }, {
      "x" : -0.618034,
      "y" : 0.309017,
      "z" : 0.809017
    }, {
      "x" : 1.0,
      "y" : -0.309017,
      "z" : 0.19098301
    }, {
      "x" : -0.309017,
      "y" : -0.809017,
      "z" : -0.618034
    }, {
      "x" : -1.0,
      "y" : 0.309017,
      "z" : -0.19098301
    }, {
      "x" : -1.0,
      "y" : -0.309017,
      "z" : -0.19098301
    }, {
      "x" : -1.0,
      "y" : -0.309017,
      "z" : 0.19098301
    }, {
      "x" : 0.19098301,
      "y" : 1.0,
      "z" : -0.309017
    }, {
      "x" : -0.809017,
      "y" : 0.618034,
      "z" : -0.309017
    }, {
      "x" : -0.19098301,
      "y" : 1.0,
      "z" : -0.309017
    }, {
      "x" : -0.309017,
      "y" : 0.809017,
      "z" : -0.618034
    }, {
      "x" : -0.618034,
      "y" : -0.309017,
      "z" : 0.809017
    }, {
      "x" : 0.309017,
      "y" : 0.19098301,
      "z" : 1.0
    }, {
      "x" : -0.309017,
      "y" : 0.19098301,
      "z" : -1.0
    }, {
      "x" : -0.309017,
      "y" : 0.19098301,
      "z" : 1.0
    }, {
      "x" : -0.309017,
      "y" : -0.19098301,
      "z" : 1.0
    }, {
      "x" : 0.309017,
      "y" : -0.19098301,
      "z" : 1.0
    }, {
      "x" : 0.690983,
      "y" : -0.809017,
      "z" : 0.0
    }, {
      "x" : -0.809017,
      "y" : 0.0,
      "z" : -0.690983
    }, {
      "x" : -0.618034,
      "y" : -0.309017,
      "z" : -0.809017
    }, {
      "x" : -0.309017,
      "y" : -0.19098301,
      "z" : -1.0
    }, {
      "x" : -0.618034,
      "y" : 0.309017,
      "z" : -0.809017
    }, {
      "x" : -0.809017,
      "y" : -0.618034,
      "z" : -0.309017
    } ],
    "faces" : [ {
      "vertices" : [ 9, 40, 35 ]
    }, {
      "vertices" : [ 9, 35, 34 ]
    }, {
      "vertices" : [ 9, 34, 10 ]
    }, {
      "vertices" : [ 0, 1, 2 ]
    }, {
      "vertices" : [ 33, 51, 49 ]
    }, {
      "vertices" : [ 25, 36, 37 ]
    }, {
      "vertices" : [ 25, 37, 38 ]
    }, {
      "vertices" : [ 41, 55, 42 ]
    }, {
      "vertices" : [ 9, 32, 59 ]
    }, {
      "vertices" : [ 9, 59, 40 ]
    }, {
      "vertices" : [ 20, 21, 52 ]
    }, {
      "vertices" : [ 20, 52, 48 ]
    }, {
      "vertices" : [ 26, 33, 30 ]
    }, {
      "vertices" : [ 26, 30, 29 ]
    }, {
      "vertices" : [ 26, 29, 27 ]
    }, {
      "vertices" : [ 3, 4, 5 ]
    }, {
      "vertices" : [ 3, 5, 6 ]
    }, {
      "vertices" : [ 27, 29, 44 ]
    }, {
      "vertices" : [ 27, 44, 46 ]
    }, {
      "vertices" : [ 50, 57, 56 ]
    }, {
      "vertices" : [ 50, 56, 55 ]
    }, {
      "vertices" : [ 50, 55, 58 ]
    }, {
      "vertices" : [ 26, 38, 51 ]
    }, {
      "vertices" : [ 26, 51, 33 ]
    }, {
      "vertices" : [ 45, 47, 58 ]
    }, {
      "vertices" : [ 18, 28, 57 ]
    }, {
      "vertices" : [ 18, 57, 50 ]
    }, {
      "vertices" : [ 40, 59, 56 ]
    }, {
      "vertices" : [ 31, 48, 37 ]
    }, {
      "vertices" : [ 31, 37, 43 ]
    }, {
      "vertices" : [ 7, 8, 9 ]
    }, {
      "vertices" : [ 7, 9, 10 ]
    }, {
      "vertices" : [ 36, 41, 42 ]
    }, {
      "vertices" : [ 36, 42, 43 ]
    }, {
      "vertices" : [ 24, 46, 47 ]
    }, {
      "vertices" : [ 24, 47, 45 ]
    }, {
      "vertices" : [ 4, 30, 5 ]
    }, {
      "vertices" : [ 15, 47, 46 ]
    }, {
      "vertices" : [ 15, 46, 44 ]
    }, {
      "vertices" : [ 15, 44, 16 ]
    }, {
      "vertices" : [ 15, 50, 58 ]
    }, {
      "vertices" : [ 15, 58, 47 ]
    }, {
      "vertices" : [ 24, 45, 41 ]
    }, {
      "vertices" : [ 24, 41, 36 ]
    }, {
      "vertices" : [ 24, 36, 25 ]
    }, {
      "vertices" : [ 11, 14, 19 ]
    }, {
      "vertices" : [ 3, 6, 39 ]
    }, {
      "vertices" : [ 1, 39, 6 ]
    }, {
      "vertices" : [ 1, 6, 2 ]
    }, {
      "vertices" : [ 8, 32, 9 ]
    }, {
      "vertices" : [ 11, 12, 13 ]
    }, {
      "vertices" : [ 11, 13, 14 ]
    }, {
      "vertices" : [ 16, 22, 17 ]
    }, {
      "vertices" : [ 0, 21, 20 ]
    }, {
      "vertices" : [ 0, 20, 8 ]
    }, {
      "vertices" : [ 0, 8, 7 ]
    }, {
      "vertices" : [ 12, 34, 13 ]
    }, {
      "vertices" : [ 35, 40, 56 ]
    }, {
      "vertices" : [ 35, 56, 57 ]
    }, {
      "vertices" : [ 0, 7, 54 ]
    }, {
      "vertices" : [ 0, 54, 1 ]
    }, {
      "vertices" : [ 15, 16, 17 ]
    }, {
      "vertices" : [ 15, 17, 18 ]
    }, {
      "vertices" : [ 3, 19, 22 ]
    }, {
      "vertices" : [ 3, 22, 23 ]
    }, {
      "vertices" : [ 3, 23, 4 ]
    }, {
      "vertices" : [ 7, 10, 54 ]
    }, {
      "vertices" : [ 41, 45, 58 ]
    }, {
      "vertices" : [ 41, 58, 55 ]
    }, {
      "vertices" : [ 3, 39, 11 ]
    }, {
      "vertices" : [ 3, 11, 19 ]
    }, {
      "vertices" : [ 14, 17, 22 ]
    }, {
      "vertices" : [ 14, 22, 19 ]
    }, {
      "vertices" : [ 0, 2, 53 ]
    }, {
      "vertices" : [ 0, 53, 21 ]
    }, {
      "vertices" : [ 49, 51, 52 ]
    }, {
      "vertices" : [ 49, 52, 53 ]
    }, {
      "vertices" : [ 31, 43, 42 ]
    }, {
      "vertices" : [ 31, 42, 59 ]
    }, {
      "vertices" : [ 31, 59, 32 ]
    }, {
      "vertices" : [ 15, 18, 50 ]
    }, {
      "vertices" : [ 42, 55, 56 ]
    }, {
      "vertices" : [ 42, 56, 59 ]
    }, {
      "vertices" : [ 4, 23, 29 ]
    }, {
      "vertices" : [ 4, 29, 30 ]
    }, {
      "vertices" : [ 25, 38, 26 ]
    }, {
      "vertices" : [ 13, 28, 18 ]
    }, {
      "vertices" : [ 13, 18, 17 ]
    }, {
      "vertices" : [ 13, 17, 14 ]
    }, {
      "vertices" : [ 8, 20, 31 ]
    }, {
      "vertices" : [ 8, 31, 32 ]
    }, {
      "vertices" : [ 23, 44, 29 ]
    }, {
      "vertices" : [ 24, 27, 46 ]
    }, {
      "vertices" : [ 37, 48, 52 ]
    }, {
      "vertices" : [ 37, 52, 51 ]
    }, {
      "vertices" : [ 37, 51, 38 ]
    }, {
      "vertices" : [ 20, 48, 31 ]
    }, {
      "vertices" : [ 24, 25, 26 ]
    }, {
      "vertices" : [ 24, 26, 27 ]
    }, {
      "vertices" : [ 16, 44, 23 ]
    }, {
      "vertices" : [ 16, 23, 22 ]
    }, {
      "vertices" : [ 13, 34, 35 ]
    }, {
      "vertices" : [ 13, 35, 28 ]
    }, {
      "vertices" : [ 10, 34, 12 ]
    }, {
      "vertices" : [ 10, 12, 54 ]
    }, {
      "vertices" : [ 2, 6, 5 ]
    }, {
      "vertices" : [ 2, 5, 49 ]
    }, {
      "vertices" : [ 2, 49, 53 ]
    }, {
      "vertices" : [ 36, 43, 37 ]
    }, {
      "vertices" : [ 5, 30, 33 ]
    }, {
      "vertices" : [ 5, 33, 49 ]
    }, {
      "vertices" : [ 1, 54, 12 ]
    }, {
      "vertices" : [ 1, 12, 11 ]
    }, {
      "vertices" : [ 1, 11, 39 ]
    }, {
      "vertices" : [ 28, 35, 57 ]
    }, {
      "vertices" : [ 21, 53, 52 ]
    } ]
  }, {
    "id" : "1099abe7-c849-4ab4-92fc-f186b1b63a98",
    "vertices" : [ {
      "x" : 0.690983,
      "y" : 0.809017,
      "z" : 0.0
    }, {
      "x" : 0.809017,
      "y" : 0.618034,
      "z" : -0.309017
    }, {
      "x" : 0.809017,
      "y" : 0.618034,
      "z" : 0.309017
    }, {
      "x" : 1.0,
      "y" : 0.309017,
      "z" : -0.19098301
    }, {
      "x" : 1.0,
      "y" : 0.309017,
      "z" : 0.19098301
    }, {
      "x" : 1.618034,
      "y" : 0.42705098,
      "z" : -0.309017
    }, {
      "x" : 1.618034,
      "y" : 0.42705098,
      "z" : 0.309017
    }, {
      "x" : 1.618034,
      "y" : 0.809017,
      "z" : -0.309017
    }, {
      "x" : 1.618034,
      "y" : 0.809017,
      "z" : 0.309017
    }, {
      "x" : 5.236068,
      "y" : 1.809017,
      "z" : -0.309017
    }, {
      "x" : 5.236068,
      "y" : 1.809017,
      "z" : 0.309017
    }, {
      "x" : 5.236068,
      "y" : 2.190983,
      "z" : -0.309017
    }, {
      "x" : 5.236068,
      "y" : 2.190983,
      "z" : 0.309017
    }, {
      "x" : 5.854102,
      "y" : 2.309017,
      "z" : -0.19098301
    }, {
      "x" : 5.854102,
      "y" : 2.309017,
      "z" : 0.19098301
    }, {
      "x" : 6.045085,
      "y" : 2.0,
      "z" : -0.309017
    }, {
      "x" : 6.045085,
      "y" : 2.0,
      "z" : 0.309017
    }, {
      "x" : 6.163119,
      "y" : 1.809017,
      "z" : 0.0
    }, {
      "x" : 6.854102,
      "y" : 2.618034,
      "z" : 0.0
    } ],
    "faces" : [ {
      "vertices" : [ 5, 7, 11 ]
    }, {
      "vertices" : [ 5, 11, 9 ]
    }, {
      "vertices" : [ 9, 11, 15 ]
    }, {
      "vertices" : [ 9, 17, 10 ]
    }, {
      "vertices" : [ 6, 10, 12 ]
    }, {
      "vertices" : [ 6, 12, 8 ]
    }, {
      "vertices" : [ 10, 16, 12 ]
    }, {
      "vertices" : [ 7, 8, 12 ]
    }, {
      "vertices" : [ 7, 12, 11 ]
    }, {
      "vertices" : [ 11, 13, 15 ]
    }, {
      "vertices" : [ 0, 7, 1 ]
    }, {
      "vertices" : [ 1, 5, 3 ]
    }, {
      "vertices" : [ 9, 15, 17 ]
    }, {
      "vertices" : [ 0, 2, 8 ]
    }, {
      "vertices" : [ 12, 16, 14 ]
    }, {
      "vertices" : [ 0, 1, 3 ]
    }, {
      "vertices" : [ 0, 3, 4 ]
    }, {
      "vertices" : [ 0, 4, 2 ]
    }, {
      "vertices" : [ 10, 17, 16 ]
    }, {
      "vertices" : [ 13, 14, 16 ]
    }, {
      "vertices" : [ 13, 16, 17 ]
    }, {
      "vertices" : [ 13, 17, 15 ]
    }, {
      "vertices" : [ 2, 4, 6 ]
    }, {
      "vertices" : [ 1, 7, 5 ]
    }, {
      "vertices" : [ 0, 8, 7 ]
    }, {
      "vertices" : [ 2, 6, 8 ]
    }, {
      "vertices" : [ 3, 5, 6 ]
    }, {
      "vertices" : [ 3, 6, 4 ]
    }, {
      "vertices" : [ 11, 12, 14 ]
    }, {
      "vertices" : [ 11, 14, 13 ]
    }, {
      "vertices" : [ 5, 9, 10 ]
    }, {
      "vertices" : [ 5, 10, 6 ]
    } ]
  } ],
  "instances" : [ {
    "shape" : "1c4d2ec3-19d2-494a-b192-db13db9eed5a",
    "color" : "#6C00C6",
    "position" : {
      "x" : 20.062305,
      "y" : -3.427051,
      "z" : -1.309017
    },
    "orientation" : 58
  }, {
    "shape" : "cc2dafff-80a3-4967-859b-b41ec542edfb",
    "color" : "#9A754A",
    "position" : {
      "x" : -6.854102,
      "y" : 6.854102,
      "z" : 17.944271
    },
    "orientation" : 19
  }, {
    "shape" : "1c4d2ec3-19d2-494a-b192-db13db9eed5a",
    "color" : "#6C00C6",
    "position" : {
      "x" : 16.635256,
      "y" : 8.972136,
      "z" : 7.663119
    },
    "orientation" : 41
  }, {
    "shape" : "cc2dafff-80a3-4967-859b-b41ec542edfb",
    "color" : "#9A754A",
    "position" : {
      "x" : 6.854102,
      "y" : -6.854102,
      "z" : 17.944271
    },
    "orientation" : 49
  }, {
    "shape" : "f8503ce1-e209-4cfb-912b-0a880894cf31",
    "color" : "#FFFFFF",
    "position" : {
      "x" : 15.826238,
      "y" : 3.427051,
      "z" : 12.399187
    }
  }, {
    "shape" : "1c4d2ec3-19d2-494a-b192-db13db9eed5a",
    "color" : "#6C00C6",
    "position" : {
      "x" : -16.635256,
      "y" : 8.972136,
      "z" : -7.663119
    },
    "orientation" : 6
  }, {
    "shape" : "f8503ce1-e209-4cfb-912b-0a880894cf31",
    "color" : "#FFFFFF",
    "position" : {
      "x" : -14.5172205,
      "y" : 5.545085,
      "z" : 13.208204
    }
  }, {
    "shape" : "1c4d2ec3-19d2-494a-b192-db13db9eed5a",
    "color" : "#6C00C6",
    "position" : {
      "x" : -3.427051,
      "y" : -1.309017,
      "z" : 20.062305
    },
    "orientation" : 16
  }, {
    "shape" : "cc2dafff-80a3-4967-859b-b41ec542edfb",
    "color" : "#9A754A",
    "position" : {
      "x" : -8.972136,
      "y" : 7.663119,
      "z" : -16.635256
    },
    "orientation" : 31
  }, {
    "shape" : "f8503ce1-e209-4cfb-912b-0a880894cf31",
    "color" : "#FFFFFF",
    "position" : {
      "x" : 14.5172205,
      "y" : -5.545085,
      "z" : 13.208204
    }
  }, {
    "shape" : "1c4d2ec3-19d2-494a-b192-db13db9eed5a",
    "color" : "#6C00C6",
    "position" : {
      "x" : -12.399187,
      "y" : -15.826238,
      "z" : 3.427051
    },
    "orientation" : 15
  }, {
    "shape" : "f8503ce1-e209-4cfb-912b-0a880894cf31",
    "color" : "#FFFFFF",
    "position" : {
      "x" : -20.062305,
      "y" : -3.427051,
      "z" : 1.309017
    }
  }, {
    "shape" : "f8503ce1-e209-4cfb-912b-0a880894cf31",
    "color" : "#FFFFFF",
    "position" : {
      "x" : -15.826238,
      "y" : 3.427051,
      "z" : -12.399187
    }
  }, {
    "shape" : "cc2dafff-80a3-4967-859b-b41ec542edfb",
    "color" : "#9A754A",
    "position" : {
      "x" : -6.854102,
      "y" : -17.944271,
      "z" : -6.854102
    },
    "orientation" : 3
  }, {
    "shape" : "1c4d2ec3-19d2-494a-b192-db13db9eed5a",
    "color" : "#6C00C6",
    "position" : {
      "x" : 17.944271,
      "y" : -6.854102,
      "z" : 6.854102
    },
    "orientation" : 4
  }, {
    "shape" : "1c4d2ec3-19d2-494a-b192-db13db9eed5a",
    "color" : "#6C00C6",
    "position" : {
      "x" : 1.309017,
      "y" : 20.062305,
      "z" : 3.427051
    },
    "orientation" : 15
  }, {
    "shape" : "cc2dafff-80a3-4967-859b-b41ec542edfb",
    "color" : "#9A754A",
    "position" : {
      "x" : 3.427051,
      "y" : 12.399187,
      "z" : 15.826238
    },
    "orientation" : 59
  }, {
    "shape" : "cc2dafff-80a3-4967-859b-b41ec542edfb",
    "color" : "#9A754A",
    "position" : {
      "x" : 8.972136,
      "y" : 7.663119,
      "z" : 16.635256
    },
    "orientation" : 16
  }, {
    "shape" : "1c4d2ec3-19d2-494a-b192-db13db9eed5a",
    "color" : "#6C00C6",
    "position" : {
      "x" : -16.635256,
      "y" : -8.972136,
      "z" : 7.663119
    },
    "orientation" : 11
  }, {
    "shape" : "1c4d2ec3-19d2-494a-b192-db13db9eed5a",
    "color" : "#6C00C6",
    "position" : {
      "x" : 16.635256,
      "y" : -8.972136,
      "z" : -7.663119
    },
    "orientation" : 56
  }, {
    "shape" : "1099abe7-c849-4ab4-92fc-f186b1b63a98",
    "color" : "#6C00C6",
    "position" : {
      "x" : 20.062305,
      "y" : -3.427051,
      "z" : -1.309017
    },
    "orientation" : 1
  }, {
    "shape" : "f8503ce1-e209-4cfb-912b-0a880894cf31",
    "color" : "#FFFFFF",
    "position" : {
      "x" : 12.399187,
      "y" : 15.826238,
      "z" : 3.427051
    }
  }, {
    "shape" : "1099abe7-c849-4ab4-92fc-f186b1b63a98",
    "color" : "#6C00C6",
    "position" : {
      "x" : 5.545085,
      "y" : 13.208204,
      "z" : -14.5172205
    },
    "orientation" : 28
  }, {
    "shape" : "1099abe7-c849-4ab4-92fc-f186b1b63a98",
    "color" : "#6C00C6",
    "position" : {
      "x" : 6.854102,
      "y" : -17.944271,
      "z" : 6.854102
    },
    "orientation" : 3
  }, {
    "shape" : "f8503ce1-e209-4cfb-912b-0a880894cf31",
    "color" : "#FFFFFF",
    "position" : {
      "x" : -12.399187,
      "y" : 15.826238,
      "z" : -3.427051
    }
  }, {
    "shape" : "cc2dafff-80a3-4967-859b-b41ec542edfb",
    "color" : "#9A754A",
    "position" : {
      "x" : 8.972136,
      "y" : -7.663119,
      "z" : -16.635256
    },
    "orientation" : 1
  }, {
    "shape" : "1c4d2ec3-19d2-494a-b192-db13db9eed5a",
    "color" : "#6C00C6",
    "position" : {
      "x" : 5.545085,
      "y" : 13.208204,
      "z" : -14.5172205
    },
    "orientation" : 11
  }, {
    "shape" : "cc2dafff-80a3-4967-859b-b41ec542edfb",
    "color" : "#9A754A",
    "position" : {
      "x" : 16.635256,
      "y" : 8.972136,
      "z" : 7.663119
    },
    "orientation" : 47
  }, {
    "shape" : "1099abe7-c849-4ab4-92fc-f186b1b63a98",
    "color" : "#6C00C6",
    "position" : {
      "x" : -1.309017,
      "y" : 20.062305,
      "z" : -3.427051
    },
    "orientation" : 2
  }, {
    "shape" : "1c4d2ec3-19d2-494a-b192-db13db9eed5a",
    "color" : "#6C00C6",
    "position" : {
      "x" : 3.427051,
      "y" : 1.309017,
      "z" : 20.062305
    },
    "orientation" : 46
  }, {
    "shape" : "cc2dafff-80a3-4967-859b-b41ec542edfb",
    "color" : "#9A754A",
    "position" : {
      "x" : -1.309017,
      "y" : -20.062305,
      "z" : 3.427051
    },
    "orientation" : 10
  }, {
    "shape" : "f8503ce1-e209-4cfb-912b-0a880894cf31",
    "color" : "#FFFFFF",
    "position" : {
      "x" : -13.208204,
      "y" : -14.5172205,
      "z" : -5.545085
    }
  }, {
    "shape" : "1c4d2ec3-19d2-494a-b192-db13db9eed5a",
    "color" : "#6C00C6",
    "position" : {
      "x" : 20.062305,
      "y" : -3.427051,
      "z" : -1.309017
    },
    "orientation" : 47
  }, {
    "shape" : "1c4d2ec3-19d2-494a-b192-db13db9eed5a",
    "color" : "#6C00C6",
    "position" : {
      "x" : 3.427051,
      "y" : -1.309017,
      "z" : -20.062305
    },
    "orientation" : 42
  }, {
    "shape" : "f8503ce1-e209-4cfb-912b-0a880894cf31",
    "color" : "#FFFFFF",
    "position" : {
      "x" : 15.826238,
      "y" : -3.427051,
      "z" : -12.399187
    }
  }, {
    "shape" : "1c4d2ec3-19d2-494a-b192-db13db9eed5a",
    "color" : "#6C00C6",
    "position" : {
      "x" : 14.5172205,
      "y" : 5.545085,
      "z" : -13.208204
    },
    "orientation" : 7
  }, {
    "shape" : "1c4d2ec3-19d2-494a-b192-db13db9eed5a",
    "color" : "#6C00C6",
    "position" : {
      "x" : -20.062305,
      "y" : -3.427051,
      "z" : 1.309017
    },
    "orientation" : 13
  }, {
    "shape" : "1099abe7-c849-4ab4-92fc-f186b1b63a98",
    "color" : "#6C00C6",
    "position" : {
      "x" : 6.854102,
      "y" : 17.944271,
      "z" : -6.854102
    },
    "orientation" : 18
  }, {
    "shape" : "f8503ce1-e209-4cfb-912b-0a880894cf31",
    "color" : "#FFFFFF",
    "position" : {
      "x" : -13.208204,
      "y" : 14.5172205,
      "z" : 5.545085
    }
  }, {
    "shape" : "1099abe7-c849-4ab4-92fc-f186b1b63a98",
    "color" : "#6C00C6",
    "position" : {
      "x" : 16.635256,
      "y" : 8.972136,
      "z" : 7.663119
    },
    "orientation" : 40
  }, {
    "shape" : "1c4d2ec3-19d2-494a-b192-db13db9eed5a",
    "color" : "#6C00C6",
    "position" : {
      "x" : -14.5172205,
      "y" : -5.545085,
      "z" : -13.208204
    },
    "orientation" : 24
  }, {
    "shape" : "cc2dafff-80a3-4967-859b-b41ec542edfb",
    "color" : "#9A754A",
    "position" : {
      "x" : 13.208204,
      "y" : 14.5172205,
      "z" : -5.545085
    },
    "orientation" : 37
  }, {
    "shape" : "1099abe7-c849-4ab4-92fc-f186b1b63a98",
    "color" : "#6C00C6",
    "position" : {
      "x" : -20.062305,
      "y" : -3.427051,
      "z" : 1.309017
    },
    "orientation" : 46
  }, {
    "shape" : "f8503ce1-e209-4cfb-912b-0a880894cf31",
    "color" : "#FFFFFF",
    "position" : {
      "x" : 14.5172205,
      "y" : 5.545085,
      "z" : -13.208204
    }
  }, {
    "shape" : "f8503ce1-e209-4cfb-912b-0a880894cf31",
    "color" : "#FFFFFF",
    "position" : {
      "x" : -20.062305,
      "y" : 3.427051,
      "z" : -1.309017
    }
  }, {
    "shape" : "1c4d2ec3-19d2-494a-b192-db13db9eed5a",
    "color" : "#6C00C6",
    "position" : {
      "x" : -8.972136,
      "y" : 7.663119,
      "z" : -16.635256
    },
    "orientation" : 38
  }, {
    "shape" : "1099abe7-c849-4ab4-92fc-f186b1b63a98",
    "color" : "#6C00C6",
    "position" : {
      "x" : -16.635256,
      "y" : -8.972136,
      "z" : 7.663119
    },
    "orientation" : 10
  }, {
    "shape" : "f8503ce1-e209-4cfb-912b-0a880894cf31",
    "color" : "#FFFFFF",
    "position" : {
      "x" : -12.399187,
      "y" : -15.826238,
      "z" : 3.427051
    }
  }, {
    "shape" : "1c4d2ec3-19d2-494a-b192-db13db9eed5a",
    "color" : "#6C00C6",
    "position" : {
      "x" : -14.5172205,
      "y" : -5.545085,
      "z" : -13.208204
    },
    "orientation" : 37
  }, {
    "shape" : "1c4d2ec3-19d2-494a-b192-db13db9eed5a",
    "color" : "#6C00C6",
    "position" : {
      "x" : -14.5172205,
      "y" : 5.545085,
      "z" : 13.208204
    },
    "orientation" : 52
  }, {
    "shape" : "1099abe7-c849-4ab4-92fc-f186b1b63a98",
    "color" : "#6C00C6",
    "position" : {
      "x" : -13.208204,
      "y" : 14.5172205,
      "z" : 5.545085
    },
    "orientation" : 12
  }, {
    "shape" : "f8503ce1-e209-4cfb-912b-0a880894cf31",
    "color" : "#FFFFFF",
    "position" : {
      "x" : -7.663119,
      "y" : 16.635256,
      "z" : -8.972136
    }
  }, {
    "shape" : "cc2dafff-80a3-4967-859b-b41ec542edfb",
    "color" : "#9A754A",
    "position" : {
      "x" : -20.062305,
      "y" : 3.427051,
      "z" : -1.309017
    },
    "orientation" : 9
  }, {
    "shape" : "f8503ce1-e209-4cfb-912b-0a880894cf31",
    "color" : "#FFFFFF",
    "position" : {
      "x" : -3.427051,
      "y" : 1.309017,
      "z" : -20.062305
    }
  }, {
    "shape" : "1c4d2ec3-19d2-494a-b192-db13db9eed5a",
    "color" : "#6C00C6",
    "position" : {
      "x" : 3.427051,
      "y" : 1.309017,
      "z" : 20.062305
    },
    "orientation" : 57
  }, {
    "shape" : "cc2dafff-80a3-4967-859b-b41ec542edfb",
    "color" : "#9A754A",
    "position" : {
      "x" : -5.545085,
      "y" : 13.208204,
      "z" : 14.5172205
    },
    "orientation" : 23
  }, {
    "shape" : "f8503ce1-e209-4cfb-912b-0a880894cf31",
    "color" : "#FFFFFF",
    "position" : {
      "x" : 1.309017,
      "y" : -20.062305,
      "z" : -3.427051
    }
  }, {
    "shape" : "1c4d2ec3-19d2-494a-b192-db13db9eed5a",
    "color" : "#6C00C6",
    "position" : {
      "x" : 17.944271,
      "y" : -6.854102,
      "z" : 6.854102
    },
    "orientation" : 49
  }, {
    "shape" : "1c4d2ec3-19d2-494a-b192-db13db9eed5a",
    "color" : "#6C00C6",
    "position" : {
      "x" : -1.309017,
      "y" : 20.062305,
      "z" : -3.427051
    },
    "orientation" : 44
  }, {
    "shape" : "1c4d2ec3-19d2-494a-b192-db13db9eed5a",
    "color" : "#6C00C6",
    "position" : {
      "x" : -16.635256,
      "y" : -8.972136,
      "z" : 7.663119
    },
    "orientation" : 21
  }, {
    "shape" : "1c4d2ec3-19d2-494a-b192-db13db9eed5a",
    "color" : "#6C00C6",
    "position" : {
      "x" : 3.427051,
      "y" : 12.399187,
      "z" : 15.826238
    },
    "orientation" : 42
  }, {
    "shape" : "1c4d2ec3-19d2-494a-b192-db13db9eed5a",
    "color" : "#6C00C6",
    "position" : {
      "x" : -17.944271,
      "y" : -6.854102,
      "z" : -6.854102
    },
    "orientation" : 49
  }, {
    "shape" : "f8503ce1-e209-4cfb-912b-0a880894cf31",
    "color" : "#FFFFFF",
    "position" : {
      "x" : 17.944271,
      "y" : -6.854102,
      "z" : 6.854102
    }
  }, {
    "shape" : "cc2dafff-80a3-4967-859b-b41ec542edfb",
    "color" : "#9A754A",
    "position" : {
      "x" : 13.208204,
      "y" : -14.5172205,
      "z" : 5.545085
    },
    "orientation" : 52
  }, {
    "shape" : "1c4d2ec3-19d2-494a-b192-db13db9eed5a",
    "color" : "#6C00C6",
    "position" : {
      "x" : 6.854102,
      "y" : -6.854102,
      "z" : 17.944271
    },
    "orientation" : 33
  }, {
    "shape" : "cc2dafff-80a3-4967-859b-b41ec542edfb",
    "color" : "#9A754A",
    "position" : {
      "x" : 5.545085,
      "y" : 13.208204,
      "z" : -14.5172205
    },
    "orientation" : 38
  }, {
    "shape" : "cc2dafff-80a3-4967-859b-b41ec542edfb",
    "color" : "#9A754A",
    "position" : {
      "x" : 20.062305,
      "y" : 3.427051,
      "z" : 1.309017
    },
    "orientation" : 54
  }, {
    "shape" : "1099abe7-c849-4ab4-92fc-f186b1b63a98",
    "color" : "#6C00C6",
    "position" : {
      "x" : -7.663119,
      "y" : 16.635256,
      "z" : -8.972136
    },
    "orientation" : 41
  }, {
    "shape" : "cc2dafff-80a3-4967-859b-b41ec542edfb",
    "color" : "#9A754A",
    "position" : {
      "x" : -3.427051,
      "y" : -1.309017,
      "z" : 20.062305
    },
    "orientation" : 56
  }, {
    "shape" : "1099abe7-c849-4ab4-92fc-f186b1b63a98",
    "color" : "#6C00C6",
    "position" : {
      "x" : -14.5172205,
      "y" : -5.545085,
      "z" : -13.208204
    },
    "orientation" : 44
  }, {
    "shape" : "f8503ce1-e209-4cfb-912b-0a880894cf31",
    "color" : "#FFFFFF",
    "position" : {
      "x" : 3.427051,
      "y" : -12.399187,
      "z" : -15.826238
    }
  }, {
    "shape" : "cc2dafff-80a3-4967-859b-b41ec542edfb",
    "color" : "#9A754A",
    "position" : {
      "x" : -16.635256,
      "y" : -8.972136,
      "z" : 7.663119
    },
    "orientation" : 17
  }, {
    "shape" : "1099abe7-c849-4ab4-92fc-f186b1b63a98",
    "color" : "#6C00C6",
    "position" : {
      "x" : 6.854102,
      "y" : -6.854102,
      "z" : 17.944271
    },
    "orientation" : 19
  }, {
    "shape" : "1c4d2ec3-19d2-494a-b192-db13db9eed5a",
    "color" : "#6C00C6",
    "position" : {
      "x" : -3.427051,
      "y" : 1.309017,
      "z" : -20.062305
    },
    "orientation" : 12
  }, {
