{
  "lighting": {
    "backgroundColor": "#a89c8f",
    "ambientColor": "#333333",
    "directionalLights": [
      {
        "direction": [
          1,
          -1,
          -0.3
        ],
        "color": "#FDFDFD"
      },
      {
        "direction": [
          -1,
          0,
          -0.2
        ],
        "color": "#B5B5B5"
      },
      {
        "direction": [
          0,
          0,
          -1
        ],
        "color": "#303030"
      }
    ]
  },
  "camera": {
    "near": 0.6820958811357029,
    "far": 545.6766967773465,
    "width": 122.77725677490275,
    "distance": 272.8383483886719,
    "up": [
      0.6509833197350484,
      0.3427458205389867,
      -0.6773079210593855
    ],
    "lookAt": [
      79.24922359499621,
      -141.55417527999327,
      54.45084971874737
    ],
    "lookDir": [
      -0.7335737018115676,
      0.5134573579470076,
      -0.44523158645870164
    ],
    "perspective": true
  },
  "embedding": [
    1,
    0,
    0,
    0,
    0,
    1,
    0,
    0,
    0,
    0,
    1,
    0,
    0,
    0,
    0,
    1
  ],
  "orientations": [
    [
      1,
      0,
      0,
      0,
      0,
      1,
      0,
      0,
      0,
      0,
      1,
      0,
      0,
      0,
      0,
      1
    ],
    [
      0,
      0,
      1,
      0,
      1,
      0,
      0,
      0,
      0,
      1,
      0,
      0,
      0,
      0,
      0,
      1
    ],
    [
      0,
      1,
      0,
      0,
      0,
      0,
      1,
      0,
      1,
      0,
      0,
      0,
      0,
      0,
      0,
      1
    ],
    [
      0.8090169943749475,
      0.30901699437494745,
      0.5,
      0,
      0.30901699437494745,
      0.5,
      -0.8090169943749475,
      0,
      -0.5,
      0.8090169943749475,
      0.30901699437494745,
      0,
      0,
      0,
      0,
      1
    ],
    [
      -0.5,
      0.8090169943749475,
      0.30901699437494745,
      0,
      0.8090169943749475,
      0.30901699437494745,
      0.5,
      0,
      0.30901699437494745,
      0.5,
      -0.8090169943749475,
      0,
      0,
      0,
      0,
      1
    ],
    [
      0.30901699437494745,
      0.5,
      -0.8090169943749475,
      0,
      -0.5,
      0.8090169943749475,
      0.30901699437494745,
      0,
      0.8090169943749475,
      0.30901699437494745,
      0.5,
      0,
      0,
      0,
      0,
      1
    ],
    [
      0.5,
      0.8090169943749475,
      0.30901699437494745,
      0,
      0.8090169943749475,
      -0.30901699437494745,
      -0.5,
      0,
      -0.30901699437494745,
      0.5,
      -0.8090169943749475,
      0,
      0,
      0,
      0,
      1
    ],
    [
      -0.30901699437494745,
      0.5,
      -0.8090169943749475,
      0,
      0.5,
      0.8090169943749475,
      0.30901699437494745,
      0,
      0.8090169943749475,
      -0.30901699437494745,
      -0.5,
      0,
      0,
      0,
      0,
      1
    ],
    [
      0.8090169943749475,
      -0.30901699437494745,
      -0.5,
      0,
      -0.30901699437494745,
      0.5,
      -0.8090169943749475,
      0,
      0.5,
      0.8090169943749475,
      0.30901699437494745,
      0,
      0,
      0,
      0,
      1
    ],
    [
      0.5,
      0.8090169943749475,
      -0.30901699437494745,
      0,
      0.8090169943749475,
      -0.30901699437494745,
      0.5,
      0,
      0.30901699437494745,
      -0.5,
      -0.8090169943749475,
      0,
      0,
      0,
      0,
      1
    ],
    [
      0.30901699437494745,
      -0.5,
      -0.8090169943749475,
      0,
      0.5,
      0.8090169943749475,
      -0.30901699437494745,
      0,
      0.8090169943749475,
      -0.30901699437494745,
      0.5,
      0,
      0,
      0,
      0,
      1
    ],
    [
      0.8090169943749475,
      -0.30901699437494745,
      0.5,
      0,
      0.30901699437494745,
      -0.5,
      -0.8090169943749475,
      0,
      0.5,
      0.8090169943749475,
      -0.30901699437494745,
      0,
      0,
      0,
      0,
      1
    ],
    [
      0.8090169943749475,
      0.30901699437494745,
      -0.5,
      0,
      0.30901699437494745,
      0.5,
      0.8090169943749475,
      0,
      0.5,
      -0.8090169943749475,
      0.30901699437494745,
      0,
      0,
      0,
      0,
      1
    ],
    [
      0.5,
      -0.8090169943749475,
      0.30901699437494745,
      0,
      0.8090169943749475,
      0.30901699437494745,
      -0.5,
      0,
      0.30901699437494745,
      0.5,
      0.8090169943749475,
      0,
      0,
      0,
      0,
      1
    ],
    [
      0.30901699437494745,
      0.5,
      0.8090169943749475,
      0,
      0.5,
      -0.8090169943749475,
      0.30901699437494745,
      0,
      0.8090169943749475,
      0.30901699437494745,
      -0.5,
      0,
      0,
      0,
      0,
      1
    ],
    [
      1,
      0,
      0,
      0,
      0,
      -1,
      0,
      0,
      0,
      0,
      -1,
      0,
      0,
      0,
      0,
      1
    ],
    [
      0,
      0,
      1,
      0,
      -1,
      0,
      0,
      0,
      0,
      -1,
      0,
      0,
      0,
      0,
      0,
      1
    ],
    [
      0,
      1,
      0,
      0,
      0,
      0,
      -1,
      0,
      -1,
      0,
      0,
      0,
      0,
      0,
      0,
      1
    ],
    [
      0.8090169943749475,
      0.30901699437494745,
      0.5,
      0,
      -0.30901699437494745,
      -0.5,
      0.8090169943749475,
      0,
      0.5,
      -0.8090169943749475,
      -0.30901699437494745,
      0,
      0,
      0,
      0,
      1
    ],
    [
      -0.5,
      0.8090169943749475,
      0.30901699437494745,
      0,
      -0.8090169943749475,
      -0.30901699437494745,
      -0.5,
      0,
      -0.30901699437494745,
      -0.5,
      0.8090169943749475,
      0,
      0,
      0,
      0,
      1
    ],
    [
      0.30901699437494745,
      0.5,
      -0.8090169943749475,
      0,
      0.5,
      -0.8090169943749475,
      -0.30901699437494745,
      0,
      -0.8090169943749475,
      -0.30901699437494745,
      -0.5,
      0,
      0,
      0,
      0,
      1
    ],
    [
      0.5,
      0.8090169943749475,
      0.30901699437494745,
      0,
      -0.8090169943749475,
      0.30901699437494745,
      0.5,
      0,
      0.30901699437494745,
      -0.5,
      0.8090169943749475,
      0,
      0,
      0,
      0,
      1
    ],
    [
      -0.30901699437494745,
      0.5,
      -0.8090169943749475,
      0,
      -0.5,
      -0.8090169943749475,
      -0.30901699437494745,
      0,
      -0.8090169943749475,
      0.30901699437494745,
      0.5,
      0,
      0,
      0,
      0,
      1
    ],
    [
      0.8090169943749475,
      -0.30901699437494745,
      -0.5,
      0,
      0.30901699437494745,
      -0.5,
      0.8090169943749475,
      0,
      -0.5,
      -0.8090169943749475,
      -0.30901699437494745,
      0,
      0,
      0,
      0,
      1
    ],
    [
      0.5,
      0.8090169943749475,
      -0.30901699437494745,
      0,
      -0.8090169943749475,
      0.30901699437494745,
      -0.5,
      0,
      -0.30901699437494745,
      0.5,
      0.8090169943749475,
      0,
      0,
      0,
      0,
      1
    ],
    [
      0.30901699437494745,
      -0.5,
      -0.8090169943749475,
      0,
      -0.5,
      -0.8090169943749475,
      0.30901699437494745,
      0,
      -0.8090169943749475,
      0.30901699437494745,
      -0.5,
      0,
      0,
      0,
      0,
      1
    ],
    [
      0.8090169943749475,
      -0.30901699437494745,
      0.5,
      0,
      -0.30901699437494745,
      0.5,
      0.8090169943749475,
      0,
      -0.5,
      -0.8090169943749475,
      0.30901699437494745,
      0,
      0,
      0,
      0,
      1
    ],
    [
      0.8090169943749475,
      0.30901699437494745,
      -0.5,
      0,
      -0.30901699437494745,
      -0.5,
      -0.8090169943749475,
      0,
      -0.5,
      0.8090169943749475,
      -0.30901699437494745,
      0,
      0,
      0,
      0,
      1
    ],
    [
      0.5,
      -0.8090169943749475,
      0.30901699437494745,
      0,
      -0.8090169943749475,
      -0.30901699437494745,
      0.5,
      0,
      -0.30901699437494745,
      -0.5,
      -0.8090169943749475,
      0,
      0,
      0,
      0,
      1
    ],
    [
      0.30901699437494745,
      0.5,
      0.8090169943749475,
      0,
      -0.5,
      0.8090169943749475,
      -0.30901699437494745,
      0,
      -0.8090169943749475,
      -0.30901699437494745,
      0.5,
      0,
      0,
      0,
      0,
      1
    ],
    [
      -1,
      0,
      0,
      0,
      0,
      -1,
      0,
      0,
      0,
      0,
      1,
      0,
      0,
      0,
      0,
      1
    ],
    [
      0,
      0,
      -1,
      0,
      -1,
      0,
      0,
      0,
      0,
      1,
      0,
      0,
      0,
      0,
      0,
      1
    ],
    [
      0,
      -1,
      0,
      0,
      0,
      0,
      -1,
      0,
      1,
      0,
      0,
      0,
      0,
      0,
      0,
      1
    ],
    [
      -0.8090169943749475,
      -0.30901699437494745,
      -0.5,
      0,
      -0.30901699437494745,
      -0.5,
      0.8090169943749475,
      0,
      -0.5,
      0.8090169943749475,
      0.30901699437494745,
      0,
      0,
      0,
      0,
      1
    ],
    [
      0.5,
      -0.8090169943749475,
      -0.30901699437494745,
      0,
      -0.8090169943749475,
      -0.30901699437494745,
      -0.5,
      0,
      0.30901699437494745,
      0.5,
      -0.8090169943749475,
      0,
      0,
      0,
      0,
      1
    ],
    [
      -0.30901699437494745,
      -0.5,
      0.8090169943749475,
      0,
      0.5,
      -0.8090169943749475,
      -0.30901699437494745,
      0,
      0.8090169943749475,
      0.30901699437494745,
      0.5,
      0,
      0,
      0,
      0,
      1
    ],
    [
      -0.5,
      -0.8090169943749475,
      -0.30901699437494745,
      0,
      -0.8090169943749475,
      0.30901699437494745,
      0.5,
      0,
      -0.30901699437494745,
      0.5,
      -0.8090169943749475,
      0,
      0,
      0,
      0,
      1
    ],
    [
      0.30901699437494745,
      -0.5,
      0.8090169943749475,
      0,
      -0.5,
      -0.8090169943749475,
      -0.30901699437494745,
      0,
      0.8090169943749475,
      -0.30901699437494745,
      -0.5,
      0,
      0,
      0,
      0,
      1
    ],
    [
      -0.8090169943749475,
      0.30901699437494745,
      0.5,
      0,
      0.30901699437494745,
      -0.5,
      0.8090169943749475,
      0,
      0.5,
      0.8090169943749475,
      0.30901699437494745,
      0,
      0,
      0,
      0,
      1
    ],
    [
      -0.5,
      -0.8090169943749475,
      0.30901699437494745,
      0,
      -0.8090169943749475,
      0.30901699437494745,
      -0.5,
      0,
      0.30901699437494745,
      -0.5,
      -0.8090169943749475,
      0,
      0,
      0,
      0,
      1
    ],
    [
      -0.30901699437494745,
      0.5,
      0.8090169943749475,
      0,
      -0.5,
      -0.8090169943749475,
      0.30901699437494745,
      0,
      0.8090169943749475,
      -0.30901699437494745,
      0.5,
      0,
      0,
      0,
      0,
      1
    ],
    [
      -0.8090169943749475,
      0.30901699437494745,
      -0.5,
      0,
      -0.30901699437494745,
      0.5,
      0.8090169943749475,
      0,
      0.5,
      0.8090169943749475,
      -0.30901699437494745,
      0,
      0,
      0,
      0,
      1
    ],
    [
      -0.8090169943749475,
      -0.30901699437494745,
      0.5,
      0,
      -0.30901699437494745,
      -0.5,
      -0.8090169943749475,
      0,
      0.5,
      -0.8090169943749475,
      0.30901699437494745,
      0,
      0,
      0,
      0,
      1
    ],
    [
      -0.5,
      0.8090169943749475,
      -0.30901699437494745,
      0,
      -0.8090169943749475,
      -0.30901699437494745,
      0.5,
      0,
      0.30901699437494745,
      0.5,
      0.8090169943749475,
      0,
      0,
      0,
      0,
      1
    ],
    [
      -0.30901699437494745,
      -0.5,
      -0.8090169943749475,
      0,
      -0.5,
      0.8090169943749475,
      -0.30901699437494745,
      0,
      0.8090169943749475,
      0.30901699437494745,
      -0.5,
      0,
      0,
      0,
      0,
      1
    ],
    [
      -1,
      0,
      0,
      0,
      0,
      1,
      0,
      0,
      0,
      0,
      -1,
      0,
      0,
      0,
      0,
      1
    ],
    [
      0,
      0,
      -1,
      0,
      1,
      0,
      0,
      0,
      0,
      -1,
      0,
      0,
      0,
      0,
      0,
      1
    ],
    [
      0,
      -1,
      0,
      0,
      0,
      0,
      1,
      0,
      -1,
      0,
      0,
      0,
      0,
      0,
      0,
      1
    ],
    [
      -0.8090169943749475,
      -0.30901699437494745,
      -0.5,
      0,
      0.30901699437494745,
      0.5,
      -0.8090169943749475,
      0,
      0.5,
      -0.8090169943749475,
      -0.30901699437494745,
      0,
      0,
      0,
      0,
      1
    ],
    [
      0.5,
      -0.8090169943749475,
      -0.30901699437494745,
      0,
      0.8090169943749475,
      0.30901699437494745,
      0.5,
      0,
      -0.30901699437494745,
      -0.5,
      0.8090169943749475,
      0,
      0,
      0,
      0,
      1
    ],
    [
      -0.30901699437494745,
      -0.5,
      0.8090169943749475,
      0,
      -0.5,
      0.8090169943749475,
      0.30901699437494745,
      0,
      -0.8090169943749475,
      -0.30901699437494745,
      -0.5,
      0,
      0,
      0,
      0,
      1
    ],
    [
      -0.5,
      -0.8090169943749475,
      -0.30901699437494745,
      0,
      0.8090169943749475,
      -0.30901699437494745,
      -0.5,
      0,
      0.30901699437494745,
      -0.5,
      0.8090169943749475,
      0,
      0,
      0,
      0,
      1
    ],
    [
      0.30901699437494745,
      -0.5,
      0.8090169943749475,
      0,
      0.5,
      0.8090169943749475,
      0.30901699437494745,
      0,
      -0.8090169943749475,
      0.30901699437494745,
      0.5,
      0,
      0,
      0,
      0,
      1
    ],
    [
      -0.8090169943749475,
      0.30901699437494745,
      0.5,
      0,
      -0.30901699437494745,
      0.5,
      -0.8090169943749475,
      0,
      -0.5,
      -0.8090169943749475,
      -0.30901699437494745,
      0,
      0,
      0,
      0,
      1
    ],
    [
      -0.5,
      -0.8090169943749475,
      0.30901699437494745,
      0,
      0.8090169943749475,
      -0.30901699437494745,
      0.5,
      0,
      -0.30901699437494745,
      0.5,
      0.8090169943749475,
      0,
      0,
      0,
      0,
      1
    ],
    [
      -0.30901699437494745,
      0.5,
      0.8090169943749475,
      0,
      0.5,
      0.8090169943749475,
      -0.30901699437494745,
      0,
      -0.8090169943749475,
      0.30901699437494745,
      -0.5,
      0,
      0,
      0,
      0,
      1
    ],
    [
      -0.8090169943749475,
      0.30901699437494745,
      -0.5,
      0,
      0.30901699437494745,
      -0.5,
      -0.8090169943749475,
      0,
      -0.5,
      -0.8090169943749475,
      0.30901699437494745,
      0,
      0,
      0,
      0,
      1
    ],
    [
      -0.8090169943749475,
      -0.30901699437494745,
      0.5,
      0,
      0.30901699437494745,
      0.5,
      0.8090169943749475,
      0,
      -0.5,
      0.8090169943749475,
      -0.30901699437494745,
      0,
      0,
      0,
      0,
      1
    ],
    [
      -0.5,
      0.8090169943749475,
      -0.30901699437494745,
      0,
      0.8090169943749475,
      0.30901699437494745,
      -0.5,
      0,
      -0.30901699437494745,
      -0.5,
      -0.8090169943749475,
      0,
      0,
      0,
      0,
      1
    ],
    [
      -0.30901699437494745,
      -0.5,
      -0.8090169943749475,
      0,
      0.5,
      -0.8090169943749475,
      0.30901699437494745,
      0,
      -0.8090169943749475,
      -0.30901699437494745,
      0.5,
      0,
      0,
      0,
      0,
      1
    ]
  ],
  "polygons": true,
  "shapes": {
    "s8417603610203979": {
      "id": "s8417603610203979",
      "name": "ball",
      "vertices": [
        {
          "x": 0.30901700258255005,
          "y": -0.30901700258255005,
          "z": -0.30901700258255005
        },
        {
          "x": 0.5,
          "y": 0,
          "z": -0.19098301231861115
        },
        {
          "x": 0.5,
          "y": 0,
          "z": 0.19098301231861115
        },
        {
          "x": 0.30901700258255005,
          "y": -0.30901700258255005,
          "z": 0.30901700258255005
        },
        {
          "x": 0.19098301231861115,
          "y": -0.5,
          "z": 0
        },
        {
          "x": 0,
          "y": 0.19098301231861115,
          "z": 0.5
        },
        {
          "x": 0,
          "y": -0.19098301231861115,
          "z": 0.5
        },
        {
          "x": 0.30901700258255005,
          "y": 0.30901700258255005,
          "z": 0.30901700258255005
        },
        {
          "x": -0.30901700258255005,
          "y": -0.30901700258255005,
          "z": 0.30901700258255005
        },
        {
          "x": -0.30901700258255005,
          "y": 0.30901700258255005,
          "z": 0.30901700258255005
        },
        {
          "x": -0.5,
          "y": 0,
          "z": 0.19098301231861115
        },
        {
          "x": 0,
          "y": -0.19098301231861115,
          "z": -0.5
        },
        {
          "x": 0,
          "y": 0.19098301231861115,
          "z": -0.5
        },
        {
          "x": 0.30901700258255005,
          "y": 0.30901700258255005,
          "z": -0.30901700258255005
        },
        {
          "x": -0.30901700258255005,
          "y": -0.30901700258255005,
          "z": -0.30901700258255005
        },
        {
          "x": -0.19098301231861115,
          "y": -0.5,
          "z": 0
        },
        {
          "x": -0.5,
          "y": 0,
          "z": -0.19098301231861115
        },
        {
          "x": 0.19098301231861115,
          "y": 0.5,
          "z": 0
        },
        {
          "x": -0.30901700258255005,
          "y": 0.30901700258255005,
          "z": -0.30901700258255005
        },
        {
          "x": 0,
          "y": 0,
          "z": 0
        },
        {
          "x": -0.19098301231861115,
          "y": 0.5,
          "z": 0
        }
      ],
      "faces": [
        {
          "vertices": [
            0,
            1,
            2,
            3,
            4
          ]
        },
        {
          "vertices": [
            2,
            7,
            5,
            6,
            3
          ]
        },
        {
          "vertices": [
            5,
            9,
            10,
            8,
            6
          ]
        },
        {
          "vertices": [
            0,
            11,
            12,
            13,
            1
          ]
        },
        {
          "vertices": [
            0,
            4,
            15,
            14,
            11
          ]
        },
        {
          "vertices": [
            8,
            10,
            16,
            14,
            15
          ]
        },
        {
          "vertices": [
            1,
            13,
            17,
            7,
            2
          ]
        },
        {
          "vertices": [
            11,
            14,
            16,
            18,
            12
          ]
        },
        {
          "vertices": [
            5,
            7,
            17,
            20,
            9
          ]
        },
        {
          "vertices": [
            12,
            18,
            20,
            17,
            13
          ]
        },
        {
          "vertices": [
            9,
            20,
            18,
            16,
            10
          ]
        },
        {
          "vertices": [
            3,
            6,
            8,
            15,
            4
          ]
        }
      ]
    },
    "s7988583759539432": {
      "id": "s7988583759539432",
      "orbit": "[[-1,1,1],[0,0,1]]",
      "length": "[1,0,1]",
      "vertices": [
        {
          "x": 0.9045084714889526,
          "y": 0.345491498708725,
          "z": 0.25
        },
        {
          "x": 6.140576362609863,
          "y": 3.581559419631958,
          "z": 0.25
        },
        {
          "x": 5.949593544006348,
          "y": 3.8905763626098633,
          "z": 0.25
        },
        {
          "x": 0.7135254740715027,
          "y": 0.6545084714889526,
          "z": 0.25
        },
        {
          "x": 0.80901700258255,
          "y": 0.5,
          "z": -0.30901700258255005
        },
        {
          "x": 0.9635254740715027,
          "y": 0.25,
          "z": -0.09549150615930557
        },
        {
          "x": 0.30901700258255005,
          "y": 0.19098301231861115,
          "z": 0
        },
        {
          "x": 6.5450849533081055,
          "y": 4.0450849533081055,
          "z": 0
        },
        {
          "x": 5.890576362609863,
          "y": 3.9860680103302,
          "z": -0.09549150615930557
        },
        {
          "x": 6.0450849533081055,
          "y": 3.7360680103302,
          "z": -0.30901700258255005
        },
        {
          "x": 6.85410213470459,
          "y": 4.236067771911621,
          "z": 0
        },
        {
          "x": 0.6545084714889526,
          "y": 0.75,
          "z": -0.09549150615930557
        },
        {
          "x": 6.199593544006348,
          "y": 3.4860680103302,
          "z": -0.09549150615930557
        }
      ],
      "faces": [
        {
          "vertices": [
            0,
            1,
            2,
            3
          ]
        },
        {
          "vertices": [
            4,
            5,
            6
          ]
        },
        {
          "vertices": [
            2,
            7,
            8
          ]
        },
        {
          "vertices": [
            0,
            6,
            5
          ]
        },
        {
          "vertices": [
            7,
            9,
            8
          ]
        },
        {
          "vertices": [
            2,
            8,
            11,
            3
          ]
        },
        {
          "vertices": [
            4,
            9,
            12,
            5
          ]
        },
        {
          "vertices": [
            7,
            12,
            9
          ]
        },
        {
          "vertices": [
            4,
            6,
            11
          ]
        },
        {
          "vertices": [
            0,
            3,
            6
          ]
        },
        {
          "vertices": [
            1,
            12,
            7
          ]
        },
        {
          "vertices": [
            3,
            11,
            6
          ]
        },
        {
          "vertices": [
            1,
            7,
            2
          ]
        },
        {
          "vertices": [
            4,
            11,
            8,
            9
          ]
        },
        {
          "vertices": [
            0,
            5,
            12,
            1
          ]
        }
      ]
    },
    "s35576057009613016": {
      "id": "s35576057009613016",
      "orbit": "[[0,0,1],[0,0,1]]",
      "length": "[1,1,1]",
      "vertices": [
        {
          "x": 1,
          "y": 0.30901700258255005,
          "z": 0.19098301231861115
        },
        {
          "x": 1,
          "y": -0.30901700258255005,
          "z": 0.19098301231861115
        },
        {
          "x": 21.180339813232422,
          "y": -0.30901700258255005,
          "z": 0.19098301231861115
        },
        {
          "x": 21.180339813232422,
          "y": 0.30901700258255005,
          "z": 0.19098301231861115
        },
        {
          "x": 21.180339813232422,
          "y": -0.30901700258255005,
          "z": -0.19098301231861115
        },
        {
          "x": 21.180339813232422,
          "y": 0.30901700258255005,
          "z": -0.19098301231861115
        },
        {
          "x": 21.79837417602539,
          "y": 0,
          "z": 0
        },
        {
          "x": 0.3819660246372223,
          "y": 0,
          "z": 0
        },
        {
          "x": 1,
          "y": 0.30901700258255005,
          "z": -0.19098301231861115
        },
        {
          "x": 1,
          "y": -0.30901700258255005,
          "z": -0.19098301231861115
        },
        {
          "x": 22.180339813232422,
          "y": 0,
          "z": 0
        }
      ],
      "faces": [
        {
          "vertices": [
            0,
            1,
            2,
            3
          ]
        },
        {
          "vertices": [
            2,
            4,
            6
          ]
        },
        {
          "vertices": [
            7,
            8,
            9
          ]
        },
        {
          "vertices": [
            4,
            9,
            8,
            5
          ]
        },
        {
          "vertices": [
            1,
            9,
            4,
            2
          ]
        },
        {
          "vertices": [
            0,
            3,
            5,
            8
          ]
        },
        {
          "vertices": [
            1,
            7,
            9
          ]
        },
        {
          "vertices": [
            2,
            6,
            3
          ]
        },
        {
          "vertices": [
            0,
            7,
            1
          ]
        },
        {
          "vertices": [
            4,
            5,
            6
          ]
        },
        {
          "vertices": [
            0,
            8,
            7
          ]
        },
        {
          "vertices": [
            3,
            6,
            5
          ]
        }
      ]
    },
    "s8488869238946946": {
      "id": "s8488869238946946",
      "orbit": "[[0,0,1],[0,0,1]]",
      "length": "[0,1,1]",
      "vertices": [
        {
          "x": 1,
          "y": 0.30901700258255005,
          "z": 0.19098301231861115
        },
        {
          "x": 1,
          "y": -0.30901700258255005,
          "z": 0.19098301231861115
        },
        {
          "x": 12.70820426940918,
          "y": -0.30901700258255005,
          "z": 0.19098301231861115
        },
        {
          "x": 12.70820426940918,
          "y": 0.30901700258255005,
          "z": 0.19098301231861115
        },
        {
          "x": 12.70820426940918,
          "y": -0.30901700258255005,
          "z": -0.19098301231861115
        },
        {
          "x": 12.70820426940918,
          "y": 0.30901700258255005,
          "z": -0.19098301231861115
        },
        {
          "x": 13.326237678527832,
          "y": 0,
          "z": 0
        },
        {
          "x": 0.3819660246372223,
          "y": 0,
          "z": 0
        },
        {
          "x": 1,
          "y": 0.30901700258255005,
          "z": -0.19098301231861115
        },
        {
          "x": 1,
          "y": -0.30901700258255005,
          "z": -0.19098301231861115
        },
        {
          "x": 13.70820426940918,
          "y": 0,
          "z": 0
        }
      ],
      "faces": [
        {
          "vertices": [
            0,
            1,
            2,
            3
          ]
        },
        {
          "vertices": [
            2,
            4,
            6
          ]
        },
        {
          "vertices": [
            7,
            8,
            9
          ]
        },
        {
          "vertices": [
            4,
            9,
            8,
            5
          ]
        },
        {
          "vertices": [
            1,
            9,
            4,
            2
          ]
        },
        {
          "vertices": [
            0,
            3,
            5,
            8
          ]
        },
        {
          "vertices": [
            1,
            7,
            9
          ]
        },
        {
          "vertices": [
            2,
            6,
            3
          ]
        },
        {
          "vertices": [
            0,
            7,
            1
          ]
        },
        {
          "vertices": [
            4,
            5,
            6
          ]
        },
        {
          "vertices": [
            0,
            8,
            7
          ]
        },
        {
          "vertices": [
            3,
            6,
            5
          ]
        }
      ]
    },
    "s40504991112502897": {
      "id": "s40504991112502897",
      "orbit": "[[-1,1,1],[0,0,1]]",
      "length": "[-1,1,1]",
      "vertices": [
        {
          "x": 0.9045084714889526,
          "y": 0.345491498708725,
          "z": 0.25
        },
        {
          "x": 3.5225424766540527,
          "y": 1.9635255336761475,
          "z": 0.25
        },
        {
          "x": 3.331559419631958,
          "y": 2.2725424766540527,
          "z": 0.25
        },
        {
          "x": 0.7135254740715027,
          "y": 0.6545084714889526,
          "z": 0.25
        },
        {
          "x": 0.80901700258255,
          "y": 0.5,
          "z": -0.30901700258255005
        },
        {
          "x": 0.9635254740715027,
          "y": 0.25,
          "z": -0.09549150615930557
        },
        {
          "x": 0.30901700258255005,
          "y": 0.19098301231861115,
          "z": 0
        },
        {
          "x": 3.927051067352295,
          "y": 2.427051067352295,
          "z": 0
        },
        {
          "x": 3.2725424766540527,
          "y": 2.3680338859558105,
          "z": -0.09549150615930557
        },
        {
          "x": 3.427051067352295,
          "y": 2.1180338859558105,
          "z": -0.30901700258255005
        },
        {
          "x": 4.236067771911621,
          "y": 2.6180338859558105,
          "z": 0
        },
        {
          "x": 0.6545084714889526,
          "y": 0.75,
          "z": -0.09549150615930557
        },
        {
          "x": 3.581559419631958,
          "y": 1.8680340051651,
          "z": -0.09549150615930557
        }
      ],
      "faces": [
        {
          "vertices": [
            0,
            1,
            2,
            3
          ]
        },
        {
          "vertices": [
            4,
            5,
            6
          ]
        },
        {
          "vertices": [
            2,
            7,
            8
          ]
        },
        {
          "vertices": [
            0,
            6,
            5
          ]
        },
        {
          "vertices": [
            7,
            9,
            8
          ]
        },
        {
          "vertices": [
            2,
            8,
            11,
            3
          ]
        },
        {
          "vertices": [
            4,
            9,
            12,
            5
          ]
        },
        {
          "vertices": [
            7,
            12,
            9
          ]
        },
        {
          "vertices": [
            4,
            6,
            11
          ]
        },
        {
          "vertices": [
            0,
            3,
            6
          ]
        },
        {
          "vertices": [
            1,
            12,
            7
          ]
        },
        {
          "vertices": [
            3,
            11,
            6
          ]
        },
        {
          "vertices": [
            1,
            7,
            2
          ]
        },
        {
          "vertices": [
            4,
            11,
            8,
            9
          ]
        },
        {
          "vertices": [
            0,
            5,
            12,
            1
          ]
        }
      ]
    },
    "s9638366987770275": {
      "id": "s9638366987770275",
      "orbit": "[[-1,1,1],[0,0,1]]",
      "length": "[2,-1,1]",
      "vertices": [
        {
          "x": 0.9045084714889526,
          "y": 0.345491498708725,
          "z": 0.25
        },
        {
          "x": 1.9045084714889526,
          "y": 0.9635254740715027,
          "z": 0.25
        },
        {
          "x": 1.7135255336761475,
          "y": 1.2725424766540527,
          "z": 0.25
        },
        {
          "x": 0.7135254740715027,
          "y": 0.6545084714889526,
          "z": 0.25
        },
        {
          "x": 0.80901700258255,
          "y": 0.5,
          "z": -0.30901700258255005
        },
        {
          "x": 0.9635254740715027,
          "y": 0.25,
          "z": -0.09549150615930557
        },
        {
          "x": 0.30901700258255005,
          "y": 0.19098301231861115,
          "z": 0
        },
        {
          "x": 2.3090169429779053,
          "y": 1.4270509481430054,
          "z": 0
        },
        {
          "x": 1.6545084714889526,
          "y": 1.3680340051651,
          "z": -0.09549150615930557
        },
        {
          "x": 1.8090169429779053,
          "y": 1.1180340051651,
          "z": -0.30901700258255005
        },
        {
          "x": 2.6180338859558105,
          "y": 1.6180340051651,
          "z": 0
        },
        {
          "x": 0.6545084714889526,
          "y": 0.75,
          "z": -0.09549150615930557
        },
        {
          "x": 1.9635255336761475,
          "y": 0.8680340051651001,
          "z": -0.09549150615930557
        }
      ],
      "faces": [
        {
          "vertices": [
            0,
            1,
            2,
            3
          ]
        },
        {
          "vertices": [
            4,
            5,
            6
          ]
        },
        {
          "vertices": [
            2,
            7,
            8
          ]
        },
        {
          "vertices": [
            0,
            6,
            5
          ]
        },
        {
          "vertices": [
            7,
            9,
            8
          ]
        },
        {
          "vertices": [
            2,
            8,
            11,
            3
          ]
        },
        {
          "vertices": [
            4,
            9,
            12,
            5
          ]
        },
        {
          "vertices": [
            7,
            12,
            9
          ]
        },
        {
          "vertices": [
            4,
            6,
            11
          ]
        },
        {
          "vertices": [
            0,
            3,
            6
          ]
        },
        {
          "vertices": [
            1,
            12,
            7
          ]
        },
        {
          "vertices": [
            3,
            11,
            6
          ]
        },
        {
          "vertices": [
            1,
            7,
            2
          ]
        },
        {
          "vertices": [
            4,
            11,
            8,
            9
          ]
        },
        {
          "vertices": [
            0,
            5,
            12,
            1
          ]
        }
      ]
    },
    "s42160036105608323": {
      "id": "s42160036105608323",
      "orbit": "[[0,0,1],[0,0,1]]",
      "length": "[1,0,1]",
      "vertices": [
        {
          "x": 1,
          "y": 0.30901700258255005,
          "z": 0.19098301231861115
        },
        {
          "x": 1,
          "y": -0.30901700258255005,
          "z": 0.19098301231861115
        },
        {
          "x": 7.4721360206604,
          "y": -0.30901700258255005,
          "z": 0.19098301231861115
        },
        {
          "x": 7.4721360206604,
          "y": 0.30901700258255005,
          "z": 0.19098301231861115
        },
        {
          "x": 7.4721360206604,
          "y": -0.30901700258255005,
          "z": -0.19098301231861115
        },
        {
          "x": 7.4721360206604,
          "y": 0.30901700258255005,
          "z": -0.19098301231861115
        },
        {
          "x": 8.090169906616211,
          "y": 0,
          "z": 0
        },
        {
          "x": 0.3819660246372223,
          "y": 0,
          "z": 0
        },
        {
          "x": 1,
          "y": 0.30901700258255005,
          "z": -0.19098301231861115
        },
        {
          "x": 1,
          "y": -0.30901700258255005,
          "z": -0.19098301231861115
        },
        {
          "x": 8.472135543823242,
          "y": 0,
          "z": 0
        }
      ],
      "faces": [
        {
          "vertices": [
            0,
            1,
            2,
            3
          ]
        },
        {
          "vertices": [
            2,
            4,
            6
          ]
        },
        {
          "vertices": [
            7,
            8,
            9
          ]
        },
        {
          "vertices": [
            4,
            9,
            8,
            5
          ]
        },
        {
          "vertices": [
            1,
            9,
            4,
            2
          ]
        },
        {
          "vertices": [
            0,
            3,
            5,
            8
          ]
        },
        {
          "vertices": [
            1,
            7,
            9
          ]
        },
        {
          "vertices": [
            2,
            6,
            3
          ]
        },
        {
          "vertices": [
            0,
            7,
            1
          ]
        },
        {
          "vertices": [
            4,
            5,
            6
          ]
        },
        {
          "vertices": [
            0,
            8,
            7
          ]
        },
        {
          "vertices": [
            3,
            6,
            5
          ]
        }
      ]
    },
    "s2508008150698413": {
      "id": "s2508008150698413",
      "vertices": [
        {
          "x": 0,
          "y": 0,
          "z": 0
        },
        {
          "x": 0,
          "y": 0,
          "z": 8.472135543823242
        },
        {
          "x": 0,
          "y": -13.70820426940918,
          "z": 8.472135543823242
        }
      ],
      "faces": [
        {
          "vertices": [
            0,
            1,
            2
          ]
        },
        {
          "vertices": [
            0,
            2,
            1
          ]
        }
      ]
    },
    "s622024689112648": {
      "id": "s622024689112648",
      "orbit": "[[2,-1,1],[5,-3,1]]",
      "length": "[2,-1,1]",
      "vertices": [
        {
          "x": 3.927051067352295,
          "y": 1.5,
          "z": -0.5729489922523499
        },
        {
          "x": 3.5450849533081055,
          "y": 1.0450849533081055,
          "z": -0.3819660246372223
        },
        {
          "x": 3.3819661140441895,
          "y": 1.3090169429779053,
          "z": -0.80901700258255
        },
        {
          "x": 3.3090169429779053,
          "y": 1.5729490518569946,
          "z": -0.6180340051651001
        },
        {
          "x": 0.8541019558906555,
          "y": 0.30901700258255005,
          "z": 0.19098301231861115
        },
        {
          "x": 0.69098299741745,
          "y": 0.5729489922523499,
          "z": -0.2360679805278778
        },
        {
          "x": 0.30901700258255005,
          "y": 0.1180339902639389,
          "z": -0.04508497193455696
        },
        {
          "x": 0.7639320492744446,
          "y": 0.30901700258255005,
          "z": -0.42705097794532776
        },
        {
          "x": 0.9270510077476501,
          "y": 0.04508497193455696,
          "z": 0
        },
        {
          "x": 3.4721360206604004,
          "y": 1.3090169429779053,
          "z": -0.19098301231861115
        },
        {
          "x": 4.236067771911621,
          "y": 1.6180340051651,
          "z": -0.6180340051651001
        }
      ],
      "faces": [
        {
