{
  "field" : "golden",
  "symmetry" : "icosahedral",
  "orientations" : [ [ 1.0, 0.0, 0.0, 0.0, 0.0, 1.0, 0.0, 0.0, 0.0, 0.0, 1.0, 0.0, 0.0, 0.0, 0.0, 1.0 ], [ 0.0, 0.0, 1.0, 0.0, 1.0, 0.0, 0.0, 0.0, 0.0, 1.0, 0.0, 0.0, 0.0, 0.0, 0.0, 1.0 ], [ 0.0, 1.0, 0.0, 0.0, 0.0, 0.0, 1.0, 0.0, 1.0, 0.0, 0.0, 0.0, 0.0, 0.0, 0.0, 1.0 ], [ 0.809017, 0.309017, 0.5, 0.0, 0.309017, 0.5, -0.809017, 0.0, -0.5, 0.809017, 0.309017, 0.0, 0.0, 0.0, 0.0, 1.0 ], [ -0.5, 0.809017, 0.309017, 0.0, 0.809017, 0.309017, 0.5, 0.0, 0.309017, 0.5, -0.809017, 0.0, 0.0, 0.0, 0.0, 1.0 ], [ 0.309017, 0.5, -0.809017, 0.0, -0.5, 0.809017, 0.309017, 0.0, 0.809017, 0.309017, 0.5, 0.0, 0.0, 0.0, 0.0, 1.0 ], [ 0.5, 0.809017, 0.309017, 0.0, 0.809017, -0.309017, -0.5, 0.0, -0.309017, 0.5, -0.809017, 0.0, 0.0, 0.0, 0.0, 1.0 ], [ -0.309017, 0.5, -0.809017, 0.0, 0.5, 0.809017, 0.309017, 0.0, 0.809017, -0.309017, -0.5, 0.0, 0.0, 0.0, 0.0, 1.0 ], [ 0.809017, -0.309017, -0.5, 0.0, -0.309017, 0.5, -0.809017, 0.0, 0.5, 0.809017, 0.309017, 0.0, 0.0, 0.0, 0.0, 1.0 ], [ 0.5, 0.809017, -0.309017, 0.0, 0.809017, -0.309017, 0.5, 0.0, 0.309017, -0.5, -0.809017, 0.0, 0.0, 0.0, 0.0, 1.0 ], [ 0.309017, -0.5, -0.809017, 0.0, 0.5, 0.809017, -0.309017, 0.0, 0.809017, -0.309017, 0.5, 0.0, 0.0, 0.0, 0.0, 1.0 ], [ 0.809017, -0.309017, 0.5, 0.0, 0.309017, -0.5, -0.809017, 0.0, 0.5, 0.809017, -0.309017, 0.0, 0.0, 0.0, 0.0, 1.0 ], [ 0.809017, 0.309017, -0.5, 0.0, 0.309017, 0.5, 0.809017, 0.0, 0.5, -0.809017, 0.309017, 0.0, 0.0, 0.0, 0.0, 1.0 ], [ 0.5, -0.809017, 0.309017, 0.0, 0.809017, 0.309017, -0.5, 0.0, 0.309017, 0.5, 0.809017, 0.0, 0.0, 0.0, 0.0, 1.0 ], [ 0.309017, 0.5, 0.809017, 0.0, 0.5, -0.809017, 0.309017, 0.0, 0.809017, 0.309017, -0.5, 0.0, 0.0, 0.0, 0.0, 1.0 ], [ 1.0, 0.0, 0.0, 0.0, 0.0, -1.0, 0.0, 0.0, 0.0, 0.0, -1.0, 0.0, 0.0, 0.0, 0.0, 1.0 ], [ 0.0, 0.0, 1.0, 0.0, -1.0, 0.0, 0.0, 0.0, 0.0, -1.0, 0.0, 0.0, 0.0, 0.0, 0.0, 1.0 ], [ 0.0, 1.0, 0.0, 0.0, 0.0, 0.0, -1.0, 0.0, -1.0, 0.0, 0.0, 0.0, 0.0, 0.0, 0.0, 1.0 ], [ 0.809017, 0.309017, 0.5, 0.0, -0.309017, -0.5, 0.809017, 0.0, 0.5, -0.809017, -0.309017, 0.0, 0.0, 0.0, 0.0, 1.0 ], [ -0.5, 0.809017, 0.309017, 0.0, -0.809017, -0.309017, -0.5, 0.0, -0.309017, -0.5, 0.809017, 0.0, 0.0, 0.0, 0.0, 1.0 ], [ 0.309017, 0.5, -0.809017, 0.0, 0.5, -0.809017, -0.309017, 0.0, -0.809017, -0.309017, -0.5, 0.0, 0.0, 0.0, 0.0, 1.0 ], [ 0.5, 0.809017, 0.309017, 0.0, -0.809017, 0.309017, 0.5, 0.0, 0.309017, -0.5, 0.809017, 0.0, 0.0, 0.0, 0.0, 1.0 ], [ -0.309017, 0.5, -0.809017, 0.0, -0.5, -0.809017, -0.309017, 0.0, -0.809017, 0.309017, 0.5, 0.0, 0.0, 0.0, 0.0, 1.0 ], [ 0.809017, -0.309017, -0.5, 0.0, 0.309017, -0.5, 0.809017, 0.0, -0.5, -0.809017, -0.309017, 0.0, 0.0, 0.0, 0.0, 1.0 ], [ 0.5, 0.809017, -0.309017, 0.0, -0.809017, 0.309017, -0.5, 0.0, -0.309017, 0.5, 0.809017, 0.0, 0.0, 0.0, 0.0, 1.0 ], [ 0.309017, -0.5, -0.809017, 0.0, -0.5, -0.809017, 0.309017, 0.0, -0.809017, 0.309017, -0.5, 0.0, 0.0, 0.0, 0.0, 1.0 ], [ 0.809017, -0.309017, 0.5, 0.0, -0.309017, 0.5, 0.809017, 0.0, -0.5, -0.809017, 0.309017, 0.0, 0.0, 0.0, 0.0, 1.0 ], [ 0.809017, 0.309017, -0.5, 0.0, -0.309017, -0.5, -0.809017, 0.0, -0.5, 0.809017, -0.309017, 0.0, 0.0, 0.0, 0.0, 1.0 ], [ 0.5, -0.809017, 0.309017, 0.0, -0.809017, -0.309017, 0.5, 0.0, -0.309017, -0.5, -0.809017, 0.0, 0.0, 0.0, 0.0, 1.0 ], [ 0.309017, 0.5, 0.809017, 0.0, -0.5, 0.809017, -0.309017, 0.0, -0.809017, -0.309017, 0.5, 0.0, 0.0, 0.0, 0.0, 1.0 ], [ -1.0, 0.0, 0.0, 0.0, 0.0, -1.0, 0.0, 0.0, 0.0, 0.0, 1.0, 0.0, 0.0, 0.0, 0.0, 1.0 ], [ 0.0, 0.0, -1.0, 0.0, -1.0, 0.0, 0.0, 0.0, 0.0, 1.0, 0.0, 0.0, 0.0, 0.0, 0.0, 1.0 ], [ 0.0, -1.0, 0.0, 0.0, 0.0, 0.0, -1.0, 0.0, 1.0, 0.0, 0.0, 0.0, 0.0, 0.0, 0.0, 1.0 ], [ -0.809017, -0.309017, -0.5, 0.0, -0.309017, -0.5, 0.809017, 0.0, -0.5, 0.809017, 0.309017, 0.0, 0.0, 0.0, 0.0, 1.0 ], [ 0.5, -0.809017, -0.309017, 0.0, -0.809017, -0.309017, -0.5, 0.0, 0.309017, 0.5, -0.809017, 0.0, 0.0, 0.0, 0.0, 1.0 ], [ -0.309017, -0.5, 0.809017, 0.0, 0.5, -0.809017, -0.309017, 0.0, 0.809017, 0.309017, 0.5, 0.0, 0.0, 0.0, 0.0, 1.0 ], [ -0.5, -0.809017, -0.309017, 0.0, -0.809017, 0.309017, 0.5, 0.0, -0.309017, 0.5, -0.809017, 0.0, 0.0, 0.0, 0.0, 1.0 ], [ 0.309017, -0.5, 0.809017, 0.0, -0.5, -0.809017, -0.309017, 0.0, 0.809017, -0.309017, -0.5, 0.0, 0.0, 0.0, 0.0, 1.0 ], [ -0.809017, 0.309017, 0.5, 0.0, 0.309017, -0.5, 0.809017, 0.0, 0.5, 0.809017, 0.309017, 0.0, 0.0, 0.0, 0.0, 1.0 ], [ -0.5, -0.809017, 0.309017, 0.0, -0.809017, 0.309017, -0.5, 0.0, 0.309017, -0.5, -0.809017, 0.0, 0.0, 0.0, 0.0, 1.0 ], [ -0.309017, 0.5, 0.809017, 0.0, -0.5, -0.809017, 0.309017, 0.0, 0.809017, -0.309017, 0.5, 0.0, 0.0, 0.0, 0.0, 1.0 ], [ -0.809017, 0.309017, -0.5, 0.0, -0.309017, 0.5, 0.809017, 0.0, 0.5, 0.809017, -0.309017, 0.0, 0.0, 0.0, 0.0, 1.0 ], [ -0.809017, -0.309017, 0.5, 0.0, -0.309017, -0.5, -0.809017, 0.0, 0.5, -0.809017, 0.309017, 0.0, 0.0, 0.0, 0.0, 1.0 ], [ -0.5, 0.809017, -0.309017, 0.0, -0.809017, -0.309017, 0.5, 0.0, 0.309017, 0.5, 0.809017, 0.0, 0.0, 0.0, 0.0, 1.0 ], [ -0.309017, -0.5, -0.809017, 0.0, -0.5, 0.809017, -0.309017, 0.0, 0.809017, 0.309017, -0.5, 0.0, 0.0, 0.0, 0.0, 1.0 ], [ -1.0, 0.0, 0.0, 0.0, 0.0, 1.0, 0.0, 0.0, 0.0, 0.0, -1.0, 0.0, 0.0, 0.0, 0.0, 1.0 ], [ 0.0, 0.0, -1.0, 0.0, 1.0, 0.0, 0.0, 0.0, 0.0, -1.0, 0.0, 0.0, 0.0, 0.0, 0.0, 1.0 ], [ 0.0, -1.0, 0.0, 0.0, 0.0, 0.0, 1.0, 0.0, -1.0, 0.0, 0.0, 0.0, 0.0, 0.0, 0.0, 1.0 ], [ -0.809017, -0.309017, -0.5, 0.0, 0.309017, 0.5, -0.809017, 0.0, 0.5, -0.809017, -0.309017, 0.0, 0.0, 0.0, 0.0, 1.0 ], [ 0.5, -0.809017, -0.309017, 0.0, 0.809017, 0.309017, 0.5, 0.0, -0.309017, -0.5, 0.809017, 0.0, 0.0, 0.0, 0.0, 1.0 ], [ -0.309017, -0.5, 0.809017, 0.0, -0.5, 0.809017, 0.309017, 0.0, -0.809017, -0.309017, -0.5, 0.0, 0.0, 0.0, 0.0, 1.0 ], [ -0.5, -0.809017, -0.309017, 0.0, 0.809017, -0.309017, -0.5, 0.0, 0.309017, -0.5, 0.809017, 0.0, 0.0, 0.0, 0.0, 1.0 ], [ 0.309017, -0.5, 0.809017, 0.0, 0.5, 0.809017, 0.309017, 0.0, -0.809017, 0.309017, 0.5, 0.0, 0.0, 0.0, 0.0, 1.0 ], [ -0.809017, 0.309017, 0.5, 0.0, -0.309017, 0.5, -0.809017, 0.0, -0.5, -0.809017, -0.309017, 0.0, 0.0, 0.0, 0.0, 1.0 ], [ -0.5, -0.809017, 0.309017, 0.0, 0.809017, -0.309017, 0.5, 0.0, -0.309017, 0.5, 0.809017, 0.0, 0.0, 0.0, 0.0, 1.0 ], [ -0.309017, 0.5, 0.809017, 0.0, 0.5, 0.809017, -0.309017, 0.0, -0.809017, 0.309017, -0.5, 0.0, 0.0, 0.0, 0.0, 1.0 ], [ -0.809017, 0.309017, -0.5, 0.0, 0.309017, -0.5, -0.809017, 0.0, -0.5, -0.809017, 0.309017, 0.0, 0.0, 0.0, 0.0, 1.0 ], [ -0.809017, -0.309017, 0.5, 0.0, 0.309017, 0.5, 0.809017, 0.0, -0.5, 0.809017, -0.309017, 0.0, 0.0, 0.0, 0.0, 1.0 ], [ -0.5, 0.809017, -0.309017, 0.0, 0.809017, 0.309017, -0.5, 0.0, -0.309017, -0.5, -0.809017, 0.0, 0.0, 0.0, 0.0, 1.0 ], [ -0.309017, -0.5, -0.809017, 0.0, 0.5, -0.809017, 0.309017, 0.0, -0.809017, -0.309017, 0.5, 0.0, 0.0, 0.0, 0.0, 1.0 ] ],
  "lights" : {
    "directionalLights" : [ {
      "direction" : {
        "x" : 1.0,
        "y" : -1.0,
        "z" : -1.0
      },
      "color" : "#EBEBE4"
    }, {
      "direction" : {
        "x" : -1.0,
        "y" : 0.0,
        "z" : 0.0
      },
      "color" : "#E4E4EB"
    }, {
      "direction" : {
        "x" : 0.0,
        "y" : 0.0,
        "z" : -1.0
      },
      "color" : "#1E1E1E"
    } ],
    "ambientColor" : "#292929",
    "backgroundColor" : "#AFC8DC"
  },
  "camera" : {
    "stereo" : false,
    "width" : 175.98027,
    "perspective" : true,
    "lookDirection" : {
      "x" : 0.8783433,
      "y" : -0.18847899,
      "z" : -0.439299
    },
    "upDirection" : {
      "x" : 0.43122527,
      "y" : -0.084159404,
      "z" : 0.89831185
    },
    "lookAtPoint" : {
      "x" : 35.888542,
      "y" : 75.777084,
      "z" : -4.236068
    },
    "viewDistance" : 391.0672,
    "nearClipDistance" : 0.97766757,
    "farClipDistance" : 782.13306,
    "fieldOfView" : 0.44262895,
    "position" : {
      "x" : -307.6027,
      "y" : 149.48505,
      "z" : 167.55936
    }
  },
  "embedding" : [ 1.0, 0.0, 0.0, 0.0, 0.0, 1.0, 0.0, 0.0, 0.0, 0.0, 1.0, 0.0, 0.0, 0.0, 0.0, 1.0 ],
  "shapes" : [ {
    "id" : "20464072-666d-4632-8f00-cbfbabe7816a",
    "vertices" : [ {
      "x" : 65.92299,
      "y" : 116.28367,
      "z" : 1.381966
    }, {
      "x" : 65.92299,
      "y" : 111.0476,
      "z" : 1.381966
    }, {
      "x" : 71.15905,
      "y" : 111.0476,
      "z" : 1.381966
    } ],
    "faces" : [ {
      "vertices" : [ 0, 1, 2 ]
    }, {
      "vertices" : [ 0, 2, 1 ]
    } ]
  }, {
    "id" : "b1dc8457-6a0e-492c-b02c-16f206b2fe39",
    "vertices" : [ {
      "x" : 22.18034,
      "y" : 63.686916,
      "z" : 4.236068
    }, {
      "x" : 22.18034,
      "y" : 63.686916,
      "z" : -4.236068
    }, {
      "x" : 22.18034,
      "y" : 61.30495,
      "z" : -2.763932
    }, {
      "x" : 22.18034,
      "y" : 61.068882,
      "z" : -1.381966
    }, {
      "x" : 22.18034,
      "y" : 61.068882,
      "z" : 1.381966
    }, {
      "x" : 22.18034,
      "y" : 61.30495,
      "z" : 2.763932
    } ],
    "faces" : [ {
      "vertices" : [ 0, 1, 2 ]
    }, {
      "vertices" : [ 0, 2, 3 ]
    }, {
      "vertices" : [ 0, 3, 4 ]
    }, {
      "vertices" : [ 0, 4, 5 ]
    }, {
      "vertices" : [ 0, 5, 4 ]
    }, {
      "vertices" : [ 0, 4, 3 ]
    }, {
      "vertices" : [ 0, 3, 2 ]
    }, {
      "vertices" : [ 0, 2, 1 ]
    } ]
  }, {
    "id" : "7f3ef40e-b9af-45cd-b809-6102c200f1bc",
    "vertices" : [ {
      "x" : 60.686916,
      "y" : 97.33939,
      "z" : 1.381966
    }, {
      "x" : 60.686916,
      "y" : 92.103325,
      "z" : 1.381966
    }, {
      "x" : 65.92299,
      "y" : 92.103325,
      "z" : 1.381966
    }, {
      "x" : 65.92299,
      "y" : 97.33939,
      "z" : 1.381966
    } ],
    "faces" : [ {
      "vertices" : [ 0, 1, 2 ]
    }, {
      "vertices" : [ 0, 2, 3 ]
    }, {
      "vertices" : [ 0, 3, 2 ]
    }, {
      "vertices" : [ 0, 2, 1 ]
    } ]
  }, {
    "id" : "509bace5-0c05-4262-8eb1-272959df9dd8",
    "vertices" : [ {
      "x" : 22.18034,
      "y" : 153.40828,
      "z" : 2.381966
    }, {
      "x" : 13.708204,
      "y" : 153.40828,
      "z" : 2.381966
    }, {
      "x" : 13.708204,
      "y" : 149.70007,
      "z" : 2.381966
    }, {
      "x" : 22.18034,
      "y" : 149.70007,
      "z" : 2.381966
    } ],
    "faces" : [ {
      "vertices" : [ 0, 1, 2 ]
    }, {
      "vertices" : [ 0, 2, 3 ]
    }, {
      "vertices" : [ 0, 3, 2 ]
    }, {
      "vertices" : [ 0, 2, 1 ]
    } ]
  }, {
    "id" : "8aa1cc83-d874-4195-bd8d-eda9e0369bcb",
    "vertices" : [ {
      "x" : 49.59675,
      "y" : 25.798374,
      "z" : -4.236068
    }, {
      "x" : 49.59675,
      "y" : 23.416409,
      "z" : -2.763932
    }, {
      "x" : 49.59675,
      "y" : 20.798374,
      "z" : -2.381966
    }, {
      "x" : 49.59675,
      "y" : 17.09017,
      "z" : -2.381966
    }, {
      "x" : 49.59675,
      "y" : 14.472136,
      "z" : -2.763932
    }, {
      "x" : 49.59675,
      "y" : 12.09017,
      "z" : -4.236068
    } ],
    "faces" : [ {
      "vertices" : [ 0, 1, 2 ]
    }, {
      "vertices" : [ 0, 2, 3 ]
    }, {
      "vertices" : [ 0, 3, 4 ]
    }, {
      "vertices" : [ 0, 4, 5 ]
    }, {
      "vertices" : [ 0, 5, 4 ]
    }, {
      "vertices" : [ 0, 4, 3 ]
    }, {
      "vertices" : [ 0, 3, 2 ]
    }, {
      "vertices" : [ 0, 2, 1 ]
    } ]
  }, {
    "id" : "48bc29a9-bff5-4d03-88c9-caf9c22044a5",
    "vertices" : [ {
      "x" : 22.18034,
      "y" : 158.40828,
      "z" : 4.236068
    }, {
      "x" : 22.18034,
      "y" : 144.70007,
      "z" : 4.236068
    }, {
      "x" : 49.59675,
      "y" : 144.70007,
      "z" : 4.236068
    }, {
      "x" : 49.59675,
      "y" : 158.40828,
      "z" : 4.236068
    } ],
    "faces" : [ {
      "vertices" : [ 0, 1, 2 ]
    }, {
      "vertices" : [ 0, 2, 3 ]
    }, {
      "vertices" : [ 0, 3, 2 ]
    }, {
      "vertices" : [ 0, 2, 1 ]
    } ]
  }, {
    "id" : "f280e26d-9e65-4513-ae1a-330aaff32cb7",
    "vertices" : [ {
      "x" : 13.708204,
      "y" : 155.79024,
      "z" : 1.381966
    }, {
      "x" : 11.09017,
      "y" : 154.17221,
      "z" : 1.381966
    }, {
      "x" : 13.708204,
      "y" : 156.0263,
      "z" : 2.763932
    } ],
    "faces" : [ {
      "vertices" : [ 0, 1, 2 ]
    }, {
      "vertices" : [ 0, 2, 1 ]
    } ]
  }, {
    "id" : "bb9db14c-0176-4d5b-ad89-c9106eb4886e",
    "vertices" : [ {
      "x" : 13.708204,
      "y" : -4.472136,
      "z" : -2.763932
    }, {
      "x" : 13.708204,
      "y" : -4.236068,
      "z" : -1.381966
    }, {
      "x" : 11.09017,
      "y" : -2.618034,
      "z" : -1.381966
    } ],
    "faces" : [ {
      "vertices" : [ 0, 1, 2 ]
    }, {
      "vertices" : [ 0, 2, 1 ]
    } ]
  }, {
    "id" : "9b0e2bb7-7be1-4f4e-b7c9-36c0ac00f4c8",
    "vertices" : [ {
      "x" : 13.708204,
      "y" : 42.12461,
      "z" : -1.381966
    }, {
      "x" : 13.708204,
      "y" : 42.12461,
      "z" : 1.381966
    }, {
      "x" : 22.18034,
      "y" : 42.12461,
      "z" : 1.381966
    }, {
      "x" : 22.18034,
      "y" : 42.12461,
      "z" : -1.381966
    } ],
    "faces" : [ {
      "vertices" : [ 0, 1, 2 ]
    }, {
      "vertices" : [ 0, 2, 3 ]
    }, {
      "vertices" : [ 0, 3, 2 ]
    }, {
      "vertices" : [ 0, 2, 1 ]
    } ]
  }, {
    "id" : "fc7fcdb9-26e6-4ff8-811f-01e40f37f311",
    "vertices" : [ {
      "x" : 58.068882,
      "y" : 20.798374,
      "z" : -2.381966
    }, {
      "x" : 60.686916,
      "y" : 21.562305,
      "z" : -1.381966
    }, {
      "x" : 60.686916,
      "y" : 16.326239,
      "z" : -1.381966
    }, {
      "x" : 58.068882,
      "y" : 17.09017,
      "z" : -2.381966
    } ],
    "faces" : [ {
      "vertices" : [ 0, 1, 2 ]
    }, {
      "vertices" : [ 0, 2, 3 ]
    }, {
      "vertices" : [ 0, 3, 2 ]
    }, {
      "vertices" : [ 0, 2, 1 ]
    } ]
  }, {
    "id" : "76e1b2ee-3746-4e84-b19b-a3f000981030",
    "vertices" : [ {
      "x" : 60.686916,
      "y" : 35.27051,
      "z" : -1.381966
    }, {
      "x" : 58.068882,
      "y" : 33.41641,
      "z" : -2.763932
    }, {
      "x" : 58.068882,
      "y" : 36.034443,
      "z" : -2.381966
    } ],
    "faces" : [ {
      "vertices" : [ 0, 1, 2 ]
    }, {
      "vertices" : [ 0, 2, 1 ]
    } ]
  }, {
    "id" : "69a7956f-8521-4268-b081-195a2ab6e64a",
    "vertices" : [ {
      "x" : 11.09017,
      "y" : 21.562305,
      "z" : -1.381966
    }, {
      "x" : 11.09017,
      "y" : 16.326239,
      "z" : -1.381966
    }, {
      "x" : 5.854102,
      "y" : 16.326239,
      "z" : -1.381966
    }, {
      "x" : 5.854102,
      "y" : 21.562305,
      "z" : -1.381966
    } ],
    "faces" : [ {
      "vertices" : [ 0, 1, 2 ]
    }, {
      "vertices" : [ 0, 2, 3 ]
    }, {
      "vertices" : [ 0, 3, 2 ]
    }, {
      "vertices" : [ 0, 2, 1 ]
    } ]
  }, {
    "id" : "560a3641-896b-4752-a717-fcd679a40813",
    "vertices" : [ {
      "x" : 49.59675,
      "y" : 77.63119,
      "z" : -2.381966
    }, {
      "x" : 58.068882,
      "y" : 77.63119,
      "z" : -2.381966
    }, {
      "x" : 58.068882,
      "y" : 73.92299,
      "z" : -2.381966
    }, {
      "x" : 49.59675,
      "y" : 73.92299,
      "z" : -2.381966
    } ],
    "faces" : [ {
      "vertices" : [ 0, 1, 2 ]
    }, {
      "vertices" : [ 0, 2, 3 ]
    }, {
      "vertices" : [ 0, 3, 2 ]
    }, {
      "vertices" : [ 0, 2, 1 ]
    } ]
  }, {
    "id" : "74fc7955-c6e3-4f37-a807-232e7c341670",
    "vertices" : [ {
      "x" : 22.18034,
      "y" : 136.84598,
      "z" : -1.381966
    }, {
      "x" : 22.18034,
      "y" : 137.08205,
      "z" : -2.763932
    }, {
      "x" : 13.708204,
      "y" : 137.08205,
      "z" : -2.763932
    }, {
      "x" : 13.708204,
      "y" : 136.84598,
      "z" : -1.381966
    } ],
    "faces" : [ {
      "vertices" : [ 0, 1, 2 ]
    }, {
      "vertices" : [ 0, 2, 3 ]
    }, {
      "vertices" : [ 0, 3, 2 ]
    }, {
      "vertices" : [ 0, 2, 1 ]
    } ]
  }, {
    "id" : "ee69faf4-492f-4430-9788-989bb22834c4",
    "vertices" : [ {
      "x" : 49.59675,
      "y" : 120.51973,
      "z" : 4.236068
    }, {
      "x" : 49.59675,
      "y" : 106.81153,
      "z" : 4.236068
    }, {
      "x" : 49.59675,
      "y" : 109.1935,
      "z" : 2.763932
    }, {
      "x" : 49.59675,
      "y" : 111.81153,
      "z" : 2.381966
    }, {
      "x" : 49.59675,
      "y" : 115.51973,
      "z" : 2.381966
    }, {
      "x" : 49.59675,
      "y" : 118.137764,
      "z" : 2.763932
    } ],
    "faces" : [ {
      "vertices" : [ 0, 1, 2 ]
    }, {
      "vertices" : [ 0, 2, 3 ]
    }, {
      "vertices" : [ 0, 3, 4 ]
    }, {
      "vertices" : [ 0, 4, 5 ]
    }, {
      "vertices" : [ 0, 5, 4 ]
    }, {
      "vertices" : [ 0, 4, 3 ]
    }, {
      "vertices" : [ 0, 3, 2 ]
    }, {
      "vertices" : [ 0, 2, 1 ]
    } ]
  }, {
    "id" : "d48614b3-118d-4e8d-944a-097bf3187755",
    "vertices" : [ {
      "x" : 0.618034,
      "y" : 111.0476,
      "z" : -1.381966
    }, {
      "x" : 0.618034,
      "y" : 92.103325,
      "z" : -1.381966
    }, {
      "x" : 0.618034,
      "y" : 92.103325,
      "z" : 1.381966
    }, {
      "x" : 0.618034,
      "y" : 111.0476,
      "z" : 1.381966
    } ],
    "faces" : [ {
      "vertices" : [ 0, 1, 2 ]
    }, {
      "vertices" : [ 0, 2, 3 ]
    }, {
      "vertices" : [ 0, 3, 2 ]
    }, {
      "vertices" : [ 0, 2, 1 ]
    } ]
  }, {
    "id" : "1b9455f3-b67c-40a8-8d15-d9b5e1d1ca3c",
    "vertices" : [ {
      "x" : 11.09017,
      "y" : 116.28367,
      "z" : -1.381966
    }, {
      "x" : 13.708204,
      "y" : 115.51973,
      "z" : -2.381966
    }, {
      "x" : 13.708204,
      "y" : 111.81153,
      "z" : -2.381966
    }, {
      "x" : 11.09017,
      "y" : 111.0476,
      "z" : -1.381966
    } ],
    "faces" : [ {
      "vertices" : [ 0, 1, 2 ]
    }, {
      "vertices" : [ 0, 2, 3 ]
    }, {
      "vertices" : [ 0, 3, 2 ]
    }, {
      "vertices" : [ 0, 2, 1 ]
    } ]
  }, {
    "id" : "0f133120-ea50-4f25-a432-57bde93cb0d5",
    "vertices" : [ {
      "x" : 11.09017,
      "y" : 21.562305,
      "z" : 1.381966
    }, {
      "x" : 11.09017,
      "y" : 21.562305,
      "z" : -1.381966
    }, {
      "x" : 5.854102,
      "y" : 21.562305,
      "z" : -1.381966
    }, {
      "x" : 5.854102,
      "y" : 21.562305,
      "z" : 1.381966
    } ],
    "faces" : [ {
      "vertices" : [ 0, 1, 2 ]
    }, {
      "vertices" : [ 0, 2, 3 ]
    }, {
      "vertices" : [ 0, 3, 2 ]
    }, {
      "vertices" : [ 0, 2, 1 ]
    } ]
  }, {
    "id" : "48f0bb54-c28f-4623-8c9d-51b8c2fa536a",
    "vertices" : [ {
      "x" : 13.708204,
      "y" : 111.81153,
      "z" : 2.381966
    }, {
      "x" : 13.708204,
      "y" : 109.1935,
      "z" : 2.763932
    }, {
      "x" : 22.18034,
      "y" : 109.1935,
      "z" : 2.763932
    }, {
      "x" : 22.18034,
      "y" : 111.81153,
      "z" : 2.381966
    } ],
    "faces" : [ {
      "vertices" : [ 0, 1, 2 ]
    }, {
      "vertices" : [ 0, 2, 3 ]
    }, {
      "vertices" : [ 0, 3, 2 ]
    }, {
      "vertices" : [ 0, 2, 1 ]
    } ]
  }, {
    "id" : "c8b53564-6717-4529-b4f5-d0ff74ea63c9",
    "vertices" : [ {
      "x" : 13.708204,
      "y" : 36.034443,
      "z" : -2.381966
    }, {
      "x" : 22.18034,
      "y" : 36.034443,
      "z" : -2.381966
    }, {
      "x" : 22.18034,
      "y" : 33.41641,
      "z" : -2.763932
    }, {
      "x" : 13.708204,
      "y" : 33.41641,
      "z" : -2.763932
    } ],
    "faces" : [ {
      "vertices" : [ 0, 1, 2 ]
    }, {
      "vertices" : [ 0, 2, 3 ]
    }, {
      "vertices" : [ 0, 3, 2 ]
    }, {
      "vertices" : [ 0, 2, 1 ]
    } ]
  }, {
    "id" : "d2e48873-3bed-4419-a835-91fe2c6196b7",
    "vertices" : [ {
      "x" : 60.686916,
      "y" : 111.0476,
      "z" : -1.381966
    }, {
      "x" : 58.068882,
      "y" : 109.1935,
      "z" : -2.763932
    }, {
      "x" : 58.068882,
      "y" : 111.81153,
      "z" : -2.381966
    } ],
    "faces" : [ {
      "vertices" : [ 0, 1, 2 ]
    }, {
      "vertices" : [ 0, 2, 1 ]
    } ]
  }, {
    "id" : "d424a609-1fc9-4a3b-a7d5-e3460cdd9655",
    "vertices" : [ {
      "x" : 58.068882,
      "y" : 147.08205,
      "z" : 2.763932
    }, {
      "x" : 49.59675,
      "y" : 147.08205,
      "z" : 2.763932
    }, {
      "x" : 49.59675,
      "y" : 147.3181,
      "z" : 1.381966
    }, {
      "x" : 58.068882,
      "y" : 147.3181,
      "z" : 1.381966
    } ],
    "faces" : [ {
      "vertices" : [ 0, 1, 2 ]
    }, {
      "vertices" : [ 0, 2, 3 ]
    }, {
      "vertices" : [ 0, 3, 2 ]
    }, {
      "vertices" : [ 0, 2, 1 ]
    } ]
  }, {
    "id" : "49e87aae-3758-4fc8-b17d-da415ca787a1",
    "vertices" : [ {
      "x" : 22.18034,
      "y" : 6.854102,
      "z" : -4.236068
    }, {
      "x" : 49.59675,
      "y" : 6.854102,
      "z" : -4.236068
    }, {
      "x" : 49.59675,
      "y" : -6.854102,
      "z" : -4.236068
    }, {
      "x" : 22.18034,
      "y" : -6.854102,
      "z" : -4.236068
    } ],
    "faces" : [ {
      "vertices" : [ 0, 1, 2 ]
    }, {
      "vertices" : [ 0, 2, 3 ]
    }, {
      "vertices" : [ 0, 3, 2 ]
    }, {
      "vertices" : [ 0, 2, 1 ]
    } ]
  }, {
    "id" : "37e30ecb-ba68-4172-8304-e8e0fbaea344",
    "vertices" : [ {
      "x" : 11.09017,
      "y" : 148.93614,
      "z" : -1.381966
    }, {
      "x" : 13.708204,
      "y" : 147.3181,
      "z" : -1.381966
    }, {
      "x" : 13.708204,
      "y" : 147.3181,
      "z" : 1.381966
    }, {
      "x" : 11.09017,
      "y" : 148.93614,
      "z" : 1.381966
    } ],
    "faces" : [ {
      "vertices" : [ 0, 1, 2 ]
    }, {
      "vertices" : [ 0, 2, 3 ]
    }, {
      "vertices" : [ 0, 3, 2 ]
    }, {
      "vertices" : [ 0, 2, 1 ]
    } ]
  }, {
    "id" : "5758ba03-d67c-4fe3-a294-eb1d421ccc41",
    "vertices" : [ {
      "x" : 58.068882,
      "y" : 118.137764,
      "z" : -2.763932
    }, {
      "x" : 60.686916,
      "y" : 116.28367,
      "z" : -1.381966
    }, {
      "x" : 58.068882,
      "y" : 115.51973,
      "z" : -2.381966
    } ],
    "faces" : [ {
      "vertices" : [ 0, 1, 2 ]
    }, {
      "vertices" : [ 0, 2, 1 ]
    } ]
  }, {
    "id" : "57b088a1-b04e-4c8a-bd9d-46e97874fb24",
    "vertices" : [ {
      "x" : 13.708204,
      "y" : 130.7558,
      "z" : 2.381966
    }, {
      "x" : 13.708204,
      "y" : 128.13777,
      "z" : 2.763932
    }, {
      "x" : 22.18034,
      "y" : 128.13777,
      "z" : 2.763932
    }, {
      "x" : 22.18034,
      "y" : 130.7558,
      "z" : 2.381966
    } ],
    "faces" : [ {
      "vertices" : [ 0, 1, 2 ]
    }, {
      "vertices" : [ 0, 2, 3 ]
    }, {
      "vertices" : [ 0, 3, 2 ]
    }, {
      "vertices" : [ 0, 2, 1 ]
    } ]
  }, {
    "id" : "461e035d-3873-4947-895a-f6dde18cc6f7",
    "vertices" : [ {
      "x" : 22.18034,
      "y" : 125.7558,
      "z" : -4.236068
    }, {
      "x" : 49.59675,
      "y" : 125.7558,
      "z" : -4.236068
    }, {
      "x" : 49.59675,
      "y" : 125.7558,
      "z" : 4.236068
    }, {
      "x" : 22.18034,
      "y" : 125.7558,
      "z" : 4.236068
    } ],
    "faces" : [ {
      "vertices" : [ 0, 1, 2 ]
    }, {
      "vertices" : [ 0, 2, 3 ]
    }, {
      "vertices" : [ 0, 3, 2 ]
    }, {
      "vertices" : [ 0, 2, 1 ]
    } ]
  }, {
    "id" : "54d41e7d-db49-4252-ace5-9c4e009dbdd1",
    "vertices" : [ {
      "x" : 5.854102,
      "y" : 16.326239,
      "z" : 1.381966
    }, {
      "x" : 0.618034,
      "y" : 16.326239,
      "z" : 1.381966
    }, {
      "x" : 0.618034,
      "y" : -2.618034,
      "z" : 1.381966
    }, {
      "x" : 5.854102,
      "y" : 2.618034,
      "z" : 1.381966
    } ],
    "faces" : [ {
      "vertices" : [ 0, 1, 2 ]
    }, {
      "vertices" : [ 0, 2, 3 ]
    }, {
      "vertices" : [ 0, 3, 2 ]
    }, {
      "vertices" : [ 0, 2, 1 ]
    } ]
  }, {
    "id" : "b3b5d1ff-03fe-414a-82c1-3c297ee4d963",
    "vertices" : [ {
      "x" : 0.618034,
      "y" : 16.326239,
      "z" : -1.381966
    }, {
      "x" : 0.618034,
      "y" : -2.618034,
      "z" : -1.381966
    }, {
      "x" : 0.618034,
      "y" : -2.618034,
      "z" : 1.381966
    }, {
      "x" : 0.618034,
      "y" : 16.326239,
      "z" : 1.381966
    } ],
    "faces" : [ {
      "vertices" : [ 0, 1, 2 ]
    }, {
      "vertices" : [ 0, 2, 3 ]
    }, {
      "vertices" : [ 0, 3, 2 ]
    }, {
      "vertices" : [ 0, 2, 1 ]
    } ]
  }, {
    "id" : "a42be392-2cff-4f18-a4a0-baf984eb3ca4",
    "vertices" : [ {
      "x" : 22.18034,
      "y" : 82.63119,
      "z" : 4.236068
    }, {
      "x" : 22.18034,
      "y" : 82.63119,
      "z" : -4.236068
    }, {
      "x" : 22.18034,
      "y" : 80.24922,
      "z" : -2.763932
    }, {
      "x" : 22.18034,
      "y" : 80.01315,
      "z" : -1.381966
    }, {
      "x" : 22.18034,
      "y" : 80.01315,
      "z" : 1.381966
    }, {
      "x" : 22.18034,
      "y" : 80.24922,
      "z" : 2.763932
    } ],
    "faces" : [ {
      "vertices" : [ 0, 1, 2 ]
    }, {
      "vertices" : [ 0, 2, 3 ]
    }, {
      "vertices" : [ 0, 3, 4 ]
    }, {
      "vertices" : [ 0, 4, 5 ]
    }, {
      "vertices" : [ 0, 5, 4 ]
    }, {
      "vertices" : [ 0, 4, 3 ]
    }, {
      "vertices" : [ 0, 3, 2 ]
    }, {
      "vertices" : [ 0, 2, 1 ]
    } ]
  }, {
    "id" : "d35641d5-4e06-4a54-80ce-39987c7f9557",
    "vertices" : [ {
      "x" : 60.686916,
      "y" : 135.22794,
      "z" : -1.381966
    }, {
      "x" : 60.686916,
      "y" : 135.22794,
      "z" : 1.381966
    }, {
      "x" : 65.92299,
      "y" : 135.22794,
      "z" : 1.381966
    }, {
      "x" : 65.92299,
      "y" : 135.22794,
      "z" : -1.381966
    } ],
    "faces" : [ {
      "vertices" : [ 0, 1, 2 ]
    }, {
      "vertices" : [ 0, 2, 3 ]
    }, {
      "vertices" : [ 0, 3, 2 ]
    }, {
      "vertices" : [ 0, 2, 1 ]
    } ]
  }, {
    "id" : "cd055ca3-ce6c-4d7b-89e0-48492490ad86",
    "vertices" : [ {
      "x" : 58.068882,
      "y" : 42.36068,
      "z" : -2.763932
    }, {
      "x" : 60.686916,
      "y" : 40.506577,
      "z" : -1.381966
    }, {
      "x" : 58.068882,
      "y" : 39.742645,
      "z" : -2.381966
    } ],
    "faces" : [ {
      "vertices" : [ 0, 1, 2 ]
    }, {
      "vertices" : [ 0, 2, 1 ]
    } ]
  }, {
    "id" : "cc1d64f1-560f-496a-af6d-f20a9cf64a9d",
    "vertices" : [ {
      "x" : 60.686916,
      "y" : 54.214783,
      "z" : 1.381966
    }, {
      "x" : 58.068882,
      "y" : 54.978714,
      "z" : 2.381966
    }, {
      "x" : 58.068882,
      "y" : 52.36068,
      "z" : 2.763932
    } ],
    "faces" : [ {
      "vertices" : [ 0, 1, 2 ]
    }, {
      "vertices" : [ 0, 2, 1 ]
    } ]
  }, {
    "id" : "3ede7797-9148-472e-9735-00f51d2d7053",
    "vertices" : [ {
      "x" : 60.686916,
      "y" : 148.93614,
      "z" : 1.381966
    }, {
      "x" : 60.686916,
      "y" : 148.93614,
      "z" : -1.381966
    }, {
      "x" : 65.92299,
      "y" : 148.93614,
      "z" : -1.381966
    }, {
      "x" : 65.92299,
      "y" : 148.93614,
      "z" : 1.381966
    } ],
    "faces" : [ {
      "vertices" : [ 0, 1, 2 ]
    }, {
      "vertices" : [ 0, 2, 3 ]
    }, {
      "vertices" : [ 0, 3, 2 ]
    }, {
      "vertices" : [ 0, 2, 1 ]
    } ]
  }, {
    "id" : "73a10352-33f2-4c61-9db4-1c2991ce225c",
    "vertices" : [ {
      "x" : 58.068882,
      "y" : 52.36068,
      "z" : -2.763932
    }, {
      "x" : 60.686916,
      "y" : 54.214783,
      "z" : -1.381966
    }, {
      "x" : 58.068882,
      "y" : 52.59675,
      "z" : -1.381966
    } ],
    "faces" : [ {
      "vertices" : [ 0, 1, 2 ]
    }, {
      "vertices" : [ 0, 2, 1 ]
    } ]
  }, {
    "id" : "55ff26bd-47d5-4cdd-917f-45e08f5b245d",
    "vertices" : [ {
      "x" : 58.068882,
      "y" : 111.81153,
      "z" : -2.381966
    }, {
      "x" : 58.068882,
      "y" : 109.1935,
      "z" : -2.763932
    }, {
      "x" : 49.59675,
      "y" : 109.1935,
      "z" : -2.763932
    }, {
      "x" : 49.59675,
      "y" : 111.81153,
      "z" : -2.381966
    } ],
    "faces" : [ {
      "vertices" : [ 0, 1, 2 ]
    }, {
      "vertices" : [ 0, 2, 3 ]
    }, {
      "vertices" : [ 0, 3, 2 ]
    }, {
      "vertices" : [ 0, 2, 1 ]
    } ]
  }, {
    "id" : "67f1d153-d26f-4a0b-bdfa-832c411b575b",
    "vertices" : [ {
      "x" : 58.068882,
      "y" : 137.08205,
      "z" : -2.763932
    }, {
      "x" : 60.686916,
      "y" : 135.22794,
      "z" : -1.381966
    }, {
      "x" : 58.068882,
      "y" : 134.464,
      "z" : -2.381966
    } ],
    "faces" : [ {
      "vertices" : [ 0, 1, 2 ]
    }, {
      "vertices" : [ 0, 2, 1 ]
    } ]
  }, {
    "id" : "9eee289f-da44-4b3a-9fb8-a6ad6ed74b55",
    "vertices" : [ {
      "x" : 13.708204,
      "y" : 115.51973,
      "z" : 2.381966
    }, {
      "x" : 22.18034,
      "y" : 115.51973,
      "z" : 2.381966
    }, {
      "x" : 22.18034,
      "y" : 118.137764,
      "z" : 2.763932
    }, {
      "x" : 13.708204,
      "y" : 118.137764,
      "z" : 2.763932
    } ],
    "faces" : [ {
      "vertices" : [ 0, 1, 2 ]
    }, {
      "vertices" : [ 0, 2, 3 ]
    }, {
      "vertices" : [ 0, 3, 2 ]
    }, {
      "vertices" : [ 0, 2, 1 ]
    } ]
  }, {
    "id" : "042c5b89-d19d-4546-aaac-aba14a83967e",
    "vertices" : [ {
      "x" : 58.068882,
      "y" : 4.236068,
      "z" : -1.381966
    }, {
      "x" : 60.686916,
      "y" : 2.618034,
      "z" : -1.381966
    }, {
      "x" : 58.068882,
      "y" : 4.472136,
      "z" : -2.763932
    } ],
    "faces" : [ {
      "vertices" : [ 0, 1, 2 ]
    }, {
      "vertices" : [ 0, 2, 1 ]
    } ]
  }, {
    "id" : "3cd116a7-9f06-4780-8539-fb99483eed28",
    "vertices" : [ {
      "x" : 22.18034,
      "y" : 125.7558,
      "z" : 4.236068
    }, {
      "x" : 22.18034,
      "y" : 128.13777,
      "z" : 2.763932
    }, {
      "x" : 22.18034,
      "y" : 128.37384,
      "z" : 1.381966
    }, {
      "x" : 22.18034,
      "y" : 128.37384,
      "z" : -1.381966
    }, {
      "x" : 22.18034,
      "y" : 128.13777,
      "z" : -2.763932
    }, {
      "x" : 22.18034,
      "y" : 125.7558,
      "z" : -4.236068
    } ],
    "faces" : [ {
      "vertices" : [ 0, 1, 2 ]
    }, {
      "vertices" : [ 0, 2, 3 ]
    }, {
      "vertices" : [ 0, 3, 4 ]
    }, {
      "vertices" : [ 0, 4, 5 ]
    }, {
      "vertices" : [ 0, 5, 4 ]
    }, {
      "vertices" : [ 0, 4, 3 ]
    }, {
      "vertices" : [ 0, 3, 2 ]
    }, {
      "vertices" : [ 0, 2, 1 ]
    } ]
  }, {
    "id" : "4edca43e-4554-4603-9746-eed5a1b4f480",
    "vertices" : [ {
      "x" : 0.618034,
      "y" : 35.27051,
      "z" : -1.381966
    }, {
      "x" : 0.618034,
      "y" : 16.326239,
      "z" : -1.381966
    }, {
      "x" : 0.618034,
      "y" : 16.326239,
      "z" : 1.381966
    }, {
      "x" : 0.618034,
      "y" : 35.27051,
      "z" : 1.381966
    } ],
    "faces" : [ {
      "vertices" : [ 0, 1, 2 ]
    }, {
      "vertices" : [ 0, 2, 3 ]
    }, {
      "vertices" : [ 0, 3, 2 ]
    }, {
      "vertices" : [ 0, 2, 1 ]
    } ]
  }, {
    "id" : "65033ff5-c897-43dd-9da6-a933bc217659",
    "vertices" : [ {
      "x" : 22.18034,
      "y" : 139.464,
      "z" : 4.236068
    }, {
      "x" : 22.18034,
      "y" : 139.464,
      "z" : -4.236068
    }, {
      "x" : 22.18034,
      "y" : 137.08205,
      "z" : -2.763932
    }, {
      "x" : 22.18034,
      "y" : 136.84598,
      "z" : -1.381966
    }, {
      "x" : 22.18034,
      "y" : 136.84598,
      "z" : 1.381966
    }, {
      "x" : 22.18034,
      "y" : 137.08205,
      "z" : 2.763932
    } ],
    "faces" : [ {
      "vertices" : [ 0, 1, 2 ]
    }, {
      "vertices" : [ 0, 2, 3 ]
    }, {
      "vertices" : [ 0, 3, 4 ]
    }, {
      "vertices" : [ 0, 4, 5 ]
    }, {
      "vertices" : [ 0, 5, 4 ]
    }, {
      "vertices" : [ 0, 4, 3 ]
    }, {
      "vertices" : [ 0, 3, 2 ]
    }, {
      "vertices" : [ 0, 2, 1 ]
    } ]
  }, {
    "id" : "9d5c27b4-6088-4a26-97de-b9c45ea4a671",
    "vertices" : [ {
      "x" : 13.708204,
      "y" : 23.18034,
      "z" : 1.381966
    }, {
      "x" : 13.708204,
      "y" : 23.18034,
      "z" : -1.381966
    }, {
      "x" : 11.09017,
      "y" : 21.562305,
      "z" : -1.381966
    }, {
      "x" : 11.09017,
      "y" : 21.562305,
      "z" : 1.381966
    } ],
    "faces" : [ {
      "vertices" : [ 0, 1, 2 ]
    }, {
      "vertices" : [ 0, 2, 3 ]
    }, {
      "vertices" : [ 0, 3, 2 ]
    }, {
      "vertices" : [ 0, 2, 1 ]
    } ]
  }, {
    "id" : "94030c59-71d5-4dd2-bcb6-1efabca6624c",
    "vertices" : [ {
      "x" : 22.18034,
      "y" : 139.464,
      "z" : -4.236068
    }, {
      "x" : 49.59675,
      "y" : 139.464,
      "z" : -4.236068
    }, {
      "x" : 49.59675,
      "y" : 125.7558,
      "z" : -4.236068
    }, {
      "x" : 22.18034,
      "y" : 125.7558,
      "z" : -4.236068
    } ],
    "faces" : [ {
      "vertices" : [ 0, 1, 2 ]
    }, {
      "vertices" : [ 0, 2, 3 ]
    }, {
      "vertices" : [ 0, 3, 2 ]
    }, {
      "vertices" : [ 0, 2, 1 ]
    } ]
  }, {
    "id" : "814def2b-2450-4dcd-8770-d01f10525d93",
    "vertices" : [ {
      "x" : 65.92299,
      "y" : 154.17221,
      "z" : -1.381966
    }, {
      "x" : 65.92299,
      "y" : 154.17221,
      "z" : 1.381966
    }, {
      "x" : 71.15905,
      "y" : 148.93614,
      "z" : 1.381966
    }, {
      "x" : 71.15905,
      "y" : 148.93614,
      "z" : -1.381966
    } ],
    "faces" : [ {
      "vertices" : [ 0, 1, 2 ]
    }, {
      "vertices" : [ 0, 2, 3 ]
    }, {
      "vertices" : [ 0, 3, 2 ]
    }, {
      "vertices" : [ 0, 2, 1 ]
    } ]
  }, {
    "id" : "f9796b4a-e928-4487-9f4d-f5569cd501c5",
    "vertices" : [ {
      "x" : 49.59675,
      "y" : 44.742645,
      "z" : -4.236068
    }, {
      "x" : 49.59675,
      "y" : 42.36068,
      "z" : -2.763932
    }, {
      "x" : 49.59675,
      "y" : 39.742645,
      "z" : -2.381966
    }, {
      "x" : 49.59675,
      "y" : 36.034443,
      "z" : -2.381966
    }, {
      "x" : 49.59675,
      "y" : 33.41641,
      "z" : -2.763932
    }, {
      "x" : 49.59675,
      "y" : 31.034441,
      "z" : -4.236068
    } ],
    "faces" : [ {
      "vertices" : [ 0, 1, 2 ]
    }, {
      "vertices" : [ 0, 2, 3 ]
    }, {
      "vertices" : [ 0, 3, 4 ]
    }, {
      "vertices" : [ 0, 4, 5 ]
    }, {
      "vertices" : [ 0, 5, 4 ]
    }, {
      "vertices" : [ 0, 4, 3 ]
    }, {
      "vertices" : [ 0, 3, 2 ]
    }, {
      "vertices" : [ 0, 2, 1 ]
    } ]
  }, {
    "id" : "902f9ca5-1184-4343-9bea-2e71c3d2c8fc",
    "vertices" : [ {
      "x" : 11.09017,
      "y" : 40.506577,
      "z" : -1.381966
    }, {
      "x" : 13.708204,
      "y" : 42.12461,
      "z" : -1.381966
    }, {
      "x" : 13.708204,
      "y" : 42.36068,
      "z" : -2.763932
    } ],
    "faces" : [ {
      "vertices" : [ 0, 1, 2 ]
    }, {
      "vertices" : [ 0, 2, 1 ]
    } ]
  }, {
    "id" : "740fbd6f-9bd3-4f65-9e66-d1a2adc09dba",
    "vertices" : [ {
      "x" : 60.686916,
      "y" : 40.506577,
      "z" : 1.381966
    }, {
      "x" : 58.068882,
      "y" : 42.12461,
      "z" : 1.381966
    }, {
      "x" : 58.068882,
      "y" : 42.36068,
      "z" : 2.763932
    } ],
    "faces" : [ {
      "vertices" : [ 0, 1, 2 ]
    }, {
      "vertices" : [ 0, 2, 1 ]
    } ]
  }, {
    "id" : "fd6c6e3b-0bb3-4e66-aa69-d6f22abc13d4",
    "vertices" : [ {
      "x" : 60.686916,
      "y" : 59.45085,
      "z" : -1.381966
    }, {
      "x" : 60.686916,
      "y" : 59.45085,
      "z" : 1.381966
    }, {
      "x" : 65.92299,
      "y" : 59.45085,
      "z" : 1.381966
    }, {
      "x" : 65.92299,
      "y" : 59.45085,
      "z" : -1.381966
    } ],
    "faces" : [ {
      "vertices" : [ 0, 1, 2 ]
    }, {
      "vertices" : [ 0, 2, 3 ]
    }, {
      "vertices" : [ 0, 3, 2 ]
    }, {
      "vertices" : [ 0, 2, 1 ]
    } ]
  }, {
    "id" : "a141eaac-751e-4e0b-91e5-a482897725ea",
    "vertices" : [ {
      "x" : 65.92299,
      "y" : 97.33939,
      "z" : 1.381966
    }, {
      "x" : 65.92299,
      "y" : 92.103325,
      "z" : 1.381966
    }, {
      "x" : 71.15905,
      "y" : 92.103325,
      "z" : 1.381966
    } ],
    "faces" : [ {
      "vertices" : [ 0, 1, 2 ]
    }, {
      "vertices" : [ 0, 2, 1 ]
    } ]
  }, {
    "id" : "07977ab5-743f-4277-b362-10604f3baf06",
    "vertices" : [ {
      "x" : 49.59675,
      "y" : 137.08205,
      "z" : -2.763932
    }, {
      "x" : 49.59675,
      "y" : 136.84598,
      "z" : -1.381966
    }, {
      "x" : 58.068882,
      "y" : 136.84598,
      "z" : -1.381966
    }, {
      "x" : 58.068882,
      "y" : 137.08205,
      "z" : -2.763932
    } ],
    "faces" : [ {
      "vertices" : [ 0, 1, 2 ]
    }, {
      "vertices" : [ 0, 2, 3 ]
    }, {
      "vertices" : [ 0, 3, 2 ]
    }, {
      "vertices" : [ 0, 2, 1 ]
    } ]
  }, {
    "id" : "c8852333-103d-4962-906c-dda185437b77",
    "vertices" : [ {
      "x" : 22.18034,
      "y" : 1.854102,
      "z" : 2.381966
    }, {
      "x" : 13.708204,
      "y" : 1.854102,
      "z" : 2.381966
    }, {
      "x" : 13.708204,
      "y" : -1.854102,
      "z" : 2.381966
    }, {
      "x" : 22.18034,
      "y" : -1.854102,
      "z" : 2.381966
    } ],
    "faces" : [ {
      "vertices" : [ 0, 1, 2 ]
    }, {
      "vertices" : [ 0, 2, 3 ]
    }, {
      "vertices" : [ 0, 3, 2 ]
    }, {
      "vertices" : [ 0, 2, 1 ]
    } ]
  }, {
    "id" : "46aae3c5-ed90-4758-ae65-7e827531c749",
    "vertices" : [ {
      "x" : 11.09017,
      "y" : 35.27051,
      "z" : -1.381966
    }, {
      "x" : 13.708204,
      "y" : 36.034443,
      "z" : -2.381966
    }, {
      "x" : 13.708204,
      "y" : 33.41641,
      "z" : -2.763932
    } ],
    "faces" : [ {
      "vertices" : [ 0, 1, 2 ]
    }, {
      "vertices" : [ 0, 2, 1 ]
    } ]
  }, {
    "id" : "5d193dca-b755-4e76-a6f9-5b58f2ddfb89",
    "vertices" : [ {
      "x" : 60.686916,
      "y" : -2.618034,
      "z" : 1.381966
    }, {
      "x" : 58.068882,
      "y" : -1.854102,
      "z" : 2.381966
    }, {
      "x" : 58.068882,
      "y" : -4.472136,
      "z" : 2.763932
    } ],
    "faces" : [ {
      "vertices" : [ 0, 1, 2 ]
    }, {
      "vertices" : [ 0, 2, 1 ]
    } ]
  }, {
    "id" : "d4dc38d3-ea4f-4c93-b648-4b425bdc2134",
    "vertices" : [ {
      "x" : 49.59675,
      "y" : 139.464,
      "z" : -4.236068
    }, {
      "x" : 49.59675,
      "y" : 139.464,
      "z" : 4.236068
    }, {
      "x" : 49.59675,
      "y" : 137.08205,
      "z" : 2.763932
    }, {
      "x" : 49.59675,
      "y" : 136.84598,
      "z" : 1.381966
    }, {
      "x" : 49.59675,
      "y" : 136.84598,
      "z" : -1.381966
    }, {
      "x" : 49.59675,
      "y" : 137.08205,
      "z" : -2.763932
    } ],
    "faces" : [ {
      "vertices" : [ 0, 1, 2 ]
    }, {
      "vertices" : [ 0, 2, 3 ]
    }, {
      "vertices" : [ 0, 3, 4 ]
    }, {
      "vertices" : [ 0, 4, 5 ]
    }, {
      "vertices" : [ 0, 5, 4 ]
    }, {
      "vertices" : [ 0, 4, 3 ]
    }, {
      "vertices" : [ 0, 3, 2 ]
    }, {
      "vertices" : [ 0, 2, 1 ]
    } ]
  }, {
    "id" : "343a51ff-2d20-4afb-8877-e227d6bc1e8d",
    "vertices" : [ {
      "x" : 49.59675,
      "y" : 63.686916,
      "z" : -4.236068
    }, {
      "x" : 49.59675,
      "y" : 61.30495,
      "z" : -2.763932
    }, {
      "x" : 49.59675,
      "y" : 58.686916,
      "z" : -2.381966
    }, {
      "x" : 49.59675,
      "y" : 54.978714,
      "z" : -2.381966
    }, {
      "x" : 49.59675,
      "y" : 52.36068,
      "z" : -2.763932
    }, {
      "x" : 49.59675,
      "y" : 49.978714,
      "z" : -4.236068
    } ],
    "faces" : [ {
      "vertices" : [ 0, 1, 2 ]
    }, {
      "vertices" : [ 0, 2, 3 ]
    }, {
      "vertices" : [ 0, 3, 4 ]
    }, {
      "vertices" : [ 0, 4, 5 ]
    }, {
      "vertices" : [ 0, 5, 4 ]
    }, {
      "vertices" : [ 0, 4, 3 ]
    }, {
      "vertices" : [ 0, 3, 2 ]
    }, {
      "vertices" : [ 0, 2, 1 ]
    } ]
  }, {
    "id" : "de924ea1-77e9-43a5-8218-6e2924eb7338",
    "vertices" : [ {
      "x" : 11.09017,
      "y" : 59.45085,
      "z" : -1.381966
    }, {
      "x" : 13.708204,
      "y" : 61.068882,
      "z" : -1.381966
    }, {
      "x" : 13.708204,
      "y" : 61.30495,
      "z" : -2.763932
    } ],
    "faces" : [ {
      "vertices" : [ 0, 1, 2 ]
    }, {
      "vertices" : [ 0, 2, 1 ]
    } ]
  }, {
