{
  "field" : "golden",
  "symmetry" : "icosahedral",
  "orientations" : [ [ 1.0, 0.0, 0.0, 0.0, 0.0, 1.0, 0.0, 0.0, 0.0, 0.0, 1.0, 0.0, 0.0, 0.0, 0.0, 1.0 ], [ 0.0, 0.0, 1.0, 0.0, 1.0, 0.0, 0.0, 0.0, 0.0, 1.0, 0.0, 0.0, 0.0, 0.0, 0.0, 1.0 ], [ 0.0, 1.0, 0.0, 0.0, 0.0, 0.0, 1.0, 0.0, 1.0, 0.0, 0.0, 0.0, 0.0, 0.0, 0.0, 1.0 ], [ 0.809017, 0.309017, 0.5, 0.0, 0.309017, 0.5, -0.809017, 0.0, -0.5, 0.809017, 0.309017, 0.0, 0.0, 0.0, 0.0, 1.0 ], [ -0.5, 0.809017, 0.309017, 0.0, 0.809017, 0.309017, 0.5, 0.0, 0.309017, 0.5, -0.809017, 0.0, 0.0, 0.0, 0.0, 1.0 ], [ 0.309017, 0.5, -0.809017, 0.0, -0.5, 0.809017, 0.309017, 0.0, 0.809017, 0.309017, 0.5, 0.0, 0.0, 0.0, 0.0, 1.0 ], [ 0.5, 0.809017, 0.309017, 0.0, 0.809017, -0.309017, -0.5, 0.0, -0.309017, 0.5, -0.809017, 0.0, 0.0, 0.0, 0.0, 1.0 ], [ -0.309017, 0.5, -0.809017, 0.0, 0.5, 0.809017, 0.309017, 0.0, 0.809017, -0.309017, -0.5, 0.0, 0.0, 0.0, 0.0, 1.0 ], [ 0.809017, -0.309017, -0.5, 0.0, -0.309017, 0.5, -0.809017, 0.0, 0.5, 0.809017, 0.309017, 0.0, 0.0, 0.0, 0.0, 1.0 ], [ 0.5, 0.809017, -0.309017, 0.0, 0.809017, -0.309017, 0.5, 0.0, 0.309017, -0.5, -0.809017, 0.0, 0.0, 0.0, 0.0, 1.0 ], [ 0.309017, -0.5, -0.809017, 0.0, 0.5, 0.809017, -0.309017, 0.0, 0.809017, -0.309017, 0.5, 0.0, 0.0, 0.0, 0.0, 1.0 ], [ 0.809017, -0.309017, 0.5, 0.0, 0.309017, -0.5, -0.809017, 0.0, 0.5, 0.809017, -0.309017, 0.0, 0.0, 0.0, 0.0, 1.0 ], [ 0.809017, 0.309017, -0.5, 0.0, 0.309017, 0.5, 0.809017, 0.0, 0.5, -0.809017, 0.309017, 0.0, 0.0, 0.0, 0.0, 1.0 ], [ 0.5, -0.809017, 0.309017, 0.0, 0.809017, 0.309017, -0.5, 0.0, 0.309017, 0.5, 0.809017, 0.0, 0.0, 0.0, 0.0, 1.0 ], [ 0.309017, 0.5, 0.809017, 0.0, 0.5, -0.809017, 0.309017, 0.0, 0.809017, 0.309017, -0.5, 0.0, 0.0, 0.0, 0.0, 1.0 ], [ 1.0, 0.0, 0.0, 0.0, 0.0, -1.0, 0.0, 0.0, 0.0, 0.0, -1.0, 0.0, 0.0, 0.0, 0.0, 1.0 ], [ 0.0, 0.0, 1.0, 0.0, -1.0, 0.0, 0.0, 0.0, 0.0, -1.0, 0.0, 0.0, 0.0, 0.0, 0.0, 1.0 ], [ 0.0, 1.0, 0.0, 0.0, 0.0, 0.0, -1.0, 0.0, -1.0, 0.0, 0.0, 0.0, 0.0, 0.0, 0.0, 1.0 ], [ 0.809017, 0.309017, 0.5, 0.0, -0.309017, -0.5, 0.809017, 0.0, 0.5, -0.809017, -0.309017, 0.0, 0.0, 0.0, 0.0, 1.0 ], [ -0.5, 0.809017, 0.309017, 0.0, -0.809017, -0.309017, -0.5, 0.0, -0.309017, -0.5, 0.809017, 0.0, 0.0, 0.0, 0.0, 1.0 ], [ 0.309017, 0.5, -0.809017, 0.0, 0.5, -0.809017, -0.309017, 0.0, -0.809017, -0.309017, -0.5, 0.0, 0.0, 0.0, 0.0, 1.0 ], [ 0.5, 0.809017, 0.309017, 0.0, -0.809017, 0.309017, 0.5, 0.0, 0.309017, -0.5, 0.809017, 0.0, 0.0, 0.0, 0.0, 1.0 ], [ -0.309017, 0.5, -0.809017, 0.0, -0.5, -0.809017, -0.309017, 0.0, -0.809017, 0.309017, 0.5, 0.0, 0.0, 0.0, 0.0, 1.0 ], [ 0.809017, -0.309017, -0.5, 0.0, 0.309017, -0.5, 0.809017, 0.0, -0.5, -0.809017, -0.309017, 0.0, 0.0, 0.0, 0.0, 1.0 ], [ 0.5, 0.809017, -0.309017, 0.0, -0.809017, 0.309017, -0.5, 0.0, -0.309017, 0.5, 0.809017, 0.0, 0.0, 0.0, 0.0, 1.0 ], [ 0.309017, -0.5, -0.809017, 0.0, -0.5, -0.809017, 0.309017, 0.0, -0.809017, 0.309017, -0.5, 0.0, 0.0, 0.0, 0.0, 1.0 ], [ 0.809017, -0.309017, 0.5, 0.0, -0.309017, 0.5, 0.809017, 0.0, -0.5, -0.809017, 0.309017, 0.0, 0.0, 0.0, 0.0, 1.0 ], [ 0.809017, 0.309017, -0.5, 0.0, -0.309017, -0.5, -0.809017, 0.0, -0.5, 0.809017, -0.309017, 0.0, 0.0, 0.0, 0.0, 1.0 ], [ 0.5, -0.809017, 0.309017, 0.0, -0.809017, -0.309017, 0.5, 0.0, -0.309017, -0.5, -0.809017, 0.0, 0.0, 0.0, 0.0, 1.0 ], [ 0.309017, 0.5, 0.809017, 0.0, -0.5, 0.809017, -0.309017, 0.0, -0.809017, -0.309017, 0.5, 0.0, 0.0, 0.0, 0.0, 1.0 ], [ -1.0, 0.0, 0.0, 0.0, 0.0, -1.0, 0.0, 0.0, 0.0, 0.0, 1.0, 0.0, 0.0, 0.0, 0.0, 1.0 ], [ 0.0, 0.0, -1.0, 0.0, -1.0, 0.0, 0.0, 0.0, 0.0, 1.0, 0.0, 0.0, 0.0, 0.0, 0.0, 1.0 ], [ 0.0, -1.0, 0.0, 0.0, 0.0, 0.0, -1.0, 0.0, 1.0, 0.0, 0.0, 0.0, 0.0, 0.0, 0.0, 1.0 ], [ -0.809017, -0.309017, -0.5, 0.0, -0.309017, -0.5, 0.809017, 0.0, -0.5, 0.809017, 0.309017, 0.0, 0.0, 0.0, 0.0, 1.0 ], [ 0.5, -0.809017, -0.309017, 0.0, -0.809017, -0.309017, -0.5, 0.0, 0.309017, 0.5, -0.809017, 0.0, 0.0, 0.0, 0.0, 1.0 ], [ -0.309017, -0.5, 0.809017, 0.0, 0.5, -0.809017, -0.309017, 0.0, 0.809017, 0.309017, 0.5, 0.0, 0.0, 0.0, 0.0, 1.0 ], [ -0.5, -0.809017, -0.309017, 0.0, -0.809017, 0.309017, 0.5, 0.0, -0.309017, 0.5, -0.809017, 0.0, 0.0, 0.0, 0.0, 1.0 ], [ 0.309017, -0.5, 0.809017, 0.0, -0.5, -0.809017, -0.309017, 0.0, 0.809017, -0.309017, -0.5, 0.0, 0.0, 0.0, 0.0, 1.0 ], [ -0.809017, 0.309017, 0.5, 0.0, 0.309017, -0.5, 0.809017, 0.0, 0.5, 0.809017, 0.309017, 0.0, 0.0, 0.0, 0.0, 1.0 ], [ -0.5, -0.809017, 0.309017, 0.0, -0.809017, 0.309017, -0.5, 0.0, 0.309017, -0.5, -0.809017, 0.0, 0.0, 0.0, 0.0, 1.0 ], [ -0.309017, 0.5, 0.809017, 0.0, -0.5, -0.809017, 0.309017, 0.0, 0.809017, -0.309017, 0.5, 0.0, 0.0, 0.0, 0.0, 1.0 ], [ -0.809017, 0.309017, -0.5, 0.0, -0.309017, 0.5, 0.809017, 0.0, 0.5, 0.809017, -0.309017, 0.0, 0.0, 0.0, 0.0, 1.0 ], [ -0.809017, -0.309017, 0.5, 0.0, -0.309017, -0.5, -0.809017, 0.0, 0.5, -0.809017, 0.309017, 0.0, 0.0, 0.0, 0.0, 1.0 ], [ -0.5, 0.809017, -0.309017, 0.0, -0.809017, -0.309017, 0.5, 0.0, 0.309017, 0.5, 0.809017, 0.0, 0.0, 0.0, 0.0, 1.0 ], [ -0.309017, -0.5, -0.809017, 0.0, -0.5, 0.809017, -0.309017, 0.0, 0.809017, 0.309017, -0.5, 0.0, 0.0, 0.0, 0.0, 1.0 ], [ -1.0, 0.0, 0.0, 0.0, 0.0, 1.0, 0.0, 0.0, 0.0, 0.0, -1.0, 0.0, 0.0, 0.0, 0.0, 1.0 ], [ 0.0, 0.0, -1.0, 0.0, 1.0, 0.0, 0.0, 0.0, 0.0, -1.0, 0.0, 0.0, 0.0, 0.0, 0.0, 1.0 ], [ 0.0, -1.0, 0.0, 0.0, 0.0, 0.0, 1.0, 0.0, -1.0, 0.0, 0.0, 0.0, 0.0, 0.0, 0.0, 1.0 ], [ -0.809017, -0.309017, -0.5, 0.0, 0.309017, 0.5, -0.809017, 0.0, 0.5, -0.809017, -0.309017, 0.0, 0.0, 0.0, 0.0, 1.0 ], [ 0.5, -0.809017, -0.309017, 0.0, 0.809017, 0.309017, 0.5, 0.0, -0.309017, -0.5, 0.809017, 0.0, 0.0, 0.0, 0.0, 1.0 ], [ -0.309017, -0.5, 0.809017, 0.0, -0.5, 0.809017, 0.309017, 0.0, -0.809017, -0.309017, -0.5, 0.0, 0.0, 0.0, 0.0, 1.0 ], [ -0.5, -0.809017, -0.309017, 0.0, 0.809017, -0.309017, -0.5, 0.0, 0.309017, -0.5, 0.809017, 0.0, 0.0, 0.0, 0.0, 1.0 ], [ 0.309017, -0.5, 0.809017, 0.0, 0.5, 0.809017, 0.309017, 0.0, -0.809017, 0.309017, 0.5, 0.0, 0.0, 0.0, 0.0, 1.0 ], [ -0.809017, 0.309017, 0.5, 0.0, -0.309017, 0.5, -0.809017, 0.0, -0.5, -0.809017, -0.309017, 0.0, 0.0, 0.0, 0.0, 1.0 ], [ -0.5, -0.809017, 0.309017, 0.0, 0.809017, -0.309017, 0.5, 0.0, -0.309017, 0.5, 0.809017, 0.0, 0.0, 0.0, 0.0, 1.0 ], [ -0.309017, 0.5, 0.809017, 0.0, 0.5, 0.809017, -0.309017, 0.0, -0.809017, 0.309017, -0.5, 0.0, 0.0, 0.0, 0.0, 1.0 ], [ -0.809017, 0.309017, -0.5, 0.0, 0.309017, -0.5, -0.809017, 0.0, -0.5, -0.809017, 0.309017, 0.0, 0.0, 0.0, 0.0, 1.0 ], [ -0.809017, -0.309017, 0.5, 0.0, 0.309017, 0.5, 0.809017, 0.0, -0.5, 0.809017, -0.309017, 0.0, 0.0, 0.0, 0.0, 1.0 ], [ -0.5, 0.809017, -0.309017, 0.0, 0.809017, 0.309017, -0.5, 0.0, -0.309017, -0.5, -0.809017, 0.0, 0.0, 0.0, 0.0, 1.0 ], [ -0.309017, -0.5, -0.809017, 0.0, 0.5, -0.809017, 0.309017, 0.0, -0.809017, -0.309017, 0.5, 0.0, 0.0, 0.0, 0.0, 1.0 ] ],
  "lights" : {
    "ambientColor" : "#292929",
    "backgroundColor" : "#AFC8DC",
    "directionalLights" : [ {
      "direction" : [ 1.0, -1.0, -1.0 ],
      "color" : "#EBEBE4"
    }, {
      "direction" : [ -1.0, 0.0, 0.0 ],
      "color" : "#E4E4EB"
    }, {
      "direction" : [ 0.0, 0.0, -1.0 ],
      "color" : "#1E1E1E"
    } ]
  },
  "camera" : {
    "lookDirection" : {
      "x" : -0.9875081,
      "y" : -0.07413026,
      "z" : 0.13905661
    },
    "upDirection" : {
      "x" : 0.07948051,
      "y" : -0.9962787,
      "z" : 0.033321403
    },
    "lookAtPoint" : {
      "x" : 0.0,
      "y" : 0.0,
      "z" : 0.0
    },
    "viewDistance" : 172.23839,
    "nearClipDistance" : 0.43059596,
    "farClipDistance" : 344.4767,
    "fieldOfView" : 0.44262883,
    "perspective" : true,
    "stereo" : false,
    "width" : 77.50726,
    "position" : {
      "x" : 170.0868,
      "y" : 12.768076,
      "z" : -23.950886
    }
  },
  "embedding" : [ 1.0, 0.0, 0.0, 0.0, 0.0, 1.0, 0.0, 0.0, 0.0, 0.0, 1.0, 0.0, 0.0, 0.0, 0.0, 1.0 ],
  "shapes" : [ {
    "id" : "1ddbd914-257d-421c-b405-c062ca11b9cb",
    "vertices" : [ {
      "x" : 3.5978713,
      "y" : 0.0,
      "z" : -2.0326238
    }, {
      "x" : 2.650658,
      "y" : -0.809017,
      "z" : -3.0652475
    }, {
      "x" : 2.7298374,
      "y" : -1.0225425,
      "z" : -3.3051662
    }, {
      "x" : 3.927051,
      "y" : 0.0,
      "z" : -2.0
    } ],
    "faces" : [ {
      "vertices" : [ 0, 1, 2 ]
    }, {
      "vertices" : [ 0, 2, 3 ]
    }, {
      "vertices" : [ 0, 3, 2 ]
    }, {
      "vertices" : [ 0, 2, 1 ]
    } ]
  }, {
    "id" : "41a9c59e-ec7f-4bb9-809e-d6222780d7df",
    "vertices" : [ {
      "x" : -1.9798374,
      "y" : 0.5,
      "z" : -1.8944272
    }, {
      "x" : -2.8416407,
      "y" : 1.236068,
      "z" : -2.8339393
    }, {
      "x" : -2.0326238,
      "y" : 1.545085,
      "z" : -3.3339393
    }, {
      "x" : -1.1708204,
      "y" : 0.809017,
      "z" : -2.3944273
    } ],
    "faces" : [ {
      "vertices" : [ 0, 1, 2 ]
    }, {
      "vertices" : [ 0, 2, 3 ]
    }, {
      "vertices" : [ 0, 3, 2 ]
    }, {
      "vertices" : [ 0, 2, 1 ]
    } ]
  }, {
    "id" : "c6bf855d-d778-40f4-8113-e59c74f7ddf8",
    "vertices" : [ {
      "x" : -1.7562306,
      "y" : 3.427051,
      "z" : -2.3416407
    }, {
      "x" : -3.0652475,
      "y" : 2.927051,
      "z" : -1.5326238
    }, {
      "x" : -2.8944273,
      "y" : 2.690983,
      "z" : -1.8742646
    }, {
      "x" : -1.9673762,
      "y" : 3.045085,
      "z" : -2.4472136
    } ],
    "faces" : [ {
      "vertices" : [ 0, 1, 2 ]
    }, {
      "vertices" : [ 0, 2, 3 ]
    }, {
      "vertices" : [ 0, 3, 2 ]
    }, {
      "vertices" : [ 0, 2, 1 ]
    } ]
  }, {
    "id" : "0fb3b00d-b5fb-4ef5-bb1e-4cc7de358912",
    "vertices" : [ {
      "x" : -1.9798374,
      "y" : -0.809017,
      "z" : -3.7034442
    }, {
      "x" : -1.4798374,
      "y" : 0.0,
      "z" : -4.012461
    }, {
      "x" : -0.6708204,
      "y" : 0.0,
      "z" : -2.7034442
    }, {
      "x" : -1.1708204,
      "y" : -0.809017,
      "z" : -2.3944273
    } ],
    "faces" : [ {
      "vertices" : [ 0, 1, 2 ]
    }, {
      "vertices" : [ 0, 2, 3 ]
    }, {
      "vertices" : [ 0, 3, 2 ]
    }, {
      "vertices" : [ 0, 2, 1 ]
    } ]
  }, {
    "id" : "84c24ea9-52e7-48f2-8f0a-2af5ff520200",
    "vertices" : [ {
      "x" : 19.208204,
      "y" : -1.236068,
      "z" : 25.225426
    }, {
      "x" : 18.399187,
      "y" : -2.545085,
      "z" : 25.725426
    }, {
      "x" : 18.326239,
      "y" : -2.690983,
      "z" : 25.607391
    }, {
      "x" : 19.253288,
      "y" : -1.190983,
      "z" : 25.034441
    } ],
    "faces" : [ {
      "vertices" : [ 0, 1, 2 ]
    }, {
      "vertices" : [ 0, 2, 3 ]
    }, {
      "vertices" : [ 0, 3, 2 ]
    }, {
      "vertices" : [ 0, 2, 1 ]
    } ]
  }, {
    "id" : "5432ca70-dba6-4a21-a0d0-544bf44ed875",
    "vertices" : [ {
      "x" : 17.017221,
      "y" : 0.572949,
      "z" : 24.798374
    }, {
      "x" : 17.017221,
      "y" : -0.572949,
      "z" : 24.798374
    }, {
      "x" : 16.635256,
      "y" : -0.809017,
      "z" : 24.798374
    }, {
      "x" : 16.635256,
      "y" : 0.809017,
      "z" : 24.798374
    } ],
    "faces" : [ {
      "vertices" : [ 0, 1, 2 ]
    }, {
      "vertices" : [ 0, 2, 3 ]
    }, {
      "vertices" : [ 0, 3, 2 ]
    }, {
      "vertices" : [ 0, 2, 1 ]
    } ]
  }, {
    "id" : "be8d1e84-925c-469e-9cf3-41f1c6c0e36d",
    "vertices" : [ {
      "x" : 1.3454915,
      "y" : 4.177051,
      "z" : -0.4045085
    }, {
      "x" : -0.48368812,
      "y" : 4.177051,
      "z" : -1.3190984
    }, {
      "x" : -0.2763932,
      "y" : 3.927051,
      "z" : -1.2562306
    }, {
      "x" : 1.1708204,
      "y" : 3.927051,
      "z" : -0.53262377
    } ],
    "faces" : [ {
      "vertices" : [ 0, 1, 2 ]
    }, {
      "vertices" : [ 0, 2, 3 ]
    }, {
      "vertices" : [ 0, 3, 2 ]
    }, {
      "vertices" : [ 0, 2, 1 ]
    } ]
  }, {
    "id" : "082ec285-beab-4ba1-8c60-17b592bf5977",
    "vertices" : [ {
      "x" : -2.9922986,
      "y" : -1.190983,
      "z" : -2.9596748
    }, {
      "x" : -2.0652475,
      "y" : -1.545085,
      "z" : -3.5326238
    }, {
      "x" : -1.8944272,
      "y" : -1.309017,
      "z" : -3.8742645
    }, {
      "x" : -3.2034442,
      "y" : -0.809017,
      "z" : -3.0652475
    } ],
    "faces" : [ {
      "vertices" : [ 0, 1, 2 ]
    }, {
      "vertices" : [ 0, 2, 3 ]
    }, {
      "vertices" : [ 0, 3, 2 ]
    }, {
      "vertices" : [ 0, 2, 1 ]
    } ]
  }, {
    "id" : "1cf76e03-be83-4b50-9823-0a2dd4b70586",
    "vertices" : [ {
      "x" : 15.362713,
      "y" : 1.559017,
      "z" : 32.247967
    }, {
      "x" : 14.730746,
      "y" : 2.5815594,
      "z" : 30.593458
    }, {
      "x" : 14.5172205,
      "y" : 2.618034,
      "z" : 30.343458
    }, {
      "x" : 15.326238,
      "y" : 1.309017,
      "z" : 32.461494
    } ],
    "faces" : [ {
      "vertices" : [ 0, 1, 2 ]
    }, {
      "vertices" : [ 0, 2, 3 ]
    }, {
      "vertices" : [ 0, 3, 2 ]
    }, {
      "vertices" : [ 0, 2, 1 ]
    } ]
  }, {
    "id" : "9f9c5f7d-3ae1-429f-8ff2-ca19f31ba490",
    "vertices" : [ {
      "x" : 19.562305,
      "y" : 0.809017,
      "z" : 26.916409
    }, {
      "x" : 20.371323,
      "y" : 1.618034,
      "z" : 26.107391
    }, {
      "x" : 19.562305,
      "y" : 2.927051,
      "z" : 26.607391
    }, {
      "x" : 18.753288,
      "y" : 2.118034,
      "z" : 27.416409
    } ],
    "faces" : [ {
      "vertices" : [ 0, 1, 2 ]
    }, {
      "vertices" : [ 0, 2, 3 ]
    }, {
      "vertices" : [ 0, 3, 2 ]
    }, {
      "vertices" : [ 0, 2, 1 ]
    } ]
  }, {
    "id" : "d83798ac-56bb-4931-81ed-2c8c408c6866",
    "vertices" : [ {
      "x" : -0.809017,
      "y" : 4.236068,
      "z" : -1.309017
    }, {
      "x" : -0.6381966,
      "y" : 4.0,
      "z" : -1.6506578
    }, {
      "x" : 0.8618034,
      "y" : 3.427051,
      "z" : -2.5777087
    }, {
      "x" : 1.309017,
      "y" : 3.427051,
      "z" : -2.618034
    } ],
    "faces" : [ {
      "vertices" : [ 0, 1, 2 ]
    }, {
      "vertices" : [ 0, 2, 3 ]
    }, {
      "vertices" : [ 0, 3, 2 ]
    }, {
      "vertices" : [ 0, 2, 1 ]
    } ]
  }, {
    "id" : "1ba18f58-fb78-4071-9269-28b24b92ab32",
    "vertices" : [ {
      "x" : 1.0854102,
      "y" : -2.118034,
      "z" : 1.4472136
    }, {
      "x" : -0.2236068,
      "y" : -1.618034,
      "z" : 2.2562306
    }, {
      "x" : -0.14589803,
      "y" : -2.809017,
      "z" : 3.118034
    }, {
      "x" : 1.163119,
      "y" : -3.309017,
      "z" : 2.309017
    } ],
    "faces" : [ {
      "vertices" : [ 0, 1, 2 ]
    }, {
      "vertices" : [ 0, 2, 3 ]
    }, {
      "vertices" : [ 0, 3, 2 ]
    }, {
      "vertices" : [ 0, 2, 1 ]
    } ]
  }, {
    "id" : "064db05e-9619-457f-a445-edefbcf03920",
    "vertices" : [ {
      "x" : -0.572949,
      "y" : -4.236068,
      "z" : -0.927051
    }, {
      "x" : 1.0854102,
      "y" : -4.236068,
      "z" : -0.09787138
    }, {
      "x" : 1.5326238,
      "y" : -4.236068,
      "z" : -0.1381966
    }, {
      "x" : -0.809017,
      "y" : -4.236068,
      "z" : -1.309017
    } ],
    "faces" : [ {
      "vertices" : [ 0, 1, 2 ]
    }, {
      "vertices" : [ 0, 2, 3 ]
    }, {
      "vertices" : [ 0, 3, 2 ]
    }, {
      "vertices" : [ 0, 2, 1 ]
    } ]
  }, {
    "id" : "e9175b87-708f-424a-90c1-aa39cf48e013",
    "vertices" : [ {
      "x" : 2.618034,
      "y" : 3.118034,
      "z" : 1.309017
    }, {
      "x" : 2.5326238,
      "y" : 3.427051,
      "z" : 0.3618034
    }, {
      "x" : 2.7437694,
      "y" : 3.472136,
      "z" : 0.20344418
    }, {
      "x" : 2.854102,
      "y" : 3.072949,
      "z" : 1.427051
    } ],
    "faces" : [ {
      "vertices" : [ 0, 1, 2 ]
    }, {
      "vertices" : [ 0, 2, 3 ]
    }, {
      "vertices" : [ 0, 3, 2 ]
    }, {
      "vertices" : [ 0, 2, 1 ]
    } ]
  }, {
    "id" : "4cef2f92-8935-4cbd-a52a-c2eaae825bb1",
    "vertices" : [ {
      "x" : 20.017221,
      "y" : -1.545085,
      "z" : 25.725426
    }, {
      "x" : 20.18034,
      "y" : -1.545085,
      "z" : 25.607391
    }, {
      "x" : 19.253288,
      "y" : -3.045085,
      "z" : 26.18034
    }, {
      "x" : 19.208204,
      "y" : -2.854102,
      "z" : 26.225426
    } ],
    "faces" : [ {
      "vertices" : [ 0, 1, 2 ]
    }, {
      "vertices" : [ 0, 2, 3 ]
    }, {
      "vertices" : [ 0, 3, 2 ]
    }, {
      "vertices" : [ 0, 2, 1 ]
    } ]
  }, {
    "id" : "222b32c8-e21d-4fa3-9b74-f948da001d82",
    "vertices" : [ {
      "x" : -2.9922986,
      "y" : 1.190983,
      "z" : -2.9596748
    }, {
      "x" : -3.2034442,
      "y" : 0.809017,
      "z" : -3.0652475
    }, {
      "x" : -1.8944272,
      "y" : 1.309017,
      "z" : -3.8742645
    }, {
      "x" : -2.0652475,
      "y" : 1.545085,
      "z" : -3.5326238
    } ],
    "faces" : [ {
      "vertices" : [ 0, 1, 2 ]
    }, {
      "vertices" : [ 0, 2, 3 ]
    }, {
      "vertices" : [ 0, 3, 2 ]
    }, {
      "vertices" : [ 0, 2, 1 ]
    } ]
  }, {
    "id" : "a3c9ef48-8e4d-4ee0-b546-8b3753c7128d",
    "vertices" : [ {
      "x" : -3.8867257,
      "y" : 1.545085,
      "z" : 0.37426457
    }, {
      "x" : -3.0777087,
      "y" : 2.854102,
      "z" : -0.12573542
    }, {
      "x" : -3.1381967,
      "y" : 3.045085,
      "z" : -0.10557281
    }, {
      "x" : -4.0652475,
      "y" : 1.545085,
      "z" : 0.4673762
    } ],
    "faces" : [ {
      "vertices" : [ 0, 1, 2 ]
    }, {
      "vertices" : [ 0, 2, 3 ]
    }, {
      "vertices" : [ 0, 3, 2 ]
    }, {
      "vertices" : [ 0, 2, 1 ]
    } ]
  }, {
    "id" : "5e72018b-d7b7-4ff8-b4cc-6e20711afc09",
    "vertices" : [ {
      "x" : -3.0652475,
      "y" : -2.927051,
      "z" : -1.5326238
    }, {
      "x" : -4.3742647,
      "y" : -0.809017,
      "z" : -0.7236068
    }, {
      "x" : -4.163119,
      "y" : -1.190983,
      "z" : -0.618034
    }, {
      "x" : -3.236068,
      "y" : -2.690983,
      "z" : -1.190983
    } ],
    "faces" : [ {
      "vertices" : [ 0, 1, 2 ]
    }, {
      "vertices" : [ 0, 2, 3 ]
    }, {
      "vertices" : [ 0, 3, 2 ]
    }, {
      "vertices" : [ 0, 2, 1 ]
    } ]
  }, {
    "id" : "b99ec8d8-701a-49ad-b48a-380ef3ad5093",
    "vertices" : [ {
      "x" : -3.0652475,
      "y" : -2.927051,
      "z" : -1.5326238
    }, {
      "x" : -3.2034442,
      "y" : -0.809017,
      "z" : -3.0652475
    }, {
      "x" : -3.278773,
      "y" : -0.9635255,
      "z" : -2.7826238
    }, {
      "x" : -3.1708205,
      "y" : -2.618034,
      "z" : -1.5854102
    } ],
    "faces" : [ {
      "vertices" : [ 0, 1, 2 ]
    }, {
      "vertices" : [ 0, 2, 3 ]
    }, {
      "vertices" : [ 0, 3, 2 ]
    }, {
      "vertices" : [ 0, 2, 1 ]
    } ]
  }, {
    "id" : "d42d7136-e003-4548-89f1-2a657381ecce",
    "vertices" : [ {
      "x" : 16.753288,
      "y" : -4.0,
      "z" : 30.343458
    }, {
      "x" : 16.399187,
      "y" : -3.427051,
      "z" : 31.27051
    }, {
      "x" : 16.399187,
      "y" : -3.309017,
      "z" : 31.107391
    }, {
      "x" : 16.708204,
      "y" : -3.809017,
      "z" : 30.298374
    } ],
    "faces" : [ {
      "vertices" : [ 0, 1, 2 ]
    }, {
      "vertices" : [ 0, 2, 3 ]
    }, {
      "vertices" : [ 0, 3, 2 ]
    }, {
      "vertices" : [ 0, 2, 1 ]
    } ]
  }, {
    "id" : "84964905-00c3-4435-a396-2e61e631c398",
    "vertices" : [ {
      "x" : 19.253288,
      "y" : -0.809017,
      "z" : 24.798374
    }, {
      "x" : 17.944271,
      "y" : -2.927051,
      "z" : 25.607391
    }, {
      "x" : 17.944271,
      "y" : -2.618034,
      "z" : 25.489357
    }, {
      "x" : 18.966814,
      "y" : -0.9635255,
      "z" : 24.857391
    } ],
    "faces" : [ {
      "vertices" : [ 0, 1, 2 ]
    }, {
      "vertices" : [ 0, 2, 3 ]
    }, {
      "vertices" : [ 0, 3, 2 ]
    }, {
      "vertices" : [ 0, 2, 1 ]
    } ]
  }, {
    "id" : "aa407b68-9907-446e-a7c7-f511cd932402",
    "vertices" : [ {
      "x" : 16.92173,
      "y" : -0.9635255,
      "z" : 33.211494
    }, {
      "x" : 18.966814,
      "y" : -0.9635255,
      "z" : 33.211494
    }, {
      "x" : 19.253288,
      "y" : -0.809017,
      "z" : 33.27051
    }, {
      "x" : 16.635256,
      "y" : -0.809017,
      "z" : 33.27051
    } ],
    "faces" : [ {
      "vertices" : [ 0, 1, 2 ]
    }, {
      "vertices" : [ 0, 2, 3 ]
    }, {
      "vertices" : [ 0, 3, 2 ]
    }, {
      "vertices" : [ 0, 2, 1 ]
    } ]
  }, {
    "id" : "7a02a674-4b86-4ec6-81e0-c95f43df64ab",
    "vertices" : [ {
      "x" : 0.7236068,
      "y" : -0.809017,
      "z" : -2.5652475
    }, {
      "x" : -0.6708204,
      "y" : 0.0,
      "z" : -2.7034442
    }, {
      "x" : -0.53262377,
      "y" : 0.0,
      "z" : -4.0978713
    }, {
      "x" : 0.8618034,
      "y" : -0.809017,
      "z" : -3.9596748
    } ],
    "faces" : [ {
      "vertices" : [ 0, 1, 2 ]
    }, {
      "vertices" : [ 0, 2, 3 ]
    }, {
      "vertices" : [ 0, 3, 2 ]
    }, {
      "vertices" : [ 0, 2, 1 ]
    } ]
  }, {
    "id" : "2bd9c7eb-9f83-4bee-b045-a651f458246e",
    "vertices" : [ {
      "x" : -0.809017,
      "y" : 4.236068,
      "z" : -1.309017
    }, {
      "x" : 1.309017,
      "y" : 3.427051,
      "z" : -2.618034
    }, {
      "x" : 1.1708204,
      "y" : 3.545085,
      "z" : -2.3416407
    }, {
      "x" : -0.48368812,
      "y" : 4.177051,
      "z" : -1.3190984
    } ],
    "faces" : [ {
      "vertices" : [ 0, 1, 2 ]
    }, {
      "vertices" : [ 0, 2, 3 ]
    }, {
      "vertices" : [ 0, 3, 2 ]
    }, {
      "vertices" : [ 0, 2, 1 ]
    } ]
  }, {
    "id" : "a40cd324-16bb-4da9-a71f-68c0d5a4bc9d",
    "vertices" : [ {
      "x" : 1.809017,
      "y" : -2.118034,
      "z" : 0.0
    }, {
      "x" : 2.5326238,
      "y" : -3.427051,
      "z" : 0.3618034
    }, {
      "x" : 1.6708204,
      "y" : -3.927051,
      "z" : 0.2763932
    }, {
      "x" : 0.9472136,
      "y" : -2.618034,
      "z" : -0.0854102
    } ],
    "faces" : [ {
      "vertices" : [ 0, 1, 2 ]
    }, {
      "vertices" : [ 0, 2, 3 ]
    }, {
      "vertices" : [ 0, 3, 2 ]
    }, {
      "vertices" : [ 0, 2, 1 ]
    } ]
  }, {
    "id" : "7e8cf706-4ae3-4c9a-9de9-1962adb2be59",
    "vertices" : [ {
      "x" : 4.3742647,
      "y" : 0.809017,
      "z" : 0.7236068
    }, {
      "x" : 4.236068,
      "y" : 1.309017,
      "z" : -0.809017
    }, {
      "x" : 4.2437696,
      "y" : 1.045085,
      "z" : -0.7236068
    }, {
      "x" : 4.354102,
      "y" : 0.64589804,
      "z" : 0.5
    } ],
    "faces" : [ {
      "vertices" : [ 0, 1, 2 ]
    }, {
      "vertices" : [ 0, 2, 3 ]
    }, {
      "vertices" : [ 0, 3, 2 ]
    }, {
      "vertices" : [ 0, 2, 1 ]
    } ]
  }, {
    "id" : "c9d25b7c-91a7-49d2-865a-fc0744bb90de",
    "vertices" : [ {
      "x" : 22.034441,
      "y" : 0.809017,
      "z" : 29.534441
    }, {
      "x" : 22.034441,
      "y" : -0.809017,
      "z" : 29.534441
    }, {
      "x" : 20.562305,
      "y" : -0.809017,
      "z" : 29.534441
    }, {
      "x" : 20.562305,
      "y" : 0.809017,
      "z" : 29.534441
    } ],
    "faces" : [ {
      "vertices" : [ 0, 1, 2 ]
    }, {
      "vertices" : [ 0, 2, 3 ]
    }, {
      "vertices" : [ 0, 3, 2 ]
    }, {
      "vertices" : [ 0, 2, 1 ]
    } ]
  }, {
    "id" : "e94713ed-c103-4813-b4d4-0a3c3471038f",
    "vertices" : [ {
      "x" : -1.9798374,
      "y" : 0.5,
      "z" : -1.8944272
    }, {
      "x" : -1.9798374,
      "y" : -0.5,
      "z" : -1.8944272
    }, {
      "x" : -3.2965558,
      "y" : -0.5,
      "z" : -2.5527864
    }, {
      "x" : -3.2965558,
      "y" : 0.5,
      "z" : -2.5527864
    } ],
    "faces" : [ {
      "vertices" : [ 0, 1, 2 ]
    }, {
      "vertices" : [ 0, 2, 3 ]
    }, {
      "vertices" : [ 0, 3, 2 ]
    }, {
      "vertices" : [ 0, 2, 1 ]
    } ]
  }, {
    "id" : "4ca943a0-e37f-4785-9612-677af5b51a60",
    "vertices" : [ {
      "x" : -1.1708204,
      "y" : 3.927051,
      "z" : 0.53262377
    }, {
      "x" : -1.0326238,
      "y" : 3.427051,
      "z" : 2.0652475
    }, {
      "x" : -1.1708204,
      "y" : 3.545085,
      "z" : 2.3416407
    }, {
      "x" : -1.3454915,
      "y" : 4.177051,
      "z" : 0.4045085
    } ],
    "faces" : [ {
      "vertices" : [ 0, 1, 2 ]
    }, {
      "vertices" : [ 0, 2, 3 ]
    }, {
      "vertices" : [ 0, 3, 2 ]
    }, {
      "vertices" : [ 0, 2, 1 ]
    } ]
  }, {
    "id" : "9e8192ca-5774-4d50-bb4c-7046b3a3acdf",
    "vertices" : [ {
      "x" : 15.09017,
      "y" : 2.809017,
      "z" : 30.298374
    }, {
      "x" : 14.899187,
      "y" : 2.854102,
      "z" : 30.343458
    }, {
      "x" : 16.399187,
      "y" : 3.427051,
      "z" : 31.27051
    }, {
      "x" : 16.399187,
      "y" : 3.309017,
      "z" : 31.107391
    } ],
    "faces" : [ {
      "vertices" : [ 0, 1, 2 ]
    }, {
      "vertices" : [ 0, 2, 3 ]
    }, {
      "vertices" : [ 0, 3, 2 ]
    }, {
      "vertices" : [ 0, 2, 1 ]
    } ]
  }, {
    "id" : "720c5493-a801-4c0c-a0be-1aa85f953709",
    "vertices" : [ {
      "x" : 17.444271,
      "y" : -3.927051,
      "z" : 27.416409
    }, {
      "x" : 18.444271,
      "y" : -3.927051,
      "z" : 27.416409
    }, {
      "x" : 18.59017,
      "y" : -4.118034,
      "z" : 27.534441
    }, {
      "x" : 17.298374,
      "y" : -4.118034,
      "z" : 27.534441
    } ],
    "faces" : [ {
      "vertices" : [ 0, 1, 2 ]
    }, {
      "vertices" : [ 0, 2, 3 ]
    }, {
      "vertices" : [ 0, 3, 2 ]
    }, {
      "vertices" : [ 0, 2, 1 ]
    } ]
  }, {
    "id" : "ea9833df-bdd1-4a6b-ba28-457d93aaafe8",
    "vertices" : [ {
      "x" : 20.18034,
      "y" : 1.545085,
      "z" : 32.461494
    }, {
      "x" : 20.562305,
      "y" : 1.309017,
      "z" : 32.461494
    }, {
      "x" : 19.253288,
      "y" : 3.427051,
      "z" : 31.652475
    }, {
      "x" : 19.253288,
      "y" : 3.045085,
      "z" : 31.888544
    } ],
    "faces" : [ {
      "vertices" : [ 0, 1, 2 ]
    }, {
      "vertices" : [ 0, 2, 3 ]
    }, {
      "vertices" : [ 0, 3, 2 ]
    }, {
      "vertices" : [ 0, 2, 1 ]
    } ]
  }, {
    "id" : "a6ec2b21-0395-48c4-a119-9f81dc79bd8d",
    "vertices" : [ {
      "x" : 0.7562306,
      "y" : 0.0,
      "z" : 4.341641
    }, {
      "x" : 0.53262377,
      "y" : 0.0,
      "z" : 4.0978713
    }, {
      "x" : -0.8618034,
      "y" : 0.809017,
      "z" : 3.9596748
    }, {
      "x" : -1.0062306,
      "y" : 1.0225425,
      "z" : 4.16697
    } ],
    "faces" : [ {
      "vertices" : [ 0, 1, 2 ]
    }, {
      "vertices" : [ 0, 2, 3 ]
    }, {
      "vertices" : [ 0, 3, 2 ]
    }, {
      "vertices" : [ 0, 2, 1 ]
    } ]
  }, {
    "id" : "a5d4085a-c84f-4c03-97ec-0d499a093330",
    "vertices" : [ {
      "x" : 15.362713,
      "y" : 1.559017,
      "z" : 25.820917
    }, {
      "x" : 15.5172205,
      "y" : 1.618034,
      "z" : 26.107391
    }, {
      "x" : 16.326239,
      "y" : 2.927051,
      "z" : 26.607391
    }, {
      "x" : 16.385256,
      "y" : 3.2135255,
      "z" : 26.452883
    } ],
    "faces" : [ {
      "vertices" : [ 0, 1, 2 ]
    }, {
      "vertices" : [ 0, 2, 3 ]
    }, {
      "vertices" : [ 0, 3, 2 ]
    }, {
      "vertices" : [ 0, 2, 1 ]
    } ]
  }, {
    "id" : "6bb6ce02-da9c-4890-9574-184a7e664351",
    "vertices" : [ {
      "x" : -1.309017,
      "y" : 3.427051,
      "z" : -2.381966
    }, {
      "x" : 0.19098301,
      "y" : 2.854102,
      "z" : -3.309017
    }, {
      "x" : 0.14589803,
      "y" : 2.809017,
      "z" : -3.118034
    }, {
      "x" : -1.163119,
      "y" : 3.309017,
      "z" : -2.309017
    } ],
    "faces" : [ {
      "vertices" : [ 0, 1, 2 ]
    }, {
      "vertices" : [ 0, 2, 3 ]
    }, {
      "vertices" : [ 0, 3, 2 ]
    }, {
      "vertices" : [ 0, 2, 1 ]
    } ]
  }, {
    "id" : "aa78fa24-6ab9-44e9-a265-bbf98c74af0b",
    "vertices" : [ {
      "x" : 1.0854102,
      "y" : 0.0,
      "z" : 4.3742647
    }, {
      "x" : 1.3214781,
      "y" : 0.0,
      "z" : 4.2283664
    }, {
      "x" : 1.9673762,
      "y" : -1.045085,
      "z" : 3.8291795
    }, {
      "x" : 1.8944272,
      "y" : -1.309017,
      "z" : 3.8742645
    } ],
    "faces" : [ {
      "vertices" : [ 0, 1, 2 ]
    }, {
      "vertices" : [ 0, 2, 3 ]
    }, {
      "vertices" : [ 0, 3, 2 ]
    }, {
      "vertices" : [ 0, 2, 1 ]
    } ]
  }, {
    "id" : "2ce94441-2e34-412b-b8ce-cdd8e771293b",
    "vertices" : [ {
      "x" : 1.3944272,
      "y" : 2.927051,
      "z" : -2.7888544
    }, {
      "x" : 0.809017,
      "y" : 2.427051,
      "z" : -3.427051
    }, {
      "x" : 0.2236068,
      "y" : 1.618034,
      "z" : -2.2562306
    }, {
      "x" : 0.809017,
      "y" : 2.118034,
      "z" : -1.618034
    } ],
    "faces" : [ {
      "vertices" : [ 0, 1, 2 ]
    }, {
      "vertices" : [ 0, 2, 3 ]
    }, {
      "vertices" : [ 0, 3, 2 ]
    }, {
      "vertices" : [ 0, 2, 1 ]
    } ]
  }, {
    "id" : "7d11d4a8-836a-46ce-bc90-562dfce61cfe",
    "vertices" : [ {
      "x" : 19.253288,
      "y" : 3.427051,
      "z" : 31.652475
    }, {
      "x" : 17.944271,
      "y" : 2.927051,
      "z" : 32.461494
    }, {
      "x" : 18.326239,
      "y" : 2.690983,
      "z" : 32.461494
    }, {
      "x" : 19.253288,
      "y" : 3.045085,
      "z" : 31.888544
    } ],
    "faces" : [ {
      "vertices" : [ 0, 1, 2 ]
    }, {
      "vertices" : [ 0, 2, 3 ]
    }, {
      "vertices" : [ 0, 3, 2 ]
    }, {
      "vertices" : [ 0, 2, 1 ]
    } ]
  }, {
    "id" : "957cfbb5-76b6-4112-b91f-11d5d21c0433",
    "vertices" : [ {
      "x" : 18.871323,
      "y" : 0.572949,
      "z" : 33.27051
    }, {
      "x" : 18.871323,
      "y" : -0.572949,
      "z" : 33.27051
    }, {
      "x" : 19.253288,
      "y" : -0.809017,
      "z" : 33.27051
    }, {
      "x" : 19.253288,
      "y" : 0.809017,
      "z" : 33.27051
    } ],
    "faces" : [ {
      "vertices" : [ 0, 1, 2 ]
    }, {
      "vertices" : [ 0, 2, 3 ]
    }, {
      "vertices" : [ 0, 3, 2 ]
    }, {
      "vertices" : [ 0, 2, 1 ]
    } ]
  }, {
    "id" : "9b89d163-8045-408d-93d1-ad786d34d4cb",
    "vertices" : [ {
      "x" : -0.5777088,
      "y" : -3.809017,
      "z" : -1.6708204
    }, {
      "x" : -1.163119,
      "y" : -3.309017,
      "z" : -2.309017
    }, {
      "x" : -1.309017,
      "y" : -3.427051,
      "z" : -2.381966
    }, {
      "x" : -0.6381966,
      "y" : -4.0,
      "z" : -1.6506578
    } ],
    "faces" : [ {
      "vertices" : [ 0, 1, 2 ]
    }, {
      "vertices" : [ 0, 2, 3 ]
    }, {
      "vertices" : [ 0, 3, 2 ]
    }, {
      "vertices" : [ 0, 2, 1 ]
    } ]
  }, {
    "id" : "e05342be-fb34-4489-b72d-44d281cd197b",
    "vertices" : [ {
      "x" : 17.135256,
      "y" : 0.5,
      "z" : 26.416409
    }, {
      "x" : 17.135256,
      "y" : -0.5,
      "z" : 26.416409
    }, {
      "x" : 17.135256,
      "y" : -0.5,
      "z" : 24.944271
    }, {
      "x" : 17.135256,
      "y" : 0.5,
      "z" : 24.944271
    } ],
    "faces" : [ {
      "vertices" : [ 0, 1, 2 ]
    }, {
      "vertices" : [ 0, 2, 3 ]
    }, {
      "vertices" : [ 0, 3, 2 ]
    }, {
      "vertices" : [ 0, 2, 1 ]
    } ]
  }, {
    "id" : "a78ea674-7532-4bf5-9aef-42fbb4b911a4",
    "vertices" : [ {
      "x" : 17.298374,
      "y" : 4.118034,
      "z" : 27.534441
    }, {
      "x" : 17.135256,
      "y" : 4.236068,
      "z" : 27.725426
    }, {
      "x" : 18.753288,
      "y" : 4.236068,
      "z" : 27.725426
    }, {
      "x" : 18.59017,
      "y" : 4.118034,
      "z" : 27.534441
    } ],
    "faces" : [ {
      "vertices" : [ 0, 1, 2 ]
    }, {
      "vertices" : [ 0, 2, 3 ]
    }, {
      "vertices" : [ 0, 3, 2 ]
    }, {
      "vertices" : [ 0, 2, 1 ]
    } ]
  }, {
    "id" : "dcc21830-0a60-4bb5-9c6e-4523ca17c614",
    "vertices" : [ {
      "x" : 1.1708204,
      "y" : -1.309017,
      "z" : -4.1506577
    }, {
      "x" : 0.7236068,
      "y" : -1.309017,
      "z" : -4.1103325
    }, {
      "x" : 0.15065779,
      "y" : -2.236068,
      "z" : -3.7562306
    }, {
      "x" : 0.3618034,
      "y" : -2.618034,
      "z" : -3.650658
    } ],
    "faces" : [ {
      "vertices" : [ 0, 1, 2 ]
    }, {
      "vertices" : [ 0, 2, 3 ]
    }, {
      "vertices" : [ 0, 3, 2 ]
    }, {
      "vertices" : [ 0, 2, 1 ]
    } ]
  }, {
    "id" : "1f061f3c-8384-4479-bd5f-29d290845ebf",
    "vertices" : [ {
      "x" : 18.399187,
      "y" : -2.545085,
      "z" : 25.725426
    }, {
      "x" : 19.208204,
      "y" : -2.854102,
      "z" : 26.225426
    }, {
      "x" : 19.253288,
      "y" : -3.045085,
      "z" : 26.18034
    }, {
      "x" : 18.326239,
      "y" : -2.690983,
      "z" : 25.607391
    } ],
    "faces" : [ {
      "vertices" : [ 0, 1, 2 ]
    }, {
      "vertices" : [ 0, 2, 3 ]
    }, {
      "vertices" : [ 0, 3, 2 ]
    }, {
      "vertices" : [ 0, 2, 1 ]
    } ]
  }, {
    "id" : "087a5bae-e440-418e-a913-c8583442c73a",
    "vertices" : [ {
      "x" : 16.399187,
      "y" : 3.427051,
      "z" : 26.798374
    }, {
      "x" : 16.753288,
      "y" : 4.0,
      "z" : 27.725426
    }, {
      "x" : 17.135256,
      "y" : 4.236068,
      "z" : 27.725426
    }, {
      "x" : 16.635256,
      "y" : 3.427051,
      "z" : 26.416409
    } ],
    "faces" : [ {
      "vertices" : [ 0, 1, 2 ]
    }, {
      "vertices" : [ 0, 2, 3 ]
    }, {
      "vertices" : [ 0, 3, 2 ]
    }, {
      "vertices" : [ 0, 2, 1 ]
    } ]
  }, {
    "id" : "c56267a2-606d-4599-bc32-6eb971d95f55",
    "vertices" : [ {
      "x" : -3.0652475,
      "y" : -2.927051,
      "z" : -1.5326238
    }, {
      "x" : -2.927051,
      "y" : -3.427051,
      "z" : 0.0
    }, {
      "x" : -2.7437694,
      "y" : -3.472136,
      "z" : -0.20344418
    }, {
      "x" : -2.854102,
      "y" : -3.072949,
      "z" : -1.427051
    } ],
    "faces" : [ {
      "vertices" : [ 0, 1, 2 ]
    }, {
      "vertices" : [ 0, 2, 3 ]
    }, {
      "vertices" : [ 0, 3, 2 ]
    }, {
      "vertices" : [ 0, 2, 1 ]
    } ]
  }, {
    "id" : "e17a83f2-4304-46a0-a772-4096a12addb9",
    "vertices" : [ {
      "x" : 16.68034,
      "y" : 1.236068,
      "z" : 32.84346
    }, {
      "x" : 16.635256,
      "y" : 1.190983,
      "z" : 33.034443
    }, {
      "x" : 17.562305,
      "y" : 2.690983,
      "z" : 32.461494
    }, {
      "x" : 17.489357,
      "y" : 2.545085,
      "z" : 32.34346
    } ],
    "faces" : [ {
      "vertices" : [ 0, 1, 2 ]
    }, {
      "vertices" : [ 0, 2, 3 ]
    }, {
      "vertices" : [ 0, 3, 2 ]
    }, {
      "vertices" : [ 0, 2, 1 ]
    } ]
  }, {
    "id" : "c60b0df0-ad49-4033-89ab-4ac2c5d0ebcb",
    "vertices" : [ {
      "x" : -1.1708204,
      "y" : -1.309017,
      "z" : 4.1506577
    }, {
      "x" : -0.7236068,
      "y" : -1.309017,
      "z" : 4.1103325
    }, {
      "x" : -0.15065779,
      "y" : -2.236068,
      "z" : 3.7562306
    }, {
      "x" : -0.3618034,
      "y" : -2.618034,
      "z" : 3.650658
    } ],
    "faces" : [ {
      "vertices" : [ 0, 1, 2 ]
    }, {
      "vertices" : [ 0, 2, 3 ]
    }, {
      "vertices" : [ 0, 3, 2 ]
    }, {
      "vertices" : [ 0, 2, 1 ]
    } ]
  }, {
    "id" : "defb71a9-e3fb-4403-9243-9395f01ba6a1",
    "vertices" : [ {
      "x" : 1.5326238,
      "y" : 4.236068,
      "z" : -0.1381966
    }, {
      "x" : 2.927051,
      "y" : 3.427051,
      "z" : 0.0
    }, {
      "x" : 2.7437694,
      "y" : 3.472136,
      "z" : 0.20344418
    }, {
      "x" : 1.6304952,
      "y" : 4.118034,
      "z" : 0.09311163
    } ],
    "faces" : [ {
      "vertices" : [ 0, 1, 2 ]
    }, {
      "vertices" : [ 0, 2, 3 ]
    }, {
      "vertices" : [ 0, 3, 2 ]
    }, {
      "vertices" : [ 0, 2, 1 ]
    } ]
  }, {
    "id" : "b5605cbd-4696-4c85-b889-603c5d32d4e3",
    "vertices" : [ {
      "x" : 17.135256,
      "y" : 2.118034,
      "z" : 30.652475
    }, {
      "x" : 17.135256,
      "y" : 3.427051,
      "z" : 31.461493
    }, {
      "x" : 17.944271,
      "y" : 3.118034,
      "z" : 31.961493
    }, {
      "x" : 17.944271,
      "y" : 1.809017,
      "z" : 31.152475
    } ],
    "faces" : [ {
      "vertices" : [ 0, 1, 2 ]
    }, {
      "vertices" : [ 0, 2, 3 ]
    }, {
      "vertices" : [ 0, 3, 2 ]
    }, {
      "vertices" : [ 0, 2, 1 ]
    } ]
  }, {
    "id" : "7ea3deae-f019-4bde-b131-4b605041a77d",
    "vertices" : [ {
      "x" : 2.618034,
      "y" : -0.809017,
      "z" : -0.5
    }, {
      "x" : 3.7034442,
      "y" : -1.618034,
      "z" : -0.8618034
    }, {
      "x" : 2.7562306,
      "y" : -2.427051,
      "z" : -1.8944272
    }, {
      "x" : 1.6708204,
      "y" : -1.618034,
      "z" : -1.5326238
    } ],
    "faces" : [ {
      "vertices" : [ 0, 1, 2 ]
    }, {
      "vertices" : [ 0, 2, 3 ]
    }, {
      "vertices" : [ 0, 3, 2 ]
    }, {
      "vertices" : [ 0, 2, 1 ]
    } ]
  }, {
    "id" : "84144a31-4fd0-4c20-bdda-e6b61be12ddf",
    "vertices" : [ {
      "x" : -3.0652475,
      "y" : -2.927051,
      "z" : -1.5326238
    }, {
      "x" : -3.1708205,
      "y" : -2.618034,
      "z" : -1.5854102
    }, {
      "x" : -4.1933627,
      "y" : -0.9635255,
      "z" : -0.9534442
    }, {
      "x" : -4.3742647,
      "y" : -0.809017,
      "z" : -0.7236068
    } ],
    "faces" : [ {
      "vertices" : [ 0, 1, 2 ]
    }, {
      "vertices" : [ 0, 2, 3 ]
    }, {
      "vertices" : [ 0, 3, 2 ]
    }, {
      "vertices" : [ 0, 2, 1 ]
    } ]
  }, {
    "id" : "f115931b-db1a-4ee5-b770-a18de3b15c45",
    "vertices" : [ {
      "x" : 22.062305,
      "y" : -1.5,
      "z" : 29.68034
    }, {
      "x" : 21.416409,
      "y" : -2.545085,
      "z" : 30.079527
    }, {
      "x" : 21.371323,
      "y" : -2.427051,
      "z" : 29.843458
    }, {
      "x" : 21.871323,
      "y" : -1.618034,
      "z" : 29.534441
    } ],
    "faces" : [ {
      "vertices" : [ 0, 1, 2 ]
    }, {
      "vertices" : [ 0, 2, 3 ]
    }, {
      "vertices" : [ 0, 3, 2 ]
    }, {
      "vertices" : [ 0, 2, 1 ]
    } ]
  }, {
    "id" : "12e66b7a-079f-4bec-91fa-d753097a57d9",
    "vertices" : [ {
      "x" : 1.8944272,
      "y" : 1.809017,
      "z" : 0.9472136
    }, {
      "x" : 1.9798374,
      "y" : 0.5,
      "z" : 1.8944272
    }, {
      "x" : 3.150658,
      "y" : 1.0,
      "z" : 2.4798374
    }, {
      "x" : 3.0652475,
      "y" : 2.309017,
      "z" : 1.5326238
    } ],
    "faces" : [ {
      "vertices" : [ 0, 1, 2 ]
    }, {
      "vertices" : [ 0, 2, 3 ]
    }, {
      "vertices" : [ 0, 3, 2 ]
    }, {
      "vertices" : [ 0, 2, 1 ]
    } ]
  }, {
    "id" : "7cddeb31-5eb4-4adc-bdb8-7d4075f42bec",
    "vertices" : [ {
      "x" : 18.753288,
      "y" : -2.118034,
      "z" : 30.652475
    }, {
      "x" : 20.062305,
      "y" : -1.618034,
      "z" : 29.843458
    }, {
      "x" : 20.798374,
      "y" : -2.809017,
      "z" : 30.298374
    }, {
      "x" : 19.489357,
      "y" : -3.309017,
      "z" : 31.107391
    } ],
    "faces" : [ {
      "vertices" : [ 0, 1, 2 ]
    }, {
      "vertices" : [ 0, 2, 3 ]
    }, {
      "vertices" : [ 0, 3, 2 ]
    }, {
      "vertices" : [ 0, 2, 1 ]
    } ]
  }, {
    "id" : "983529fa-a2d6-4126-a9a6-b64f31061e09",
    "vertices" : [ {
      "x" : -1.809017,
      "y" : 2.118034,
      "z" : 0.0
    }, {
      "x" : -1.8944272,
      "y" : 1.809017,
      "z" : -0.9472136
    }, {
      "x" : -3.163119,
      "y" : 2.545085,
      "z" : -1.072949
    }, {
      "x" : -3.0777087,
      "y" : 2.854102,
      "z" : -0.12573542
    } ],
    "faces" : [ {
      "vertices" : [ 0, 1, 2 ]
    }, {
      "vertices" : [ 0, 2, 3 ]
    }, {
      "vertices" : [ 0, 3, 2 ]
    }, {
      "vertices" : [ 0, 2, 1 ]
    } ]
  }, {
    "id" : "51870d13-cd62-46bd-8184-364793c635c1",
    "vertices" : [ {
      "x" : 15.871323,
      "y" : 1.545085,
      "z" : 25.725426
    }, {
      "x" : 15.708204,
      "y" : 1.545085,
      "z" : 25.607391
    }, {
      "x" : 16.635256,
      "y" : 3.045085,
      "z" : 26.18034
    }, {
      "x" : 16.68034,
      "y" : 2.854102,
      "z" : 26.225426
    } ],
    "faces" : [ {
      "vertices" : [ 0, 1, 2 ]
    }, {
      "vertices" : [ 0, 2, 3 ]
    }, {
      "vertices" : [ 0, 3, 2 ]
    }, {
      "vertices" : [ 0, 2, 1 ]
    } ]
  }, {
    "id" : "d726b621-e06a-4409-a562-21b6758f6446",
    "vertices" : [ {
      "x" : 15.5172205,
      "y" : 0.809017,
      "z" : 25.607391
    }, {
      "x" : 15.399187,
