{
  "field" : "golden",
  "symmetry" : "icosahedral",
  "orientations" : [ [ 1.0, 0.0, 0.0, 0.0, 0.0, 1.0, 0.0, 0.0, 0.0, 0.0, 1.0, 0.0, 0.0, 0.0, 0.0, 1.0 ], [ 0.0, 0.0, 1.0, 0.0, 1.0, 0.0, 0.0, 0.0, 0.0, 1.0, 0.0, 0.0, 0.0, 0.0, 0.0, 1.0 ], [ 0.0, 1.0, 0.0, 0.0, 0.0, 0.0, 1.0, 0.0, 1.0, 0.0, 0.0, 0.0, 0.0, 0.0, 0.0, 1.0 ], [ 0.809017, 0.309017, 0.5, 0.0, 0.309017, 0.5, -0.809017, 0.0, -0.5, 0.809017, 0.309017, 0.0, 0.0, 0.0, 0.0, 1.0 ], [ -0.5, 0.809017, 0.309017, 0.0, 0.809017, 0.309017, 0.5, 0.0, 0.309017, 0.5, -0.809017, 0.0, 0.0, 0.0, 0.0, 1.0 ], [ 0.309017, 0.5, -0.809017, 0.0, -0.5, 0.809017, 0.309017, 0.0, 0.809017, 0.309017, 0.5, 0.0, 0.0, 0.0, 0.0, 1.0 ], [ 0.5, 0.809017, 0.309017, 0.0, 0.809017, -0.309017, -0.5, 0.0, -0.309017, 0.5, -0.809017, 0.0, 0.0, 0.0, 0.0, 1.0 ], [ -0.309017, 0.5, -0.809017, 0.0, 0.5, 0.809017, 0.309017, 0.0, 0.809017, -0.309017, -0.5, 0.0, 0.0, 0.0, 0.0, 1.0 ], [ 0.809017, -0.309017, -0.5, 0.0, -0.309017, 0.5, -0.809017, 0.0, 0.5, 0.809017, 0.309017, 0.0, 0.0, 0.0, 0.0, 1.0 ], [ 0.5, 0.809017, -0.309017, 0.0, 0.809017, -0.309017, 0.5, 0.0, 0.309017, -0.5, -0.809017, 0.0, 0.0, 0.0, 0.0, 1.0 ], [ 0.309017, -0.5, -0.809017, 0.0, 0.5, 0.809017, -0.309017, 0.0, 0.809017, -0.309017, 0.5, 0.0, 0.0, 0.0, 0.0, 1.0 ], [ 0.809017, -0.309017, 0.5, 0.0, 0.309017, -0.5, -0.809017, 0.0, 0.5, 0.809017, -0.309017, 0.0, 0.0, 0.0, 0.0, 1.0 ], [ 0.809017, 0.309017, -0.5, 0.0, 0.309017, 0.5, 0.809017, 0.0, 0.5, -0.809017, 0.309017, 0.0, 0.0, 0.0, 0.0, 1.0 ], [ 0.5, -0.809017, 0.309017, 0.0, 0.809017, 0.309017, -0.5, 0.0, 0.309017, 0.5, 0.809017, 0.0, 0.0, 0.0, 0.0, 1.0 ], [ 0.309017, 0.5, 0.809017, 0.0, 0.5, -0.809017, 0.309017, 0.0, 0.809017, 0.309017, -0.5, 0.0, 0.0, 0.0, 0.0, 1.0 ], [ 1.0, 0.0, 0.0, 0.0, 0.0, -1.0, 0.0, 0.0, 0.0, 0.0, -1.0, 0.0, 0.0, 0.0, 0.0, 1.0 ], [ 0.0, 0.0, 1.0, 0.0, -1.0, 0.0, 0.0, 0.0, 0.0, -1.0, 0.0, 0.0, 0.0, 0.0, 0.0, 1.0 ], [ 0.0, 1.0, 0.0, 0.0, 0.0, 0.0, -1.0, 0.0, -1.0, 0.0, 0.0, 0.0, 0.0, 0.0, 0.0, 1.0 ], [ 0.809017, 0.309017, 0.5, 0.0, -0.309017, -0.5, 0.809017, 0.0, 0.5, -0.809017, -0.309017, 0.0, 0.0, 0.0, 0.0, 1.0 ], [ -0.5, 0.809017, 0.309017, 0.0, -0.809017, -0.309017, -0.5, 0.0, -0.309017, -0.5, 0.809017, 0.0, 0.0, 0.0, 0.0, 1.0 ], [ 0.309017, 0.5, -0.809017, 0.0, 0.5, -0.809017, -0.309017, 0.0, -0.809017, -0.309017, -0.5, 0.0, 0.0, 0.0, 0.0, 1.0 ], [ 0.5, 0.809017, 0.309017, 0.0, -0.809017, 0.309017, 0.5, 0.0, 0.309017, -0.5, 0.809017, 0.0, 0.0, 0.0, 0.0, 1.0 ], [ -0.309017, 0.5, -0.809017, 0.0, -0.5, -0.809017, -0.309017, 0.0, -0.809017, 0.309017, 0.5, 0.0, 0.0, 0.0, 0.0, 1.0 ], [ 0.809017, -0.309017, -0.5, 0.0, 0.309017, -0.5, 0.809017, 0.0, -0.5, -0.809017, -0.309017, 0.0, 0.0, 0.0, 0.0, 1.0 ], [ 0.5, 0.809017, -0.309017, 0.0, -0.809017, 0.309017, -0.5, 0.0, -0.309017, 0.5, 0.809017, 0.0, 0.0, 0.0, 0.0, 1.0 ], [ 0.309017, -0.5, -0.809017, 0.0, -0.5, -0.809017, 0.309017, 0.0, -0.809017, 0.309017, -0.5, 0.0, 0.0, 0.0, 0.0, 1.0 ], [ 0.809017, -0.309017, 0.5, 0.0, -0.309017, 0.5, 0.809017, 0.0, -0.5, -0.809017, 0.309017, 0.0, 0.0, 0.0, 0.0, 1.0 ], [ 0.809017, 0.309017, -0.5, 0.0, -0.309017, -0.5, -0.809017, 0.0, -0.5, 0.809017, -0.309017, 0.0, 0.0, 0.0, 0.0, 1.0 ], [ 0.5, -0.809017, 0.309017, 0.0, -0.809017, -0.309017, 0.5, 0.0, -0.309017, -0.5, -0.809017, 0.0, 0.0, 0.0, 0.0, 1.0 ], [ 0.309017, 0.5, 0.809017, 0.0, -0.5, 0.809017, -0.309017, 0.0, -0.809017, -0.309017, 0.5, 0.0, 0.0, 0.0, 0.0, 1.0 ], [ -1.0, 0.0, 0.0, 0.0, 0.0, -1.0, 0.0, 0.0, 0.0, 0.0, 1.0, 0.0, 0.0, 0.0, 0.0, 1.0 ], [ 0.0, 0.0, -1.0, 0.0, -1.0, 0.0, 0.0, 0.0, 0.0, 1.0, 0.0, 0.0, 0.0, 0.0, 0.0, 1.0 ], [ 0.0, -1.0, 0.0, 0.0, 0.0, 0.0, -1.0, 0.0, 1.0, 0.0, 0.0, 0.0, 0.0, 0.0, 0.0, 1.0 ], [ -0.809017, -0.309017, -0.5, 0.0, -0.309017, -0.5, 0.809017, 0.0, -0.5, 0.809017, 0.309017, 0.0, 0.0, 0.0, 0.0, 1.0 ], [ 0.5, -0.809017, -0.309017, 0.0, -0.809017, -0.309017, -0.5, 0.0, 0.309017, 0.5, -0.809017, 0.0, 0.0, 0.0, 0.0, 1.0 ], [ -0.309017, -0.5, 0.809017, 0.0, 0.5, -0.809017, -0.309017, 0.0, 0.809017, 0.309017, 0.5, 0.0, 0.0, 0.0, 0.0, 1.0 ], [ -0.5, -0.809017, -0.309017, 0.0, -0.809017, 0.309017, 0.5, 0.0, -0.309017, 0.5, -0.809017, 0.0, 0.0, 0.0, 0.0, 1.0 ], [ 0.309017, -0.5, 0.809017, 0.0, -0.5, -0.809017, -0.309017, 0.0, 0.809017, -0.309017, -0.5, 0.0, 0.0, 0.0, 0.0, 1.0 ], [ -0.809017, 0.309017, 0.5, 0.0, 0.309017, -0.5, 0.809017, 0.0, 0.5, 0.809017, 0.309017, 0.0, 0.0, 0.0, 0.0, 1.0 ], [ -0.5, -0.809017, 0.309017, 0.0, -0.809017, 0.309017, -0.5, 0.0, 0.309017, -0.5, -0.809017, 0.0, 0.0, 0.0, 0.0, 1.0 ], [ -0.309017, 0.5, 0.809017, 0.0, -0.5, -0.809017, 0.309017, 0.0, 0.809017, -0.309017, 0.5, 0.0, 0.0, 0.0, 0.0, 1.0 ], [ -0.809017, 0.309017, -0.5, 0.0, -0.309017, 0.5, 0.809017, 0.0, 0.5, 0.809017, -0.309017, 0.0, 0.0, 0.0, 0.0, 1.0 ], [ -0.809017, -0.309017, 0.5, 0.0, -0.309017, -0.5, -0.809017, 0.0, 0.5, -0.809017, 0.309017, 0.0, 0.0, 0.0, 0.0, 1.0 ], [ -0.5, 0.809017, -0.309017, 0.0, -0.809017, -0.309017, 0.5, 0.0, 0.309017, 0.5, 0.809017, 0.0, 0.0, 0.0, 0.0, 1.0 ], [ -0.309017, -0.5, -0.809017, 0.0, -0.5, 0.809017, -0.309017, 0.0, 0.809017, 0.309017, -0.5, 0.0, 0.0, 0.0, 0.0, 1.0 ], [ -1.0, 0.0, 0.0, 0.0, 0.0, 1.0, 0.0, 0.0, 0.0, 0.0, -1.0, 0.0, 0.0, 0.0, 0.0, 1.0 ], [ 0.0, 0.0, -1.0, 0.0, 1.0, 0.0, 0.0, 0.0, 0.0, -1.0, 0.0, 0.0, 0.0, 0.0, 0.0, 1.0 ], [ 0.0, -1.0, 0.0, 0.0, 0.0, 0.0, 1.0, 0.0, -1.0, 0.0, 0.0, 0.0, 0.0, 0.0, 0.0, 1.0 ], [ -0.809017, -0.309017, -0.5, 0.0, 0.309017, 0.5, -0.809017, 0.0, 0.5, -0.809017, -0.309017, 0.0, 0.0, 0.0, 0.0, 1.0 ], [ 0.5, -0.809017, -0.309017, 0.0, 0.809017, 0.309017, 0.5, 0.0, -0.309017, -0.5, 0.809017, 0.0, 0.0, 0.0, 0.0, 1.0 ], [ -0.309017, -0.5, 0.809017, 0.0, -0.5, 0.809017, 0.309017, 0.0, -0.809017, -0.309017, -0.5, 0.0, 0.0, 0.0, 0.0, 1.0 ], [ -0.5, -0.809017, -0.309017, 0.0, 0.809017, -0.309017, -0.5, 0.0, 0.309017, -0.5, 0.809017, 0.0, 0.0, 0.0, 0.0, 1.0 ], [ 0.309017, -0.5, 0.809017, 0.0, 0.5, 0.809017, 0.309017, 0.0, -0.809017, 0.309017, 0.5, 0.0, 0.0, 0.0, 0.0, 1.0 ], [ -0.809017, 0.309017, 0.5, 0.0, -0.309017, 0.5, -0.809017, 0.0, -0.5, -0.809017, -0.309017, 0.0, 0.0, 0.0, 0.0, 1.0 ], [ -0.5, -0.809017, 0.309017, 0.0, 0.809017, -0.309017, 0.5, 0.0, -0.309017, 0.5, 0.809017, 0.0, 0.0, 0.0, 0.0, 1.0 ], [ -0.309017, 0.5, 0.809017, 0.0, 0.5, 0.809017, -0.309017, 0.0, -0.809017, 0.309017, -0.5, 0.0, 0.0, 0.0, 0.0, 1.0 ], [ -0.809017, 0.309017, -0.5, 0.0, 0.309017, -0.5, -0.809017, 0.0, -0.5, -0.809017, 0.309017, 0.0, 0.0, 0.0, 0.0, 1.0 ], [ -0.809017, -0.309017, 0.5, 0.0, 0.309017, 0.5, 0.809017, 0.0, -0.5, 0.809017, -0.309017, 0.0, 0.0, 0.0, 0.0, 1.0 ], [ -0.5, 0.809017, -0.309017, 0.0, 0.809017, 0.309017, -0.5, 0.0, -0.309017, -0.5, -0.809017, 0.0, 0.0, 0.0, 0.0, 1.0 ], [ -0.309017, -0.5, -0.809017, 0.0, 0.5, -0.809017, 0.309017, 0.0, -0.809017, -0.309017, 0.5, 0.0, 0.0, 0.0, 0.0, 1.0 ] ],
  "lights" : {
    "ambientColor" : "#292929",
    "backgroundColor" : "#AFC8DC",
    "directionalLights" : [ {
      "direction" : {
        "x" : 1.0,
        "y" : -1.0,
        "z" : -1.0
      },
      "color" : "#EBEBE4"
    }, {
      "direction" : {
        "x" : -1.0,
        "y" : 0.0,
        "z" : 0.0
      },
      "color" : "#E4E4EB"
    }, {
      "direction" : {
        "x" : 0.0,
        "y" : 0.0,
        "z" : -1.0
      },
      "color" : "#1E1E1E"
    } ]
  },
  "camera" : {
    "stereo" : false,
    "width" : 77.50728,
    "viewDistance" : 172.23839,
    "nearClipDistance" : 0.43059602,
    "farClipDistance" : 344.47653,
    "lookAtPoint" : {
      "x" : 6.981424,
      "y" : -13.962848,
      "z" : 12.217492
    },
    "fieldOfView" : 0.4426289,
    "perspective" : true,
    "lookDirection" : {
      "x" : -0.36310908,
      "y" : -0.23193024,
      "z" : -0.90241694
    },
    "upDirection" : {
      "x" : 0.68127877,
      "y" : 0.5946153,
      "z" : -0.4269521
    },
    "position" : {
      "x" : 69.52275,
      "y" : 25.984444,
      "z" : 167.64835
    }
  },
  "embedding" : [ 1.0, 0.0, 0.0, 0.0, 0.0, 1.0, 0.0, 0.0, 0.0, 0.0, 1.0, 0.0, 0.0, 0.0, 0.0, 1.0 ],
  "shapes" : [ {
    "id" : "4f8f9d26-00b9-4963-ae99-2a699654a0fb",
    "vertices" : [ {
      "x" : 4.236068,
      "y" : 0.309017,
      "z" : 0.19098301
    }, {
      "x" : 4.236068,
      "y" : 0.309017,
      "z" : -0.19098301
    }, {
      "x" : 1.0,
      "y" : 0.309017,
      "z" : -0.19098301
    }, {
      "x" : 1.0,
      "y" : 0.309017,
      "z" : 0.19098301
    }, {
      "x" : 4.236068,
      "y" : -0.309017,
      "z" : 0.19098301
    }, {
      "x" : 1.0,
      "y" : -0.309017,
      "z" : 0.19098301
    }, {
      "x" : 1.0,
      "y" : -0.309017,
      "z" : -0.19098301
    }, {
      "x" : 4.236068,
      "y" : -0.309017,
      "z" : -0.19098301
    }, {
      "x" : 5.236068,
      "y" : 0.0,
      "z" : 0.0
    } ],
    "faces" : [ {
      "vertices" : [ 1, 7, 6 ]
    }, {
      "vertices" : [ 1, 6, 2 ]
    }, {
      "vertices" : [ 0, 1, 2 ]
    }, {
      "vertices" : [ 0, 2, 3 ]
    }, {
      "vertices" : [ 4, 5, 6 ]
    }, {
      "vertices" : [ 4, 6, 7 ]
    }, {
      "vertices" : [ 0, 3, 5 ]
    }, {
      "vertices" : [ 0, 5, 4 ]
    } ]
  }, {
    "id" : "f94da351-338a-4d8a-9040-a6fb8f338890",
    "vertices" : [ {
      "x" : 0.309017,
      "y" : -0.809017,
      "z" : 0.618034
    }, {
      "x" : 0.809017,
      "y" : -0.618034,
      "z" : 0.309017
    }, {
      "x" : 0.618034,
      "y" : -0.309017,
      "z" : 0.809017
    }, {
      "x" : 1.0,
      "y" : 0.309017,
      "z" : 0.19098301
    }, {
      "x" : 0.809017,
      "y" : 0.618034,
      "z" : 0.309017
    }, {
      "x" : 0.618034,
      "y" : 0.309017,
      "z" : 0.809017
    }, {
      "x" : 0.809017,
      "y" : 0.0,
      "z" : 0.690983
    }, {
      "x" : 0.19098301,
      "y" : -1.0,
      "z" : 0.309017
    }, {
      "x" : -0.19098301,
      "y" : -1.0,
      "z" : 0.309017
    }, {
      "x" : -0.19098301,
      "y" : -1.0,
      "z" : -0.309017
    }, {
      "x" : 0.19098301,
      "y" : -1.0,
      "z" : -0.309017
    }, {
      "x" : 1.0,
      "y" : -0.309017,
      "z" : -0.19098301
    }, {
      "x" : 0.809017,
      "y" : -0.618034,
      "z" : -0.309017
    }, {
      "x" : 0.618034,
      "y" : -0.309017,
      "z" : -0.809017
    }, {
      "x" : 0.809017,
      "y" : 0.0,
      "z" : -0.690983
    }, {
      "x" : 0.0,
      "y" : 0.690983,
      "z" : -0.809017
    }, {
      "x" : 0.309017,
      "y" : 0.809017,
      "z" : -0.618034
    }, {
      "x" : 0.618034,
      "y" : 0.309017,
      "z" : -0.809017
    }, {
      "x" : 0.309017,
      "y" : 0.19098301,
      "z" : -1.0
    }, {
      "x" : 1.0,
      "y" : 0.309017,
      "z" : -0.19098301
    }, {
      "x" : -0.309017,
      "y" : -0.809017,
      "z" : 0.618034
    }, {
      "x" : 0.0,
      "y" : -0.690983,
      "z" : 0.809017
    }, {
      "x" : 0.809017,
      "y" : 0.618034,
      "z" : -0.309017
    }, {
      "x" : 0.690983,
      "y" : 0.809017,
      "z" : 0.0
    }, {
      "x" : -0.690983,
      "y" : 0.809017,
      "z" : 0.0
    }, {
      "x" : -0.809017,
      "y" : 0.618034,
      "z" : 0.309017
    }, {
      "x" : -0.309017,
      "y" : 0.809017,
      "z" : 0.618034
    }, {
      "x" : -0.19098301,
      "y" : 1.0,
      "z" : 0.309017
    }, {
      "x" : 0.309017,
      "y" : -0.19098301,
      "z" : -1.0
    }, {
      "x" : 0.19098301,
      "y" : 1.0,
      "z" : 0.309017
    }, {
      "x" : 0.309017,
      "y" : 0.809017,
      "z" : 0.618034
    }, {
      "x" : -0.809017,
      "y" : -0.618034,
      "z" : 0.309017
    }, {
      "x" : -0.690983,
      "y" : -0.809017,
      "z" : 0.0
    }, {
      "x" : 0.0,
      "y" : 0.690983,
      "z" : 0.809017
    }, {
      "x" : 0.309017,
      "y" : -0.809017,
      "z" : -0.618034
    }, {
      "x" : 0.0,
      "y" : -0.690983,
      "z" : -0.809017
    }, {
      "x" : -1.0,
      "y" : 0.309017,
      "z" : 0.19098301
    }, {
      "x" : -0.809017,
      "y" : 0.0,
      "z" : 0.690983
    }, {
      "x" : -0.618034,
      "y" : 0.309017,
      "z" : 0.809017
    }, {
      "x" : 1.0,
      "y" : -0.309017,
      "z" : 0.19098301
    }, {
      "x" : -0.309017,
      "y" : -0.809017,
      "z" : -0.618034
    }, {
      "x" : -1.0,
      "y" : 0.309017,
      "z" : -0.19098301
    }, {
      "x" : -1.0,
      "y" : -0.309017,
      "z" : -0.19098301
    }, {
      "x" : -1.0,
      "y" : -0.309017,
      "z" : 0.19098301
    }, {
      "x" : 0.19098301,
      "y" : 1.0,
      "z" : -0.309017
    }, {
      "x" : -0.809017,
      "y" : 0.618034,
      "z" : -0.309017
    }, {
      "x" : -0.19098301,
      "y" : 1.0,
      "z" : -0.309017
    }, {
      "x" : -0.309017,
      "y" : 0.809017,
      "z" : -0.618034
    }, {
      "x" : -0.618034,
      "y" : -0.309017,
      "z" : 0.809017
    }, {
      "x" : 0.309017,
      "y" : 0.19098301,
      "z" : 1.0
    }, {
      "x" : -0.309017,
      "y" : 0.19098301,
      "z" : -1.0
    }, {
      "x" : -0.309017,
      "y" : 0.19098301,
      "z" : 1.0
    }, {
      "x" : -0.309017,
      "y" : -0.19098301,
      "z" : 1.0
    }, {
      "x" : 0.309017,
      "y" : -0.19098301,
      "z" : 1.0
    }, {
      "x" : 0.690983,
      "y" : -0.809017,
      "z" : 0.0
    }, {
      "x" : -0.809017,
      "y" : 0.0,
      "z" : -0.690983
    }, {
      "x" : -0.618034,
      "y" : -0.309017,
      "z" : -0.809017
    }, {
      "x" : -0.309017,
      "y" : -0.19098301,
      "z" : -1.0
    }, {
      "x" : -0.618034,
      "y" : 0.309017,
      "z" : -0.809017
    }, {
      "x" : -0.809017,
      "y" : -0.618034,
      "z" : -0.309017
    } ],
    "faces" : [ {
      "vertices" : [ 9, 40, 35 ]
    }, {
      "vertices" : [ 9, 35, 34 ]
    }, {
      "vertices" : [ 9, 34, 10 ]
    }, {
      "vertices" : [ 0, 1, 2 ]
    }, {
      "vertices" : [ 33, 51, 49 ]
    }, {
      "vertices" : [ 25, 36, 37 ]
    }, {
      "vertices" : [ 25, 37, 38 ]
    }, {
      "vertices" : [ 41, 55, 42 ]
    }, {
      "vertices" : [ 9, 32, 59 ]
    }, {
      "vertices" : [ 9, 59, 40 ]
    }, {
      "vertices" : [ 20, 21, 52 ]
    }, {
      "vertices" : [ 20, 52, 48 ]
    }, {
      "vertices" : [ 26, 33, 30 ]
    }, {
      "vertices" : [ 26, 30, 29 ]
    }, {
      "vertices" : [ 26, 29, 27 ]
    }, {
      "vertices" : [ 3, 4, 5 ]
    }, {
      "vertices" : [ 3, 5, 6 ]
    }, {
      "vertices" : [ 27, 29, 44 ]
    }, {
      "vertices" : [ 27, 44, 46 ]
    }, {
      "vertices" : [ 50, 57, 56 ]
    }, {
      "vertices" : [ 50, 56, 55 ]
    }, {
      "vertices" : [ 50, 55, 58 ]
    }, {
      "vertices" : [ 26, 38, 51 ]
    }, {
      "vertices" : [ 26, 51, 33 ]
    }, {
      "vertices" : [ 45, 47, 58 ]
    }, {
      "vertices" : [ 18, 28, 57 ]
    }, {
      "vertices" : [ 18, 57, 50 ]
    }, {
      "vertices" : [ 40, 59, 56 ]
    }, {
      "vertices" : [ 31, 48, 37 ]
    }, {
      "vertices" : [ 31, 37, 43 ]
    }, {
      "vertices" : [ 7, 8, 9 ]
    }, {
      "vertices" : [ 7, 9, 10 ]
    }, {
      "vertices" : [ 36, 41, 42 ]
    }, {
      "vertices" : [ 36, 42, 43 ]
    }, {
      "vertices" : [ 24, 46, 47 ]
    }, {
      "vertices" : [ 24, 47, 45 ]
    }, {
      "vertices" : [ 4, 30, 5 ]
    }, {
      "vertices" : [ 15, 47, 46 ]
    }, {
      "vertices" : [ 15, 46, 44 ]
    }, {
      "vertices" : [ 15, 44, 16 ]
    }, {
      "vertices" : [ 15, 50, 58 ]
    }, {
      "vertices" : [ 15, 58, 47 ]
    }, {
      "vertices" : [ 24, 45, 41 ]
    }, {
      "vertices" : [ 24, 41, 36 ]
    }, {
      "vertices" : [ 24, 36, 25 ]
    }, {
      "vertices" : [ 11, 14, 19 ]
    }, {
      "vertices" : [ 3, 6, 39 ]
    }, {
      "vertices" : [ 1, 39, 6 ]
    }, {
      "vertices" : [ 1, 6, 2 ]
    }, {
      "vertices" : [ 8, 32, 9 ]
    }, {
      "vertices" : [ 11, 12, 13 ]
    }, {
      "vertices" : [ 11, 13, 14 ]
    }, {
      "vertices" : [ 16, 22, 17 ]
    }, {
      "vertices" : [ 0, 21, 20 ]
    }, {
      "vertices" : [ 0, 20, 8 ]
    }, {
      "vertices" : [ 0, 8, 7 ]
    }, {
      "vertices" : [ 12, 34, 13 ]
    }, {
      "vertices" : [ 35, 40, 56 ]
    }, {
      "vertices" : [ 35, 56, 57 ]
    }, {
      "vertices" : [ 0, 7, 54 ]
    }, {
      "vertices" : [ 0, 54, 1 ]
    }, {
      "vertices" : [ 15, 16, 17 ]
    }, {
      "vertices" : [ 15, 17, 18 ]
    }, {
      "vertices" : [ 3, 19, 22 ]
    }, {
      "vertices" : [ 3, 22, 23 ]
    }, {
      "vertices" : [ 3, 23, 4 ]
    }, {
      "vertices" : [ 7, 10, 54 ]
    }, {
      "vertices" : [ 41, 45, 58 ]
    }, {
      "vertices" : [ 41, 58, 55 ]
    }, {
      "vertices" : [ 3, 39, 11 ]
    }, {
      "vertices" : [ 3, 11, 19 ]
    }, {
      "vertices" : [ 14, 17, 22 ]
    }, {
      "vertices" : [ 14, 22, 19 ]
    }, {
      "vertices" : [ 0, 2, 53 ]
    }, {
      "vertices" : [ 0, 53, 21 ]
    }, {
      "vertices" : [ 49, 51, 52 ]
    }, {
      "vertices" : [ 49, 52, 53 ]
    }, {
      "vertices" : [ 31, 43, 42 ]
    }, {
      "vertices" : [ 31, 42, 59 ]
    }, {
      "vertices" : [ 31, 59, 32 ]
    }, {
      "vertices" : [ 15, 18, 50 ]
    }, {
      "vertices" : [ 42, 55, 56 ]
    }, {
      "vertices" : [ 42, 56, 59 ]
    }, {
      "vertices" : [ 4, 23, 29 ]
    }, {
      "vertices" : [ 4, 29, 30 ]
    }, {
      "vertices" : [ 25, 38, 26 ]
    }, {
      "vertices" : [ 13, 28, 18 ]
    }, {
      "vertices" : [ 13, 18, 17 ]
    }, {
      "vertices" : [ 13, 17, 14 ]
    }, {
      "vertices" : [ 8, 20, 31 ]
    }, {
      "vertices" : [ 8, 31, 32 ]
    }, {
      "vertices" : [ 23, 44, 29 ]
    }, {
      "vertices" : [ 24, 27, 46 ]
    }, {
      "vertices" : [ 37, 48, 52 ]
    }, {
      "vertices" : [ 37, 52, 51 ]
    }, {
      "vertices" : [ 37, 51, 38 ]
    }, {
      "vertices" : [ 20, 48, 31 ]
    }, {
      "vertices" : [ 24, 25, 26 ]
    }, {
      "vertices" : [ 24, 26, 27 ]
    }, {
      "vertices" : [ 16, 44, 23 ]
    }, {
      "vertices" : [ 16, 23, 22 ]
    }, {
      "vertices" : [ 13, 34, 35 ]
    }, {
      "vertices" : [ 13, 35, 28 ]
    }, {
      "vertices" : [ 10, 34, 12 ]
    }, {
      "vertices" : [ 10, 12, 54 ]
    }, {
      "vertices" : [ 2, 6, 5 ]
    }, {
      "vertices" : [ 2, 5, 49 ]
    }, {
      "vertices" : [ 2, 49, 53 ]
    }, {
      "vertices" : [ 36, 43, 37 ]
    }, {
      "vertices" : [ 5, 30, 33 ]
    }, {
      "vertices" : [ 5, 33, 49 ]
    }, {
      "vertices" : [ 1, 54, 12 ]
    }, {
      "vertices" : [ 1, 12, 11 ]
    }, {
      "vertices" : [ 1, 11, 39 ]
    }, {
      "vertices" : [ 28, 35, 57 ]
    }, {
      "vertices" : [ 21, 53, 52 ]
    } ]
  }, {
    "id" : "98af345f-c624-4388-a1d6-5b1b0f22e0e1",
    "vertices" : [ {
      "x" : 0.809017,
      "y" : 0.0,
      "z" : -0.690983
    }, {
      "x" : 1.0,
      "y" : 0.309017,
      "z" : -0.19098301
    }, {
      "x" : 1.309017,
      "y" : 0.309017,
      "z" : -0.309017
    }, {
      "x" : 1.118034,
      "y" : 0.0,
      "z" : -0.809017
    }, {
      "x" : 3.236068,
      "y" : 0.309017,
      "z" : -1.427051
    }, {
      "x" : 1.0,
      "y" : -0.309017,
      "z" : -0.19098301
    }, {
      "x" : 1.309017,
      "y" : -0.309017,
      "z" : -0.309017
    }, {
      "x" : 2.927051,
      "y" : 0.309017,
      "z" : -1.309017
    }, {
      "x" : 3.118034,
      "y" : 0.0,
      "z" : -0.809017
    }, {
      "x" : 4.236068,
      "y" : 0.0,
      "z" : -1.618034
    }, {
      "x" : 2.927051,
      "y" : -0.309017,
      "z" : -1.309017
    }, {
      "x" : 3.427051,
      "y" : 0.0,
      "z" : -0.927051
    }, {
      "x" : 3.236068,
      "y" : -0.309017,
      "z" : -1.427051
    } ],
    "faces" : [ {
      "vertices" : [ 2, 6, 8 ]
    }, {
      "vertices" : [ 4, 12, 10 ]
    }, {
      "vertices" : [ 4, 10, 7 ]
    }, {
      "vertices" : [ 2, 8, 7 ]
    }, {
      "vertices" : [ 3, 10, 6 ]
    }, {
      "vertices" : [ 3, 7, 10 ]
    }, {
      "vertices" : [ 0, 1, 2 ]
    }, {
      "vertices" : [ 0, 2, 3 ]
    }, {
      "vertices" : [ 6, 10, 8 ]
    }, {
      "vertices" : [ 8, 10, 12 ]
    }, {
      "vertices" : [ 8, 12, 11 ]
    }, {
      "vertices" : [ 2, 7, 3 ]
    }, {
      "vertices" : [ 0, 3, 6 ]
    }, {
      "vertices" : [ 0, 6, 5 ]
    }, {
      "vertices" : [ 1, 5, 6 ]
    }, {
      "vertices" : [ 1, 6, 2 ]
    }, {
      "vertices" : [ 4, 7, 8 ]
    }, {
      "vertices" : [ 4, 8, 11 ]
    } ]
  }, {
    "id" : "17e19df5-4077-4482-8246-5ab8a83af76b",
    "vertices" : [ {
      "x" : -0.53934467,
      "y" : 3.76339,
      "z" : -0.872678
    }, {
      "x" : -0.6393447,
      "y" : 3.86339,
      "z" : -0.472678
    }, {
      "x" : -0.33333334,
      "y" : 0.6,
      "z" : 0.0
    }, {
      "x" : -0.23333333,
      "y" : 0.5,
      "z" : -0.4
    }, {
      "x" : -0.93934464,
      "y" : 3.6300566,
      "z" : -0.60601133
    }, {
      "x" : -0.8393447,
      "y" : 3.5300567,
      "z" : -1.0060114
    }, {
      "x" : 0.06666667,
      "y" : 0.73333335,
      "z" : -0.26666668
    }, {
      "x" : -0.033333335,
      "y" : 0.8333333,
      "z" : 0.13333334
    } ],
    "faces" : [ {
      "vertices" : [ 2, 3, 6 ]
    }, {
      "vertices" : [ 2, 6, 7 ]
    }, {
      "vertices" : [ 0, 5, 4 ]
    }, {
      "vertices" : [ 0, 4, 1 ]
    }, {
      "vertices" : [ 2, 4, 5 ]
    }, {
      "vertices" : [ 2, 5, 3 ]
    }, {
      "vertices" : [ 0, 6, 3 ]
    }, {
      "vertices" : [ 0, 3, 5 ]
    }, {
      "vertices" : [ 0, 1, 7 ]
    }, {
      "vertices" : [ 0, 7, 6 ]
    }, {
      "vertices" : [ 1, 4, 2 ]
    }, {
      "vertices" : [ 1, 2, 7 ]
    } ]
  } ],
  "instances" : [ {
    "shape" : "4f8f9d26-00b9-4963-ae99-2a699654a0fb",
    "color" : "#007695",
    "position" : {
      "x" : 15.708204,
      "y" : -31.416409,
      "z" : 15.708204
    },
    "orientation" : 47
  }, {
    "shape" : "f94da351-338a-4d8a-9040-a6fb8f338890",
    "color" : "#FFFFFF",
    "position" : {
      "x" : 19.198915,
      "y" : -22.689629,
      "z" : 8.72678
    }
  }, {
    "shape" : "f94da351-338a-4d8a-9040-a6fb8f338890",
    "color" : "#FFFFFF",
    "position" : {
      "x" : 0.0,
      "y" : -20.944271,
      "z" : 15.708204
    }
  }, {
    "shape" : "f94da351-338a-4d8a-9040-a6fb8f338890",
    "color" : "#FFFFFF",
    "position" : {
      "x" : 20.944271,
      "y" : -15.708204,
      "z" : 10.472136
    }
  }, {
    "shape" : "4f8f9d26-00b9-4963-ae99-2a699654a0fb",
    "color" : "#007695",
    "position" : {
      "x" : 0.0,
      "y" : 0.0,
      "z" : 0.0
    },
    "orientation" : 1
  }, {
    "shape" : "4f8f9d26-00b9-4963-ae99-2a699654a0fb",
    "color" : "#007695",
    "position" : {
      "x" : 10.472136,
      "y" : -20.944271,
      "z" : 10.472136
    },
    "orientation" : 45
  }, {
    "shape" : "4f8f9d26-00b9-4963-ae99-2a699654a0fb",
    "color" : "#007695",
    "position" : {
      "x" : -5.236068,
      "y" : 0.0,
      "z" : 5.236068
    },
    "orientation" : 0
  }, {
    "shape" : "4f8f9d26-00b9-4963-ae99-2a699654a0fb",
    "color" : "#007695",
    "position" : {
      "x" : 5.236068,
      "y" : -26.18034,
      "z" : 20.944271
    },
    "orientation" : 0
  }, {
    "shape" : "f94da351-338a-4d8a-9040-a6fb8f338890",
    "color" : "#FFFFFF",
    "position" : {
      "x" : -10.472136,
      "y" : -10.472136,
      "z" : 15.708204
    }
  }, {
    "shape" : "f94da351-338a-4d8a-9040-a6fb8f338890",
    "color" : "#0033CC",
    "position" : {
      "x" : 0.0,
      "y" : -15.708204,
      "z" : 15.708204
    }
  }, {
    "shape" : "f94da351-338a-4d8a-9040-a6fb8f338890",
    "color" : "#FFFFFF",
    "position" : {
      "x" : 26.18034,
      "y" : -20.944271,
      "z" : 0.0
    }
  }, {
    "shape" : "4f8f9d26-00b9-4963-ae99-2a699654a0fb",
    "color" : "#007695",
    "position" : {
      "x" : 15.708204,
      "y" : -31.416409,
      "z" : 15.708204
    },
    "orientation" : 45
  }, {
    "shape" : "4f8f9d26-00b9-4963-ae99-2a699654a0fb",
    "color" : "#007695",
    "position" : {
      "x" : 10.472136,
      "y" : -15.708204,
      "z" : 5.236068
    },
    "orientation" : 1
  }, {
    "shape" : "f94da351-338a-4d8a-9040-a6fb8f338890",
    "color" : "#FFFFFF",
    "position" : {
      "x" : 10.472136,
      "y" : -10.472136,
      "z" : 5.236068
    }
  }, {
    "shape" : "f94da351-338a-4d8a-9040-a6fb8f338890",
    "color" : "#FFFFFF",
    "position" : {
      "x" : 20.944271,
      "y" : -10.472136,
      "z" : 5.236068
    }
  }, {
    "shape" : "4f8f9d26-00b9-4963-ae99-2a699654a0fb",
    "color" : "#007695",
    "position" : {
      "x" : 5.236068,
      "y" : -10.472136,
      "z" : 5.236068
    },
    "orientation" : 47
  }, {
    "shape" : "4f8f9d26-00b9-4963-ae99-2a699654a0fb",
    "color" : "#007695",
    "position" : {
      "x" : -10.472136,
      "y" : -5.236068,
      "z" : 15.708204
    },
    "orientation" : 16
  }, {
    "shape" : "4f8f9d26-00b9-4963-ae99-2a699654a0fb",
    "color" : "#007695",
    "position" : {
      "x" : 0.0,
      "y" : 0.0,
      "z" : 0.0
    },
    "orientation" : 0
  }, {
    "shape" : "f94da351-338a-4d8a-9040-a6fb8f338890",
    "color" : "#FFFFFF",
    "position" : {
      "x" : -15.708204,
      "y" : -10.472136,
      "z" : 20.944271
    }
  }, {
    "shape" : "4f8f9d26-00b9-4963-ae99-2a699654a0fb",
    "color" : "#007695",
    "position" : {
      "x" : -10.472136,
      "y" : -10.472136,
      "z" : 20.944271
    },
    "orientation" : 2
  }, {
    "shape" : "4f8f9d26-00b9-4963-ae99-2a699654a0fb",
    "color" : "#007695",
    "position" : {
      "x" : 0.0,
      "y" : -10.472136,
      "z" : 10.472136
    },
    "orientation" : 16
  }, {
    "shape" : "f94da351-338a-4d8a-9040-a6fb8f338890",
    "color" : "#FFFFFF",
    "position" : {
      "x" : 20.944271,
      "y" : -20.944271,
      "z" : -5.236068
    }
  }, {
    "shape" : "f94da351-338a-4d8a-9040-a6fb8f338890",
    "color" : "#0033CC",
    "position" : {
      "x" : 5.236068,
      "y" : -10.472136,
      "z" : 5.236068
    }
  }, {
    "shape" : "f94da351-338a-4d8a-9040-a6fb8f338890",
    "color" : "#FFFFFF",
    "position" : {
      "x" : 5.236068,
      "y" : -20.944271,
      "z" : 20.944271
    }
  }, {
    "shape" : "f94da351-338a-4d8a-9040-a6fb8f338890",
    "color" : "#FFFFFF",
    "position" : {
      "x" : 0.0,
      "y" : -10.472136,
      "z" : 15.708204
    }
  }, {
    "shape" : "f94da351-338a-4d8a-9040-a6fb8f338890",
    "color" : "#0033CC",
    "position" : {
      "x" : -10.472136,
      "y" : -5.236068,
      "z" : 15.708204
    }
  }, {
    "shape" : "4f8f9d26-00b9-4963-ae99-2a699654a0fb",
    "color" : "#007695",
    "position" : {
      "x" : 20.944271,
      "y" : -20.944271,
      "z" : 0.0
    },
    "orientation" : 45
  }, {
    "shape" : "98af345f-c624-4388-a1d6-5b1b0f22e0e1",
    "color" : "#F0A000",
    "position" : {
      "x" : 18.326239,
      "y" : -23.562305,
      "z" : 18.326239
    },
    "orientation" : 5
  }, {
    "shape" : "98af345f-c624-4388-a1d6-5b1b0f22e0e1",
    "color" : "#F0A000",
    "position" : {
      "x" : 18.326239,
      "y" : -13.09017,
      "z" : 7.854102
    },
    "orientation" : 3
  }, {
    "shape" : "4f8f9d26-00b9-4963-ae99-2a699654a0fb",
    "color" : "#007695",
    "position" : {
      "x" : -5.236068,
      "y" : -15.708204,
      "z" : 20.944271
    },
    "orientation" : 1
  }, {
    "shape" : "f94da351-338a-4d8a-9040-a6fb8f338890",
    "color" : "#FFFFFF",
    "position" : {
      "x" : 10.472136,
      "y" : -20.944271,
      "z" : 15.708204
    }
  }, {
    "shape" : "f94da351-338a-4d8a-9040-a6fb8f338890",
    "color" : "#FFFFFF",
    "position" : {
      "x" : 10.472136,
      "y" : -5.236068,
      "z" : 0.0
    }
  }, {
    "shape" : "f94da351-338a-4d8a-9040-a6fb8f338890",
    "color" : "#FFFFFF",
    "position" : {
      "x" : 0.0,
      "y" : -15.708204,
      "z" : 10.472136
    }
  }, {
    "shape" : "17e19df5-4077-4482-8246-5ab8a83af76b",
    "color" : "#FFFFFF",
    "position" : {
      "x" : 21.81695,
      "y" : -20.071594,
      "z" : 11.344814
    },
    "orientation" : 1
  }, {
    "shape" : "f94da351-338a-4d8a-9040-a6fb8f338890",
    "color" : "#FFFFFF",
    "position" : {
      "x" : 20.944271,
      "y" : -31.416409,
      "z" : 15.708204
    }
  }, {
    "shape" : "f94da351-338a-4d8a-9040-a6fb8f338890",
    "color" : "#CC0000",
    "position" : {
      "x" : 18.326239,
      "y" : -23.562305,
      "z" : 18.326239
    }
  }, {
    "shape" : "4f8f9d26-00b9-4963-ae99-2a699654a0fb",
    "color" : "#007695",
    "position" : {
      "x" : 10.472136,
      "y" : -31.416409,
      "z" : 20.944271
    },
    "orientation" : 1
  }, {
    "shape" : "f94da351-338a-4d8a-9040-a6fb8f338890",
    "color" : "#FFFFFF",
    "position" : {
      "x" : -5.236068,
      "y" : -20.944271,
      "z" : 20.944271
    }
  }, {
    "shape" : "f94da351-338a-4d8a-9040-a6fb8f338890",
    "color" : "#0033CC",
    "position" : {
      "x" : 10.472136,
      "y" : -15.708204,
      "z" : 5.236068
    }
  }, {
    "shape" : "4f8f9d26-00b9-4963-ae99-2a699654a0fb",
    "color" : "#007695",
    "position" : {
      "x" : -5.236068,
      "y" : 0.0,
      "z" : 5.236068
    },
    "orientation" : 16
  }, {
    "shape" : "f94da351-338a-4d8a-9040-a6fb8f338890",
    "color" : "#FFFFFF",
    "position" : {
      "x" : 5.236068,
      "y" : -10.472136,
      "z" : 0.0
    }
  }, {
    "shape" : "4f8f9d26-00b9-4963-ae99-2a699654a0fb",
    "color" : "#007695",
    "position" : {
      "x" : -10.472136,
      "y" : -10.472136,
      "z" : 20.944271
    },
    "orientation" : 16
  }, {
    "shape" : "f94da351-338a-4d8a-9040-a6fb8f338890",
    "color" : "#FFFFFF",
    "position" : {
      "x" : 0.0,
      "y" : -10.472136,
      "z" : 5.236068
    }
  }, {
    "shape" : "4f8f9d26-00b9-4963-ae99-2a699654a0fb",
    "color" : "#007695",
    "position" : {
      "x" : -10.472136,
      "y" : -10.472136,
      "z" : 20.944271
    },
    "orientation" : 0
  }, {
    "shape" : "4f8f9d26-00b9-4963-ae99-2a699654a0fb",
    "color" : "#007695",
    "position" : {
      "x" : 15.708204,
      "y" : -31.416409,
      "z" : 15.708204
    },
    "orientation" : 16
  }, {
    "shape" : "f94da351-338a-4d8a-9040-a6fb8f338890",
    "color" : "#FFFFFF",
    "position" : {
      "x" : -10.472136,
      "y" : 0.0,
      "z" : 5.236068
    }
  }, {
    "shape" : "4f8f9d26-00b9-4963-ae99-2a699654a0fb",
    "color" : "#007695",
    "position" : {
      "x" : 5.236068,
      "y" : -5.236068,
      "z" : 0.0
    },
    "orientation" : 47
  }, {
    "shape" : "4f8f9d26-00b9-4963-ae99-2a699654a0fb",
    "color" : "#007695",
    "position" : {
      "x" : 0.0,
      "y" : -10.472136,
      "z" : 10.472136
    },
    "orientation" : 45
  }, {
    "shape" : "98af345f-c624-4388-a1d6-5b1b0f22e0e1",
    "color" : "#F0A000",
    "position" : {
      "x" : 7.854102,
      "y" : -13.09017,
      "z" : 18.326239
    },
    "orientation" : 4
  }, {
    "shape" : "4f8f9d26-00b9-4963-ae99-2a699654a0fb",
    "color" : "#007695",
    "position" : {
      "x" : 5.236068,
      "y" : -5.236068,
      "z" : 0.0
    },
    "orientation" : 16
  }, {
    "shape" : "f94da351-338a-4d8a-9040-a6fb8f338890",
    "color" : "#FFFFFF",
    "position" : {
      "x" : 15.708204,
      "y" : -10.472136,
      "z" : 0.0
    }
  }, {
    "shape" : "f94da351-338a-4d8a-9040-a6fb8f338890",
    "color" : "#FFFFFF",
    "position" : {
      "x" : 10.472136,
      "y" : -5.236068,
      "z" : 10.472136
    }
  }, {
    "shape" : "f94da351-338a-4d8a-9040-a6fb8f338890",
    "color" : "#0033CC",
    "position" : {
      "x" : 15.708204,
      "y" : -26.18034,
      "z" : 10.472136
    }
  }, {
    "shape" : "f94da351-338a-4d8a-9040-a6fb8f338890",
    "color" : "#FFFFFF",
    "position" : {
      "x" : 10.472136,
      "y" : -31.416409,
      "z" : 15.708204
    }
  }, {
    "shape" : "4f8f9d26-00b9-4963-ae99-2a699654a0fb",
    "color" : "#007695",
    "position" : {
      "x" : -5.236068,
      "y" : -15.708204,
      "z" : 20.944271
    },
    "orientation" : 16
  }, {
    "shape" : "4f8f9d26-00b9-4963-ae99-2a699654a0fb",
    "color" : "#007695",
    "position" : {
      "x" : 15.708204,
      "y" : -15.708204,
      "z" : 0.0
    },
    "orientation" : 47
  }, {
    "shape" : "4f8f9d26-00b9-4963-ae99-2a699654a0fb",
    "color" : "#007695",
    "position" : {
      "x" : -10.472136,
      "y" : -5.236068,
      "z" : 15.708204
    },
    "orientation" : 47
  }, {
    "shape" : "f94da351-338a-4d8a-9040-a6fb8f338890",
    "color" : "#FFFFFF",
    "position" : {
      "x" : 5.236068,
      "y" : -26.18034,
      "z" : 15.708204
    }
  }, {
    "shape" : "4f8f9d26-00b9-4963-ae99-2a699654a0fb",
    "color" : "#007695",
    "position" : {
      "x" : 5.236068,
      "y" : -20.944271,
      "z" : 15.708204
    },
    "orientation" : 0
  }, {
    "shape" : "f94da351-338a-4d8a-9040-a6fb8f338890",
    "color" : "#FFFFFF",
    "position" : {
      "x" : 15.708204,
      "y" : -26.18034,
      "z" : 15.708204
    }
  }, {
    "shape" : "f94da351-338a-4d8a-9040-a6fb8f338890",
    "color" : "#0033CC",
    "position" : {
      "x" : 10.472136,
      "y" : -31.416409,
      "z" : 20.944271
    }
  }, {
    "shape" : "f94da351-338a-4d8a-9040-a6fb8f338890",
    "color" : "#FFFFFF",
    "position" : {
      "x" : -5.236068,
      "y" : -5.236068,
      "z" : 15.708204
    }
  }, {
    "shape" : "f94da351-338a-4d8a-9040-a6fb8f338890",
    "color" : "#FFFFFF",
    "position" : {
      "x" : 10.472136,
      "y" : -15.708204,
      "z" : 0.0
    }
  }, {
    "shape" : "4f8f9d26-00b9-4963-ae99-2a699654a0fb",
    "color" : "#007695",
    "position" : {
      "x" : 5.236068,
      "y" : -26.18034,
      "z" : 20.944271
    },
    "orientation" : 1
  }, {
    "shape" : "f94da351-338a-4d8a-9040-a6fb8f338890",
    "color" : "#FFFFFF",
    "position" : {
      "x" : 15.708204,
      "y" : -20.944271,
      "z" : 0.0
    }
  }, {
    "shape" : "4f8f9d26-00b9-4963-ae99-2a699654a0fb",
    "color" : "#007695",
    "position" : {
      "x" : 5.236068,
      "y" : -26.18034,
      "z" : 20.944271
    },
    "orientation" : 16
  }, {
    "shape" : "f94da351-338a-4d8a-9040-a6fb8f338890",
    "color" : "#FFFFFF",
    "position" : {
      "x" : -5.236068,
      "y" : -15.708204,
      "z" : 15.708204
    }
  }, {
    "shape" : "4f8f9d26-00b9-4963-ae99-2a699654a0fb",
    "color" : "#007695",
    "position" : {
      "x" : 0.0,
      "y" : -15.708204,
      "z" : 15.708204
    },
    "orientation" : 45
  }, {
    "shape" : "4f8f9d26-00b9-4963-ae99-2a699654a0fb",
    "color" : "#007695",
    "position" : {
      "x" : 15.708204,
      "y" : -26.18034,
      "z" : 10.472136
    },
    "orientation" : 47
  }, {
    "shape" : "f94da351-338a-4d8a-9040-a6fb8f338890",
    "color" : "#FFFFFF",
    "position" : {
      "x" : 10.472136,
      "y" : -20.944271,
      "z" : 5.236068
    }
  }, {
    "shape" : "f94da351-338a-4d8a-9040-a6fb8f338890",
    "color" : "#FFFFFF",
    "position" : {
      "x" : 0.0,
      "y" : 0.0,
      "z" : 5.236068
    }
  }, {
    "shape" : "4f8f9d26-00b9-4963-ae99-2a699654a0fb",
    "color" : "#007695",
    "position" : {
      "x" : 10.472136,
      "y" : -15.708204,
      "z" : 5.236068
    },
    "orientation" : 0
  }, {
    "shape" : "4f8f9d26-00b9-4963-ae99-2a699654a0fb",
    "color" : "#007695",
    "position" : {
      "x" : 5.236068,
      "y" : -5.236068,
      "z" : 0.0
    },
    "orientation" : 1
  }, {
    "shape" : "4f8f9d26-00b9-4963-ae99-2a699654a0fb",
    "color" : "#007695",
    "position" : {
      "x" : 20.944271,
      "y" : -26.18034,
      "z" : 5.236068
    },
    "orientation" : 1
  }, {
    "shape" : "f94da351-338a-4d8a-9040-a6fb8f338890",
    "color" : "#FFFFFF",
    "position" : {
      "x" : 26.18034,
      "y" : -26.18034,
      "z" : 5.236068
    }
  }, {
    "shape" : "f94da351-338a-4d8a-9040-a6fb8f338890",
    "color" : "#FFFFFF",
    "position" : {
      "x" : 20.944271,
      "y" : -26.18034,
      "z" : 20.944271
    }
  }, {
    "shape" : "4f8f9d26-00b9-4963-ae99-2a699654a0fb",
    "color" : "#007695",
    "position" : {
      "x" : 10.472136,
      "y" : -15.708204,
      "z" : 5.236068
    },
    "orientation" : 45
  }, {
    "shape" : "f94da351-338a-4d8a-9040-a6fb8f338890",
    "color" : "#FFFFFF",
    "position" : {
      "x" : 20.944271,
      "y" : -26.18034,
      "z" : 10.472136
    }
  }, {
    "shape" : "4f8f9d26-00b9-4963-ae99-2a699654a0fb",
    "color" : "#007695",
    "position" : {
      "x" : 5.236068,
      "y" : -10.472136,
      "z" : 5.236068
    },
    "orientation" : 1
  }, {
    "shape" : "4f8f9d26-00b9-4963-ae99-2a699654a0fb",
    "color" : "#007695",
    "position" : {
      "x" : 15.708204,
      "y" : -15.708204,
      "z" : 0.0
    },
    "orientation" : 16
  }, {
    "shape" : "f94da351-338a-4d8a-9040-a6fb8f338890",
    "color" : "#0033CC",
    "position" : {
      "x" : 15.708204,
      "y" : -15.708204,
      "z" : 0.0
    }
  }, {
    "shape" : "4f8f9d26-00b9-4963-ae99-2a699654a0fb",
    "color" : "#007695",
    "position" : {
      "x" : 0.0,
      "y" : -10.472136,
      "z" : 10.472136
    },
    "orientation" : 47
  }, {
    "shape" : "f94da351-338a-4d8a-9040-a6fb8f338890",
    "color" : "#FFFFFF",
    "position" : {
      "x" : -10.472136,
      "y" : -5.236068,
      "z" : 10.472136
    }
  }, {
    "shape" : "f94da351-338a-4d8a-9040-a6fb8f338890",
    "color" : "#FFFFFF",
    "position" : {
      "x" : -5.236068,
      "y" : 5.236068,
      "z" : 5.236068
    }
  }, {
    "shape" : "f94da351-338a-4d8a-9040-a6fb8f338890",
    "color" : "#FFFFFF",
    "position" : {
      "x" : 20.944271,
      "y" : -26.18034,
      "z" : 0.0
    }
  }, {
    "shape" : "4f8f9d26-00b9-4963-ae99-2a699654a0fb",
    "color" : "#007695",
    "position" : {
      "x" : 0.0,
      "y" : -15.708204,
      "z" : 15.708204
    },
    "orientation" : 0
  }, {
    "shape" : "4f8f9d26-00b9-4963-ae99-2a699654a0fb",
    "color" : "#007695",
    "position" : {
      "x" : 15.708204,
      "y" : -26.18034,
      "z" : 10.472136
    },
    "orientation" : 45
  }, {
    "shape" : "17e19df5-4077-4482-8246-5ab8a83af76b",
    "color" : "#FFFFFF",
    "position" : {
      "x" : 11.344814,
      "y" : -9.599458,
      "z" : 11.344814
    },
    "orientation" : 0
  }, {
    "shape" : "f94da351-338a-4d8a-9040-a6fb8f338890",
    "color" : "#FFFFFF",
    "position" : {
      "x" : 5.236068,
      "y" : -10.472136,
      "z" : 10.472136
    }
  }, {
    "shape" : "f94da351-338a-4d8a-9040-a6fb8f338890",
    "color" : "#FFFFFF",
    "position" : {
      "x" : 20.944271,
      "y" : -15.708204,
      "z" : 0.0
    }
  }, {
    "shape" : "f94da351-338a-4d8a-9040-a6fb8f338890",
    "color" : "#FFFFFF",
    "position" : {
      "x" : 0.0,
      "y" : 5.236068,
      "z" : 0.0
    }
  }, {
    "shape" : "4f8f9d26-00b9-4963-ae99-2a699654a0fb",
    "color" : "#007695",
    "position" : {
      "x" : -10.472136,
      "y" : -5.236068,
      "z" : 15.708204
    },
    "orientation" : 2
  }, {
    "shape" : "4f8f9d26-00b9-4963-ae99-2a699654a0fb",
    "color" : "#007695",
    "position" : {
      "x" : 10.472136,
      "y" : -20.944271,
      "z" : 10.472136
    },
    "orientation" : 1
  }, {
    "shape" : "f94da351-338a-4d8a-9040-a6fb8f338890",
    "color" : "#FFFFFF",
    "position" : {
      "x" : 10.472136,
      "y" : -26.18034,
      "z" : 20.944271
    }
  }, {
    "shape" : "4f8f9d26-00b9-4963-ae99-2a699654a0fb",
    "color" : "#007695",
    "position" : {
      "x" : 10.472136,
      "y" : -15.708204,
      "z" : 5.236068
    },
    "orientation" : 2
  }, {
    "shape" : "f94da351-338a-4d8a-9040-a6fb8f338890",
    "color" : "#FFFFFF",
    "position" : {
      "x" : 10.472136,
      "y" : -20.944271,
      "z" : 26.18034
    }
  }, {
    "shape" : "4f8f9d26-00b9-4963-ae99-2a699654a0fb",
    "color" : "#007695",
    "position" : {
      "x" : 20.944271,
      "y" : -26.18034,
      "z" : 5.236068
    },
    "orientation" : 47
  }, {
    "shape" : "4f8f9d26-00b9-4963-ae99-2a699654a0fb",
    "color" : "#007695",
    "position" : {
      "x" : 20.944271,
      "y" : -26.18034,
      "z" : 5.236068
    },
    "orientation" : 0
  }, {
