{
  "polygons" : "true",
  "field" : "golden",
  "symmetry" : "icosahedral",
  "orientations" : [ [ 1.0, 0.0, 0.0, 0.0, 0.0, 1.0, 0.0, 0.0, 0.0, 0.0, 1.0, 0.0, 0.0, 0.0, 0.0, 1.0 ], [ 0.0, 0.0, 1.0, 0.0, 1.0, 0.0, 0.0, 0.0, 0.0, 1.0, 0.0, 0.0, 0.0, 0.0, 0.0, 1.0 ], [ 0.0, 1.0, 0.0, 0.0, 0.0, 0.0, 1.0, 0.0, 1.0, 0.0, 0.0, 0.0, 0.0, 0.0, 0.0, 1.0 ], [ 0.809017, 0.309017, 0.5, 0.0, 0.309017, 0.5, -0.809017, 0.0, -0.5, 0.809017, 0.309017, 0.0, 0.0, 0.0, 0.0, 1.0 ], [ -0.5, 0.809017, 0.309017, 0.0, 0.809017, 0.309017, 0.5, 0.0, 0.309017, 0.5, -0.809017, 0.0, 0.0, 0.0, 0.0, 1.0 ], [ 0.309017, 0.5, -0.809017, 0.0, -0.5, 0.809017, 0.309017, 0.0, 0.809017, 0.309017, 0.5, 0.0, 0.0, 0.0, 0.0, 1.0 ], [ 0.5, 0.809017, 0.309017, 0.0, 0.809017, -0.309017, -0.5, 0.0, -0.309017, 0.5, -0.809017, 0.0, 0.0, 0.0, 0.0, 1.0 ], [ -0.309017, 0.5, -0.809017, 0.0, 0.5, 0.809017, 0.309017, 0.0, 0.809017, -0.309017, -0.5, 0.0, 0.0, 0.0, 0.0, 1.0 ], [ 0.809017, -0.309017, -0.5, 0.0, -0.309017, 0.5, -0.809017, 0.0, 0.5, 0.809017, 0.309017, 0.0, 0.0, 0.0, 0.0, 1.0 ], [ 0.5, 0.809017, -0.309017, 0.0, 0.809017, -0.309017, 0.5, 0.0, 0.309017, -0.5, -0.809017, 0.0, 0.0, 0.0, 0.0, 1.0 ], [ 0.309017, -0.5, -0.809017, 0.0, 0.5, 0.809017, -0.309017, 0.0, 0.809017, -0.309017, 0.5, 0.0, 0.0, 0.0, 0.0, 1.0 ], [ 0.809017, -0.309017, 0.5, 0.0, 0.309017, -0.5, -0.809017, 0.0, 0.5, 0.809017, -0.309017, 0.0, 0.0, 0.0, 0.0, 1.0 ], [ 0.809017, 0.309017, -0.5, 0.0, 0.309017, 0.5, 0.809017, 0.0, 0.5, -0.809017, 0.309017, 0.0, 0.0, 0.0, 0.0, 1.0 ], [ 0.5, -0.809017, 0.309017, 0.0, 0.809017, 0.309017, -0.5, 0.0, 0.309017, 0.5, 0.809017, 0.0, 0.0, 0.0, 0.0, 1.0 ], [ 0.309017, 0.5, 0.809017, 0.0, 0.5, -0.809017, 0.309017, 0.0, 0.809017, 0.309017, -0.5, 0.0, 0.0, 0.0, 0.0, 1.0 ], [ 1.0, 0.0, 0.0, 0.0, 0.0, -1.0, 0.0, 0.0, 0.0, 0.0, -1.0, 0.0, 0.0, 0.0, 0.0, 1.0 ], [ 0.0, 0.0, 1.0, 0.0, -1.0, 0.0, 0.0, 0.0, 0.0, -1.0, 0.0, 0.0, 0.0, 0.0, 0.0, 1.0 ], [ 0.0, 1.0, 0.0, 0.0, 0.0, 0.0, -1.0, 0.0, -1.0, 0.0, 0.0, 0.0, 0.0, 0.0, 0.0, 1.0 ], [ 0.809017, 0.309017, 0.5, 0.0, -0.309017, -0.5, 0.809017, 0.0, 0.5, -0.809017, -0.309017, 0.0, 0.0, 0.0, 0.0, 1.0 ], [ -0.5, 0.809017, 0.309017, 0.0, -0.809017, -0.309017, -0.5, 0.0, -0.309017, -0.5, 0.809017, 0.0, 0.0, 0.0, 0.0, 1.0 ], [ 0.309017, 0.5, -0.809017, 0.0, 0.5, -0.809017, -0.309017, 0.0, -0.809017, -0.309017, -0.5, 0.0, 0.0, 0.0, 0.0, 1.0 ], [ 0.5, 0.809017, 0.309017, 0.0, -0.809017, 0.309017, 0.5, 0.0, 0.309017, -0.5, 0.809017, 0.0, 0.0, 0.0, 0.0, 1.0 ], [ -0.309017, 0.5, -0.809017, 0.0, -0.5, -0.809017, -0.309017, 0.0, -0.809017, 0.309017, 0.5, 0.0, 0.0, 0.0, 0.0, 1.0 ], [ 0.809017, -0.309017, -0.5, 0.0, 0.309017, -0.5, 0.809017, 0.0, -0.5, -0.809017, -0.309017, 0.0, 0.0, 0.0, 0.0, 1.0 ], [ 0.5, 0.809017, -0.309017, 0.0, -0.809017, 0.309017, -0.5, 0.0, -0.309017, 0.5, 0.809017, 0.0, 0.0, 0.0, 0.0, 1.0 ], [ 0.309017, -0.5, -0.809017, 0.0, -0.5, -0.809017, 0.309017, 0.0, -0.809017, 0.309017, -0.5, 0.0, 0.0, 0.0, 0.0, 1.0 ], [ 0.809017, -0.309017, 0.5, 0.0, -0.309017, 0.5, 0.809017, 0.0, -0.5, -0.809017, 0.309017, 0.0, 0.0, 0.0, 0.0, 1.0 ], [ 0.809017, 0.309017, -0.5, 0.0, -0.309017, -0.5, -0.809017, 0.0, -0.5, 0.809017, -0.309017, 0.0, 0.0, 0.0, 0.0, 1.0 ], [ 0.5, -0.809017, 0.309017, 0.0, -0.809017, -0.309017, 0.5, 0.0, -0.309017, -0.5, -0.809017, 0.0, 0.0, 0.0, 0.0, 1.0 ], [ 0.309017, 0.5, 0.809017, 0.0, -0.5, 0.809017, -0.309017, 0.0, -0.809017, -0.309017, 0.5, 0.0, 0.0, 0.0, 0.0, 1.0 ], [ -1.0, 0.0, 0.0, 0.0, 0.0, -1.0, 0.0, 0.0, 0.0, 0.0, 1.0, 0.0, 0.0, 0.0, 0.0, 1.0 ], [ 0.0, 0.0, -1.0, 0.0, -1.0, 0.0, 0.0, 0.0, 0.0, 1.0, 0.0, 0.0, 0.0, 0.0, 0.0, 1.0 ], [ 0.0, -1.0, 0.0, 0.0, 0.0, 0.0, -1.0, 0.0, 1.0, 0.0, 0.0, 0.0, 0.0, 0.0, 0.0, 1.0 ], [ -0.809017, -0.309017, -0.5, 0.0, -0.309017, -0.5, 0.809017, 0.0, -0.5, 0.809017, 0.309017, 0.0, 0.0, 0.0, 0.0, 1.0 ], [ 0.5, -0.809017, -0.309017, 0.0, -0.809017, -0.309017, -0.5, 0.0, 0.309017, 0.5, -0.809017, 0.0, 0.0, 0.0, 0.0, 1.0 ], [ -0.309017, -0.5, 0.809017, 0.0, 0.5, -0.809017, -0.309017, 0.0, 0.809017, 0.309017, 0.5, 0.0, 0.0, 0.0, 0.0, 1.0 ], [ -0.5, -0.809017, -0.309017, 0.0, -0.809017, 0.309017, 0.5, 0.0, -0.309017, 0.5, -0.809017, 0.0, 0.0, 0.0, 0.0, 1.0 ], [ 0.309017, -0.5, 0.809017, 0.0, -0.5, -0.809017, -0.309017, 0.0, 0.809017, -0.309017, -0.5, 0.0, 0.0, 0.0, 0.0, 1.0 ], [ -0.809017, 0.309017, 0.5, 0.0, 0.309017, -0.5, 0.809017, 0.0, 0.5, 0.809017, 0.309017, 0.0, 0.0, 0.0, 0.0, 1.0 ], [ -0.5, -0.809017, 0.309017, 0.0, -0.809017, 0.309017, -0.5, 0.0, 0.309017, -0.5, -0.809017, 0.0, 0.0, 0.0, 0.0, 1.0 ], [ -0.309017, 0.5, 0.809017, 0.0, -0.5, -0.809017, 0.309017, 0.0, 0.809017, -0.309017, 0.5, 0.0, 0.0, 0.0, 0.0, 1.0 ], [ -0.809017, 0.309017, -0.5, 0.0, -0.309017, 0.5, 0.809017, 0.0, 0.5, 0.809017, -0.309017, 0.0, 0.0, 0.0, 0.0, 1.0 ], [ -0.809017, -0.309017, 0.5, 0.0, -0.309017, -0.5, -0.809017, 0.0, 0.5, -0.809017, 0.309017, 0.0, 0.0, 0.0, 0.0, 1.0 ], [ -0.5, 0.809017, -0.309017, 0.0, -0.809017, -0.309017, 0.5, 0.0, 0.309017, 0.5, 0.809017, 0.0, 0.0, 0.0, 0.0, 1.0 ], [ -0.309017, -0.5, -0.809017, 0.0, -0.5, 0.809017, -0.309017, 0.0, 0.809017, 0.309017, -0.5, 0.0, 0.0, 0.0, 0.0, 1.0 ], [ -1.0, 0.0, 0.0, 0.0, 0.0, 1.0, 0.0, 0.0, 0.0, 0.0, -1.0, 0.0, 0.0, 0.0, 0.0, 1.0 ], [ 0.0, 0.0, -1.0, 0.0, 1.0, 0.0, 0.0, 0.0, 0.0, -1.0, 0.0, 0.0, 0.0, 0.0, 0.0, 1.0 ], [ 0.0, -1.0, 0.0, 0.0, 0.0, 0.0, 1.0, 0.0, -1.0, 0.0, 0.0, 0.0, 0.0, 0.0, 0.0, 1.0 ], [ -0.809017, -0.309017, -0.5, 0.0, 0.309017, 0.5, -0.809017, 0.0, 0.5, -0.809017, -0.309017, 0.0, 0.0, 0.0, 0.0, 1.0 ], [ 0.5, -0.809017, -0.309017, 0.0, 0.809017, 0.309017, 0.5, 0.0, -0.309017, -0.5, 0.809017, 0.0, 0.0, 0.0, 0.0, 1.0 ], [ -0.309017, -0.5, 0.809017, 0.0, -0.5, 0.809017, 0.309017, 0.0, -0.809017, -0.309017, -0.5, 0.0, 0.0, 0.0, 0.0, 1.0 ], [ -0.5, -0.809017, -0.309017, 0.0, 0.809017, -0.309017, -0.5, 0.0, 0.309017, -0.5, 0.809017, 0.0, 0.0, 0.0, 0.0, 1.0 ], [ 0.309017, -0.5, 0.809017, 0.0, 0.5, 0.809017, 0.309017, 0.0, -0.809017, 0.309017, 0.5, 0.0, 0.0, 0.0, 0.0, 1.0 ], [ -0.809017, 0.309017, 0.5, 0.0, -0.309017, 0.5, -0.809017, 0.0, -0.5, -0.809017, -0.309017, 0.0, 0.0, 0.0, 0.0, 1.0 ], [ -0.5, -0.809017, 0.309017, 0.0, 0.809017, -0.309017, 0.5, 0.0, -0.309017, 0.5, 0.809017, 0.0, 0.0, 0.0, 0.0, 1.0 ], [ -0.309017, 0.5, 0.809017, 0.0, 0.5, 0.809017, -0.309017, 0.0, -0.809017, 0.309017, -0.5, 0.0, 0.0, 0.0, 0.0, 1.0 ], [ -0.809017, 0.309017, -0.5, 0.0, 0.309017, -0.5, -0.809017, 0.0, -0.5, -0.809017, 0.309017, 0.0, 0.0, 0.0, 0.0, 1.0 ], [ -0.809017, -0.309017, 0.5, 0.0, 0.309017, 0.5, 0.809017, 0.0, -0.5, 0.809017, -0.309017, 0.0, 0.0, 0.0, 0.0, 1.0 ], [ -0.5, 0.809017, -0.309017, 0.0, 0.809017, 0.309017, -0.5, 0.0, -0.309017, -0.5, -0.809017, 0.0, 0.0, 0.0, 0.0, 1.0 ], [ -0.309017, -0.5, -0.809017, 0.0, 0.5, -0.809017, 0.309017, 0.0, -0.809017, -0.309017, 0.5, 0.0, 0.0, 0.0, 0.0, 1.0 ] ],
  "lights" : {
    "directionalLights" : [ {
      "direction" : [ 1.0, -1.0, -1.0 ],
      "color" : "#EBEBE4"
    }, {
      "direction" : [ -1.0, 0.0, 0.0 ],
      "color" : "#E4E4EB"
    }, {
      "direction" : [ 0.0, 0.0, -1.0 ],
      "color" : "#1E1E1E"
    } ],
    "ambientColor" : "#292929",
    "backgroundColor" : "#AFC8DC"
  },
  "camera" : {
    "position" : {
      "x" : 48.823868,
      "y" : -20.943277,
      "z" : 29.45264
    },
    "viewDistance" : 60.878464,
    "nearClipDistance" : 0.15219617,
    "farClipDistance" : 121.75667,
    "lookAtPoint" : {
      "x" : 2.472136,
      "y" : 0.0,
      "z" : -4.0
    },
    "fieldOfView" : 0.44262826,
    "perspective" : true,
    "lookDirection" : {
      "x" : -0.7613814,
      "y" : 0.34401783,
      "z" : -0.54949874
    },
    "upDirection" : {
      "x" : -0.5517362,
      "y" : 0.101225056,
      "z" : 0.82786185
    },
    "stereo" : false,
    "width" : 27.39527
  },
  "embedding" : [ 1.0, 0.0, 0.0, 0.0, 0.0, 1.0, 0.0, 0.0, 0.0, 0.0, 1.0, 0.0, 0.0, 0.0, 0.0, 1.0 ],
  "shapes" : [ {
    "id" : "ec2e02ca-6823-4aec-88c7-9be3b174d7e4",
    "vertices" : [ {
      "x" : 0.0,
      "y" : 0.0,
      "z" : 0.0
    }, {
      "x" : -1.5940039,
      "y" : -0.10477178,
      "z" : 2.5144
    }, {
      "x" : -4.0661397,
      "y" : -1.0490437,
      "z" : 0.98653585
    }, {
      "x" : -2.5769076,
      "y" : -0.9842912,
      "z" : -1.5926166
    } ],
    "faces" : [ {
      "vertices" : [ 0, 1, 2, 3 ]
    }, {
      "vertices" : [ 0, 3, 2, 1 ]
    } ]
  }, {
    "id" : "9670101d-8153-48d2-80dc-0b6c702fe9d6",
    "vertices" : [ {
      "x" : 0.0,
      "y" : 0.0,
      "z" : 0.0
    }, {
      "x" : -0.9442719,
      "y" : 6.472136,
      "z" : -2.472136
    }, {
      "x" : 0.5835921,
      "y" : 4.0,
      "z" : 1.5278641
    } ],
    "faces" : [ {
      "vertices" : [ 0, 1, 2 ]
    }, {
      "vertices" : [ 0, 2, 1 ]
    } ]
  }, {
    "id" : "41365ead-27a2-4da1-a214-42adeef8f66d",
    "vertices" : [ {
      "x" : 0.0,
      "y" : 0.0,
      "z" : 0.0
    }, {
      "x" : 1.5278641,
      "y" : 0.5835921,
      "z" : 4.0
    }, {
      "x" : 0.0,
      "y" : -4.944272,
      "z" : 0.0
    } ],
    "faces" : [ {
      "vertices" : [ 0, 1, 2 ]
    }, {
      "vertices" : [ 0, 2, 1 ]
    } ]
  }, {
    "id" : "ccbc8a64-c7c5-48d0-a68c-d6982772e7fc",
    "vertices" : [ {
      "x" : 0.0,
      "y" : 0.0,
      "z" : 0.0
    }, {
      "x" : 2.729336,
      "y" : 3.5357814,
      "z" : 1.6868224
    }, {
      "x" : 2.0129604,
      "y" : 1.0439935,
      "z" : 3.500463
    } ],
    "faces" : [ {
      "vertices" : [ 0, 1, 2 ]
    }, {
      "vertices" : [ 0, 2, 1 ]
    } ]
  }, {
    "id" : "36806ffd-7e3a-4581-807c-132b6fa374df",
    "vertices" : [ {
      "x" : 0.0,
      "y" : 0.0,
      "z" : 0.0
    }, {
      "x" : -1.5926166,
      "y" : 2.526073,
      "z" : 4.169524
    }, {
      "x" : 3.017096,
      "y" : -0.65916026,
      "z" : 1.864668
    } ],
    "faces" : [ {
      "vertices" : [ 0, 1, 2 ]
    }, {
      "vertices" : [ 0, 2, 1 ]
    } ]
  }, {
    "id" : "d1326aca-8209-476b-ad0f-e6a50773c0d2",
    "vertices" : [ {
      "x" : 0.0,
      "y" : 0.0,
      "z" : 0.0
    }, {
      "x" : -0.13714804,
      "y" : -0.27429608,
      "z" : 0.13714804
    }, {
      "x" : 0.3349879,
      "y" : -1.5792477,
      "z" : 0.9699638
    }, {
      "x" : 0.4921456,
      "y" : -1.3602569,
      "z" : 0.8681114
    } ],
    "faces" : [ {
      "vertices" : [ 0, 1, 2, 3 ]
    }, {
      "vertices" : [ 0, 3, 2, 1 ]
    } ]
  }, {
    "id" : "21d8bf6a-4f50-427c-babe-d462eacc39e7",
    "vertices" : [ {
      "x" : 0.0,
      "y" : 0.0,
      "z" : 0.0
    }, {
      "x" : -0.5502355,
      "y" : -1.1944624,
      "z" : -1.4405352
    }, {
      "x" : -1.5926166,
      "y" : 2.5769076,
      "z" : -4.169524
    } ],
    "faces" : [ {
      "vertices" : [ 0, 1, 2 ]
    }, {
      "vertices" : [ 0, 2, 1 ]
    } ]
  }, {
    "id" : "1956dc9b-0f61-4fff-a006-65334268b833",
    "vertices" : [ {
      "x" : 0.0,
      "y" : 0.0,
      "z" : 0.0
    }, {
      "x" : 0.124611795,
      "y" : 2.9229858,
      "z" : 0.32623792
    }, {
      "x" : 0.5065778,
      "y" : 4.3049517,
      "z" : 1.3262379
    }, {
      "x" : 1.5278641,
      "y" : 5.527864,
      "z" : 4.0
    } ],
    "faces" : [ {
      "vertices" : [ 0, 1, 2, 3 ]
    }, {
      "vertices" : [ 0, 3, 2, 1 ]
    } ]
  }, {
    "id" : "e60e37a8-5511-4add-802d-55867a451cc7",
    "vertices" : [ {
      "x" : 0.0,
      "y" : 0.0,
      "z" : 0.0
    }, {
      "x" : -0.15715767,
      "y" : -0.21899083,
      "z" : 0.10185242
    }, {
      "x" : 1.3707063,
      "y" : -0.21899083,
      "z" : -1.4260117
    }, {
      "x" : 1.5926166,
      "y" : 0.0,
      "z" : -1.5926166
    } ],
    "faces" : [ {
      "vertices" : [ 0, 1, 2, 3 ]
    }, {
      "vertices" : [ 0, 3, 2, 1 ]
    } ]
  }, {
    "id" : "0e5aa37d-b3f5-4d72-8311-c7f77f22b1f3",
    "vertices" : [ {
      "x" : 0.0,
      "y" : 0.0,
      "z" : 0.0
    }, {
      "x" : 1.686608,
      "y" : 0.6442269,
      "z" : 4.415597
    }, {
      "x" : 1.8608778,
      "y" : -0.970578,
      "z" : 4.871841
    }, {
      "x" : 1.0645695,
      "y" : -1.2747407,
      "z" : 2.787079
    } ],
    "faces" : [ {
      "vertices" : [ 0, 1, 2, 3 ]
    }, {
      "vertices" : [ 0, 3, 2, 1 ]
    } ]
  }, {
    "id" : "edc28af0-f326-4a9e-9e78-cd3295379642",
    "vertices" : [ {
      "x" : 0.0,
      "y" : 0.0,
      "z" : 0.0
    }, {
      "x" : -2.5769076,
      "y" : -0.9842912,
      "z" : -6.746432
    }, {
      "x" : -1.0,
      "y" : 1.618034,
      "z" : -2.618034
    } ],
    "faces" : [ {
      "vertices" : [ 0, 1, 2 ]
    }, {
      "vertices" : [ 0, 2, 1 ]
    } ]
  }, {
    "id" : "4c76f02d-60ae-4b22-b740-f4ba421134b1",
    "vertices" : [ {
      "x" : 0.0,
      "y" : 0.0,
      "z" : 0.0
    }, {
      "x" : 0.23606798,
      "y" : -0.38196602,
      "z" : 0.618034
    }, {
      "x" : 0.23606798,
      "y" : -0.38196602,
      "z" : -2.618034
    }, {
      "x" : 0.0,
      "y" : 0.0,
      "z" : -2.0
    } ],
    "faces" : [ {
      "vertices" : [ 0, 1, 2, 3 ]
    }, {
      "vertices" : [ 0, 3, 2, 1 ]
    } ]
  }, {
    "id" : "c105937b-6692-41d9-9963-b0bdb8222513",
    "vertices" : [ {
      "x" : 0.0,
      "y" : 0.0,
      "z" : 0.0
    }, {
      "x" : 0.0,
      "y" : 0.0,
      "z" : 0.76393205
    }, {
      "x" : 1.3048563,
      "y" : -2.111302,
      "z" : -1.854102
    }, {
      "x" : 2.2891476,
      "y" : -3.7039185,
      "z" : -4.43101
    }, {
      "x" : 1.6711135,
      "y" : -2.7039185,
      "z" : -3.5769076
    } ],
    "faces" : [ {
      "vertices" : [ 0, 1, 2, 3, 4 ]
    }, {
      "vertices" : [ 0, 4, 3, 2, 1 ]
    } ]
  }, {
    "id" : "79f52675-0f86-49d6-95f9-c42584491f7d",
    "vertices" : [ {
      "x" : 0.0,
      "y" : 0.0,
      "z" : 0.0
    }, {
      "x" : 1.618034,
      "y" : -0.618034,
      "z" : 4.236068
    }, {
      "x" : 1.5278641,
      "y" : -2.472136,
      "z" : 4.0
    } ],
    "faces" : [ {
      "vertices" : [ 0, 1, 2 ]
    }, {
      "vertices" : [ 0, 2, 1 ]
    } ]
  }, {
    "id" : "2e7d1b0a-a4bd-4187-b957-bb19c5a245ea",
    "vertices" : [ {
      "x" : 0.0,
      "y" : 0.0,
      "z" : 0.0
    }, {
      "x" : -0.2219102,
      "y" : -0.16660494,
      "z" : 0.11421905
    }, {
      "x" : 1.0141578,
      "y" : -2.5698571,
      "z" : 1.2814033
    }, {
      "x" : 1.2884538,
      "y" : -2.5051048,
      "z" : 1.2166508
    } ],
    "faces" : [ {
      "vertices" : [ 0, 1, 2, 3 ]
    }, {
      "vertices" : [ 0, 3, 2, 1 ]
    } ]
  }, {
    "id" : "4d350ed7-74ac-4d85-8ab8-0a2ec4cb85c1",
    "vertices" : [ {
      "x" : 0.0,
      "y" : 0.0,
      "z" : 0.0
    }, {
      "x" : 1.7163754,
      "y" : 0.873754,
      "z" : -1.1956067
    }, {
      "x" : -2.0129604,
      "y" : -1.0439935,
      "z" : -3.500463
    } ],
    "faces" : [ {
      "vertices" : [ 0, 1, 2 ]
    }, {
      "vertices" : [ 0, 2, 1 ]
    } ]
  }, {
    "id" : "c3f7fc2c-5d60-4ce0-a915-e8399f19f838",
    "vertices" : [ {
      "x" : 0.0,
      "y" : 0.0,
      "z" : 0.0
    }, {
      "x" : 0.47213596,
      "y" : 1.7082039,
      "z" : 1.236068
    }, {
      "x" : 0.8672576,
      "y" : 0.52786404,
      "z" : 2.2705097
    }, {
      "x" : -0.13274242,
      "y" : -3.09017,
      "z" : -0.34752417
    } ],
    "faces" : [ {
      "vertices" : [ 0, 1, 2, 3 ]
    }, {
      "vertices" : [ 0, 3, 2, 1 ]
    } ]
  }, {
    "id" : "5608e1bc-20c2-4272-bbb1-8c310981b685",
    "vertices" : [ {
      "x" : 0.0,
      "y" : 0.0,
      "z" : 0.0
    }, {
      "x" : -0.23606798,
      "y" : 0.38196602,
      "z" : 0.618034
    }, {
      "x" : 1.381966,
      "y" : -2.236068,
      "z" : -0.38196602
    }, {
      "x" : 1.0,
      "y" : -1.618034,
      "z" : -0.618034
    } ],
    "faces" : [ {
      "vertices" : [ 0, 1, 2, 3 ]
    }, {
      "vertices" : [ 0, 3, 2, 1 ]
    } ]
  }, {
    "id" : "f86ba9e6-824a-4b00-b90b-bd4016e37c33",
    "vertices" : [ {
      "x" : 0.0,
      "y" : 0.0,
      "z" : 0.0
    }, {
      "x" : -0.9655582,
      "y" : -1.1590537,
      "z" : -2.527864
    }, {
      "x" : -1.5835922,
      "y" : -0.9229857,
      "z" : -4.145898
    }, {
      "x" : -2.472136,
      "y" : 0.9442719,
      "z" : -6.472136
    } ],
    "faces" : [ {
      "vertices" : [ 0, 1, 2, 3 ]
    }, {
      "vertices" : [ 0, 3, 2, 1 ]
    } ]
  }, {
    "id" : "a1bbefb9-9891-40cb-a4a8-5f125fb293ed",
    "vertices" : [ {
      "x" : 0.0,
      "y" : 0.0,
      "z" : 0.0
    }, {
      "x" : -0.6442269,
      "y" : -4.415597,
      "z" : -1.686608
    }, {
      "x" : -1.230364,
      "y" : -4.031156,
      "z" : -3.2211347
    }, {
      "x" : -0.9262013,
      "y" : -1.946394,
      "z" : -2.4248264
    } ],
    "faces" : [ {
      "vertices" : [ 0, 1, 2, 3 ]
    }, {
      "vertices" : [ 0, 3, 2, 1 ]
    } ]
  }, {
    "id" : "c085af74-d036-45fc-8623-e36d0f098e36",
    "vertices" : [ {
      "x" : 0.0,
      "y" : 0.0,
      "z" : 0.0
    }, {
      "x" : -1.5278641,
      "y" : -5.527864,
      "z" : -4.0
    }, {
      "x" : -1.5278641,
      "y" : -0.5835921,
      "z" : -4.0
    } ],
    "faces" : [ {
      "vertices" : [ 0, 1, 2 ]
    }, {
      "vertices" : [ 0, 2, 1 ]
    } ]
  }, {
    "id" : "ab797a7a-78dc-46db-8a58-357b20879aad",
    "vertices" : [ {
      "x" : 0.0,
      "y" : 0.0,
      "z" : 0.0
    }, {
      "x" : 0.0,
      "y" : 2.218157,
      "z" : 2.256385
    }, {
      "x" : 0.0,
      "y" : 0.21815698,
      "z" : 2.256385
    } ],
    "faces" : [ {
      "vertices" : [ 0, 1, 2 ]
    }, {
      "vertices" : [ 0, 2, 1 ]
    } ]
  }, {
    "id" : "5cce7a5e-7e53-4862-a84e-3760984a6cc1",
    "vertices" : [ {
      "x" : 0.0,
      "y" : 0.0,
      "z" : 0.0
    }, {
      "x" : -0.23663864,
      "y" : 0.1951597,
      "z" : 0.17570762
    }, {
      "x" : -0.8546726,
      "y" : 0.43122768,
      "z" : 1.7937416
    }, {
      "x" : -0.6442269,
      "y" : 0.2460728,
      "z" : 1.686608
    } ],
    "faces" : [ {
      "vertices" : [ 0, 1, 2, 3 ]
    }, {
      "vertices" : [ 0, 3, 2, 1 ]
    } ]
  }, {
    "id" : "53579a41-035e-4065-a83e-f01436d7e5c8",
    "vertices" : [ {
      "x" : 0.0,
      "y" : 0.0,
      "z" : 0.0
    }, {
      "x" : 0.0,
      "y" : -2.218157,
      "z" : -2.256385
    }, {
      "x" : 0.0,
      "y" : -0.21815698,
      "z" : -2.256385
    } ],
    "faces" : [ {
      "vertices" : [ 0, 1, 2 ]
    }, {
      "vertices" : [ 0, 2, 1 ]
    } ]
  }, {
    "id" : "8b441944-bf0d-4636-bc47-b33822287cf8",
    "vertices" : [ {
      "x" : 0.0,
      "y" : 0.0,
      "z" : 0.0
    }, {
      "x" : 0.0,
      "y" : -4.944272,
      "z" : 0.0
    }, {
      "x" : -0.9442719,
      "y" : 1.5278641,
      "z" : -2.472136
    } ],
    "faces" : [ {
      "vertices" : [ 0, 1, 2 ]
    }, {
      "vertices" : [ 0, 2, 1 ]
    } ]
  }, {
    "id" : "d53f091f-0391-4d26-8ca5-1ee031dd0c72",
    "vertices" : [ {
      "x" : 0.0,
      "y" : 0.0,
      "z" : 0.0
    }, {
      "x" : -0.76393205,
      "y" : 1.236068,
      "z" : 0.0
    }, {
      "x" : 2.6933525,
      "y" : -4.357936,
      "z" : 1.5926166
    }, {
      "x" : 2.4572845,
      "y" : -3.9759698,
      "z" : 0.97458255
    } ],
    "faces" : [ {
      "vertices" : [ 0, 1, 2, 3 ]
    }, {
      "vertices" : [ 0, 3, 2, 1 ]
    } ]
  }, {
    "id" : "41e784da-86fd-45ae-b591-ce8f3ae114c0",
    "vertices" : [ {
      "x" : 0.0,
      "y" : 0.0,
      "z" : 0.0
    }, {
      "x" : 0.29179606,
      "y" : -2.0,
      "z" : 0.76393205
    }, {
      "x" : -0.27050984,
      "y" : -2.3688104,
      "z" : -0.7082039
    }, {
      "x" : -0.88854384,
      "y" : 1.8672576,
      "z" : -2.326238
    } ],
    "faces" : [ {
      "vertices" : [ 0, 1, 2, 3 ]
    }, {
      "vertices" : [ 0, 3, 2, 1 ]
    } ]
  }, {
    "id" : "150613ba-6b45-4b73-ad52-c524590f4d48",
    "vertices" : [ {
      "x" : 0.0,
      "y" : 0.0,
      "z" : 0.0
    }, {
      "x" : -0.23606798,
      "y" : 0.38196602,
      "z" : -0.618034
    }, {
      "x" : -0.48270196,
      "y" : 0.78102815,
      "z" : 2.9588737
    }, {
      "x" : -0.48270196,
      "y" : 0.78102815,
      "z" : 6.144107
    }, {
      "x" : -0.24663396,
      "y" : 0.39906213,
      "z" : 4.7621408
    } ],
    "faces" : [ {
      "vertices" : [ 0, 1, 2, 3, 4 ]
    }, {
      "vertices" : [ 0, 4, 3, 2, 1 ]
    } ]
  }, {
    "id" : "7f7e019e-c5ca-49e1-b06b-24ca693d3fd1",
    "vertices" : [ {
      "x" : 0.0,
      "y" : 0.0,
      "z" : 0.0
    }, {
      "x" : 0.6442269,
      "y" : -0.73821837,
      "z" : 1.686608
    }, {
      "x" : 0.0,
      "y" : -5.1538153,
      "z" : 0.0
    } ],
    "faces" : [ {
      "vertices" : [ 0, 1, 2 ]
    }, {
      "vertices" : [ 0, 2, 1 ]
    } ]
  }, {
    "id" : "4ace9497-e9d3-4043-ab1c-57ab5fae3608",
    "vertices" : [ {
      "x" : 0.0,
      "y" : 0.0,
      "z" : 0.0
    }, {
      "x" : -0.27429608,
      "y" : -0.06475252,
      "z" : 0.06475252
    }, {
      "x" : 1.10767,
      "y" : -0.59261656,
      "z" : 1.2106506
    }, {
      "x" : 1.4405352,
      "y" : -0.5502355,
      "z" : 1.1944624
    } ],
    "faces" : [ {
      "vertices" : [ 0, 1, 2, 3 ]
    }, {
      "vertices" : [ 0, 3, 2, 1 ]
    } ]
  }, {
    "id" : "0d16d2b9-9dc2-41fd-a153-5686ed5510ba",
    "vertices" : [ {
      "x" : 0.0,
      "y" : 0.0,
      "z" : 0.0
    }, {
      "x" : 0.0,
      "y" : 0.0,
      "z" : -0.76393205
    }, {
      "x" : -1.0,
      "y" : 1.618034,
      "z" : 1.854102
    }, {
      "x" : -0.618034,
      "y" : 1.0,
      "z" : 1.618034
    } ],
    "faces" : [ {
      "vertices" : [ 0, 1, 2, 3 ]
    }, {
      "vertices" : [ 0, 3, 2, 1 ]
    } ]
  }, {
    "id" : "72f3c486-c036-468c-9136-08dda454b196",
    "vertices" : [ {
      "x" : 0.0,
      "y" : 0.0,
      "z" : 0.0
    }, {
      "x" : 4.169524,
      "y" : -1.5926166,
      "z" : -2.5769076
    }, {
      "x" : -1.1524282,
      "y" : 0.9842912,
      "z" : -5.8660555
    } ],
    "faces" : [ {
      "vertices" : [ 0, 1, 2 ]
    }, {
      "vertices" : [ 0, 2, 1 ]
    } ]
  }, {
    "id" : "141af679-b473-445e-ac21-00101d9cb393",
    "vertices" : [ {
      "x" : 0.0,
      "y" : 0.0,
      "z" : 0.0
    }, {
      "x" : -0.9442719,
      "y" : 3.4164078,
      "z" : -2.472136
    }, {
      "x" : 1.5278641,
      "y" : 2.472136,
      "z" : 4.0
    } ],
    "faces" : [ {
      "vertices" : [ 0, 1, 2 ]
    }, {
      "vertices" : [ 0, 2, 1 ]
    } ]
  }, {
    "id" : "628b6b1b-1478-47a0-b80d-8b176ba6d580",
    "vertices" : [ {
      "x" : 0.0,
      "y" : 0.0,
      "z" : 0.0
    }, {
      "x" : -0.618034,
      "y" : 4.236068,
      "z" : -1.618034
    }, {
      "x" : 0.0,
      "y" : 4.944272,
      "z" : 0.0
    } ],
    "faces" : [ {
      "vertices" : [ 0, 1, 2 ]
    }, {
      "vertices" : [ 0, 2, 1 ]
    } ]
  }, {
    "id" : "9262b00a-9d85-428d-a76e-8592d2d1d9d7",
    "vertices" : [ {
      "x" : 0.0,
      "y" : 0.0,
      "z" : 0.0
    }, {
      "x" : 1.5926166,
      "y" : -5.7621408,
      "z" : 4.169524
    }, {
      "x" : 0.0,
      "y" : -3.236068,
      "z" : 0.0
    } ],
    "faces" : [ {
      "vertices" : [ 0, 1, 2 ]
    }, {
      "vertices" : [ 0, 2, 1 ]
    } ]
  }, {
    "id" : "8813876f-3c60-4d00-87a0-63748e9551c3",
    "vertices" : [ {
      "x" : 0.0,
      "y" : 0.0,
      "z" : 0.0
    }, {
      "x" : -0.38196602,
      "y" : 0.618034,
      "z" : 0.23606798
    }, {
      "x" : 1.3302737,
      "y" : -2.1524282,
      "z" : 1.7875583
    }, {
      "x" : 2.9228904,
      "y" : -4.729336,
      "z" : 2.7718494
    }, {
      "x" : 2.3048563,
      "y" : -3.729336,
      "z" : 1.9177475
    } ],
    "faces" : [ {
      "vertices" : [ 0, 1, 2, 3, 4 ]
    }, {
      "vertices" : [ 0, 4, 3, 2, 1 ]
    } ]
  }, {
    "id" : "c484ed60-b567-4228-82ce-ec87ce9057e2",
    "vertices" : [ {
      "x" : 0.0,
      "y" : 0.0,
      "z" : 0.0
    }, {
      "x" : -0.13836819,
      "y" : 3.2211347,
      "z" : -0.3622526
    }, {
      "x" : 0.10770461,
      "y" : 4.9077425,
      "z" : 0.28197432
    }, {
      "x" : 0.9842912,
      "y" : 6.746432,
      "z" : 2.5769076
    } ],
    "faces" : [ {
      "vertices" : [ 0, 1, 2, 3 ]
    }, {
      "vertices" : [ 0, 3, 2, 1 ]
    } ]
  }, {
    "id" : "c854785c-1c31-446b-a55a-341643a2c20f",
    "vertices" : [ {
      "x" : 0.0,
      "y" : 0.0,
      "z" : 0.0
    }, {
      "x" : -1.0,
      "y" : -3.618034,
      "z" : -2.618034
    }, {
      "x" : -1.5278641,
      "y" : -2.472136,
      "z" : -4.0
    } ],
    "faces" : [ {
      "vertices" : [ 0, 1, 2 ]
    }, {
      "vertices" : [ 0, 2, 1 ]
    } ]
  }, {
    "id" : "e9d92d39-0304-4d3f-a1d9-3da9bb3de9f7",
    "vertices" : [ {
      "x" : 0.0,
      "y" : 0.0,
      "z" : 0.0
    }, {
      "x" : 0.8409464,
      "y" : -1.763932,
      "z" : 2.201626
    }, {
      "x" : 1.0770143,
      "y" : -3.381966,
      "z" : 2.8196602
    }, {
      "x" : 0.9442719,
      "y" : -6.472136,
      "z" : 2.472136
    } ],
    "faces" : [ {
      "vertices" : [ 0, 1, 2, 3 ]
    }, {
      "vertices" : [ 0, 3, 2, 1 ]
    } ]
  }, {
    "id" : "89721c75-a8ac-4cd6-bb48-92cd516dc037",
    "vertices" : [ {
      "x" : 0.0,
      "y" : 0.0,
      "z" : 0.0
    }, {
      "x" : 1.0645695,
      "y" : -1.2747407,
      "z" : 2.787079
    }, {
      "x" : 1.4627236,
      "y" : -2.715276,
      "z" : 3.8294601
    }, {
      "x" : 1.5926166,
      "y" : -5.7621408,
      "z" : 4.169524
    } ],
    "faces" : [ {
      "vertices" : [ 0, 1, 2, 3 ]
    }, {
      "vertices" : [ 0, 3, 2, 1 ]
    } ]
  }, {
    "id" : "6d54732d-bc4c-4b67-b00b-85d1f02c3b10",
    "vertices" : [ {
      "x" : 0.0,
      "y" : 0.0,
      "z" : 0.0
    }, {
      "x" : 0.38196602,
      "y" : -0.618034,
      "z" : -0.23606798
    }, {
      "x" : -1.236068,
      "y" : 2.0,
      "z" : -1.236068
    }, {
      "x" : -1.0,
      "y" : 1.618034,
      "z" : -0.618034
    } ],
    "faces" : [ {
      "vertices" : [ 0, 1, 2, 3 ]
    }, {
      "vertices" : [ 0, 3, 2, 1 ]
    } ]
  }, {
    "id" : "49d5222c-3823-46df-b7f2-32ea3f69b0f3",
    "vertices" : [ {
      "x" : 0.0,
      "y" : 0.0,
      "z" : 0.0
    }, {
      "x" : 2.472136,
      "y" : -0.9442719,
      "z" : 6.472136
    }, {
      "x" : 0.9442719,
      "y" : -3.4164078,
      "z" : 2.472136
    } ],
    "faces" : [ {
      "vertices" : [ 0, 1, 2 ]
    }, {
      "vertices" : [ 0, 2, 1 ]
    } ]
  }, {
    "id" : "de51bae7-dbae-42b4-840a-cb54ed4cd975",
    "vertices" : [ {
      "x" : 0.0,
      "y" : 0.0,
      "z" : 0.0
    }, {
      "x" : 0.23606798,
      "y" : -0.38196602,
      "z" : -0.618034
    }, {
      "x" : -1.6286,
      "y" : 2.6351302,
      "z" : 0.041126255
    }, {
      "x" : -3.2212164,
      "y" : 5.212038,
      "z" : 1.0254174
    }, {
      "x" : -2.4572845,
      "y" : 3.9759698,
      "z" : 1.0254174
    } ],
    "faces" : [ {
      "vertices" : [ 0, 1, 2, 3, 4 ]
    }, {
      "vertices" : [ 0, 4, 3, 2, 1 ]
    } ]
  }, {
    "id" : "5db5b22b-459a-4fe5-8d5a-7077e298062b",
    "vertices" : [ {
      "x" : 0.0,
      "y" : 0.0,
      "z" : 0.0
    }, {
      "x" : -0.23606798,
      "y" : 0.38196602,
      "z" : 1.381966
    }, {
      "x" : 1.6286,
      "y" : -2.6351302,
      "z" : -4.3801746
    }, {
      "x" : 1.246634,
      "y" : -2.017096,
      "z" : -4.144107
    } ],
    "faces" : [ {
      "vertices" : [ 0, 1, 2, 3 ]
    }, {
      "vertices" : [ 0, 3, 2, 1 ]
    } ]
  }, {
    "id" : "5c6fc479-3e4d-48f1-ad52-9c1619b92281",
    "vertices" : [ {
      "x" : 0.0,
      "y" : 0.0,
      "z" : 0.0
    }, {
      "x" : -0.23606798,
      "y" : 0.38196602,
      "z" : -1.381966
    }, {
      "x" : 0.03598341,
      "y" : -0.058222383,
      "z" : 5.364466
    }, {
      "x" : 0.2720514,
      "y" : -0.44018838,
      "z" : 4.746432
    } ],
    "faces" : [ {
      "vertices" : [ 0, 1, 2, 3 ]
    }, {
      "vertices" : [ 0, 3, 2, 1 ]
    } ]
  }, {
    "id" : "cf647114-f96d-45d7-bcf9-e0c7bb7ffdf4",
    "vertices" : [ {
      "x" : 0.0,
      "y" : 0.0,
      "z" : 0.0
    }, {
      "x" : -0.5835921,
      "y" : -4.0,
      "z" : -1.5278641
    }, {
      "x" : -1.5278641,
      "y" : 2.472136,
      "z" : -4.0
    } ],
    "faces" : [ {
      "vertices" : [ 0, 1, 2 ]
    }, {
      "vertices" : [ 0, 2, 1 ]
    } ]
  }, {
    "id" : "8e122a80-22e5-46ae-a6a2-b95976fa6c74",
    "vertices" : [ {
      "x" : 0.0,
      "y" : 0.0,
      "z" : 0.0
    }, {
      "x" : -1.5278641,
      "y" : 2.472136,
      "z" : -4.0
    }, {
      "x" : 0.9442719,
      "y" : 1.5278641,
      "z" : 2.472136
    } ],
    "faces" : [ {
      "vertices" : [ 0, 1, 2 ]
    }, {
      "vertices" : [ 0, 2, 1 ]
    } ]
  }, {
    "id" : "f8257380-320a-40c9-a2c5-ee48381736f9",
    "vertices" : [ {
      "x" : 0.0,
      "y" : 0.0,
      "z" : 0.0
    }, {
      "x" : 1.5278641,
      "y" : 2.472136,
      "z" : 4.0
    }, {
      "x" : 0.0,
      "y" : -3.0557282,
      "z" : 0.0
    } ],
    "faces" : [ {
      "vertices" : [ 0, 1, 2 ]
    }, {
      "vertices" : [ 0, 2, 1 ]
    } ]
  }, {
    "id" : "3a74d0af-d5db-4965-8324-dae7005db98c",
    "vertices" : [ {
      "x" : 0.0,
      "y" : 0.0,
      "z" : 0.0
    }, {
      "x" : 0.38196602,
      "y" : -0.618034,
      "z" : 0.23606798
    }, {
      "x" : -0.5238282,
      "y" : 0.84757185,
      "z" : -2.9334564
    }, {
      "x" : -1.5081193,
      "y" : 2.4401884,
      "z" : -5.510364
    }, {
      "x" : -1.2720513,
      "y" : 2.0582223,
      "z" : -4.128398
    } ],
    "faces" : [ {
      "vertices" : [ 0, 1, 2, 3, 4 ]
    }, {
      "vertices" : [ 0, 4, 3, 2, 1 ]
    } ]
  }, {
    "id" : "ba50754f-cccc-461f-9c90-9c527570ef35",
    "vertices" : [ {
      "x" : 0.0,
      "y" : 0.0,
      "z" : 0.0
    }, {
      "x" : -0.09399144,
      "y" : 1.9326808,
      "z" : -0.2460728
    }, {
      "x" : 1.5926166,
      "y" : 2.5769076,
      "z" : 4.169524
    } ],
    "faces" : [ {
      "vertices" : [ 0, 1, 2 ]
    }, {
      "vertices" : [ 0, 2, 1 ]
    } ]
  }, {
    "id" : "f329dd80-457c-424a-a589-71640b5d890c",
    "vertices" : [ {
      "x" : 0.0,
      "y" : 0.0,
      "z" : 0.0
    }, {
      "x" : -0.76393205,
      "y" : 0.29179606,
      "z" : -2.0
    }, {
      "x" : -0.59674776,
      "y" : 1.8409463,
      "z" : -1.5623059
    }, {
      "x" : 1.0212862,
      "y" : 1.2229123,
      "z" : 2.673762
    } ],
    "faces" : [ {
      "vertices" : [ 0, 1, 2, 3 ]
    }, {
      "vertices" : [ 0, 3, 2, 1 ]
    } ]
  }, {
    "id" : "f233fe01-6cd3-4117-8798-690b5a9fd562",
    "vertices" : [ {
      "x" : 0.0,
      "y" : 0.0,
      "z" : 0.0
    }, {
      "x" : -0.38196602,
      "y" : 0.618034,
      "z" : -0.23606798
    }, {
      "x" : 0.618034,
      "y" : -1.0,
      "z" : 2.381966
    }, {
      "x" : 0.618034,
      "y" : -1.0,
      "z" : 1.618034
    } ],
    "faces" : [ {
      "vertices" : [ 0, 1, 2, 3 ]
    }, {
      "vertices" : [ 0, 3, 2, 1 ]
    } ]
  }, {
    "id" : "8dd8b670-6fee-466e-8de9-7f464c87e002",
    "vertices" : [ {
      "x" : 0.0,
      "y" : 0.0,
      "z" : 0.0
    }, {
      "x" : 0.618034,
      "y" : -1.0,
      "z" : 0.85410196
    }, {
      "x" : -1.6868224,
      "y" : 2.729336,
      "z" : -4.2997136
    }, {
      "x" : -1.6868224,
      "y" : 2.729336,
      "z" : -3.5357814
    } ],
    "faces" : [ {
      "vertices" : [ 0, 1, 2, 3 ]
    }, {
      "vertices" : [ 0, 3, 2, 1 ]
    } ]
  }, {
    "id" : "8b85985d-03f7-4d45-8438-e08d83cc2548",
    "vertices" : [ {
      "x" : 0.0,
      "y" : 0.0,
      "z" : 0.0
    }, {
      "x" : 0.618034,
      "y" : -1.0,
      "z" : -0.85410196
    }, {
      "x" : -2.6711135,
      "y" : 4.3219523,
      "z" : 1.7228057
    }, {
      "x" : -2.2891476,
      "y" : 3.7039185,
      "z" : 1.9588737
    } ],
    "faces" : [ {
      "vertices" : [ 0, 1, 2, 3 ]
    }, {
      "vertices" : [ 0, 3, 2, 1 ]
    } ]
  }, {
    "id" : "fe6fa13c-087b-415c-9c7e-9882d72bef86",
    "vertices" : [ {
      "x" : 0.0,
      "y" : 0.0,
      "z" : 0.0
    }, {
      "x" : -0.9262013,
      "y" : -1.946394,
      "z" : -2.4248264
    }, {
      "x" : -1.5704283,
      "y" : -2.1924667,
      "z" : -4.1114345
    }, {
      "x" : -2.5769076,
      "y" : -0.9842912,
      "z" : -6.746432
    } ],
    "faces" : [ {
      "vertices" : [ 0, 1, 2, 3 ]
    }, {
      "vertices" : [ 0, 3, 2, 1 ]
    } ]
  }, {
    "id" : "263e627d-faa6-4131-9512-c067642e3a5c",
    "vertices" : [ {
      "x" : 0.0,
      "y" : 0.0,
      "z" : 0.0
    }, {
      "x" : -1.042381,
      "y" : 3.7713702,
      "z" : -2.7289891
    }, {
      "x" : -0.6305138,
      "y" : 5.0017343,
      "z" : -1.6507065
    }, {
      "x" : -0.13836819,
      "y" : 3.2211347,
      "z" : -0.3622526
    } ],
    "faces" : [ {
      "vertices" : [ 0, 1, 2, 3 ]
    }, {
      "vertices" : [ 0, 3, 2, 1 ]
    } ]
  }, {
    "id" : "a807240b-110b-4f1a-9eb3-da2983ad7cf7",
    "vertices" : [ {
      "x" : 0.0,
      "y" : 0.0,
      "z" : 0.0
    }, {
      "x" : 0.9842912,
      "y" : 6.746432,
      "z" : 2.5769076
    }, {
      "x" : 1.0,
      "y" : 1.618034,
      "z" : 2.618034
    } ],
    "faces" : [ {
      "vertices" : [ 0, 1, 2 ]
    }, {
      "vertices" : [ 0, 2, 1 ]
    } ]
  } ],
  "instances" : [ {
    "shape" : "ec2e02ca-6823-4aec-88c7-9be3b174d7e4",
    "color" : "#009900",
    "position" : {
      "x" : 3.017096,
      "y" : 1.5926166,
      "z" : -9.051289
    },
    "orientation" : 49
  }, {
    "shape" : "9670101d-8153-48d2-80dc-0b6c702fe9d6",
    "color" : "#FF6666",
    "position" : {
      "x" : 1.5278641,
      "y" : 1.5278641,
      "z" : -6.472136
    },
    "orientation" : 5
  }, {
    "shape" : "41365ead-27a2-4da1-a214-42adeef8f66d",
    "color" : "#FF6666",
    "position" : {
      "x" : 1.5278641,
      "y" : 1.5278641,
      "z" : -6.472136
    },
    "orientation" : 38
  }, {
    "shape" : "ccbc8a64-c7c5-48d0-a68c-d6982772e7fc",
    "color" : "#009900",
    "position" : {
      "x" : 2.6351302,
      "y" : -0.21065055,
      "z" : -9.287356
    },
    "orientation" : 49
  }, {
    "shape" : "9670101d-8153-48d2-80dc-0b6c702fe9d6",
    "color" : "#FF6666",
    "position" : {
      "x" : 5.527864,
      "y" : 0.0,
      "z" : -4.0
    },
    "orientation" : 30
  }, {
    "shape" : "36806ffd-7e3a-4581-807c-132b6fa374df",
    "color" : "#009900",
    "position" : {
      "x" : 8.364466,
      "y" : 4.128398,
      "z" : -5.746432
    },
    "orientation" : 22
  }, {
    "shape" : "d1326aca-8209-476b-ad0f-e6a50773c0d2",
    "color" : "#000000",
    "position" : {
      "x" : -2.7289891,
      "y" : 3.1271431,
      "z" : -7.144586
    },
    "orientation" : 49
  }, {
    "shape" : "21d8bf6a-4f50-427c-babe-d462eacc39e7",
    "color" : "#009900",
    "position" : {
      "x" : 0.0,
      "y" : -4.169524,
      "z" : -5.7621408
    },
    "orientation" : 21
  }, {
    "shape" : "1956dc9b-0f61-4fff-a006-65334268b833",
    "color" : "#FF6666",
    "position" : {
      "x" : 0.0,
      "y" : -4.0,
      "z" : -5.527864
    },
    "orientation" : 6
  }, {
    "shape" : "e60e37a8-5511-4add-802d-55867a451cc7",
    "color" : "#000000",
    "position" : {
      "x" : 3.5252974,
      "y" : -5.516068,
      "z" : -2.715276
    },
    "orientation" : 22
  }, {
    "shape" : "0e5aa37d-b3f5-4d72-8311-c7f77f22b1f3",
    "color" : "#009900",
    "position" : {
      "x" : 0.0,
      "y" : -4.169524,
      "z" : -10.9159565
    },
    "orientation" : 30
  }, {
    "shape" : "ccbc8a64-c7c5-48d0-a68c-d6982772e7fc",
    "color" : "#009900",
    "position" : {
      "x" : 4.357936,
      "y" : -2.5769076,
      "z" : -8.222604
    },
    "orientation" : 59
  }, {
    "shape" : "d1326aca-8209-476b-ad0f-e6a50773c0d2",
    "color" : "#000000",
    "position" : {
      "x" : 8.186967,
      "y" : 1.042381,
      "z" : -0.39815414
    },
    "orientation" : 24
  }, {
    "shape" : "edc28af0-f326-4a9e-9e78-cd3295379642",
    "color" : "#009900",
    "position" : {
      "x" : 6.746432,
      "y" : -6.746432,
      "z" : -6.746432
    },
    "orientation" : 16
  }, {
    "shape" : "36806ffd-7e3a-4581-807c-132b6fa374df",
    "color" : "#009900",
    "position" : {
      "x" : 4.128398,
      "y" : -5.746432,
      "z" : -8.364466
    },
    "orientation" : 49
  }, {
    "shape" : "4c76f02d-60ae-4b22-b740-f4ba421134b1",
    "color" : "#009900",
    "position" : {
      "x" : 0.38196602,
      "y" : -3.5514903,
      "z" : -10.679889
    },
    "orientation" : 17
  }, {
    "shape" : "e60e37a8-5511-4add-802d-55867a451cc7",
    "color" : "#000000",
    "position" : {
      "x" : -1.6507065,
      "y" : 3.5390105,
      "z" : -5.9142222
    },
    "orientation" : 49
  }, {
    "shape" : "c105937b-6692-41d9-9963-b0bdb8222513",
    "color" : "#009900",
    "position" : {
      "x" : 9.297922,
      "y" : -1.854102,
      "z" : -5.169524
    },
    "orientation" : 17
  }, {
    "shape" : "79f52675-0f86-49d6-95f9-c42584491f7d",
    "color" : "#FF6666",
    "position" : {
      "x" : 6.472136,
      "y" : -6.472136,
      "z" : -6.472136
    },
    "orientation" : 30
  }, {
    "shape" : "2e7d1b0a-a4bd-4187-b957-bb19c5a245ea",
    "color" : "#000000",
    "position" : {
      "x" : -1.4627236,
      "y" : -1.4542484,
      "z" : -7.0864964
    },
    "orientation" : 59
  }, {
    "shape" : "4d350ed7-74ac-4d85-8ab8-0a2ec4cb85c1",
    "color" : "#009900",
    "position" : {
      "x" : 7.36339,
      "y" : -1.3333334,
      "z" : -4.108746
    },
    "orientation" : 24
  }, {
    "shape" : "c3f7fc2c-5d60-4ce0-a915-e8399f19f838",
    "color" : "#FF6666",
    "position" : {
      "x" : 8.013156,
      "y" : -0.6737621,
      "z" : -2.2147818
    },
    "orientation" : 54
  }, {
    "shape" : "4d350ed7-74ac-4d85-8ab8-0a2ec4cb85c1",
    "color" : "#009900",
    "position" : {
      "x" : 6.0300565,
      "y" : 3.490712,
      "z" : -4.932791
    },
    "orientation" : 0
  }, {
    "shape" : "5608e1bc-20c2-4272-bbb1-8c310981b685",
    "color" : "#009900",
    "position" : {
      "x" : 6.364466,
      "y" : -6.128398,
      "z" : -6.9825
    },
    "orientation" : 17
  }, {
    "shape" : "f86ba9e6-824a-4b00-b90b-bd4016e37c33",
    "color" : "#FF6666",
    "position" : {
      "x" : 6.472136,
      "y" : 1.5278641,
      "z" : -1.5278641
    },
    "orientation" : 19
  }, {
    "shape" : "a1bbefb9-9891-40cb-a4a8-5f125fb293ed",
    "color" : "#009900",
    "position" : {
      "x" : 6.746432,
      "y" : 6.746432,
      "z" : -6.746432
    },
    "orientation" : 9
  }, {
    "shape" : "c085af74-d036-45fc-8623-e36d0f098e36",
    "color" : "#FF6666",
    "position" : {
      "x" : 4.0,
      "y" : -2.472136,
      "z" : -4.944272
    },
    "orientation" : 1
  }, {
    "shape" : "ab797a7a-78dc-46db-8a58-357b20879aad",
    "color" : "#009900",
    "position" : {
      "x" : 7.36339,
      "y" : -1.3333334,
      "z" : -4.108746
    },
    "orientation" : 55
  }, {
    "shape" : "5cce7a5e-7e53-4862-a84e-3760984a6cc1",
    "color" : "#000000",
    "position" : {
      "x" : -1.0645695,
      "y" : -2.8947835,
      "z" : -8.128878
    },
    "orientation" : 33
  }, {
    "shape" : "53579a41-035e-4065-a83e-f01436d7e5c8",
    "color" : "#009900",
    "position" : {
      "x" : 0.38196602,
      "y" : -1.3333334,
      "z" : -8.423503
    },
    "orientation" : 0
  }, {
    "shape" : "8b441944-bf0d-4636-bc47-b33822287cf8",
    "color" : "#FF6666",
    "position" : {
      "x" : 1.5278641,
      "y" : 1.5278641,
      "z" : -6.472136
    },
    "orientation" : 38
  }, {
    "shape" : "c3f7fc2c-5d60-4ce0-a915-e8399f19f838",
    "color" : "#FF6666",
    "position" : {
      "x" : -1.0212862,
      "y" : -2.7770877,
      "z" : -7.7983737
    },
    "orientation" : 8
  }, {
    "shape" : "36806ffd-7e3a-4581-807c-132b6fa374df",
    "color" : "#009900",
    "position" : {
      "x" : 2.618034,
      "y" : 5.169524,
      "z" : -9.297922
    },
    "orientation" : 24
  }, {
    "shape" : "ccbc8a64-c7c5-48d0-a68c-d6982772e7fc",
    "color" : "#009900",
    "position" : {
      "x" : 4.017096,
      "y" : 2.4467185,
      "z" : -8.433254
    },
    "orientation" : 0
  }, {
    "shape" : "d53f091f-0391-4d26-8ca5-1ee031dd0c72",
