{
  "field" : "golden",
  "symmetry" : "icosahedral",
  "orientations" : [ [ 1.0, 0.0, 0.0, 0.0, 0.0, 1.0, 0.0, 0.0, 0.0, 0.0, 1.0, 0.0, 0.0, 0.0, 0.0, 1.0 ], [ 0.0, 0.0, 1.0, 0.0, 1.0, 0.0, 0.0, 0.0, 0.0, 1.0, 0.0, 0.0, 0.0, 0.0, 0.0, 1.0 ], [ 0.0, 1.0, 0.0, 0.0, 0.0, 0.0, 1.0, 0.0, 1.0, 0.0, 0.0, 0.0, 0.0, 0.0, 0.0, 1.0 ], [ 0.809017, 0.309017, 0.5, 0.0, 0.309017, 0.5, -0.809017, 0.0, -0.5, 0.809017, 0.309017, 0.0, 0.0, 0.0, 0.0, 1.0 ], [ -0.5, 0.809017, 0.309017, 0.0, 0.809017, 0.309017, 0.5, 0.0, 0.309017, 0.5, -0.809017, 0.0, 0.0, 0.0, 0.0, 1.0 ], [ 0.309017, 0.5, -0.809017, 0.0, -0.5, 0.809017, 0.309017, 0.0, 0.809017, 0.309017, 0.5, 0.0, 0.0, 0.0, 0.0, 1.0 ], [ 0.5, 0.809017, 0.309017, 0.0, 0.809017, -0.309017, -0.5, 0.0, -0.309017, 0.5, -0.809017, 0.0, 0.0, 0.0, 0.0, 1.0 ], [ -0.309017, 0.5, -0.809017, 0.0, 0.5, 0.809017, 0.309017, 0.0, 0.809017, -0.309017, -0.5, 0.0, 0.0, 0.0, 0.0, 1.0 ], [ 0.809017, -0.309017, -0.5, 0.0, -0.309017, 0.5, -0.809017, 0.0, 0.5, 0.809017, 0.309017, 0.0, 0.0, 0.0, 0.0, 1.0 ], [ 0.5, 0.809017, -0.309017, 0.0, 0.809017, -0.309017, 0.5, 0.0, 0.309017, -0.5, -0.809017, 0.0, 0.0, 0.0, 0.0, 1.0 ], [ 0.309017, -0.5, -0.809017, 0.0, 0.5, 0.809017, -0.309017, 0.0, 0.809017, -0.309017, 0.5, 0.0, 0.0, 0.0, 0.0, 1.0 ], [ 0.809017, -0.309017, 0.5, 0.0, 0.309017, -0.5, -0.809017, 0.0, 0.5, 0.809017, -0.309017, 0.0, 0.0, 0.0, 0.0, 1.0 ], [ 0.809017, 0.309017, -0.5, 0.0, 0.309017, 0.5, 0.809017, 0.0, 0.5, -0.809017, 0.309017, 0.0, 0.0, 0.0, 0.0, 1.0 ], [ 0.5, -0.809017, 0.309017, 0.0, 0.809017, 0.309017, -0.5, 0.0, 0.309017, 0.5, 0.809017, 0.0, 0.0, 0.0, 0.0, 1.0 ], [ 0.309017, 0.5, 0.809017, 0.0, 0.5, -0.809017, 0.309017, 0.0, 0.809017, 0.309017, -0.5, 0.0, 0.0, 0.0, 0.0, 1.0 ], [ 1.0, 0.0, 0.0, 0.0, 0.0, -1.0, 0.0, 0.0, 0.0, 0.0, -1.0, 0.0, 0.0, 0.0, 0.0, 1.0 ], [ 0.0, 0.0, 1.0, 0.0, -1.0, 0.0, 0.0, 0.0, 0.0, -1.0, 0.0, 0.0, 0.0, 0.0, 0.0, 1.0 ], [ 0.0, 1.0, 0.0, 0.0, 0.0, 0.0, -1.0, 0.0, -1.0, 0.0, 0.0, 0.0, 0.0, 0.0, 0.0, 1.0 ], [ 0.809017, 0.309017, 0.5, 0.0, -0.309017, -0.5, 0.809017, 0.0, 0.5, -0.809017, -0.309017, 0.0, 0.0, 0.0, 0.0, 1.0 ], [ -0.5, 0.809017, 0.309017, 0.0, -0.809017, -0.309017, -0.5, 0.0, -0.309017, -0.5, 0.809017, 0.0, 0.0, 0.0, 0.0, 1.0 ], [ 0.309017, 0.5, -0.809017, 0.0, 0.5, -0.809017, -0.309017, 0.0, -0.809017, -0.309017, -0.5, 0.0, 0.0, 0.0, 0.0, 1.0 ], [ 0.5, 0.809017, 0.309017, 0.0, -0.809017, 0.309017, 0.5, 0.0, 0.309017, -0.5, 0.809017, 0.0, 0.0, 0.0, 0.0, 1.0 ], [ -0.309017, 0.5, -0.809017, 0.0, -0.5, -0.809017, -0.309017, 0.0, -0.809017, 0.309017, 0.5, 0.0, 0.0, 0.0, 0.0, 1.0 ], [ 0.809017, -0.309017, -0.5, 0.0, 0.309017, -0.5, 0.809017, 0.0, -0.5, -0.809017, -0.309017, 0.0, 0.0, 0.0, 0.0, 1.0 ], [ 0.5, 0.809017, -0.309017, 0.0, -0.809017, 0.309017, -0.5, 0.0, -0.309017, 0.5, 0.809017, 0.0, 0.0, 0.0, 0.0, 1.0 ], [ 0.309017, -0.5, -0.809017, 0.0, -0.5, -0.809017, 0.309017, 0.0, -0.809017, 0.309017, -0.5, 0.0, 0.0, 0.0, 0.0, 1.0 ], [ 0.809017, -0.309017, 0.5, 0.0, -0.309017, 0.5, 0.809017, 0.0, -0.5, -0.809017, 0.309017, 0.0, 0.0, 0.0, 0.0, 1.0 ], [ 0.809017, 0.309017, -0.5, 0.0, -0.309017, -0.5, -0.809017, 0.0, -0.5, 0.809017, -0.309017, 0.0, 0.0, 0.0, 0.0, 1.0 ], [ 0.5, -0.809017, 0.309017, 0.0, -0.809017, -0.309017, 0.5, 0.0, -0.309017, -0.5, -0.809017, 0.0, 0.0, 0.0, 0.0, 1.0 ], [ 0.309017, 0.5, 0.809017, 0.0, -0.5, 0.809017, -0.309017, 0.0, -0.809017, -0.309017, 0.5, 0.0, 0.0, 0.0, 0.0, 1.0 ], [ -1.0, 0.0, 0.0, 0.0, 0.0, -1.0, 0.0, 0.0, 0.0, 0.0, 1.0, 0.0, 0.0, 0.0, 0.0, 1.0 ], [ 0.0, 0.0, -1.0, 0.0, -1.0, 0.0, 0.0, 0.0, 0.0, 1.0, 0.0, 0.0, 0.0, 0.0, 0.0, 1.0 ], [ 0.0, -1.0, 0.0, 0.0, 0.0, 0.0, -1.0, 0.0, 1.0, 0.0, 0.0, 0.0, 0.0, 0.0, 0.0, 1.0 ], [ -0.809017, -0.309017, -0.5, 0.0, -0.309017, -0.5, 0.809017, 0.0, -0.5, 0.809017, 0.309017, 0.0, 0.0, 0.0, 0.0, 1.0 ], [ 0.5, -0.809017, -0.309017, 0.0, -0.809017, -0.309017, -0.5, 0.0, 0.309017, 0.5, -0.809017, 0.0, 0.0, 0.0, 0.0, 1.0 ], [ -0.309017, -0.5, 0.809017, 0.0, 0.5, -0.809017, -0.309017, 0.0, 0.809017, 0.309017, 0.5, 0.0, 0.0, 0.0, 0.0, 1.0 ], [ -0.5, -0.809017, -0.309017, 0.0, -0.809017, 0.309017, 0.5, 0.0, -0.309017, 0.5, -0.809017, 0.0, 0.0, 0.0, 0.0, 1.0 ], [ 0.309017, -0.5, 0.809017, 0.0, -0.5, -0.809017, -0.309017, 0.0, 0.809017, -0.309017, -0.5, 0.0, 0.0, 0.0, 0.0, 1.0 ], [ -0.809017, 0.309017, 0.5, 0.0, 0.309017, -0.5, 0.809017, 0.0, 0.5, 0.809017, 0.309017, 0.0, 0.0, 0.0, 0.0, 1.0 ], [ -0.5, -0.809017, 0.309017, 0.0, -0.809017, 0.309017, -0.5, 0.0, 0.309017, -0.5, -0.809017, 0.0, 0.0, 0.0, 0.0, 1.0 ], [ -0.309017, 0.5, 0.809017, 0.0, -0.5, -0.809017, 0.309017, 0.0, 0.809017, -0.309017, 0.5, 0.0, 0.0, 0.0, 0.0, 1.0 ], [ -0.809017, 0.309017, -0.5, 0.0, -0.309017, 0.5, 0.809017, 0.0, 0.5, 0.809017, -0.309017, 0.0, 0.0, 0.0, 0.0, 1.0 ], [ -0.809017, -0.309017, 0.5, 0.0, -0.309017, -0.5, -0.809017, 0.0, 0.5, -0.809017, 0.309017, 0.0, 0.0, 0.0, 0.0, 1.0 ], [ -0.5, 0.809017, -0.309017, 0.0, -0.809017, -0.309017, 0.5, 0.0, 0.309017, 0.5, 0.809017, 0.0, 0.0, 0.0, 0.0, 1.0 ], [ -0.309017, -0.5, -0.809017, 0.0, -0.5, 0.809017, -0.309017, 0.0, 0.809017, 0.309017, -0.5, 0.0, 0.0, 0.0, 0.0, 1.0 ], [ -1.0, 0.0, 0.0, 0.0, 0.0, 1.0, 0.0, 0.0, 0.0, 0.0, -1.0, 0.0, 0.0, 0.0, 0.0, 1.0 ], [ 0.0, 0.0, -1.0, 0.0, 1.0, 0.0, 0.0, 0.0, 0.0, -1.0, 0.0, 0.0, 0.0, 0.0, 0.0, 1.0 ], [ 0.0, -1.0, 0.0, 0.0, 0.0, 0.0, 1.0, 0.0, -1.0, 0.0, 0.0, 0.0, 0.0, 0.0, 0.0, 1.0 ], [ -0.809017, -0.309017, -0.5, 0.0, 0.309017, 0.5, -0.809017, 0.0, 0.5, -0.809017, -0.309017, 0.0, 0.0, 0.0, 0.0, 1.0 ], [ 0.5, -0.809017, -0.309017, 0.0, 0.809017, 0.309017, 0.5, 0.0, -0.309017, -0.5, 0.809017, 0.0, 0.0, 0.0, 0.0, 1.0 ], [ -0.309017, -0.5, 0.809017, 0.0, -0.5, 0.809017, 0.309017, 0.0, -0.809017, -0.309017, -0.5, 0.0, 0.0, 0.0, 0.0, 1.0 ], [ -0.5, -0.809017, -0.309017, 0.0, 0.809017, -0.309017, -0.5, 0.0, 0.309017, -0.5, 0.809017, 0.0, 0.0, 0.0, 0.0, 1.0 ], [ 0.309017, -0.5, 0.809017, 0.0, 0.5, 0.809017, 0.309017, 0.0, -0.809017, 0.309017, 0.5, 0.0, 0.0, 0.0, 0.0, 1.0 ], [ -0.809017, 0.309017, 0.5, 0.0, -0.309017, 0.5, -0.809017, 0.0, -0.5, -0.809017, -0.309017, 0.0, 0.0, 0.0, 0.0, 1.0 ], [ -0.5, -0.809017, 0.309017, 0.0, 0.809017, -0.309017, 0.5, 0.0, -0.309017, 0.5, 0.809017, 0.0, 0.0, 0.0, 0.0, 1.0 ], [ -0.309017, 0.5, 0.809017, 0.0, 0.5, 0.809017, -0.309017, 0.0, -0.809017, 0.309017, -0.5, 0.0, 0.0, 0.0, 0.0, 1.0 ], [ -0.809017, 0.309017, -0.5, 0.0, 0.309017, -0.5, -0.809017, 0.0, -0.5, -0.809017, 0.309017, 0.0, 0.0, 0.0, 0.0, 1.0 ], [ -0.809017, -0.309017, 0.5, 0.0, 0.309017, 0.5, 0.809017, 0.0, -0.5, 0.809017, -0.309017, 0.0, 0.0, 0.0, 0.0, 1.0 ], [ -0.5, 0.809017, -0.309017, 0.0, 0.809017, 0.309017, -0.5, 0.0, -0.309017, -0.5, -0.809017, 0.0, 0.0, 0.0, 0.0, 1.0 ], [ -0.309017, -0.5, -0.809017, 0.0, 0.5, -0.809017, 0.309017, 0.0, -0.809017, -0.309017, 0.5, 0.0, 0.0, 0.0, 0.0, 1.0 ] ],
  "lights" : {
    "backgroundColor" : "#AFC8DC",
    "ambientColor" : "#292929",
    "directionalLights" : [ {
      "direction" : {
        "x" : 1.0,
        "y" : -1.0,
        "z" : -1.0
      },
      "color" : "#EBEBE4"
    }, {
      "direction" : {
        "x" : -1.0,
        "y" : 0.0,
        "z" : 0.0
      },
      "color" : "#E4E4EB"
    }, {
      "direction" : {
        "x" : 0.0,
        "y" : 0.0,
        "z" : -1.0
      },
      "color" : "#1E1E1E"
    } ]
  },
  "camera" : {
    "viewDistance" : 223.38115,
    "nearClipDistance" : 0.55845296,
    "farClipDistance" : 446.7622,
    "lookAtPoint" : {
      "x" : 0.0,
      "y" : 0.0,
      "z" : 0.0
    },
    "fieldOfView" : 0.44262883,
    "perspective" : true,
    "lookDirection" : {
      "x" : 0.64676845,
      "y" : 0.7334985,
      "z" : -0.20897578
    },
    "upDirection" : {
      "x" : -0.48308063,
      "y" : 0.18195224,
      "z" : -0.85646147
    },
    "stereo" : false,
    "width" : 100.52151,
    "position" : {
      "x" : -144.47588,
      "y" : -163.84975,
      "z" : 46.681248
    }
  },
  "embedding" : [ 1.0, 0.0, 0.0, 0.0, 0.0, 1.0, 0.0, 0.0, 0.0, 0.0, 1.0, 0.0, 0.0, 0.0, 0.0, 1.0 ],
  "shapes" : [ {
    "id" : "21ed0dc0-3ebd-4940-80e3-3891636b5a14",
    "vertices" : [ {
      "x" : 0.309017,
      "y" : -0.809017,
      "z" : 0.618034
    }, {
      "x" : 0.809017,
      "y" : -0.618034,
      "z" : 0.309017
    }, {
      "x" : 0.618034,
      "y" : -0.309017,
      "z" : 0.809017
    }, {
      "x" : 1.0,
      "y" : 0.309017,
      "z" : 0.19098301
    }, {
      "x" : 0.809017,
      "y" : 0.618034,
      "z" : 0.309017
    }, {
      "x" : 0.618034,
      "y" : 0.309017,
      "z" : 0.809017
    }, {
      "x" : 0.809017,
      "y" : 0.0,
      "z" : 0.690983
    }, {
      "x" : 0.19098301,
      "y" : -1.0,
      "z" : 0.309017
    }, {
      "x" : -0.19098301,
      "y" : -1.0,
      "z" : 0.309017
    }, {
      "x" : -0.19098301,
      "y" : -1.0,
      "z" : -0.309017
    }, {
      "x" : 0.19098301,
      "y" : -1.0,
      "z" : -0.309017
    }, {
      "x" : 1.0,
      "y" : -0.309017,
      "z" : -0.19098301
    }, {
      "x" : 0.809017,
      "y" : -0.618034,
      "z" : -0.309017
    }, {
      "x" : 0.618034,
      "y" : -0.309017,
      "z" : -0.809017
    }, {
      "x" : 0.809017,
      "y" : 0.0,
      "z" : -0.690983
    }, {
      "x" : 0.0,
      "y" : 0.690983,
      "z" : -0.809017
    }, {
      "x" : 0.309017,
      "y" : 0.809017,
      "z" : -0.618034
    }, {
      "x" : 0.618034,
      "y" : 0.309017,
      "z" : -0.809017
    }, {
      "x" : 0.309017,
      "y" : 0.19098301,
      "z" : -1.0
    }, {
      "x" : 1.0,
      "y" : 0.309017,
      "z" : -0.19098301
    }, {
      "x" : -0.309017,
      "y" : -0.809017,
      "z" : 0.618034
    }, {
      "x" : 0.0,
      "y" : -0.690983,
      "z" : 0.809017
    }, {
      "x" : 0.809017,
      "y" : 0.618034,
      "z" : -0.309017
    }, {
      "x" : 0.690983,
      "y" : 0.809017,
      "z" : 0.0
    }, {
      "x" : -0.690983,
      "y" : 0.809017,
      "z" : 0.0
    }, {
      "x" : -0.809017,
      "y" : 0.618034,
      "z" : 0.309017
    }, {
      "x" : -0.309017,
      "y" : 0.809017,
      "z" : 0.618034
    }, {
      "x" : -0.19098301,
      "y" : 1.0,
      "z" : 0.309017
    }, {
      "x" : 0.309017,
      "y" : -0.19098301,
      "z" : -1.0
    }, {
      "x" : 0.19098301,
      "y" : 1.0,
      "z" : 0.309017
    }, {
      "x" : 0.309017,
      "y" : 0.809017,
      "z" : 0.618034
    }, {
      "x" : -0.809017,
      "y" : -0.618034,
      "z" : 0.309017
    }, {
      "x" : -0.690983,
      "y" : -0.809017,
      "z" : 0.0
    }, {
      "x" : 0.0,
      "y" : 0.690983,
      "z" : 0.809017
    }, {
      "x" : 0.309017,
      "y" : -0.809017,
      "z" : -0.618034
    }, {
      "x" : 0.0,
      "y" : -0.690983,
      "z" : -0.809017
    }, {
      "x" : -1.0,
      "y" : 0.309017,
      "z" : 0.19098301
    }, {
      "x" : -0.809017,
      "y" : 0.0,
      "z" : 0.690983
    }, {
      "x" : -0.618034,
      "y" : 0.309017,
      "z" : 0.809017
    }, {
      "x" : 1.0,
      "y" : -0.309017,
      "z" : 0.19098301
    }, {
      "x" : -0.309017,
      "y" : -0.809017,
      "z" : -0.618034
    }, {
      "x" : -1.0,
      "y" : 0.309017,
      "z" : -0.19098301
    }, {
      "x" : -1.0,
      "y" : -0.309017,
      "z" : -0.19098301
    }, {
      "x" : -1.0,
      "y" : -0.309017,
      "z" : 0.19098301
    }, {
      "x" : 0.19098301,
      "y" : 1.0,
      "z" : -0.309017
    }, {
      "x" : -0.809017,
      "y" : 0.618034,
      "z" : -0.309017
    }, {
      "x" : -0.19098301,
      "y" : 1.0,
      "z" : -0.309017
    }, {
      "x" : -0.309017,
      "y" : 0.809017,
      "z" : -0.618034
    }, {
      "x" : -0.618034,
      "y" : -0.309017,
      "z" : 0.809017
    }, {
      "x" : 0.309017,
      "y" : 0.19098301,
      "z" : 1.0
    }, {
      "x" : -0.309017,
      "y" : 0.19098301,
      "z" : -1.0
    }, {
      "x" : -0.309017,
      "y" : 0.19098301,
      "z" : 1.0
    }, {
      "x" : -0.309017,
      "y" : -0.19098301,
      "z" : 1.0
    }, {
      "x" : 0.309017,
      "y" : -0.19098301,
      "z" : 1.0
    }, {
      "x" : 0.690983,
      "y" : -0.809017,
      "z" : 0.0
    }, {
      "x" : -0.809017,
      "y" : 0.0,
      "z" : -0.690983
    }, {
      "x" : -0.618034,
      "y" : -0.309017,
      "z" : -0.809017
    }, {
      "x" : -0.309017,
      "y" : -0.19098301,
      "z" : -1.0
    }, {
      "x" : -0.618034,
      "y" : 0.309017,
      "z" : -0.809017
    }, {
      "x" : -0.809017,
      "y" : -0.618034,
      "z" : -0.309017
    } ],
    "faces" : [ {
      "vertices" : [ 9, 40, 35 ]
    }, {
      "vertices" : [ 9, 35, 34 ]
    }, {
      "vertices" : [ 9, 34, 10 ]
    }, {
      "vertices" : [ 0, 1, 2 ]
    }, {
      "vertices" : [ 33, 51, 49 ]
    }, {
      "vertices" : [ 25, 36, 37 ]
    }, {
      "vertices" : [ 25, 37, 38 ]
    }, {
      "vertices" : [ 41, 55, 42 ]
    }, {
      "vertices" : [ 9, 32, 59 ]
    }, {
      "vertices" : [ 9, 59, 40 ]
    }, {
      "vertices" : [ 20, 21, 52 ]
    }, {
      "vertices" : [ 20, 52, 48 ]
    }, {
      "vertices" : [ 26, 33, 30 ]
    }, {
      "vertices" : [ 26, 30, 29 ]
    }, {
      "vertices" : [ 26, 29, 27 ]
    }, {
      "vertices" : [ 3, 4, 5 ]
    }, {
      "vertices" : [ 3, 5, 6 ]
    }, {
      "vertices" : [ 27, 29, 44 ]
    }, {
      "vertices" : [ 27, 44, 46 ]
    }, {
      "vertices" : [ 50, 57, 56 ]
    }, {
      "vertices" : [ 50, 56, 55 ]
    }, {
      "vertices" : [ 50, 55, 58 ]
    }, {
      "vertices" : [ 26, 38, 51 ]
    }, {
      "vertices" : [ 26, 51, 33 ]
    }, {
      "vertices" : [ 45, 47, 58 ]
    }, {
      "vertices" : [ 18, 28, 57 ]
    }, {
      "vertices" : [ 18, 57, 50 ]
    }, {
      "vertices" : [ 40, 59, 56 ]
    }, {
      "vertices" : [ 31, 48, 37 ]
    }, {
      "vertices" : [ 31, 37, 43 ]
    }, {
      "vertices" : [ 7, 8, 9 ]
    }, {
      "vertices" : [ 7, 9, 10 ]
    }, {
      "vertices" : [ 36, 41, 42 ]
    }, {
      "vertices" : [ 36, 42, 43 ]
    }, {
      "vertices" : [ 24, 46, 47 ]
    }, {
      "vertices" : [ 24, 47, 45 ]
    }, {
      "vertices" : [ 4, 30, 5 ]
    }, {
      "vertices" : [ 15, 47, 46 ]
    }, {
      "vertices" : [ 15, 46, 44 ]
    }, {
      "vertices" : [ 15, 44, 16 ]
    }, {
      "vertices" : [ 15, 50, 58 ]
    }, {
      "vertices" : [ 15, 58, 47 ]
    }, {
      "vertices" : [ 24, 45, 41 ]
    }, {
      "vertices" : [ 24, 41, 36 ]
    }, {
      "vertices" : [ 24, 36, 25 ]
    }, {
      "vertices" : [ 11, 14, 19 ]
    }, {
      "vertices" : [ 3, 6, 39 ]
    }, {
      "vertices" : [ 1, 39, 6 ]
    }, {
      "vertices" : [ 1, 6, 2 ]
    }, {
      "vertices" : [ 8, 32, 9 ]
    }, {
      "vertices" : [ 11, 12, 13 ]
    }, {
      "vertices" : [ 11, 13, 14 ]
    }, {
      "vertices" : [ 16, 22, 17 ]
    }, {
      "vertices" : [ 0, 21, 20 ]
    }, {
      "vertices" : [ 0, 20, 8 ]
    }, {
      "vertices" : [ 0, 8, 7 ]
    }, {
      "vertices" : [ 12, 34, 13 ]
    }, {
      "vertices" : [ 35, 40, 56 ]
    }, {
      "vertices" : [ 35, 56, 57 ]
    }, {
      "vertices" : [ 0, 7, 54 ]
    }, {
      "vertices" : [ 0, 54, 1 ]
    }, {
      "vertices" : [ 15, 16, 17 ]
    }, {
      "vertices" : [ 15, 17, 18 ]
    }, {
      "vertices" : [ 3, 19, 22 ]
    }, {
      "vertices" : [ 3, 22, 23 ]
    }, {
      "vertices" : [ 3, 23, 4 ]
    }, {
      "vertices" : [ 7, 10, 54 ]
    }, {
      "vertices" : [ 41, 45, 58 ]
    }, {
      "vertices" : [ 41, 58, 55 ]
    }, {
      "vertices" : [ 3, 39, 11 ]
    }, {
      "vertices" : [ 3, 11, 19 ]
    }, {
      "vertices" : [ 14, 17, 22 ]
    }, {
      "vertices" : [ 14, 22, 19 ]
    }, {
      "vertices" : [ 0, 2, 53 ]
    }, {
      "vertices" : [ 0, 53, 21 ]
    }, {
      "vertices" : [ 49, 51, 52 ]
    }, {
      "vertices" : [ 49, 52, 53 ]
    }, {
      "vertices" : [ 31, 43, 42 ]
    }, {
      "vertices" : [ 31, 42, 59 ]
    }, {
      "vertices" : [ 31, 59, 32 ]
    }, {
      "vertices" : [ 15, 18, 50 ]
    }, {
      "vertices" : [ 42, 55, 56 ]
    }, {
      "vertices" : [ 42, 56, 59 ]
    }, {
      "vertices" : [ 4, 23, 29 ]
    }, {
      "vertices" : [ 4, 29, 30 ]
    }, {
      "vertices" : [ 25, 38, 26 ]
    }, {
      "vertices" : [ 13, 28, 18 ]
    }, {
      "vertices" : [ 13, 18, 17 ]
    }, {
      "vertices" : [ 13, 17, 14 ]
    }, {
      "vertices" : [ 8, 20, 31 ]
    }, {
      "vertices" : [ 8, 31, 32 ]
    }, {
      "vertices" : [ 23, 44, 29 ]
    }, {
      "vertices" : [ 24, 27, 46 ]
    }, {
      "vertices" : [ 37, 48, 52 ]
    }, {
      "vertices" : [ 37, 52, 51 ]
    }, {
      "vertices" : [ 37, 51, 38 ]
    }, {
      "vertices" : [ 20, 48, 31 ]
    }, {
      "vertices" : [ 24, 25, 26 ]
    }, {
      "vertices" : [ 24, 26, 27 ]
    }, {
      "vertices" : [ 16, 44, 23 ]
    }, {
      "vertices" : [ 16, 23, 22 ]
    }, {
      "vertices" : [ 13, 34, 35 ]
    }, {
      "vertices" : [ 13, 35, 28 ]
    }, {
      "vertices" : [ 10, 34, 12 ]
    }, {
      "vertices" : [ 10, 12, 54 ]
    }, {
      "vertices" : [ 2, 6, 5 ]
    }, {
      "vertices" : [ 2, 5, 49 ]
    }, {
      "vertices" : [ 2, 49, 53 ]
    }, {
      "vertices" : [ 36, 43, 37 ]
    }, {
      "vertices" : [ 5, 30, 33 ]
    }, {
      "vertices" : [ 5, 33, 49 ]
    }, {
      "vertices" : [ 1, 54, 12 ]
    }, {
      "vertices" : [ 1, 12, 11 ]
    }, {
      "vertices" : [ 1, 11, 39 ]
    }, {
      "vertices" : [ 28, 35, 57 ]
    }, {
      "vertices" : [ 21, 53, 52 ]
    } ]
  }, {
    "id" : "11412c5c-0054-4503-b3c6-83d762884fde",
    "vertices" : [ {
      "x" : 1.0,
      "y" : -0.309017,
      "z" : -0.19098301
    }, {
      "x" : 0.809017,
      "y" : 0.0,
      "z" : -0.690983
    }, {
      "x" : 1.0,
      "y" : 0.309017,
      "z" : -0.19098301
    }, {
      "x" : 1.809017,
      "y" : 0.0,
      "z" : -0.309017
    }, {
      "x" : 1.618034,
      "y" : 0.309017,
      "z" : -0.809017
    }, {
      "x" : 2.0,
      "y" : 0.309017,
      "z" : -0.19098301
    }, {
      "x" : 1.809017,
      "y" : 0.618034,
      "z" : -0.690983
    }, {
      "x" : 5.854102,
      "y" : 0.690983,
      "z" : -1.427051
    }, {
      "x" : 5.663119,
      "y" : 1.0,
      "z" : -1.927051
    }, {
      "x" : 6.045085,
      "y" : 1.0,
      "z" : -1.309017
    }, {
      "x" : 5.854102,
      "y" : 1.309017,
      "z" : -1.809017
    }, {
      "x" : 6.663119,
      "y" : 1.0,
      "z" : -1.927051
    }, {
      "x" : 6.854102,
      "y" : 1.309017,
      "z" : -1.427051
    }, {
      "x" : 6.663119,
      "y" : 1.618034,
      "z" : -1.927051
    }, {
      "x" : 7.663119,
      "y" : 1.309017,
      "z" : -2.118034
    } ],
    "faces" : [ {
      "vertices" : [ 8, 13, 11 ]
    }, {
      "vertices" : [ 2, 5, 9 ]
    }, {
      "vertices" : [ 2, 9, 10 ]
    }, {
      "vertices" : [ 2, 10, 6 ]
    }, {
      "vertices" : [ 3, 4, 8 ]
    }, {
      "vertices" : [ 3, 8, 11 ]
    }, {
      "vertices" : [ 3, 11, 7 ]
    }, {
      "vertices" : [ 0, 2, 1 ]
    }, {
      "vertices" : [ 11, 13, 12 ]
    }, {
      "vertices" : [ 0, 5, 2 ]
    }, {
      "vertices" : [ 0, 3, 5 ]
    }, {
      "vertices" : [ 0, 1, 4 ]
    }, {
      "vertices" : [ 0, 4, 3 ]
    }, {
      "vertices" : [ 1, 2, 6 ]
    }, {
      "vertices" : [ 1, 6, 4 ]
    }, {
      "vertices" : [ 9, 12, 13 ]
    }, {
      "vertices" : [ 9, 13, 10 ]
    }, {
      "vertices" : [ 3, 7, 9 ]
    }, {
      "vertices" : [ 3, 9, 5 ]
    }, {
      "vertices" : [ 7, 12, 9 ]
    }, {
      "vertices" : [ 4, 6, 10 ]
    }, {
      "vertices" : [ 4, 10, 8 ]
    }, {
      "vertices" : [ 7, 11, 12 ]
    }, {
      "vertices" : [ 8, 10, 13 ]
    } ]
  } ],
  "instances" : [ {
    "shape" : "21ed0dc0-3ebd-4940-80e3-3891636b5a14",
    "color" : "#FFFFFF",
    "position" : {
      "x" : 17.944271,
      "y" : -22.18034,
      "z" : -11.09017
    }
  }, {
    "shape" : "11412c5c-0054-4503-b3c6-83d762884fde",
    "color" : "#DC4C00",
    "position" : {
      "x" : -26.916409,
      "y" : -11.899187,
      "z" : 5.545085
    },
    "orientation" : 7
  }, {
    "shape" : "11412c5c-0054-4503-b3c6-83d762884fde",
    "color" : "#DC4C00",
    "position" : {
      "x" : -5.545085,
      "y" : 26.916409,
      "z" : -11.899187
    },
    "orientation" : 38
  }, {
    "shape" : "11412c5c-0054-4503-b3c6-83d762884fde",
    "color" : "#DC4C00",
    "position" : {
      "x" : -6.854102,
      "y" : 24.798374,
      "z" : 15.326238
    },
    "orientation" : 30
  }, {
    "shape" : "11412c5c-0054-4503-b3c6-83d762884fde",
    "color" : "#DC4C00",
    "position" : {
      "x" : 30.343458,
      "y" : 2.118034,
      "z" : -3.427051
    },
    "orientation" : 37
  }, {
    "shape" : "11412c5c-0054-4503-b3c6-83d762884fde",
    "color" : "#DC4C00",
    "position" : {
      "x" : -14.5172205,
      "y" : -23.489357,
      "z" : -13.208204
    },
    "orientation" : 55
  }, {
    "shape" : "11412c5c-0054-4503-b3c6-83d762884fde",
    "color" : "#DC4C00",
    "position" : {
      "x" : 15.826238,
      "y" : 25.607391,
      "z" : -5.545085
    },
    "orientation" : 35
  }, {
    "shape" : "21ed0dc0-3ebd-4940-80e3-3891636b5a14",
    "color" : "#FFFFFF",
    "position" : {
      "x" : 20.871323,
      "y" : 2.118034,
      "z" : -21.371323
    }
  }, {
    "shape" : "21ed0dc0-3ebd-4940-80e3-3891636b5a14",
    "color" : "#FFFFFF",
    "position" : {
      "x" : -17.944271,
      "y" : 17.944271,
      "z" : 17.944271
    }
  }, {
    "shape" : "11412c5c-0054-4503-b3c6-83d762884fde",
    "color" : "#DC4C00",
    "position" : {
      "x" : 5.545085,
      "y" : 15.826238,
      "z" : -25.607391
    },
    "orientation" : 33
  }, {
    "shape" : "11412c5c-0054-4503-b3c6-83d762884fde",
    "color" : "#DC4C00",
    "position" : {
      "x" : 24.798374,
      "y" : 15.326238,
      "z" : -6.854102
    },
    "orientation" : 47
  }, {
    "shape" : "21ed0dc0-3ebd-4940-80e3-3891636b5a14",
    "color" : "#FFFFFF",
    "position" : {
      "x" : -26.916409,
      "y" : -11.899187,
      "z" : 5.545085
    }
  }, {
    "shape" : "11412c5c-0054-4503-b3c6-83d762884fde",
    "color" : "#DC4C00",
    "position" : {
      "x" : -2.118034,
      "y" : -28.225426,
      "z" : -9.781153
    },
    "orientation" : 56
  }, {
    "shape" : "21ed0dc0-3ebd-4940-80e3-3891636b5a14",
    "color" : "#FFFFFF",
    "position" : {
      "x" : 22.68034,
      "y" : 18.753288,
      "z" : 5.545085
    }
  }, {
    "shape" : "11412c5c-0054-4503-b3c6-83d762884fde",
    "color" : "#DC4C00",
    "position" : {
      "x" : -5.545085,
      "y" : -15.826238,
      "z" : -25.607391
    },
    "orientation" : 45
  }, {
    "shape" : "21ed0dc0-3ebd-4940-80e3-3891636b5a14",
    "color" : "#FFFFFF",
    "position" : {
      "x" : 22.18034,
      "y" : -11.09017,
      "z" : -17.944271
    }
  }, {
    "shape" : "21ed0dc0-3ebd-4940-80e3-3891636b5a14",
    "color" : "#FFFFFF",
    "position" : {
      "x" : 29.034441,
      "y" : 0.0,
      "z" : 11.09017
    }
  }, {
    "shape" : "21ed0dc0-3ebd-4940-80e3-3891636b5a14",
    "color" : "#FFFFFF",
    "position" : {
      "x" : -5.545085,
      "y" : 26.916409,
      "z" : -11.899187
    }
  }, {
    "shape" : "11412c5c-0054-4503-b3c6-83d762884fde",
    "color" : "#DC4C00",
    "position" : {
      "x" : 6.854102,
      "y" : 24.798374,
      "z" : -15.326238
    },
    "orientation" : 15
  }, {
    "shape" : "21ed0dc0-3ebd-4940-80e3-3891636b5a14",
    "color" : "#FFFFFF",
    "position" : {
      "x" : -11.899187,
      "y" : -5.545085,
      "z" : 26.916409
    }
  }, {
    "shape" : "11412c5c-0054-4503-b3c6-83d762884fde",
    "color" : "#DC4C00",
    "position" : {
      "x" : -22.18034,
      "y" : 11.09017,
      "z" : -17.944271
    },
    "orientation" : 41
  }, {
    "shape" : "21ed0dc0-3ebd-4940-80e3-3891636b5a14",
    "color" : "#FFFFFF",
    "position" : {
      "x" : -2.118034,
      "y" : -21.371323,
      "z" : -20.871323
    }
  }, {
    "shape" : "21ed0dc0-3ebd-4940-80e3-3891636b5a14",
    "color" : "#FFFFFF",
    "position" : {
      "x" : 15.326238,
      "y" : 6.854102,
      "z" : -24.798374
    }
  }, {
    "shape" : "21ed0dc0-3ebd-4940-80e3-3891636b5a14",
    "color" : "#FFFFFF",
    "position" : {
      "x" : -20.871323,
      "y" : 2.118034,
      "z" : 21.371323
    }
  }, {
    "shape" : "11412c5c-0054-4503-b3c6-83d762884fde",
    "color" : "#DC4C00",
    "position" : {
      "x" : 11.09017,
      "y" : -17.944271,
      "z" : -22.18034
    },
    "orientation" : 8
  }, {
    "shape" : "11412c5c-0054-4503-b3c6-83d762884fde",
    "color" : "#DC4C00",
    "position" : {
      "x" : -22.18034,
      "y" : -11.09017,
      "z" : 17.944271
    },
    "orientation" : 56
  }, {
    "shape" : "21ed0dc0-3ebd-4940-80e3-3891636b5a14",
    "color" : "#FFFFFF",
    "position" : {
      "x" : 2.118034,
      "y" : 21.371323,
      "z" : -20.871323
    }
  }, {
    "shape" : "11412c5c-0054-4503-b3c6-83d762884fde",
    "color" : "#DC4C00",
    "position" : {
      "x" : -17.944271,
      "y" : 22.18034,
      "z" : -11.09017
    },
    "orientation" : 22
  }, {
    "shape" : "11412c5c-0054-4503-b3c6-83d762884fde",
    "color" : "#DC4C00",
    "position" : {
      "x" : 22.68034,
      "y" : -18.753288,
      "z" : -5.545085
    },
    "orientation" : 6
  }, {
    "shape" : "11412c5c-0054-4503-b3c6-83d762884fde",
    "color" : "#DC4C00",
    "position" : {
      "x" : 2.118034,
      "y" : -21.371323,
      "z" : 20.871323
    },
    "orientation" : 10
  }, {
    "shape" : "21ed0dc0-3ebd-4940-80e3-3891636b5a14",
    "color" : "#FFFFFF",
    "position" : {
      "x" : 2.118034,
      "y" : -28.225426,
      "z" : 9.781153
    }
  }, {
    "shape" : "21ed0dc0-3ebd-4940-80e3-3891636b5a14",
    "color" : "#FFFFFF",
    "position" : {
      "x" : -26.916409,
      "y" : 11.899187,
      "z" : -5.545085
    }
  }, {
    "shape" : "11412c5c-0054-4503-b3c6-83d762884fde",
    "color" : "#DC4C00",
    "position" : {
      "x" : -2.118034,
      "y" : 21.371323,
      "z" : 20.871323
    },
    "orientation" : 40
  }, {
    "shape" : "21ed0dc0-3ebd-4940-80e3-3891636b5a14",
    "color" : "#FFFFFF",
    "position" : {
      "x" : 3.427051,
      "y" : -30.343458,
      "z" : 2.118034
    }
  }, {
    "shape" : "11412c5c-0054-4503-b3c6-83d762884fde",
    "color" : "#DC4C00",
    "position" : {
      "x" : -15.326238,
      "y" : 6.854102,
      "z" : 24.798374
    },
    "orientation" : 33
  }, {
    "shape" : "21ed0dc0-3ebd-4940-80e3-3891636b5a14",
    "color" : "#FFFFFF",
    "position" : {
      "x" : 12.399187,
      "y" : 26.916409,
      "z" : 7.663119
    }
  }, {
    "shape" : "21ed0dc0-3ebd-4940-80e3-3891636b5a14",
    "color" : "#FFFFFF",
    "position" : {
      "x" : 22.68034,
      "y" : -18.753288,
      "z" : -5.545085
    }
  }, {
    "shape" : "21ed0dc0-3ebd-4940-80e3-3891636b5a14",
    "color" : "#FFFFFF",
    "position" : {
      "x" : 17.944271,
      "y" : -17.944271,
      "z" : 17.944271
    }
  }, {
    "shape" : "21ed0dc0-3ebd-4940-80e3-3891636b5a14",
    "color" : "#FFFFFF",
    "position" : {
      "x" : -25.607391,
      "y" : 5.545085,
      "z" : 15.826238
    }
  }, {
    "shape" : "11412c5c-0054-4503-b3c6-83d762884fde",
    "color" : "#DC4C00",
    "position" : {
      "x" : 6.854102,
      "y" : 24.798374,
      "z" : -15.326238
    },
    "orientation" : 50
  }, {
    "shape" : "11412c5c-0054-4503-b3c6-83d762884fde",
    "color" : "#DC4C00",
    "position" : {
      "x" : 3.427051,
      "y" : -30.343458,
      "z" : 2.118034
    },
    "orientation" : 0
  }, {
    "shape" : "11412c5c-0054-4503-b3c6-83d762884fde",
    "color" : "#DC4C00",
    "position" : {
      "x" : 12.399187,
      "y" : 26.916409,
      "z" : 7.663119
    },
    "orientation" : 59
  }, {
    "shape" : "11412c5c-0054-4503-b3c6-83d762884fde",
    "color" : "#DC4C00",
    "position" : {
      "x" : 5.545085,
      "y" : -26.916409,
      "z" : -11.899187
    },
    "orientation" : 42
  }, {
    "shape" : "11412c5c-0054-4503-b3c6-83d762884fde",
    "color" : "#DC4C00",
    "position" : {
      "x" : -2.118034,
      "y" : -28.225426,
      "z" : -9.781153
    },
    "orientation" : 44
  }, {
    "shape" : "11412c5c-0054-4503-b3c6-83d762884fde",
    "color" : "#DC4C00",
    "position" : {
      "x" : 11.899187,
      "y" : 5.545085,
      "z" : 26.916409
    },
    "orientation" : 43
  }, {
    "shape" : "21ed0dc0-3ebd-4940-80e3-3891636b5a14",
    "color" : "#FFFFFF",
    "position" : {
      "x" : 13.208204,
      "y" : 14.5172205,
      "z" : -23.489357
    }
  }, {
    "shape" : "11412c5c-0054-4503-b3c6-83d762884fde",
    "color" : "#DC4C00",
    "position" : {
      "x" : 2.118034,
      "y" : -28.225426,
      "z" : 9.781153
    },
    "orientation" : 29
  }, {
    "shape" : "11412c5c-0054-4503-b3c6-83d762884fde",
    "color" : "#DC4C00",
    "position" : {
      "x" : -5.545085,
      "y" : -22.68034,
      "z" : 18.753288
    },
    "orientation" : 48
  }, {
    "shape" : "21ed0dc0-3ebd-4940-80e3-3891636b5a14",
    "color" : "#FFFFFF",
    "position" : {
      "x" : 7.663119,
      "y" : 12.399187,
      "z" : 26.916409
    }
  }, {
    "shape" : "11412c5c-0054-4503-b3c6-83d762884fde",
    "color" : "#DC4C00",
    "position" : {
      "x" : 11.09017,
      "y" : 17.944271,
      "z" : 22.18034
    },
    "orientation" : 40
  }, {
    "shape" : "11412c5c-0054-4503-b3c6-83d762884fde",
    "color" : "#DC4C00",
    "position" : {
      "x" : 9.781153,
      "y" : -2.118034,
      "z" : 28.225426
    },
    "orientation" : 24
  }, {
    "shape" : "21ed0dc0-3ebd-4940-80e3-3891636b5a14",
    "color" : "#FFFFFF",
    "position" : {
      "x" : -5.545085,
      "y" : -22.68034,
      "z" : 18.753288
    }
  }, {
    "shape" : "11412c5c-0054-4503-b3c6-83d762884fde",
    "color" : "#DC4C00",
    "position" : {
      "x" : 5.545085,
      "y" : -26.916409,
      "z" : -11.899187
    },
    "orientation" : 8
  }, {
    "shape" : "21ed0dc0-3ebd-4940-80e3-3891636b5a14",
    "color" : "#FFFFFF",
    "position" : {
      "x" : 9.781153,
      "y" : 2.118034,
      "z" : -28.225426
    }
  }, {
    "shape" : "21ed0dc0-3ebd-4940-80e3-3891636b5a14",
    "color" : "#FFFFFF",
    "position" : {
      "x" : 11.09017,
      "y" : -29.034441,
      "z" : 0.0
    }
  }, {
    "shape" : "21ed0dc0-3ebd-4940-80e3-3891636b5a14",
    "color" : "#FFFFFF",
    "position" : {
      "x" : 26.916409,
      "y" : 7.663119,
      "z" : 12.399187
    }
  }, {
    "shape" : "11412c5c-0054-4503-b3c6-83d762884fde",
    "color" : "#DC4C00",
    "position" : {
      "x" : -3.427051,
      "y" : 30.343458,
      "z" : 2.118034
    },
    "orientation" : 23
  }, {
    "shape" : "11412c5c-0054-4503-b3c6-83d762884fde",
    "color" : "#DC4C00",
    "position" : {
      "x" : -23.489357,
      "y" : -13.208204,
      "z" : -14.5172205
    },
    "orientation" : 58
  }, {
    "shape" : "11412c5c-0054-4503-b3c6-83d762884fde",
    "color" : "#DC4C00",
    "position" : {
      "x" : -20.871323,
      "y" : -2.118034,
      "z" : -21.371323
    },
    "orientation" : 41
  }, {
    "shape" : "11412c5c-0054-4503-b3c6-83d762884fde",
    "color" : "#DC4C00",
    "position" : {
      "x" : -28.225426,
      "y" : 9.781153,
      "z" : 2.118034
    },
    "orientation" : 43
  }, {
    "shape" : "21ed0dc0-3ebd-4940-80e3-3891636b5a14",
    "color" : "#FFFFFF",
    "position" : {
      "x" : -5.545085,
      "y" : 22.68034,
      "z" : -18.753288
    }
  }, {
    "shape" : "21ed0dc0-3ebd-4940-80e3-3891636b5a14",
    "color" : "#FFFFFF",
    "position" : {
      "x" : 23.489357,
      "y" : -13.208204,
      "z" : 14.5172205
    }
  }, {
    "shape" : "11412c5c-0054-4503-b3c6-83d762884fde",
    "color" : "#DC4C00",
    "position" : {
      "x" : 24.798374,
      "y" : -15.326238,
      "z" : 6.854102
    },
    "orientation" : 32
  }, {
    "shape" : "11412c5c-0054-4503-b3c6-83d762884fde",
    "color" : "#DC4C00",
    "position" : {
      "x" : -18.753288,
      "y" : 5.545085,
      "z" : -22.68034
    },
    "orientation" : 4
  }, {
    "shape" : "21ed0dc0-3ebd-4940-80e3-3891636b5a14",
    "color" : "#FFFFFF",
    "position" : {
      "x" : -5.545085,
      "y" : 15.826238,
      "z" : 25.607391
    }
  }, {
    "shape" : "11412c5c-0054-4503-b3c6-83d762884fde",
    "color" : "#DC4C00",
    "position" : {
      "x" : 2.118034,
      "y" : -21.371323,
      "z" : 20.871323
    },
    "orientation" : 30
  }, {
    "shape" : "21ed0dc0-3ebd-4940-80e3-3891636b5a14",
    "color" : "#FFFFFF",
    "position" : {
      "x" : -12.399187,
      "y" : 26.916409,
      "z" : -7.663119
    }
  }, {
    "shape" : "11412c5c-0054-4503-b3c6-83d762884fde",
    "color" : "#DC4C00",
    "position" : {
      "x" : 9.781153,
      "y" : 2.118034,
      "z" : -28.225426
    },
    "orientation" : 57
  }, {
    "shape" : "21ed0dc0-3ebd-4940-80e3-3891636b5a14",
    "color" : "#FFFFFF",
    "position" : {
      "x" : -9.781153,
      "y" : -2.118034,
      "z" : -28.225426
    }
  }, {
    "shape" : "21ed0dc0-3ebd-4940-80e3-3891636b5a14",
    "color" : "#FFFFFF",
    "position" : {
      "x" : 21.371323,
      "y" : -20.871323,
      "z" : 2.118034
    }
  }, {
    "shape" : "11412c5c-0054-4503-b3c6-83d762884fde",
    "color" : "#DC4C00",
    "position" : {
      "x" : 5.545085,
      "y" : -15.826238,
      "z" : 25.607391
    },
    "orientation" : 48
  }, {
    "shape" : "21ed0dc0-3ebd-4940-80e3-3891636b5a14",
    "color" : "#FFFFFF",
    "position" : {
      "x" : -28.225426,
      "y" : 9.781153,
      "z" : 2.118034
    }
  }, {
    "shape" : "11412c5c-0054-4503-b3c6-83d762884fde",
    "color" : "#DC4C00",
    "position" : {
      "x" : 13.208204,
      "y" : -14.5172205,
      "z" : 23.489357
    },
    "orientation" : 26
  }, {
    "shape" : "11412c5c-0054-4503-b3c6-83d762884fde",
    "color" : "#DC4C00",
    "position" : {
      "x" : 24.798374,
      "y" : -15.326238,
      "z" : 6.854102
    },
    "orientation" : 19
  }, {
    "shape" : "11412c5c-0054-4503-b3c6-83d762884fde",
    "color" : "#DC4C00",
    "position" : {
      "x" : 20.871323,
      "y" : -2.118034,
      "z" : 21.371323
    },
    "orientation" : 1
  }, {
    "shape" : "21ed0dc0-3ebd-4940-80e3-3891636b5a14",
    "color" : "#FFFFFF",
    "position" : {
      "x" : -7.663119,
      "y" : -12.399187,
      "z" : 26.916409
    }
  }, {
    "shape" : "11412c5c-0054-4503-b3c6-83d762884fde",
    "color" : "#DC4C00",
    "position" : {
      "x" : -26.916409,
      "y" : -7.663119,
      "z" : 12.399187
    },
    "orientation" : 58
  }, {
    "shape" : "11412c5c-0054-4503-b3c6-83d762884fde",
    "color" : "#DC4C00",
    "position" : {
      "x" : 22.18034,
      "y" : -11.09017,
      "z" : -17.944271
    },
    "orientation" : 11
  }, {
    "shape" : "11412c5c-0054-4503-b3c6-83d762884fde",
    "color" : "#DC4C00",
    "position" : {
      "x" : -22.18034,
      "y" : -11.09017,
      "z" : 17.944271
    },
    "orientation" : 21
  }, {
    "shape" : "21ed0dc0-3ebd-4940-80e3-3891636b5a14",
    "color" : "#FFFFFF",
    "position" : {
      "x" : 30.343458,
      "y" : -2.118034,
      "z" : 3.427051
    }
  }, {
    "shape" : "11412c5c-0054-4503-b3c6-83d762884fde",
    "color" : "#DC4C00",
    "position" : {
      "x" : 15.826238,
      "y" : -25.607391,
      "z" : 5.545085
    },
    "orientation" : 32
  }, {
    "shape" : "11412c5c-0054-4503-b3c6-83d762884fde",
    "color" : "#DC4C00",
    "position" : {
      "x" : 20.871323,
      "y" : -2.118034,
      "z" : 21.371323
    },
    "orientation" : 26
  }, {
    "shape" : "11412c5c-0054-4503-b3c6-83d762884fde",
    "color" : "#DC4C00",
    "position" : {
      "x" : 6.854102,
      "y" : -24.798374,
      "z" : 15.326238
    },
    "orientation" : 35
  }, {
    "shape" : "21ed0dc0-3ebd-4940-80e3-3891636b5a14",
    "color" : "#FFFFFF",
    "position" : {
      "x" : -21.371323,
      "y" : -20.871323,
      "z" : -2.118034
    }
  }, {
    "shape" : "11412c5c-0054-4503-b3c6-83d762884fde",
    "color" : "#DC4C00",
    "position" : {
      "x" : 21.371323,
      "y" : 20.871323,
      "z" : -2.118034
    },
    "orientation" : 2
  }, {
    "shape" : "21ed0dc0-3ebd-4940-80e3-3891636b5a14",
    "color" : "#FFFFFF",
    "position" : {
      "x" : 0.0,
      "y" : -11.09017,
      "z" : -29.034441
    }
  }, {
    "shape" : "21ed0dc0-3ebd-4940-80e3-3891636b5a14",
    "color" : "#FFFFFF",
    "position" : {
      "x" : -15.826238,
      "y" : -25.607391,
      "z" : -5.545085
    }
  }, {
    "shape" : "11412c5c-0054-4503-b3c6-83d762884fde",
    "color" : "#DC4C00",
    "position" : {
      "x" : -15.826238,
      "y" : -25.607391,
      "z" : -5.545085
    },
    "orientation" : 5
  }, {
    "shape" : "11412c5c-0054-4503-b3c6-83d762884fde",
    "color" : "#DC4C00",
    "position" : {
      "x" : -7.663119,
      "y" : 12.399187,
      "z" : -26.916409
    },
    "orientation" : 27
  }, {
    "shape" : "21ed0dc0-3ebd-4940-80e3-3891636b5a14",
    "color" : "#FFFFFF",
    "position" : {
      "x" : 5.545085,
      "y" : 26.916409,
      "z" : 11.899187
    }
  }, {
    "shape" : "11412c5c-0054-4503-b3c6-83d762884fde",
    "color" : "#DC4C00",
    "position" : {
      "x" : 26.916409,
      "y" : 7.663119,
      "z" : 12.399187
    },
    "orientation" : 28
  }, {
    "shape" : "21ed0dc0-3ebd-4940-80e3-3891636b5a14",
    "color" : "#FFFFFF",
    "position" : {
      "x" : -30.343458,
      "y" : 2.118034,
      "z" : 3.427051
    }
  }, {
    "shape" : "11412c5c-0054-4503-b3c6-83d762884fde",
    "color" : "#DC4C00",
    "position" : {
      "x" : 13.208204,
      "y" : 14.5172205,
      "z" : -23.489357
    },
    "orientation" : 57
  }, {
    "shape" : "21ed0dc0-3ebd-4940-80e3-3891636b5a14",
    "color" : "#FFFFFF",
    "position" : {
      "x" : 30.343458,
      "y" : 2.118034,
      "z" : -3.427051
    }
  }, {
    "shape" : "21ed0dc0-3ebd-4940-80e3-3891636b5a14",
    "color" : "#FFFFFF",
    "position" : {
      "x" : -23.489357,
      "y" : 13.208204,
      "z" : 14.5172205
    }
  }, {
    "shape" : "11412c5c-0054-4503-b3c6-83d762884fde",
    "color" : "#DC4C00",
    "position" : {
      "x" : 15.326238,
      "y" : 6.854102,
      "z" : -24.798374
    },
    "orientation" : 1
  }, {
    "shape" : "21ed0dc0-3ebd-4940-80e3-3891636b5a14",
    "color" : "#FFFFFF",
    "position" : {
      "x" : -26.916409,
      "y" : 7.663119,
      "z" : -12.399187
    }
  }, {
    "shape" : "11412c5c-0054-4503-b3c6-83d762884fde",
    "color" : "#DC4C00",
    "position" : {
      "x" : 26.916409,
      "y" : 11.899187,
      "z" : 5.545085
    },
    "orientation" : 29
  }, {
    "shape" : "11412c5c-0054-4503-b3c6-83d762884fde",
    "color" : "#DC4C00",
    "position" : {
      "x" : 2.118034,
      "y" : 28.225426,
      "z" : -9.781153
    },
    "orientation" : 14
  }, {
    "shape" : "21ed0dc0-3ebd-4940-80e3-3891636b5a14",
    "color" : "#FFFFFF",
    "position" : {
      "x" : -17.944271,
      "y" : 17.944271,
      "z" : -17.944271
    }
  }, {
    "shape" : "11412c5c-0054-4503-b3c6-83d762884fde",
    "color" : "#DC4C00",
    "position" : {
      "x" : -11.899187,
      "y" : -5.545085,
      "z" : 26.916409
    },
    "orientation" : 13
  }, {
    "shape" : "11412c5c-0054-4503-b3c6-83d762884fde",
    "color" : "#DC4C00",
    "position" : {
      "x" : -28.225426,
      "y" : -9.781153,
      "z" : -2.118034
    },
    "orientation" : 58
  }, {
    "shape" : "21ed0dc0-3ebd-4940-80e3-3891636b5a14",
    "color" : "#FFFFFF",
    "position" : {
      "x" : 3.427051,
      "y" : 30.343458,
      "z" : -2.118034
    }
  }, {
    "shape" : "11412c5c-0054-4503-b3c6-83d762884fde",
    "color" : "#DC4C00",
    "position" : {
      "x" : 11.09017,
      "y" : 17.944271,
      "z" : 22.18034
    },
    "orientation" : 23
  }, {
    "shape" : "11412c5c-0054-4503-b3c6-83d762884fde",
    "color" : "#DC4C00",
    "position" : {
      "x" : -6.854102,
      "y" : -24.798374,
      "z" : -15.326238
    },
    "orientation" : 20
  }, {
    "shape" : "21ed0dc0-3ebd-4940-80e3-3891636b5a14",
    "color" : "#FFFFFF",
    "position" : {
      "x" : -29.034441,
      "y" : 0.0,
      "z" : -11.09017
    }
