{
  "lighting": {
    "backgroundColor": "#8CC2E7",
    "ambientColor": "#333333",
    "directionalLights": [
      {
        "direction": [
          1,
          -1,
          -0.3
        ],
        "color": "#FDFDFD"
      },
      {
        "direction": [
          -1,
          0,
          -0.2
        ],
        "color": "#B5B5B5"
      },
      {
        "direction": [
          0,
          0,
          -1
        ],
        "color": "#303030"
      }
    ]
  },
  "embedding": [
    1,
    0,
    0,
    0,
    0,
    1,
    0,
    0,
    0,
    0,
    1,
    0,
    0,
    0,
    0,
    1
  ],
  "orientations": [
    [
      1,
      0,
      0,
      0,
      0,
      1,
      0,
      0,
      0,
      0,
      1,
      0,
      0,
      0,
      0,
      1
    ],
    [
      0,
      0,
      1,
      0,
      1,
      0,
      0,
      0,
      0,
      1,
      0,
      0,
      0,
      0,
      0,
      1
    ],
    [
      0,
      1,
      0,
      0,
      0,
      0,
      1,
      0,
      1,
      0,
      0,
      0,
      0,
      0,
      0,
      1
    ],
    [
      0.8090169943749475,
      0.30901699437494745,
      0.5,
      0,
      0.30901699437494745,
      0.5,
      -0.8090169943749475,
      0,
      -0.5,
      0.8090169943749475,
      0.30901699437494745,
      0,
      0,
      0,
      0,
      1
    ],
    [
      -0.5,
      0.8090169943749475,
      0.30901699437494745,
      0,
      0.8090169943749475,
      0.30901699437494745,
      0.5,
      0,
      0.30901699437494745,
      0.5,
      -0.8090169943749475,
      0,
      0,
      0,
      0,
      1
    ],
    [
      0.30901699437494745,
      0.5,
      -0.8090169943749475,
      0,
      -0.5,
      0.8090169943749475,
      0.30901699437494745,
      0,
      0.8090169943749475,
      0.30901699437494745,
      0.5,
      0,
      0,
      0,
      0,
      1
    ],
    [
      0.5,
      0.8090169943749475,
      0.30901699437494745,
      0,
      0.8090169943749475,
      -0.30901699437494745,
      -0.5,
      0,
      -0.30901699437494745,
      0.5,
      -0.8090169943749475,
      0,
      0,
      0,
      0,
      1
    ],
    [
      -0.30901699437494745,
      0.5,
      -0.8090169943749475,
      0,
      0.5,
      0.8090169943749475,
      0.30901699437494745,
      0,
      0.8090169943749475,
      -0.30901699437494745,
      -0.5,
      0,
      0,
      0,
      0,
      1
    ],
    [
      0.8090169943749475,
      -0.30901699437494745,
      -0.5,
      0,
      -0.30901699437494745,
      0.5,
      -0.8090169943749475,
      0,
      0.5,
      0.8090169943749475,
      0.30901699437494745,
      0,
      0,
      0,
      0,
      1
    ],
    [
      0.5,
      0.8090169943749475,
      -0.30901699437494745,
      0,
      0.8090169943749475,
      -0.30901699437494745,
      0.5,
      0,
      0.30901699437494745,
      -0.5,
      -0.8090169943749475,
      0,
      0,
      0,
      0,
      1
    ],
    [
      0.30901699437494745,
      -0.5,
      -0.8090169943749475,
      0,
      0.5,
      0.8090169943749475,
      -0.30901699437494745,
      0,
      0.8090169943749475,
      -0.30901699437494745,
      0.5,
      0,
      0,
      0,
      0,
      1
    ],
    [
      0.8090169943749475,
      -0.30901699437494745,
      0.5,
      0,
      0.30901699437494745,
      -0.5,
      -0.8090169943749475,
      0,
      0.5,
      0.8090169943749475,
      -0.30901699437494745,
      0,
      0,
      0,
      0,
      1
    ],
    [
      0.8090169943749475,
      0.30901699437494745,
      -0.5,
      0,
      0.30901699437494745,
      0.5,
      0.8090169943749475,
      0,
      0.5,
      -0.8090169943749475,
      0.30901699437494745,
      0,
      0,
      0,
      0,
      1
    ],
    [
      0.5,
      -0.8090169943749475,
      0.30901699437494745,
      0,
      0.8090169943749475,
      0.30901699437494745,
      -0.5,
      0,
      0.30901699437494745,
      0.5,
      0.8090169943749475,
      0,
      0,
      0,
      0,
      1
    ],
    [
      0.30901699437494745,
      0.5,
      0.8090169943749475,
      0,
      0.5,
      -0.8090169943749475,
      0.30901699437494745,
      0,
      0.8090169943749475,
      0.30901699437494745,
      -0.5,
      0,
      0,
      0,
      0,
      1
    ],
    [
      1,
      0,
      0,
      0,
      0,
      -1,
      0,
      0,
      0,
      0,
      -1,
      0,
      0,
      0,
      0,
      1
    ],
    [
      0,
      0,
      1,
      0,
      -1,
      0,
      0,
      0,
      0,
      -1,
      0,
      0,
      0,
      0,
      0,
      1
    ],
    [
      0,
      1,
      0,
      0,
      0,
      0,
      -1,
      0,
      -1,
      0,
      0,
      0,
      0,
      0,
      0,
      1
    ],
    [
      0.8090169943749475,
      0.30901699437494745,
      0.5,
      0,
      -0.30901699437494745,
      -0.5,
      0.8090169943749475,
      0,
      0.5,
      -0.8090169943749475,
      -0.30901699437494745,
      0,
      0,
      0,
      0,
      1
    ],
    [
      -0.5,
      0.8090169943749475,
      0.30901699437494745,
      0,
      -0.8090169943749475,
      -0.30901699437494745,
      -0.5,
      0,
      -0.30901699437494745,
      -0.5,
      0.8090169943749475,
      0,
      0,
      0,
      0,
      1
    ],
    [
      0.30901699437494745,
      0.5,
      -0.8090169943749475,
      0,
      0.5,
      -0.8090169943749475,
      -0.30901699437494745,
      0,
      -0.8090169943749475,
      -0.30901699437494745,
      -0.5,
      0,
      0,
      0,
      0,
      1
    ],
    [
      0.5,
      0.8090169943749475,
      0.30901699437494745,
      0,
      -0.8090169943749475,
      0.30901699437494745,
      0.5,
      0,
      0.30901699437494745,
      -0.5,
      0.8090169943749475,
      0,
      0,
      0,
      0,
      1
    ],
    [
      -0.30901699437494745,
      0.5,
      -0.8090169943749475,
      0,
      -0.5,
      -0.8090169943749475,
      -0.30901699437494745,
      0,
      -0.8090169943749475,
      0.30901699437494745,
      0.5,
      0,
      0,
      0,
      0,
      1
    ],
    [
      0.8090169943749475,
      -0.30901699437494745,
      -0.5,
      0,
      0.30901699437494745,
      -0.5,
      0.8090169943749475,
      0,
      -0.5,
      -0.8090169943749475,
      -0.30901699437494745,
      0,
      0,
      0,
      0,
      1
    ],
    [
      0.5,
      0.8090169943749475,
      -0.30901699437494745,
      0,
      -0.8090169943749475,
      0.30901699437494745,
      -0.5,
      0,
      -0.30901699437494745,
      0.5,
      0.8090169943749475,
      0,
      0,
      0,
      0,
      1
    ],
    [
      0.30901699437494745,
      -0.5,
      -0.8090169943749475,
      0,
      -0.5,
      -0.8090169943749475,
      0.30901699437494745,
      0,
      -0.8090169943749475,
      0.30901699437494745,
      -0.5,
      0,
      0,
      0,
      0,
      1
    ],
    [
      0.8090169943749475,
      -0.30901699437494745,
      0.5,
      0,
      -0.30901699437494745,
      0.5,
      0.8090169943749475,
      0,
      -0.5,
      -0.8090169943749475,
      0.30901699437494745,
      0,
      0,
      0,
      0,
      1
    ],
    [
      0.8090169943749475,
      0.30901699437494745,
      -0.5,
      0,
      -0.30901699437494745,
      -0.5,
      -0.8090169943749475,
      0,
      -0.5,
      0.8090169943749475,
      -0.30901699437494745,
      0,
      0,
      0,
      0,
      1
    ],
    [
      0.5,
      -0.8090169943749475,
      0.30901699437494745,
      0,
      -0.8090169943749475,
      -0.30901699437494745,
      0.5,
      0,
      -0.30901699437494745,
      -0.5,
      -0.8090169943749475,
      0,
      0,
      0,
      0,
      1
    ],
    [
      0.30901699437494745,
      0.5,
      0.8090169943749475,
      0,
      -0.5,
      0.8090169943749475,
      -0.30901699437494745,
      0,
      -0.8090169943749475,
      -0.30901699437494745,
      0.5,
      0,
      0,
      0,
      0,
      1
    ],
    [
      -1,
      0,
      0,
      0,
      0,
      -1,
      0,
      0,
      0,
      0,
      1,
      0,
      0,
      0,
      0,
      1
    ],
    [
      0,
      0,
      -1,
      0,
      -1,
      0,
      0,
      0,
      0,
      1,
      0,
      0,
      0,
      0,
      0,
      1
    ],
    [
      0,
      -1,
      0,
      0,
      0,
      0,
      -1,
      0,
      1,
      0,
      0,
      0,
      0,
      0,
      0,
      1
    ],
    [
      -0.8090169943749475,
      -0.30901699437494745,
      -0.5,
      0,
      -0.30901699437494745,
      -0.5,
      0.8090169943749475,
      0,
      -0.5,
      0.8090169943749475,
      0.30901699437494745,
      0,
      0,
      0,
      0,
      1
    ],
    [
      0.5,
      -0.8090169943749475,
      -0.30901699437494745,
      0,
      -0.8090169943749475,
      -0.30901699437494745,
      -0.5,
      0,
      0.30901699437494745,
      0.5,
      -0.8090169943749475,
      0,
      0,
      0,
      0,
      1
    ],
    [
      -0.30901699437494745,
      -0.5,
      0.8090169943749475,
      0,
      0.5,
      -0.8090169943749475,
      -0.30901699437494745,
      0,
      0.8090169943749475,
      0.30901699437494745,
      0.5,
      0,
      0,
      0,
      0,
      1
    ],
    [
      -0.5,
      -0.8090169943749475,
      -0.30901699437494745,
      0,
      -0.8090169943749475,
      0.30901699437494745,
      0.5,
      0,
      -0.30901699437494745,
      0.5,
      -0.8090169943749475,
      0,
      0,
      0,
      0,
      1
    ],
    [
      0.30901699437494745,
      -0.5,
      0.8090169943749475,
      0,
      -0.5,
      -0.8090169943749475,
      -0.30901699437494745,
      0,
      0.8090169943749475,
      -0.30901699437494745,
      -0.5,
      0,
      0,
      0,
      0,
      1
    ],
    [
      -0.8090169943749475,
      0.30901699437494745,
      0.5,
      0,
      0.30901699437494745,
      -0.5,
      0.8090169943749475,
      0,
      0.5,
      0.8090169943749475,
      0.30901699437494745,
      0,
      0,
      0,
      0,
      1
    ],
    [
      -0.5,
      -0.8090169943749475,
      0.30901699437494745,
      0,
      -0.8090169943749475,
      0.30901699437494745,
      -0.5,
      0,
      0.30901699437494745,
      -0.5,
      -0.8090169943749475,
      0,
      0,
      0,
      0,
      1
    ],
    [
      -0.30901699437494745,
      0.5,
      0.8090169943749475,
      0,
      -0.5,
      -0.8090169943749475,
      0.30901699437494745,
      0,
      0.8090169943749475,
      -0.30901699437494745,
      0.5,
      0,
      0,
      0,
      0,
      1
    ],
    [
      -0.8090169943749475,
      0.30901699437494745,
      -0.5,
      0,
      -0.30901699437494745,
      0.5,
      0.8090169943749475,
      0,
      0.5,
      0.8090169943749475,
      -0.30901699437494745,
      0,
      0,
      0,
      0,
      1
    ],
    [
      -0.8090169943749475,
      -0.30901699437494745,
      0.5,
      0,
      -0.30901699437494745,
      -0.5,
      -0.8090169943749475,
      0,
      0.5,
      -0.8090169943749475,
      0.30901699437494745,
      0,
      0,
      0,
      0,
      1
    ],
    [
      -0.5,
      0.8090169943749475,
      -0.30901699437494745,
      0,
      -0.8090169943749475,
      -0.30901699437494745,
      0.5,
      0,
      0.30901699437494745,
      0.5,
      0.8090169943749475,
      0,
      0,
      0,
      0,
      1
    ],
    [
      -0.30901699437494745,
      -0.5,
      -0.8090169943749475,
      0,
      -0.5,
      0.8090169943749475,
      -0.30901699437494745,
      0,
      0.8090169943749475,
      0.30901699437494745,
      -0.5,
      0,
      0,
      0,
      0,
      1
    ],
    [
      -1,
      0,
      0,
      0,
      0,
      1,
      0,
      0,
      0,
      0,
      -1,
      0,
      0,
      0,
      0,
      1
    ],
    [
      0,
      0,
      -1,
      0,
      1,
      0,
      0,
      0,
      0,
      -1,
      0,
      0,
      0,
      0,
      0,
      1
    ],
    [
      0,
      -1,
      0,
      0,
      0,
      0,
      1,
      0,
      -1,
      0,
      0,
      0,
      0,
      0,
      0,
      1
    ],
    [
      -0.8090169943749475,
      -0.30901699437494745,
      -0.5,
      0,
      0.30901699437494745,
      0.5,
      -0.8090169943749475,
      0,
      0.5,
      -0.8090169943749475,
      -0.30901699437494745,
      0,
      0,
      0,
      0,
      1
    ],
    [
      0.5,
      -0.8090169943749475,
      -0.30901699437494745,
      0,
      0.8090169943749475,
      0.30901699437494745,
      0.5,
      0,
      -0.30901699437494745,
      -0.5,
      0.8090169943749475,
      0,
      0,
      0,
      0,
      1
    ],
    [
      -0.30901699437494745,
      -0.5,
      0.8090169943749475,
      0,
      -0.5,
      0.8090169943749475,
      0.30901699437494745,
      0,
      -0.8090169943749475,
      -0.30901699437494745,
      -0.5,
      0,
      0,
      0,
      0,
      1
    ],
    [
      -0.5,
      -0.8090169943749475,
      -0.30901699437494745,
      0,
      0.8090169943749475,
      -0.30901699437494745,
      -0.5,
      0,
      0.30901699437494745,
      -0.5,
      0.8090169943749475,
      0,
      0,
      0,
      0,
      1
    ],
    [
      0.30901699437494745,
      -0.5,
      0.8090169943749475,
      0,
      0.5,
      0.8090169943749475,
      0.30901699437494745,
      0,
      -0.8090169943749475,
      0.30901699437494745,
      0.5,
      0,
      0,
      0,
      0,
      1
    ],
    [
      -0.8090169943749475,
      0.30901699437494745,
      0.5,
      0,
      -0.30901699437494745,
      0.5,
      -0.8090169943749475,
      0,
      -0.5,
      -0.8090169943749475,
      -0.30901699437494745,
      0,
      0,
      0,
      0,
      1
    ],
    [
      -0.5,
      -0.8090169943749475,
      0.30901699437494745,
      0,
      0.8090169943749475,
      -0.30901699437494745,
      0.5,
      0,
      -0.30901699437494745,
      0.5,
      0.8090169943749475,
      0,
      0,
      0,
      0,
      1
    ],
    [
      -0.30901699437494745,
      0.5,
      0.8090169943749475,
      0,
      0.5,
      0.8090169943749475,
      -0.30901699437494745,
      0,
      -0.8090169943749475,
      0.30901699437494745,
      -0.5,
      0,
      0,
      0,
      0,
      1
    ],
    [
      -0.8090169943749475,
      0.30901699437494745,
      -0.5,
      0,
      0.30901699437494745,
      -0.5,
      -0.8090169943749475,
      0,
      -0.5,
      -0.8090169943749475,
      0.30901699437494745,
      0,
      0,
      0,
      0,
      1
    ],
    [
      -0.8090169943749475,
      -0.30901699437494745,
      0.5,
      0,
      0.30901699437494745,
      0.5,
      0.8090169943749475,
      0,
      -0.5,
      0.8090169943749475,
      -0.30901699437494745,
      0,
      0,
      0,
      0,
      1
    ],
    [
      -0.5,
      0.8090169943749475,
      -0.30901699437494745,
      0,
      0.8090169943749475,
      0.30901699437494745,
      -0.5,
      0,
      -0.30901699437494745,
      -0.5,
      -0.8090169943749475,
      0,
      0,
      0,
      0,
      1
    ],
    [
      -0.30901699437494745,
      -0.5,
      -0.8090169943749475,
      0,
      0.5,
      -0.8090169943749475,
      0.30901699437494745,
      0,
      -0.8090169943749475,
      -0.30901699437494745,
      0.5,
      0,
      0,
      0,
      0,
      1
    ]
  ],
  "polygons": true,
  "shapes": {
    "s0.9405855122331677": {
      "id": "s0.9405855122331677",
      "vertices": [
        {
          "x": 0.30901700258255005,
          "y": -0.80901700258255,
          "z": 0.6180340051651001
        },
        {
          "x": 0.80901700258255,
          "y": -0.6180340051651001,
          "z": 0.30901700258255005
        },
        {
          "x": 0.6180340051651001,
          "y": -0.30901700258255005,
          "z": 0.80901700258255
        },
        {
          "x": 1,
          "y": 0.30901700258255005,
          "z": 0.19098301231861115
        },
        {
          "x": 0.80901700258255,
          "y": 0.6180340051651001,
          "z": 0.30901700258255005
        },
        {
          "x": 0.6180340051651001,
          "y": 0.30901700258255005,
          "z": 0.80901700258255
        },
        {
          "x": 0.80901700258255,
          "y": 0,
          "z": 0.69098299741745
        },
        {
          "x": 0.19098301231861115,
          "y": -1,
          "z": 0.30901700258255005
        },
        {
          "x": -0.19098301231861115,
          "y": -1,
          "z": 0.30901700258255005
        },
        {
          "x": -0.19098301231861115,
          "y": -1,
          "z": -0.30901700258255005
        },
        {
          "x": 0.19098301231861115,
          "y": -1,
          "z": -0.30901700258255005
        },
        {
          "x": 1,
          "y": -0.30901700258255005,
          "z": -0.19098301231861115
        },
        {
          "x": 0.80901700258255,
          "y": -0.6180340051651001,
          "z": -0.30901700258255005
        },
        {
          "x": 0.6180340051651001,
          "y": -0.30901700258255005,
          "z": -0.80901700258255
        },
        {
          "x": 0.80901700258255,
          "y": 0,
          "z": -0.69098299741745
        },
        {
          "x": 0,
          "y": 0.69098299741745,
          "z": -0.80901700258255
        },
        {
          "x": 0.30901700258255005,
          "y": 0.80901700258255,
          "z": -0.6180340051651001
        },
        {
          "x": 0.6180340051651001,
          "y": 0.30901700258255005,
          "z": -0.80901700258255
        },
        {
          "x": 0.30901700258255005,
          "y": 0.19098301231861115,
          "z": -1
        },
        {
          "x": 1,
          "y": 0.30901700258255005,
          "z": -0.19098301231861115
        },
        {
          "x": -0.30901700258255005,
          "y": -0.80901700258255,
          "z": 0.6180340051651001
        },
        {
          "x": 0,
          "y": -0.69098299741745,
          "z": 0.80901700258255
        },
        {
          "x": 0.80901700258255,
          "y": 0.6180340051651001,
          "z": -0.30901700258255005
        },
        {
          "x": 0.69098299741745,
          "y": 0.80901700258255,
          "z": 0
        },
        {
          "x": -0.69098299741745,
          "y": 0.80901700258255,
          "z": 0
        },
        {
          "x": -0.80901700258255,
          "y": 0.6180340051651001,
          "z": 0.30901700258255005
        },
        {
          "x": -0.30901700258255005,
          "y": 0.80901700258255,
          "z": 0.6180340051651001
        },
        {
          "x": -0.19098301231861115,
          "y": 1,
          "z": 0.30901700258255005
        },
        {
          "x": 0.30901700258255005,
          "y": -0.19098301231861115,
          "z": -1
        },
        {
          "x": 0.19098301231861115,
          "y": 1,
          "z": 0.30901700258255005
        },
        {
          "x": 0.30901700258255005,
          "y": 0.80901700258255,
          "z": 0.6180340051651001
        },
        {
          "x": -0.80901700258255,
          "y": -0.6180340051651001,
          "z": 0.30901700258255005
        },
        {
          "x": -0.69098299741745,
          "y": -0.80901700258255,
          "z": 0
        },
        {
          "x": 0,
          "y": 0.69098299741745,
          "z": 0.80901700258255
        },
        {
          "x": 0.30901700258255005,
          "y": -0.80901700258255,
          "z": -0.6180340051651001
        },
        {
          "x": 0,
          "y": -0.69098299741745,
          "z": -0.80901700258255
        },
        {
          "x": -1,
          "y": 0.30901700258255005,
          "z": 0.19098301231861115
        },
        {
          "x": -0.80901700258255,
          "y": 0,
          "z": 0.69098299741745
        },
        {
          "x": -0.6180340051651001,
          "y": 0.30901700258255005,
          "z": 0.80901700258255
        },
        {
          "x": 1,
          "y": -0.30901700258255005,
          "z": 0.19098301231861115
        },
        {
          "x": -0.30901700258255005,
          "y": -0.80901700258255,
          "z": -0.6180340051651001
        },
        {
          "x": -1,
          "y": 0.30901700258255005,
          "z": -0.19098301231861115
        },
        {
          "x": -1,
          "y": -0.30901700258255005,
          "z": -0.19098301231861115
        },
        {
          "x": -1,
          "y": -0.30901700258255005,
          "z": 0.19098301231861115
        },
        {
          "x": 0.19098301231861115,
          "y": 1,
          "z": -0.30901700258255005
        },
        {
          "x": -0.80901700258255,
          "y": 0.6180340051651001,
          "z": -0.30901700258255005
        },
        {
          "x": -0.19098301231861115,
          "y": 1,
          "z": -0.30901700258255005
        },
        {
          "x": -0.30901700258255005,
          "y": 0.80901700258255,
          "z": -0.6180340051651001
        },
        {
          "x": -0.6180340051651001,
          "y": -0.30901700258255005,
          "z": 0.80901700258255
        },
        {
          "x": 0.30901700258255005,
          "y": 0.19098301231861115,
          "z": 1
        },
        {
          "x": -0.30901700258255005,
          "y": 0.19098301231861115,
          "z": -1
        },
        {
          "x": -0.30901700258255005,
          "y": 0.19098301231861115,
          "z": 1
        },
        {
          "x": -0.30901700258255005,
          "y": -0.19098301231861115,
          "z": 1
        },
        {
          "x": 0.30901700258255005,
          "y": -0.19098301231861115,
          "z": 1
        },
        {
          "x": 0.69098299741745,
          "y": -0.80901700258255,
          "z": 0
        },
        {
          "x": -0.80901700258255,
          "y": 0,
          "z": -0.69098299741745
        },
        {
          "x": -0.6180340051651001,
          "y": -0.30901700258255005,
          "z": -0.80901700258255
        },
        {
          "x": -0.30901700258255005,
          "y": -0.19098301231861115,
          "z": -1
        },
        {
          "x": -0.6180340051651001,
          "y": 0.30901700258255005,
          "z": -0.80901700258255
        },
        {
          "x": -0.80901700258255,
          "y": -0.6180340051651001,
          "z": -0.30901700258255005
        }
      ],
      "faces": [
        {
          "vertices": [
            0,
            1,
            2
          ]
        },
        {
          "vertices": [
            3,
            4,
            5,
            6
          ]
        },
        {
          "vertices": [
            7,
            8,
            9,
            10
          ]
        },
        {
          "vertices": [
            11,
            12,
            13,
            14
          ]
        },
        {
          "vertices": [
            15,
            16,
            17,
            18
          ]
        },
        {
          "vertices": [
            11,
            14,
            19
          ]
        },
        {
          "vertices": [
            0,
            21,
            20,
            8,
            7
          ]
        },
        {
          "vertices": [
            3,
            19,
            22,
            23,
            4
          ]
        },
        {
          "vertices": [
            7,
            10,
            54
          ]
        },
        {
          "vertices": [
            24,
            25,
            26,
            27
          ]
        },
        {
          "vertices": [
            13,
            28,
            18,
            17,
            14
          ]
        },
        {
          "vertices": [
            4,
            23,
            29,
            30
          ]
        },
        {
          "vertices": [
            8,
            20,
            31,
            32
          ]
        },
        {
          "vertices": [
            26,
            33,
            30,
            29,
            27
          ]
        },
        {
          "vertices": [
            13,
            34,
            35,
            28
          ]
        },
        {
          "vertices": [
            10,
            34,
            12,
            54
          ]
        },
        {
          "vertices": [
            25,
            36,
            37,
            38
          ]
        },
        {
          "vertices": [
            3,
            6,
            39
          ]
        },
        {
          "vertices": [
            1,
            39,
            6,
            2
          ]
        },
        {
          "vertices": [
            9,
            40,
            35,
            34,
            10
          ]
        },
        {
          "vertices": [
            36,
            41,
            42,
            43
          ]
        },
        {
          "vertices": [
            24,
            46,
            47,
            45
          ]
        },
        {
          "vertices": [
            23,
            44,
            29
          ]
        },
        {
          "vertices": [
            24,
            45,
            41,
            36,
            25
          ]
        },
        {
          "vertices": [
            20,
            48,
            31
          ]
        },
        {
          "vertices": [
            5,
            30,
            33,
            49
          ]
        },
        {
          "vertices": [
            1,
            54,
            12,
            11,
            39
          ]
        },
        {
          "vertices": [
            15,
            18,
            50
          ]
        },
        {
          "vertices": [
            49,
            51,
            52,
            53
          ]
        },
        {
          "vertices": [
            33,
            51,
            49
          ]
        },
        {
          "vertices": [
            15,
            47,
            46,
            44,
            16
          ]
        },
        {
          "vertices": [
            12,
            34,
            13
          ]
        },
        {
          "vertices": [
            27,
            29,
            44,
            46
          ]
        },
        {
          "vertices": [
            4,
            30,
            5
          ]
        },
        {
          "vertices": [
            2,
            6,
            5,
            49,
            53
          ]
        },
        {
          "vertices": [
            41,
            55,
            42
          ]
        },
        {
          "vertices": [
            35,
            40,
            56,
            57
          ]
        },
        {
          "vertices": [
            18,
            28,
            57,
            50
          ]
        },
        {
          "vertices": [
            50,
            57,
            56,
            55,
            58
          ]
        },
        {
          "vertices": [
            0,
            7,
            54,
            1
          ]
        },
        {
          "vertices": [
            15,
            50,
            58,
            47
          ]
        },
        {
          "vertices": [
            24,
            27,
            46
          ]
        },
        {
          "vertices": [
            21,
            53,
            52
          ]
        },
        {
          "vertices": [
            45,
            47,
            58
          ]
        },
        {
          "vertices": [
            3,
            39,
            11,
            19
          ]
        },
        {
          "vertices": [
            14,
            17,
            22,
            19
          ]
        },
        {
          "vertices": [
            37,
            48,
            52,
            51,
            38
          ]
        },
        {
          "vertices": [
            16,
            44,
            23,
            22
          ]
        },
        {
          "vertices": [
            9,
            32,
            59,
            40
          ]
        },
        {
          "vertices": [
            26,
            38,
            51,
            33
          ]
        },
        {
          "vertices": [
            0,
            2,
            53,
            21
          ]
        },
        {
          "vertices": [
            41,
            45,
            58,
            55
          ]
        },
        {
          "vertices": [
            8,
            32,
            9
          ]
        },
        {
          "vertices": [
            16,
            22,
            17
          ]
        },
        {
          "vertices": [
            28,
            35,
            57
          ]
        },
        {
          "vertices": [
            40,
            59,
            56
          ]
        },
        {
          "vertices": [
            25,
            38,
            26
          ]
        },
        {
          "vertices": [
            20,
            21,
            52,
            48
          ]
        },
        {
          "vertices": [
            42,
            55,
            56,
            59
          ]
        },
        {
          "vertices": [
            31,
            48,
            37,
            43
          ]
        },
        {
          "vertices": [
            31,
            43,
            42,
            59,
            32
          ]
        },
        {
          "vertices": [
            36,
            43,
            37
          ]
        }
      ],
      "zone": "Ball"
    },
    "s0.9000377098918397": {
      "id": "s0.9000377098918397",
      "vertices": [
        {
          "x": 9.376644134521484,
          "y": 3.3905763626098633,
          "z": -1.4860680103302002
        },
        {
          "x": 10.399187088012695,
          "y": 3.427051067352295,
          "z": -1.6180340051651
        },
        {
          "x": 9.376644134521484,
          "y": 3.3905763626098633,
          "z": -1.1041020154953003
        },
        {
          "x": 9.185661315917969,
          "y": 3.6995935440063477,
          "z": -1.6041020154953003
        },
        {
          "x": 9.185661315917969,
          "y": 3.6995935440063477,
          "z": -1.2221359014511108
        },
        {
          "x": 0.80901700258255,
          "y": 0.6180340051651001,
          "z": 0.30901700258255005
        },
        {
          "x": 1,
          "y": 0.30901700258255005,
          "z": 0.19098301231861115
        },
        {
          "x": 1.9045084714889526,
          "y": 0.5364745259284973,
          "z": -0.013932022266089916
        },
        {
          "x": 10.090169906616211,
          "y": 3.927051067352295,
          "z": -1.8090169429779053
        },
        {
          "x": 10.281152725219727,
          "y": 3.6180338859558105,
          "z": -1.9270509481430054
        },
        {
          "x": 10.281152725219727,
          "y": 3.6180338859558105,
          "z": -1.3090169429779053
        },
        {
          "x": 10.090169906616211,
          "y": 3.927051067352295,
          "z": -1.4270509481430054
        },
        {
          "x": 1.7135255336761475,
          "y": 0.8454915285110474,
          "z": -0.1319660097360611
        },
        {
          "x": 0.69098299741745,
          "y": 0.80901700258255,
          "z": 0
        },
        {
          "x": 1.9045084714889526,
          "y": 0.5364745259284973,
          "z": -0.3958980441093445
        },
        {
          "x": 1.7135255336761475,
          "y": 0.8454915285110474,
          "z": -0.5139320492744446
        },
        {
          "x": 0.80901700258255,
          "y": 0.6180340051651001,
          "z": -0.30901700258255005
        },
        {
          "x": 1,
          "y": 0.30901700258255005,
          "z": -0.19098301231861115
        },
        {
          "x": 11.090169906616211,
          "y": 4.236067771911621,
          "z": -1.6180340051651
        }
      ],
      "faces": [
        {
          "vertices": [
            0,
            1,
            2
          ]
        },
        {
          "vertices": [
            5,
            6,
            7
          ]
        },
        {
          "vertices": [
            3,
            8,
            9
          ]
        },
        {
          "vertices": [
            2,
            10,
            11,
            4
          ]
        },
        {
          "vertices": [
            2,
            4,
            12,
            7
          ]
        },
        {
          "vertices": [
            5,
            12,
            13
          ]
        },
        {
          "vertices": [
            0,
            2,
            7,
            14
          ]
        },
        {
          "vertices": [
            0,
            14,
            15,
            3
          ]
        },
        {
          "vertices": [
            3,
            15,
            12,
            4
          ]
        },
        {
          "vertices": [
            1,
            10,
            2
          ]
        },
        {
          "vertices": [
            0,
            3,
            9
          ]
        },
        {
          "vertices": [
            0,
            9,
            1
          ]
        },
        {
          "vertices": [
            13,
            15,
            16
          ]
        },
        {
          "vertices": [
            6,
            17,
            14,
            7
          ]
        },
        {
          "vertices": [
            12,
            15,
            13
          ]
        },
        {
          "vertices": [
            3,
            4,
            11,
            8
          ]
        },
        {
          "vertices": [
            5,
            7,
            12
          ]
        },
        {
          "vertices": [
            14,
            17,
            16,
            15
          ]
        }
      ],
      "zone": "icosahedral green 44"
    }
  },
  "instances": [
    {
      "id": "0.2804211638646483",
      "position": [
        0,
        0,
        0
      ],
      "orientation": -1,
      "color": "#ffffff",
      "selected": false,
      "shapeId": "s0.9405855122331677",
      "type": "ball",
      "label": null
    },
    {
      "id": "0.38043827287372833",
      "position": [
        0,
        0,
        0
      ],
      "orientation": 5,
      "color": "#008d36",
      "selected": false,
      "shapeId": "s0.9000377098918397",
      "type": "green1",
      "label": null
    },
    {
      "id": "0.7431010265164981",
      "position": [
        6.85410213470459,
        -2.6180338859558105,
        9.472135543823242
      ],
      "orientation": -1,
      "color": "#ffffff",
      "selected": false,
      "shapeId": "s0.9405855122331677",
      "type": "ball",
      "label": null
    },
    {
      "id": "0.3663683545701699",
      "position": [
        0,
        0,
        0
      ],
      "orientation": 3,
      "color": "#008d36",
      "selected": false,
      "shapeId": "s0.9000377098918397",
      "type": "green1",
      "label": null
    },
    {
      "id": "0.20219085374851264",
      "position": [
        9.472135543823242,
        6.85410213470459,
        -2.6180338859558105
      ],
      "orientation": -1,
      "color": "#ffffff",
      "selected": false,
      "shapeId": "s0.9405855122331677",
      "type": "ball",
      "label": null
    },
    {
      "id": "0.07247811393845405",
      "position": [
        0,
        0,
        0
      ],
      "orientation": 4,
      "color": "#008d36",
      "selected": false,
      "shapeId": "s0.9000377098918397",
      "type": "green1",
      "label": null
    },
    {
      "id": "0.38246610790968893",
      "position": [
        -2.6180338859558105,
        9.472135543823242,
        6.85410213470459
      ],
      "orientation": -1,
      "color": "#ffffff",
      "selected": false,
      "shapeId": "s0.9405855122331677",
      "type": "ball",
      "label": null
    },
    {
      "id": "0.04561608693966779",
      "position": [
        0,
        0,
        0
      ],
      "orientation": 24,
      "color": "#008d36",
      "selected": false,
      "shapeId": "s0.9000377098918397",
      "type": "green1",
      "label": null
    },
    {
      "id": "0.03031807277679044",
      "position": [
        9.472135543823242,
        -6.85410213470459,
        -2.6180338859558105
      ],
      "orientation": -1,
      "color": "#ffffff",
      "selected": false,
      "shapeId": "s0.9405855122331677",
      "type": "ball",
      "label": null
    },
    {
      "id": "0.06036389018770261",
      "position": [
        0,
        0,
        0
      ],
      "orientation": 55,
      "color": "#008d36",
      "selected": false,
      "shapeId": "s0.9000377098918397",
      "type": "green1",
      "label": null
    },
    {
      "id": "0.06492937736377291",
      "position": [
        -2.6180338859558105,
        9.472135543823242,
        -6.85410213470459
      ],
      "orientation": -1,
      "color": "#ffffff",
      "selected": false,
      "shapeId": "s0.9405855122331677",
      "type": "ball",
      "label": null
    },
    {
      "id": "0.2011627166436767",
      "position": [
        0,
        0,
        0
      ],
      "orientation": 41,
      "color": "#008d36",
      "selected": false,
      "shapeId": "s0.9000377098918397",
      "type": "green1",
      "label": null
    },
    {
      "id": "0.6627393412800906",
      "position": [
        -6.85410213470459,
        -2.6180338859558105,
        9.472135543823242
      ],
      "orientation": -1,
      "color": "#ffffff",
      "selected": false,
      "shapeId": "s0.9405855122331677",
      "type": "ball",
      "label": null
    },
    {
      "id": "0.1176813267925283",
      "position": [
        0,
        0,
        0
      ],
      "orientation": 17,
      "color": "#008d36",
      "selected": false,
      "shapeId": "s0.9000377098918397",
      "type": "green1",
      "label": null
    },
    {
      "id": "0.5000040789765001",
      "position": [
        4.236067771911621,
        1.6180340051651,
        -11.090169906616211
      ],
      "orientation": -1,
      "color": "#ffffff",
      "selected": false,
      "shapeId": "s0.9405855122331677",
      "type": "ball",
      "label": null
    },
    {
      "id": "0.4500541598952845",
      "position": [
        0,
        0,
        0
      ],
      "orientation": 45,
      "color": "#008d36",
      "selected": false,
      "shapeId": "s0.9000377098918397",
      "type": "green1",
      "label": null
    },
    {
      "id": "0.373019894717298",
      "position": [
        -11.090169906616211,
        4.236067771911621,
        1.6180340051651
      ],
      "orientation": -1,
      "color": "#ffffff",
      "selected": false,
      "shapeId": "s0.9405855122331677",
      "type": "ball",
      "label": null
    },
    {
      "id": "0.5916620172788196",
      "position": [
        0,
        0,
        0
      ],
      "orientation": 31,
      "color": "#008d36",
      "selected": false,
      "shapeId": "s0.9000377098918397",
      "type": "green1",
      "label": null
    },
    {
      "id": "0.9962207335068198",
      "position": [
        1.6180340051651,
        -11.090169906616211,
        4.236067771911621
      ],
      "orientation": -1,
      "color": "#ffffff",
      "selected": false,
      "shapeId": "s0.9405855122331677",
      "type": "ball",
      "label": null
    },
    {
      "id": "0.07385426507849435",
