{
  "format": "online",
  "lighting": {
    "backgroundColor": "#afc8dc",
    "ambientColor": "#333333",
    "directionalLights": [
      {
        "direction": [
          1,
          -1,
          -0.3
        ],
        "color": "#FDFDFD"
      },
      {
        "direction": [
          -1,
          0,
          -0.2
        ],
        "color": "#B5B5B5"
      },
      {
        "direction": [
          0,
          0,
          -1
        ],
        "color": "#303030"
      }
    ]
  },
  "camera": {
    "near": 0.14300942409730322,
    "far": 308.90035605017493,
    "width": 69.50258011128936,
    "distance": 154.45017802508747,
    "up": [
      -0.4466842433477532,
      0.8229546580371156,
      -0.3510253802217978
    ],
    "lookAt": [
      0,
      0,
      0
    ],
    "lookDir": [
      0.7186850207100955,
      0.09635993597587074,
      -0.6886266069109264
    ],
    "perspective": true
  },
  "embedding": [
    1,
    0,
    0,
    0,
    0,
    1,
    0,
    0,
    0,
    0,
    1,
    0,
    0,
    0,
    0,
    1
  ],
  "orientations": [
    [
      1,
      0,
      0,
      0,
      0,
      1,
      0,
      0,
      0,
      0,
      1,
      0,
      0,
      0,
      0,
      1
    ],
    [
      0,
      0,
      1,
      0,
      1,
      0,
      0,
      0,
      0,
      1,
      0,
      0,
      0,
      0,
      0,
      1
    ],
    [
      0,
      1,
      0,
      0,
      0,
      0,
      1,
      0,
      1,
      0,
      0,
      0,
      0,
      0,
      0,
      1
    ],
    [
      0.8090169943749475,
      0.30901699437494745,
      0.5,
      0,
      0.30901699437494745,
      0.5,
      -0.8090169943749475,
      0,
      -0.5,
      0.8090169943749475,
      0.30901699437494745,
      0,
      0,
      0,
      0,
      1
    ],
    [
      -0.5,
      0.8090169943749475,
      0.30901699437494745,
      0,
      0.8090169943749475,
      0.30901699437494745,
      0.5,
      0,
      0.30901699437494745,
      0.5,
      -0.8090169943749475,
      0,
      0,
      0,
      0,
      1
    ],
    [
      0.30901699437494745,
      0.5,
      -0.8090169943749475,
      0,
      -0.5,
      0.8090169943749475,
      0.30901699437494745,
      0,
      0.8090169943749475,
      0.30901699437494745,
      0.5,
      0,
      0,
      0,
      0,
      1
    ],
    [
      0.5,
      0.8090169943749475,
      0.30901699437494745,
      0,
      0.8090169943749475,
      -0.30901699437494745,
      -0.5,
      0,
      -0.30901699437494745,
      0.5,
      -0.8090169943749475,
      0,
      0,
      0,
      0,
      1
    ],
    [
      -0.30901699437494745,
      0.5,
      -0.8090169943749475,
      0,
      0.5,
      0.8090169943749475,
      0.30901699437494745,
      0,
      0.8090169943749475,
      -0.30901699437494745,
      -0.5,
      0,
      0,
      0,
      0,
      1
    ],
    [
      0.8090169943749475,
      -0.30901699437494745,
      -0.5,
      0,
      -0.30901699437494745,
      0.5,
      -0.8090169943749475,
      0,
      0.5,
      0.8090169943749475,
      0.30901699437494745,
      0,
      0,
      0,
      0,
      1
    ],
    [
      0.5,
      0.8090169943749475,
      -0.30901699437494745,
      0,
      0.8090169943749475,
      -0.30901699437494745,
      0.5,
      0,
      0.30901699437494745,
      -0.5,
      -0.8090169943749475,
      0,
      0,
      0,
      0,
      1
    ],
    [
      0.30901699437494745,
      -0.5,
      -0.8090169943749475,
      0,
      0.5,
      0.8090169943749475,
      -0.30901699437494745,
      0,
      0.8090169943749475,
      -0.30901699437494745,
      0.5,
      0,
      0,
      0,
      0,
      1
    ],
    [
      0.8090169943749475,
      -0.30901699437494745,
      0.5,
      0,
      0.30901699437494745,
      -0.5,
      -0.8090169943749475,
      0,
      0.5,
      0.8090169943749475,
      -0.30901699437494745,
      0,
      0,
      0,
      0,
      1
    ],
    [
      0.8090169943749475,
      0.30901699437494745,
      -0.5,
      0,
      0.30901699437494745,
      0.5,
      0.8090169943749475,
      0,
      0.5,
      -0.8090169943749475,
      0.30901699437494745,
      0,
      0,
      0,
      0,
      1
    ],
    [
      0.5,
      -0.8090169943749475,
      0.30901699437494745,
      0,
      0.8090169943749475,
      0.30901699437494745,
      -0.5,
      0,
      0.30901699437494745,
      0.5,
      0.8090169943749475,
      0,
      0,
      0,
      0,
      1
    ],
    [
      0.30901699437494745,
      0.5,
      0.8090169943749475,
      0,
      0.5,
      -0.8090169943749475,
      0.30901699437494745,
      0,
      0.8090169943749475,
      0.30901699437494745,
      -0.5,
      0,
      0,
      0,
      0,
      1
    ],
    [
      1,
      0,
      0,
      0,
      0,
      -1,
      0,
      0,
      0,
      0,
      -1,
      0,
      0,
      0,
      0,
      1
    ],
    [
      0,
      0,
      1,
      0,
      -1,
      0,
      0,
      0,
      0,
      -1,
      0,
      0,
      0,
      0,
      0,
      1
    ],
    [
      0,
      1,
      0,
      0,
      0,
      0,
      -1,
      0,
      -1,
      0,
      0,
      0,
      0,
      0,
      0,
      1
    ],
    [
      0.8090169943749475,
      0.30901699437494745,
      0.5,
      0,
      -0.30901699437494745,
      -0.5,
      0.8090169943749475,
      0,
      0.5,
      -0.8090169943749475,
      -0.30901699437494745,
      0,
      0,
      0,
      0,
      1
    ],
    [
      -0.5,
      0.8090169943749475,
      0.30901699437494745,
      0,
      -0.8090169943749475,
      -0.30901699437494745,
      -0.5,
      0,
      -0.30901699437494745,
      -0.5,
      0.8090169943749475,
      0,
      0,
      0,
      0,
      1
    ],
    [
      0.30901699437494745,
      0.5,
      -0.8090169943749475,
      0,
      0.5,
      -0.8090169943749475,
      -0.30901699437494745,
      0,
      -0.8090169943749475,
      -0.30901699437494745,
      -0.5,
      0,
      0,
      0,
      0,
      1
    ],
    [
      0.5,
      0.8090169943749475,
      0.30901699437494745,
      0,
      -0.8090169943749475,
      0.30901699437494745,
      0.5,
      0,
      0.30901699437494745,
      -0.5,
      0.8090169943749475,
      0,
      0,
      0,
      0,
      1
    ],
    [
      -0.30901699437494745,
      0.5,
      -0.8090169943749475,
      0,
      -0.5,
      -0.8090169943749475,
      -0.30901699437494745,
      0,
      -0.8090169943749475,
      0.30901699437494745,
      0.5,
      0,
      0,
      0,
      0,
      1
    ],
    [
      0.8090169943749475,
      -0.30901699437494745,
      -0.5,
      0,
      0.30901699437494745,
      -0.5,
      0.8090169943749475,
      0,
      -0.5,
      -0.8090169943749475,
      -0.30901699437494745,
      0,
      0,
      0,
      0,
      1
    ],
    [
      0.5,
      0.8090169943749475,
      -0.30901699437494745,
      0,
      -0.8090169943749475,
      0.30901699437494745,
      -0.5,
      0,
      -0.30901699437494745,
      0.5,
      0.8090169943749475,
      0,
      0,
      0,
      0,
      1
    ],
    [
      0.30901699437494745,
      -0.5,
      -0.8090169943749475,
      0,
      -0.5,
      -0.8090169943749475,
      0.30901699437494745,
      0,
      -0.8090169943749475,
      0.30901699437494745,
      -0.5,
      0,
      0,
      0,
      0,
      1
    ],
    [
      0.8090169943749475,
      -0.30901699437494745,
      0.5,
      0,
      -0.30901699437494745,
      0.5,
      0.8090169943749475,
      0,
      -0.5,
      -0.8090169943749475,
      0.30901699437494745,
      0,
      0,
      0,
      0,
      1
    ],
    [
      0.8090169943749475,
      0.30901699437494745,
      -0.5,
      0,
      -0.30901699437494745,
      -0.5,
      -0.8090169943749475,
      0,
      -0.5,
      0.8090169943749475,
      -0.30901699437494745,
      0,
      0,
      0,
      0,
      1
    ],
    [
      0.5,
      -0.8090169943749475,
      0.30901699437494745,
      0,
      -0.8090169943749475,
      -0.30901699437494745,
      0.5,
      0,
      -0.30901699437494745,
      -0.5,
      -0.8090169943749475,
      0,
      0,
      0,
      0,
      1
    ],
    [
      0.30901699437494745,
      0.5,
      0.8090169943749475,
      0,
      -0.5,
      0.8090169943749475,
      -0.30901699437494745,
      0,
      -0.8090169943749475,
      -0.30901699437494745,
      0.5,
      0,
      0,
      0,
      0,
      1
    ],
    [
      -1,
      0,
      0,
      0,
      0,
      -1,
      0,
      0,
      0,
      0,
      1,
      0,
      0,
      0,
      0,
      1
    ],
    [
      0,
      0,
      -1,
      0,
      -1,
      0,
      0,
      0,
      0,
      1,
      0,
      0,
      0,
      0,
      0,
      1
    ],
    [
      0,
      -1,
      0,
      0,
      0,
      0,
      -1,
      0,
      1,
      0,
      0,
      0,
      0,
      0,
      0,
      1
    ],
    [
      -0.8090169943749475,
      -0.30901699437494745,
      -0.5,
      0,
      -0.30901699437494745,
      -0.5,
      0.8090169943749475,
      0,
      -0.5,
      0.8090169943749475,
      0.30901699437494745,
      0,
      0,
      0,
      0,
      1
    ],
    [
      0.5,
      -0.8090169943749475,
      -0.30901699437494745,
      0,
      -0.8090169943749475,
      -0.30901699437494745,
      -0.5,
      0,
      0.30901699437494745,
      0.5,
      -0.8090169943749475,
      0,
      0,
      0,
      0,
      1
    ],
    [
      -0.30901699437494745,
      -0.5,
      0.8090169943749475,
      0,
      0.5,
      -0.8090169943749475,
      -0.30901699437494745,
      0,
      0.8090169943749475,
      0.30901699437494745,
      0.5,
      0,
      0,
      0,
      0,
      1
    ],
    [
      -0.5,
      -0.8090169943749475,
      -0.30901699437494745,
      0,
      -0.8090169943749475,
      0.30901699437494745,
      0.5,
      0,
      -0.30901699437494745,
      0.5,
      -0.8090169943749475,
      0,
      0,
      0,
      0,
      1
    ],
    [
      0.30901699437494745,
      -0.5,
      0.8090169943749475,
      0,
      -0.5,
      -0.8090169943749475,
      -0.30901699437494745,
      0,
      0.8090169943749475,
      -0.30901699437494745,
      -0.5,
      0,
      0,
      0,
      0,
      1
    ],
    [
      -0.8090169943749475,
      0.30901699437494745,
      0.5,
      0,
      0.30901699437494745,
      -0.5,
      0.8090169943749475,
      0,
      0.5,
      0.8090169943749475,
      0.30901699437494745,
      0,
      0,
      0,
      0,
      1
    ],
    [
      -0.5,
      -0.8090169943749475,
      0.30901699437494745,
      0,
      -0.8090169943749475,
      0.30901699437494745,
      -0.5,
      0,
      0.30901699437494745,
      -0.5,
      -0.8090169943749475,
      0,
      0,
      0,
      0,
      1
    ],
    [
      -0.30901699437494745,
      0.5,
      0.8090169943749475,
      0,
      -0.5,
      -0.8090169943749475,
      0.30901699437494745,
      0,
      0.8090169943749475,
      -0.30901699437494745,
      0.5,
      0,
      0,
      0,
      0,
      1
    ],
    [
      -0.8090169943749475,
      0.30901699437494745,
      -0.5,
      0,
      -0.30901699437494745,
      0.5,
      0.8090169943749475,
      0,
      0.5,
      0.8090169943749475,
      -0.30901699437494745,
      0,
      0,
      0,
      0,
      1
    ],
    [
      -0.8090169943749475,
      -0.30901699437494745,
      0.5,
      0,
      -0.30901699437494745,
      -0.5,
      -0.8090169943749475,
      0,
      0.5,
      -0.8090169943749475,
      0.30901699437494745,
      0,
      0,
      0,
      0,
      1
    ],
    [
      -0.5,
      0.8090169943749475,
      -0.30901699437494745,
      0,
      -0.8090169943749475,
      -0.30901699437494745,
      0.5,
      0,
      0.30901699437494745,
      0.5,
      0.8090169943749475,
      0,
      0,
      0,
      0,
      1
    ],
    [
      -0.30901699437494745,
      -0.5,
      -0.8090169943749475,
      0,
      -0.5,
      0.8090169943749475,
      -0.30901699437494745,
      0,
      0.8090169943749475,
      0.30901699437494745,
      -0.5,
      0,
      0,
      0,
      0,
      1
    ],
    [
      -1,
      0,
      0,
      0,
      0,
      1,
      0,
      0,
      0,
      0,
      -1,
      0,
      0,
      0,
      0,
      1
    ],
    [
      0,
      0,
      -1,
      0,
      1,
      0,
      0,
      0,
      0,
      -1,
      0,
      0,
      0,
      0,
      0,
      1
    ],
    [
      0,
      -1,
      0,
      0,
      0,
      0,
      1,
      0,
      -1,
      0,
      0,
      0,
      0,
      0,
      0,
      1
    ],
    [
      -0.8090169943749475,
      -0.30901699437494745,
      -0.5,
      0,
      0.30901699437494745,
      0.5,
      -0.8090169943749475,
      0,
      0.5,
      -0.8090169943749475,
      -0.30901699437494745,
      0,
      0,
      0,
      0,
      1
    ],
    [
      0.5,
      -0.8090169943749475,
      -0.30901699437494745,
      0,
      0.8090169943749475,
      0.30901699437494745,
      0.5,
      0,
      -0.30901699437494745,
      -0.5,
      0.8090169943749475,
      0,
      0,
      0,
      0,
      1
    ],
    [
      -0.30901699437494745,
      -0.5,
      0.8090169943749475,
      0,
      -0.5,
      0.8090169943749475,
      0.30901699437494745,
      0,
      -0.8090169943749475,
      -0.30901699437494745,
      -0.5,
      0,
      0,
      0,
      0,
      1
    ],
    [
      -0.5,
      -0.8090169943749475,
      -0.30901699437494745,
      0,
      0.8090169943749475,
      -0.30901699437494745,
      -0.5,
      0,
      0.30901699437494745,
      -0.5,
      0.8090169943749475,
      0,
      0,
      0,
      0,
      1
    ],
    [
      0.30901699437494745,
      -0.5,
      0.8090169943749475,
      0,
      0.5,
      0.8090169943749475,
      0.30901699437494745,
      0,
      -0.8090169943749475,
      0.30901699437494745,
      0.5,
      0,
      0,
      0,
      0,
      1
    ],
    [
      -0.8090169943749475,
      0.30901699437494745,
      0.5,
      0,
      -0.30901699437494745,
      0.5,
      -0.8090169943749475,
      0,
      -0.5,
      -0.8090169943749475,
      -0.30901699437494745,
      0,
      0,
      0,
      0,
      1
    ],
    [
      -0.5,
      -0.8090169943749475,
      0.30901699437494745,
      0,
      0.8090169943749475,
      -0.30901699437494745,
      0.5,
      0,
      -0.30901699437494745,
      0.5,
      0.8090169943749475,
      0,
      0,
      0,
      0,
      1
    ],
    [
      -0.30901699437494745,
      0.5,
      0.8090169943749475,
      0,
      0.5,
      0.8090169943749475,
      -0.30901699437494745,
      0,
      -0.8090169943749475,
      0.30901699437494745,
      -0.5,
      0,
      0,
      0,
      0,
      1
    ],
    [
      -0.8090169943749475,
      0.30901699437494745,
      -0.5,
      0,
      0.30901699437494745,
      -0.5,
      -0.8090169943749475,
      0,
      -0.5,
      -0.8090169943749475,
      0.30901699437494745,
      0,
      0,
      0,
      0,
      1
    ],
    [
      -0.8090169943749475,
      -0.30901699437494745,
      0.5,
      0,
      0.30901699437494745,
      0.5,
      0.8090169943749475,
      0,
      -0.5,
      0.8090169943749475,
      -0.30901699437494745,
      0,
      0,
      0,
      0,
      1
    ],
    [
      -0.5,
      0.8090169943749475,
      -0.30901699437494745,
      0,
      0.8090169943749475,
      0.30901699437494745,
      -0.5,
      0,
      -0.30901699437494745,
      -0.5,
      -0.8090169943749475,
      0,
      0,
      0,
      0,
      1
    ],
    [
      -0.30901699437494745,
      -0.5,
      -0.8090169943749475,
      0,
      0.5,
      -0.8090169943749475,
      0.30901699437494745,
      0,
      -0.8090169943749475,
      -0.30901699437494745,
      0.5,
      0,
      0,
      0,
      0,
      1
    ]
  ],
  "polygons": true,
  "shapes": {
    "s5147818770428072": {
      "id": "s5147818770428072",
      "name": "ball",
      "vertices": [
        {
          "x": -0.6545084714889526,
          "y": -0.2022542506456375,
          "z": -0.125
        },
        {
          "x": -0.6545084714889526,
          "y": -0.2022542506456375,
          "z": 0.125
        },
        {
          "x": -0.6545084714889526,
          "y": 0.2022542506456375,
          "z": -0.125
        },
        {
          "x": -0.6545084714889526,
          "y": 0.2022542506456375,
          "z": 0.125
        },
        {
          "x": -0.5295084714889526,
          "y": -0.404508501291275,
          "z": -0.2022542506456375
        },
        {
          "x": -0.5295084714889526,
          "y": -0.404508501291275,
          "z": 0.2022542506456375
        },
        {
          "x": -0.5295084714889526,
          "y": 0,
          "z": -0.4522542357444763
        },
        {
          "x": -0.5295084714889526,
          "y": 0,
          "z": 0.4522542357444763
        },
        {
          "x": -0.5295084714889526,
          "y": 0.404508501291275,
          "z": -0.2022542506456375
        },
        {
          "x": -0.5295084714889526,
          "y": 0.404508501291275,
          "z": 0.2022542506456375
        },
        {
          "x": -0.4522542357444763,
          "y": -0.5295084714889526,
          "z": 0
        },
        {
          "x": -0.4522542357444763,
          "y": 0.5295084714889526,
          "z": 0
        },
        {
          "x": -0.404508501291275,
          "y": -0.2022542506456375,
          "z": -0.5295084714889526
        },
        {
          "x": -0.404508501291275,
          "y": -0.2022542506456375,
          "z": 0.5295084714889526
        },
        {
          "x": -0.404508501291275,
          "y": 0.2022542506456375,
          "z": -0.5295084714889526
        },
        {
          "x": -0.404508501291275,
          "y": 0.2022542506456375,
          "z": 0.5295084714889526
        },
        {
          "x": -0.2022542506456375,
          "y": -0.5295084714889526,
          "z": -0.404508501291275
        },
        {
          "x": -0.2022542506456375,
          "y": -0.5295084714889526,
          "z": 0.404508501291275
        },
        {
          "x": -0.2022542506456375,
          "y": -0.125,
          "z": -0.6545084714889526
        },
        {
          "x": -0.2022542506456375,
          "y": -0.125,
          "z": 0.6545084714889526
        },
        {
          "x": -0.2022542506456375,
          "y": 0.125,
          "z": -0.6545084714889526
        },
        {
          "x": -0.2022542506456375,
          "y": 0.125,
          "z": 0.6545084714889526
        },
        {
          "x": -0.2022542506456375,
          "y": 0.5295084714889526,
          "z": -0.404508501291275
        },
        {
          "x": -0.2022542506456375,
          "y": 0.5295084714889526,
          "z": 0.404508501291275
        },
        {
          "x": -0.125,
          "y": -0.6545084714889526,
          "z": -0.2022542506456375
        },
        {
          "x": -0.125,
          "y": -0.6545084714889526,
          "z": 0.2022542506456375
        },
        {
          "x": -0.125,
          "y": 0.6545084714889526,
          "z": -0.2022542506456375
        },
        {
          "x": -0.125,
          "y": 0.6545084714889526,
          "z": 0.2022542506456375
        },
        {
          "x": 0,
          "y": -0.4522542357444763,
          "z": -0.5295084714889526
        },
        {
          "x": 0,
          "y": -0.4522542357444763,
          "z": 0.5295084714889526
        },
        {
          "x": 0,
          "y": 0.4522542357444763,
          "z": -0.5295084714889526
        },
        {
          "x": 0,
          "y": 0.4522542357444763,
          "z": 0.5295084714889526
        },
        {
          "x": 0.125,
          "y": -0.6545084714889526,
          "z": -0.2022542506456375
        },
        {
          "x": 0.125,
          "y": -0.6545084714889526,
          "z": 0.2022542506456375
        },
        {
          "x": 0.125,
          "y": 0.6545084714889526,
          "z": -0.2022542506456375
        },
        {
          "x": 0.125,
          "y": 0.6545084714889526,
          "z": 0.2022542506456375
        },
        {
          "x": 0.2022542506456375,
          "y": -0.5295084714889526,
          "z": -0.404508501291275
        },
        {
          "x": 0.2022542506456375,
          "y": -0.5295084714889526,
          "z": 0.404508501291275
        },
        {
          "x": 0.2022542506456375,
          "y": -0.125,
          "z": -0.6545084714889526
        },
        {
          "x": 0.2022542506456375,
          "y": -0.125,
          "z": 0.6545084714889526
        },
        {
          "x": 0.2022542506456375,
          "y": 0.125,
          "z": -0.6545084714889526
        },
        {
          "x": 0.2022542506456375,
          "y": 0.125,
          "z": 0.6545084714889526
        },
        {
          "x": 0.2022542506456375,
          "y": 0.5295084714889526,
          "z": -0.404508501291275
        },
        {
          "x": 0.2022542506456375,
          "y": 0.5295084714889526,
          "z": 0.404508501291275
        },
        {
          "x": 0.404508501291275,
          "y": -0.2022542506456375,
          "z": -0.5295084714889526
        },
        {
          "x": 0.404508501291275,
          "y": -0.2022542506456375,
          "z": 0.5295084714889526
        },
        {
          "x": 0.404508501291275,
          "y": 0.2022542506456375,
          "z": -0.5295084714889526
        },
        {
          "x": 0.404508501291275,
          "y": 0.2022542506456375,
          "z": 0.5295084714889526
        },
        {
          "x": 0.4522542357444763,
          "y": -0.5295084714889526,
          "z": 0
        },
        {
          "x": 0.4522542357444763,
          "y": 0.5295084714889526,
          "z": 0
        },
        {
          "x": 0.5295084714889526,
          "y": -0.404508501291275,
          "z": -0.2022542506456375
        },
        {
          "x": 0.5295084714889526,
          "y": -0.404508501291275,
          "z": 0.2022542506456375
        },
        {
          "x": 0.5295084714889526,
          "y": 0,
          "z": -0.4522542357444763
        },
        {
          "x": 0.5295084714889526,
          "y": 0,
          "z": 0.4522542357444763
        },
        {
          "x": 0.5295084714889526,
          "y": 0.404508501291275,
          "z": -0.2022542506456375
        },
        {
          "x": 0.5295084714889526,
          "y": 0.404508501291275,
          "z": 0.2022542506456375
        },
        {
          "x": 0.6545084714889526,
          "y": -0.2022542506456375,
          "z": -0.125
        },
        {
          "x": 0.6545084714889526,
          "y": -0.2022542506456375,
          "z": 0.125
        },
        {
          "x": 0.6545084714889526,
          "y": 0.2022542506456375,
          "z": -0.125
        },
        {
          "x": 0.6545084714889526,
          "y": 0.2022542506456375,
          "z": 0.125
        }
      ],
      "faces": [
        {
          "vertices": [
            0,
            2,
            6
          ]
        },
        {
          "vertices": [
            1,
            7,
            3
          ]
        },
        {
          "vertices": [
            8,
            22,
            14
          ]
        },
        {
          "vertices": [
            9,
            15,
            23
          ]
        },
        {
          "vertices": [
            11,
            27,
            26
          ]
        },
        {
          "vertices": [
            4,
            12,
            16
          ]
        },
        {
          "vertices": [
            5,
            17,
            13
          ]
        },
        {
          "vertices": [
            10,
            24,
            25
          ]
        },
        {
          "vertices": [
            19,
            29,
            39
          ]
        },
        {
          "vertices": [
            20,
            30,
            40
          ]
        },
        {
          "vertices": [
            15,
            21,
            31,
            23
          ]
        },
        {
          "vertices": [
            21,
            41,
            31
          ]
        },
        {
          "vertices": [
            32,
            48,
            33
          ]
        },
        {
          "vertices": [
            37,
            51,
            45
          ]
        },
        {
          "vertices": [
            18,
            38,
            28
          ]
        },
        {
          "vertices": [
            42,
            54,
            46
          ]
        },
        {
          "vertices": [
            34,
            35,
            49
          ]
        },
        {
          "vertices": [
            36,
            44,
            50
          ]
        },
        {
          "vertices": [
            43,
            47,
            55
          ]
        },
        {
          "vertices": [
            52,
            58,
            56
          ]
        },
        {
          "vertices": [
            32,
            36,
            50,
            48
          ]
        },
        {
          "vertices": [
            53,
            57,
            59
          ]
        },
        {
          "vertices": [
            33,
            48,
            51,
            37
          ]
        },
        {
          "vertices": [
            0,
            6,
            12,
            4
          ]
        },
        {
          "vertices": [
            2,
            8,
            14,
            6
          ]
        },
        {
          "vertices": [
            0,
            1,
            3,
            2
          ]
        },
        {
          "vertices": [
            1,
            5,
            13,
            7
          ]
        },
        {
          "vertices": [
            3,
            7,
            15,
            9
          ]
        },
        {
          "vertices": [
            9,
            23,
            27,
            11
          ]
        },
        {
          "vertices": [
            6,
            14,
            20,
            18,
            12
          ]
        },
        {
          "vertices": [
            8,
            11,
            26,
            22
          ]
        },
        {
          "vertices": [
            13,
            17,
            29,
            19
          ]
        },
        {
          "vertices": [
            4,
            16,
            24,
            10
          ]
        },
        {
          "vertices": [
            5,
            10,
            25,
            17
          ]
        },
        {
          "vertices": [
            26,
            27,
            35,
            34
          ]
        },
        {
          "vertices": [
            12,
            18,
            28,
            16
          ]
        },
        {
          "vertices": [
            14,
            22,
            30,
            20
          ]
        },
        {
          "vertices": [
            30,
            42,
            46,
            40
          ]
        },
        {
          "vertices": [
            24,
            32,
            33,
            25
          ]
        },
        {
          "vertices": [
            29,
            37,
            45,
            39
          ]
        },
        {
          "vertices": [
            18,
            20,
            40,
            38
          ]
        },
        {
          "vertices": [
            19,
            39,
            41,
            21
          ]
        },
        {
          "vertices": [
            34,
            49,
            54,
            42
          ]
        },
        {
          "vertices": [
            28,
            38,
            44,
            36
          ]
        },
        {
          "vertices": [
            31,
            41,
            47,
            43
          ]
        },
        {
          "vertices": [
            45,
            51,
            57,
            53
          ]
        },
        {
          "vertices": [
            46,
            54,
            58,
            52
          ]
        },
        {
          "vertices": [
            35,
            43,
            55,
            49
          ]
        },
        {
          "vertices": [
            44,
            52,
            56,
            50
          ]
        },
        {
          "vertices": [
            47,
            53,
            59,
            55
          ]
        },
        {
          "vertices": [
            56,
            58,
            59,
            57
          ]
        },
        {
          "vertices": [
            0,
            4,
            10,
            5,
            1
          ]
        },
        {
          "vertices": [
            7,
            13,
            19,
            21,
            15
          ]
        },
        {
          "vertices": [
            2,
            3,
            9,
            11,
            8
          ]
        },
        {
          "vertices": [
            23,
            31,
            43,
            35,
            27
          ]
        },
        {
          "vertices": [
            16,
            28,
            36,
            32,
            24
          ]
        },
        {
          "vertices": [
            22,
            26,
            34,
            42,
            30
          ]
        },
        {
          "vertices": [
            17,
            25,
            33,
            37,
            29
          ]
        },
        {
          "vertices": [
            38,
            40,
            46,
            52,
            44
          ]
        },
        {
          "vertices": [
            39,
            45,
            53,
            47,
            41
          ]
        },
        {
          "vertices": [
            48,
            50,
            56,
            57,
            51
          ]
        },
        {
          "vertices": [
            49,
            55,
            59,
            58,
            54
          ]
        }
      ]
    },
    "s669576162849636": {
      "id": "s669576162849636",
      "orbit": "[[46,-384,-25,268,341],[267,84,-197,-16,341]]",
      "length": "[0,-1,0,1,1]",
      "vertices": [
        {
          "x": 0.6853669881820679,
          "y": -1.2452428340911865,
          "z": -1.5780023336410522
        },
        {
          "x": 0.2853669822216034,
          "y": -1.3452428579330444,
          "z": -1.6780022382736206
        },
        {
          "x": 0.0365692600607872,
          "y": -0.6448107361793518,
          "z": -0.39848583936691284
        },
        {
          "x": 0.4365692734718323,
          "y": -0.5448107719421387,
          "z": -0.2984858453273773
        },
        {
          "x": 0.41870033740997314,
          "y": -1.6452429294586182,
          "z": -1.4446690082550049
        },
        {
          "x": 0.8187003135681152,
          "y": -1.5452429056167603,
          "z": -1.344668984413147
        },
        {
          "x": 0.3032359182834625,
          "y": -0.24481076002120972,
          "z": -0.5318191647529602
        },
        {
          "x": -0.09676407277584076,
          "y": -0.34481075406074524,
          "z": -0.6318191885948181
        }
      ],
      "faces": [
        {
          "vertices": [
            2,
            4,
            5,
            3
          ]
        },
        {
          "vertices": [
            0,
            6,
            3,
            5
          ]
        },
        {
          "vertices": [
            0,
            1,
            7,
            6
          ]
        },
        {
          "vertices": [
            1,
            4,
            2,
            7
          ]
        },
        {
          "vertices": [
            2,
            3,
            6,
            7
          ]
        },
        {
          "vertices": [
            0,
            5,
            4,
            1
          ]
        }
      ]
    },
    "s8574997844067356": {
      "id": "s8574997844067356",
      "orbit": "[[5,26,1,-18,29],[6,8,7,-10,29]]",
      "length": "[0,-1,0,1,1]",
      "vertices": [
        {
          "x": -0.32131585478782654,
          "y": 0.29214465618133545,
          "z": -2.128918409347534
        },
        {
          "x": 0.07868413627147675,
          "y": 0.39214465022087097,
          "z": -2.2289185523986816
        },
        {
          "x": 0.07151557505130768,
          "y": 0.36184099316596985,
          "z": -0.6115016341209412
        },
        {
          "x": -0.3284844160079956,
          "y": 0.2618409991264343,
          "z": -0.5115016102790833
        },
        {
          "x": -0.05464920029044151,
          "y": 0.6921446323394775,
          "z": -1.9955852031707764
        },
        {
          "x": -0.4546492099761963,
          "y": 0.5921446681022644,
          "z": -1.8955851793289185
        },
        {
          "x": -0.19515109062194824,
          "y": -0.038158997893333435,
          "z": -0.7448349595069885
        },
        {
          "x": 0.20484890043735504,
          "y": 0.061840999871492386,
          "z": -0.8448349833488464
        }
      ],
      "faces": [
        {
          "vertices": [
            2,
            4,
            5,
            3
          ]
        },
        {
          "vertices": [
            0,
            6,
            3,
            5
          ]
        },
        {
          "vertices": [
            0,
            1,
            7,
            6
          ]
        },
        {
          "vertices": [
            1,
            4,
            2,
            7
          ]
        },
        {
          "vertices": [
            2,
            3,
            6,
            7
          ]
        },
        {
          "vertices": [
            0,
            5,
            4,
            1
          ]
        }
      ]
    },
    "s4168406936581244": {
      "id": "s4168406936581244",
      "orbit": "[[-3,-4,-1,6,11],[2,10,-3,-4,11]]",
      "length": "[0,-1,0,1,1]",
      "vertices": [
        {
          "x": 2.2239058017730713,
          "y": -0.3942822813987732,
          "z": -0.03881658986210823
        },
        {
          "x": 2.123905897140503,
          "y": -0.29428228735923767,
          "z": -0.4388165771961212
        },
        {
          "x": 0.4980304539203644,
          "y": -0.2597033679485321,
          "z": -0.3653687834739685
        },
        {
          "x": 0.5980304479598999,
          "y": -0.3597033619880676,
          "z": 0.03463122248649597
        },
        {
          "x": 1.890572428703308,
          "y": -0.5942822694778442,
          "z": -0.572149932384491
        },
        {
          "x": 1.990572452545166,
          "y": -0.6942822933197021,
          "z": -0.1721499264240265
        },
        {
          "x": 0.8313637971878052,
          "y": -0.05970337241888046,
          "z": 0.16796456277370453
        },
        {
          "x": 0.7313637733459473,
          "y": 0.04029662907123566,
          "z": -0.23203544318675995
        }
      ],
      "faces": [
        {
          "vertices": [
            2,
            4,
            5,
            3
          ]
        },
        {
          "vertices": [
            0,
            6,
            3,
            5
          ]
        },
        {
          "vertices": [
            0,
            1,
            7,
            6
          ]
        },
        {
          "vertices": [
            1,
            4,
            2,
            7
          ]
        },
        {
          "vertices": [
            2,
            3,
            6,
            7
          ]
        },
        {
          "vertices": [
            0,
            5,
            4,
            1
          ]
        }
      ]
    },
    "s5870446761112966": {
      "id": "s5870446761112966",
      "orbit": "[[58,-64,33,-12,59],[-19,-36,37,8,59]]",
      "length": "[0,-1,0,1,1]",
      "vertices": [
        {
          "x": 1.239284873008728,
          "y": 1.612970232963562,
          "z": -0.6271981000900269
        },
        {
          "x": 1.1392848491668701,
          "y": 1.5129703283309937,
          "z": -1.027198076248169
        },
        {
          "x": 0.5109148621559143,
          "y": 0.2770833671092987,
          "z": -0.5409192442893982
        },
        {
          "x": 0.6109148859977722,
          "y": 0.37708336114883423,
          "z": -0.1409192681312561
        },
        {
          "x": 1.4392848014831543,
          "y": 1.2796369791030884,
          "z": -1.1605314016342163
        },
        {
          "x": 1.5392848253250122,
          "y": 1.3796368837356567,
          "z": -0.7605314254760742
        },
        {
          "x": 0.31091487407684326,
          "y": 0.6104167103767395,
          "z": -0.007585933897644281
        },
        {
          "x": 0.21091488003730774,
          "y": 0.5104166865348816,
          "z": -0.4075859487056732
        }
      ],
      "faces": [
        {
          "vertices": [
            2,
            4,
            5,
            3
          ]
        },
        {
          "vertices": [
            0,
            6,
            3,
            5
          ]
        },
        {
          "vertices": [
            0,
            1,
            7,
            6
          ]
        },
        {
          "vertices": [
            1,
            4,
            2,
            7
          ]
        },
        {
          "vertices": [
            2,
            3,
            6,
            7
          ]
        },
        {
          "vertices": [
            0,
            5,
            4,
            1
          ]
        }
      ]
    },
    "s3127422082561402": {
      "id": "s3127422082561402",
      "orbit": "[[-52,-20,31,22,131],[13,-126,25,60,131]]",
      "length": "[0,-1,0,1,1]",
      "vertices": [
        {
          "x": -0.5452677011489868,
          "y": 2.0178027153015137,
          "z": -0.7192265391349792
        },
        {
          "x": -0.6452676653862,
          "y": 2.117802858352661,
          "z": -0.31922656297683716
        },
        {
          "x": -0.4264688491821289,
          "y": 0.5262364745140076,
          "z": -0.04470546916127205
        },
        {
          "x": -0.3264688551425934,
          "y": 0.42623651027679443,
          "z": -0.44470545649528503
        },
        {
          "x": -0.9452676773071289,
          "y": 1.8844695091247559,
          "z": -0.4525598883628845
        },
        {
          "x": -0.8452677130699158,
          "y": 1.784469485282898,
          "z": -0.8525598645210266
        },
        {
          "x": -0.026468856260180473,
          "y": 0.6595698595046997,
          "z": -0.31137213110923767
        },
        {
          "x": -0.12646885216236115,
          "y": 0.7595698237419128,
          "z": 0.08862785995006561
        }
      ],
      "faces": [
        {
          "vertices": [
            2,
            4,
            5,
            3
          ]
        },
        {
          "vertices": [
            0,
            6,
            3,
            5
          ]
        },
        {
          "vertices": [
            0,
            1,
            7,
            6
          ]
        },
        {
          "vertices": [
            1,
            4,
            2,
            7
          ]
        },
        {
          "vertices": [
            2,
            3,
            6,
            7
          ]
        },
        {
