{
  "field" : "golden",
  "symmetry" : "icosahedral",
  "orientations" : [ [ 1.0, 0.0, 0.0, 0.0, 0.0, 1.0, 0.0, 0.0, 0.0, 0.0, 1.0, 0.0, 0.0, 0.0, 0.0, 1.0 ], [ 0.0, 0.0, 1.0, 0.0, 1.0, 0.0, 0.0, 0.0, 0.0, 1.0, 0.0, 0.0, 0.0, 0.0, 0.0, 1.0 ], [ 0.0, 1.0, 0.0, 0.0, 0.0, 0.0, 1.0, 0.0, 1.0, 0.0, 0.0, 0.0, 0.0, 0.0, 0.0, 1.0 ], [ 0.809017, 0.309017, 0.5, 0.0, 0.309017, 0.5, -0.809017, 0.0, -0.5, 0.809017, 0.309017, 0.0, 0.0, 0.0, 0.0, 1.0 ], [ -0.5, 0.809017, 0.309017, 0.0, 0.809017, 0.309017, 0.5, 0.0, 0.309017, 0.5, -0.809017, 0.0, 0.0, 0.0, 0.0, 1.0 ], [ 0.309017, 0.5, -0.809017, 0.0, -0.5, 0.809017, 0.309017, 0.0, 0.809017, 0.309017, 0.5, 0.0, 0.0, 0.0, 0.0, 1.0 ], [ 0.5, 0.809017, 0.309017, 0.0, 0.809017, -0.309017, -0.5, 0.0, -0.309017, 0.5, -0.809017, 0.0, 0.0, 0.0, 0.0, 1.0 ], [ -0.309017, 0.5, -0.809017, 0.0, 0.5, 0.809017, 0.309017, 0.0, 0.809017, -0.309017, -0.5, 0.0, 0.0, 0.0, 0.0, 1.0 ], [ 0.809017, -0.309017, -0.5, 0.0, -0.309017, 0.5, -0.809017, 0.0, 0.5, 0.809017, 0.309017, 0.0, 0.0, 0.0, 0.0, 1.0 ], [ 0.5, 0.809017, -0.309017, 0.0, 0.809017, -0.309017, 0.5, 0.0, 0.309017, -0.5, -0.809017, 0.0, 0.0, 0.0, 0.0, 1.0 ], [ 0.309017, -0.5, -0.809017, 0.0, 0.5, 0.809017, -0.309017, 0.0, 0.809017, -0.309017, 0.5, 0.0, 0.0, 0.0, 0.0, 1.0 ], [ 0.809017, -0.309017, 0.5, 0.0, 0.309017, -0.5, -0.809017, 0.0, 0.5, 0.809017, -0.309017, 0.0, 0.0, 0.0, 0.0, 1.0 ], [ 0.809017, 0.309017, -0.5, 0.0, 0.309017, 0.5, 0.809017, 0.0, 0.5, -0.809017, 0.309017, 0.0, 0.0, 0.0, 0.0, 1.0 ], [ 0.5, -0.809017, 0.309017, 0.0, 0.809017, 0.309017, -0.5, 0.0, 0.309017, 0.5, 0.809017, 0.0, 0.0, 0.0, 0.0, 1.0 ], [ 0.309017, 0.5, 0.809017, 0.0, 0.5, -0.809017, 0.309017, 0.0, 0.809017, 0.309017, -0.5, 0.0, 0.0, 0.0, 0.0, 1.0 ], [ 1.0, 0.0, 0.0, 0.0, 0.0, -1.0, 0.0, 0.0, 0.0, 0.0, -1.0, 0.0, 0.0, 0.0, 0.0, 1.0 ], [ 0.0, 0.0, 1.0, 0.0, -1.0, 0.0, 0.0, 0.0, 0.0, -1.0, 0.0, 0.0, 0.0, 0.0, 0.0, 1.0 ], [ 0.0, 1.0, 0.0, 0.0, 0.0, 0.0, -1.0, 0.0, -1.0, 0.0, 0.0, 0.0, 0.0, 0.0, 0.0, 1.0 ], [ 0.809017, 0.309017, 0.5, 0.0, -0.309017, -0.5, 0.809017, 0.0, 0.5, -0.809017, -0.309017, 0.0, 0.0, 0.0, 0.0, 1.0 ], [ -0.5, 0.809017, 0.309017, 0.0, -0.809017, -0.309017, -0.5, 0.0, -0.309017, -0.5, 0.809017, 0.0, 0.0, 0.0, 0.0, 1.0 ], [ 0.309017, 0.5, -0.809017, 0.0, 0.5, -0.809017, -0.309017, 0.0, -0.809017, -0.309017, -0.5, 0.0, 0.0, 0.0, 0.0, 1.0 ], [ 0.5, 0.809017, 0.309017, 0.0, -0.809017, 0.309017, 0.5, 0.0, 0.309017, -0.5, 0.809017, 0.0, 0.0, 0.0, 0.0, 1.0 ], [ -0.309017, 0.5, -0.809017, 0.0, -0.5, -0.809017, -0.309017, 0.0, -0.809017, 0.309017, 0.5, 0.0, 0.0, 0.0, 0.0, 1.0 ], [ 0.809017, -0.309017, -0.5, 0.0, 0.309017, -0.5, 0.809017, 0.0, -0.5, -0.809017, -0.309017, 0.0, 0.0, 0.0, 0.0, 1.0 ], [ 0.5, 0.809017, -0.309017, 0.0, -0.809017, 0.309017, -0.5, 0.0, -0.309017, 0.5, 0.809017, 0.0, 0.0, 0.0, 0.0, 1.0 ], [ 0.309017, -0.5, -0.809017, 0.0, -0.5, -0.809017, 0.309017, 0.0, -0.809017, 0.309017, -0.5, 0.0, 0.0, 0.0, 0.0, 1.0 ], [ 0.809017, -0.309017, 0.5, 0.0, -0.309017, 0.5, 0.809017, 0.0, -0.5, -0.809017, 0.309017, 0.0, 0.0, 0.0, 0.0, 1.0 ], [ 0.809017, 0.309017, -0.5, 0.0, -0.309017, -0.5, -0.809017, 0.0, -0.5, 0.809017, -0.309017, 0.0, 0.0, 0.0, 0.0, 1.0 ], [ 0.5, -0.809017, 0.309017, 0.0, -0.809017, -0.309017, 0.5, 0.0, -0.309017, -0.5, -0.809017, 0.0, 0.0, 0.0, 0.0, 1.0 ], [ 0.309017, 0.5, 0.809017, 0.0, -0.5, 0.809017, -0.309017, 0.0, -0.809017, -0.309017, 0.5, 0.0, 0.0, 0.0, 0.0, 1.0 ], [ -1.0, 0.0, 0.0, 0.0, 0.0, -1.0, 0.0, 0.0, 0.0, 0.0, 1.0, 0.0, 0.0, 0.0, 0.0, 1.0 ], [ 0.0, 0.0, -1.0, 0.0, -1.0, 0.0, 0.0, 0.0, 0.0, 1.0, 0.0, 0.0, 0.0, 0.0, 0.0, 1.0 ], [ 0.0, -1.0, 0.0, 0.0, 0.0, 0.0, -1.0, 0.0, 1.0, 0.0, 0.0, 0.0, 0.0, 0.0, 0.0, 1.0 ], [ -0.809017, -0.309017, -0.5, 0.0, -0.309017, -0.5, 0.809017, 0.0, -0.5, 0.809017, 0.309017, 0.0, 0.0, 0.0, 0.0, 1.0 ], [ 0.5, -0.809017, -0.309017, 0.0, -0.809017, -0.309017, -0.5, 0.0, 0.309017, 0.5, -0.809017, 0.0, 0.0, 0.0, 0.0, 1.0 ], [ -0.309017, -0.5, 0.809017, 0.0, 0.5, -0.809017, -0.309017, 0.0, 0.809017, 0.309017, 0.5, 0.0, 0.0, 0.0, 0.0, 1.0 ], [ -0.5, -0.809017, -0.309017, 0.0, -0.809017, 0.309017, 0.5, 0.0, -0.309017, 0.5, -0.809017, 0.0, 0.0, 0.0, 0.0, 1.0 ], [ 0.309017, -0.5, 0.809017, 0.0, -0.5, -0.809017, -0.309017, 0.0, 0.809017, -0.309017, -0.5, 0.0, 0.0, 0.0, 0.0, 1.0 ], [ -0.809017, 0.309017, 0.5, 0.0, 0.309017, -0.5, 0.809017, 0.0, 0.5, 0.809017, 0.309017, 0.0, 0.0, 0.0, 0.0, 1.0 ], [ -0.5, -0.809017, 0.309017, 0.0, -0.809017, 0.309017, -0.5, 0.0, 0.309017, -0.5, -0.809017, 0.0, 0.0, 0.0, 0.0, 1.0 ], [ -0.309017, 0.5, 0.809017, 0.0, -0.5, -0.809017, 0.309017, 0.0, 0.809017, -0.309017, 0.5, 0.0, 0.0, 0.0, 0.0, 1.0 ], [ -0.809017, 0.309017, -0.5, 0.0, -0.309017, 0.5, 0.809017, 0.0, 0.5, 0.809017, -0.309017, 0.0, 0.0, 0.0, 0.0, 1.0 ], [ -0.809017, -0.309017, 0.5, 0.0, -0.309017, -0.5, -0.809017, 0.0, 0.5, -0.809017, 0.309017, 0.0, 0.0, 0.0, 0.0, 1.0 ], [ -0.5, 0.809017, -0.309017, 0.0, -0.809017, -0.309017, 0.5, 0.0, 0.309017, 0.5, 0.809017, 0.0, 0.0, 0.0, 0.0, 1.0 ], [ -0.309017, -0.5, -0.809017, 0.0, -0.5, 0.809017, -0.309017, 0.0, 0.809017, 0.309017, -0.5, 0.0, 0.0, 0.0, 0.0, 1.0 ], [ -1.0, 0.0, 0.0, 0.0, 0.0, 1.0, 0.0, 0.0, 0.0, 0.0, -1.0, 0.0, 0.0, 0.0, 0.0, 1.0 ], [ 0.0, 0.0, -1.0, 0.0, 1.0, 0.0, 0.0, 0.0, 0.0, -1.0, 0.0, 0.0, 0.0, 0.0, 0.0, 1.0 ], [ 0.0, -1.0, 0.0, 0.0, 0.0, 0.0, 1.0, 0.0, -1.0, 0.0, 0.0, 0.0, 0.0, 0.0, 0.0, 1.0 ], [ -0.809017, -0.309017, -0.5, 0.0, 0.309017, 0.5, -0.809017, 0.0, 0.5, -0.809017, -0.309017, 0.0, 0.0, 0.0, 0.0, 1.0 ], [ 0.5, -0.809017, -0.309017, 0.0, 0.809017, 0.309017, 0.5, 0.0, -0.309017, -0.5, 0.809017, 0.0, 0.0, 0.0, 0.0, 1.0 ], [ -0.309017, -0.5, 0.809017, 0.0, -0.5, 0.809017, 0.309017, 0.0, -0.809017, -0.309017, -0.5, 0.0, 0.0, 0.0, 0.0, 1.0 ], [ -0.5, -0.809017, -0.309017, 0.0, 0.809017, -0.309017, -0.5, 0.0, 0.309017, -0.5, 0.809017, 0.0, 0.0, 0.0, 0.0, 1.0 ], [ 0.309017, -0.5, 0.809017, 0.0, 0.5, 0.809017, 0.309017, 0.0, -0.809017, 0.309017, 0.5, 0.0, 0.0, 0.0, 0.0, 1.0 ], [ -0.809017, 0.309017, 0.5, 0.0, -0.309017, 0.5, -0.809017, 0.0, -0.5, -0.809017, -0.309017, 0.0, 0.0, 0.0, 0.0, 1.0 ], [ -0.5, -0.809017, 0.309017, 0.0, 0.809017, -0.309017, 0.5, 0.0, -0.309017, 0.5, 0.809017, 0.0, 0.0, 0.0, 0.0, 1.0 ], [ -0.309017, 0.5, 0.809017, 0.0, 0.5, 0.809017, -0.309017, 0.0, -0.809017, 0.309017, -0.5, 0.0, 0.0, 0.0, 0.0, 1.0 ], [ -0.809017, 0.309017, -0.5, 0.0, 0.309017, -0.5, -0.809017, 0.0, -0.5, -0.809017, 0.309017, 0.0, 0.0, 0.0, 0.0, 1.0 ], [ -0.809017, -0.309017, 0.5, 0.0, 0.309017, 0.5, 0.809017, 0.0, -0.5, 0.809017, -0.309017, 0.0, 0.0, 0.0, 0.0, 1.0 ], [ -0.5, 0.809017, -0.309017, 0.0, 0.809017, 0.309017, -0.5, 0.0, -0.309017, -0.5, -0.809017, 0.0, 0.0, 0.0, 0.0, 1.0 ], [ -0.309017, -0.5, -0.809017, 0.0, 0.5, -0.809017, 0.309017, 0.0, -0.809017, -0.309017, 0.5, 0.0, 0.0, 0.0, 0.0, 1.0 ] ],
  "lights" : {
    "ambientColor" : "#292929",
    "backgroundColor" : "#AFC8DC",
    "directionalLights" : [ {
      "direction" : {
        "x" : 1.0,
        "y" : -1.0,
        "z" : -1.0
      },
      "color" : "#EBEBE4"
    }, {
      "direction" : {
        "x" : -1.0,
        "y" : 0.0,
        "z" : 0.0
      },
      "color" : "#E4E4EB"
    }, {
      "direction" : {
        "x" : 0.0,
        "y" : 0.0,
        "z" : -1.0
      },
      "color" : "#1E1E1E"
    } ]
  },
  "camera" : {
    "viewDistance" : 619.47943,
    "nearClipDistance" : 1.5486981,
    "farClipDistance" : 1238.9575,
    "lookAtPoint" : {
      "x" : 0.0,
      "y" : 0.0,
      "z" : 0.0
    },
    "fieldOfView" : 0.4426289,
    "perspective" : true,
    "width" : 278.76575,
    "lookDirection" : {
      "x" : 0.2078034,
      "y" : 0.92627186,
      "z" : -0.3143866
    },
    "upDirection" : {
      "x" : -0.29291442,
      "y" : 0.36558232,
      "z" : 0.8834899
    },
    "stereo" : false,
    "position" : {
      "x" : -128.72993,
      "y" : -573.80634,
      "z" : 194.75604
    }
  },
  "embedding" : [ 1.0, 0.0, 0.0, 0.0, 0.0, 1.0, 0.0, 0.0, 0.0, 0.0, 1.0, 0.0, 0.0, 0.0, 0.0, 1.0 ],
  "shapes" : [ {
    "id" : "fd48f24a-e052-42d4-a3d9-6a4094b7a38d",
    "vertices" : [ {
      "x" : 9.376644,
      "y" : 3.3905764,
      "z" : -1.486068
    }, {
      "x" : 10.399187,
      "y" : 3.427051,
      "z" : -1.618034
    }, {
      "x" : 9.376644,
      "y" : 3.3905764,
      "z" : -1.104102
    }, {
      "x" : 9.185661,
      "y" : 3.6995935,
      "z" : -1.604102
    }, {
      "x" : 9.185661,
      "y" : 3.6995935,
      "z" : -1.2221359
    }, {
      "x" : 0.809017,
      "y" : 0.618034,
      "z" : 0.309017
    }, {
      "x" : 1.0,
      "y" : 0.309017,
      "z" : 0.19098301
    }, {
      "x" : 1.9045085,
      "y" : 0.5364745,
      "z" : -0.013932022
    }, {
      "x" : 10.09017,
      "y" : 3.927051,
      "z" : -1.809017
    }, {
      "x" : 10.281153,
      "y" : 3.618034,
      "z" : -1.927051
    }, {
      "x" : 10.281153,
      "y" : 3.618034,
      "z" : -1.309017
    }, {
      "x" : 10.09017,
      "y" : 3.927051,
      "z" : -1.427051
    }, {
      "x" : 1.7135255,
      "y" : 0.8454915,
      "z" : -0.13196601
    }, {
      "x" : 0.690983,
      "y" : 0.809017,
      "z" : 0.0
    }, {
      "x" : 1.9045085,
      "y" : 0.5364745,
      "z" : -0.39589804
    }, {
      "x" : 1.7135255,
      "y" : 0.8454915,
      "z" : -0.51393205
    }, {
      "x" : 0.809017,
      "y" : 0.618034,
      "z" : -0.309017
    }, {
      "x" : 1.0,
      "y" : 0.309017,
      "z" : -0.19098301
    }, {
      "x" : 11.09017,
      "y" : 4.236068,
      "z" : -1.618034
    } ],
    "faces" : [ {
      "vertices" : [ 0, 14, 15 ]
    }, {
      "vertices" : [ 0, 15, 3 ]
    }, {
      "vertices" : [ 3, 15, 12 ]
    }, {
      "vertices" : [ 3, 12, 4 ]
    }, {
      "vertices" : [ 0, 1, 2 ]
    }, {
      "vertices" : [ 12, 15, 13 ]
    }, {
      "vertices" : [ 0, 9, 1 ]
    }, {
      "vertices" : [ 0, 3, 9 ]
    }, {
      "vertices" : [ 13, 15, 16 ]
    }, {
      "vertices" : [ 6, 17, 14 ]
    }, {
      "vertices" : [ 6, 14, 7 ]
    }, {
      "vertices" : [ 1, 10, 2 ]
    }, {
      "vertices" : [ 5, 6, 7 ]
    }, {
      "vertices" : [ 3, 8, 9 ]
    }, {
      "vertices" : [ 0, 2, 7 ]
    }, {
      "vertices" : [ 0, 7, 14 ]
    }, {
      "vertices" : [ 5, 7, 12 ]
    }, {
      "vertices" : [ 2, 4, 12 ]
    }, {
      "vertices" : [ 2, 12, 7 ]
    }, {
      "vertices" : [ 3, 4, 11 ]
    }, {
      "vertices" : [ 3, 11, 8 ]
    }, {
      "vertices" : [ 2, 10, 11 ]
    }, {
      "vertices" : [ 2, 11, 4 ]
    }, {
      "vertices" : [ 5, 12, 13 ]
    }, {
      "vertices" : [ 14, 17, 16 ]
    }, {
      "vertices" : [ 14, 16, 15 ]
    } ]
  }, {
    "id" : "3f8f0489-7e74-4675-93bc-6f7cf7c6aee0",
    "vertices" : [ {
      "x" : 1.0,
      "y" : -0.309017,
      "z" : -0.19098301
    }, {
      "x" : 0.809017,
      "y" : 0.0,
      "z" : -0.690983
    }, {
      "x" : 1.0,
      "y" : 0.309017,
      "z" : -0.19098301
    }, {
      "x" : 1.809017,
      "y" : 0.0,
      "z" : -0.309017
    }, {
      "x" : 1.618034,
      "y" : 0.309017,
      "z" : -0.809017
    }, {
      "x" : 2.0,
      "y" : 0.309017,
      "z" : -0.19098301
    }, {
      "x" : 1.809017,
      "y" : 0.618034,
      "z" : -0.690983
    }, {
      "x" : 7.663119,
      "y" : 1.0,
      "z" : -1.927051
    }, {
      "x" : 7.472136,
      "y" : 1.309017,
      "z" : -2.427051
    }, {
      "x" : 7.854102,
      "y" : 1.309017,
      "z" : -1.809017
    }, {
      "x" : 7.663119,
      "y" : 1.618034,
      "z" : -2.309017
    }, {
      "x" : 8.472136,
      "y" : 1.309017,
      "z" : -2.427051
    }, {
      "x" : 8.663119,
      "y" : 1.618034,
      "z" : -1.927051
    }, {
      "x" : 8.472136,
      "y" : 1.927051,
      "z" : -2.427051
    }, {
      "x" : 9.472136,
      "y" : 1.618034,
      "z" : -2.618034
    } ],
    "faces" : [ {
      "vertices" : [ 8, 13, 11 ]
    }, {
      "vertices" : [ 2, 5, 9 ]
    }, {
      "vertices" : [ 2, 9, 10 ]
    }, {
      "vertices" : [ 2, 10, 6 ]
    }, {
      "vertices" : [ 3, 4, 8 ]
    }, {
      "vertices" : [ 3, 8, 11 ]
    }, {
      "vertices" : [ 3, 11, 7 ]
    }, {
      "vertices" : [ 0, 2, 1 ]
    }, {
      "vertices" : [ 11, 13, 12 ]
    }, {
      "vertices" : [ 0, 5, 2 ]
    }, {
      "vertices" : [ 0, 3, 5 ]
    }, {
      "vertices" : [ 0, 1, 4 ]
    }, {
      "vertices" : [ 0, 4, 3 ]
    }, {
      "vertices" : [ 1, 2, 6 ]
    }, {
      "vertices" : [ 1, 6, 4 ]
    }, {
      "vertices" : [ 9, 12, 13 ]
    }, {
      "vertices" : [ 9, 13, 10 ]
    }, {
      "vertices" : [ 3, 7, 9 ]
    }, {
      "vertices" : [ 3, 9, 5 ]
    }, {
      "vertices" : [ 7, 12, 9 ]
    }, {
      "vertices" : [ 4, 6, 10 ]
    }, {
      "vertices" : [ 4, 10, 8 ]
    }, {
      "vertices" : [ 7, 11, 12 ]
    }, {
      "vertices" : [ 8, 10, 13 ]
    } ]
  }, {
    "id" : "f4d9ad52-2c16-444f-80c2-3cf40d396dab",
    "vertices" : [ {
      "x" : 3.427051,
      "y" : 2.236068,
      "z" : 0.309017
    }, {
      "x" : 5.045085,
      "y" : 3.0,
      "z" : 0.309017
    }, {
      "x" : 4.854102,
      "y" : 3.309017,
      "z" : 0.19098301
    }, {
      "x" : 0.809017,
      "y" : 0.618034,
      "z" : -0.309017
    }, {
      "x" : 0.690983,
      "y" : 0.809017,
      "z" : 0.0
    }, {
      "x" : 3.309017,
      "y" : 2.427051,
      "z" : 0.0
    }, {
      "x" : 3.427051,
      "y" : 2.236068,
      "z" : -0.309017
    }, {
      "x" : 7.663119,
      "y" : 4.618034,
      "z" : 0.309017
    }, {
      "x" : 3.618034,
      "y" : 1.927051,
      "z" : 0.19098301
    }, {
      "x" : 3.618034,
      "y" : 1.927051,
      "z" : -0.19098301
    }, {
      "x" : 5.163119,
      "y" : 2.809017,
      "z" : 0.0
    }, {
      "x" : 5.045085,
      "y" : 3.0,
      "z" : -0.309017
    }, {
      "x" : 7.7811527,
      "y" : 4.427051,
      "z" : 0.0
    }, {
      "x" : 1.0,
      "y" : 0.309017,
      "z" : 0.19098301
    }, {
      "x" : 1.0,
      "y" : 0.309017,
      "z" : -0.19098301
    }, {
      "x" : 0.809017,
      "y" : 0.618034,
      "z" : 0.309017
    }, {
      "x" : 7.472136,
      "y" : 4.927051,
      "z" : 0.19098301
    }, {
      "x" : 7.663119,
      "y" : 4.618034,
      "z" : -0.309017
    }, {
      "x" : 7.472136,
      "y" : 4.927051,
      "z" : -0.19098301
    }, {
      "x" : 8.472136,
      "y" : 5.236068,
      "z" : 0.0
    }, {
      "x" : 4.854102,
      "y" : 3.309017,
      "z" : -0.19098301
    } ],
    "faces" : [ {
      "vertices" : [ 3, 6, 9 ]
    }, {
      "vertices" : [ 3, 9, 14 ]
    }, {
      "vertices" : [ 11, 20, 18 ]
    }, {
      "vertices" : [ 11, 18, 17 ]
    }, {
      "vertices" : [ 0, 1, 2 ]
    }, {
      "vertices" : [ 0, 15, 13 ]
    }, {
      "vertices" : [ 0, 13, 8 ]
    }, {
      "vertices" : [ 6, 20, 11 ]
    }, {
      "vertices" : [ 0, 2, 5 ]
    }, {
      "vertices" : [ 0, 8, 1 ]
    }, {
      "vertices" : [ 8, 13, 14 ]
    }, {
      "vertices" : [ 8, 14, 9 ]
    }, {
      "vertices" : [ 3, 4, 5 ]
    }, {
      "vertices" : [ 3, 5, 6 ]
    }, {
      "vertices" : [ 10, 11, 17 ]
    }, {
      "vertices" : [ 10, 17, 12 ]
    }, {
      "vertices" : [ 1, 8, 10 ]
    }, {
      "vertices" : [ 0, 5, 4 ]
    }, {
      "vertices" : [ 0, 4, 15 ]
    }, {
      "vertices" : [ 2, 16, 18 ]
    }, {
      "vertices" : [ 2, 18, 20 ]
    }, {
      "vertices" : [ 1, 7, 16 ]
    }, {
      "vertices" : [ 1, 16, 2 ]
    }, {
      "vertices" : [ 6, 11, 9 ]
    }, {
      "vertices" : [ 8, 9, 10 ]
    }, {
      "vertices" : [ 2, 20, 5 ]
    }, {
      "vertices" : [ 9, 11, 10 ]
    }, {
      "vertices" : [ 1, 10, 12 ]
    }, {
      "vertices" : [ 1, 12, 7 ]
    }, {
      "vertices" : [ 5, 20, 6 ]
    } ]
  }, {
    "id" : "d073b5eb-4a09-494d-ab2b-e6e5ba93eeca",
    "vertices" : [ {
      "x" : 0.309017,
      "y" : -0.809017,
      "z" : 0.618034
    }, {
      "x" : 0.809017,
      "y" : -0.618034,
      "z" : 0.309017
    }, {
      "x" : 0.618034,
      "y" : -0.309017,
      "z" : 0.809017
    }, {
      "x" : 1.0,
      "y" : 0.309017,
      "z" : 0.19098301
    }, {
      "x" : 0.809017,
      "y" : 0.618034,
      "z" : 0.309017
    }, {
      "x" : 0.618034,
      "y" : 0.309017,
      "z" : 0.809017
    }, {
      "x" : 0.809017,
      "y" : 0.0,
      "z" : 0.690983
    }, {
      "x" : 0.19098301,
      "y" : -1.0,
      "z" : 0.309017
    }, {
      "x" : -0.19098301,
      "y" : -1.0,
      "z" : 0.309017
    }, {
      "x" : -0.19098301,
      "y" : -1.0,
      "z" : -0.309017
    }, {
      "x" : 0.19098301,
      "y" : -1.0,
      "z" : -0.309017
    }, {
      "x" : 1.0,
      "y" : -0.309017,
      "z" : -0.19098301
    }, {
      "x" : 0.809017,
      "y" : -0.618034,
      "z" : -0.309017
    }, {
      "x" : 0.618034,
      "y" : -0.309017,
      "z" : -0.809017
    }, {
      "x" : 0.809017,
      "y" : 0.0,
      "z" : -0.690983
    }, {
      "x" : 0.0,
      "y" : 0.690983,
      "z" : -0.809017
    }, {
      "x" : 0.309017,
      "y" : 0.809017,
      "z" : -0.618034
    }, {
      "x" : 0.618034,
      "y" : 0.309017,
      "z" : -0.809017
    }, {
      "x" : 0.309017,
      "y" : 0.19098301,
      "z" : -1.0
    }, {
      "x" : 1.0,
      "y" : 0.309017,
      "z" : -0.19098301
    }, {
      "x" : -0.309017,
      "y" : -0.809017,
      "z" : 0.618034
    }, {
      "x" : 0.0,
      "y" : -0.690983,
      "z" : 0.809017
    }, {
      "x" : 0.809017,
      "y" : 0.618034,
      "z" : -0.309017
    }, {
      "x" : 0.690983,
      "y" : 0.809017,
      "z" : 0.0
    }, {
      "x" : -0.690983,
      "y" : 0.809017,
      "z" : 0.0
    }, {
      "x" : -0.809017,
      "y" : 0.618034,
      "z" : 0.309017
    }, {
      "x" : -0.309017,
      "y" : 0.809017,
      "z" : 0.618034
    }, {
      "x" : -0.19098301,
      "y" : 1.0,
      "z" : 0.309017
    }, {
      "x" : 0.309017,
      "y" : -0.19098301,
      "z" : -1.0
    }, {
      "x" : 0.19098301,
      "y" : 1.0,
      "z" : 0.309017
    }, {
      "x" : 0.309017,
      "y" : 0.809017,
      "z" : 0.618034
    }, {
      "x" : -0.809017,
      "y" : -0.618034,
      "z" : 0.309017
    }, {
      "x" : -0.690983,
      "y" : -0.809017,
      "z" : 0.0
    }, {
      "x" : 0.0,
      "y" : 0.690983,
      "z" : 0.809017
    }, {
      "x" : 0.309017,
      "y" : -0.809017,
      "z" : -0.618034
    }, {
      "x" : 0.0,
      "y" : -0.690983,
      "z" : -0.809017
    }, {
      "x" : -1.0,
      "y" : 0.309017,
      "z" : 0.19098301
    }, {
      "x" : -0.809017,
      "y" : 0.0,
      "z" : 0.690983
    }, {
      "x" : -0.618034,
      "y" : 0.309017,
      "z" : 0.809017
    }, {
      "x" : 1.0,
      "y" : -0.309017,
      "z" : 0.19098301
    }, {
      "x" : -0.309017,
      "y" : -0.809017,
      "z" : -0.618034
    }, {
      "x" : -1.0,
      "y" : 0.309017,
      "z" : -0.19098301
    }, {
      "x" : -1.0,
      "y" : -0.309017,
      "z" : -0.19098301
    }, {
      "x" : -1.0,
      "y" : -0.309017,
      "z" : 0.19098301
    }, {
      "x" : 0.19098301,
      "y" : 1.0,
      "z" : -0.309017
    }, {
      "x" : -0.809017,
      "y" : 0.618034,
      "z" : -0.309017
    }, {
      "x" : -0.19098301,
      "y" : 1.0,
      "z" : -0.309017
    }, {
      "x" : -0.309017,
      "y" : 0.809017,
      "z" : -0.618034
    }, {
      "x" : -0.618034,
      "y" : -0.309017,
      "z" : 0.809017
    }, {
      "x" : 0.309017,
      "y" : 0.19098301,
      "z" : 1.0
    }, {
      "x" : -0.309017,
      "y" : 0.19098301,
      "z" : -1.0
    }, {
      "x" : -0.309017,
      "y" : 0.19098301,
      "z" : 1.0
    }, {
      "x" : -0.309017,
      "y" : -0.19098301,
      "z" : 1.0
    }, {
      "x" : 0.309017,
      "y" : -0.19098301,
      "z" : 1.0
    }, {
      "x" : 0.690983,
      "y" : -0.809017,
      "z" : 0.0
    }, {
      "x" : -0.809017,
      "y" : 0.0,
      "z" : -0.690983
    }, {
      "x" : -0.618034,
      "y" : -0.309017,
      "z" : -0.809017
    }, {
      "x" : -0.309017,
      "y" : -0.19098301,
      "z" : -1.0
    }, {
      "x" : -0.618034,
      "y" : 0.309017,
      "z" : -0.809017
    }, {
      "x" : -0.809017,
      "y" : -0.618034,
      "z" : -0.309017
    } ],
    "faces" : [ {
      "vertices" : [ 9, 40, 35 ]
    }, {
      "vertices" : [ 9, 35, 34 ]
    }, {
      "vertices" : [ 9, 34, 10 ]
    }, {
      "vertices" : [ 0, 1, 2 ]
    }, {
      "vertices" : [ 33, 51, 49 ]
    }, {
      "vertices" : [ 25, 36, 37 ]
    }, {
      "vertices" : [ 25, 37, 38 ]
    }, {
      "vertices" : [ 41, 55, 42 ]
    }, {
      "vertices" : [ 9, 32, 59 ]
    }, {
      "vertices" : [ 9, 59, 40 ]
    }, {
      "vertices" : [ 20, 21, 52 ]
    }, {
      "vertices" : [ 20, 52, 48 ]
    }, {
      "vertices" : [ 26, 33, 30 ]
    }, {
      "vertices" : [ 26, 30, 29 ]
    }, {
      "vertices" : [ 26, 29, 27 ]
    }, {
      "vertices" : [ 3, 4, 5 ]
    }, {
      "vertices" : [ 3, 5, 6 ]
    }, {
      "vertices" : [ 27, 29, 44 ]
    }, {
      "vertices" : [ 27, 44, 46 ]
    }, {
      "vertices" : [ 50, 57, 56 ]
    }, {
      "vertices" : [ 50, 56, 55 ]
    }, {
      "vertices" : [ 50, 55, 58 ]
    }, {
      "vertices" : [ 26, 38, 51 ]
    }, {
      "vertices" : [ 26, 51, 33 ]
    }, {
      "vertices" : [ 45, 47, 58 ]
    }, {
      "vertices" : [ 18, 28, 57 ]
    }, {
      "vertices" : [ 18, 57, 50 ]
    }, {
      "vertices" : [ 40, 59, 56 ]
    }, {
      "vertices" : [ 31, 48, 37 ]
    }, {
      "vertices" : [ 31, 37, 43 ]
    }, {
      "vertices" : [ 7, 8, 9 ]
    }, {
      "vertices" : [ 7, 9, 10 ]
    }, {
      "vertices" : [ 36, 41, 42 ]
    }, {
      "vertices" : [ 36, 42, 43 ]
    }, {
      "vertices" : [ 24, 46, 47 ]
    }, {
      "vertices" : [ 24, 47, 45 ]
    }, {
      "vertices" : [ 4, 30, 5 ]
    }, {
      "vertices" : [ 15, 47, 46 ]
    }, {
      "vertices" : [ 15, 46, 44 ]
    }, {
      "vertices" : [ 15, 44, 16 ]
    }, {
      "vertices" : [ 15, 50, 58 ]
    }, {
      "vertices" : [ 15, 58, 47 ]
    }, {
      "vertices" : [ 24, 45, 41 ]
    }, {
      "vertices" : [ 24, 41, 36 ]
    }, {
      "vertices" : [ 24, 36, 25 ]
    }, {
      "vertices" : [ 11, 14, 19 ]
    }, {
      "vertices" : [ 3, 6, 39 ]
    }, {
      "vertices" : [ 1, 39, 6 ]
    }, {
      "vertices" : [ 1, 6, 2 ]
    }, {
      "vertices" : [ 8, 32, 9 ]
    }, {
      "vertices" : [ 11, 12, 13 ]
    }, {
      "vertices" : [ 11, 13, 14 ]
    }, {
      "vertices" : [ 16, 22, 17 ]
    }, {
      "vertices" : [ 0, 21, 20 ]
    }, {
      "vertices" : [ 0, 20, 8 ]
    }, {
      "vertices" : [ 0, 8, 7 ]
    }, {
      "vertices" : [ 12, 34, 13 ]
    }, {
      "vertices" : [ 35, 40, 56 ]
    }, {
      "vertices" : [ 35, 56, 57 ]
    }, {
      "vertices" : [ 0, 7, 54 ]
    }, {
      "vertices" : [ 0, 54, 1 ]
    }, {
      "vertices" : [ 15, 16, 17 ]
    }, {
      "vertices" : [ 15, 17, 18 ]
    }, {
      "vertices" : [ 3, 19, 22 ]
    }, {
      "vertices" : [ 3, 22, 23 ]
    }, {
      "vertices" : [ 3, 23, 4 ]
    }, {
      "vertices" : [ 7, 10, 54 ]
    }, {
      "vertices" : [ 41, 45, 58 ]
    }, {
      "vertices" : [ 41, 58, 55 ]
    }, {
      "vertices" : [ 3, 39, 11 ]
    }, {
      "vertices" : [ 3, 11, 19 ]
    }, {
      "vertices" : [ 14, 17, 22 ]
    }, {
      "vertices" : [ 14, 22, 19 ]
    }, {
      "vertices" : [ 0, 2, 53 ]
    }, {
      "vertices" : [ 0, 53, 21 ]
    }, {
      "vertices" : [ 49, 51, 52 ]
    }, {
      "vertices" : [ 49, 52, 53 ]
    }, {
      "vertices" : [ 31, 43, 42 ]
    }, {
      "vertices" : [ 31, 42, 59 ]
    }, {
      "vertices" : [ 31, 59, 32 ]
    }, {
      "vertices" : [ 15, 18, 50 ]
    }, {
      "vertices" : [ 42, 55, 56 ]
    }, {
      "vertices" : [ 42, 56, 59 ]
    }, {
      "vertices" : [ 4, 23, 29 ]
    }, {
      "vertices" : [ 4, 29, 30 ]
    }, {
      "vertices" : [ 25, 38, 26 ]
    }, {
      "vertices" : [ 13, 28, 18 ]
    }, {
      "vertices" : [ 13, 18, 17 ]
    }, {
      "vertices" : [ 13, 17, 14 ]
    }, {
      "vertices" : [ 8, 20, 31 ]
    }, {
      "vertices" : [ 8, 31, 32 ]
    }, {
      "vertices" : [ 23, 44, 29 ]
    }, {
      "vertices" : [ 24, 27, 46 ]
    }, {
      "vertices" : [ 37, 48, 52 ]
    }, {
      "vertices" : [ 37, 52, 51 ]
    }, {
      "vertices" : [ 37, 51, 38 ]
    }, {
      "vertices" : [ 20, 48, 31 ]
    }, {
      "vertices" : [ 24, 25, 26 ]
    }, {
      "vertices" : [ 24, 26, 27 ]
    }, {
      "vertices" : [ 16, 44, 23 ]
    }, {
      "vertices" : [ 16, 23, 22 ]
    }, {
      "vertices" : [ 13, 34, 35 ]
    }, {
      "vertices" : [ 13, 35, 28 ]
    }, {
      "vertices" : [ 10, 34, 12 ]
    }, {
      "vertices" : [ 10, 12, 54 ]
    }, {
      "vertices" : [ 2, 6, 5 ]
    }, {
      "vertices" : [ 2, 5, 49 ]
    }, {
      "vertices" : [ 2, 49, 53 ]
    }, {
      "vertices" : [ 36, 43, 37 ]
    }, {
      "vertices" : [ 5, 30, 33 ]
    }, {
      "vertices" : [ 5, 33, 49 ]
    }, {
      "vertices" : [ 1, 54, 12 ]
    }, {
      "vertices" : [ 1, 12, 11 ]
    }, {
      "vertices" : [ 1, 11, 39 ]
    }, {
      "vertices" : [ 28, 35, 57 ]
    }, {
      "vertices" : [ 21, 53, 52 ]
    } ]
  }, {
    "id" : "09d8cdc7-c6ae-43cf-906b-7090e127221a",
    "vertices" : [ {
      "x" : 19.944271,
      "y" : 4.118034,
      "z" : 2.163119
    }, {
      "x" : 19.944271,
      "y" : 3.5,
      "z" : 2.163119
    }, {
      "x" : 2.236068,
      "y" : 0.11803399,
      "z" : 0.072949015
    }, {
      "x" : 2.236068,
      "y" : 0.73606795,
      "z" : 0.072949015
    }, {
      "x" : 1.0,
      "y" : -0.309017,
      "z" : -0.19098301
    }, {
      "x" : 1.0,
      "y" : 0.309017,
      "z" : -0.19098301
    }, {
      "x" : 2.236068,
      "y" : 0.73606795,
      "z" : 0.45491502
    }, {
      "x" : 1.0,
      "y" : 0.309017,
      "z" : 0.19098301
    }, {
      "x" : 1.0,
      "y" : -0.309017,
      "z" : 0.19098301
    }, {
      "x" : 2.236068,
      "y" : 0.11803399,
      "z" : 0.45491502
    }, {
      "x" : 19.944271,
      "y" : 3.5,
      "z" : 2.545085
    }, {
      "x" : 21.18034,
      "y" : 4.545085,
      "z" : 2.809017
    }, {
      "x" : 19.944271,
      "y" : 4.118034,
      "z" : 2.545085
    }, {
      "x" : 21.18034,
      "y" : 3.927051,
      "z" : 2.809017
    }, {
      "x" : 22.18034,
      "y" : 4.236068,
      "z" : 2.618034
    }, {
      "x" : 21.18034,
      "y" : 4.545085,
      "z" : 2.427051
    }, {
      "x" : 21.18034,
      "y" : 3.927051,
      "z" : 2.427051
    } ],
    "faces" : [ {
      "vertices" : [ 0, 15, 16 ]
    }, {
      "vertices" : [ 0, 16, 1 ]
    }, {
      "vertices" : [ 6, 9, 10 ]
    }, {
      "vertices" : [ 6, 10, 12 ]
    }, {
      "vertices" : [ 3, 5, 7 ]
    }, {
      "vertices" : [ 3, 7, 6 ]
    }, {
      "vertices" : [ 0, 3, 6 ]
    }, {
      "vertices" : [ 0, 6, 12 ]
    }, {
      "vertices" : [ 0, 1, 2 ]
    }, {
      "vertices" : [ 0, 2, 3 ]
    }, {
      "vertices" : [ 1, 10, 9 ]
    }, {
      "vertices" : [ 1, 9, 2 ]
    }, {
      "vertices" : [ 0, 12, 11 ]
    }, {
      "vertices" : [ 0, 11, 15 ]
    }, {
      "vertices" : [ 2, 9, 8 ]
    }, {
      "vertices" : [ 2, 8, 4 ]
    }, {
      "vertices" : [ 1, 16, 13 ]
    }, {
      "vertices" : [ 1, 13, 10 ]
    }, {
      "vertices" : [ 2, 4, 5 ]
    }, {
      "vertices" : [ 2, 5, 3 ]
    }, {
      "vertices" : [ 6, 7, 8 ]
    }, {
      "vertices" : [ 6, 8, 9 ]
    }, {
      "vertices" : [ 10, 13, 11 ]
    }, {
      "vertices" : [ 10, 11, 12 ]
    } ]
  } ],
  "instances" : [ {
    "shape" : "fd48f24a-e052-42d4-a3d9-6a4094b7a38d",
    "color" : "#008D36",
    "position" : {
      "x" : -22.18034,
      "y" : -76.01315,
      "z" : 41.742645
    },
    "orientation" : 46
  }, {
    "shape" : "3f8f0489-7e74-4675-93bc-6f7cf7c6aee0",
    "color" : "#DC4C00",
    "position" : {
      "x" : 51.214783,
      "y" : 6.854102,
      "z" : 92.33939
    },
    "orientation" : 23
  }, {
    "shape" : "fd48f24a-e052-42d4-a3d9-6a4094b7a38d",
    "color" : "#008D36",
    "position" : {
      "x" : 76.01315,
      "y" : 41.742645,
      "z" : 22.18034
    },
    "orientation" : 30
  }, {
    "shape" : "f4d9ad52-2c16-444f-80c2-3cf40d396dab",
    "color" : "#AF0000",
    "position" : {
      "x" : -22.18034,
      "y" : 4.236068,
      "z" : -74.39512
    },
    "orientation" : 31
  }, {
    "shape" : "f4d9ad52-2c16-444f-80c2-3cf40d396dab",
    "color" : "#AF0000",
    "position" : {
      "x" : 82.867256,
      "y" : 35.888542,
      "z" : 17.944271
    },
    "orientation" : 30
  }, {
    "shape" : "f4d9ad52-2c16-444f-80c2-3cf40d396dab",
    "color" : "#AF0000",
    "position" : {
      "x" : -40.12461,
      "y" : 2.618034,
      "z" : -93.95743
    },
    "orientation" : 30
  }, {
    "shape" : "3f8f0489-7e74-4675-93bc-6f7cf7c6aee0",
    "color" : "#DC4C00",
    "position" : {
      "x" : 78.63119,
      "y" : -51.214783,
      "z" : -20.562305
    },
    "orientation" : 58
  }, {
    "shape" : "3f8f0489-7e74-4675-93bc-6f7cf7c6aee0",
    "color" : "#DC4C00",
    "position" : {
      "x" : 92.33939,
      "y" : 51.214783,
      "z" : 6.854102
    },
    "orientation" : 51
  }, {
    "shape" : "fd48f24a-e052-42d4-a3d9-6a4094b7a38d",
    "color" : "#008D36",
    "position" : {
      "x" : 13.708204,
      "y" : 89.72136,
      "z" : 41.742645
    },
    "orientation" : 57
  }, {
    "shape" : "fd48f24a-e052-42d4-a3d9-6a4094b7a38d",
    "color" : "#008D36",
    "position" : {
      "x" : -20.562305,
      "y" : -78.63119,
      "z" : -37.506577
    },
    "orientation" : 10
  }, {
    "shape" : "f4d9ad52-2c16-444f-80c2-3cf40d396dab",
    "color" : "#AF0000",
    "position" : {
      "x" : -69.15905,
      "y" : 58.068882,
      "z" : -17.944271
    },
    "orientation" : 15
  }, {
    "shape" : "fd48f24a-e052-42d4-a3d9-6a4094b7a38d",
    "color" : "#008D36",
    "position" : {
      "x" : 17.944271,
      "y" : 74.39512,
      "z" : -58.068882
    },
    "orientation" : 14
  }, {
    "shape" : "3f8f0489-7e74-4675-93bc-6f7cf7c6aee0",
    "color" : "#DC4C00",
    "position" : {
      "x" : 80.24922,
      "y" : 26.416409,
      "z" : 11.09017
    },
    "orientation" : 35
  }, {
    "shape" : "d073b5eb-4a09-494d-ab2b-e6e5ba93eeca",
    "color" : "#FFFFFF",
    "position" : {
      "x" : 59.686916,
      "y" : 6.854102,
      "z" : -56.45085
    }
  }, {
    "shape" : "3f8f0489-7e74-4675-93bc-6f7cf7c6aee0",
    "color" : "#DC4C00",
    "position" : {
      "x" : -48.59675,
      "y" : -2.618034,
      "z" : 49.59675
    },
    "orientation" : 1
  }, {
    "shape" : "3f8f0489-7e74-4675-93bc-6f7cf7c6aee0",
    "color" : "#DC4C00",
    "position" : {
      "x" : -29.034441,
      "y" : -15.326238,
      "z" : -78.63119
    },
    "orientation" : 44
  }, {
    "shape" : "3f8f0489-7e74-4675-93bc-6f7cf7c6aee0",
    "color" : "#DC4C00",
    "position" : {
      "x" : -13.708204,
      "y" : -89.72136,
      "z" : -46.978714
    },
    "orientation" : 32
  }, {
    "shape" : "3f8f0489-7e74-4675-93bc-6f7cf7c6aee0",
    "color" : "#DC4C00",
    "position" : {
      "x" : 51.214783,
      "y" : -15.326238,
      "z" : 56.45085
    },
    "orientation" : 57
  }, {
    "shape" : "f4d9ad52-2c16-444f-80c2-3cf40d396dab",
    "color" : "#AF0000",
    "position" : {
      "x" : -26.416409,
      "y" : -11.09017,
      "z" : 80.24922
    },
    "orientation" : 1
  }, {
    "shape" : "f4d9ad52-2c16-444f-80c2-3cf40d396dab",
    "color" : "#AF0000",
    "position" : {
      "x" : 15.326238,
      "y" : -56.45085,
      "z" : -37.506577
    },
    "orientation" : 45
  }, {
    "shape" : "3f8f0489-7e74-4675-93bc-6f7cf7c6aee0",
    "color" : "#DC4C00",
    "position" : {
      "x" : -29.034441,
      "y" : -6.854102,
      "z" : -87.103325
    },
    "orientation" : 13
  }, {
    "shape" : "f4d9ad52-2c16-444f-80c2-3cf40d396dab",
    "color" : "#AF0000",
    "position" : {
      "x" : 15.326238,
      "y" : 64.92299,
      "z" : -59.686916
    },
    "orientation" : 2
  }, {
    "shape" : "fd48f24a-e052-42d4-a3d9-6a4094b7a38d",
    "color" : "#008D36",
    "position" : {
      "x" : 15.326238,
      "y" : 56.45085,
      "z" : 37.506577
    },
    "orientation" : 52
  }, {
    "shape" : "f4d9ad52-2c16-444f-80c2-3cf40d396dab",
    "color" : "#AF0000",
    "position" : {
      "x" : -56.45085,
      "y" : -37.506577,
      "z" : 15.326238
    },
    "orientation" : 17
  }, {
    "shape" : "d073b5eb-4a09-494d-ab2b-e6e5ba93eeca",
    "color" : "#FFFFFF",
    "position" : {
      "x" : -82.867256,
      "y" : 52.832817,
      "z" : 17.944271
    }
  }, {
    "shape" : "fd48f24a-e052-42d4-a3d9-6a4094b7a38d",
    "color" : "#008D36",
    "position" : {
      "x" : 69.15905,
      "y" : -58.068882,
      "z" : -17.944271
    },
    "orientation" : 58
  }, {
    "shape" : "d073b5eb-4a09-494d-ab2b-e6e5ba93eeca",
    "color" : "#FFFFFF",
    "position" : {
      "x" : 93.95743,
      "y" : 48.59675,
      "z" : -2.618034
    }
  }, {
    "shape" : "fd48f24a-e052-42d4-a3d9-6a4094b7a38d",
    "color" : "#008D36",
    "position" : {
      "x" : 37.506577,
      "y" : -20.562305,
      "z" : 78.63119
    },
    "orientation" : 29
  }, {
    "shape" : "d073b5eb-4a09-494d-ab2b-e6e5ba93eeca",
    "color" : "#FFFFFF",
    "position" : {
      "x" : -8.472136,
      "y" : 89.72136,
      "z" : 55.45085
    }
  }, {
    "shape" : "d073b5eb-4a09-494d-ab2b-e6e5ba93eeca",
    "color" : "#FFFFFF",
    "position" : {
      "x" : -85.48529,
      "y" : 26.416409,
      "z" : -2.618034
    }
  }, {
    "shape" : "d073b5eb-4a09-494d-ab2b-e6e5ba93eeca",
    "color" : "#FFFFFF",
    "position" : {
      "x" : 56.45085,
      "y" : -29.034441,
      "z" : -6.854102
    }
  }, {
    "shape" : "fd48f24a-e052-42d4-a3d9-6a4094b7a38d",
    "color" : "#008D36",
    "position" : {
      "x" : -51.214783,
      "y" : 37.506577,
      "z" : -6.854102
    },
    "orientation" : 55
  }, {
    "shape" : "d073b5eb-4a09-494d-ab2b-e6e5ba93eeca",
    "color" : "#FFFFFF",
    "position" : {
      "x" : -48.59675,
      "y" : -2.618034,
      "z" : 49.59675
    }
  }, {
    "shape" : "f4d9ad52-2c16-444f-80c2-3cf40d396dab",
    "color" : "#AF0000",
    "position" : {
      "x" : 15.326238,
      "y" : -56.45085,
      "z" : 51.214783
    },
    "orientation" : 45
  }, {
    "shape" : "d073b5eb-4a09-494d-ab2b-e6e5ba93eeca",
    "color" : "#FFFFFF",
    "position" : {
      "x" : -46.978714,
      "y" : 22.18034,
      "z" : -67.54102
    }
  }, {
    "shape" : "fd48f24a-e052-42d4-a3d9-6a4094b7a38d",
    "color" : "#008D36",
    "position" : {
      "x" : -26.416409,
      "y" : 2.618034,
      "z" : 58.068882
    },
    "orientation" : 14
  }, {
    "shape" : "fd48f24a-e052-42d4-a3d9-6a4094b7a38d",
    "color" : "#008D36",
    "position" : {
      "x" : -15.326238,
      "y" : 56.45085,
      "z" : -37.506577
    },
    "orientation" : 8
  }, {
    "shape" : "f4d9ad52-2c16-444f-80c2-3cf40d396dab",
    "color" : "#AF0000",
    "position" : {
      "x" : -11.09017,
      "y" : -80.24922,
      "z" : -62.30495
    },
    "orientation" : 15
  }, {
    "shape" : "d073b5eb-4a09-494d-ab2b-e6e5ba93eeca",
    "color" : "#FFFFFF",
    "position" : {
      "x" : 37.506577,
      "y" : 15.326238,
      "z" : -87.103325
    }
  }, {
    "shape" : "f4d9ad52-2c16-444f-80c2-3cf40d396dab",
    "color" : "#AF0000",
    "position" : {
      "x" : 76.01315,
      "y" : -41.742645,
      "z" : -22.18034
    },
    "orientation" : 30
  }, {
    "shape" : "fd48f24a-e052-42d4-a3d9-6a4094b7a38d",
    "color" : "#008D36",
    "position" : {
      "x" : 33.27051,
      "y" : 8.472136,
      "z" : -53.832817
    },
    "orientation" : 56
  }, {
    "shape" : "fd48f24a-e052-42d4-a3d9-6a4094b7a38d",
    "color" : "#008D36",
    "position" : {
      "x" : 64.92299,
      "y" : 59.686916,
      "z" : -15.326238
    },
    "orientation" : 38
  }, {
    "shape" : "3f8f0489-7e74-4675-93bc-6f7cf7c6aee0",
    "color" : "#DC4C00",
    "position" : {
      "x" : 33.27051,
      "y" : 8.472136,
      "z" : 89.72136
    },
    "orientation" : 33
  }, {
    "shape" : "fd48f24a-e052-42d4-a3d9-6a4094b7a38d",
    "color" : "#008D36",
    "position" : {
      "x" : -78.63119,
      "y" : 59.686916,
      "z" : -15.326238
    },
    "orientation" : 38
  }, {
    "shape" : "3f8f0489-7e74-4675-93bc-6f7cf7c6aee0",
    "color" : "#DC4C00",
    "position" : {
      "x" : 85.48529,
      "y" : 62.30495,
      "z" : -2.618034
    },
    "orientation" : 2
  }, {
    "shape" : "fd48f24a-e052-42d4-a3d9-6a4094b7a38d",
    "color" : "#008D36",
    "position" : {
      "x" : -6.854102,
      "y" : -92.33939,
      "z" : -37.506577
    },
    "orientation" : 29
  }, {
    "shape" : "d073b5eb-4a09-494d-ab2b-e6e5ba93eeca",
    "color" : "#FFFFFF",
    "position" : {
      "x" : 80.24922,
      "y" : 26.416409,
      "z" : 11.09017
    }
  }, {
    "shape" : "3f8f0489-7e74-4675-93bc-6f7cf7c6aee0",
    "color" : "#DC4C00",
    "position" : {
      "x" : -80.24922,
      "y" : 62.30495,
      "z" : 11.09017
    },
    "orientation" : 20
  }, {
    "shape" : "3f8f0489-7e74-4675-93bc-6f7cf7c6aee0",
    "color" : "#DC4C00",
    "position" : {
      "x" : -64.92299,
      "y" : 23.798374,
      "z" : -6.854102
    },
    "orientation" : 42
  }, {
    "shape" : "f4d9ad52-2c16-444f-80c2-3cf40d396dab",
    "color" : "#AF0000",
    "position" : {
      "x" : -22.18034,
      "y" : -4.236068,
      "z" : 74.39512
    },
    "orientation" : 46
  }, {
    "shape" : "3f8f0489-7e74-4675-93bc-6f7cf7c6aee0",
    "color" : "#DC4C00",
    "position" : {
      "x" : -6.854102,
      "y" : 78.63119,
      "z" : -64.92299
    },
    "orientation" : 28
  }, {
    "shape" : "fd48f24a-e052-42d4-a3d9-6a4094b7a38d",
    "color" : "#008D36",
    "position" : {
      "x" : 30.652475,
      "y" : 17.944271,
      "z" : 74.39512
    },
    "orientation" : 12
  }, {
    "shape" : "fd48f24a-e052-42d4-a3d9-6a4094b7a38d",
    "color" : "#008D36",
    "position" : {
      "x" : 74.39512,
      "y" : 58.068882,
      "z" : -17.944271
    },
    "orientation" : 28
  }, {
    "shape" : "fd48f24a-e052-42d4-a3d9-6a4094b7a38d",
    "color" : "#008D36",
    "position" : {
      "x" : 2.618034,
      "y" : 58.068882,
      "z" : 62.30495
    },
    "orientation" : 48
  }, {
    "shape" : "3f8f0489-7e74-4675-93bc-6f7cf7c6aee0",
    "color" : "#DC4C00",
    "position" : {
      "x" : 92.33939,
      "y" : 37.506577,
      "z" : -6.854102
    },
    "orientation" : 14
  }, {
    "shape" : "fd48f24a-e052-42d4-a3d9-6a4094b7a38d",
    "color" : "#008D36",
    "position" : {
      "x" : -26.416409,
      "y" : 11.09017,
      "z" : -80.24922
    },
    "orientation" : 54
  }, {
    "shape" : "fd48f24a-e052-42d4-a3d9-6a4094b7a38d",
    "color" : "#008D36",
    "position" : {
      "x" : -58.068882,
      "y" : -62.30495,
      "z" : 2.618034
    },
    "orientation" : 50
  }, {
    "shape" : "fd48f24a-e052-42d4-a3d9-6a4094b7a38d",
    "color" : "#008D36",
    "position" : {
      "x" : -40.12461,
      "y" : 2.618034,
      "z" : -93.95743
    },
    "orientation" : 45
  }, {
    "shape" : "f4d9ad52-2c16-444f-80c2-3cf40d396dab",
    "color" : "#AF0000",
    "position" : {
      "x" : -64.92299,
      "y" : -29.034441,
      "z" : 15.326238
    },
    "orientation" : 31
  }, {
    "shape" : "f4d9ad52-2c16-444f-80c2-3cf40d396dab",
    "color" : "#AF0000",
    "position" : {
      "x" : 46.978714,
      "y" : -13.708204,
      "z" : 89.72136
    },
    "orientation" : 0
  }, {
    "shape" : "fd48f24a-e052-42d4-a3d9-6a4094b7a38d",
    "color" : "#008D36",
    "position" : {
      "x" : -64.92299,
      "y" : 23.798374,
      "z" : -6.854102
    },
    "orientation" : 44
  }, {
    "shape" : "3f8f0489-7e74-4675-93bc-6f7cf7c6aee0",
    "color" : "#DC4C00",
    "position" : {
      "x" : -13.708204,
      "y" : 53.832817,
      "z" : 41.742645
    },
    "orientation" : 55
  }, {
    "shape" : "3f8f0489-7e74-4675-93bc-6f7cf7c6aee0",
    "color" : "#DC4C00",
    "position" : {
      "x" : 49.59675,
      "y" : -48.59675,
      "z" : -2.618034
    },
    "orientation" : 25
  }, {
    "shape" : "d073b5eb-4a09-494d-ab2b-e6e5ba93eeca",
