{
  "polygons" : "true",
  "field" : "golden",
  "symmetry" : "icosahedral",
  "orientations" : [ [ 1.0, 0.0, 0.0, 0.0, 0.0, 1.0, 0.0, 0.0, 0.0, 0.0, 1.0, 0.0, 0.0, 0.0, 0.0, 1.0 ], [ 0.0, 0.0, 1.0, 0.0, 1.0, 0.0, 0.0, 0.0, 0.0, 1.0, 0.0, 0.0, 0.0, 0.0, 0.0, 1.0 ], [ 0.0, 1.0, 0.0, 0.0, 0.0, 0.0, 1.0, 0.0, 1.0, 0.0, 0.0, 0.0, 0.0, 0.0, 0.0, 1.0 ], [ 0.809017, 0.309017, 0.5, 0.0, 0.309017, 0.5, -0.809017, 0.0, -0.5, 0.809017, 0.309017, 0.0, 0.0, 0.0, 0.0, 1.0 ], [ -0.5, 0.809017, 0.309017, 0.0, 0.809017, 0.309017, 0.5, 0.0, 0.309017, 0.5, -0.809017, 0.0, 0.0, 0.0, 0.0, 1.0 ], [ 0.309017, 0.5, -0.809017, 0.0, -0.5, 0.809017, 0.309017, 0.0, 0.809017, 0.309017, 0.5, 0.0, 0.0, 0.0, 0.0, 1.0 ], [ 0.5, 0.809017, 0.309017, 0.0, 0.809017, -0.309017, -0.5, 0.0, -0.309017, 0.5, -0.809017, 0.0, 0.0, 0.0, 0.0, 1.0 ], [ -0.309017, 0.5, -0.809017, 0.0, 0.5, 0.809017, 0.309017, 0.0, 0.809017, -0.309017, -0.5, 0.0, 0.0, 0.0, 0.0, 1.0 ], [ 0.809017, -0.309017, -0.5, 0.0, -0.309017, 0.5, -0.809017, 0.0, 0.5, 0.809017, 0.309017, 0.0, 0.0, 0.0, 0.0, 1.0 ], [ 0.5, 0.809017, -0.309017, 0.0, 0.809017, -0.309017, 0.5, 0.0, 0.309017, -0.5, -0.809017, 0.0, 0.0, 0.0, 0.0, 1.0 ], [ 0.309017, -0.5, -0.809017, 0.0, 0.5, 0.809017, -0.309017, 0.0, 0.809017, -0.309017, 0.5, 0.0, 0.0, 0.0, 0.0, 1.0 ], [ 0.809017, -0.309017, 0.5, 0.0, 0.309017, -0.5, -0.809017, 0.0, 0.5, 0.809017, -0.309017, 0.0, 0.0, 0.0, 0.0, 1.0 ], [ 0.809017, 0.309017, -0.5, 0.0, 0.309017, 0.5, 0.809017, 0.0, 0.5, -0.809017, 0.309017, 0.0, 0.0, 0.0, 0.0, 1.0 ], [ 0.5, -0.809017, 0.309017, 0.0, 0.809017, 0.309017, -0.5, 0.0, 0.309017, 0.5, 0.809017, 0.0, 0.0, 0.0, 0.0, 1.0 ], [ 0.309017, 0.5, 0.809017, 0.0, 0.5, -0.809017, 0.309017, 0.0, 0.809017, 0.309017, -0.5, 0.0, 0.0, 0.0, 0.0, 1.0 ], [ 1.0, 0.0, 0.0, 0.0, 0.0, -1.0, 0.0, 0.0, 0.0, 0.0, -1.0, 0.0, 0.0, 0.0, 0.0, 1.0 ], [ 0.0, 0.0, 1.0, 0.0, -1.0, 0.0, 0.0, 0.0, 0.0, -1.0, 0.0, 0.0, 0.0, 0.0, 0.0, 1.0 ], [ 0.0, 1.0, 0.0, 0.0, 0.0, 0.0, -1.0, 0.0, -1.0, 0.0, 0.0, 0.0, 0.0, 0.0, 0.0, 1.0 ], [ 0.809017, 0.309017, 0.5, 0.0, -0.309017, -0.5, 0.809017, 0.0, 0.5, -0.809017, -0.309017, 0.0, 0.0, 0.0, 0.0, 1.0 ], [ -0.5, 0.809017, 0.309017, 0.0, -0.809017, -0.309017, -0.5, 0.0, -0.309017, -0.5, 0.809017, 0.0, 0.0, 0.0, 0.0, 1.0 ], [ 0.309017, 0.5, -0.809017, 0.0, 0.5, -0.809017, -0.309017, 0.0, -0.809017, -0.309017, -0.5, 0.0, 0.0, 0.0, 0.0, 1.0 ], [ 0.5, 0.809017, 0.309017, 0.0, -0.809017, 0.309017, 0.5, 0.0, 0.309017, -0.5, 0.809017, 0.0, 0.0, 0.0, 0.0, 1.0 ], [ -0.309017, 0.5, -0.809017, 0.0, -0.5, -0.809017, -0.309017, 0.0, -0.809017, 0.309017, 0.5, 0.0, 0.0, 0.0, 0.0, 1.0 ], [ 0.809017, -0.309017, -0.5, 0.0, 0.309017, -0.5, 0.809017, 0.0, -0.5, -0.809017, -0.309017, 0.0, 0.0, 0.0, 0.0, 1.0 ], [ 0.5, 0.809017, -0.309017, 0.0, -0.809017, 0.309017, -0.5, 0.0, -0.309017, 0.5, 0.809017, 0.0, 0.0, 0.0, 0.0, 1.0 ], [ 0.309017, -0.5, -0.809017, 0.0, -0.5, -0.809017, 0.309017, 0.0, -0.809017, 0.309017, -0.5, 0.0, 0.0, 0.0, 0.0, 1.0 ], [ 0.809017, -0.309017, 0.5, 0.0, -0.309017, 0.5, 0.809017, 0.0, -0.5, -0.809017, 0.309017, 0.0, 0.0, 0.0, 0.0, 1.0 ], [ 0.809017, 0.309017, -0.5, 0.0, -0.309017, -0.5, -0.809017, 0.0, -0.5, 0.809017, -0.309017, 0.0, 0.0, 0.0, 0.0, 1.0 ], [ 0.5, -0.809017, 0.309017, 0.0, -0.809017, -0.309017, 0.5, 0.0, -0.309017, -0.5, -0.809017, 0.0, 0.0, 0.0, 0.0, 1.0 ], [ 0.309017, 0.5, 0.809017, 0.0, -0.5, 0.809017, -0.309017, 0.0, -0.809017, -0.309017, 0.5, 0.0, 0.0, 0.0, 0.0, 1.0 ], [ -1.0, 0.0, 0.0, 0.0, 0.0, -1.0, 0.0, 0.0, 0.0, 0.0, 1.0, 0.0, 0.0, 0.0, 0.0, 1.0 ], [ 0.0, 0.0, -1.0, 0.0, -1.0, 0.0, 0.0, 0.0, 0.0, 1.0, 0.0, 0.0, 0.0, 0.0, 0.0, 1.0 ], [ 0.0, -1.0, 0.0, 0.0, 0.0, 0.0, -1.0, 0.0, 1.0, 0.0, 0.0, 0.0, 0.0, 0.0, 0.0, 1.0 ], [ -0.809017, -0.309017, -0.5, 0.0, -0.309017, -0.5, 0.809017, 0.0, -0.5, 0.809017, 0.309017, 0.0, 0.0, 0.0, 0.0, 1.0 ], [ 0.5, -0.809017, -0.309017, 0.0, -0.809017, -0.309017, -0.5, 0.0, 0.309017, 0.5, -0.809017, 0.0, 0.0, 0.0, 0.0, 1.0 ], [ -0.309017, -0.5, 0.809017, 0.0, 0.5, -0.809017, -0.309017, 0.0, 0.809017, 0.309017, 0.5, 0.0, 0.0, 0.0, 0.0, 1.0 ], [ -0.5, -0.809017, -0.309017, 0.0, -0.809017, 0.309017, 0.5, 0.0, -0.309017, 0.5, -0.809017, 0.0, 0.0, 0.0, 0.0, 1.0 ], [ 0.309017, -0.5, 0.809017, 0.0, -0.5, -0.809017, -0.309017, 0.0, 0.809017, -0.309017, -0.5, 0.0, 0.0, 0.0, 0.0, 1.0 ], [ -0.809017, 0.309017, 0.5, 0.0, 0.309017, -0.5, 0.809017, 0.0, 0.5, 0.809017, 0.309017, 0.0, 0.0, 0.0, 0.0, 1.0 ], [ -0.5, -0.809017, 0.309017, 0.0, -0.809017, 0.309017, -0.5, 0.0, 0.309017, -0.5, -0.809017, 0.0, 0.0, 0.0, 0.0, 1.0 ], [ -0.309017, 0.5, 0.809017, 0.0, -0.5, -0.809017, 0.309017, 0.0, 0.809017, -0.309017, 0.5, 0.0, 0.0, 0.0, 0.0, 1.0 ], [ -0.809017, 0.309017, -0.5, 0.0, -0.309017, 0.5, 0.809017, 0.0, 0.5, 0.809017, -0.309017, 0.0, 0.0, 0.0, 0.0, 1.0 ], [ -0.809017, -0.309017, 0.5, 0.0, -0.309017, -0.5, -0.809017, 0.0, 0.5, -0.809017, 0.309017, 0.0, 0.0, 0.0, 0.0, 1.0 ], [ -0.5, 0.809017, -0.309017, 0.0, -0.809017, -0.309017, 0.5, 0.0, 0.309017, 0.5, 0.809017, 0.0, 0.0, 0.0, 0.0, 1.0 ], [ -0.309017, -0.5, -0.809017, 0.0, -0.5, 0.809017, -0.309017, 0.0, 0.809017, 0.309017, -0.5, 0.0, 0.0, 0.0, 0.0, 1.0 ], [ -1.0, 0.0, 0.0, 0.0, 0.0, 1.0, 0.0, 0.0, 0.0, 0.0, -1.0, 0.0, 0.0, 0.0, 0.0, 1.0 ], [ 0.0, 0.0, -1.0, 0.0, 1.0, 0.0, 0.0, 0.0, 0.0, -1.0, 0.0, 0.0, 0.0, 0.0, 0.0, 1.0 ], [ 0.0, -1.0, 0.0, 0.0, 0.0, 0.0, 1.0, 0.0, -1.0, 0.0, 0.0, 0.0, 0.0, 0.0, 0.0, 1.0 ], [ -0.809017, -0.309017, -0.5, 0.0, 0.309017, 0.5, -0.809017, 0.0, 0.5, -0.809017, -0.309017, 0.0, 0.0, 0.0, 0.0, 1.0 ], [ 0.5, -0.809017, -0.309017, 0.0, 0.809017, 0.309017, 0.5, 0.0, -0.309017, -0.5, 0.809017, 0.0, 0.0, 0.0, 0.0, 1.0 ], [ -0.309017, -0.5, 0.809017, 0.0, -0.5, 0.809017, 0.309017, 0.0, -0.809017, -0.309017, -0.5, 0.0, 0.0, 0.0, 0.0, 1.0 ], [ -0.5, -0.809017, -0.309017, 0.0, 0.809017, -0.309017, -0.5, 0.0, 0.309017, -0.5, 0.809017, 0.0, 0.0, 0.0, 0.0, 1.0 ], [ 0.309017, -0.5, 0.809017, 0.0, 0.5, 0.809017, 0.309017, 0.0, -0.809017, 0.309017, 0.5, 0.0, 0.0, 0.0, 0.0, 1.0 ], [ -0.809017, 0.309017, 0.5, 0.0, -0.309017, 0.5, -0.809017, 0.0, -0.5, -0.809017, -0.309017, 0.0, 0.0, 0.0, 0.0, 1.0 ], [ -0.5, -0.809017, 0.309017, 0.0, 0.809017, -0.309017, 0.5, 0.0, -0.309017, 0.5, 0.809017, 0.0, 0.0, 0.0, 0.0, 1.0 ], [ -0.309017, 0.5, 0.809017, 0.0, 0.5, 0.809017, -0.309017, 0.0, -0.809017, 0.309017, -0.5, 0.0, 0.0, 0.0, 0.0, 1.0 ], [ -0.809017, 0.309017, -0.5, 0.0, 0.309017, -0.5, -0.809017, 0.0, -0.5, -0.809017, 0.309017, 0.0, 0.0, 0.0, 0.0, 1.0 ], [ -0.809017, -0.309017, 0.5, 0.0, 0.309017, 0.5, 0.809017, 0.0, -0.5, 0.809017, -0.309017, 0.0, 0.0, 0.0, 0.0, 1.0 ], [ -0.5, 0.809017, -0.309017, 0.0, 0.809017, 0.309017, -0.5, 0.0, -0.309017, -0.5, -0.809017, 0.0, 0.0, 0.0, 0.0, 1.0 ], [ -0.309017, -0.5, -0.809017, 0.0, 0.5, -0.809017, 0.309017, 0.0, -0.809017, -0.309017, 0.5, 0.0, 0.0, 0.0, 0.0, 1.0 ] ],
  "lights" : {
    "ambientColor" : "#292929",
    "backgroundColor" : "#AFC8DC",
    "directionalLights" : [ {
      "direction" : [ 1.0, -1.0, -1.0 ],
      "color" : "#EBEBE4"
    }, {
      "direction" : [ -1.0, 0.0, 0.0 ],
      "color" : "#E4E4EB"
    }, {
      "direction" : [ 0.0, 0.0, -1.0 ],
      "color" : "#1E1E1E"
    } ]
  },
  "camera" : {
    "lookDirection" : {
      "x" : -0.040948186,
      "y" : 0.79526806,
      "z" : -0.60487634
    },
    "upDirection" : {
      "x" : -0.5860608,
      "y" : 0.47118935,
      "z" : 0.6591758
    },
    "lookAtPoint" : {
      "x" : 0.0,
      "y" : 0.0,
      "z" : 0.0
    },
    "viewDistance" : 227.89374,
    "nearClipDistance" : 0.56973463,
    "farClipDistance" : 455.78665,
    "fieldOfView" : 0.44262895,
    "perspective" : true,
    "stereo" : false,
    "width" : 102.5522,
    "position" : {
      "x" : 9.331835,
      "y" : -181.23662,
      "z" : 137.84753
    }
  },
  "embedding" : [ 1.0, 0.0, 0.0, 0.0, 0.0, 1.0, 0.0, 0.0, 0.0, 0.0, 1.0, 0.0, 0.0, 0.0, 0.0, 1.0 ],
  "shapes" : [ {
    "id" : "4fba0cdb-7dbe-4235-a1dc-50799d627809",
    "name" : "ball",
    "vertices" : [ {
      "x" : 0.309017,
      "y" : -0.809017,
      "z" : 0.618034
    }, {
      "x" : 0.809017,
      "y" : -0.618034,
      "z" : 0.309017
    }, {
      "x" : 0.618034,
      "y" : -0.309017,
      "z" : 0.809017
    }, {
      "x" : 1.0,
      "y" : 0.309017,
      "z" : 0.19098301
    }, {
      "x" : 0.809017,
      "y" : 0.618034,
      "z" : 0.309017
    }, {
      "x" : 0.618034,
      "y" : 0.309017,
      "z" : 0.809017
    }, {
      "x" : 0.809017,
      "y" : 0.0,
      "z" : 0.690983
    }, {
      "x" : 0.19098301,
      "y" : -1.0,
      "z" : 0.309017
    }, {
      "x" : -0.19098301,
      "y" : -1.0,
      "z" : 0.309017
    }, {
      "x" : -0.19098301,
      "y" : -1.0,
      "z" : -0.309017
    }, {
      "x" : 0.19098301,
      "y" : -1.0,
      "z" : -0.309017
    }, {
      "x" : 1.0,
      "y" : -0.309017,
      "z" : -0.19098301
    }, {
      "x" : 0.809017,
      "y" : -0.618034,
      "z" : -0.309017
    }, {
      "x" : 0.618034,
      "y" : -0.309017,
      "z" : -0.809017
    }, {
      "x" : 0.809017,
      "y" : 0.0,
      "z" : -0.690983
    }, {
      "x" : 0.0,
      "y" : 0.690983,
      "z" : -0.809017
    }, {
      "x" : 0.309017,
      "y" : 0.809017,
      "z" : -0.618034
    }, {
      "x" : 0.618034,
      "y" : 0.309017,
      "z" : -0.809017
    }, {
      "x" : 0.309017,
      "y" : 0.19098301,
      "z" : -1.0
    }, {
      "x" : 1.0,
      "y" : 0.309017,
      "z" : -0.19098301
    }, {
      "x" : -0.309017,
      "y" : -0.809017,
      "z" : 0.618034
    }, {
      "x" : 0.0,
      "y" : -0.690983,
      "z" : 0.809017
    }, {
      "x" : 0.809017,
      "y" : 0.618034,
      "z" : -0.309017
    }, {
      "x" : 0.690983,
      "y" : 0.809017,
      "z" : 0.0
    }, {
      "x" : -0.690983,
      "y" : 0.809017,
      "z" : 0.0
    }, {
      "x" : -0.809017,
      "y" : 0.618034,
      "z" : 0.309017
    }, {
      "x" : -0.309017,
      "y" : 0.809017,
      "z" : 0.618034
    }, {
      "x" : -0.19098301,
      "y" : 1.0,
      "z" : 0.309017
    }, {
      "x" : 0.309017,
      "y" : -0.19098301,
      "z" : -1.0
    }, {
      "x" : 0.19098301,
      "y" : 1.0,
      "z" : 0.309017
    }, {
      "x" : 0.309017,
      "y" : 0.809017,
      "z" : 0.618034
    }, {
      "x" : -0.809017,
      "y" : -0.618034,
      "z" : 0.309017
    }, {
      "x" : -0.690983,
      "y" : -0.809017,
      "z" : 0.0
    }, {
      "x" : 0.0,
      "y" : 0.690983,
      "z" : 0.809017
    }, {
      "x" : 0.309017,
      "y" : -0.809017,
      "z" : -0.618034
    }, {
      "x" : 0.0,
      "y" : -0.690983,
      "z" : -0.809017
    }, {
      "x" : -1.0,
      "y" : 0.309017,
      "z" : 0.19098301
    }, {
      "x" : -0.809017,
      "y" : 0.0,
      "z" : 0.690983
    }, {
      "x" : -0.618034,
      "y" : 0.309017,
      "z" : 0.809017
    }, {
      "x" : 1.0,
      "y" : -0.309017,
      "z" : 0.19098301
    }, {
      "x" : -0.309017,
      "y" : -0.809017,
      "z" : -0.618034
    }, {
      "x" : -1.0,
      "y" : 0.309017,
      "z" : -0.19098301
    }, {
      "x" : -1.0,
      "y" : -0.309017,
      "z" : -0.19098301
    }, {
      "x" : -1.0,
      "y" : -0.309017,
      "z" : 0.19098301
    }, {
      "x" : 0.19098301,
      "y" : 1.0,
      "z" : -0.309017
    }, {
      "x" : -0.809017,
      "y" : 0.618034,
      "z" : -0.309017
    }, {
      "x" : -0.19098301,
      "y" : 1.0,
      "z" : -0.309017
    }, {
      "x" : -0.309017,
      "y" : 0.809017,
      "z" : -0.618034
    }, {
      "x" : -0.618034,
      "y" : -0.309017,
      "z" : 0.809017
    }, {
      "x" : 0.309017,
      "y" : 0.19098301,
      "z" : 1.0
    }, {
      "x" : -0.309017,
      "y" : 0.19098301,
      "z" : -1.0
    }, {
      "x" : -0.309017,
      "y" : 0.19098301,
      "z" : 1.0
    }, {
      "x" : -0.309017,
      "y" : -0.19098301,
      "z" : 1.0
    }, {
      "x" : 0.309017,
      "y" : -0.19098301,
      "z" : 1.0
    }, {
      "x" : 0.690983,
      "y" : -0.809017,
      "z" : 0.0
    }, {
      "x" : -0.809017,
      "y" : 0.0,
      "z" : -0.690983
    }, {
      "x" : -0.618034,
      "y" : -0.309017,
      "z" : -0.809017
    }, {
      "x" : -0.309017,
      "y" : -0.19098301,
      "z" : -1.0
    }, {
      "x" : -0.618034,
      "y" : 0.309017,
      "z" : -0.809017
    }, {
      "x" : -0.809017,
      "y" : -0.618034,
      "z" : -0.309017
    } ],
    "faces" : [ {
      "vertices" : [ 9, 40, 35, 34, 10 ]
    }, {
      "vertices" : [ 0, 1, 2 ]
    }, {
      "vertices" : [ 33, 51, 49 ]
    }, {
      "vertices" : [ 25, 36, 37, 38 ]
    }, {
      "vertices" : [ 41, 55, 42 ]
    }, {
      "vertices" : [ 9, 32, 59, 40 ]
    }, {
      "vertices" : [ 20, 21, 52, 48 ]
    }, {
      "vertices" : [ 26, 33, 30, 29, 27 ]
    }, {
      "vertices" : [ 3, 4, 5, 6 ]
    }, {
      "vertices" : [ 27, 29, 44, 46 ]
    }, {
      "vertices" : [ 50, 57, 56, 55, 58 ]
    }, {
      "vertices" : [ 26, 38, 51, 33 ]
    }, {
      "vertices" : [ 45, 47, 58 ]
    }, {
      "vertices" : [ 18, 28, 57, 50 ]
    }, {
      "vertices" : [ 40, 59, 56 ]
    }, {
      "vertices" : [ 31, 48, 37, 43 ]
    }, {
      "vertices" : [ 7, 8, 9, 10 ]
    }, {
      "vertices" : [ 36, 41, 42, 43 ]
    }, {
      "vertices" : [ 24, 46, 47, 45 ]
    }, {
      "vertices" : [ 4, 30, 5 ]
    }, {
      "vertices" : [ 15, 47, 46, 44, 16 ]
    }, {
      "vertices" : [ 15, 50, 58, 47 ]
    }, {
      "vertices" : [ 24, 45, 41, 36, 25 ]
    }, {
      "vertices" : [ 11, 14, 19 ]
    }, {
      "vertices" : [ 3, 6, 39 ]
    }, {
      "vertices" : [ 1, 39, 6, 2 ]
    }, {
      "vertices" : [ 8, 32, 9 ]
    }, {
      "vertices" : [ 11, 12, 13, 14 ]
    }, {
      "vertices" : [ 16, 22, 17 ]
    }, {
      "vertices" : [ 0, 21, 20, 8, 7 ]
    }, {
      "vertices" : [ 12, 34, 13 ]
    }, {
      "vertices" : [ 35, 40, 56, 57 ]
    }, {
      "vertices" : [ 0, 7, 54, 1 ]
    }, {
      "vertices" : [ 15, 16, 17, 18 ]
    }, {
      "vertices" : [ 3, 19, 22, 23, 4 ]
    }, {
      "vertices" : [ 7, 10, 54 ]
    }, {
      "vertices" : [ 41, 45, 58, 55 ]
    }, {
      "vertices" : [ 3, 39, 11, 19 ]
    }, {
      "vertices" : [ 14, 17, 22, 19 ]
    }, {
      "vertices" : [ 0, 2, 53, 21 ]
    }, {
      "vertices" : [ 49, 51, 52, 53 ]
    }, {
      "vertices" : [ 31, 43, 42, 59, 32 ]
    }, {
      "vertices" : [ 15, 18, 50 ]
    }, {
      "vertices" : [ 42, 55, 56, 59 ]
    }, {
      "vertices" : [ 4, 23, 29, 30 ]
    }, {
      "vertices" : [ 25, 38, 26 ]
    }, {
      "vertices" : [ 13, 28, 18, 17, 14 ]
    }, {
      "vertices" : [ 8, 20, 31, 32 ]
    }, {
      "vertices" : [ 23, 44, 29 ]
    }, {
      "vertices" : [ 24, 27, 46 ]
    }, {
      "vertices" : [ 37, 48, 52, 51, 38 ]
    }, {
      "vertices" : [ 20, 48, 31 ]
    }, {
      "vertices" : [ 24, 25, 26, 27 ]
    }, {
      "vertices" : [ 16, 44, 23, 22 ]
    }, {
      "vertices" : [ 13, 34, 35, 28 ]
    }, {
      "vertices" : [ 10, 34, 12, 54 ]
    }, {
      "vertices" : [ 2, 6, 5, 49, 53 ]
    }, {
      "vertices" : [ 36, 43, 37 ]
    }, {
      "vertices" : [ 5, 30, 33, 49 ]
    }, {
      "vertices" : [ 1, 54, 12, 11, 39 ]
    }, {
      "vertices" : [ 28, 35, 57 ]
    }, {
      "vertices" : [ 21, 53, 52 ]
    } ]
  }, {
    "id" : "c672c4b5-ba57-4370-8e23-dc99d8507864",
    "orbit" : "blue",
    "name" : "b2",
    "vertices" : [ {
      "x" : 12.708204,
      "y" : 0.309017,
      "z" : 0.19098301
    }, {
      "x" : 12.708204,
      "y" : 0.309017,
      "z" : -0.19098301
    }, {
      "x" : 1.0,
      "y" : 0.309017,
      "z" : -0.19098301
    }, {
      "x" : 1.0,
      "y" : 0.309017,
      "z" : 0.19098301
    }, {
      "x" : 12.708204,
      "y" : -0.309017,
      "z" : 0.19098301
    }, {
      "x" : 1.0,
      "y" : -0.309017,
      "z" : 0.19098301
    }, {
      "x" : 1.0,
      "y" : -0.309017,
      "z" : -0.19098301
    }, {
      "x" : 12.708204,
      "y" : -0.309017,
      "z" : -0.19098301
    }, {
      "x" : 13.708204,
      "y" : 0.0,
      "z" : 0.0
    } ],
    "faces" : [ {
      "vertices" : [ 1, 7, 6, 2 ]
    }, {
      "vertices" : [ 0, 1, 2, 3 ]
    }, {
      "vertices" : [ 4, 5, 6, 7 ]
    }, {
      "vertices" : [ 0, 3, 5, 4 ]
    } ]
  }, {
    "id" : "ac9add49-16b2-4551-a1f9-15bc4aacec69",
    "orbit" : "green",
    "name" : " :1/2*phi",
    "vertices" : [ {
      "x" : 7.2586102,
      "y" : 2.5815594,
      "z" : -1.177051
    }, {
      "x" : 8.281153,
      "y" : 2.618034,
      "z" : -1.309017
    }, {
      "x" : 7.2586102,
      "y" : 2.5815594,
      "z" : -0.79508495
    }, {
      "x" : 7.0676274,
      "y" : 2.8905764,
      "z" : -1.295085
    }, {
      "x" : 7.0676274,
      "y" : 2.8905764,
      "z" : -0.91311896
    }, {
      "x" : 0.809017,
      "y" : 0.618034,
      "z" : 0.309017
    }, {
      "x" : 1.0,
      "y" : 0.309017,
      "z" : 0.19098301
    }, {
      "x" : 1.9045085,
      "y" : 0.5364745,
      "z" : -0.013932022
    }, {
      "x" : 7.972136,
      "y" : 3.118034,
      "z" : -1.5
    }, {
      "x" : 8.163119,
      "y" : 2.809017,
      "z" : -1.618034
    }, {
      "x" : 8.163119,
      "y" : 2.809017,
      "z" : -1.0
    }, {
      "x" : 7.972136,
      "y" : 3.118034,
      "z" : -1.118034
    }, {
      "x" : 1.7135255,
      "y" : 0.8454915,
      "z" : -0.13196601
    }, {
      "x" : 0.690983,
      "y" : 0.809017,
      "z" : 0.0
    }, {
      "x" : 1.9045085,
      "y" : 0.5364745,
      "z" : -0.39589804
    }, {
      "x" : 1.7135255,
      "y" : 0.8454915,
      "z" : -0.51393205
    }, {
      "x" : 0.809017,
      "y" : 0.618034,
      "z" : -0.309017
    }, {
      "x" : 1.0,
      "y" : 0.309017,
      "z" : -0.19098301
    }, {
      "x" : 8.972136,
      "y" : 3.427051,
      "z" : -1.309017
    } ],
    "faces" : [ {
      "vertices" : [ 0, 14, 15, 3 ]
    }, {
      "vertices" : [ 3, 15, 12, 4 ]
    }, {
      "vertices" : [ 0, 1, 2 ]
    }, {
      "vertices" : [ 12, 15, 13 ]
    }, {
      "vertices" : [ 0, 9, 1 ]
    }, {
      "vertices" : [ 0, 3, 9 ]
    }, {
      "vertices" : [ 13, 15, 16 ]
    }, {
      "vertices" : [ 6, 17, 14, 7 ]
    }, {
      "vertices" : [ 1, 10, 2 ]
    }, {
      "vertices" : [ 5, 6, 7 ]
    }, {
      "vertices" : [ 3, 8, 9 ]
    }, {
      "vertices" : [ 0, 2, 7, 14 ]
    }, {
      "vertices" : [ 5, 7, 12 ]
    }, {
      "vertices" : [ 2, 4, 12, 7 ]
    }, {
      "vertices" : [ 3, 4, 11, 8 ]
    }, {
      "vertices" : [ 2, 10, 11, 4 ]
    }, {
      "vertices" : [ 5, 12, 13 ]
    }, {
      "vertices" : [ 14, 17, 16, 15 ]
    } ]
  }, {
    "id" : "a502e874-f2a4-4837-bcff-0c35ab356045",
    "orbit" : "brown",
    "name" : " :1/2 +phi",
    "vertices" : [ {
      "x" : 5.236068,
      "y" : 5.354102,
      "z" : 10.09017
    }, {
      "x" : 5.045085,
      "y" : 4.545085,
      "z" : 9.472136
    }, {
      "x" : 0.5,
      "y" : 1.0,
      "z" : 1.618034
    }, {
      "x" : 0.809017,
      "y" : 1.118034,
      "z" : 1.427051
    }, {
      "x" : 0.309017,
      "y" : 0.809017,
      "z" : 0.618034
    }, {
      "x" : 0.0,
      "y" : 0.690983,
      "z" : 0.809017
    }, {
      "x" : 4.736068,
      "y" : 4.427051,
      "z" : 9.663119
    }, {
      "x" : 5.236068,
      "y" : 4.736068,
      "z" : 10.472136
    }, {
      "x" : 4.427051,
      "y" : 4.927051,
      "z" : 9.472136
    }, {
      "x" : 0.309017,
      "y" : 0.19098301,
      "z" : 1.0
    }, {
      "x" : 0.618034,
      "y" : 0.309017,
      "z" : 0.809017
    }, {
      "x" : 1.118034,
      "y" : 0.618034,
      "z" : 1.618034
    }, {
      "x" : 0.809017,
      "y" : 0.5,
      "z" : 1.809017
    }, {
      "x" : 4.927051,
      "y" : 5.236068,
      "z" : 10.281153
    }, {
      "x" : 4.736068,
      "y" : 5.045085,
      "z" : 9.281153
    }, {
      "x" : 5.545085,
      "y" : 4.854102,
      "z" : 10.281153
    }, {
      "x" : 5.545085,
      "y" : 5.545085,
      "z" : 11.09017
    } ],
    "faces" : [ {
      "vertices" : [ 6, 7, 13, 8 ]
    }, {
      "vertices" : [ 0, 14, 8, 13 ]
    }, {
      "vertices" : [ 9, 10, 11, 12 ]
    }, {
      "vertices" : [ 2, 8, 14, 3 ]
    }, {
      "vertices" : [ 3, 11, 10, 4 ]
    }, {
      "vertices" : [ 2, 5, 9, 12 ]
    }, {
      "vertices" : [ 2, 12, 6, 8 ]
    }, {
      "vertices" : [ 1, 11, 3, 14 ]
    }, {
      "vertices" : [ 1, 15, 7, 6 ]
    }, {
      "vertices" : [ 2, 3, 4, 5 ]
    }, {
      "vertices" : [ 0, 15, 1, 14 ]
    }, {
      "vertices" : [ 1, 6, 12, 11 ]
    } ]
  }, {
    "id" : "08a9ce0c-7c4c-43dd-94e8-f3d8847ff185",
    "orbit" : "15",
    "name" : "medium",
    "vertices" : [ {
      "x" : 8.847411,
      "y" : 1.3462652,
      "z" : -5.735642
    }, {
      "x" : 8.747411,
      "y" : 1.7462652,
      "z" : -5.635642
    }, {
      "x" : 0.37472507,
      "y" : 0.36726034,
      "z" : -0.46395132
    }, {
      "x" : 0.47472507,
      "y" : -0.032739658,
      "z" : -0.5639513
    }, {
      "x" : 8.514077,
      "y" : 1.8795985,
      "z" : -5.9356422
    }, {
      "x" : 8.614078,
      "y" : 1.4795985,
      "z" : -6.035642
    }, {
      "x" : 0.7080584,
      "y" : -0.166073,
      "z" : -0.26395133
    }, {
      "x" : 0.6080584,
      "y" : 0.23392701,
      "z" : -0.16395134
    } ],
    "faces" : [ {
      "vertices" : [ 2, 3, 6, 7 ]
    }, {
      "vertices" : [ 0, 5, 4, 1 ]
    }, {
      "vertices" : [ 2, 4, 5, 3 ]
    }, {
      "vertices" : [ 0, 6, 3, 5 ]
    }, {
      "vertices" : [ 0, 1, 7, 6 ]
    }, {
      "vertices" : [ 1, 4, 2, 7 ]
    } ]
  }, {
    "id" : "177de9e1-e7fd-47c6-861c-74531c5d9a03",
    "orbit" : "brown",
    "name" : " :1/2 +1/2*phi",
    "vertices" : [ {
      "x" : 3.118034,
      "y" : 3.236068,
      "z" : 5.854102
    }, {
      "x" : 2.927051,
      "y" : 2.427051,
      "z" : 5.236068
    }, {
      "x" : 0.5,
      "y" : 1.0,
      "z" : 1.618034
    }, {
      "x" : 0.809017,
      "y" : 1.118034,
      "z" : 1.427051
    }, {
      "x" : 0.309017,
      "y" : 0.809017,
      "z" : 0.618034
    }, {
      "x" : 0.0,
      "y" : 0.690983,
      "z" : 0.809017
    }, {
      "x" : 2.618034,
      "y" : 2.309017,
      "z" : 5.427051
    }, {
      "x" : 3.118034,
      "y" : 2.618034,
      "z" : 6.236068
    }, {
      "x" : 2.309017,
      "y" : 2.809017,
      "z" : 5.236068
    }, {
      "x" : 0.309017,
      "y" : 0.19098301,
      "z" : 1.0
    }, {
      "x" : 0.618034,
      "y" : 0.309017,
      "z" : 0.809017
    }, {
      "x" : 1.118034,
      "y" : 0.618034,
      "z" : 1.618034
    }, {
      "x" : 0.809017,
      "y" : 0.5,
      "z" : 1.809017
    }, {
      "x" : 2.809017,
      "y" : 3.118034,
      "z" : 6.045085
    }, {
      "x" : 2.618034,
      "y" : 2.927051,
      "z" : 5.045085
    }, {
      "x" : 3.427051,
      "y" : 2.736068,
      "z" : 6.045085
    }, {
      "x" : 3.427051,
      "y" : 3.427051,
      "z" : 6.854102
    } ],
    "faces" : [ {
      "vertices" : [ 6, 7, 13, 8 ]
    }, {
      "vertices" : [ 0, 14, 8, 13 ]
    }, {
      "vertices" : [ 9, 10, 11, 12 ]
    }, {
      "vertices" : [ 2, 8, 14, 3 ]
    }, {
      "vertices" : [ 3, 11, 10, 4 ]
    }, {
      "vertices" : [ 2, 5, 9, 12 ]
    }, {
      "vertices" : [ 2, 12, 6, 8 ]
    }, {
      "vertices" : [ 1, 11, 3, 14 ]
    }, {
      "vertices" : [ 1, 15, 7, 6 ]
    }, {
      "vertices" : [ 2, 3, 4, 5 ]
    }, {
      "vertices" : [ 0, 15, 1, 14 ]
    }, {
      "vertices" : [ 1, 6, 12, 11 ]
    } ]
  }, {
    "id" : "e7424c7c-daa7-4f22-94d7-03cca5fa62b6",
    "orbit" : "16",
    "name" : "medium",
    "vertices" : [ {
      "x" : 1.3564348,
      "y" : 12.531509,
      "z" : 2.1430712
    }, {
      "x" : 1.7564349,
      "y" : 12.431509,
      "z" : 2.0430713
    }, {
      "x" : 0.35709062,
      "y" : 0.52218604,
      "z" : 0.22496283
    }, {
      "x" : -0.042909384,
      "y" : 0.62218606,
      "z" : 0.32496282
    }, {
      "x" : 1.8897682,
      "y" : 12.198176,
      "z" : 2.3430712
    }, {
      "x" : 1.4897683,
      "y" : 12.298176,
      "z" : 2.4430711
    }, {
      "x" : -0.17624272,
      "y" : 0.8555194,
      "z" : 0.024962826
    }, {
      "x" : 0.22375728,
      "y" : 0.7555194,
      "z" : -0.075037174
    } ],
    "faces" : [ {
      "vertices" : [ 2, 3, 6, 7 ]
    }, {
      "vertices" : [ 0, 5, 4, 1 ]
    }, {
      "vertices" : [ 2, 4, 5, 3 ]
    }, {
      "vertices" : [ 0, 6, 3, 5 ]
    }, {
      "vertices" : [ 0, 1, 7, 6 ]
    }, {
      "vertices" : [ 1, 4, 2, 7 ]
    } ]
  }, {
    "id" : "b967828b-1114-4cd8-af82-64de51b182d4",
    "orbit" : "14",
    "name" : "medium",
    "vertices" : [ {
      "x" : 6.3699303,
      "y" : -7.659761,
      "z" : -6.773327
    }, {
      "x" : 6.7699304,
      "y" : -7.559761,
      "z" : -6.673327
    }, {
      "x" : 0.6386803,
      "y" : -0.2533578,
      "z" : -0.4852835
    }, {
      "x" : 0.23868027,
      "y" : -0.3533578,
      "z" : -0.58528346
    }, {
      "x" : 6.9032636,
      "y" : -7.326428,
      "z" : -6.973327
    }, {
      "x" : 6.5032635,
      "y" : -7.426428,
      "z" : -7.073327
    }, {
      "x" : 0.10534693,
      "y" : -0.58669114,
      "z" : -0.28528348
    }, {
      "x" : 0.50534695,
      "y" : -0.48669115,
      "z" : -0.18528348
    } ],
    "faces" : [ {
      "vertices" : [ 2, 3, 6, 7 ]
    }, {
      "vertices" : [ 0, 5, 4, 1 ]
    }, {
      "vertices" : [ 2, 4, 5, 3 ]
    }, {
      "vertices" : [ 0, 6, 3, 5 ]
    }, {
      "vertices" : [ 0, 1, 7, 6 ]
    }, {
      "vertices" : [ 1, 4, 2, 7 ]
    } ]
  }, {
    "id" : "593bc733-e0e2-46f4-981b-97fcb220a0d8",
    "vertices" : [ {
      "x" : 0.0,
      "y" : 0.0,
      "z" : 0.0
    }, {
      "x" : 4.236068,
      "y" : 6.854102,
      "z" : 46.978714
    }, {
      "x" : 22.18034,
      "y" : -35.888542,
      "z" : 58.068882
    }, {
      "x" : 17.944271,
      "y" : -42.742645,
      "z" : 11.09017
    } ],
    "faces" : [ {
      "vertices" : [ 0, 1, 2, 3 ]
    }, {
      "vertices" : [ 0, 3, 2, 1 ]
    } ]
  }, {
    "id" : "aed31e03-74ce-414e-9bf9-dd38f05d052e",
    "orbit" : "brown",
    "name" : " :1/2*phi",
    "vertices" : [ {
      "x" : 1.809017,
      "y" : 1.927051,
      "z" : 3.236068
    }, {
      "x" : 1.618034,
      "y" : 1.118034,
      "z" : 2.618034
    }, {
      "x" : 0.5,
      "y" : 1.0,
      "z" : 1.618034
    }, {
      "x" : 0.809017,
      "y" : 1.118034,
      "z" : 1.427051
    }, {
      "x" : 0.309017,
      "y" : 0.809017,
      "z" : 0.618034
    }, {
      "x" : 0.0,
      "y" : 0.690983,
      "z" : 0.809017
    }, {
      "x" : 1.309017,
      "y" : 1.0,
      "z" : 2.809017
    }, {
      "x" : 1.809017,
      "y" : 1.309017,
      "z" : 3.618034
    }, {
      "x" : 1.0,
      "y" : 1.5,
      "z" : 2.618034
    }, {
      "x" : 0.309017,
      "y" : 0.19098301,
      "z" : 1.0
    }, {
      "x" : 0.618034,
      "y" : 0.309017,
      "z" : 0.809017
    }, {
      "x" : 1.118034,
      "y" : 0.618034,
      "z" : 1.618034
    }, {
      "x" : 0.809017,
      "y" : 0.5,
      "z" : 1.809017
    }, {
      "x" : 1.5,
      "y" : 1.809017,
      "z" : 3.427051
    }, {
      "x" : 1.309017,
      "y" : 1.618034,
      "z" : 2.427051
    }, {
      "x" : 2.118034,
      "y" : 1.427051,
      "z" : 3.427051
    }, {
      "x" : 2.118034,
      "y" : 2.118034,
      "z" : 4.236068
    } ],
    "faces" : [ {
      "vertices" : [ 6, 7, 13, 8 ]
    }, {
      "vertices" : [ 0, 14, 8, 13 ]
    }, {
      "vertices" : [ 9, 10, 11, 12 ]
    }, {
      "vertices" : [ 2, 8, 14, 3 ]
    }, {
      "vertices" : [ 3, 11, 10, 4 ]
    }, {
      "vertices" : [ 2, 5, 9, 12 ]
    }, {
      "vertices" : [ 2, 12, 6, 8 ]
    }, {
      "vertices" : [ 1, 11, 3, 14 ]
    }, {
      "vertices" : [ 1, 15, 7, 6 ]
    }, {
      "vertices" : [ 2, 3, 4, 5 ]
    }, {
      "vertices" : [ 0, 15, 1, 14 ]
    }, {
      "vertices" : [ 1, 6, 12, 11 ]
    } ]
  }, {
    "id" : "385af81c-a447-4668-bd4e-6f2a07748d19",
    "orbit" : "green",
    "name" : "g3",
    "vertices" : [ {
      "x" : 27.320917,
      "y" : 10.2446785,
      "z" : -4.104102
    }, {
      "x" : 28.343458,
      "y" : 10.281153,
      "z" : -4.236068
    }, {
      "x" : 27.320917,
      "y" : 10.2446785,
      "z" : -3.722136
    }, {
      "x" : 27.129932,
      "y" : 10.553696,
      "z" : -4.222136
    }, {
      "x" : 27.129932,
      "y" : 10.553696,
      "z" : -3.84017
    }, {
      "x" : 0.809017,
      "y" : 0.618034,
      "z" : 0.309017
    }, {
      "x" : 1.0,
      "y" : 0.309017,
      "z" : 0.19098301
    }, {
      "x" : 1.9045085,
      "y" : 0.5364745,
      "z" : -0.013932022
    }, {
      "x" : 28.034441,
      "y" : 10.781153,
      "z" : -4.427051
    }, {
      "x" : 28.225426,
      "y" : 10.472136,
      "z" : -4.545085
    }, {
      "x" : 28.225426,
      "y" : 10.472136,
      "z" : -3.927051
    }, {
      "x" : 28.034441,
      "y" : 10.781153,
      "z" : -4.045085
    }, {
      "x" : 1.7135255,
      "y" : 0.8454915,
      "z" : -0.13196601
    }, {
      "x" : 0.690983,
      "y" : 0.809017,
      "z" : 0.0
    }, {
      "x" : 1.9045085,
      "y" : 0.5364745,
      "z" : -0.39589804
    }, {
      "x" : 1.7135255,
      "y" : 0.8454915,
      "z" : -0.51393205
    }, {
      "x" : 0.809017,
      "y" : 0.618034,
      "z" : -0.309017
    }, {
      "x" : 1.0,
      "y" : 0.309017,
      "z" : -0.19098301
    }, {
      "x" : 29.034441,
      "y" : 11.09017,
      "z" : -4.236068
    } ],
    "faces" : [ {
      "vertices" : [ 0, 14, 15, 3 ]
    }, {
      "vertices" : [ 3, 15, 12, 4 ]
    }, {
      "vertices" : [ 0, 1, 2 ]
    }, {
      "vertices" : [ 12, 15, 13 ]
    }, {
      "vertices" : [ 0, 9, 1 ]
    }, {
      "vertices" : [ 0, 3, 9 ]
    }, {
      "vertices" : [ 13, 15, 16 ]
    }, {
      "vertices" : [ 6, 17, 14, 7 ]
    }, {
      "vertices" : [ 1, 10, 2 ]
    }, {
      "vertices" : [ 5, 6, 7 ]
    }, {
      "vertices" : [ 3, 8, 9 ]
    }, {
      "vertices" : [ 0, 2, 7, 14 ]
    }, {
      "vertices" : [ 5, 7, 12 ]
    }, {
      "vertices" : [ 2, 4, 12, 7 ]
    }, {
      "vertices" : [ 3, 4, 11, 8 ]
    }, {
      "vertices" : [ 2, 10, 11, 4 ]
    }, {
      "vertices" : [ 5, 12, 13 ]
    }, {
      "vertices" : [ 14, 17, 16, 15 ]
    } ]
  }, {
    "id" : "c16842a1-5208-4cf0-8d35-a0d320748346",
    "orbit" : "4",
    "name" : "medium",
    "vertices" : [ {
      "x" : 3.7671468,
      "y" : 11.515479,
      "z" : 0.40682045
    }, {
      "x" : 3.8671467,
      "y" : 11.615479,
      "z" : 0.0068204463
    }, {
      "x" : 0.4276944,
      "y" : 0.59043795,
      "z" : -0.11763654
    }, {
      "x" : 0.32769442,
      "y" : 0.49043798,
      "z" : 0.28236347
    }, {
      "x" : 4.1671467,
      "y" : 11.382146,
      "z" : 0.14015378
    }, {
      "x" : 4.067147,
      "y" : 11.2821455,
      "z" : 0.5401538
    }, {
      "x" : 0.027694402,
      "y" : 0.72377133,
      "z" : 0.14903013
    }, {
      "x" : 0.1276944,
      "y" : 0.8237713,
      "z" : -0.2509699
    } ],
    "faces" : [ {
      "vertices" : [ 2, 3, 6, 7 ]
    }, {
      "vertices" : [ 0, 5, 4, 1 ]
    }, {
      "vertices" : [ 2, 4, 5, 3 ]
    }, {
      "vertices" : [ 0, 6, 3, 5 ]
    }, {
      "vertices" : [ 0, 1, 7, 6 ]
    }, {
      "vertices" : [ 1, 4, 2, 7 ]
    } ]
  }, {
    "id" : "676535dc-0b86-419d-8a59-ba8c764fdbd3",
    "orbit" : "11",
    "name" : "shorter",
    "vertices" : [ {
      "x" : -2.170402,
      "y" : -3.714348,
      "z" : 0.79167414
    }, {
      "x" : -2.270402,
      "y" : -3.814348,
      "z" : 0.39167413
    }, {
      "x" : -0.55556524,
      "y" : -0.4804932,
      "z" : -0.034580834
    }, {
      "x" : -0.45556527,
      "y" : -0.38049316,
      "z" : 0.36541918
    }, {
      "x" : -2.570402,
      "y" : -3.5810146,
      "z" : 0.5250075
    }, {
      "x" : -2.470402,
      "y" : -3.4810147,
      "z" : 0.92500746
    }, {
      "x" : -0.15556526,
      "y" : -0.6138265,
      "z" : 0.23208584
    }, {
      "x" : -0.25556526,
      "y" : -0.71382654,
      "z" : -0.16791417
    } ],
    "faces" : [ {
      "vertices" : [ 2, 3, 6, 7 ]
    }, {
      "vertices" : [ 0, 5, 4, 1 ]
    }, {
      "vertices" : [ 2, 4, 5, 3 ]
    }, {
      "vertices" : [ 0, 6, 3, 5 ]
    }, {
      "vertices" : [ 0, 1, 7, 6 ]
    }, {
      "vertices" : [ 1, 4, 2, 7 ]
    } ]
  }, {
    "id" : "5af4f8ca-2647-46cf-87f0-c25b32b92335",
    "orbit" : "9",
    "name" : "medium",
    "vertices" : [ {
      "x" : -10.830828,
      "y" : -4.0925927,
      "z" : 6.0335517
    }, {
      "x" : -10.930828,
      "y" : -3.6925926,
      "z" : 6.1335516
    }, {
      "x" : -0.4685976,
      "y" : -0.063546844,
      "z" : 0.5099728
    }, {
      "x" : -0.36859757,
      "y" : -0.46354684,
      "z" : 0.40997282
    }, {
      "x" : -10.6974945,
      "y" : -3.825926,
      "z" : 6.4335513
    }, {
      "x" : -10.597494,
      "y" : -4.225926,
      "z" : 6.3335514
    }, {
      "x" : -0.6019309,
      "y" : -0.33021352,
      "z" : 0.109972805
    }, {
      "x" : -0.70193094,
      "y" : 0.06978649,
      "z" : 0.20997281
    } ],
    "faces" : [ {
      "vertices" : [ 2, 3, 6, 7 ]
    }, {
      "vertices" : [ 0, 5, 4, 1 ]
    }, {
      "vertices" : [ 2, 4, 5, 3 ]
    }, {
      "vertices" : [ 0, 6, 3, 5 ]
    }, {
      "vertices" : [ 0, 1, 7, 6 ]
    }, {
      "vertices" : [ 1, 4, 2, 7 ]
    } ]
  }, {
    "id" : "2fc39dff-b2e0-4837-aaba-b15479ee9eac",
    "orbit" : "10",
    "name" : "medium",
    "vertices" : [ {
      "x" : 4.89086,
      "y" : -10.198757,
      "z" : -5.9567466
    }, {
      "x" : 5.29086,
      "y" : -10.098757,
      "z" : -5.8567467
    }, {
      "x" : 0.5289836,
      "y" : -0.3435753,
      "z" : -0.40805212
    }, {
      "x" : 0.12898356,
      "y" : -0.44357532,
      "z" : -0.5080521
    }, {
      "x" : 5.4241934,
      "y" : -9.865423,
      "z" : -6.156747
    }, {
      "x" : 5.024194,
      "y" : -9.965424,
      "z" : -6.256747
    }, {
      "x" : -0.0043497686,
      "y" : -0.6769087,
      "z" : -0.2080521
    }, {
      "x" : 0.39565024,
      "y" : -0.57690865,
      "z" : -0.108052105
    } ],
    "faces" : [ {
      "vertices" : [ 2, 3, 6, 7 ]
    }, {
      "vertices" : [ 0, 5, 4, 1 ]
    }, {
      "vertices" : [ 2, 4, 5, 3 ]
    }, {
      "vertices" : [ 0, 6, 3, 5 ]
    }, {
      "vertices" : [ 0, 1, 7, 6 ]
    }, {
      "vertices" : [ 1, 4, 2, 7 ]
    } ]
  }, {
    "id" : "ece33fe3-7269-4507-9c74-978b97405c35",
    "orbit" : "3",
    "name" : " :-1 +3/2*phi",
    "vertices" : [ {
      "x" : 5.647239,
      "y" : -2.2649224,
      "z" : -4.108552
    }, {
      "x" : 5.7472396,
      "y" : -1.8649224,
      "z" : -4.208552
    }, {
      "x" : 0.42837548,
      "y" : -0.055755943,
      "z" : -0.58220357
    }, {
      "x" : 0.3283755,
      "y" : -0.45575595,
      "z" : -0.48220354
    }, {
      "x" : 5.513906,
      "y" : -1.9982558,
      "z" : -4.5085516
    }, {
      "x" : 5.413906,
      "y" : -2.3982558,
      "z" : -4.4085517
    }, {
      "x" : 0.5617088,
      "y" : -0.32242262,
      "z" : -0.18220356
    }, {
      "x" : 0.66170883,
      "y" : 0.07757739,
      "z" : -0.28220356
    } ],
    "faces" : [ {
      "vertices" : [ 2, 3, 6, 7 ]
    }, {
      "vertices" : [ 0, 5, 4, 1 ]
    }, {
      "vertices" : [ 2, 4, 5, 3 ]
    }, {
      "vertices" : [ 0, 6, 3, 5 ]
    }, {
      "vertices" : [ 0, 1, 7, 6 ]
    }, {
      "vertices" : [ 1, 4, 2, 7 ]
    } ]
  }, {
    "id" : "d0236e67-9869-447d-b6ef-07aa20ecb491",
    "orbit" : "13",
    "name" : "medium",
    "vertices" : [ {
      "x" : -8.323805,
      "y" : -4.756912,
      "z" : 3.979357
    }, {
      "x" : -8.223805,
      "y" : -4.6569123,
      "z" : 4.379357
    }, {
      "x" : -0.34436437,
      "y" : -0.4042774,
      "z" : 0.53267294
    }, {
      "x" : -0.44436437,
      "y" : -0.5042774,
      "z" : 0.13267292
    }, {
      "x" : -7.990472,
      "y" : -4.9569125,
      "z" : 4.51269
    }, {
      "x" : -8.090471,
      "y" : -5.0569124,
      "z" : 4.1126904
    }, {
      "x" : -0.6776977,
      "y" : -0.20427743,
      "z" : -6.604073E-4
    }, {
      "x" : -0.5776977,
      "y" : -0.104277425,
      "z" : 0.3993396
    } ],
    "faces" : [ {
      "vertices" : [ 2, 3, 6, 7 ]
    }, {
      "vertices" : [ 0, 5, 4, 1 ]
    }, {
      "vertices" : [ 2, 4, 5, 3 ]
    }, {
      "vertices" : [ 0, 6, 3, 5 ]
    }, {
      "vertices" : [ 0, 1, 7, 6 ]
    }, {
      "vertices" : [ 1, 4, 2, 7 ]
    } ]
  }, {
    "id" : "4b9ac52a-3c50-45a4-b88a-671c5384b0f6",
    "orbit" : "5",
    "name" : "medium",
    "vertices" : [ {
      "x" : 0.81289333,
      "y" : -8.4475,
      "z" : -2.758474
    }, {
      "x" : 1.2128934,
      "y" : -8.347501,
      "z" : -2.658474
    }, {
      "x" : 0.34948882,
      "y" : -0.4686259,
      "z" : -0.31929764
    }, {
      "x" : -0.05051119,
      "y" : -0.56862587,
      "z" : -0.41929764
    }, {
      "x" : 1.3462267,
      "y" : -8.114167,
      "z" : -2.9584742
    }, {
      "x" : 0.94622666,
      "y" : -8.214168,
      "z" : -3.058474
    }, {
      "x" : -0.18384452,
      "y" : -0.8019592,
      "z" : -0.11929764
    }, {
      "x" : 0.21615548,
      "y" : -0.70195925,
      "z" : -0.019297637
    } ],
    "faces" : [ {
      "vertices" : [ 2, 3, 6, 7 ]
    }, {
      "vertices" : [ 0, 5, 4, 1 ]
    }, {
      "vertices" : [ 2, 4, 5, 3 ]
    }, {
      "vertices" : [ 0, 6, 3, 5 ]
    }, {
      "vertices" : [ 0, 1, 7, 6 ]
    }, {
      "vertices" : [ 1, 4, 2, 7 ]
    } ]
  }, {
    "id" : "2c4adea7-0c9b-47f0-945e-c74c2a1a13a9",
    "orbit" : "3",
    "name" : " :3/2*phi",
    "vertices" : [ {
      "x" : 9.904701,
      "y" : -3.891128,
      "z" : -7.395579
    }, {
      "x" : 10.004702,
      "y" : -3.4911282,
      "z" : -7.495579
    }, {
      "x" : 0.42837548,
      "y" : -0.055755943,
      "z" : -0.58220357
    }, {
      "x" : 0.3283755,
      "y" : -0.45575595,
      "z" : -0.48220354
    }, {
      "x" : 9.771368,
      "y" : -3.6244614,
      "z" : -7.795579
    }, {
      "x" : 9.671368,
      "y" : -4.0244613,
      "z" : -7.695579
    }, {
      "x" : 0.5617088,
      "y" : -0.32242262,
      "z" : -0.18220356
    }, {
      "x" : 0.66170883,
      "y" : 0.07757739,
      "z" : -0.28220356
    } ],
    "faces" : [ {
      "vertices" : [ 2, 3, 6, 7 ]
    }, {
      "vertices" : [ 0, 5, 4, 1 ]
    }, {
      "vertices" : [ 2, 4, 5, 3 ]
    }, {
      "vertices" : [ 0, 6, 3, 5 ]
    }, {
      "vertices" : [ 0, 1, 7, 6 ]
    }, {
      "vertices" : [ 1, 4, 2, 7 ]
    } ]
  }, {
    "id" : "3c36b4e8-d528-405a-a1da-aafa43a787e0",
    "orbit" : "3",
    "name" : "short",
    "vertices" : [ {
      "x" : 3.8290863,
      "y" : -1.5704497,
      "z" : -2.7048235
    }, {
      "x" : 3.9290862,
      "y" : -1.1704497,
      "z" : -2.8048236
    }, {
      "x" : 0.42837548,
      "y" : -0.055755943,
      "z" : -0.58220357
    }, {
      "x" : 0.3283755,
      "y" : -0.45575595,
      "z" : -0.48220354
    }, {
      "x" : 3.6957529,
      "y" : -1.303783,
      "z" : -3.1048236
    }, {
      "x" : 3.595753,
      "y" : -1.703783,
      "z" : -3.0048237
    }, {
      "x" : 0.5617088,
      "y" : -0.32242262,
      "z" : -0.18220356
    }, {
      "x" : 0.66170883,
      "y" : 0.07757739,
      "z" : -0.28220356
    } ],
    "faces" : [ {
      "vertices" : [ 2, 3, 6, 7 ]
    }, {
      "vertices" : [ 0, 5, 4, 1 ]
    }, {
      "vertices" : [ 2, 4, 5, 3 ]
    }, {
      "vertices" : [ 0, 6, 3, 5 ]
    }, {
      "vertices" : [ 0, 1, 7, 6 ]
    }, {
      "vertices" : [ 1, 4, 2, 7 ]
    } ]
  }, {
    "id" : "d316be73-1135-4609-aaff-f4ce5b0b53c9",
    "orbit" : "7",
    "name" : "medium",
    "vertices" : [ {
      "x" : 9.22741,
      "y" : 1.2068338,
      "z" : -5.6255736
    }, {
      "x" : 9.12741,
      "y" : 1.6068339,
      "z" : -5.5255737
    }, {
      "x" : 0.38727483,
      "y" : 0.35675123,
      "z" : -0.45004115
    }, {
      "x" : 0.48727483,
      "y" : -0.043248773,
      "z" : -0.55004114
    }, {
      "x" : 8.894077,
      "y" : 1.7401673,
      "z" : -5.825574
    }, {
