{
  "polygons" : "true",
  "field" : "golden",
  "symmetry" : "icosahedral",
  "orientations" : [ [ 1.0, 0.0, 0.0, 0.0, 0.0, 1.0, 0.0, 0.0, 0.0, 0.0, 1.0, 0.0, 0.0, 0.0, 0.0, 1.0 ], [ 0.0, 0.0, 1.0, 0.0, 1.0, 0.0, 0.0, 0.0, 0.0, 1.0, 0.0, 0.0, 0.0, 0.0, 0.0, 1.0 ], [ 0.0, 1.0, 0.0, 0.0, 0.0, 0.0, 1.0, 0.0, 1.0, 0.0, 0.0, 0.0, 0.0, 0.0, 0.0, 1.0 ], [ 0.809017, 0.309017, 0.5, 0.0, 0.309017, 0.5, -0.809017, 0.0, -0.5, 0.809017, 0.309017, 0.0, 0.0, 0.0, 0.0, 1.0 ], [ -0.5, 0.809017, 0.309017, 0.0, 0.809017, 0.309017, 0.5, 0.0, 0.309017, 0.5, -0.809017, 0.0, 0.0, 0.0, 0.0, 1.0 ], [ 0.309017, 0.5, -0.809017, 0.0, -0.5, 0.809017, 0.309017, 0.0, 0.809017, 0.309017, 0.5, 0.0, 0.0, 0.0, 0.0, 1.0 ], [ 0.5, 0.809017, 0.309017, 0.0, 0.809017, -0.309017, -0.5, 0.0, -0.309017, 0.5, -0.809017, 0.0, 0.0, 0.0, 0.0, 1.0 ], [ -0.309017, 0.5, -0.809017, 0.0, 0.5, 0.809017, 0.309017, 0.0, 0.809017, -0.309017, -0.5, 0.0, 0.0, 0.0, 0.0, 1.0 ], [ 0.809017, -0.309017, -0.5, 0.0, -0.309017, 0.5, -0.809017, 0.0, 0.5, 0.809017, 0.309017, 0.0, 0.0, 0.0, 0.0, 1.0 ], [ 0.5, 0.809017, -0.309017, 0.0, 0.809017, -0.309017, 0.5, 0.0, 0.309017, -0.5, -0.809017, 0.0, 0.0, 0.0, 0.0, 1.0 ], [ 0.309017, -0.5, -0.809017, 0.0, 0.5, 0.809017, -0.309017, 0.0, 0.809017, -0.309017, 0.5, 0.0, 0.0, 0.0, 0.0, 1.0 ], [ 0.809017, -0.309017, 0.5, 0.0, 0.309017, -0.5, -0.809017, 0.0, 0.5, 0.809017, -0.309017, 0.0, 0.0, 0.0, 0.0, 1.0 ], [ 0.809017, 0.309017, -0.5, 0.0, 0.309017, 0.5, 0.809017, 0.0, 0.5, -0.809017, 0.309017, 0.0, 0.0, 0.0, 0.0, 1.0 ], [ 0.5, -0.809017, 0.309017, 0.0, 0.809017, 0.309017, -0.5, 0.0, 0.309017, 0.5, 0.809017, 0.0, 0.0, 0.0, 0.0, 1.0 ], [ 0.309017, 0.5, 0.809017, 0.0, 0.5, -0.809017, 0.309017, 0.0, 0.809017, 0.309017, -0.5, 0.0, 0.0, 0.0, 0.0, 1.0 ], [ 1.0, 0.0, 0.0, 0.0, 0.0, -1.0, 0.0, 0.0, 0.0, 0.0, -1.0, 0.0, 0.0, 0.0, 0.0, 1.0 ], [ 0.0, 0.0, 1.0, 0.0, -1.0, 0.0, 0.0, 0.0, 0.0, -1.0, 0.0, 0.0, 0.0, 0.0, 0.0, 1.0 ], [ 0.0, 1.0, 0.0, 0.0, 0.0, 0.0, -1.0, 0.0, -1.0, 0.0, 0.0, 0.0, 0.0, 0.0, 0.0, 1.0 ], [ 0.809017, 0.309017, 0.5, 0.0, -0.309017, -0.5, 0.809017, 0.0, 0.5, -0.809017, -0.309017, 0.0, 0.0, 0.0, 0.0, 1.0 ], [ -0.5, 0.809017, 0.309017, 0.0, -0.809017, -0.309017, -0.5, 0.0, -0.309017, -0.5, 0.809017, 0.0, 0.0, 0.0, 0.0, 1.0 ], [ 0.309017, 0.5, -0.809017, 0.0, 0.5, -0.809017, -0.309017, 0.0, -0.809017, -0.309017, -0.5, 0.0, 0.0, 0.0, 0.0, 1.0 ], [ 0.5, 0.809017, 0.309017, 0.0, -0.809017, 0.309017, 0.5, 0.0, 0.309017, -0.5, 0.809017, 0.0, 0.0, 0.0, 0.0, 1.0 ], [ -0.309017, 0.5, -0.809017, 0.0, -0.5, -0.809017, -0.309017, 0.0, -0.809017, 0.309017, 0.5, 0.0, 0.0, 0.0, 0.0, 1.0 ], [ 0.809017, -0.309017, -0.5, 0.0, 0.309017, -0.5, 0.809017, 0.0, -0.5, -0.809017, -0.309017, 0.0, 0.0, 0.0, 0.0, 1.0 ], [ 0.5, 0.809017, -0.309017, 0.0, -0.809017, 0.309017, -0.5, 0.0, -0.309017, 0.5, 0.809017, 0.0, 0.0, 0.0, 0.0, 1.0 ], [ 0.309017, -0.5, -0.809017, 0.0, -0.5, -0.809017, 0.309017, 0.0, -0.809017, 0.309017, -0.5, 0.0, 0.0, 0.0, 0.0, 1.0 ], [ 0.809017, -0.309017, 0.5, 0.0, -0.309017, 0.5, 0.809017, 0.0, -0.5, -0.809017, 0.309017, 0.0, 0.0, 0.0, 0.0, 1.0 ], [ 0.809017, 0.309017, -0.5, 0.0, -0.309017, -0.5, -0.809017, 0.0, -0.5, 0.809017, -0.309017, 0.0, 0.0, 0.0, 0.0, 1.0 ], [ 0.5, -0.809017, 0.309017, 0.0, -0.809017, -0.309017, 0.5, 0.0, -0.309017, -0.5, -0.809017, 0.0, 0.0, 0.0, 0.0, 1.0 ], [ 0.309017, 0.5, 0.809017, 0.0, -0.5, 0.809017, -0.309017, 0.0, -0.809017, -0.309017, 0.5, 0.0, 0.0, 0.0, 0.0, 1.0 ], [ -1.0, 0.0, 0.0, 0.0, 0.0, -1.0, 0.0, 0.0, 0.0, 0.0, 1.0, 0.0, 0.0, 0.0, 0.0, 1.0 ], [ 0.0, 0.0, -1.0, 0.0, -1.0, 0.0, 0.0, 0.0, 0.0, 1.0, 0.0, 0.0, 0.0, 0.0, 0.0, 1.0 ], [ 0.0, -1.0, 0.0, 0.0, 0.0, 0.0, -1.0, 0.0, 1.0, 0.0, 0.0, 0.0, 0.0, 0.0, 0.0, 1.0 ], [ -0.809017, -0.309017, -0.5, 0.0, -0.309017, -0.5, 0.809017, 0.0, -0.5, 0.809017, 0.309017, 0.0, 0.0, 0.0, 0.0, 1.0 ], [ 0.5, -0.809017, -0.309017, 0.0, -0.809017, -0.309017, -0.5, 0.0, 0.309017, 0.5, -0.809017, 0.0, 0.0, 0.0, 0.0, 1.0 ], [ -0.309017, -0.5, 0.809017, 0.0, 0.5, -0.809017, -0.309017, 0.0, 0.809017, 0.309017, 0.5, 0.0, 0.0, 0.0, 0.0, 1.0 ], [ -0.5, -0.809017, -0.309017, 0.0, -0.809017, 0.309017, 0.5, 0.0, -0.309017, 0.5, -0.809017, 0.0, 0.0, 0.0, 0.0, 1.0 ], [ 0.309017, -0.5, 0.809017, 0.0, -0.5, -0.809017, -0.309017, 0.0, 0.809017, -0.309017, -0.5, 0.0, 0.0, 0.0, 0.0, 1.0 ], [ -0.809017, 0.309017, 0.5, 0.0, 0.309017, -0.5, 0.809017, 0.0, 0.5, 0.809017, 0.309017, 0.0, 0.0, 0.0, 0.0, 1.0 ], [ -0.5, -0.809017, 0.309017, 0.0, -0.809017, 0.309017, -0.5, 0.0, 0.309017, -0.5, -0.809017, 0.0, 0.0, 0.0, 0.0, 1.0 ], [ -0.309017, 0.5, 0.809017, 0.0, -0.5, -0.809017, 0.309017, 0.0, 0.809017, -0.309017, 0.5, 0.0, 0.0, 0.0, 0.0, 1.0 ], [ -0.809017, 0.309017, -0.5, 0.0, -0.309017, 0.5, 0.809017, 0.0, 0.5, 0.809017, -0.309017, 0.0, 0.0, 0.0, 0.0, 1.0 ], [ -0.809017, -0.309017, 0.5, 0.0, -0.309017, -0.5, -0.809017, 0.0, 0.5, -0.809017, 0.309017, 0.0, 0.0, 0.0, 0.0, 1.0 ], [ -0.5, 0.809017, -0.309017, 0.0, -0.809017, -0.309017, 0.5, 0.0, 0.309017, 0.5, 0.809017, 0.0, 0.0, 0.0, 0.0, 1.0 ], [ -0.309017, -0.5, -0.809017, 0.0, -0.5, 0.809017, -0.309017, 0.0, 0.809017, 0.309017, -0.5, 0.0, 0.0, 0.0, 0.0, 1.0 ], [ -1.0, 0.0, 0.0, 0.0, 0.0, 1.0, 0.0, 0.0, 0.0, 0.0, -1.0, 0.0, 0.0, 0.0, 0.0, 1.0 ], [ 0.0, 0.0, -1.0, 0.0, 1.0, 0.0, 0.0, 0.0, 0.0, -1.0, 0.0, 0.0, 0.0, 0.0, 0.0, 1.0 ], [ 0.0, -1.0, 0.0, 0.0, 0.0, 0.0, 1.0, 0.0, -1.0, 0.0, 0.0, 0.0, 0.0, 0.0, 0.0, 1.0 ], [ -0.809017, -0.309017, -0.5, 0.0, 0.309017, 0.5, -0.809017, 0.0, 0.5, -0.809017, -0.309017, 0.0, 0.0, 0.0, 0.0, 1.0 ], [ 0.5, -0.809017, -0.309017, 0.0, 0.809017, 0.309017, 0.5, 0.0, -0.309017, -0.5, 0.809017, 0.0, 0.0, 0.0, 0.0, 1.0 ], [ -0.309017, -0.5, 0.809017, 0.0, -0.5, 0.809017, 0.309017, 0.0, -0.809017, -0.309017, -0.5, 0.0, 0.0, 0.0, 0.0, 1.0 ], [ -0.5, -0.809017, -0.309017, 0.0, 0.809017, -0.309017, -0.5, 0.0, 0.309017, -0.5, 0.809017, 0.0, 0.0, 0.0, 0.0, 1.0 ], [ 0.309017, -0.5, 0.809017, 0.0, 0.5, 0.809017, 0.309017, 0.0, -0.809017, 0.309017, 0.5, 0.0, 0.0, 0.0, 0.0, 1.0 ], [ -0.809017, 0.309017, 0.5, 0.0, -0.309017, 0.5, -0.809017, 0.0, -0.5, -0.809017, -0.309017, 0.0, 0.0, 0.0, 0.0, 1.0 ], [ -0.5, -0.809017, 0.309017, 0.0, 0.809017, -0.309017, 0.5, 0.0, -0.309017, 0.5, 0.809017, 0.0, 0.0, 0.0, 0.0, 1.0 ], [ -0.309017, 0.5, 0.809017, 0.0, 0.5, 0.809017, -0.309017, 0.0, -0.809017, 0.309017, -0.5, 0.0, 0.0, 0.0, 0.0, 1.0 ], [ -0.809017, 0.309017, -0.5, 0.0, 0.309017, -0.5, -0.809017, 0.0, -0.5, -0.809017, 0.309017, 0.0, 0.0, 0.0, 0.0, 1.0 ], [ -0.809017, -0.309017, 0.5, 0.0, 0.309017, 0.5, 0.809017, 0.0, -0.5, 0.809017, -0.309017, 0.0, 0.0, 0.0, 0.0, 1.0 ], [ -0.5, 0.809017, -0.309017, 0.0, 0.809017, 0.309017, -0.5, 0.0, -0.309017, -0.5, -0.809017, 0.0, 0.0, 0.0, 0.0, 1.0 ], [ -0.309017, -0.5, -0.809017, 0.0, 0.5, -0.809017, 0.309017, 0.0, -0.809017, -0.309017, 0.5, 0.0, 0.0, 0.0, 0.0, 1.0 ] ],
  "lights" : {
    "directionalLights" : [ {
      "direction" : [ 1.0, -1.0, -1.0 ],
      "color" : "#EBEBE4"
    }, {
      "direction" : [ -1.0, 0.0, 0.0 ],
      "color" : "#E4E4EB"
    }, {
      "direction" : [ 0.0, 0.0, -1.0 ],
      "color" : "#1E1E1E"
    } ],
    "ambientColor" : "#292929",
    "backgroundColor" : "#AFC8DC"
  },
  "camera" : {
    "position" : {
      "x" : -16.916878,
      "y" : 77.69956,
      "z" : 4.670573
    },
    "viewDistance" : 80.55011,
    "nearClipDistance" : 0.20137554,
    "farClipDistance" : 161.09996,
    "lookAtPoint" : {
      "x" : 2.472136,
      "y" : 0.0,
      "z" : -4.0
    },
    "fieldOfView" : 0.44262874,
    "perspective" : true,
    "lookDirection" : {
      "x" : 0.24070747,
      "y" : -0.9646115,
      "z" : -0.10764198
    },
    "upDirection" : {
      "x" : 0.048256025,
      "y" : -0.098867,
      "z" : 0.9939294
    },
    "width" : 36.247536,
    "stereo" : false
  },
  "embedding" : [ 1.0, 0.0, 0.0, 0.0, 0.0, 1.0, 0.0, 0.0, 0.0, 0.0, 1.0, 0.0, 0.0, 0.0, 0.0, 1.0 ],
  "shapes" : [ {
    "id" : "2626f152-cee8-41f9-b919-6299a76405bd",
    "vertices" : [ {
      "x" : 0.0,
      "y" : 0.0,
      "z" : 0.0
    }, {
      "x" : -0.38196602,
      "y" : 2.618034,
      "z" : -1.0
    }, {
      "x" : 0.618034,
      "y" : 2.236068,
      "z" : 1.618034
    } ],
    "faces" : [ {
      "vertices" : [ 0, 1, 2 ]
    }, {
      "vertices" : [ 0, 2, 1 ]
    } ]
  }, {
    "id" : "b6c3cac5-ad29-451f-ae3a-432b4377f3fd",
    "orbit" : "blue",
    "name" : " :-6 +4*phi",
    "vertices" : [ {
      "x" : 1.0,
      "y" : 0.309017,
      "z" : 0.19098301
    }, {
      "x" : 1.0,
      "y" : -0.309017,
      "z" : 0.19098301
    }, {
      "x" : 3.0,
      "y" : -0.309017,
      "z" : 0.19098301
    }, {
      "x" : 3.0,
      "y" : 0.309017,
      "z" : 0.19098301
    }, {
      "x" : 3.0,
      "y" : -0.309017,
      "z" : -0.19098301
    }, {
      "x" : 3.0,
      "y" : 0.309017,
      "z" : -0.19098301
    }, {
      "x" : 3.618034,
      "y" : 0.0,
      "z" : 0.0
    }, {
      "x" : 0.38196602,
      "y" : 0.0,
      "z" : 0.0
    }, {
      "x" : 1.0,
      "y" : 0.309017,
      "z" : -0.19098301
    }, {
      "x" : 1.0,
      "y" : -0.309017,
      "z" : -0.19098301
    }, {
      "x" : 4.0,
      "y" : 0.0,
      "z" : 0.0
    } ],
    "faces" : [ {
      "vertices" : [ 1, 9, 4, 2 ]
    }, {
      "vertices" : [ 0, 3, 5, 8 ]
    }, {
      "vertices" : [ 1, 7, 9 ]
    }, {
      "vertices" : [ 0, 1, 2, 3 ]
    }, {
      "vertices" : [ 7, 8, 9 ]
    }, {
      "vertices" : [ 0, 7, 1 ]
    }, {
      "vertices" : [ 4, 9, 8, 5 ]
    }, {
      "vertices" : [ 2, 6, 3 ]
    }, {
      "vertices" : [ 2, 4, 6 ]
    }, {
      "vertices" : [ 3, 6, 5 ]
    }, {
      "vertices" : [ 4, 5, 6 ]
    }, {
      "vertices" : [ 0, 8, 7 ]
    } ]
  }, {
    "id" : "f63267a0-eab2-4937-a6f5-f35eed408c43",
    "name" : "ball",
    "vertices" : [ {
      "x" : -0.309017,
      "y" : -0.19098301,
      "z" : 0.0
    }, {
      "x" : -0.309017,
      "y" : 0.19098301,
      "z" : 0.0
    }, {
      "x" : -0.19098301,
      "y" : 0.0,
      "z" : -0.309017
    }, {
      "x" : -0.19098301,
      "y" : 0.0,
      "z" : 0.309017
    }, {
      "x" : 0.0,
      "y" : -0.309017,
      "z" : -0.19098301
    }, {
      "x" : 0.0,
      "y" : -0.309017,
      "z" : 0.19098301
    }, {
      "x" : 0.0,
      "y" : 0.309017,
      "z" : -0.19098301
    }, {
      "x" : 0.0,
      "y" : 0.309017,
      "z" : 0.19098301
    }, {
      "x" : 0.19098301,
      "y" : 0.0,
      "z" : -0.309017
    }, {
      "x" : 0.19098301,
      "y" : 0.0,
      "z" : 0.309017
    }, {
      "x" : 0.309017,
      "y" : -0.19098301,
      "z" : 0.0
    }, {
      "x" : 0.309017,
      "y" : 0.19098301,
      "z" : 0.0
    } ],
    "faces" : [ {
      "vertices" : [ 0, 1, 2 ]
    }, {
      "vertices" : [ 0, 3, 1 ]
    }, {
      "vertices" : [ 0, 2, 4 ]
    }, {
      "vertices" : [ 0, 5, 3 ]
    }, {
      "vertices" : [ 0, 4, 5 ]
    }, {
      "vertices" : [ 1, 6, 2 ]
    }, {
      "vertices" : [ 1, 3, 7 ]
    }, {
      "vertices" : [ 1, 7, 6 ]
    }, {
      "vertices" : [ 2, 8, 4 ]
    }, {
      "vertices" : [ 2, 6, 8 ]
    }, {
      "vertices" : [ 3, 5, 9 ]
    }, {
      "vertices" : [ 3, 9, 7 ]
    }, {
      "vertices" : [ 4, 10, 5 ]
    }, {
      "vertices" : [ 4, 8, 10 ]
    }, {
      "vertices" : [ 5, 10, 9 ]
    }, {
      "vertices" : [ 6, 7, 11 ]
    }, {
      "vertices" : [ 6, 11, 8 ]
    }, {
      "vertices" : [ 7, 9, 11 ]
    }, {
      "vertices" : [ 8, 11, 10 ]
    }, {
      "vertices" : [ 9, 10, 11 ]
    } ]
  }, {
    "id" : "664d8e8d-4420-4900-9c9a-ebb5bf7b5ec1",
    "vertices" : [ {
      "x" : 0.0,
      "y" : 0.0,
      "z" : 0.0
    }, {
      "x" : 0.0,
      "y" : 0.0,
      "z" : 2.0
    }, {
      "x" : 0.0,
      "y" : -2.0,
      "z" : 0.0
    } ],
    "faces" : [ {
      "vertices" : [ 0, 1, 2 ]
    }, {
      "vertices" : [ 0, 2, 1 ]
    } ]
  }, {
    "id" : "8b0e16fa-7c4a-4c23-914b-ef3d8db1f1ce",
    "vertices" : [ {
      "x" : 0.0,
      "y" : 0.0,
      "z" : 0.0
    }, {
      "x" : 0.0,
      "y" : 0.0,
      "z" : -2.0
    }, {
      "x" : 0.0,
      "y" : 2.0,
      "z" : 0.0
    } ],
    "faces" : [ {
      "vertices" : [ 0, 1, 2 ]
    }, {
      "vertices" : [ 0, 2, 1 ]
    } ]
  }, {
    "id" : "9fa3ee6d-9324-4751-98cb-f27d91f03c90",
    "vertices" : [ {
      "x" : 0.0,
      "y" : 0.0,
      "z" : 0.0
    }, {
      "x" : 1.0,
      "y" : -0.38196602,
      "z" : 2.618034
    }, {
      "x" : 0.38196602,
      "y" : -2.618034,
      "z" : 1.0
    } ],
    "faces" : [ {
      "vertices" : [ 0, 1, 2 ]
    }, {
      "vertices" : [ 0, 2, 1 ]
    } ]
  }, {
    "id" : "e6c516d3-e29a-4ab5-8e82-19db09acfb3c",
    "orbit" : "green",
    "name" : " :8 -4*phi",
    "vertices" : [ {
      "x" : 16.635256,
      "y" : 6.354102,
      "z" : -2.427051
    }, {
      "x" : 16.253288,
      "y" : 5.899187,
      "z" : -2.236068
    }, {
      "x" : 16.09017,
      "y" : 6.163119,
      "z" : -2.663119
    }, {
      "x" : 16.017221,
      "y" : 6.427051,
      "z" : -2.472136
    }, {
      "x" : 0.85410196,
      "y" : 0.309017,
      "z" : 0.19098301
    }, {
      "x" : 0.690983,
      "y" : 0.572949,
      "z" : -0.23606798
    }, {
      "x" : 0.309017,
      "y" : 0.11803399,
      "z" : -0.045084972
    }, {
      "x" : 0.76393205,
      "y" : 0.309017,
      "z" : -0.42705098
    }, {
      "x" : 0.927051,
      "y" : 0.045084972,
      "z" : 0.0
    }, {
      "x" : 16.18034,
      "y" : 6.163119,
      "z" : -2.045085
    }, {
      "x" : 16.944271,
      "y" : 6.472136,
      "z" : -2.472136
    } ],
    "faces" : [ {
      "vertices" : [ 2, 7, 5, 3 ]
    }, {
      "vertices" : [ 1, 8, 7, 2 ]
    }, {
      "vertices" : [ 4, 6, 8 ]
    }, {
      "vertices" : [ 5, 7, 6 ]
    }, {
      "vertices" : [ 0, 1, 2 ]
    }, {
      "vertices" : [ 0, 2, 3 ]
    }, {
      "vertices" : [ 6, 7, 8 ]
    }, {
      "vertices" : [ 3, 5, 4, 9 ]
    }, {
      "vertices" : [ 1, 9, 4, 8 ]
    }, {
      "vertices" : [ 0, 9, 1 ]
    }, {
      "vertices" : [ 0, 3, 9 ]
    }, {
      "vertices" : [ 4, 5, 6 ]
    } ]
  }, {
    "id" : "e13fbe4f-9911-4253-a14d-d074cb44ef33",
    "vertices" : [ {
      "x" : 0.0,
      "y" : 0.0,
      "z" : 0.0
    }, {
      "x" : -0.618034,
      "y" : -2.236068,
      "z" : -1.618034
    }, {
      "x" : -1.0,
      "y" : 0.38196602,
      "z" : -2.618034
    } ],
    "faces" : [ {
      "vertices" : [ 0, 1, 2 ]
    }, {
      "vertices" : [ 0, 2, 1 ]
    } ]
  }, {
    "id" : "ce0de1c9-b1c9-4168-bd60-ac42db6a73fc",
    "vertices" : [ {
      "x" : 0.0,
      "y" : 0.0,
      "z" : 0.0
    }, {
      "x" : 0.0,
      "y" : -2.0,
      "z" : 0.0
    }, {
      "x" : 0.0,
      "y" : -2.0,
      "z" : -2.0
    } ],
    "faces" : [ {
      "vertices" : [ 0, 1, 2 ]
    }, {
      "vertices" : [ 0, 2, 1 ]
    } ]
  }, {
    "id" : "9a592dde-31ff-4536-9ccc-7c2e59081d82",
    "vertices" : [ {
      "x" : 0.0,
      "y" : 0.0,
      "z" : 0.0
    }, {
      "x" : 0.0,
      "y" : 4.0,
      "z" : 6.472136
    }, {
      "x" : 0.0,
      "y" : 0.0,
      "z" : 12.944272
    }, {
      "x" : 0.0,
      "y" : -12.944272,
      "z" : 12.944272
    }, {
      "x" : 0.0,
      "y" : -16.944271,
      "z" : 6.472136
    }, {
      "x" : 0.0,
      "y" : -12.944272,
      "z" : 0.0
    } ],
    "faces" : [ {
      "vertices" : [ 0, 1, 2, 3, 4, 5 ]
    }, {
      "vertices" : [ 0, 5, 4, 3, 2, 1 ]
    } ]
  }, {
    "id" : "89865280-d4d5-4059-80dd-cd522aecd373",
    "orbit" : "blue",
    "name" : " :4 -2*phi",
    "vertices" : [ {
      "x" : 1.0,
      "y" : 0.309017,
      "z" : 0.19098301
    }, {
      "x" : 1.0,
      "y" : -0.309017,
      "z" : 0.19098301
    }, {
      "x" : 5.472136,
      "y" : -0.309017,
      "z" : 0.19098301
    }, {
      "x" : 5.472136,
      "y" : 0.309017,
      "z" : 0.19098301
    }, {
      "x" : 5.472136,
      "y" : -0.309017,
      "z" : -0.19098301
    }, {
      "x" : 5.472136,
      "y" : 0.309017,
      "z" : -0.19098301
    }, {
      "x" : 6.09017,
      "y" : 0.0,
      "z" : 0.0
    }, {
      "x" : 0.38196602,
      "y" : 0.0,
      "z" : 0.0
    }, {
      "x" : 1.0,
      "y" : 0.309017,
      "z" : -0.19098301
    }, {
      "x" : 1.0,
      "y" : -0.309017,
      "z" : -0.19098301
    }, {
      "x" : 6.472136,
      "y" : 0.0,
      "z" : 0.0
    } ],
    "faces" : [ {
      "vertices" : [ 1, 9, 4, 2 ]
    }, {
      "vertices" : [ 0, 3, 5, 8 ]
    }, {
      "vertices" : [ 1, 7, 9 ]
    }, {
      "vertices" : [ 0, 1, 2, 3 ]
    }, {
      "vertices" : [ 7, 8, 9 ]
    }, {
      "vertices" : [ 0, 7, 1 ]
    }, {
      "vertices" : [ 4, 9, 8, 5 ]
    }, {
      "vertices" : [ 2, 6, 3 ]
    }, {
      "vertices" : [ 2, 4, 6 ]
    }, {
      "vertices" : [ 3, 6, 5 ]
    }, {
      "vertices" : [ 4, 5, 6 ]
    }, {
      "vertices" : [ 0, 8, 7 ]
    } ]
  }, {
    "id" : "fb7bcbc1-2152-45e8-9718-b648a376ee63",
    "orbit" : "green",
    "name" : " :-3 +2*phi",
    "vertices" : [ {
      "x" : 2.309017,
      "y" : 0.881966,
      "z" : -0.33688104
    }, {
      "x" : 1.927051,
      "y" : 0.42705098,
      "z" : -0.14589803
    }, {
      "x" : 1.763932,
      "y" : 0.690983,
      "z" : -0.572949
    }, {
      "x" : 1.690983,
      "y" : 0.95491505,
      "z" : -0.38196602
    }, {
      "x" : 0.85410196,
      "y" : 0.309017,
      "z" : 0.19098301
    }, {
      "x" : 0.690983,
      "y" : 0.572949,
      "z" : -0.23606798
    }, {
      "x" : 0.309017,
      "y" : 0.11803399,
      "z" : -0.045084972
    }, {
      "x" : 0.76393205,
      "y" : 0.309017,
      "z" : -0.42705098
    }, {
      "x" : 0.927051,
      "y" : 0.045084972,
      "z" : 0.0
    }, {
      "x" : 1.854102,
      "y" : 0.690983,
      "z" : 0.045084972
    }, {
      "x" : 2.618034,
      "y" : 1.0,
      "z" : -0.38196602
    } ],
    "faces" : [ {
      "vertices" : [ 2, 7, 5, 3 ]
    }, {
      "vertices" : [ 1, 8, 7, 2 ]
    }, {
      "vertices" : [ 4, 6, 8 ]
    }, {
      "vertices" : [ 5, 7, 6 ]
    }, {
      "vertices" : [ 0, 1, 2 ]
    }, {
      "vertices" : [ 0, 2, 3 ]
    }, {
      "vertices" : [ 6, 7, 8 ]
    }, {
      "vertices" : [ 3, 5, 4, 9 ]
    }, {
      "vertices" : [ 1, 9, 4, 8 ]
    }, {
      "vertices" : [ 0, 9, 1 ]
    }, {
      "vertices" : [ 0, 3, 9 ]
    }, {
      "vertices" : [ 4, 5, 6 ]
    } ]
  } ],
  "instances" : [ {
    "shape" : "2626f152-cee8-41f9-b919-6299a76405bd",
    "color" : "#0033FF",
    "position" : {
      "x" : 8.236068,
      "y" : -1.618034,
      "z" : -3.381966
    },
    "orientation" : 7
  }, {
    "shape" : "b6c3cac5-ad29-451f-ae3a-432b4377f3fd",
    "color" : "#007695",
    "position" : {
      "x" : 6.472136,
      "y" : 6.472136,
      "z" : -6.472136
    },
    "orientation" : 47
  }, {
    "shape" : "f63267a0-eab2-4937-a6f5-f35eed408c43",
    "color" : "#FFFFFF",
    "position" : {
      "x" : 7.854102,
      "y" : 1.0,
      "z" : -4.381966
    }
  }, {
    "shape" : "664d8e8d-4420-4900-9c9a-ebb5bf7b5ec1",
    "color" : "#00CC33",
    "position" : {
      "x" : 7.09017,
      "y" : -5.472136,
      "z" : -4.854102
    },
    "orientation" : 41
  }, {
    "shape" : "8b0e16fa-7c4a-4c23-914b-ef3d8db1f1ce",
    "color" : "#FF6600",
    "position" : {
      "x" : -6.472136,
      "y" : -6.472136,
      "z" : -4.472136
    },
    "orientation" : 0
  }, {
    "shape" : "f63267a0-eab2-4937-a6f5-f35eed408c43",
    "color" : "#FFFFFF",
    "position" : {
      "x" : -6.472136,
      "y" : -4.472136,
      "z" : -4.472136
    }
  }, {
    "shape" : "f63267a0-eab2-4937-a6f5-f35eed408c43",
    "color" : "#0099FF",
    "position" : {
      "x" : 6.472136,
      "y" : 6.472136,
      "z" : -6.472136
    }
  }, {
    "shape" : "9fa3ee6d-9324-4751-98cb-f27d91f03c90",
    "color" : "#00CC33",
    "position" : {
      "x" : -7.854102,
      "y" : -1.0,
      "z" : -4.381966
    },
    "orientation" : 2
  }, {
    "shape" : "e6c516d3-e29a-4ab5-8e82-19db09acfb3c",
    "color" : "#FF6600",
    "position" : {
      "x" : 6.472136,
      "y" : 6.472136,
      "z" : -6.472136
    },
    "orientation" : 36
  }, {
    "shape" : "e13fbe4f-9911-4253-a14d-d074cb44ef33",
    "color" : "#FF6600",
    "position" : {
      "x" : 4.472136,
      "y" : 6.472136,
      "z" : -4.472136
    },
    "orientation" : 5
  }, {
    "shape" : "ce0de1c9-b1c9-4168-bd60-ac42db6a73fc",
    "color" : "#00CC33",
    "position" : {
      "x" : -10.472136,
      "y" : 0.0,
      "z" : -4.0
    },
    "orientation" : 23
  }, {
    "shape" : "8b0e16fa-7c4a-4c23-914b-ef3d8db1f1ce",
    "color" : "#00CC33",
    "position" : {
      "x" : -9.854102,
      "y" : 1.0,
      "z" : -2.381966
    },
    "orientation" : 21
  }, {
    "shape" : "f63267a0-eab2-4937-a6f5-f35eed408c43",
    "color" : "#FFFFFF",
    "position" : {
      "x" : -10.472136,
      "y" : 0.0,
      "z" : -10.472136
    }
  }, {
    "shape" : "2626f152-cee8-41f9-b919-6299a76405bd",
    "color" : "#00CC33",
    "position" : {
      "x" : 3.854102,
      "y" : -5.472136,
      "z" : -6.09017
    },
    "orientation" : 6
  }, {
    "shape" : "ce0de1c9-b1c9-4168-bd60-ac42db6a73fc",
    "color" : "#0033FF",
    "position" : {
      "x" : -5.472136,
      "y" : 6.09017,
      "z" : -3.854102
    },
    "orientation" : 24
  }, {
    "shape" : "f63267a0-eab2-4937-a6f5-f35eed408c43",
    "color" : "#FFFFFF",
    "position" : {
      "x" : 4.472136,
      "y" : 4.472136,
      "z" : -6.472136
    }
  }, {
    "shape" : "f63267a0-eab2-4937-a6f5-f35eed408c43",
    "color" : "#FFFFFF",
    "position" : {
      "x" : 6.472136,
      "y" : 6.472136,
      "z" : -10.472136
    }
  }, {
    "shape" : "ce0de1c9-b1c9-4168-bd60-ac42db6a73fc",
    "color" : "#0033FF",
    "position" : {
      "x" : 10.472136,
      "y" : 0.0,
      "z" : -4.0
    },
    "orientation" : 53
  }, {
    "shape" : "f63267a0-eab2-4937-a6f5-f35eed408c43",
    "color" : "#FFFFFF",
    "position" : {
      "x" : -3.854102,
      "y" : 5.472136,
      "z" : -6.09017
    }
  }, {
    "shape" : "9a592dde-31ff-4536-9ccc-7c2e59081d82",
    "color" : "#7FBACA",
    "position" : {
      "x" : 6.472136,
      "y" : -6.472136,
      "z" : -10.472136
    },
    "orientation" : 2
  }, {
    "shape" : "f63267a0-eab2-4937-a6f5-f35eed408c43",
    "color" : "#FFFFFF",
    "position" : {
      "x" : -4.472136,
      "y" : -4.472136,
      "z" : -6.472136
    }
  }, {
    "shape" : "9fa3ee6d-9324-4751-98cb-f27d91f03c90",
    "color" : "#FF6600",
    "position" : {
      "x" : -4.472136,
      "y" : -6.472136,
      "z" : -4.472136
    },
    "orientation" : 4
  }, {
    "shape" : "f63267a0-eab2-4937-a6f5-f35eed408c43",
    "color" : "#0099FF",
    "position" : {
      "x" : -10.472136,
      "y" : 0.0,
      "z" : -4.0
    }
  }, {
    "shape" : "664d8e8d-4420-4900-9c9a-ebb5bf7b5ec1",
    "color" : "#FF6600",
    "position" : {
      "x" : -6.472136,
      "y" : -6.472136,
      "z" : -4.472136
    },
    "orientation" : 1
  }, {
    "shape" : "f63267a0-eab2-4937-a6f5-f35eed408c43",
    "color" : "#FFFFFF",
    "position" : {
      "x" : -7.854102,
      "y" : -1.0,
      "z" : -4.381966
    }
  }, {
    "shape" : "f63267a0-eab2-4937-a6f5-f35eed408c43",
    "color" : "#FFFFFF",
    "position" : {
      "x" : 5.472136,
      "y" : -6.09017,
      "z" : -3.854102
    }
  }, {
    "shape" : "f63267a0-eab2-4937-a6f5-f35eed408c43",
    "color" : "#FFFFFF",
    "position" : {
      "x" : -6.09017,
      "y" : 3.854102,
      "z" : -5.472136
    }
  }, {
    "shape" : "f63267a0-eab2-4937-a6f5-f35eed408c43",
    "color" : "#FFFFFF",
    "position" : {
      "x" : 6.472136,
      "y" : 6.472136,
      "z" : -4.472136
    }
  }, {
    "shape" : "f63267a0-eab2-4937-a6f5-f35eed408c43",
    "color" : "#FFFFFF",
    "position" : {
      "x" : 3.854102,
      "y" : -5.472136,
      "z" : -6.09017
    }
  }, {
    "shape" : "f63267a0-eab2-4937-a6f5-f35eed408c43",
    "color" : "#FFFFFF",
    "position" : {
      "x" : 8.236068,
      "y" : -1.618034,
      "z" : -3.381966
    }
  }, {
    "shape" : "2626f152-cee8-41f9-b919-6299a76405bd",
    "color" : "#FF6600",
    "position" : {
      "x" : -6.472136,
      "y" : -6.472136,
      "z" : -6.472136
    },
    "orientation" : 5
  }, {
    "shape" : "f63267a0-eab2-4937-a6f5-f35eed408c43",
    "color" : "#FFFFFF",
    "position" : {
      "x" : 0.0,
      "y" : 0.0,
      "z" : 0.0
    }
  }, {
    "shape" : "e13fbe4f-9911-4253-a14d-d074cb44ef33",
    "color" : "#FF6600",
    "position" : {
      "x" : 6.472136,
      "y" : 6.472136,
      "z" : -6.472136
    },
    "orientation" : 4
  }, {
    "shape" : "9fa3ee6d-9324-4751-98cb-f27d91f03c90",
    "color" : "#0033FF",
    "position" : {
      "x" : 7.854102,
      "y" : 1.0,
      "z" : -4.381966
    },
    "orientation" : 16
  }, {
    "shape" : "f63267a0-eab2-4937-a6f5-f35eed408c43",
    "color" : "#FFFFFF",
    "position" : {
      "x" : 10.472136,
      "y" : 0.0,
      "z" : -10.472136
    }
  }, {
    "shape" : "e6c516d3-e29a-4ab5-8e82-19db09acfb3c",
    "color" : "#00CC33",
    "position" : {
      "x" : 6.472136,
      "y" : -6.472136,
      "z" : -6.472136
    },
    "orientation" : 45
  }, {
    "shape" : "89865280-d4d5-4059-80dd-cd522aecd373",
    "color" : "#007695",
    "position" : {
      "x" : -10.472136,
      "y" : 0.0,
      "z" : -4.0
    },
    "orientation" : 47
  }, {
    "shape" : "f63267a0-eab2-4937-a6f5-f35eed408c43",
    "color" : "#0099FF",
    "position" : {
      "x" : 6.472136,
      "y" : -6.472136,
      "z" : -6.472136
    }
  }, {
    "shape" : "f63267a0-eab2-4937-a6f5-f35eed408c43",
    "color" : "#FFFFFF",
    "position" : {
      "x" : 6.09017,
      "y" : -3.854102,
      "z" : -5.472136
    }
  }, {
    "shape" : "f63267a0-eab2-4937-a6f5-f35eed408c43",
    "color" : "#FFFFFF",
    "position" : {
      "x" : 6.472136,
      "y" : 4.472136,
      "z" : -4.472136
    }
  }, {
    "shape" : "f63267a0-eab2-4937-a6f5-f35eed408c43",
    "color" : "#0099FF",
    "position" : {
      "x" : -6.472136,
      "y" : 6.472136,
      "z" : -6.472136
    }
  }, {
    "shape" : "89865280-d4d5-4059-80dd-cd522aecd373",
    "color" : "#007695",
    "position" : {
      "x" : 10.472136,
      "y" : 0.0,
      "z" : -4.0
    },
    "orientation" : 47
  }, {
    "shape" : "664d8e8d-4420-4900-9c9a-ebb5bf7b5ec1",
    "color" : "#0033FF",
    "position" : {
      "x" : -7.09017,
      "y" : 5.472136,
      "z" : -4.854102
    },
    "orientation" : 11
  }, {
    "shape" : "f63267a0-eab2-4937-a6f5-f35eed408c43",
    "color" : "#FFFFFF",
    "position" : {
      "x" : 4.472136,
      "y" : 6.472136,
      "z" : -4.472136
    }
  }, {
    "shape" : "f63267a0-eab2-4937-a6f5-f35eed408c43",
    "color" : "#FFFFFF",
    "position" : {
      "x" : -7.09017,
      "y" : 5.472136,
      "z" : -4.854102
    }
  }, {
    "shape" : "f63267a0-eab2-4937-a6f5-f35eed408c43",
    "color" : "#FFFFFF",
    "position" : {
      "x" : 6.472136,
      "y" : -6.472136,
      "z" : -10.472136
    }
  }, {
    "shape" : "f63267a0-eab2-4937-a6f5-f35eed408c43",
    "color" : "#FFFFFF",
    "position" : {
      "x" : -9.854102,
      "y" : 1.0,
      "z" : -2.381966
    }
  }, {
    "shape" : "b6c3cac5-ad29-451f-ae3a-432b4377f3fd",
    "color" : "#007695",
    "position" : {
      "x" : 6.472136,
      "y" : -6.472136,
      "z" : -6.472136
    },
    "orientation" : 47
  }, {
    "shape" : "f63267a0-eab2-4937-a6f5-f35eed408c43",
    "color" : "#0099FF",
    "position" : {
      "x" : 10.472136,
      "y" : 0.0,
      "z" : -4.0
    }
  }, {
    "shape" : "e6c516d3-e29a-4ab5-8e82-19db09acfb3c",
    "color" : "#0033FF",
    "position" : {
      "x" : 10.472136,
      "y" : 0.0,
      "z" : -4.0
    },
    "orientation" : 57
  }, {
    "shape" : "b6c3cac5-ad29-451f-ae3a-432b4377f3fd",
    "color" : "#007695",
    "position" : {
      "x" : -6.472136,
      "y" : 6.472136,
      "z" : -6.472136
    },
    "orientation" : 47
  }, {
    "shape" : "664d8e8d-4420-4900-9c9a-ebb5bf7b5ec1",
    "color" : "#FF6600",
    "position" : {
      "x" : 6.472136,
      "y" : 6.472136,
      "z" : -4.472136
    },
    "orientation" : 45
  }, {
    "shape" : "8b0e16fa-7c4a-4c23-914b-ef3d8db1f1ce",
    "color" : "#0033FF",
    "position" : {
      "x" : 9.854102,
      "y" : -1.0,
      "z" : -2.381966
    },
    "orientation" : 51
  }, {
    "shape" : "f63267a0-eab2-4937-a6f5-f35eed408c43",
    "color" : "#FFFFFF",
    "position" : {
      "x" : -6.472136,
      "y" : 6.472136,
      "z" : -10.472136
    }
  }, {
    "shape" : "e13fbe4f-9911-4253-a14d-d074cb44ef33",
    "color" : "#0033FF",
    "position" : {
      "x" : -3.854102,
      "y" : 5.472136,
      "z" : -6.09017
    },
    "orientation" : 16
  }, {
    "shape" : "f63267a0-eab2-4937-a6f5-f35eed408c43",
    "color" : "#FFFFFF",
    "position" : {
      "x" : 7.09017,
      "y" : -5.472136,
      "z" : -4.854102
    }
  }, {
    "shape" : "ce0de1c9-b1c9-4168-bd60-ac42db6a73fc",
    "color" : "#00CC33",
    "position" : {
      "x" : 5.472136,
      "y" : -6.09017,
      "z" : -3.854102
    },
    "orientation" : 54
  }, {
    "shape" : "8b0e16fa-7c4a-4c23-914b-ef3d8db1f1ce",
    "color" : "#FF6600",
    "position" : {
      "x" : 6.472136,
      "y" : 6.472136,
      "z" : -4.472136
    },
    "orientation" : 16
  }, {
    "shape" : "b6c3cac5-ad29-451f-ae3a-432b4377f3fd",
    "color" : "#007695",
    "position" : {
      "x" : -6.472136,
      "y" : -6.472136,
      "z" : -6.472136
    },
    "orientation" : 47
  }, {
    "shape" : "f63267a0-eab2-4937-a6f5-f35eed408c43",
    "color" : "#FFFFFF",
    "position" : {
      "x" : -8.236068,
      "y" : 1.618034,
      "z" : -3.381966
    }
  }, {
    "shape" : "fb7bcbc1-2152-45e8-9718-b648a376ee63",
    "color" : "#008D36",
    "position" : {
      "x" : 6.472136,
      "y" : 6.472136,
      "z" : -6.472136
    },
    "orientation" : 36
  }, {
    "shape" : "f63267a0-eab2-4937-a6f5-f35eed408c43",
    "color" : "#FFFFFF",
    "position" : {
      "x" : -5.472136,
      "y" : 6.09017,
      "z" : -3.854102
    }
  }, {
    "shape" : "9fa3ee6d-9324-4751-98cb-f27d91f03c90",
    "color" : "#00CC33",
    "position" : {
      "x" : 6.472136,
      "y" : -6.472136,
      "z" : -6.472136
    },
    "orientation" : 2
  }, {
    "shape" : "f63267a0-eab2-4937-a6f5-f35eed408c43",
    "color" : "#FFFFFF",
    "position" : {
      "x" : 9.854102,
      "y" : -1.0,
      "z" : -2.381966
    }
  }, {
    "shape" : "f63267a0-eab2-4937-a6f5-f35eed408c43",
    "color" : "#FFFFFF",
    "position" : {
      "x" : -4.472136,
      "y" : -6.472136,
      "z" : -4.472136
    }
  }, {
    "shape" : "e13fbe4f-9911-4253-a14d-d074cb44ef33",
    "color" : "#0033FF",
    "position" : {
      "x" : -6.472136,
      "y" : 6.472136,
      "z" : -6.472136
    },
    "orientation" : 7
  }, {
    "shape" : "f63267a0-eab2-4937-a6f5-f35eed408c43",
    "color" : "#FFFFFF",
    "position" : {
      "x" : 8.854102,
      "y" : 0.618034,
      "z" : -1.763932
    }
  }, {
    "shape" : "f63267a0-eab2-4937-a6f5-f35eed408c43",
    "color" : "#FFFFFF",
    "position" : {
      "x" : -6.472136,
      "y" : -6.472136,
      "z" : -10.472136
    }
  }, {
    "shape" : "f63267a0-eab2-4937-a6f5-f35eed408c43",
    "color" : "#FFFFFF",
    "position" : {
      "x" : -8.854102,
      "y" : -0.618034,
      "z" : -1.763932
    }
  }, {
    "shape" : "f63267a0-eab2-4937-a6f5-f35eed408c43",
    "color" : "#0099FF",
    "position" : {
      "x" : -6.472136,
      "y" : -6.472136,
      "z" : -6.472136
    }
  }, {
    "shape" : "9fa3ee6d-9324-4751-98cb-f27d91f03c90",
    "color" : "#00CC33",
    "position" : {
      "x" : -8.854102,
      "y" : -0.618034,
      "z" : -1.763932
    },
    "orientation" : 6
  }, {
    "shape" : "f63267a0-eab2-4937-a6f5-f35eed408c43",
    "color" : "#FFFFFF",
    "position" : {
      "x" : -6.472136,
      "y" : -6.472136,
      "z" : -4.472136
    }
  } ],
  "scenes" : [ ],
  "snapshots" : [ ]
}