{
  "field" : "golden",
  "symmetry" : "icosahedral",
  "orientations" : [ [ 1.0, 0.0, 0.0, 0.0, 0.0, 1.0, 0.0, 0.0, 0.0, 0.0, 1.0, 0.0, 0.0, 0.0, 0.0, 1.0 ], [ 0.0, 0.0, 1.0, 0.0, 1.0, 0.0, 0.0, 0.0, 0.0, 1.0, 0.0, 0.0, 0.0, 0.0, 0.0, 1.0 ], [ 0.0, 1.0, 0.0, 0.0, 0.0, 0.0, 1.0, 0.0, 1.0, 0.0, 0.0, 0.0, 0.0, 0.0, 0.0, 1.0 ], [ 0.809017, 0.309017, 0.5, 0.0, 0.309017, 0.5, -0.809017, 0.0, -0.5, 0.809017, 0.309017, 0.0, 0.0, 0.0, 0.0, 1.0 ], [ -0.5, 0.809017, 0.309017, 0.0, 0.809017, 0.309017, 0.5, 0.0, 0.309017, 0.5, -0.809017, 0.0, 0.0, 0.0, 0.0, 1.0 ], [ 0.309017, 0.5, -0.809017, 0.0, -0.5, 0.809017, 0.309017, 0.0, 0.809017, 0.309017, 0.5, 0.0, 0.0, 0.0, 0.0, 1.0 ], [ 0.5, 0.809017, 0.309017, 0.0, 0.809017, -0.309017, -0.5, 0.0, -0.309017, 0.5, -0.809017, 0.0, 0.0, 0.0, 0.0, 1.0 ], [ -0.309017, 0.5, -0.809017, 0.0, 0.5, 0.809017, 0.309017, 0.0, 0.809017, -0.309017, -0.5, 0.0, 0.0, 0.0, 0.0, 1.0 ], [ 0.809017, -0.309017, -0.5, 0.0, -0.309017, 0.5, -0.809017, 0.0, 0.5, 0.809017, 0.309017, 0.0, 0.0, 0.0, 0.0, 1.0 ], [ 0.5, 0.809017, -0.309017, 0.0, 0.809017, -0.309017, 0.5, 0.0, 0.309017, -0.5, -0.809017, 0.0, 0.0, 0.0, 0.0, 1.0 ], [ 0.309017, -0.5, -0.809017, 0.0, 0.5, 0.809017, -0.309017, 0.0, 0.809017, -0.309017, 0.5, 0.0, 0.0, 0.0, 0.0, 1.0 ], [ 0.809017, -0.309017, 0.5, 0.0, 0.309017, -0.5, -0.809017, 0.0, 0.5, 0.809017, -0.309017, 0.0, 0.0, 0.0, 0.0, 1.0 ], [ 0.809017, 0.309017, -0.5, 0.0, 0.309017, 0.5, 0.809017, 0.0, 0.5, -0.809017, 0.309017, 0.0, 0.0, 0.0, 0.0, 1.0 ], [ 0.5, -0.809017, 0.309017, 0.0, 0.809017, 0.309017, -0.5, 0.0, 0.309017, 0.5, 0.809017, 0.0, 0.0, 0.0, 0.0, 1.0 ], [ 0.309017, 0.5, 0.809017, 0.0, 0.5, -0.809017, 0.309017, 0.0, 0.809017, 0.309017, -0.5, 0.0, 0.0, 0.0, 0.0, 1.0 ], [ 1.0, 0.0, 0.0, 0.0, 0.0, -1.0, 0.0, 0.0, 0.0, 0.0, -1.0, 0.0, 0.0, 0.0, 0.0, 1.0 ], [ 0.0, 0.0, 1.0, 0.0, -1.0, 0.0, 0.0, 0.0, 0.0, -1.0, 0.0, 0.0, 0.0, 0.0, 0.0, 1.0 ], [ 0.0, 1.0, 0.0, 0.0, 0.0, 0.0, -1.0, 0.0, -1.0, 0.0, 0.0, 0.0, 0.0, 0.0, 0.0, 1.0 ], [ 0.809017, 0.309017, 0.5, 0.0, -0.309017, -0.5, 0.809017, 0.0, 0.5, -0.809017, -0.309017, 0.0, 0.0, 0.0, 0.0, 1.0 ], [ -0.5, 0.809017, 0.309017, 0.0, -0.809017, -0.309017, -0.5, 0.0, -0.309017, -0.5, 0.809017, 0.0, 0.0, 0.0, 0.0, 1.0 ], [ 0.309017, 0.5, -0.809017, 0.0, 0.5, -0.809017, -0.309017, 0.0, -0.809017, -0.309017, -0.5, 0.0, 0.0, 0.0, 0.0, 1.0 ], [ 0.5, 0.809017, 0.309017, 0.0, -0.809017, 0.309017, 0.5, 0.0, 0.309017, -0.5, 0.809017, 0.0, 0.0, 0.0, 0.0, 1.0 ], [ -0.309017, 0.5, -0.809017, 0.0, -0.5, -0.809017, -0.309017, 0.0, -0.809017, 0.309017, 0.5, 0.0, 0.0, 0.0, 0.0, 1.0 ], [ 0.809017, -0.309017, -0.5, 0.0, 0.309017, -0.5, 0.809017, 0.0, -0.5, -0.809017, -0.309017, 0.0, 0.0, 0.0, 0.0, 1.0 ], [ 0.5, 0.809017, -0.309017, 0.0, -0.809017, 0.309017, -0.5, 0.0, -0.309017, 0.5, 0.809017, 0.0, 0.0, 0.0, 0.0, 1.0 ], [ 0.309017, -0.5, -0.809017, 0.0, -0.5, -0.809017, 0.309017, 0.0, -0.809017, 0.309017, -0.5, 0.0, 0.0, 0.0, 0.0, 1.0 ], [ 0.809017, -0.309017, 0.5, 0.0, -0.309017, 0.5, 0.809017, 0.0, -0.5, -0.809017, 0.309017, 0.0, 0.0, 0.0, 0.0, 1.0 ], [ 0.809017, 0.309017, -0.5, 0.0, -0.309017, -0.5, -0.809017, 0.0, -0.5, 0.809017, -0.309017, 0.0, 0.0, 0.0, 0.0, 1.0 ], [ 0.5, -0.809017, 0.309017, 0.0, -0.809017, -0.309017, 0.5, 0.0, -0.309017, -0.5, -0.809017, 0.0, 0.0, 0.0, 0.0, 1.0 ], [ 0.309017, 0.5, 0.809017, 0.0, -0.5, 0.809017, -0.309017, 0.0, -0.809017, -0.309017, 0.5, 0.0, 0.0, 0.0, 0.0, 1.0 ], [ -1.0, 0.0, 0.0, 0.0, 0.0, -1.0, 0.0, 0.0, 0.0, 0.0, 1.0, 0.0, 0.0, 0.0, 0.0, 1.0 ], [ 0.0, 0.0, -1.0, 0.0, -1.0, 0.0, 0.0, 0.0, 0.0, 1.0, 0.0, 0.0, 0.0, 0.0, 0.0, 1.0 ], [ 0.0, -1.0, 0.0, 0.0, 0.0, 0.0, -1.0, 0.0, 1.0, 0.0, 0.0, 0.0, 0.0, 0.0, 0.0, 1.0 ], [ -0.809017, -0.309017, -0.5, 0.0, -0.309017, -0.5, 0.809017, 0.0, -0.5, 0.809017, 0.309017, 0.0, 0.0, 0.0, 0.0, 1.0 ], [ 0.5, -0.809017, -0.309017, 0.0, -0.809017, -0.309017, -0.5, 0.0, 0.309017, 0.5, -0.809017, 0.0, 0.0, 0.0, 0.0, 1.0 ], [ -0.309017, -0.5, 0.809017, 0.0, 0.5, -0.809017, -0.309017, 0.0, 0.809017, 0.309017, 0.5, 0.0, 0.0, 0.0, 0.0, 1.0 ], [ -0.5, -0.809017, -0.309017, 0.0, -0.809017, 0.309017, 0.5, 0.0, -0.309017, 0.5, -0.809017, 0.0, 0.0, 0.0, 0.0, 1.0 ], [ 0.309017, -0.5, 0.809017, 0.0, -0.5, -0.809017, -0.309017, 0.0, 0.809017, -0.309017, -0.5, 0.0, 0.0, 0.0, 0.0, 1.0 ], [ -0.809017, 0.309017, 0.5, 0.0, 0.309017, -0.5, 0.809017, 0.0, 0.5, 0.809017, 0.309017, 0.0, 0.0, 0.0, 0.0, 1.0 ], [ -0.5, -0.809017, 0.309017, 0.0, -0.809017, 0.309017, -0.5, 0.0, 0.309017, -0.5, -0.809017, 0.0, 0.0, 0.0, 0.0, 1.0 ], [ -0.309017, 0.5, 0.809017, 0.0, -0.5, -0.809017, 0.309017, 0.0, 0.809017, -0.309017, 0.5, 0.0, 0.0, 0.0, 0.0, 1.0 ], [ -0.809017, 0.309017, -0.5, 0.0, -0.309017, 0.5, 0.809017, 0.0, 0.5, 0.809017, -0.309017, 0.0, 0.0, 0.0, 0.0, 1.0 ], [ -0.809017, -0.309017, 0.5, 0.0, -0.309017, -0.5, -0.809017, 0.0, 0.5, -0.809017, 0.309017, 0.0, 0.0, 0.0, 0.0, 1.0 ], [ -0.5, 0.809017, -0.309017, 0.0, -0.809017, -0.309017, 0.5, 0.0, 0.309017, 0.5, 0.809017, 0.0, 0.0, 0.0, 0.0, 1.0 ], [ -0.309017, -0.5, -0.809017, 0.0, -0.5, 0.809017, -0.309017, 0.0, 0.809017, 0.309017, -0.5, 0.0, 0.0, 0.0, 0.0, 1.0 ], [ -1.0, 0.0, 0.0, 0.0, 0.0, 1.0, 0.0, 0.0, 0.0, 0.0, -1.0, 0.0, 0.0, 0.0, 0.0, 1.0 ], [ 0.0, 0.0, -1.0, 0.0, 1.0, 0.0, 0.0, 0.0, 0.0, -1.0, 0.0, 0.0, 0.0, 0.0, 0.0, 1.0 ], [ 0.0, -1.0, 0.0, 0.0, 0.0, 0.0, 1.0, 0.0, -1.0, 0.0, 0.0, 0.0, 0.0, 0.0, 0.0, 1.0 ], [ -0.809017, -0.309017, -0.5, 0.0, 0.309017, 0.5, -0.809017, 0.0, 0.5, -0.809017, -0.309017, 0.0, 0.0, 0.0, 0.0, 1.0 ], [ 0.5, -0.809017, -0.309017, 0.0, 0.809017, 0.309017, 0.5, 0.0, -0.309017, -0.5, 0.809017, 0.0, 0.0, 0.0, 0.0, 1.0 ], [ -0.309017, -0.5, 0.809017, 0.0, -0.5, 0.809017, 0.309017, 0.0, -0.809017, -0.309017, -0.5, 0.0, 0.0, 0.0, 0.0, 1.0 ], [ -0.5, -0.809017, -0.309017, 0.0, 0.809017, -0.309017, -0.5, 0.0, 0.309017, -0.5, 0.809017, 0.0, 0.0, 0.0, 0.0, 1.0 ], [ 0.309017, -0.5, 0.809017, 0.0, 0.5, 0.809017, 0.309017, 0.0, -0.809017, 0.309017, 0.5, 0.0, 0.0, 0.0, 0.0, 1.0 ], [ -0.809017, 0.309017, 0.5, 0.0, -0.309017, 0.5, -0.809017, 0.0, -0.5, -0.809017, -0.309017, 0.0, 0.0, 0.0, 0.0, 1.0 ], [ -0.5, -0.809017, 0.309017, 0.0, 0.809017, -0.309017, 0.5, 0.0, -0.309017, 0.5, 0.809017, 0.0, 0.0, 0.0, 0.0, 1.0 ], [ -0.309017, 0.5, 0.809017, 0.0, 0.5, 0.809017, -0.309017, 0.0, -0.809017, 0.309017, -0.5, 0.0, 0.0, 0.0, 0.0, 1.0 ], [ -0.809017, 0.309017, -0.5, 0.0, 0.309017, -0.5, -0.809017, 0.0, -0.5, -0.809017, 0.309017, 0.0, 0.0, 0.0, 0.0, 1.0 ], [ -0.809017, -0.309017, 0.5, 0.0, 0.309017, 0.5, 0.809017, 0.0, -0.5, 0.809017, -0.309017, 0.0, 0.0, 0.0, 0.0, 1.0 ], [ -0.5, 0.809017, -0.309017, 0.0, 0.809017, 0.309017, -0.5, 0.0, -0.309017, -0.5, -0.809017, 0.0, 0.0, 0.0, 0.0, 1.0 ], [ -0.309017, -0.5, -0.809017, 0.0, 0.5, -0.809017, 0.309017, 0.0, -0.809017, -0.309017, 0.5, 0.0, 0.0, 0.0, 0.0, 1.0 ] ],
  "lights" : {
    "ambientColor" : "#292929",
    "backgroundColor" : "#AFC8DC",
    "directionalLights" : [ {
      "direction" : {
        "x" : 1.0,
        "y" : -1.0,
        "z" : -1.0
      },
      "color" : "#EBEBE4"
    }, {
      "direction" : {
        "x" : -1.0,
        "y" : 0.0,
        "z" : 0.0
      },
      "color" : "#E4E4EB"
    }, {
      "direction" : {
        "x" : 0.0,
        "y" : 0.0,
        "z" : -1.0
      },
      "color" : "#1E1E1E"
    } ]
  },
  "camera" : {
    "stereo" : false,
    "width" : 122.77726,
    "lookDirection" : {
      "x" : 0.01263651,
      "y" : -0.18766092,
      "z" : -0.9821532
    },
    "upDirection" : {
      "x" : 0.03032927,
      "y" : 0.9818498,
      "z" : -0.18721382
    },
    "lookAtPoint" : {
      "x" : 0.0,
      "y" : 0.0,
      "z" : 0.0
    },
    "viewDistance" : 7,
    "nearClipDistance" : 0.6820956,
    "farClipDistance" : 545.6761,
    "fieldOfView" : 0.4426289,
    "perspective" : true,
    "position" : {
      "x" : -3.4477243,
      "y" : 51.201096,
      "z" : 267.96906
    }
  },
  "embedding" : [ 1.0, 0.0, 0.0, 0.0, 0.0, 1.0, 0.0, 0.0, 0.0, 0.0, 1.0, 0.0, 0.0, 0.0, 0.0, 1.0 ],
  "shapes" : [ {
    "id" : "1afc28d8-ef7c-41b2-8b45-a49d2e76e101",
    "vertices" : [ {
      "x" : -0.23606798,
      "y" : 0.19098301,
      "z" : 0.11803399
    }, {
      "x" : -0.19098301,
      "y" : 0.309017,
      "z" : -0.11803399
    }, {
      "x" : -1.0,
      "y" : 0.309017,
      "z" : 0.19098301
    } ],
    "faces" : [ {
      "vertices" : [ 0, 1, 2 ]
    }, {
      "vertices" : [ 0, 2, 1 ]
    } ]
  }, {
    "id" : "40764840-5b1e-4494-946c-e05737f6a722",
    "vertices" : [ {
      "x" : 0.5854102,
      "y" : -0.19098301,
      "z" : 0.8291796
    }, {
      "x" : 0.618034,
      "y" : -0.309017,
      "z" : 0.809017
    }, {
      "x" : 0.809017,
      "y" : 0.0,
      "z" : 0.690983
    }, {
      "x" : 0.7034442,
      "y" : 0.0,
      "z" : 0.7562306
    } ],
    "faces" : [ {
      "vertices" : [ 0, 1, 2 ]
    }, {
      "vertices" : [ 0, 2, 3 ]
    }, {
      "vertices" : [ 0, 3, 2 ]
    }, {
      "vertices" : [ 0, 2, 1 ]
    } ]
  }, {
    "id" : "5e667191-8754-441c-9448-b148df2e0dc5",
    "vertices" : [ {
      "x" : 0.38196602,
      "y" : -0.19098301,
      "z" : 0.5
    }, {
      "x" : 0.39057648,
      "y" : -0.22213596,
      "z" : 0.49467844
    }, {
      "x" : 0.16844052,
      "y" : -0.13728757,
      "z" : 0.631966
    }, {
      "x" : 0.19098301,
      "y" : -0.11803399,
      "z" : 0.618034
    } ],
    "faces" : [ {
      "vertices" : [ 0, 1, 2 ]
    }, {
      "vertices" : [ 0, 2, 3 ]
    }, {
      "vertices" : [ 0, 3, 2 ]
    }, {
      "vertices" : [ 0, 2, 1 ]
    } ]
  }, {
    "id" : "35ab1a0a-32db-48f0-8c26-8ec3689c3e88",
    "vertices" : [ {
      "x" : -0.5,
      "y" : 0.0,
      "z" : 0.42705098
    }, {
      "x" : -0.48935688,
      "y" : 0.0,
      "z" : 0.45491502
    }, {
      "x" : -0.62335557,
      "y" : -0.2168144,
      "z" : 0.10410196
    }, {
      "x" : -0.618034,
      "y" : -0.19098301,
      "z" : 0.11803399
    } ],
    "faces" : [ {
      "vertices" : [ 0, 1, 2 ]
    }, {
      "vertices" : [ 0, 2, 3 ]
    }, {
      "vertices" : [ 0, 3, 2 ]
    }, {
      "vertices" : [ 0, 2, 1 ]
    } ]
  }, {
    "id" : "a29ecf11-c792-40c9-be12-6c6f1864143c",
    "vertices" : [ {
      "x" : -0.27254248,
      "y" : 0.22213596,
      "z" : -0.30369544
    }, {
      "x" : -0.40983006,
      "y" : 0.0,
      "z" : -0.21884705
    }, {
      "x" : -0.52786404,
      "y" : 0.0,
      "z" : -0.40983006
    }, {
      "x" : -0.39057648,
      "y" : 0.22213596,
      "z" : -0.49467844
    } ],
    "faces" : [ {
      "vertices" : [ 0, 1, 2 ]
    }, {
      "vertices" : [ 0, 2, 3 ]
    }, {
      "vertices" : [ 0, 3, 2 ]
    }, {
      "vertices" : [ 0, 2, 1 ]
    } ]
  }, {
    "id" : "79ce2a45-7ff7-4f02-a2ea-8d66d6e2709e",
    "vertices" : [ {
      "x" : -0.23606798,
      "y" : -0.19098301,
      "z" : 0.11803399
    }, {
      "x" : 0.309017,
      "y" : -0.19098301,
      "z" : 1.0
    }, {
      "x" : 0.309017,
      "y" : 0.19098301,
      "z" : 1.0
    }, {
      "x" : -0.059016995,
      "y" : 0.0,
      "z" : 0.4045085
    } ],
    "faces" : [ {
      "vertices" : [ 0, 1, 2 ]
    }, {
      "vertices" : [ 0, 2, 3 ]
    }, {
      "vertices" : [ 0, 3, 2 ]
    }, {
      "vertices" : [ 0, 2, 1 ]
    } ]
  }, {
    "id" : "a161f159-6c69-4b43-b979-1206bc612f8d",
    "vertices" : [ {
      "x" : -0.19098301,
      "y" : 0.309017,
      "z" : -0.11803399
    }, {
      "x" : -0.23606798,
      "y" : 0.19098301,
      "z" : 0.11803399
    }, {
      "x" : 0.19098301,
      "y" : 0.309017,
      "z" : 0.11803399
    } ],
    "faces" : [ {
      "vertices" : [ 0, 1, 2 ]
    }, {
      "vertices" : [ 0, 2, 1 ]
    } ]
  }, {
    "id" : "392686ce-6bf5-47fb-90aa-1f7b3f9aa0ff",
    "vertices" : [ {
      "x" : -0.19098301,
      "y" : -0.309017,
      "z" : -0.11803399
    }, {
      "x" : 0.19098301,
      "y" : -0.309017,
      "z" : 0.11803399
    }, {
      "x" : -0.23606798,
      "y" : -0.19098301,
      "z" : 0.11803399
    } ],
    "faces" : [ {
      "vertices" : [ 0, 1, 2 ]
    }, {
      "vertices" : [ 0, 2, 1 ]
    } ]
  }, {
    "id" : "3c587c48-70cc-4e0f-aad9-d94ee4d0b527",
    "vertices" : [ {
      "x" : 0.618034,
      "y" : 0.19098301,
      "z" : -0.11803399
    }, {
      "x" : 0.5,
      "y" : 0.0,
      "z" : -0.42705098
    }, {
      "x" : 0.8576497,
      "y" : 0.0,
      "z" : -0.563661
    }, {
      "x" : 0.9756837,
      "y" : 0.19098301,
      "z" : -0.254644
    } ],
    "faces" : [ {
      "vertices" : [ 0, 1, 2 ]
    }, {
      "vertices" : [ 0, 2, 3 ]
    }, {
      "vertices" : [ 0, 3, 2 ]
    }, {
      "vertices" : [ 0, 2, 1 ]
    } ]
  }, {
    "id" : "a5405ef2-ff81-44f8-9d7f-54be9d99d313",
    "vertices" : [ {
      "x" : 0.618034,
      "y" : -0.309017,
      "z" : 0.809017
    }, {
      "x" : 0.309017,
      "y" : -0.19098301,
      "z" : 1.0
    }, {
      "x" : -0.23606798,
      "y" : -0.19098301,
      "z" : 0.11803399
    }, {
      "x" : 0.19098301,
      "y" : -0.309017,
      "z" : 0.11803399
    } ],
    "faces" : [ {
      "vertices" : [ 0, 1, 2 ]
    }, {
      "vertices" : [ 0, 2, 3 ]
    }, {
      "vertices" : [ 0, 3, 2 ]
    }, {
      "vertices" : [ 0, 2, 1 ]
    } ]
  }, {
    "id" : "b6272ac7-dcd0-4711-9f06-046fb66e62a8",
    "vertices" : [ {
      "x" : 0.059016995,
      "y" : 0.0,
      "z" : -0.4045085
    }, {
      "x" : 0.23606798,
      "y" : -0.19098301,
      "z" : -0.11803399
    }, {
      "x" : -0.309017,
      "y" : -0.19098301,
      "z" : -1.0
    }, {
      "x" : -0.309017,
      "y" : 0.19098301,
      "z" : -1.0
    } ],
    "faces" : [ {
      "vertices" : [ 0, 1, 2 ]
    }, {
      "vertices" : [ 0, 2, 3 ]
    }, {
      "vertices" : [ 0, 3, 2 ]
    }, {
      "vertices" : [ 0, 2, 1 ]
    } ]
  }, {
    "id" : "94790bd5-71ab-474b-8598-87e7392abdcc",
    "vertices" : [ {
      "x" : 0.7034442,
      "y" : 0.0,
      "z" : 0.7562306
    }, {
      "x" : 0.809017,
      "y" : 0.0,
      "z" : 0.690983
    }, {
      "x" : 0.618034,
      "y" : 0.309017,
      "z" : 0.809017
    }, {
      "x" : 0.5854102,
      "y" : 0.19098301,
      "z" : 0.8291796
    } ],
    "faces" : [ {
      "vertices" : [ 0, 1, 2 ]
    }, {
      "vertices" : [ 0, 2, 3 ]
    }, {
      "vertices" : [ 0, 3, 2 ]
    }, {
      "vertices" : [ 0, 2, 1 ]
    } ]
  }, {
    "id" : "cf43033f-90bf-48b6-9783-f9a27a844e05",
    "vertices" : [ {
      "x" : 0.9756837,
      "y" : 0.19098301,
      "z" : -0.254644
    }, {
      "x" : 1.0,
      "y" : 0.309017,
      "z" : -0.19098301
    }, {
      "x" : 1.0,
      "y" : -0.309017,
      "z" : -0.19098301
    }, {
      "x" : 0.9756837,
      "y" : -0.19098301,
      "z" : -0.254644
    } ],
    "faces" : [ {
      "vertices" : [ 0, 1, 2 ]
    }, {
      "vertices" : [ 0, 2, 3 ]
    }, {
      "vertices" : [ 0, 3, 2 ]
    }, {
      "vertices" : [ 0, 2, 1 ]
    } ]
  }, {
    "id" : "47ed230d-e411-4db3-a9e6-7d1c8175ca69",
    "vertices" : [ {
      "x" : 0.809017,
      "y" : 0.0,
      "z" : -0.690983
    }, {
      "x" : 1.0,
      "y" : -0.309017,
      "z" : -0.19098301
    }, {
      "x" : 0.23606798,
      "y" : -0.19098301,
      "z" : -0.11803399
    }, {
      "x" : 0.059016995,
      "y" : 0.0,
      "z" : -0.4045085
    } ],
    "faces" : [ {
      "vertices" : [ 0, 1, 2 ]
    }, {
      "vertices" : [ 0, 2, 3 ]
    }, {
      "vertices" : [ 0, 3, 2 ]
    }, {
      "vertices" : [ 0, 2, 1 ]
    } ]
  }, {
    "id" : "3ba00de0-7262-419e-8791-5fffbda7f4d9",
    "vertices" : [ {
      "x" : 0.8576497,
      "y" : 0.0,
      "z" : -0.563661
    }, {
      "x" : 0.809017,
      "y" : 0.0,
      "z" : -0.690983
    }, {
      "x" : 1.0,
      "y" : 0.309017,
      "z" : -0.19098301
    }, {
      "x" : 0.9756837,
      "y" : 0.19098301,
      "z" : -0.254644
    } ],
    "faces" : [ {
      "vertices" : [ 0, 1, 2 ]
    }, {
      "vertices" : [ 0, 2, 3 ]
    }, {
      "vertices" : [ 0, 3, 2 ]
    }, {
      "vertices" : [ 0, 2, 1 ]
    } ]
  }, {
    "id" : "9b0ef253-c777-4b5c-8e4c-3aca0d6821a2",
    "vertices" : [ {
      "x" : -0.7034442,
      "y" : 0.0,
      "z" : -0.7562306
    }, {
      "x" : -0.5,
      "y" : 0.0,
      "z" : -0.42705098
    }, {
      "x" : -0.38196602,
      "y" : -0.19098301,
      "z" : -0.5
    }, {
      "x" : -0.5854102,
      "y" : -0.19098301,
      "z" : -0.8291796
    } ],
    "faces" : [ {
      "vertices" : [ 0, 1, 2 ]
    }, {
      "vertices" : [ 0, 2, 3 ]
    }, {
      "vertices" : [ 0, 3, 2 ]
    }, {
      "vertices" : [ 0, 2, 1 ]
    } ]
  }, {
    "id" : "e03ad289-c57e-48c5-8d0d-e90364673361",
    "vertices" : [ {
      "x" : -0.50532156,
      "y" : -0.2168144,
      "z" : 0.059016995
    }, {
      "x" : -0.3713229,
      "y" : 0.0,
      "z" : 0.40983006
    }, {
      "x" : -0.50532156,
      "y" : 0.2168144,
      "z" : 0.059016995
    } ],
    "faces" : [ {
      "vertices" : [ 0, 1, 2 ]
    }, {
      "vertices" : [ 0, 2, 1 ]
    } ]
  }, {
    "id" : "e0317f7b-43d0-49f7-911a-cd1da8ec26dd",
    "vertices" : [ {
      "x" : -0.9756837,
      "y" : -0.19098301,
      "z" : 0.254644
    }, {
      "x" : -1.0,
      "y" : -0.309017,
      "z" : 0.19098301
    }, {
      "x" : -0.809017,
      "y" : 0.0,
      "z" : 0.690983
    }, {
      "x" : -0.8576497,
      "y" : 0.0,
      "z" : 0.563661
    } ],
    "faces" : [ {
      "vertices" : [ 0, 1, 2 ]
    }, {
      "vertices" : [ 0, 2, 3 ]
    }, {
      "vertices" : [ 0, 3, 2 ]
    }, {
      "vertices" : [ 0, 2, 1 ]
    } ]
  }, {
    "id" : "4ce35fdc-631a-4697-8dc9-03aad93e9657",
    "vertices" : [ {
      "x" : 0.39442718,
      "y" : -0.11803399,
      "z" : 0.9472136
    }, {
      "x" : 0.309017,
      "y" : -0.19098301,
      "z" : 1.0
    }, {
      "x" : 0.618034,
      "y" : -0.309017,
      "z" : 0.809017
    }, {
      "x" : 0.5854102,
      "y" : -0.19098301,
      "z" : 0.8291796
    } ],
    "faces" : [ {
      "vertices" : [ 0, 1, 2 ]
    }, {
      "vertices" : [ 0, 2, 3 ]
    }, {
      "vertices" : [ 0, 3, 2 ]
    }, {
      "vertices" : [ 0, 2, 1 ]
    } ]
  }, {
    "id" : "20013248-93b4-45be-aea6-9dbf226ad5d4",
    "vertices" : [ {
      "x" : -0.618034,
      "y" : -0.309017,
      "z" : -0.809017
    }, {
      "x" : -0.19098301,
      "y" : -0.309017,
      "z" : -0.11803399
    }, {
      "x" : -0.4045085,
      "y" : 0.0,
      "z" : -0.036474507
    }, {
      "x" : -0.809017,
      "y" : 0.0,
      "z" : -0.690983
    } ],
    "faces" : [ {
      "vertices" : [ 0, 1, 2 ]
    }, {
      "vertices" : [ 0, 2, 3 ]
    }, {
      "vertices" : [ 0, 3, 2 ]
    }, {
      "vertices" : [ 0, 2, 1 ]
    } ]
  }, {
    "id" : "9d168acc-e539-429f-91a8-30c6c506fc17",
    "vertices" : [ {
      "x" : 0.19098301,
      "y" : 0.11803399,
      "z" : 0.618034
    }, {
      "x" : 0.16844052,
      "y" : 0.13728757,
      "z" : 0.631966
    }, {
      "x" : 0.39057648,
      "y" : 0.22213596,
      "z" : 0.49467844
    }, {
      "x" : 0.38196602,
      "y" : 0.19098301,
      "z" : 0.5
    } ],
    "faces" : [ {
      "vertices" : [ 0, 1, 2 ]
    }, {
      "vertices" : [ 0, 2, 3 ]
    }, {
      "vertices" : [ 0, 3, 2 ]
    }, {
      "vertices" : [ 0, 2, 1 ]
    } ]
  }, {
    "id" : "e66245cb-a831-4061-b7e5-d02d016570b3",
    "vertices" : [ {
      "x" : 0.809017,
      "y" : 0.0,
      "z" : 0.690983
    }, {
      "x" : 0.4045085,
      "y" : 0.0,
      "z" : 0.036474507
    }, {
      "x" : 0.19098301,
      "y" : 0.309017,
      "z" : 0.11803399
    }, {
      "x" : 0.618034,
      "y" : 0.309017,
      "z" : 0.809017
    } ],
    "faces" : [ {
      "vertices" : [ 0, 1, 2 ]
    }, {
      "vertices" : [ 0, 2, 3 ]
    }, {
      "vertices" : [ 0, 3, 2 ]
    }, {
      "vertices" : [ 0, 2, 1 ]
    } ]
  }, {
    "id" : "cef2bdcb-d762-4e47-9050-ead86a51a03f",
    "vertices" : [ {
      "x" : -0.40983006,
      "y" : 0.0,
      "z" : -0.21884705
    }, {
      "x" : -0.27254248,
      "y" : -0.22213596,
      "z" : -0.30369544
    }, {
      "x" : -0.39057648,
      "y" : -0.22213596,
      "z" : -0.49467844
    }, {
      "x" : -0.52786404,
      "y" : 0.0,
      "z" : -0.40983006
    } ],
    "faces" : [ {
      "vertices" : [ 0, 1, 2 ]
    }, {
      "vertices" : [ 0, 2, 3 ]
    }, {
      "vertices" : [ 0, 3, 2 ]
    }, {
      "vertices" : [ 0, 2, 1 ]
    } ]
  }, {
    "id" : "c4fcf930-47ed-4f8a-a96e-4f70a8188c94",
    "vertices" : [ {
      "x" : -0.27254248,
      "y" : 0.22213596,
      "z" : -0.30369544
    }, {
      "x" : -0.05040653,
      "y" : 0.13728757,
      "z" : -0.440983
    }, {
      "x" : -0.05040653,
      "y" : -0.13728757,
      "z" : -0.440983
    }, {
      "x" : -0.27254248,
      "y" : -0.22213596,
      "z" : -0.30369544
    }, {
      "x" : -0.40983006,
      "y" : 0.0,
      "z" : -0.21884705
    } ],
    "faces" : [ {
      "vertices" : [ 0, 1, 2 ]
    }, {
      "vertices" : [ 0, 2, 3 ]
    }, {
      "vertices" : [ 0, 3, 4 ]
    }, {
      "vertices" : [ 0, 4, 3 ]
    }, {
      "vertices" : [ 0, 3, 2 ]
    }, {
      "vertices" : [ 0, 2, 1 ]
    } ]
  }, {
    "id" : "83a1844d-c4fd-4211-aecd-e012fb797e40",
    "vertices" : [ {
      "x" : -0.19098301,
      "y" : 0.11803399,
      "z" : -0.618034
    }, {
      "x" : -0.16844052,
      "y" : 0.13728757,
      "z" : -0.631966
    }, {
      "x" : -0.39057648,
      "y" : 0.22213596,
      "z" : -0.49467844
    }, {
      "x" : -0.38196602,
      "y" : 0.19098301,
      "z" : -0.5
    } ],
    "faces" : [ {
      "vertices" : [ 0, 1, 2 ]
    }, {
      "vertices" : [ 0, 2, 3 ]
    }, {
      "vertices" : [ 0, 3, 2 ]
    }, {
      "vertices" : [ 0, 2, 1 ]
    } ]
  }, {
    "id" : "1d136df8-4ed0-4956-a929-11d8c6f37e5a",
    "vertices" : [ {
      "x" : 0.618034,
      "y" : -0.19098301,
      "z" : -0.11803399
    }, {
      "x" : 0.62335557,
      "y" : -0.2168144,
      "z" : -0.10410196
    }, {
      "x" : 0.62335557,
      "y" : 0.2168144,
      "z" : -0.10410196
    }, {
      "x" : 0.618034,
      "y" : 0.19098301,
      "z" : -0.11803399
    } ],
    "faces" : [ {
      "vertices" : [ 0, 1, 2 ]
    }, {
      "vertices" : [ 0, 2, 3 ]
    }, {
      "vertices" : [ 0, 3, 2 ]
    }, {
      "vertices" : [ 0, 2, 1 ]
    } ]
  }, {
    "id" : "44c67610-00d1-42d8-831a-1b3026b3f22e",
    "vertices" : [ {
      "x" : 0.618034,
      "y" : 0.19098301,
      "z" : -0.11803399
    }, {
      "x" : 0.62335557,
      "y" : 0.2168144,
      "z" : -0.10410196
    }, {
      "x" : 0.48935688,
      "y" : 0.0,
      "z" : -0.45491502
    }, {
      "x" : 0.5,
      "y" : 0.0,
      "z" : -0.42705098
    } ],
    "faces" : [ {
      "vertices" : [ 0, 1, 2 ]
    }, {
      "vertices" : [ 0, 2, 3 ]
    }, {
      "vertices" : [ 0, 3, 2 ]
    }, {
      "vertices" : [ 0, 2, 1 ]
    } ]
  }, {
    "id" : "b149ecd9-4c75-4235-890d-bec3596e9b8a",
    "vertices" : [ {
      "x" : 0.23606798,
      "y" : -0.19098301,
      "z" : -0.11803399
    }, {
      "x" : 1.0,
      "y" : -0.309017,
      "z" : -0.19098301
    }, {
      "x" : 0.19098301,
      "y" : -0.309017,
      "z" : 0.11803399
    } ],
    "faces" : [ {
      "vertices" : [ 0, 1, 2 ]
    }, {
      "vertices" : [ 0, 2, 1 ]
    } ]
  }, {
    "id" : "9b8543a2-a095-4bf0-9e03-529cc4133818",
    "vertices" : [ {
      "x" : -0.38196602,
      "y" : -0.19098301,
      "z" : -0.5
    }, {
      "x" : -0.39057648,
      "y" : -0.22213596,
      "z" : -0.49467844
    }, {
      "x" : -0.16844052,
      "y" : -0.13728757,
      "z" : -0.631966
    }, {
      "x" : -0.19098301,
      "y" : -0.11803399,
      "z" : -0.618034
    } ],
    "faces" : [ {
      "vertices" : [ 0, 1, 2 ]
    }, {
      "vertices" : [ 0, 2, 3 ]
    }, {
      "vertices" : [ 0, 3, 2 ]
    }, {
      "vertices" : [ 0, 2, 1 ]
    } ]
  }, {
    "id" : "bd4c36d5-9e39-4c21-88a1-05547c640bf5",
    "vertices" : [ {
      "x" : -0.5854102,
      "y" : -0.19098301,
      "z" : -0.8291796
    }, {
      "x" : -0.38196602,
      "y" : -0.19098301,
      "z" : -0.5
    }, {
      "x" : -0.19098301,
      "y" : -0.11803399,
      "z" : -0.618034
    }, {
      "x" : -0.39442718,
      "y" : -0.11803399,
      "z" : -0.9472136
    } ],
    "faces" : [ {
      "vertices" : [ 0, 1, 2 ]
    }, {
      "vertices" : [ 0, 2, 3 ]
    }, {
      "vertices" : [ 0, 3, 2 ]
    }, {
      "vertices" : [ 0, 2, 1 ]
    } ]
  }, {
    "id" : "47eb877b-e745-4f08-b8a1-33e2ca9f30a5",
    "vertices" : [ {
      "x" : -0.059016995,
      "y" : 0.0,
      "z" : 0.4045085
    }, {
      "x" : -0.23606798,
      "y" : 0.19098301,
      "z" : 0.11803399
    }, {
      "x" : -1.0,
      "y" : 0.309017,
      "z" : 0.19098301
    }, {
      "x" : -0.809017,
      "y" : 0.0,
      "z" : 0.690983
    } ],
    "faces" : [ {
      "vertices" : [ 0, 1, 2 ]
    }, {
      "vertices" : [ 0, 2, 3 ]
    }, {
      "vertices" : [ 0, 3, 2 ]
    }, {
      "vertices" : [ 0, 2, 1 ]
    } ]
  }, {
    "id" : "933d8a7d-51a1-4ae0-8df0-ff02d0e247d2",
    "vertices" : [ {
      "x" : 0.19098301,
      "y" : -0.11803399,
      "z" : 0.618034
    }, {
      "x" : 0.16844052,
      "y" : -0.13728757,
      "z" : 0.631966
    }, {
      "x" : 0.16844052,
      "y" : 0.13728757,
      "z" : 0.631966
    }, {
      "x" : 0.19098301,
      "y" : 0.11803399,
      "z" : 0.618034
    } ],
    "faces" : [ {
      "vertices" : [ 0, 1, 2 ]
    }, {
      "vertices" : [ 0, 2, 3 ]
    }, {
      "vertices" : [ 0, 3, 2 ]
    }, {
      "vertices" : [ 0, 2, 1 ]
    } ]
  }, {
    "id" : "a0e3488c-6528-4da0-ae30-04847fd487d5",
    "vertices" : [ {
      "x" : 0.48935688,
      "y" : 0.0,
      "z" : -0.45491502
    }, {
      "x" : 0.3713229,
      "y" : 0.0,
      "z" : -0.40983006
    }, {
      "x" : 0.50532156,
      "y" : -0.2168144,
      "z" : -0.059016995
    }, {
      "x" : 0.62335557,
      "y" : -0.2168144,
      "z" : -0.10410196
    } ],
    "faces" : [ {
      "vertices" : [ 0, 1, 2 ]
    }, {
      "vertices" : [ 0, 2, 3 ]
    }, {
      "vertices" : [ 0, 3, 2 ]
    }, {
      "vertices" : [ 0, 2, 1 ]
    } ]
  }, {
    "id" : "4269a299-e22d-41a4-b98f-4daf8ef46515",
    "vertices" : [ {
      "x" : -0.39442718,
      "y" : -0.11803399,
      "z" : -0.9472136
    }, {
      "x" : -0.19098301,
      "y" : -0.11803399,
      "z" : -0.618034
    }, {
      "x" : -0.19098301,
      "y" : 0.11803399,
      "z" : -0.618034
    }, {
      "x" : -0.39442718,
      "y" : 0.11803399,
      "z" : -0.9472136
    } ],
    "faces" : [ {
      "vertices" : [ 0, 1, 2 ]
    }, {
      "vertices" : [ 0, 2, 3 ]
    }, {
      "vertices" : [ 0, 3, 2 ]
    }, {
      "vertices" : [ 0, 2, 1 ]
    } ]
  }, {
    "id" : "b4441dfe-0d8b-4b6a-b238-30e17e7d30e2",
    "vertices" : [ {
      "x" : 0.5854102,
      "y" : 0.19098301,
      "z" : 0.8291796
    }, {
      "x" : 0.618034,
      "y" : 0.309017,
      "z" : 0.809017
    }, {
      "x" : 0.309017,
      "y" : 0.19098301,
      "z" : 1.0
    }, {
      "x" : 0.39442718,
      "y" : 0.11803399,
      "z" : 0.9472136
    } ],
    "faces" : [ {
      "vertices" : [ 0, 1, 2 ]
    }, {
      "vertices" : [ 0, 2, 3 ]
    }, {
      "vertices" : [ 0, 3, 2 ]
    }, {
      "vertices" : [ 0, 2, 1 ]
    } ]
  }, {
    "id" : "e191a912-43d9-4e44-88e6-c426ce3aacc9",
    "vertices" : [ {
      "x" : -0.618034,
      "y" : -0.19098301,
      "z" : 0.11803399
    }, {
      "x" : -0.62335557,
      "y" : -0.2168144,
      "z" : 0.10410196
    }, {
      "x" : -0.62335557,
      "y" : 0.2168144,
      "z" : 0.10410196
    }, {
      "x" : -0.618034,
      "y" : 0.19098301,
      "z" : 0.11803399
    } ],
    "faces" : [ {
      "vertices" : [ 0, 1, 2 ]
    }, {
      "vertices" : [ 0, 2, 3 ]
    }, {
      "vertices" : [ 0, 3, 2 ]
    }, {
      "vertices" : [ 0, 2, 1 ]
    } ]
  }, {
    "id" : "341afe57-b25e-4984-87d0-ea4656588306",
    "vertices" : [ {
      "x" : -0.19098301,
      "y" : -0.309017,
      "z" : -0.11803399
    }, {
      "x" : 0.23606798,
      "y" : -0.19098301,
      "z" : -0.11803399
    }, {
      "x" : 0.19098301,
      "y" : -0.309017,
      "z" : 0.11803399
    } ],
    "faces" : [ {
      "vertices" : [ 0, 1, 2 ]
    }, {
      "vertices" : [ 0, 2, 1 ]
    } ]
  }, {
    "id" : "7a8fe875-9027-40db-9129-84c9b2601cbc",
    "vertices" : [ {
      "x" : 0.618034,
      "y" : 0.309017,
      "z" : 0.809017
    }, {
      "x" : 0.19098301,
      "y" : 0.309017,
      "z" : 0.11803399
    }, {
      "x" : -0.23606798,
      "y" : 0.19098301,
      "z" : 0.11803399
    }, {
      "x" : 0.309017,
      "y" : 0.19098301,
      "z" : 1.0
    } ],
    "faces" : [ {
      "vertices" : [ 0, 1, 2 ]
    }, {
      "vertices" : [ 0, 2, 3 ]
    }, {
      "vertices" : [ 0, 3, 2 ]
    }, {
      "vertices" : [ 0, 2, 1 ]
    } ]
  }, {
    "id" : "b773faa2-0607-4cb3-a01d-dfab27ef0944",
    "vertices" : [ {
      "x" : -0.618034,
      "y" : 0.309017,
      "z" : -0.809017
    }, {
      "x" : -0.19098301,
      "y" : 0.309017,
      "z" : -0.11803399
    }, {
      "x" : 0.23606798,
      "y" : 0.19098301,
      "z" : -0.11803399
    }, {
      "x" : -0.309017,
      "y" : 0.19098301,
      "z" : -1.0
    } ],
    "faces" : [ {
      "vertices" : [ 0, 1, 2 ]
    }, {
      "vertices" : [ 0, 2, 3 ]
    }, {
      "vertices" : [ 0, 3, 2 ]
    }, {
      "vertices" : [ 0, 2, 1 ]
    } ]
  }, {
    "id" : "cb18bc48-a276-4b9a-9e72-65a3e3c3ec3f",
    "vertices" : [ {
      "x" : 0.7034442,
      "y" : 0.0,
      "z" : 0.7562306
    }, {
      "x" : 0.5,
      "y" : 0.0,
      "z" : 0.42705098
    }, {
      "x" : 0.38196602,
      "y" : -0.19098301,
      "z" : 0.5
    }, {
      "x" : 0.5854102,
      "y" : -0.19098301,
      "z" : 0.8291796
    } ],
    "faces" : [ {
      "vertices" : [ 0, 1, 2 ]
    }, {
      "vertices" : [ 0, 2, 3 ]
    }, {
      "vertices" : [ 0, 3, 2 ]
    }, {
      "vertices" : [ 0, 2, 1 ]
    } ]
  }, {
    "id" : "12f53f43-01f6-429a-8e1d-94bb0eaef850",
    "vertices" : [ {
      "x" : -0.39442718,
      "y" : 0.11803399,
      "z" : -0.9472136
    }, {
      "x" : -0.309017,
      "y" : 0.19098301,
      "z" : -1.0
    }, {
      "x" : -0.309017,
      "y" : -0.19098301,
      "z" : -1.0
    }, {
      "x" : -0.39442718,
      "y" : -0.11803399,
      "z" : -0.9472136
    } ],
    "faces" : [ {
      "vertices" : [ 0, 1, 2 ]
    }, {
      "vertices" : [ 0, 2, 3 ]
    }, {
      "vertices" : [ 0, 3, 2 ]
    }, {
      "vertices" : [ 0, 2, 1 ]
    } ]
  }, {
    "id" : "d1e985bf-06c7-4d54-aac5-93aadf172eaa",
    "vertices" : [ {
      "x" : -0.618034,
      "y" : 0.19098301,
      "z" : 0.11803399
    }, {
      "x" : -0.62335557,
      "y" : 0.2168144,
      "z" : 0.10410196
    }, {
      "x" : -0.48935688,
      "y" : 0.0,
      "z" : 0.45491502
    }, {
      "x" : -0.5,
      "y" : 0.0,
      "z" : 0.42705098
    } ],
    "faces" : [ {
      "vertices" : [ 0, 1, 2 ]
    }, {
      "vertices" : [ 0, 2, 3 ]
    }, {
      "vertices" : [ 0, 3, 2 ]
    }, {
      "vertices" : [ 0, 2, 1 ]
    } ]
  }, {
    "id" : "de7423c5-6eac-4c46-8311-e27b2041c5e6",
    "vertices" : [ {
      "x" : 0.39442718,
      "y" : 0.11803399,
      "z" : 0.9472136
    }, {
      "x" : 0.309017,
      "y" : 0.19098301,
      "z" : 1.0
    }, {
      "x" : 0.309017,
      "y" : -0.19098301,
      "z" : 1.0
    }, {
      "x" : 0.39442718,
      "y" : -0.11803399,
      "z" : 0.9472136
    } ],
    "faces" : [ {
      "vertices" : [ 0, 1, 2 ]
    }, {
      "vertices" : [ 0, 2, 3 ]
    }, {
      "vertices" : [ 0, 3, 2 ]
    }, {
      "vertices" : [ 0, 2, 1 ]
    } ]
  }, {
    "id" : "63e0799b-8cf9-4eb6-8a9b-60c3a1c3f1a1",
    "vertices" : [ {
      "x" : -0.059016995,
      "y" : 0.0,
      "z" : 0.4045085
    }, {
      "x" : 0.309017,
      "y" : 0.19098301,
      "z" : 1.0
    }, {
      "x" : -0.23606798,
      "y" : 0.19098301,
      "z" : 0.11803399
    } ],
    "faces" : [ {
      "vertices" : [ 0, 1, 2 ]
    }, {
      "vertices" : [ 0, 2, 1 ]
    } ]
  }, {
    "id" : "c6f20b15-b6ca-48d6-a662-1ff509dbc6eb",
    "vertices" : [ {
      "x" : -0.8576497,
      "y" : 0.0,
      "z" : 0.563661
    }, {
      "x" : -0.809017,
      "y" : 0.0,
      "z" : 0.690983
    }, {
      "x" : -1.0,
      "y" : 0.309017,
      "z" : 0.19098301
    }, {
      "x" : -0.9756837,
      "y" : 0.19098301,
      "z" : 0.254644
    } ],
    "faces" : [ {
      "vertices" : [ 0, 1, 2 ]
    }, {
      "vertices" : [ 0, 2, 3 ]
    }, {
      "vertices" : [ 0, 3, 2 ]
    }, {
      "vertices" : [ 0, 2, 1 ]
    } ]
  }, {
    "id" : "2aab9df7-6e23-4cd8-85d7-ee4b65850ee0",
    "vertices" : [ {
      "x" : -0.9756837,
      "y" : 0.19098301,
      "z" : 0.254644
    }, {
      "x" : -1.0,
      "y" : 0.309017,
      "z" : 0.19098301
    }, {
      "x" : -1.0,
      "y" : -0.309017,
      "z" : 0.19098301
    }, {
      "x" : -0.9756837,
      "y" : -0.19098301,
      "z" : 0.254644
    } ],
    "faces" : [ {
      "vertices" : [ 0, 1, 2 ]
    }, {
      "vertices" : [ 0, 2, 3 ]
    }, {
      "vertices" : [ 0, 3, 2 ]
    }, {
      "vertices" : [ 0, 2, 1 ]
    } ]
  }, {
    "id" : "b0b5632e-db0f-43ff-b076-2272f8255386",
    "vertices" : [ {
      "x" : -1.0,
      "y" : -0.309017,
      "z" : 0.19098301
    }, {
      "x" : -0.23606798,
      "y" : -0.19098301,
      "z" : 0.11803399
    }, {
      "x" : -0.059016995,
      "y" : 0.0,
      "z" : 0.4045085
    }, {
      "x" : -0.809017,
      "y" : 0.0,
      "z" : 0.690983
    } ],
    "faces" : [ {
      "vertices" : [ 0, 1, 2 ]
    }, {
      "vertices" : [ 0, 2, 3 ]
    }, {
      "vertices" : [ 0, 3, 2 ]
    }, {
      "vertices" : [ 0, 2, 1 ]
    } ]
  }, {
    "id" : "421c94ed-d82f-4deb-bf88-f49f7a483526",
    "vertices" : [ {
      "x" : 0.5,
      "y" : 0.0,
      "z" : -0.42705098
    }, {
      "x" : 0.618034,
      "y" : -0.19098301,
      "z" : -0.11803399
    }, {
      "x" : 0.9756837,
      "y" : -0.19098301,
      "z" : -0.254644
    }, {
      "x" : 0.8576497,
      "y" : 0.0,
      "z" : -0.563661
    } ],
    "faces" : [ {
      "vertices" : [ 0, 1, 2 ]
    }, {
      "vertices" : [ 0, 2, 3 ]
    }, {
      "vertices" : [ 0, 3, 2 ]
    }, {
      "vertices" : [ 0, 2, 1 ]
    } ]
  }, {
    "id" : "315a53f5-0f40-4616-bf7a-a0a7311d5918",
    "vertices" : [ {
      "x" : 0.50532156,
      "y" : -0.2168144,
      "z" : -0.059016995
    }, {
      "x" : 0.3713229,
      "y" : 0.0,
      "z" : -0.40983006
    }, {
      "x" : 0.50532156,
      "y" : 0.2168144,
      "z" : -0.059016995
    } ],
    "faces" : [ {
      "vertices" : [ 0, 1, 2 ]
    }, {
      "vertices" : [ 0, 2, 1 ]
    } ]
  }, {
    "id" : "caedfdbe-3804-4430-aacb-eff6e896fd05",
    "vertices" : [ {
      "x" : 0.23606798,
      "y" : -0.19098301,
      "z" : -0.11803399
    }, {
      "x" : -0.19098301,
      "y" : -0.309017,
      "z" : -0.11803399
    }, {
      "x" : -0.618034,
      "y" : -0.309017,
      "z" : -0.809017
    }, {
      "x" : -0.309017,
      "y" : -0.19098301,
      "z" : -1.0
    } ],
    "faces" : [ {
      "vertices" : [ 0, 1, 2 ]
    }, {
      "vertices" : [ 0, 2, 3 ]
    }, {
      "vertices" : [ 0, 3, 2 ]
    }, {
      "vertices" : [ 0, 2, 1 ]
    } ]
  }, {
    "id" : "b1a54506-957e-41d5-98b8-6ea8e41ba79b",
    "vertices" : [ {
      "x" : 0.39442718,
      "y" : -0.11803399,
      "z" : 0.9472136
    }, {
      "x" : 0.19098301,
      "y" : -0.11803399,
      "z" : 0.618034
    }, {
      "x" : 0.19098301,
      "y" : 0.11803399,
      "z" : 0.618034
    }, {
      "x" : 0.39442718,
      "y" : 0.11803399,
      "z" : 0.9472136
    } ],
    "faces" : [ {
      "vertices" : [ 0, 1, 2 ]
    }, {
      "vertices" : [ 0, 2, 3 ]
    }, {
      "vertices" : [ 0, 3, 2 ]
    }, {
      "vertices" : [ 0, 2, 1 ]
    } ]
  }, {
    "id" : "790a4cb1-8a5b-4a11-a902-ebf2cac96de7",
    "vertices" : [ {
      "x" : -0.05040653,
      "y" : 0.13728757,
      "z" : -0.440983
    }, {
      "x" : -0.27254248,
      "y" : 0.22213596,
      "z" : -0.30369544
    }, {
      "x" : -0.39057648,
      "y" : 0.22213596,
      "z" : -0.49467844
    }, {
      "x" : -0.16844052,
      "y" : 0.13728757,
      "z" : -0.631966
    } ],
    "faces" : [ {
      "vertices" : [ 0, 1, 2 ]
    }, {
      "vertices" : [ 0, 2, 3 ]
    }, {
      "vertices" : [ 0, 3, 2 ]
    }, {
      "vertices" : [ 0, 2, 1 ]
    } ]
  }, {
    "id" : "a0191caf-cc2d-408e-a466-8ddd41f09c9e",
    "vertices" : [ {
      "x" : -0.7034442,
      "y" : 0.0,
      "z" : -0.7562306
    }, {
      "x" : -0.809017,
      "y" : 0.0,
      "z" : -0.690983
    }, {
      "x" : -0.618034,
      "y" : 0.309017,
      "z" : -0.809017
    }, {
      "x" : -0.5854102,
      "y" : 0.19098301,
      "z" : -0.8291796
    } ],
    "faces" : [ {
      "vertices" : [ 0, 1, 2 ]
    }, {
      "vertices" : [ 0, 2, 3 ]
    }, {
      "vertices" : [ 0, 3, 2 ]
    }, {
      "vertices" : [ 0, 2, 1 ]
    } ]
  }, {
    "id" : "a1f551cf-5b78-4a21-9bc7-e5db2bf71af2",
    "vertices" : [ {
      "x" : 0.62335557,
      "y" : -0.2168144,
      "z" : -0.10410196
    }, {
      "x" : 0.50532156,
      "y" : -0.2168144,
      "z" : -0.059016995
    }, {
      "x" : 0.50532156,
      "y" : 0.2168144,
      "z" : -0.059016995
    }, {
      "x" : 0.62335557,
      "y" : 0.2168144,
      "z" : -0.10410196
    } ],
    "faces" : [ {
      "vertices" : [ 0, 1, 2 ]
    }, {
      "vertices" : [ 0, 2, 3 ]
    }, {
      "vertices" : [ 0, 3, 2 ]
    }, {
      "vertices" : [ 0, 2, 1 ]
    } ]
  }, {
    "id" : "36f21748-117e-4d15-b626-be88bc4ead72",
    "vertices" : [ {
      "x" : -0.4045085,
      "y" : 0.0,
      "z" : -0.036474507
    }, {
      "x" : -0.19098301,
      "y" : -0.309017,
      "z" : -0.11803399
    }, {
      "x" : -1.0,
      "y" : -0.309017,
      "z" : 0.19098301
    } ],
    "faces" : [ {
      "vertices" : [ 0, 1, 2 ]
    }, {
      "vertices" : [ 0, 2, 1 ]
    } ]
  }, {
    "id" : "19c40aa9-879d-44bb-8a81-a605318d0b51",
    "vertices" : [ {
      "x" : 0.618034,
      "y" : -0.19098301,
      "z" : -0.11803399
    }, {
      "x" : 0.618034,
      "y" : 0.19098301,
      "z" : -0.11803399
    }, {
      "x" : 0.9756837,
      "y" : 0.19098301,
      "z" : -0.254644
    }, {
      "x" : 0.9756837,
      "y" : -0.19098301,
      "z" : -0.254644
    } ],
    "faces" : [ {
      "vertices" : [ 0, 1, 2 ]
    }, {
      "vertices" : [ 0, 2, 3 ]
    }, {
      "vertices" : [ 0, 3, 2 ]
    }, {
      "vertices" : [ 0, 2, 1 ]
    } ]
  }, {
    "id" : "e41545a9-0722-4943-98e2-0390bc752d57",
    "vertices" : [ {
      "x" : -0.39442718,
      "y" : -0.11803399,
      "z" : -0.9472136
    }, {
      "x" : -0.309017,
      "y" : -0.19098301,
      "z" : -1.0
    }, {
      "x" : -0.618034,
      "y" : -0.309017,
      "z" : -0.809017
    }, {
      "x" : -0.5854102,
      "y" : -0.19098301,
      "z" : -0.8291796
    } ],
    "faces" : [ {
      "vertices" : [ 0, 1, 2 ]
    }, {
      "vertices" : [ 0, 2, 3 ]
    }, {
      "vertices" : [ 0, 3, 2 ]
    }, {
      "vertices" : [ 0, 2, 1 ]
    } ]
  }, {
    "id" : "b3bbe1aa-7d78-45e9-a0fb-cc6229ff8844",
    "vertices" : [ {
      "x" : -0.5854102,
      "y" : 0.19098301,
      "z" : -0.8291796
    }, {
      "x" : -0.38196602,
      "y" : 0.19098301,
      "z" : -0.5
    }, {
      "x" : -0.5,
      "y" : 0.0,
      "z" : -0.42705098
    }, {
      "x" : -0.7034442,
      "y" : 0.0,
      "z" : -0.7562306
    } ],
    "faces" : [ {
      "vertices" : [ 0, 1, 2 ]
    }, {
      "vertices" : [ 0, 2, 3 ]
    }, {
      "vertices" : [ 0, 3, 2 ]
    }, {
      "vertices" : [ 0, 2, 1 ]
    } ]
  }, {
    "id" : "8b797fac-44f5-4a76-a8b7-d0ec88120a53",
    "vertices" : [ {
      "x" : 0.5854102,
      "y" : -0.19098301,
      "z" : 0.8291796
    }, {
      "x" : 0.38196602,
      "y" : -0.19098301,
      "z" : 0.5
    }, {
      "x" : 0.19098301,
      "y" : -0.11803399,
      "z" : 0.618034
    }, {
      "x" : 0.39442718,
      "y" : -0.11803399,
      "z" : 0.9472136
    } ],
    "faces" : [ {
      "vertices" : [ 0, 1, 2 ]
    }, {
      "vertices" : [ 0, 2, 3 ]
    }, {
      "vertices" : [ 0, 3, 2 ]
    }, {
      "vertices" : [ 0, 2, 1 ]
    } ]
  }, {
