{
  "field" : "golden",
  "symmetry" : "icosahedral",
  "orientations" : [ [ 1.0, 0.0, 0.0, 0.0, 0.0, 1.0, 0.0, 0.0, 0.0, 0.0, 1.0, 0.0, 0.0, 0.0, 0.0, 1.0 ], [ 0.0, 0.0, 1.0, 0.0, 1.0, 0.0, 0.0, 0.0, 0.0, 1.0, 0.0, 0.0, 0.0, 0.0, 0.0, 1.0 ], [ 0.0, 1.0, 0.0, 0.0, 0.0, 0.0, 1.0, 0.0, 1.0, 0.0, 0.0, 0.0, 0.0, 0.0, 0.0, 1.0 ], [ 0.809017, 0.309017, 0.5, 0.0, 0.309017, 0.5, -0.809017, 0.0, -0.5, 0.809017, 0.309017, 0.0, 0.0, 0.0, 0.0, 1.0 ], [ -0.5, 0.809017, 0.309017, 0.0, 0.809017, 0.309017, 0.5, 0.0, 0.309017, 0.5, -0.809017, 0.0, 0.0, 0.0, 0.0, 1.0 ], [ 0.309017, 0.5, -0.809017, 0.0, -0.5, 0.809017, 0.309017, 0.0, 0.809017, 0.309017, 0.5, 0.0, 0.0, 0.0, 0.0, 1.0 ], [ 0.5, 0.809017, 0.309017, 0.0, 0.809017, -0.309017, -0.5, 0.0, -0.309017, 0.5, -0.809017, 0.0, 0.0, 0.0, 0.0, 1.0 ], [ -0.309017, 0.5, -0.809017, 0.0, 0.5, 0.809017, 0.309017, 0.0, 0.809017, -0.309017, -0.5, 0.0, 0.0, 0.0, 0.0, 1.0 ], [ 0.809017, -0.309017, -0.5, 0.0, -0.309017, 0.5, -0.809017, 0.0, 0.5, 0.809017, 0.309017, 0.0, 0.0, 0.0, 0.0, 1.0 ], [ 0.5, 0.809017, -0.309017, 0.0, 0.809017, -0.309017, 0.5, 0.0, 0.309017, -0.5, -0.809017, 0.0, 0.0, 0.0, 0.0, 1.0 ], [ 0.309017, -0.5, -0.809017, 0.0, 0.5, 0.809017, -0.309017, 0.0, 0.809017, -0.309017, 0.5, 0.0, 0.0, 0.0, 0.0, 1.0 ], [ 0.809017, -0.309017, 0.5, 0.0, 0.309017, -0.5, -0.809017, 0.0, 0.5, 0.809017, -0.309017, 0.0, 0.0, 0.0, 0.0, 1.0 ], [ 0.809017, 0.309017, -0.5, 0.0, 0.309017, 0.5, 0.809017, 0.0, 0.5, -0.809017, 0.309017, 0.0, 0.0, 0.0, 0.0, 1.0 ], [ 0.5, -0.809017, 0.309017, 0.0, 0.809017, 0.309017, -0.5, 0.0, 0.309017, 0.5, 0.809017, 0.0, 0.0, 0.0, 0.0, 1.0 ], [ 0.309017, 0.5, 0.809017, 0.0, 0.5, -0.809017, 0.309017, 0.0, 0.809017, 0.309017, -0.5, 0.0, 0.0, 0.0, 0.0, 1.0 ], [ 1.0, 0.0, 0.0, 0.0, 0.0, -1.0, 0.0, 0.0, 0.0, 0.0, -1.0, 0.0, 0.0, 0.0, 0.0, 1.0 ], [ 0.0, 0.0, 1.0, 0.0, -1.0, 0.0, 0.0, 0.0, 0.0, -1.0, 0.0, 0.0, 0.0, 0.0, 0.0, 1.0 ], [ 0.0, 1.0, 0.0, 0.0, 0.0, 0.0, -1.0, 0.0, -1.0, 0.0, 0.0, 0.0, 0.0, 0.0, 0.0, 1.0 ], [ 0.809017, 0.309017, 0.5, 0.0, -0.309017, -0.5, 0.809017, 0.0, 0.5, -0.809017, -0.309017, 0.0, 0.0, 0.0, 0.0, 1.0 ], [ -0.5, 0.809017, 0.309017, 0.0, -0.809017, -0.309017, -0.5, 0.0, -0.309017, -0.5, 0.809017, 0.0, 0.0, 0.0, 0.0, 1.0 ], [ 0.309017, 0.5, -0.809017, 0.0, 0.5, -0.809017, -0.309017, 0.0, -0.809017, -0.309017, -0.5, 0.0, 0.0, 0.0, 0.0, 1.0 ], [ 0.5, 0.809017, 0.309017, 0.0, -0.809017, 0.309017, 0.5, 0.0, 0.309017, -0.5, 0.809017, 0.0, 0.0, 0.0, 0.0, 1.0 ], [ -0.309017, 0.5, -0.809017, 0.0, -0.5, -0.809017, -0.309017, 0.0, -0.809017, 0.309017, 0.5, 0.0, 0.0, 0.0, 0.0, 1.0 ], [ 0.809017, -0.309017, -0.5, 0.0, 0.309017, -0.5, 0.809017, 0.0, -0.5, -0.809017, -0.309017, 0.0, 0.0, 0.0, 0.0, 1.0 ], [ 0.5, 0.809017, -0.309017, 0.0, -0.809017, 0.309017, -0.5, 0.0, -0.309017, 0.5, 0.809017, 0.0, 0.0, 0.0, 0.0, 1.0 ], [ 0.309017, -0.5, -0.809017, 0.0, -0.5, -0.809017, 0.309017, 0.0, -0.809017, 0.309017, -0.5, 0.0, 0.0, 0.0, 0.0, 1.0 ], [ 0.809017, -0.309017, 0.5, 0.0, -0.309017, 0.5, 0.809017, 0.0, -0.5, -0.809017, 0.309017, 0.0, 0.0, 0.0, 0.0, 1.0 ], [ 0.809017, 0.309017, -0.5, 0.0, -0.309017, -0.5, -0.809017, 0.0, -0.5, 0.809017, -0.309017, 0.0, 0.0, 0.0, 0.0, 1.0 ], [ 0.5, -0.809017, 0.309017, 0.0, -0.809017, -0.309017, 0.5, 0.0, -0.309017, -0.5, -0.809017, 0.0, 0.0, 0.0, 0.0, 1.0 ], [ 0.309017, 0.5, 0.809017, 0.0, -0.5, 0.809017, -0.309017, 0.0, -0.809017, -0.309017, 0.5, 0.0, 0.0, 0.0, 0.0, 1.0 ], [ -1.0, 0.0, 0.0, 0.0, 0.0, -1.0, 0.0, 0.0, 0.0, 0.0, 1.0, 0.0, 0.0, 0.0, 0.0, 1.0 ], [ 0.0, 0.0, -1.0, 0.0, -1.0, 0.0, 0.0, 0.0, 0.0, 1.0, 0.0, 0.0, 0.0, 0.0, 0.0, 1.0 ], [ 0.0, -1.0, 0.0, 0.0, 0.0, 0.0, -1.0, 0.0, 1.0, 0.0, 0.0, 0.0, 0.0, 0.0, 0.0, 1.0 ], [ -0.809017, -0.309017, -0.5, 0.0, -0.309017, -0.5, 0.809017, 0.0, -0.5, 0.809017, 0.309017, 0.0, 0.0, 0.0, 0.0, 1.0 ], [ 0.5, -0.809017, -0.309017, 0.0, -0.809017, -0.309017, -0.5, 0.0, 0.309017, 0.5, -0.809017, 0.0, 0.0, 0.0, 0.0, 1.0 ], [ -0.309017, -0.5, 0.809017, 0.0, 0.5, -0.809017, -0.309017, 0.0, 0.809017, 0.309017, 0.5, 0.0, 0.0, 0.0, 0.0, 1.0 ], [ -0.5, -0.809017, -0.309017, 0.0, -0.809017, 0.309017, 0.5, 0.0, -0.309017, 0.5, -0.809017, 0.0, 0.0, 0.0, 0.0, 1.0 ], [ 0.309017, -0.5, 0.809017, 0.0, -0.5, -0.809017, -0.309017, 0.0, 0.809017, -0.309017, -0.5, 0.0, 0.0, 0.0, 0.0, 1.0 ], [ -0.809017, 0.309017, 0.5, 0.0, 0.309017, -0.5, 0.809017, 0.0, 0.5, 0.809017, 0.309017, 0.0, 0.0, 0.0, 0.0, 1.0 ], [ -0.5, -0.809017, 0.309017, 0.0, -0.809017, 0.309017, -0.5, 0.0, 0.309017, -0.5, -0.809017, 0.0, 0.0, 0.0, 0.0, 1.0 ], [ -0.309017, 0.5, 0.809017, 0.0, -0.5, -0.809017, 0.309017, 0.0, 0.809017, -0.309017, 0.5, 0.0, 0.0, 0.0, 0.0, 1.0 ], [ -0.809017, 0.309017, -0.5, 0.0, -0.309017, 0.5, 0.809017, 0.0, 0.5, 0.809017, -0.309017, 0.0, 0.0, 0.0, 0.0, 1.0 ], [ -0.809017, -0.309017, 0.5, 0.0, -0.309017, -0.5, -0.809017, 0.0, 0.5, -0.809017, 0.309017, 0.0, 0.0, 0.0, 0.0, 1.0 ], [ -0.5, 0.809017, -0.309017, 0.0, -0.809017, -0.309017, 0.5, 0.0, 0.309017, 0.5, 0.809017, 0.0, 0.0, 0.0, 0.0, 1.0 ], [ -0.309017, -0.5, -0.809017, 0.0, -0.5, 0.809017, -0.309017, 0.0, 0.809017, 0.309017, -0.5, 0.0, 0.0, 0.0, 0.0, 1.0 ], [ -1.0, 0.0, 0.0, 0.0, 0.0, 1.0, 0.0, 0.0, 0.0, 0.0, -1.0, 0.0, 0.0, 0.0, 0.0, 1.0 ], [ 0.0, 0.0, -1.0, 0.0, 1.0, 0.0, 0.0, 0.0, 0.0, -1.0, 0.0, 0.0, 0.0, 0.0, 0.0, 1.0 ], [ 0.0, -1.0, 0.0, 0.0, 0.0, 0.0, 1.0, 0.0, -1.0, 0.0, 0.0, 0.0, 0.0, 0.0, 0.0, 1.0 ], [ -0.809017, -0.309017, -0.5, 0.0, 0.309017, 0.5, -0.809017, 0.0, 0.5, -0.809017, -0.309017, 0.0, 0.0, 0.0, 0.0, 1.0 ], [ 0.5, -0.809017, -0.309017, 0.0, 0.809017, 0.309017, 0.5, 0.0, -0.309017, -0.5, 0.809017, 0.0, 0.0, 0.0, 0.0, 1.0 ], [ -0.309017, -0.5, 0.809017, 0.0, -0.5, 0.809017, 0.309017, 0.0, -0.809017, -0.309017, -0.5, 0.0, 0.0, 0.0, 0.0, 1.0 ], [ -0.5, -0.809017, -0.309017, 0.0, 0.809017, -0.309017, -0.5, 0.0, 0.309017, -0.5, 0.809017, 0.0, 0.0, 0.0, 0.0, 1.0 ], [ 0.309017, -0.5, 0.809017, 0.0, 0.5, 0.809017, 0.309017, 0.0, -0.809017, 0.309017, 0.5, 0.0, 0.0, 0.0, 0.0, 1.0 ], [ -0.809017, 0.309017, 0.5, 0.0, -0.309017, 0.5, -0.809017, 0.0, -0.5, -0.809017, -0.309017, 0.0, 0.0, 0.0, 0.0, 1.0 ], [ -0.5, -0.809017, 0.309017, 0.0, 0.809017, -0.309017, 0.5, 0.0, -0.309017, 0.5, 0.809017, 0.0, 0.0, 0.0, 0.0, 1.0 ], [ -0.309017, 0.5, 0.809017, 0.0, 0.5, 0.809017, -0.309017, 0.0, -0.809017, 0.309017, -0.5, 0.0, 0.0, 0.0, 0.0, 1.0 ], [ -0.809017, 0.309017, -0.5, 0.0, 0.309017, -0.5, -0.809017, 0.0, -0.5, -0.809017, 0.309017, 0.0, 0.0, 0.0, 0.0, 1.0 ], [ -0.809017, -0.309017, 0.5, 0.0, 0.309017, 0.5, 0.809017, 0.0, -0.5, 0.809017, -0.309017, 0.0, 0.0, 0.0, 0.0, 1.0 ], [ -0.5, 0.809017, -0.309017, 0.0, 0.809017, 0.309017, -0.5, 0.0, -0.309017, -0.5, -0.809017, 0.0, 0.0, 0.0, 0.0, 1.0 ], [ -0.309017, -0.5, -0.809017, 0.0, 0.5, -0.809017, 0.309017, 0.0, -0.809017, -0.309017, 0.5, 0.0, 0.0, 0.0, 0.0, 1.0 ] ],
  "lights" : {
    "ambientColor" : "#292929",
    "backgroundColor" : "#AFC8DC",
    "directionalLights" : [ {
      "direction" : {
        "x" : 1.0,
        "y" : -1.0,
        "z" : -1.0
      },
      "color" : "#EBEBE4"
    }, {
      "direction" : {
        "x" : -1.0,
        "y" : 0.0,
        "z" : 0.0
      },
      "color" : "#E4E4EB"
    }, {
      "direction" : {
        "x" : 0.0,
        "y" : 0.0,
        "z" : -1.0
      },
      "color" : "#1E1E1E"
    } ]
  },
  "camera" : {
    "viewDistance" : 42.47346,
    "nearClipDistance" : 0.10618372,
    "farClipDistance" : 84.94678,
    "lookAtPoint" : {
      "x" : 0.0,
      "y" : 0.0,
      "z" : 0.0
    },
    "fieldOfView" : 0.442629,
    "perspective" : true,
    "lookDirection" : {
      "x" : 0.4365865,
      "y" : 0.677769,
      "z" : -0.591614
    },
    "upDirection" : {
      "x" : -0.8694102,
      "y" : 0.48692212,
      "z" : -0.08376218
    },
    "stereo" : false,
    "width" : 19.113064,
    "position" : {
      "x" : -18.543339,
      "y" : -28.787195,
      "z" : 25.127895
    }
  },
  "embedding" : [ 1.0, 0.0, 0.0, 0.0, 0.0, 1.0, 0.0, 0.0, 0.0, 0.0, 1.0, 0.0, 0.0, 0.0, 0.0, 1.0 ],
  "shapes" : [ {
    "id" : "83d266f5-aac4-43a1-9943-e2239abc41b1",
    "vertices" : [ {
      "x" : 0.5331856,
      "y" : 0.35206932,
      "z" : -9.986068
    }, {
      "x" : 0.19098301,
      "y" : 0.309017,
      "z" : -9.881966
    }, {
      "x" : 0.4045085,
      "y" : 0.0,
      "z" : -9.963526
    } ],
    "faces" : [ {
      "vertices" : [ 0, 1, 2 ]
    }, {
      "vertices" : [ 0, 2, 1 ]
    } ]
  }, {
    "id" : "ecae894b-e5aa-451a-b690-e2a2f4ef6595",
    "vertices" : [ {
      "x" : -0.19098301,
      "y" : -0.6008131,
      "z" : -10.118034
    }, {
      "x" : -0.19098301,
      "y" : -0.309017,
      "z" : -10.118034
    }, {
      "x" : 0.23606798,
      "y" : -0.19098301,
      "z" : -10.118034
    }, {
      "x" : 0.23606798,
      "y" : -0.66311896,
      "z" : -10.118034
    } ],
    "faces" : [ {
      "vertices" : [ 0, 1, 2 ]
    }, {
      "vertices" : [ 0, 2, 3 ]
    }, {
      "vertices" : [ 0, 3, 2 ]
    }, {
      "vertices" : [ 0, 2, 1 ]
    } ]
  }, {
    "id" : "62f7f787-d747-4522-930e-7dc0c404d6ac",
    "vertices" : [ {
      "x" : -0.19098301,
      "y" : 0.11803399,
      "z" : -0.618034
    }, {
      "x" : -0.16844052,
      "y" : 0.13728757,
      "z" : -0.631966
    }, {
      "x" : -0.39057648,
      "y" : 0.22213596,
      "z" : -0.49467844
    }, {
      "x" : -0.38196602,
      "y" : 0.19098301,
      "z" : -0.5
    } ],
    "faces" : [ {
      "vertices" : [ 0, 1, 2 ]
    }, {
      "vertices" : [ 0, 2, 3 ]
    }, {
      "vertices" : [ 0, 3, 2 ]
    }, {
      "vertices" : [ 0, 2, 1 ]
    } ]
  }, {
    "id" : "cb54cbb9-d1a0-4e61-a90e-fc9bd356f5c8",
    "vertices" : [ {
      "x" : -0.5854102,
      "y" : -0.19098301,
      "z" : -6.82918
    }, {
      "x" : -0.618034,
      "y" : -0.309017,
      "z" : -6.809017
    }, {
      "x" : -0.809017,
      "y" : 0.0,
      "z" : -6.690983
    }, {
      "x" : -0.7034442,
      "y" : 0.0,
      "z" : -6.7562304
    } ],
    "faces" : [ {
      "vertices" : [ 0, 1, 2 ]
    }, {
      "vertices" : [ 0, 2, 3 ]
    }, {
      "vertices" : [ 0, 3, 2 ]
    }, {
      "vertices" : [ 0, 2, 1 ]
    } ]
  }, {
    "id" : "d2f581cd-0b32-4a56-a61a-a79ed1b19dd1",
    "vertices" : [ {
      "x" : -0.8576497,
      "y" : 0.0,
      "z" : 0.563661
    }, {
      "x" : -0.7912785,
      "y" : 0.0,
      "z" : 0.73742306
    }, {
      "x" : -1.0088693,
      "y" : 0.35206932,
      "z" : 0.16776296
    }, {
      "x" : -0.9756837,
      "y" : 0.19098301,
      "z" : 0.254644
    } ],
    "faces" : [ {
      "vertices" : [ 0, 1, 2 ]
    }, {
      "vertices" : [ 0, 2, 3 ]
    }, {
      "vertices" : [ 0, 3, 2 ]
    }, {
      "vertices" : [ 0, 2, 1 ]
    } ]
  }, {
    "id" : "80925a7f-1ed5-4e3d-bea7-724907c70e58",
    "vertices" : [ {
      "x" : -0.9756837,
      "y" : 0.19098301,
      "z" : -5.745356
    }, {
      "x" : -1.0088693,
      "y" : 0.35206932,
      "z" : -5.8322372
    }, {
      "x" : -1.0088693,
      "y" : -0.35206932,
      "z" : -5.8322372
    }, {
      "x" : -0.9756837,
      "y" : -0.19098301,
      "z" : -5.745356
    } ],
    "faces" : [ {
      "vertices" : [ 0, 1, 2 ]
    }, {
      "vertices" : [ 0, 2, 3 ]
    }, {
      "vertices" : [ 0, 3, 2 ]
    }, {
      "vertices" : [ 0, 2, 1 ]
    } ]
  }, {
    "id" : "a532f80d-7cbb-408d-8fb0-dd41efe5db02",
    "vertices" : [ {
      "x" : 0.19098301,
      "y" : 0.8926091,
      "z" : -1.881966
    }, {
      "x" : 0.19098301,
      "y" : 0.6008131,
      "z" : -1.881966
    }, {
      "x" : 0.23606798,
      "y" : 0.66311896,
      "z" : -2.118034
    }, {
      "x" : 0.23606798,
      "y" : 0.95491505,
      "z" : -2.118034
    } ],
    "faces" : [ {
      "vertices" : [ 0, 1, 2 ]
    }, {
      "vertices" : [ 0, 2, 3 ]
    }, {
      "vertices" : [ 0, 3, 2 ]
    }, {
      "vertices" : [ 0, 2, 1 ]
    } ]
  }, {
    "id" : "059ece2c-f2de-446a-8bd6-9835bf0c7710",
    "vertices" : [ {
      "x" : -0.19098301,
      "y" : -0.6008131,
      "z" : -8.118034
    }, {
      "x" : -0.19098301,
      "y" : -0.309017,
      "z" : -8.118034
    }, {
      "x" : 0.23606798,
      "y" : -0.19098301,
      "z" : -8.118034
    }, {
      "x" : 0.23606798,
      "y" : -0.66311896,
      "z" : -8.118034
    } ],
    "faces" : [ {
      "vertices" : [ 0, 1, 2 ]
    }, {
      "vertices" : [ 0, 2, 3 ]
    }, {
      "vertices" : [ 0, 3, 2 ]
    }, {
      "vertices" : [ 0, 2, 1 ]
    } ]
  }, {
    "id" : "abb88582-ae37-43cf-81ca-3ea9347984e9",
    "vertices" : [ {
      "x" : 0.5331856,
      "y" : 0.35206932,
      "z" : -7.986068
    }, {
      "x" : 0.4045085,
      "y" : 0.0,
      "z" : -7.9635253
    }, {
      "x" : 0.5331856,
      "y" : -0.35206932,
      "z" : -7.986068
    } ],
    "faces" : [ {
      "vertices" : [ 0, 1, 2 ]
    }, {
      "vertices" : [ 0, 2, 1 ]
    } ]
  }, {
    "id" : "0b75da80-e1dc-4d65-95d7-c55114d1b1a7",
    "vertices" : [ {
      "x" : 0.8576497,
      "y" : 0.0,
      "z" : -2.563661
    }, {
      "x" : 0.7912785,
      "y" : 0.0,
      "z" : -2.7374232
    }, {
      "x" : 1.0088693,
      "y" : 0.35206932,
      "z" : -2.167763
    }, {
      "x" : 0.9756837,
      "y" : 0.19098301,
      "z" : -2.254644
    } ],
    "faces" : [ {
      "vertices" : [ 0, 1, 2 ]
    }, {
      "vertices" : [ 0, 2, 3 ]
    }, {
      "vertices" : [ 0, 3, 2 ]
    }, {
      "vertices" : [ 0, 2, 1 ]
    } ]
  }, {
    "id" : "be9b0c96-06a7-44a5-b95d-e622be540c40",
    "vertices" : [ {
      "x" : -0.19098301,
      "y" : -0.8926091,
      "z" : -2.118034
    }, {
      "x" : -0.19098301,
      "y" : -0.6008131,
      "z" : -2.118034
    }, {
      "x" : -0.23606798,
      "y" : -0.66311896,
      "z" : -3.881966
    }, {
      "x" : -0.23606798,
      "y" : -0.95491505,
      "z" : -3.881966
    } ],
    "faces" : [ {
      "vertices" : [ 0, 1, 2 ]
    }, {
      "vertices" : [ 0, 2, 3 ]
    }, {
      "vertices" : [ 0, 3, 2 ]
    }, {
      "vertices" : [ 0, 2, 1 ]
    } ]
  }, {
    "id" : "135d1651-9f9d-461a-b31b-a74374b30480",
    "vertices" : [ {
      "x" : 0.3155948,
      "y" : 0.0,
      "z" : -4.555728
    }, {
      "x" : 0.23606798,
      "y" : -0.19098301,
      "z" : -4.118034
    }, {
      "x" : 0.059016995,
      "y" : 0.0,
      "z" : -4.4045086
    } ],
    "faces" : [ {
      "vertices" : [ 0, 1, 2 ]
    }, {
      "vertices" : [ 0, 2, 1 ]
    } ]
  }, {
    "id" : "44aa075b-5283-4461-a28b-e959b11b1566",
    "vertices" : [ {
      "x" : -0.23606798,
      "y" : -0.95491505,
      "z" : -1.881966
    }, {
      "x" : -0.19098301,
      "y" : -0.8926091,
      "z" : -2.118034
    }, {
      "x" : 0.23606798,
      "y" : -0.95491505,
      "z" : -2.118034
    } ],
    "faces" : [ {
      "vertices" : [ 0, 1, 2 ]
    }, {
      "vertices" : [ 0, 2, 1 ]
    } ]
  }, {
    "id" : "2ca01474-0bab-4590-b81d-8577c3dc048b",
    "vertices" : [ {
      "x" : 0.23606798,
      "y" : 0.19098301,
      "z" : -8.118034
    }, {
      "x" : 0.5331856,
      "y" : 0.35206932,
      "z" : -7.986068
    }, {
      "x" : 0.3155948,
      "y" : 0.0,
      "z" : -8.555728
    } ],
    "faces" : [ {
      "vertices" : [ 0, 1, 2 ]
    }, {
      "vertices" : [ 0, 2, 1 ]
    } ]
  }, {
    "id" : "f52c244a-e8d7-4e34-80e9-7d435f7bac50",
    "vertices" : [ {
      "x" : 0.7034442,
      "y" : 0.0,
      "z" : -7.2437696
    }, {
      "x" : 0.5,
      "y" : 0.0,
      "z" : -7.572949
    }, {
      "x" : 0.38196602,
      "y" : -0.19098301,
      "z" : -7.5
    }, {
      "x" : 0.5854102,
      "y" : -0.19098301,
      "z" : -7.17082
    } ],
    "faces" : [ {
      "vertices" : [ 0, 1, 2 ]
    }, {
      "vertices" : [ 0, 2, 3 ]
    }, {
      "vertices" : [ 0, 3, 2 ]
    }, {
      "vertices" : [ 0, 2, 1 ]
    } ]
  }, {
    "id" : "9b91448b-2971-4883-abb1-ba7d45c7f6a1",
    "vertices" : [ {
      "x" : -0.7034442,
      "y" : 0.0,
      "z" : -8.75623
    }, {
      "x" : -0.5,
      "y" : 0.0,
      "z" : -8.427051
    }, {
      "x" : -0.38196602,
      "y" : -0.19098301,
      "z" : -8.5
    }, {
      "x" : -0.5854102,
      "y" : -0.19098301,
      "z" : -8.82918
    } ],
    "faces" : [ {
      "vertices" : [ 0, 1, 2 ]
    }, {
      "vertices" : [ 0, 2, 3 ]
    }, {
      "vertices" : [ 0, 3, 2 ]
    }, {
      "vertices" : [ 0, 2, 1 ]
    } ]
  }, {
    "id" : "3033695c-684b-4cc9-a9de-6fefa19ae32c",
    "vertices" : [ {
      "x" : 0.9756837,
      "y" : 0.19098301,
      "z" : -0.254644
    }, {
      "x" : 1.0088693,
      "y" : 0.35206932,
      "z" : -0.16776296
    }, {
      "x" : 1.0088693,
      "y" : -0.35206932,
      "z" : -0.16776296
    }, {
      "x" : 0.9756837,
      "y" : -0.19098301,
      "z" : -0.254644
    } ],
    "faces" : [ {
      "vertices" : [ 0, 1, 2 ]
    }, {
      "vertices" : [ 0, 2, 3 ]
    }, {
      "vertices" : [ 0, 3, 2 ]
    }, {
      "vertices" : [ 0, 2, 1 ]
    } ]
  }, {
    "id" : "69f6437d-f5a9-4d41-bbf4-1ed50cc28f14",
    "vertices" : [ {
      "x" : -0.5,
      "y" : 0.0,
      "z" : -5.572949
    }, {
      "x" : -0.48935688,
      "y" : 0.0,
      "z" : -5.545085
    }, {
      "x" : -0.62335557,
      "y" : -0.2168144,
      "z" : -5.895898
    }, {
      "x" : -0.618034,
      "y" : -0.19098301,
      "z" : -5.881966
    } ],
    "faces" : [ {
      "vertices" : [ 0, 1, 2 ]
    }, {
      "vertices" : [ 0, 2, 3 ]
    }, {
      "vertices" : [ 0, 3, 2 ]
    }, {
      "vertices" : [ 0, 2, 1 ]
    } ]
  }, {
    "id" : "13d5409e-4d77-412d-88eb-a57abd6251fd",
    "vertices" : [ {
      "x" : -0.618034,
      "y" : 0.19098301,
      "z" : 0.11803399
    }, {
      "x" : -0.5,
      "y" : 0.0,
      "z" : 0.42705098
    }, {
      "x" : -0.8576497,
      "y" : 0.0,
      "z" : 0.563661
    }, {
      "x" : -0.9756837,
      "y" : 0.19098301,
      "z" : 0.254644
    } ],
    "faces" : [ {
      "vertices" : [ 0, 1, 2 ]
    }, {
      "vertices" : [ 0, 2, 3 ]
    }, {
      "vertices" : [ 0, 3, 2 ]
    }, {
      "vertices" : [ 0, 2, 1 ]
    } ]
  }, {
    "id" : "6d355669-f978-46bf-88b1-e6a9fa2811fb",
    "vertices" : [ {
      "x" : 0.50532156,
      "y" : -0.2168144,
      "z" : -6.059017
    }, {
      "x" : 0.3713229,
      "y" : 0.0,
      "z" : -6.40983
    }, {
      "x" : 0.50532156,
      "y" : 0.2168144,
      "z" : -6.059017
    } ],
    "faces" : [ {
      "vertices" : [ 0, 1, 2 ]
    }, {
      "vertices" : [ 0, 2, 1 ]
    } ]
  }, {
    "id" : "663608b9-b3d5-402a-b108-882f4cf75d02",
    "vertices" : [ {
      "x" : 0.618034,
      "y" : -0.19098301,
      "z" : -4.118034
    }, {
      "x" : 0.618034,
      "y" : 0.19098301,
      "z" : -4.118034
    }, {
      "x" : 0.9756837,
      "y" : 0.19098301,
      "z" : -4.254644
    }, {
      "x" : 0.9756837,
      "y" : -0.19098301,
      "z" : -4.254644
    } ],
    "faces" : [ {
      "vertices" : [ 0, 1, 2 ]
    }, {
      "vertices" : [ 0, 2, 3 ]
    }, {
      "vertices" : [ 0, 3, 2 ]
    }, {
      "vertices" : [ 0, 2, 1 ]
    } ]
  }, {
    "id" : "4462f0c8-fa0d-41ae-a44c-97dfc4c36fad",
    "vertices" : [ {
      "x" : 0.23606798,
      "y" : 0.66311896,
      "z" : -8.118034
    }, {
      "x" : -0.19098301,
      "y" : 0.6008131,
      "z" : -8.118034
    }, {
      "x" : 0.19098301,
      "y" : 0.6008131,
      "z" : -9.881966
    } ],
    "faces" : [ {
      "vertices" : [ 0, 1, 2 ]
    }, {
      "vertices" : [ 0, 2, 1 ]
    } ]
  }, {
    "id" : "66a4cb84-24a1-4884-a423-7d14e8bc1783",
    "vertices" : [ {
      "x" : 0.39442718,
      "y" : -0.11803399,
      "z" : -1.0527864
    }, {
      "x" : 0.19098301,
      "y" : -0.11803399,
      "z" : -1.381966
    }, {
      "x" : 0.19098301,
      "y" : 0.11803399,
      "z" : -1.381966
    }, {
      "x" : 0.39442718,
      "y" : 0.11803399,
      "z" : -1.0527864
    } ],
    "faces" : [ {
      "vertices" : [ 0, 1, 2 ]
    }, {
      "vertices" : [ 0, 2, 3 ]
    }, {
      "vertices" : [ 0, 3, 2 ]
    }, {
      "vertices" : [ 0, 2, 1 ]
    } ]
  }, {
    "id" : "c24354eb-58a7-40db-b489-661c612563ce",
    "vertices" : [ {
      "x" : -0.19098301,
      "y" : 0.8926091,
      "z" : -2.118034
    }, {
      "x" : 0.19098301,
      "y" : 0.8926091,
      "z" : -3.881966
    }, {
      "x" : -0.23606798,
      "y" : 0.95491505,
      "z" : -3.881966
    } ],
    "faces" : [ {
      "vertices" : [ 0, 1, 2 ]
    }, {
      "vertices" : [ 0, 2, 1 ]
    } ]
  }, {
    "id" : "11b54bc4-e20c-4517-805c-22b351808d08",
    "vertices" : [ {
      "x" : -0.40983006,
      "y" : 0.0,
      "z" : -8.218847
    }, {
      "x" : -0.27254248,
      "y" : -0.22213596,
      "z" : -8.303696
    }, {
      "x" : -0.39057648,
      "y" : -0.22213596,
      "z" : -8.4946785
    }, {
      "x" : -0.52786404,
      "y" : 0.0,
      "z" : -8.40983
    } ],
    "faces" : [ {
      "vertices" : [ 0, 1, 2 ]
    }, {
      "vertices" : [ 0, 2, 3 ]
    }, {
      "vertices" : [ 0, 3, 2 ]
    }, {
      "vertices" : [ 0, 2, 1 ]
    } ]
  }, {
    "id" : "08a22af2-2b1a-4155-834f-5cf95b492567",
    "vertices" : [ {
      "x" : -0.62335557,
      "y" : -0.2168144,
      "z" : -9.895898
    }, {
      "x" : -0.50532156,
      "y" : -0.2168144,
      "z" : -9.940983
    }, {
      "x" : -0.50532156,
      "y" : 0.2168144,
      "z" : -9.940983
    }, {
      "x" : -0.62335557,
      "y" : 0.2168144,
      "z" : -9.895898
    } ],
    "faces" : [ {
      "vertices" : [ 0, 1, 2 ]
    }, {
      "vertices" : [ 0, 2, 3 ]
    }, {
      "vertices" : [ 0, 3, 2 ]
    }, {
      "vertices" : [ 0, 2, 1 ]
    } ]
  }, {
    "id" : "5c0b6b61-7ef2-4dd0-8453-ee3120d254ff",
    "vertices" : [ {
      "x" : 0.5,
      "y" : 0.0,
      "z" : -5.572949
    }, {
      "x" : 0.52786404,
      "y" : 0.0,
      "z" : -5.59017
    }, {
      "x" : 0.39057648,
      "y" : -0.22213596,
      "z" : -5.5053215
    }, {
      "x" : 0.38196602,
      "y" : -0.19098301,
      "z" : -5.5
    } ],
    "faces" : [ {
      "vertices" : [ 0, 1, 2 ]
    }, {
      "vertices" : [ 0, 2, 3 ]
    }, {
      "vertices" : [ 0, 3, 2 ]
    }, {
      "vertices" : [ 0, 2, 1 ]
    } ]
  }, {
    "id" : "8db68344-8154-4cdc-bb76-50ae973f4aac",
    "vertices" : [ {
      "x" : -0.19098301,
      "y" : 0.309017,
      "z" : -2.118034
    }, {
      "x" : -0.618034,
      "y" : 0.309017,
      "z" : -2.809017
    }, {
      "x" : -0.809017,
      "y" : 0.0,
      "z" : -2.690983
    }, {
      "x" : -0.4045085,
      "y" : 0.0,
      "z" : -2.0364745
    } ],
    "faces" : [ {
      "vertices" : [ 0, 1, 2 ]
    }, {
      "vertices" : [ 0, 2, 3 ]
    }, {
      "vertices" : [ 0, 3, 2 ]
    }, {
      "vertices" : [ 0, 2, 1 ]
    } ]
  }, {
    "id" : "c6258fdd-ac01-47f4-a6d1-6cc41a4b6060",
    "vertices" : [ {
      "x" : -0.5331856,
      "y" : -0.35206932,
      "z" : -6.013932
    }, {
      "x" : -0.4045085,
      "y" : 0.0,
      "z" : -6.0364747
    }, {
      "x" : -0.19098301,
      "y" : -0.309017,
      "z" : -6.118034
    } ],
    "faces" : [ {
      "vertices" : [ 0, 1, 2 ]
    }, {
      "vertices" : [ 0, 2, 1 ]
    } ]
  }, {
    "id" : "c6c87589-0f31-4a05-960f-7ea3931e9fd1",
    "vertices" : [ {
      "x" : 0.38196602,
      "y" : 0.19098301,
      "z" : 0.5
    }, {
      "x" : 0.39057648,
      "y" : 0.22213596,
      "z" : 0.49467844
    }, {
      "x" : 0.52786404,
      "y" : 0.0,
      "z" : 0.40983006
    }, {
      "x" : 0.5,
      "y" : 0.0,
      "z" : 0.42705098
    } ],
    "faces" : [ {
      "vertices" : [ 0, 1, 2 ]
    }, {
      "vertices" : [ 0, 2, 3 ]
    }, {
      "vertices" : [ 0, 3, 2 ]
    }, {
      "vertices" : [ 0, 2, 1 ]
    } ]
  }, {
    "id" : "9594eb17-0adb-4d66-a1c0-263ca71833d9",
    "vertices" : [ {
      "x" : 0.23606798,
      "y" : 0.66311896,
      "z" : -2.118034
    }, {
      "x" : 0.19098301,
      "y" : 0.6008131,
      "z" : -1.881966
    }, {
      "x" : 0.19098301,
      "y" : 0.309017,
      "z" : -1.881966
    }, {
      "x" : 0.23606798,
      "y" : 0.19098301,
      "z" : -2.118034
    } ],
    "faces" : [ {
      "vertices" : [ 0, 1, 2 ]
    }, {
      "vertices" : [ 0, 2, 3 ]
    }, {
      "vertices" : [ 0, 3, 2 ]
    }, {
      "vertices" : [ 0, 2, 1 ]
    } ]
  }, {
    "id" : "9378faf9-e552-41b8-9fba-10180ae7ce28",
    "vertices" : [ {
      "x" : -0.8576497,
      "y" : 0.0,
      "z" : -7.436339
    }, {
      "x" : -0.7912785,
      "y" : 0.0,
      "z" : -7.262577
    }, {
      "x" : -1.0088693,
      "y" : 0.35206932,
      "z" : -7.8322372
    }, {
      "x" : -0.9756837,
      "y" : 0.19098301,
      "z" : -7.745356
    } ],
    "faces" : [ {
      "vertices" : [ 0, 1, 2 ]
    }, {
      "vertices" : [ 0, 2, 3 ]
    }, {
      "vertices" : [ 0, 3, 2 ]
    }, {
      "vertices" : [ 0, 2, 1 ]
    } ]
  }, {
    "id" : "82c62cc9-5e44-4d67-bd01-f19337a4ef40",
    "vertices" : [ {
      "x" : -0.50532156,
      "y" : -0.2168144,
      "z" : 0.059016995
    }, {
      "x" : -0.3713229,
      "y" : 0.0,
      "z" : 0.40983006
    }, {
      "x" : -0.50532156,
      "y" : 0.2168144,
      "z" : 0.059016995
    } ],
    "faces" : [ {
      "vertices" : [ 0, 1, 2 ]
    }, {
      "vertices" : [ 0, 2, 1 ]
    } ]
  }, {
    "id" : "10013c42-3788-44da-a6d0-6db6cfd00a94",
    "vertices" : [ {
      "x" : -0.059016995,
      "y" : 0.0,
      "z" : -9.595491
    }, {
      "x" : 0.309017,
      "y" : 0.19098301,
      "z" : -9.0
    }, {
      "x" : -0.23606798,
      "y" : 0.19098301,
      "z" : -9.881966
    } ],
    "faces" : [ {
      "vertices" : [ 0, 1, 2 ]
    }, {
      "vertices" : [ 0, 2, 1 ]
    } ]
  }, {
    "id" : "f2601d2a-34a3-4d74-853b-6201b455c7db",
    "vertices" : [ {
      "x" : -0.7034442,
      "y" : 0.0,
      "z" : -0.7562306
    }, {
      "x" : -0.809017,
      "y" : 0.0,
      "z" : -0.690983
    }, {
      "x" : -0.618034,
      "y" : 0.309017,
      "z" : -0.809017
    }, {
      "x" : -0.5854102,
      "y" : 0.19098301,
      "z" : -0.8291796
    } ],
    "faces" : [ {
      "vertices" : [ 0, 1, 2 ]
    }, {
      "vertices" : [ 0, 2, 3 ]
    }, {
      "vertices" : [ 0, 3, 2 ]
    }, {
      "vertices" : [ 0, 2, 1 ]
    } ]
  }, {
    "id" : "4698cea4-bd05-40e0-9446-7b56c3b1b5d4",
    "vertices" : [ {
      "x" : 0.23606798,
      "y" : 0.19098301,
      "z" : -0.11803399
    }, {
      "x" : -0.19098301,
      "y" : 0.309017,
      "z" : -0.11803399
    }, {
      "x" : -0.19098301,
      "y" : 0.6008131,
      "z" : -0.11803399
    }, {
      "x" : 0.23606798,
      "y" : 0.66311896,
      "z" : -0.11803399
    } ],
    "faces" : [ {
      "vertices" : [ 0, 1, 2 ]
    }, {
      "vertices" : [ 0, 2, 3 ]
    }, {
      "vertices" : [ 0, 3, 2 ]
    }, {
      "vertices" : [ 0, 2, 1 ]
    } ]
  }, {
    "id" : "a675a73f-5ba0-4608-88ec-0fe834b750ac",
    "vertices" : [ {
      "x" : -0.23606798,
      "y" : -0.95491505,
      "z" : -9.881966
    }, {
      "x" : 0.19098301,
      "y" : -0.8926091,
      "z" : -9.881966
    }, {
      "x" : -0.19098301,
      "y" : -0.8926091,
      "z" : -8.118034
    } ],
    "faces" : [ {
      "vertices" : [ 0, 1, 2 ]
    }, {
      "vertices" : [ 0, 2, 1 ]
    } ]
  }, {
    "id" : "16de2f2f-95da-4407-8a67-6651babe8b64",
    "vertices" : [ {
      "x" : 0.618034,
      "y" : -0.309017,
      "z" : -9.190983
    }, {
      "x" : 0.309017,
      "y" : -0.19098301,
      "z" : -9.0
    }, {
      "x" : -0.23606798,
      "y" : -0.19098301,
      "z" : -9.881966
    }, {
      "x" : 0.19098301,
      "y" : -0.309017,
      "z" : -9.881966
    } ],
    "faces" : [ {
      "vertices" : [ 0, 1, 2 ]
    }, {
      "vertices" : [ 0, 2, 3 ]
    }, {
      "vertices" : [ 0, 3, 2 ]
    }, {
      "vertices" : [ 0, 2, 1 ]
    } ]
  }, {
    "id" : "910501fe-3dbf-461b-bfc2-3352b62598fc",
    "vertices" : [ {
      "x" : -0.5331856,
      "y" : -0.35206932,
      "z" : -4.013932
    }, {
      "x" : -0.23606798,
      "y" : -0.19098301,
      "z" : -3.881966
    }, {
      "x" : -0.3155948,
      "y" : 0.0,
      "z" : -3.4442718
    } ],
    "faces" : [ {
      "vertices" : [ 0, 1, 2 ]
    }, {
      "vertices" : [ 0, 2, 1 ]
    } ]
  }, {
    "id" : "f8611266-8336-4d4a-a4ae-e33e0d00232b",
    "vertices" : [ {
      "x" : 0.38196602,
      "y" : -0.19098301,
      "z" : -7.5
    }, {
      "x" : 0.39057648,
      "y" : -0.22213596,
      "z" : -7.5053215
    }, {
      "x" : 0.16844052,
      "y" : -0.13728757,
      "z" : -7.368034
    }, {
      "x" : 0.19098301,
      "y" : -0.11803399,
      "z" : -7.381966
    } ],
    "faces" : [ {
      "vertices" : [ 0, 1, 2 ]
    }, {
      "vertices" : [ 0, 2, 3 ]
    }, {
      "vertices" : [ 0, 3, 2 ]
    }, {
      "vertices" : [ 0, 2, 1 ]
    } ]
  }, {
    "id" : "e1f5a13b-5cba-4bda-a7c5-093824621c21",
    "vertices" : [ {
      "x" : 0.23606798,
      "y" : 0.66311896,
      "z" : -2.118034
    }, {
      "x" : -0.19098301,
      "y" : 0.6008131,
      "z" : -2.118034
    }, {
      "x" : 0.19098301,
      "y" : 0.6008131,
      "z" : -3.881966
    } ],
    "faces" : [ {
      "vertices" : [ 0, 1, 2 ]
    }, {
      "vertices" : [ 0, 2, 1 ]
    } ]
  }, {
    "id" : "66d2aca8-15b7-4a60-b54b-2723a5fe61cc",
    "vertices" : [ {
      "x" : -0.618034,
      "y" : -0.19098301,
      "z" : -5.881966
    }, {
      "x" : -0.618034,
      "y" : 0.19098301,
      "z" : -5.881966
    }, {
      "x" : -0.9756837,
      "y" : 0.19098301,
      "z" : -5.745356
    }, {
      "x" : -0.9756837,
      "y" : -0.19098301,
      "z" : -5.745356
    } ],
    "faces" : [ {
      "vertices" : [ 0, 1, 2 ]
    }, {
      "vertices" : [ 0, 2, 3 ]
    }, {
      "vertices" : [ 0, 3, 2 ]
    }, {
      "vertices" : [ 0, 2, 1 ]
    } ]
  }, {
    "id" : "a392f92e-4ae1-4274-b5cc-1fd22b1f8f83",
    "vertices" : [ {
      "x" : 0.19098301,
      "y" : -0.6008131,
      "z" : -3.881966
    }, {
      "x" : -0.23606798,
      "y" : -0.66311896,
      "z" : -3.881966
    }, {
      "x" : -0.19098301,
      "y" : -0.6008131,
      "z" : -2.118034
    } ],
    "faces" : [ {
      "vertices" : [ 0, 1, 2 ]
    }, {
      "vertices" : [ 0, 2, 1 ]
    } ]
  }, {
    "id" : "ca03de98-4d13-4ba8-9780-11210d077c47",
    "vertices" : [ {
      "x" : -0.50532156,
      "y" : -0.2168144,
      "z" : -9.940983
    }, {
      "x" : -0.3713229,
      "y" : 0.0,
      "z" : -9.59017
    }, {
      "x" : -0.50532156,
      "y" : 0.2168144,
      "z" : -9.940983
    } ],
    "faces" : [ {
      "vertices" : [ 0, 1, 2 ]
    }, {
      "vertices" : [ 0, 2, 1 ]
    } ]
  }, {
    "id" : "5b88888b-24bb-42ab-8e80-e9bbcd4d9dca",
    "vertices" : [ {
      "x" : -0.309017,
      "y" : 0.19098301,
      "z" : -11.0
    }, {
      "x" : 0.23606798,
      "y" : 0.19098301,
      "z" : -10.118034
    }, {
      "x" : 0.059016995,
      "y" : 0.0,
      "z" : -10.404509
    } ],
    "faces" : [ {
      "vertices" : [ 0, 1, 2 ]
    }, {
      "vertices" : [ 0, 2, 1 ]
    } ]
  }, {
    "id" : "d5120b53-22ae-4e5a-9b80-da9e238f8a81",
    "vertices" : [ {
      "x" : 0.39442718,
      "y" : -0.11803399,
      "z" : -5.0527864
    }, {
      "x" : 0.19098301,
      "y" : -0.11803399,
      "z" : -5.381966
    }, {
      "x" : 0.19098301,
      "y" : 0.11803399,
      "z" : -5.381966
    }, {
      "x" : 0.39442718,
      "y" : 0.11803399,
      "z" : -5.0527864
    } ],
    "faces" : [ {
      "vertices" : [ 0, 1, 2 ]
    }, {
      "vertices" : [ 0, 2, 3 ]
    }, {
      "vertices" : [ 0, 3, 2 ]
    }, {
      "vertices" : [ 0, 2, 1 ]
    } ]
  }, {
    "id" : "dff7c5bc-e8cf-4355-8fce-6fcdd32970e4",
    "vertices" : [ {
      "x" : 0.23606798,
      "y" : 0.66311896,
      "z" : -4.118034
    }, {
      "x" : -0.19098301,
      "y" : 0.6008131,
      "z" : -4.118034
    }, {
      "x" : 0.19098301,
      "y" : 0.6008131,
      "z" : -5.881966
    } ],
    "faces" : [ {
      "vertices" : [ 0, 1, 2 ]
    }, {
      "vertices" : [ 0, 2, 1 ]
    } ]
  }, {
    "id" : "e894f75a-6944-484c-b7a5-5ed0509b7630",
    "vertices" : [ {
      "x" : 0.39442718,
      "y" : 0.11803399,
      "z" : -7.0527864
    }, {
      "x" : 0.19098301,
      "y" : 0.11803399,
      "z" : -7.381966
    }, {
      "x" : 0.38196602,
      "y" : 0.19098301,
      "z" : -7.5
    }, {
      "x" : 0.5854102,
      "y" : 0.19098301,
      "z" : -7.17082
    } ],
    "faces" : [ {
      "vertices" : [ 0, 1, 2 ]
    }, {
      "vertices" : [ 0, 2, 3 ]
    }, {
      "vertices" : [ 0, 3, 2 ]
    }, {
      "vertices" : [ 0, 2, 1 ]
    } ]
  }, {
    "id" : "a0ee04fc-d295-468d-a031-6bb4e75bbb62",
    "vertices" : [ {
      "x" : -0.5331856,
      "y" : 0.35206932,
      "z" : -0.013932022
    }, {
      "x" : -0.19098301,
      "y" : 0.309017,
      "z" : -0.11803399
    }, {
      "x" : -0.4045085,
      "y" : 0.0,
      "z" : -0.036474507
    } ],
    "faces" : [ {
      "vertices" : [ 0, 1, 2 ]
    }, {
      "vertices" : [ 0, 2, 1 ]
    } ]
  }, {
    "id" : "de6058d6-8f9c-46d2-a652-fc1f6c1ef70d",
    "vertices" : [ {
      "x" : -0.618034,
      "y" : -0.309017,
      "z" : -4.809017
    }, {
      "x" : -0.19098301,
      "y" : -0.309017,
      "z" : -4.118034
    }, {
      "x" : -0.4045085,
      "y" : 0.0,
      "z" : -4.0364747
    }, {
      "x" : -0.809017,
      "y" : 0.0,
      "z" : -4.690983
    } ],
    "faces" : [ {
      "vertices" : [ 0, 1, 2 ]
    }, {
      "vertices" : [ 0, 2, 3 ]
    }, {
      "vertices" : [ 0, 3, 2 ]
    }, {
      "vertices" : [ 0, 2, 1 ]
    } ]
  }, {
    "id" : "007a5769-303a-442a-bf76-b0c5ff48c5c7",
    "vertices" : [ {
      "x" : 0.27254248,
      "y" : 0.22213596,
      "z" : -5.696305
    }, {
      "x" : 0.05040653,
      "y" : 0.13728757,
      "z" : -5.559017
    }, {
      "x" : 0.05040653,
      "y" : -0.13728757,
      "z" : -5.559017
    }, {
      "x" : 0.27254248,
      "y" : -0.22213596,
      "z" : -5.696305
    }, {
      "x" : 0.40983006,
      "y" : 0.0,
      "z" : -5.7811527
    } ],
    "faces" : [ {
      "vertices" : [ 0, 1, 2 ]
    }, {
      "vertices" : [ 0, 2, 3 ]
    }, {
      "vertices" : [ 0, 3, 4 ]
    }, {
      "vertices" : [ 0, 4, 3 ]
    }, {
      "vertices" : [ 0, 3, 2 ]
    }, {
      "vertices" : [ 0, 2, 1 ]
    } ]
  }, {
    "id" : "e17c2f99-7f88-48b0-b44a-7bc3a8e61842",
    "vertices" : [ {
      "x" : -0.5,
      "y" : 0.0,
      "z" : -4.427051
    }, {
      "x" : -0.52786404,
      "y" : 0.0,
      "z" : -4.40983
    }, {
      "x" : -0.39057648,
      "y" : -0.22213596,
      "z" : -4.4946785
    }, {
      "x" : -0.38196602,
      "y" : -0.19098301,
      "z" : -4.5
    } ],
    "faces" : [ {
      "vertices" : [ 0, 1, 2 ]
    }, {
      "vertices" : [ 0, 2, 3 ]
    }, {
      "vertices" : [ 0, 3, 2 ]
    }, {
      "vertices" : [ 0, 2, 1 ]
    } ]
  }, {
    "id" : "25a64de2-466a-41af-82ff-27c5b9c9cb2d",
    "vertices" : [ {
      "x" : -0.19098301,
      "y" : -0.8926091,
      "z" : -6.118034
    }, {
      "x" : 0.19098301,
      "y" : -0.8926091,
      "z" : -7.881966
    }, {
      "x" : 0.23606798,
      "y" : -0.95491505,
      "z" : -6.118034
    } ],
    "faces" : [ {
      "vertices" : [ 0, 1, 2 ]
    }, {
      "vertices" : [ 0, 2, 1 ]
    } ]
  }, {
    "id" : "254c4bca-035d-4e39-8b1e-ab01c75074bd",
    "vertices" : [ {
      "x" : -0.5854102,
      "y" : -0.19098301,
      "z" : -6.82918
    }, {
      "x" : -0.38196602,
      "y" : -0.19098301,
      "z" : -6.5
    }, {
      "x" : -0.19098301,
      "y" : -0.11803399,
      "z" : -6.618034
    }, {
      "x" : -0.39442718,
      "y" : -0.11803399,
      "z" : -6.9472136
    } ],
    "faces" : [ {
      "vertices" : [ 0, 1, 2 ]
    }, {
      "vertices" : [ 0, 2, 3 ]
    }, {
      "vertices" : [ 0, 3, 2 ]
    }, {
      "vertices" : [ 0, 2, 1 ]
    } ]
  }, {
    "id" : "718dae6c-ea17-40c4-9a5c-a743ec930e42",
    "vertices" : [ {
      "x" : 0.5,
      "y" : 0.0,
      "z" : -0.42705098
    }, {
      "x" : 0.618034,
      "y" : -0.19098301,
      "z" : -0.11803399
    }, {
      "x" : 0.9756837,
      "y" : -0.19098301,
      "z" : -0.254644
    }, {
      "x" : 0.8576497,
      "y" : 0.0,
      "z" : -0.563661
    } ],
    "faces" : [ {
      "vertices" : [ 0, 1, 2 ]
    }, {
      "vertices" : [ 0, 2, 3 ]
    }, {
      "vertices" : [ 0, 3, 2 ]
    }, {
      "vertices" : [ 0, 2, 1 ]
    } ]
  }, {
    "id" : "3e19151c-e341-4715-a7e0-44549a8c97c1",
    "vertices" : [ {
      "x" : 0.618034,
      "y" : 0.19098301,
      "z" : -6.118034
    }, {
      "x" : 0.5,
      "y" : 0.0,
      "z" : -6.427051
    }, {
      "x" : 0.8576497,
      "y" : 0.0,
      "z" : -6.563661
    }, {
      "x" : 0.9756837,
      "y" : 0.19098301,
      "z" : -6.254644
    } ],
    "faces" : [ {
      "vertices" : [ 0, 1, 2 ]
    }, {
      "vertices" : [ 0, 2, 3 ]
    }, {
      "vertices" : [ 0, 3, 2 ]
    }, {
      "vertices" : [ 0, 2, 1 ]
    } ]
  }, {
    "id" : "c917cea6-ef5d-4dd4-af46-8e144b901bcc",
    "vertices" : [ {
      "x" : -0.7912785,
      "y" : 0.0,
      "z" : -1.2625769
    }, {
      "x" : -0.3155948,
      "y" : 0.0,
      "z" : -1.4442719
    }, {
      "x" : -0.5331856,
      "y" : 0.35206932,
      "z" : -2.013932
    }, {
      "x" : -1.0088693,
      "y" : 0.35206932,
      "z" : -1.832237
    } ],
    "faces" : [ {
      "vertices" : [ 0, 1, 2 ]
    }, {
      "vertices" : [ 0, 2, 3 ]
    }, {
      "vertices" : [ 0, 3, 2 ]
    }, {
      "vertices" : [ 0, 2, 1 ]
    } ]
  }, {
    "id" : "22bf4631-2c35-44c6-a931-a1dbe365ecbe",
    "vertices" : [ {
      "x" : -0.618034,
      "y" : -0.19098301,
      "z" : -3.881966
    }, {
      "x" : -0.62335557,
      "y" : -0.2168144,
      "z" : -3.895898
    }, {
      "x" : -0.62335557,
      "y" : 0.2168144,
      "z" : -3.895898
    }, {
      "x" : -0.618034,
      "y" : 0.19098301,
      "z" : -3.881966
    } ],
    "faces" : [ {
      "vertices" : [ 0, 1, 2 ]
    }, {
      "vertices" : [ 0, 2, 3 ]
    }, {
      "vertices" : [ 0, 3, 2 ]
    }, {
      "vertices" : [ 0, 2, 1 ]
    } ]
  }, {
    "id" : "bd9513f4-4c93-43b0-b465-3e99fb8170a6",
    "vertices" : [ {
      "x" : 0.23606798,
      "y" : 0.95491505,
      "z" : -8.118034
    }, {
      "x" : -0.23606798,
      "y" : 0.95491505,
      "z" : -7.881966
    }, {
      "x" : 0.19098301,
      "y" : 0.8926091,
      "z" : -7.881966
    } ],
    "faces" : [ {
      "vertices" : [ 0, 1, 2 ]
    }, {
      "vertices" : [ 0, 2, 1 ]
    } ]
  }, {
    "id" : "281c65d1-2a4b-430a-b78b-9dafbeb68ca1",
    "vertices" : [ {
      "x" : 0.23606798,
      "y" : 0.95491505,
      "z" : -0.11803399
    }, {
      "x" : 0.23606798,
      "y" : 0.66311896,
      "z" : -0.11803399
    }, {
      "x" : 0.19098301,
      "y" : 0.6008131,
      "z" : -1.881966
    }, {
      "x" : 0.19098301,
      "y" : 0.8926091,
      "z" : -1.881966
    } ],
    "faces" : [ {
      "vertices" : [ 0, 1, 2 ]
    }, {
      "vertices" : [ 0, 2, 3 ]
    }, {
      "vertices" : [ 0, 3, 2 ]
    }, {
      "vertices" : [ 0, 2, 1 ]
    } ]
  }, {
    "id" : "cada6788-17b6-47c1-b5c5-6eb927e9fac4",
    "vertices" : [ {
      "x" : 0.19098301,
      "y" : 0.6008131,
      "z" : -3.881966
    }, {
      "x" : -0.23606798,
      "y" : 0.66311896,
      "z" : -3.881966
    }, {
      "x" : -0.23606798,
      "y" : 0.19098301,
      "z" : -3.881966
    }, {
      "x" : 0.19098301,
      "y" : 0.309017,
      "z" : -3.881966
    } ],
    "faces" : [ {
      "vertices" : [ 0, 1, 2 ]
    }, {
      "vertices" : [ 0, 2, 3 ]
    }, {
      "vertices" : [ 0, 3, 2 ]
    }, {
      "vertices" : [ 0, 2, 1 ]
    } ]
  }, {
    "id" : "5c8ec464-2f5b-4ab9-a952-d3667663ca82",
    "vertices" : [ {
      "x" : 0.19098301,
      "y" : 0.8926091,
      "z" : 0.11803399
    }, {
      "x" : 0.19098301,
      "y" : 0.6008131,
      "z" : 0.11803399
    }, {
      "x" : 0.23606798,
      "y" : 0.66311896,
      "z" : -0.11803399
    }, {
      "x" : 0.23606798,
      "y" : 0.95491505,
      "z" : -0.11803399
    } ],
    "faces" : [ {
      "vertices" : [ 0, 1, 2 ]
    }, {
      "vertices" : [ 0, 2, 3 ]
    }, {
      "vertices" : [ 0, 3, 2 ]
    }, {
      "vertices" : [ 0, 2, 1 ]
    } ]
  }, {
    "id" : "f6138257-caed-42d0-b523-a76cc93691fd",
    "vertices" : [ {
      "x" : -0.27254248,
