{
  "field" : "golden",
  "symmetry" : "icosahedral",
  "orientations" : [ [ 1.0, 0.0, 0.0, 0.0, 0.0, 1.0, 0.0, 0.0, 0.0, 0.0, 1.0, 0.0, 0.0, 0.0, 0.0, 1.0 ], [ 0.0, 0.0, 1.0, 0.0, 1.0, 0.0, 0.0, 0.0, 0.0, 1.0, 0.0, 0.0, 0.0, 0.0, 0.0, 1.0 ], [ 0.0, 1.0, 0.0, 0.0, 0.0, 0.0, 1.0, 0.0, 1.0, 0.0, 0.0, 0.0, 0.0, 0.0, 0.0, 1.0 ], [ 0.809017, 0.309017, 0.5, 0.0, 0.309017, 0.5, -0.809017, 0.0, -0.5, 0.809017, 0.309017, 0.0, 0.0, 0.0, 0.0, 1.0 ], [ -0.5, 0.809017, 0.309017, 0.0, 0.809017, 0.309017, 0.5, 0.0, 0.309017, 0.5, -0.809017, 0.0, 0.0, 0.0, 0.0, 1.0 ], [ 0.309017, 0.5, -0.809017, 0.0, -0.5, 0.809017, 0.309017, 0.0, 0.809017, 0.309017, 0.5, 0.0, 0.0, 0.0, 0.0, 1.0 ], [ 0.5, 0.809017, 0.309017, 0.0, 0.809017, -0.309017, -0.5, 0.0, -0.309017, 0.5, -0.809017, 0.0, 0.0, 0.0, 0.0, 1.0 ], [ -0.309017, 0.5, -0.809017, 0.0, 0.5, 0.809017, 0.309017, 0.0, 0.809017, -0.309017, -0.5, 0.0, 0.0, 0.0, 0.0, 1.0 ], [ 0.809017, -0.309017, -0.5, 0.0, -0.309017, 0.5, -0.809017, 0.0, 0.5, 0.809017, 0.309017, 0.0, 0.0, 0.0, 0.0, 1.0 ], [ 0.5, 0.809017, -0.309017, 0.0, 0.809017, -0.309017, 0.5, 0.0, 0.309017, -0.5, -0.809017, 0.0, 0.0, 0.0, 0.0, 1.0 ], [ 0.309017, -0.5, -0.809017, 0.0, 0.5, 0.809017, -0.309017, 0.0, 0.809017, -0.309017, 0.5, 0.0, 0.0, 0.0, 0.0, 1.0 ], [ 0.809017, -0.309017, 0.5, 0.0, 0.309017, -0.5, -0.809017, 0.0, 0.5, 0.809017, -0.309017, 0.0, 0.0, 0.0, 0.0, 1.0 ], [ 0.809017, 0.309017, -0.5, 0.0, 0.309017, 0.5, 0.809017, 0.0, 0.5, -0.809017, 0.309017, 0.0, 0.0, 0.0, 0.0, 1.0 ], [ 0.5, -0.809017, 0.309017, 0.0, 0.809017, 0.309017, -0.5, 0.0, 0.309017, 0.5, 0.809017, 0.0, 0.0, 0.0, 0.0, 1.0 ], [ 0.309017, 0.5, 0.809017, 0.0, 0.5, -0.809017, 0.309017, 0.0, 0.809017, 0.309017, -0.5, 0.0, 0.0, 0.0, 0.0, 1.0 ], [ 1.0, 0.0, 0.0, 0.0, 0.0, -1.0, 0.0, 0.0, 0.0, 0.0, -1.0, 0.0, 0.0, 0.0, 0.0, 1.0 ], [ 0.0, 0.0, 1.0, 0.0, -1.0, 0.0, 0.0, 0.0, 0.0, -1.0, 0.0, 0.0, 0.0, 0.0, 0.0, 1.0 ], [ 0.0, 1.0, 0.0, 0.0, 0.0, 0.0, -1.0, 0.0, -1.0, 0.0, 0.0, 0.0, 0.0, 0.0, 0.0, 1.0 ], [ 0.809017, 0.309017, 0.5, 0.0, -0.309017, -0.5, 0.809017, 0.0, 0.5, -0.809017, -0.309017, 0.0, 0.0, 0.0, 0.0, 1.0 ], [ -0.5, 0.809017, 0.309017, 0.0, -0.809017, -0.309017, -0.5, 0.0, -0.309017, -0.5, 0.809017, 0.0, 0.0, 0.0, 0.0, 1.0 ], [ 0.309017, 0.5, -0.809017, 0.0, 0.5, -0.809017, -0.309017, 0.0, -0.809017, -0.309017, -0.5, 0.0, 0.0, 0.0, 0.0, 1.0 ], [ 0.5, 0.809017, 0.309017, 0.0, -0.809017, 0.309017, 0.5, 0.0, 0.309017, -0.5, 0.809017, 0.0, 0.0, 0.0, 0.0, 1.0 ], [ -0.309017, 0.5, -0.809017, 0.0, -0.5, -0.809017, -0.309017, 0.0, -0.809017, 0.309017, 0.5, 0.0, 0.0, 0.0, 0.0, 1.0 ], [ 0.809017, -0.309017, -0.5, 0.0, 0.309017, -0.5, 0.809017, 0.0, -0.5, -0.809017, -0.309017, 0.0, 0.0, 0.0, 0.0, 1.0 ], [ 0.5, 0.809017, -0.309017, 0.0, -0.809017, 0.309017, -0.5, 0.0, -0.309017, 0.5, 0.809017, 0.0, 0.0, 0.0, 0.0, 1.0 ], [ 0.309017, -0.5, -0.809017, 0.0, -0.5, -0.809017, 0.309017, 0.0, -0.809017, 0.309017, -0.5, 0.0, 0.0, 0.0, 0.0, 1.0 ], [ 0.809017, -0.309017, 0.5, 0.0, -0.309017, 0.5, 0.809017, 0.0, -0.5, -0.809017, 0.309017, 0.0, 0.0, 0.0, 0.0, 1.0 ], [ 0.809017, 0.309017, -0.5, 0.0, -0.309017, -0.5, -0.809017, 0.0, -0.5, 0.809017, -0.309017, 0.0, 0.0, 0.0, 0.0, 1.0 ], [ 0.5, -0.809017, 0.309017, 0.0, -0.809017, -0.309017, 0.5, 0.0, -0.309017, -0.5, -0.809017, 0.0, 0.0, 0.0, 0.0, 1.0 ], [ 0.309017, 0.5, 0.809017, 0.0, -0.5, 0.809017, -0.309017, 0.0, -0.809017, -0.309017, 0.5, 0.0, 0.0, 0.0, 0.0, 1.0 ], [ -1.0, 0.0, 0.0, 0.0, 0.0, -1.0, 0.0, 0.0, 0.0, 0.0, 1.0, 0.0, 0.0, 0.0, 0.0, 1.0 ], [ 0.0, 0.0, -1.0, 0.0, -1.0, 0.0, 0.0, 0.0, 0.0, 1.0, 0.0, 0.0, 0.0, 0.0, 0.0, 1.0 ], [ 0.0, -1.0, 0.0, 0.0, 0.0, 0.0, -1.0, 0.0, 1.0, 0.0, 0.0, 0.0, 0.0, 0.0, 0.0, 1.0 ], [ -0.809017, -0.309017, -0.5, 0.0, -0.309017, -0.5, 0.809017, 0.0, -0.5, 0.809017, 0.309017, 0.0, 0.0, 0.0, 0.0, 1.0 ], [ 0.5, -0.809017, -0.309017, 0.0, -0.809017, -0.309017, -0.5, 0.0, 0.309017, 0.5, -0.809017, 0.0, 0.0, 0.0, 0.0, 1.0 ], [ -0.309017, -0.5, 0.809017, 0.0, 0.5, -0.809017, -0.309017, 0.0, 0.809017, 0.309017, 0.5, 0.0, 0.0, 0.0, 0.0, 1.0 ], [ -0.5, -0.809017, -0.309017, 0.0, -0.809017, 0.309017, 0.5, 0.0, -0.309017, 0.5, -0.809017, 0.0, 0.0, 0.0, 0.0, 1.0 ], [ 0.309017, -0.5, 0.809017, 0.0, -0.5, -0.809017, -0.309017, 0.0, 0.809017, -0.309017, -0.5, 0.0, 0.0, 0.0, 0.0, 1.0 ], [ -0.809017, 0.309017, 0.5, 0.0, 0.309017, -0.5, 0.809017, 0.0, 0.5, 0.809017, 0.309017, 0.0, 0.0, 0.0, 0.0, 1.0 ], [ -0.5, -0.809017, 0.309017, 0.0, -0.809017, 0.309017, -0.5, 0.0, 0.309017, -0.5, -0.809017, 0.0, 0.0, 0.0, 0.0, 1.0 ], [ -0.309017, 0.5, 0.809017, 0.0, -0.5, -0.809017, 0.309017, 0.0, 0.809017, -0.309017, 0.5, 0.0, 0.0, 0.0, 0.0, 1.0 ], [ -0.809017, 0.309017, -0.5, 0.0, -0.309017, 0.5, 0.809017, 0.0, 0.5, 0.809017, -0.309017, 0.0, 0.0, 0.0, 0.0, 1.0 ], [ -0.809017, -0.309017, 0.5, 0.0, -0.309017, -0.5, -0.809017, 0.0, 0.5, -0.809017, 0.309017, 0.0, 0.0, 0.0, 0.0, 1.0 ], [ -0.5, 0.809017, -0.309017, 0.0, -0.809017, -0.309017, 0.5, 0.0, 0.309017, 0.5, 0.809017, 0.0, 0.0, 0.0, 0.0, 1.0 ], [ -0.309017, -0.5, -0.809017, 0.0, -0.5, 0.809017, -0.309017, 0.0, 0.809017, 0.309017, -0.5, 0.0, 0.0, 0.0, 0.0, 1.0 ], [ -1.0, 0.0, 0.0, 0.0, 0.0, 1.0, 0.0, 0.0, 0.0, 0.0, -1.0, 0.0, 0.0, 0.0, 0.0, 1.0 ], [ 0.0, 0.0, -1.0, 0.0, 1.0, 0.0, 0.0, 0.0, 0.0, -1.0, 0.0, 0.0, 0.0, 0.0, 0.0, 1.0 ], [ 0.0, -1.0, 0.0, 0.0, 0.0, 0.0, 1.0, 0.0, -1.0, 0.0, 0.0, 0.0, 0.0, 0.0, 0.0, 1.0 ], [ -0.809017, -0.309017, -0.5, 0.0, 0.309017, 0.5, -0.809017, 0.0, 0.5, -0.809017, -0.309017, 0.0, 0.0, 0.0, 0.0, 1.0 ], [ 0.5, -0.809017, -0.309017, 0.0, 0.809017, 0.309017, 0.5, 0.0, -0.309017, -0.5, 0.809017, 0.0, 0.0, 0.0, 0.0, 1.0 ], [ -0.309017, -0.5, 0.809017, 0.0, -0.5, 0.809017, 0.309017, 0.0, -0.809017, -0.309017, -0.5, 0.0, 0.0, 0.0, 0.0, 1.0 ], [ -0.5, -0.809017, -0.309017, 0.0, 0.809017, -0.309017, -0.5, 0.0, 0.309017, -0.5, 0.809017, 0.0, 0.0, 0.0, 0.0, 1.0 ], [ 0.309017, -0.5, 0.809017, 0.0, 0.5, 0.809017, 0.309017, 0.0, -0.809017, 0.309017, 0.5, 0.0, 0.0, 0.0, 0.0, 1.0 ], [ -0.809017, 0.309017, 0.5, 0.0, -0.309017, 0.5, -0.809017, 0.0, -0.5, -0.809017, -0.309017, 0.0, 0.0, 0.0, 0.0, 1.0 ], [ -0.5, -0.809017, 0.309017, 0.0, 0.809017, -0.309017, 0.5, 0.0, -0.309017, 0.5, 0.809017, 0.0, 0.0, 0.0, 0.0, 1.0 ], [ -0.309017, 0.5, 0.809017, 0.0, 0.5, 0.809017, -0.309017, 0.0, -0.809017, 0.309017, -0.5, 0.0, 0.0, 0.0, 0.0, 1.0 ], [ -0.809017, 0.309017, -0.5, 0.0, 0.309017, -0.5, -0.809017, 0.0, -0.5, -0.809017, 0.309017, 0.0, 0.0, 0.0, 0.0, 1.0 ], [ -0.809017, -0.309017, 0.5, 0.0, 0.309017, 0.5, 0.809017, 0.0, -0.5, 0.809017, -0.309017, 0.0, 0.0, 0.0, 0.0, 1.0 ], [ -0.5, 0.809017, -0.309017, 0.0, 0.809017, 0.309017, -0.5, 0.0, -0.309017, -0.5, -0.809017, 0.0, 0.0, 0.0, 0.0, 1.0 ], [ -0.309017, -0.5, -0.809017, 0.0, 0.5, -0.809017, 0.309017, 0.0, -0.809017, -0.309017, 0.5, 0.0, 0.0, 0.0, 0.0, 1.0 ] ],
  "lights" : {
    "ambientColor" : "#292929",
    "backgroundColor" : "#AFC8DC",
    "directionalLights" : [ {
      "direction" : {
        "x" : 1.0,
        "y" : -1.0,
        "z" : -1.0
      },
      "color" : "#EBEBE4"
    }, {
      "direction" : {
        "x" : -1.0,
        "y" : 0.0,
        "z" : 0.0
      },
      "color" : "#E4E4EB"
    }, {
      "direction" : {
        "x" : 0.0,
        "y" : 0.0,
        "z" : -1.0
      },
      "color" : "#1E1E1E"
    } ]
  },
  "camera" : {
    "stereo" : false,
    "width" : 228.23412,
    "perspective" : true,
    "viewDistance" : 507.18683,
    "nearClipDistance" : 1.2679675,
    "farClipDistance" : 1014.3734,
    "lookAtPoint" : {
      "x" : 0.0,
      "y" : 0.0,
      "z" : 0.0
    },
    "fieldOfView" : 0.44262895,
    "lookDirection" : {
      "x" : 0.0,
      "y" : 0.0,
      "z" : -1.0
    },
    "upDirection" : {
      "x" : 0.0,
      "y" : 1.0,
      "z" : 0.0
    },
    "position" : {
      "x" : 0.0,
      "y" : 0.0,
      "z" : 507.18683
    }
  },
  "embedding" : [ 1.0, 0.0, 0.0, 0.0, 0.0, 1.0, 0.0, 0.0, 0.0, 0.0, 1.0, 0.0, 0.0, 0.0, 0.0, 1.0 ],
  "shapes" : [ {
    "id" : "99f21f54-567a-4621-8d24-1a0eab47a720",
    "vertices" : [ {
      "x" : 0.809017,
      "y" : 0.0,
      "z" : -0.690983
    }, {
      "x" : 1.0,
      "y" : 0.309017,
      "z" : -0.19098301
    }, {
      "x" : 2.618034,
      "y" : 0.309017,
      "z" : -0.809017
    }, {
      "x" : 2.427051,
      "y" : 0.0,
      "z" : -1.309017
    }, {
      "x" : 5.854102,
      "y" : 0.309017,
      "z" : -2.427051
    }, {
      "x" : 1.0,
      "y" : -0.309017,
      "z" : -0.19098301
    }, {
      "x" : 2.618034,
      "y" : -0.309017,
      "z" : -0.809017
    }, {
      "x" : 4.236068,
      "y" : 0.309017,
      "z" : -1.809017
    }, {
      "x" : 4.427051,
      "y" : 0.0,
      "z" : -1.309017
    }, {
      "x" : 6.854102,
      "y" : 0.0,
      "z" : -2.618034
    }, {
      "x" : 4.236068,
      "y" : -0.309017,
      "z" : -1.809017
    }, {
      "x" : 6.045085,
      "y" : 0.0,
      "z" : -1.927051
    }, {
      "x" : 5.854102,
      "y" : -0.309017,
      "z" : -2.427051
    } ],
    "faces" : [ {
      "vertices" : [ 2, 6, 8 ]
    }, {
      "vertices" : [ 4, 12, 10 ]
    }, {
      "vertices" : [ 4, 10, 7 ]
    }, {
      "vertices" : [ 2, 8, 7 ]
    }, {
      "vertices" : [ 3, 10, 6 ]
    }, {
      "vertices" : [ 3, 7, 10 ]
    }, {
      "vertices" : [ 0, 1, 2 ]
    }, {
      "vertices" : [ 0, 2, 3 ]
    }, {
      "vertices" : [ 6, 10, 8 ]
    }, {
      "vertices" : [ 8, 10, 12 ]
    }, {
      "vertices" : [ 8, 12, 11 ]
    }, {
      "vertices" : [ 2, 7, 3 ]
    }, {
      "vertices" : [ 0, 3, 6 ]
    }, {
      "vertices" : [ 0, 6, 5 ]
    }, {
      "vertices" : [ 1, 5, 6 ]
    }, {
      "vertices" : [ 1, 6, 2 ]
    }, {
      "vertices" : [ 4, 7, 8 ]
    }, {
      "vertices" : [ 4, 8, 11 ]
    } ]
  }, {
    "id" : "1dca6a28-704c-4f2e-959a-731e89b53bdf",
    "vertices" : [ {
      "x" : 0.309017,
      "y" : -0.809017,
      "z" : 0.618034
    }, {
      "x" : 0.809017,
      "y" : -0.618034,
      "z" : 0.309017
    }, {
      "x" : 0.618034,
      "y" : -0.309017,
      "z" : 0.809017
    }, {
      "x" : 1.0,
      "y" : 0.309017,
      "z" : 0.19098301
    }, {
      "x" : 0.809017,
      "y" : 0.618034,
      "z" : 0.309017
    }, {
      "x" : 0.618034,
      "y" : 0.309017,
      "z" : 0.809017
    }, {
      "x" : 0.809017,
      "y" : 0.0,
      "z" : 0.690983
    }, {
      "x" : 0.19098301,
      "y" : -1.0,
      "z" : 0.309017
    }, {
      "x" : -0.19098301,
      "y" : -1.0,
      "z" : 0.309017
    }, {
      "x" : -0.19098301,
      "y" : -1.0,
      "z" : -0.309017
    }, {
      "x" : 0.19098301,
      "y" : -1.0,
      "z" : -0.309017
    }, {
      "x" : 1.0,
      "y" : -0.309017,
      "z" : -0.19098301
    }, {
      "x" : 0.809017,
      "y" : -0.618034,
      "z" : -0.309017
    }, {
      "x" : 0.618034,
      "y" : -0.309017,
      "z" : -0.809017
    }, {
      "x" : 0.809017,
      "y" : 0.0,
      "z" : -0.690983
    }, {
      "x" : 0.0,
      "y" : 0.690983,
      "z" : -0.809017
    }, {
      "x" : 0.309017,
      "y" : 0.809017,
      "z" : -0.618034
    }, {
      "x" : 0.618034,
      "y" : 0.309017,
      "z" : -0.809017
    }, {
      "x" : 0.309017,
      "y" : 0.19098301,
      "z" : -1.0
    }, {
      "x" : 1.0,
      "y" : 0.309017,
      "z" : -0.19098301
    }, {
      "x" : -0.309017,
      "y" : -0.809017,
      "z" : 0.618034
    }, {
      "x" : 0.0,
      "y" : -0.690983,
      "z" : 0.809017
    }, {
      "x" : 0.809017,
      "y" : 0.618034,
      "z" : -0.309017
    }, {
      "x" : 0.690983,
      "y" : 0.809017,
      "z" : 0.0
    }, {
      "x" : -0.690983,
      "y" : 0.809017,
      "z" : 0.0
    }, {
      "x" : -0.809017,
      "y" : 0.618034,
      "z" : 0.309017
    }, {
      "x" : -0.309017,
      "y" : 0.809017,
      "z" : 0.618034
    }, {
      "x" : -0.19098301,
      "y" : 1.0,
      "z" : 0.309017
    }, {
      "x" : 0.309017,
      "y" : -0.19098301,
      "z" : -1.0
    }, {
      "x" : 0.19098301,
      "y" : 1.0,
      "z" : 0.309017
    }, {
      "x" : 0.309017,
      "y" : 0.809017,
      "z" : 0.618034
    }, {
      "x" : -0.809017,
      "y" : -0.618034,
      "z" : 0.309017
    }, {
      "x" : -0.690983,
      "y" : -0.809017,
      "z" : 0.0
    }, {
      "x" : 0.0,
      "y" : 0.690983,
      "z" : 0.809017
    }, {
      "x" : 0.309017,
      "y" : -0.809017,
      "z" : -0.618034
    }, {
      "x" : 0.0,
      "y" : -0.690983,
      "z" : -0.809017
    }, {
      "x" : -1.0,
      "y" : 0.309017,
      "z" : 0.19098301
    }, {
      "x" : -0.809017,
      "y" : 0.0,
      "z" : 0.690983
    }, {
      "x" : -0.618034,
      "y" : 0.309017,
      "z" : 0.809017
    }, {
      "x" : 1.0,
      "y" : -0.309017,
      "z" : 0.19098301
    }, {
      "x" : -0.309017,
      "y" : -0.809017,
      "z" : -0.618034
    }, {
      "x" : -1.0,
      "y" : 0.309017,
      "z" : -0.19098301
    }, {
      "x" : -1.0,
      "y" : -0.309017,
      "z" : -0.19098301
    }, {
      "x" : -1.0,
      "y" : -0.309017,
      "z" : 0.19098301
    }, {
      "x" : 0.19098301,
      "y" : 1.0,
      "z" : -0.309017
    }, {
      "x" : -0.809017,
      "y" : 0.618034,
      "z" : -0.309017
    }, {
      "x" : -0.19098301,
      "y" : 1.0,
      "z" : -0.309017
    }, {
      "x" : -0.309017,
      "y" : 0.809017,
      "z" : -0.618034
    }, {
      "x" : -0.618034,
      "y" : -0.309017,
      "z" : 0.809017
    }, {
      "x" : 0.309017,
      "y" : 0.19098301,
      "z" : 1.0
    }, {
      "x" : -0.309017,
      "y" : 0.19098301,
      "z" : -1.0
    }, {
      "x" : -0.309017,
      "y" : 0.19098301,
      "z" : 1.0
    }, {
      "x" : -0.309017,
      "y" : -0.19098301,
      "z" : 1.0
    }, {
      "x" : 0.309017,
      "y" : -0.19098301,
      "z" : 1.0
    }, {
      "x" : 0.690983,
      "y" : -0.809017,
      "z" : 0.0
    }, {
      "x" : -0.809017,
      "y" : 0.0,
      "z" : -0.690983
    }, {
      "x" : -0.618034,
      "y" : -0.309017,
      "z" : -0.809017
    }, {
      "x" : -0.309017,
      "y" : -0.19098301,
      "z" : -1.0
    }, {
      "x" : -0.618034,
      "y" : 0.309017,
      "z" : -0.809017
    }, {
      "x" : -0.809017,
      "y" : -0.618034,
      "z" : -0.309017
    } ],
    "faces" : [ {
      "vertices" : [ 9, 40, 35 ]
    }, {
      "vertices" : [ 9, 35, 34 ]
    }, {
      "vertices" : [ 9, 34, 10 ]
    }, {
      "vertices" : [ 0, 1, 2 ]
    }, {
      "vertices" : [ 33, 51, 49 ]
    }, {
      "vertices" : [ 25, 36, 37 ]
    }, {
      "vertices" : [ 25, 37, 38 ]
    }, {
      "vertices" : [ 41, 55, 42 ]
    }, {
      "vertices" : [ 9, 32, 59 ]
    }, {
      "vertices" : [ 9, 59, 40 ]
    }, {
      "vertices" : [ 20, 21, 52 ]
    }, {
      "vertices" : [ 20, 52, 48 ]
    }, {
      "vertices" : [ 26, 33, 30 ]
    }, {
      "vertices" : [ 26, 30, 29 ]
    }, {
      "vertices" : [ 26, 29, 27 ]
    }, {
      "vertices" : [ 3, 4, 5 ]
    }, {
      "vertices" : [ 3, 5, 6 ]
    }, {
      "vertices" : [ 27, 29, 44 ]
    }, {
      "vertices" : [ 27, 44, 46 ]
    }, {
      "vertices" : [ 50, 57, 56 ]
    }, {
      "vertices" : [ 50, 56, 55 ]
    }, {
      "vertices" : [ 50, 55, 58 ]
    }, {
      "vertices" : [ 26, 38, 51 ]
    }, {
      "vertices" : [ 26, 51, 33 ]
    }, {
      "vertices" : [ 45, 47, 58 ]
    }, {
      "vertices" : [ 18, 28, 57 ]
    }, {
      "vertices" : [ 18, 57, 50 ]
    }, {
      "vertices" : [ 40, 59, 56 ]
    }, {
      "vertices" : [ 31, 48, 37 ]
    }, {
      "vertices" : [ 31, 37, 43 ]
    }, {
      "vertices" : [ 7, 8, 9 ]
    }, {
      "vertices" : [ 7, 9, 10 ]
    }, {
      "vertices" : [ 36, 41, 42 ]
    }, {
      "vertices" : [ 36, 42, 43 ]
    }, {
      "vertices" : [ 24, 46, 47 ]
    }, {
      "vertices" : [ 24, 47, 45 ]
    }, {
      "vertices" : [ 4, 30, 5 ]
    }, {
      "vertices" : [ 15, 47, 46 ]
    }, {
      "vertices" : [ 15, 46, 44 ]
    }, {
      "vertices" : [ 15, 44, 16 ]
    }, {
      "vertices" : [ 15, 50, 58 ]
    }, {
      "vertices" : [ 15, 58, 47 ]
    }, {
      "vertices" : [ 24, 45, 41 ]
    }, {
      "vertices" : [ 24, 41, 36 ]
    }, {
      "vertices" : [ 24, 36, 25 ]
    }, {
      "vertices" : [ 11, 14, 19 ]
    }, {
      "vertices" : [ 3, 6, 39 ]
    }, {
      "vertices" : [ 1, 39, 6 ]
    }, {
      "vertices" : [ 1, 6, 2 ]
    }, {
      "vertices" : [ 8, 32, 9 ]
    }, {
      "vertices" : [ 11, 12, 13 ]
    }, {
      "vertices" : [ 11, 13, 14 ]
    }, {
      "vertices" : [ 16, 22, 17 ]
    }, {
      "vertices" : [ 0, 21, 20 ]
    }, {
      "vertices" : [ 0, 20, 8 ]
    }, {
      "vertices" : [ 0, 8, 7 ]
    }, {
      "vertices" : [ 12, 34, 13 ]
    }, {
      "vertices" : [ 35, 40, 56 ]
    }, {
      "vertices" : [ 35, 56, 57 ]
    }, {
      "vertices" : [ 0, 7, 54 ]
    }, {
      "vertices" : [ 0, 54, 1 ]
    }, {
      "vertices" : [ 15, 16, 17 ]
    }, {
      "vertices" : [ 15, 17, 18 ]
    }, {
      "vertices" : [ 3, 19, 22 ]
    }, {
      "vertices" : [ 3, 22, 23 ]
    }, {
      "vertices" : [ 3, 23, 4 ]
    }, {
      "vertices" : [ 7, 10, 54 ]
    }, {
      "vertices" : [ 41, 45, 58 ]
    }, {
      "vertices" : [ 41, 58, 55 ]
    }, {
      "vertices" : [ 3, 39, 11 ]
    }, {
      "vertices" : [ 3, 11, 19 ]
    }, {
      "vertices" : [ 14, 17, 22 ]
    }, {
      "vertices" : [ 14, 22, 19 ]
    }, {
      "vertices" : [ 0, 2, 53 ]
    }, {
      "vertices" : [ 0, 53, 21 ]
    }, {
      "vertices" : [ 49, 51, 52 ]
    }, {
      "vertices" : [ 49, 52, 53 ]
    }, {
      "vertices" : [ 31, 43, 42 ]
    }, {
      "vertices" : [ 31, 42, 59 ]
    }, {
      "vertices" : [ 31, 59, 32 ]
    }, {
      "vertices" : [ 15, 18, 50 ]
    }, {
      "vertices" : [ 42, 55, 56 ]
    }, {
      "vertices" : [ 42, 56, 59 ]
    }, {
      "vertices" : [ 4, 23, 29 ]
    }, {
      "vertices" : [ 4, 29, 30 ]
    }, {
      "vertices" : [ 25, 38, 26 ]
    }, {
      "vertices" : [ 13, 28, 18 ]
    }, {
      "vertices" : [ 13, 18, 17 ]
    }, {
      "vertices" : [ 13, 17, 14 ]
    }, {
      "vertices" : [ 8, 20, 31 ]
    }, {
      "vertices" : [ 8, 31, 32 ]
    }, {
      "vertices" : [ 23, 44, 29 ]
    }, {
      "vertices" : [ 24, 27, 46 ]
    }, {
      "vertices" : [ 37, 48, 52 ]
    }, {
      "vertices" : [ 37, 52, 51 ]
    }, {
      "vertices" : [ 37, 51, 38 ]
    }, {
      "vertices" : [ 20, 48, 31 ]
    }, {
      "vertices" : [ 24, 25, 26 ]
    }, {
      "vertices" : [ 24, 26, 27 ]
    }, {
      "vertices" : [ 16, 44, 23 ]
    }, {
      "vertices" : [ 16, 23, 22 ]
    }, {
      "vertices" : [ 13, 34, 35 ]
    }, {
      "vertices" : [ 13, 35, 28 ]
    }, {
      "vertices" : [ 10, 34, 12 ]
    }, {
      "vertices" : [ 10, 12, 54 ]
    }, {
      "vertices" : [ 2, 6, 5 ]
    }, {
      "vertices" : [ 2, 5, 49 ]
    }, {
      "vertices" : [ 2, 49, 53 ]
    }, {
      "vertices" : [ 36, 43, 37 ]
    }, {
      "vertices" : [ 5, 30, 33 ]
    }, {
      "vertices" : [ 5, 33, 49 ]
    }, {
      "vertices" : [ 1, 54, 12 ]
    }, {
      "vertices" : [ 1, 12, 11 ]
    }, {
      "vertices" : [ 1, 11, 39 ]
    }, {
      "vertices" : [ 28, 35, 57 ]
    }, {
      "vertices" : [ 21, 53, 52 ]
    } ]
  }, {
    "id" : "5723b809-cf4a-42fa-b26e-9d9fd398751e",
    "vertices" : [ {
      "x" : 7.472136,
      "y" : 0.309017,
      "z" : 0.19098301
    }, {
      "x" : 7.472136,
      "y" : 0.309017,
      "z" : -0.19098301
    }, {
      "x" : 1.0,
      "y" : 0.309017,
      "z" : -0.19098301
    }, {
      "x" : 1.0,
      "y" : 0.309017,
      "z" : 0.19098301
    }, {
      "x" : 7.472136,
      "y" : -0.309017,
      "z" : 0.19098301
    }, {
      "x" : 1.0,
      "y" : -0.309017,
      "z" : 0.19098301
    }, {
      "x" : 1.0,
      "y" : -0.309017,
      "z" : -0.19098301
    }, {
      "x" : 7.472136,
      "y" : -0.309017,
      "z" : -0.19098301
    }, {
      "x" : 8.472136,
      "y" : 0.0,
      "z" : 0.0
    } ],
    "faces" : [ {
      "vertices" : [ 1, 7, 6 ]
    }, {
      "vertices" : [ 1, 6, 2 ]
    }, {
      "vertices" : [ 0, 1, 2 ]
    }, {
      "vertices" : [ 0, 2, 3 ]
    }, {
      "vertices" : [ 4, 5, 6 ]
    }, {
      "vertices" : [ 4, 6, 7 ]
    }, {
      "vertices" : [ 0, 3, 5 ]
    }, {
      "vertices" : [ 0, 5, 4 ]
    } ]
  }, {
    "id" : "cfc3b9ad-b53b-469c-8c1a-3b2e24db5e34",
    "vertices" : [ {
      "x" : 2.618034,
      "y" : 1.736068,
      "z" : 0.309017
    }, {
      "x" : 4.236068,
      "y" : 2.5,
      "z" : 0.309017
    }, {
      "x" : 4.045085,
      "y" : 2.809017,
      "z" : 0.19098301
    }, {
      "x" : 0.809017,
      "y" : 0.618034,
      "z" : -0.309017
    }, {
      "x" : 0.690983,
      "y" : 0.809017,
      "z" : 0.0
    }, {
      "x" : 2.5,
      "y" : 1.927051,
      "z" : 0.0
    }, {
      "x" : 2.618034,
      "y" : 1.736068,
      "z" : -0.309017
    }, {
      "x" : 6.045085,
      "y" : 3.618034,
      "z" : 0.309017
    }, {
      "x" : 2.809017,
      "y" : 1.427051,
      "z" : 0.19098301
    }, {
      "x" : 2.809017,
      "y" : 1.427051,
      "z" : -0.19098301
    }, {
      "x" : 4.354102,
      "y" : 2.309017,
      "z" : 0.0
    }, {
      "x" : 4.236068,
      "y" : 2.5,
      "z" : -0.309017
    }, {
      "x" : 6.163119,
      "y" : 3.427051,
      "z" : 0.0
    }, {
      "x" : 1.0,
      "y" : 0.309017,
      "z" : 0.19098301
    }, {
      "x" : 1.0,
      "y" : 0.309017,
      "z" : -0.19098301
    }, {
      "x" : 0.809017,
      "y" : 0.618034,
      "z" : 0.309017
    }, {
      "x" : 5.854102,
      "y" : 3.927051,
      "z" : 0.19098301
    }, {
      "x" : 6.045085,
      "y" : 3.618034,
      "z" : -0.309017
    }, {
      "x" : 5.854102,
      "y" : 3.927051,
      "z" : -0.19098301
    }, {
      "x" : 6.854102,
      "y" : 4.236068,
      "z" : 0.0
    }, {
      "x" : 4.045085,
      "y" : 2.809017,
      "z" : -0.19098301
    } ],
    "faces" : [ {
      "vertices" : [ 3, 6, 9 ]
    }, {
      "vertices" : [ 3, 9, 14 ]
    }, {
      "vertices" : [ 11, 20, 18 ]
    }, {
      "vertices" : [ 11, 18, 17 ]
    }, {
      "vertices" : [ 0, 1, 2 ]
    }, {
      "vertices" : [ 0, 15, 13 ]
    }, {
      "vertices" : [ 0, 13, 8 ]
    }, {
      "vertices" : [ 6, 20, 11 ]
    }, {
      "vertices" : [ 0, 2, 5 ]
    }, {
      "vertices" : [ 0, 8, 1 ]
    }, {
      "vertices" : [ 8, 13, 14 ]
    }, {
      "vertices" : [ 8, 14, 9 ]
    }, {
      "vertices" : [ 3, 4, 5 ]
    }, {
      "vertices" : [ 3, 5, 6 ]
    }, {
      "vertices" : [ 10, 11, 17 ]
    }, {
      "vertices" : [ 10, 17, 12 ]
    }, {
      "vertices" : [ 1, 8, 10 ]
    }, {
      "vertices" : [ 0, 5, 4 ]
    }, {
      "vertices" : [ 0, 4, 15 ]
    }, {
      "vertices" : [ 2, 16, 18 ]
    }, {
      "vertices" : [ 2, 18, 20 ]
    }, {
      "vertices" : [ 1, 7, 16 ]
    }, {
      "vertices" : [ 1, 16, 2 ]
    }, {
      "vertices" : [ 6, 11, 9 ]
    }, {
      "vertices" : [ 8, 9, 10 ]
    }, {
      "vertices" : [ 2, 20, 5 ]
    }, {
      "vertices" : [ 9, 11, 10 ]
    }, {
      "vertices" : [ 1, 10, 12 ]
    }, {
      "vertices" : [ 1, 12, 7 ]
    }, {
      "vertices" : [ 5, 20, 6 ]
    } ]
  } ],
  "instances" : [ {
    "shape" : "99f21f54-567a-4621-8d24-1a0eab47a720",
    "color" : "#F0A000",
    "position" : {
      "x" : 60.686916,
      "y" : 13.708204,
      "z" : -4.236068
    },
    "orientation" : 1
  }, {
    "shape" : "1dca6a28-704c-4f2e-959a-731e89b53bdf",
    "color" : "#FFFFFF",
    "position" : {
      "x" : 42.742645,
      "y" : -4.236068,
      "z" : -44.36068
    }
  }, {
    "shape" : "5723b809-cf4a-42fa-b26e-9d9fd398751e",
    "color" : "#007695",
    "position" : {
      "x" : -38.506577,
      "y" : 11.09017,
      "z" : -46.978714
    },
    "orientation" : 39
  }, {
    "shape" : "5723b809-cf4a-42fa-b26e-9d9fd398751e",
    "color" : "#007695",
    "position" : {
      "x" : 51.214783,
      "y" : -31.652475,
      "z" : 13.708204
    },
    "orientation" : 36
  }, {
    "shape" : "1dca6a28-704c-4f2e-959a-731e89b53bdf",
    "color" : "#FFFFFF",
    "position" : {
      "x" : 46.978714,
      "y" : 38.506577,
      "z" : 11.09017
    }
  }, {
    "shape" : "5723b809-cf4a-42fa-b26e-9d9fd398751e",
    "color" : "#007695",
    "position" : {
      "x" : -38.506577,
      "y" : 40.12461,
      "z" : -29.034441
    },
    "orientation" : 36
  }, {
    "shape" : "cfc3b9ad-b53b-469c-8c1a-3b2e24db5e34",
    "color" : "#AF0000",
    "position" : {
      "x" : -31.652475,
      "y" : 42.742645,
      "z" : -33.27051
    },
    "orientation" : 0
  }, {
    "shape" : "5723b809-cf4a-42fa-b26e-9d9fd398751e",
    "color" : "#007695",
    "position" : {
      "x" : -4.236068,
      "y" : 44.36068,
      "z" : 42.742645
    },
    "orientation" : 56
  }, {
    "shape" : "1dca6a28-704c-4f2e-959a-731e89b53bdf",
    "color" : "#FFFFFF",
    "position" : {
      "x" : -58.068882,
      "y" : -20.562305,
      "z" : -4.236068
    }
  }, {
    "shape" : "1dca6a28-704c-4f2e-959a-731e89b53bdf",
    "color" : "#FFFFFF",
    "position" : {
      "x" : -24.798374,
      "y" : -11.09017,
      "z" : 55.45085
    }
  }, {
    "shape" : "cfc3b9ad-b53b-469c-8c1a-3b2e24db5e34",
    "color" : "#AF0000",
    "position" : {
      "x" : 29.034441,
      "y" : -38.506577,
      "z" : -40.12461
    },
    "orientation" : 30
  }, {
    "shape" : "5723b809-cf4a-42fa-b26e-9d9fd398751e",
    "color" : "#007695",
    "position" : {
      "x" : -20.562305,
      "y" : -4.236068,
      "z" : -58.068882
    },
    "orientation" : 1
  }, {
    "shape" : "1dca6a28-704c-4f2e-959a-731e89b53bdf",
    "color" : "#FFFFFF",
    "position" : {
      "x" : 11.09017,
      "y" : 55.45085,
      "z" : 24.798374
    }
  }, {
    "shape" : "1dca6a28-704c-4f2e-959a-731e89b53bdf",
    "color" : "#FFFFFF",
    "position" : {
      "x" : 55.45085,
      "y" : -4.236068,
      "z" : 29.034441
    }
  }, {
    "shape" : "99f21f54-567a-4621-8d24-1a0eab47a720",
    "color" : "#F0A000",
    "position" : {
      "x" : 29.034441,
      "y" : -20.562305,
      "z" : 51.214783
    },
    "orientation" : 6
  }, {
    "shape" : "cfc3b9ad-b53b-469c-8c1a-3b2e24db5e34",
    "color" : "#AF0000",
    "position" : {
      "x" : 22.18034,
      "y" : 58.068882,
      "z" : -8.472136
    },
    "orientation" : 47
  }, {
    "shape" : "1dca6a28-704c-4f2e-959a-731e89b53bdf",
    "color" : "#FFFFFF",
    "position" : {
      "x" : 38.506577,
      "y" : -11.09017,
      "z" : -46.978714
    }
  }, {
    "shape" : "cfc3b9ad-b53b-469c-8c1a-3b2e24db5e34",
    "color" : "#AF0000",
    "position" : {
      "x" : -38.506577,
      "y" : 40.12461,
      "z" : -29.034441
    },
    "orientation" : 32
  }, {
    "shape" : "1dca6a28-704c-4f2e-959a-731e89b53bdf",
    "color" : "#FFFFFF",
    "position" : {
      "x" : -4.236068,
      "y" : -60.686916,
      "z" : -13.708204
    }
  }, {
    "shape" : "99f21f54-567a-4621-8d24-1a0eab47a720",
    "color" : "#F0A000",
    "position" : {
      "x" : 4.236068,
      "y" : -35.888542,
      "z" : 51.214783
    },
    "orientation" : 24
  }, {
    "shape" : "5723b809-cf4a-42fa-b26e-9d9fd398751e",
    "color" : "#007695",
    "position" : {
      "x" : -40.12461,
      "y" : -29.034441,
      "z" : -38.506577
    },
    "orientation" : 40
  }, {
    "shape" : "1dca6a28-704c-4f2e-959a-731e89b53bdf",
    "color" : "#FFFFFF",
    "position" : {
      "x" : 4.236068,
      "y" : -35.888542,
      "z" : -51.214783
    }
  }, {
    "shape" : "5723b809-cf4a-42fa-b26e-9d9fd398751e",
    "color" : "#007695",
    "position" : {
      "x" : -46.978714,
      "y" : -38.506577,
      "z" : 11.09017
    },
    "orientation" : 51
  }, {
    "shape" : "99f21f54-567a-4621-8d24-1a0eab47a720",
    "color" : "#F0A000",
    "position" : {
      "x" : -33.27051,
      "y" : 24.798374,
      "z" : 46.978714
    },
    "orientation" : 5
  }, {
    "shape" : "5723b809-cf4a-42fa-b26e-9d9fd398751e",
    "color" : "#007695",
    "position" : {
      "x" : -4.236068,
      "y" : -60.686916,
      "z" : -13.708204
    },
    "orientation" : 0
  }, {
    "shape" : "5723b809-cf4a-42fa-b26e-9d9fd398751e",
    "color" : "#007695",
    "position" : {
      "x" : 60.686916,
      "y" : 13.708204,
      "z" : -4.236068
    },
    "orientation" : 2
  }, {
    "shape" : "5723b809-cf4a-42fa-b26e-9d9fd398751e",
    "color" : "#007695",
    "position" : {
      "x" : -4.236068,
      "y" : -44.36068,
      "z" : -42.742645
    },
    "orientation" : 41
  }, {
    "shape" : "1dca6a28-704c-4f2e-959a-731e89b53bdf",
    "color" : "#FFFFFF",
    "position" : {
      "x" : 60.686916,
      "y" : 4.236068,
      "z" : 15.326238
    }
  }, {
    "shape" : "5723b809-cf4a-42fa-b26e-9d9fd398751e",
    "color" : "#007695",
    "position" : {
      "x" : 60.686916,
      "y" : 4.236068,
      "z" : 15.326238
    },
    "orientation" : 16
  }, {
    "shape" : "1dca6a28-704c-4f2e-959a-731e89b53bdf",
    "color" : "#FFFFFF",
    "position" : {
      "x" : -46.978714,
      "y" : 8.472136,
      "z" : 40.12461
    }
  }, {
    "shape" : "1dca6a28-704c-4f2e-959a-731e89b53bdf",
    "color" : "#FFFFFF",
    "position" : {
      "x" : -38.506577,
      "y" : 40.12461,
      "z" : -29.034441
    }
  }, {
    "shape" : "1dca6a28-704c-4f2e-959a-731e89b53bdf",
    "color" : "#FFFFFF",
    "position" : {
      "x" : -8.472136,
      "y" : -22.18034,
      "z" : 58.068882
    }
  }, {
    "shape" : "99f21f54-567a-4621-8d24-1a0eab47a720",
    "color" : "#F0A000",
    "position" : {
      "x" : 58.068882,
      "y" : -15.326238,
      "z" : -17.944271
    },
    "orientation" : 16
  }, {
    "shape" : "5723b809-cf4a-42fa-b26e-9d9fd398751e",
    "color" : "#007695",
    "position" : {
      "x" : 29.034441,
      "y" : 38.506577,
      "z" : -40.12461
    },
    "orientation" : 24
  }, {
    "shape" : "1dca6a28-704c-4f2e-959a-731e89b53bdf",
    "color" : "#FFFFFF",
    "position" : {
      "x" : -35.888542,
      "y" : -51.214783,
      "z" : 4.236068
    }
  }, {
    "shape" : "cfc3b9ad-b53b-469c-8c1a-3b2e24db5e34",
    "color" : "#AF0000",
    "position" : {
      "x" : 33.27051,
      "y" : 31.652475,
      "z" : -42.742645
    },
    "orientation" : 16
  }, {
    "shape" : "cfc3b9ad-b53b-469c-8c1a-3b2e24db5e34",
    "color" : "#AF0000",
    "position" : {
      "x" : -60.686916,
      "y" : 4.236068,
      "z" : 15.326238
    },
    "orientation" : 46
  }, {
    "shape" : "1dca6a28-704c-4f2e-959a-731e89b53bdf",
    "color" : "#FFFFFF",
    "position" : {
      "x" : -42.742645,
      "y" : -4.236068,
      "z" : 44.36068
    }
  }, {
    "shape" : "5723b809-cf4a-42fa-b26e-9d9fd398751e",
    "color" : "#007695",
    "position" : {
      "x" : -29.034441,
      "y" : -38.506577,
      "z" : -40.12461
    },
    "orientation" : 54
  }, {
    "shape" : "1dca6a28-704c-4f2e-959a-731e89b53bdf",
    "color" : "#FFFFFF",
    "position" : {
      "x" : 22.18034,
      "y" : 17.944271,
      "z" : 55.45085
    }
  }, {
    "shape" : "5723b809-cf4a-42fa-b26e-9d9fd398751e",
    "color" : "#007695",
    "position" : {
      "x" : -4.236068,
      "y" : 60.686916,
      "z" : 13.708204
    },
    "orientation" : 0
  }, {
    "shape" : "5723b809-cf4a-42fa-b26e-9d9fd398751e",
    "color" : "#007695",
    "position" : {
      "x" : -22.18034,
      "y" : 58.068882,
      "z" : 8.472136
    },
    "orientation" : 53
  }, {
    "shape" : "5723b809-cf4a-42fa-b26e-9d9fd398751e",
    "color" : "#007695",
    "position" : {
      "x" : -29.034441,
      "y" : 55.45085,
      "z" : 4.236068
    },
    "orientation" : 47
  }, {
    "shape" : "99f21f54-567a-4621-8d24-1a0eab47a720",
    "color" : "#F0A000",
    "position" : {
      "x" : -46.978714,
      "y" : 8.472136,
      "z" : -40.12461
    },
    "orientation" : 24
  }, {
    "shape" : "5723b809-cf4a-42fa-b26e-9d9fd398751e",
    "color" : "#007695",
    "position" : {
      "x" : -38.506577,
      "y" : 40.12461,
      "z" : 29.034441
    },
    "orientation" : 11
  }, {
    "shape" : "1dca6a28-704c-4f2e-959a-731e89b53bdf",
    "color" : "#FFFFFF",
    "position" : {
      "x" : -20.562305,
      "y" : -51.214783,
      "z" : -29.034441
    }
  }, {
    "shape" : "1dca6a28-704c-4f2e-959a-731e89b53bdf",
    "color" : "#FFFFFF",
    "position" : {
      "x" : -60.686916,
      "y" : -11.09017,
      "z" : 11.09017
    }
  }, {
    "shape" : "cfc3b9ad-b53b-469c-8c1a-3b2e24db5e34",
    "color" : "#AF0000",
    "position" : {
      "x" : 4.236068,
      "y" : -15.326238,
      "z" : 60.686916
    },
    "orientation" : 0
  }, {
    "shape" : "1dca6a28-704c-4f2e-959a-731e89b53bdf",
    "color" : "#FFFFFF",
    "position" : {
      "x" : -40.12461,
      "y" : 22.18034,
      "z" : -42.742645
    }
  }, {
    "shape" : "1dca6a28-704c-4f2e-959a-731e89b53bdf",
    "color" : "#FFFFFF",
    "position" : {
      "x" : -58.068882,
      "y" : -20.562305,
      "z" : 4.236068
    }
  }, {
    "shape" : "99f21f54-567a-4621-8d24-1a0eab47a720",
    "color" : "#F0A000",
    "position" : {
      "x" : 4.236068,
      "y" : 60.686916,
      "z" : -13.708204
    },
    "orientation" : 22
  }, {
    "shape" : "5723b809-cf4a-42fa-b26e-9d9fd398751e",
    "color" : "#007695",
    "position" : {
      "x" : -4.236068,
      "y" : 58.068882,
      "z" : 20.562305
    },
    "orientation" : 0
  }, {
    "shape" : "1dca6a28-704c-4f2e-959a-731e89b53bdf",
    "color" : "#FFFFFF",
    "position" : {
      "x" : 55.45085,
      "y" : -22.18034,
      "z" : 17.944271
    }
  }, {
    "shape" : "cfc3b9ad-b53b-469c-8c1a-3b2e24db5e34",
    "color" : "#AF0000",
    "position" : {
      "x" : 4.236068,
      "y" : -29.034441,
      "z" : 55.45085
    },
    "orientation" : 16
  }, {
    "shape" : "1dca6a28-704c-4f2e-959a-731e89b53bdf",
    "color" : "#FFFFFF",
    "position" : {
      "x" : 60.686916,
      "y" : 11.09017,
      "z" : -11.09017
    }
  }, {
    "shape" : "5723b809-cf4a-42fa-b26e-9d9fd398751e",
    "color" : "#007695",
    "position" : {
      "x" : 38.506577,
      "y" : -11.09017,
      "z" : -46.978714
    },
    "orientation" : 53
  }, {
    "shape" : "1dca6a28-704c-4f2e-959a-731e89b53bdf",
    "color" : "#FFFFFF",
    "position" : {
      "x" : 20.562305,
      "y" : -51.214783,
      "z" : -29.034441
    }
  }, {
    "shape" : "99f21f54-567a-4621-8d24-1a0eab47a720",
    "color" : "#F0A000",
    "position" : {
      "x" : 51.214783,
      "y" : 4.236068,
      "z" : -35.888542
    },
    "orientation" : 54
  }, {
    "shape" : "99f21f54-567a-4621-8d24-1a0eab47a720",
    "color" : "#F0A000",
    "position" : {
      "x" : 51.214783,
      "y" : 4.236068,
      "z" : 35.888542
    },
    "orientation" : 4
  }, {
    "shape" : "99f21f54-567a-4621-8d24-1a0eab47a720",
    "color" : "#F0A000",
    "position" : {
      "x" : -17.944271,
      "y" : 58.068882,
      "z" : -15.326238
    },
    "orientation" : 22
  }, {
    "shape" : "1dca6a28-704c-4f2e-959a-731e89b53bdf",
    "color" : "#FFFFFF",
    "position" : {
      "x" : 46.978714,
      "y" : 33.27051,
      "z" : 24.798374
    }
  }, {
    "shape" : "5723b809-cf4a-42fa-b26e-9d9fd398751e",
    "color" : "#007695",
    "position" : {
      "x" : -4.236068,
      "y" : -29.034441,
      "z" : 55.45085
    },
    "orientation" : 51
  }, {
    "shape" : "5723b809-cf4a-42fa-b26e-9d9fd398751e",
    "color" : "#007695",
    "position" : {
      "x" : -24.798374,
      "y" : 11.09017,
      "z" : -55.45085
    },
    "orientation" : 38
  }, {
    "shape" : "99f21f54-567a-4621-8d24-1a0eab47a720",
    "color" : "#F0A000",
    "position" : {
      "x" : -11.09017,
      "y" : 11.09017,
      "z" : -60.686916
    },
    "orientation" : 16
  }, {
    "shape" : "1dca6a28-704c-4f2e-959a-731e89b53bdf",
    "color" : "#FFFFFF",
    "position" : {
      "x" : -40.12461,
      "y" : 46.978714,
      "z" : -8.472136
    }
  }, {
    "shape" : "1dca6a28-704c-4f2e-959a-731e89b53bdf",
    "color" : "#FFFFFF",
    "position" : {
      "x" : 13.708204,
      "y" : -51.214783,
      "z" : -31.652475
    }
  }, {
    "shape" : "1dca6a28-704c-4f2e-959a-731e89b53bdf",
    "color" : "#FFFFFF",
    "position" : {
      "x" : 15.326238,
      "y" : 42.742645,
      "z" : -42.742645
    }
  }, {
    "shape" : "1dca6a28-704c-4f2e-959a-731e89b53bdf",
    "color" : "#FFFFFF",
    "position" : {
      "x" : 17.944271,
      "y" : -55.45085,
      "z" : 22.18034
    }
  }, {
    "shape" : "5723b809-cf4a-42fa-b26e-9d9fd398751e",
    "color" : "#007695",
    "position" : {
      "x" : -24.798374,
      "y" : 11.09017,
      "z" : -55.45085
    },
    "orientation" : 24
  }, {
    "shape" : "cfc3b9ad-b53b-469c-8c1a-3b2e24db5e34",
    "color" : "#AF0000",
    "position" : {
      "x" : 38.506577,
      "y" : 40.12461,
      "z" : 29.034441
    },
    "orientation" : 17
  }, {
    "shape" : "5723b809-cf4a-42fa-b26e-9d9fd398751e",
    "color" : "#007695",
    "position" : {
      "x" : -40.12461,
      "y" : 46.978714,
      "z" : 8.472136
    },
    "orientation" : 40
  }, {
    "shape" : "99f21f54-567a-4621-8d24-1a0eab47a720",
    "color" : "#F0A000",
    "position" : {
      "x" : -42.742645,
      "y" : -15.326238,
      "z" : 42.742645
    },
    "orientation" : 9
  }, {
    "shape" : "1dca6a28-704c-4f2e-959a-731e89b53bdf",
    "color" : "#FFFFFF",
    "position" : {
      "x" : 42.742645,
      "y" : -40.12461,
      "z" : -22.18034
    }
  }, {
    "shape" : "99f21f54-567a-4621-8d24-1a0eab47a720",
    "color" : "#F0A000",
    "position" : {
      "x" : 11.09017,
      "y" : 11.09017,
      "z" : -60.686916
    },
    "orientation" : 21
  }, {
    "shape" : "5723b809-cf4a-42fa-b26e-9d9fd398751e",
    "color" : "#007695",
    "position" : {
      "x" : 17.944271,
      "y" : -58.068882,
      "z" : -15.326238
    },
    "orientation" : 41
  }, {
    "shape" : "cfc3b9ad-b53b-469c-8c1a-3b2e24db5e34",
    "color" : "#AF0000",
    "position" : {
      "x" : 31.652475,
      "y" : -42.742645,
      "z" : 33.27051
    },
    "orientation" : 30
  }, {
    "shape" : "1dca6a28-704c-4f2e-959a-731e89b53bdf",
    "color" : "#FFFFFF",
    "position" : {
      "x" : -22.18034,
      "y" : 17.944271,
      "z" : -55.45085
    }
  }, {
    "shape" : "5723b809-cf4a-42fa-b26e-9d9fd398751e",
    "color" : "#007695",
    "position" : {
      "x" : -58.068882,
      "y" : -20.562305,
      "z" : -4.236068
    },
    "orientation" : 2
  }, {
    "shape" : "cfc3b9ad-b53b-469c-8c1a-3b2e24db5e34",
    "color" : "#AF0000",
    "position" : {
      "x" : -42.742645,
      "y" : -33.27051,
      "z" : 31.652475
    },
    "orientation" : 47
  }, {
    "shape" : "99f21f54-567a-4621-8d24-1a0eab47a720",
    "color" : "#F0A000",
    "position" : {
      "x" : -60.686916,
      "y" : 13.708204,
      "z" : -4.236068
    },
    "orientation" : 6
  }, {
    "shape" : "1dca6a28-704c-4f2e-959a-731e89b53bdf",
    "color" : "#FFFFFF",
    "position" : {
      "x" : -11.09017,
      "y" : 55.45085,
      "z" : 24.798374
    }
  }, {
    "shape" : "5723b809-cf4a-42fa-b26e-9d9fd398751e",
    "color" : "#007695",
    "position" : {
      "x" : -60.686916,
      "y" : -11.09017,
      "z" : -11.09017
    },
    "orientation" : 25
  }, {
    "shape" : "99f21f54-567a-4621-8d24-1a0eab47a720",
    "color" : "#F0A000",
    "position" : {
      "x" : -33.27051,
      "y" : -24.798374,
      "z" : -46.978714
    },
    "orientation" : 3
  }, {
    "shape" : "cfc3b9ad-b53b-469c-8c1a-3b2e24db5e34",
    "color" : "#AF0000",
    "position" : {
      "x" : 22.18034,
      "y" : -58.068882,
      "z" : -8.472136
    },
    "orientation" : 47
  }, {
    "shape" : "1dca6a28-704c-4f2e-959a-731e89b53bdf",
    "color" : "#FFFFFF",
    "position" : {
      "x" : -46.978714,
      "y" : 38.506577,
      "z" : 11.09017
    }
  }, {
    "shape" : "cfc3b9ad-b53b-469c-8c1a-3b2e24db5e34",
    "color" : "#AF0000",
    "position" : {
      "x" : 42.742645,
      "y" : 33.27051,
      "z" : -31.652475
    },
    "orientation" : 2
  }, {
    "shape" : "5723b809-cf4a-42fa-b26e-9d9fd398751e",
    "color" : "#007695",
    "position" : {
      "x" : 44.36068,
      "y" : -42.742645,
      "z" : 4.236068
    },
    "orientation" : 47
  }, {
