{
  "field" : "golden",
  "symmetry" : "icosahedral",
  "orientations" : [ [ 1.0, 0.0, 0.0, 0.0, 0.0, 1.0, 0.0, 0.0, 0.0, 0.0, 1.0, 0.0, 0.0, 0.0, 0.0, 1.0 ], [ 0.0, 0.0, 1.0, 0.0, 1.0, 0.0, 0.0, 0.0, 0.0, 1.0, 0.0, 0.0, 0.0, 0.0, 0.0, 1.0 ], [ 0.0, 1.0, 0.0, 0.0, 0.0, 0.0, 1.0, 0.0, 1.0, 0.0, 0.0, 0.0, 0.0, 0.0, 0.0, 1.0 ], [ 0.809017, 0.309017, 0.5, 0.0, 0.309017, 0.5, -0.809017, 0.0, -0.5, 0.809017, 0.309017, 0.0, 0.0, 0.0, 0.0, 1.0 ], [ -0.5, 0.809017, 0.309017, 0.0, 0.809017, 0.309017, 0.5, 0.0, 0.309017, 0.5, -0.809017, 0.0, 0.0, 0.0, 0.0, 1.0 ], [ 0.309017, 0.5, -0.809017, 0.0, -0.5, 0.809017, 0.309017, 0.0, 0.809017, 0.309017, 0.5, 0.0, 0.0, 0.0, 0.0, 1.0 ], [ 0.5, 0.809017, 0.309017, 0.0, 0.809017, -0.309017, -0.5, 0.0, -0.309017, 0.5, -0.809017, 0.0, 0.0, 0.0, 0.0, 1.0 ], [ -0.309017, 0.5, -0.809017, 0.0, 0.5, 0.809017, 0.309017, 0.0, 0.809017, -0.309017, -0.5, 0.0, 0.0, 0.0, 0.0, 1.0 ], [ 0.809017, -0.309017, -0.5, 0.0, -0.309017, 0.5, -0.809017, 0.0, 0.5, 0.809017, 0.309017, 0.0, 0.0, 0.0, 0.0, 1.0 ], [ 0.5, 0.809017, -0.309017, 0.0, 0.809017, -0.309017, 0.5, 0.0, 0.309017, -0.5, -0.809017, 0.0, 0.0, 0.0, 0.0, 1.0 ], [ 0.309017, -0.5, -0.809017, 0.0, 0.5, 0.809017, -0.309017, 0.0, 0.809017, -0.309017, 0.5, 0.0, 0.0, 0.0, 0.0, 1.0 ], [ 0.809017, -0.309017, 0.5, 0.0, 0.309017, -0.5, -0.809017, 0.0, 0.5, 0.809017, -0.309017, 0.0, 0.0, 0.0, 0.0, 1.0 ], [ 0.809017, 0.309017, -0.5, 0.0, 0.309017, 0.5, 0.809017, 0.0, 0.5, -0.809017, 0.309017, 0.0, 0.0, 0.0, 0.0, 1.0 ], [ 0.5, -0.809017, 0.309017, 0.0, 0.809017, 0.309017, -0.5, 0.0, 0.309017, 0.5, 0.809017, 0.0, 0.0, 0.0, 0.0, 1.0 ], [ 0.309017, 0.5, 0.809017, 0.0, 0.5, -0.809017, 0.309017, 0.0, 0.809017, 0.309017, -0.5, 0.0, 0.0, 0.0, 0.0, 1.0 ], [ 1.0, 0.0, 0.0, 0.0, 0.0, -1.0, 0.0, 0.0, 0.0, 0.0, -1.0, 0.0, 0.0, 0.0, 0.0, 1.0 ], [ 0.0, 0.0, 1.0, 0.0, -1.0, 0.0, 0.0, 0.0, 0.0, -1.0, 0.0, 0.0, 0.0, 0.0, 0.0, 1.0 ], [ 0.0, 1.0, 0.0, 0.0, 0.0, 0.0, -1.0, 0.0, -1.0, 0.0, 0.0, 0.0, 0.0, 0.0, 0.0, 1.0 ], [ 0.809017, 0.309017, 0.5, 0.0, -0.309017, -0.5, 0.809017, 0.0, 0.5, -0.809017, -0.309017, 0.0, 0.0, 0.0, 0.0, 1.0 ], [ -0.5, 0.809017, 0.309017, 0.0, -0.809017, -0.309017, -0.5, 0.0, -0.309017, -0.5, 0.809017, 0.0, 0.0, 0.0, 0.0, 1.0 ], [ 0.309017, 0.5, -0.809017, 0.0, 0.5, -0.809017, -0.309017, 0.0, -0.809017, -0.309017, -0.5, 0.0, 0.0, 0.0, 0.0, 1.0 ], [ 0.5, 0.809017, 0.309017, 0.0, -0.809017, 0.309017, 0.5, 0.0, 0.309017, -0.5, 0.809017, 0.0, 0.0, 0.0, 0.0, 1.0 ], [ -0.309017, 0.5, -0.809017, 0.0, -0.5, -0.809017, -0.309017, 0.0, -0.809017, 0.309017, 0.5, 0.0, 0.0, 0.0, 0.0, 1.0 ], [ 0.809017, -0.309017, -0.5, 0.0, 0.309017, -0.5, 0.809017, 0.0, -0.5, -0.809017, -0.309017, 0.0, 0.0, 0.0, 0.0, 1.0 ], [ 0.5, 0.809017, -0.309017, 0.0, -0.809017, 0.309017, -0.5, 0.0, -0.309017, 0.5, 0.809017, 0.0, 0.0, 0.0, 0.0, 1.0 ], [ 0.309017, -0.5, -0.809017, 0.0, -0.5, -0.809017, 0.309017, 0.0, -0.809017, 0.309017, -0.5, 0.0, 0.0, 0.0, 0.0, 1.0 ], [ 0.809017, -0.309017, 0.5, 0.0, -0.309017, 0.5, 0.809017, 0.0, -0.5, -0.809017, 0.309017, 0.0, 0.0, 0.0, 0.0, 1.0 ], [ 0.809017, 0.309017, -0.5, 0.0, -0.309017, -0.5, -0.809017, 0.0, -0.5, 0.809017, -0.309017, 0.0, 0.0, 0.0, 0.0, 1.0 ], [ 0.5, -0.809017, 0.309017, 0.0, -0.809017, -0.309017, 0.5, 0.0, -0.309017, -0.5, -0.809017, 0.0, 0.0, 0.0, 0.0, 1.0 ], [ 0.309017, 0.5, 0.809017, 0.0, -0.5, 0.809017, -0.309017, 0.0, -0.809017, -0.309017, 0.5, 0.0, 0.0, 0.0, 0.0, 1.0 ], [ -1.0, 0.0, 0.0, 0.0, 0.0, -1.0, 0.0, 0.0, 0.0, 0.0, 1.0, 0.0, 0.0, 0.0, 0.0, 1.0 ], [ 0.0, 0.0, -1.0, 0.0, -1.0, 0.0, 0.0, 0.0, 0.0, 1.0, 0.0, 0.0, 0.0, 0.0, 0.0, 1.0 ], [ 0.0, -1.0, 0.0, 0.0, 0.0, 0.0, -1.0, 0.0, 1.0, 0.0, 0.0, 0.0, 0.0, 0.0, 0.0, 1.0 ], [ -0.809017, -0.309017, -0.5, 0.0, -0.309017, -0.5, 0.809017, 0.0, -0.5, 0.809017, 0.309017, 0.0, 0.0, 0.0, 0.0, 1.0 ], [ 0.5, -0.809017, -0.309017, 0.0, -0.809017, -0.309017, -0.5, 0.0, 0.309017, 0.5, -0.809017, 0.0, 0.0, 0.0, 0.0, 1.0 ], [ -0.309017, -0.5, 0.809017, 0.0, 0.5, -0.809017, -0.309017, 0.0, 0.809017, 0.309017, 0.5, 0.0, 0.0, 0.0, 0.0, 1.0 ], [ -0.5, -0.809017, -0.309017, 0.0, -0.809017, 0.309017, 0.5, 0.0, -0.309017, 0.5, -0.809017, 0.0, 0.0, 0.0, 0.0, 1.0 ], [ 0.309017, -0.5, 0.809017, 0.0, -0.5, -0.809017, -0.309017, 0.0, 0.809017, -0.309017, -0.5, 0.0, 0.0, 0.0, 0.0, 1.0 ], [ -0.809017, 0.309017, 0.5, 0.0, 0.309017, -0.5, 0.809017, 0.0, 0.5, 0.809017, 0.309017, 0.0, 0.0, 0.0, 0.0, 1.0 ], [ -0.5, -0.809017, 0.309017, 0.0, -0.809017, 0.309017, -0.5, 0.0, 0.309017, -0.5, -0.809017, 0.0, 0.0, 0.0, 0.0, 1.0 ], [ -0.309017, 0.5, 0.809017, 0.0, -0.5, -0.809017, 0.309017, 0.0, 0.809017, -0.309017, 0.5, 0.0, 0.0, 0.0, 0.0, 1.0 ], [ -0.809017, 0.309017, -0.5, 0.0, -0.309017, 0.5, 0.809017, 0.0, 0.5, 0.809017, -0.309017, 0.0, 0.0, 0.0, 0.0, 1.0 ], [ -0.809017, -0.309017, 0.5, 0.0, -0.309017, -0.5, -0.809017, 0.0, 0.5, -0.809017, 0.309017, 0.0, 0.0, 0.0, 0.0, 1.0 ], [ -0.5, 0.809017, -0.309017, 0.0, -0.809017, -0.309017, 0.5, 0.0, 0.309017, 0.5, 0.809017, 0.0, 0.0, 0.0, 0.0, 1.0 ], [ -0.309017, -0.5, -0.809017, 0.0, -0.5, 0.809017, -0.309017, 0.0, 0.809017, 0.309017, -0.5, 0.0, 0.0, 0.0, 0.0, 1.0 ], [ -1.0, 0.0, 0.0, 0.0, 0.0, 1.0, 0.0, 0.0, 0.0, 0.0, -1.0, 0.0, 0.0, 0.0, 0.0, 1.0 ], [ 0.0, 0.0, -1.0, 0.0, 1.0, 0.0, 0.0, 0.0, 0.0, -1.0, 0.0, 0.0, 0.0, 0.0, 0.0, 1.0 ], [ 0.0, -1.0, 0.0, 0.0, 0.0, 0.0, 1.0, 0.0, -1.0, 0.0, 0.0, 0.0, 0.0, 0.0, 0.0, 1.0 ], [ -0.809017, -0.309017, -0.5, 0.0, 0.309017, 0.5, -0.809017, 0.0, 0.5, -0.809017, -0.309017, 0.0, 0.0, 0.0, 0.0, 1.0 ], [ 0.5, -0.809017, -0.309017, 0.0, 0.809017, 0.309017, 0.5, 0.0, -0.309017, -0.5, 0.809017, 0.0, 0.0, 0.0, 0.0, 1.0 ], [ -0.309017, -0.5, 0.809017, 0.0, -0.5, 0.809017, 0.309017, 0.0, -0.809017, -0.309017, -0.5, 0.0, 0.0, 0.0, 0.0, 1.0 ], [ -0.5, -0.809017, -0.309017, 0.0, 0.809017, -0.309017, -0.5, 0.0, 0.309017, -0.5, 0.809017, 0.0, 0.0, 0.0, 0.0, 1.0 ], [ 0.309017, -0.5, 0.809017, 0.0, 0.5, 0.809017, 0.309017, 0.0, -0.809017, 0.309017, 0.5, 0.0, 0.0, 0.0, 0.0, 1.0 ], [ -0.809017, 0.309017, 0.5, 0.0, -0.309017, 0.5, -0.809017, 0.0, -0.5, -0.809017, -0.309017, 0.0, 0.0, 0.0, 0.0, 1.0 ], [ -0.5, -0.809017, 0.309017, 0.0, 0.809017, -0.309017, 0.5, 0.0, -0.309017, 0.5, 0.809017, 0.0, 0.0, 0.0, 0.0, 1.0 ], [ -0.309017, 0.5, 0.809017, 0.0, 0.5, 0.809017, -0.309017, 0.0, -0.809017, 0.309017, -0.5, 0.0, 0.0, 0.0, 0.0, 1.0 ], [ -0.809017, 0.309017, -0.5, 0.0, 0.309017, -0.5, -0.809017, 0.0, -0.5, -0.809017, 0.309017, 0.0, 0.0, 0.0, 0.0, 1.0 ], [ -0.809017, -0.309017, 0.5, 0.0, 0.309017, 0.5, 0.809017, 0.0, -0.5, 0.809017, -0.309017, 0.0, 0.0, 0.0, 0.0, 1.0 ], [ -0.5, 0.809017, -0.309017, 0.0, 0.809017, 0.309017, -0.5, 0.0, -0.309017, -0.5, -0.809017, 0.0, 0.0, 0.0, 0.0, 1.0 ], [ -0.309017, -0.5, -0.809017, 0.0, 0.5, -0.809017, 0.309017, 0.0, -0.809017, -0.309017, 0.5, 0.0, 0.0, 0.0, 0.0, 1.0 ] ],
  "lights" : {
    "ambientColor" : "#292929",
    "backgroundColor" : "#AFC8DC",
    "directionalLights" : [ {
      "direction" : {
        "x" : 1.0,
        "y" : -1.0,
        "z" : -1.0
      },
      "color" : "#EBEBE4"
    }, {
      "direction" : {
        "x" : -1.0,
        "y" : 0.0,
        "z" : 0.0
      },
      "color" : "#E4E4EB"
    }, {
      "direction" : {
        "x" : 0.0,
        "y" : 0.0,
        "z" : -1.0
      },
      "color" : "#1E1E1E"
    } ]
  },
  "camera" : {
    "width" : 113.337654,
    "stereo" : false,
    "lookDirection" : {
      "x" : -0.6256479,
      "y" : -0.16937836,
      "z" : 0.76149064
    },
    "upDirection" : {
      "x" : -0.07700122,
      "y" : 0.9847701,
      "z" : 0.15577544
    },
    "lookAtPoint" : {
      "x" : 0.0,
      "y" : 0.0,
      "z" : 0.0
    },
    "viewDistance" : 251.86151,
    "nearClipDistance" : 0.62965393,
    "farClipDistance" : 503.72247,
    "fieldOfView" : 0.4426288,
    "perspective" : true,
    "position" : {
      "x" : 157.57663,
      "y" : 42.65989,
      "z" : -191.79019
    }
  },
  "embedding" : [ 1.0, 0.0, 0.0, 0.0, 0.0, 1.0, 0.0, 0.0, 0.0, 0.0, 1.0, 0.0, 0.0, 0.0, 0.0, 1.0 ],
  "shapes" : [ {
    "id" : "be30cdad-1a56-4773-988c-b607434ca587",
    "vertices" : [ {
      "x" : 0.309017,
      "y" : -0.809017,
      "z" : 0.618034
    }, {
      "x" : 0.809017,
      "y" : -0.618034,
      "z" : 0.309017
    }, {
      "x" : 0.618034,
      "y" : -0.309017,
      "z" : 0.809017
    }, {
      "x" : 1.0,
      "y" : 0.309017,
      "z" : 0.19098301
    }, {
      "x" : 0.809017,
      "y" : 0.618034,
      "z" : 0.309017
    }, {
      "x" : 0.618034,
      "y" : 0.309017,
      "z" : 0.809017
    }, {
      "x" : 0.809017,
      "y" : 0.0,
      "z" : 0.690983
    }, {
      "x" : 0.19098301,
      "y" : -1.0,
      "z" : 0.309017
    }, {
      "x" : -0.19098301,
      "y" : -1.0,
      "z" : 0.309017
    }, {
      "x" : -0.19098301,
      "y" : -1.0,
      "z" : -0.309017
    }, {
      "x" : 0.19098301,
      "y" : -1.0,
      "z" : -0.309017
    }, {
      "x" : 1.0,
      "y" : -0.309017,
      "z" : -0.19098301
    }, {
      "x" : 0.809017,
      "y" : -0.618034,
      "z" : -0.309017
    }, {
      "x" : 0.618034,
      "y" : -0.309017,
      "z" : -0.809017
    }, {
      "x" : 0.809017,
      "y" : 0.0,
      "z" : -0.690983
    }, {
      "x" : 0.0,
      "y" : 0.690983,
      "z" : -0.809017
    }, {
      "x" : 0.309017,
      "y" : 0.809017,
      "z" : -0.618034
    }, {
      "x" : 0.618034,
      "y" : 0.309017,
      "z" : -0.809017
    }, {
      "x" : 0.309017,
      "y" : 0.19098301,
      "z" : -1.0
    }, {
      "x" : 1.0,
      "y" : 0.309017,
      "z" : -0.19098301
    }, {
      "x" : -0.309017,
      "y" : -0.809017,
      "z" : 0.618034
    }, {
      "x" : 0.0,
      "y" : -0.690983,
      "z" : 0.809017
    }, {
      "x" : 0.809017,
      "y" : 0.618034,
      "z" : -0.309017
    }, {
      "x" : 0.690983,
      "y" : 0.809017,
      "z" : 0.0
    }, {
      "x" : -0.690983,
      "y" : 0.809017,
      "z" : 0.0
    }, {
      "x" : -0.809017,
      "y" : 0.618034,
      "z" : 0.309017
    }, {
      "x" : -0.309017,
      "y" : 0.809017,
      "z" : 0.618034
    }, {
      "x" : -0.19098301,
      "y" : 1.0,
      "z" : 0.309017
    }, {
      "x" : 0.309017,
      "y" : -0.19098301,
      "z" : -1.0
    }, {
      "x" : 0.19098301,
      "y" : 1.0,
      "z" : 0.309017
    }, {
      "x" : 0.309017,
      "y" : 0.809017,
      "z" : 0.618034
    }, {
      "x" : -0.809017,
      "y" : -0.618034,
      "z" : 0.309017
    }, {
      "x" : -0.690983,
      "y" : -0.809017,
      "z" : 0.0
    }, {
      "x" : 0.0,
      "y" : 0.690983,
      "z" : 0.809017
    }, {
      "x" : 0.309017,
      "y" : -0.809017,
      "z" : -0.618034
    }, {
      "x" : 0.0,
      "y" : -0.690983,
      "z" : -0.809017
    }, {
      "x" : -1.0,
      "y" : 0.309017,
      "z" : 0.19098301
    }, {
      "x" : -0.809017,
      "y" : 0.0,
      "z" : 0.690983
    }, {
      "x" : -0.618034,
      "y" : 0.309017,
      "z" : 0.809017
    }, {
      "x" : 1.0,
      "y" : -0.309017,
      "z" : 0.19098301
    }, {
      "x" : -0.309017,
      "y" : -0.809017,
      "z" : -0.618034
    }, {
      "x" : -1.0,
      "y" : 0.309017,
      "z" : -0.19098301
    }, {
      "x" : -1.0,
      "y" : -0.309017,
      "z" : -0.19098301
    }, {
      "x" : -1.0,
      "y" : -0.309017,
      "z" : 0.19098301
    }, {
      "x" : 0.19098301,
      "y" : 1.0,
      "z" : -0.309017
    }, {
      "x" : -0.809017,
      "y" : 0.618034,
      "z" : -0.309017
    }, {
      "x" : -0.19098301,
      "y" : 1.0,
      "z" : -0.309017
    }, {
      "x" : -0.309017,
      "y" : 0.809017,
      "z" : -0.618034
    }, {
      "x" : -0.618034,
      "y" : -0.309017,
      "z" : 0.809017
    }, {
      "x" : 0.309017,
      "y" : 0.19098301,
      "z" : 1.0
    }, {
      "x" : -0.309017,
      "y" : 0.19098301,
      "z" : -1.0
    }, {
      "x" : -0.309017,
      "y" : 0.19098301,
      "z" : 1.0
    }, {
      "x" : -0.309017,
      "y" : -0.19098301,
      "z" : 1.0
    }, {
      "x" : 0.309017,
      "y" : -0.19098301,
      "z" : 1.0
    }, {
      "x" : 0.690983,
      "y" : -0.809017,
      "z" : 0.0
    }, {
      "x" : -0.809017,
      "y" : 0.0,
      "z" : -0.690983
    }, {
      "x" : -0.618034,
      "y" : -0.309017,
      "z" : -0.809017
    }, {
      "x" : -0.309017,
      "y" : -0.19098301,
      "z" : -1.0
    }, {
      "x" : -0.618034,
      "y" : 0.309017,
      "z" : -0.809017
    }, {
      "x" : -0.809017,
      "y" : -0.618034,
      "z" : -0.309017
    } ],
    "faces" : [ {
      "vertices" : [ 9, 40, 35 ]
    }, {
      "vertices" : [ 9, 35, 34 ]
    }, {
      "vertices" : [ 9, 34, 10 ]
    }, {
      "vertices" : [ 0, 1, 2 ]
    }, {
      "vertices" : [ 33, 51, 49 ]
    }, {
      "vertices" : [ 25, 36, 37 ]
    }, {
      "vertices" : [ 25, 37, 38 ]
    }, {
      "vertices" : [ 41, 55, 42 ]
    }, {
      "vertices" : [ 9, 32, 59 ]
    }, {
      "vertices" : [ 9, 59, 40 ]
    }, {
      "vertices" : [ 20, 21, 52 ]
    }, {
      "vertices" : [ 20, 52, 48 ]
    }, {
      "vertices" : [ 26, 33, 30 ]
    }, {
      "vertices" : [ 26, 30, 29 ]
    }, {
      "vertices" : [ 26, 29, 27 ]
    }, {
      "vertices" : [ 3, 4, 5 ]
    }, {
      "vertices" : [ 3, 5, 6 ]
    }, {
      "vertices" : [ 27, 29, 44 ]
    }, {
      "vertices" : [ 27, 44, 46 ]
    }, {
      "vertices" : [ 50, 57, 56 ]
    }, {
      "vertices" : [ 50, 56, 55 ]
    }, {
      "vertices" : [ 50, 55, 58 ]
    }, {
      "vertices" : [ 26, 38, 51 ]
    }, {
      "vertices" : [ 26, 51, 33 ]
    }, {
      "vertices" : [ 45, 47, 58 ]
    }, {
      "vertices" : [ 18, 28, 57 ]
    }, {
      "vertices" : [ 18, 57, 50 ]
    }, {
      "vertices" : [ 40, 59, 56 ]
    }, {
      "vertices" : [ 31, 48, 37 ]
    }, {
      "vertices" : [ 31, 37, 43 ]
    }, {
      "vertices" : [ 7, 8, 9 ]
    }, {
      "vertices" : [ 7, 9, 10 ]
    }, {
      "vertices" : [ 36, 41, 42 ]
    }, {
      "vertices" : [ 36, 42, 43 ]
    }, {
      "vertices" : [ 24, 46, 47 ]
    }, {
      "vertices" : [ 24, 47, 45 ]
    }, {
      "vertices" : [ 4, 30, 5 ]
    }, {
      "vertices" : [ 15, 47, 46 ]
    }, {
      "vertices" : [ 15, 46, 44 ]
    }, {
      "vertices" : [ 15, 44, 16 ]
    }, {
      "vertices" : [ 15, 50, 58 ]
    }, {
      "vertices" : [ 15, 58, 47 ]
    }, {
      "vertices" : [ 24, 45, 41 ]
    }, {
      "vertices" : [ 24, 41, 36 ]
    }, {
      "vertices" : [ 24, 36, 25 ]
    }, {
      "vertices" : [ 11, 14, 19 ]
    }, {
      "vertices" : [ 3, 6, 39 ]
    }, {
      "vertices" : [ 1, 39, 6 ]
    }, {
      "vertices" : [ 1, 6, 2 ]
    }, {
      "vertices" : [ 8, 32, 9 ]
    }, {
      "vertices" : [ 11, 12, 13 ]
    }, {
      "vertices" : [ 11, 13, 14 ]
    }, {
      "vertices" : [ 16, 22, 17 ]
    }, {
      "vertices" : [ 0, 21, 20 ]
    }, {
      "vertices" : [ 0, 20, 8 ]
    }, {
      "vertices" : [ 0, 8, 7 ]
    }, {
      "vertices" : [ 12, 34, 13 ]
    }, {
      "vertices" : [ 35, 40, 56 ]
    }, {
      "vertices" : [ 35, 56, 57 ]
    }, {
      "vertices" : [ 0, 7, 54 ]
    }, {
      "vertices" : [ 0, 54, 1 ]
    }, {
      "vertices" : [ 15, 16, 17 ]
    }, {
      "vertices" : [ 15, 17, 18 ]
    }, {
      "vertices" : [ 3, 19, 22 ]
    }, {
      "vertices" : [ 3, 22, 23 ]
    }, {
      "vertices" : [ 3, 23, 4 ]
    }, {
      "vertices" : [ 7, 10, 54 ]
    }, {
      "vertices" : [ 41, 45, 58 ]
    }, {
      "vertices" : [ 41, 58, 55 ]
    }, {
      "vertices" : [ 3, 39, 11 ]
    }, {
      "vertices" : [ 3, 11, 19 ]
    }, {
      "vertices" : [ 14, 17, 22 ]
    }, {
      "vertices" : [ 14, 22, 19 ]
    }, {
      "vertices" : [ 0, 2, 53 ]
    }, {
      "vertices" : [ 0, 53, 21 ]
    }, {
      "vertices" : [ 49, 51, 52 ]
    }, {
      "vertices" : [ 49, 52, 53 ]
    }, {
      "vertices" : [ 31, 43, 42 ]
    }, {
      "vertices" : [ 31, 42, 59 ]
    }, {
      "vertices" : [ 31, 59, 32 ]
    }, {
      "vertices" : [ 15, 18, 50 ]
    }, {
      "vertices" : [ 42, 55, 56 ]
    }, {
      "vertices" : [ 42, 56, 59 ]
    }, {
      "vertices" : [ 4, 23, 29 ]
    }, {
      "vertices" : [ 4, 29, 30 ]
    }, {
      "vertices" : [ 25, 38, 26 ]
    }, {
      "vertices" : [ 13, 28, 18 ]
    }, {
      "vertices" : [ 13, 18, 17 ]
    }, {
      "vertices" : [ 13, 17, 14 ]
    }, {
      "vertices" : [ 8, 20, 31 ]
    }, {
      "vertices" : [ 8, 31, 32 ]
    }, {
      "vertices" : [ 23, 44, 29 ]
    }, {
      "vertices" : [ 24, 27, 46 ]
    }, {
      "vertices" : [ 37, 48, 52 ]
    }, {
      "vertices" : [ 37, 52, 51 ]
    }, {
      "vertices" : [ 37, 51, 38 ]
    }, {
      "vertices" : [ 20, 48, 31 ]
    }, {
      "vertices" : [ 24, 25, 26 ]
    }, {
      "vertices" : [ 24, 26, 27 ]
    }, {
      "vertices" : [ 16, 44, 23 ]
    }, {
      "vertices" : [ 16, 23, 22 ]
    }, {
      "vertices" : [ 13, 34, 35 ]
    }, {
      "vertices" : [ 13, 35, 28 ]
    }, {
      "vertices" : [ 10, 34, 12 ]
    }, {
      "vertices" : [ 10, 12, 54 ]
    }, {
      "vertices" : [ 2, 6, 5 ]
    }, {
      "vertices" : [ 2, 5, 49 ]
    }, {
      "vertices" : [ 2, 49, 53 ]
    }, {
      "vertices" : [ 36, 43, 37 ]
    }, {
      "vertices" : [ 5, 30, 33 ]
    }, {
      "vertices" : [ 5, 33, 49 ]
    }, {
      "vertices" : [ 1, 54, 12 ]
    }, {
      "vertices" : [ 1, 12, 11 ]
    }, {
      "vertices" : [ 1, 11, 39 ]
    }, {
      "vertices" : [ 28, 35, 57 ]
    }, {
      "vertices" : [ 21, 53, 52 ]
    } ]
  }, {
    "id" : "0dbbcbaa-f0d3-420b-aa9f-612df8dc4466",
    "vertices" : [ {
      "x" : 4.236068,
      "y" : 0.309017,
      "z" : 0.19098301
    }, {
      "x" : 4.236068,
      "y" : 0.309017,
      "z" : -0.19098301
    }, {
      "x" : 1.0,
      "y" : 0.309017,
      "z" : -0.19098301
    }, {
      "x" : 1.0,
      "y" : 0.309017,
      "z" : 0.19098301
    }, {
      "x" : 4.236068,
      "y" : -0.309017,
      "z" : 0.19098301
    }, {
      "x" : 1.0,
      "y" : -0.309017,
      "z" : 0.19098301
    }, {
      "x" : 1.0,
      "y" : -0.309017,
      "z" : -0.19098301
    }, {
      "x" : 4.236068,
      "y" : -0.309017,
      "z" : -0.19098301
    }, {
      "x" : 5.236068,
      "y" : 0.0,
      "z" : 0.0
    } ],
    "faces" : [ {
      "vertices" : [ 1, 7, 6 ]
    }, {
      "vertices" : [ 1, 6, 2 ]
    }, {
      "vertices" : [ 0, 1, 2 ]
    }, {
      "vertices" : [ 0, 2, 3 ]
    }, {
      "vertices" : [ 4, 5, 6 ]
    }, {
      "vertices" : [ 4, 6, 7 ]
    }, {
      "vertices" : [ 0, 3, 5 ]
    }, {
      "vertices" : [ 0, 5, 4 ]
    } ]
  }, {
    "id" : "484f8b1a-9292-4056-88d0-4ce1791057a1",
    "vertices" : [ {
      "x" : -20.666494,
      "y" : 20.399828,
      "z" : -9.983247
    }, {
      "x" : -20.566494,
      "y" : 20.299828,
      "z" : -10.383247
    }, {
      "x" : -0.2777778,
      "y" : 0.54444444,
      "z" : -0.4888889
    }, {
      "x" : -0.37777779,
      "y" : 0.64444447,
      "z" : -0.08888889
    }, {
      "x" : -20.33316,
      "y" : 20.599827,
      "z" : -10.516581
    }, {
      "x" : -20.43316,
      "y" : 20.699827,
      "z" : -10.11658
    }, {
      "x" : -0.6111111,
      "y" : 0.34444445,
      "z" : 0.044444446
    }, {
      "x" : -0.51111114,
      "y" : 0.24444444,
      "z" : -0.35555556
    } ],
    "faces" : [ {
      "vertices" : [ 2, 3, 6 ]
    }, {
      "vertices" : [ 2, 6, 7 ]
    }, {
      "vertices" : [ 0, 5, 4 ]
    }, {
      "vertices" : [ 0, 4, 1 ]
    }, {
      "vertices" : [ 2, 4, 5 ]
    }, {
      "vertices" : [ 2, 5, 3 ]
    }, {
      "vertices" : [ 0, 6, 3 ]
    }, {
      "vertices" : [ 0, 3, 5 ]
    }, {
      "vertices" : [ 0, 1, 7 ]
    }, {
      "vertices" : [ 0, 7, 6 ]
    }, {
      "vertices" : [ 1, 4, 2 ]
    }, {
      "vertices" : [ 1, 2, 7 ]
    } ]
  }, {
    "id" : "a4efda49-11b1-4190-84c0-780f4816a780",
    "vertices" : [ {
      "x" : -5.236068,
      "y" : -5.236068,
      "z" : 26.18034
    }, {
      "x" : 15.708204,
      "y" : 15.708204,
      "z" : 15.708204
    }, {
      "x" : -5.236068,
      "y" : 26.18034,
      "z" : -5.236068
    }, {
      "x" : -26.18034,
      "y" : 5.236068,
      "z" : 5.236068
    } ],
    "faces" : [ {
      "vertices" : [ 0, 1, 2 ]
    }, {
      "vertices" : [ 0, 2, 3 ]
    }, {
      "vertices" : [ 0, 3, 2 ]
    }, {
      "vertices" : [ 0, 2, 1 ]
    } ]
  }, {
    "id" : "ccd6975d-56e1-43f0-b996-5396f7d098ef",
    "vertices" : [ {
      "x" : -26.18034,
      "y" : 5.236068,
      "z" : 5.236068
    }, {
      "x" : -15.708204,
      "y" : -15.708204,
      "z" : -15.708204
    }, {
      "x" : 5.236068,
      "y" : -26.18034,
      "z" : 5.236068
    }, {
      "x" : -5.236068,
      "y" : -5.236068,
      "z" : 26.18034
    } ],
    "faces" : [ {
      "vertices" : [ 0, 1, 2 ]
    }, {
      "vertices" : [ 0, 2, 3 ]
    }, {
      "vertices" : [ 0, 3, 2 ]
    }, {
      "vertices" : [ 0, 2, 1 ]
    } ]
  }, {
    "id" : "3bfc3dbf-80e3-4c67-8f1b-545ce5b345ad",
    "vertices" : [ {
      "x" : 26.18034,
      "y" : -5.236068,
      "z" : -5.236068
    }, {
      "x" : 15.708204,
      "y" : 15.708204,
      "z" : 15.708204
    }, {
      "x" : -5.236068,
      "y" : -5.236068,
      "z" : 26.18034
    }, {
      "x" : 5.236068,
      "y" : -26.18034,
      "z" : 5.236068
    } ],
    "faces" : [ {
      "vertices" : [ 0, 1, 2 ]
    }, {
      "vertices" : [ 0, 2, 3 ]
    }, {
      "vertices" : [ 0, 3, 2 ]
    }, {
      "vertices" : [ 0, 2, 1 ]
    } ]
  } ],
  "instances" : [ {
    "shape" : "be30cdad-1a56-4773-988c-b607434ca587",
    "color" : "#FFFFFF",
    "position" : {
      "x" : 5.236068,
      "y" : -26.18034,
      "z" : -5.236068
    }
  }, {
    "shape" : "0dbbcbaa-f0d3-420b-aa9f-612df8dc4466",
    "color" : "#007695",
    "position" : {
      "x" : 0.0,
      "y" : 15.708204,
      "z" : -5.236068
    },
    "orientation" : 45
  }, {
    "shape" : "be30cdad-1a56-4773-988c-b607434ca587",
    "color" : "#FFFFFF",
    "position" : {
      "x" : -26.18034,
      "y" : -5.236068,
      "z" : -5.236068
    }
  }, {
    "shape" : "0dbbcbaa-f0d3-420b-aa9f-612df8dc4466",
    "color" : "#007695",
    "position" : {
      "x" : 15.708204,
      "y" : 15.708204,
      "z" : 15.708204
    },
    "orientation" : 45
  }, {
    "shape" : "be30cdad-1a56-4773-988c-b607434ca587",
    "color" : "#FFFFFF",
    "position" : {
      "x" : -26.18034,
      "y" : -5.236068,
      "z" : 5.236068
    }
  }, {
    "shape" : "0dbbcbaa-f0d3-420b-aa9f-612df8dc4466",
    "color" : "#007695",
    "position" : {
      "x" : 15.708204,
      "y" : 15.708204,
      "z" : 15.708204
    },
    "orientation" : 47
  }, {
    "shape" : "484f8b1a-9292-4056-88d0-4ce1791057a1",
    "color" : "#FFFFFF",
    "position" : {
      "x" : -5.236068,
      "y" : 5.236068,
      "z" : -26.18034
    },
    "orientation" : 47
  }, {
    "shape" : "484f8b1a-9292-4056-88d0-4ce1791057a1",
    "color" : "#FFFFFF",
    "position" : {
      "x" : -5.236068,
      "y" : -5.236068,
      "z" : 26.18034
    },
    "orientation" : 32
  }, {
    "shape" : "be30cdad-1a56-4773-988c-b607434ca587",
    "color" : "#FFFFFF",
    "position" : {
      "x" : -5.236068,
      "y" : 5.236068,
      "z" : 26.18034
    }
  }, {
    "shape" : "484f8b1a-9292-4056-88d0-4ce1791057a1",
    "color" : "#FFFFFF",
    "position" : {
      "x" : -15.708204,
      "y" : 15.708204,
      "z" : -15.708204
    },
    "orientation" : 17
  }, {
    "shape" : "484f8b1a-9292-4056-88d0-4ce1791057a1",
    "color" : "#FFFFFF",
    "position" : {
      "x" : 15.708204,
      "y" : -15.708204,
      "z" : -15.708204
    },
    "orientation" : 0
  }, {
    "shape" : "484f8b1a-9292-4056-88d0-4ce1791057a1",
    "color" : "#FFFFFF",
    "position" : {
      "x" : -15.708204,
      "y" : -15.708204,
      "z" : 15.708204
    },
    "orientation" : 16
  }, {
    "shape" : "be30cdad-1a56-4773-988c-b607434ca587",
    "color" : "#FFFFFF",
    "position" : {
      "x" : 15.708204,
      "y" : 15.708204,
      "z" : 0.0
    }
  }, {
    "shape" : "be30cdad-1a56-4773-988c-b607434ca587",
    "color" : "#FFFFFF",
    "position" : {
      "x" : -5.236068,
      "y" : -5.236068,
      "z" : -26.18034
    }
  }, {
    "shape" : "be30cdad-1a56-4773-988c-b607434ca587",
    "color" : "#FFFFFF",
    "position" : {
      "x" : 15.708204,
      "y" : -5.236068,
      "z" : 0.0
    }
  }, {
    "shape" : "0dbbcbaa-f0d3-420b-aa9f-612df8dc4466",
    "color" : "#007695",
    "position" : {
      "x" : -5.236068,
      "y" : -5.236068,
      "z" : 26.18034
    },
    "orientation" : 47
  }, {
    "shape" : "be30cdad-1a56-4773-988c-b607434ca587",
    "color" : "#FFFFFF",
    "position" : {
      "x" : 15.708204,
      "y" : 15.708204,
      "z" : -5.236068
    }
  }, {
    "shape" : "a4efda49-11b1-4190-84c0-780f4816a780",
    "color" : "#FFFF00",
    "position" : {
      "x" : 0.0,
      "y" : 0.0,
      "z" : 0.0
    }
  }, {
    "shape" : "484f8b1a-9292-4056-88d0-4ce1791057a1",
    "color" : "#FFFFFF",
    "position" : {
      "x" : -26.18034,
      "y" : 5.236068,
      "z" : -5.236068
    },
    "orientation" : 2
  }, {
    "shape" : "484f8b1a-9292-4056-88d0-4ce1791057a1",
    "color" : "#FFFFFF",
    "position" : {
      "x" : -15.708204,
      "y" : -15.708204,
      "z" : 15.708204
    },
    "orientation" : 2
  }, {
    "shape" : "484f8b1a-9292-4056-88d0-4ce1791057a1",
    "color" : "#FFFFFF",
    "position" : {
      "x" : 5.236068,
      "y" : 26.18034,
      "z" : -5.236068
    },
    "orientation" : 47
  }, {
    "shape" : "0dbbcbaa-f0d3-420b-aa9f-612df8dc4466",
    "color" : "#007695",
    "position" : {
      "x" : 20.944271,
      "y" : -5.236068,
      "z" : -5.236068
    },
    "orientation" : 45
  }, {
    "shape" : "be30cdad-1a56-4773-988c-b607434ca587",
    "color" : "#FFFFFF",
    "position" : {
      "x" : -5.236068,
      "y" : 5.236068,
      "z" : -26.18034
    }
  }, {
    "shape" : "be30cdad-1a56-4773-988c-b607434ca587",
    "color" : "#FFFFFF",
    "position" : {
      "x" : -5.236068,
      "y" : 20.944271,
      "z" : -5.236068
    }
  }, {
    "shape" : "0dbbcbaa-f0d3-420b-aa9f-612df8dc4466",
    "color" : "#007695",
    "position" : {
      "x" : 15.708204,
      "y" : -5.236068,
      "z" : 10.472136
    },
    "orientation" : 47
  }, {
    "shape" : "484f8b1a-9292-4056-88d0-4ce1791057a1",
    "color" : "#FFFFFF",
    "position" : {
      "x" : -26.18034,
      "y" : -5.236068,
      "z" : 5.236068
    },
    "orientation" : 30
  }, {
    "shape" : "be30cdad-1a56-4773-988c-b607434ca587",
    "color" : "#FFFFFF",
    "position" : {
      "x" : 15.708204,
      "y" : -15.708204,
      "z" : 15.708204
    }
  }, {
    "shape" : "be30cdad-1a56-4773-988c-b607434ca587",
    "color" : "#FFFFFF",
    "position" : {
      "x" : -5.236068,
      "y" : 26.18034,
      "z" : 5.236068
    }
  }, {
    "shape" : "484f8b1a-9292-4056-88d0-4ce1791057a1",
    "color" : "#FF0000",
    "position" : {
      "x" : 15.708204,
      "y" : 15.708204,
      "z" : 15.708204
    },
    "orientation" : 32
  }, {
    "shape" : "484f8b1a-9292-4056-88d0-4ce1791057a1",
    "color" : "#FFFFFF",
    "position" : {
      "x" : 5.236068,
      "y" : 5.236068,
      "z" : 26.18034
    },
    "orientation" : 16
  }, {
    "shape" : "be30cdad-1a56-4773-988c-b607434ca587",
    "color" : "#FFFFFF",
    "position" : {
      "x" : 5.236068,
      "y" : 15.708204,
      "z" : 15.708204
    }
  }, {
    "shape" : "484f8b1a-9292-4056-88d0-4ce1791057a1",
    "color" : "#FFFFFF",
    "position" : {
      "x" : 26.18034,
      "y" : 5.236068,
      "z" : 5.236068
    },
    "orientation" : 0
  }, {
    "shape" : "484f8b1a-9292-4056-88d0-4ce1791057a1",
    "color" : "#FFFFFF",
    "position" : {
      "x" : 26.18034,
      "y" : -5.236068,
      "z" : -5.236068
    },
    "orientation" : 15
  }, {
    "shape" : "484f8b1a-9292-4056-88d0-4ce1791057a1",
    "color" : "#FFFFFF",
    "position" : {
      "x" : -5.236068,
      "y" : 5.236068,
      "z" : -26.18034
    },
    "orientation" : 31
  }, {
    "shape" : "484f8b1a-9292-4056-88d0-4ce1791057a1",
    "color" : "#FFFFFF",
    "position" : {
      "x" : 5.236068,
      "y" : -26.18034,
      "z" : 5.236068
    },
    "orientation" : 32
  }, {
    "shape" : "484f8b1a-9292-4056-88d0-4ce1791057a1",
    "color" : "#FF0000",
    "position" : {
      "x" : 15.708204,
      "y" : 15.708204,
      "z" : 15.708204
    },
    "orientation" : 46
  }, {
    "shape" : "be30cdad-1a56-4773-988c-b607434ca587",
    "color" : "#FFFFFF",
    "position" : {
      "x" : -15.708204,
      "y" : 15.708204,
      "z" : -15.708204
    }
  }, {
    "shape" : "be30cdad-1a56-4773-988c-b607434ca587",
    "color" : "#FFFFFF",
    "position" : {
      "x" : -5.236068,
      "y" : -5.236068,
      "z" : 20.944271
    }
  }, {
    "shape" : "484f8b1a-9292-4056-88d0-4ce1791057a1",
    "color" : "#FFFFFF",
    "position" : {
      "x" : 5.236068,
      "y" : 5.236068,
      "z" : -26.18034
    },
    "orientation" : 15
  }, {
    "shape" : "0dbbcbaa-f0d3-420b-aa9f-612df8dc4466",
    "color" : "#007695",
    "position" : {
      "x" : 15.708204,
      "y" : 15.708204,
      "z" : 10.472136
    },
    "orientation" : 47
  }, {
    "shape" : "be30cdad-1a56-4773-988c-b607434ca587",
    "color" : "#FFFFFF",
    "position" : {
      "x" : 5.236068,
      "y" : 5.236068,
      "z" : -26.18034
    }
  }, {
    "shape" : "0dbbcbaa-f0d3-420b-aa9f-612df8dc4466",
    "color" : "#007695",
    "position" : {
      "x" : -5.236068,
      "y" : 26.18034,
      "z" : -5.236068
    },
    "orientation" : 16
  }, {
    "shape" : "484f8b1a-9292-4056-88d0-4ce1791057a1",
    "color" : "#FFFFFF",
    "position" : {
      "x" : -5.236068,
      "y" : -5.236068,
      "z" : -26.18034
    },
    "orientation" : 45
  }, {
    "shape" : "0dbbcbaa-f0d3-420b-aa9f-612df8dc4466",
    "color" : "#007695",
    "position" : {
      "x" : 15.708204,
      "y" : 0.0,
      "z" : 15.708204
    },
    "orientation" : 16
  }, {
    "shape" : "484f8b1a-9292-4056-88d0-4ce1791057a1",
    "color" : "#FF0000",
    "position" : {
      "x" : 15.708204,
      "y" : 15.708204,
      "z" : 15.708204
    },
    "orientation" : 15
  }, {
    "shape" : "0dbbcbaa-f0d3-420b-aa9f-612df8dc4466",
    "color" : "#007695",
    "position" : {
      "x" : 10.472136,
      "y" : 15.708204,
      "z" : -5.236068
    },
    "orientation" : 45
  }, {
    "shape" : "484f8b1a-9292-4056-88d0-4ce1791057a1",
    "color" : "#FFFFFF",
    "position" : {
      "x" : 26.18034,
      "y" : -5.236068,
      "z" : -5.236068
    },
    "orientation" : 32
  }, {
    "shape" : "be30cdad-1a56-4773-988c-b607434ca587",
    "color" : "#FFFFFF",
    "position" : {
      "x" : -26.18034,
      "y" : 5.236068,
      "z" : 5.236068
    }
  }, {
    "shape" : "484f8b1a-9292-4056-88d0-4ce1791057a1",
    "color" : "#FFFFFF",
    "position" : {
      "x" : 15.708204,
      "y" : -15.708204,
      "z" : -15.708204
    },
    "orientation" : 47
  }, {
    "shape" : "0dbbcbaa-f0d3-420b-aa9f-612df8dc4466",
    "color" : "#007695",
    "position" : {
      "x" : 5.236068,
      "y" : 15.708204,
      "z" : 15.708204
    },
    "orientation" : 45
  }, {
    "shape" : "be30cdad-1a56-4773-988c-b607434ca587",
    "color" : "#FFFFFF",
    "position" : {
      "x" : 26.18034,
      "y" : 5.236068,
      "z" : -5.236068
    }
  }, {
    "shape" : "be30cdad-1a56-4773-988c-b607434ca587",
    "color" : "#FFFFFF",
    "position" : {
      "x" : 26.18034,
      "y" : -5.236068,
      "z" : 5.236068
    }
  }, {
    "shape" : "be30cdad-1a56-4773-988c-b607434ca587",
    "color" : "#FFFFFF",
    "position" : {
      "x" : 5.236068,
      "y" : 26.18034,
      "z" : 5.236068
    }
  }, {
    "shape" : "484f8b1a-9292-4056-88d0-4ce1791057a1",
    "color" : "#FFFFFF",
    "position" : {
      "x" : 5.236068,
      "y" : -5.236068,
      "z" : -26.18034
    },
    "orientation" : 1
  }, {
    "shape" : "484f8b1a-9292-4056-88d0-4ce1791057a1",
    "color" : "#FFFFFF",
    "position" : {
      "x" : 5.236068,
      "y" : 5.236068,
      "z" : 26.18034
    },
    "orientation" : 2
  }, {
    "shape" : "be30cdad-1a56-4773-988c-b607434ca587",
    "color" : "#FFFFFF",
    "position" : {
      "x" : 0.0,
      "y" : 0.0,
      "z" : 0.0
    }
  }, {
    "shape" : "0dbbcbaa-f0d3-420b-aa9f-612df8dc4466",
    "color" : "#007695",
    "position" : {
      "x" : -5.236068,
      "y" : -5.236068,
      "z" : 20.944271
    },
    "orientation" : 47
  }, {
    "shape" : "be30cdad-1a56-4773-988c-b607434ca587",
    "color" : "#FFFFFF",
    "position" : {
      "x" : 26.18034,
      "y" : -5.236068,
      "z" : -5.236068
    }
  }, {
    "shape" : "be30cdad-1a56-4773-988c-b607434ca587",
    "color" : "#FFFFFF",
    "position" : {
      "x" : -15.708204,
      "y" : -15.708204,
      "z" : 15.708204
    }
  }, {
    "shape" : "be30cdad-1a56-4773-988c-b607434ca587",
    "color" : "#FFFFFF",
    "position" : {
      "x" : 5.236068,
      "y" : 5.236068,
      "z" : 26.18034
    }
  }, {
    "shape" : "0dbbcbaa-f0d3-420b-aa9f-612df8dc4466",
    "color" : "#007695",
    "position" : {
      "x" : -5.236068,
      "y" : 10.472136,
      "z" : 15.708204
    },
    "orientation" : 16
  }, {
    "shape" : "484f8b1a-9292-4056-88d0-4ce1791057a1",
    "color" : "#FFFFFF",
    "position" : {
      "x" : -5.236068,
      "y" : 26.18034,
      "z" : -5.236068
    },
    "orientation" : 46
  }, {
    "shape" : "be30cdad-1a56-4773-988c-b607434ca587",
    "color" : "#FFFFFF",
    "position" : {
      "x" : 0.0,
      "y" : 15.708204,
      "z" : -5.236068
    }
  }, {
    "shape" : "be30cdad-1a56-4773-988c-b607434ca587",
    "color" : "#FFFFFF",
    "position" : {
      "x" : -5.236068,
      "y" : -26.18034,
      "z" : -5.236068
    }
  }, {
    "shape" : "484f8b1a-9292-4056-88d0-4ce1791057a1",
    "color" : "#FFFFFF",
    "position" : {
      "x" : -5.236068,
      "y" : 5.236068,
      "z" : 26.18034
    },
    "orientation" : 30
  }, {
    "shape" : "be30cdad-1a56-4773-988c-b607434ca587",
    "color" : "#FFFFFF",
    "position" : {
      "x" : 15.708204,
      "y" : -5.236068,
      "z" : 15.708204
    }
  }, {
    "shape" : "484f8b1a-9292-4056-88d0-4ce1791057a1",
    "color" : "#FFFFFF",
    "position" : {
      "x" : 26.18034,
      "y" : -5.236068,
      "z" : 5.236068
    },
    "orientation" : 16
  }, {
    "shape" : "0dbbcbaa-f0d3-420b-aa9f-612df8dc4466",
    "color" : "#007695",
    "position" : {
      "x" : 15.708204,
      "y" : -5.236068,
      "z" : 0.0
    },
    "orientation" : 47
  }, {
    "shape" : "be30cdad-1a56-4773-988c-b607434ca587",
    "color" : "#FFFFFF",
    "position" : {
      "x" : -5.236068,
      "y" : 15.708204,
      "z" : -5.236068
    }
  }, {
    "shape" : "484f8b1a-9292-4056-88d0-4ce1791057a1",
    "color" : "#FFFFFF",
    "position" : {
      "x" : 5.236068,
      "y" : 26.18034,
      "z" : 5.236068
    },
    "orientation" : 30
  }, {
    "shape" : "0dbbcbaa-f0d3-420b-aa9f-612df8dc4466",
    "color" : "#007695",
    "position" : {
      "x" : 15.708204,
      "y" : 15.708204,
      "z" : 15.708204
    },
    "orientation" : 16
  }, {
    "shape" : "484f8b1a-9292-4056-88d0-4ce1791057a1",
    "color" : "#FFFFFF",
    "position" : {
      "x" : -5.236068,
      "y" : -26.18034,
      "z" : 5.236068
    },
    "orientation" : 0
  }, {
    "shape" : "484f8b1a-9292-4056-88d0-4ce1791057a1",
    "color" : "#FFFFFF",
    "position" : {
      "x" : -26.18034,
      "y" : -5.236068,
      "z" : 5.236068
    },
    "orientation" : 17
  }, {
    "shape" : "484f8b1a-9292-4056-88d0-4ce1791057a1",
    "color" : "#FFFFFF",
    "position" : {
      "x" : 5.236068,
      "y" : -5.236068,
      "z" : 26.18034
    },
    "orientation" : 0
  }, {
    "shape" : "0dbbcbaa-f0d3-420b-aa9f-612df8dc4466",
    "color" : "#007695",
    "position" : {
      "x" : -5.236068,
      "y" : 20.944271,
      "z" : -5.236068
    },
    "orientation" : 16
  }, {
    "shape" : "0dbbcbaa-f0d3-420b-aa9f-612df8dc4466",
    "color" : "#007695",
    "position" : {
      "x" : 26.18034,
      "y" : -5.236068,
      "z" : -5.236068
    },
    "orientation" : 45
  }, {
    "shape" : "484f8b1a-9292-4056-88d0-4ce1791057a1",
    "color" : "#FFFFFF",
    "position" : {
      "x" : -5.236068,
      "y" : 26.18034,
      "z" : -5.236068
    },
    "orientation" : 15
  }, {
    "shape" : "0dbbcbaa-f0d3-420b-aa9f-612df8dc4466",
    "color" : "#007695",
    "position" : {
      "x" : 5.236068,
      "y" : 15.708204,
      "z" : -5.236068
    },
    "orientation" : 45
  }, {
    "shape" : "be30cdad-1a56-4773-988c-b607434ca587",
    "color" : "#FFFFFF",
    "position" : {
      "x" : 5.236068,
      "y" : -5.236068,
      "z" : -26.18034
    }
  }, {
    "shape" : "be30cdad-1a56-4773-988c-b607434ca587",
    "color" : "#FFFFFF",
    "position" : {
      "x" : 5.236068,
      "y" : -26.18034,
      "z" : 5.236068
    }
  }, {
    "shape" : "be30cdad-1a56-4773-988c-b607434ca587",
    "color" : "#FFFFFF",
    "position" : {
      "x" : 5.236068,
      "y" : -5.236068,
      "z" : 26.18034
    }
  }, {
    "shape" : "be30cdad-1a56-4773-988c-b607434ca587",
    "color" : "#FFFFFF",
    "position" : {
      "x" : -5.236068,
      "y" : 26.18034,
      "z" : -5.236068
    }
  }, {
    "shape" : "be30cdad-1a56-4773-988c-b607434ca587",
    "color" : "#FFFFFF",
    "position" : {
      "x" : -5.236068,
      "y" : 10.472136,
      "z" : 15.708204
    }
  }, {
    "shape" : "be30cdad-1a56-4773-988c-b607434ca587",
    "color" : "#FFFFFF",
    "position" : {
      "x" : 26.18034,
      "y" : 5.236068,
      "z" : 5.236068
    }
  }, {
    "shape" : "be30cdad-1a56-4773-988c-b607434ca587",
    "color" : "#FFFFFF",
    "position" : {
      "x" : 5.236068,
      "y" : 15.708204,
      "z" : -5.236068
    }
  }, {
    "shape" : "484f8b1a-9292-4056-88d0-4ce1791057a1",
    "color" : "#FFFFFF",
    "position" : {
      "x" : -5.236068,
      "y" : -26.18034,
      "z" : 5.236068
    },
    "orientation" : 31
  }, {
    "shape" : "be30cdad-1a56-4773-988c-b607434ca587",
    "color" : "#FFFFFF",
    "position" : {
      "x" : -15.708204,
      "y" : -15.708204,
      "z" : -15.708204
    }
  }, {
    "shape" : "484f8b1a-9292-4056-88d0-4ce1791057a1",
    "color" : "#FFFFFF",
    "position" : {
      "x" : 5.236068,
      "y" : -5.236068,
      "z" : -26.18034
    },
    "orientation" : 17
  }, {
    "shape" : "be30cdad-1a56-4773-988c-b607434ca587",
    "color" : "#FFFFFF",
    "position" : {
      "x" : -15.708204,
      "y" : 15.708204,
      "z" : 15.708204
    }
  }, {
    "shape" : "be30cdad-1a56-4773-988c-b607434ca587",
    "color" : "#FFFFFF",
    "position" : {
      "x" : 15.708204,
      "y" : -5.236068,
      "z" : 10.472136
    }
  }, {
    "shape" : "0dbbcbaa-f0d3-420b-aa9f-612df8dc4466",
    "color" : "#007695",
    "position" : {
      "x" : -5.236068,
      "y" : 15.708204,
      "z" : 15.708204
    },
    "orientation" : 16
  }, {
    "shape" : "be30cdad-1a56-4773-988c-b607434ca587",
    "color" : "#FFFFFF",
    "position" : {
      "x" : 15.708204,
      "y" : -5.236068,
      "z" : -5.236068
    }
  }, {
    "shape" : "ccd6975d-56e1-43f0-b996-5396f7d098ef",
    "color" : "#FFFF00",
    "position" : {
      "x" : 0.0,
      "y" : 0.0,
      "z" : 0.0
    }
  }, {
    "shape" : "0dbbcbaa-f0d3-420b-aa9f-612df8dc4466",
    "color" : "#007695",
    "position" : {
      "x" : 15.708204,
      "y" : 15.708204,
      "z" : -5.236068
    },
    "orientation" : 45
  }, {
    "shape" : "be30cdad-1a56-4773-988c-b607434ca587",
    "color" : "#FFFFFF",
    "position" : {
      "x" : -5.236068,
      "y" : -5.236068,
      "z" : 26.18034
    }
  }, {
    "shape" : "484f8b1a-9292-4056-88d0-4ce1791057a1",
    "color" : "#FFFFFF",
    "position" : {
      "x" : -26.18034,
      "y" : -5.236068,
      "z" : -5.236068
    },
    "orientation" : 31
  }, {
    "shape" : "484f8b1a-9292-4056-88d0-4ce1791057a1",
    "color" : "#FFFFFF",
    "position" : {
      "x" : 5.236068,
      "y" : -26.18034,
      "z" : -5.236068
    },
    "orientation" : 16
  }, {
    "shape" : "484f8b1a-9292-4056-88d0-4ce1791057a1",
