{
  "field" : "golden",
  "symmetry" : "icosahedral",
  "orientations" : [ [ 1.0, 0.0, 0.0, 0.0, 0.0, 1.0, 0.0, 0.0, 0.0, 0.0, 1.0, 0.0, 0.0, 0.0, 0.0, 1.0 ], [ 0.0, 0.0, 1.0, 0.0, 1.0, 0.0, 0.0, 0.0, 0.0, 1.0, 0.0, 0.0, 0.0, 0.0, 0.0, 1.0 ], [ 0.0, 1.0, 0.0, 0.0, 0.0, 0.0, 1.0, 0.0, 1.0, 0.0, 0.0, 0.0, 0.0, 0.0, 0.0, 1.0 ], [ 0.809017, 0.309017, 0.5, 0.0, 0.309017, 0.5, -0.809017, 0.0, -0.5, 0.809017, 0.309017, 0.0, 0.0, 0.0, 0.0, 1.0 ], [ -0.5, 0.809017, 0.309017, 0.0, 0.809017, 0.309017, 0.5, 0.0, 0.309017, 0.5, -0.809017, 0.0, 0.0, 0.0, 0.0, 1.0 ], [ 0.309017, 0.5, -0.809017, 0.0, -0.5, 0.809017, 0.309017, 0.0, 0.809017, 0.309017, 0.5, 0.0, 0.0, 0.0, 0.0, 1.0 ], [ 0.5, 0.809017, 0.309017, 0.0, 0.809017, -0.309017, -0.5, 0.0, -0.309017, 0.5, -0.809017, 0.0, 0.0, 0.0, 0.0, 1.0 ], [ -0.309017, 0.5, -0.809017, 0.0, 0.5, 0.809017, 0.309017, 0.0, 0.809017, -0.309017, -0.5, 0.0, 0.0, 0.0, 0.0, 1.0 ], [ 0.809017, -0.309017, -0.5, 0.0, -0.309017, 0.5, -0.809017, 0.0, 0.5, 0.809017, 0.309017, 0.0, 0.0, 0.0, 0.0, 1.0 ], [ 0.5, 0.809017, -0.309017, 0.0, 0.809017, -0.309017, 0.5, 0.0, 0.309017, -0.5, -0.809017, 0.0, 0.0, 0.0, 0.0, 1.0 ], [ 0.309017, -0.5, -0.809017, 0.0, 0.5, 0.809017, -0.309017, 0.0, 0.809017, -0.309017, 0.5, 0.0, 0.0, 0.0, 0.0, 1.0 ], [ 0.809017, -0.309017, 0.5, 0.0, 0.309017, -0.5, -0.809017, 0.0, 0.5, 0.809017, -0.309017, 0.0, 0.0, 0.0, 0.0, 1.0 ], [ 0.809017, 0.309017, -0.5, 0.0, 0.309017, 0.5, 0.809017, 0.0, 0.5, -0.809017, 0.309017, 0.0, 0.0, 0.0, 0.0, 1.0 ], [ 0.5, -0.809017, 0.309017, 0.0, 0.809017, 0.309017, -0.5, 0.0, 0.309017, 0.5, 0.809017, 0.0, 0.0, 0.0, 0.0, 1.0 ], [ 0.309017, 0.5, 0.809017, 0.0, 0.5, -0.809017, 0.309017, 0.0, 0.809017, 0.309017, -0.5, 0.0, 0.0, 0.0, 0.0, 1.0 ], [ 1.0, 0.0, 0.0, 0.0, 0.0, -1.0, 0.0, 0.0, 0.0, 0.0, -1.0, 0.0, 0.0, 0.0, 0.0, 1.0 ], [ 0.0, 0.0, 1.0, 0.0, -1.0, 0.0, 0.0, 0.0, 0.0, -1.0, 0.0, 0.0, 0.0, 0.0, 0.0, 1.0 ], [ 0.0, 1.0, 0.0, 0.0, 0.0, 0.0, -1.0, 0.0, -1.0, 0.0, 0.0, 0.0, 0.0, 0.0, 0.0, 1.0 ], [ 0.809017, 0.309017, 0.5, 0.0, -0.309017, -0.5, 0.809017, 0.0, 0.5, -0.809017, -0.309017, 0.0, 0.0, 0.0, 0.0, 1.0 ], [ -0.5, 0.809017, 0.309017, 0.0, -0.809017, -0.309017, -0.5, 0.0, -0.309017, -0.5, 0.809017, 0.0, 0.0, 0.0, 0.0, 1.0 ], [ 0.309017, 0.5, -0.809017, 0.0, 0.5, -0.809017, -0.309017, 0.0, -0.809017, -0.309017, -0.5, 0.0, 0.0, 0.0, 0.0, 1.0 ], [ 0.5, 0.809017, 0.309017, 0.0, -0.809017, 0.309017, 0.5, 0.0, 0.309017, -0.5, 0.809017, 0.0, 0.0, 0.0, 0.0, 1.0 ], [ -0.309017, 0.5, -0.809017, 0.0, -0.5, -0.809017, -0.309017, 0.0, -0.809017, 0.309017, 0.5, 0.0, 0.0, 0.0, 0.0, 1.0 ], [ 0.809017, -0.309017, -0.5, 0.0, 0.309017, -0.5, 0.809017, 0.0, -0.5, -0.809017, -0.309017, 0.0, 0.0, 0.0, 0.0, 1.0 ], [ 0.5, 0.809017, -0.309017, 0.0, -0.809017, 0.309017, -0.5, 0.0, -0.309017, 0.5, 0.809017, 0.0, 0.0, 0.0, 0.0, 1.0 ], [ 0.309017, -0.5, -0.809017, 0.0, -0.5, -0.809017, 0.309017, 0.0, -0.809017, 0.309017, -0.5, 0.0, 0.0, 0.0, 0.0, 1.0 ], [ 0.809017, -0.309017, 0.5, 0.0, -0.309017, 0.5, 0.809017, 0.0, -0.5, -0.809017, 0.309017, 0.0, 0.0, 0.0, 0.0, 1.0 ], [ 0.809017, 0.309017, -0.5, 0.0, -0.309017, -0.5, -0.809017, 0.0, -0.5, 0.809017, -0.309017, 0.0, 0.0, 0.0, 0.0, 1.0 ], [ 0.5, -0.809017, 0.309017, 0.0, -0.809017, -0.309017, 0.5, 0.0, -0.309017, -0.5, -0.809017, 0.0, 0.0, 0.0, 0.0, 1.0 ], [ 0.309017, 0.5, 0.809017, 0.0, -0.5, 0.809017, -0.309017, 0.0, -0.809017, -0.309017, 0.5, 0.0, 0.0, 0.0, 0.0, 1.0 ], [ -1.0, 0.0, 0.0, 0.0, 0.0, -1.0, 0.0, 0.0, 0.0, 0.0, 1.0, 0.0, 0.0, 0.0, 0.0, 1.0 ], [ 0.0, 0.0, -1.0, 0.0, -1.0, 0.0, 0.0, 0.0, 0.0, 1.0, 0.0, 0.0, 0.0, 0.0, 0.0, 1.0 ], [ 0.0, -1.0, 0.0, 0.0, 0.0, 0.0, -1.0, 0.0, 1.0, 0.0, 0.0, 0.0, 0.0, 0.0, 0.0, 1.0 ], [ -0.809017, -0.309017, -0.5, 0.0, -0.309017, -0.5, 0.809017, 0.0, -0.5, 0.809017, 0.309017, 0.0, 0.0, 0.0, 0.0, 1.0 ], [ 0.5, -0.809017, -0.309017, 0.0, -0.809017, -0.309017, -0.5, 0.0, 0.309017, 0.5, -0.809017, 0.0, 0.0, 0.0, 0.0, 1.0 ], [ -0.309017, -0.5, 0.809017, 0.0, 0.5, -0.809017, -0.309017, 0.0, 0.809017, 0.309017, 0.5, 0.0, 0.0, 0.0, 0.0, 1.0 ], [ -0.5, -0.809017, -0.309017, 0.0, -0.809017, 0.309017, 0.5, 0.0, -0.309017, 0.5, -0.809017, 0.0, 0.0, 0.0, 0.0, 1.0 ], [ 0.309017, -0.5, 0.809017, 0.0, -0.5, -0.809017, -0.309017, 0.0, 0.809017, -0.309017, -0.5, 0.0, 0.0, 0.0, 0.0, 1.0 ], [ -0.809017, 0.309017, 0.5, 0.0, 0.309017, -0.5, 0.809017, 0.0, 0.5, 0.809017, 0.309017, 0.0, 0.0, 0.0, 0.0, 1.0 ], [ -0.5, -0.809017, 0.309017, 0.0, -0.809017, 0.309017, -0.5, 0.0, 0.309017, -0.5, -0.809017, 0.0, 0.0, 0.0, 0.0, 1.0 ], [ -0.309017, 0.5, 0.809017, 0.0, -0.5, -0.809017, 0.309017, 0.0, 0.809017, -0.309017, 0.5, 0.0, 0.0, 0.0, 0.0, 1.0 ], [ -0.809017, 0.309017, -0.5, 0.0, -0.309017, 0.5, 0.809017, 0.0, 0.5, 0.809017, -0.309017, 0.0, 0.0, 0.0, 0.0, 1.0 ], [ -0.809017, -0.309017, 0.5, 0.0, -0.309017, -0.5, -0.809017, 0.0, 0.5, -0.809017, 0.309017, 0.0, 0.0, 0.0, 0.0, 1.0 ], [ -0.5, 0.809017, -0.309017, 0.0, -0.809017, -0.309017, 0.5, 0.0, 0.309017, 0.5, 0.809017, 0.0, 0.0, 0.0, 0.0, 1.0 ], [ -0.309017, -0.5, -0.809017, 0.0, -0.5, 0.809017, -0.309017, 0.0, 0.809017, 0.309017, -0.5, 0.0, 0.0, 0.0, 0.0, 1.0 ], [ -1.0, 0.0, 0.0, 0.0, 0.0, 1.0, 0.0, 0.0, 0.0, 0.0, -1.0, 0.0, 0.0, 0.0, 0.0, 1.0 ], [ 0.0, 0.0, -1.0, 0.0, 1.0, 0.0, 0.0, 0.0, 0.0, -1.0, 0.0, 0.0, 0.0, 0.0, 0.0, 1.0 ], [ 0.0, -1.0, 0.0, 0.0, 0.0, 0.0, 1.0, 0.0, -1.0, 0.0, 0.0, 0.0, 0.0, 0.0, 0.0, 1.0 ], [ -0.809017, -0.309017, -0.5, 0.0, 0.309017, 0.5, -0.809017, 0.0, 0.5, -0.809017, -0.309017, 0.0, 0.0, 0.0, 0.0, 1.0 ], [ 0.5, -0.809017, -0.309017, 0.0, 0.809017, 0.309017, 0.5, 0.0, -0.309017, -0.5, 0.809017, 0.0, 0.0, 0.0, 0.0, 1.0 ], [ -0.309017, -0.5, 0.809017, 0.0, -0.5, 0.809017, 0.309017, 0.0, -0.809017, -0.309017, -0.5, 0.0, 0.0, 0.0, 0.0, 1.0 ], [ -0.5, -0.809017, -0.309017, 0.0, 0.809017, -0.309017, -0.5, 0.0, 0.309017, -0.5, 0.809017, 0.0, 0.0, 0.0, 0.0, 1.0 ], [ 0.309017, -0.5, 0.809017, 0.0, 0.5, 0.809017, 0.309017, 0.0, -0.809017, 0.309017, 0.5, 0.0, 0.0, 0.0, 0.0, 1.0 ], [ -0.809017, 0.309017, 0.5, 0.0, -0.309017, 0.5, -0.809017, 0.0, -0.5, -0.809017, -0.309017, 0.0, 0.0, 0.0, 0.0, 1.0 ], [ -0.5, -0.809017, 0.309017, 0.0, 0.809017, -0.309017, 0.5, 0.0, -0.309017, 0.5, 0.809017, 0.0, 0.0, 0.0, 0.0, 1.0 ], [ -0.309017, 0.5, 0.809017, 0.0, 0.5, 0.809017, -0.309017, 0.0, -0.809017, 0.309017, -0.5, 0.0, 0.0, 0.0, 0.0, 1.0 ], [ -0.809017, 0.309017, -0.5, 0.0, 0.309017, -0.5, -0.809017, 0.0, -0.5, -0.809017, 0.309017, 0.0, 0.0, 0.0, 0.0, 1.0 ], [ -0.809017, -0.309017, 0.5, 0.0, 0.309017, 0.5, 0.809017, 0.0, -0.5, 0.809017, -0.309017, 0.0, 0.0, 0.0, 0.0, 1.0 ], [ -0.5, 0.809017, -0.309017, 0.0, 0.809017, 0.309017, -0.5, 0.0, -0.309017, -0.5, -0.809017, 0.0, 0.0, 0.0, 0.0, 1.0 ], [ -0.309017, -0.5, -0.809017, 0.0, 0.5, -0.809017, 0.309017, 0.0, -0.809017, -0.309017, 0.5, 0.0, 0.0, 0.0, 0.0, 1.0 ] ],
  "lights" : {
    "ambientColor" : "#292929",
    "backgroundColor" : "#AFC8DC",
    "directionalLights" : [ {
      "direction" : {
        "x" : 1.0,
        "y" : -1.0,
        "z" : -1.0
      },
      "color" : "#EBEBE4"
    }, {
      "direction" : {
        "x" : -1.0,
        "y" : 0.0,
        "z" : 0.0
      },
      "color" : "#E4E4EB"
    }, {
      "direction" : {
        "x" : 0.0,
        "y" : 0.0,
        "z" : -1.0
      },
      "color" : "#1E1E1E"
    } ]
  },
  "camera" : {
    "stereo" : false,
    "width" : 214.94278,
    "lookDirection" : {
      "x" : 0.616957,
      "y" : 0.13300852,
      "z" : 0.7756745
    },
    "upDirection" : {
      "x" : 0.78248936,
      "y" : 0.001658001,
      "z" : -0.6226624
    },
    "lookAtPoint" : {
      "x" : 0.0,
      "y" : 0.0,
      "z" : 0.0
    },
    "viewDistance" : 477.65057,
    "nearClipDistance" : 1.1941262,
    "farClipDistance" : 955.3011,
    "fieldOfView" : 0.44262892,
    "perspective" : true,
    "position" : {
      "x" : -294.68988,
      "y" : -63.531597,
      "z" : -370.50137
    }
  },
  "embedding" : [ 1.0, 0.0, 0.0, 0.0, 0.0, 1.0, 0.0, 0.0, 0.0, 0.0, 1.0, 0.0, 0.0, 0.0, 0.0, 1.0 ],
  "shapes" : [ {
    "id" : "9831098b-84e6-4ae3-902e-f7add6b08b03",
    "vertices" : [ {
      "x" : 4.547969,
      "y" : -3.5634701,
      "z" : -13.88453
    }, {
      "x" : 4.447969,
      "y" : -3.9634702,
      "z" : -13.78453
    }, {
      "x" : 0.3061332,
      "y" : -0.4365298,
      "z" : -0.44170815
    }, {
      "x" : 0.4061332,
      "y" : -0.036529776,
      "z" : -0.5417082
    }, {
      "x" : 4.7479687,
      "y" : -4.0968037,
      "z" : -13.551196
    }, {
      "x" : 4.8479686,
      "y" : -3.6968036,
      "z" : -13.6511965
    }, {
      "x" : 0.106133215,
      "y" : 0.09680356,
      "z" : -0.7750415
    }, {
      "x" : 0.0061332127,
      "y" : -0.30319643,
      "z" : -0.6750415
    } ],
    "faces" : [ {
      "vertices" : [ 2, 3, 6 ]
    }, {
      "vertices" : [ 2, 6, 7 ]
    }, {
      "vertices" : [ 0, 5, 4 ]
    }, {
      "vertices" : [ 0, 4, 1 ]
    }, {
      "vertices" : [ 2, 4, 5 ]
    }, {
      "vertices" : [ 2, 5, 3 ]
    }, {
      "vertices" : [ 0, 6, 3 ]
    }, {
      "vertices" : [ 0, 3, 5 ]
    }, {
      "vertices" : [ 0, 1, 7 ]
    }, {
      "vertices" : [ 0, 7, 6 ]
    }, {
      "vertices" : [ 1, 4, 2 ]
    }, {
      "vertices" : [ 1, 2, 7 ]
    } ]
  }, {
    "id" : "34ba4504-0c48-4074-a598-8a3c1bf20cca",
    "vertices" : [ {
      "x" : 0.309017,
      "y" : -0.809017,
      "z" : 0.618034
    }, {
      "x" : 0.809017,
      "y" : -0.618034,
      "z" : 0.309017
    }, {
      "x" : 0.618034,
      "y" : -0.309017,
      "z" : 0.809017
    }, {
      "x" : 1.0,
      "y" : 0.309017,
      "z" : 0.19098301
    }, {
      "x" : 0.809017,
      "y" : 0.618034,
      "z" : 0.309017
    }, {
      "x" : 0.618034,
      "y" : 0.309017,
      "z" : 0.809017
    }, {
      "x" : 0.809017,
      "y" : 0.0,
      "z" : 0.690983
    }, {
      "x" : 0.19098301,
      "y" : -1.0,
      "z" : 0.309017
    }, {
      "x" : -0.19098301,
      "y" : -1.0,
      "z" : 0.309017
    }, {
      "x" : -0.19098301,
      "y" : -1.0,
      "z" : -0.309017
    }, {
      "x" : 0.19098301,
      "y" : -1.0,
      "z" : -0.309017
    }, {
      "x" : 1.0,
      "y" : -0.309017,
      "z" : -0.19098301
    }, {
      "x" : 0.809017,
      "y" : -0.618034,
      "z" : -0.309017
    }, {
      "x" : 0.618034,
      "y" : -0.309017,
      "z" : -0.809017
    }, {
      "x" : 0.809017,
      "y" : 0.0,
      "z" : -0.690983
    }, {
      "x" : 0.0,
      "y" : 0.690983,
      "z" : -0.809017
    }, {
      "x" : 0.309017,
      "y" : 0.809017,
      "z" : -0.618034
    }, {
      "x" : 0.618034,
      "y" : 0.309017,
      "z" : -0.809017
    }, {
      "x" : 0.309017,
      "y" : 0.19098301,
      "z" : -1.0
    }, {
      "x" : 1.0,
      "y" : 0.309017,
      "z" : -0.19098301
    }, {
      "x" : -0.309017,
      "y" : -0.809017,
      "z" : 0.618034
    }, {
      "x" : 0.0,
      "y" : -0.690983,
      "z" : 0.809017
    }, {
      "x" : 0.809017,
      "y" : 0.618034,
      "z" : -0.309017
    }, {
      "x" : 0.690983,
      "y" : 0.809017,
      "z" : 0.0
    }, {
      "x" : -0.690983,
      "y" : 0.809017,
      "z" : 0.0
    }, {
      "x" : -0.809017,
      "y" : 0.618034,
      "z" : 0.309017
    }, {
      "x" : -0.309017,
      "y" : 0.809017,
      "z" : 0.618034
    }, {
      "x" : -0.19098301,
      "y" : 1.0,
      "z" : 0.309017
    }, {
      "x" : 0.309017,
      "y" : -0.19098301,
      "z" : -1.0
    }, {
      "x" : 0.19098301,
      "y" : 1.0,
      "z" : 0.309017
    }, {
      "x" : 0.309017,
      "y" : 0.809017,
      "z" : 0.618034
    }, {
      "x" : -0.809017,
      "y" : -0.618034,
      "z" : 0.309017
    }, {
      "x" : -0.690983,
      "y" : -0.809017,
      "z" : 0.0
    }, {
      "x" : 0.0,
      "y" : 0.690983,
      "z" : 0.809017
    }, {
      "x" : 0.309017,
      "y" : -0.809017,
      "z" : -0.618034
    }, {
      "x" : 0.0,
      "y" : -0.690983,
      "z" : -0.809017
    }, {
      "x" : -1.0,
      "y" : 0.309017,
      "z" : 0.19098301
    }, {
      "x" : -0.809017,
      "y" : 0.0,
      "z" : 0.690983
    }, {
      "x" : -0.618034,
      "y" : 0.309017,
      "z" : 0.809017
    }, {
      "x" : 1.0,
      "y" : -0.309017,
      "z" : 0.19098301
    }, {
      "x" : -0.309017,
      "y" : -0.809017,
      "z" : -0.618034
    }, {
      "x" : -1.0,
      "y" : 0.309017,
      "z" : -0.19098301
    }, {
      "x" : -1.0,
      "y" : -0.309017,
      "z" : -0.19098301
    }, {
      "x" : -1.0,
      "y" : -0.309017,
      "z" : 0.19098301
    }, {
      "x" : 0.19098301,
      "y" : 1.0,
      "z" : -0.309017
    }, {
      "x" : -0.809017,
      "y" : 0.618034,
      "z" : -0.309017
    }, {
      "x" : -0.19098301,
      "y" : 1.0,
      "z" : -0.309017
    }, {
      "x" : -0.309017,
      "y" : 0.809017,
      "z" : -0.618034
    }, {
      "x" : -0.618034,
      "y" : -0.309017,
      "z" : 0.809017
    }, {
      "x" : 0.309017,
      "y" : 0.19098301,
      "z" : 1.0
    }, {
      "x" : -0.309017,
      "y" : 0.19098301,
      "z" : -1.0
    }, {
      "x" : -0.309017,
      "y" : 0.19098301,
      "z" : 1.0
    }, {
      "x" : -0.309017,
      "y" : -0.19098301,
      "z" : 1.0
    }, {
      "x" : 0.309017,
      "y" : -0.19098301,
      "z" : 1.0
    }, {
      "x" : 0.690983,
      "y" : -0.809017,
      "z" : 0.0
    }, {
      "x" : -0.809017,
      "y" : 0.0,
      "z" : -0.690983
    }, {
      "x" : -0.618034,
      "y" : -0.309017,
      "z" : -0.809017
    }, {
      "x" : -0.309017,
      "y" : -0.19098301,
      "z" : -1.0
    }, {
      "x" : -0.618034,
      "y" : 0.309017,
      "z" : -0.809017
    }, {
      "x" : -0.809017,
      "y" : -0.618034,
      "z" : -0.309017
    } ],
    "faces" : [ {
      "vertices" : [ 9, 40, 35 ]
    }, {
      "vertices" : [ 9, 35, 34 ]
    }, {
      "vertices" : [ 9, 34, 10 ]
    }, {
      "vertices" : [ 0, 1, 2 ]
    }, {
      "vertices" : [ 33, 51, 49 ]
    }, {
      "vertices" : [ 25, 36, 37 ]
    }, {
      "vertices" : [ 25, 37, 38 ]
    }, {
      "vertices" : [ 41, 55, 42 ]
    }, {
      "vertices" : [ 9, 32, 59 ]
    }, {
      "vertices" : [ 9, 59, 40 ]
    }, {
      "vertices" : [ 20, 21, 52 ]
    }, {
      "vertices" : [ 20, 52, 48 ]
    }, {
      "vertices" : [ 26, 33, 30 ]
    }, {
      "vertices" : [ 26, 30, 29 ]
    }, {
      "vertices" : [ 26, 29, 27 ]
    }, {
      "vertices" : [ 3, 4, 5 ]
    }, {
      "vertices" : [ 3, 5, 6 ]
    }, {
      "vertices" : [ 27, 29, 44 ]
    }, {
      "vertices" : [ 27, 44, 46 ]
    }, {
      "vertices" : [ 50, 57, 56 ]
    }, {
      "vertices" : [ 50, 56, 55 ]
    }, {
      "vertices" : [ 50, 55, 58 ]
    }, {
      "vertices" : [ 26, 38, 51 ]
    }, {
      "vertices" : [ 26, 51, 33 ]
    }, {
      "vertices" : [ 45, 47, 58 ]
    }, {
      "vertices" : [ 18, 28, 57 ]
    }, {
      "vertices" : [ 18, 57, 50 ]
    }, {
      "vertices" : [ 40, 59, 56 ]
    }, {
      "vertices" : [ 31, 48, 37 ]
    }, {
      "vertices" : [ 31, 37, 43 ]
    }, {
      "vertices" : [ 7, 8, 9 ]
    }, {
      "vertices" : [ 7, 9, 10 ]
    }, {
      "vertices" : [ 36, 41, 42 ]
    }, {
      "vertices" : [ 36, 42, 43 ]
    }, {
      "vertices" : [ 24, 46, 47 ]
    }, {
      "vertices" : [ 24, 47, 45 ]
    }, {
      "vertices" : [ 4, 30, 5 ]
    }, {
      "vertices" : [ 15, 47, 46 ]
    }, {
      "vertices" : [ 15, 46, 44 ]
    }, {
      "vertices" : [ 15, 44, 16 ]
    }, {
      "vertices" : [ 15, 50, 58 ]
    }, {
      "vertices" : [ 15, 58, 47 ]
    }, {
      "vertices" : [ 24, 45, 41 ]
    }, {
      "vertices" : [ 24, 41, 36 ]
    }, {
      "vertices" : [ 24, 36, 25 ]
    }, {
      "vertices" : [ 11, 14, 19 ]
    }, {
      "vertices" : [ 3, 6, 39 ]
    }, {
      "vertices" : [ 1, 39, 6 ]
    }, {
      "vertices" : [ 1, 6, 2 ]
    }, {
      "vertices" : [ 8, 32, 9 ]
    }, {
      "vertices" : [ 11, 12, 13 ]
    }, {
      "vertices" : [ 11, 13, 14 ]
    }, {
      "vertices" : [ 16, 22, 17 ]
    }, {
      "vertices" : [ 0, 21, 20 ]
    }, {
      "vertices" : [ 0, 20, 8 ]
    }, {
      "vertices" : [ 0, 8, 7 ]
    }, {
      "vertices" : [ 12, 34, 13 ]
    }, {
      "vertices" : [ 35, 40, 56 ]
    }, {
      "vertices" : [ 35, 56, 57 ]
    }, {
      "vertices" : [ 0, 7, 54 ]
    }, {
      "vertices" : [ 0, 54, 1 ]
    }, {
      "vertices" : [ 15, 16, 17 ]
    }, {
      "vertices" : [ 15, 17, 18 ]
    }, {
      "vertices" : [ 3, 19, 22 ]
    }, {
      "vertices" : [ 3, 22, 23 ]
    }, {
      "vertices" : [ 3, 23, 4 ]
    }, {
      "vertices" : [ 7, 10, 54 ]
    }, {
      "vertices" : [ 41, 45, 58 ]
    }, {
      "vertices" : [ 41, 58, 55 ]
    }, {
      "vertices" : [ 3, 39, 11 ]
    }, {
      "vertices" : [ 3, 11, 19 ]
    }, {
      "vertices" : [ 14, 17, 22 ]
    }, {
      "vertices" : [ 14, 22, 19 ]
    }, {
      "vertices" : [ 0, 2, 53 ]
    }, {
      "vertices" : [ 0, 53, 21 ]
    }, {
      "vertices" : [ 49, 51, 52 ]
    }, {
      "vertices" : [ 49, 52, 53 ]
    }, {
      "vertices" : [ 31, 43, 42 ]
    }, {
      "vertices" : [ 31, 42, 59 ]
    }, {
      "vertices" : [ 31, 59, 32 ]
    }, {
      "vertices" : [ 15, 18, 50 ]
    }, {
      "vertices" : [ 42, 55, 56 ]
    }, {
      "vertices" : [ 42, 56, 59 ]
    }, {
      "vertices" : [ 4, 23, 29 ]
    }, {
      "vertices" : [ 4, 29, 30 ]
    }, {
      "vertices" : [ 25, 38, 26 ]
    }, {
      "vertices" : [ 13, 28, 18 ]
    }, {
      "vertices" : [ 13, 18, 17 ]
    }, {
      "vertices" : [ 13, 17, 14 ]
    }, {
      "vertices" : [ 8, 20, 31 ]
    }, {
      "vertices" : [ 8, 31, 32 ]
    }, {
      "vertices" : [ 23, 44, 29 ]
    }, {
      "vertices" : [ 24, 27, 46 ]
    }, {
      "vertices" : [ 37, 48, 52 ]
    }, {
      "vertices" : [ 37, 52, 51 ]
    }, {
      "vertices" : [ 37, 51, 38 ]
    }, {
      "vertices" : [ 20, 48, 31 ]
    }, {
      "vertices" : [ 24, 25, 26 ]
    }, {
      "vertices" : [ 24, 26, 27 ]
    }, {
      "vertices" : [ 16, 44, 23 ]
    }, {
      "vertices" : [ 16, 23, 22 ]
    }, {
      "vertices" : [ 13, 34, 35 ]
    }, {
      "vertices" : [ 13, 35, 28 ]
    }, {
      "vertices" : [ 10, 34, 12 ]
    }, {
      "vertices" : [ 10, 12, 54 ]
    }, {
      "vertices" : [ 2, 6, 5 ]
    }, {
      "vertices" : [ 2, 5, 49 ]
    }, {
      "vertices" : [ 2, 49, 53 ]
    }, {
      "vertices" : [ 36, 43, 37 ]
    }, {
      "vertices" : [ 5, 30, 33 ]
    }, {
      "vertices" : [ 5, 33, 49 ]
    }, {
      "vertices" : [ 1, 54, 12 ]
    }, {
      "vertices" : [ 1, 12, 11 ]
    }, {
      "vertices" : [ 1, 11, 39 ]
    }, {
      "vertices" : [ 28, 35, 57 ]
    }, {
      "vertices" : [ 21, 53, 52 ]
    } ]
  }, {
    "id" : "c9687a1b-d122-4c8a-bc1b-eaa49c9eef68",
    "vertices" : [ {
      "x" : 15.308625,
      "y" : 0.5127315,
      "z" : -4.874969
    }, {
      "x" : 15.208625,
      "y" : 0.91273147,
      "z" : -4.774969
    }, {
      "x" : -0.60042125,
      "y" : 0.10530251,
      "z" : 0.40283293
    }, {
      "x" : -0.5004213,
      "y" : -0.2946975,
      "z" : 0.3028329
    }, {
      "x" : 15.441958,
      "y" : 0.77939814,
      "z" : -4.474969
    }, {
      "x" : 15.541959,
      "y" : 0.37939814,
      "z" : -4.574969
    }, {
      "x" : -0.7337546,
      "y" : -0.16136415,
      "z" : 0.0028329154
    }, {
      "x" : -0.8337546,
      "y" : 0.23863585,
      "z" : 0.10283291
    } ],
    "faces" : [ {
      "vertices" : [ 2, 3, 6 ]
    }, {
      "vertices" : [ 2, 6, 7 ]
    }, {
      "vertices" : [ 0, 5, 4 ]
    }, {
      "vertices" : [ 0, 4, 1 ]
    }, {
      "vertices" : [ 2, 4, 5 ]
    }, {
      "vertices" : [ 2, 5, 3 ]
    }, {
      "vertices" : [ 0, 6, 3 ]
    }, {
      "vertices" : [ 0, 3, 5 ]
    }, {
      "vertices" : [ 0, 1, 7 ]
    }, {
      "vertices" : [ 0, 7, 6 ]
    }, {
      "vertices" : [ 1, 4, 2 ]
    }, {
      "vertices" : [ 1, 2, 7 ]
    } ]
  }, {
    "id" : "04a0c0ca-d624-4302-8bb5-5728c5e9983d",
    "vertices" : [ {
      "x" : 11.634444,
      "y" : 1.9073232,
      "z" : 8.862864
    }, {
      "x" : 11.734445,
      "y" : 1.5073233,
      "z" : 8.962864
    }, {
      "x" : 0.4557253,
      "y" : -0.053221308,
      "z" : 0.609272
    }, {
      "x" : 0.35572532,
      "y" : 0.3467787,
      "z" : 0.509272
    }, {
      "x" : 11.501111,
      "y" : 1.6406566,
      "z" : 9.262864
    }, {
      "x" : 11.401112,
      "y" : 2.0406566,
      "z" : 9.162864
    }, {
      "x" : 0.58905864,
      "y" : 0.21344537,
      "z" : 0.209272
    }, {
      "x" : 0.68905866,
      "y" : -0.18655464,
      "z" : 0.309272
    } ],
    "faces" : [ {
      "vertices" : [ 2, 3, 6 ]
    }, {
      "vertices" : [ 2, 6, 7 ]
    }, {
      "vertices" : [ 0, 5, 4 ]
    }, {
      "vertices" : [ 0, 4, 1 ]
    }, {
      "vertices" : [ 2, 4, 5 ]
    }, {
      "vertices" : [ 2, 5, 3 ]
    }, {
      "vertices" : [ 0, 6, 3 ]
    }, {
      "vertices" : [ 0, 3, 5 ]
    }, {
      "vertices" : [ 0, 1, 7 ]
    }, {
      "vertices" : [ 0, 7, 6 ]
    }, {
      "vertices" : [ 1, 4, 2 ]
    }, {
      "vertices" : [ 1, 2, 7 ]
    } ]
  }, {
    "id" : "0666b381-b2fb-435b-b864-425db663a9b8",
    "vertices" : [ {
      "x" : 1.0,
      "y" : 3.618034,
      "z" : 57.45085
    }, {
      "x" : -3.618034,
      "y" : 4.236068,
      "z" : 58.068882
    }, {
      "x" : 6.854102,
      "y" : -3.618034,
      "z" : 56.45085
    }, {
      "x" : 17.944271,
      "y" : -9.09017,
      "z" : 54.832817
    }, {
      "x" : 14.326238,
      "y" : -4.618034,
      "z" : 55.45085
    } ],
    "faces" : [ {
      "vertices" : [ 0, 1, 2 ]
    }, {
      "vertices" : [ 0, 2, 3 ]
    }, {
      "vertices" : [ 0, 3, 4 ]
    }, {
      "vertices" : [ 0, 4, 3 ]
    }, {
      "vertices" : [ 0, 3, 2 ]
    }, {
      "vertices" : [ 0, 2, 1 ]
    } ]
  }, {
    "id" : "c647a863-a800-4776-9234-e566f38d5157",
    "vertices" : [ {
      "x" : 37.888542,
      "y" : -13.708204,
      "z" : 41.12461
    }, {
      "x" : 29.652475,
      "y" : -27.034441,
      "z" : 41.742645
    }, {
      "x" : 33.27051,
      "y" : -33.652477,
      "z" : 34.27051
    }, {
      "x" : 43.742645,
      "y" : -24.416409,
      "z" : 29.034441
    }, {
      "x" : 46.59675,
      "y" : -12.09017,
      "z" : 33.27051
    } ],
    "faces" : [ {
      "vertices" : [ 0, 1, 2 ]
    }, {
      "vertices" : [ 0, 2, 3 ]
    }, {
      "vertices" : [ 0, 3, 4 ]
    }, {
      "vertices" : [ 0, 4, 3 ]
    }, {
      "vertices" : [ 0, 3, 2 ]
    }, {
      "vertices" : [ 0, 2, 1 ]
    } ]
  }, {
    "id" : "77d442d8-7627-4c7f-b574-129928d6e441",
    "vertices" : [ {
      "x" : -10.5661745,
      "y" : 4.98069,
      "z" : 1.6651909
    }, {
      "x" : -10.666175,
      "y" : 5.0806904,
      "z" : 1.2651908
    }, {
      "x" : -0.52399534,
      "y" : 0.49144572,
      "z" : -0.04715691
    }, {
      "x" : -0.42399532,
      "y" : 0.39144573,
      "z" : 0.35284308
    }, {
      "x" : -10.432841,
      "y" : 5.38069,
      "z" : 1.3985243
    }, {
      "x" : -10.332841,
      "y" : 5.28069,
      "z" : 1.7985243
    }, {
      "x" : -0.65732867,
      "y" : 0.09144574,
      "z" : 0.21950975
    }, {
      "x" : -0.7573286,
      "y" : 0.19144574,
      "z" : -0.18049024
    } ],
    "faces" : [ {
      "vertices" : [ 2, 3, 6 ]
    }, {
      "vertices" : [ 2, 6, 7 ]
    }, {
      "vertices" : [ 0, 5, 4 ]
    }, {
      "vertices" : [ 0, 4, 1 ]
    }, {
      "vertices" : [ 2, 4, 5 ]
    }, {
      "vertices" : [ 2, 5, 3 ]
    }, {
      "vertices" : [ 0, 6, 3 ]
    }, {
      "vertices" : [ 0, 3, 5 ]
    }, {
      "vertices" : [ 0, 1, 7 ]
    }, {
      "vertices" : [ 0, 7, 6 ]
    }, {
      "vertices" : [ 1, 4, 2 ]
    }, {
      "vertices" : [ 1, 2, 7 ]
    } ]
  }, {
    "id" : "b2deb899-3b84-4f4a-8ab2-782b667c58e2",
    "vertices" : [ {
      "x" : 10.7233925,
      "y" : 6.7880087,
      "z" : 2.5890315
    }, {
      "x" : 10.623393,
      "y" : 6.688009,
      "z" : 2.9890316
    }, {
      "x" : 0.36677712,
      "y" : 0.44805917,
      "z" : 0.41096845
    }, {
      "x" : 0.46677712,
      "y" : 0.54805917,
      "z" : 0.010968453
    }, {
      "x" : 10.390059,
      "y" : 6.988009,
      "z" : 3.122365
    }, {
      "x" : 10.49006,
      "y" : 7.088009,
      "z" : 2.722365
    }, {
      "x" : 0.70011044,
      "y" : 0.24805918,
      "z" : -0.12236488
    }, {
      "x" : 0.6001105,
      "y" : 0.14805917,
      "z" : 0.27763513
    } ],
    "faces" : [ {
      "vertices" : [ 2, 3, 6 ]
    }, {
      "vertices" : [ 2, 6, 7 ]
    }, {
      "vertices" : [ 0, 5, 4 ]
    }, {
      "vertices" : [ 0, 4, 1 ]
    }, {
      "vertices" : [ 2, 4, 5 ]
    }, {
      "vertices" : [ 2, 5, 3 ]
    }, {
      "vertices" : [ 0, 6, 3 ]
    }, {
      "vertices" : [ 0, 3, 5 ]
    }, {
      "vertices" : [ 0, 1, 7 ]
    }, {
      "vertices" : [ 0, 7, 6 ]
    }, {
      "vertices" : [ 1, 4, 2 ]
    }, {
      "vertices" : [ 1, 2, 7 ]
    } ]
  }, {
    "id" : "2f9b52d0-b501-4e8f-8e9f-79ea1045c4ce",
    "vertices" : [ {
      "x" : -46.36068,
      "y" : 4.854102,
      "z" : 34.888542
    }, {
      "x" : -36.506577,
      "y" : 9.472136,
      "z" : 44.742645
    }, {
      "x" : -34.27051,
      "y" : 23.798374,
      "z" : 40.742645
    }, {
      "x" : -42.742645,
      "y" : 28.034441,
      "z" : 28.416409
    }, {
      "x" : -50.214783,
      "y" : 16.326239,
      "z" : 24.798374
    } ],
    "faces" : [ {
      "vertices" : [ 0, 1, 2 ]
    }, {
      "vertices" : [ 0, 2, 3 ]
    }, {
      "vertices" : [ 0, 3, 4 ]
    }, {
      "vertices" : [ 0, 4, 3 ]
    }, {
      "vertices" : [ 0, 3, 2 ]
    }, {
      "vertices" : [ 0, 2, 1 ]
    } ]
  }, {
    "id" : "363458b7-99fb-45b0-afbe-fcf210d853b9",
    "vertices" : [ {
      "x" : 8.874729,
      "y" : 3.233631,
      "z" : -11.649589
    }, {
      "x" : 8.974729,
      "y" : 2.8336308,
      "z" : -11.749589
    }, {
      "x" : 0.59740704,
      "y" : 0.002437112,
      "z" : -0.44058093
    }, {
      "x" : 0.49740702,
      "y" : 0.40243712,
      "z" : -0.34058094
    }, {
      "x" : 9.274729,
      "y" : 2.9669642,
      "z" : -11.516255
    }, {
      "x" : 9.174729,
      "y" : 3.366964,
      "z" : -11.416256
    }, {
      "x" : 0.19740702,
      "y" : 0.26910377,
      "z" : -0.5739143
    }, {
      "x" : 0.297407,
      "y" : -0.13089623,
      "z" : -0.67391425
    } ],
    "faces" : [ {
      "vertices" : [ 2, 3, 6 ]
    }, {
      "vertices" : [ 2, 6, 7 ]
    }, {
      "vertices" : [ 0, 5, 4 ]
    }, {
      "vertices" : [ 0, 4, 1 ]
    }, {
      "vertices" : [ 2, 4, 5 ]
    }, {
      "vertices" : [ 2, 5, 3 ]
    }, {
      "vertices" : [ 0, 6, 3 ]
    }, {
      "vertices" : [ 0, 3, 5 ]
    }, {
      "vertices" : [ 0, 1, 7 ]
    }, {
      "vertices" : [ 0, 7, 6 ]
    }, {
      "vertices" : [ 1, 4, 2 ]
    }, {
      "vertices" : [ 1, 2, 7 ]
    } ]
  }, {
    "id" : "e1ccac5f-8f4b-41ff-bbc4-fdb714ebb2d9",
    "vertices" : [ {
      "x" : -8.27966,
      "y" : -1.6593543,
      "z" : 7.207462
    }, {
      "x" : -8.37966,
      "y" : -1.2593544,
      "z" : 7.3074617
    }, {
      "x" : -0.42854396,
      "y" : 0.041320372,
      "z" : 0.6466403
    }, {
      "x" : -0.32854396,
      "y" : -0.35867962,
      "z" : 0.5466403
    }, {
      "x" : -8.146327,
      "y" : -1.3926877,
      "z" : 7.6074615
    }, {
      "x" : -8.046327,
      "y" : -1.7926877,
      "z" : 7.5074615
    }, {
      "x" : -0.5618773,
      "y" : -0.2253463,
      "z" : 0.2466403
    }, {
      "x" : -0.6618773,
      "y" : 0.17465371,
      "z" : 0.3466403
    } ],
    "faces" : [ {
      "vertices" : [ 2, 3, 6 ]
    }, {
      "vertices" : [ 2, 6, 7 ]
    }, {
      "vertices" : [ 0, 5, 4 ]
    }, {
      "vertices" : [ 0, 4, 1 ]
    }, {
      "vertices" : [ 2, 4, 5 ]
    }, {
      "vertices" : [ 2, 5, 3 ]
    }, {
      "vertices" : [ 0, 6, 3 ]
    }, {
      "vertices" : [ 0, 3, 5 ]
    }, {
      "vertices" : [ 0, 1, 7 ]
    }, {
      "vertices" : [ 0, 7, 6 ]
    }, {
      "vertices" : [ 1, 4, 2 ]
    }, {
      "vertices" : [ 1, 2, 7 ]
    } ]
  }, {
    "id" : "82aff9b0-4c2e-4e51-b4a9-200a6b2988fd",
    "vertices" : [ {
      "x" : -13.760858,
      "y" : 2.27075,
      "z" : -4.439948
    }, {
      "x" : -13.860857,
      "y" : 1.8707501,
      "z" : -4.539948
    }, {
      "x" : -0.56538045,
      "y" : -0.03468215,
      "z" : -0.414154
    }, {
      "x" : -0.46538046,
      "y" : 0.36531785,
      "z" : -0.314154
    }, {
      "x" : -13.627524,
      "y" : 2.0040834,
      "z" : -4.839948
    }, {
      "x" : -13.527524,
      "y" : 2.4040835,
      "z" : -4.739948
    }, {
      "x" : -0.6987138,
      "y" : 0.23198451,
      "z" : -0.014154002
    }, {
      "x" : -0.7987138,
      "y" : -0.16801548,
      "z" : -0.114154
    } ],
    "faces" : [ {
      "vertices" : [ 2, 3, 6 ]
    }, {
      "vertices" : [ 2, 6, 7 ]
    }, {
      "vertices" : [ 0, 5, 4 ]
    }, {
      "vertices" : [ 0, 4, 1 ]
    }, {
      "vertices" : [ 2, 4, 5 ]
    }, {
      "vertices" : [ 2, 5, 3 ]
    }, {
      "vertices" : [ 0, 6, 3 ]
    }, {
      "vertices" : [ 0, 3, 5 ]
    }, {
      "vertices" : [ 0, 1, 7 ]
    }, {
      "vertices" : [ 0, 7, 6 ]
    }, {
      "vertices" : [ 1, 4, 2 ]
    }, {
      "vertices" : [ 1, 2, 7 ]
    } ]
  }, {
    "id" : "52c531aa-58a6-4673-9cea-b46b6ee4350f",
    "vertices" : [ {
      "x" : 12.235207,
      "y" : 5.9972916,
      "z" : -5.512793
    }, {
      "x" : 12.335207,
      "y" : 6.0972915,
      "z" : -5.112793
    }, {
      "x" : 0.4729971,
      "y" : 0.47484428,
      "z" : -0.105240844
    }, {
      "x" : 0.3729971,
      "y" : 0.37484428,
      "z" : -0.50524086
    }, {
      "x" : 12.101873,
      "y" : 6.3972917,
      "z" : -5.2461267
    }, {
      "x" : 12.001874,
      "y" : 6.2972918,
      "z" : -5.6461263
    }, {
      "x" : 0.6063304,
      "y" : 0.074844286,
      "z" : -0.3719075
    }, {
      "x" : 0.7063304,
      "y" : 0.17484428,
      "z" : 0.028092487
    } ],
    "faces" : [ {
      "vertices" : [ 2, 3, 6 ]
    }, {
      "vertices" : [ 2, 6, 7 ]
    }, {
      "vertices" : [ 0, 5, 4 ]
    }, {
      "vertices" : [ 0, 4, 1 ]
    }, {
      "vertices" : [ 2, 4, 5 ]
    }, {
      "vertices" : [ 2, 5, 3 ]
    }, {
      "vertices" : [ 0, 6, 3 ]
    }, {
      "vertices" : [ 0, 3, 5 ]
    }, {
      "vertices" : [ 0, 1, 7 ]
    }, {
      "vertices" : [ 0, 7, 6 ]
    }, {
      "vertices" : [ 1, 4, 2 ]
    }, {
      "vertices" : [ 1, 2, 7 ]
    } ]
  }, {
    "id" : "d8ba163c-4e57-496b-b583-20ddb949d77d",
    "vertices" : [ {
      "x" : -1.0,
      "y" : -3.618034,
      "z" : -57.45085
    }, {
      "x" : 3.618034,
      "y" : -4.236068,
      "z" : -58.068882
    }, {
      "x" : 4.236068,
      "y" : -18.944271,
      "z" : -54.45085
    }, {
      "x" : 0.0,
      "y" : -27.416409,
      "z" : -51.59675
    }, {
      "x" : -3.236068,
      "y" : -17.944271,
      "z" : -53.45085
    } ],
    "faces" : [ {
      "vertices" : [ 0, 1, 2 ]
    }, {
      "vertices" : [ 0, 2, 3 ]
    }, {
      "vertices" : [ 0, 3, 4 ]
    }, {
      "vertices" : [ 0, 4, 3 ]
    }, {
      "vertices" : [ 0, 3, 2 ]
    }, {
      "vertices" : [ 0, 2, 1 ]
    } ]
  }, {
    "id" : "6c2ece67-d3b3-4d87-ae1d-4a6f212ec694",
    "vertices" : [ {
      "x" : 2.2678812,
      "y" : 13.7424755,
      "z" : -3.618395
    }, {
      "x" : 1.8678811,
      "y" : 13.842476,
      "z" : -3.718395
    }, {
      "x" : -0.03181308,
      "y" : 0.5837623,
      "z" : -0.38160494
    }, {
      "x" : 0.36818692,
      "y" : 0.48376226,
      "z" : -0.28160495
    }, {
      "x" : 2.0012145,
      "y" : 13.609142,
      "z" : -4.018395
    }, {
      "x" : 2.4012144,
      "y" : 13.509142,
      "z" : -3.918395
    }, {
      "x" : 0.23485358,
      "y" : 0.7170956,
      "z" : 0.01839505
    }, {
      "x" : -0.16514641,
      "y" : 0.8170956,
      "z" : -0.08160495
    } ],
    "faces" : [ {
      "vertices" : [ 2, 3, 6 ]
    }, {
      "vertices" : [ 2, 6, 7 ]
    }, {
      "vertices" : [ 0, 5, 4 ]
    }, {
      "vertices" : [ 0, 4, 1 ]
    }, {
      "vertices" : [ 2, 4, 5 ]
    }, {
      "vertices" : [ 2, 5, 3 ]
    }, {
      "vertices" : [ 0, 6, 3 ]
    }, {
      "vertices" : [ 0, 3, 5 ]
    }, {
      "vertices" : [ 0, 1, 7 ]
    }, {
      "vertices" : [ 0, 7, 6 ]
    }, {
      "vertices" : [ 1, 4, 2 ]
    }, {
      "vertices" : [ 1, 2, 7 ]
    } ]
  }, {
    "id" : "ba406820-7cb0-482d-a07b-61830c650b41",
    "vertices" : [ {
      "x" : 0.30030745,
      "y" : -1.7347667,
      "z" : 7.7222986
    }, {
      "x" : 0.7003074,
      "y" : -1.6347668,
      "z" : 7.6222987
    }, {
      "x" : 0.31772655,
      "y" : -0.26523325,
      "z" : 0.51376945
    }, {
      "x" : -0.08227345,
      "y" : -0.36523324,
      "z" : 0.6137694
    }, {
      "x" : 0.83364075,
      "y" : -1.9347668,
      "z" : 7.388965
    }, {
      "x" : 0.43364078,
      "y" : -2.0347667,
      "z" : 7.488965
    }, {
      "x" : -0.2156068,
      "y" : -0.06523324,
      "z" : 0.84710276
    }, {
      "x" : 0.18439321,
      "y" : 0.03476676,
      "z" : 0.7471028
    } ],
    "faces" : [ {
      "vertices" : [ 2, 3, 6 ]
    }, {
      "vertices" : [ 2, 6, 7 ]
    }, {
      "vertices" : [ 0, 5, 4 ]
    }, {
      "vertices" : [ 0, 4, 1 ]
    }, {
      "vertices" : [ 2, 4, 5 ]
    }, {
      "vertices" : [ 2, 5, 3 ]
    }, {
      "vertices" : [ 0, 6, 3 ]
    }, {
      "vertices" : [ 0, 3, 5 ]
    }, {
      "vertices" : [ 0, 1, 7 ]
    }, {
      "vertices" : [ 0, 7, 6 ]
    }, {
      "vertices" : [ 1, 4, 2 ]
    }, {
      "vertices" : [ 1, 2, 7 ]
    } ]
  }, {
    "id" : "d147adff-b8b8-43ad-9832-ed0f26a8e60a",
    "vertices" : [ {
      "x" : 4.927051,
      "y" : 5.045085,
      "z" : 9.472136
    }, {
      "x" : 4.736068,
      "y" : 4.236068,
      "z" : 8.854102
    }, {
      "x" : 0.5,
      "y" : 1.0,
      "z" : 1.618034
    }, {
      "x" : 0.809017,
      "y" : 1.118034,
      "z" : 1.427051
    }, {
      "x" : 0.309017,
      "y" : 0.809017,
      "z" : 0.618034
    }, {
      "x" : 0.0,
      "y" : 0.690983,
      "z" : 0.809017
    }, {
      "x" : 4.427051,
      "y" : 4.118034,
      "z" : 9.045085
    }, {
      "x" : 4.927051,
      "y" : 4.427051,
      "z" : 9.854102
    }, {
      "x" : 4.118034,
      "y" : 4.618034,
      "z" : 8.854102
    }, {
      "x" : 0.309017,
      "y" : 0.19098301,
      "z" : 1.0
    }, {
      "x" : 0.618034,
      "y" : 0.309017,
      "z" : 0.809017
    }, {
      "x" : 1.118034,
      "y" : 0.618034,
      "z" : 1.618034
    }, {
      "x" : 0.809017,
      "y" : 0.5,
      "z" : 1.809017
    }, {
      "x" : 4.618034,
      "y" : 4.927051,
      "z" : 9.663119
    }, {
      "x" : 4.427051,
      "y" : 4.736068,
      "z" : 8.663119
    }, {
      "x" : 5.236068,
      "y" : 4.545085,
      "z" : 9.663119
    }, {
      "x" : 5.236068,
      "y" : 5.236068,
      "z" : 10.472136
    } ],
    "faces" : [ {
      "vertices" : [ 6, 7, 13 ]
    }, {
      "vertices" : [ 6, 13, 8 ]
    }, {
      "vertices" : [ 0, 14, 8 ]
    }, {
      "vertices" : [ 0, 8, 13 ]
    }, {
      "vertices" : [ 9, 10, 11 ]
    }, {
      "vertices" : [ 9, 11, 12 ]
    }, {
      "vertices" : [ 2, 8, 14 ]
    }, {
      "vertices" : [ 2, 14, 3 ]
    }, {
      "vertices" : [ 3, 11, 10 ]
    }, {
      "vertices" : [ 3, 10, 4 ]
    }, {
      "vertices" : [ 2, 5, 9 ]
    }, {
      "vertices" : [ 2, 9, 12 ]
    }, {
      "vertices" : [ 2, 12, 6 ]
    }, {
      "vertices" : [ 2, 6, 8 ]
    }, {
      "vertices" : [ 1, 11, 3 ]
    }, {
      "vertices" : [ 1, 3, 14 ]
    }, {
      "vertices" : [ 1, 15, 7 ]
    }, {
      "vertices" : [ 1, 7, 6 ]
    }, {
      "vertices" : [ 2, 3, 4 ]
    }, {
      "vertices" : [ 2, 4, 5 ]
    }, {
      "vertices" : [ 0, 15, 1 ]
    }, {
      "vertices" : [ 0, 1, 14 ]
    }, {
      "vertices" : [ 1, 6, 12 ]
    }, {
      "vertices" : [ 1, 12, 11 ]
    } ]
  }, {
    "id" : "b14a1052-ba76-4512-8cb3-54b4a78739e1",
    "vertices" : [ {
      "x" : -1.6916976,
      "y" : -0.71790004,
      "z" : -12.671273
    }, {
      "x" : -1.7916976,
      "y" : -0.31790003,
      "z" : -12.771273
    }, {
      "x" : -0.30830237,
      "y" : 0.099866055,
      "z" : -0.654965
    }, {
      "x" : -0.20830238,
      "y" : -0.30013394,
      "z" : -0.554965
    }, {
      "x" : -2.0916977,
      "y" : -0.4512334,
      "z" : -12.53794
    }, {
      "x" : -1.9916977,
      "y" : -0.85123336,
      "z" : -12.43794
    }, {
      "x" : 0.09169762,
      "y" : -0.1668006,
      "z" : -0.7882983
    }, {
      "x" : -0.008302383,
      "y" : 0.23319939,
      "z" : -0.88829833
    } ],
    "faces" : [ {
      "vertices" : [ 2, 3, 6 ]
    }, {
      "vertices" : [ 2, 6, 7 ]
    }, {
      "vertices" : [ 0, 5, 4 ]
    }, {
      "vertices" : [ 0, 4, 1 ]
    }, {
      "vertices" : [ 2, 4, 5 ]
    }, {
      "vertices" : [ 2, 5, 3 ]
    }, {
      "vertices" : [ 0, 6, 3 ]
    }, {
      "vertices" : [ 0, 3, 5 ]
    }, {
      "vertices" : [ 0, 1, 7 ]
    }, {
      "vertices" : [ 0, 7, 6 ]
    }, {
      "vertices" : [ 1, 4, 2 ]
    }, {
      "vertices" : [ 1, 2, 7 ]
    } ]
  }, {
    "id" : "38d702d4-2570-417a-a9ff-67ff67f64c90",
    "vertices" : [ {
      "x" : -10.176155,
      "y" : -8.728029,
      "z" : 4.7380776
    }, {
      "x" : -10.076156,
      "y" : -8.628029,
      "z" : 5.1380777
    }, {
      "x" : -0.29598048,
      "y" : -0.50803906,
      "z" : 0.49799025
    }, {
      "x" : -0.39598048,
      "y" : -0.6080391,
      "z" : 0.09799024
    }, {
      "x" : -9.842822,
      "y" : -8.928029,
      "z" : 5.271411
    }, {
      "x" : -9.942822,
      "y" : -9.0280285,
      "z" : 4.871411
    }, {
      "x" : -0.6293138,
      "y" : -0.30803904,
      "z" : -0.035343096
    }, {
      "x" : -0.5293138,
      "y" : -0.20803906,
      "z" : 0.3646569
    } ],
    "faces" : [ {
      "vertices" : [ 2, 3, 6 ]
    }, {
      "vertices" : [ 2, 6, 7 ]
    }, {
      "vertices" : [ 0, 5, 4 ]
    }, {
      "vertices" : [ 0, 4, 1 ]
    }, {
      "vertices" : [ 2, 4, 5 ]
    }, {
      "vertices" : [ 2, 5, 3 ]
    }, {
      "vertices" : [ 0, 6, 3 ]
    }, {
      "vertices" : [ 0, 3, 5 ]
    }, {
      "vertices" : [ 0, 1, 7 ]
    }, {
      "vertices" : [ 0, 7, 6 ]
    }, {
      "vertices" : [ 1, 4, 2 ]
    }, {
      "vertices" : [ 1, 2, 7 ]
    } ]
  }, {
    "id" : "f2e9c043-60e4-48b9-9881-10aeedc8a5ea",
    "vertices" : [ {
      "x" : 9.30542,
      "y" : -1.2564589,
      "z" : 5.051159
    }, {
      "x" : 9.2054205,
      "y" : -1.656459,
      "z" : 4.951159
    }, {
      "x" : 0.40278378,
      "y" : -0.36157507,
      "z" : 0.420977
    }, {
      "x" : 0.5027838,
      "y" : 0.038424928,
      "z" : 0.520977
    }, {
      "x" : 8.972087,
      "y" : -1.7897923,
      "z" : 5.2511587
    }, {
      "x" : 9.072087,
      "y" : -1.3897922,
      "z" : 5.351159
    }, {
      "x" : 0.7361171,
      "y" : 0.17175826,
      "z" : 0.22097701
    }, {
      "x" : 0.6361171,
      "y" : -0.22824174,
      "z" : 0.12097701
    } ],
    "faces" : [ {
      "vertices" : [ 2, 3, 6 ]
    }, {
      "vertices" : [ 2, 6, 7 ]
    }, {
      "vertices" : [ 0, 5, 4 ]
    }, {
      "vertices" : [ 0, 4, 1 ]
    }, {
      "vertices" : [ 2, 4, 5 ]
    }, {
      "vertices" : [ 2, 5, 3 ]
    }, {
      "vertices" : [ 0, 6, 3 ]
    }, {
      "vertices" : [ 0, 3, 5 ]
    }, {
      "vertices" : [ 0, 1, 7 ]
    }, {
      "vertices" : [ 0, 7, 6 ]
    }, {
      "vertices" : [ 1, 4, 2 ]
    }, {
      "vertices" : [ 1, 2, 7 ]
    } ]
  }, {
    "id" : "bfbdefb3-f4b0-4a1b-bee7-baa858c631c7",
    "vertices" : [ {
      "x" : 10.109633,
      "y" : -7.357225,
      "z" : -1.2696061
    }, {
      "x" : 10.009633,
      "y" : -7.257225,
      "z" : -1.6696062
    }, {
      "x" : 0.36250266,
      "y" : -0.496877,
      "z" : -0.34842783
    }, {
      "x" : 0.46250266,
      "y" : -0.596877,
      "z" : 0.051572174
    }, {
      "x" : 9.776299,
      "y" : -7.5572248,
      "z" : -1.8029395
    }, {
      "x" : 9.8763,
      "y" : -7.657225,
