{
  "field" : "golden",
  "symmetry" : "icosahedral",
  "orientations" : [ [ 1.0, 0.0, 0.0, 0.0, 0.0, 1.0, 0.0, 0.0, 0.0, 0.0, 1.0, 0.0, 0.0, 0.0, 0.0, 1.0 ], [ 0.0, 0.0, 1.0, 0.0, 1.0, 0.0, 0.0, 0.0, 0.0, 1.0, 0.0, 0.0, 0.0, 0.0, 0.0, 1.0 ], [ 0.0, 1.0, 0.0, 0.0, 0.0, 0.0, 1.0, 0.0, 1.0, 0.0, 0.0, 0.0, 0.0, 0.0, 0.0, 1.0 ], [ 0.809017, 0.309017, 0.5, 0.0, 0.309017, 0.5, -0.809017, 0.0, -0.5, 0.809017, 0.309017, 0.0, 0.0, 0.0, 0.0, 1.0 ], [ -0.5, 0.809017, 0.309017, 0.0, 0.809017, 0.309017, 0.5, 0.0, 0.309017, 0.5, -0.809017, 0.0, 0.0, 0.0, 0.0, 1.0 ], [ 0.309017, 0.5, -0.809017, 0.0, -0.5, 0.809017, 0.309017, 0.0, 0.809017, 0.309017, 0.5, 0.0, 0.0, 0.0, 0.0, 1.0 ], [ 0.5, 0.809017, 0.309017, 0.0, 0.809017, -0.309017, -0.5, 0.0, -0.309017, 0.5, -0.809017, 0.0, 0.0, 0.0, 0.0, 1.0 ], [ -0.309017, 0.5, -0.809017, 0.0, 0.5, 0.809017, 0.309017, 0.0, 0.809017, -0.309017, -0.5, 0.0, 0.0, 0.0, 0.0, 1.0 ], [ 0.809017, -0.309017, -0.5, 0.0, -0.309017, 0.5, -0.809017, 0.0, 0.5, 0.809017, 0.309017, 0.0, 0.0, 0.0, 0.0, 1.0 ], [ 0.5, 0.809017, -0.309017, 0.0, 0.809017, -0.309017, 0.5, 0.0, 0.309017, -0.5, -0.809017, 0.0, 0.0, 0.0, 0.0, 1.0 ], [ 0.309017, -0.5, -0.809017, 0.0, 0.5, 0.809017, -0.309017, 0.0, 0.809017, -0.309017, 0.5, 0.0, 0.0, 0.0, 0.0, 1.0 ], [ 0.809017, -0.309017, 0.5, 0.0, 0.309017, -0.5, -0.809017, 0.0, 0.5, 0.809017, -0.309017, 0.0, 0.0, 0.0, 0.0, 1.0 ], [ 0.809017, 0.309017, -0.5, 0.0, 0.309017, 0.5, 0.809017, 0.0, 0.5, -0.809017, 0.309017, 0.0, 0.0, 0.0, 0.0, 1.0 ], [ 0.5, -0.809017, 0.309017, 0.0, 0.809017, 0.309017, -0.5, 0.0, 0.309017, 0.5, 0.809017, 0.0, 0.0, 0.0, 0.0, 1.0 ], [ 0.309017, 0.5, 0.809017, 0.0, 0.5, -0.809017, 0.309017, 0.0, 0.809017, 0.309017, -0.5, 0.0, 0.0, 0.0, 0.0, 1.0 ], [ 1.0, 0.0, 0.0, 0.0, 0.0, -1.0, 0.0, 0.0, 0.0, 0.0, -1.0, 0.0, 0.0, 0.0, 0.0, 1.0 ], [ 0.0, 0.0, 1.0, 0.0, -1.0, 0.0, 0.0, 0.0, 0.0, -1.0, 0.0, 0.0, 0.0, 0.0, 0.0, 1.0 ], [ 0.0, 1.0, 0.0, 0.0, 0.0, 0.0, -1.0, 0.0, -1.0, 0.0, 0.0, 0.0, 0.0, 0.0, 0.0, 1.0 ], [ 0.809017, 0.309017, 0.5, 0.0, -0.309017, -0.5, 0.809017, 0.0, 0.5, -0.809017, -0.309017, 0.0, 0.0, 0.0, 0.0, 1.0 ], [ -0.5, 0.809017, 0.309017, 0.0, -0.809017, -0.309017, -0.5, 0.0, -0.309017, -0.5, 0.809017, 0.0, 0.0, 0.0, 0.0, 1.0 ], [ 0.309017, 0.5, -0.809017, 0.0, 0.5, -0.809017, -0.309017, 0.0, -0.809017, -0.309017, -0.5, 0.0, 0.0, 0.0, 0.0, 1.0 ], [ 0.5, 0.809017, 0.309017, 0.0, -0.809017, 0.309017, 0.5, 0.0, 0.309017, -0.5, 0.809017, 0.0, 0.0, 0.0, 0.0, 1.0 ], [ -0.309017, 0.5, -0.809017, 0.0, -0.5, -0.809017, -0.309017, 0.0, -0.809017, 0.309017, 0.5, 0.0, 0.0, 0.0, 0.0, 1.0 ], [ 0.809017, -0.309017, -0.5, 0.0, 0.309017, -0.5, 0.809017, 0.0, -0.5, -0.809017, -0.309017, 0.0, 0.0, 0.0, 0.0, 1.0 ], [ 0.5, 0.809017, -0.309017, 0.0, -0.809017, 0.309017, -0.5, 0.0, -0.309017, 0.5, 0.809017, 0.0, 0.0, 0.0, 0.0, 1.0 ], [ 0.309017, -0.5, -0.809017, 0.0, -0.5, -0.809017, 0.309017, 0.0, -0.809017, 0.309017, -0.5, 0.0, 0.0, 0.0, 0.0, 1.0 ], [ 0.809017, -0.309017, 0.5, 0.0, -0.309017, 0.5, 0.809017, 0.0, -0.5, -0.809017, 0.309017, 0.0, 0.0, 0.0, 0.0, 1.0 ], [ 0.809017, 0.309017, -0.5, 0.0, -0.309017, -0.5, -0.809017, 0.0, -0.5, 0.809017, -0.309017, 0.0, 0.0, 0.0, 0.0, 1.0 ], [ 0.5, -0.809017, 0.309017, 0.0, -0.809017, -0.309017, 0.5, 0.0, -0.309017, -0.5, -0.809017, 0.0, 0.0, 0.0, 0.0, 1.0 ], [ 0.309017, 0.5, 0.809017, 0.0, -0.5, 0.809017, -0.309017, 0.0, -0.809017, -0.309017, 0.5, 0.0, 0.0, 0.0, 0.0, 1.0 ], [ -1.0, 0.0, 0.0, 0.0, 0.0, -1.0, 0.0, 0.0, 0.0, 0.0, 1.0, 0.0, 0.0, 0.0, 0.0, 1.0 ], [ 0.0, 0.0, -1.0, 0.0, -1.0, 0.0, 0.0, 0.0, 0.0, 1.0, 0.0, 0.0, 0.0, 0.0, 0.0, 1.0 ], [ 0.0, -1.0, 0.0, 0.0, 0.0, 0.0, -1.0, 0.0, 1.0, 0.0, 0.0, 0.0, 0.0, 0.0, 0.0, 1.0 ], [ -0.809017, -0.309017, -0.5, 0.0, -0.309017, -0.5, 0.809017, 0.0, -0.5, 0.809017, 0.309017, 0.0, 0.0, 0.0, 0.0, 1.0 ], [ 0.5, -0.809017, -0.309017, 0.0, -0.809017, -0.309017, -0.5, 0.0, 0.309017, 0.5, -0.809017, 0.0, 0.0, 0.0, 0.0, 1.0 ], [ -0.309017, -0.5, 0.809017, 0.0, 0.5, -0.809017, -0.309017, 0.0, 0.809017, 0.309017, 0.5, 0.0, 0.0, 0.0, 0.0, 1.0 ], [ -0.5, -0.809017, -0.309017, 0.0, -0.809017, 0.309017, 0.5, 0.0, -0.309017, 0.5, -0.809017, 0.0, 0.0, 0.0, 0.0, 1.0 ], [ 0.309017, -0.5, 0.809017, 0.0, -0.5, -0.809017, -0.309017, 0.0, 0.809017, -0.309017, -0.5, 0.0, 0.0, 0.0, 0.0, 1.0 ], [ -0.809017, 0.309017, 0.5, 0.0, 0.309017, -0.5, 0.809017, 0.0, 0.5, 0.809017, 0.309017, 0.0, 0.0, 0.0, 0.0, 1.0 ], [ -0.5, -0.809017, 0.309017, 0.0, -0.809017, 0.309017, -0.5, 0.0, 0.309017, -0.5, -0.809017, 0.0, 0.0, 0.0, 0.0, 1.0 ], [ -0.309017, 0.5, 0.809017, 0.0, -0.5, -0.809017, 0.309017, 0.0, 0.809017, -0.309017, 0.5, 0.0, 0.0, 0.0, 0.0, 1.0 ], [ -0.809017, 0.309017, -0.5, 0.0, -0.309017, 0.5, 0.809017, 0.0, 0.5, 0.809017, -0.309017, 0.0, 0.0, 0.0, 0.0, 1.0 ], [ -0.809017, -0.309017, 0.5, 0.0, -0.309017, -0.5, -0.809017, 0.0, 0.5, -0.809017, 0.309017, 0.0, 0.0, 0.0, 0.0, 1.0 ], [ -0.5, 0.809017, -0.309017, 0.0, -0.809017, -0.309017, 0.5, 0.0, 0.309017, 0.5, 0.809017, 0.0, 0.0, 0.0, 0.0, 1.0 ], [ -0.309017, -0.5, -0.809017, 0.0, -0.5, 0.809017, -0.309017, 0.0, 0.809017, 0.309017, -0.5, 0.0, 0.0, 0.0, 0.0, 1.0 ], [ -1.0, 0.0, 0.0, 0.0, 0.0, 1.0, 0.0, 0.0, 0.0, 0.0, -1.0, 0.0, 0.0, 0.0, 0.0, 1.0 ], [ 0.0, 0.0, -1.0, 0.0, 1.0, 0.0, 0.0, 0.0, 0.0, -1.0, 0.0, 0.0, 0.0, 0.0, 0.0, 1.0 ], [ 0.0, -1.0, 0.0, 0.0, 0.0, 0.0, 1.0, 0.0, -1.0, 0.0, 0.0, 0.0, 0.0, 0.0, 0.0, 1.0 ], [ -0.809017, -0.309017, -0.5, 0.0, 0.309017, 0.5, -0.809017, 0.0, 0.5, -0.809017, -0.309017, 0.0, 0.0, 0.0, 0.0, 1.0 ], [ 0.5, -0.809017, -0.309017, 0.0, 0.809017, 0.309017, 0.5, 0.0, -0.309017, -0.5, 0.809017, 0.0, 0.0, 0.0, 0.0, 1.0 ], [ -0.309017, -0.5, 0.809017, 0.0, -0.5, 0.809017, 0.309017, 0.0, -0.809017, -0.309017, -0.5, 0.0, 0.0, 0.0, 0.0, 1.0 ], [ -0.5, -0.809017, -0.309017, 0.0, 0.809017, -0.309017, -0.5, 0.0, 0.309017, -0.5, 0.809017, 0.0, 0.0, 0.0, 0.0, 1.0 ], [ 0.309017, -0.5, 0.809017, 0.0, 0.5, 0.809017, 0.309017, 0.0, -0.809017, 0.309017, 0.5, 0.0, 0.0, 0.0, 0.0, 1.0 ], [ -0.809017, 0.309017, 0.5, 0.0, -0.309017, 0.5, -0.809017, 0.0, -0.5, -0.809017, -0.309017, 0.0, 0.0, 0.0, 0.0, 1.0 ], [ -0.5, -0.809017, 0.309017, 0.0, 0.809017, -0.309017, 0.5, 0.0, -0.309017, 0.5, 0.809017, 0.0, 0.0, 0.0, 0.0, 1.0 ], [ -0.309017, 0.5, 0.809017, 0.0, 0.5, 0.809017, -0.309017, 0.0, -0.809017, 0.309017, -0.5, 0.0, 0.0, 0.0, 0.0, 1.0 ], [ -0.809017, 0.309017, -0.5, 0.0, 0.309017, -0.5, -0.809017, 0.0, -0.5, -0.809017, 0.309017, 0.0, 0.0, 0.0, 0.0, 1.0 ], [ -0.809017, -0.309017, 0.5, 0.0, 0.309017, 0.5, 0.809017, 0.0, -0.5, 0.809017, -0.309017, 0.0, 0.0, 0.0, 0.0, 1.0 ], [ -0.5, 0.809017, -0.309017, 0.0, 0.809017, 0.309017, -0.5, 0.0, -0.309017, -0.5, -0.809017, 0.0, 0.0, 0.0, 0.0, 1.0 ], [ -0.309017, -0.5, -0.809017, 0.0, 0.5, -0.809017, 0.309017, 0.0, -0.809017, -0.309017, 0.5, 0.0, 0.0, 0.0, 0.0, 1.0 ] ],
  "lights" : {
    "ambientColor" : "#292929",
    "backgroundColor" : "#AFC8DC",
    "directionalLights" : [ {
      "direction" : {
        "x" : 1.0,
        "y" : -1.0,
        "z" : -1.0
      },
      "color" : "#EBEBE4"
    }, {
      "direction" : {
        "x" : -1.0,
        "y" : 0.0,
        "z" : 0.0
      },
      "color" : "#E4E4EB"
    }, {
      "direction" : {
        "x" : 0.0,
        "y" : 0.0,
        "z" : -1.0
      },
      "color" : "#1E1E1E"
    } ]
  },
  "camera" : {
    "lookDirection" : {
      "x" : 0.8506508,
      "y" : -0.5257311,
      "z" : 0.0
    },
    "upDirection" : {
      "x" : 0.5,
      "y" : 0.809017,
      "z" : -0.309017
    },
    "lookAtPoint" : {
      "x" : 6.130495,
      "y" : 3.0652475,
      "z" : -8.024922
    },
    "viewDistance" : 55.08511,
    "nearClipDistance" : 0.1377128,
    "farClipDistance" : 110.17022,
    "fieldOfView" : 0.44262895,
    "perspective" : false,
    "stereo" : false,
    "width" : 24.788303,
    "position" : {
      "x" : -40.7277,
      "y" : 32.025204,
      "z" : -8.024922
    }
  },
  "embedding" : [ 1.0, 0.0, 0.0, 0.0, 0.0, 1.0, 0.0, 0.0, 0.0, 0.0, 1.0, 0.0, 0.0, 0.0, 0.0, 1.0 ],
  "shapes" : [ ],
  "instances" : [ {
    "shape" : "d642c30e-ba63-47c5-86d6-5d46139bcb9c",
    "color" : "#AF0000",
    "position" : {
      "x" : 4.236068,
      "y" : -6.854102,
      "z" : -11.09017
    },
    "orientation" : 0
  }, {
    "shape" : "ffb0cd6e-b7e0-40b5-9953-3aa01e924f51",
    "color" : "#AF0000",
    "position" : {
      "x" : 4.236068,
      "y" : -6.854102,
      "z" : -11.09017
    },
    "orientation" : 1
  }, {
    "shape" : "ffb0cd6e-b7e0-40b5-9953-3aa01e924f51",
    "color" : "#AF0000",
    "position" : {
      "x" : 4.236068,
      "y" : 4.236068,
      "z" : -17.944271
    },
    "orientation" : 32
  }, {
    "shape" : "c8167a37-8a69-452f-abe9-5ea2042800be",
    "color" : "#F0A000",
    "position" : {
      "x" : 4.236068,
      "y" : -6.854102,
      "z" : -11.09017
    },
    "orientation" : 9
  }, {
    "shape" : "8800106d-b1a2-4c80-8c89-9ed88a944100",
    "color" : "#FFFFFF",
    "position" : {
      "x" : 15.326238,
      "y" : 0.0,
      "z" : -11.09017
    }
  }, {
    "shape" : "c8167a37-8a69-452f-abe9-5ea2042800be",
    "color" : "#F0A000",
    "position" : {
      "x" : 11.09017,
      "y" : 11.09017,
      "z" : -11.09017
    },
    "orientation" : 2
  }, {
    "shape" : "4114aaf4-8b9c-463e-a0df-6a23bb3c662b",
    "color" : "#007695",
    "position" : {
      "x" : 0.0,
      "y" : 4.236068,
      "z" : -11.09017
    },
    "orientation" : 8
  }, {
    "shape" : "4114aaf4-8b9c-463e-a0df-6a23bb3c662b",
    "color" : "#007695",
    "position" : {
      "x" : 0.0,
      "y" : 0.0,
      "z" : 0.0
    },
    "orientation" : 25
  }, {
    "shape" : "c8167a37-8a69-452f-abe9-5ea2042800be",
    "color" : "#F0A000",
    "position" : {
      "x" : 4.236068,
      "y" : 0.0,
      "z" : -6.854102
    },
    "orientation" : 1
  }, {
    "shape" : "c8167a37-8a69-452f-abe9-5ea2042800be",
    "color" : "#F0A000",
    "position" : {
      "x" : 0.0,
      "y" : 11.09017,
      "z" : -6.854102
    },
    "orientation" : 0
  }, {
    "shape" : "c8167a37-8a69-452f-abe9-5ea2042800be",
    "color" : "#F0A000",
    "position" : {
      "x" : 4.236068,
      "y" : 0.0,
      "z" : -6.854102
    },
    "orientation" : 9
  }, {
    "shape" : "8800106d-b1a2-4c80-8c89-9ed88a944100",
    "color" : "#FFFFFF",
    "position" : {
      "x" : 0.0,
      "y" : 11.09017,
      "z" : -6.854102
    }
  }, {
    "shape" : "8800106d-b1a2-4c80-8c89-9ed88a944100",
    "color" : "#FFFFFF",
    "position" : {
      "x" : 4.236068,
      "y" : 0.0,
      "z" : -6.854102
    }
  }, {
    "shape" : "d642c30e-ba63-47c5-86d6-5d46139bcb9c",
    "color" : "#AF0000",
    "position" : {
      "x" : 0.0,
      "y" : 0.0,
      "z" : 0.0
    },
    "orientation" : 46
  }, {
    "shape" : "8800106d-b1a2-4c80-8c89-9ed88a944100",
    "color" : "#FFFFFF",
    "position" : {
      "x" : 11.09017,
      "y" : 11.09017,
      "z" : -11.09017
    }
  }, {
    "shape" : "c8167a37-8a69-452f-abe9-5ea2042800be",
    "color" : "#F0A000",
    "position" : {
      "x" : 4.236068,
      "y" : 4.236068,
      "z" : -17.944271
    },
    "orientation" : 9
  }, {
    "shape" : "8800106d-b1a2-4c80-8c89-9ed88a944100",
    "color" : "#FFFFFF",
    "position" : {
      "x" : 11.09017,
      "y" : 6.854102,
      "z" : 0.0
    }
  }, {
    "shape" : "8800106d-b1a2-4c80-8c89-9ed88a944100",
    "color" : "#FFFFFF",
    "position" : {
      "x" : 0.0,
      "y" : 4.236068,
      "z" : -11.09017
    }
  }, {
    "shape" : "8800106d-b1a2-4c80-8c89-9ed88a944100",
    "color" : "#FFFFFF",
    "position" : {
      "x" : 4.236068,
      "y" : 4.236068,
      "z" : -17.944271
    }
  }, {
    "shape" : "4114aaf4-8b9c-463e-a0df-6a23bb3c662b",
    "color" : "#007695",
    "position" : {
      "x" : 0.0,
      "y" : 11.09017,
      "z" : -6.854102
    },
    "orientation" : 25
  }, {
    "shape" : "4114aaf4-8b9c-463e-a0df-6a23bb3c662b",
    "color" : "#007695",
    "position" : {
      "x" : 4.236068,
      "y" : 4.236068,
      "z" : -17.944271
    },
    "orientation" : 8
  }, {
    "shape" : "d642c30e-ba63-47c5-86d6-5d46139bcb9c",
    "color" : "#AF0000",
    "position" : {
      "x" : 0.0,
      "y" : 0.0,
      "z" : 0.0
    },
    "orientation" : 0
  }, {
    "shape" : "4114aaf4-8b9c-463e-a0df-6a23bb3c662b",
    "color" : "#007695",
    "position" : {
      "x" : 15.326238,
      "y" : 0.0,
      "z" : -11.09017
    },
    "orientation" : 7
  }, {
    "shape" : "d642c30e-ba63-47c5-86d6-5d46139bcb9c",
    "color" : "#AF0000",
    "position" : {
      "x" : 4.236068,
      "y" : -6.854102,
      "z" : -11.09017
    },
    "orientation" : 46
  }, {
    "shape" : "8800106d-b1a2-4c80-8c89-9ed88a944100",
    "color" : "#FFFFFF",
    "position" : {
      "x" : 11.09017,
      "y" : 0.0,
      "z" : -4.236068
    }
  }, {
    "shape" : "ffb0cd6e-b7e0-40b5-9953-3aa01e924f51",
    "color" : "#AF0000",
    "position" : {
      "x" : 11.09017,
      "y" : 0.0,
      "z" : -4.236068
    },
    "orientation" : 1
  }, {
    "shape" : "c8167a37-8a69-452f-abe9-5ea2042800be",
    "color" : "#F0A000",
    "position" : {
      "x" : 11.09017,
      "y" : 11.09017,
      "z" : -11.09017
    },
    "orientation" : 21
  }, {
    "shape" : "8800106d-b1a2-4c80-8c89-9ed88a944100",
    "color" : "#FFFFFF",
    "position" : {
      "x" : 0.0,
      "y" : 0.0,
      "z" : 0.0
    }
  }, {
    "shape" : "c8167a37-8a69-452f-abe9-5ea2042800be",
    "color" : "#F0A000",
    "position" : {
      "x" : 4.236068,
      "y" : 0.0,
      "z" : -6.854102
    },
    "orientation" : 17
  }, {
    "shape" : "c8167a37-8a69-452f-abe9-5ea2042800be",
    "color" : "#F0A000",
    "position" : {
      "x" : 0.0,
      "y" : 0.0,
      "z" : 0.0
    },
    "orientation" : 17
  }, {
    "shape" : "8800106d-b1a2-4c80-8c89-9ed88a944100",
    "color" : "#FFFFFF",
    "position" : {
      "x" : 4.236068,
      "y" : -6.854102,
      "z" : -11.09017
    }
  }, {
    "shape" : "4114aaf4-8b9c-463e-a0df-6a23bb3c662b",
    "color" : "#007695",
    "position" : {
      "x" : 0.0,
      "y" : 11.09017,
      "z" : -6.854102
    },
    "orientation" : 8
  }, {
    "shape" : "ffb0cd6e-b7e0-40b5-9953-3aa01e924f51",
    "color" : "#AF0000",
    "position" : {
      "x" : 0.0,
      "y" : 0.0,
      "z" : 0.0
    },
    "orientation" : 17
  }, {
    "shape" : "c8167a37-8a69-452f-abe9-5ea2042800be",
    "color" : "#F0A000",
    "position" : {
      "x" : 11.09017,
      "y" : 0.0,
      "z" : -4.236068
    },
    "orientation" : 38
  }, {
    "shape" : "ffb0cd6e-b7e0-40b5-9953-3aa01e924f51",
    "color" : "#AF0000",
    "position" : {
      "x" : 0.0,
      "y" : 4.236068,
      "z" : -11.09017
    },
    "orientation" : 1
  }, {
    "shape" : "c8167a37-8a69-452f-abe9-5ea2042800be",
    "color" : "#F0A000",
    "position" : {
      "x" : 4.236068,
      "y" : -6.854102,
      "z" : -11.09017
    },
    "orientation" : 1
  }, {
    "shape" : "c8167a37-8a69-452f-abe9-5ea2042800be",
    "color" : "#F0A000",
    "position" : {
      "x" : 4.236068,
      "y" : 0.0,
      "z" : -6.854102
    },
    "orientation" : 0
  }, {
    "shape" : "ffb0cd6e-b7e0-40b5-9953-3aa01e924f51",
    "color" : "#AF0000",
    "position" : {
      "x" : 15.326238,
      "y" : 0.0,
      "z" : -11.09017
    },
    "orientation" : 32
  } ],
  "scenes" : [ {
    "title" : "ghost",
    "content" : "This page was a saved view created by an older version of vZome.",
    "view" : {
      "lookDirection" : {
        "x" : 0.8506508,
        "y" : -0.5257311,
        "z" : 0.0
      },
      "upDirection" : {
        "x" : -0.309017,
        "y" : -0.5,
        "z" : 0.809017
      },
      "lookAtPoint" : {
        "x" : 6.130495,
        "y" : 3.0652475,
        "z" : -8.024922
      },
      "viewDistance" : 40.0,
      "nearClipDistance" : 0.1,
      "farClipDistance" : 80.0,
      "fieldOfView" : 0.44262886,
      "perspective" : false,
      "stereo" : false,
      "width" : 18.0,
      "position" : {
        "x" : -27.895536,
        "y" : 24.09449,
        "z" : -8.024922
      }
    },
    "snapshot" : 0
  } ],
  "snapshots" : [ [ {
    "shape" : "ffb0cd6e-b7e0-40b5-9953-3aa01e924f51",
    "color" : "#AF0000",
    "position" : {
      "x" : 0.0,
      "y" : 0.0,
      "z" : 0.0
    },
    "orientation" : 17
  }, {
    "shape" : "c8167a37-8a69-452f-abe9-5ea2042800be",
    "color" : "#F0A000",
    "position" : {
      "x" : 4.236068,
      "y" : -6.854102,
      "z" : -11.09017
    },
    "orientation" : 9
  }, {
    "shape" : "c8167a37-8a69-452f-abe9-5ea2042800be",
    "color" : "#F0A000",
    "position" : {
      "x" : 0.0,
      "y" : 0.0,
      "z" : 0.0
    },
    "orientation" : 17
  }, {
    "shape" : "4114aaf4-8b9c-463e-a0df-6a23bb3c662b",
    "color" : "#007695",
    "position" : {
      "x" : 0.0,
      "y" : 4.236068,
      "z" : -11.09017
    },
    "orientation" : 8
  }, {
    "shape" : "8800106d-b1a2-4c80-8c89-9ed88a944100",
    "color" : "#FFFFFF",
    "position" : {
      "x" : 4.236068,
      "y" : 0.0,
      "z" : -6.854102
    },
    "orientation" : 0
  }, {
    "shape" : "8800106d-b1a2-4c80-8c89-9ed88a944100",
    "color" : "#FFFFFF",
    "position" : {
      "x" : 0.0,
      "y" : 4.236068,
      "z" : -11.09017
    },
    "orientation" : 0
  }, {
    "shape" : "c8167a37-8a69-452f-abe9-5ea2042800be",
    "color" : "#F0A000",
    "position" : {
      "x" : 4.236068,
      "y" : 0.0,
      "z" : -6.854102
    },
    "orientation" : 17
  }, {
    "shape" : "4114aaf4-8b9c-463e-a0df-6a23bb3c662b",
    "color" : "#007695",
    "position" : {
      "x" : 15.326238,
      "y" : 0.0,
      "z" : -11.09017
    },
    "orientation" : 7
  }, {
    "shape" : "ffb0cd6e-b7e0-40b5-9953-3aa01e924f51",
    "color" : "#AF0000",
    "position" : {
      "x" : 4.236068,
      "y" : 4.236068,
      "z" : -17.944271
    },
    "orientation" : 32
  }, {
    "shape" : "d642c30e-ba63-47c5-86d6-5d46139bcb9c",
    "color" : "#AF0000",
    "position" : {
      "x" : 0.0,
      "y" : 0.0,
      "z" : 0.0
    },
    "orientation" : 0
  }, {
    "shape" : "c8167a37-8a69-452f-abe9-5ea2042800be",
    "color" : "#F0A000",
    "position" : {
      "x" : 11.09017,
      "y" : 11.09017,
      "z" : -11.09017
    },
    "orientation" : 21
  }, {
    "shape" : "c8167a37-8a69-452f-abe9-5ea2042800be",
    "color" : "#F0A000",
    "position" : {
      "x" : 4.236068,
      "y" : 0.0,
      "z" : -6.854102
    },
    "orientation" : 0
  }, {
    "shape" : "c8167a37-8a69-452f-abe9-5ea2042800be",
    "color" : "#F0A000",
    "position" : {
      "x" : 4.236068,
      "y" : 0.0,
      "z" : -6.854102
    },
    "orientation" : 9
  }, {
    "shape" : "d642c30e-ba63-47c5-86d6-5d46139bcb9c",
    "color" : "#AF0000",
    "position" : {
      "x" : 4.236068,
      "y" : -6.854102,
      "z" : -11.09017
    },
    "orientation" : 0
  }, {
    "shape" : "8800106d-b1a2-4c80-8c89-9ed88a944100",
    "color" : "#FFFFFF",
    "position" : {
      "x" : 15.326238,
      "y" : 0.0,
      "z" : -11.09017
    },
    "orientation" : 0
  }, {
    "shape" : "8800106d-b1a2-4c80-8c89-9ed88a944100",
    "color" : "#FFFFFF",
    "position" : {
      "x" : 0.0,
      "y" : 11.09017,
      "z" : -6.854102
    },
    "orientation" : 0
  }, {
    "shape" : "8800106d-b1a2-4c80-8c89-9ed88a944100",
    "color" : "#FFFFFF",
    "position" : {
      "x" : 4.236068,
      "y" : -6.854102,
      "z" : -11.09017
    },
    "orientation" : 0
  }, {
    "shape" : "c8167a37-8a69-452f-abe9-5ea2042800be",
    "color" : "#F0A000",
    "position" : {
      "x" : 11.09017,
      "y" : 0.0,
      "z" : -4.236068
    },
    "orientation" : 38
  }, {
    "shape" : "ffb0cd6e-b7e0-40b5-9953-3aa01e924f51",
    "color" : "#AF0000",
    "position" : {
      "x" : 15.326238,
      "y" : 0.0,
      "z" : -11.09017
    },
    "orientation" : 32
  }, {
    "shape" : "8800106d-b1a2-4c80-8c89-9ed88a944100",
    "color" : "#FFFFFF",
    "position" : {
      "x" : 11.09017,
      "y" : 6.854102,
      "z" : 0.0
    },
    "orientation" : 0
  }, {
    "shape" : "4114aaf4-8b9c-463e-a0df-6a23bb3c662b",
    "color" : "#007695",
    "position" : {
      "x" : 0.0,
      "y" : 0.0,
      "z" : 0.0
    },
    "orientation" : 25
  }, {
    "shape" : "c8167a37-8a69-452f-abe9-5ea2042800be",
    "color" : "#F0A000",
    "position" : {
      "x" : 4.236068,
      "y" : 4.236068,
      "z" : -17.944271
    },
    "orientation" : 9
  }, {
    "shape" : "8800106d-b1a2-4c80-8c89-9ed88a944100",
    "color" : "#FFFFFF",
    "position" : {
      "x" : 4.236068,
      "y" : 4.236068,
      "z" : -17.944271
    },
    "orientation" : 0
  }, {
    "shape" : "ffb0cd6e-b7e0-40b5-9953-3aa01e924f51",
    "color" : "#AF0000",
    "position" : {
      "x" : 0.0,
      "y" : 4.236068,
      "z" : -11.09017
    },
    "orientation" : 1
  }, {
    "shape" : "c8167a37-8a69-452f-abe9-5ea2042800be",
    "color" : "#F0A000",
    "position" : {
      "x" : 0.0,
      "y" : 11.09017,
      "z" : -6.854102
    },
    "orientation" : 0
  }, {
    "shape" : "4114aaf4-8b9c-463e-a0df-6a23bb3c662b",
    "color" : "#007695",
    "position" : {
      "x" : 0.0,
      "y" : 11.09017,
      "z" : -6.854102
    },
    "orientation" : 25
  }, {
    "shape" : "8800106d-b1a2-4c80-8c89-9ed88a944100",
    "color" : "#FFFFFF",
    "position" : {
      "x" : 11.09017,
      "y" : 0.0,
      "z" : -4.236068
    },
    "orientation" : 0
  }, {
    "shape" : "d642c30e-ba63-47c5-86d6-5d46139bcb9c",
    "color" : "#AF0000",
    "position" : {
      "x" : 0.0,
      "y" : 0.0,
      "z" : 0.0
    },
    "orientation" : 46
  }, {
    "shape" : "8800106d-b1a2-4c80-8c89-9ed88a944100",
    "color" : "#FFFFFF",
    "position" : {
      "x" : 11.09017,
      "y" : 11.09017,
      "z" : -11.09017
    },
    "orientation" : 0
  }, {
    "shape" : "4114aaf4-8b9c-463e-a0df-6a23bb3c662b",
    "color" : "#007695",
    "position" : {
      "x" : 0.0,
      "y" : 11.09017,
      "z" : -6.854102
    },
    "orientation" : 8
  }, {
    "shape" : "ffb0cd6e-b7e0-40b5-9953-3aa01e924f51",
    "color" : "#AF0000",
    "position" : {
      "x" : 4.236068,
      "y" : -6.854102,
      "z" : -11.09017
    },
    "orientation" : 1
  }, {
    "shape" : "ffb0cd6e-b7e0-40b5-9953-3aa01e924f51",
    "color" : "#AF0000",
    "position" : {
      "x" : 11.09017,
      "y" : 0.0,
      "z" : -4.236068
    },
    "orientation" : 1
  }, {
    "shape" : "4114aaf4-8b9c-463e-a0df-6a23bb3c662b",
    "color" : "#007695",
    "position" : {
      "x" : 4.236068,
      "y" : 4.236068,
      "z" : -17.944271
    },
    "orientation" : 8
  }, {
    "shape" : "c8167a37-8a69-452f-abe9-5ea2042800be",
    "color" : "#F0A000",
    "position" : {
      "x" : 4.236068,
      "y" : -6.854102,
      "z" : -11.09017
    },
    "orientation" : 1
  }, {
    "shape" : "c8167a37-8a69-452f-abe9-5ea2042800be",
    "color" : "#F0A000",
    "position" : {
      "x" : 4.236068,
      "y" : 0.0,
      "z" : -6.854102
    },
    "orientation" : 1
  }, {
    "shape" : "d642c30e-ba63-47c5-86d6-5d46139bcb9c",
    "color" : "#AF0000",
    "position" : {
      "x" : 4.236068,
      "y" : -6.854102,
      "z" : -11.09017
    },
    "orientation" : 46
  }, {
    "shape" : "c8167a37-8a69-452f-abe9-5ea2042800be",
    "color" : "#F0A000",
    "position" : {
      "x" : 11.09017,
      "y" : 11.09017,
      "z" : -11.09017
    },
    "orientation" : 2
  }, {
    "shape" : "8800106d-b1a2-4c80-8c89-9ed88a944100",
    "color" : "#FFFFFF",
    "position" : {
      "x" : 0.0,
      "y" : 0.0,
      "z" : 0.0
    },
    "orientation" : 0
  } ] ]
}