{
  "field" : "golden",
  "symmetry" : "icosahedral",
  "orientations" : [ [ 1.0, 0.0, 0.0, 0.0, 0.0, 1.0, 0.0, 0.0, 0.0, 0.0, 1.0, 0.0, 0.0, 0.0, 0.0, 1.0 ], [ 0.0, 0.0, 1.0, 0.0, 1.0, 0.0, 0.0, 0.0, 0.0, 1.0, 0.0, 0.0, 0.0, 0.0, 0.0, 1.0 ], [ 0.0, 1.0, 0.0, 0.0, 0.0, 0.0, 1.0, 0.0, 1.0, 0.0, 0.0, 0.0, 0.0, 0.0, 0.0, 1.0 ], [ 0.809017, 0.309017, 0.5, 0.0, 0.309017, 0.5, -0.809017, 0.0, -0.5, 0.809017, 0.309017, 0.0, 0.0, 0.0, 0.0, 1.0 ], [ -0.5, 0.809017, 0.309017, 0.0, 0.809017, 0.309017, 0.5, 0.0, 0.309017, 0.5, -0.809017, 0.0, 0.0, 0.0, 0.0, 1.0 ], [ 0.309017, 0.5, -0.809017, 0.0, -0.5, 0.809017, 0.309017, 0.0, 0.809017, 0.309017, 0.5, 0.0, 0.0, 0.0, 0.0, 1.0 ], [ 0.5, 0.809017, 0.309017, 0.0, 0.809017, -0.309017, -0.5, 0.0, -0.309017, 0.5, -0.809017, 0.0, 0.0, 0.0, 0.0, 1.0 ], [ -0.309017, 0.5, -0.809017, 0.0, 0.5, 0.809017, 0.309017, 0.0, 0.809017, -0.309017, -0.5, 0.0, 0.0, 0.0, 0.0, 1.0 ], [ 0.809017, -0.309017, -0.5, 0.0, -0.309017, 0.5, -0.809017, 0.0, 0.5, 0.809017, 0.309017, 0.0, 0.0, 0.0, 0.0, 1.0 ], [ 0.5, 0.809017, -0.309017, 0.0, 0.809017, -0.309017, 0.5, 0.0, 0.309017, -0.5, -0.809017, 0.0, 0.0, 0.0, 0.0, 1.0 ], [ 0.309017, -0.5, -0.809017, 0.0, 0.5, 0.809017, -0.309017, 0.0, 0.809017, -0.309017, 0.5, 0.0, 0.0, 0.0, 0.0, 1.0 ], [ 0.809017, -0.309017, 0.5, 0.0, 0.309017, -0.5, -0.809017, 0.0, 0.5, 0.809017, -0.309017, 0.0, 0.0, 0.0, 0.0, 1.0 ], [ 0.809017, 0.309017, -0.5, 0.0, 0.309017, 0.5, 0.809017, 0.0, 0.5, -0.809017, 0.309017, 0.0, 0.0, 0.0, 0.0, 1.0 ], [ 0.5, -0.809017, 0.309017, 0.0, 0.809017, 0.309017, -0.5, 0.0, 0.309017, 0.5, 0.809017, 0.0, 0.0, 0.0, 0.0, 1.0 ], [ 0.309017, 0.5, 0.809017, 0.0, 0.5, -0.809017, 0.309017, 0.0, 0.809017, 0.309017, -0.5, 0.0, 0.0, 0.0, 0.0, 1.0 ], [ 1.0, 0.0, 0.0, 0.0, 0.0, -1.0, 0.0, 0.0, 0.0, 0.0, -1.0, 0.0, 0.0, 0.0, 0.0, 1.0 ], [ 0.0, 0.0, 1.0, 0.0, -1.0, 0.0, 0.0, 0.0, 0.0, -1.0, 0.0, 0.0, 0.0, 0.0, 0.0, 1.0 ], [ 0.0, 1.0, 0.0, 0.0, 0.0, 0.0, -1.0, 0.0, -1.0, 0.0, 0.0, 0.0, 0.0, 0.0, 0.0, 1.0 ], [ 0.809017, 0.309017, 0.5, 0.0, -0.309017, -0.5, 0.809017, 0.0, 0.5, -0.809017, -0.309017, 0.0, 0.0, 0.0, 0.0, 1.0 ], [ -0.5, 0.809017, 0.309017, 0.0, -0.809017, -0.309017, -0.5, 0.0, -0.309017, -0.5, 0.809017, 0.0, 0.0, 0.0, 0.0, 1.0 ], [ 0.309017, 0.5, -0.809017, 0.0, 0.5, -0.809017, -0.309017, 0.0, -0.809017, -0.309017, -0.5, 0.0, 0.0, 0.0, 0.0, 1.0 ], [ 0.5, 0.809017, 0.309017, 0.0, -0.809017, 0.309017, 0.5, 0.0, 0.309017, -0.5, 0.809017, 0.0, 0.0, 0.0, 0.0, 1.0 ], [ -0.309017, 0.5, -0.809017, 0.0, -0.5, -0.809017, -0.309017, 0.0, -0.809017, 0.309017, 0.5, 0.0, 0.0, 0.0, 0.0, 1.0 ], [ 0.809017, -0.309017, -0.5, 0.0, 0.309017, -0.5, 0.809017, 0.0, -0.5, -0.809017, -0.309017, 0.0, 0.0, 0.0, 0.0, 1.0 ], [ 0.5, 0.809017, -0.309017, 0.0, -0.809017, 0.309017, -0.5, 0.0, -0.309017, 0.5, 0.809017, 0.0, 0.0, 0.0, 0.0, 1.0 ], [ 0.309017, -0.5, -0.809017, 0.0, -0.5, -0.809017, 0.309017, 0.0, -0.809017, 0.309017, -0.5, 0.0, 0.0, 0.0, 0.0, 1.0 ], [ 0.809017, -0.309017, 0.5, 0.0, -0.309017, 0.5, 0.809017, 0.0, -0.5, -0.809017, 0.309017, 0.0, 0.0, 0.0, 0.0, 1.0 ], [ 0.809017, 0.309017, -0.5, 0.0, -0.309017, -0.5, -0.809017, 0.0, -0.5, 0.809017, -0.309017, 0.0, 0.0, 0.0, 0.0, 1.0 ], [ 0.5, -0.809017, 0.309017, 0.0, -0.809017, -0.309017, 0.5, 0.0, -0.309017, -0.5, -0.809017, 0.0, 0.0, 0.0, 0.0, 1.0 ], [ 0.309017, 0.5, 0.809017, 0.0, -0.5, 0.809017, -0.309017, 0.0, -0.809017, -0.309017, 0.5, 0.0, 0.0, 0.0, 0.0, 1.0 ], [ -1.0, 0.0, 0.0, 0.0, 0.0, -1.0, 0.0, 0.0, 0.0, 0.0, 1.0, 0.0, 0.0, 0.0, 0.0, 1.0 ], [ 0.0, 0.0, -1.0, 0.0, -1.0, 0.0, 0.0, 0.0, 0.0, 1.0, 0.0, 0.0, 0.0, 0.0, 0.0, 1.0 ], [ 0.0, -1.0, 0.0, 0.0, 0.0, 0.0, -1.0, 0.0, 1.0, 0.0, 0.0, 0.0, 0.0, 0.0, 0.0, 1.0 ], [ -0.809017, -0.309017, -0.5, 0.0, -0.309017, -0.5, 0.809017, 0.0, -0.5, 0.809017, 0.309017, 0.0, 0.0, 0.0, 0.0, 1.0 ], [ 0.5, -0.809017, -0.309017, 0.0, -0.809017, -0.309017, -0.5, 0.0, 0.309017, 0.5, -0.809017, 0.0, 0.0, 0.0, 0.0, 1.0 ], [ -0.309017, -0.5, 0.809017, 0.0, 0.5, -0.809017, -0.309017, 0.0, 0.809017, 0.309017, 0.5, 0.0, 0.0, 0.0, 0.0, 1.0 ], [ -0.5, -0.809017, -0.309017, 0.0, -0.809017, 0.309017, 0.5, 0.0, -0.309017, 0.5, -0.809017, 0.0, 0.0, 0.0, 0.0, 1.0 ], [ 0.309017, -0.5, 0.809017, 0.0, -0.5, -0.809017, -0.309017, 0.0, 0.809017, -0.309017, -0.5, 0.0, 0.0, 0.0, 0.0, 1.0 ], [ -0.809017, 0.309017, 0.5, 0.0, 0.309017, -0.5, 0.809017, 0.0, 0.5, 0.809017, 0.309017, 0.0, 0.0, 0.0, 0.0, 1.0 ], [ -0.5, -0.809017, 0.309017, 0.0, -0.809017, 0.309017, -0.5, 0.0, 0.309017, -0.5, -0.809017, 0.0, 0.0, 0.0, 0.0, 1.0 ], [ -0.309017, 0.5, 0.809017, 0.0, -0.5, -0.809017, 0.309017, 0.0, 0.809017, -0.309017, 0.5, 0.0, 0.0, 0.0, 0.0, 1.0 ], [ -0.809017, 0.309017, -0.5, 0.0, -0.309017, 0.5, 0.809017, 0.0, 0.5, 0.809017, -0.309017, 0.0, 0.0, 0.0, 0.0, 1.0 ], [ -0.809017, -0.309017, 0.5, 0.0, -0.309017, -0.5, -0.809017, 0.0, 0.5, -0.809017, 0.309017, 0.0, 0.0, 0.0, 0.0, 1.0 ], [ -0.5, 0.809017, -0.309017, 0.0, -0.809017, -0.309017, 0.5, 0.0, 0.309017, 0.5, 0.809017, 0.0, 0.0, 0.0, 0.0, 1.0 ], [ -0.309017, -0.5, -0.809017, 0.0, -0.5, 0.809017, -0.309017, 0.0, 0.809017, 0.309017, -0.5, 0.0, 0.0, 0.0, 0.0, 1.0 ], [ -1.0, 0.0, 0.0, 0.0, 0.0, 1.0, 0.0, 0.0, 0.0, 0.0, -1.0, 0.0, 0.0, 0.0, 0.0, 1.0 ], [ 0.0, 0.0, -1.0, 0.0, 1.0, 0.0, 0.0, 0.0, 0.0, -1.0, 0.0, 0.0, 0.0, 0.0, 0.0, 1.0 ], [ 0.0, -1.0, 0.0, 0.0, 0.0, 0.0, 1.0, 0.0, -1.0, 0.0, 0.0, 0.0, 0.0, 0.0, 0.0, 1.0 ], [ -0.809017, -0.309017, -0.5, 0.0, 0.309017, 0.5, -0.809017, 0.0, 0.5, -0.809017, -0.309017, 0.0, 0.0, 0.0, 0.0, 1.0 ], [ 0.5, -0.809017, -0.309017, 0.0, 0.809017, 0.309017, 0.5, 0.0, -0.309017, -0.5, 0.809017, 0.0, 0.0, 0.0, 0.0, 1.0 ], [ -0.309017, -0.5, 0.809017, 0.0, -0.5, 0.809017, 0.309017, 0.0, -0.809017, -0.309017, -0.5, 0.0, 0.0, 0.0, 0.0, 1.0 ], [ -0.5, -0.809017, -0.309017, 0.0, 0.809017, -0.309017, -0.5, 0.0, 0.309017, -0.5, 0.809017, 0.0, 0.0, 0.0, 0.0, 1.0 ], [ 0.309017, -0.5, 0.809017, 0.0, 0.5, 0.809017, 0.309017, 0.0, -0.809017, 0.309017, 0.5, 0.0, 0.0, 0.0, 0.0, 1.0 ], [ -0.809017, 0.309017, 0.5, 0.0, -0.309017, 0.5, -0.809017, 0.0, -0.5, -0.809017, -0.309017, 0.0, 0.0, 0.0, 0.0, 1.0 ], [ -0.5, -0.809017, 0.309017, 0.0, 0.809017, -0.309017, 0.5, 0.0, -0.309017, 0.5, 0.809017, 0.0, 0.0, 0.0, 0.0, 1.0 ], [ -0.309017, 0.5, 0.809017, 0.0, 0.5, 0.809017, -0.309017, 0.0, -0.809017, 0.309017, -0.5, 0.0, 0.0, 0.0, 0.0, 1.0 ], [ -0.809017, 0.309017, -0.5, 0.0, 0.309017, -0.5, -0.809017, 0.0, -0.5, -0.809017, 0.309017, 0.0, 0.0, 0.0, 0.0, 1.0 ], [ -0.809017, -0.309017, 0.5, 0.0, 0.309017, 0.5, 0.809017, 0.0, -0.5, 0.809017, -0.309017, 0.0, 0.0, 0.0, 0.0, 1.0 ], [ -0.5, 0.809017, -0.309017, 0.0, 0.809017, 0.309017, -0.5, 0.0, -0.309017, -0.5, -0.809017, 0.0, 0.0, 0.0, 0.0, 1.0 ], [ -0.309017, -0.5, -0.809017, 0.0, 0.5, -0.809017, 0.309017, 0.0, -0.809017, -0.309017, 0.5, 0.0, 0.0, 0.0, 0.0, 1.0 ] ],
  "lights" : {
    "ambientColor" : "#292929",
    "backgroundColor" : "#AFC8DC",
    "directionalLights" : [ {
      "direction" : {
        "x" : 1.0,
        "y" : -1.0,
        "z" : -1.0
      },
      "color" : "#EBEBE4"
    }, {
      "direction" : {
        "x" : -1.0,
        "y" : 0.0,
        "z" : 0.0
      },
      "color" : "#E4E4EB"
    }, {
      "direction" : {
        "x" : 0.0,
        "y" : 0.0,
        "z" : -1.0
      },
      "color" : "#1E1E1E"
    } ]
  },
  "camera" : {
    "perspective" : false,
    "viewDistance" : 83.83742,
    "nearClipDistance" : 0.20959361,
    "farClipDistance" : 167.67485,
    "lookAtPoint" : {
      "x" : -9.91935,
      "y" : 9.195743,
      "z" : 8.024922
    },
    "fieldOfView" : 0.44262886,
    "lookDirection" : {
      "x" : 0.0,
      "y" : 0.8506508,
      "z" : -0.5257311
    },
    "upDirection" : {
      "x" : -0.309017,
      "y" : 0.5,
      "z" : 0.809017
    },
    "width" : 37.726837,
    "stereo" : false,
    "position" : {
      "x" : -9.91935,
      "y" : -62.120625,
      "z" : 52.100857
    }
  },
  "embedding" : [ 1.0, 0.0, 0.0, 0.0, 0.0, 1.0, 0.0, 0.0, 0.0, 0.0, 1.0, 0.0, 0.0, 0.0, 0.0, 1.0 ],
  "shapes" : [ {
    "id" : "8efd5d8c-e11a-428b-bb47-58bdab7ae7b1",
    "vertices" : [ {
      "x" : 0.309017,
      "y" : -0.809017,
      "z" : 0.618034
    }, {
      "x" : 0.809017,
      "y" : -0.618034,
      "z" : 0.309017
    }, {
      "x" : 0.618034,
      "y" : -0.309017,
      "z" : 0.809017
    }, {
      "x" : 1.0,
      "y" : 0.309017,
      "z" : 0.19098301
    }, {
      "x" : 0.809017,
      "y" : 0.618034,
      "z" : 0.309017
    }, {
      "x" : 0.618034,
      "y" : 0.309017,
      "z" : 0.809017
    }, {
      "x" : 0.809017,
      "y" : 0.0,
      "z" : 0.690983
    }, {
      "x" : 0.19098301,
      "y" : -1.0,
      "z" : 0.309017
    }, {
      "x" : -0.19098301,
      "y" : -1.0,
      "z" : 0.309017
    }, {
      "x" : -0.19098301,
      "y" : -1.0,
      "z" : -0.309017
    }, {
      "x" : 0.19098301,
      "y" : -1.0,
      "z" : -0.309017
    }, {
      "x" : 1.0,
      "y" : -0.309017,
      "z" : -0.19098301
    }, {
      "x" : 0.809017,
      "y" : -0.618034,
      "z" : -0.309017
    }, {
      "x" : 0.618034,
      "y" : -0.309017,
      "z" : -0.809017
    }, {
      "x" : 0.809017,
      "y" : 0.0,
      "z" : -0.690983
    }, {
      "x" : 0.0,
      "y" : 0.690983,
      "z" : -0.809017
    }, {
      "x" : 0.309017,
      "y" : 0.809017,
      "z" : -0.618034
    }, {
      "x" : 0.618034,
      "y" : 0.309017,
      "z" : -0.809017
    }, {
      "x" : 0.309017,
      "y" : 0.19098301,
      "z" : -1.0
    }, {
      "x" : 1.0,
      "y" : 0.309017,
      "z" : -0.19098301
    }, {
      "x" : -0.309017,
      "y" : -0.809017,
      "z" : 0.618034
    }, {
      "x" : 0.0,
      "y" : -0.690983,
      "z" : 0.809017
    }, {
      "x" : 0.809017,
      "y" : 0.618034,
      "z" : -0.309017
    }, {
      "x" : 0.690983,
      "y" : 0.809017,
      "z" : 0.0
    }, {
      "x" : -0.690983,
      "y" : 0.809017,
      "z" : 0.0
    }, {
      "x" : -0.809017,
      "y" : 0.618034,
      "z" : 0.309017
    }, {
      "x" : -0.309017,
      "y" : 0.809017,
      "z" : 0.618034
    }, {
      "x" : -0.19098301,
      "y" : 1.0,
      "z" : 0.309017
    }, {
      "x" : 0.309017,
      "y" : -0.19098301,
      "z" : -1.0
    }, {
      "x" : 0.19098301,
      "y" : 1.0,
      "z" : 0.309017
    }, {
      "x" : 0.309017,
      "y" : 0.809017,
      "z" : 0.618034
    }, {
      "x" : -0.809017,
      "y" : -0.618034,
      "z" : 0.309017
    }, {
      "x" : -0.690983,
      "y" : -0.809017,
      "z" : 0.0
    }, {
      "x" : 0.0,
      "y" : 0.690983,
      "z" : 0.809017
    }, {
      "x" : 0.309017,
      "y" : -0.809017,
      "z" : -0.618034
    }, {
      "x" : 0.0,
      "y" : -0.690983,
      "z" : -0.809017
    }, {
      "x" : -1.0,
      "y" : 0.309017,
      "z" : 0.19098301
    }, {
      "x" : -0.809017,
      "y" : 0.0,
      "z" : 0.690983
    }, {
      "x" : -0.618034,
      "y" : 0.309017,
      "z" : 0.809017
    }, {
      "x" : 1.0,
      "y" : -0.309017,
      "z" : 0.19098301
    }, {
      "x" : -0.309017,
      "y" : -0.809017,
      "z" : -0.618034
    }, {
      "x" : -1.0,
      "y" : 0.309017,
      "z" : -0.19098301
    }, {
      "x" : -1.0,
      "y" : -0.309017,
      "z" : -0.19098301
    }, {
      "x" : -1.0,
      "y" : -0.309017,
      "z" : 0.19098301
    }, {
      "x" : 0.19098301,
      "y" : 1.0,
      "z" : -0.309017
    }, {
      "x" : -0.809017,
      "y" : 0.618034,
      "z" : -0.309017
    }, {
      "x" : -0.19098301,
      "y" : 1.0,
      "z" : -0.309017
    }, {
      "x" : -0.309017,
      "y" : 0.809017,
      "z" : -0.618034
    }, {
      "x" : -0.618034,
      "y" : -0.309017,
      "z" : 0.809017
    }, {
      "x" : 0.309017,
      "y" : 0.19098301,
      "z" : 1.0
    }, {
      "x" : -0.309017,
      "y" : 0.19098301,
      "z" : -1.0
    }, {
      "x" : -0.309017,
      "y" : 0.19098301,
      "z" : 1.0
    }, {
      "x" : -0.309017,
      "y" : -0.19098301,
      "z" : 1.0
    }, {
      "x" : 0.309017,
      "y" : -0.19098301,
      "z" : 1.0
    }, {
      "x" : 0.690983,
      "y" : -0.809017,
      "z" : 0.0
    }, {
      "x" : -0.809017,
      "y" : 0.0,
      "z" : -0.690983
    }, {
      "x" : -0.618034,
      "y" : -0.309017,
      "z" : -0.809017
    }, {
      "x" : -0.309017,
      "y" : -0.19098301,
      "z" : -1.0
    }, {
      "x" : -0.618034,
      "y" : 0.309017,
      "z" : -0.809017
    }, {
      "x" : -0.809017,
      "y" : -0.618034,
      "z" : -0.309017
    } ],
    "faces" : [ {
      "vertices" : [ 9, 40, 35 ]
    }, {
      "vertices" : [ 9, 35, 34 ]
    }, {
      "vertices" : [ 9, 34, 10 ]
    }, {
      "vertices" : [ 0, 1, 2 ]
    }, {
      "vertices" : [ 33, 51, 49 ]
    }, {
      "vertices" : [ 25, 36, 37 ]
    }, {
      "vertices" : [ 25, 37, 38 ]
    }, {
      "vertices" : [ 41, 55, 42 ]
    }, {
      "vertices" : [ 9, 32, 59 ]
    }, {
      "vertices" : [ 9, 59, 40 ]
    }, {
      "vertices" : [ 20, 21, 52 ]
    }, {
      "vertices" : [ 20, 52, 48 ]
    }, {
      "vertices" : [ 26, 33, 30 ]
    }, {
      "vertices" : [ 26, 30, 29 ]
    }, {
      "vertices" : [ 26, 29, 27 ]
    }, {
      "vertices" : [ 3, 4, 5 ]
    }, {
      "vertices" : [ 3, 5, 6 ]
    }, {
      "vertices" : [ 27, 29, 44 ]
    }, {
      "vertices" : [ 27, 44, 46 ]
    }, {
      "vertices" : [ 50, 57, 56 ]
    }, {
      "vertices" : [ 50, 56, 55 ]
    }, {
      "vertices" : [ 50, 55, 58 ]
    }, {
      "vertices" : [ 26, 38, 51 ]
    }, {
      "vertices" : [ 26, 51, 33 ]
    }, {
      "vertices" : [ 45, 47, 58 ]
    }, {
      "vertices" : [ 18, 28, 57 ]
    }, {
      "vertices" : [ 18, 57, 50 ]
    }, {
      "vertices" : [ 40, 59, 56 ]
    }, {
      "vertices" : [ 31, 48, 37 ]
    }, {
      "vertices" : [ 31, 37, 43 ]
    }, {
      "vertices" : [ 7, 8, 9 ]
    }, {
      "vertices" : [ 7, 9, 10 ]
    }, {
      "vertices" : [ 36, 41, 42 ]
    }, {
      "vertices" : [ 36, 42, 43 ]
    }, {
      "vertices" : [ 24, 46, 47 ]
    }, {
      "vertices" : [ 24, 47, 45 ]
    }, {
      "vertices" : [ 4, 30, 5 ]
    }, {
      "vertices" : [ 15, 47, 46 ]
    }, {
      "vertices" : [ 15, 46, 44 ]
    }, {
      "vertices" : [ 15, 44, 16 ]
    }, {
      "vertices" : [ 15, 50, 58 ]
    }, {
      "vertices" : [ 15, 58, 47 ]
    }, {
      "vertices" : [ 24, 45, 41 ]
    }, {
      "vertices" : [ 24, 41, 36 ]
    }, {
      "vertices" : [ 24, 36, 25 ]
    }, {
      "vertices" : [ 11, 14, 19 ]
    }, {
      "vertices" : [ 3, 6, 39 ]
    }, {
      "vertices" : [ 1, 39, 6 ]
    }, {
      "vertices" : [ 1, 6, 2 ]
    }, {
      "vertices" : [ 8, 32, 9 ]
    }, {
      "vertices" : [ 11, 12, 13 ]
    }, {
      "vertices" : [ 11, 13, 14 ]
    }, {
      "vertices" : [ 16, 22, 17 ]
    }, {
      "vertices" : [ 0, 21, 20 ]
    }, {
      "vertices" : [ 0, 20, 8 ]
    }, {
      "vertices" : [ 0, 8, 7 ]
    }, {
      "vertices" : [ 12, 34, 13 ]
    }, {
      "vertices" : [ 35, 40, 56 ]
    }, {
      "vertices" : [ 35, 56, 57 ]
    }, {
      "vertices" : [ 0, 7, 54 ]
    }, {
      "vertices" : [ 0, 54, 1 ]
    }, {
      "vertices" : [ 15, 16, 17 ]
    }, {
      "vertices" : [ 15, 17, 18 ]
    }, {
      "vertices" : [ 3, 19, 22 ]
    }, {
      "vertices" : [ 3, 22, 23 ]
    }, {
      "vertices" : [ 3, 23, 4 ]
    }, {
      "vertices" : [ 7, 10, 54 ]
    }, {
      "vertices" : [ 41, 45, 58 ]
    }, {
      "vertices" : [ 41, 58, 55 ]
    }, {
      "vertices" : [ 3, 39, 11 ]
    }, {
      "vertices" : [ 3, 11, 19 ]
    }, {
      "vertices" : [ 14, 17, 22 ]
    }, {
      "vertices" : [ 14, 22, 19 ]
    }, {
      "vertices" : [ 0, 2, 53 ]
    }, {
      "vertices" : [ 0, 53, 21 ]
    }, {
      "vertices" : [ 49, 51, 52 ]
    }, {
      "vertices" : [ 49, 52, 53 ]
    }, {
      "vertices" : [ 31, 43, 42 ]
    }, {
      "vertices" : [ 31, 42, 59 ]
    }, {
      "vertices" : [ 31, 59, 32 ]
    }, {
      "vertices" : [ 15, 18, 50 ]
    }, {
      "vertices" : [ 42, 55, 56 ]
    }, {
      "vertices" : [ 42, 56, 59 ]
    }, {
      "vertices" : [ 4, 23, 29 ]
    }, {
      "vertices" : [ 4, 29, 30 ]
    }, {
      "vertices" : [ 25, 38, 26 ]
    }, {
      "vertices" : [ 13, 28, 18 ]
    }, {
      "vertices" : [ 13, 18, 17 ]
    }, {
      "vertices" : [ 13, 17, 14 ]
    }, {
      "vertices" : [ 8, 20, 31 ]
    }, {
      "vertices" : [ 8, 31, 32 ]
    }, {
      "vertices" : [ 23, 44, 29 ]
    }, {
      "vertices" : [ 24, 27, 46 ]
    }, {
      "vertices" : [ 37, 48, 52 ]
    }, {
      "vertices" : [ 37, 52, 51 ]
    }, {
      "vertices" : [ 37, 51, 38 ]
    }, {
      "vertices" : [ 20, 48, 31 ]
    }, {
      "vertices" : [ 24, 25, 26 ]
    }, {
      "vertices" : [ 24, 26, 27 ]
    }, {
      "vertices" : [ 16, 44, 23 ]
    }, {
      "vertices" : [ 16, 23, 22 ]
    }, {
      "vertices" : [ 13, 34, 35 ]
    }, {
      "vertices" : [ 13, 35, 28 ]
    }, {
      "vertices" : [ 10, 34, 12 ]
    }, {
      "vertices" : [ 10, 12, 54 ]
    }, {
      "vertices" : [ 2, 6, 5 ]
    }, {
      "vertices" : [ 2, 5, 49 ]
    }, {
      "vertices" : [ 2, 49, 53 ]
    }, {
      "vertices" : [ 36, 43, 37 ]
    }, {
      "vertices" : [ 5, 30, 33 ]
    }, {
      "vertices" : [ 5, 33, 49 ]
    }, {
      "vertices" : [ 1, 54, 12 ]
    }, {
      "vertices" : [ 1, 12, 11 ]
    }, {
      "vertices" : [ 1, 11, 39 ]
    }, {
      "vertices" : [ 28, 35, 57 ]
    }, {
      "vertices" : [ 21, 53, 52 ]
    } ]
  }, {
    "id" : "ecfb4cb7-69c4-45db-a163-e2363fd56aa6",
    "vertices" : [ {
      "x" : 0.809017,
      "y" : 0.0,
      "z" : -0.690983
    }, {
      "x" : 1.0,
      "y" : 0.309017,
      "z" : -0.19098301
    }, {
      "x" : 4.736068,
      "y" : 0.309017,
      "z" : -1.618034
    }, {
      "x" : 4.545085,
      "y" : 0.0,
      "z" : -2.118034
    }, {
      "x" : 10.09017,
      "y" : 0.309017,
      "z" : -4.045085
    }, {
      "x" : 1.0,
      "y" : -0.309017,
      "z" : -0.19098301
    }, {
      "x" : 4.736068,
      "y" : -0.309017,
      "z" : -1.618034
    }, {
      "x" : 6.354102,
      "y" : 0.309017,
      "z" : -2.618034
    }, {
      "x" : 6.545085,
      "y" : 0.0,
      "z" : -2.118034
    }, {
      "x" : 11.09017,
      "y" : 0.0,
      "z" : -4.236068
    }, {
      "x" : 6.354102,
      "y" : -0.309017,
      "z" : -2.618034
    }, {
      "x" : 10.281153,
      "y" : 0.0,
      "z" : -3.545085
    }, {
      "x" : 10.09017,
      "y" : -0.309017,
      "z" : -4.045085
    } ],
    "faces" : [ {
      "vertices" : [ 2, 6, 8 ]
    }, {
      "vertices" : [ 4, 12, 10 ]
    }, {
      "vertices" : [ 4, 10, 7 ]
    }, {
      "vertices" : [ 2, 8, 7 ]
    }, {
      "vertices" : [ 3, 10, 6 ]
    }, {
      "vertices" : [ 3, 7, 10 ]
    }, {
      "vertices" : [ 0, 1, 2 ]
    }, {
      "vertices" : [ 0, 2, 3 ]
    }, {
      "vertices" : [ 6, 10, 8 ]
    }, {
      "vertices" : [ 8, 10, 12 ]
    }, {
      "vertices" : [ 8, 12, 11 ]
    }, {
      "vertices" : [ 2, 7, 3 ]
    }, {
      "vertices" : [ 0, 3, 6 ]
    }, {
      "vertices" : [ 0, 6, 5 ]
    }, {
      "vertices" : [ 1, 5, 6 ]
    }, {
      "vertices" : [ 1, 6, 2 ]
    }, {
      "vertices" : [ 4, 7, 8 ]
    }, {
      "vertices" : [ 4, 8, 11 ]
    } ]
  }, {
    "id" : "9da03f2e-280e-4848-9908-e342e9c7cd39",
    "vertices" : [ {
      "x" : 12.708204,
      "y" : 0.309017,
      "z" : 0.19098301
    }, {
      "x" : 12.708204,
      "y" : 0.309017,
      "z" : -0.19098301
    }, {
      "x" : 1.0,
      "y" : 0.309017,
      "z" : -0.19098301
    }, {
      "x" : 1.0,
      "y" : 0.309017,
      "z" : 0.19098301
    }, {
      "x" : 12.708204,
      "y" : -0.309017,
      "z" : 0.19098301
    }, {
      "x" : 1.0,
      "y" : -0.309017,
      "z" : 0.19098301
    }, {
      "x" : 1.0,
      "y" : -0.309017,
      "z" : -0.19098301
    }, {
      "x" : 12.708204,
      "y" : -0.309017,
      "z" : -0.19098301
    }, {
      "x" : 13.708204,
      "y" : 0.0,
      "z" : 0.0
    } ],
    "faces" : [ {
      "vertices" : [ 1, 7, 6 ]
    }, {
      "vertices" : [ 1, 6, 2 ]
    }, {
      "vertices" : [ 0, 1, 2 ]
    }, {
      "vertices" : [ 0, 2, 3 ]
    }, {
      "vertices" : [ 4, 5, 6 ]
    }, {
      "vertices" : [ 4, 6, 7 ]
    }, {
      "vertices" : [ 0, 3, 5 ]
    }, {
      "vertices" : [ 0, 5, 4 ]
    } ]
  }, {
    "id" : "2c3d752a-f8fc-44d6-936b-298385394be0",
    "vertices" : [ {
      "x" : 2.618034,
      "y" : 1.736068,
      "z" : 0.309017
    }, {
      "x" : 4.236068,
      "y" : 2.5,
      "z" : 0.309017
    }, {
      "x" : 4.045085,
      "y" : 2.809017,
      "z" : 0.19098301
    }, {
      "x" : 0.809017,
      "y" : 0.618034,
      "z" : -0.309017
    }, {
      "x" : 0.690983,
      "y" : 0.809017,
      "z" : 0.0
    }, {
      "x" : 2.5,
      "y" : 1.927051,
      "z" : 0.0
    }, {
      "x" : 2.618034,
      "y" : 1.736068,
      "z" : -0.309017
    }, {
      "x" : 6.045085,
      "y" : 3.618034,
      "z" : 0.309017
    }, {
      "x" : 2.809017,
      "y" : 1.427051,
      "z" : 0.19098301
    }, {
      "x" : 2.809017,
      "y" : 1.427051,
      "z" : -0.19098301
    }, {
      "x" : 4.354102,
      "y" : 2.309017,
      "z" : 0.0
    }, {
      "x" : 4.236068,
      "y" : 2.5,
      "z" : -0.309017
    }, {
      "x" : 6.163119,
      "y" : 3.427051,
      "z" : 0.0
    }, {
      "x" : 1.0,
      "y" : 0.309017,
      "z" : 0.19098301
    }, {
      "x" : 1.0,
      "y" : 0.309017,
      "z" : -0.19098301
    }, {
      "x" : 0.809017,
      "y" : 0.618034,
      "z" : 0.309017
    }, {
      "x" : 5.854102,
      "y" : 3.927051,
      "z" : 0.19098301
    }, {
      "x" : 6.045085,
      "y" : 3.618034,
      "z" : -0.309017
    }, {
      "x" : 5.854102,
      "y" : 3.927051,
      "z" : -0.19098301
    }, {
      "x" : 6.854102,
      "y" : 4.236068,
      "z" : 0.0
    }, {
      "x" : 4.045085,
      "y" : 2.809017,
      "z" : -0.19098301
    } ],
    "faces" : [ {
      "vertices" : [ 3, 6, 9 ]
    }, {
      "vertices" : [ 3, 9, 14 ]
    }, {
      "vertices" : [ 11, 20, 18 ]
    }, {
      "vertices" : [ 11, 18, 17 ]
    }, {
      "vertices" : [ 0, 1, 2 ]
    }, {
      "vertices" : [ 0, 15, 13 ]
    }, {
      "vertices" : [ 0, 13, 8 ]
    }, {
      "vertices" : [ 6, 20, 11 ]
    }, {
      "vertices" : [ 0, 2, 5 ]
    }, {
      "vertices" : [ 0, 8, 1 ]
    }, {
      "vertices" : [ 8, 13, 14 ]
    }, {
      "vertices" : [ 8, 14, 9 ]
    }, {
      "vertices" : [ 3, 4, 5 ]
    }, {
      "vertices" : [ 3, 5, 6 ]
    }, {
      "vertices" : [ 10, 11, 17 ]
    }, {
      "vertices" : [ 10, 17, 12 ]
    }, {
      "vertices" : [ 1, 8, 10 ]
    }, {
      "vertices" : [ 0, 5, 4 ]
    }, {
      "vertices" : [ 0, 4, 15 ]
    }, {
      "vertices" : [ 2, 16, 18 ]
    }, {
      "vertices" : [ 2, 18, 20 ]
    }, {
      "vertices" : [ 1, 7, 16 ]
    }, {
      "vertices" : [ 1, 16, 2 ]
    }, {
      "vertices" : [ 6, 11, 9 ]
    }, {
      "vertices" : [ 8, 9, 10 ]
    }, {
      "vertices" : [ 2, 20, 5 ]
    }, {
      "vertices" : [ 9, 11, 10 ]
    }, {
      "vertices" : [ 1, 10, 12 ]
    }, {
      "vertices" : [ 1, 12, 7 ]
    }, {
      "vertices" : [ 5, 20, 6 ]
    } ]
  }, {
    "id" : "7c3f8e08-60f0-44d7-ab12-2520ce4afe83",
    "vertices" : [ {
      "x" : 4.736068,
      "y" : 3.045085,
      "z" : 0.309017
    }, {
      "x" : 6.354102,
      "y" : 3.809017,
      "z" : 0.309017
    }, {
      "x" : 6.163119,
      "y" : 4.118034,
      "z" : 0.19098301
    }, {
      "x" : 0.809017,
      "y" : 0.618034,
      "z" : -0.309017
    }, {
      "x" : 0.690983,
      "y" : 0.809017,
      "z" : 0.0
    }, {
      "x" : 4.618034,
      "y" : 3.236068,
      "z" : 0.0
    }, {
      "x" : 4.736068,
      "y" : 3.045085,
      "z" : -0.309017
    }, {
      "x" : 10.281153,
      "y" : 6.236068,
      "z" : 0.309017
    }, {
      "x" : 4.927051,
      "y" : 2.736068,
      "z" : 0.19098301
    }, {
      "x" : 4.927051,
      "y" : 2.736068,
      "z" : -0.19098301
    }, {
      "x" : 6.472136,
      "y" : 3.618034,
      "z" : 0.0
    }, {
      "x" : 6.354102,
      "y" : 3.809017,
      "z" : -0.309017
    }, {
      "x" : 10.399187,
      "y" : 6.045085,
      "z" : 0.0
    }, {
      "x" : 1.0,
      "y" : 0.309017,
      "z" : 0.19098301
    }, {
      "x" : 1.0,
      "y" : 0.309017,
      "z" : -0.19098301
    }, {
      "x" : 0.809017,
      "y" : 0.618034,
      "z" : 0.309017
    }, {
      "x" : 10.09017,
      "y" : 6.545085,
      "z" : 0.19098301
    }, {
      "x" : 10.281153,
      "y" : 6.236068,
      "z" : -0.309017
    }, {
      "x" : 10.09017,
      "y" : 6.545085,
      "z" : -0.19098301
    }, {
      "x" : 11.09017,
      "y" : 6.854102,
      "z" : 0.0
    }, {
      "x" : 6.163119,
      "y" : 4.118034,
      "z" : -0.19098301
    } ],
    "faces" : [ {
      "vertices" : [ 3, 6, 9 ]
    }, {
      "vertices" : [ 3, 9, 14 ]
    }, {
      "vertices" : [ 11, 20, 18 ]
    }, {
      "vertices" : [ 11, 18, 17 ]
    }, {
      "vertices" : [ 0, 1, 2 ]
    }, {
      "vertices" : [ 0, 15, 13 ]
    }, {
      "vertices" : [ 0, 13, 8 ]
    }, {
      "vertices" : [ 6, 20, 11 ]
    }, {
      "vertices" : [ 0, 2, 5 ]
    }, {
      "vertices" : [ 0, 8, 1 ]
    }, {
      "vertices" : [ 8, 13, 14 ]
    }, {
      "vertices" : [ 8, 14, 9 ]
    }, {
      "vertices" : [ 3, 4, 5 ]
    }, {
      "vertices" : [ 3, 5, 6 ]
    }, {
      "vertices" : [ 10, 11, 17 ]
    }, {
      "vertices" : [ 10, 17, 12 ]
    }, {
      "vertices" : [ 1, 8, 10 ]
    }, {
      "vertices" : [ 0, 5, 4 ]
    }, {
      "vertices" : [ 0, 4, 15 ]
    }, {
      "vertices" : [ 2, 16, 18 ]
    }, {
      "vertices" : [ 2, 18, 20 ]
    }, {
      "vertices" : [ 1, 7, 16 ]
    }, {
      "vertices" : [ 1, 16, 2 ]
    }, {
      "vertices" : [ 6, 11, 9 ]
    }, {
      "vertices" : [ 8, 9, 10 ]
    }, {
      "vertices" : [ 2, 20, 5 ]
    }, {
      "vertices" : [ 9, 11, 10 ]
    }, {
      "vertices" : [ 1, 10, 12 ]
    }, {
      "vertices" : [ 1, 12, 7 ]
    }, {
      "vertices" : [ 5, 20, 6 ]
    } ]
  } ],
  "instances" : [ {
    "shape" : "8efd5d8c-e11a-428b-bb47-58bdab7ae7b1",
    "color" : "#FFFFFF",
    "position" : {
      "x" : -4.236068,
      "y" : 22.18034,
      "z" : 6.854102
    }
  }, {
    "shape" : "8efd5d8c-e11a-428b-bb47-58bdab7ae7b1",
    "color" : "#FFFFFF",
    "position" : {
      "x" : -11.09017,
      "y" : 22.18034,
      "z" : 17.944271
    }
  }, {
    "shape" : "8efd5d8c-e11a-428b-bb47-58bdab7ae7b1",
    "color" : "#FFFFFF",
    "position" : {
      "x" : -11.09017,
      "y" : 0.0,
      "z" : 4.236068
    }
  }, {
    "shape" : "ecfb4cb7-69c4-45db-a163-e2363fd56aa6",
    "color" : "#F0A000",
    "position" : {
      "x" : -13.708204,
      "y" : 8.472136,
      "z" : 0.0
    },
    "orientation" : 1
  }, {
    "shape" : "8efd5d8c-e11a-428b-bb47-58bdab7ae7b1",
    "color" : "#FFFFFF",
    "position" : {
      "x" : -11.09017,
      "y" : 26.416409,
      "z" : 6.854102
    }
  }, {
    "shape" : "9da03f2e-280e-4848-9908-e342e9c7cd39",
    "color" : "#007695",
    "position" : {
      "x" : -11.09017,
      "y" : 0.0,
      "z" : 4.236068
    },
    "orientation" : 6
  }, {
    "shape" : "2c3d752a-f8fc-44d6-936b-298385394be0",
    "color" : "#AF0000",
    "position" : {
      "x" : -4.236068,
      "y" : 22.18034,
      "z" : 6.854102
    },
    "orientation" : 45
  }, {
    "shape" : "8efd5d8c-e11a-428b-bb47-58bdab7ae7b1",
    "color" : "#FFFFFF",
    "position" : {
      "x" : 4.236068,
      "y" : 0.0,
      "z" : 6.854102
    }
  }, {
    "shape" : "9da03f2e-280e-4848-9908-e342e9c7cd39",
    "color" : "#007695",
    "position" : {
      "x" : -24.798374,
      "y" : 4.236068,
      "z" : 15.326238
    },
    "orientation" : 8
  }, {
    "shape" : "ecfb4cb7-69c4-45db-a163-e2363fd56aa6",
    "color" : "#F0A000",
    "position" : {
      "x" : -11.09017,
      "y" : 22.18034,
      "z" : 17.944271
    },
    "orientation" : 17
  }, {
    "shape" : "8efd5d8c-e11a-428b-bb47-58bdab7ae7b1",
    "color" : "#FFFFFF",
    "position" : {
      "x" : 0.0,
      "y" : 0.0,
      "z" : 0.0
    }
  }, {
    "shape" : "ecfb4cb7-69c4-45db-a163-e2363fd56aa6",
    "color" : "#F0A000",
    "position" : {
      "x" : 0.0,
      "y" : 0.0,
      "z" : 0.0
    },
    "orientation" : 1
  }, {
    "shape" : "ecfb4cb7-69c4-45db-a163-e2363fd56aa6",
    "color" : "#F0A000",
    "position" : {
      "x" : -13.708204,
      "y" : 0.0,
      "z" : 22.18034
    },
    "orientation" : 1
  }, {
    "shape" : "7c3f8e08-60f0-44d7-ab12-2520ce4afe83",
    "color" : "#AF0000",
    "position" : {
      "x" : -11.09017,
      "y" : 0.0,
      "z" : 4.236068
    },
    "orientation" : 32
  }, {
    "shape" : "2c3d752a-f8fc-44d6-936b-298385394be0",
    "color" : "#AF0000",
    "position" : {
      "x" : -4.236068,
      "y" : 22.18034,
      "z" : 6.854102
    },
    "orientation" : 2
  }, {
    "shape" : "8efd5d8c-e11a-428b-bb47-58bdab7ae7b1",
    "color" : "#FFFFFF",
    "position" : {
      "x" : -13.708204,
      "y" : 0.0,
      "z" : 22.18034
    }
  }, {
    "shape" : "ecfb4cb7-69c4-45db-a163-e2363fd56aa6",
    "color" : "#F0A000",
    "position" : {
      "x" : -24.798374,
      "y" : 8.472136,
      "z" : 4.236068
    },
    "orientation" : 0
  }, {
    "shape" : "8efd5d8c-e11a-428b-bb47-58bdab7ae7b1",
    "color" : "#FFFFFF",
    "position" : {
      "x" : -24.798374,
      "y" : 4.236068,
      "z" : 15.326238
    }
  }, {
    "shape" : "8efd5d8c-e11a-428b-bb47-58bdab7ae7b1",
    "color" : "#FFFFFF",
    "position" : {
      "x" : -24.798374,
      "y" : 8.472136,
      "z" : 4.236068
    }
  }, {
    "shape" : "8efd5d8c-e11a-428b-bb47-58bdab7ae7b1",
    "color" : "#FFFFFF",
    "position" : {
      "x" : -17.944271,
      "y" : 11.09017,
      "z" : 22.18034
    }
  }, {
    "shape" : "7c3f8e08-60f0-44d7-ab12-2520ce4afe83",
    "color" : "#AF0000",
    "position" : {
      "x" : -17.944271,
      "y" : 0.0,
      "z" : 15.326238
    },
    "orientation" : 1
  }, {
    "shape" : "ecfb4cb7-69c4-45db-a163-e2363fd56aa6",
    "color" : "#F0A000",
    "position" : {
      "x" : 0.0,
      "y" : 0.0,
      "z" : 0.0
    },
    "orientation" : 38
  }, {
    "shape" : "ecfb4cb7-69c4-45db-a163-e2363fd56aa6",
    "color" : "#F0A000",
    "position" : {
      "x" : -4.236068,
      "y" : 11.09017,
      "z" : 0.0
    },
    "orientation" : 19
  }, {
    "shape" : "7c3f8e08-60f0-44d7-ab12-2520ce4afe83",
    "color" : "#AF0000",
    "position" : {
      "x" : -4.236068,
      "y" : 11.09017,
      "z" : 0.0
    },
    "orientation" : 1
  }, {
    "shape" : "ecfb4cb7-69c4-45db-a163-e2363fd56aa6",
    "color" : "#F0A000",
    "position" : {
      "x" : 4.236068,
      "y" : 11.09017,
      "z" : 13.708204
    },
    "orientation" : 1
  }, {
    "shape" : "2c3d752a-f8fc-44d6-936b-298385394be0",
    "color" : "#AF0000",
    "position" : {
      "x" : -13.708204,
      "y" : 8.472136,
      "z" : 0.0
    },
    "orientation" : 47
  }, {
    "shape" : "9da03f2e-280e-4848-9908-e342e9c7cd39",
    "color" : "#007695",
    "position" : {
      "x" : 0.0,
      "y" : 22.18034,
      "z" : 13.708204
    },
    "orientation" : 56
  }, {
    "shape" : "ecfb4cb7-69c4-45db-a163-e2363fd56aa6",
    "color" : "#F0A000",
    "position" : {
      "x" : -2.618034,
      "y" : 0.0,
      "z" : 17.944271
    },
    "orientation" : 17
  }, {
    "shape" : "7c3f8e08-60f0-44d7-ab12-2520ce4afe83",
    "color" : "#AF0000",
    "position" : {
      "x" : -17.944271,
      "y" : 19.562305,
      "z" : 0.0
    },
    "orientation" : 16
  }, {
    "shape" : "8efd5d8c-e11a-428b-bb47-58bdab7ae7b1",
    "color" : "#FFFFFF",
    "position" : {
      "x" : -13.708204,
      "y" : 8.472136,
      "z" : 0.0
    }
  }, {
    "shape" : "8efd5d8c-e11a-428b-bb47-58bdab7ae7b1",
    "color" : "#FFFFFF",
    "position" : {
      "x" : -2.618034,
      "y" : 0.0,
      "z" : 17.944271
    }
  }, {
    "shape" : "2c3d752a-f8fc-44d6-936b-298385394be0",
    "color" : "#AF0000",
    "position" : {
      "x" : -17.944271,
      "y" : 0.0,
      "z" : 15.326238
    },
    "orientation" : 45
  }, {
    "shape" : "7c3f8e08-60f0-44d7-ab12-2520ce4afe83",
    "color" : "#AF0000",
    "position" : {
      "x" : -4.236068,
      "y" : 22.18034,
      "z" : 6.854102
    },
    "orientation" : 32
  }, {
    "shape" : "9da03f2e-280e-4848-9908-e342e9c7cd39",
    "color" : "#007695",
    "position" : {
      "x" : -11.09017,
      "y" : 4.236068,
      "z" : -6.854102
    },
    "orientation" : 8
  }, {
    "shape" : "ecfb4cb7-69c4-45db-a163-e2363fd56aa6",
    "color" : "#F0A000",
    "position" : {
      "x" : -17.944271,
      "y" : 11.09017,
      "z" : 22.18034
    },
    "orientation" : 19
  }, {
    "shape" : "ecfb4cb7-69c4-45db-a163-e2363fd56aa6",
    "color" : "#F0A000",
    "position" : {
      "x" : -13.708204,
      "y" : 0.0,
      "z" : 22.18034
    },
    "orientation" : 0
  }, {
    "shape" : "9da03f2e-280e-4848-9908-e342e9c7cd39",
    "color" : "#007695",
    "position" : {
      "x" : -17.944271,
      "y" : 19.562305,
      "z" : 0.0
    },
    "orientation" : 39
  }, {
    "shape" : "9da03f2e-280e-4848-9908-e342e9c7cd39",
    "color" : "#007695",
    "position" : {
      "x" : 4.236068,
      "y" : 11.09017,
      "z" : 13.708204
    },
    "orientation" : 39
  }, {
    "shape" : "8efd5d8c-e11a-428b-bb47-58bdab7ae7b1",
    "color" : "#FFFFFF",
    "position" : {
      "x" : -11.09017,
      "y" : 4.236068,
      "z" : -6.854102
    }
  }, {
    "shape" : "8efd5d8c-e11a-428b-bb47-58bdab7ae7b1",
    "color" : "#FFFFFF",
    "position" : {
      "x" : -4.236068,
      "y" : 11.09017,
      "z" : 0.0
    }
  }, {
    "shape" : "8efd5d8c-e11a-428b-bb47-58bdab7ae7b1",
    "color" : "#FFFFFF",
    "position" : {
      "x" : -17.944271,
      "y" : 8.472136,
      "z" : -6.854102
    }
  }, {
    "shape" : "ecfb4cb7-69c4-45db-a163-e2363fd56aa6",
    "color" : "#F0A000",
    "position" : {
      "x" : -2.618034,
      "y" : 4.236068,
      "z" : 6.854102
    },
    "orientation" : 9
  }, {
    "shape" : "ecfb4cb7-69c4-45db-a163-e2363fd56aa6",
    "color" : "#F0A000",
    "position" : {
      "x" : 0.0,
      "y" : 22.18034,
      "z" : 13.708204
    },
    "orientation" : 38
  }, {
    "shape" : "7c3f8e08-60f0-44d7-ab12-2520ce4afe83",
    "color" : "#AF0000",
    "position" : {
      "x" : -24.798374,
      "y" : 8.472136,
      "z" : 4.236068
    },
    "orientation" : 17
  }, {
    "shape" : "8efd5d8c-e11a-428b-bb47-58bdab7ae7b1",
    "color" : "#FFFFFF",
    "position" : {
      "x" : -17.944271,
      "y" : 0.0,
      "z" : 15.326238
    }
  }, {
    "shape" : "7c3f8e08-60f0-44d7-ab12-2520ce4afe83",
    "color" : "#AF0000",
    "position" : {
      "x" : 4.236068,
      "y" : 0.0,
      "z" : 6.854102
    },
    "orientation" : 1
  }, {
    "shape" : "8efd5d8c-e11a-428b-bb47-58bdab7ae7b1",
    "color" : "#FFFFFF",
    "position" : {
      "x" : 4.236068,
      "y" : 11.09017,
      "z" : 13.708204
    }
  }, {
    "shape" : "ecfb4cb7-69c4-45db-a163-e2363fd56aa6",
    "color" : "#F0A000",
    "position" : {
      "x" : -11.09017,
      "y" : 0.0,
      "z" : 4.236068
    },
    "orientation" : 17
  }, {
    "shape" : "8efd5d8c-e11a-428b-bb47-58bdab7ae7b1",
    "color" : "#FFFFFF",
    "position" : {
      "x" : -2.618034,
      "y" : 4.236068,
      "z" : 6.854102
    }
  }, {
    "shape" : "2c3d752a-f8fc-44d6-936b-298385394be0",
    "color" : "#AF0000",
    "position" : {
      "x" : 4.236068,
      "y" : 0.0,
      "z" : 6.854102
    },
    "orientation" : 45
  }, {
    "shape" : "7c3f8e08-60f0-44d7-ab12-2520ce4afe83",
    "color" : "#AF0000",
    "position" : {
      "x" : 4.236068,
      "y" : 0.0,
      "z" : 6.854102
    },
    "orientation" : 32
  }, {
    "shape" : "ecfb4cb7-69c4-45db-a163-e2363fd56aa6",
    "color" : "#F0A000",
    "position" : {
      "x" : -24.798374,
      "y" : 4.236068,
      "z" : 15.326238
    },
    "orientation" : 17
  }, {
    "shape" : "2c3d752a-f8fc-44d6-936b-298385394be0",
    "color" : "#AF0000",
    "position" : {
      "x" : -17.944271,
      "y" : 0.0,
      "z" : 15.326238
    },
    "orientation" : 2
  }, {
    "shape" : "8efd5d8c-e11a-428b-bb47-58bdab7ae7b1",
    "color" : "#FFFFFF",
    "position" : {
      "x" : -17.944271,
      "y" : 19.562305,
      "z" : 0.0
    }
  }, {
    "shape" : "ecfb4cb7-69c4-45db-a163-e2363fd56aa6",
    "color" : "#F0A000",
    "position" : {
      "x" : -17.944271,
      "y" : 19.562305,
      "z" : 0.0
    },
    "orientation" : 9
  }, {
    "shape" : "2c3d752a-f8fc-44d6-936b-298385394be0",
    "color" : "#AF0000",
    "position" : {
      "x" : 0.0,
      "y" : 0.0,
      "z" : 0.0
    },
    "orientation" : 2
  }, {
    "shape" : "2c3d752a-f8fc-44d6-936b-298385394be0",
    "color" : "#AF0000",
    "position" : {
      "x" : -11.09017,
      "y" : 4.236068,
      "z" : -6.854102
    },
    "orientation" : 45
  }, {
    "shape" : "8efd5d8c-e11a-428b-bb47-58bdab7ae7b1",
    "color" : "#FFFFFF",
    "position" : {
      "x" : 0.0,
      "y" : 22.18034,
      "z" : 13.708204
    }
  }, {
    "shape" : "9da03f2e-280e-4848-9908-e342e9c7cd39",
    "color" : "#007695",
    "position" : {
      "x" : -11.09017,
      "y" : 22.18034,
      "z" : 17.944271
    },
    "orientation" : 39
  }, {
    "shape" : "9da03f2e-280e-4848-9908-e342e9c7cd39",
    "color" : "#007695",
    "position" : {
      "x" : -13.708204,
      "y" : 8.472136,
      "z" : 0.0
    },
    "orientation" : 8
  } ],
  "scenes" : [ {
    "title" : "ghost",
    "content" : "This page was a saved view created by an older version of vZome.",
    "view" : {
      "perspective" : false,
      "viewDistance" : 67.281105,
      "nearClipDistance" : 0.16820276,
      "farClipDistance" : 134.56221,
      "lookAtPoint" : {
        "x" : -9.91935,
        "y" : 9.195743,
        "z" : 8.024922
      },
      "fieldOfView" : 0.44262886,
      "lookDirection" : {
        "x" : 0.0,
        "y" : -0.8506508,
        "z" : 0.5257311
      },
      "upDirection" : {
        "x" : -1.0,
        "y" : -0.0,
        "z" : 0.0
      },
      "width" : 30.276497,
      "stereo" : false,
      "position" : {
        "x" : -9.91935,
        "y" : 66.42847,
        "z" : -27.346848
      }
    },
    "snapshot" : 0
  } ],
  "snapshots" : [ [ {
    "shape" : "2c3d752a-f8fc-44d6-936b-298385394be0",
    "color" : "#AF0000",
    "position" : {
      "x" : -11.09017,
      "y" : 4.236068,
      "z" : -6.854102
    },
    "orientation" : 45
  }, {
    "shape" : "8efd5d8c-e11a-428b-bb47-58bdab7ae7b1",
    "color" : "#FFFFFF",
    "position" : {
      "x" : -13.708204,
      "y" : 8.472136,
      "z" : 0.0
    },
    "orientation" : 0
  }, {
    "shape" : "8efd5d8c-e11a-428b-bb47-58bdab7ae7b1",
    "color" : "#FFFFFF",
    "position" : {
      "x" : -11.09017,
      "y" : 0.0,
      "z" : 4.236068
    },
    "orientation" : 0
  }, {
    "shape" : "ecfb4cb7-69c4-45db-a163-e2363fd56aa6",
    "color" : "#F0A000",
    "position" : {
      "x" : -13.708204,
      "y" : 0.0,
      "z" : 22.18034
    },
    "orientation" : 0
  }, {
    "shape" : "2c3d752a-f8fc-44d6-936b-298385394be0",
    "color" : "#AF0000",
    "position" : {
      "x" : -13.708204,
      "y" : 8.472136,
      "z" : 0.0
    },
    "orientation" : 47
  }, {
    "shape" : "8efd5d8c-e11a-428b-bb47-58bdab7ae7b1",
    "color" : "#FFFFFF",
    "position" : {
      "x" : 0.0,
      "y" : 22.18034,
      "z" : 13.708204
    },
    "orientation" : 0
  }, {
    "shape" : "ecfb4cb7-69c4-45db-a163-e2363fd56aa6",
    "color" : "#F0A000",
    "position" : {
      "x" : 0.0,
      "y" : 0.0,
      "z" : 0.0
    },
    "orientation" : 1
  }, {
    "shape" : "ecfb4cb7-69c4-45db-a163-e2363fd56aa6",
    "color" : "#F0A000",
    "position" : {
      "x" : -17.944271,
      "y" : 19.562305,
      "z" : 0.0
    },
    "orientation" : 9
  }, {
    "shape" : "ecfb4cb7-69c4-45db-a163-e2363fd56aa6",
    "color" : "#F0A000",
    "position" : {
      "x" : 0.0,
      "y" : 22.18034,
      "z" : 13.708204
    },
    "orientation" : 38
  }, {
