{
  "field" : "golden",
  "symmetry" : "icosahedral",
  "orientations" : [ [ 1.0, 0.0, 0.0, 0.0, 0.0, 1.0, 0.0, 0.0, 0.0, 0.0, 1.0, 0.0, 0.0, 0.0, 0.0, 1.0 ], [ 0.0, 0.0, 1.0, 0.0, 1.0, 0.0, 0.0, 0.0, 0.0, 1.0, 0.0, 0.0, 0.0, 0.0, 0.0, 1.0 ], [ 0.0, 1.0, 0.0, 0.0, 0.0, 0.0, 1.0, 0.0, 1.0, 0.0, 0.0, 0.0, 0.0, 0.0, 0.0, 1.0 ], [ 0.809017, 0.309017, 0.5, 0.0, 0.309017, 0.5, -0.809017, 0.0, -0.5, 0.809017, 0.309017, 0.0, 0.0, 0.0, 0.0, 1.0 ], [ -0.5, 0.809017, 0.309017, 0.0, 0.809017, 0.309017, 0.5, 0.0, 0.309017, 0.5, -0.809017, 0.0, 0.0, 0.0, 0.0, 1.0 ], [ 0.309017, 0.5, -0.809017, 0.0, -0.5, 0.809017, 0.309017, 0.0, 0.809017, 0.309017, 0.5, 0.0, 0.0, 0.0, 0.0, 1.0 ], [ 0.5, 0.809017, 0.309017, 0.0, 0.809017, -0.309017, -0.5, 0.0, -0.309017, 0.5, -0.809017, 0.0, 0.0, 0.0, 0.0, 1.0 ], [ -0.309017, 0.5, -0.809017, 0.0, 0.5, 0.809017, 0.309017, 0.0, 0.809017, -0.309017, -0.5, 0.0, 0.0, 0.0, 0.0, 1.0 ], [ 0.809017, -0.309017, -0.5, 0.0, -0.309017, 0.5, -0.809017, 0.0, 0.5, 0.809017, 0.309017, 0.0, 0.0, 0.0, 0.0, 1.0 ], [ 0.5, 0.809017, -0.309017, 0.0, 0.809017, -0.309017, 0.5, 0.0, 0.309017, -0.5, -0.809017, 0.0, 0.0, 0.0, 0.0, 1.0 ], [ 0.309017, -0.5, -0.809017, 0.0, 0.5, 0.809017, -0.309017, 0.0, 0.809017, -0.309017, 0.5, 0.0, 0.0, 0.0, 0.0, 1.0 ], [ 0.809017, -0.309017, 0.5, 0.0, 0.309017, -0.5, -0.809017, 0.0, 0.5, 0.809017, -0.309017, 0.0, 0.0, 0.0, 0.0, 1.0 ], [ 0.809017, 0.309017, -0.5, 0.0, 0.309017, 0.5, 0.809017, 0.0, 0.5, -0.809017, 0.309017, 0.0, 0.0, 0.0, 0.0, 1.0 ], [ 0.5, -0.809017, 0.309017, 0.0, 0.809017, 0.309017, -0.5, 0.0, 0.309017, 0.5, 0.809017, 0.0, 0.0, 0.0, 0.0, 1.0 ], [ 0.309017, 0.5, 0.809017, 0.0, 0.5, -0.809017, 0.309017, 0.0, 0.809017, 0.309017, -0.5, 0.0, 0.0, 0.0, 0.0, 1.0 ], [ 1.0, 0.0, 0.0, 0.0, 0.0, -1.0, 0.0, 0.0, 0.0, 0.0, -1.0, 0.0, 0.0, 0.0, 0.0, 1.0 ], [ 0.0, 0.0, 1.0, 0.0, -1.0, 0.0, 0.0, 0.0, 0.0, -1.0, 0.0, 0.0, 0.0, 0.0, 0.0, 1.0 ], [ 0.0, 1.0, 0.0, 0.0, 0.0, 0.0, -1.0, 0.0, -1.0, 0.0, 0.0, 0.0, 0.0, 0.0, 0.0, 1.0 ], [ 0.809017, 0.309017, 0.5, 0.0, -0.309017, -0.5, 0.809017, 0.0, 0.5, -0.809017, -0.309017, 0.0, 0.0, 0.0, 0.0, 1.0 ], [ -0.5, 0.809017, 0.309017, 0.0, -0.809017, -0.309017, -0.5, 0.0, -0.309017, -0.5, 0.809017, 0.0, 0.0, 0.0, 0.0, 1.0 ], [ 0.309017, 0.5, -0.809017, 0.0, 0.5, -0.809017, -0.309017, 0.0, -0.809017, -0.309017, -0.5, 0.0, 0.0, 0.0, 0.0, 1.0 ], [ 0.5, 0.809017, 0.309017, 0.0, -0.809017, 0.309017, 0.5, 0.0, 0.309017, -0.5, 0.809017, 0.0, 0.0, 0.0, 0.0, 1.0 ], [ -0.309017, 0.5, -0.809017, 0.0, -0.5, -0.809017, -0.309017, 0.0, -0.809017, 0.309017, 0.5, 0.0, 0.0, 0.0, 0.0, 1.0 ], [ 0.809017, -0.309017, -0.5, 0.0, 0.309017, -0.5, 0.809017, 0.0, -0.5, -0.809017, -0.309017, 0.0, 0.0, 0.0, 0.0, 1.0 ], [ 0.5, 0.809017, -0.309017, 0.0, -0.809017, 0.309017, -0.5, 0.0, -0.309017, 0.5, 0.809017, 0.0, 0.0, 0.0, 0.0, 1.0 ], [ 0.309017, -0.5, -0.809017, 0.0, -0.5, -0.809017, 0.309017, 0.0, -0.809017, 0.309017, -0.5, 0.0, 0.0, 0.0, 0.0, 1.0 ], [ 0.809017, -0.309017, 0.5, 0.0, -0.309017, 0.5, 0.809017, 0.0, -0.5, -0.809017, 0.309017, 0.0, 0.0, 0.0, 0.0, 1.0 ], [ 0.809017, 0.309017, -0.5, 0.0, -0.309017, -0.5, -0.809017, 0.0, -0.5, 0.809017, -0.309017, 0.0, 0.0, 0.0, 0.0, 1.0 ], [ 0.5, -0.809017, 0.309017, 0.0, -0.809017, -0.309017, 0.5, 0.0, -0.309017, -0.5, -0.809017, 0.0, 0.0, 0.0, 0.0, 1.0 ], [ 0.309017, 0.5, 0.809017, 0.0, -0.5, 0.809017, -0.309017, 0.0, -0.809017, -0.309017, 0.5, 0.0, 0.0, 0.0, 0.0, 1.0 ], [ -1.0, 0.0, 0.0, 0.0, 0.0, -1.0, 0.0, 0.0, 0.0, 0.0, 1.0, 0.0, 0.0, 0.0, 0.0, 1.0 ], [ 0.0, 0.0, -1.0, 0.0, -1.0, 0.0, 0.0, 0.0, 0.0, 1.0, 0.0, 0.0, 0.0, 0.0, 0.0, 1.0 ], [ 0.0, -1.0, 0.0, 0.0, 0.0, 0.0, -1.0, 0.0, 1.0, 0.0, 0.0, 0.0, 0.0, 0.0, 0.0, 1.0 ], [ -0.809017, -0.309017, -0.5, 0.0, -0.309017, -0.5, 0.809017, 0.0, -0.5, 0.809017, 0.309017, 0.0, 0.0, 0.0, 0.0, 1.0 ], [ 0.5, -0.809017, -0.309017, 0.0, -0.809017, -0.309017, -0.5, 0.0, 0.309017, 0.5, -0.809017, 0.0, 0.0, 0.0, 0.0, 1.0 ], [ -0.309017, -0.5, 0.809017, 0.0, 0.5, -0.809017, -0.309017, 0.0, 0.809017, 0.309017, 0.5, 0.0, 0.0, 0.0, 0.0, 1.0 ], [ -0.5, -0.809017, -0.309017, 0.0, -0.809017, 0.309017, 0.5, 0.0, -0.309017, 0.5, -0.809017, 0.0, 0.0, 0.0, 0.0, 1.0 ], [ 0.309017, -0.5, 0.809017, 0.0, -0.5, -0.809017, -0.309017, 0.0, 0.809017, -0.309017, -0.5, 0.0, 0.0, 0.0, 0.0, 1.0 ], [ -0.809017, 0.309017, 0.5, 0.0, 0.309017, -0.5, 0.809017, 0.0, 0.5, 0.809017, 0.309017, 0.0, 0.0, 0.0, 0.0, 1.0 ], [ -0.5, -0.809017, 0.309017, 0.0, -0.809017, 0.309017, -0.5, 0.0, 0.309017, -0.5, -0.809017, 0.0, 0.0, 0.0, 0.0, 1.0 ], [ -0.309017, 0.5, 0.809017, 0.0, -0.5, -0.809017, 0.309017, 0.0, 0.809017, -0.309017, 0.5, 0.0, 0.0, 0.0, 0.0, 1.0 ], [ -0.809017, 0.309017, -0.5, 0.0, -0.309017, 0.5, 0.809017, 0.0, 0.5, 0.809017, -0.309017, 0.0, 0.0, 0.0, 0.0, 1.0 ], [ -0.809017, -0.309017, 0.5, 0.0, -0.309017, -0.5, -0.809017, 0.0, 0.5, -0.809017, 0.309017, 0.0, 0.0, 0.0, 0.0, 1.0 ], [ -0.5, 0.809017, -0.309017, 0.0, -0.809017, -0.309017, 0.5, 0.0, 0.309017, 0.5, 0.809017, 0.0, 0.0, 0.0, 0.0, 1.0 ], [ -0.309017, -0.5, -0.809017, 0.0, -0.5, 0.809017, -0.309017, 0.0, 0.809017, 0.309017, -0.5, 0.0, 0.0, 0.0, 0.0, 1.0 ], [ -1.0, 0.0, 0.0, 0.0, 0.0, 1.0, 0.0, 0.0, 0.0, 0.0, -1.0, 0.0, 0.0, 0.0, 0.0, 1.0 ], [ 0.0, 0.0, -1.0, 0.0, 1.0, 0.0, 0.0, 0.0, 0.0, -1.0, 0.0, 0.0, 0.0, 0.0, 0.0, 1.0 ], [ 0.0, -1.0, 0.0, 0.0, 0.0, 0.0, 1.0, 0.0, -1.0, 0.0, 0.0, 0.0, 0.0, 0.0, 0.0, 1.0 ], [ -0.809017, -0.309017, -0.5, 0.0, 0.309017, 0.5, -0.809017, 0.0, 0.5, -0.809017, -0.309017, 0.0, 0.0, 0.0, 0.0, 1.0 ], [ 0.5, -0.809017, -0.309017, 0.0, 0.809017, 0.309017, 0.5, 0.0, -0.309017, -0.5, 0.809017, 0.0, 0.0, 0.0, 0.0, 1.0 ], [ -0.309017, -0.5, 0.809017, 0.0, -0.5, 0.809017, 0.309017, 0.0, -0.809017, -0.309017, -0.5, 0.0, 0.0, 0.0, 0.0, 1.0 ], [ -0.5, -0.809017, -0.309017, 0.0, 0.809017, -0.309017, -0.5, 0.0, 0.309017, -0.5, 0.809017, 0.0, 0.0, 0.0, 0.0, 1.0 ], [ 0.309017, -0.5, 0.809017, 0.0, 0.5, 0.809017, 0.309017, 0.0, -0.809017, 0.309017, 0.5, 0.0, 0.0, 0.0, 0.0, 1.0 ], [ -0.809017, 0.309017, 0.5, 0.0, -0.309017, 0.5, -0.809017, 0.0, -0.5, -0.809017, -0.309017, 0.0, 0.0, 0.0, 0.0, 1.0 ], [ -0.5, -0.809017, 0.309017, 0.0, 0.809017, -0.309017, 0.5, 0.0, -0.309017, 0.5, 0.809017, 0.0, 0.0, 0.0, 0.0, 1.0 ], [ -0.309017, 0.5, 0.809017, 0.0, 0.5, 0.809017, -0.309017, 0.0, -0.809017, 0.309017, -0.5, 0.0, 0.0, 0.0, 0.0, 1.0 ], [ -0.809017, 0.309017, -0.5, 0.0, 0.309017, -0.5, -0.809017, 0.0, -0.5, -0.809017, 0.309017, 0.0, 0.0, 0.0, 0.0, 1.0 ], [ -0.809017, -0.309017, 0.5, 0.0, 0.309017, 0.5, 0.809017, 0.0, -0.5, 0.809017, -0.309017, 0.0, 0.0, 0.0, 0.0, 1.0 ], [ -0.5, 0.809017, -0.309017, 0.0, 0.809017, 0.309017, -0.5, 0.0, -0.309017, -0.5, -0.809017, 0.0, 0.0, 0.0, 0.0, 1.0 ], [ -0.309017, -0.5, -0.809017, 0.0, 0.5, -0.809017, 0.309017, 0.0, -0.809017, -0.309017, 0.5, 0.0, 0.0, 0.0, 0.0, 1.0 ] ],
  "lights" : {
    "ambientColor" : "#292929",
    "backgroundColor" : "#AFC8DC",
    "directionalLights" : [ {
      "direction" : {
        "x" : 1.0,
        "y" : -1.0,
        "z" : -1.0
      },
      "color" : "#EBEBE4"
    }, {
      "direction" : {
        "x" : -1.0,
        "y" : 0.0,
        "z" : 0.0
      },
      "color" : "#E4E4EB"
    }, {
      "direction" : {
        "x" : 0.0,
        "y" : 0.0,
        "z" : -1.0
      },
      "color" : "#1E1E1E"
    } ]
  },
  "camera" : {
    "perspective" : false,
    "viewDistance" : 82.17733,
    "nearClipDistance" : 0.2054433,
    "farClipDistance" : 164.35457,
    "lookAtPoint" : {
      "x" : -0.7236068,
      "y" : 3.0652475,
      "z" : 12.984597
    },
    "fieldOfView" : 0.4426287,
    "lookDirection" : {
      "x" : 0.0,
      "y" : -0.8506508,
      "z" : -0.5257311
    },
    "upDirection" : {
      "x" : 0.309017,
      "y" : 0.5,
      "z" : -0.809017
    },
    "width" : 36.979782,
    "stereo" : false,
    "position" : {
      "x" : -0.7236068,
      "y" : 72.96946,
      "z" : 56.187775
    }
  },
  "embedding" : [ 1.0, 0.0, 0.0, 0.0, 0.0, 1.0, 0.0, 0.0, 0.0, 0.0, 1.0, 0.0, 0.0, 0.0, 0.0, 1.0 ],
  "shapes" : [ {
    "id" : "bea9153e-c764-49b7-b761-31c53c4e00f6",
    "vertices" : [ {
      "x" : 11.09017,
      "y" : 0.0,
      "z" : -4.236068
    }, {
      "x" : 10.781153,
      "y" : 0.0,
      "z" : -4.118034
    }, {
      "x" : 10.376644,
      "y" : -0.1545085,
      "z" : -3.677051
    }, {
      "x" : 10.185661,
      "y" : -0.1545085,
      "z" : -4.177051
    }, {
      "x" : 0.9045085,
      "y" : -0.1545085,
      "z" : -0.059016995
    }, {
      "x" : 0.809017,
      "y" : 0.309017,
      "z" : -0.309017
    }, {
      "x" : 0.309017,
      "y" : 0.0,
      "z" : -0.11803399
    }, {
      "x" : 10.281153,
      "y" : 0.309017,
      "z" : -3.927051
    }, {
      "x" : 0.7135255,
      "y" : -0.1545085,
      "z" : -0.559017
    } ],
    "faces" : [ {
      "vertices" : [ 2, 4, 8 ]
    }, {
      "vertices" : [ 2, 8, 3 ]
    }, {
      "vertices" : [ 2, 7, 5 ]
    }, {
      "vertices" : [ 2, 5, 4 ]
    }, {
      "vertices" : [ 4, 6, 8 ]
    }, {
      "vertices" : [ 5, 8, 6 ]
    }, {
      "vertices" : [ 1, 2, 3 ]
    }, {
      "vertices" : [ 3, 8, 5 ]
    }, {
      "vertices" : [ 3, 5, 7 ]
    }, {
      "vertices" : [ 1, 7, 2 ]
    }, {
      "vertices" : [ 1, 3, 7 ]
    }, {
      "vertices" : [ 4, 5, 6 ]
    } ]
  }, {
    "id" : "f6d7b62e-57d1-41a4-a70c-ec97c23de17d",
    "vertices" : [ {
      "x" : -0.309017,
      "y" : -0.19098301,
      "z" : 0.0
    }, {
      "x" : -0.309017,
      "y" : 0.19098301,
      "z" : 0.0
    }, {
      "x" : -0.19098301,
      "y" : 0.0,
      "z" : -0.309017
    }, {
      "x" : -0.19098301,
      "y" : 0.0,
      "z" : 0.309017
    }, {
      "x" : 0.0,
      "y" : -0.309017,
      "z" : -0.19098301
    }, {
      "x" : 0.0,
      "y" : -0.309017,
      "z" : 0.19098301
    }, {
      "x" : 0.0,
      "y" : 0.309017,
      "z" : -0.19098301
    }, {
      "x" : 0.0,
      "y" : 0.309017,
      "z" : 0.19098301
    }, {
      "x" : 0.19098301,
      "y" : 0.0,
      "z" : -0.309017
    }, {
      "x" : 0.19098301,
      "y" : 0.0,
      "z" : 0.309017
    }, {
      "x" : 0.309017,
      "y" : -0.19098301,
      "z" : 0.0
    }, {
      "x" : 0.309017,
      "y" : 0.19098301,
      "z" : 0.0
    } ],
    "faces" : [ {
      "vertices" : [ 0, 1, 2 ]
    }, {
      "vertices" : [ 0, 3, 1 ]
    }, {
      "vertices" : [ 0, 2, 4 ]
    }, {
      "vertices" : [ 0, 5, 3 ]
    }, {
      "vertices" : [ 0, 4, 5 ]
    }, {
      "vertices" : [ 1, 6, 2 ]
    }, {
      "vertices" : [ 1, 3, 7 ]
    }, {
      "vertices" : [ 1, 7, 6 ]
    }, {
      "vertices" : [ 2, 8, 4 ]
    }, {
      "vertices" : [ 2, 6, 8 ]
    }, {
      "vertices" : [ 3, 5, 9 ]
    }, {
      "vertices" : [ 3, 9, 7 ]
    }, {
      "vertices" : [ 4, 10, 5 ]
    }, {
      "vertices" : [ 4, 8, 10 ]
    }, {
      "vertices" : [ 5, 10, 9 ]
    }, {
      "vertices" : [ 6, 7, 11 ]
    }, {
      "vertices" : [ 6, 11, 8 ]
    }, {
      "vertices" : [ 7, 9, 11 ]
    }, {
      "vertices" : [ 8, 11, 10 ]
    }, {
      "vertices" : [ 9, 10, 11 ]
    } ]
  }, {
    "id" : "f2eeae2f-ccab-4268-b2fc-d8216396b619",
    "vertices" : [ {
      "x" : 0.9045085,
      "y" : 0.3454915,
      "z" : 0.25
    }, {
      "x" : 10.376644,
      "y" : 6.1995935,
      "z" : 0.25
    }, {
      "x" : 10.185661,
      "y" : 6.5086102,
      "z" : 0.25
    }, {
      "x" : 0.7135255,
      "y" : 0.6545085,
      "z" : 0.25
    }, {
      "x" : 0.809017,
      "y" : 0.5,
      "z" : -0.309017
    }, {
      "x" : 0.9635255,
      "y" : 0.25,
      "z" : -0.095491506
    }, {
      "x" : 0.309017,
      "y" : 0.19098301,
      "z" : 0.0
    }, {
      "x" : 10.781153,
      "y" : 6.663119,
      "z" : 0.0
    }, {
      "x" : 10.126644,
      "y" : 6.604102,
      "z" : -0.095491506
    }, {
      "x" : 10.281153,
      "y" : 6.354102,
      "z" : -0.309017
    }, {
      "x" : 11.09017,
      "y" : 6.854102,
      "z" : 0.0
    }, {
      "x" : 0.6545085,
      "y" : 0.75,
      "z" : -0.095491506
    }, {
      "x" : 10.435661,
      "y" : 6.104102,
      "z" : -0.095491506
    } ],
    "faces" : [ {
      "vertices" : [ 4, 11, 8 ]
    }, {
      "vertices" : [ 4, 8, 9 ]
    }, {
      "vertices" : [ 0, 1, 2 ]
    }, {
      "vertices" : [ 0, 2, 3 ]
    }, {
      "vertices" : [ 0, 3, 6 ]
    }, {
      "vertices" : [ 1, 7, 2 ]
    }, {
      "vertices" : [ 0, 6, 5 ]
    }, {
      "vertices" : [ 4, 5, 6 ]
    }, {
      "vertices" : [ 2, 7, 8 ]
    }, {
      "vertices" : [ 0, 5, 12 ]
    }, {
      "vertices" : [ 0, 12, 1 ]
    }, {
      "vertices" : [ 1, 12, 7 ]
    }, {
      "vertices" : [ 3, 11, 6 ]
    }, {
      "vertices" : [ 4, 6, 11 ]
    }, {
      "vertices" : [ 7, 9, 8 ]
    }, {
      "vertices" : [ 2, 8, 11 ]
    }, {
      "vertices" : [ 2, 11, 3 ]
    }, {
      "vertices" : [ 7, 12, 9 ]
    }, {
      "vertices" : [ 4, 9, 12 ]
    }, {
      "vertices" : [ 4, 12, 5 ]
    } ]
  }, {
    "id" : "501086b4-aaf6-4fb2-9f5c-d01b5511e9b5",
    "vertices" : [ {
      "x" : 1.0,
      "y" : 0.309017,
      "z" : 0.19098301
    }, {
      "x" : 1.0,
      "y" : -0.309017,
      "z" : 0.19098301
    }, {
      "x" : 12.708204,
      "y" : -0.309017,
      "z" : 0.19098301
    }, {
      "x" : 12.708204,
      "y" : 0.309017,
      "z" : 0.19098301
    }, {
      "x" : 12.708204,
      "y" : -0.309017,
      "z" : -0.19098301
    }, {
      "x" : 12.708204,
      "y" : 0.309017,
      "z" : -0.19098301
    }, {
      "x" : 13.326238,
      "y" : 0.0,
      "z" : 0.0
    }, {
      "x" : 0.38196602,
      "y" : 0.0,
      "z" : 0.0
    }, {
      "x" : 1.0,
      "y" : 0.309017,
      "z" : -0.19098301
    }, {
      "x" : 1.0,
      "y" : -0.309017,
      "z" : -0.19098301
    }, {
      "x" : 13.708204,
      "y" : 0.0,
      "z" : 0.0
    } ],
    "faces" : [ {
      "vertices" : [ 1, 9, 4 ]
    }, {
      "vertices" : [ 1, 4, 2 ]
    }, {
      "vertices" : [ 0, 3, 5 ]
    }, {
      "vertices" : [ 0, 5, 8 ]
    }, {
      "vertices" : [ 1, 7, 9 ]
    }, {
      "vertices" : [ 0, 1, 2 ]
    }, {
      "vertices" : [ 0, 2, 3 ]
    }, {
      "vertices" : [ 7, 8, 9 ]
    }, {
      "vertices" : [ 0, 7, 1 ]
    }, {
      "vertices" : [ 4, 9, 8 ]
    }, {
      "vertices" : [ 4, 8, 5 ]
    }, {
      "vertices" : [ 2, 6, 3 ]
    }, {
      "vertices" : [ 2, 4, 6 ]
    }, {
      "vertices" : [ 3, 6, 5 ]
    }, {
      "vertices" : [ 4, 5, 6 ]
    }, {
      "vertices" : [ 0, 8, 7 ]
    } ]
  }, {
    "id" : "2360857a-82f9-4789-aa6b-5c43fa94aaa8",
    "vertices" : [ {
      "x" : 0.9045085,
      "y" : 0.3454915,
      "z" : 0.25
    }, {
      "x" : 6.1405764,
      "y" : 3.5815594,
      "z" : 0.25
    }, {
      "x" : 5.9495935,
      "y" : 3.8905764,
      "z" : 0.25
    }, {
      "x" : 0.7135255,
      "y" : 0.6545085,
      "z" : 0.25
    }, {
      "x" : 0.809017,
      "y" : 0.5,
      "z" : -0.309017
    }, {
      "x" : 0.9635255,
      "y" : 0.25,
      "z" : -0.095491506
    }, {
      "x" : 0.309017,
      "y" : 0.19098301,
      "z" : 0.0
    }, {
      "x" : 6.545085,
      "y" : 4.045085,
      "z" : 0.0
    }, {
      "x" : 5.8905764,
      "y" : 3.986068,
      "z" : -0.095491506
    }, {
      "x" : 6.045085,
      "y" : 3.736068,
      "z" : -0.309017
    }, {
      "x" : 6.854102,
      "y" : 4.236068,
      "z" : 0.0
    }, {
      "x" : 0.6545085,
      "y" : 0.75,
      "z" : -0.095491506
    }, {
      "x" : 6.1995935,
      "y" : 3.486068,
      "z" : -0.095491506
    } ],
    "faces" : [ {
      "vertices" : [ 4, 11, 8 ]
    }, {
      "vertices" : [ 4, 8, 9 ]
    }, {
      "vertices" : [ 0, 1, 2 ]
    }, {
      "vertices" : [ 0, 2, 3 ]
    }, {
      "vertices" : [ 0, 3, 6 ]
    }, {
      "vertices" : [ 1, 7, 2 ]
    }, {
      "vertices" : [ 0, 6, 5 ]
    }, {
      "vertices" : [ 4, 5, 6 ]
    }, {
      "vertices" : [ 2, 7, 8 ]
    }, {
      "vertices" : [ 0, 5, 12 ]
    }, {
      "vertices" : [ 0, 12, 1 ]
    }, {
      "vertices" : [ 1, 12, 7 ]
    }, {
      "vertices" : [ 3, 11, 6 ]
    }, {
      "vertices" : [ 4, 6, 11 ]
    }, {
      "vertices" : [ 7, 9, 8 ]
    }, {
      "vertices" : [ 2, 8, 11 ]
    }, {
      "vertices" : [ 2, 11, 3 ]
    }, {
      "vertices" : [ 7, 12, 9 ]
    }, {
      "vertices" : [ 4, 9, 12 ]
    }, {
      "vertices" : [ 4, 12, 5 ]
    } ]
  } ],
  "instances" : [ {
    "shape" : "bea9153e-c764-49b7-b761-31c53c4e00f6",
    "color" : "#F0A000",
    "position" : {
      "x" : -2.618034,
      "y" : 4.236068,
      "z" : 29.034441
    },
    "orientation" : 0
  }, {
    "shape" : "f6d7b62e-57d1-41a4-a70c-ec97c23de17d",
    "color" : "#FFFFFF",
    "position" : {
      "x" : -9.472136,
      "y" : 6.854102,
      "z" : 11.09017
    }
  }, {
    "shape" : "f2eeae2f-ccab-4268-b2fc-d8216396b619",
    "color" : "#AF0000",
    "position" : {
      "x" : 4.236068,
      "y" : -6.854102,
      "z" : 24.798374
    },
    "orientation" : 17
  }, {
    "shape" : "bea9153e-c764-49b7-b761-31c53c4e00f6",
    "color" : "#F0A000",
    "position" : {
      "x" : -2.618034,
      "y" : 15.326238,
      "z" : 22.18034
    },
    "orientation" : 16
  }, {
    "shape" : "bea9153e-c764-49b7-b761-31c53c4e00f6",
    "color" : "#F0A000",
    "position" : {
      "x" : 4.236068,
      "y" : -11.09017,
      "z" : 13.708204
    },
    "orientation" : 7
  }, {
    "shape" : "501086b4-aaf6-4fb2-9f5c-d01b5511e9b5",
    "color" : "#007695",
    "position" : {
      "x" : 4.236068,
      "y" : 15.326238,
      "z" : 11.09017
    },
    "orientation" : 24
  }, {
    "shape" : "f2eeae2f-ccab-4268-b2fc-d8216396b619",
    "color" : "#AF0000",
    "position" : {
      "x" : 15.326238,
      "y" : 4.236068,
      "z" : 13.708204
    },
    "orientation" : 32
  }, {
    "shape" : "bea9153e-c764-49b7-b761-31c53c4e00f6",
    "color" : "#F0A000",
    "position" : {
      "x" : 0.0,
      "y" : 4.236068,
      "z" : 11.09017
    },
    "orientation" : 6
  }, {
    "shape" : "2360857a-82f9-4789-aa6b-5c43fa94aaa8",
    "color" : "#AF0000",
    "position" : {
      "x" : 0.0,
      "y" : 0.0,
      "z" : 0.0
    },
    "orientation" : 30
  }, {
    "shape" : "501086b4-aaf6-4fb2-9f5c-d01b5511e9b5",
    "color" : "#007695",
    "position" : {
      "x" : -2.618034,
      "y" : -4.236068,
      "z" : 6.854102
    },
    "orientation" : 51
  }, {
    "shape" : "501086b4-aaf6-4fb2-9f5c-d01b5511e9b5",
    "color" : "#007695",
    "position" : {
      "x" : 4.236068,
      "y" : -6.854102,
      "z" : 24.798374
    },
    "orientation" : 51
  }, {
    "shape" : "bea9153e-c764-49b7-b761-31c53c4e00f6",
    "color" : "#F0A000",
    "position" : {
      "x" : 8.472136,
      "y" : 4.236068,
      "z" : 24.798374
    },
    "orientation" : 54
  }, {
    "shape" : "f6d7b62e-57d1-41a4-a70c-ec97c23de17d",
    "color" : "#FFFFFF",
    "position" : {
      "x" : 4.236068,
      "y" : -6.854102,
      "z" : 24.798374
    }
  }, {
    "shape" : "f6d7b62e-57d1-41a4-a70c-ec97c23de17d",
    "color" : "#FFFFFF",
    "position" : {
      "x" : -2.618034,
      "y" : 6.854102,
      "z" : 0.0
    }
  }, {
    "shape" : "bea9153e-c764-49b7-b761-31c53c4e00f6",
    "color" : "#F0A000",
    "position" : {
      "x" : 8.472136,
      "y" : 4.236068,
      "z" : 24.798374
    },
    "orientation" : 22
  }, {
    "shape" : "f6d7b62e-57d1-41a4-a70c-ec97c23de17d",
    "color" : "#FFFFFF",
    "position" : {
      "x" : 8.472136,
      "y" : 4.236068,
      "z" : 24.798374
    }
  }, {
    "shape" : "f6d7b62e-57d1-41a4-a70c-ec97c23de17d",
    "color" : "#FFFFFF",
    "position" : {
      "x" : 8.472136,
      "y" : 15.326238,
      "z" : 17.944271
    }
  }, {
    "shape" : "2360857a-82f9-4789-aa6b-5c43fa94aaa8",
    "color" : "#AF0000",
    "position" : {
      "x" : 0.0,
      "y" : -11.09017,
      "z" : 6.854102
    },
    "orientation" : 2
  }, {
    "shape" : "501086b4-aaf6-4fb2-9f5c-d01b5511e9b5",
    "color" : "#007695",
    "position" : {
      "x" : -13.708204,
      "y" : 6.854102,
      "z" : 4.236068
    },
    "orientation" : 24
  }, {
    "shape" : "bea9153e-c764-49b7-b761-31c53c4e00f6",
    "color" : "#F0A000",
    "position" : {
      "x" : 4.236068,
      "y" : -11.09017,
      "z" : 13.708204
    },
    "orientation" : 38
  }, {
    "shape" : "bea9153e-c764-49b7-b761-31c53c4e00f6",
    "color" : "#F0A000",
    "position" : {
      "x" : -2.618034,
      "y" : 4.236068,
      "z" : 29.034441
    },
    "orientation" : 54
  }, {
    "shape" : "bea9153e-c764-49b7-b761-31c53c4e00f6",
    "color" : "#F0A000",
    "position" : {
      "x" : -2.618034,
      "y" : -4.236068,
      "z" : 6.854102
    },
    "orientation" : 5
  }, {
    "shape" : "f2eeae2f-ccab-4268-b2fc-d8216396b619",
    "color" : "#AF0000",
    "position" : {
      "x" : -2.618034,
      "y" : -4.236068,
      "z" : 6.854102
    },
    "orientation" : 46
  }, {
    "shape" : "bea9153e-c764-49b7-b761-31c53c4e00f6",
    "color" : "#F0A000",
    "position" : {
      "x" : -9.472136,
      "y" : 6.854102,
      "z" : 11.09017
    },
    "orientation" : 7
  }, {
    "shape" : "bea9153e-c764-49b7-b761-31c53c4e00f6",
    "color" : "#F0A000",
    "position" : {
      "x" : 1.618034,
      "y" : 11.09017,
      "z" : 17.944271
    },
    "orientation" : 38
  }, {
    "shape" : "f6d7b62e-57d1-41a4-a70c-ec97c23de17d",
    "color" : "#FFFFFF",
    "position" : {
      "x" : 0.0,
      "y" : -6.854102,
      "z" : 17.944271
    }
  }, {
    "shape" : "f6d7b62e-57d1-41a4-a70c-ec97c23de17d",
    "color" : "#FFFFFF",
    "position" : {
      "x" : -6.854102,
      "y" : -11.09017,
      "z" : 17.944271
    }
  }, {
    "shape" : "bea9153e-c764-49b7-b761-31c53c4e00f6",
    "color" : "#F0A000",
    "position" : {
      "x" : -2.618034,
      "y" : -4.236068,
      "z" : 6.854102
    },
    "orientation" : 38
  }, {
    "shape" : "f6d7b62e-57d1-41a4-a70c-ec97c23de17d",
    "color" : "#FFFFFF",
    "position" : {
      "x" : 8.472136,
      "y" : 11.09017,
      "z" : 6.854102
    }
  }, {
    "shape" : "f2eeae2f-ccab-4268-b2fc-d8216396b619",
    "color" : "#AF0000",
    "position" : {
      "x" : 8.472136,
      "y" : 11.09017,
      "z" : 6.854102
    },
    "orientation" : 32
  }, {
    "shape" : "2360857a-82f9-4789-aa6b-5c43fa94aaa8",
    "color" : "#AF0000",
    "position" : {
      "x" : 0.0,
      "y" : -6.854102,
      "z" : 17.944271
    },
    "orientation" : 30
  }, {
    "shape" : "bea9153e-c764-49b7-b761-31c53c4e00f6",
    "color" : "#F0A000",
    "position" : {
      "x" : 0.0,
      "y" : 0.0,
      "z" : 0.0
    },
    "orientation" : 7
  }, {
    "shape" : "2360857a-82f9-4789-aa6b-5c43fa94aaa8",
    "color" : "#AF0000",
    "position" : {
      "x" : -2.618034,
      "y" : 15.326238,
      "z" : 22.18034
    },
    "orientation" : 30
  }, {
    "shape" : "501086b4-aaf6-4fb2-9f5c-d01b5511e9b5",
    "color" : "#007695",
    "position" : {
      "x" : -6.854102,
      "y" : 11.09017,
      "z" : 4.236068
    },
    "orientation" : 24
  }, {
    "shape" : "2360857a-82f9-4789-aa6b-5c43fa94aaa8",
    "color" : "#AF0000",
    "position" : {
      "x" : -6.854102,
      "y" : -4.236068,
      "z" : 0.0
    },
    "orientation" : 2
  }, {
    "shape" : "f6d7b62e-57d1-41a4-a70c-ec97c23de17d",
    "color" : "#FFFFFF",
    "position" : {
      "x" : 11.09017,
      "y" : 4.236068,
      "z" : 6.854102
    }
  }, {
    "shape" : "bea9153e-c764-49b7-b761-31c53c4e00f6",
    "color" : "#F0A000",
    "position" : {
      "x" : -9.472136,
      "y" : 6.854102,
      "z" : 11.09017
    },
    "orientation" : 16
  }, {
    "shape" : "bea9153e-c764-49b7-b761-31c53c4e00f6",
    "color" : "#F0A000",
    "position" : {
      "x" : 4.236068,
      "y" : -11.09017,
      "z" : 13.708204
    },
    "orientation" : 6
  }, {
    "shape" : "bea9153e-c764-49b7-b761-31c53c4e00f6",
    "color" : "#F0A000",
    "position" : {
      "x" : -9.472136,
      "y" : 11.09017,
      "z" : 22.18034
    },
    "orientation" : 16
  }, {
    "shape" : "501086b4-aaf6-4fb2-9f5c-d01b5511e9b5",
    "color" : "#007695",
    "position" : {
      "x" : 4.236068,
      "y" : -6.854102,
      "z" : 24.798374
    },
    "orientation" : 53
  }, {
    "shape" : "f6d7b62e-57d1-41a4-a70c-ec97c23de17d",
    "color" : "#FFFFFF",
    "position" : {
      "x" : 4.236068,
      "y" : 11.09017,
      "z" : 0.0
    }
  }, {
    "shape" : "f2eeae2f-ccab-4268-b2fc-d8216396b619",
    "color" : "#AF0000",
    "position" : {
      "x" : 0.0,
      "y" : 4.236068,
      "z" : 11.09017
    },
    "orientation" : 31
  }, {
    "shape" : "bea9153e-c764-49b7-b761-31c53c4e00f6",
    "color" : "#F0A000",
    "position" : {
      "x" : -13.708204,
      "y" : 6.854102,
      "z" : 4.236068
    },
    "orientation" : 7
  }, {
    "shape" : "2360857a-82f9-4789-aa6b-5c43fa94aaa8",
    "color" : "#AF0000",
    "position" : {
      "x" : -6.854102,
      "y" : 4.236068,
      "z" : 22.18034
    },
    "orientation" : 2
  }, {
    "shape" : "bea9153e-c764-49b7-b761-31c53c4e00f6",
    "color" : "#F0A000",
    "position" : {
      "x" : 4.236068,
      "y" : 15.326238,
      "z" : 11.09017
    },
    "orientation" : 22
  }, {
    "shape" : "bea9153e-c764-49b7-b761-31c53c4e00f6",
    "color" : "#F0A000",
    "position" : {
      "x" : 8.472136,
      "y" : 11.09017,
      "z" : 6.854102
    },
    "orientation" : 7
  }, {
    "shape" : "f2eeae2f-ccab-4268-b2fc-d8216396b619",
    "color" : "#AF0000",
    "position" : {
      "x" : -6.854102,
      "y" : 11.09017,
      "z" : 4.236068
    },
    "orientation" : 32
  }, {
    "shape" : "2360857a-82f9-4789-aa6b-5c43fa94aaa8",
    "color" : "#AF0000",
    "position" : {
      "x" : -6.854102,
      "y" : 11.09017,
      "z" : 4.236068
    },
    "orientation" : 30
  }, {
    "shape" : "bea9153e-c764-49b7-b761-31c53c4e00f6",
    "color" : "#F0A000",
    "position" : {
      "x" : 8.472136,
      "y" : 11.09017,
      "z" : 6.854102
    },
    "orientation" : 5
  }, {
    "shape" : "bea9153e-c764-49b7-b761-31c53c4e00f6",
    "color" : "#F0A000",
    "position" : {
      "x" : 11.09017,
      "y" : 4.236068,
      "z" : 6.854102
    },
    "orientation" : 38
  }, {
    "shape" : "bea9153e-c764-49b7-b761-31c53c4e00f6",
    "color" : "#F0A000",
    "position" : {
      "x" : 4.236068,
      "y" : -6.854102,
      "z" : 24.798374
    },
    "orientation" : 6
  }, {
    "shape" : "501086b4-aaf6-4fb2-9f5c-d01b5511e9b5",
    "color" : "#007695",
    "position" : {
      "x" : -6.854102,
      "y" : -11.09017,
      "z" : 17.944271
    },
    "orientation" : 51
  }, {
    "shape" : "bea9153e-c764-49b7-b761-31c53c4e00f6",
    "color" : "#F0A000",
    "position" : {
      "x" : -2.618034,
      "y" : 15.326238,
      "z" : 22.18034
    },
    "orientation" : 0
  }, {
    "shape" : "2360857a-82f9-4789-aa6b-5c43fa94aaa8",
    "color" : "#AF0000",
    "position" : {
      "x" : 15.326238,
      "y" : 4.236068,
      "z" : 13.708204
    },
    "orientation" : 30
  }, {
    "shape" : "f6d7b62e-57d1-41a4-a70c-ec97c23de17d",
    "color" : "#FFFFFF",
    "position" : {
      "x" : 15.326238,
      "y" : 4.236068,
      "z" : 13.708204
    }
  }, {
    "shape" : "f6d7b62e-57d1-41a4-a70c-ec97c23de17d",
    "color" : "#FFFFFF",
    "position" : {
      "x" : -2.618034,
      "y" : 15.326238,
      "z" : 22.18034
    }
  }, {
    "shape" : "f6d7b62e-57d1-41a4-a70c-ec97c23de17d",
    "color" : "#FFFFFF",
    "position" : {
      "x" : 4.236068,
      "y" : -11.09017,
      "z" : 13.708204
    }
  }, {
    "shape" : "bea9153e-c764-49b7-b761-31c53c4e00f6",
    "color" : "#F0A000",
    "position" : {
      "x" : -13.708204,
      "y" : 0.0,
      "z" : 22.18034
    },
    "orientation" : 22
  }, {
    "shape" : "2360857a-82f9-4789-aa6b-5c43fa94aaa8",
    "color" : "#AF0000",
    "position" : {
      "x" : 0.0,
      "y" : -6.854102,
      "z" : 17.944271
    },
    "orientation" : 2
  }, {
    "shape" : "bea9153e-c764-49b7-b761-31c53c4e00f6",
    "color" : "#F0A000",
    "position" : {
      "x" : 4.236068,
      "y" : 11.09017,
      "z" : 0.0
    },
    "orientation" : 5
  }, {
    "shape" : "f2eeae2f-ccab-4268-b2fc-d8216396b619",
    "color" : "#AF0000",
    "position" : {
      "x" : -13.708204,
      "y" : 0.0,
      "z" : 22.18034
    },
    "orientation" : 46
  }, {
    "shape" : "bea9153e-c764-49b7-b761-31c53c4e00f6",
    "color" : "#F0A000",
    "position" : {
      "x" : -6.854102,
      "y" : -11.09017,
      "z" : 17.944271
    },
    "orientation" : 54
  }, {
    "shape" : "501086b4-aaf6-4fb2-9f5c-d01b5511e9b5",
    "color" : "#007695",
    "position" : {
      "x" : 1.618034,
      "y" : 11.09017,
      "z" : 17.944271
    },
    "orientation" : 24
  }, {
    "shape" : "f2eeae2f-ccab-4268-b2fc-d8216396b619",
    "color" : "#AF0000",
    "position" : {
      "x" : 11.09017,
      "y" : 4.236068,
      "z" : 6.854102
    },
    "orientation" : 31
  }, {
    "shape" : "f6d7b62e-57d1-41a4-a70c-ec97c23de17d",
    "color" : "#FFFFFF",
    "position" : {
      "x" : -13.708204,
      "y" : -4.236068,
      "z" : 11.09017
    }
  }, {
    "shape" : "f6d7b62e-57d1-41a4-a70c-ec97c23de17d",
    "color" : "#FFFFFF",
    "position" : {
      "x" : -13.708204,
      "y" : 6.854102,
      "z" : 4.236068
    }
  }, {
    "shape" : "f2eeae2f-ccab-4268-b2fc-d8216396b619",
    "color" : "#AF0000",
    "position" : {
      "x" : 8.472136,
      "y" : 0.0,
      "z" : 13.708204
    },
    "orientation" : 46
  }, {
    "shape" : "2360857a-82f9-4789-aa6b-5c43fa94aaa8",
    "color" : "#AF0000",
    "position" : {
      "x" : 4.236068,
      "y" : -11.09017,
      "z" : 13.708204
    },
    "orientation" : 0
  }, {
    "shape" : "501086b4-aaf6-4fb2-9f5c-d01b5511e9b5",
    "color" : "#007695",
    "position" : {
      "x" : 1.618034,
      "y" : 11.09017,
      "z" : 17.944271
    },
    "orientation" : 53
  }, {
    "shape" : "f2eeae2f-ccab-4268-b2fc-d8216396b619",
    "color" : "#AF0000",
    "position" : {
      "x" : -6.854102,
      "y" : -4.236068,
      "z" : 0.0
    },
    "orientation" : 32
  }, {
    "shape" : "bea9153e-c764-49b7-b761-31c53c4e00f6",
    "color" : "#F0A000",
    "position" : {
      "x" : -6.854102,
      "y" : -4.236068,
      "z" : 0.0
    },
    "orientation" : 5
  }, {
    "shape" : "2360857a-82f9-4789-aa6b-5c43fa94aaa8",
    "color" : "#AF0000",
    "position" : {
      "x" : 4.236068,
      "y" : 11.09017,
      "z" : 0.0
    },
    "orientation" : 30
  }, {
    "shape" : "bea9153e-c764-49b7-b761-31c53c4e00f6",
    "color" : "#F0A000",
    "position" : {
      "x" : 0.0,
      "y" : -6.854102,
      "z" : 17.944271
    },
    "orientation" : 22
  }, {
    "shape" : "f6d7b62e-57d1-41a4-a70c-ec97c23de17d",
    "color" : "#FFFFFF",
    "position" : {
      "x" : -2.618034,
      "y" : 4.236068,
      "z" : 29.034441
    }
  }, {
    "shape" : "2360857a-82f9-4789-aa6b-5c43fa94aaa8",
    "color" : "#AF0000",
    "position" : {
      "x" : -6.854102,
      "y" : 4.236068,
      "z" : 22.18034
    },
    "orientation" : 30
  }, {
    "shape" : "f2eeae2f-ccab-4268-b2fc-d8216396b619",
    "color" : "#AF0000",
    "position" : {
      "x" : 0.0,
      "y" : 0.0,
      "z" : 0.0
    },
    "orientation" : 31
  }, {
    "shape" : "bea9153e-c764-49b7-b761-31c53c4e00f6",
    "color" : "#F0A000",
    "position" : {
      "x" : 0.0,
      "y" : -6.854102,
      "z" : 17.944271
    },
    "orientation" : 0
  }, {
    "shape" : "f6d7b62e-57d1-41a4-a70c-ec97c23de17d",
    "color" : "#FFFFFF",
    "position" : {
      "x" : -13.708204,
      "y" : 0.0,
      "z" : 22.18034
    }
  }, {
    "shape" : "f2eeae2f-ccab-4268-b2fc-d8216396b619",
    "color" : "#AF0000",
    "position" : {
      "x" : -2.618034,
      "y" : 4.236068,
      "z" : 29.034441
    },
    "orientation" : 46
  }, {
    "shape" : "501086b4-aaf6-4fb2-9f5c-d01b5511e9b5",
    "color" : "#007695",
    "position" : {
      "x" : -13.708204,
      "y" : 0.0,
      "z" : 22.18034
    },
    "orientation" : 11
  }, {
    "shape" : "f6d7b62e-57d1-41a4-a70c-ec97c23de17d",
    "color" : "#FFFFFF",
    "position" : {
      "x" : -13.708204,
      "y" : 11.09017,
      "z" : 15.326238
    }
  }, {
    "shape" : "501086b4-aaf6-4fb2-9f5c-d01b5511e9b5",
    "color" : "#007695",
    "position" : {
      "x" : 0.0,
      "y" : 0.0,
      "z" : 0.0
    },
    "orientation" : 11
  }, {
    "shape" : "f6d7b62e-57d1-41a4-a70c-ec97c23de17d",
    "color" : "#FFFFFF",
    "position" : {
      "x" : -6.854102,
      "y" : 4.236068,
      "z" : 22.18034
    }
  }, {
    "shape" : "f2eeae2f-ccab-4268-b2fc-d8216396b619",
    "color" : "#AF0000",
    "position" : {
      "x" : -13.708204,
      "y" : -4.236068,
      "z" : 11.09017
    },
    "orientation" : 46
  }, {
    "shape" : "bea9153e-c764-49b7-b761-31c53c4e00f6",
    "color" : "#F0A000",
    "position" : {
      "x" : 0.0,
      "y" : 4.236068,
      "z" : 11.09017
    },
    "orientation" : 54
  }, {
    "shape" : "f6d7b62e-57d1-41a4-a70c-ec97c23de17d",
    "color" : "#FFFFFF",
    "position" : {
      "x" : 1.618034,
      "y" : 11.09017,
      "z" : 17.944271
    }
  }, {
    "shape" : "bea9153e-c764-49b7-b761-31c53c4e00f6",
    "color" : "#F0A000",
    "position" : {
      "x" : -13.708204,
      "y" : 6.854102,
      "z" : 4.236068
    },
    "orientation" : 0
  }, {
    "shape" : "501086b4-aaf6-4fb2-9f5c-d01b5511e9b5",
    "color" : "#007695",
    "position" : {
      "x" : 8.472136,
      "y" : 0.0,
      "z" : 13.708204
    },
    "orientation" : 53
  }, {
    "shape" : "f6d7b62e-57d1-41a4-a70c-ec97c23de17d",
    "color" : "#FFFFFF",
    "position" : {
      "x" : 0.0,
      "y" : 4.236068,
      "z" : 11.09017
    }
  }, {
    "shape" : "f6d7b62e-57d1-41a4-a70c-ec97c23de17d",
    "color" : "#FFFFFF",
    "position" : {
      "x" : 4.236068,
      "y" : 15.326238,
      "z" : 11.09017
    }
  }, {
    "shape" : "f6d7b62e-57d1-41a4-a70c-ec97c23de17d",
    "color" : "#FFFFFF",
    "position" : {
      "x" : -6.854102,
      "y" : 11.09017,
      "z" : 4.236068
    }
  }, {
    "shape" : "f6d7b62e-57d1-41a4-a70c-ec97c23de17d",
    "color" : "#FFFFFF",
    "position" : {
      "x" : 8.472136,
      "y" : 0.0,
      "z" : 13.708204
    }
  }, {
    "shape" : "2360857a-82f9-4789-aa6b-5c43fa94aaa8",
    "color" : "#AF0000",
    "position" : {
      "x" : 11.09017,
      "y" : 4.236068,
      "z" : 6.854102
    },
    "orientation" : 2
  }, {
    "shape" : "bea9153e-c764-49b7-b761-31c53c4e00f6",
    "color" : "#F0A000",
    "position" : {
      "x" : -2.618034,
      "y" : 6.854102,
      "z" : 0.0
    },
    "orientation" : 16
  }, {
    "shape" : "bea9153e-c764-49b7-b761-31c53c4e00f6",
    "color" : "#F0A000",
    "position" : {
      "x" : -6.854102,
      "y" : 4.236068,
      "z" : 22.18034
    },
    "orientation" : 54
  }, {
    "shape" : "501086b4-aaf6-4fb2-9f5c-d01b5511e9b5",
    "color" : "#007695",
    "position" : {
      "x" : 8.472136,
      "y" : 15.326238,
      "z" : 17.944271
    },
    "orientation" : 24
  }, {
    "shape" : "f6d7b62e-57d1-41a4-a70c-ec97c23de17d",
    "color" : "#FFFFFF",
    "position" : {
      "x" : 0.0,
      "y" : 0.0,
      "z" : 0.0
    }
  }, {
    "shape" : "f2eeae2f-ccab-4268-b2fc-d8216396b619",
    "color" : "#AF0000",
    "position" : {
      "x" : 4.236068,
      "y" : 15.326238,
      "z" : 11.09017
    },
    "orientation" : 32
  }, {
    "shape" : "f6d7b62e-57d1-41a4-a70c-ec97c23de17d",
    "color" : "#FFFFFF",
    "position" : {
      "x" : -6.854102,
      "y" : -4.236068,
      "z" : 0.0
    }
  }, {
    "shape" : "2360857a-82f9-4789-aa6b-5c43fa94aaa8",
    "color" : "#AF0000",
    "position" : {
      "x" : 8.472136,
      "y" : 15.326238,
      "z" : 17.944271
    },
    "orientation" : 30
  }, {
    "shape" : "f2eeae2f-ccab-4268-b2fc-d8216396b619",
    "color" : "#AF0000",
    "position" : {
      "x" : 0.0,
      "y" : -11.09017,
      "z" : 6.854102
    },
    "orientation" : 32
  }, {
    "shape" : "f2eeae2f-ccab-4268-b2fc-d8216396b619",
    "color" : "#AF0000",
    "position" : {
      "x" : -9.472136,
      "y" : 6.854102,
      "z" : 11.09017
    },
    "orientation" : 17
  }, {
    "shape" : "2360857a-82f9-4789-aa6b-5c43fa94aaa8",
    "color" : "#AF0000",
    "position" : {
      "x" : -9.472136,
      "y" : 11.09017,
      "z" : 22.18034
    },
    "orientation" : 47
  }, {
    "shape" : "501086b4-aaf6-4fb2-9f5c-d01b5511e9b5",
    "color" : "#007695",
    "position" : {
      "x" : -2.618034,
      "y" : 15.326238,
      "z" : 22.18034
    },
    "orientation" : 53
  }, {
    "shape" : "2360857a-82f9-4789-aa6b-5c43fa94aaa8",
    "color" : "#AF0000",
    "position" : {
      "x" : 4.236068,
      "y" : 15.326238,
      "z" : 11.09017
    },
    "orientation" : 2
  }, {
    "shape" : "2360857a-82f9-4789-aa6b-5c43fa94aaa8",
    "color" : "#AF0000",
    "position" : {
      "x" : 8.472136,
      "y" : 11.09017,
      "z" : 6.854102
    },
    "orientation" : 47
  }, {
    "shape" : "f6d7b62e-57d1-41a4-a70c-ec97c23de17d",
    "color" : "#FFFFFF",
    "position" : {
      "x" : -9.472136,
      "y" : 11.09017,
      "z" : 22.18034
    }
  }, {
    "shape" : "f6d7b62e-57d1-41a4-a70c-ec97c23de17d",
    "color" : "#FFFFFF",
    "position" : {
      "x" : 11.09017,
      "y" : -6.854102,
      "z" : 13.708204
    }
  }, {
    "shape" : "bea9153e-c764-49b7-b761-31c53c4e00f6",
    "color" : "#F0A000",
    "position" : {
      "x" : 4.236068,
      "y" : 11.09017,
      "z" : 0.0
    },
    "orientation" : 16
  }, {
    "shape" : "f6d7b62e-57d1-41a4-a70c-ec97c23de17d",
    "color" : "#FFFFFF",
    "position" : {
      "x" : 0.0,
      "y" : -11.09017,
      "z" : 6.854102
    }
  }, {
    "shape" : "501086b4-aaf6-4fb2-9f5c-d01b5511e9b5",
    "color" : "#007695",
    "position" : {
      "x" : 0.0,
      "y" : -11.09017,
      "z" : 6.854102
    },
    "orientation" : 11
  }, {
    "shape" : "f6d7b62e-57d1-41a4-a70c-ec97c23de17d",
    "color" : "#FFFFFF",
    "position" : {
      "x" : -2.618034,
      "y" : -4.236068,
      "z" : 6.854102
    }
  }, {
    "shape" : "2360857a-82f9-4789-aa6b-5c43fa94aaa8",
    "color" : "#AF0000",
    "position" : {
      "x" : -13.708204,
      "y" : 6.854102,
      "z" : 4.236068
    },
    "orientation" : 2
  }, {
    "shape" : "bea9153e-c764-49b7-b761-31c53c4e00f6",
    "color" : "#F0A000",
    "position" : {
      "x" : 4.236068,
      "y" : 11.09017,
      "z" : 0.0
    },
    "orientation" : 38
  }, {
    "shape" : "f2eeae2f-ccab-4268-b2fc-d8216396b619",
    "color" : "#AF0000",
    "position" : {
      "x" : 8.472136,
      "y" : 15.326238,
      "z" : 17.944271
    },
    "orientation" : 31
  }, {
    "shape" : "f2eeae2f-ccab-4268-b2fc-d8216396b619",
    "color" : "#AF0000",
    "position" : {
      "x" : 0.0,
      "y" : 4.236068,
      "z" : 11.09017
    },
    "orientation" : 32
  }, {
    "shape" : "501086b4-aaf6-4fb2-9f5c-d01b5511e9b5",
    "color" : "#007695",
    "position" : {
      "x" : 4.236068,
      "y" : 15.326238,
      "z" : 11.09017
    },
    "orientation" : 53
  }, {
    "shape" : "bea9153e-c764-49b7-b761-31c53c4e00f6",
    "color" : "#F0A000",
    "position" : {
      "x" : 15.326238,
      "y" : 4.236068,
      "z" : 13.708204
    },
    "orientation" : 16
  } ],
  "scenes" : [ {
    "title" : "ghost",
    "content" : "This page was a saved view created by an older version of vZome.",
    "view" : {
      "perspective" : false,
      "viewDistance" : 72.88475,
      "nearClipDistance" : 0.18221188,
      "farClipDistance" : 145.7695,
      "lookAtPoint" : {
        "x" : -0.7236068,
        "y" : 3.0652475,
        "z" : 12.984597
      },
      "fieldOfView" : 0.44262886,
      "lookDirection" : {
        "x" : 0.0,
        "y" : 0.8506508,
        "z" : 0.5257311
      },
      "upDirection" : {
        "x" : 0.309017,
        "y" : 0.5,
        "z" : -0.809017
      },
      "width" : 32.798138,
      "stereo" : false,
      "position" : {
        "x" : -0.7236068,
        "y" : -58.934223,
        "z" : -25.333183
      }
    },
    "snapshot" : 0
  } ],
  "snapshots" : [ [ {
    "shape" : "2360857a-82f9-4789-aa6b-5c43fa94aaa8",
    "color" : "#AF0000",
    "position" : {
