{
  "field" : "golden",
  "symmetry" : "icosahedral",
  "orientations" : [ [ 1.0, 0.0, 0.0, 0.0, 0.0, 1.0, 0.0, 0.0, 0.0, 0.0, 1.0, 0.0, 0.0, 0.0, 0.0, 1.0 ], [ 0.0, 0.0, 1.0, 0.0, 1.0, 0.0, 0.0, 0.0, 0.0, 1.0, 0.0, 0.0, 0.0, 0.0, 0.0, 1.0 ], [ 0.0, 1.0, 0.0, 0.0, 0.0, 0.0, 1.0, 0.0, 1.0, 0.0, 0.0, 0.0, 0.0, 0.0, 0.0, 1.0 ], [ 0.809017, 0.309017, 0.5, 0.0, 0.309017, 0.5, -0.809017, 0.0, -0.5, 0.809017, 0.309017, 0.0, 0.0, 0.0, 0.0, 1.0 ], [ -0.5, 0.809017, 0.309017, 0.0, 0.809017, 0.309017, 0.5, 0.0, 0.309017, 0.5, -0.809017, 0.0, 0.0, 0.0, 0.0, 1.0 ], [ 0.309017, 0.5, -0.809017, 0.0, -0.5, 0.809017, 0.309017, 0.0, 0.809017, 0.309017, 0.5, 0.0, 0.0, 0.0, 0.0, 1.0 ], [ 0.5, 0.809017, 0.309017, 0.0, 0.809017, -0.309017, -0.5, 0.0, -0.309017, 0.5, -0.809017, 0.0, 0.0, 0.0, 0.0, 1.0 ], [ -0.309017, 0.5, -0.809017, 0.0, 0.5, 0.809017, 0.309017, 0.0, 0.809017, -0.309017, -0.5, 0.0, 0.0, 0.0, 0.0, 1.0 ], [ 0.809017, -0.309017, -0.5, 0.0, -0.309017, 0.5, -0.809017, 0.0, 0.5, 0.809017, 0.309017, 0.0, 0.0, 0.0, 0.0, 1.0 ], [ 0.5, 0.809017, -0.309017, 0.0, 0.809017, -0.309017, 0.5, 0.0, 0.309017, -0.5, -0.809017, 0.0, 0.0, 0.0, 0.0, 1.0 ], [ 0.309017, -0.5, -0.809017, 0.0, 0.5, 0.809017, -0.309017, 0.0, 0.809017, -0.309017, 0.5, 0.0, 0.0, 0.0, 0.0, 1.0 ], [ 0.809017, -0.309017, 0.5, 0.0, 0.309017, -0.5, -0.809017, 0.0, 0.5, 0.809017, -0.309017, 0.0, 0.0, 0.0, 0.0, 1.0 ], [ 0.809017, 0.309017, -0.5, 0.0, 0.309017, 0.5, 0.809017, 0.0, 0.5, -0.809017, 0.309017, 0.0, 0.0, 0.0, 0.0, 1.0 ], [ 0.5, -0.809017, 0.309017, 0.0, 0.809017, 0.309017, -0.5, 0.0, 0.309017, 0.5, 0.809017, 0.0, 0.0, 0.0, 0.0, 1.0 ], [ 0.309017, 0.5, 0.809017, 0.0, 0.5, -0.809017, 0.309017, 0.0, 0.809017, 0.309017, -0.5, 0.0, 0.0, 0.0, 0.0, 1.0 ], [ 1.0, 0.0, 0.0, 0.0, 0.0, -1.0, 0.0, 0.0, 0.0, 0.0, -1.0, 0.0, 0.0, 0.0, 0.0, 1.0 ], [ 0.0, 0.0, 1.0, 0.0, -1.0, 0.0, 0.0, 0.0, 0.0, -1.0, 0.0, 0.0, 0.0, 0.0, 0.0, 1.0 ], [ 0.0, 1.0, 0.0, 0.0, 0.0, 0.0, -1.0, 0.0, -1.0, 0.0, 0.0, 0.0, 0.0, 0.0, 0.0, 1.0 ], [ 0.809017, 0.309017, 0.5, 0.0, -0.309017, -0.5, 0.809017, 0.0, 0.5, -0.809017, -0.309017, 0.0, 0.0, 0.0, 0.0, 1.0 ], [ -0.5, 0.809017, 0.309017, 0.0, -0.809017, -0.309017, -0.5, 0.0, -0.309017, -0.5, 0.809017, 0.0, 0.0, 0.0, 0.0, 1.0 ], [ 0.309017, 0.5, -0.809017, 0.0, 0.5, -0.809017, -0.309017, 0.0, -0.809017, -0.309017, -0.5, 0.0, 0.0, 0.0, 0.0, 1.0 ], [ 0.5, 0.809017, 0.309017, 0.0, -0.809017, 0.309017, 0.5, 0.0, 0.309017, -0.5, 0.809017, 0.0, 0.0, 0.0, 0.0, 1.0 ], [ -0.309017, 0.5, -0.809017, 0.0, -0.5, -0.809017, -0.309017, 0.0, -0.809017, 0.309017, 0.5, 0.0, 0.0, 0.0, 0.0, 1.0 ], [ 0.809017, -0.309017, -0.5, 0.0, 0.309017, -0.5, 0.809017, 0.0, -0.5, -0.809017, -0.309017, 0.0, 0.0, 0.0, 0.0, 1.0 ], [ 0.5, 0.809017, -0.309017, 0.0, -0.809017, 0.309017, -0.5, 0.0, -0.309017, 0.5, 0.809017, 0.0, 0.0, 0.0, 0.0, 1.0 ], [ 0.309017, -0.5, -0.809017, 0.0, -0.5, -0.809017, 0.309017, 0.0, -0.809017, 0.309017, -0.5, 0.0, 0.0, 0.0, 0.0, 1.0 ], [ 0.809017, -0.309017, 0.5, 0.0, -0.309017, 0.5, 0.809017, 0.0, -0.5, -0.809017, 0.309017, 0.0, 0.0, 0.0, 0.0, 1.0 ], [ 0.809017, 0.309017, -0.5, 0.0, -0.309017, -0.5, -0.809017, 0.0, -0.5, 0.809017, -0.309017, 0.0, 0.0, 0.0, 0.0, 1.0 ], [ 0.5, -0.809017, 0.309017, 0.0, -0.809017, -0.309017, 0.5, 0.0, -0.309017, -0.5, -0.809017, 0.0, 0.0, 0.0, 0.0, 1.0 ], [ 0.309017, 0.5, 0.809017, 0.0, -0.5, 0.809017, -0.309017, 0.0, -0.809017, -0.309017, 0.5, 0.0, 0.0, 0.0, 0.0, 1.0 ], [ -1.0, 0.0, 0.0, 0.0, 0.0, -1.0, 0.0, 0.0, 0.0, 0.0, 1.0, 0.0, 0.0, 0.0, 0.0, 1.0 ], [ 0.0, 0.0, -1.0, 0.0, -1.0, 0.0, 0.0, 0.0, 0.0, 1.0, 0.0, 0.0, 0.0, 0.0, 0.0, 1.0 ], [ 0.0, -1.0, 0.0, 0.0, 0.0, 0.0, -1.0, 0.0, 1.0, 0.0, 0.0, 0.0, 0.0, 0.0, 0.0, 1.0 ], [ -0.809017, -0.309017, -0.5, 0.0, -0.309017, -0.5, 0.809017, 0.0, -0.5, 0.809017, 0.309017, 0.0, 0.0, 0.0, 0.0, 1.0 ], [ 0.5, -0.809017, -0.309017, 0.0, -0.809017, -0.309017, -0.5, 0.0, 0.309017, 0.5, -0.809017, 0.0, 0.0, 0.0, 0.0, 1.0 ], [ -0.309017, -0.5, 0.809017, 0.0, 0.5, -0.809017, -0.309017, 0.0, 0.809017, 0.309017, 0.5, 0.0, 0.0, 0.0, 0.0, 1.0 ], [ -0.5, -0.809017, -0.309017, 0.0, -0.809017, 0.309017, 0.5, 0.0, -0.309017, 0.5, -0.809017, 0.0, 0.0, 0.0, 0.0, 1.0 ], [ 0.309017, -0.5, 0.809017, 0.0, -0.5, -0.809017, -0.309017, 0.0, 0.809017, -0.309017, -0.5, 0.0, 0.0, 0.0, 0.0, 1.0 ], [ -0.809017, 0.309017, 0.5, 0.0, 0.309017, -0.5, 0.809017, 0.0, 0.5, 0.809017, 0.309017, 0.0, 0.0, 0.0, 0.0, 1.0 ], [ -0.5, -0.809017, 0.309017, 0.0, -0.809017, 0.309017, -0.5, 0.0, 0.309017, -0.5, -0.809017, 0.0, 0.0, 0.0, 0.0, 1.0 ], [ -0.309017, 0.5, 0.809017, 0.0, -0.5, -0.809017, 0.309017, 0.0, 0.809017, -0.309017, 0.5, 0.0, 0.0, 0.0, 0.0, 1.0 ], [ -0.809017, 0.309017, -0.5, 0.0, -0.309017, 0.5, 0.809017, 0.0, 0.5, 0.809017, -0.309017, 0.0, 0.0, 0.0, 0.0, 1.0 ], [ -0.809017, -0.309017, 0.5, 0.0, -0.309017, -0.5, -0.809017, 0.0, 0.5, -0.809017, 0.309017, 0.0, 0.0, 0.0, 0.0, 1.0 ], [ -0.5, 0.809017, -0.309017, 0.0, -0.809017, -0.309017, 0.5, 0.0, 0.309017, 0.5, 0.809017, 0.0, 0.0, 0.0, 0.0, 1.0 ], [ -0.309017, -0.5, -0.809017, 0.0, -0.5, 0.809017, -0.309017, 0.0, 0.809017, 0.309017, -0.5, 0.0, 0.0, 0.0, 0.0, 1.0 ], [ -1.0, 0.0, 0.0, 0.0, 0.0, 1.0, 0.0, 0.0, 0.0, 0.0, -1.0, 0.0, 0.0, 0.0, 0.0, 1.0 ], [ 0.0, 0.0, -1.0, 0.0, 1.0, 0.0, 0.0, 0.0, 0.0, -1.0, 0.0, 0.0, 0.0, 0.0, 0.0, 1.0 ], [ 0.0, -1.0, 0.0, 0.0, 0.0, 0.0, 1.0, 0.0, -1.0, 0.0, 0.0, 0.0, 0.0, 0.0, 0.0, 1.0 ], [ -0.809017, -0.309017, -0.5, 0.0, 0.309017, 0.5, -0.809017, 0.0, 0.5, -0.809017, -0.309017, 0.0, 0.0, 0.0, 0.0, 1.0 ], [ 0.5, -0.809017, -0.309017, 0.0, 0.809017, 0.309017, 0.5, 0.0, -0.309017, -0.5, 0.809017, 0.0, 0.0, 0.0, 0.0, 1.0 ], [ -0.309017, -0.5, 0.809017, 0.0, -0.5, 0.809017, 0.309017, 0.0, -0.809017, -0.309017, -0.5, 0.0, 0.0, 0.0, 0.0, 1.0 ], [ -0.5, -0.809017, -0.309017, 0.0, 0.809017, -0.309017, -0.5, 0.0, 0.309017, -0.5, 0.809017, 0.0, 0.0, 0.0, 0.0, 1.0 ], [ 0.309017, -0.5, 0.809017, 0.0, 0.5, 0.809017, 0.309017, 0.0, -0.809017, 0.309017, 0.5, 0.0, 0.0, 0.0, 0.0, 1.0 ], [ -0.809017, 0.309017, 0.5, 0.0, -0.309017, 0.5, -0.809017, 0.0, -0.5, -0.809017, -0.309017, 0.0, 0.0, 0.0, 0.0, 1.0 ], [ -0.5, -0.809017, 0.309017, 0.0, 0.809017, -0.309017, 0.5, 0.0, -0.309017, 0.5, 0.809017, 0.0, 0.0, 0.0, 0.0, 1.0 ], [ -0.309017, 0.5, 0.809017, 0.0, 0.5, 0.809017, -0.309017, 0.0, -0.809017, 0.309017, -0.5, 0.0, 0.0, 0.0, 0.0, 1.0 ], [ -0.809017, 0.309017, -0.5, 0.0, 0.309017, -0.5, -0.809017, 0.0, -0.5, -0.809017, 0.309017, 0.0, 0.0, 0.0, 0.0, 1.0 ], [ -0.809017, -0.309017, 0.5, 0.0, 0.309017, 0.5, 0.809017, 0.0, -0.5, 0.809017, -0.309017, 0.0, 0.0, 0.0, 0.0, 1.0 ], [ -0.5, 0.809017, -0.309017, 0.0, 0.809017, 0.309017, -0.5, 0.0, -0.309017, -0.5, -0.809017, 0.0, 0.0, 0.0, 0.0, 1.0 ], [ -0.309017, -0.5, -0.809017, 0.0, 0.5, -0.809017, 0.309017, 0.0, -0.809017, -0.309017, 0.5, 0.0, 0.0, 0.0, 0.0, 1.0 ] ],
  "lights" : {
    "ambientColor" : "#292929",
    "backgroundColor" : "#AFC8DC",
    "directionalLights" : [ {
      "direction" : {
        "x" : 1.0,
        "y" : -1.0,
        "z" : -1.0
      },
      "color" : "#EBEBE4"
    }, {
      "direction" : {
        "x" : -1.0,
        "y" : 0.0,
        "z" : 0.0
      },
      "color" : "#E4E4EB"
    }, {
      "direction" : {
        "x" : 0.0,
        "y" : 0.0,
        "z" : -1.0
      },
      "color" : "#1E1E1E"
    } ]
  },
  "camera" : {
    "lookDirection" : {
      "x" : 0.0,
      "y" : 0.8506508,
      "z" : -0.5257311
    },
    "upDirection" : {
      "x" : -0.309017,
      "y" : 0.5,
      "z" : 0.809017
    },
    "lookAtPoint" : {
      "x" : -2.618034,
      "y" : -11.09017,
      "z" : 11.09017
    },
    "viewDistance" : 98.384125,
    "nearClipDistance" : 0.2459604,
    "farClipDistance" : 196.76823,
    "fieldOfView" : 0.44262892,
    "perspective" : false,
    "stereo" : false,
    "width" : 44.27286,
    "position" : {
      "x" : -2.618034,
      "y" : -94.78071,
      "z" : 62.813766
    }
  },
  "embedding" : [ 1.0, 0.0, 0.0, 0.0, 0.0, 1.0, 0.0, 0.0, 0.0, 0.0, 1.0, 0.0, 0.0, 0.0, 0.0, 1.0 ],
  "shapes" : [ ],
  "instances" : [ {
    "shape" : "78280617-5abc-4e4f-977f-23acaf2da04e",
    "color" : "#F0A000",
    "position" : {
      "x" : -2.618034,
      "y" : -26.416409,
      "z" : 15.326238
    },
    "orientation" : 1
  }, {
    "shape" : "78280617-5abc-4e4f-977f-23acaf2da04e",
    "color" : "#F0A000",
    "position" : {
      "x" : -13.708204,
      "y" : -22.18034,
      "z" : 8.472136
    },
    "orientation" : 9
  }, {
    "shape" : "81faebef-eafd-4a77-a45a-da5a0450d44f",
    "color" : "#AF0000",
    "position" : {
      "x" : -6.854102,
      "y" : -4.236068,
      "z" : 22.18034
    },
    "orientation" : 2
  }, {
    "shape" : "cf42e931-e641-4ecc-b1ec-f9f501283565",
    "color" : "#007695",
    "position" : {
      "x" : -2.618034,
      "y" : -4.236068,
      "z" : 29.034441
    },
    "orientation" : 56
  }, {
    "shape" : "75f45c78-e927-40a4-8a4b-8ef0555af8ea",
    "color" : "#AF0000",
    "position" : {
      "x" : -6.854102,
      "y" : -15.326238,
      "z" : 15.326238
    },
    "orientation" : 1
  }, {
    "shape" : "07ab1efc-1d74-4caa-aac4-395bc871fe90",
    "color" : "#FFFFFF",
    "position" : {
      "x" : 1.618034,
      "y" : -6.854102,
      "z" : 6.854102
    }
  }, {
    "shape" : "75f45c78-e927-40a4-8a4b-8ef0555af8ea",
    "color" : "#AF0000",
    "position" : {
      "x" : -6.854102,
      "y" : 4.236068,
      "z" : 0.0
    },
    "orientation" : 32
  }, {
    "shape" : "81faebef-eafd-4a77-a45a-da5a0450d44f",
    "color" : "#AF0000",
    "position" : {
      "x" : 15.326238,
      "y" : -4.236068,
      "z" : 13.708204
    },
    "orientation" : 45
  }, {
    "shape" : "81faebef-eafd-4a77-a45a-da5a0450d44f",
    "color" : "#AF0000",
    "position" : {
      "x" : -13.708204,
      "y" : -22.18034,
      "z" : 8.472136
    },
    "orientation" : 45
  }, {
    "shape" : "78280617-5abc-4e4f-977f-23acaf2da04e",
    "color" : "#F0A000",
    "position" : {
      "x" : -2.618034,
      "y" : -4.236068,
      "z" : 29.034441
    },
    "orientation" : 21
  }, {
    "shape" : "07ab1efc-1d74-4caa-aac4-395bc871fe90",
    "color" : "#FFFFFF",
    "position" : {
      "x" : -2.618034,
      "y" : 4.236068,
      "z" : 6.854102
    }
  }, {
    "shape" : "cf42e931-e641-4ecc-b1ec-f9f501283565",
    "color" : "#007695",
    "position" : {
      "x" : -16.326239,
      "y" : -17.944271,
      "z" : 15.326238
    },
    "orientation" : 8
  }, {
    "shape" : "81faebef-eafd-4a77-a45a-da5a0450d44f",
    "color" : "#AF0000",
    "position" : {
      "x" : 0.0,
      "y" : 0.0,
      "z" : 0.0
    },
    "orientation" : 45
  }, {
    "shape" : "78280617-5abc-4e4f-977f-23acaf2da04e",
    "color" : "#F0A000",
    "position" : {
      "x" : -16.326239,
      "y" : -17.944271,
      "z" : 15.326238
    },
    "orientation" : 0
  }, {
    "shape" : "07ab1efc-1d74-4caa-aac4-395bc871fe90",
    "color" : "#FFFFFF",
    "position" : {
      "x" : -6.854102,
      "y" : -15.326238,
      "z" : 15.326238
    }
  }, {
    "shape" : "78280617-5abc-4e4f-977f-23acaf2da04e",
    "color" : "#F0A000",
    "position" : {
      "x" : 1.618034,
      "y" : -6.854102,
      "z" : 6.854102
    },
    "orientation" : 9
  }, {
    "shape" : "81faebef-eafd-4a77-a45a-da5a0450d44f",
    "color" : "#AF0000",
    "position" : {
      "x" : -6.854102,
      "y" : -4.236068,
      "z" : 22.18034
    },
    "orientation" : 45
  }, {
    "shape" : "07ab1efc-1d74-4caa-aac4-395bc871fe90",
    "color" : "#FFFFFF",
    "position" : {
      "x" : 0.0,
      "y" : 0.0,
      "z" : 0.0
    }
  }, {
    "shape" : "78280617-5abc-4e4f-977f-23acaf2da04e",
    "color" : "#F0A000",
    "position" : {
      "x" : 0.0,
      "y" : 0.0,
      "z" : 0.0
    },
    "orientation" : 2
  }, {
    "shape" : "cf42e931-e641-4ecc-b1ec-f9f501283565",
    "color" : "#007695",
    "position" : {
      "x" : 0.0,
      "y" : -4.236068,
      "z" : 11.09017
    },
    "orientation" : 39
  }, {
    "shape" : "cf42e931-e641-4ecc-b1ec-f9f501283565",
    "color" : "#007695",
    "position" : {
      "x" : 0.0,
      "y" : 0.0,
      "z" : 0.0
    },
    "orientation" : 8
  }, {
    "shape" : "cf42e931-e641-4ecc-b1ec-f9f501283565",
    "color" : "#007695",
    "position" : {
      "x" : 8.472136,
      "y" : 0.0,
      "z" : 13.708204
    },
    "orientation" : 56
  }, {
    "shape" : "81faebef-eafd-4a77-a45a-da5a0450d44f",
    "color" : "#AF0000",
    "position" : {
      "x" : -2.618034,
      "y" : -26.416409,
      "z" : 15.326238
    },
    "orientation" : 2
  }, {
    "shape" : "78280617-5abc-4e4f-977f-23acaf2da04e",
    "color" : "#F0A000",
    "position" : {
      "x" : 11.09017,
      "y" : -4.236068,
      "z" : 6.854102
    },
    "orientation" : 21
  }, {
    "shape" : "78280617-5abc-4e4f-977f-23acaf2da04e",
    "color" : "#F0A000",
    "position" : {
      "x" : -6.854102,
      "y" : -6.854102,
      "z" : -6.854102
    },
    "orientation" : 21
  }, {
    "shape" : "07ab1efc-1d74-4caa-aac4-395bc871fe90",
    "color" : "#FFFFFF",
    "position" : {
      "x" : -20.562305,
      "y" : -17.944271,
      "z" : 8.472136
    }
  }, {
    "shape" : "78280617-5abc-4e4f-977f-23acaf2da04e",
    "color" : "#F0A000",
    "position" : {
      "x" : 8.472136,
      "y" : -4.236068,
      "z" : 24.798374
    },
    "orientation" : 38
  }, {
    "shape" : "75f45c78-e927-40a4-8a4b-8ef0555af8ea",
    "color" : "#AF0000",
    "position" : {
      "x" : 8.472136,
      "y" : -26.416409,
      "z" : 11.09017
    },
    "orientation" : 32
  }, {
    "shape" : "75f45c78-e927-40a4-8a4b-8ef0555af8ea",
    "color" : "#AF0000",
    "position" : {
      "x" : -6.854102,
      "y" : -4.236068,
      "z" : 22.18034
    },
    "orientation" : 17
  }, {
    "shape" : "78280617-5abc-4e4f-977f-23acaf2da04e",
    "color" : "#F0A000",
    "position" : {
      "x" : -2.618034,
      "y" : 4.236068,
      "z" : 6.854102
    },
    "orientation" : 21
  }, {
    "shape" : "07ab1efc-1d74-4caa-aac4-395bc871fe90",
    "color" : "#FFFFFF",
    "position" : {
      "x" : -6.854102,
      "y" : 4.236068,
      "z" : 0.0
    }
  }, {
    "shape" : "75f45c78-e927-40a4-8a4b-8ef0555af8ea",
    "color" : "#AF0000",
    "position" : {
      "x" : -6.854102,
      "y" : -6.854102,
      "z" : -6.854102
    },
    "orientation" : 1
  }, {
    "shape" : "07ab1efc-1d74-4caa-aac4-395bc871fe90",
    "color" : "#FFFFFF",
    "position" : {
      "x" : -13.708204,
      "y" : 4.236068,
      "z" : 11.09017
    }
  }, {
    "shape" : "07ab1efc-1d74-4caa-aac4-395bc871fe90",
    "color" : "#FFFFFF",
    "position" : {
      "x" : 11.09017,
      "y" : -4.236068,
      "z" : 6.854102
    }
  }, {
    "shape" : "78280617-5abc-4e4f-977f-23acaf2da04e",
    "color" : "#F0A000",
    "position" : {
      "x" : 8.472136,
      "y" : -22.18034,
      "z" : 0.0
    },
    "orientation" : 2
  }, {
    "shape" : "cf42e931-e641-4ecc-b1ec-f9f501283565",
    "color" : "#007695",
    "position" : {
      "x" : -6.854102,
      "y" : -6.854102,
      "z" : -6.854102
    },
    "orientation" : 39
  }, {
    "shape" : "cf42e931-e641-4ecc-b1ec-f9f501283565",
    "color" : "#007695",
    "position" : {
      "x" : -2.618034,
      "y" : -17.944271,
      "z" : -6.854102
    },
    "orientation" : 8
  }, {
    "shape" : "cf42e931-e641-4ecc-b1ec-f9f501283565",
    "color" : "#007695",
    "position" : {
      "x" : -2.618034,
      "y" : -26.416409,
      "z" : 15.326238
    },
    "orientation" : 56
  }, {
    "shape" : "cf42e931-e641-4ecc-b1ec-f9f501283565",
    "color" : "#007695",
    "position" : {
      "x" : -13.708204,
      "y" : 4.236068,
      "z" : 11.09017
    },
    "orientation" : 39
  }, {
    "shape" : "07ab1efc-1d74-4caa-aac4-395bc871fe90",
    "color" : "#FFFFFF",
    "position" : {
      "x" : -5.236068,
      "y" : -22.18034,
      "z" : 22.18034
    }
  }, {
    "shape" : "07ab1efc-1d74-4caa-aac4-395bc871fe90",
    "color" : "#FFFFFF",
    "position" : {
      "x" : 8.472136,
      "y" : -4.236068,
      "z" : 24.798374
    }
  }, {
    "shape" : "78280617-5abc-4e4f-977f-23acaf2da04e",
    "color" : "#F0A000",
    "position" : {
      "x" : -13.708204,
      "y" : 0.0,
      "z" : 22.18034
    },
    "orientation" : 17
  }, {
    "shape" : "75f45c78-e927-40a4-8a4b-8ef0555af8ea",
    "color" : "#AF0000",
    "position" : {
      "x" : -5.236068,
      "y" : -17.944271,
      "z" : 11.09017
    },
    "orientation" : 17
  }, {
    "shape" : "75f45c78-e927-40a4-8a4b-8ef0555af8ea",
    "color" : "#AF0000",
    "position" : {
      "x" : -20.562305,
      "y" : -17.944271,
      "z" : 8.472136
    },
    "orientation" : 17
  }, {
    "shape" : "75f45c78-e927-40a4-8a4b-8ef0555af8ea",
    "color" : "#AF0000",
    "position" : {
      "x" : 1.618034,
      "y" : -26.416409,
      "z" : 22.18034
    },
    "orientation" : 1
  }, {
    "shape" : "07ab1efc-1d74-4caa-aac4-395bc871fe90",
    "color" : "#FFFFFF",
    "position" : {
      "x" : 1.618034,
      "y" : -17.944271,
      "z" : 0.0
    }
  }, {
    "shape" : "07ab1efc-1d74-4caa-aac4-395bc871fe90",
    "color" : "#FFFFFF",
    "position" : {
      "x" : -13.708204,
      "y" : -17.944271,
      "z" : -2.618034
    }
  }, {
    "shape" : "cf42e931-e641-4ecc-b1ec-f9f501283565",
    "color" : "#007695",
    "position" : {
      "x" : 1.618034,
      "y" : -15.326238,
      "z" : 29.034441
    },
    "orientation" : 6
  }, {
    "shape" : "07ab1efc-1d74-4caa-aac4-395bc871fe90",
    "color" : "#FFFFFF",
    "position" : {
      "x" : -5.236068,
      "y" : -17.944271,
      "z" : 11.09017
    }
  }, {
    "shape" : "07ab1efc-1d74-4caa-aac4-395bc871fe90",
    "color" : "#FFFFFF",
    "position" : {
      "x" : 15.326238,
      "y" : -4.236068,
      "z" : 13.708204
    }
  }, {
    "shape" : "07ab1efc-1d74-4caa-aac4-395bc871fe90",
    "color" : "#FFFFFF",
    "position" : {
      "x" : -2.618034,
      "y" : -26.416409,
      "z" : 15.326238
    }
  }, {
    "shape" : "07ab1efc-1d74-4caa-aac4-395bc871fe90",
    "color" : "#FFFFFF",
    "position" : {
      "x" : 1.618034,
      "y" : -15.326238,
      "z" : 29.034441
    }
  }, {
    "shape" : "07ab1efc-1d74-4caa-aac4-395bc871fe90",
    "color" : "#FFFFFF",
    "position" : {
      "x" : 8.472136,
      "y" : -22.18034,
      "z" : 0.0
    }
  }, {
    "shape" : "78280617-5abc-4e4f-977f-23acaf2da04e",
    "color" : "#F0A000",
    "position" : {
      "x" : -13.708204,
      "y" : -17.944271,
      "z" : -2.618034
    },
    "orientation" : 2
  }, {
    "shape" : "07ab1efc-1d74-4caa-aac4-395bc871fe90",
    "color" : "#FFFFFF",
    "position" : {
      "x" : -13.708204,
      "y" : 0.0,
      "z" : 22.18034
    }
  }, {
    "shape" : "07ab1efc-1d74-4caa-aac4-395bc871fe90",
    "color" : "#FFFFFF",
    "position" : {
      "x" : 1.618034,
      "y" : -26.416409,
      "z" : 22.18034
    }
  }, {
    "shape" : "07ab1efc-1d74-4caa-aac4-395bc871fe90",
    "color" : "#FFFFFF",
    "position" : {
      "x" : 0.0,
      "y" : -4.236068,
      "z" : 11.09017
    }
  }, {
    "shape" : "81faebef-eafd-4a77-a45a-da5a0450d44f",
    "color" : "#AF0000",
    "position" : {
      "x" : -6.854102,
      "y" : 4.236068,
      "z" : 0.0
    },
    "orientation" : 2
  }, {
    "shape" : "78280617-5abc-4e4f-977f-23acaf2da04e",
    "color" : "#F0A000",
    "position" : {
      "x" : -20.562305,
      "y" : -6.854102,
      "z" : 15.326238
    },
    "orientation" : 21
  }, {
    "shape" : "78280617-5abc-4e4f-977f-23acaf2da04e",
    "color" : "#F0A000",
    "position" : {
      "x" : 0.0,
      "y" : -4.236068,
      "z" : 11.09017
    },
    "orientation" : 0
  }, {
    "shape" : "75f45c78-e927-40a4-8a4b-8ef0555af8ea",
    "color" : "#AF0000",
    "position" : {
      "x" : 15.326238,
      "y" : -4.236068,
      "z" : 13.708204
    },
    "orientation" : 32
  }, {
    "shape" : "78280617-5abc-4e4f-977f-23acaf2da04e",
    "color" : "#F0A000",
    "position" : {
      "x" : -2.618034,
      "y" : -17.944271,
      "z" : -6.854102
    },
    "orientation" : 38
  }, {
    "shape" : "78280617-5abc-4e4f-977f-23acaf2da04e",
    "color" : "#F0A000",
    "position" : {
      "x" : 15.326238,
      "y" : -15.326238,
      "z" : 6.854102
    },
    "orientation" : 19
  }, {
    "shape" : "07ab1efc-1d74-4caa-aac4-395bc871fe90",
    "color" : "#FFFFFF",
    "position" : {
      "x" : -20.562305,
      "y" : -6.854102,
      "z" : 15.326238
    }
  }, {
    "shape" : "75f45c78-e927-40a4-8a4b-8ef0555af8ea",
    "color" : "#AF0000",
    "position" : {
      "x" : -20.562305,
      "y" : -17.944271,
      "z" : 8.472136
    },
    "orientation" : 1
  }, {
    "shape" : "81faebef-eafd-4a77-a45a-da5a0450d44f",
    "color" : "#AF0000",
    "position" : {
      "x" : -2.618034,
      "y" : -17.944271,
      "z" : -6.854102
    },
    "orientation" : 2
  }, {
    "shape" : "07ab1efc-1d74-4caa-aac4-395bc871fe90",
    "color" : "#FFFFFF",
    "position" : {
      "x" : -13.708204,
      "y" : -22.18034,
      "z" : 8.472136
    }
  }, {
    "shape" : "07ab1efc-1d74-4caa-aac4-395bc871fe90",
    "color" : "#FFFFFF",
    "position" : {
      "x" : 8.472136,
      "y" : -26.416409,
      "z" : 11.09017
    }
  }, {
    "shape" : "cf42e931-e641-4ecc-b1ec-f9f501283565",
    "color" : "#007695",
    "position" : {
      "x" : -5.236068,
      "y" : -17.944271,
      "z" : 11.09017
    },
    "orientation" : 6
  }, {
    "shape" : "75f45c78-e927-40a4-8a4b-8ef0555af8ea",
    "color" : "#AF0000",
    "position" : {
      "x" : 1.618034,
      "y" : -6.854102,
      "z" : 6.854102
    },
    "orientation" : 16
  }, {
    "shape" : "78280617-5abc-4e4f-977f-23acaf2da04e",
    "color" : "#F0A000",
    "position" : {
      "x" : 0.0,
      "y" : 0.0,
      "z" : 0.0
    },
    "orientation" : 19
  }, {
    "shape" : "07ab1efc-1d74-4caa-aac4-395bc871fe90",
    "color" : "#FFFFFF",
    "position" : {
      "x" : 8.472136,
      "y" : 0.0,
      "z" : 13.708204
    }
  }, {
    "shape" : "81faebef-eafd-4a77-a45a-da5a0450d44f",
    "color" : "#AF0000",
    "position" : {
      "x" : 8.472136,
      "y" : -22.18034,
      "z" : 0.0
    },
    "orientation" : 45
  }, {
    "shape" : "75f45c78-e927-40a4-8a4b-8ef0555af8ea",
    "color" : "#AF0000",
    "position" : {
      "x" : 15.326238,
      "y" : -4.236068,
      "z" : 13.708204
    },
    "orientation" : 16
  }, {
    "shape" : "78280617-5abc-4e4f-977f-23acaf2da04e",
    "color" : "#F0A000",
    "position" : {
      "x" : 8.472136,
      "y" : -4.236068,
      "z" : 24.798374
    },
    "orientation" : 17
  }, {
    "shape" : "78280617-5abc-4e4f-977f-23acaf2da04e",
    "color" : "#F0A000",
    "position" : {
      "x" : -13.708204,
      "y" : 4.236068,
      "z" : 11.09017
    },
    "orientation" : 0
  }, {
    "shape" : "81faebef-eafd-4a77-a45a-da5a0450d44f",
    "color" : "#AF0000",
    "position" : {
      "x" : -20.562305,
      "y" : -17.944271,
      "z" : 8.472136
    },
    "orientation" : 2
  }, {
    "shape" : "78280617-5abc-4e4f-977f-23acaf2da04e",
    "color" : "#F0A000",
    "position" : {
      "x" : -5.236068,
      "y" : -22.18034,
      "z" : 22.18034
    },
    "orientation" : 9
  }, {
    "shape" : "78280617-5abc-4e4f-977f-23acaf2da04e",
    "color" : "#F0A000",
    "position" : {
      "x" : 8.472136,
      "y" : -26.416409,
      "z" : 11.09017
    },
    "orientation" : 38
  }, {
    "shape" : "78280617-5abc-4e4f-977f-23acaf2da04e",
    "color" : "#F0A000",
    "position" : {
      "x" : -5.236068,
      "y" : -22.18034,
      "z" : 22.18034
    },
    "orientation" : 17
  }, {
    "shape" : "78280617-5abc-4e4f-977f-23acaf2da04e",
    "color" : "#F0A000",
    "position" : {
      "x" : -13.708204,
      "y" : 0.0,
      "z" : 22.18034
    },
    "orientation" : 19
  }, {
    "shape" : "81faebef-eafd-4a77-a45a-da5a0450d44f",
    "color" : "#AF0000",
    "position" : {
      "x" : 11.09017,
      "y" : -4.236068,
      "z" : 6.854102
    },
    "orientation" : 2
  }, {
    "shape" : "07ab1efc-1d74-4caa-aac4-395bc871fe90",
    "color" : "#FFFFFF",
    "position" : {
      "x" : -16.326239,
      "y" : -17.944271,
      "z" : 15.326238
    }
  }, {
    "shape" : "81faebef-eafd-4a77-a45a-da5a0450d44f",
    "color" : "#AF0000",
    "position" : {
      "x" : 1.618034,
      "y" : -26.416409,
      "z" : 22.18034
    },
    "orientation" : 45
  }, {
    "shape" : "cf42e931-e641-4ecc-b1ec-f9f501283565",
    "color" : "#007695",
    "position" : {
      "x" : 15.326238,
      "y" : -15.326238,
      "z" : 6.854102
    },
    "orientation" : 39
  }, {
    "shape" : "07ab1efc-1d74-4caa-aac4-395bc871fe90",
    "color" : "#FFFFFF",
    "position" : {
      "x" : -2.618034,
      "y" : -4.236068,
      "z" : 29.034441
    }
  }, {
    "shape" : "07ab1efc-1d74-4caa-aac4-395bc871fe90",
    "color" : "#FFFFFF",
    "position" : {
      "x" : 15.326238,
      "y" : -15.326238,
      "z" : 6.854102
    }
  }, {
    "shape" : "07ab1efc-1d74-4caa-aac4-395bc871fe90",
    "color" : "#FFFFFF",
    "position" : {
      "x" : -6.854102,
      "y" : -6.854102,
      "z" : -6.854102
    }
  }, {
    "shape" : "07ab1efc-1d74-4caa-aac4-395bc871fe90",
    "color" : "#FFFFFF",
    "position" : {
      "x" : -6.854102,
      "y" : -4.236068,
      "z" : 22.18034
    }
  }, {
    "shape" : "07ab1efc-1d74-4caa-aac4-395bc871fe90",
    "color" : "#FFFFFF",
    "position" : {
      "x" : -2.618034,
      "y" : -17.944271,
      "z" : -6.854102
    }
  } ],
  "scenes" : [ {
    "title" : "ghost",
    "content" : "This page was a saved view created by an older version of vZome.",
    "view" : {
      "lookDirection" : {
        "x" : 0.8506508,
        "y" : 0.5257311,
        "z" : 0.0
      },
      "upDirection" : {
        "x" : 0.5257311,
        "y" : -0.8506508,
        "z" : 0.0
      },
      "lookAtPoint" : {
        "x" : -2.618034,
        "y" : -11.09017,
        "z" : 11.09017
      },
      "viewDistance" : 83.83742,
      "nearClipDistance" : 0.20959355,
      "farClipDistance" : 167.67484,
      "fieldOfView" : 0.44262886,
      "perspective" : false,
      "stereo" : false,
      "width" : 37.726837,
      "position" : {
        "x" : -73.9344,
        "y" : -55.166107,
        "z" : 11.09017
      }
    },
    "snapshot" : 0
  } ],
  "snapshots" : [ [ {
    "shape" : "07ab1efc-1d74-4caa-aac4-395bc871fe90",
    "color" : "#FFFFFF",
    "position" : {
      "x" : 8.472136,
      "y" : -22.18034,
      "z" : 0.0
    },
    "orientation" : 0
  }, {
    "shape" : "07ab1efc-1d74-4caa-aac4-395bc871fe90",
    "color" : "#FFFFFF",
    "position" : {
      "x" : -6.854102,
      "y" : -6.854102,
      "z" : -6.854102
    },
    "orientation" : 0
  }, {
    "shape" : "cf42e931-e641-4ecc-b1ec-f9f501283565",
    "color" : "#007695",
    "position" : {
      "x" : 8.472136,
      "y" : 0.0,
      "z" : 13.708204
    },
    "orientation" : 56
  }, {
    "shape" : "07ab1efc-1d74-4caa-aac4-395bc871fe90",
    "color" : "#FFFFFF",
    "position" : {
      "x" : 11.09017,
      "y" : -4.236068,
      "z" : 6.854102
    },
    "orientation" : 0
  }, {
    "shape" : "07ab1efc-1d74-4caa-aac4-395bc871fe90",
    "color" : "#FFFFFF",
    "position" : {
      "x" : -13.708204,
      "y" : -22.18034,
      "z" : 8.472136
    },
    "orientation" : 0
  }, {
    "shape" : "75f45c78-e927-40a4-8a4b-8ef0555af8ea",
    "color" : "#AF0000",
    "position" : {
      "x" : -6.854102,
      "y" : -15.326238,
      "z" : 15.326238
    },
    "orientation" : 1
  }, {
    "shape" : "78280617-5abc-4e4f-977f-23acaf2da04e",
    "color" : "#F0A000",
    "position" : {
      "x" : -6.854102,
      "y" : -6.854102,
      "z" : -6.854102
    },
    "orientation" : 21
  }, {
    "shape" : "07ab1efc-1d74-4caa-aac4-395bc871fe90",
    "color" : "#FFFFFF",
    "position" : {
      "x" : 1.618034,
      "y" : -17.944271,
      "z" : 0.0
    },
    "orientation" : 0
  }, {
    "shape" : "81faebef-eafd-4a77-a45a-da5a0450d44f",
    "color" : "#AF0000",
    "position" : {
      "x" : 1.618034,
      "y" : -26.416409,
      "z" : 22.18034
    },
    "orientation" : 45
  }, {
    "shape" : "07ab1efc-1d74-4caa-aac4-395bc871fe90",
    "color" : "#FFFFFF",
    "position" : {
      "x" : -5.236068,
      "y" : -17.944271,
      "z" : 11.09017
    },
    "orientation" : 0
  }, {
    "shape" : "cf42e931-e641-4ecc-b1ec-f9f501283565",
    "color" : "#007695",
    "position" : {
      "x" : -2.618034,
      "y" : -4.236068,
      "z" : 29.034441
    },
    "orientation" : 56
  }, {
    "shape" : "81faebef-eafd-4a77-a45a-da5a0450d44f",
    "color" : "#AF0000",
    "position" : {
      "x" : -20.562305,
      "y" : -17.944271,
      "z" : 8.472136
    },
    "orientation" : 2
  }, {
    "shape" : "cf42e931-e641-4ecc-b1ec-f9f501283565",
    "color" : "#007695",
    "position" : {
      "x" : -2.618034,
      "y" : -26.416409,
      "z" : 15.326238
    },
    "orientation" : 56
  }, {
    "shape" : "75f45c78-e927-40a4-8a4b-8ef0555af8ea",
    "color" : "#AF0000",
    "position" : {
      "x" : 1.618034,
      "y" : -6.854102,
      "z" : 6.854102
    },
    "orientation" : 16
  }, {
    "shape" : "07ab1efc-1d74-4caa-aac4-395bc871fe90",
    "color" : "#FFFFFF",
    "position" : {
      "x" : -20.562305,
      "y" : -17.944271,
      "z" : 8.472136
    },
    "orientation" : 0
  }, {
    "shape" : "07ab1efc-1d74-4caa-aac4-395bc871fe90",
    "color" : "#FFFFFF",
    "position" : {
      "x" : 0.0,
      "y" : -4.236068,
      "z" : 11.09017
    },
    "orientation" : 0
  }, {
    "shape" : "75f45c78-e927-40a4-8a4b-8ef0555af8ea",
    "color" : "#AF0000",
    "position" : {
      "x" : 8.472136,
      "y" : -26.416409,
      "z" : 11.09017
    },
    "orientation" : 32
  }, {
    "shape" : "cf42e931-e641-4ecc-b1ec-f9f501283565",
    "color" : "#007695",
    "position" : {
      "x" : -2.618034,
      "y" : -17.944271,
      "z" : -6.854102
    },
    "orientation" : 8
  }, {
    "shape" : "75f45c78-e927-40a4-8a4b-8ef0555af8ea",
    "color" : "#AF0000",
    "position" : {
      "x" : 15.326238,
      "y" : -4.236068,
      "z" : 13.708204
    },
    "orientation" : 16
  }, {
    "shape" : "07ab1efc-1d74-4caa-aac4-395bc871fe90",
    "color" : "#FFFFFF",
    "position" : {
      "x" : -16.326239,
      "y" : -17.944271,
      "z" : 15.326238
    },
    "orientation" : 0
  }, {
    "shape" : "78280617-5abc-4e4f-977f-23acaf2da04e",
    "color" : "#F0A000",
    "position" : {
      "x" : -2.618034,
      "y" : -26.416409,
      "z" : 15.326238
    },
    "orientation" : 1
  }, {
    "shape" : "78280617-5abc-4e4f-977f-23acaf2da04e",
    "color" : "#F0A000",
    "position" : {
      "x" : -13.708204,
      "y" : -22.18034,
      "z" : 8.472136
    },
    "orientation" : 9
  }, {
    "shape" : "78280617-5abc-4e4f-977f-23acaf2da04e",
    "color" : "#F0A000",
    "position" : {
      "x" : 11.09017,
      "y" : -4.236068,
      "z" : 6.854102
    },
    "orientation" : 21
  }, {
    "shape" : "81faebef-eafd-4a77-a45a-da5a0450d44f",
    "color" : "#AF0000",
    "position" : {
      "x" : -6.854102,
      "y" : -4.236068,
      "z" : 22.18034
    },
    "orientation" : 45
  }, {
    "shape" : "78280617-5abc-4e4f-977f-23acaf2da04e",
    "color" : "#F0A000",
    "position" : {
      "x" : -2.618034,
      "y" : -4.236068,
      "z" : 29.034441
    },
    "orientation" : 21
  }, {
    "shape" : "78280617-5abc-4e4f-977f-23acaf2da04e",
    "color" : "#F0A000",
    "position" : {
      "x" : 8.472136,
      "y" : -4.236068,
      "z" : 24.798374
    },
    "orientation" : 38
  }, {
    "shape" : "07ab1efc-1d74-4caa-aac4-395bc871fe90",
    "color" : "#FFFFFF",
    "position" : {
      "x" : -5.236068,
      "y" : -22.18034,
      "z" : 22.18034
    },
    "orientation" : 0
  }, {
    "shape" : "78280617-5abc-4e4f-977f-23acaf2da04e",
    "color" : "#F0A000",
    "position" : {
      "x" : -13.708204,
      "y" : 0.0,
      "z" : 22.18034
    },
    "orientation" : 19
  }, {
    "shape" : "07ab1efc-1d74-4caa-aac4-395bc871fe90",
    "color" : "#FFFFFF",
    "position" : {
      "x" : -13.708204,
      "y" : 0.0,
      "z" : 22.18034
    },
    "orientation" : 0
  }, {
    "shape" : "07ab1efc-1d74-4caa-aac4-395bc871fe90",
    "color" : "#FFFFFF",
    "position" : {
      "x" : -2.618034,
      "y" : -4.236068,
      "z" : 29.034441
    },
    "orientation" : 0
  }, {
    "shape" : "07ab1efc-1d74-4caa-aac4-395bc871fe90",
    "color" : "#FFFFFF",
    "position" : {
      "x" : -2.618034,
      "y" : -26.416409,
      "z" : 15.326238
    },
    "orientation" : 0
  }, {
    "shape" : "78280617-5abc-4e4f-977f-23acaf2da04e",
    "color" : "#F0A000",
    "position" : {
      "x" : -2.618034,
      "y" : -17.944271,
      "z" : -6.854102
    },
    "orientation" : 38
  }, {
    "shape" : "75f45c78-e927-40a4-8a4b-8ef0555af8ea",
    "color" : "#AF0000",
    "position" : {
      "x" : -6.854102,
      "y" : 4.236068,
      "z" : 0.0
    },
    "orientation" : 32
  }, {
    "shape" : "07ab1efc-1d74-4caa-aac4-395bc871fe90",
    "color" : "#FFFFFF",
    "position" : {
      "x" : -20.562305,
      "y" : -6.854102,
      "z" : 15.326238
    },
    "orientation" : 0
  }, {
    "shape" : "75f45c78-e927-40a4-8a4b-8ef0555af8ea",
    "color" : "#AF0000",
    "position" : {
      "x" : 15.326238,
      "y" : -4.236068,
      "z" : 13.708204
    },
    "orientation" : 32
  }, {
    "shape" : "78280617-5abc-4e4f-977f-23acaf2da04e",
    "color" : "#F0A000",
    "position" : {
      "x" : 0.0,
      "y" : -4.236068,
      "z" : 11.09017
    },
    "orientation" : 0
  }, {
    "shape" : "07ab1efc-1d74-4caa-aac4-395bc871fe90",
    "color" : "#FFFFFF",
    "position" : {
      "x" : -2.618034,
      "y" : -17.944271,
      "z" : -6.854102
    },
    "orientation" : 0
  }, {
    "shape" : "81faebef-eafd-4a77-a45a-da5a0450d44f",
    "color" : "#AF0000",
    "position" : {
      "x" : 15.326238,
      "y" : -4.236068,
      "z" : 13.708204
    },
    "orientation" : 45
  }, {
    "shape" : "cf42e931-e641-4ecc-b1ec-f9f501283565",
    "color" : "#007695",
    "position" : {
      "x" : 1.618034,
      "y" : -15.326238,
      "z" : 29.034441
    },
    "orientation" : 6
  }, {
    "shape" : "07ab1efc-1d74-4caa-aac4-395bc871fe90",
    "color" : "#FFFFFF",
    "position" : {
      "x" : -6.854102,
      "y" : 4.236068,
      "z" : 0.0
    },
    "orientation" : 0
  }, {
    "shape" : "78280617-5abc-4e4f-977f-23acaf2da04e",
    "color" : "#F0A000",
    "position" : {
      "x" : -13.708204,
      "y" : 4.236068,
      "z" : 11.09017
    },
    "orientation" : 0
  }, {
    "shape" : "07ab1efc-1d74-4caa-aac4-395bc871fe90",
    "color" : "#FFFFFF",
    "position" : {
      "x" : 0.0,
      "y" : 0.0,
      "z" : 0.0
    },
    "orientation" : 0
  }, {
    "shape" : "07ab1efc-1d74-4caa-aac4-395bc871fe90",
    "color" : "#FFFFFF",
    "position" : {
      "x" : 1.618034,
      "y" : -6.854102,
      "z" : 6.854102
    },
    "orientation" : 0
  }, {
    "shape" : "81faebef-eafd-4a77-a45a-da5a0450d44f",
    "color" : "#AF0000",
    "position" : {
      "x" : 11.09017,
      "y" : -4.236068,
      "z" : 6.854102
    },
    "orientation" : 2
  }, {
    "shape" : "07ab1efc-1d74-4caa-aac4-395bc871fe90",
    "color" : "#FFFFFF",
    "position" : {
      "x" : -13.708204,
      "y" : 4.236068,
      "z" : 11.09017
    },
    "orientation" : 0
  }, {
    "shape" : "07ab1efc-1d74-4caa-aac4-395bc871fe90",
    "color" : "#FFFFFF",
    "position" : {
      "x" : -13.708204,
      "y" : -17.944271,
      "z" : -2.618034
    },
    "orientation" : 0
  }, {
    "shape" : "78280617-5abc-4e4f-977f-23acaf2da04e",
    "color" : "#F0A000",
    "position" : {
      "x" : 1.618034,
      "y" : -6.854102,
      "z" : 6.854102
    },
    "orientation" : 9
  }, {
    "shape" : "cf42e931-e641-4ecc-b1ec-f9f501283565",
    "color" : "#007695",
    "position" : {
      "x" : -13.708204,
      "y" : 4.236068,
      "z" : 11.09017
    },
    "orientation" : 39
  }, {
    "shape" : "78280617-5abc-4e4f-977f-23acaf2da04e",
    "color" : "#F0A000",
    "position" : {
      "x" : -13.708204,
      "y" : -17.944271,
      "z" : -2.618034
    },
    "orientation" : 2
  }, {
    "shape" : "78280617-5abc-4e4f-977f-23acaf2da04e",
    "color" : "#F0A000",
    "position" : {
      "x" : 8.472136,
      "y" : -22.18034,
      "z" : 0.0
    },
    "orientation" : 2
  }, {
    "shape" : "81faebef-eafd-4a77-a45a-da5a0450d44f",
    "color" : "#AF0000",
    "position" : {
      "x" : -6.854102,
      "y" : 4.236068,
      "z" : 0.0
    },
    "orientation" : 2
  }, {
    "shape" : "07ab1efc-1d74-4caa-aac4-395bc871fe90",
    "color" : "#FFFFFF",
    "position" : {
      "x" : 15.326238,
      "y" : -4.236068,
      "z" : 13.708204
    },
    "orientation" : 0
  }, {
    "shape" : "07ab1efc-1d74-4caa-aac4-395bc871fe90",
    "color" : "#FFFFFF",
    "position" : {
      "x" : 8.472136,
      "y" : 0.0,
      "z" : 13.708204
    },
    "orientation" : 0
  }, {
    "shape" : "75f45c78-e927-40a4-8a4b-8ef0555af8ea",
    "color" : "#AF0000",
    "position" : {
      "x" : -6.854102,
      "y" : -4.236068,
      "z" : 22.18034
    },
    "orientation" : 17
  }, {
    "shape" : "75f45c78-e927-40a4-8a4b-8ef0555af8ea",
    "color" : "#AF0000",
    "position" : {
      "x" : -6.854102,
      "y" : -6.854102,
      "z" : -6.854102
    },
    "orientation" : 1
  }, {
    "shape" : "75f45c78-e927-40a4-8a4b-8ef0555af8ea",
    "color" : "#AF0000",
    "position" : {
      "x" : -20.562305,
      "y" : -17.944271,
      "z" : 8.472136
    },
    "orientation" : 17
  }, {
    "shape" : "81faebef-eafd-4a77-a45a-da5a0450d44f",
    "color" : "#AF0000",
    "position" : {
      "x" : 8.472136,
      "y" : -22.18034,
      "z" : 0.0
    },
    "orientation" : 45
  }, {
    "shape" : "75f45c78-e927-40a4-8a4b-8ef0555af8ea",
    "color" : "#AF0000",
    "position" : {
      "x" : -5.236068,
      "y" : -17.944271,
      "z" : 11.09017
    },
    "orientation" : 17
  }, {
    "shape" : "75f45c78-e927-40a4-8a4b-8ef0555af8ea",
    "color" : "#AF0000",
    "position" : {
      "x" : -20.562305,
      "y" : -17.944271,
      "z" : 8.472136
    },
    "orientation" : 1
  }, {
    "shape" : "cf42e931-e641-4ecc-b1ec-f9f501283565",
    "color" : "#007695",
    "position" : {
      "x" : -6.854102,
      "y" : -6.854102,
      "z" : -6.854102
    },
    "orientation" : 39
  }, {
    "shape" : "81faebef-eafd-4a77-a45a-da5a0450d44f",
    "color" : "#AF0000",
    "position" : {
      "x" : -13.708204,
      "y" : -22.18034,
      "z" : 8.472136
    },
    "orientation" : 45
  }, {
    "shape" : "78280617-5abc-4e4f-977f-23acaf2da04e",
    "color" : "#F0A000",
    "position" : {
      "x" : -20.562305,
      "y" : -6.854102,
      "z" : 15.326238
    },
    "orientation" : 21
  }, {
    "shape" : "cf42e931-e641-4ecc-b1ec-f9f501283565",
    "color" : "#007695",
    "position" : {
      "x" : -16.326239,
      "y" : -17.944271,
      "z" : 15.326238
    },
    "orientation" : 8
  }, {
    "shape" : "07ab1efc-1d74-4caa-aac4-395bc871fe90",
    "color" : "#FFFFFF",
    "position" : {
      "x" : 15.326238,
      "y" : -15.326238,
      "z" : 6.854102
    },
    "orientation" : 0
  }, {
    "shape" : "78280617-5abc-4e4f-977f-23acaf2da04e",
    "color" : "#F0A000",
    "position" : {
      "x" : -13.708204,
      "y" : 0.0,
      "z" : 22.18034
    },
    "orientation" : 17
  }, {
    "shape" : "78280617-5abc-4e4f-977f-23acaf2da04e",
    "color" : "#F0A000",
    "position" : {
      "x" : -2.618034,
      "y" : 4.236068,
      "z" : 6.854102
    },
    "orientation" : 21
  }, {
    "shape" : "07ab1efc-1d74-4caa-aac4-395bc871fe90",
    "color" : "#FFFFFF",
    "position" : {
      "x" : 1.618034,
      "y" : -15.326238,
      "z" : 29.034441
    },
    "orientation" : 0
  }, {
    "shape" : "cf42e931-e641-4ecc-b1ec-f9f501283565",
    "color" : "#007695",
    "position" : {
      "x" : 15.326238,
      "y" : -15.326238,
      "z" : 6.854102
    },
    "orientation" : 39
  }, {
    "shape" : "78280617-5abc-4e4f-977f-23acaf2da04e",
    "color" : "#F0A000",
    "position" : {
      "x" : 0.0,
      "y" : 0.0,
      "z" : 0.0
    },
    "orientation" : 19
