{
  "field" : "golden",
  "symmetry" : "icosahedral",
  "orientations" : [ [ 1.0, 0.0, 0.0, 0.0, 0.0, 1.0, 0.0, 0.0, 0.0, 0.0, 1.0, 0.0, 0.0, 0.0, 0.0, 1.0 ], [ 0.0, 0.0, 1.0, 0.0, 1.0, 0.0, 0.0, 0.0, 0.0, 1.0, 0.0, 0.0, 0.0, 0.0, 0.0, 1.0 ], [ 0.0, 1.0, 0.0, 0.0, 0.0, 0.0, 1.0, 0.0, 1.0, 0.0, 0.0, 0.0, 0.0, 0.0, 0.0, 1.0 ], [ 0.809017, 0.309017, 0.5, 0.0, 0.309017, 0.5, -0.809017, 0.0, -0.5, 0.809017, 0.309017, 0.0, 0.0, 0.0, 0.0, 1.0 ], [ -0.5, 0.809017, 0.309017, 0.0, 0.809017, 0.309017, 0.5, 0.0, 0.309017, 0.5, -0.809017, 0.0, 0.0, 0.0, 0.0, 1.0 ], [ 0.309017, 0.5, -0.809017, 0.0, -0.5, 0.809017, 0.309017, 0.0, 0.809017, 0.309017, 0.5, 0.0, 0.0, 0.0, 0.0, 1.0 ], [ 0.5, 0.809017, 0.309017, 0.0, 0.809017, -0.309017, -0.5, 0.0, -0.309017, 0.5, -0.809017, 0.0, 0.0, 0.0, 0.0, 1.0 ], [ -0.309017, 0.5, -0.809017, 0.0, 0.5, 0.809017, 0.309017, 0.0, 0.809017, -0.309017, -0.5, 0.0, 0.0, 0.0, 0.0, 1.0 ], [ 0.809017, -0.309017, -0.5, 0.0, -0.309017, 0.5, -0.809017, 0.0, 0.5, 0.809017, 0.309017, 0.0, 0.0, 0.0, 0.0, 1.0 ], [ 0.5, 0.809017, -0.309017, 0.0, 0.809017, -0.309017, 0.5, 0.0, 0.309017, -0.5, -0.809017, 0.0, 0.0, 0.0, 0.0, 1.0 ], [ 0.309017, -0.5, -0.809017, 0.0, 0.5, 0.809017, -0.309017, 0.0, 0.809017, -0.309017, 0.5, 0.0, 0.0, 0.0, 0.0, 1.0 ], [ 0.809017, -0.309017, 0.5, 0.0, 0.309017, -0.5, -0.809017, 0.0, 0.5, 0.809017, -0.309017, 0.0, 0.0, 0.0, 0.0, 1.0 ], [ 0.809017, 0.309017, -0.5, 0.0, 0.309017, 0.5, 0.809017, 0.0, 0.5, -0.809017, 0.309017, 0.0, 0.0, 0.0, 0.0, 1.0 ], [ 0.5, -0.809017, 0.309017, 0.0, 0.809017, 0.309017, -0.5, 0.0, 0.309017, 0.5, 0.809017, 0.0, 0.0, 0.0, 0.0, 1.0 ], [ 0.309017, 0.5, 0.809017, 0.0, 0.5, -0.809017, 0.309017, 0.0, 0.809017, 0.309017, -0.5, 0.0, 0.0, 0.0, 0.0, 1.0 ], [ 1.0, 0.0, 0.0, 0.0, 0.0, -1.0, 0.0, 0.0, 0.0, 0.0, -1.0, 0.0, 0.0, 0.0, 0.0, 1.0 ], [ 0.0, 0.0, 1.0, 0.0, -1.0, 0.0, 0.0, 0.0, 0.0, -1.0, 0.0, 0.0, 0.0, 0.0, 0.0, 1.0 ], [ 0.0, 1.0, 0.0, 0.0, 0.0, 0.0, -1.0, 0.0, -1.0, 0.0, 0.0, 0.0, 0.0, 0.0, 0.0, 1.0 ], [ 0.809017, 0.309017, 0.5, 0.0, -0.309017, -0.5, 0.809017, 0.0, 0.5, -0.809017, -0.309017, 0.0, 0.0, 0.0, 0.0, 1.0 ], [ -0.5, 0.809017, 0.309017, 0.0, -0.809017, -0.309017, -0.5, 0.0, -0.309017, -0.5, 0.809017, 0.0, 0.0, 0.0, 0.0, 1.0 ], [ 0.309017, 0.5, -0.809017, 0.0, 0.5, -0.809017, -0.309017, 0.0, -0.809017, -0.309017, -0.5, 0.0, 0.0, 0.0, 0.0, 1.0 ], [ 0.5, 0.809017, 0.309017, 0.0, -0.809017, 0.309017, 0.5, 0.0, 0.309017, -0.5, 0.809017, 0.0, 0.0, 0.0, 0.0, 1.0 ], [ -0.309017, 0.5, -0.809017, 0.0, -0.5, -0.809017, -0.309017, 0.0, -0.809017, 0.309017, 0.5, 0.0, 0.0, 0.0, 0.0, 1.0 ], [ 0.809017, -0.309017, -0.5, 0.0, 0.309017, -0.5, 0.809017, 0.0, -0.5, -0.809017, -0.309017, 0.0, 0.0, 0.0, 0.0, 1.0 ], [ 0.5, 0.809017, -0.309017, 0.0, -0.809017, 0.309017, -0.5, 0.0, -0.309017, 0.5, 0.809017, 0.0, 0.0, 0.0, 0.0, 1.0 ], [ 0.309017, -0.5, -0.809017, 0.0, -0.5, -0.809017, 0.309017, 0.0, -0.809017, 0.309017, -0.5, 0.0, 0.0, 0.0, 0.0, 1.0 ], [ 0.809017, -0.309017, 0.5, 0.0, -0.309017, 0.5, 0.809017, 0.0, -0.5, -0.809017, 0.309017, 0.0, 0.0, 0.0, 0.0, 1.0 ], [ 0.809017, 0.309017, -0.5, 0.0, -0.309017, -0.5, -0.809017, 0.0, -0.5, 0.809017, -0.309017, 0.0, 0.0, 0.0, 0.0, 1.0 ], [ 0.5, -0.809017, 0.309017, 0.0, -0.809017, -0.309017, 0.5, 0.0, -0.309017, -0.5, -0.809017, 0.0, 0.0, 0.0, 0.0, 1.0 ], [ 0.309017, 0.5, 0.809017, 0.0, -0.5, 0.809017, -0.309017, 0.0, -0.809017, -0.309017, 0.5, 0.0, 0.0, 0.0, 0.0, 1.0 ], [ -1.0, 0.0, 0.0, 0.0, 0.0, -1.0, 0.0, 0.0, 0.0, 0.0, 1.0, 0.0, 0.0, 0.0, 0.0, 1.0 ], [ 0.0, 0.0, -1.0, 0.0, -1.0, 0.0, 0.0, 0.0, 0.0, 1.0, 0.0, 0.0, 0.0, 0.0, 0.0, 1.0 ], [ 0.0, -1.0, 0.0, 0.0, 0.0, 0.0, -1.0, 0.0, 1.0, 0.0, 0.0, 0.0, 0.0, 0.0, 0.0, 1.0 ], [ -0.809017, -0.309017, -0.5, 0.0, -0.309017, -0.5, 0.809017, 0.0, -0.5, 0.809017, 0.309017, 0.0, 0.0, 0.0, 0.0, 1.0 ], [ 0.5, -0.809017, -0.309017, 0.0, -0.809017, -0.309017, -0.5, 0.0, 0.309017, 0.5, -0.809017, 0.0, 0.0, 0.0, 0.0, 1.0 ], [ -0.309017, -0.5, 0.809017, 0.0, 0.5, -0.809017, -0.309017, 0.0, 0.809017, 0.309017, 0.5, 0.0, 0.0, 0.0, 0.0, 1.0 ], [ -0.5, -0.809017, -0.309017, 0.0, -0.809017, 0.309017, 0.5, 0.0, -0.309017, 0.5, -0.809017, 0.0, 0.0, 0.0, 0.0, 1.0 ], [ 0.309017, -0.5, 0.809017, 0.0, -0.5, -0.809017, -0.309017, 0.0, 0.809017, -0.309017, -0.5, 0.0, 0.0, 0.0, 0.0, 1.0 ], [ -0.809017, 0.309017, 0.5, 0.0, 0.309017, -0.5, 0.809017, 0.0, 0.5, 0.809017, 0.309017, 0.0, 0.0, 0.0, 0.0, 1.0 ], [ -0.5, -0.809017, 0.309017, 0.0, -0.809017, 0.309017, -0.5, 0.0, 0.309017, -0.5, -0.809017, 0.0, 0.0, 0.0, 0.0, 1.0 ], [ -0.309017, 0.5, 0.809017, 0.0, -0.5, -0.809017, 0.309017, 0.0, 0.809017, -0.309017, 0.5, 0.0, 0.0, 0.0, 0.0, 1.0 ], [ -0.809017, 0.309017, -0.5, 0.0, -0.309017, 0.5, 0.809017, 0.0, 0.5, 0.809017, -0.309017, 0.0, 0.0, 0.0, 0.0, 1.0 ], [ -0.809017, -0.309017, 0.5, 0.0, -0.309017, -0.5, -0.809017, 0.0, 0.5, -0.809017, 0.309017, 0.0, 0.0, 0.0, 0.0, 1.0 ], [ -0.5, 0.809017, -0.309017, 0.0, -0.809017, -0.309017, 0.5, 0.0, 0.309017, 0.5, 0.809017, 0.0, 0.0, 0.0, 0.0, 1.0 ], [ -0.309017, -0.5, -0.809017, 0.0, -0.5, 0.809017, -0.309017, 0.0, 0.809017, 0.309017, -0.5, 0.0, 0.0, 0.0, 0.0, 1.0 ], [ -1.0, 0.0, 0.0, 0.0, 0.0, 1.0, 0.0, 0.0, 0.0, 0.0, -1.0, 0.0, 0.0, 0.0, 0.0, 1.0 ], [ 0.0, 0.0, -1.0, 0.0, 1.0, 0.0, 0.0, 0.0, 0.0, -1.0, 0.0, 0.0, 0.0, 0.0, 0.0, 1.0 ], [ 0.0, -1.0, 0.0, 0.0, 0.0, 0.0, 1.0, 0.0, -1.0, 0.0, 0.0, 0.0, 0.0, 0.0, 0.0, 1.0 ], [ -0.809017, -0.309017, -0.5, 0.0, 0.309017, 0.5, -0.809017, 0.0, 0.5, -0.809017, -0.309017, 0.0, 0.0, 0.0, 0.0, 1.0 ], [ 0.5, -0.809017, -0.309017, 0.0, 0.809017, 0.309017, 0.5, 0.0, -0.309017, -0.5, 0.809017, 0.0, 0.0, 0.0, 0.0, 1.0 ], [ -0.309017, -0.5, 0.809017, 0.0, -0.5, 0.809017, 0.309017, 0.0, -0.809017, -0.309017, -0.5, 0.0, 0.0, 0.0, 0.0, 1.0 ], [ -0.5, -0.809017, -0.309017, 0.0, 0.809017, -0.309017, -0.5, 0.0, 0.309017, -0.5, 0.809017, 0.0, 0.0, 0.0, 0.0, 1.0 ], [ 0.309017, -0.5, 0.809017, 0.0, 0.5, 0.809017, 0.309017, 0.0, -0.809017, 0.309017, 0.5, 0.0, 0.0, 0.0, 0.0, 1.0 ], [ -0.809017, 0.309017, 0.5, 0.0, -0.309017, 0.5, -0.809017, 0.0, -0.5, -0.809017, -0.309017, 0.0, 0.0, 0.0, 0.0, 1.0 ], [ -0.5, -0.809017, 0.309017, 0.0, 0.809017, -0.309017, 0.5, 0.0, -0.309017, 0.5, 0.809017, 0.0, 0.0, 0.0, 0.0, 1.0 ], [ -0.309017, 0.5, 0.809017, 0.0, 0.5, 0.809017, -0.309017, 0.0, -0.809017, 0.309017, -0.5, 0.0, 0.0, 0.0, 0.0, 1.0 ], [ -0.809017, 0.309017, -0.5, 0.0, 0.309017, -0.5, -0.809017, 0.0, -0.5, -0.809017, 0.309017, 0.0, 0.0, 0.0, 0.0, 1.0 ], [ -0.809017, -0.309017, 0.5, 0.0, 0.309017, 0.5, 0.809017, 0.0, -0.5, 0.809017, -0.309017, 0.0, 0.0, 0.0, 0.0, 1.0 ], [ -0.5, 0.809017, -0.309017, 0.0, 0.809017, 0.309017, -0.5, 0.0, -0.309017, -0.5, -0.809017, 0.0, 0.0, 0.0, 0.0, 1.0 ], [ -0.309017, -0.5, -0.809017, 0.0, 0.5, -0.809017, 0.309017, 0.0, -0.809017, -0.309017, 0.5, 0.0, 0.0, 0.0, 0.0, 1.0 ] ],
  "lights" : {
    "ambientColor" : "#292929",
    "backgroundColor" : "#AFC8DC",
    "directionalLights" : [ {
      "direction" : {
        "x" : 1.0,
        "y" : -1.0,
        "z" : -1.0
      },
      "color" : "#EBEBE4"
    }, {
      "direction" : {
        "x" : -1.0,
        "y" : 0.0,
        "z" : 0.0
      },
      "color" : "#E4E4EB"
    }, {
      "direction" : {
        "x" : 0.0,
        "y" : 0.0,
        "z" : -1.0
      },
      "color" : "#1E1E1E"
    } ]
  },
  "camera" : {
    "viewDistance" : 110.92779,
    "nearClipDistance" : 0.27731955,
    "farClipDistance" : 221.85544,
    "lookAtPoint" : {
      "x" : 4.959675,
      "y" : -9.91935,
      "z" : -0.4472136
    },
    "fieldOfView" : 0.4426289,
    "perspective" : false,
    "lookDirection" : {
      "x" : -0.8506508,
      "y" : 0.5257311,
      "z" : 0.0
    },
    "upDirection" : {
      "x" : -0.5,
      "y" : -0.809017,
      "z" : 0.309017
    },
    "stereo" : false,
    "width" : 49.917507,
    "position" : {
      "x" : 99.32048,
      "y" : -68.23753,
      "z" : -0.4472136
    }
  },
  "embedding" : [ 1.0, 0.0, 0.0, 0.0, 0.0, 1.0, 0.0, 0.0, 0.0, 0.0, 1.0, 0.0, 0.0, 0.0, 0.0, 1.0 ],
  "shapes" : [ {
    "id" : "155e5b7b-1d85-4eb5-a0db-d2cb9ef91ac5",
    "vertices" : [ {
      "x" : -0.309017,
      "y" : -0.19098301,
      "z" : 0.0
    }, {
      "x" : -0.309017,
      "y" : 0.19098301,
      "z" : 0.0
    }, {
      "x" : -0.19098301,
      "y" : 0.0,
      "z" : -0.309017
    }, {
      "x" : -0.19098301,
      "y" : 0.0,
      "z" : 0.309017
    }, {
      "x" : 0.0,
      "y" : -0.309017,
      "z" : -0.19098301
    }, {
      "x" : 0.0,
      "y" : -0.309017,
      "z" : 0.19098301
    }, {
      "x" : 0.0,
      "y" : 0.309017,
      "z" : -0.19098301
    }, {
      "x" : 0.0,
      "y" : 0.309017,
      "z" : 0.19098301
    }, {
      "x" : 0.19098301,
      "y" : 0.0,
      "z" : -0.309017
    }, {
      "x" : 0.19098301,
      "y" : 0.0,
      "z" : 0.309017
    }, {
      "x" : 0.309017,
      "y" : -0.19098301,
      "z" : 0.0
    }, {
      "x" : 0.309017,
      "y" : 0.19098301,
      "z" : 0.0
    } ],
    "faces" : [ {
      "vertices" : [ 0, 1, 2 ]
    }, {
      "vertices" : [ 0, 3, 1 ]
    }, {
      "vertices" : [ 0, 2, 4 ]
    }, {
      "vertices" : [ 0, 5, 3 ]
    }, {
      "vertices" : [ 0, 4, 5 ]
    }, {
      "vertices" : [ 1, 6, 2 ]
    }, {
      "vertices" : [ 1, 3, 7 ]
    }, {
      "vertices" : [ 1, 7, 6 ]
    }, {
      "vertices" : [ 2, 8, 4 ]
    }, {
      "vertices" : [ 2, 6, 8 ]
    }, {
      "vertices" : [ 3, 5, 9 ]
    }, {
      "vertices" : [ 3, 9, 7 ]
    }, {
      "vertices" : [ 4, 10, 5 ]
    }, {
      "vertices" : [ 4, 8, 10 ]
    }, {
      "vertices" : [ 5, 10, 9 ]
    }, {
      "vertices" : [ 6, 7, 11 ]
    }, {
      "vertices" : [ 6, 11, 8 ]
    }, {
      "vertices" : [ 7, 9, 11 ]
    }, {
      "vertices" : [ 8, 11, 10 ]
    }, {
      "vertices" : [ 9, 10, 11 ]
    } ]
  }, {
    "id" : "090c894a-06dd-497a-a19a-29fd143c37da",
    "vertices" : [ {
      "x" : 11.09017,
      "y" : 0.0,
      "z" : -4.236068
    }, {
      "x" : 10.781153,
      "y" : 0.0,
      "z" : -4.118034
    }, {
      "x" : 10.376644,
      "y" : -0.1545085,
      "z" : -3.677051
    }, {
      "x" : 10.185661,
      "y" : -0.1545085,
      "z" : -4.177051
    }, {
      "x" : 0.9045085,
      "y" : -0.1545085,
      "z" : -0.059016995
    }, {
      "x" : 0.809017,
      "y" : 0.309017,
      "z" : -0.309017
    }, {
      "x" : 0.309017,
      "y" : 0.0,
      "z" : -0.11803399
    }, {
      "x" : 10.281153,
      "y" : 0.309017,
      "z" : -3.927051
    }, {
      "x" : 0.7135255,
      "y" : -0.1545085,
      "z" : -0.559017
    } ],
    "faces" : [ {
      "vertices" : [ 2, 4, 8 ]
    }, {
      "vertices" : [ 2, 8, 3 ]
    }, {
      "vertices" : [ 2, 7, 5 ]
    }, {
      "vertices" : [ 2, 5, 4 ]
    }, {
      "vertices" : [ 4, 6, 8 ]
    }, {
      "vertices" : [ 5, 8, 6 ]
    }, {
      "vertices" : [ 1, 2, 3 ]
    }, {
      "vertices" : [ 3, 8, 5 ]
    }, {
      "vertices" : [ 3, 5, 7 ]
    }, {
      "vertices" : [ 1, 7, 2 ]
    }, {
      "vertices" : [ 1, 3, 7 ]
    }, {
      "vertices" : [ 4, 5, 6 ]
    } ]
  }, {
    "id" : "15be3f94-2a70-4d44-b99b-452ace45d4c2",
    "vertices" : [ {
      "x" : 1.0,
      "y" : 0.309017,
      "z" : 0.19098301
    }, {
      "x" : 1.0,
      "y" : -0.309017,
      "z" : 0.19098301
    }, {
      "x" : 12.708204,
      "y" : -0.309017,
      "z" : 0.19098301
    }, {
      "x" : 12.708204,
      "y" : 0.309017,
      "z" : 0.19098301
    }, {
      "x" : 12.708204,
      "y" : -0.309017,
      "z" : -0.19098301
    }, {
      "x" : 12.708204,
      "y" : 0.309017,
      "z" : -0.19098301
    }, {
      "x" : 13.326238,
      "y" : 0.0,
      "z" : 0.0
    }, {
      "x" : 0.38196602,
      "y" : 0.0,
      "z" : 0.0
    }, {
      "x" : 1.0,
      "y" : 0.309017,
      "z" : -0.19098301
    }, {
      "x" : 1.0,
      "y" : -0.309017,
      "z" : -0.19098301
    }, {
      "x" : 13.708204,
      "y" : 0.0,
      "z" : 0.0
    } ],
    "faces" : [ {
      "vertices" : [ 1, 9, 4 ]
    }, {
      "vertices" : [ 1, 4, 2 ]
    }, {
      "vertices" : [ 0, 3, 5 ]
    }, {
      "vertices" : [ 0, 5, 8 ]
    }, {
      "vertices" : [ 1, 7, 9 ]
    }, {
      "vertices" : [ 0, 1, 2 ]
    }, {
      "vertices" : [ 0, 2, 3 ]
    }, {
      "vertices" : [ 7, 8, 9 ]
    }, {
      "vertices" : [ 0, 7, 1 ]
    }, {
      "vertices" : [ 4, 9, 8 ]
    }, {
      "vertices" : [ 4, 8, 5 ]
    }, {
      "vertices" : [ 2, 6, 3 ]
    }, {
      "vertices" : [ 2, 4, 6 ]
    }, {
      "vertices" : [ 3, 6, 5 ]
    }, {
      "vertices" : [ 4, 5, 6 ]
    }, {
      "vertices" : [ 0, 8, 7 ]
    } ]
  }, {
    "id" : "8de704bd-0c6f-4469-8848-d6f927d90fb9",
    "vertices" : [ {
      "x" : 0.9045085,
      "y" : 0.3454915,
      "z" : 0.25
    }, {
      "x" : 10.376644,
      "y" : 6.1995935,
      "z" : 0.25
    }, {
      "x" : 10.185661,
      "y" : 6.5086102,
      "z" : 0.25
    }, {
      "x" : 0.7135255,
      "y" : 0.6545085,
      "z" : 0.25
    }, {
      "x" : 0.809017,
      "y" : 0.5,
      "z" : -0.309017
    }, {
      "x" : 0.9635255,
      "y" : 0.25,
      "z" : -0.095491506
    }, {
      "x" : 0.309017,
      "y" : 0.19098301,
      "z" : 0.0
    }, {
      "x" : 10.781153,
      "y" : 6.663119,
      "z" : 0.0
    }, {
      "x" : 10.126644,
      "y" : 6.604102,
      "z" : -0.095491506
    }, {
      "x" : 10.281153,
      "y" : 6.354102,
      "z" : -0.309017
    }, {
      "x" : 11.09017,
      "y" : 6.854102,
      "z" : 0.0
    }, {
      "x" : 0.6545085,
      "y" : 0.75,
      "z" : -0.095491506
    }, {
      "x" : 10.435661,
      "y" : 6.104102,
      "z" : -0.095491506
    } ],
    "faces" : [ {
      "vertices" : [ 4, 11, 8 ]
    }, {
      "vertices" : [ 4, 8, 9 ]
    }, {
      "vertices" : [ 0, 1, 2 ]
    }, {
      "vertices" : [ 0, 2, 3 ]
    }, {
      "vertices" : [ 0, 3, 6 ]
    }, {
      "vertices" : [ 1, 7, 2 ]
    }, {
      "vertices" : [ 0, 6, 5 ]
    }, {
      "vertices" : [ 4, 5, 6 ]
    }, {
      "vertices" : [ 2, 7, 8 ]
    }, {
      "vertices" : [ 0, 5, 12 ]
    }, {
      "vertices" : [ 0, 12, 1 ]
    }, {
      "vertices" : [ 1, 12, 7 ]
    }, {
      "vertices" : [ 3, 11, 6 ]
    }, {
      "vertices" : [ 4, 6, 11 ]
    }, {
      "vertices" : [ 7, 9, 8 ]
    }, {
      "vertices" : [ 2, 8, 11 ]
    }, {
      "vertices" : [ 2, 11, 3 ]
    }, {
      "vertices" : [ 7, 12, 9 ]
    }, {
      "vertices" : [ 4, 9, 12 ]
    }, {
      "vertices" : [ 4, 12, 5 ]
    } ]
  }, {
    "id" : "95b05aab-6517-4636-b1fa-6821322dd0cd",
    "vertices" : [ {
      "x" : 0.9045085,
      "y" : 0.3454915,
      "z" : 0.25
    }, {
      "x" : 6.1405764,
      "y" : 3.5815594,
      "z" : 0.25
    }, {
      "x" : 5.9495935,
      "y" : 3.8905764,
      "z" : 0.25
    }, {
      "x" : 0.7135255,
      "y" : 0.6545085,
      "z" : 0.25
    }, {
      "x" : 0.809017,
      "y" : 0.5,
      "z" : -0.309017
    }, {
      "x" : 0.9635255,
      "y" : 0.25,
      "z" : -0.095491506
    }, {
      "x" : 0.309017,
      "y" : 0.19098301,
      "z" : 0.0
    }, {
      "x" : 6.545085,
      "y" : 4.045085,
      "z" : 0.0
    }, {
      "x" : 5.8905764,
      "y" : 3.986068,
      "z" : -0.095491506
    }, {
      "x" : 6.045085,
      "y" : 3.736068,
      "z" : -0.309017
    }, {
      "x" : 6.854102,
      "y" : 4.236068,
      "z" : 0.0
    }, {
      "x" : 0.6545085,
      "y" : 0.75,
      "z" : -0.095491506
    }, {
      "x" : 6.1995935,
      "y" : 3.486068,
      "z" : -0.095491506
    } ],
    "faces" : [ {
      "vertices" : [ 4, 11, 8 ]
    }, {
      "vertices" : [ 4, 8, 9 ]
    }, {
      "vertices" : [ 0, 1, 2 ]
    }, {
      "vertices" : [ 0, 2, 3 ]
    }, {
      "vertices" : [ 0, 3, 6 ]
    }, {
      "vertices" : [ 1, 7, 2 ]
    }, {
      "vertices" : [ 0, 6, 5 ]
    }, {
      "vertices" : [ 4, 5, 6 ]
    }, {
      "vertices" : [ 2, 7, 8 ]
    }, {
      "vertices" : [ 0, 5, 12 ]
    }, {
      "vertices" : [ 0, 12, 1 ]
    }, {
      "vertices" : [ 1, 12, 7 ]
    }, {
      "vertices" : [ 3, 11, 6 ]
    }, {
      "vertices" : [ 4, 6, 11 ]
    }, {
      "vertices" : [ 7, 9, 8 ]
    }, {
      "vertices" : [ 2, 8, 11 ]
    }, {
      "vertices" : [ 2, 11, 3 ]
    }, {
      "vertices" : [ 7, 12, 9 ]
    }, {
      "vertices" : [ 4, 9, 12 ]
    }, {
      "vertices" : [ 4, 12, 5 ]
    } ]
  } ],
  "instances" : [ {
    "shape" : "155e5b7b-1d85-4eb5-a0db-d2cb9ef91ac5",
    "color" : "#FFFFFF",
    "position" : {
      "x" : 17.944271,
      "y" : -15.326238,
      "z" : 16.326239
    }
  }, {
    "shape" : "090c894a-06dd-497a-a19a-29fd143c37da",
    "color" : "#F0A000",
    "position" : {
      "x" : 13.708204,
      "y" : -4.236068,
      "z" : 16.326239
    },
    "orientation" : 38
  }, {
    "shape" : "090c894a-06dd-497a-a19a-29fd143c37da",
    "color" : "#F0A000",
    "position" : {
      "x" : 0.0,
      "y" : -9.472136,
      "z" : -19.562305
    },
    "orientation" : 21
  }, {
    "shape" : "15be3f94-2a70-4d44-b99b-452ace45d4c2",
    "color" : "#007695",
    "position" : {
      "x" : -6.854102,
      "y" : -13.708204,
      "z" : -11.09017
    },
    "orientation" : 7
  }, {
    "shape" : "8de704bd-0c6f-4469-8848-d6f927d90fb9",
    "color" : "#AF0000",
    "position" : {
      "x" : 15.326238,
      "y" : -13.708204,
      "z" : -19.562305
    },
    "orientation" : 31
  }, {
    "shape" : "155e5b7b-1d85-4eb5-a0db-d2cb9ef91ac5",
    "color" : "#FFFFFF",
    "position" : {
      "x" : 17.944271,
      "y" : -6.854102,
      "z" : -5.854102
    }
  }, {
    "shape" : "8de704bd-0c6f-4469-8848-d6f927d90fb9",
    "color" : "#AF0000",
    "position" : {
      "x" : 13.708204,
      "y" : -4.236068,
      "z" : 16.326239
    },
    "orientation" : 30
  }, {
    "shape" : "15be3f94-2a70-4d44-b99b-452ace45d4c2",
    "color" : "#007695",
    "position" : {
      "x" : 11.09017,
      "y" : -15.326238,
      "z" : 13.708204
    },
    "orientation" : 25
  }, {
    "shape" : "95b05aab-6517-4636-b1fa-6821322dd0cd",
    "color" : "#AF0000",
    "position" : {
      "x" : 22.18034,
      "y" : -15.326238,
      "z" : 9.472136
    },
    "orientation" : 32
  }, {
    "shape" : "15be3f94-2a70-4d44-b99b-452ace45d4c2",
    "color" : "#007695",
    "position" : {
      "x" : 11.09017,
      "y" : -24.798374,
      "z" : -5.854102
    },
    "orientation" : 56
  }, {
    "shape" : "090c894a-06dd-497a-a19a-29fd143c37da",
    "color" : "#F0A000",
    "position" : {
      "x" : 15.326238,
      "y" : -6.854102,
      "z" : -15.326238
    },
    "orientation" : 38
  }, {
    "shape" : "090c894a-06dd-497a-a19a-29fd143c37da",
    "color" : "#F0A000",
    "position" : {
      "x" : 17.944271,
      "y" : -6.854102,
      "z" : -5.854102
    },
    "orientation" : 21
  }, {
    "shape" : "15be3f94-2a70-4d44-b99b-452ace45d4c2",
    "color" : "#007695",
    "position" : {
      "x" : -11.09017,
      "y" : -24.798374,
      "z" : 2.618034
    },
    "orientation" : 8
  }, {
    "shape" : "155e5b7b-1d85-4eb5-a0db-d2cb9ef91ac5",
    "color" : "#FFFFFF",
    "position" : {
      "x" : 17.944271,
      "y" : 6.854102,
      "z" : 2.618034
    }
  }, {
    "shape" : "090c894a-06dd-497a-a19a-29fd143c37da",
    "color" : "#F0A000",
    "position" : {
      "x" : 0.0,
      "y" : -9.472136,
      "z" : -19.562305
    },
    "orientation" : 38
  }, {
    "shape" : "090c894a-06dd-497a-a19a-29fd143c37da",
    "color" : "#F0A000",
    "position" : {
      "x" : 22.18034,
      "y" : -22.18034,
      "z" : 5.236068
    },
    "orientation" : 17
  }, {
    "shape" : "090c894a-06dd-497a-a19a-29fd143c37da",
    "color" : "#F0A000",
    "position" : {
      "x" : 6.854102,
      "y" : -22.18034,
      "z" : 16.326239
    },
    "orientation" : 19
  }, {
    "shape" : "8de704bd-0c6f-4469-8848-d6f927d90fb9",
    "color" : "#AF0000",
    "position" : {
      "x" : 15.326238,
      "y" : -11.09017,
      "z" : -4.236068
    },
    "orientation" : 31
  }, {
    "shape" : "95b05aab-6517-4636-b1fa-6821322dd0cd",
    "color" : "#AF0000",
    "position" : {
      "x" : -11.09017,
      "y" : -20.562305,
      "z" : -8.472136
    },
    "orientation" : 17
  }, {
    "shape" : "155e5b7b-1d85-4eb5-a0db-d2cb9ef91ac5",
    "color" : "#FFFFFF",
    "position" : {
      "x" : 2.618034,
      "y" : -4.236068,
      "z" : 20.562305
    }
  }, {
    "shape" : "8de704bd-0c6f-4469-8848-d6f927d90fb9",
    "color" : "#AF0000",
    "position" : {
      "x" : 13.708204,
      "y" : 0.0,
      "z" : 5.236068
    },
    "orientation" : 30
  }, {
    "shape" : "090c894a-06dd-497a-a19a-29fd143c37da",
    "color" : "#F0A000",
    "position" : {
      "x" : 6.854102,
      "y" : -13.708204,
      "z" : -5.854102
    },
    "orientation" : 19
  }, {
    "shape" : "8de704bd-0c6f-4469-8848-d6f927d90fb9",
    "color" : "#AF0000",
    "position" : {
      "x" : -11.09017,
      "y" : -6.854102,
      "z" : 0.0
    },
    "orientation" : 0
  }, {
    "shape" : "155e5b7b-1d85-4eb5-a0db-d2cb9ef91ac5",
    "color" : "#FFFFFF",
    "position" : {
      "x" : 6.854102,
      "y" : -22.18034,
      "z" : 16.326239
    }
  }, {
    "shape" : "155e5b7b-1d85-4eb5-a0db-d2cb9ef91ac5",
    "color" : "#FFFFFF",
    "position" : {
      "x" : -11.09017,
      "y" : -9.472136,
      "z" : -15.326238
    }
  }, {
    "shape" : "95b05aab-6517-4636-b1fa-6821322dd0cd",
    "color" : "#AF0000",
    "position" : {
      "x" : 6.854102,
      "y" : -15.326238,
      "z" : 20.562305
    },
    "orientation" : 16
  }, {
    "shape" : "090c894a-06dd-497a-a19a-29fd143c37da",
    "color" : "#F0A000",
    "position" : {
      "x" : 17.944271,
      "y" : -15.326238,
      "z" : 16.326239
    },
    "orientation" : 1
  }, {
    "shape" : "15be3f94-2a70-4d44-b99b-452ace45d4c2",
    "color" : "#007695",
    "position" : {
      "x" : 15.326238,
      "y" : -24.798374,
      "z" : -12.708204
    },
    "orientation" : 56
  }, {
    "shape" : "090c894a-06dd-497a-a19a-29fd143c37da",
    "color" : "#F0A000",
    "position" : {
      "x" : -11.09017,
      "y" : -2.618034,
      "z" : -11.09017
    },
    "orientation" : 2
  }, {
    "shape" : "95b05aab-6517-4636-b1fa-6821322dd0cd",
    "color" : "#AF0000",
    "position" : {
      "x" : 17.944271,
      "y" : 6.854102,
      "z" : 2.618034
    },
    "orientation" : 32
  }, {
    "shape" : "95b05aab-6517-4636-b1fa-6821322dd0cd",
    "color" : "#AF0000",
    "position" : {
      "x" : 11.09017,
      "y" : -24.798374,
      "z" : -5.854102
    },
    "orientation" : 17
  }, {
    "shape" : "090c894a-06dd-497a-a19a-29fd143c37da",
    "color" : "#F0A000",
    "position" : {
      "x" : -15.326238,
      "y" : -6.854102,
      "z" : 6.854102
    },
    "orientation" : 17
  }, {
    "shape" : "090c894a-06dd-497a-a19a-29fd143c37da",
    "color" : "#F0A000",
    "position" : {
      "x" : 15.326238,
      "y" : -29.034441,
      "z" : -1.618034
    },
    "orientation" : 38
  }, {
    "shape" : "090c894a-06dd-497a-a19a-29fd143c37da",
    "color" : "#F0A000",
    "position" : {
      "x" : -11.09017,
      "y" : -9.472136,
      "z" : -15.326238
    },
    "orientation" : 21
  }, {
    "shape" : "95b05aab-6517-4636-b1fa-6821322dd0cd",
    "color" : "#AF0000",
    "position" : {
      "x" : 22.18034,
      "y" : -6.854102,
      "z" : -12.708204
    },
    "orientation" : 32
  }, {
    "shape" : "8de704bd-0c6f-4469-8848-d6f927d90fb9",
    "color" : "#AF0000",
    "position" : {
      "x" : 22.18034,
      "y" : -6.854102,
      "z" : -12.708204
    },
    "orientation" : 31
  }, {
    "shape" : "8de704bd-0c6f-4469-8848-d6f927d90fb9",
    "color" : "#AF0000",
    "position" : {
      "x" : 15.326238,
      "y" : -13.708204,
      "z" : -19.562305
    },
    "orientation" : 30
  }, {
    "shape" : "155e5b7b-1d85-4eb5-a0db-d2cb9ef91ac5",
    "color" : "#FFFFFF",
    "position" : {
      "x" : 2.618034,
      "y" : 6.854102,
      "z" : 13.708204
    }
  }, {
    "shape" : "155e5b7b-1d85-4eb5-a0db-d2cb9ef91ac5",
    "color" : "#FFFFFF",
    "position" : {
      "x" : -6.854102,
      "y" : -24.798374,
      "z" : -4.236068
    }
  }, {
    "shape" : "155e5b7b-1d85-4eb5-a0db-d2cb9ef91ac5",
    "color" : "#FFFFFF",
    "position" : {
      "x" : -11.09017,
      "y" : -2.618034,
      "z" : -11.09017
    }
  }, {
    "shape" : "090c894a-06dd-497a-a19a-29fd143c37da",
    "color" : "#F0A000",
    "position" : {
      "x" : 22.18034,
      "y" : -17.944271,
      "z" : -5.854102
    },
    "orientation" : 19
  }, {
    "shape" : "155e5b7b-1d85-4eb5-a0db-d2cb9ef91ac5",
    "color" : "#FFFFFF",
    "position" : {
      "x" : 22.18034,
      "y" : -17.944271,
      "z" : -5.854102
    }
  }, {
    "shape" : "090c894a-06dd-497a-a19a-29fd143c37da",
    "color" : "#F0A000",
    "position" : {
      "x" : 22.18034,
      "y" : 0.0,
      "z" : -8.472136
    },
    "orientation" : 2
  }, {
    "shape" : "090c894a-06dd-497a-a19a-29fd143c37da",
    "color" : "#F0A000",
    "position" : {
      "x" : 0.0,
      "y" : 0.0,
      "z" : 0.0
    },
    "orientation" : 17
  }, {
    "shape" : "8de704bd-0c6f-4469-8848-d6f927d90fb9",
    "color" : "#AF0000",
    "position" : {
      "x" : 4.236068,
      "y" : -6.854102,
      "z" : -11.09017
    },
    "orientation" : 30
  }, {
    "shape" : "155e5b7b-1d85-4eb5-a0db-d2cb9ef91ac5",
    "color" : "#FFFFFF",
    "position" : {
      "x" : 2.618034,
      "y" : -6.854102,
      "z" : 5.236068
    }
  }, {
    "shape" : "090c894a-06dd-497a-a19a-29fd143c37da",
    "color" : "#F0A000",
    "position" : {
      "x" : -15.326238,
      "y" : -6.854102,
      "z" : 6.854102
    },
    "orientation" : 21
  }, {
    "shape" : "090c894a-06dd-497a-a19a-29fd143c37da",
    "color" : "#F0A000",
    "position" : {
      "x" : 15.326238,
      "y" : -29.034441,
      "z" : -1.618034
    },
    "orientation" : 9
  }, {
    "shape" : "8de704bd-0c6f-4469-8848-d6f927d90fb9",
    "color" : "#AF0000",
    "position" : {
      "x" : 2.618034,
      "y" : 4.236068,
      "z" : -1.618034
    },
    "orientation" : 31
  }, {
    "shape" : "090c894a-06dd-497a-a19a-29fd143c37da",
    "color" : "#F0A000",
    "position" : {
      "x" : 13.708204,
      "y" : 0.0,
      "z" : 5.236068
    },
    "orientation" : 2
  }, {
    "shape" : "95b05aab-6517-4636-b1fa-6821322dd0cd",
    "color" : "#AF0000",
    "position" : {
      "x" : -11.09017,
      "y" : -24.798374,
      "z" : 2.618034
    },
    "orientation" : 17
  }, {
    "shape" : "090c894a-06dd-497a-a19a-29fd143c37da",
    "color" : "#F0A000",
    "position" : {
      "x" : -11.09017,
      "y" : -2.618034,
      "z" : -11.09017
    },
    "orientation" : 21
  }, {
    "shape" : "155e5b7b-1d85-4eb5-a0db-d2cb9ef91ac5",
    "color" : "#FFFFFF",
    "position" : {
      "x" : -15.326238,
      "y" : -2.618034,
      "z" : -4.236068
    }
  }, {
    "shape" : "155e5b7b-1d85-4eb5-a0db-d2cb9ef91ac5",
    "color" : "#FFFFFF",
    "position" : {
      "x" : 0.0,
      "y" : -9.472136,
      "z" : -19.562305
    }
  }, {
    "shape" : "95b05aab-6517-4636-b1fa-6821322dd0cd",
    "color" : "#AF0000",
    "position" : {
      "x" : -15.326238,
      "y" : -13.708204,
      "z" : 2.618034
    },
    "orientation" : 1
  }, {
    "shape" : "95b05aab-6517-4636-b1fa-6821322dd0cd",
    "color" : "#AF0000",
    "position" : {
      "x" : -11.09017,
      "y" : -2.618034,
      "z" : -11.09017
    },
    "orientation" : 32
  }, {
    "shape" : "155e5b7b-1d85-4eb5-a0db-d2cb9ef91ac5",
    "color" : "#FFFFFF",
    "position" : {
      "x" : 11.09017,
      "y" : -4.236068,
      "z" : 6.854102
    }
  }, {
    "shape" : "15be3f94-2a70-4d44-b99b-452ace45d4c2",
    "color" : "#007695",
    "position" : {
      "x" : 22.18034,
      "y" : 0.0,
      "z" : -8.472136
    },
    "orientation" : 56
  }, {
    "shape" : "155e5b7b-1d85-4eb5-a0db-d2cb9ef91ac5",
    "color" : "#FFFFFF",
    "position" : {
      "x" : -6.854102,
      "y" : -20.562305,
      "z" : -15.326238
    }
  }, {
    "shape" : "15be3f94-2a70-4d44-b99b-452ace45d4c2",
    "color" : "#007695",
    "position" : {
      "x" : 17.944271,
      "y" : 6.854102,
      "z" : 2.618034
    },
    "orientation" : 56
  }, {
    "shape" : "15be3f94-2a70-4d44-b99b-452ace45d4c2",
    "color" : "#007695",
    "position" : {
      "x" : 2.618034,
      "y" : 11.09017,
      "z" : 2.618034
    },
    "orientation" : 8
  }, {
    "shape" : "155e5b7b-1d85-4eb5-a0db-d2cb9ef91ac5",
    "color" : "#FFFFFF",
    "position" : {
      "x" : 2.618034,
      "y" : 4.236068,
      "z" : -1.618034
    }
  }, {
    "shape" : "090c894a-06dd-497a-a19a-29fd143c37da",
    "color" : "#F0A000",
    "position" : {
      "x" : 22.18034,
      "y" : -4.236068,
      "z" : 2.618034
    },
    "orientation" : 1
  }, {
    "shape" : "090c894a-06dd-497a-a19a-29fd143c37da",
    "color" : "#F0A000",
    "position" : {
      "x" : 2.618034,
      "y" : -11.09017,
      "z" : 16.326239
    },
    "orientation" : 17
  }, {
    "shape" : "8de704bd-0c6f-4469-8848-d6f927d90fb9",
    "color" : "#AF0000",
    "position" : {
      "x" : 11.09017,
      "y" : -29.034441,
      "z" : 5.236068
    },
    "orientation" : 0
  }, {
    "shape" : "95b05aab-6517-4636-b1fa-6821322dd0cd",
    "color" : "#AF0000",
    "position" : {
      "x" : 22.18034,
      "y" : -15.326238,
      "z" : 9.472136
    },
    "orientation" : 16
  }, {
    "shape" : "155e5b7b-1d85-4eb5-a0db-d2cb9ef91ac5",
    "color" : "#FFFFFF",
    "position" : {
      "x" : -11.09017,
      "y" : -6.854102,
      "z" : 0.0
    }
  }, {
    "shape" : "090c894a-06dd-497a-a19a-29fd143c37da",
    "color" : "#F0A000",
    "position" : {
      "x" : 15.326238,
      "y" : -6.854102,
      "z" : -15.326238
    },
    "orientation" : 9
  }, {
    "shape" : "090c894a-06dd-497a-a19a-29fd143c37da",
    "color" : "#F0A000",
    "position" : {
      "x" : 6.854102,
      "y" : 6.854102,
      "z" : 6.854102
    },
    "orientation" : 17
  }, {
    "shape" : "155e5b7b-1d85-4eb5-a0db-d2cb9ef91ac5",
    "color" : "#FFFFFF",
    "position" : {
      "x" : 11.09017,
      "y" : -24.798374,
      "z" : -5.854102
    }
  }, {
    "shape" : "8de704bd-0c6f-4469-8848-d6f927d90fb9",
    "color" : "#AF0000",
    "position" : {
      "x" : 6.854102,
      "y" : -22.18034,
      "z" : 16.326239
    },
    "orientation" : 0
  }, {
    "shape" : "155e5b7b-1d85-4eb5-a0db-d2cb9ef91ac5",
    "color" : "#FFFFFF",
    "position" : {
      "x" : -6.854102,
      "y" : -13.708204,
      "z" : -11.09017
    }
  }, {
    "shape" : "090c894a-06dd-497a-a19a-29fd143c37da",
    "color" : "#F0A000",
    "position" : {
      "x" : 17.944271,
      "y" : -15.326238,
      "z" : 16.326239
    },
    "orientation" : 38
  }, {
    "shape" : "15be3f94-2a70-4d44-b99b-452ace45d4c2",
    "color" : "#007695",
    "position" : {
      "x" : -11.09017,
      "y" : -17.944271,
      "z" : 6.854102
    },
    "orientation" : 25
  }, {
    "shape" : "15be3f94-2a70-4d44-b99b-452ace45d4c2",
    "color" : "#007695",
    "position" : {
      "x" : 0.0,
      "y" : 0.0,
      "z" : 0.0
    },
    "orientation" : 8
  }, {
    "shape" : "155e5b7b-1d85-4eb5-a0db-d2cb9ef91ac5",
    "color" : "#FFFFFF",
    "position" : {
      "x" : 15.326238,
      "y" : -6.854102,
      "z" : -15.326238
    }
  }, {
    "shape" : "15be3f94-2a70-4d44-b99b-452ace45d4c2",
    "color" : "#007695",
    "position" : {
      "x" : 22.18034,
      "y" : -22.18034,
      "z" : 5.236068
    },
    "orientation" : 7
  }, {
    "shape" : "090c894a-06dd-497a-a19a-29fd143c37da",
    "color" : "#F0A000",
    "position" : {
      "x" : 6.854102,
      "y" : 6.854102,
      "z" : 6.854102
    },
    "orientation" : 0
  }, {
    "shape" : "155e5b7b-1d85-4eb5-a0db-d2cb9ef91ac5",
    "color" : "#FFFFFF",
    "position" : {
      "x" : 0.0,
      "y" : -29.034441,
      "z" : 9.472136
    }
  }, {
    "shape" : "155e5b7b-1d85-4eb5-a0db-d2cb9ef91ac5",
    "color" : "#FFFFFF",
    "position" : {
      "x" : 13.708204,
      "y" : 6.854102,
      "z" : 9.472136
    }
  }, {
    "shape" : "155e5b7b-1d85-4eb5-a0db-d2cb9ef91ac5",
    "color" : "#FFFFFF",
    "position" : {
      "x" : 4.236068,
      "y" : -6.854102,
      "z" : -11.09017
    }
  }, {
    "shape" : "15be3f94-2a70-4d44-b99b-452ace45d4c2",
    "color" : "#007695",
    "position" : {
      "x" : 6.854102,
      "y" : -2.618034,
      "z" : -12.708204
    },
    "orientation" : 8
  }, {
    "shape" : "155e5b7b-1d85-4eb5-a0db-d2cb9ef91ac5",
    "color" : "#FFFFFF",
    "position" : {
      "x" : 15.326238,
      "y" : -11.09017,
      "z" : -4.236068
    }
  }, {
    "shape" : "95b05aab-6517-4636-b1fa-6821322dd0cd",
    "color" : "#AF0000",
    "position" : {
      "x" : 6.854102,
      "y" : -15.326238,
      "z" : 20.562305
    },
    "orientation" : 17
  }, {
    "shape" : "090c894a-06dd-497a-a19a-29fd143c37da",
    "color" : "#F0A000",
    "position" : {
      "x" : -8.472136,
      "y" : -6.854102,
      "z" : 9.472136
    },
    "orientation" : 19
  }, {
    "shape" : "95b05aab-6517-4636-b1fa-6821322dd0cd",
    "color" : "#AF0000",
    "position" : {
      "x" : 11.09017,
      "y" : 4.236068,
      "z" : -15.326238
    },
    "orientation" : 16
  }, {
    "shape" : "090c894a-06dd-497a-a19a-29fd143c37da",
    "color" : "#F0A000",
    "position" : {
      "x" : 22.18034,
      "y" : -4.236068,
      "z" : 2.618034
    },
    "orientation" : 19
  }, {
    "shape" : "8de704bd-0c6f-4469-8848-d6f927d90fb9",
    "color" : "#AF0000",
    "position" : {
      "x" : 2.618034,
      "y" : 6.854102,
      "z" : 13.708204
    },
    "orientation" : 30
  }, {
    "shape" : "090c894a-06dd-497a-a19a-29fd143c37da",
    "color" : "#F0A000",
    "position" : {
      "x" : 15.326238,
      "y" : -11.09017,
      "z" : -4.236068
    },
    "orientation" : 17
  }, {
    "shape" : "090c894a-06dd-497a-a19a-29fd143c37da",
    "color" : "#F0A000",
    "position" : {
      "x" : 2.618034,
      "y" : -11.09017,
      "z" : 16.326239
    },
    "orientation" : 21
  }, {
    "shape" : "155e5b7b-1d85-4eb5-a0db-d2cb9ef91ac5",
    "color" : "#FFFFFF",
    "position" : {
      "x" : 11.09017,
      "y" : 4.236068,
      "z" : -15.326238
    }
  }, {
    "shape" : "155e5b7b-1d85-4eb5-a0db-d2cb9ef91ac5",
    "color" : "#FFFFFF",
    "position" : {
      "x" : 22.18034,
      "y" : -4.236068,
      "z" : 2.618034
    }
  }, {
    "shape" : "15be3f94-2a70-4d44-b99b-452ace45d4c2",
    "color" : "#007695",
    "position" : {
      "x" : 2.618034,
      "y" : -4.236068,
      "z" : 20.562305
    },
    "orientation" : 56
  }, {
    "shape" : "8de704bd-0c6f-4469-8848-d6f927d90fb9",
    "color" : "#AF0000",
    "position" : {
      "x" : 17.944271,
      "y" : -6.854102,
      "z" : -5.854102
    },
    "orientation" : 30
  }, {
    "shape" : "155e5b7b-1d85-4eb5-a0db-d2cb9ef91ac5",
    "color" : "#FFFFFF",
    "position" : {
      "x" : 15.326238,
      "y" : -22.18034,
      "z" : 2.618034
    }
  }, {
    "shape" : "95b05aab-6517-4636-b1fa-6821322dd0cd",
    "color" : "#AF0000",
    "position" : {
      "x" : 6.854102,
      "y" : 11.09017,
      "z" : -4.236068
    },
    "orientation" : 32
  }, {
    "shape" : "15be3f94-2a70-4d44-b99b-452ace45d4c2",
    "color" : "#007695",
    "position" : {
      "x" : -11.09017,
      "y" : -17.944271,
      "z" : 6.854102
    },
    "orientation" : 8
  }, {
    "shape" : "090c894a-06dd-497a-a19a-29fd143c37da",
    "color" : "#F0A000",
    "position" : {
      "x" : 2.618034,
      "y" : 6.854102,
      "z" : 13.708204
    },
    "orientation" : 0
  }, {
    "shape" : "155e5b7b-1d85-4eb5-a0db-d2cb9ef91ac5",
    "color" : "#FFFFFF",
    "position" : {
      "x" : 13.708204,
      "y" : 0.0,
      "z" : 5.236068
    }
  }, {
    "shape" : "95b05aab-6517-4636-b1fa-6821322dd0cd",
    "color" : "#AF0000",
    "position" : {
      "x" : -15.326238,
      "y" : -6.854102,
      "z" : 6.854102
    },
    "orientation" : 17
  }, {
    "shape" : "15be3f94-2a70-4d44-b99b-452ace45d4c2",
    "color" : "#007695",
    "position" : {
      "x" : 4.236068,
      "y" : -6.854102,
      "z" : -11.09017
    },
    "orientation" : 8
  }, {
    "shape" : "95b05aab-6517-4636-b1fa-6821322dd0cd",
    "color" : "#AF0000",
    "position" : {
      "x" : 15.326238,
      "y" : -29.034441,
      "z" : -1.618034
    },
    "orientation" : 32
  }, {
    "shape" : "15be3f94-2a70-4d44-b99b-452ace45d4c2",
    "color" : "#007695",
    "position" : {
      "x" : 2.618034,
      "y" : 4.236068,
      "z" : -1.618034
    },
    "orientation" : 8
  }, {
    "shape" : "090c894a-06dd-497a-a19a-29fd143c37da",
    "color" : "#F0A000",
    "position" : {
      "x" : 0.0,
      "y" : 0.0,
      "z" : 0.0
    },
    "orientation" : 9
  }, {
    "shape" : "090c894a-06dd-497a-a19a-29fd143c37da",
    "color" : "#F0A000",
    "position" : {
      "x" : -8.472136,
      "y" : 4.236068,
      "z" : 2.618034
    },
    "orientation" : 2
  }, {
    "shape" : "155e5b7b-1d85-4eb5-a0db-d2cb9ef91ac5",
    "color" : "#FFFFFF",
    "position" : {
      "x" : 15.326238,
      "y" : -24.798374,
      "z" : -12.708204
    }
  }, {
    "shape" : "090c894a-06dd-497a-a19a-29fd143c37da",
    "color" : "#F0A000",
    "position" : {
      "x" : 0.0,
      "y" : -20.562305,
      "z" : -12.708204
    },
    "orientation" : 38
  }, {
    "shape" : "155e5b7b-1d85-4eb5-a0db-d2cb9ef91ac5",
    "color" : "#FFFFFF",
    "position" : {
      "x" : 0.0,
      "y" : 0.0,
      "z" : 0.0
    }
  }, {
    "shape" : "090c894a-06dd-497a-a19a-29fd143c37da",
    "color" : "#F0A000",
    "position" : {
      "x" : -15.326238,
      "y" : -2.618034,
      "z" : -4.236068
    },
    "orientation" : 9
  }, {
    "shape" : "155e5b7b-1d85-4eb5-a0db-d2cb9ef91ac5",
    "color" : "#FFFFFF",
    "position" : {
      "x" : 6.854102,
      "y" : -2.618034,
      "z" : -12.708204
    }
  }, {
    "shape" : "15be3f94-2a70-4d44-b99b-452ace45d4c2",
    "color" : "#007695",
    "position" : {
      "x" : -11.09017,
      "y" : -20.562305,
      "z" : -8.472136
    },
    "orientation" : 7
  }, {
    "shape" : "155e5b7b-1d85-4eb5-a0db-d2cb9ef91ac5",
    "color" : "#FFFFFF",
    "position" : {
      "x" : 11.09017,
      "y" : -29.034441,
      "z" : 5.236068
    }
  }, {
    "shape" : "090c894a-06dd-497a-a19a-29fd143c37da",
    "color" : "#F0A000",
    "position" : {
      "x" : 2.618034,
      "y" : 6.854102,
      "z" : 13.708204
    },
    "orientation" : 17
  }, {
    "shape" : "8de704bd-0c6f-4469-8848-d6f927d90fb9",
    "color" : "#AF0000",
    "position" : {
      "x" : 2.618034,
      "y" : 11.09017,
      "z" : 2.618034
    },
    "orientation" : 30
  }, {
    "shape" : "95b05aab-6517-4636-b1fa-6821322dd0cd",
    "color" : "#AF0000",
    "position" : {
      "x" : -8.472136,
      "y" : 0.0,
      "z" : 13.708204
    },
    "orientation" : 16
  }, {
    "shape" : "8de704bd-0c6f-4469-8848-d6f927d90fb9",
    "color" : "#AF0000",
    "position" : {
      "x" : 22.18034,
      "y" : -4.236068,
      "z" : 2.618034
    },
    "orientation" : 31
  }, {
    "shape" : "95b05aab-6517-4636-b1fa-6821322dd0cd",
    "color" : "#AF0000",
    "position" : {
      "x" : 15.326238,
      "y" : -6.854102,
      "z" : -15.326238
    },
    "orientation" : 16
  }, {
    "shape" : "8de704bd-0c6f-4469-8848-d6f927d90fb9",
    "color" : "#AF0000",
    "position" : {
      "x" : 0.0,
      "y" : -9.472136,
      "z" : -19.562305
    },
    "orientation" : 31
  }, {
    "shape" : "15be3f94-2a70-4d44-b99b-452ace45d4c2",
    "color" : "#007695",
    "position" : {
      "x" : 2.618034,
      "y" : -6.854102,
      "z" : 5.236068
    },
    "orientation" : 25
  }, {
    "shape" : "95b05aab-6517-4636-b1fa-6821322dd0cd",
    "color" : "#AF0000",
    "position" : {
      "x" : 2.618034,
      "y" : 11.09017,
      "z" : 2.618034
    },
    "orientation" : 16
  }, {
    "shape" : "155e5b7b-1d85-4eb5-a0db-d2cb9ef91ac5",
    "color" : "#FFFFFF",
    "position" : {
      "x" : -11.09017,
      "y" : -24.798374,
      "z" : 2.618034
    }
  }, {
    "shape" : "090c894a-06dd-497a-a19a-29fd143c37da",
    "color" : "#F0A000",
    "position" : {
      "x" : 15.326238,
      "y" : -24.798374,
