{
  "field" : "golden",
  "symmetry" : "icosahedral",
  "orientations" : [ [ 1.0, 0.0, 0.0, 0.0, 0.0, 1.0, 0.0, 0.0, 0.0, 0.0, 1.0, 0.0, 0.0, 0.0, 0.0, 1.0 ], [ 0.0, 0.0, 1.0, 0.0, 1.0, 0.0, 0.0, 0.0, 0.0, 1.0, 0.0, 0.0, 0.0, 0.0, 0.0, 1.0 ], [ 0.0, 1.0, 0.0, 0.0, 0.0, 0.0, 1.0, 0.0, 1.0, 0.0, 0.0, 0.0, 0.0, 0.0, 0.0, 1.0 ], [ 0.809017, 0.309017, 0.5, 0.0, 0.309017, 0.5, -0.809017, 0.0, -0.5, 0.809017, 0.309017, 0.0, 0.0, 0.0, 0.0, 1.0 ], [ -0.5, 0.809017, 0.309017, 0.0, 0.809017, 0.309017, 0.5, 0.0, 0.309017, 0.5, -0.809017, 0.0, 0.0, 0.0, 0.0, 1.0 ], [ 0.309017, 0.5, -0.809017, 0.0, -0.5, 0.809017, 0.309017, 0.0, 0.809017, 0.309017, 0.5, 0.0, 0.0, 0.0, 0.0, 1.0 ], [ 0.5, 0.809017, 0.309017, 0.0, 0.809017, -0.309017, -0.5, 0.0, -0.309017, 0.5, -0.809017, 0.0, 0.0, 0.0, 0.0, 1.0 ], [ -0.309017, 0.5, -0.809017, 0.0, 0.5, 0.809017, 0.309017, 0.0, 0.809017, -0.309017, -0.5, 0.0, 0.0, 0.0, 0.0, 1.0 ], [ 0.809017, -0.309017, -0.5, 0.0, -0.309017, 0.5, -0.809017, 0.0, 0.5, 0.809017, 0.309017, 0.0, 0.0, 0.0, 0.0, 1.0 ], [ 0.5, 0.809017, -0.309017, 0.0, 0.809017, -0.309017, 0.5, 0.0, 0.309017, -0.5, -0.809017, 0.0, 0.0, 0.0, 0.0, 1.0 ], [ 0.309017, -0.5, -0.809017, 0.0, 0.5, 0.809017, -0.309017, 0.0, 0.809017, -0.309017, 0.5, 0.0, 0.0, 0.0, 0.0, 1.0 ], [ 0.809017, -0.309017, 0.5, 0.0, 0.309017, -0.5, -0.809017, 0.0, 0.5, 0.809017, -0.309017, 0.0, 0.0, 0.0, 0.0, 1.0 ], [ 0.809017, 0.309017, -0.5, 0.0, 0.309017, 0.5, 0.809017, 0.0, 0.5, -0.809017, 0.309017, 0.0, 0.0, 0.0, 0.0, 1.0 ], [ 0.5, -0.809017, 0.309017, 0.0, 0.809017, 0.309017, -0.5, 0.0, 0.309017, 0.5, 0.809017, 0.0, 0.0, 0.0, 0.0, 1.0 ], [ 0.309017, 0.5, 0.809017, 0.0, 0.5, -0.809017, 0.309017, 0.0, 0.809017, 0.309017, -0.5, 0.0, 0.0, 0.0, 0.0, 1.0 ], [ 1.0, 0.0, 0.0, 0.0, 0.0, -1.0, 0.0, 0.0, 0.0, 0.0, -1.0, 0.0, 0.0, 0.0, 0.0, 1.0 ], [ 0.0, 0.0, 1.0, 0.0, -1.0, 0.0, 0.0, 0.0, 0.0, -1.0, 0.0, 0.0, 0.0, 0.0, 0.0, 1.0 ], [ 0.0, 1.0, 0.0, 0.0, 0.0, 0.0, -1.0, 0.0, -1.0, 0.0, 0.0, 0.0, 0.0, 0.0, 0.0, 1.0 ], [ 0.809017, 0.309017, 0.5, 0.0, -0.309017, -0.5, 0.809017, 0.0, 0.5, -0.809017, -0.309017, 0.0, 0.0, 0.0, 0.0, 1.0 ], [ -0.5, 0.809017, 0.309017, 0.0, -0.809017, -0.309017, -0.5, 0.0, -0.309017, -0.5, 0.809017, 0.0, 0.0, 0.0, 0.0, 1.0 ], [ 0.309017, 0.5, -0.809017, 0.0, 0.5, -0.809017, -0.309017, 0.0, -0.809017, -0.309017, -0.5, 0.0, 0.0, 0.0, 0.0, 1.0 ], [ 0.5, 0.809017, 0.309017, 0.0, -0.809017, 0.309017, 0.5, 0.0, 0.309017, -0.5, 0.809017, 0.0, 0.0, 0.0, 0.0, 1.0 ], [ -0.309017, 0.5, -0.809017, 0.0, -0.5, -0.809017, -0.309017, 0.0, -0.809017, 0.309017, 0.5, 0.0, 0.0, 0.0, 0.0, 1.0 ], [ 0.809017, -0.309017, -0.5, 0.0, 0.309017, -0.5, 0.809017, 0.0, -0.5, -0.809017, -0.309017, 0.0, 0.0, 0.0, 0.0, 1.0 ], [ 0.5, 0.809017, -0.309017, 0.0, -0.809017, 0.309017, -0.5, 0.0, -0.309017, 0.5, 0.809017, 0.0, 0.0, 0.0, 0.0, 1.0 ], [ 0.309017, -0.5, -0.809017, 0.0, -0.5, -0.809017, 0.309017, 0.0, -0.809017, 0.309017, -0.5, 0.0, 0.0, 0.0, 0.0, 1.0 ], [ 0.809017, -0.309017, 0.5, 0.0, -0.309017, 0.5, 0.809017, 0.0, -0.5, -0.809017, 0.309017, 0.0, 0.0, 0.0, 0.0, 1.0 ], [ 0.809017, 0.309017, -0.5, 0.0, -0.309017, -0.5, -0.809017, 0.0, -0.5, 0.809017, -0.309017, 0.0, 0.0, 0.0, 0.0, 1.0 ], [ 0.5, -0.809017, 0.309017, 0.0, -0.809017, -0.309017, 0.5, 0.0, -0.309017, -0.5, -0.809017, 0.0, 0.0, 0.0, 0.0, 1.0 ], [ 0.309017, 0.5, 0.809017, 0.0, -0.5, 0.809017, -0.309017, 0.0, -0.809017, -0.309017, 0.5, 0.0, 0.0, 0.0, 0.0, 1.0 ], [ -1.0, 0.0, 0.0, 0.0, 0.0, -1.0, 0.0, 0.0, 0.0, 0.0, 1.0, 0.0, 0.0, 0.0, 0.0, 1.0 ], [ 0.0, 0.0, -1.0, 0.0, -1.0, 0.0, 0.0, 0.0, 0.0, 1.0, 0.0, 0.0, 0.0, 0.0, 0.0, 1.0 ], [ 0.0, -1.0, 0.0, 0.0, 0.0, 0.0, -1.0, 0.0, 1.0, 0.0, 0.0, 0.0, 0.0, 0.0, 0.0, 1.0 ], [ -0.809017, -0.309017, -0.5, 0.0, -0.309017, -0.5, 0.809017, 0.0, -0.5, 0.809017, 0.309017, 0.0, 0.0, 0.0, 0.0, 1.0 ], [ 0.5, -0.809017, -0.309017, 0.0, -0.809017, -0.309017, -0.5, 0.0, 0.309017, 0.5, -0.809017, 0.0, 0.0, 0.0, 0.0, 1.0 ], [ -0.309017, -0.5, 0.809017, 0.0, 0.5, -0.809017, -0.309017, 0.0, 0.809017, 0.309017, 0.5, 0.0, 0.0, 0.0, 0.0, 1.0 ], [ -0.5, -0.809017, -0.309017, 0.0, -0.809017, 0.309017, 0.5, 0.0, -0.309017, 0.5, -0.809017, 0.0, 0.0, 0.0, 0.0, 1.0 ], [ 0.309017, -0.5, 0.809017, 0.0, -0.5, -0.809017, -0.309017, 0.0, 0.809017, -0.309017, -0.5, 0.0, 0.0, 0.0, 0.0, 1.0 ], [ -0.809017, 0.309017, 0.5, 0.0, 0.309017, -0.5, 0.809017, 0.0, 0.5, 0.809017, 0.309017, 0.0, 0.0, 0.0, 0.0, 1.0 ], [ -0.5, -0.809017, 0.309017, 0.0, -0.809017, 0.309017, -0.5, 0.0, 0.309017, -0.5, -0.809017, 0.0, 0.0, 0.0, 0.0, 1.0 ], [ -0.309017, 0.5, 0.809017, 0.0, -0.5, -0.809017, 0.309017, 0.0, 0.809017, -0.309017, 0.5, 0.0, 0.0, 0.0, 0.0, 1.0 ], [ -0.809017, 0.309017, -0.5, 0.0, -0.309017, 0.5, 0.809017, 0.0, 0.5, 0.809017, -0.309017, 0.0, 0.0, 0.0, 0.0, 1.0 ], [ -0.809017, -0.309017, 0.5, 0.0, -0.309017, -0.5, -0.809017, 0.0, 0.5, -0.809017, 0.309017, 0.0, 0.0, 0.0, 0.0, 1.0 ], [ -0.5, 0.809017, -0.309017, 0.0, -0.809017, -0.309017, 0.5, 0.0, 0.309017, 0.5, 0.809017, 0.0, 0.0, 0.0, 0.0, 1.0 ], [ -0.309017, -0.5, -0.809017, 0.0, -0.5, 0.809017, -0.309017, 0.0, 0.809017, 0.309017, -0.5, 0.0, 0.0, 0.0, 0.0, 1.0 ], [ -1.0, 0.0, 0.0, 0.0, 0.0, 1.0, 0.0, 0.0, 0.0, 0.0, -1.0, 0.0, 0.0, 0.0, 0.0, 1.0 ], [ 0.0, 0.0, -1.0, 0.0, 1.0, 0.0, 0.0, 0.0, 0.0, -1.0, 0.0, 0.0, 0.0, 0.0, 0.0, 1.0 ], [ 0.0, -1.0, 0.0, 0.0, 0.0, 0.0, 1.0, 0.0, -1.0, 0.0, 0.0, 0.0, 0.0, 0.0, 0.0, 1.0 ], [ -0.809017, -0.309017, -0.5, 0.0, 0.309017, 0.5, -0.809017, 0.0, 0.5, -0.809017, -0.309017, 0.0, 0.0, 0.0, 0.0, 1.0 ], [ 0.5, -0.809017, -0.309017, 0.0, 0.809017, 0.309017, 0.5, 0.0, -0.309017, -0.5, 0.809017, 0.0, 0.0, 0.0, 0.0, 1.0 ], [ -0.309017, -0.5, 0.809017, 0.0, -0.5, 0.809017, 0.309017, 0.0, -0.809017, -0.309017, -0.5, 0.0, 0.0, 0.0, 0.0, 1.0 ], [ -0.5, -0.809017, -0.309017, 0.0, 0.809017, -0.309017, -0.5, 0.0, 0.309017, -0.5, 0.809017, 0.0, 0.0, 0.0, 0.0, 1.0 ], [ 0.309017, -0.5, 0.809017, 0.0, 0.5, 0.809017, 0.309017, 0.0, -0.809017, 0.309017, 0.5, 0.0, 0.0, 0.0, 0.0, 1.0 ], [ -0.809017, 0.309017, 0.5, 0.0, -0.309017, 0.5, -0.809017, 0.0, -0.5, -0.809017, -0.309017, 0.0, 0.0, 0.0, 0.0, 1.0 ], [ -0.5, -0.809017, 0.309017, 0.0, 0.809017, -0.309017, 0.5, 0.0, -0.309017, 0.5, 0.809017, 0.0, 0.0, 0.0, 0.0, 1.0 ], [ -0.309017, 0.5, 0.809017, 0.0, 0.5, 0.809017, -0.309017, 0.0, -0.809017, 0.309017, -0.5, 0.0, 0.0, 0.0, 0.0, 1.0 ], [ -0.809017, 0.309017, -0.5, 0.0, 0.309017, -0.5, -0.809017, 0.0, -0.5, -0.809017, 0.309017, 0.0, 0.0, 0.0, 0.0, 1.0 ], [ -0.809017, -0.309017, 0.5, 0.0, 0.309017, 0.5, 0.809017, 0.0, -0.5, 0.809017, -0.309017, 0.0, 0.0, 0.0, 0.0, 1.0 ], [ -0.5, 0.809017, -0.309017, 0.0, 0.809017, 0.309017, -0.5, 0.0, -0.309017, -0.5, -0.809017, 0.0, 0.0, 0.0, 0.0, 1.0 ], [ -0.309017, -0.5, -0.809017, 0.0, 0.5, -0.809017, 0.309017, 0.0, -0.809017, -0.309017, 0.5, 0.0, 0.0, 0.0, 0.0, 1.0 ] ],
  "lights" : {
    "ambientColor" : "#292929",
    "backgroundColor" : "#AFC8DC",
    "directionalLights" : [ {
      "direction" : {
        "x" : 1.0,
        "y" : -1.0,
        "z" : -1.0
      },
      "color" : "#EBEBE4"
    }, {
      "direction" : {
        "x" : -1.0,
        "y" : 0.0,
        "z" : 0.0
      },
      "color" : "#E4E4EB"
    }, {
      "direction" : {
        "x" : 0.0,
        "y" : 0.0,
        "z" : -1.0
      },
      "color" : "#1E1E1E"
    } ]
  },
  "camera" : {
    "viewDistance" : 237.19424,
    "nearClipDistance" : 0.5929854,
    "farClipDistance" : 474.38828,
    "lookAtPoint" : {
      "x" : 0.0,
      "y" : -15.326238,
      "z" : 0.0
    },
    "fieldOfView" : 0.44262868,
    "perspective" : false,
    "lookDirection" : {
      "x" : -0.5257311,
      "y" : 0.0,
      "z" : 0.8506508
    },
    "upDirection" : {
      "x" : -0.5,
      "y" : 0.809017,
      "z" : -0.309017
    },
    "stereo" : false,
    "width" : 106.73736,
    "position" : {
      "x" : 124.700386,
      "y" : -15.326238,
      "z" : -201.76947
    }
  },
  "embedding" : [ 1.0, 0.0, 0.0, 0.0, 0.0, 1.0, 0.0, 0.0, 0.0, 0.0, 1.0, 0.0, 0.0, 0.0, 0.0, 1.0 ],
  "shapes" : [ {
    "id" : "fd8633fa-594e-4ff2-88af-29197f5d09f7",
    "vertices" : [ {
      "x" : 1.0,
      "y" : 0.309017,
      "z" : 0.19098301
    }, {
      "x" : 1.0,
      "y" : -0.309017,
      "z" : 0.19098301
    }, {
      "x" : 12.708204,
      "y" : -0.309017,
      "z" : 0.19098301
    }, {
      "x" : 12.708204,
      "y" : 0.309017,
      "z" : 0.19098301
    }, {
      "x" : 12.708204,
      "y" : -0.309017,
      "z" : -0.19098301
    }, {
      "x" : 12.708204,
      "y" : 0.309017,
      "z" : -0.19098301
    }, {
      "x" : 13.326238,
      "y" : 0.0,
      "z" : 0.0
    }, {
      "x" : 0.38196602,
      "y" : 0.0,
      "z" : 0.0
    }, {
      "x" : 1.0,
      "y" : 0.309017,
      "z" : -0.19098301
    }, {
      "x" : 1.0,
      "y" : -0.309017,
      "z" : -0.19098301
    }, {
      "x" : 13.708204,
      "y" : 0.0,
      "z" : 0.0
    } ],
    "faces" : [ {
      "vertices" : [ 1, 9, 4 ]
    }, {
      "vertices" : [ 1, 4, 2 ]
    }, {
      "vertices" : [ 0, 3, 5 ]
    }, {
      "vertices" : [ 0, 5, 8 ]
    }, {
      "vertices" : [ 1, 7, 9 ]
    }, {
      "vertices" : [ 0, 1, 2 ]
    }, {
      "vertices" : [ 0, 2, 3 ]
    }, {
      "vertices" : [ 7, 8, 9 ]
    }, {
      "vertices" : [ 0, 7, 1 ]
    }, {
      "vertices" : [ 4, 9, 8 ]
    }, {
      "vertices" : [ 4, 8, 5 ]
    }, {
      "vertices" : [ 2, 6, 3 ]
    }, {
      "vertices" : [ 2, 4, 6 ]
    }, {
      "vertices" : [ 3, 6, 5 ]
    }, {
      "vertices" : [ 4, 5, 6 ]
    }, {
      "vertices" : [ 0, 8, 7 ]
    } ]
  }, {
    "id" : "91d2ff2d-ecf4-4d4f-babc-ff131fc845b0",
    "vertices" : [ {
      "x" : -0.309017,
      "y" : -0.19098301,
      "z" : 0.0
    }, {
      "x" : -0.309017,
      "y" : 0.19098301,
      "z" : 0.0
    }, {
      "x" : -0.19098301,
      "y" : 0.0,
      "z" : -0.309017
    }, {
      "x" : -0.19098301,
      "y" : 0.0,
      "z" : 0.309017
    }, {
      "x" : 0.0,
      "y" : -0.309017,
      "z" : -0.19098301
    }, {
      "x" : 0.0,
      "y" : -0.309017,
      "z" : 0.19098301
    }, {
      "x" : 0.0,
      "y" : 0.309017,
      "z" : -0.19098301
    }, {
      "x" : 0.0,
      "y" : 0.309017,
      "z" : 0.19098301
    }, {
      "x" : 0.19098301,
      "y" : 0.0,
      "z" : -0.309017
    }, {
      "x" : 0.19098301,
      "y" : 0.0,
      "z" : 0.309017
    }, {
      "x" : 0.309017,
      "y" : -0.19098301,
      "z" : 0.0
    }, {
      "x" : 0.309017,
      "y" : 0.19098301,
      "z" : 0.0
    } ],
    "faces" : [ {
      "vertices" : [ 0, 1, 2 ]
    }, {
      "vertices" : [ 0, 3, 1 ]
    }, {
      "vertices" : [ 0, 2, 4 ]
    }, {
      "vertices" : [ 0, 5, 3 ]
    }, {
      "vertices" : [ 0, 4, 5 ]
    }, {
      "vertices" : [ 1, 6, 2 ]
    }, {
      "vertices" : [ 1, 3, 7 ]
    }, {
      "vertices" : [ 1, 7, 6 ]
    }, {
      "vertices" : [ 2, 8, 4 ]
    }, {
      "vertices" : [ 2, 6, 8 ]
    }, {
      "vertices" : [ 3, 5, 9 ]
    }, {
      "vertices" : [ 3, 9, 7 ]
    }, {
      "vertices" : [ 4, 10, 5 ]
    }, {
      "vertices" : [ 4, 8, 10 ]
    }, {
      "vertices" : [ 5, 10, 9 ]
    }, {
      "vertices" : [ 6, 7, 11 ]
    }, {
      "vertices" : [ 6, 11, 8 ]
    }, {
      "vertices" : [ 7, 9, 11 ]
    }, {
      "vertices" : [ 8, 11, 10 ]
    }, {
      "vertices" : [ 9, 10, 11 ]
    } ]
  }, {
    "id" : "9f9d8416-7d1a-4468-91d0-7f9cea7db3e4",
    "vertices" : [ {
      "x" : 0.9045085,
      "y" : 0.3454915,
      "z" : 0.25
    }, {
      "x" : 6.1405764,
      "y" : 3.5815594,
      "z" : 0.25
    }, {
      "x" : 5.9495935,
      "y" : 3.8905764,
      "z" : 0.25
    }, {
      "x" : 0.7135255,
      "y" : 0.6545085,
      "z" : 0.25
    }, {
      "x" : 0.809017,
      "y" : 0.5,
      "z" : -0.309017
    }, {
      "x" : 0.9635255,
      "y" : 0.25,
      "z" : -0.095491506
    }, {
      "x" : 0.309017,
      "y" : 0.19098301,
      "z" : 0.0
    }, {
      "x" : 6.545085,
      "y" : 4.045085,
      "z" : 0.0
    }, {
      "x" : 5.8905764,
      "y" : 3.986068,
      "z" : -0.095491506
    }, {
      "x" : 6.045085,
      "y" : 3.736068,
      "z" : -0.309017
    }, {
      "x" : 6.854102,
      "y" : 4.236068,
      "z" : 0.0
    }, {
      "x" : 0.6545085,
      "y" : 0.75,
      "z" : -0.095491506
    }, {
      "x" : 6.1995935,
      "y" : 3.486068,
      "z" : -0.095491506
    } ],
    "faces" : [ {
      "vertices" : [ 4, 11, 8 ]
    }, {
      "vertices" : [ 4, 8, 9 ]
    }, {
      "vertices" : [ 0, 1, 2 ]
    }, {
      "vertices" : [ 0, 2, 3 ]
    }, {
      "vertices" : [ 0, 3, 6 ]
    }, {
      "vertices" : [ 1, 7, 2 ]
    }, {
      "vertices" : [ 0, 6, 5 ]
    }, {
      "vertices" : [ 4, 5, 6 ]
    }, {
      "vertices" : [ 2, 7, 8 ]
    }, {
      "vertices" : [ 0, 5, 12 ]
    }, {
      "vertices" : [ 0, 12, 1 ]
    }, {
      "vertices" : [ 1, 12, 7 ]
    }, {
      "vertices" : [ 3, 11, 6 ]
    }, {
      "vertices" : [ 4, 6, 11 ]
    }, {
      "vertices" : [ 7, 9, 8 ]
    }, {
      "vertices" : [ 2, 8, 11 ]
    }, {
      "vertices" : [ 2, 11, 3 ]
    }, {
      "vertices" : [ 7, 12, 9 ]
    }, {
      "vertices" : [ 4, 9, 12 ]
    }, {
      "vertices" : [ 4, 12, 5 ]
    } ]
  }, {
    "id" : "b2c1ae29-922e-4bde-b198-971da3c73da3",
    "vertices" : [ {
      "x" : 0.9045085,
      "y" : 0.3454915,
      "z" : 0.25
    }, {
      "x" : 10.376644,
      "y" : 6.1995935,
      "z" : 0.25
    }, {
      "x" : 10.185661,
      "y" : 6.5086102,
      "z" : 0.25
    }, {
      "x" : 0.7135255,
      "y" : 0.6545085,
      "z" : 0.25
    }, {
      "x" : 0.809017,
      "y" : 0.5,
      "z" : -0.309017
    }, {
      "x" : 0.9635255,
      "y" : 0.25,
      "z" : -0.095491506
    }, {
      "x" : 0.309017,
      "y" : 0.19098301,
      "z" : 0.0
    }, {
      "x" : 10.781153,
      "y" : 6.663119,
      "z" : 0.0
    }, {
      "x" : 10.126644,
      "y" : 6.604102,
      "z" : -0.095491506
    }, {
      "x" : 10.281153,
      "y" : 6.354102,
      "z" : -0.309017
    }, {
      "x" : 11.09017,
      "y" : 6.854102,
      "z" : 0.0
    }, {
      "x" : 0.6545085,
      "y" : 0.75,
      "z" : -0.095491506
    }, {
      "x" : 10.435661,
      "y" : 6.104102,
      "z" : -0.095491506
    } ],
    "faces" : [ {
      "vertices" : [ 4, 11, 8 ]
    }, {
      "vertices" : [ 4, 8, 9 ]
    }, {
      "vertices" : [ 0, 1, 2 ]
    }, {
      "vertices" : [ 0, 2, 3 ]
    }, {
      "vertices" : [ 0, 3, 6 ]
    }, {
      "vertices" : [ 1, 7, 2 ]
    }, {
      "vertices" : [ 0, 6, 5 ]
    }, {
      "vertices" : [ 4, 5, 6 ]
    }, {
      "vertices" : [ 2, 7, 8 ]
    }, {
      "vertices" : [ 0, 5, 12 ]
    }, {
      "vertices" : [ 0, 12, 1 ]
    }, {
      "vertices" : [ 1, 12, 7 ]
    }, {
      "vertices" : [ 3, 11, 6 ]
    }, {
      "vertices" : [ 4, 6, 11 ]
    }, {
      "vertices" : [ 7, 9, 8 ]
    }, {
      "vertices" : [ 2, 8, 11 ]
    }, {
      "vertices" : [ 2, 11, 3 ]
    }, {
      "vertices" : [ 7, 12, 9 ]
    }, {
      "vertices" : [ 4, 9, 12 ]
    }, {
      "vertices" : [ 4, 12, 5 ]
    } ]
  }, {
    "id" : "8dbd2f5b-32d1-4100-92c8-0e0f8e6ba227",
    "vertices" : [ {
      "x" : 11.09017,
      "y" : 0.0,
      "z" : -4.236068
    }, {
      "x" : 10.781153,
      "y" : 0.0,
      "z" : -4.118034
    }, {
      "x" : 10.376644,
      "y" : -0.1545085,
      "z" : -3.677051
    }, {
      "x" : 10.185661,
      "y" : -0.1545085,
      "z" : -4.177051
    }, {
      "x" : 0.9045085,
      "y" : -0.1545085,
      "z" : -0.059016995
    }, {
      "x" : 0.809017,
      "y" : 0.309017,
      "z" : -0.309017
    }, {
      "x" : 0.309017,
      "y" : 0.0,
      "z" : -0.11803399
    }, {
      "x" : 10.281153,
      "y" : 0.309017,
      "z" : -3.927051
    }, {
      "x" : 0.7135255,
      "y" : -0.1545085,
      "z" : -0.559017
    } ],
    "faces" : [ {
      "vertices" : [ 2, 4, 8 ]
    }, {
      "vertices" : [ 2, 8, 3 ]
    }, {
      "vertices" : [ 2, 7, 5 ]
    }, {
      "vertices" : [ 2, 5, 4 ]
    }, {
      "vertices" : [ 4, 6, 8 ]
    }, {
      "vertices" : [ 5, 8, 6 ]
    }, {
      "vertices" : [ 1, 2, 3 ]
    }, {
      "vertices" : [ 3, 8, 5 ]
    }, {
      "vertices" : [ 3, 5, 7 ]
    }, {
      "vertices" : [ 1, 7, 2 ]
    }, {
      "vertices" : [ 1, 3, 7 ]
    }, {
      "vertices" : [ 4, 5, 6 ]
    } ]
  } ],
  "instances" : [ {
    "shape" : "fd8633fa-594e-4ff2-88af-29197f5d09f7",
    "color" : "#007695",
    "position" : {
      "x" : -6.854102,
      "y" : 13.708204,
      "z" : -6.854102
    },
    "orientation" : 2
  }, {
    "shape" : "91d2ff2d-ecf4-4d4f-babc-ff131fc845b0",
    "color" : "#FFFFFF",
    "position" : {
      "x" : -20.562305,
      "y" : 0.0,
      "z" : 6.854102
    }
  }, {
    "shape" : "9f9d8416-7d1a-4468-91d0-7f9cea7db3e4",
    "color" : "#AF0000",
    "position" : {
      "x" : 6.854102,
      "y" : -35.888542,
      "z" : -6.854102
    },
    "orientation" : 15
  }, {
    "shape" : "b2c1ae29-922e-4bde-b198-971da3c73da3",
    "color" : "#AF0000",
    "position" : {
      "x" : 13.708204,
      "y" : -6.854102,
      "z" : 13.708204
    },
    "orientation" : 31
  }, {
    "shape" : "91d2ff2d-ecf4-4d4f-babc-ff131fc845b0",
    "color" : "#FFFFFF",
    "position" : {
      "x" : 20.562305,
      "y" : -22.18034,
      "z" : 20.562305
    }
  }, {
    "shape" : "8dbd2f5b-32d1-4100-92c8-0e0f8e6ba227",
    "color" : "#F0A000",
    "position" : {
      "x" : -6.854102,
      "y" : -19.562305,
      "z" : -27.416409
    },
    "orientation" : 4
  }, {
    "shape" : "9f9d8416-7d1a-4468-91d0-7f9cea7db3e4",
    "color" : "#AF0000",
    "position" : {
      "x" : -6.854102,
      "y" : -19.562305,
      "z" : 27.416409
    },
    "orientation" : 45
  }, {
    "shape" : "fd8633fa-594e-4ff2-88af-29197f5d09f7",
    "color" : "#007695",
    "position" : {
      "x" : -6.854102,
      "y" : 5.236068,
      "z" : 6.854102
    },
    "orientation" : 0
  }, {
    "shape" : "b2c1ae29-922e-4bde-b198-971da3c73da3",
    "color" : "#AF0000",
    "position" : {
      "x" : 6.854102,
      "y" : 0.0,
      "z" : 20.562305
    },
    "orientation" : 31
  }, {
    "shape" : "91d2ff2d-ecf4-4d4f-babc-ff131fc845b0",
    "color" : "#FFFFFF",
    "position" : {
      "x" : -13.708204,
      "y" : -6.854102,
      "z" : -13.708204
    }
  }, {
    "shape" : "8dbd2f5b-32d1-4100-92c8-0e0f8e6ba227",
    "color" : "#F0A000",
    "position" : {
      "x" : -20.562305,
      "y" : -33.27051,
      "z" : -13.708204
    },
    "orientation" : 5
  }, {
    "shape" : "8dbd2f5b-32d1-4100-92c8-0e0f8e6ba227",
    "color" : "#F0A000",
    "position" : {
      "x" : 13.708204,
      "y" : -17.944271,
      "z" : 20.562305
    },
    "orientation" : 19
  }, {
    "shape" : "91d2ff2d-ecf4-4d4f-babc-ff131fc845b0",
    "color" : "#FFFFFF",
    "position" : {
      "x" : 13.708204,
      "y" : -6.854102,
      "z" : -13.708204
    }
  }, {
    "shape" : "9f9d8416-7d1a-4468-91d0-7f9cea7db3e4",
    "color" : "#AF0000",
    "position" : {
      "x" : 6.854102,
      "y" : 5.236068,
      "z" : -6.854102
    },
    "orientation" : 0
  }, {
    "shape" : "9f9d8416-7d1a-4468-91d0-7f9cea7db3e4",
    "color" : "#AF0000",
    "position" : {
      "x" : -6.854102,
      "y" : -35.888542,
      "z" : -6.854102
    },
    "orientation" : 30
  }, {
    "shape" : "9f9d8416-7d1a-4468-91d0-7f9cea7db3e4",
    "color" : "#AF0000",
    "position" : {
      "x" : 6.854102,
      "y" : -35.888542,
      "z" : 6.854102
    },
    "orientation" : 15
  }, {
    "shape" : "8dbd2f5b-32d1-4100-92c8-0e0f8e6ba227",
    "color" : "#F0A000",
    "position" : {
      "x" : -13.708204,
      "y" : -12.708204,
      "z" : 20.562305
    },
    "orientation" : 3
  }, {
    "shape" : "91d2ff2d-ecf4-4d4f-babc-ff131fc845b0",
    "color" : "#FFFFFF",
    "position" : {
      "x" : -6.854102,
      "y" : 5.236068,
      "z" : -6.854102
    }
  }, {
    "shape" : "91d2ff2d-ecf4-4d4f-babc-ff131fc845b0",
    "color" : "#FFFFFF",
    "position" : {
      "x" : -6.854102,
      "y" : -30.652475,
      "z" : -20.562305
    }
  }, {
    "shape" : "91d2ff2d-ecf4-4d4f-babc-ff131fc845b0",
    "color" : "#FFFFFF",
    "position" : {
      "x" : -6.854102,
      "y" : -19.562305,
      "z" : -27.416409
    }
  }, {
    "shape" : "b2c1ae29-922e-4bde-b198-971da3c73da3",
    "color" : "#AF0000",
    "position" : {
      "x" : -27.416409,
      "y" : -26.416409,
      "z" : -6.854102
    },
    "orientation" : 46
  }, {
    "shape" : "b2c1ae29-922e-4bde-b198-971da3c73da3",
    "color" : "#AF0000",
    "position" : {
      "x" : 27.416409,
      "y" : -26.416409,
      "z" : -6.854102
    },
    "orientation" : 46
  }, {
    "shape" : "8dbd2f5b-32d1-4100-92c8-0e0f8e6ba227",
    "color" : "#F0A000",
    "position" : {
      "x" : 6.854102,
      "y" : 0.0,
      "z" : 20.562305
    },
    "orientation" : 3
  }, {
    "shape" : "9f9d8416-7d1a-4468-91d0-7f9cea7db3e4",
    "color" : "#AF0000",
    "position" : {
      "x" : 13.708204,
      "y" : -12.708204,
      "z" : 20.562305
    },
    "orientation" : 0
  }, {
    "shape" : "8dbd2f5b-32d1-4100-92c8-0e0f8e6ba227",
    "color" : "#F0A000",
    "position" : {
      "x" : -6.854102,
      "y" : -11.09017,
      "z" : 27.416409
    },
    "orientation" : 19
  }, {
    "shape" : "8dbd2f5b-32d1-4100-92c8-0e0f8e6ba227",
    "color" : "#F0A000",
    "position" : {
      "x" : -13.708204,
      "y" : -17.944271,
      "z" : -20.562305
    },
    "orientation" : 5
  }, {
    "shape" : "fd8633fa-594e-4ff2-88af-29197f5d09f7",
    "color" : "#007695",
    "position" : {
      "x" : 20.562305,
      "y" : -30.652475,
      "z" : -6.854102
    },
    "orientation" : 2
  }, {
    "shape" : "91d2ff2d-ecf4-4d4f-babc-ff131fc845b0",
    "color" : "#FFFFFF",
    "position" : {
      "x" : 27.416409,
      "y" : -4.236068,
      "z" : -6.854102
    }
  }, {
    "shape" : "b2c1ae29-922e-4bde-b198-971da3c73da3",
    "color" : "#AF0000",
    "position" : {
      "x" : 6.854102,
      "y" : -16.944271,
      "z" : -6.854102
    },
    "orientation" : 46
  }, {
    "shape" : "b2c1ae29-922e-4bde-b198-971da3c73da3",
    "color" : "#AF0000",
    "position" : {
      "x" : 27.416409,
      "y" : -26.416409,
      "z" : 6.854102
    },
    "orientation" : 1
  }, {
    "shape" : "8dbd2f5b-32d1-4100-92c8-0e0f8e6ba227",
    "color" : "#F0A000",
    "position" : {
      "x" : 13.708204,
      "y" : -12.708204,
      "z" : 20.562305
    },
    "orientation" : 54
  }, {
    "shape" : "fd8633fa-594e-4ff2-88af-29197f5d09f7",
    "color" : "#007695",
    "position" : {
      "x" : -6.854102,
      "y" : -44.36068,
      "z" : -6.854102
    },
    "orientation" : 0
  }, {
    "shape" : "8dbd2f5b-32d1-4100-92c8-0e0f8e6ba227",
    "color" : "#F0A000",
    "position" : {
      "x" : -13.708204,
      "y" : 6.854102,
      "z" : 13.708204
    },
    "orientation" : 3
  }, {
    "shape" : "b2c1ae29-922e-4bde-b198-971da3c73da3",
    "color" : "#AF0000",
    "position" : {
      "x" : 13.708204,
      "y" : -23.798374,
      "z" : 13.708204
    },
    "orientation" : 1
  }, {
    "shape" : "91d2ff2d-ecf4-4d4f-babc-ff131fc845b0",
    "color" : "#FFFFFF",
    "position" : {
      "x" : 27.416409,
      "y" : -15.326238,
      "z" : 13.708204
    }
  }, {
    "shape" : "fd8633fa-594e-4ff2-88af-29197f5d09f7",
    "color" : "#007695",
    "position" : {
      "x" : 6.854102,
      "y" : -13.708204,
      "z" : 6.854102
    },
    "orientation" : 45
  }, {
    "shape" : "91d2ff2d-ecf4-4d4f-babc-ff131fc845b0",
    "color" : "#FFFFFF",
    "position" : {
      "x" : -13.708204,
      "y" : -40.12461,
      "z" : 6.854102
    }
  }, {
    "shape" : "b2c1ae29-922e-4bde-b198-971da3c73da3",
    "color" : "#AF0000",
    "position" : {
      "x" : -6.854102,
      "y" : -16.944271,
      "z" : -6.854102
    },
    "orientation" : 46
  }, {
    "shape" : "9f9d8416-7d1a-4468-91d0-7f9cea7db3e4",
    "color" : "#AF0000",
    "position" : {
      "x" : 13.708204,
      "y" : -37.506577,
      "z" : 13.708204
    },
    "orientation" : 0
  }, {
    "shape" : "8dbd2f5b-32d1-4100-92c8-0e0f8e6ba227",
    "color" : "#F0A000",
    "position" : {
      "x" : 13.708204,
      "y" : -6.854102,
      "z" : 13.708204
    },
    "orientation" : 19
  }, {
    "shape" : "91d2ff2d-ecf4-4d4f-babc-ff131fc845b0",
    "color" : "#FFFFFF",
    "position" : {
      "x" : 20.562305,
      "y" : -30.652475,
      "z" : 6.854102
    }
  }, {
    "shape" : "8dbd2f5b-32d1-4100-92c8-0e0f8e6ba227",
    "color" : "#F0A000",
    "position" : {
      "x" : -6.854102,
      "y" : -30.652475,
      "z" : -20.562305
    },
    "orientation" : 4
  }, {
    "shape" : "9f9d8416-7d1a-4468-91d0-7f9cea7db3e4",
    "color" : "#AF0000",
    "position" : {
      "x" : -13.708204,
      "y" : -40.12461,
      "z" : -6.854102
    },
    "orientation" : 15
  }, {
    "shape" : "9f9d8416-7d1a-4468-91d0-7f9cea7db3e4",
    "color" : "#AF0000",
    "position" : {
      "x" : 6.854102,
      "y" : 5.236068,
      "z" : 6.854102
    },
    "orientation" : 0
  }, {
    "shape" : "91d2ff2d-ecf4-4d4f-babc-ff131fc845b0",
    "color" : "#FFFFFF",
    "position" : {
      "x" : -13.708204,
      "y" : -23.798374,
      "z" : -13.708204
    }
  }, {
    "shape" : "8dbd2f5b-32d1-4100-92c8-0e0f8e6ba227",
    "color" : "#F0A000",
    "position" : {
      "x" : -6.854102,
      "y" : 0.0,
      "z" : -20.562305
    },
    "orientation" : 39
  }, {
    "shape" : "8dbd2f5b-32d1-4100-92c8-0e0f8e6ba227",
    "color" : "#F0A000",
    "position" : {
      "x" : -27.416409,
      "y" : -15.326238,
      "z" : -13.708204
    },
    "orientation" : 24
  }, {
    "shape" : "fd8633fa-594e-4ff2-88af-29197f5d09f7",
    "color" : "#007695",
    "position" : {
      "x" : 6.854102,
      "y" : -16.944271,
      "z" : -6.854102
    },
    "orientation" : 45
  }, {
    "shape" : "8dbd2f5b-32d1-4100-92c8-0e0f8e6ba227",
    "color" : "#F0A000",
    "position" : {
      "x" : 27.416409,
      "y" : -26.416409,
      "z" : -6.854102
    },
    "orientation" : 19
  }, {
    "shape" : "91d2ff2d-ecf4-4d4f-babc-ff131fc845b0",
    "color" : "#FFFFFF",
    "position" : {
      "x" : 6.854102,
      "y" : -19.562305,
      "z" : 27.416409
    }
  }, {
    "shape" : "91d2ff2d-ecf4-4d4f-babc-ff131fc845b0",
    "color" : "#FFFFFF",
    "position" : {
      "x" : -27.416409,
      "y" : -26.416409,
      "z" : 6.854102
    }
  }, {
    "shape" : "9f9d8416-7d1a-4468-91d0-7f9cea7db3e4",
    "color" : "#AF0000",
    "position" : {
      "x" : 6.854102,
      "y" : -11.09017,
      "z" : -27.416409
    },
    "orientation" : 15
  }, {
    "shape" : "b2c1ae29-922e-4bde-b198-971da3c73da3",
    "color" : "#AF0000",
    "position" : {
      "x" : 6.854102,
      "y" : -30.652475,
      "z" : -20.562305
    },
    "orientation" : 46
  }, {
    "shape" : "91d2ff2d-ecf4-4d4f-babc-ff131fc845b0",
    "color" : "#FFFFFF",
    "position" : {
      "x" : 13.708204,
      "y" : 6.854102,
      "z" : 13.708204
    }
  }, {
    "shape" : "91d2ff2d-ecf4-4d4f-babc-ff131fc845b0",
    "color" : "#FFFFFF",
    "position" : {
      "x" : 20.562305,
      "y" : 2.618034,
      "z" : -13.708204
    }
  }, {
    "shape" : "8dbd2f5b-32d1-4100-92c8-0e0f8e6ba227",
    "color" : "#F0A000",
    "position" : {
      "x" : -13.708204,
      "y" : -23.798374,
      "z" : 13.708204
    },
    "orientation" : 19
  }, {
    "shape" : "91d2ff2d-ecf4-4d4f-babc-ff131fc845b0",
    "color" : "#FFFFFF",
    "position" : {
      "x" : -13.708204,
      "y" : 6.854102,
      "z" : -13.708204
    }
  }, {
    "shape" : "fd8633fa-594e-4ff2-88af-29197f5d09f7",
    "color" : "#007695",
    "position" : {
      "x" : -6.854102,
      "y" : -5.854102,
      "z" : 13.708204
    },
    "orientation" : 0
  }, {
    "shape" : "91d2ff2d-ecf4-4d4f-babc-ff131fc845b0",
    "color" : "#FFFFFF",
    "position" : {
      "x" : -20.562305,
      "y" : -22.18034,
      "z" : 20.562305
    }
  }, {
    "shape" : "8dbd2f5b-32d1-4100-92c8-0e0f8e6ba227",
    "color" : "#F0A000",
    "position" : {
      "x" : 6.854102,
      "y" : -30.652475,
      "z" : -20.562305
    },
    "orientation" : 9
  }, {
    "shape" : "8dbd2f5b-32d1-4100-92c8-0e0f8e6ba227",
    "color" : "#F0A000",
    "position" : {
      "x" : 13.708204,
      "y" : 6.854102,
      "z" : 13.708204
    },
    "orientation" : 24
  }, {
    "shape" : "8dbd2f5b-32d1-4100-92c8-0e0f8e6ba227",
    "color" : "#F0A000",
    "position" : {
      "x" : -13.708204,
      "y" : -40.12461,
      "z" : 6.854102
    },
    "orientation" : 4
  }, {
    "shape" : "91d2ff2d-ecf4-4d4f-babc-ff131fc845b0",
    "color" : "#FFFFFF",
    "position" : {
      "x" : 20.562305,
      "y" : -22.18034,
      "z" : -20.562305
    }
  }, {
    "shape" : "9f9d8416-7d1a-4468-91d0-7f9cea7db3e4",
    "color" : "#AF0000",
    "position" : {
      "x" : 20.562305,
      "y" : -30.652475,
      "z" : -6.854102
    },
    "orientation" : 0
  }, {
    "shape" : "8dbd2f5b-32d1-4100-92c8-0e0f8e6ba227",
    "color" : "#F0A000",
    "position" : {
      "x" : 6.854102,
      "y" : -30.652475,
      "z" : 20.562305
    },
    "orientation" : 24
  }, {
    "shape" : "8dbd2f5b-32d1-4100-92c8-0e0f8e6ba227",
    "color" : "#F0A000",
    "position" : {
      "x" : 6.854102,
      "y" : -30.652475,
      "z" : 20.562305
    },
    "orientation" : 3
  }, {
    "shape" : "9f9d8416-7d1a-4468-91d0-7f9cea7db3e4",
    "color" : "#AF0000",
    "position" : {
      "x" : -6.854102,
      "y" : 5.236068,
      "z" : 6.854102
    },
    "orientation" : 45
  }, {
    "shape" : "8dbd2f5b-32d1-4100-92c8-0e0f8e6ba227",
    "color" : "#F0A000",
    "position" : {
      "x" : 6.854102,
      "y" : -11.09017,
      "z" : -27.416409
    },
    "orientation" : 5
  }, {
    "shape" : "91d2ff2d-ecf4-4d4f-babc-ff131fc845b0",
    "color" : "#FFFFFF",
    "position" : {
      "x" : -6.854102,
      "y" : 13.708204,
      "z" : -6.854102
    }
  }, {
    "shape" : "9f9d8416-7d1a-4468-91d0-7f9cea7db3e4",
    "color" : "#AF0000",
    "position" : {
      "x" : -20.562305,
      "y" : -30.652475,
      "z" : 6.854102
    },
    "orientation" : 45
  }, {
    "shape" : "8dbd2f5b-32d1-4100-92c8-0e0f8e6ba227",
    "color" : "#F0A000",
    "position" : {
      "x" : 20.562305,
      "y" : -33.27051,
      "z" : -13.708204
    },
    "orientation" : 39
  }, {
    "shape" : "8dbd2f5b-32d1-4100-92c8-0e0f8e6ba227",
    "color" : "#F0A000",
    "position" : {
      "x" : -20.562305,
      "y" : 2.618034,
      "z" : -13.708204
    },
    "orientation" : 9
  }, {
    "shape" : "9f9d8416-7d1a-4468-91d0-7f9cea7db3e4",
    "color" : "#AF0000",
    "position" : {
      "x" : -6.854102,
      "y" : -11.09017,
      "z" : 27.416409
    },
    "orientation" : 30
  }, {
    "shape" : "b2c1ae29-922e-4bde-b198-971da3c73da3",
    "color" : "#AF0000",
    "position" : {
      "x" : -6.854102,
      "y" : -5.854102,
      "z" : -13.708204
    },
    "orientation" : 1
  }, {
    "shape" : "fd8633fa-594e-4ff2-88af-29197f5d09f7",
    "color" : "#007695",
    "position" : {
      "x" : -6.854102,
      "y" : -35.888542,
      "z" : 6.854102
    },
    "orientation" : 0
  }, {
    "shape" : "9f9d8416-7d1a-4468-91d0-7f9cea7db3e4",
    "color" : "#AF0000",
    "position" : {
      "x" : -13.708204,
      "y" : -17.944271,
      "z" : 20.562305
    },
    "orientation" : 30
  }, {
    "shape" : "91d2ff2d-ecf4-4d4f-babc-ff131fc845b0",
    "color" : "#FFFFFF",
    "position" : {
      "x" : 13.708204,
      "y" : -17.944271,
      "z" : 20.562305
    }
  }, {
    "shape" : "8dbd2f5b-32d1-4100-92c8-0e0f8e6ba227",
    "color" : "#F0A000",
    "position" : {
      "x" : 6.854102,
      "y" : -19.562305,
      "z" : -27.416409
    },
    "orientation" : 9
  }, {
    "shape" : "8dbd2f5b-32d1-4100-92c8-0e0f8e6ba227",
    "color" : "#F0A000",
    "position" : {
      "x" : -13.708204,
      "y" : -6.854102,
      "z" : 13.708204
    },
    "orientation" : 54
  }, {
    "shape" : "91d2ff2d-ecf4-4d4f-babc-ff131fc845b0",
    "color" : "#FFFFFF",
    "position" : {
      "x" : -20.562305,
      "y" : 2.618034,
      "z" : 13.708204
    }
  }, {
    "shape" : "91d2ff2d-ecf4-4d4f-babc-ff131fc845b0",
    "color" : "#FFFFFF",
    "position" : {
      "x" : 27.416409,
      "y" : -15.326238,
      "z" : -13.708204
    }
  }, {
    "shape" : "9f9d8416-7d1a-4468-91d0-7f9cea7db3e4",
    "color" : "#AF0000",
    "position" : {
      "x" : 6.854102,
      "y" : 13.708204,
      "z" : -6.854102
    },
    "orientation" : 15
  }, {
    "shape" : "91d2ff2d-ecf4-4d4f-babc-ff131fc845b0",
    "color" : "#FFFFFF",
    "position" : {
      "x" : -13.708204,
      "y" : -17.944271,
      "z" : -20.562305
    }
  }, {
    "shape" : "91d2ff2d-ecf4-4d4f-babc-ff131fc845b0",
    "color" : "#FFFFFF",
    "position" : {
      "x" : 6.854102,
      "y" : -16.944271,
      "z" : 6.854102
    }
  }, {
    "shape" : "91d2ff2d-ecf4-4d4f-babc-ff131fc845b0",
    "color" : "#FFFFFF",
    "position" : {
      "x" : 6.854102,
      "y" : -44.36068,
      "z" : 6.854102
    }
  }, {
    "shape" : "fd8633fa-594e-4ff2-88af-29197f5d09f7",
    "color" : "#007695",
    "position" : {
      "x" : 13.708204,
      "y" : -40.12461,
      "z" : -6.854102
    },
    "orientation" : 2
  }, {
    "shape" : "91d2ff2d-ecf4-4d4f-babc-ff131fc845b0",
    "color" : "#FFFFFF",
    "position" : {
      "x" : -6.854102,
      "y" : -5.854102,
      "z" : 13.708204
    }
  }, {
    "shape" : "91d2ff2d-ecf4-4d4f-babc-ff131fc845b0",
    "color" : "#FFFFFF",
    "position" : {
      "x" : 20.562305,
      "y" : -33.27051,
      "z" : 13.708204
    }
  }, {
    "shape" : "8dbd2f5b-32d1-4100-92c8-0e0f8e6ba227",
    "color" : "#F0A000",
    "position" : {
      "x" : -13.708204,
      "y" : -37.506577,
      "z" : -13.708204
    },
    "orientation" : 5
  }, {
    "shape" : "8dbd2f5b-32d1-4100-92c8-0e0f8e6ba227",
    "color" : "#F0A000",
    "position" : {
      "x" : -6.854102,
      "y" : 0.0,
      "z" : -20.562305
    },
    "orientation" : 4
  }, {
    "shape" : "91d2ff2d-ecf4-4d4f-babc-ff131fc845b0",
    "color" : "#FFFFFF",
    "position" : {
      "x" : 6.854102,
      "y" : 13.708204,
      "z" : 6.854102
    }
  }, {
    "shape" : "b2c1ae29-922e-4bde-b198-971da3c73da3",
    "color" : "#AF0000",
    "position" : {
      "x" : -6.854102,
      "y" : -24.798374,
      "z" : -13.708204
    },
    "orientation" : 31
  }, {
    "shape" : "8dbd2f5b-32d1-4100-92c8-0e0f8e6ba227",
    "color" : "#F0A000",
    "position" : {
      "x" : 20.562305,
      "y" : -33.27051,
      "z" : 13.708204
    },
    "orientation" : 3
  }, {
    "shape" : "8dbd2f5b-32d1-4100-92c8-0e0f8e6ba227",
    "color" : "#F0A000",
    "position" : {
      "x" : -13.708204,
      "y" : -23.798374,
      "z" : -13.708204
    },
    "orientation" : 9
  }, {
    "shape" : "8dbd2f5b-32d1-4100-92c8-0e0f8e6ba227",
    "color" : "#F0A000",
    "position" : {
      "x" : 13.708204,
      "y" : -6.854102,
      "z" : -13.708204
    },
    "orientation" : 39
  }, {
    "shape" : "91d2ff2d-ecf4-4d4f-babc-ff131fc845b0",
    "color" : "#FFFFFF",
    "position" : {
      "x" : -20.562305,
      "y" : -8.472136,
      "z" : 20.562305
    }
  }, {
    "shape" : "8dbd2f5b-32d1-4100-92c8-0e0f8e6ba227",
    "color" : "#F0A000",
    "position" : {
      "x" : -20.562305,
      "y" : -8.472136,
      "z" : 20.562305
    },
    "orientation" : 5
  }, {
    "shape" : "9f9d8416-7d1a-4468-91d0-7f9cea7db3e4",
    "color" : "#AF0000",
    "position" : {
      "x" : -13.708204,
      "y" : 6.854102,
      "z" : -13.708204
    },
    "orientation" : 30
  }, {
    "shape" : "91d2ff2d-ecf4-4d4f-babc-ff131fc845b0",
    "color" : "#FFFFFF",
    "position" : {
      "x" : -13.708204,
      "y" : -6.854102,
      "z" : 13.708204
    }
  }, {
    "shape" : "fd8633fa-594e-4ff2-88af-29197f5d09f7",
    "color" : "#007695",
    "position" : {
      "x" : 6.854102,
      "y" : 13.708204,
      "z" : -6.854102
    },
    "orientation" : 2
  }, {
    "shape" : "8dbd2f5b-32d1-4100-92c8-0e0f8e6ba227",
    "color" : "#F0A000",
    "position" : {
      "x" : 6.854102,
      "y" : -30.652475,
      "z" : -20.562305
    },
    "orientation" : 5
  }, {
    "shape" : "fd8633fa-594e-4ff2-88af-29197f5d09f7",
    "color" : "#007695",
    "position" : {
      "x" : -6.854102,
      "y" : -35.888542,
      "z" : 6.854102
    },
    "orientation" : 47
  }, {
    "shape" : "8dbd2f5b-32d1-4100-92c8-0e0f8e6ba227",
    "color" : "#F0A000",
    "position" : {
      "x" : -6.854102,
      "y" : -30.652475,
      "z" : 20.562305
    },
    "orientation" : 19
  }, {
    "shape" : "91d2ff2d-ecf4-4d4f-babc-ff131fc845b0",
    "color" : "#FFFFFF",
    "position" : {
      "x" : -20.562305,
      "y" : -22.18034,
      "z" : -20.562305
    }
  }, {
    "shape" : "9f9d8416-7d1a-4468-91d0-7f9cea7db3e4",
    "color" : "#AF0000",
    "position" : {
      "x" : 6.854102,
      "y" : 13.708204,
      "z" : 6.854102
    },
    "orientation" : 15
  }, {
    "shape" : "8dbd2f5b-32d1-4100-92c8-0e0f8e6ba227",
    "color" : "#F0A000",
    "position" : {
      "x" : 27.416409,
      "y" : -15.326238,
      "z" : 13.708204
    },
    "orientation" : 4
  }, {
    "shape" : "91d2ff2d-ecf4-4d4f-babc-ff131fc845b0",
    "color" : "#FFFFFF",
    "position" : {
      "x" : 6.854102,
      "y" : -35.888542,
      "z" : -6.854102
    }
  }, {
    "shape" : "91d2ff2d-ecf4-4d4f-babc-ff131fc845b0",
    "color" : "#FFFFFF",
    "position" : {
      "x" : -13.708204,
      "y" : -15.326238,
      "z" : 27.416409
    }
  }, {
    "shape" : "91d2ff2d-ecf4-4d4f-babc-ff131fc845b0",
    "color" : "#FFFFFF",
    "position" : {
      "x" : -27.416409,
      "y" : -15.326238,
      "z" : 13.708204
    }
  }, {
    "shape" : "91d2ff2d-ecf4-4d4f-babc-ff131fc845b0",
    "color" : "#FFFFFF",
    "position" : {
      "x" : -20.562305,
      "y" : -33.27051,
      "z" : 13.708204
    }
  }, {
    "shape" : "8dbd2f5b-32d1-4100-92c8-0e0f8e6ba227",
    "color" : "#F0A000",
    "position" : {
      "x" : 13.708204,
      "y" : -23.798374,
      "z" : -13.708204
    },
    "orientation" : 5
  }, {
    "shape" : "91d2ff2d-ecf4-4d4f-babc-ff131fc845b0",
    "color" : "#FFFFFF",
    "position" : {
      "x" : -13.708204,
      "y" : 9.472136,
      "z" : 6.854102
    }
  }, {
    "shape" : "8dbd2f5b-32d1-4100-92c8-0e0f8e6ba227",
    "color" : "#F0A000",
    "position" : {
      "x" : -13.708204,
      "y" : 9.472136,
      "z" : 6.854102
    },
    "orientation" : 39
  }, {
    "shape" : "91d2ff2d-ecf4-4d4f-babc-ff131fc845b0",
    "color" : "#FFFFFF",
    "position" : {
      "x" : -6.854102,
      "y" : 13.708204,
      "z" : 6.854102
    }
  }, {
    "shape" : "91d2ff2d-ecf4-4d4f-babc-ff131fc845b0",
    "color" : "#FFFFFF",
    "position" : {
      "x" : 13.708204,
      "y" : -40.12461,
      "z" : -6.854102
    }
  }, {
    "shape" : "91d2ff2d-ecf4-4d4f-babc-ff131fc845b0",
    "color" : "#FFFFFF",
    "position" : {
      "x" : -27.416409,
      "y" : -4.236068,
      "z" : 6.854102
    }
  }, {
    "shape" : "8dbd2f5b-32d1-4100-92c8-0e0f8e6ba227",
    "color" : "#F0A000",
    "position" : {
      "x" : 6.854102,
      "y" : 0.0,
      "z" : -20.562305
    },
    "orientation" : 9
  }, {
    "shape" : "b2c1ae29-922e-4bde-b198-971da3c73da3",
    "color" : "#AF0000",
    "position" : {
      "x" : -27.416409,
      "y" : -4.236068,
      "z" : 6.854102
    },
    "orientation" : 31
  }, {
    "shape" : "fd8633fa-594e-4ff2-88af-29197f5d09f7",
    "color" : "#007695",
    "position" : {
      "x" : 6.854102,
      "y" : -11.09017,
      "z" : 27.416409
    },
    "orientation" : 45
  }, {
    "shape" : "91d2ff2d-ecf4-4d4f-babc-ff131fc845b0",
    "color" : "#FFFFFF",
    "position" : {
      "x" : 13.708204,
      "y" : 9.472136,
      "z" : 6.854102
    }
  }, {
    "shape" : "fd8633fa-594e-4ff2-88af-29197f5d09f7",
    "color" : "#007695",
    "position" : {
      "x" : -20.562305,
      "y" : -30.652475,
      "z" : -6.854102
    },
    "orientation" : 2
  }, {
    "shape" : "9f9d8416-7d1a-4468-91d0-7f9cea7db3e4",
    "color" : "#AF0000",
    "position" : {
      "x" : -20.562305,
      "y" : 0.0,
