{
  "polygons" : "true",
  "field" : "golden",
  "symmetry" : "icosahedral",
  "orientations" : [ [ 1.0, 0.0, 0.0, 0.0, 0.0, 1.0, 0.0, 0.0, 0.0, 0.0, 1.0, 0.0, 0.0, 0.0, 0.0, 1.0 ], [ 0.0, 0.0, 1.0, 0.0, 1.0, 0.0, 0.0, 0.0, 0.0, 1.0, 0.0, 0.0, 0.0, 0.0, 0.0, 1.0 ], [ 0.0, 1.0, 0.0, 0.0, 0.0, 0.0, 1.0, 0.0, 1.0, 0.0, 0.0, 0.0, 0.0, 0.0, 0.0, 1.0 ], [ 0.809017, 0.309017, 0.5, 0.0, 0.309017, 0.5, -0.809017, 0.0, -0.5, 0.809017, 0.309017, 0.0, 0.0, 0.0, 0.0, 1.0 ], [ -0.5, 0.809017, 0.309017, 0.0, 0.809017, 0.309017, 0.5, 0.0, 0.309017, 0.5, -0.809017, 0.0, 0.0, 0.0, 0.0, 1.0 ], [ 0.309017, 0.5, -0.809017, 0.0, -0.5, 0.809017, 0.309017, 0.0, 0.809017, 0.309017, 0.5, 0.0, 0.0, 0.0, 0.0, 1.0 ], [ 0.5, 0.809017, 0.309017, 0.0, 0.809017, -0.309017, -0.5, 0.0, -0.309017, 0.5, -0.809017, 0.0, 0.0, 0.0, 0.0, 1.0 ], [ -0.309017, 0.5, -0.809017, 0.0, 0.5, 0.809017, 0.309017, 0.0, 0.809017, -0.309017, -0.5, 0.0, 0.0, 0.0, 0.0, 1.0 ], [ 0.809017, -0.309017, -0.5, 0.0, -0.309017, 0.5, -0.809017, 0.0, 0.5, 0.809017, 0.309017, 0.0, 0.0, 0.0, 0.0, 1.0 ], [ 0.5, 0.809017, -0.309017, 0.0, 0.809017, -0.309017, 0.5, 0.0, 0.309017, -0.5, -0.809017, 0.0, 0.0, 0.0, 0.0, 1.0 ], [ 0.309017, -0.5, -0.809017, 0.0, 0.5, 0.809017, -0.309017, 0.0, 0.809017, -0.309017, 0.5, 0.0, 0.0, 0.0, 0.0, 1.0 ], [ 0.809017, -0.309017, 0.5, 0.0, 0.309017, -0.5, -0.809017, 0.0, 0.5, 0.809017, -0.309017, 0.0, 0.0, 0.0, 0.0, 1.0 ], [ 0.809017, 0.309017, -0.5, 0.0, 0.309017, 0.5, 0.809017, 0.0, 0.5, -0.809017, 0.309017, 0.0, 0.0, 0.0, 0.0, 1.0 ], [ 0.5, -0.809017, 0.309017, 0.0, 0.809017, 0.309017, -0.5, 0.0, 0.309017, 0.5, 0.809017, 0.0, 0.0, 0.0, 0.0, 1.0 ], [ 0.309017, 0.5, 0.809017, 0.0, 0.5, -0.809017, 0.309017, 0.0, 0.809017, 0.309017, -0.5, 0.0, 0.0, 0.0, 0.0, 1.0 ], [ 1.0, 0.0, 0.0, 0.0, 0.0, -1.0, 0.0, 0.0, 0.0, 0.0, -1.0, 0.0, 0.0, 0.0, 0.0, 1.0 ], [ 0.0, 0.0, 1.0, 0.0, -1.0, 0.0, 0.0, 0.0, 0.0, -1.0, 0.0, 0.0, 0.0, 0.0, 0.0, 1.0 ], [ 0.0, 1.0, 0.0, 0.0, 0.0, 0.0, -1.0, 0.0, -1.0, 0.0, 0.0, 0.0, 0.0, 0.0, 0.0, 1.0 ], [ 0.809017, 0.309017, 0.5, 0.0, -0.309017, -0.5, 0.809017, 0.0, 0.5, -0.809017, -0.309017, 0.0, 0.0, 0.0, 0.0, 1.0 ], [ -0.5, 0.809017, 0.309017, 0.0, -0.809017, -0.309017, -0.5, 0.0, -0.309017, -0.5, 0.809017, 0.0, 0.0, 0.0, 0.0, 1.0 ], [ 0.309017, 0.5, -0.809017, 0.0, 0.5, -0.809017, -0.309017, 0.0, -0.809017, -0.309017, -0.5, 0.0, 0.0, 0.0, 0.0, 1.0 ], [ 0.5, 0.809017, 0.309017, 0.0, -0.809017, 0.309017, 0.5, 0.0, 0.309017, -0.5, 0.809017, 0.0, 0.0, 0.0, 0.0, 1.0 ], [ -0.309017, 0.5, -0.809017, 0.0, -0.5, -0.809017, -0.309017, 0.0, -0.809017, 0.309017, 0.5, 0.0, 0.0, 0.0, 0.0, 1.0 ], [ 0.809017, -0.309017, -0.5, 0.0, 0.309017, -0.5, 0.809017, 0.0, -0.5, -0.809017, -0.309017, 0.0, 0.0, 0.0, 0.0, 1.0 ], [ 0.5, 0.809017, -0.309017, 0.0, -0.809017, 0.309017, -0.5, 0.0, -0.309017, 0.5, 0.809017, 0.0, 0.0, 0.0, 0.0, 1.0 ], [ 0.309017, -0.5, -0.809017, 0.0, -0.5, -0.809017, 0.309017, 0.0, -0.809017, 0.309017, -0.5, 0.0, 0.0, 0.0, 0.0, 1.0 ], [ 0.809017, -0.309017, 0.5, 0.0, -0.309017, 0.5, 0.809017, 0.0, -0.5, -0.809017, 0.309017, 0.0, 0.0, 0.0, 0.0, 1.0 ], [ 0.809017, 0.309017, -0.5, 0.0, -0.309017, -0.5, -0.809017, 0.0, -0.5, 0.809017, -0.309017, 0.0, 0.0, 0.0, 0.0, 1.0 ], [ 0.5, -0.809017, 0.309017, 0.0, -0.809017, -0.309017, 0.5, 0.0, -0.309017, -0.5, -0.809017, 0.0, 0.0, 0.0, 0.0, 1.0 ], [ 0.309017, 0.5, 0.809017, 0.0, -0.5, 0.809017, -0.309017, 0.0, -0.809017, -0.309017, 0.5, 0.0, 0.0, 0.0, 0.0, 1.0 ], [ -1.0, 0.0, 0.0, 0.0, 0.0, -1.0, 0.0, 0.0, 0.0, 0.0, 1.0, 0.0, 0.0, 0.0, 0.0, 1.0 ], [ 0.0, 0.0, -1.0, 0.0, -1.0, 0.0, 0.0, 0.0, 0.0, 1.0, 0.0, 0.0, 0.0, 0.0, 0.0, 1.0 ], [ 0.0, -1.0, 0.0, 0.0, 0.0, 0.0, -1.0, 0.0, 1.0, 0.0, 0.0, 0.0, 0.0, 0.0, 0.0, 1.0 ], [ -0.809017, -0.309017, -0.5, 0.0, -0.309017, -0.5, 0.809017, 0.0, -0.5, 0.809017, 0.309017, 0.0, 0.0, 0.0, 0.0, 1.0 ], [ 0.5, -0.809017, -0.309017, 0.0, -0.809017, -0.309017, -0.5, 0.0, 0.309017, 0.5, -0.809017, 0.0, 0.0, 0.0, 0.0, 1.0 ], [ -0.309017, -0.5, 0.809017, 0.0, 0.5, -0.809017, -0.309017, 0.0, 0.809017, 0.309017, 0.5, 0.0, 0.0, 0.0, 0.0, 1.0 ], [ -0.5, -0.809017, -0.309017, 0.0, -0.809017, 0.309017, 0.5, 0.0, -0.309017, 0.5, -0.809017, 0.0, 0.0, 0.0, 0.0, 1.0 ], [ 0.309017, -0.5, 0.809017, 0.0, -0.5, -0.809017, -0.309017, 0.0, 0.809017, -0.309017, -0.5, 0.0, 0.0, 0.0, 0.0, 1.0 ], [ -0.809017, 0.309017, 0.5, 0.0, 0.309017, -0.5, 0.809017, 0.0, 0.5, 0.809017, 0.309017, 0.0, 0.0, 0.0, 0.0, 1.0 ], [ -0.5, -0.809017, 0.309017, 0.0, -0.809017, 0.309017, -0.5, 0.0, 0.309017, -0.5, -0.809017, 0.0, 0.0, 0.0, 0.0, 1.0 ], [ -0.309017, 0.5, 0.809017, 0.0, -0.5, -0.809017, 0.309017, 0.0, 0.809017, -0.309017, 0.5, 0.0, 0.0, 0.0, 0.0, 1.0 ], [ -0.809017, 0.309017, -0.5, 0.0, -0.309017, 0.5, 0.809017, 0.0, 0.5, 0.809017, -0.309017, 0.0, 0.0, 0.0, 0.0, 1.0 ], [ -0.809017, -0.309017, 0.5, 0.0, -0.309017, -0.5, -0.809017, 0.0, 0.5, -0.809017, 0.309017, 0.0, 0.0, 0.0, 0.0, 1.0 ], [ -0.5, 0.809017, -0.309017, 0.0, -0.809017, -0.309017, 0.5, 0.0, 0.309017, 0.5, 0.809017, 0.0, 0.0, 0.0, 0.0, 1.0 ], [ -0.309017, -0.5, -0.809017, 0.0, -0.5, 0.809017, -0.309017, 0.0, 0.809017, 0.309017, -0.5, 0.0, 0.0, 0.0, 0.0, 1.0 ], [ -1.0, 0.0, 0.0, 0.0, 0.0, 1.0, 0.0, 0.0, 0.0, 0.0, -1.0, 0.0, 0.0, 0.0, 0.0, 1.0 ], [ 0.0, 0.0, -1.0, 0.0, 1.0, 0.0, 0.0, 0.0, 0.0, -1.0, 0.0, 0.0, 0.0, 0.0, 0.0, 1.0 ], [ 0.0, -1.0, 0.0, 0.0, 0.0, 0.0, 1.0, 0.0, -1.0, 0.0, 0.0, 0.0, 0.0, 0.0, 0.0, 1.0 ], [ -0.809017, -0.309017, -0.5, 0.0, 0.309017, 0.5, -0.809017, 0.0, 0.5, -0.809017, -0.309017, 0.0, 0.0, 0.0, 0.0, 1.0 ], [ 0.5, -0.809017, -0.309017, 0.0, 0.809017, 0.309017, 0.5, 0.0, -0.309017, -0.5, 0.809017, 0.0, 0.0, 0.0, 0.0, 1.0 ], [ -0.309017, -0.5, 0.809017, 0.0, -0.5, 0.809017, 0.309017, 0.0, -0.809017, -0.309017, -0.5, 0.0, 0.0, 0.0, 0.0, 1.0 ], [ -0.5, -0.809017, -0.309017, 0.0, 0.809017, -0.309017, -0.5, 0.0, 0.309017, -0.5, 0.809017, 0.0, 0.0, 0.0, 0.0, 1.0 ], [ 0.309017, -0.5, 0.809017, 0.0, 0.5, 0.809017, 0.309017, 0.0, -0.809017, 0.309017, 0.5, 0.0, 0.0, 0.0, 0.0, 1.0 ], [ -0.809017, 0.309017, 0.5, 0.0, -0.309017, 0.5, -0.809017, 0.0, -0.5, -0.809017, -0.309017, 0.0, 0.0, 0.0, 0.0, 1.0 ], [ -0.5, -0.809017, 0.309017, 0.0, 0.809017, -0.309017, 0.5, 0.0, -0.309017, 0.5, 0.809017, 0.0, 0.0, 0.0, 0.0, 1.0 ], [ -0.309017, 0.5, 0.809017, 0.0, 0.5, 0.809017, -0.309017, 0.0, -0.809017, 0.309017, -0.5, 0.0, 0.0, 0.0, 0.0, 1.0 ], [ -0.809017, 0.309017, -0.5, 0.0, 0.309017, -0.5, -0.809017, 0.0, -0.5, -0.809017, 0.309017, 0.0, 0.0, 0.0, 0.0, 1.0 ], [ -0.809017, -0.309017, 0.5, 0.0, 0.309017, 0.5, 0.809017, 0.0, -0.5, 0.809017, -0.309017, 0.0, 0.0, 0.0, 0.0, 1.0 ], [ -0.5, 0.809017, -0.309017, 0.0, 0.809017, 0.309017, -0.5, 0.0, -0.309017, -0.5, -0.809017, 0.0, 0.0, 0.0, 0.0, 1.0 ], [ -0.309017, -0.5, -0.809017, 0.0, 0.5, -0.809017, 0.309017, 0.0, -0.809017, -0.309017, 0.5, 0.0, 0.0, 0.0, 0.0, 1.0 ] ],
  "lights" : {
    "directionalLights" : [ {
      "direction" : [ 1.0, -1.0, -1.0 ],
      "color" : "#EBEBE4"
    }, {
      "direction" : [ -1.0, 0.0, 0.0 ],
      "color" : "#E4E4EB"
    }, {
      "direction" : [ 0.0, 0.0, -1.0 ],
      "color" : "#1E1E1E"
    } ],
    "ambientColor" : "#292929",
    "backgroundColor" : "#AFC8DC"
  },
  "camera" : {
    "stereo" : false,
    "width" : 71.5482,
    "lookDirection" : {
      "x" : -0.44718415,
      "y" : 0.4763311,
      "z" : -0.7570502
    },
    "upDirection" : {
      "x" : -0.12927817,
      "y" : 0.8030939,
      "z" : 0.5816622
    },
    "lookAtPoint" : {
      "x" : 0.0,
      "y" : 0.0,
      "z" : 0.0
    },
    "viewDistance" : 158.99606,
    "nearClipDistance" : 0.39749017,
    "farClipDistance" : 317.99203,
    "fieldOfView" : 0.44262874,
    "perspective" : true,
    "position" : {
      "x" : 71.10052,
      "y" : -75.73477,
      "z" : 120.368004
    }
  },
  "embedding" : [ 1.0, 0.0, 0.0, 0.0, 0.0, 1.0, 0.0, 0.0, 0.0, 0.0, 1.0, 0.0, 0.0, 0.0, 0.0, 1.0 ],
  "shapes" : [ {
    "id" : "0915c6d6-8cd1-460e-81f2-c32a00a30fcb",
    "vertices" : [ {
      "x" : 0.0,
      "y" : 0.0,
      "z" : 0.0
    }, {
      "x" : 2.0,
      "y" : 3.236068,
      "z" : 5.236068
    }, {
      "x" : 2.618034,
      "y" : 1.0,
      "z" : 6.854102
    } ],
    "faces" : [ {
      "vertices" : [ 0, 1, 2 ]
    }, {
      "vertices" : [ 0, 2, 1 ]
    } ]
  }, {
    "id" : "ca89e424-6274-4b34-894b-3e53ea6451fc",
    "name" : "ball",
    "vertices" : [ {
      "x" : -0.309017,
      "y" : -0.19098301,
      "z" : 0.0
    }, {
      "x" : -0.309017,
      "y" : 0.19098301,
      "z" : 0.0
    }, {
      "x" : -0.19098301,
      "y" : 0.0,
      "z" : -0.309017
    }, {
      "x" : -0.19098301,
      "y" : 0.0,
      "z" : 0.309017
    }, {
      "x" : 0.0,
      "y" : -0.309017,
      "z" : -0.19098301
    }, {
      "x" : 0.0,
      "y" : -0.309017,
      "z" : 0.19098301
    }, {
      "x" : 0.0,
      "y" : 0.309017,
      "z" : -0.19098301
    }, {
      "x" : 0.0,
      "y" : 0.309017,
      "z" : 0.19098301
    }, {
      "x" : 0.19098301,
      "y" : 0.0,
      "z" : -0.309017
    }, {
      "x" : 0.19098301,
      "y" : 0.0,
      "z" : 0.309017
    }, {
      "x" : 0.309017,
      "y" : -0.19098301,
      "z" : 0.0
    }, {
      "x" : 0.309017,
      "y" : 0.19098301,
      "z" : 0.0
    } ],
    "faces" : [ {
      "vertices" : [ 0, 1, 2 ]
    }, {
      "vertices" : [ 0, 3, 1 ]
    }, {
      "vertices" : [ 0, 2, 4 ]
    }, {
      "vertices" : [ 0, 5, 3 ]
    }, {
      "vertices" : [ 0, 4, 5 ]
    }, {
      "vertices" : [ 1, 6, 2 ]
    }, {
      "vertices" : [ 1, 3, 7 ]
    }, {
      "vertices" : [ 1, 7, 6 ]
    }, {
      "vertices" : [ 2, 8, 4 ]
    }, {
      "vertices" : [ 2, 6, 8 ]
    }, {
      "vertices" : [ 3, 5, 9 ]
    }, {
      "vertices" : [ 3, 9, 7 ]
    }, {
      "vertices" : [ 4, 10, 5 ]
    }, {
      "vertices" : [ 4, 8, 10 ]
    }, {
      "vertices" : [ 5, 10, 9 ]
    }, {
      "vertices" : [ 6, 7, 11 ]
    }, {
      "vertices" : [ 6, 11, 8 ]
    }, {
      "vertices" : [ 7, 9, 11 ]
    }, {
      "vertices" : [ 8, 11, 10 ]
    }, {
      "vertices" : [ 9, 10, 11 ]
    } ]
  }, {
    "id" : "cfba3c84-ae9e-41b2-bffb-2a61b11c1edc",
    "vertices" : [ {
      "x" : 0.0,
      "y" : 0.0,
      "z" : 0.0
    }, {
      "x" : -1.0,
      "y" : -0.38196602,
      "z" : -2.618034
    }, {
      "x" : -0.618034,
      "y" : 2.236068,
      "z" : -1.618034
    } ],
    "faces" : [ {
      "vertices" : [ 0, 1, 2 ]
    }, {
      "vertices" : [ 0, 2, 1 ]
    } ]
  }, {
    "id" : "6d1534d7-36d0-4516-8194-043284ad0811",
    "orbit" : "green",
    "name" : "g3",
    "vertices" : [ {
      "x" : 28.725426,
      "y" : 10.972136,
      "z" : -4.190983
    }, {
      "x" : 28.343458,
      "y" : 10.5172205,
      "z" : -4.0
    }, {
      "x" : 28.18034,
      "y" : 10.781153,
      "z" : -4.427051
    }, {
      "x" : 28.107391,
      "y" : 11.045085,
      "z" : -4.236068
    }, {
      "x" : 0.85410196,
      "y" : 0.309017,
      "z" : 0.19098301
    }, {
      "x" : 0.690983,
      "y" : 0.572949,
      "z" : -0.23606798
    }, {
      "x" : 0.309017,
      "y" : 0.11803399,
      "z" : -0.045084972
    }, {
      "x" : 0.76393205,
      "y" : 0.309017,
      "z" : -0.42705098
    }, {
      "x" : 0.927051,
      "y" : 0.045084972,
      "z" : 0.0
    }, {
      "x" : 28.27051,
      "y" : 10.781153,
      "z" : -3.809017
    }, {
      "x" : 29.034441,
      "y" : 11.09017,
      "z" : -4.236068
    } ],
    "faces" : [ {
      "vertices" : [ 2, 7, 5, 3 ]
    }, {
      "vertices" : [ 1, 8, 7, 2 ]
    }, {
      "vertices" : [ 4, 6, 8 ]
    }, {
      "vertices" : [ 5, 7, 6 ]
    }, {
      "vertices" : [ 0, 1, 2 ]
    }, {
      "vertices" : [ 0, 2, 3 ]
    }, {
      "vertices" : [ 6, 7, 8 ]
    }, {
      "vertices" : [ 3, 5, 4, 9 ]
    }, {
      "vertices" : [ 1, 9, 4, 8 ]
    }, {
      "vertices" : [ 0, 9, 1 ]
    }, {
      "vertices" : [ 0, 3, 9 ]
    }, {
      "vertices" : [ 4, 5, 6 ]
    } ]
  }, {
    "id" : "f204a786-0cf4-4fdf-a480-14012c3e9da1",
    "vertices" : [ {
      "x" : 0.0,
      "y" : 0.0,
      "z" : 0.0
    }, {
      "x" : 0.0,
      "y" : 0.0,
      "z" : 6.472136
    }, {
      "x" : 0.0,
      "y" : -7.5777087,
      "z" : 11.155417
    }, {
      "x" : 0.0,
      "y" : -10.472136,
      "z" : 6.472136
    } ],
    "faces" : [ {
      "vertices" : [ 0, 1, 2, 3 ]
    }, {
      "vertices" : [ 0, 3, 2, 1 ]
    } ]
  }, {
    "id" : "affdd2dc-98b3-414a-a80d-fcca1995bf35",
    "vertices" : [ {
      "x" : 0.0,
      "y" : 0.0,
      "z" : 0.0
    }, {
      "x" : -2.0,
      "y" : 3.236068,
      "z" : -5.236068
    }, {
      "x" : -1.618034,
      "y" : 5.854102,
      "z" : -4.236068
    } ],
    "faces" : [ {
      "vertices" : [ 0, 1, 2 ]
    }, {
      "vertices" : [ 0, 2, 1 ]
    } ]
  }, {
    "id" : "75731eba-f1f0-42ce-b2ef-18d2e00faec1",
    "vertices" : [ {
      "x" : 0.0,
      "y" : 0.0,
      "z" : 0.0
    }, {
      "x" : 0.618034,
      "y" : -2.236068,
      "z" : 1.618034
    }, {
      "x" : -0.38196602,
      "y" : -2.618034,
      "z" : -1.0
    } ],
    "faces" : [ {
      "vertices" : [ 0, 1, 2 ]
    }, {
      "vertices" : [ 0, 2, 1 ]
    } ]
  }, {
    "id" : "fcfdccc3-2c9e-4157-876c-a4b2f06ccbf5",
    "vertices" : [ {
      "x" : 0.0,
      "y" : 0.0,
      "z" : 0.0
    }, {
      "x" : 2.0,
      "y" : -2.0,
      "z" : 0.0
    }, {
      "x" : 2.0,
      "y" : -11.91935,
      "z" : 6.130495
    }, {
      "x" : 0.0,
      "y" : -11.366563,
      "z" : 7.0249224
    } ],
    "faces" : [ {
      "vertices" : [ 0, 1, 2, 3 ]
    }, {
      "vertices" : [ 0, 3, 2, 1 ]
    } ]
  }, {
    "id" : "3a7dd150-cf7a-4cd9-bba6-9d648724664a",
    "vertices" : [ {
      "x" : 0.0,
      "y" : 0.0,
      "z" : 0.0
    }, {
      "x" : 0.618034,
      "y" : -2.236068,
      "z" : 1.618034
    }, {
      "x" : -1.0,
      "y" : -6.854102,
      "z" : -2.618034
    } ],
    "faces" : [ {
      "vertices" : [ 0, 1, 2 ]
    }, {
      "vertices" : [ 0, 2, 1 ]
    } ]
  }, {
    "id" : "91e14137-f24e-47d9-aeae-3b6313f68a98",
    "orbit" : "red",
    "name" : " :12/5 -4/5*phi",
    "vertices" : [ {
      "x" : 0.9045085,
      "y" : 0.3454915,
      "z" : 0.25
    }, {
      "x" : 6.8641834,
      "y" : 4.0287733,
      "z" : 0.25
    }, {
      "x" : 6.6732,
      "y" : 4.33779,
      "z" : 0.25
    }, {
      "x" : 0.7135255,
      "y" : 0.6545085,
      "z" : 0.25
    }, {
      "x" : 0.809017,
      "y" : 0.5,
      "z" : -0.309017
    }, {
      "x" : 0.9635255,
      "y" : 0.25,
      "z" : -0.095491506
    }, {
      "x" : 0.309017,
      "y" : 0.19098301,
      "z" : 0.0
    }, {
      "x" : 7.2686915,
      "y" : 4.4922986,
      "z" : 0.0
    }, {
      "x" : 6.6141834,
      "y" : 4.4332814,
      "z" : -0.095491506
    }, {
      "x" : 6.7686915,
      "y" : 4.1832814,
      "z" : -0.309017
    }, {
      "x" : 7.5777087,
      "y" : 4.6832814,
      "z" : 0.0
    }, {
      "x" : 0.6545085,
      "y" : 0.75,
      "z" : -0.095491506
    }, {
      "x" : 6.9232,
      "y" : 3.9332817,
      "z" : -0.095491506
    } ],
    "faces" : [ {
      "vertices" : [ 4, 11, 8, 9 ]
    }, {
      "vertices" : [ 0, 1, 2, 3 ]
    }, {
      "vertices" : [ 0, 3, 6 ]
    }, {
      "vertices" : [ 1, 7, 2 ]
    }, {
      "vertices" : [ 0, 6, 5 ]
    }, {
      "vertices" : [ 4, 5, 6 ]
    }, {
      "vertices" : [ 2, 7, 8 ]
    }, {
      "vertices" : [ 0, 5, 12, 1 ]
    }, {
      "vertices" : [ 1, 12, 7 ]
    }, {
      "vertices" : [ 3, 11, 6 ]
    }, {
      "vertices" : [ 4, 6, 11 ]
    }, {
      "vertices" : [ 7, 9, 8 ]
    }, {
      "vertices" : [ 2, 8, 11, 3 ]
    }, {
      "vertices" : [ 7, 12, 9 ]
    }, {
      "vertices" : [ 4, 9, 12, 5 ]
    } ]
  }, {
    "id" : "86fe3b3c-decc-45a7-80c1-39b44da283df",
    "vertices" : [ {
      "x" : 0.0,
      "y" : 0.0,
      "z" : 0.0
    }, {
      "x" : 0.38196602,
      "y" : 2.618034,
      "z" : 1.0
    }, {
      "x" : 2.618034,
      "y" : 1.0,
      "z" : 6.854102
    } ],
    "faces" : [ {
      "vertices" : [ 0, 1, 2 ]
    }, {
      "vertices" : [ 0, 2, 1 ]
    } ]
  }, {
    "id" : "6b839564-4af2-48d5-a158-012e2b81c454",
    "vertices" : [ {
      "x" : 0.0,
      "y" : 0.0,
      "z" : 0.0
    }, {
      "x" : 0.0,
      "y" : 0.0,
      "z" : -6.472136
    }, {
      "x" : 0.0,
      "y" : 7.5777087,
      "z" : -11.155417
    }, {
      "x" : 0.0,
      "y" : 10.472136,
      "z" : -6.472136
    } ],
    "faces" : [ {
      "vertices" : [ 0, 1, 2, 3 ]
    }, {
      "vertices" : [ 0, 3, 2, 1 ]
    } ]
  }, {
    "id" : "66071416-1437-4d67-b3d7-7275ec942606",
    "vertices" : [ {
      "x" : 0.0,
      "y" : 0.0,
      "z" : 0.0
    }, {
      "x" : -0.618034,
      "y" : -2.4472136,
      "z" : 3.9596748
    }, {
      "x" : -0.618034,
      "y" : 5.130495,
      "z" : 8.642957
    }, {
      "x" : 0.0,
      "y" : 11.366563,
      "z" : 7.0249224
    } ],
    "faces" : [ {
      "vertices" : [ 0, 1, 2, 3 ]
    }, {
      "vertices" : [ 0, 3, 2, 1 ]
    } ]
  }, {
    "id" : "74cd59bf-d938-439f-9cf0-2c127efb81ef",
    "vertices" : [ {
      "x" : 0.0,
      "y" : 0.0,
      "z" : 0.0
    }, {
      "x" : 0.38196602,
      "y" : 2.618034,
      "z" : 1.0
    }, {
      "x" : 1.0,
      "y" : 0.38196602,
      "z" : 2.618034
    } ],
    "faces" : [ {
      "vertices" : [ 0, 1, 2 ]
    }, {
      "vertices" : [ 0, 2, 1 ]
    } ]
  }, {
    "id" : "88a1b6ec-e5c9-4db8-a109-ac711651408b",
    "orbit" : "red",
    "name" : " :4/5 +2/5*phi",
    "vertices" : [ {
      "x" : 0.9045085,
      "y" : 0.3454915,
      "z" : 0.25
    }, {
      "x" : 9.205824,
      "y" : 5.4759865,
      "z" : 0.25
    }, {
      "x" : 9.014841,
      "y" : 5.7850037,
      "z" : 0.25
    }, {
      "x" : 0.7135255,
      "y" : 0.6545085,
      "z" : 0.25
    }, {
      "x" : 0.809017,
      "y" : 0.5,
      "z" : -0.309017
    }, {
      "x" : 0.9635255,
      "y" : 0.25,
      "z" : -0.095491506
    }, {
      "x" : 0.309017,
      "y" : 0.19098301,
      "z" : 0.0
    }, {
      "x" : 9.6103325,
      "y" : 5.9395123,
      "z" : 0.0
    }, {
      "x" : 8.955824,
      "y" : 5.880495,
      "z" : -0.095491506
    }, {
      "x" : 9.1103325,
      "y" : 5.630495,
      "z" : -0.309017
    }, {
      "x" : 9.91935,
      "y" : 6.130495,
      "z" : 0.0
    }, {
      "x" : 0.6545085,
      "y" : 0.75,
      "z" : -0.095491506
    }, {
      "x" : 9.264841,
      "y" : 5.380495,
      "z" : -0.095491506
    } ],
    "faces" : [ {
      "vertices" : [ 4, 11, 8, 9 ]
    }, {
      "vertices" : [ 0, 1, 2, 3 ]
    }, {
      "vertices" : [ 0, 3, 6 ]
    }, {
      "vertices" : [ 1, 7, 2 ]
    }, {
      "vertices" : [ 0, 6, 5 ]
    }, {
      "vertices" : [ 4, 5, 6 ]
    }, {
      "vertices" : [ 2, 7, 8 ]
    }, {
      "vertices" : [ 0, 5, 12, 1 ]
    }, {
      "vertices" : [ 1, 12, 7 ]
    }, {
      "vertices" : [ 3, 11, 6 ]
    }, {
      "vertices" : [ 4, 6, 11 ]
    }, {
      "vertices" : [ 7, 9, 8 ]
    }, {
      "vertices" : [ 2, 8, 11, 3 ]
    }, {
      "vertices" : [ 7, 12, 9 ]
    }, {
      "vertices" : [ 4, 9, 12, 5 ]
    } ]
  }, {
    "id" : "df9f5336-77b4-4a48-8859-81b82603e6e3",
    "orbit" : "red",
    "name" : " :8 -4*phi",
    "vertices" : [ {
      "x" : 0.9045085,
      "y" : 0.3454915,
      "z" : 0.25
    }, {
      "x" : 9.758611,
      "y" : 5.8176274,
      "z" : 0.25
    }, {
      "x" : 9.567628,
      "y" : 6.1266446,
      "z" : 0.25
    }, {
      "x" : 0.7135255,
      "y" : 0.6545085,
      "z" : 0.25
    }, {
      "x" : 0.809017,
      "y" : 0.5,
      "z" : -0.309017
    }, {
      "x" : 0.9635255,
      "y" : 0.25,
      "z" : -0.095491506
    }, {
      "x" : 0.309017,
      "y" : 0.19098301,
      "z" : 0.0
    }, {
      "x" : 10.163119,
      "y" : 6.2811527,
      "z" : 0.0
    }, {
      "x" : 9.508611,
      "y" : 6.222136,
      "z" : -0.095491506
    }, {
      "x" : 9.663119,
      "y" : 5.972136,
      "z" : -0.309017
    }, {
      "x" : 10.472136,
      "y" : 6.472136,
      "z" : 0.0
    }, {
      "x" : 0.6545085,
      "y" : 0.75,
      "z" : -0.095491506
    }, {
      "x" : 9.817628,
      "y" : 5.722136,
      "z" : -0.095491506
    } ],
    "faces" : [ {
      "vertices" : [ 4, 11, 8, 9 ]
    }, {
      "vertices" : [ 0, 1, 2, 3 ]
    }, {
      "vertices" : [ 0, 3, 6 ]
    }, {
      "vertices" : [ 1, 7, 2 ]
    }, {
      "vertices" : [ 0, 6, 5 ]
    }, {
      "vertices" : [ 4, 5, 6 ]
    }, {
      "vertices" : [ 2, 7, 8 ]
    }, {
      "vertices" : [ 0, 5, 12, 1 ]
    }, {
      "vertices" : [ 1, 12, 7 ]
    }, {
      "vertices" : [ 3, 11, 6 ]
    }, {
      "vertices" : [ 4, 6, 11 ]
    }, {
      "vertices" : [ 7, 9, 8 ]
    }, {
      "vertices" : [ 2, 8, 11, 3 ]
    }, {
      "vertices" : [ 7, 12, 9 ]
    }, {
      "vertices" : [ 4, 9, 12, 5 ]
    } ]
  }, {
    "id" : "d38fa42c-e5c0-4121-8850-a4be774ed4a7",
    "orbit" : "green",
    "name" : " :-3 +2*phi",
    "vertices" : [ {
      "x" : 2.309017,
      "y" : 0.881966,
      "z" : -0.33688104
    }, {
      "x" : 1.927051,
      "y" : 0.42705098,
      "z" : -0.14589803
    }, {
      "x" : 1.763932,
      "y" : 0.690983,
      "z" : -0.572949
    }, {
      "x" : 1.690983,
      "y" : 0.95491505,
      "z" : -0.38196602
    }, {
      "x" : 0.85410196,
      "y" : 0.309017,
      "z" : 0.19098301
    }, {
      "x" : 0.690983,
      "y" : 0.572949,
      "z" : -0.23606798
    }, {
      "x" : 0.309017,
      "y" : 0.11803399,
      "z" : -0.045084972
    }, {
      "x" : 0.76393205,
      "y" : 0.309017,
      "z" : -0.42705098
    }, {
      "x" : 0.927051,
      "y" : 0.045084972,
      "z" : 0.0
    }, {
      "x" : 1.854102,
      "y" : 0.690983,
      "z" : 0.045084972
    }, {
      "x" : 2.618034,
      "y" : 1.0,
      "z" : -0.38196602
    } ],
    "faces" : [ {
      "vertices" : [ 2, 7, 5, 3 ]
    }, {
      "vertices" : [ 1, 8, 7, 2 ]
    }, {
      "vertices" : [ 4, 6, 8 ]
    }, {
      "vertices" : [ 5, 7, 6 ]
    }, {
      "vertices" : [ 0, 1, 2 ]
    }, {
      "vertices" : [ 0, 2, 3 ]
    }, {
      "vertices" : [ 6, 7, 8 ]
    }, {
      "vertices" : [ 3, 5, 4, 9 ]
    }, {
      "vertices" : [ 1, 9, 4, 8 ]
    }, {
      "vertices" : [ 0, 9, 1 ]
    }, {
      "vertices" : [ 0, 3, 9 ]
    }, {
      "vertices" : [ 4, 5, 6 ]
    } ]
  }, {
    "id" : "515517ec-eeba-496e-a419-72f5d8e08e57",
    "vertices" : [ {
      "x" : 0.0,
      "y" : 0.0,
      "z" : 0.0
    }, {
      "x" : 4.236068,
      "y" : -6.854102,
      "z" : 11.09017
    }, {
      "x" : 11.09017,
      "y" : -17.944271,
      "z" : 6.854102
    } ],
    "faces" : [ {
      "vertices" : [ 0, 1, 2 ]
    }, {
      "vertices" : [ 0, 2, 1 ]
    } ]
  }, {
    "id" : "5c792688-fd57-411f-af2b-29b759dd8048",
    "vertices" : [ {
      "x" : 0.0,
      "y" : 0.0,
      "z" : 0.0
    }, {
      "x" : 0.0,
      "y" : 1.4472136,
      "z" : 2.3416407
    }, {
      "x" : 0.0,
      "y" : -8.472136,
      "z" : 8.472136
    }, {
      "x" : 0.0,
      "y" : -10.472136,
      "z" : 6.472136
    } ],
    "faces" : [ {
      "vertices" : [ 0, 1, 2, 3 ]
    }, {
      "vertices" : [ 0, 3, 2, 1 ]
    } ]
  }, {
    "id" : "8d9c0373-73b2-467e-9f5f-38546dea7177",
    "vertices" : [ {
      "x" : 0.0,
      "y" : 0.0,
      "z" : 0.0
    }, {
      "x" : 0.0,
      "y" : -6.472136,
      "z" : 0.0
    }, {
      "x" : -1.0,
      "y" : -6.854102,
      "z" : -2.618034
    } ],
    "faces" : [ {
      "vertices" : [ 0, 1, 2 ]
    }, {
      "vertices" : [ 0, 2, 1 ]
    } ]
  }, {
    "id" : "0b9bf351-8ce3-4a66-bc51-38cdec8ea26d",
    "vertices" : [ {
      "x" : 0.0,
      "y" : 0.0,
      "z" : 0.0
    }, {
      "x" : 0.0,
      "y" : -1.4472136,
      "z" : -2.3416407
    }, {
      "x" : 0.0,
      "y" : 8.472136,
      "z" : -8.472136
    }, {
      "x" : 0.0,
      "y" : 10.472136,
      "z" : -6.472136
    } ],
    "faces" : [ {
      "vertices" : [ 0, 1, 2, 3 ]
    }, {
      "vertices" : [ 0, 3, 2, 1 ]
    } ]
  }, {
    "id" : "3b6ae49a-acb7-442a-b652-0d572476fa62",
    "orbit" : "red",
    "name" : " :18/5 -6/5*phi",
    "vertices" : [ {
      "x" : 0.9045085,
      "y" : 0.3454915,
      "z" : 0.25
    }, {
      "x" : 10.653038,
      "y" : 6.370414,
      "z" : 0.25
    }, {
      "x" : 10.462054,
      "y" : 6.679431,
      "z" : 0.25
    }, {
      "x" : 0.7135255,
      "y" : 0.6545085,
      "z" : 0.25
    }, {
      "x" : 0.809017,
      "y" : 0.5,
      "z" : -0.309017
    }, {
      "x" : 0.9635255,
      "y" : 0.25,
      "z" : -0.095491506
    }, {
      "x" : 0.309017,
      "y" : 0.19098301,
      "z" : 0.0
    }, {
      "x" : 11.057547,
      "y" : 6.8339396,
      "z" : 0.0
    }, {
      "x" : 10.403038,
      "y" : 6.7749224,
      "z" : -0.095491506
    }, {
      "x" : 10.557547,
      "y" : 6.5249224,
      "z" : -0.309017
    }, {
      "x" : 11.366563,
      "y" : 7.0249224,
      "z" : 0.0
    }, {
      "x" : 0.6545085,
      "y" : 0.75,
      "z" : -0.095491506
    }, {
      "x" : 10.712054,
      "y" : 6.2749224,
      "z" : -0.095491506
    } ],
    "faces" : [ {
      "vertices" : [ 4, 11, 8, 9 ]
    }, {
      "vertices" : [ 0, 1, 2, 3 ]
    }, {
      "vertices" : [ 0, 3, 6 ]
    }, {
      "vertices" : [ 1, 7, 2 ]
    }, {
      "vertices" : [ 0, 6, 5 ]
    }, {
      "vertices" : [ 4, 5, 6 ]
    }, {
      "vertices" : [ 2, 7, 8 ]
    }, {
      "vertices" : [ 0, 5, 12, 1 ]
    }, {
      "vertices" : [ 1, 12, 7 ]
    }, {
      "vertices" : [ 3, 11, 6 ]
    }, {
      "vertices" : [ 4, 6, 11 ]
    }, {
      "vertices" : [ 7, 9, 8 ]
    }, {
      "vertices" : [ 2, 8, 11, 3 ]
    }, {
      "vertices" : [ 7, 12, 9 ]
    }, {
      "vertices" : [ 4, 9, 12, 5 ]
    } ]
  } ],
  "instances" : [ {
    "shape" : "0915c6d6-8cd1-460e-81f2-c32a00a30fcb",
    "color" : "#F7CF7F",
    "position" : {
      "x" : -12.09017,
      "y" : -4.236068,
      "z" : -5.236068
    },
    "orientation" : 7
  }, {
    "shape" : "ca89e424-6274-4b34-894b-3e53ea6451fc",
    "color" : "#FFFFFF",
    "position" : {
      "x" : 10.708204,
      "y" : -8.472136,
      "z" : 10.09017
    }
  }, {
    "shape" : "ca89e424-6274-4b34-894b-3e53ea6451fc",
    "color" : "#FFFFFF",
    "position" : {
      "x" : -11.09017,
      "y" : -9.09017,
      "z" : 9.09017
    }
  }, {
    "shape" : "ca89e424-6274-4b34-894b-3e53ea6451fc",
    "color" : "#FFFFFF",
    "position" : {
      "x" : 1.0,
      "y" : -7.236068,
      "z" : -15.326238
    }
  }, {
    "shape" : "cfba3c84-ae9e-41b2-bffb-2a61b11c1edc",
    "color" : "#F7CF7F",
    "position" : {
      "x" : 4.618034,
      "y" : -16.326239,
      "z" : -0.618034
    },
    "orientation" : 7
  }, {
    "shape" : "6d1534d7-36d0-4516-8194-043284ad0811",
    "color" : "#008D36",
    "position" : {
      "x" : -6.854102,
      "y" : -17.944271,
      "z" : 0.0
    },
    "orientation" : 49
  }, {
    "shape" : "cfba3c84-ae9e-41b2-bffb-2a61b11c1edc",
    "color" : "#F7CF7F",
    "position" : {
      "x" : -10.708204,
      "y" : -8.472136,
      "z" : -10.09017
    },
    "orientation" : 2
  }, {
    "shape" : "6d1534d7-36d0-4516-8194-043284ad0811",
    "color" : "#008D36",
    "position" : {
      "x" : -11.09017,
      "y" : -11.09017,
      "z" : -11.09017
    },
    "orientation" : 14
  }, {
    "shape" : "ca89e424-6274-4b34-894b-3e53ea6451fc",
    "color" : "#FFFFFF",
    "position" : {
      "x" : -10.708204,
      "y" : -8.472136,
      "z" : -10.09017
    }
  }, {
    "shape" : "f204a786-0cf4-4fdf-a480-14012c3e9da1",
    "color" : "#7FBACA",
    "position" : {
      "x" : -11.09017,
      "y" : -9.09017,
      "z" : 9.09017
    },
    "orientation" : 55
  }, {
    "shape" : "6d1534d7-36d0-4516-8194-043284ad0811",
    "color" : "#008D36",
    "position" : {
      "x" : 6.854102,
      "y" : 17.944271,
      "z" : 0.0
    },
    "orientation" : 39
  }, {
    "shape" : "ca89e424-6274-4b34-894b-3e53ea6451fc",
    "color" : "#FFFFFF",
    "position" : {
      "x" : 6.236068,
      "y" : -15.708204,
      "z" : 1.618034
    }
  }, {
    "shape" : "affdd2dc-98b3-414a-a80d-fcca1995bf35",
    "color" : "#F7CF7F",
    "position" : {
      "x" : 8.472136,
      "y" : -10.09017,
      "z" : 4.236068
    },
    "orientation" : 6
  }, {
    "shape" : "6d1534d7-36d0-4516-8194-043284ad0811",
    "color" : "#008D36",
    "position" : {
      "x" : 17.944271,
      "y" : 0.0,
      "z" : -6.854102
    },
    "orientation" : 41
  }, {
    "shape" : "ca89e424-6274-4b34-894b-3e53ea6451fc",
    "color" : "#FFFFFF",
    "position" : {
      "x" : -9.09017,
      "y" : -11.09017,
      "z" : 9.09017
    }
  }, {
    "shape" : "6d1534d7-36d0-4516-8194-043284ad0811",
    "color" : "#008D36",
    "position" : {
      "x" : 11.09017,
      "y" : -11.09017,
      "z" : 11.09017
    },
    "orientation" : 57
  }, {
    "shape" : "75731eba-f1f0-42ce-b2ef-18d2e00faec1",
    "color" : "#F7CF7F",
    "position" : {
      "x" : 9.09017,
      "y" : -9.09017,
      "z" : -11.09017
    },
    "orientation" : 39
  }, {
    "shape" : "ca89e424-6274-4b34-894b-3e53ea6451fc",
    "color" : "#FFFFFF",
    "position" : {
      "x" : -15.708204,
      "y" : -1.618034,
      "z" : -6.236068
    }
  }, {
    "shape" : "ca89e424-6274-4b34-894b-3e53ea6451fc",
    "color" : "#FFFFFF",
    "position" : {
      "x" : 8.472136,
      "y" : -10.09017,
      "z" : 4.236068
    }
  }, {
    "shape" : "fcfdccc3-2c9e-4157-876c-a4b2f06ccbf5",
    "color" : "#CCBAA4",
    "position" : {
      "x" : -9.09017,
      "y" : -9.09017,
      "z" : 11.09017
    },
    "orientation" : 45
  }, {
    "shape" : "ca89e424-6274-4b34-894b-3e53ea6451fc",
    "color" : "#FFFFFF",
    "position" : {
      "x" : 15.708204,
      "y" : 1.618034,
      "z" : -6.236068
    }
  }, {
    "shape" : "ca89e424-6274-4b34-894b-3e53ea6451fc",
    "color" : "#FFFFFF",
    "position" : {
      "x" : -0.618034,
      "y" : 4.618034,
      "z" : -16.326239
    }
  }, {
    "shape" : "0915c6d6-8cd1-460e-81f2-c32a00a30fcb",
    "color" : "#F7CF7F",
    "position" : {
      "x" : -1.618034,
      "y" : 1.0,
      "z" : -13.708204
    },
    "orientation" : 4
  }, {
    "shape" : "ca89e424-6274-4b34-894b-3e53ea6451fc",
    "color" : "#FFFFFF",
    "position" : {
      "x" : 11.09017,
      "y" : 11.09017,
      "z" : -11.09017
    }
  }, {
    "shape" : "ca89e424-6274-4b34-894b-3e53ea6451fc",
    "color" : "#FFFFFF",
    "position" : {
      "x" : 11.09017,
      "y" : -9.09017,
      "z" : -9.09017
    }
  }, {
    "shape" : "3a7dd150-cf7a-4cd9-bba6-9d648724664a",
    "color" : "#F7CF7F",
    "position" : {
      "x" : 11.09017,
      "y" : -11.09017,
      "z" : 11.09017
    },
    "orientation" : 38
  }, {
    "shape" : "ca89e424-6274-4b34-894b-3e53ea6451fc",
    "color" : "#FFFFFF",
    "position" : {
      "x" : 17.944271,
      "y" : 0.0,
      "z" : 6.854102
    }
  }, {
    "shape" : "91e14137-f24e-47d9-aeae-3b6313f68a98",
    "color" : "#AF0000",
    "position" : {
      "x" : -1.618034,
      "y" : -6.5777087,
      "z" : -18.391485
    },
    "orientation" : 1
  }, {
    "shape" : "ca89e424-6274-4b34-894b-3e53ea6451fc",
    "color" : "#FFFFFF",
    "position" : {
      "x" : 0.0,
      "y" : 6.854102,
      "z" : 17.944271
    }
  }, {
    "shape" : "cfba3c84-ae9e-41b2-bffb-2a61b11c1edc",
    "color" : "#F7CF7F",
    "position" : {
      "x" : -1.618034,
      "y" : -6.236068,
      "z" : -15.708204
    },
    "orientation" : 5
  }, {
    "shape" : "ca89e424-6274-4b34-894b-3e53ea6451fc",
    "color" : "#FFFFFF",
    "position" : {
      "x" : -11.09017,
      "y" : 11.09017,
      "z" : 11.09017
    }
  }, {
    "shape" : "ca89e424-6274-4b34-894b-3e53ea6451fc",
    "color" : "#FFFFFF",
    "position" : {
      "x" : 0.0,
      "y" : 6.854102,
      "z" : -17.944271
    }
  }, {
    "shape" : "ca89e424-6274-4b34-894b-3e53ea6451fc",
    "color" : "#FFFFFF",
    "position" : {
      "x" : 11.09017,
      "y" : -11.09017,
      "z" : 11.09017
    }
  }, {
    "shape" : "86fe3b3c-decc-45a7-80c1-39b44da283df",
    "color" : "#F7CF7F",
    "position" : {
      "x" : 0.0,
      "y" : 6.854102,
      "z" : -17.944271
    },
    "orientation" : 8
  }, {
    "shape" : "6d1534d7-36d0-4516-8194-043284ad0811",
    "color" : "#008D36",
    "position" : {
      "x" : 17.944271,
      "y" : 0.0,
      "z" : -6.854102
    },
    "orientation" : 48
  }, {
    "shape" : "6d1534d7-36d0-4516-8194-043284ad0811",
    "color" : "#008D36",
    "position" : {
      "x" : -11.09017,
      "y" : 11.09017,
      "z" : 11.09017
    },
    "orientation" : 27
  }, {
    "shape" : "ca89e424-6274-4b34-894b-3e53ea6451fc",
    "color" : "#FFFFFF",
    "position" : {
      "x" : -8.472136,
      "y" : -10.09017,
      "z" : -10.708204
    }
  }, {
    "shape" : "ca89e424-6274-4b34-894b-3e53ea6451fc",
    "color" : "#FFFFFF",
    "position" : {
      "x" : -4.618034,
      "y" : -16.326239,
      "z" : 0.618034
    }
  }, {
    "shape" : "ca89e424-6274-4b34-894b-3e53ea6451fc",
    "color" : "#FFFFFF",
    "position" : {
      "x" : 9.09017,
      "y" : -11.09017,
      "z" : -9.09017
    }
  }, {
    "shape" : "ca89e424-6274-4b34-894b-3e53ea6451fc",
    "color" : "#FFFFFF",
    "position" : {
      "x" : -6.236068,
      "y" : -15.708204,
      "z" : -1.618034
    }
  }, {
    "shape" : "6b839564-4af2-48d5-a158-012e2b81c454",
    "color" : "#7FBACA",
    "position" : {
      "x" : 16.326239,
      "y" : -0.618034,
      "z" : -4.618034
    },
    "orientation" : 40
  }, {
    "shape" : "6d1534d7-36d0-4516-8194-043284ad0811",
    "color" : "#008D36",
    "position" : {
      "x" : -11.09017,
      "y" : -11.09017,
      "z" : 11.09017
    },
    "orientation" : 52
  }, {
    "shape" : "66071416-1437-4d67-b3d7-7275ec942606",
    "color" : "#FFFFFF",
    "position" : {
      "x" : 15.708204,
      "y" : -9.748529,
      "z" : -13.26099
    },
    "orientation" : 5
  }, {
    "shape" : "6d1534d7-36d0-4516-8194-043284ad0811",
    "color" : "#008D36",
    "position" : {
      "x" : -6.854102,
      "y" : -17.944271,
      "z" : 0.0
    },
    "orientation" : 1
  }, {
    "shape" : "74cd59bf-d938-439f-9cf0-2c127efb81ef",
    "color" : "#F7CF7F",
    "position" : {
      "x" : 7.236068,
      "y" : -15.326238,
      "z" : -1.0
    },
    "orientation" : 30
  }, {
    "shape" : "ca89e424-6274-4b34-894b-3e53ea6451fc",
    "color" : "#FFFFFF",
    "position" : {
      "x" : -16.326239,
      "y" : 0.618034,
      "z" : -4.618034
    }
  }, {
    "shape" : "6d1534d7-36d0-4516-8194-043284ad0811",
    "color" : "#008D36",
    "position" : {
      "x" : 0.0,
      "y" : 6.854102,
      "z" : -17.944271
    },
    "orientation" : 32
  }, {
    "shape" : "6d1534d7-36d0-4516-8194-043284ad0811",
    "color" : "#008D36",
    "position" : {
      "x" : 11.09017,
      "y" : 11.09017,
      "z" : 11.09017
    },
    "orientation" : 53
  }, {
    "shape" : "f204a786-0cf4-4fdf-a480-14012c3e9da1",
    "color" : "#7FBACA",
    "position" : {
      "x" : 8.472136,
      "y" : -10.09017,
      "z" : 10.708204
    },
    "orientation" : 45
  }, {
    "shape" : "88a1b6ec-e5c9-4db8-a109-ac711651408b",
    "color" : "#AF0000",
    "position" : {
      "x" : 0.0,
      "y" : 6.854102,
      "z" : -17.944271
    },
    "orientation" : 16
  }, {
    "shape" : "ca89e424-6274-4b34-894b-3e53ea6451fc",
    "color" : "#FFFFFF",
    "position" : {
      "x" : -11.09017,
      "y" : -11.09017,
      "z" : -11.09017
    }
  }, {
    "shape" : "ca89e424-6274-4b34-894b-3e53ea6451fc",
    "color" : "#FFFFFF",
    "position" : {
      "x" : -5.854102,
      "y" : -11.09017,
      "z" : 5.854102
    }
  }, {
    "shape" : "6d1534d7-36d0-4516-8194-043284ad0811",
    "color" : "#008D36",
    "position" : {
      "x" : 6.854102,
      "y" : -17.944271,
      "z" : 0.0
    },
    "orientation" : 46
  }, {
    "shape" : "df9f5336-77b4-4a48-8859-81b82603e6e3",
    "color" : "#AF0000",
    "position" : {
      "x" : 1.618034,
      "y" : -4.236068,
      "z" : -22.18034
    },
    "orientation" : 1
  }, {
    "shape" : "66071416-1437-4d67-b3d7-7275ec942606",
    "color" : "#FFFFFF",
    "position" : {
      "x" : 10.708204,
      "y" : -19.8387,
      "z" : 3.0652475
    },
    "orientation" : 41
  }, {
    "shape" : "6d1534d7-36d0-4516-8194-043284ad0811",
    "color" : "#008D36",
    "position" : {
      "x" : -11.09017,
      "y" : -11.09017,
      "z" : -11.09017
    },
    "orientation" : 13
  }, {
    "shape" : "fcfdccc3-2c9e-4157-876c-a4b2f06ccbf5",
    "color" : "#CCBAA4",
    "position" : {
      "x" : -1.0,
      "y" : 7.236068,
      "z" : -15.326238
    },
    "orientation" : 3
  }, {
    "shape" : "0915c6d6-8cd1-460e-81f2-c32a00a30fcb",
    "color" : "#F7CF7F",
    "position" : {
      "x" : 11.09017,
      "y" : -2.618034,
      "z" : -7.854102
    },
    "orientation" : 1
  }, {
    "shape" : "6d1534d7-36d0-4516-8194-043284ad0811",
    "color" : "#008D36",
    "position" : {
      "x" : 0.0,
      "y" : 6.854102,
      "z" : -17.944271
    },
    "orientation" : 5
  }, {
    "shape" : "d38fa42c-e5c0-4121-8850-a4be774ed4a7",
    "color" : "#008D36",
    "position" : {
      "x" : 17.944271,
      "y" : 0.0,
      "z" : 6.854102
    },
    "orientation" : 33
  }, {
    "shape" : "ca89e424-6274-4b34-894b-3e53ea6451fc",
    "color" : "#FFFFFF",
    "position" : {
      "x" : -1.618034,
      "y" : 1.0,
      "z" : -13.708204
    }
  }, {
    "shape" : "ca89e424-6274-4b34-894b-3e53ea6451fc",
    "color" : "#FFFFFF",
    "position" : {
      "x" : -1.618034,
      "y" : -6.5777087,
      "z" : -18.391485
    }
  }, {
    "shape" : "515517ec-eeba-496e-a419-72f5d8e08e57",
    "color" : "#D77F7F",
    "position" : {
      "x" : 0.0,
      "y" : -6.854102,
      "z" : -17.944271
    },
    "orientation" : 16
  }, {
    "shape" : "3a7dd150-cf7a-4cd9-bba6-9d648724664a",
    "color" : "#F7CF7F",
    "position" : {
      "x" : -11.09017,
      "y" : -11.09017,
      "z" : 11.09017
    },
    "orientation" : 54
  }, {
    "shape" : "6b839564-4af2-48d5-a158-012e2b81c454",
    "color" : "#7FBACA",
    "position" : {
      "x" : -15.326238,
      "y" : 1.0,
      "z" : -7.236068
    },
    "orientation" : 23
  }, {
    "shape" : "6d1534d7-36d0-4516-8194-043284ad0811",
    "color" : "#008D36",
    "position" : {
      "x" : -11.09017,
      "y" : -11.09017,
      "z" : 11.09017
    },
    "orientation" : 6
  }, {
    "shape" : "ca89e424-6274-4b34-894b-3e53ea6451fc",
    "color" : "#FFFFFF",
    "position" : {
      "x" : 4.618034,
      "y" : -16.326239,
      "z" : -0.618034
    }
  }, {
    "shape" : "ca89e424-6274-4b34-894b-3e53ea6451fc",
    "color" : "#FFFFFF",
    "position" : {
      "x" : -17.944271,
      "y" : 0.0,
      "z" : 6.854102
    }
  }, {
    "shape" : "ca89e424-6274-4b34-894b-3e53ea6451fc",
    "color" : "#FFFFFF",
    "position" : {
      "x" : 0.0,
      "y" : 0.0,
      "z" : 0.0
    }
  }, {
    "shape" : "66071416-1437-4d67-b3d7-7275ec942606",
    "color" : "#FFFFFF",
    "position" : {
      "x" : -9.09017,
      "y" : -20.456734,
      "z" : 4.0652475
    },
    "orientation" : 57
  }, {
    "shape" : "ca89e424-6274-4b34-894b-3e53ea6451fc",
    "color" : "#FFFFFF",
    "position" : {
      "x" : -6.854102,
      "y" : 17.944271,
      "z" : 0.0
    }
  }, {
    "shape" : "cfba3c84-ae9e-41b2-bffb-2a61b11c1edc",
    "color" : "#F7CF7F",
    "position" : {
      "x" : -8.472136,
      "y" : -10.09017,
      "z" : -10.708204
    },
    "orientation" : 1
  }, {
    "shape" : "75731eba-f1f0-42ce-b2ef-18d2e00faec1",
    "color" : "#F7CF7F",
    "position" : {
      "x" : 6.236068,
      "y" : -15.708204,
      "z" : 1.618034
    },
    "orientation" : 3
  }, {
    "shape" : "ca89e424-6274-4b34-894b-3e53ea6451fc",
    "color" : "#FFFFFF",
    "position" : {
      "x" : -10.09017,
      "y" : -10.708204,
      "z" : -8.472136
    }
  }, {
    "shape" : "5c792688-fd57-411f-af2b-29b759dd8048",
    "color" : "#7FBACA",
    "position" : {
      "x" : 8.472136,
      "y" : -20.562305,
      "z" : 4.236068
    },
    "orientation" : 40
  }, {
    "shape" : "ca89e424-6274-4b34-894b-3e53ea6451fc",
