{
  "field" : "golden",
  "symmetry" : "icosahedral",
  "orientations" : [ [ 1.0, 0.0, 0.0, 0.0, 0.0, 1.0, 0.0, 0.0, 0.0, 0.0, 1.0, 0.0, 0.0, 0.0, 0.0, 1.0 ], [ 0.0, 0.0, 1.0, 0.0, 1.0, 0.0, 0.0, 0.0, 0.0, 1.0, 0.0, 0.0, 0.0, 0.0, 0.0, 1.0 ], [ 0.0, 1.0, 0.0, 0.0, 0.0, 0.0, 1.0, 0.0, 1.0, 0.0, 0.0, 0.0, 0.0, 0.0, 0.0, 1.0 ], [ 0.809017, 0.309017, 0.5, 0.0, 0.309017, 0.5, -0.809017, 0.0, -0.5, 0.809017, 0.309017, 0.0, 0.0, 0.0, 0.0, 1.0 ], [ -0.5, 0.809017, 0.309017, 0.0, 0.809017, 0.309017, 0.5, 0.0, 0.309017, 0.5, -0.809017, 0.0, 0.0, 0.0, 0.0, 1.0 ], [ 0.309017, 0.5, -0.809017, 0.0, -0.5, 0.809017, 0.309017, 0.0, 0.809017, 0.309017, 0.5, 0.0, 0.0, 0.0, 0.0, 1.0 ], [ 0.5, 0.809017, 0.309017, 0.0, 0.809017, -0.309017, -0.5, 0.0, -0.309017, 0.5, -0.809017, 0.0, 0.0, 0.0, 0.0, 1.0 ], [ -0.309017, 0.5, -0.809017, 0.0, 0.5, 0.809017, 0.309017, 0.0, 0.809017, -0.309017, -0.5, 0.0, 0.0, 0.0, 0.0, 1.0 ], [ 0.809017, -0.309017, -0.5, 0.0, -0.309017, 0.5, -0.809017, 0.0, 0.5, 0.809017, 0.309017, 0.0, 0.0, 0.0, 0.0, 1.0 ], [ 0.5, 0.809017, -0.309017, 0.0, 0.809017, -0.309017, 0.5, 0.0, 0.309017, -0.5, -0.809017, 0.0, 0.0, 0.0, 0.0, 1.0 ], [ 0.309017, -0.5, -0.809017, 0.0, 0.5, 0.809017, -0.309017, 0.0, 0.809017, -0.309017, 0.5, 0.0, 0.0, 0.0, 0.0, 1.0 ], [ 0.809017, -0.309017, 0.5, 0.0, 0.309017, -0.5, -0.809017, 0.0, 0.5, 0.809017, -0.309017, 0.0, 0.0, 0.0, 0.0, 1.0 ], [ 0.809017, 0.309017, -0.5, 0.0, 0.309017, 0.5, 0.809017, 0.0, 0.5, -0.809017, 0.309017, 0.0, 0.0, 0.0, 0.0, 1.0 ], [ 0.5, -0.809017, 0.309017, 0.0, 0.809017, 0.309017, -0.5, 0.0, 0.309017, 0.5, 0.809017, 0.0, 0.0, 0.0, 0.0, 1.0 ], [ 0.309017, 0.5, 0.809017, 0.0, 0.5, -0.809017, 0.309017, 0.0, 0.809017, 0.309017, -0.5, 0.0, 0.0, 0.0, 0.0, 1.0 ], [ 1.0, 0.0, 0.0, 0.0, 0.0, -1.0, 0.0, 0.0, 0.0, 0.0, -1.0, 0.0, 0.0, 0.0, 0.0, 1.0 ], [ 0.0, 0.0, 1.0, 0.0, -1.0, 0.0, 0.0, 0.0, 0.0, -1.0, 0.0, 0.0, 0.0, 0.0, 0.0, 1.0 ], [ 0.0, 1.0, 0.0, 0.0, 0.0, 0.0, -1.0, 0.0, -1.0, 0.0, 0.0, 0.0, 0.0, 0.0, 0.0, 1.0 ], [ 0.809017, 0.309017, 0.5, 0.0, -0.309017, -0.5, 0.809017, 0.0, 0.5, -0.809017, -0.309017, 0.0, 0.0, 0.0, 0.0, 1.0 ], [ -0.5, 0.809017, 0.309017, 0.0, -0.809017, -0.309017, -0.5, 0.0, -0.309017, -0.5, 0.809017, 0.0, 0.0, 0.0, 0.0, 1.0 ], [ 0.309017, 0.5, -0.809017, 0.0, 0.5, -0.809017, -0.309017, 0.0, -0.809017, -0.309017, -0.5, 0.0, 0.0, 0.0, 0.0, 1.0 ], [ 0.5, 0.809017, 0.309017, 0.0, -0.809017, 0.309017, 0.5, 0.0, 0.309017, -0.5, 0.809017, 0.0, 0.0, 0.0, 0.0, 1.0 ], [ -0.309017, 0.5, -0.809017, 0.0, -0.5, -0.809017, -0.309017, 0.0, -0.809017, 0.309017, 0.5, 0.0, 0.0, 0.0, 0.0, 1.0 ], [ 0.809017, -0.309017, -0.5, 0.0, 0.309017, -0.5, 0.809017, 0.0, -0.5, -0.809017, -0.309017, 0.0, 0.0, 0.0, 0.0, 1.0 ], [ 0.5, 0.809017, -0.309017, 0.0, -0.809017, 0.309017, -0.5, 0.0, -0.309017, 0.5, 0.809017, 0.0, 0.0, 0.0, 0.0, 1.0 ], [ 0.309017, -0.5, -0.809017, 0.0, -0.5, -0.809017, 0.309017, 0.0, -0.809017, 0.309017, -0.5, 0.0, 0.0, 0.0, 0.0, 1.0 ], [ 0.809017, -0.309017, 0.5, 0.0, -0.309017, 0.5, 0.809017, 0.0, -0.5, -0.809017, 0.309017, 0.0, 0.0, 0.0, 0.0, 1.0 ], [ 0.809017, 0.309017, -0.5, 0.0, -0.309017, -0.5, -0.809017, 0.0, -0.5, 0.809017, -0.309017, 0.0, 0.0, 0.0, 0.0, 1.0 ], [ 0.5, -0.809017, 0.309017, 0.0, -0.809017, -0.309017, 0.5, 0.0, -0.309017, -0.5, -0.809017, 0.0, 0.0, 0.0, 0.0, 1.0 ], [ 0.309017, 0.5, 0.809017, 0.0, -0.5, 0.809017, -0.309017, 0.0, -0.809017, -0.309017, 0.5, 0.0, 0.0, 0.0, 0.0, 1.0 ], [ -1.0, 0.0, 0.0, 0.0, 0.0, -1.0, 0.0, 0.0, 0.0, 0.0, 1.0, 0.0, 0.0, 0.0, 0.0, 1.0 ], [ 0.0, 0.0, -1.0, 0.0, -1.0, 0.0, 0.0, 0.0, 0.0, 1.0, 0.0, 0.0, 0.0, 0.0, 0.0, 1.0 ], [ 0.0, -1.0, 0.0, 0.0, 0.0, 0.0, -1.0, 0.0, 1.0, 0.0, 0.0, 0.0, 0.0, 0.0, 0.0, 1.0 ], [ -0.809017, -0.309017, -0.5, 0.0, -0.309017, -0.5, 0.809017, 0.0, -0.5, 0.809017, 0.309017, 0.0, 0.0, 0.0, 0.0, 1.0 ], [ 0.5, -0.809017, -0.309017, 0.0, -0.809017, -0.309017, -0.5, 0.0, 0.309017, 0.5, -0.809017, 0.0, 0.0, 0.0, 0.0, 1.0 ], [ -0.309017, -0.5, 0.809017, 0.0, 0.5, -0.809017, -0.309017, 0.0, 0.809017, 0.309017, 0.5, 0.0, 0.0, 0.0, 0.0, 1.0 ], [ -0.5, -0.809017, -0.309017, 0.0, -0.809017, 0.309017, 0.5, 0.0, -0.309017, 0.5, -0.809017, 0.0, 0.0, 0.0, 0.0, 1.0 ], [ 0.309017, -0.5, 0.809017, 0.0, -0.5, -0.809017, -0.309017, 0.0, 0.809017, -0.309017, -0.5, 0.0, 0.0, 0.0, 0.0, 1.0 ], [ -0.809017, 0.309017, 0.5, 0.0, 0.309017, -0.5, 0.809017, 0.0, 0.5, 0.809017, 0.309017, 0.0, 0.0, 0.0, 0.0, 1.0 ], [ -0.5, -0.809017, 0.309017, 0.0, -0.809017, 0.309017, -0.5, 0.0, 0.309017, -0.5, -0.809017, 0.0, 0.0, 0.0, 0.0, 1.0 ], [ -0.309017, 0.5, 0.809017, 0.0, -0.5, -0.809017, 0.309017, 0.0, 0.809017, -0.309017, 0.5, 0.0, 0.0, 0.0, 0.0, 1.0 ], [ -0.809017, 0.309017, -0.5, 0.0, -0.309017, 0.5, 0.809017, 0.0, 0.5, 0.809017, -0.309017, 0.0, 0.0, 0.0, 0.0, 1.0 ], [ -0.809017, -0.309017, 0.5, 0.0, -0.309017, -0.5, -0.809017, 0.0, 0.5, -0.809017, 0.309017, 0.0, 0.0, 0.0, 0.0, 1.0 ], [ -0.5, 0.809017, -0.309017, 0.0, -0.809017, -0.309017, 0.5, 0.0, 0.309017, 0.5, 0.809017, 0.0, 0.0, 0.0, 0.0, 1.0 ], [ -0.309017, -0.5, -0.809017, 0.0, -0.5, 0.809017, -0.309017, 0.0, 0.809017, 0.309017, -0.5, 0.0, 0.0, 0.0, 0.0, 1.0 ], [ -1.0, 0.0, 0.0, 0.0, 0.0, 1.0, 0.0, 0.0, 0.0, 0.0, -1.0, 0.0, 0.0, 0.0, 0.0, 1.0 ], [ 0.0, 0.0, -1.0, 0.0, 1.0, 0.0, 0.0, 0.0, 0.0, -1.0, 0.0, 0.0, 0.0, 0.0, 0.0, 1.0 ], [ 0.0, -1.0, 0.0, 0.0, 0.0, 0.0, 1.0, 0.0, -1.0, 0.0, 0.0, 0.0, 0.0, 0.0, 0.0, 1.0 ], [ -0.809017, -0.309017, -0.5, 0.0, 0.309017, 0.5, -0.809017, 0.0, 0.5, -0.809017, -0.309017, 0.0, 0.0, 0.0, 0.0, 1.0 ], [ 0.5, -0.809017, -0.309017, 0.0, 0.809017, 0.309017, 0.5, 0.0, -0.309017, -0.5, 0.809017, 0.0, 0.0, 0.0, 0.0, 1.0 ], [ -0.309017, -0.5, 0.809017, 0.0, -0.5, 0.809017, 0.309017, 0.0, -0.809017, -0.309017, -0.5, 0.0, 0.0, 0.0, 0.0, 1.0 ], [ -0.5, -0.809017, -0.309017, 0.0, 0.809017, -0.309017, -0.5, 0.0, 0.309017, -0.5, 0.809017, 0.0, 0.0, 0.0, 0.0, 1.0 ], [ 0.309017, -0.5, 0.809017, 0.0, 0.5, 0.809017, 0.309017, 0.0, -0.809017, 0.309017, 0.5, 0.0, 0.0, 0.0, 0.0, 1.0 ], [ -0.809017, 0.309017, 0.5, 0.0, -0.309017, 0.5, -0.809017, 0.0, -0.5, -0.809017, -0.309017, 0.0, 0.0, 0.0, 0.0, 1.0 ], [ -0.5, -0.809017, 0.309017, 0.0, 0.809017, -0.309017, 0.5, 0.0, -0.309017, 0.5, 0.809017, 0.0, 0.0, 0.0, 0.0, 1.0 ], [ -0.309017, 0.5, 0.809017, 0.0, 0.5, 0.809017, -0.309017, 0.0, -0.809017, 0.309017, -0.5, 0.0, 0.0, 0.0, 0.0, 1.0 ], [ -0.809017, 0.309017, -0.5, 0.0, 0.309017, -0.5, -0.809017, 0.0, -0.5, -0.809017, 0.309017, 0.0, 0.0, 0.0, 0.0, 1.0 ], [ -0.809017, -0.309017, 0.5, 0.0, 0.309017, 0.5, 0.809017, 0.0, -0.5, 0.809017, -0.309017, 0.0, 0.0, 0.0, 0.0, 1.0 ], [ -0.5, 0.809017, -0.309017, 0.0, 0.809017, 0.309017, -0.5, 0.0, -0.309017, -0.5, -0.809017, 0.0, 0.0, 0.0, 0.0, 1.0 ], [ -0.309017, -0.5, -0.809017, 0.0, 0.5, -0.809017, 0.309017, 0.0, -0.809017, -0.309017, 0.5, 0.0, 0.0, 0.0, 0.0, 1.0 ] ],
  "lights" : {
    "ambientColor" : "#292929",
    "backgroundColor" : "#AFC8DC",
    "directionalLights" : [ {
      "direction" : {
        "x" : 1.0,
        "y" : -1.0,
        "z" : -1.0
      },
      "color" : "#EBEBE4"
    }, {
      "direction" : {
        "x" : -1.0,
        "y" : 0.0,
        "z" : 0.0
      },
      "color" : "#E4E4EB"
    }, {
      "direction" : {
        "x" : 0.0,
        "y" : 0.0,
        "z" : -1.0
      },
      "color" : "#1E1E1E"
    } ]
  },
  "camera" : {
    "lookDirection" : {
      "x" : 0.3691833,
      "y" : -0.91515154,
      "z" : -0.16186918
    },
    "upDirection" : {
      "x" : 0.9289899,
      "y" : 0.35849655,
      "z" : 0.09197754
    },
    "lookAtPoint" : {
      "x" : 0.0,
      "y" : 0.0,
      "z" : 0.0
    },
    "viewDistance" : 468.19247,
    "nearClipDistance" : 1.1704816,
    "farClipDistance" : 936.3854,
    "fieldOfView" : 0.442629,
    "perspective" : true,
    "width" : 210.68668,
    "stereo" : false,
    "position" : {
      "x" : -172.84885,
      "y" : 428.46707,
      "z" : 75.785934
    }
  },
  "embedding" : [ 1.0, 0.0, 0.0, 0.0, 0.0, 1.0, 0.0, 0.0, 0.0, 0.0, 1.0, 0.0, 0.0, 0.0, 0.0, 1.0 ],
  "shapes" : [ {
    "id" : "4657ce90-5d8e-4356-9959-37f370443bad",
    "vertices" : [ {
      "x" : 0.309017,
      "y" : 0.809017,
      "z" : -0.618034
    }, {
      "x" : 0.19098301,
      "y" : 1.0,
      "z" : -0.309017
    }, {
      "x" : 0.5,
      "y" : 2.0,
      "z" : -0.809017
    }, {
      "x" : 0.618034,
      "y" : 1.809017,
      "z" : -1.118034
    }, {
      "x" : 13.708204,
      "y" : 30.652475,
      "z" : -13.708204
    }, {
      "x" : 12.59017,
      "y" : 29.034441,
      "z" : -12.899187
    }, {
      "x" : 1.0,
      "y" : 1.809017,
      "z" : -0.5
    }, {
      "x" : 13.09017,
      "y" : 28.843458,
      "z" : -12.59017
    }, {
      "x" : 13.5172205,
      "y" : 29.652475,
      "z" : -13.399187
    }, {
      "x" : 13.208204,
      "y" : 28.652475,
      "z" : -12.899187
    }, {
      "x" : 12.708204,
      "y" : 28.843458,
      "z" : -13.208204
    }, {
      "x" : 13.0172205,
      "y" : 29.843458,
      "z" : -13.708204
    }, {
      "x" : 13.399187,
      "y" : 29.843458,
      "z" : -13.09017
    }, {
      "x" : 1.118034,
      "y" : 1.618034,
      "z" : -0.809017
    }, {
      "x" : 0.809017,
      "y" : 0.618034,
      "z" : -0.309017
    }, {
      "x" : 12.899187,
      "y" : 30.034441,
      "z" : -13.399187
    }, {
      "x" : 0.690983,
      "y" : 0.809017,
      "z" : 0.0
    } ],
    "faces" : [ {
      "vertices" : [ 6, 16, 14 ]
    }, {
      "vertices" : [ 6, 14, 13 ]
    }, {
      "vertices" : [ 6, 13, 9 ]
    }, {
      "vertices" : [ 6, 9, 7 ]
    }, {
      "vertices" : [ 3, 10, 9 ]
    }, {
      "vertices" : [ 3, 9, 13 ]
    }, {
      "vertices" : [ 2, 6, 7 ]
    }, {
      "vertices" : [ 2, 7, 5 ]
    }, {
      "vertices" : [ 2, 5, 10 ]
    }, {
      "vertices" : [ 2, 10, 3 ]
    }, {
      "vertices" : [ 7, 9, 8 ]
    }, {
      "vertices" : [ 7, 8, 12 ]
    }, {
      "vertices" : [ 0, 1, 2 ]
    }, {
      "vertices" : [ 0, 2, 3 ]
    }, {
      "vertices" : [ 8, 9, 10 ]
    }, {
      "vertices" : [ 8, 10, 11 ]
    }, {
      "vertices" : [ 5, 7, 12 ]
    }, {
      "vertices" : [ 5, 12, 15 ]
    }, {
      "vertices" : [ 1, 16, 6 ]
    }, {
      "vertices" : [ 1, 6, 2 ]
    }, {
      "vertices" : [ 5, 15, 11 ]
    }, {
      "vertices" : [ 5, 11, 10 ]
    }, {
      "vertices" : [ 0, 3, 13 ]
    }, {
      "vertices" : [ 0, 13, 14 ]
    } ]
  }, {
    "id" : "2c2aa2f5-3af6-401f-96ff-cb39ed74a2be",
    "vertices" : [ {
      "x" : 26.416409,
      "y" : 0.309017,
      "z" : 0.19098301
    }, {
      "x" : 26.416409,
      "y" : 0.309017,
      "z" : -0.19098301
    }, {
      "x" : 1.0,
      "y" : 0.309017,
      "z" : -0.19098301
    }, {
      "x" : 1.0,
      "y" : 0.309017,
      "z" : 0.19098301
    }, {
      "x" : 26.416409,
      "y" : -0.309017,
      "z" : 0.19098301
    }, {
      "x" : 1.0,
      "y" : -0.309017,
      "z" : 0.19098301
    }, {
      "x" : 1.0,
      "y" : -0.309017,
      "z" : -0.19098301
    }, {
      "x" : 26.416409,
      "y" : -0.309017,
      "z" : -0.19098301
    }, {
      "x" : 27.416409,
      "y" : 0.0,
      "z" : 0.0
    } ],
    "faces" : [ {
      "vertices" : [ 1, 7, 6 ]
    }, {
      "vertices" : [ 1, 6, 2 ]
    }, {
      "vertices" : [ 0, 1, 2 ]
    }, {
      "vertices" : [ 0, 2, 3 ]
    }, {
      "vertices" : [ 4, 5, 6 ]
    }, {
      "vertices" : [ 4, 6, 7 ]
    }, {
      "vertices" : [ 0, 3, 5 ]
    }, {
      "vertices" : [ 0, 5, 4 ]
    } ]
  }, {
    "id" : "917f2533-2349-411f-a4d8-315a30a22fe8",
    "vertices" : [ {
      "x" : 34.17502,
      "y" : 12.862713,
      "z" : -5.104102
    }, {
      "x" : 35.19756,
      "y" : 12.899187,
      "z" : -5.236068
    }, {
      "x" : 34.17502,
      "y" : 12.862713,
      "z" : -4.722136
    }, {
      "x" : 33.984035,
      "y" : 13.171729,
      "z" : -5.222136
    }, {
      "x" : 33.984035,
      "y" : 13.171729,
      "z" : -4.84017
    }, {
      "x" : 0.809017,
      "y" : 0.618034,
      "z" : 0.309017
    }, {
      "x" : 1.0,
      "y" : 0.309017,
      "z" : 0.19098301
    }, {
      "x" : 1.9045085,
      "y" : 0.5364745,
      "z" : -0.013932022
    }, {
      "x" : 34.888542,
      "y" : 13.399187,
      "z" : -5.427051
    }, {
      "x" : 35.079525,
      "y" : 13.09017,
      "z" : -5.545085
    }, {
      "x" : 35.079525,
      "y" : 13.09017,
      "z" : -4.927051
    }, {
      "x" : 34.888542,
      "y" : 13.399187,
      "z" : -5.045085
    }, {
      "x" : 1.7135255,
      "y" : 0.8454915,
      "z" : -0.13196601
    }, {
      "x" : 0.690983,
      "y" : 0.809017,
      "z" : 0.0
    }, {
      "x" : 1.9045085,
      "y" : 0.5364745,
      "z" : -0.39589804
    }, {
      "x" : 1.7135255,
      "y" : 0.8454915,
      "z" : -0.51393205
    }, {
      "x" : 0.809017,
      "y" : 0.618034,
      "z" : -0.309017
    }, {
      "x" : 1.0,
      "y" : 0.309017,
      "z" : -0.19098301
    }, {
      "x" : 35.888542,
      "y" : 13.708204,
      "z" : -5.236068
    } ],
    "faces" : [ {
      "vertices" : [ 0, 14, 15 ]
    }, {
      "vertices" : [ 0, 15, 3 ]
    }, {
      "vertices" : [ 3, 15, 12 ]
    }, {
      "vertices" : [ 3, 12, 4 ]
    }, {
      "vertices" : [ 0, 1, 2 ]
    }, {
      "vertices" : [ 12, 15, 13 ]
    }, {
      "vertices" : [ 0, 9, 1 ]
    }, {
      "vertices" : [ 0, 3, 9 ]
    }, {
      "vertices" : [ 13, 15, 16 ]
    }, {
      "vertices" : [ 6, 17, 14 ]
    }, {
      "vertices" : [ 6, 14, 7 ]
    }, {
      "vertices" : [ 1, 10, 2 ]
    }, {
      "vertices" : [ 5, 6, 7 ]
    }, {
      "vertices" : [ 3, 8, 9 ]
    }, {
      "vertices" : [ 0, 2, 7 ]
    }, {
      "vertices" : [ 0, 7, 14 ]
    }, {
      "vertices" : [ 5, 7, 12 ]
    }, {
      "vertices" : [ 2, 4, 12 ]
    }, {
      "vertices" : [ 2, 12, 7 ]
    }, {
      "vertices" : [ 3, 4, 11 ]
    }, {
      "vertices" : [ 3, 11, 8 ]
    }, {
      "vertices" : [ 2, 10, 11 ]
    }, {
      "vertices" : [ 2, 11, 4 ]
    }, {
      "vertices" : [ 5, 12, 13 ]
    }, {
      "vertices" : [ 14, 17, 16 ]
    }, {
      "vertices" : [ 14, 16, 15 ]
    } ]
  }, {
    "id" : "2f40be8a-912b-4c04-8a50-5b11bdbc6acb",
    "vertices" : [ {
      "x" : 7.854102,
      "y" : 34.079525,
      "z" : 7.736068
    }, {
      "x" : 8.354102,
      "y" : 33.888542,
      "z" : 8.045085
    }, {
      "x" : 0.73606795,
      "y" : 1.618034,
      "z" : 0.42705098
    }, {
      "x" : 0.23606798,
      "y" : 1.809017,
      "z" : 0.11803399
    }, {
      "x" : 7.736068,
      "y" : 34.27051,
      "z" : 8.045085
    }, {
      "x" : 8.236068,
      "y" : 34.079525,
      "z" : 8.354102
    }, {
      "x" : 8.281153,
      "y" : 34.888542,
      "z" : 8.781153
    }, {
      "x" : 7.7811527,
      "y" : 35.079525,
      "z" : 8.472136
    }, {
      "x" : 0.11803399,
      "y" : 2.0,
      "z" : 0.42705098
    }, {
      "x" : 0.618034,
      "y" : 1.809017,
      "z" : 0.73606795
    }, {
      "x" : 0.690983,
      "y" : 0.809017,
      "z" : 0.0
    }, {
      "x" : 0.19098301,
      "y" : 1.0,
      "z" : -0.309017
    }, {
      "x" : 0.19098301,
      "y" : 1.0,
      "z" : 0.309017
    }, {
      "x" : 8.281153,
      "y" : 34.888542,
      "z" : 8.163119
    }, {
      "x" : 8.472136,
      "y" : 35.888542,
      "z" : 8.472136
    } ],
    "faces" : [ {
      "vertices" : [ 0, 1, 2 ]
    }, {
      "vertices" : [ 0, 2, 3 ]
    }, {
      "vertices" : [ 0, 4, 7 ]
    }, {
      "vertices" : [ 1, 6, 5 ]
    }, {
      "vertices" : [ 0, 13, 1 ]
    }, {
      "vertices" : [ 0, 3, 8 ]
    }, {
      "vertices" : [ 0, 8, 4 ]
    }, {
      "vertices" : [ 1, 5, 9 ]
    }, {
      "vertices" : [ 1, 9, 2 ]
    }, {
      "vertices" : [ 1, 13, 6 ]
    }, {
      "vertices" : [ 0, 7, 13 ]
    }, {
      "vertices" : [ 2, 9, 10 ]
    }, {
      "vertices" : [ 4, 5, 6 ]
    }, {
      "vertices" : [ 4, 6, 7 ]
    }, {
      "vertices" : [ 3, 11, 8 ]
    }, {
      "vertices" : [ 4, 8, 9 ]
    }, {
      "vertices" : [ 4, 9, 5 ]
    }, {
      "vertices" : [ 2, 10, 11 ]
    }, {
      "vertices" : [ 2, 11, 3 ]
    }, {
      "vertices" : [ 8, 12, 9 ]
    }, {
      "vertices" : [ 8, 11, 12 ]
    }, {
      "vertices" : [ 9, 12, 10 ]
    } ]
  }, {
    "id" : "f2000b2f-f1f0-4ee0-9b8d-cd33393d0d74",
    "vertices" : [ {
      "x" : 0.809017,
      "y" : 0.0,
      "z" : -0.690983
    }, {
      "x" : 1.0,
      "y" : 0.309017,
      "z" : -0.19098301
    }, {
      "x" : 6.045085,
      "y" : 0.309017,
      "z" : -2.118034
    }, {
      "x" : 5.854102,
      "y" : 0.0,
      "z" : -2.618034
    }, {
      "x" : 12.708204,
      "y" : 0.309017,
      "z" : -5.045085
    }, {
      "x" : 1.0,
      "y" : -0.309017,
      "z" : -0.19098301
    }, {
      "x" : 6.045085,
      "y" : -0.309017,
      "z" : -2.118034
    }, {
      "x" : 7.663119,
      "y" : 0.309017,
      "z" : -3.118034
    }, {
      "x" : 7.854102,
      "y" : 0.0,
      "z" : -2.618034
    }, {
      "x" : 13.708204,
      "y" : 0.0,
      "z" : -5.236068
    }, {
      "x" : 7.663119,
      "y" : -0.309017,
      "z" : -3.118034
    }, {
      "x" : 12.899187,
      "y" : 0.0,
      "z" : -4.545085
    }, {
      "x" : 12.708204,
      "y" : -0.309017,
      "z" : -5.045085
    } ],
    "faces" : [ {
      "vertices" : [ 2, 6, 8 ]
    }, {
      "vertices" : [ 4, 12, 10 ]
    }, {
      "vertices" : [ 4, 10, 7 ]
    }, {
      "vertices" : [ 2, 8, 7 ]
    }, {
      "vertices" : [ 3, 10, 6 ]
    }, {
      "vertices" : [ 3, 7, 10 ]
    }, {
      "vertices" : [ 0, 1, 2 ]
    }, {
      "vertices" : [ 0, 2, 3 ]
    }, {
      "vertices" : [ 6, 10, 8 ]
    }, {
      "vertices" : [ 8, 10, 12 ]
    }, {
      "vertices" : [ 8, 12, 11 ]
    }, {
      "vertices" : [ 2, 7, 3 ]
    }, {
      "vertices" : [ 0, 3, 6 ]
    }, {
      "vertices" : [ 0, 6, 5 ]
    }, {
      "vertices" : [ 1, 5, 6 ]
    }, {
      "vertices" : [ 1, 6, 2 ]
    }, {
      "vertices" : [ 4, 7, 8 ]
    }, {
      "vertices" : [ 4, 8, 11 ]
    } ]
  }, {
    "id" : "f1d921f8-b558-49e0-a120-59015bffb6b7",
    "vertices" : [ {
      "x" : 8.472136,
      "y" : 35.888542,
      "z" : -35.888542
    }, {
      "x" : 35.888542,
      "y" : 8.472136,
      "z" : -35.888542
    }, {
      "x" : 44.36068,
      "y" : 0.0,
      "z" : 0.0
    }, {
      "x" : 22.18034,
      "y" : 22.18034,
      "z" : 22.18034
    }, {
      "x" : 0.0,
      "y" : 44.36068,
      "z" : 0.0
    } ],
    "faces" : [ {
      "vertices" : [ 0, 1, 2 ]
    }, {
      "vertices" : [ 0, 2, 3 ]
    }, {
      "vertices" : [ 0, 3, 4 ]
    }, {
      "vertices" : [ 0, 4, 3 ]
    }, {
      "vertices" : [ 0, 3, 2 ]
    }, {
      "vertices" : [ 0, 2, 1 ]
    } ]
  }, {
    "id" : "7a9721c2-c139-41bf-8027-0e0d75477f60",
    "vertices" : [ {
      "x" : -22.18034,
      "y" : -22.18034,
      "z" : -49.59675
    }, {
      "x" : -13.708204,
      "y" : -13.708204,
      "z" : -58.068882
    }, {
      "x" : 13.708204,
      "y" : 13.708204,
      "z" : -58.068882
    }, {
      "x" : 22.18034,
      "y" : 22.18034,
      "z" : -49.59675
    }, {
      "x" : 0.0,
      "y" : 0.0,
      "z" : -44.36068
    } ],
    "faces" : [ {
      "vertices" : [ 0, 1, 2 ]
    }, {
      "vertices" : [ 0, 2, 3 ]
    }, {
      "vertices" : [ 0, 3, 4 ]
    }, {
      "vertices" : [ 0, 4, 3 ]
    }, {
      "vertices" : [ 0, 3, 2 ]
    }, {
      "vertices" : [ 0, 2, 1 ]
    } ]
  }, {
    "id" : "b244479c-3230-44d8-b125-1873d96c52a2",
    "vertices" : [ {
      "x" : 0.309017,
      "y" : -0.809017,
      "z" : 0.618034
    }, {
      "x" : 0.809017,
      "y" : -0.618034,
      "z" : 0.309017
    }, {
      "x" : 0.618034,
      "y" : -0.309017,
      "z" : 0.809017
    }, {
      "x" : 1.0,
      "y" : 0.309017,
      "z" : 0.19098301
    }, {
      "x" : 0.809017,
      "y" : 0.618034,
      "z" : 0.309017
    }, {
      "x" : 0.618034,
      "y" : 0.309017,
      "z" : 0.809017
    }, {
      "x" : 0.809017,
      "y" : 0.0,
      "z" : 0.690983
    }, {
      "x" : 0.19098301,
      "y" : -1.0,
      "z" : 0.309017
    }, {
      "x" : -0.19098301,
      "y" : -1.0,
      "z" : 0.309017
    }, {
      "x" : -0.19098301,
      "y" : -1.0,
      "z" : -0.309017
    }, {
      "x" : 0.19098301,
      "y" : -1.0,
      "z" : -0.309017
    }, {
      "x" : 1.0,
      "y" : -0.309017,
      "z" : -0.19098301
    }, {
      "x" : 0.809017,
      "y" : -0.618034,
      "z" : -0.309017
    }, {
      "x" : 0.618034,
      "y" : -0.309017,
      "z" : -0.809017
    }, {
      "x" : 0.809017,
      "y" : 0.0,
      "z" : -0.690983
    }, {
      "x" : 0.0,
      "y" : 0.690983,
      "z" : -0.809017
    }, {
      "x" : 0.309017,
      "y" : 0.809017,
      "z" : -0.618034
    }, {
      "x" : 0.618034,
      "y" : 0.309017,
      "z" : -0.809017
    }, {
      "x" : 0.309017,
      "y" : 0.19098301,
      "z" : -1.0
    }, {
      "x" : 1.0,
      "y" : 0.309017,
      "z" : -0.19098301
    }, {
      "x" : -0.309017,
      "y" : -0.809017,
      "z" : 0.618034
    }, {
      "x" : 0.0,
      "y" : -0.690983,
      "z" : 0.809017
    }, {
      "x" : 0.809017,
      "y" : 0.618034,
      "z" : -0.309017
    }, {
      "x" : 0.690983,
      "y" : 0.809017,
      "z" : 0.0
    }, {
      "x" : -0.690983,
      "y" : 0.809017,
      "z" : 0.0
    }, {
      "x" : -0.809017,
      "y" : 0.618034,
      "z" : 0.309017
    }, {
      "x" : -0.309017,
      "y" : 0.809017,
      "z" : 0.618034
    }, {
      "x" : -0.19098301,
      "y" : 1.0,
      "z" : 0.309017
    }, {
      "x" : 0.309017,
      "y" : -0.19098301,
      "z" : -1.0
    }, {
      "x" : 0.19098301,
      "y" : 1.0,
      "z" : 0.309017
    }, {
      "x" : 0.309017,
      "y" : 0.809017,
      "z" : 0.618034
    }, {
      "x" : -0.809017,
      "y" : -0.618034,
      "z" : 0.309017
    }, {
      "x" : -0.690983,
      "y" : -0.809017,
      "z" : 0.0
    }, {
      "x" : 0.0,
      "y" : 0.690983,
      "z" : 0.809017
    }, {
      "x" : 0.309017,
      "y" : -0.809017,
      "z" : -0.618034
    }, {
      "x" : 0.0,
      "y" : -0.690983,
      "z" : -0.809017
    }, {
      "x" : -1.0,
      "y" : 0.309017,
      "z" : 0.19098301
    }, {
      "x" : -0.809017,
      "y" : 0.0,
      "z" : 0.690983
    }, {
      "x" : -0.618034,
      "y" : 0.309017,
      "z" : 0.809017
    }, {
      "x" : 1.0,
      "y" : -0.309017,
      "z" : 0.19098301
    }, {
      "x" : -0.309017,
      "y" : -0.809017,
      "z" : -0.618034
    }, {
      "x" : -1.0,
      "y" : 0.309017,
      "z" : -0.19098301
    }, {
      "x" : -1.0,
      "y" : -0.309017,
      "z" : -0.19098301
    }, {
      "x" : -1.0,
      "y" : -0.309017,
      "z" : 0.19098301
    }, {
      "x" : 0.19098301,
      "y" : 1.0,
      "z" : -0.309017
    }, {
      "x" : -0.809017,
      "y" : 0.618034,
      "z" : -0.309017
    }, {
      "x" : -0.19098301,
      "y" : 1.0,
      "z" : -0.309017
    }, {
      "x" : -0.309017,
      "y" : 0.809017,
      "z" : -0.618034
    }, {
      "x" : -0.618034,
      "y" : -0.309017,
      "z" : 0.809017
    }, {
      "x" : 0.309017,
      "y" : 0.19098301,
      "z" : 1.0
    }, {
      "x" : -0.309017,
      "y" : 0.19098301,
      "z" : -1.0
    }, {
      "x" : -0.309017,
      "y" : 0.19098301,
      "z" : 1.0
    }, {
      "x" : -0.309017,
      "y" : -0.19098301,
      "z" : 1.0
    }, {
      "x" : 0.309017,
      "y" : -0.19098301,
      "z" : 1.0
    }, {
      "x" : 0.690983,
      "y" : -0.809017,
      "z" : 0.0
    }, {
      "x" : -0.809017,
      "y" : 0.0,
      "z" : -0.690983
    }, {
      "x" : -0.618034,
      "y" : -0.309017,
      "z" : -0.809017
    }, {
      "x" : -0.309017,
      "y" : -0.19098301,
      "z" : -1.0
    }, {
      "x" : -0.618034,
      "y" : 0.309017,
      "z" : -0.809017
    }, {
      "x" : -0.809017,
      "y" : -0.618034,
      "z" : -0.309017
    } ],
    "faces" : [ {
      "vertices" : [ 9, 40, 35 ]
    }, {
      "vertices" : [ 9, 35, 34 ]
    }, {
      "vertices" : [ 9, 34, 10 ]
    }, {
      "vertices" : [ 0, 1, 2 ]
    }, {
      "vertices" : [ 33, 51, 49 ]
    }, {
      "vertices" : [ 25, 36, 37 ]
    }, {
      "vertices" : [ 25, 37, 38 ]
    }, {
      "vertices" : [ 41, 55, 42 ]
    }, {
      "vertices" : [ 9, 32, 59 ]
    }, {
      "vertices" : [ 9, 59, 40 ]
    }, {
      "vertices" : [ 20, 21, 52 ]
    }, {
      "vertices" : [ 20, 52, 48 ]
    }, {
      "vertices" : [ 26, 33, 30 ]
    }, {
      "vertices" : [ 26, 30, 29 ]
    }, {
      "vertices" : [ 26, 29, 27 ]
    }, {
      "vertices" : [ 3, 4, 5 ]
    }, {
      "vertices" : [ 3, 5, 6 ]
    }, {
      "vertices" : [ 27, 29, 44 ]
    }, {
      "vertices" : [ 27, 44, 46 ]
    }, {
      "vertices" : [ 50, 57, 56 ]
    }, {
      "vertices" : [ 50, 56, 55 ]
    }, {
      "vertices" : [ 50, 55, 58 ]
    }, {
      "vertices" : [ 26, 38, 51 ]
    }, {
      "vertices" : [ 26, 51, 33 ]
    }, {
      "vertices" : [ 45, 47, 58 ]
    }, {
      "vertices" : [ 18, 28, 57 ]
    }, {
      "vertices" : [ 18, 57, 50 ]
    }, {
      "vertices" : [ 40, 59, 56 ]
    }, {
      "vertices" : [ 31, 48, 37 ]
    }, {
      "vertices" : [ 31, 37, 43 ]
    }, {
      "vertices" : [ 7, 8, 9 ]
    }, {
      "vertices" : [ 7, 9, 10 ]
    }, {
      "vertices" : [ 36, 41, 42 ]
    }, {
      "vertices" : [ 36, 42, 43 ]
    }, {
      "vertices" : [ 24, 46, 47 ]
    }, {
      "vertices" : [ 24, 47, 45 ]
    }, {
      "vertices" : [ 4, 30, 5 ]
    }, {
      "vertices" : [ 15, 47, 46 ]
    }, {
      "vertices" : [ 15, 46, 44 ]
    }, {
      "vertices" : [ 15, 44, 16 ]
    }, {
      "vertices" : [ 15, 50, 58 ]
    }, {
      "vertices" : [ 15, 58, 47 ]
    }, {
      "vertices" : [ 24, 45, 41 ]
    }, {
      "vertices" : [ 24, 41, 36 ]
    }, {
      "vertices" : [ 24, 36, 25 ]
    }, {
      "vertices" : [ 11, 14, 19 ]
    }, {
      "vertices" : [ 3, 6, 39 ]
    }, {
      "vertices" : [ 1, 39, 6 ]
    }, {
      "vertices" : [ 1, 6, 2 ]
    }, {
      "vertices" : [ 8, 32, 9 ]
    }, {
      "vertices" : [ 11, 12, 13 ]
    }, {
      "vertices" : [ 11, 13, 14 ]
    }, {
      "vertices" : [ 16, 22, 17 ]
    }, {
      "vertices" : [ 0, 21, 20 ]
    }, {
      "vertices" : [ 0, 20, 8 ]
    }, {
      "vertices" : [ 0, 8, 7 ]
    }, {
      "vertices" : [ 12, 34, 13 ]
    }, {
      "vertices" : [ 35, 40, 56 ]
    }, {
      "vertices" : [ 35, 56, 57 ]
    }, {
      "vertices" : [ 0, 7, 54 ]
    }, {
      "vertices" : [ 0, 54, 1 ]
    }, {
      "vertices" : [ 15, 16, 17 ]
    }, {
      "vertices" : [ 15, 17, 18 ]
    }, {
      "vertices" : [ 3, 19, 22 ]
    }, {
      "vertices" : [ 3, 22, 23 ]
    }, {
      "vertices" : [ 3, 23, 4 ]
    }, {
      "vertices" : [ 7, 10, 54 ]
    }, {
      "vertices" : [ 41, 45, 58 ]
    }, {
      "vertices" : [ 41, 58, 55 ]
    }, {
      "vertices" : [ 3, 39, 11 ]
    }, {
      "vertices" : [ 3, 11, 19 ]
    }, {
      "vertices" : [ 14, 17, 22 ]
    }, {
      "vertices" : [ 14, 22, 19 ]
    }, {
      "vertices" : [ 0, 2, 53 ]
    }, {
      "vertices" : [ 0, 53, 21 ]
    }, {
      "vertices" : [ 49, 51, 52 ]
    }, {
      "vertices" : [ 49, 52, 53 ]
    }, {
      "vertices" : [ 31, 43, 42 ]
    }, {
      "vertices" : [ 31, 42, 59 ]
    }, {
      "vertices" : [ 31, 59, 32 ]
    }, {
      "vertices" : [ 15, 18, 50 ]
    }, {
      "vertices" : [ 42, 55, 56 ]
    }, {
      "vertices" : [ 42, 56, 59 ]
    }, {
      "vertices" : [ 4, 23, 29 ]
    }, {
      "vertices" : [ 4, 29, 30 ]
    }, {
      "vertices" : [ 25, 38, 26 ]
    }, {
      "vertices" : [ 13, 28, 18 ]
    }, {
      "vertices" : [ 13, 18, 17 ]
    }, {
      "vertices" : [ 13, 17, 14 ]
    }, {
      "vertices" : [ 8, 20, 31 ]
    }, {
      "vertices" : [ 8, 31, 32 ]
    }, {
      "vertices" : [ 23, 44, 29 ]
    }, {
      "vertices" : [ 24, 27, 46 ]
    }, {
      "vertices" : [ 37, 48, 52 ]
    }, {
      "vertices" : [ 37, 52, 51 ]
    }, {
      "vertices" : [ 37, 51, 38 ]
    }, {
      "vertices" : [ 20, 48, 31 ]
    }, {
      "vertices" : [ 24, 25, 26 ]
    }, {
      "vertices" : [ 24, 26, 27 ]
    }, {
      "vertices" : [ 16, 44, 23 ]
    }, {
      "vertices" : [ 16, 23, 22 ]
    }, {
      "vertices" : [ 13, 34, 35 ]
    }, {
      "vertices" : [ 13, 35, 28 ]
    }, {
      "vertices" : [ 10, 34, 12 ]
    }, {
      "vertices" : [ 10, 12, 54 ]
    }, {
      "vertices" : [ 2, 6, 5 ]
    }, {
      "vertices" : [ 2, 5, 49 ]
    }, {
      "vertices" : [ 2, 49, 53 ]
    }, {
      "vertices" : [ 36, 43, 37 ]
    }, {
      "vertices" : [ 5, 30, 33 ]
    }, {
      "vertices" : [ 5, 33, 49 ]
    }, {
      "vertices" : [ 1, 54, 12 ]
    }, {
      "vertices" : [ 1, 12, 11 ]
    }, {
      "vertices" : [ 1, 11, 39 ]
    }, {
      "vertices" : [ 28, 35, 57 ]
    }, {
      "vertices" : [ 21, 53, 52 ]
    } ]
  }, {
    "id" : "c8067695-a4b8-4fd6-98d8-74d12f998ae2",
    "vertices" : [ {
      "x" : 1.118034,
      "y" : 1.309017,
      "z" : 0.618034
    }, {
      "x" : 1.618034,
      "y" : 1.118034,
      "z" : 0.309017
    }, {
      "x" : 21.18034,
      "y" : 20.68034,
      "z" : 4.927051
    }, {
      "x" : 20.68034,
      "y" : 20.871323,
      "z" : 5.236068
    }, {
      "x" : 1.0,
      "y" : 1.5,
      "z" : 0.309017
    }, {
      "x" : 0.809017,
      "y" : 0.618034,
      "z" : -0.309017
    }, {
      "x" : 0.690983,
      "y" : 0.809017,
      "z" : 0.0
    }, {
      "x" : 21.062305,
      "y" : 20.871323,
      "z" : 4.618034
    }, {
      "x" : 1.5,
      "y" : 1.309017,
      "z" : 0.0
    }, {
      "x" : 20.562305,
      "y" : 21.062305,
      "z" : 4.927051
    }, {
      "x" : 0.809017,
      "y" : 0.618034,
      "z" : 0.309017
    }, {
      "x" : 1.0,
      "y" : 0.309017,
      "z" : 0.19098301
    }, {
      "x" : 1.0,
      "y" : 0.309017,
      "z" : -0.19098301
    }, {
      "x" : 21.371323,
      "y" : 21.562305,
      "z" : 4.927051
    }, {
      "x" : 21.371323,
      "y" : 21.562305,
      "z" : 5.545085
    }, {
      "x" : 21.18034,
      "y" : 21.871323,
      "z" : 5.045085
    }, {
      "x" : 21.18034,
      "y" : 21.871323,
      "z" : 5.427051
    }, {
      "x" : 21.489357,
      "y" : 21.371323,
      "z" : 5.236068
    }, {
      "x" : 22.18034,
      "y" : 22.18034,
      "z" : 5.236068
    } ],
    "faces" : [ {
      "vertices" : [ 3, 14, 16 ]
    }, {
      "vertices" : [ 2, 17, 14 ]
    }, {
      "vertices" : [ 7, 15, 13 ]
    }, {
      "vertices" : [ 0, 1, 2 ]
    }, {
      "vertices" : [ 0, 2, 3 ]
    }, {
      "vertices" : [ 2, 7, 13 ]
    }, {
      "vertices" : [ 2, 13, 17 ]
    }, {
      "vertices" : [ 9, 16, 15 ]
    }, {
      "vertices" : [ 0, 11, 1 ]
    }, {
      "vertices" : [ 4, 5, 6 ]
    }, {
      "vertices" : [ 0, 3, 9 ]
    }, {
      "vertices" : [ 0, 9, 4 ]
    }, {
      "vertices" : [ 4, 8, 5 ]
    }, {
      "vertices" : [ 1, 8, 7 ]
    }, {
      "vertices" : [ 1, 7, 2 ]
    }, {
      "vertices" : [ 2, 14, 3 ]
    }, {
      "vertices" : [ 0, 4, 6 ]
    }, {
      "vertices" : [ 0, 6, 10 ]
    }, {
      "vertices" : [ 0, 10, 11 ]
    }, {
      "vertices" : [ 1, 12, 8 ]
    }, {
      "vertices" : [ 1, 11, 12 ]
    }, {
      "vertices" : [ 5, 8, 12 ]
    }, {
      "vertices" : [ 4, 9, 7 ]
    }, {
      "vertices" : [ 4, 7, 8 ]
    }, {
      "vertices" : [ 3, 16, 9 ]
    }, {
      "vertices" : [ 7, 9, 15 ]
    } ]
  }, {
    "id" : "d2e927a3-f5f1-4f6d-a97e-f740438932b2",
    "vertices" : [ {
      "x" : 0.809017,
      "y" : 0.0,
      "z" : -0.690983
    }, {
      "x" : 1.0,
      "y" : 0.309017,
      "z" : -0.19098301
    }, {
      "x" : 10.281153,
      "y" : 0.309017,
      "z" : -3.736068
    }, {
      "x" : 10.09017,
      "y" : 0.0,
      "z" : -4.236068
    }, {
      "x" : 21.18034,
      "y" : 0.309017,
      "z" : -8.281153
    }, {
      "x" : 1.0,
      "y" : -0.309017,
      "z" : -0.19098301
    }, {
      "x" : 10.281153,
      "y" : -0.309017,
      "z" : -3.736068
    }, {
      "x" : 11.899187,
      "y" : 0.309017,
      "z" : -4.736068
    }, {
      "x" : 12.09017,
      "y" : 0.0,
      "z" : -4.236068
    }, {
      "x" : 22.18034,
      "y" : 0.0,
      "z" : -8.472136
    }, {
      "x" : 11.899187,
      "y" : -0.309017,
      "z" : -4.736068
    }, {
      "x" : 21.371323,
      "y" : 0.0,
      "z" : -7.7811527
    }, {
      "x" : 21.18034,
      "y" : -0.309017,
      "z" : -8.281153
    } ],
    "faces" : [ {
      "vertices" : [ 2, 6, 8 ]
    }, {
      "vertices" : [ 4, 12, 10 ]
    }, {
      "vertices" : [ 4, 10, 7 ]
    }, {
      "vertices" : [ 2, 8, 7 ]
    }, {
      "vertices" : [ 3, 10, 6 ]
    }, {
      "vertices" : [ 3, 7, 10 ]
    }, {
      "vertices" : [ 0, 1, 2 ]
    }, {
      "vertices" : [ 0, 2, 3 ]
    }, {
      "vertices" : [ 6, 10, 8 ]
    }, {
      "vertices" : [ 8, 10, 12 ]
    }, {
      "vertices" : [ 8, 12, 11 ]
    }, {
      "vertices" : [ 2, 7, 3 ]
    }, {
      "vertices" : [ 0, 3, 6 ]
    }, {
      "vertices" : [ 0, 6, 5 ]
    }, {
      "vertices" : [ 1, 5, 6 ]
    }, {
      "vertices" : [ 1, 6, 2 ]
    }, {
      "vertices" : [ 4, 7, 8 ]
    }, {
      "vertices" : [ 4, 8, 11 ]
    } ]
  }, {
    "id" : "a32923ed-bdee-4e74-a8f7-30164bcd2c9a",
    "vertices" : [ {
      "x" : 0.809017,
      "y" : 0.0,
      "z" : -0.690983
    }, {
      "x" : 1.0,
      "y" : 0.309017,
      "z" : -0.19098301
    }, {
      "x" : 17.135256,
      "y" : 0.309017,
      "z" : -6.354102
    }, {
      "x" : 16.944271,
      "y" : 0.0,
      "z" : -6.854102
    }, {
      "x" : 34.888542,
      "y" : 0.309017,
      "z" : -13.5172205
    }, {
      "x" : 1.0,
      "y" : -0.309017,
      "z" : -0.19098301
    }, {
      "x" : 17.135256,
      "y" : -0.309017,
      "z" : -6.354102
    }, {
      "x" : 18.753288,
      "y" : 0.309017,
      "z" : -7.354102
    }, {
      "x" : 18.944271,
      "y" : 0.0,
      "z" : -6.854102
    }, {
      "x" : 35.888542,
      "y" : 0.0,
      "z" : -13.708204
    }, {
      "x" : 18.753288,
      "y" : -0.309017,
      "z" : -7.354102
    }, {
      "x" : 35.079525,
      "y" : 0.0,
      "z" : -13.0172205
    }, {
      "x" : 34.888542,
      "y" : -0.309017,
      "z" : -13.5172205
    } ],
    "faces" : [ {
      "vertices" : [ 2, 6, 8 ]
    }, {
      "vertices" : [ 4, 12, 10 ]
    }, {
      "vertices" : [ 4, 10, 7 ]
    }, {
      "vertices" : [ 2, 8, 7 ]
    }, {
      "vertices" : [ 3, 10, 6 ]
    }, {
      "vertices" : [ 3, 7, 10 ]
    }, {
      "vertices" : [ 0, 1, 2 ]
    }, {
      "vertices" : [ 0, 2, 3 ]
    }, {
      "vertices" : [ 6, 10, 8 ]
    }, {
      "vertices" : [ 8, 10, 12 ]
    }, {
      "vertices" : [ 8, 12, 11 ]
    }, {
      "vertices" : [ 2, 7, 3 ]
    }, {
      "vertices" : [ 0, 3, 6 ]
    }, {
      "vertices" : [ 0, 6, 5 ]
    }, {
      "vertices" : [ 1, 5, 6 ]
    }, {
      "vertices" : [ 1, 6, 2 ]
    }, {
      "vertices" : [ 4, 7, 8 ]
    }, {
      "vertices" : [ 4, 8, 11 ]
    } ]
  }, {
    "id" : "c7b963bf-edcf-4a7e-bdc3-7c8cd46e43ad",
    "vertices" : [ {
      "x" : -8.472136,
      "y" : -35.888542,
      "z" : -35.888542
    }, {
      "x" : -35.888542,
      "y" : -8.472136,
      "z" : -35.888542
    }, {
      "x" : -44.36068,
      "y" : 0.0,
      "z" : 0.0
    }, {
      "x" : -22.18034,
      "y" : -22.18034,
      "z" : 22.18034
    }, {
      "x" : 0.0,
      "y" : -44.36068,
      "z" : 0.0
    } ],
    "faces" : [ {
      "vertices" : [ 0, 1, 2 ]
    }, {
      "vertices" : [ 0, 2, 3 ]
    }, {
      "vertices" : [ 0, 3, 4 ]
    }, {
      "vertices" : [ 0, 4, 3 ]
    }, {
      "vertices" : [ 0, 3, 2 ]
    }, {
      "vertices" : [ 0, 2, 1 ]
    } ]
  }, {
    "id" : "f8c0cd68-4491-4094-a5be-3f8a05be85c6",
    "vertices" : [ {
      "x" : -13.708204,
      "y" : 58.068882,
      "z" : -13.708204
    }, {
      "x" : -22.18034,
      "y" : 49.59675,
      "z" : -22.18034
    }, {
      "x" : -49.59675,
      "y" : 22.18034,
      "z" : -22.18034
    }, {
      "x" : -58.068882,
      "y" : 13.708204,
      "z" : -13.708204
    }, {
      "x" : -35.888542,
      "y" : 35.888542,
      "z" : -8.472136
    } ],
    "faces" : [ {
      "vertices" : [ 0, 1, 2 ]
    }, {
      "vertices" : [ 0, 2, 3 ]
    }, {
      "vertices" : [ 0, 3, 4 ]
    }, {
      "vertices" : [ 0, 4, 3 ]
    }, {
      "vertices" : [ 0, 3, 2 ]
    }, {
      "vertices" : [ 0, 2, 1 ]
    } ]
  }, {
    "id" : "7722c284-ed67-4af2-b7c3-99b43b5443f5",
    "vertices" : [ {
      "x" : -22.18034,
      "y" : -49.59675,
      "z" : 22.18034
    }, {
      "x" : -49.59675,
      "y" : -22.18034,
      "z" : 22.18034
    }, {
      "x" : -58.068882,
      "y" : -13.708204,
      "z" : -13.708204
    }, {
      "x" : -35.888542,
      "y" : -35.888542,
      "z" : -35.888542
    }, {
      "x" : -13.708204,
      "y" : -58.068882,
      "z" : -13.708204
    } ],
    "faces" : [ {
      "vertices" : [ 0, 1, 2 ]
    }, {
      "vertices" : [ 0, 2, 3 ]
    }, {
      "vertices" : [ 0, 3, 4 ]
    }, {
      "vertices" : [ 0, 4, 3 ]
    }, {
      "vertices" : [ 0, 3, 2 ]
    }, {
      "vertices" : [ 0, 2, 1 ]
    } ]
  }, {
    "id" : "6b119c42-fb19-46a5-904b-33d7412ae28b",
    "vertices" : [ {
      "x" : 22.18034,
      "y" : 49.59675,
      "z" : -22.18034
    }, {
      "x" : 49.59675,
      "y" : 22.18034,
      "z" : -22.18034
    }, {
      "x" : 58.068882,
      "y" : 13.708204,
      "z" : 13.708204
    }, {
      "x" : 35.888542,
      "y" : 35.888542,
      "z" : 35.888542
    }, {
      "x" : 13.708204,
      "y" : 58.068882,
      "z" : 13.708204
    } ],
    "faces" : [ {
      "vertices" : [ 0, 1, 2 ]
    }, {
      "vertices" : [ 0, 2, 3 ]
    }, {
      "vertices" : [ 0, 3, 4 ]
    }, {
      "vertices" : [ 0, 4, 3 ]
    }, {
      "vertices" : [ 0, 3, 2 ]
    }, {
      "vertices" : [ 0, 2, 1 ]
    } ]
  }, {
    "id" : "a0788fb2-3d07-4f4f-a902-5d092188221f",
    "vertices" : [ {
      "x" : 0.0,
      "y" : -44.36068,
      "z" : -44.36068
    }, {
      "x" : 22.18034,
      "y" : -22.18034,
      "z" : -49.59675
    }, {
      "x" : 44.36068,
      "y" : 0.0,
      "z" : -44.36068
    }, {
      "x" : 35.888542,
      "y" : -8.472136,
      "z" : -35.888542
    }, {
      "x" : 8.472136,
      "y" : -35.888542,
      "z" : -35.888542
    } ],
    "faces" : [ {
      "vertices" : [ 0, 1, 2 ]
    }, {
      "vertices" : [ 0, 2, 3 ]
    }, {
      "vertices" : [ 0, 3, 4 ]
    }, {
      "vertices" : [ 0, 4, 3 ]
    }, {
      "vertices" : [ 0, 3, 2 ]
    }, {
      "vertices" : [ 0, 2, 1 ]
    } ]
  }, {
    "id" : "33b167bd-94d6-4d59-addb-9b68bf27e4c2",
    "vertices" : [ {
      "x" : -8.472136,
      "y" : -35.888542,
      "z" : 35.888542
    }, {
      "x" : -35.888542,
      "y" : -8.472136,
      "z" : 35.888542
    }, {
      "x" : -44.36068,
      "y" : 0.0,
      "z" : 0.0
    }, {
      "x" : -22.18034,
      "y" : -22.18034,
      "z" : -22.18034
    }, {
      "x" : 0.0,
      "y" : -44.36068,
      "z" : 0.0
    } ],
    "faces" : [ {
      "vertices" : [ 0, 1, 2 ]
    }, {
      "vertices" : [ 0, 2, 3 ]
    }, {
      "vertices" : [ 0, 3, 4 ]
    }, {
      "vertices" : [ 0, 4, 3 ]
    }, {
      "vertices" : [ 0, 3, 2 ]
    }, {
      "vertices" : [ 0, 2, 1 ]
    } ]
  }, {
    "id" : "efcf06e2-b43a-4876-b9ef-05db5e1e1bca",
    "vertices" : [ {
      "x" : 13.708204,
      "y" : -58.068882,
      "z" : 13.708204
    }, {
      "x" : 22.18034,
      "y" : -49.59675,
      "z" : 22.18034
    }, {
      "x" : 49.59675,
      "y" : -22.18034,
      "z" : 22.18034
    }, {
      "x" : 58.068882,
      "y" : -13.708204,
      "z" : 13.708204
    }, {
      "x" : 35.888542,
      "y" : -35.888542,
      "z" : 8.472136
    } ],
    "faces" : [ {
      "vertices" : [ 0, 1, 2 ]
    }, {
      "vertices" : [ 0, 2, 3 ]
    }, {
      "vertices" : [ 0, 3, 4 ]
    }, {
      "vertices" : [ 0, 4, 3 ]
    }, {
      "vertices" : [ 0, 3, 2 ]
    }, {
      "vertices" : [ 0, 2, 1 ]
    } ]
  }, {
    "id" : "0aa2a2a0-04ac-4770-82f3-c5a039f00e9a",
    "vertices" : [ {
      "x" : 13.708204,
      "y" : -58.068882,
      "z" : -13.708204
