{
  "polygons" : "true",
  "field" : "golden",
  "symmetry" : "icosahedral",
  "orientations" : [ [ 1.0, 0.0, 0.0, 0.0, 0.0, 1.0, 0.0, 0.0, 0.0, 0.0, 1.0, 0.0, 0.0, 0.0, 0.0, 1.0 ], [ 0.0, 0.0, 1.0, 0.0, 1.0, 0.0, 0.0, 0.0, 0.0, 1.0, 0.0, 0.0, 0.0, 0.0, 0.0, 1.0 ], [ 0.0, 1.0, 0.0, 0.0, 0.0, 0.0, 1.0, 0.0, 1.0, 0.0, 0.0, 0.0, 0.0, 0.0, 0.0, 1.0 ], [ 0.809017, 0.309017, 0.5, 0.0, 0.309017, 0.5, -0.809017, 0.0, -0.5, 0.809017, 0.309017, 0.0, 0.0, 0.0, 0.0, 1.0 ], [ -0.5, 0.809017, 0.309017, 0.0, 0.809017, 0.309017, 0.5, 0.0, 0.309017, 0.5, -0.809017, 0.0, 0.0, 0.0, 0.0, 1.0 ], [ 0.309017, 0.5, -0.809017, 0.0, -0.5, 0.809017, 0.309017, 0.0, 0.809017, 0.309017, 0.5, 0.0, 0.0, 0.0, 0.0, 1.0 ], [ 0.5, 0.809017, 0.309017, 0.0, 0.809017, -0.309017, -0.5, 0.0, -0.309017, 0.5, -0.809017, 0.0, 0.0, 0.0, 0.0, 1.0 ], [ -0.309017, 0.5, -0.809017, 0.0, 0.5, 0.809017, 0.309017, 0.0, 0.809017, -0.309017, -0.5, 0.0, 0.0, 0.0, 0.0, 1.0 ], [ 0.809017, -0.309017, -0.5, 0.0, -0.309017, 0.5, -0.809017, 0.0, 0.5, 0.809017, 0.309017, 0.0, 0.0, 0.0, 0.0, 1.0 ], [ 0.5, 0.809017, -0.309017, 0.0, 0.809017, -0.309017, 0.5, 0.0, 0.309017, -0.5, -0.809017, 0.0, 0.0, 0.0, 0.0, 1.0 ], [ 0.309017, -0.5, -0.809017, 0.0, 0.5, 0.809017, -0.309017, 0.0, 0.809017, -0.309017, 0.5, 0.0, 0.0, 0.0, 0.0, 1.0 ], [ 0.809017, -0.309017, 0.5, 0.0, 0.309017, -0.5, -0.809017, 0.0, 0.5, 0.809017, -0.309017, 0.0, 0.0, 0.0, 0.0, 1.0 ], [ 0.809017, 0.309017, -0.5, 0.0, 0.309017, 0.5, 0.809017, 0.0, 0.5, -0.809017, 0.309017, 0.0, 0.0, 0.0, 0.0, 1.0 ], [ 0.5, -0.809017, 0.309017, 0.0, 0.809017, 0.309017, -0.5, 0.0, 0.309017, 0.5, 0.809017, 0.0, 0.0, 0.0, 0.0, 1.0 ], [ 0.309017, 0.5, 0.809017, 0.0, 0.5, -0.809017, 0.309017, 0.0, 0.809017, 0.309017, -0.5, 0.0, 0.0, 0.0, 0.0, 1.0 ], [ 1.0, 0.0, 0.0, 0.0, 0.0, -1.0, 0.0, 0.0, 0.0, 0.0, -1.0, 0.0, 0.0, 0.0, 0.0, 1.0 ], [ 0.0, 0.0, 1.0, 0.0, -1.0, 0.0, 0.0, 0.0, 0.0, -1.0, 0.0, 0.0, 0.0, 0.0, 0.0, 1.0 ], [ 0.0, 1.0, 0.0, 0.0, 0.0, 0.0, -1.0, 0.0, -1.0, 0.0, 0.0, 0.0, 0.0, 0.0, 0.0, 1.0 ], [ 0.809017, 0.309017, 0.5, 0.0, -0.309017, -0.5, 0.809017, 0.0, 0.5, -0.809017, -0.309017, 0.0, 0.0, 0.0, 0.0, 1.0 ], [ -0.5, 0.809017, 0.309017, 0.0, -0.809017, -0.309017, -0.5, 0.0, -0.309017, -0.5, 0.809017, 0.0, 0.0, 0.0, 0.0, 1.0 ], [ 0.309017, 0.5, -0.809017, 0.0, 0.5, -0.809017, -0.309017, 0.0, -0.809017, -0.309017, -0.5, 0.0, 0.0, 0.0, 0.0, 1.0 ], [ 0.5, 0.809017, 0.309017, 0.0, -0.809017, 0.309017, 0.5, 0.0, 0.309017, -0.5, 0.809017, 0.0, 0.0, 0.0, 0.0, 1.0 ], [ -0.309017, 0.5, -0.809017, 0.0, -0.5, -0.809017, -0.309017, 0.0, -0.809017, 0.309017, 0.5, 0.0, 0.0, 0.0, 0.0, 1.0 ], [ 0.809017, -0.309017, -0.5, 0.0, 0.309017, -0.5, 0.809017, 0.0, -0.5, -0.809017, -0.309017, 0.0, 0.0, 0.0, 0.0, 1.0 ], [ 0.5, 0.809017, -0.309017, 0.0, -0.809017, 0.309017, -0.5, 0.0, -0.309017, 0.5, 0.809017, 0.0, 0.0, 0.0, 0.0, 1.0 ], [ 0.309017, -0.5, -0.809017, 0.0, -0.5, -0.809017, 0.309017, 0.0, -0.809017, 0.309017, -0.5, 0.0, 0.0, 0.0, 0.0, 1.0 ], [ 0.809017, -0.309017, 0.5, 0.0, -0.309017, 0.5, 0.809017, 0.0, -0.5, -0.809017, 0.309017, 0.0, 0.0, 0.0, 0.0, 1.0 ], [ 0.809017, 0.309017, -0.5, 0.0, -0.309017, -0.5, -0.809017, 0.0, -0.5, 0.809017, -0.309017, 0.0, 0.0, 0.0, 0.0, 1.0 ], [ 0.5, -0.809017, 0.309017, 0.0, -0.809017, -0.309017, 0.5, 0.0, -0.309017, -0.5, -0.809017, 0.0, 0.0, 0.0, 0.0, 1.0 ], [ 0.309017, 0.5, 0.809017, 0.0, -0.5, 0.809017, -0.309017, 0.0, -0.809017, -0.309017, 0.5, 0.0, 0.0, 0.0, 0.0, 1.0 ], [ -1.0, 0.0, 0.0, 0.0, 0.0, -1.0, 0.0, 0.0, 0.0, 0.0, 1.0, 0.0, 0.0, 0.0, 0.0, 1.0 ], [ 0.0, 0.0, -1.0, 0.0, -1.0, 0.0, 0.0, 0.0, 0.0, 1.0, 0.0, 0.0, 0.0, 0.0, 0.0, 1.0 ], [ 0.0, -1.0, 0.0, 0.0, 0.0, 0.0, -1.0, 0.0, 1.0, 0.0, 0.0, 0.0, 0.0, 0.0, 0.0, 1.0 ], [ -0.809017, -0.309017, -0.5, 0.0, -0.309017, -0.5, 0.809017, 0.0, -0.5, 0.809017, 0.309017, 0.0, 0.0, 0.0, 0.0, 1.0 ], [ 0.5, -0.809017, -0.309017, 0.0, -0.809017, -0.309017, -0.5, 0.0, 0.309017, 0.5, -0.809017, 0.0, 0.0, 0.0, 0.0, 1.0 ], [ -0.309017, -0.5, 0.809017, 0.0, 0.5, -0.809017, -0.309017, 0.0, 0.809017, 0.309017, 0.5, 0.0, 0.0, 0.0, 0.0, 1.0 ], [ -0.5, -0.809017, -0.309017, 0.0, -0.809017, 0.309017, 0.5, 0.0, -0.309017, 0.5, -0.809017, 0.0, 0.0, 0.0, 0.0, 1.0 ], [ 0.309017, -0.5, 0.809017, 0.0, -0.5, -0.809017, -0.309017, 0.0, 0.809017, -0.309017, -0.5, 0.0, 0.0, 0.0, 0.0, 1.0 ], [ -0.809017, 0.309017, 0.5, 0.0, 0.309017, -0.5, 0.809017, 0.0, 0.5, 0.809017, 0.309017, 0.0, 0.0, 0.0, 0.0, 1.0 ], [ -0.5, -0.809017, 0.309017, 0.0, -0.809017, 0.309017, -0.5, 0.0, 0.309017, -0.5, -0.809017, 0.0, 0.0, 0.0, 0.0, 1.0 ], [ -0.309017, 0.5, 0.809017, 0.0, -0.5, -0.809017, 0.309017, 0.0, 0.809017, -0.309017, 0.5, 0.0, 0.0, 0.0, 0.0, 1.0 ], [ -0.809017, 0.309017, -0.5, 0.0, -0.309017, 0.5, 0.809017, 0.0, 0.5, 0.809017, -0.309017, 0.0, 0.0, 0.0, 0.0, 1.0 ], [ -0.809017, -0.309017, 0.5, 0.0, -0.309017, -0.5, -0.809017, 0.0, 0.5, -0.809017, 0.309017, 0.0, 0.0, 0.0, 0.0, 1.0 ], [ -0.5, 0.809017, -0.309017, 0.0, -0.809017, -0.309017, 0.5, 0.0, 0.309017, 0.5, 0.809017, 0.0, 0.0, 0.0, 0.0, 1.0 ], [ -0.309017, -0.5, -0.809017, 0.0, -0.5, 0.809017, -0.309017, 0.0, 0.809017, 0.309017, -0.5, 0.0, 0.0, 0.0, 0.0, 1.0 ], [ -1.0, 0.0, 0.0, 0.0, 0.0, 1.0, 0.0, 0.0, 0.0, 0.0, -1.0, 0.0, 0.0, 0.0, 0.0, 1.0 ], [ 0.0, 0.0, -1.0, 0.0, 1.0, 0.0, 0.0, 0.0, 0.0, -1.0, 0.0, 0.0, 0.0, 0.0, 0.0, 1.0 ], [ 0.0, -1.0, 0.0, 0.0, 0.0, 0.0, 1.0, 0.0, -1.0, 0.0, 0.0, 0.0, 0.0, 0.0, 0.0, 1.0 ], [ -0.809017, -0.309017, -0.5, 0.0, 0.309017, 0.5, -0.809017, 0.0, 0.5, -0.809017, -0.309017, 0.0, 0.0, 0.0, 0.0, 1.0 ], [ 0.5, -0.809017, -0.309017, 0.0, 0.809017, 0.309017, 0.5, 0.0, -0.309017, -0.5, 0.809017, 0.0, 0.0, 0.0, 0.0, 1.0 ], [ -0.309017, -0.5, 0.809017, 0.0, -0.5, 0.809017, 0.309017, 0.0, -0.809017, -0.309017, -0.5, 0.0, 0.0, 0.0, 0.0, 1.0 ], [ -0.5, -0.809017, -0.309017, 0.0, 0.809017, -0.309017, -0.5, 0.0, 0.309017, -0.5, 0.809017, 0.0, 0.0, 0.0, 0.0, 1.0 ], [ 0.309017, -0.5, 0.809017, 0.0, 0.5, 0.809017, 0.309017, 0.0, -0.809017, 0.309017, 0.5, 0.0, 0.0, 0.0, 0.0, 1.0 ], [ -0.809017, 0.309017, 0.5, 0.0, -0.309017, 0.5, -0.809017, 0.0, -0.5, -0.809017, -0.309017, 0.0, 0.0, 0.0, 0.0, 1.0 ], [ -0.5, -0.809017, 0.309017, 0.0, 0.809017, -0.309017, 0.5, 0.0, -0.309017, 0.5, 0.809017, 0.0, 0.0, 0.0, 0.0, 1.0 ], [ -0.309017, 0.5, 0.809017, 0.0, 0.5, 0.809017, -0.309017, 0.0, -0.809017, 0.309017, -0.5, 0.0, 0.0, 0.0, 0.0, 1.0 ], [ -0.809017, 0.309017, -0.5, 0.0, 0.309017, -0.5, -0.809017, 0.0, -0.5, -0.809017, 0.309017, 0.0, 0.0, 0.0, 0.0, 1.0 ], [ -0.809017, -0.309017, 0.5, 0.0, 0.309017, 0.5, 0.809017, 0.0, -0.5, 0.809017, -0.309017, 0.0, 0.0, 0.0, 0.0, 1.0 ], [ -0.5, 0.809017, -0.309017, 0.0, 0.809017, 0.309017, -0.5, 0.0, -0.309017, -0.5, -0.809017, 0.0, 0.0, 0.0, 0.0, 1.0 ], [ -0.309017, -0.5, -0.809017, 0.0, 0.5, -0.809017, 0.309017, 0.0, -0.809017, -0.309017, 0.5, 0.0, 0.0, 0.0, 0.0, 1.0 ] ],
  "lights" : {
    "directionalLights" : [ {
      "direction" : [ 1.0, -1.0, -1.0 ],
      "color" : "#EBEBE4"
    }, {
      "direction" : [ -1.0, 0.0, 0.0 ],
      "color" : "#E4E4EB"
    }, {
      "direction" : [ 0.0, 0.0, -1.0 ],
      "color" : "#1E1E1E"
    } ],
    "ambientColor" : "#292929",
    "backgroundColor" : "#AFC8DC"
  },
  "camera" : {
    "position" : {
      "x" : 113.18726,
      "y" : 82.68855,
      "z" : -134.4031
    },
    "lookAtPoint" : {
      "x" : 0.0,
      "y" : 0.0,
      "z" : 0.0
    },
    "upDirection" : {
      "x" : 0.79256725,
      "y" : -0.4857813,
      "z" : 0.3685861
    },
    "stereo" : false,
    "perspective" : true,
    "fieldOfView" : 0.44262886,
    "width" : 87.38919,
    "lookDirection" : {
      "x" : -0.582844,
      "y" : -0.4257946,
      "z" : 0.6920924
    },
    "nearClipDistance" : 0.4854952,
    "farClipDistance" : 388.39606,
    "viewDistance" : 194.19821,
    "lookAtPointRV" : {
      "x" : 0.0,
      "y" : 0.0,
      "z" : 0.0,
      "zero" : true
    },
    "lookDirectionRV" : {
      "x" : -0.582844,
      "y" : -0.4257946,
      "z" : 0.6920924,
      "zero" : false
    },
    "upDirectionRV" : {
      "x" : 0.79256725,
      "y" : -0.4857813,
      "z" : 0.3685861,
      "zero" : false
    }
  },
  "embedding" : [ 1.0, 0.0, 0.0, 0.0, 0.0, 1.0, 0.0, 0.0, 0.0, 0.0, 1.0, 0.0, 0.0, 0.0, 0.0, 1.0 ],
  "shapes" : [ {
    "id" : "ef554a2c-6943-4fc5-ada8-1838e850d4dc",
    "vertices" : [ {
      "x" : 0.0,
      "y" : 0.0,
      "z" : 0.0
    }, {
      "x" : -5.236068,
      "y" : 8.472136,
      "z" : -3.236068
    }, {
      "x" : -8.472136,
      "y" : 13.708204,
      "z" : 5.236068
    }, {
      "x" : -5.236068,
      "y" : 8.472136,
      "z" : 13.708204
    }, {
      "x" : 0.0,
      "y" : 0.0,
      "z" : 10.472136
    } ],
    "faces" : [ {
      "vertices" : [ 0, 1, 2, 3, 4 ]
    }, {
      "vertices" : [ 0, 4, 3, 2, 1 ]
    } ]
  }, {
    "id" : "9f1632f5-e52c-4220-853d-3c8927a87f06",
    "vertices" : [ {
      "x" : 0.0,
      "y" : 0.0,
      "z" : 0.0
    }, {
      "x" : 3.236068,
      "y" : -5.236068,
      "z" : 8.472136
    }, {
      "x" : 8.472136,
      "y" : -13.708204,
      "z" : 5.236068
    }, {
      "x" : 8.472136,
      "y" : -13.708204,
      "z" : -5.236068
    }, {
      "x" : 3.236068,
      "y" : -5.236068,
      "z" : -8.472136
    } ],
    "faces" : [ {
      "vertices" : [ 0, 1, 2, 3, 4 ]
    }, {
      "vertices" : [ 0, 4, 3, 2, 1 ]
    } ]
  }, {
    "id" : "21fe2eb4-5af9-4d1e-8e57-0db2f4a75467",
    "vertices" : [ {
      "x" : 0.0,
      "y" : 0.0,
      "z" : 0.0
    }, {
      "x" : 0.0,
      "y" : -4.236068,
      "z" : 2.618034
    }, {
      "x" : 0.0,
      "y" : -8.472136,
      "z" : 0.0
    }, {
      "x" : 0.0,
      "y" : -8.472136,
      "z" : -10.472136
    }, {
      "x" : 0.0,
      "y" : -4.236068,
      "z" : -13.09017
    }, {
      "x" : 0.0,
      "y" : 0.0,
      "z" : -10.472136
    } ],
    "faces" : [ {
      "vertices" : [ 0, 1, 2, 3, 4, 5 ]
    }, {
      "vertices" : [ 0, 5, 4, 3, 2, 1 ]
    } ]
  }, {
    "id" : "bb0a2d8f-da87-4638-a03a-7ecec5ed981b",
    "vertices" : [ {
      "x" : 0.0,
      "y" : 0.0,
      "z" : 0.0
    }, {
      "x" : 0.0,
      "y" : 4.236068,
      "z" : -2.618034
    }, {
      "x" : 0.0,
      "y" : 8.472136,
      "z" : 0.0
    }, {
      "x" : 0.0,
      "y" : 8.472136,
      "z" : 10.472136
    }, {
      "x" : 0.0,
      "y" : 4.236068,
      "z" : 13.09017
    }, {
      "x" : 0.0,
      "y" : 0.0,
      "z" : 10.472136
    } ],
    "faces" : [ {
      "vertices" : [ 0, 1, 2, 3, 4, 5 ]
    }, {
      "vertices" : [ 0, 5, 4, 3, 2, 1 ]
    } ]
  }, {
    "id" : "961427d2-5f98-470a-8b93-dd41fbfc782a",
    "vertices" : [ {
      "x" : 0.0,
      "y" : 0.0,
      "z" : 0.0
    }, {
      "x" : 0.0,
      "y" : 0.0,
      "z" : -10.472136
    }, {
      "x" : -5.236068,
      "y" : 8.472136,
      "z" : -13.708204
    }, {
      "x" : -8.472136,
      "y" : 13.708204,
      "z" : -5.236068
    }, {
      "x" : -5.236068,
      "y" : 8.472136,
      "z" : 3.236068
    } ],
    "faces" : [ {
      "vertices" : [ 0, 1, 2, 3, 4 ]
    }, {
      "vertices" : [ 0, 4, 3, 2, 1 ]
    } ]
  } ],
  "instances" : [ {
    "shape" : "ef554a2c-6943-4fc5-ada8-1838e850d4dc",
    "color" : "#EB5454",
    "position" : {
      "x" : 20.562305,
      "y" : -4.236068,
      "z" : 5.236068
    },
    "orientation" : 15
  }, {
    "shape" : "9f1632f5-e52c-4220-853d-3c8927a87f06",
    "color" : "#FFE400",
    "position" : {
      "x" : 17.944271,
      "y" : 0.0,
      "z" : -12.09017
    },
    "orientation" : 17
  }, {
    "shape" : "21fe2eb4-5af9-4d1e-8e57-0db2f4a75467",
    "color" : "#3366FF",
    "position" : {
      "x" : 12.09017,
      "y" : 17.944271,
      "z" : 0.0
    },
    "orientation" : 9
  }, {
    "shape" : "21fe2eb4-5af9-4d1e-8e57-0db2f4a75467",
    "color" : "#3366FF",
    "position" : {
      "x" : 0.0,
      "y" : -12.09017,
      "z" : -17.944271
    },
    "orientation" : 25
  }, {
    "shape" : "21fe2eb4-5af9-4d1e-8e57-0db2f4a75467",
    "color" : "#EB5454",
    "position" : {
      "x" : 12.09017,
      "y" : -17.944271,
      "z" : 0.0
    },
    "orientation" : 24
  }, {
    "shape" : "bb0a2d8f-da87-4638-a03a-7ecec5ed981b",
    "color" : "#3366FF",
    "position" : {
      "x" : -20.562305,
      "y" : -4.236068,
      "z" : -5.236068
    },
    "orientation" : 53
  }, {
    "shape" : "bb0a2d8f-da87-4638-a03a-7ecec5ed981b",
    "color" : "#EB5454",
    "position" : {
      "x" : 20.562305,
      "y" : 4.236068,
      "z" : -5.236068
    },
    "orientation" : 23
  }, {
    "shape" : "bb0a2d8f-da87-4638-a03a-7ecec5ed981b",
    "color" : "#3366FF",
    "position" : {
      "x" : 4.236068,
      "y" : 5.236068,
      "z" : -20.562305
    },
    "orientation" : 52
  }, {
    "shape" : "bb0a2d8f-da87-4638-a03a-7ecec5ed981b",
    "color" : "#3366FF",
    "position" : {
      "x" : -8.472136,
      "y" : -15.326238,
      "z" : 12.708204
    },
    "orientation" : 39
  }, {
    "shape" : "21fe2eb4-5af9-4d1e-8e57-0db2f4a75467",
    "color" : "#3366FF",
    "position" : {
      "x" : 15.326238,
      "y" : -12.708204,
      "z" : 8.472136
    },
    "orientation" : 21
  }, {
    "shape" : "961427d2-5f98-470a-8b93-dd41fbfc782a",
    "color" : "#FFE400",
    "position" : {
      "x" : 20.562305,
      "y" : 4.236068,
      "z" : 5.236068
    },
    "orientation" : 0
  }, {
    "shape" : "bb0a2d8f-da87-4638-a03a-7ecec5ed981b",
    "color" : "#FFE400",
    "position" : {
      "x" : 12.708204,
      "y" : 8.472136,
      "z" : 15.326238
    },
    "orientation" : 10
  }, {
    "shape" : "21fe2eb4-5af9-4d1e-8e57-0db2f4a75467",
    "color" : "#3366FF",
    "position" : {
      "x" : 4.236068,
      "y" : 5.236068,
      "z" : 20.562305
    },
    "orientation" : 2
  }, {
    "shape" : "21fe2eb4-5af9-4d1e-8e57-0db2f4a75467",
    "color" : "#FFE400",
    "position" : {
      "x" : 15.326238,
      "y" : 12.708204,
      "z" : -8.472136
    },
    "orientation" : 6
  }, {
    "shape" : "bb0a2d8f-da87-4638-a03a-7ecec5ed981b",
    "color" : "#FFE400",
    "position" : {
      "x" : 15.326238,
      "y" : -12.708204,
      "z" : -8.472136
    },
    "orientation" : 26
  }, {
    "shape" : "9f1632f5-e52c-4220-853d-3c8927a87f06",
    "color" : "#EB5454",
    "position" : {
      "x" : 0.0,
      "y" : -12.09017,
      "z" : 17.944271
    },
    "orientation" : 31
  }, {
    "shape" : "bb0a2d8f-da87-4638-a03a-7ecec5ed981b",
    "color" : "#3366FF",
    "position" : {
      "x" : 20.562305,
      "y" : -4.236068,
      "z" : -5.236068
    },
    "orientation" : 0
  }, {
    "shape" : "bb0a2d8f-da87-4638-a03a-7ecec5ed981b",
    "color" : "#EB5454",
    "position" : {
      "x" : -5.236068,
      "y" : -20.562305,
      "z" : -4.236068
    },
    "orientation" : 36
  }, {
    "shape" : "961427d2-5f98-470a-8b93-dd41fbfc782a",
    "color" : "#3366FF",
    "position" : {
      "x" : 5.236068,
      "y" : 20.562305,
      "z" : 4.236068
    },
    "orientation" : 1
  }, {
    "shape" : "21fe2eb4-5af9-4d1e-8e57-0db2f4a75467",
    "color" : "#EB5454",
    "position" : {
      "x" : -8.472136,
      "y" : 15.326238,
      "z" : 12.708204
    },
    "orientation" : 7
  }, {
    "shape" : "9f1632f5-e52c-4220-853d-3c8927a87f06",
    "color" : "#EB5454",
    "position" : {
      "x" : -12.09017,
      "y" : 17.944271,
      "z" : 0.0
    },
    "orientation" : 45
  }, {
    "shape" : "bb0a2d8f-da87-4638-a03a-7ecec5ed981b",
    "color" : "#EB5454",
    "position" : {
      "x" : 4.236068,
      "y" : -5.236068,
      "z" : 20.562305
    },
    "orientation" : 37
  }, {
    "shape" : "bb0a2d8f-da87-4638-a03a-7ecec5ed981b",
    "color" : "#EB5454",
    "position" : {
      "x" : -5.236068,
      "y" : 20.562305,
      "z" : -4.236068
    },
    "orientation" : 1
  }, {
    "shape" : "21fe2eb4-5af9-4d1e-8e57-0db2f4a75467",
    "color" : "#EB5454",
    "position" : {
      "x" : -17.944271,
      "y" : 0.0,
      "z" : -12.09017
    },
    "orientation" : 56
  }, {
    "shape" : "9f1632f5-e52c-4220-853d-3c8927a87f06",
    "color" : "#FFE400",
    "position" : {
      "x" : -12.09017,
      "y" : -17.944271,
      "z" : 0.0
    },
    "orientation" : 30
  }, {
    "shape" : "bb0a2d8f-da87-4638-a03a-7ecec5ed981b",
    "color" : "#EB5454",
    "position" : {
      "x" : 4.236068,
      "y" : -5.236068,
      "z" : -20.562305
    },
    "orientation" : 47
  }, {
    "shape" : "961427d2-5f98-470a-8b93-dd41fbfc782a",
    "color" : "#3366FF",
    "position" : {
      "x" : 5.236068,
      "y" : -20.562305,
      "z" : -4.236068
    },
    "orientation" : 16
  }, {
    "shape" : "ef554a2c-6943-4fc5-ada8-1838e850d4dc",
    "color" : "#3366FF",
    "position" : {
      "x" : -4.236068,
      "y" : -5.236068,
      "z" : -20.562305
    },
    "orientation" : 47
  }, {
    "shape" : "bb0a2d8f-da87-4638-a03a-7ecec5ed981b",
    "color" : "#FFE400",
    "position" : {
      "x" : -5.236068,
      "y" : -20.562305,
      "z" : 4.236068
    },
    "orientation" : 16
  }, {
    "shape" : "21fe2eb4-5af9-4d1e-8e57-0db2f4a75467",
    "color" : "#FFE400",
    "position" : {
      "x" : 0.0,
      "y" : 12.09017,
      "z" : -17.944271
    },
    "orientation" : 55
  }, {
    "shape" : "21fe2eb4-5af9-4d1e-8e57-0db2f4a75467",
    "color" : "#EB5454",
    "position" : {
      "x" : -17.944271,
      "y" : 0.0,
      "z" : 12.09017
    },
    "orientation" : 41
  }, {
    "shape" : "bb0a2d8f-da87-4638-a03a-7ecec5ed981b",
    "color" : "#FFE400",
    "position" : {
      "x" : -5.236068,
      "y" : 20.562305,
      "z" : 4.236068
    },
    "orientation" : 51
  }, {
    "shape" : "bb0a2d8f-da87-4638-a03a-7ecec5ed981b",
    "color" : "#EB5454",
    "position" : {
      "x" : 15.326238,
      "y" : 12.708204,
      "z" : 8.472136
    },
    "orientation" : 11
  }, {
    "shape" : "21fe2eb4-5af9-4d1e-8e57-0db2f4a75467",
    "color" : "#FFE400",
    "position" : {
      "x" : 12.708204,
      "y" : -8.472136,
      "z" : 15.326238
    },
    "orientation" : 8
  }, {
    "shape" : "bb0a2d8f-da87-4638-a03a-7ecec5ed981b",
    "color" : "#3366FF",
    "position" : {
      "x" : -8.472136,
      "y" : 15.326238,
      "z" : -12.708204
    },
    "orientation" : 54
  }, {
    "shape" : "ef554a2c-6943-4fc5-ada8-1838e850d4dc",
    "color" : "#FFE400",
    "position" : {
      "x" : -4.236068,
      "y" : 5.236068,
      "z" : 20.562305
    },
    "orientation" : 32
  }, {
    "shape" : "21fe2eb4-5af9-4d1e-8e57-0db2f4a75467",
    "color" : "#FFE400",
    "position" : {
      "x" : -20.562305,
      "y" : 4.236068,
      "z" : -5.236068
    },
    "orientation" : 45
  }, {
    "shape" : "21fe2eb4-5af9-4d1e-8e57-0db2f4a75467",
    "color" : "#FFE400",
    "position" : {
      "x" : -8.472136,
      "y" : -15.326238,
      "z" : -12.708204
    },
    "orientation" : 22
  }, {
    "shape" : "ef554a2c-6943-4fc5-ada8-1838e850d4dc",
    "color" : "#EB5454",
    "position" : {
      "x" : 5.236068,
      "y" : 20.562305,
      "z" : -4.236068
    },
    "orientation" : 46
  }, {
    "shape" : "21fe2eb4-5af9-4d1e-8e57-0db2f4a75467",
    "color" : "#3366FF",
    "position" : {
      "x" : -12.708204,
      "y" : 8.472136,
      "z" : 15.326238
    },
    "orientation" : 38
  }, {
    "shape" : "961427d2-5f98-470a-8b93-dd41fbfc782a",
    "color" : "#3366FF",
    "position" : {
      "x" : 4.236068,
      "y" : 5.236068,
      "z" : 20.562305
    },
    "orientation" : 2
  }, {
    "shape" : "bb0a2d8f-da87-4638-a03a-7ecec5ed981b",
    "color" : "#FFE400",
    "position" : {
      "x" : -12.708204,
      "y" : -8.472136,
      "z" : 15.326238
    },
    "orientation" : 40
  } ],
  "scenes" : [ ],
  "snapshots" : [ [ ], [ ], [ ], [ ], [ ], [ ], [ ], [ ] ]
}