{
  "field" : "golden",
  "symmetry" : "icosahedral",
  "orientations" : [ [ 1.0, 0.0, 0.0, 0.0, 0.0, 1.0, 0.0, 0.0, 0.0, 0.0, 1.0, 0.0, 0.0, 0.0, 0.0, 1.0 ], [ 0.0, 0.0, 1.0, 0.0, 1.0, 0.0, 0.0, 0.0, 0.0, 1.0, 0.0, 0.0, 0.0, 0.0, 0.0, 1.0 ], [ 0.0, 1.0, 0.0, 0.0, 0.0, 0.0, 1.0, 0.0, 1.0, 0.0, 0.0, 0.0, 0.0, 0.0, 0.0, 1.0 ], [ 0.809017, 0.309017, 0.5, 0.0, 0.309017, 0.5, -0.809017, 0.0, -0.5, 0.809017, 0.309017, 0.0, 0.0, 0.0, 0.0, 1.0 ], [ -0.5, 0.809017, 0.309017, 0.0, 0.809017, 0.309017, 0.5, 0.0, 0.309017, 0.5, -0.809017, 0.0, 0.0, 0.0, 0.0, 1.0 ], [ 0.309017, 0.5, -0.809017, 0.0, -0.5, 0.809017, 0.309017, 0.0, 0.809017, 0.309017, 0.5, 0.0, 0.0, 0.0, 0.0, 1.0 ], [ 0.5, 0.809017, 0.309017, 0.0, 0.809017, -0.309017, -0.5, 0.0, -0.309017, 0.5, -0.809017, 0.0, 0.0, 0.0, 0.0, 1.0 ], [ -0.309017, 0.5, -0.809017, 0.0, 0.5, 0.809017, 0.309017, 0.0, 0.809017, -0.309017, -0.5, 0.0, 0.0, 0.0, 0.0, 1.0 ], [ 0.809017, -0.309017, -0.5, 0.0, -0.309017, 0.5, -0.809017, 0.0, 0.5, 0.809017, 0.309017, 0.0, 0.0, 0.0, 0.0, 1.0 ], [ 0.5, 0.809017, -0.309017, 0.0, 0.809017, -0.309017, 0.5, 0.0, 0.309017, -0.5, -0.809017, 0.0, 0.0, 0.0, 0.0, 1.0 ], [ 0.309017, -0.5, -0.809017, 0.0, 0.5, 0.809017, -0.309017, 0.0, 0.809017, -0.309017, 0.5, 0.0, 0.0, 0.0, 0.0, 1.0 ], [ 0.809017, -0.309017, 0.5, 0.0, 0.309017, -0.5, -0.809017, 0.0, 0.5, 0.809017, -0.309017, 0.0, 0.0, 0.0, 0.0, 1.0 ], [ 0.809017, 0.309017, -0.5, 0.0, 0.309017, 0.5, 0.809017, 0.0, 0.5, -0.809017, 0.309017, 0.0, 0.0, 0.0, 0.0, 1.0 ], [ 0.5, -0.809017, 0.309017, 0.0, 0.809017, 0.309017, -0.5, 0.0, 0.309017, 0.5, 0.809017, 0.0, 0.0, 0.0, 0.0, 1.0 ], [ 0.309017, 0.5, 0.809017, 0.0, 0.5, -0.809017, 0.309017, 0.0, 0.809017, 0.309017, -0.5, 0.0, 0.0, 0.0, 0.0, 1.0 ], [ 1.0, 0.0, 0.0, 0.0, 0.0, -1.0, 0.0, 0.0, 0.0, 0.0, -1.0, 0.0, 0.0, 0.0, 0.0, 1.0 ], [ 0.0, 0.0, 1.0, 0.0, -1.0, 0.0, 0.0, 0.0, 0.0, -1.0, 0.0, 0.0, 0.0, 0.0, 0.0, 1.0 ], [ 0.0, 1.0, 0.0, 0.0, 0.0, 0.0, -1.0, 0.0, -1.0, 0.0, 0.0, 0.0, 0.0, 0.0, 0.0, 1.0 ], [ 0.809017, 0.309017, 0.5, 0.0, -0.309017, -0.5, 0.809017, 0.0, 0.5, -0.809017, -0.309017, 0.0, 0.0, 0.0, 0.0, 1.0 ], [ -0.5, 0.809017, 0.309017, 0.0, -0.809017, -0.309017, -0.5, 0.0, -0.309017, -0.5, 0.809017, 0.0, 0.0, 0.0, 0.0, 1.0 ], [ 0.309017, 0.5, -0.809017, 0.0, 0.5, -0.809017, -0.309017, 0.0, -0.809017, -0.309017, -0.5, 0.0, 0.0, 0.0, 0.0, 1.0 ], [ 0.5, 0.809017, 0.309017, 0.0, -0.809017, 0.309017, 0.5, 0.0, 0.309017, -0.5, 0.809017, 0.0, 0.0, 0.0, 0.0, 1.0 ], [ -0.309017, 0.5, -0.809017, 0.0, -0.5, -0.809017, -0.309017, 0.0, -0.809017, 0.309017, 0.5, 0.0, 0.0, 0.0, 0.0, 1.0 ], [ 0.809017, -0.309017, -0.5, 0.0, 0.309017, -0.5, 0.809017, 0.0, -0.5, -0.809017, -0.309017, 0.0, 0.0, 0.0, 0.0, 1.0 ], [ 0.5, 0.809017, -0.309017, 0.0, -0.809017, 0.309017, -0.5, 0.0, -0.309017, 0.5, 0.809017, 0.0, 0.0, 0.0, 0.0, 1.0 ], [ 0.309017, -0.5, -0.809017, 0.0, -0.5, -0.809017, 0.309017, 0.0, -0.809017, 0.309017, -0.5, 0.0, 0.0, 0.0, 0.0, 1.0 ], [ 0.809017, -0.309017, 0.5, 0.0, -0.309017, 0.5, 0.809017, 0.0, -0.5, -0.809017, 0.309017, 0.0, 0.0, 0.0, 0.0, 1.0 ], [ 0.809017, 0.309017, -0.5, 0.0, -0.309017, -0.5, -0.809017, 0.0, -0.5, 0.809017, -0.309017, 0.0, 0.0, 0.0, 0.0, 1.0 ], [ 0.5, -0.809017, 0.309017, 0.0, -0.809017, -0.309017, 0.5, 0.0, -0.309017, -0.5, -0.809017, 0.0, 0.0, 0.0, 0.0, 1.0 ], [ 0.309017, 0.5, 0.809017, 0.0, -0.5, 0.809017, -0.309017, 0.0, -0.809017, -0.309017, 0.5, 0.0, 0.0, 0.0, 0.0, 1.0 ], [ -1.0, 0.0, 0.0, 0.0, 0.0, -1.0, 0.0, 0.0, 0.0, 0.0, 1.0, 0.0, 0.0, 0.0, 0.0, 1.0 ], [ 0.0, 0.0, -1.0, 0.0, -1.0, 0.0, 0.0, 0.0, 0.0, 1.0, 0.0, 0.0, 0.0, 0.0, 0.0, 1.0 ], [ 0.0, -1.0, 0.0, 0.0, 0.0, 0.0, -1.0, 0.0, 1.0, 0.0, 0.0, 0.0, 0.0, 0.0, 0.0, 1.0 ], [ -0.809017, -0.309017, -0.5, 0.0, -0.309017, -0.5, 0.809017, 0.0, -0.5, 0.809017, 0.309017, 0.0, 0.0, 0.0, 0.0, 1.0 ], [ 0.5, -0.809017, -0.309017, 0.0, -0.809017, -0.309017, -0.5, 0.0, 0.309017, 0.5, -0.809017, 0.0, 0.0, 0.0, 0.0, 1.0 ], [ -0.309017, -0.5, 0.809017, 0.0, 0.5, -0.809017, -0.309017, 0.0, 0.809017, 0.309017, 0.5, 0.0, 0.0, 0.0, 0.0, 1.0 ], [ -0.5, -0.809017, -0.309017, 0.0, -0.809017, 0.309017, 0.5, 0.0, -0.309017, 0.5, -0.809017, 0.0, 0.0, 0.0, 0.0, 1.0 ], [ 0.309017, -0.5, 0.809017, 0.0, -0.5, -0.809017, -0.309017, 0.0, 0.809017, -0.309017, -0.5, 0.0, 0.0, 0.0, 0.0, 1.0 ], [ -0.809017, 0.309017, 0.5, 0.0, 0.309017, -0.5, 0.809017, 0.0, 0.5, 0.809017, 0.309017, 0.0, 0.0, 0.0, 0.0, 1.0 ], [ -0.5, -0.809017, 0.309017, 0.0, -0.809017, 0.309017, -0.5, 0.0, 0.309017, -0.5, -0.809017, 0.0, 0.0, 0.0, 0.0, 1.0 ], [ -0.309017, 0.5, 0.809017, 0.0, -0.5, -0.809017, 0.309017, 0.0, 0.809017, -0.309017, 0.5, 0.0, 0.0, 0.0, 0.0, 1.0 ], [ -0.809017, 0.309017, -0.5, 0.0, -0.309017, 0.5, 0.809017, 0.0, 0.5, 0.809017, -0.309017, 0.0, 0.0, 0.0, 0.0, 1.0 ], [ -0.809017, -0.309017, 0.5, 0.0, -0.309017, -0.5, -0.809017, 0.0, 0.5, -0.809017, 0.309017, 0.0, 0.0, 0.0, 0.0, 1.0 ], [ -0.5, 0.809017, -0.309017, 0.0, -0.809017, -0.309017, 0.5, 0.0, 0.309017, 0.5, 0.809017, 0.0, 0.0, 0.0, 0.0, 1.0 ], [ -0.309017, -0.5, -0.809017, 0.0, -0.5, 0.809017, -0.309017, 0.0, 0.809017, 0.309017, -0.5, 0.0, 0.0, 0.0, 0.0, 1.0 ], [ -1.0, 0.0, 0.0, 0.0, 0.0, 1.0, 0.0, 0.0, 0.0, 0.0, -1.0, 0.0, 0.0, 0.0, 0.0, 1.0 ], [ 0.0, 0.0, -1.0, 0.0, 1.0, 0.0, 0.0, 0.0, 0.0, -1.0, 0.0, 0.0, 0.0, 0.0, 0.0, 1.0 ], [ 0.0, -1.0, 0.0, 0.0, 0.0, 0.0, 1.0, 0.0, -1.0, 0.0, 0.0, 0.0, 0.0, 0.0, 0.0, 1.0 ], [ -0.809017, -0.309017, -0.5, 0.0, 0.309017, 0.5, -0.809017, 0.0, 0.5, -0.809017, -0.309017, 0.0, 0.0, 0.0, 0.0, 1.0 ], [ 0.5, -0.809017, -0.309017, 0.0, 0.809017, 0.309017, 0.5, 0.0, -0.309017, -0.5, 0.809017, 0.0, 0.0, 0.0, 0.0, 1.0 ], [ -0.309017, -0.5, 0.809017, 0.0, -0.5, 0.809017, 0.309017, 0.0, -0.809017, -0.309017, -0.5, 0.0, 0.0, 0.0, 0.0, 1.0 ], [ -0.5, -0.809017, -0.309017, 0.0, 0.809017, -0.309017, -0.5, 0.0, 0.309017, -0.5, 0.809017, 0.0, 0.0, 0.0, 0.0, 1.0 ], [ 0.309017, -0.5, 0.809017, 0.0, 0.5, 0.809017, 0.309017, 0.0, -0.809017, 0.309017, 0.5, 0.0, 0.0, 0.0, 0.0, 1.0 ], [ -0.809017, 0.309017, 0.5, 0.0, -0.309017, 0.5, -0.809017, 0.0, -0.5, -0.809017, -0.309017, 0.0, 0.0, 0.0, 0.0, 1.0 ], [ -0.5, -0.809017, 0.309017, 0.0, 0.809017, -0.309017, 0.5, 0.0, -0.309017, 0.5, 0.809017, 0.0, 0.0, 0.0, 0.0, 1.0 ], [ -0.309017, 0.5, 0.809017, 0.0, 0.5, 0.809017, -0.309017, 0.0, -0.809017, 0.309017, -0.5, 0.0, 0.0, 0.0, 0.0, 1.0 ], [ -0.809017, 0.309017, -0.5, 0.0, 0.309017, -0.5, -0.809017, 0.0, -0.5, -0.809017, 0.309017, 0.0, 0.0, 0.0, 0.0, 1.0 ], [ -0.809017, -0.309017, 0.5, 0.0, 0.309017, 0.5, 0.809017, 0.0, -0.5, 0.809017, -0.309017, 0.0, 0.0, 0.0, 0.0, 1.0 ], [ -0.5, 0.809017, -0.309017, 0.0, 0.809017, 0.309017, -0.5, 0.0, -0.309017, -0.5, -0.809017, 0.0, 0.0, 0.0, 0.0, 1.0 ], [ -0.309017, -0.5, -0.809017, 0.0, 0.5, -0.809017, 0.309017, 0.0, -0.809017, -0.309017, 0.5, 0.0, 0.0, 0.0, 0.0, 1.0 ] ],
  "lights" : {
    "ambientColor" : "#292929",
    "backgroundColor" : "#AFC8DC",
    "directionalLights" : [ {
      "direction" : {
        "x" : 1.0,
        "y" : -1.0,
        "z" : -1.0
      },
      "color" : "#EBEBE4"
    }, {
      "direction" : {
        "x" : -1.0,
        "y" : 0.0,
        "z" : 0.0
      },
      "color" : "#E4E4EB"
    }, {
      "direction" : {
        "x" : 0.0,
        "y" : 0.0,
        "z" : -1.0
      },
      "color" : "#1E1E1E"
    } ]
  },
  "camera" : {
    "lookDirection" : {
      "x" : 0.53340733,
      "y" : -0.7885706,
      "z" : 0.30597726
    },
    "upDirection" : {
      "x" : 0.12821968,
      "y" : -0.2821776,
      "z" : -0.9507525
    },
    "lookAtPoint" : {
      "x" : 4.0,
      "y" : 0.618034,
      "z" : -0.85410196
    },
    "perspective" : true,
    "viewDistance" : 29.63273,
    "nearClipDistance" : 0.07408179,
    "farClipDistance" : 59.26533,
    "fieldOfView" : 0.44262925,
    "stereo" : false,
    "width" : 13.33474,
    "position" : {
      "x" : -11.806315,
      "y" : 23.985535,
      "z" : -9.921043
    }
  },
  "embedding" : [ 1.0, 0.0, 0.0, 0.0, 0.0, 1.0, 0.0, 0.0, 0.0, 0.0, 1.0, 0.0, 0.0, 0.0, 0.0, 1.0 ],
  "shapes" : [ {
    "id" : "515d421b-5a17-454a-a02d-3819fbd2b104",
    "vertices" : [ {
      "x" : 2.281153,
      "y" : -1.763932,
      "z" : -0.9827791
    }, {
      "x" : 2.281153,
      "y" : -1.763932,
      "z" : -0.6008131
    }, {
      "x" : 2.2316554,
      "y" : -1.6838434,
      "z" : -0.69301564
    }, {
      "x" : 2.2283666,
      "y" : -1.6785219,
      "z" : -0.71226925
    }, {
      "x" : 2.2283666,
      "y" : -1.6785219,
      "z" : -0.8713229
    }, {
      "x" : 2.2316554,
      "y" : -1.6838434,
      "z" : -0.8905765
    } ],
    "faces" : [ {
      "vertices" : [ 0, 1, 2 ]
    }, {
      "vertices" : [ 0, 2, 3 ]
    }, {
      "vertices" : [ 0, 3, 4 ]
    }, {
      "vertices" : [ 0, 4, 5 ]
    }, {
      "vertices" : [ 0, 5, 4 ]
    }, {
      "vertices" : [ 0, 4, 3 ]
    }, {
      "vertices" : [ 0, 3, 2 ]
    }, {
      "vertices" : [ 0, 2, 1 ]
    } ]
  }, {
    "id" : "f38c295a-5336-4998-9762-dd4425a3cf1c",
    "vertices" : [ {
      "x" : 0.68657047,
      "y" : 0.22598667,
      "z" : 0.09878041
    }, {
      "x" : 0.6832816,
      "y" : 0.23130824,
      "z" : 0.11803399
    }, {
      "x" : 0.618034,
      "y" : 0.19098301,
      "z" : 0.11803399
    } ],
    "faces" : [ {
      "vertices" : [ 0, 1, 2 ]
    }, {
      "vertices" : [ 0, 2, 1 ]
    } ]
  }, {
    "id" : "03e11c2b-2931-4101-86f6-ac57d90cc466",
    "vertices" : [ {
      "x" : 1.854102,
      "y" : -1.072949,
      "z" : -0.71884704
    }, {
      "x" : 1.8046044,
      "y" : -0.9928604,
      "z" : -0.62664443
    }, {
      "x" : 1.8013155,
      "y" : -0.9875388,
      "z" : -0.64589804
    } ],
    "faces" : [ {
      "vertices" : [ 0, 1, 2 ]
    }, {
      "vertices" : [ 0, 2, 1 ]
    } ]
  }, {
    "id" : "3f7119be-589a-4588-a820-b1408a3873ca",
    "vertices" : [ {
      "x" : 2.292705,
      "y" : -2.3727937,
      "z" : -0.87664443
    }, {
      "x" : 2.2840946,
      "y" : -2.3588617,
      "z" : -0.8647451
    }, {
      "x" : 2.208204,
      "y" : -2.381966,
      "z" : -0.8647451
    } ],
    "faces" : [ {
      "vertices" : [ 0, 1, 2 ]
    }, {
      "vertices" : [ 0, 2, 1 ]
    } ]
  }, {
    "id" : "be667585-1a0c-421b-a320-aad6099156d4",
    "vertices" : [ {
      "x" : 2.636164,
      "y" : -2.338352,
      "z" : -0.9257947
    }, {
      "x" : 2.556637,
      "y" : -2.2096748,
      "z" : -0.87664443
    }, {
      "x" : 2.292705,
      "y" : -2.3727937,
      "z" : -0.87664443
    }, {
      "x" : 2.372232,
      "y" : -2.5014708,
      "z" : -0.9257947
    } ],
    "faces" : [ {
      "vertices" : [ 0, 1, 2 ]
    }, {
      "vertices" : [ 0, 2, 3 ]
    }, {
      "vertices" : [ 0, 3, 2 ]
    }, {
      "vertices" : [ 0, 2, 1 ]
    } ]
  }, {
    "id" : "98251ec5-c9dd-42e6-96bf-401ee6e5b384",
    "vertices" : [ {
      "x" : 5.8790245,
      "y" : 2.3339393,
      "z" : -1.100813
    }, {
      "x" : 6.0700073,
      "y" : 2.0249224,
      "z" : -0.9827791
    }, {
      "x" : 5.76099,
      "y" : 1.8339393,
      "z" : -0.9827791
    } ],
    "faces" : [ {
      "vertices" : [ 0, 1, 2 ]
    }, {
      "vertices" : [ 0, 2, 1 ]
    } ]
  }, {
    "id" : "42d1b29a-64c1-48d3-a6d4-efeffe186a43",
    "vertices" : [ {
      "x" : 2.9442718,
      "y" : -2.836881,
      "z" : -1.6286771
    }, {
      "x" : 2.9750776,
      "y" : -2.8867257,
      "z" : -1.5106431
    }, {
      "x" : 2.9644346,
      "y" : -2.869505,
      "z" : -1.5106431
    } ],
    "faces" : [ {
      "vertices" : [ 0, 1, 2 ]
    }, {
      "vertices" : [ 0, 2, 1 ]
    } ]
  }, {
    "id" : "07c47f50-f380-4fa0-b813-4a8ba8b16c5e",
    "vertices" : [ {
      "x" : 5.104102,
      "y" : 2.4246712,
      "z" : -1.2974648
    }, {
      "x" : 4.9668145,
      "y" : 2.646807,
      "z" : -1.2126164
    }, {
      "x" : 5.1577973,
      "y" : 2.764841,
      "z" : -1.2126164
    }, {
      "x" : 5.295085,
      "y" : 2.542705,
      "z" : -1.2974648
    } ],
    "faces" : [ {
      "vertices" : [ 0, 1, 2 ]
    }, {
      "vertices" : [ 0, 2, 3 ]
    }, {
      "vertices" : [ 0, 3, 2 ]
    }, {
      "vertices" : [ 0, 2, 1 ]
    } ]
  }, {
    "id" : "9c812f98-caee-46e2-a2f2-fdf6d5fdd85f",
    "vertices" : [ {
      "x" : 1.281153,
      "y" : -0.90325224,
      "z" : -0.47213596
    }, {
      "x" : 1.281153,
      "y" : -0.881966,
      "z" : -0.52786404
    }, {
      "x" : 1.218847,
      "y" : -0.95491505,
      "z" : -0.52786404
    } ],
    "faces" : [ {
      "vertices" : [ 0, 1, 2 ]
    }, {
      "vertices" : [ 0, 2, 1 ]
    } ]
  }, {
    "id" : "4987c21e-42ff-4142-ba87-ea547a698d6d",
    "vertices" : [ {
      "x" : 6.4970584,
      "y" : 1.3339393,
      "z" : -0.8647451
    }, {
      "x" : 6.188041,
      "y" : 1.1429564,
      "z" : -0.8647451
    }, {
      "x" : 6.188041,
      "y" : 1.1429564,
      "z" : -1.2467111
    }, {
      "x" : 6.4970584,
      "y" : 1.3339393,
      "z" : -1.2467111
    } ],
    "faces" : [ {
      "vertices" : [ 0, 1, 2 ]
    }, {
      "vertices" : [ 0, 2, 3 ]
    }, {
      "vertices" : [ 0, 3, 2 ]
    }, {
      "vertices" : [ 0, 2, 1 ]
    } ]
  }, {
    "id" : "7149d333-0876-4a07-87b5-b8a85519424f",
    "vertices" : [ {
      "x" : 2.690983,
      "y" : -3.1008132,
      "z" : -1.145898
    }, {
      "x" : 2.6352549,
      "y" : -3.072949,
      "z" : -1.1286771
    }, {
      "x" : 2.656541,
      "y" : -3.1286771,
      "z" : -1.1286771
    } ],
    "faces" : [ {
      "vertices" : [ 0, 1, 2 ]
    }, {
      "vertices" : [ 0, 2, 1 ]
    } ]
  }, {
    "id" : "3e17bbcb-7c0b-4889-b9d4-9fdd4e708b19",
    "vertices" : [ {
      "x" : 2.1295862,
      "y" : -1.5186918,
      "z" : -0.97087973
    }, {
      "x" : 2.209113,
      "y" : -1.6473689,
      "z" : -0.92172945
    }, {
      "x" : 1.9451809,
      "y" : -1.8104879,
      "z" : -0.92172945
    }, {
      "x" : 1.8656541,
      "y" : -1.6818107,
      "z" : -0.97087973
    } ],
    "faces" : [ {
      "vertices" : [ 0, 1, 2 ]
    }, {
      "vertices" : [ 0, 2, 3 ]
    }, {
      "vertices" : [ 0, 3, 2 ]
    }, {
      "vertices" : [ 0, 2, 1 ]
    } ]
  }, {
    "id" : "bdcf605e-6e43-4fc2-9345-8dbbb82083a0",
    "vertices" : [ {
      "x" : 4.736068,
      "y" : 3.4472136,
      "z" : -1.3618034
    }, {
      "x" : 4.7307463,
      "y" : 3.4558241,
      "z" : -1.3929564
    }, {
      "x" : 4.868034,
      "y" : 3.233688,
      "z" : -1.308108
    }, {
      "x" : 4.854102,
      "y" : 3.2562306,
      "z" : -1.2888544
    } ],
    "faces" : [ {
      "vertices" : [ 0, 1, 2 ]
    }, {
      "vertices" : [ 0, 2, 3 ]
    }, {
      "vertices" : [ 0, 3, 2 ]
    }, {
      "vertices" : [ 0, 2, 1 ]
    } ]
  }, {
    "id" : "d0b6bf22-23c7-4b83-801a-edabbd25b483",
    "vertices" : [ {
      "x" : 0.50419796,
      "y" : 0.5210717,
      "z" : 0.031152949
    }, {
      "x" : 0.42705098,
      "y" : 0.5,
      "z" : 0.0
    }, {
      "x" : 0.47213596,
      "y" : 0.48935688,
      "z" : 0.045084972
    } ],
    "faces" : [ {
      "vertices" : [ 0, 1, 2 ]
    }, {
      "vertices" : [ 0, 2, 1 ]
    } ]
  }, {
    "id" : "23f85edc-356a-45ad-9a37-12be69ec805c",
    "vertices" : [ {
      "x" : 1.854102,
      "y" : -1.072949,
      "z" : -0.71884704
    }, {
      "x" : 1.663119,
      "y" : -0.76393205,
      "z" : -0.83688104
    }, {
      "x" : 2.3627124,
      "y" : -0.20491503,
      "z" : -1.1684405
    } ],
    "faces" : [ {
      "vertices" : [ 0, 1, 2 ]
    }, {
      "vertices" : [ 0, 2, 1 ]
    } ]
  }, {
    "id" : "598c2365-3908-4994-9d3d-2ca07047849d",
    "vertices" : [ {
      "x" : 1.6136215,
      "y" : -0.6838434,
      "z" : -0.54711765
    }, {
      "x" : 1.622232,
      "y" : -0.6977754,
      "z" : -0.559017
    }, {
      "x" : 1.3582999,
      "y" : -0.8608944,
      "z" : -0.559017
    }, {
      "x" : 1.3496895,
      "y" : -0.84696233,
      "z" : -0.54711765
    } ],
    "faces" : [ {
      "vertices" : [ 0, 1, 2 ]
    }, {
      "vertices" : [ 0, 2, 3 ]
    }, {
      "vertices" : [ 0, 3, 2 ]
    }, {
      "vertices" : [ 0, 2, 1 ]
    } ]
  }, {
    "id" : "da879c26-f6cd-465c-a6f8-acf20f2adbd5",
    "vertices" : [ {
      "x" : 2.208204,
      "y" : -2.381966,
      "z" : -1.2467111
    }, {
      "x" : 2.292705,
      "y" : -2.3727937,
      "z" : -1.2348118
    }, {
      "x" : 2.372232,
      "y" : -2.5014708,
      "z" : -1.1856614
    }, {
      "x" : 2.326238,
      "y" : -2.510643,
      "z" : -1.190983
    }, {
      "x" : 2.2705097,
      "y" : -2.482779,
      "z" : -1.2082039
    } ],
    "faces" : [ {
      "vertices" : [ 0, 1, 2 ]
    }, {
      "vertices" : [ 0, 2, 3 ]
    }, {
      "vertices" : [ 0, 3, 4 ]
    }, {
      "vertices" : [ 0, 4, 3 ]
    }, {
      "vertices" : [ 0, 3, 2 ]
    }, {
      "vertices" : [ 0, 2, 1 ]
    } ]
  }, {
    "id" : "f3a58724-a1f3-45b2-a45c-99ab8660321b",
    "vertices" : [ {
      "x" : 1.3196601,
      "y" : -0.9655582,
      "z" : -0.6844052
    }, {
      "x" : 1.3196601,
      "y" : -0.9442719,
      "z" : -0.6286771
    }, {
      "x" : 1.3647451,
      "y" : -0.95491505,
      "z" : -0.6737621
    } ],
    "faces" : [ {
      "vertices" : [ 0, 1, 2 ]
    }, {
      "vertices" : [ 0, 2, 1 ]
    } ]
  }, {
    "id" : "25587f21-f07a-468a-b155-6f0561f67a7a",
    "vertices" : [ {
      "x" : 2.6073909,
      "y" : -2.965558,
      "z" : -1.2745751
    }, {
      "x" : 2.562306,
      "y" : -2.954915,
      "z" : -1.3196601
    }, {
      "x" : 2.562306,
      "y" : -2.9762013,
      "z" : -1.263932
    } ],
    "faces" : [ {
      "vertices" : [ 0, 1, 2 ]
    }, {
      "vertices" : [ 0, 2, 1 ]
    } ]
  }, {
    "id" : "ae26fb7c-e1b6-43ad-a5b0-7b2d4ecd77f6",
    "vertices" : [ {
      "x" : 6.385255,
      "y" : 0.3517221,
      "z" : -2.363836
    }, {
      "x" : 6.385255,
      "y" : 0.3517221,
      "z" : -2.0892608
    }, {
      "x" : 6.576238,
      "y" : 0.46975607,
      "z" : -2.0892608
    }, {
      "x" : 6.576238,
      "y" : 0.46975607,
      "z" : -2.363836
    } ],
    "faces" : [ {
      "vertices" : [ 0, 1, 2 ]
    }, {
      "vertices" : [ 0, 2, 3 ]
    }, {
      "vertices" : [ 0, 3, 2 ]
    }, {
      "vertices" : [ 0, 2, 1 ]
    } ]
  }, {
    "id" : "4e59ec14-3fe5-44c7-b2c0-74db643a486c",
    "vertices" : [ {
      "x" : 7.2005024,
      "y" : 0.19574276,
      "z" : -2.6814635
    }, {
      "x" : 7.18034,
      "y" : 0.22836654,
      "z" : -2.7994976
    }, {
      "x" : 7.062306,
      "y" : 0.41934955,
      "z" : -2.4904804
    }, {
      "x" : 7.1275535,
      "y" : 0.31377673,
      "z" : -2.4904804
    } ],
    "faces" : [ {
      "vertices" : [ 0, 1, 2 ]
    }, {
      "vertices" : [ 0, 2, 3 ]
    }, {
      "vertices" : [ 0, 3, 2 ]
    }, {
      "vertices" : [ 0, 2, 1 ]
    } ]
  }, {
    "id" : "6b6e7dab-d7ed-4f4e-8969-855d7683fba2",
    "vertices" : [ {
      "x" : 5.2888546,
      "y" : 2.1257355,
      "z" : -0.7917961
    }, {
      "x" : 5.373703,
      "y" : 1.9884479,
      "z" : -1.013932
    }, {
      "x" : 5.564686,
      "y" : 2.1064818,
      "z" : -1.013932
    }, {
      "x" : 5.4798374,
      "y" : 2.2437694,
      "z" : -0.7917961
    } ],
    "faces" : [ {
      "vertices" : [ 0, 1, 2 ]
    }, {
      "vertices" : [ 0, 2, 3 ]
    }, {
      "vertices" : [ 0, 3, 2 ]
    }, {
      "vertices" : [ 0, 2, 1 ]
    } ]
  }, {
    "id" : "27c8db56-e973-4894-af49-c84bb6ef90c8",
    "vertices" : [ {
      "x" : 2.2294903,
      "y" : -2.437694,
      "z" : -0.8647451
    }, {
      "x" : 2.263932,
      "y" : -2.472136,
      "z" : -0.8991869
    }, {
      "x" : 2.263932,
      "y" : -2.40983,
      "z" : -0.881966
    } ],
    "faces" : [ {
      "vertices" : [ 0, 1, 2 ]
    }, {
      "vertices" : [ 0, 2, 1 ]
    } ]
  }, {
    "id" : "69a55c1d-08c1-4310-aec7-47cc04d57217",
    "vertices" : [ {
      "x" : 1.9677234,
      "y" : -1.8469623,
      "z" : -0.69301564
    }, {
      "x" : 1.9644345,
      "y" : -1.8416408,
      "z" : -0.6737621
    }, {
      "x" : 1.899187,
      "y" : -1.881966,
      "z" : -0.6737621
    } ],
    "faces" : [ {
      "vertices" : [ 0, 1, 2 ]
    }, {
      "vertices" : [ 0, 2, 1 ]
    } ]
  }, {
    "id" : "2ad7a399-da7c-49be-a24d-b97bd8ba0fae",
    "vertices" : [ {
      "x" : 0.809017,
      "y" : 0.618034,
      "z" : 0.309017
    }, {
      "x" : 0.8291796,
      "y" : 0.5854102,
      "z" : 0.19098301
    }, {
      "x" : 0.8398227,
      "y" : 0.56818926,
      "z" : 0.19098301
    } ],
    "faces" : [ {
      "vertices" : [ 0, 1, 2 ]
    }, {
      "vertices" : [ 0, 2, 1 ]
    } ]
  }, {
    "id" : "f8ffbce8-1d6b-4f81-8bb8-b95f2e92ff0b",
    "vertices" : [ {
      "x" : 0.572949,
      "y" : -0.6008131,
      "z" : -0.17376208
    }, {
      "x" : 0.52786404,
      "y" : -0.52786404,
      "z" : -0.29179606
    }, {
      "x" : 0.90983003,
      "y" : -1.145898,
      "z" : -0.52786404
    }, {
      "x" : 0.95491505,
      "y" : -1.218847,
      "z" : -0.40983006
    } ],
    "faces" : [ {
      "vertices" : [ 0, 1, 2 ]
    }, {
      "vertices" : [ 0, 2, 3 ]
    }, {
      "vertices" : [ 0, 3, 2 ]
    }, {
      "vertices" : [ 0, 2, 1 ]
    } ]
  }, {
    "id" : "1c31755a-8f1f-42c8-8379-158136924219",
    "vertices" : [ {
      "x" : 1.809017,
      "y" : -1.9098301,
      "z" : -0.690983
    }, {
      "x" : 1.7082039,
      "y" : -1.7467111,
      "z" : -0.6286771
    }, {
      "x" : 1.736068,
      "y" : -1.7917961,
      "z" : -0.7016261
    } ],
    "faces" : [ {
      "vertices" : [ 0, 1, 2 ]
    }, {
      "vertices" : [ 0, 2, 1 ]
    } ]
  }, {
    "id" : "37fe1c89-30a7-4511-a4fa-43553c173a59",
    "vertices" : [ {
      "x" : 6.306075,
      "y" : 1.6429564,
      "z" : -0.7467111
    }, {
      "x" : 6.3790245,
      "y" : 2.2159054,
      "z" : -1.0557281
    }, {
      "x" : 6.4970584,
      "y" : 2.0249224,
      "z" : -0.690983
    } ],
    "faces" : [ {
      "vertices" : [ 0, 1, 2 ]
    }, {
      "vertices" : [ 0, 2, 1 ]
    } ]
  }, {
    "id" : "858f8092-5e95-4f07-9180-857166d91ca0",
    "vertices" : [ {
      "x" : 1.118034,
      "y" : -1.218847,
      "z" : -0.4376941
    }, {
      "x" : 1.072949,
      "y" : -1.145898,
      "z" : -0.5557281
    }, {
      "x" : 1.263932,
      "y" : -1.0278641,
      "z" : -0.5557281
    }, {
      "x" : 1.309017,
      "y" : -1.100813,
      "z" : -0.4376941
    } ],
    "faces" : [ {
      "vertices" : [ 0, 1, 2 ]
    }, {
      "vertices" : [ 0, 2, 3 ]
    }, {
      "vertices" : [ 0, 3, 2 ]
    }, {
      "vertices" : [ 0, 2, 1 ]
    } ]
  }, {
    "id" : "a7c985fd-af01-4f1e-9205-587f7170055b",
    "vertices" : [ {
      "x" : 0.58450115,
      "y" : 0.3911383,
      "z" : 0.17908363
    }, {
      "x" : 0.5,
      "y" : 0.38196602,
      "z" : 0.19098301
    }, {
      "x" : 0.5557281,
      "y" : 0.35410196,
      "z" : 0.17376208
    } ],
    "faces" : [ {
      "vertices" : [ 0, 1, 2 ]
    }, {
      "vertices" : [ 0, 2, 1 ]
    } ]
  }, {
    "id" : "a3b38ab5-43dc-4044-88bd-e64142ad94c0",
    "vertices" : [ {
      "x" : 2.5,
      "y" : -3.027864,
      "z" : -1.3196601
    }, {
      "x" : 2.562306,
      "y" : -3.1286771,
      "z" : -1.1565411
    }, {
      "x" : 2.562306,
      "y" : -2.9762013,
      "z" : -1.263932
    } ],
    "faces" : [ {
      "vertices" : [ 0, 1, 2 ]
    }, {
      "vertices" : [ 0, 2, 1 ]
    } ]
  }, {
    "id" : "de6cd1cf-35fa-4c8f-9bd9-c4ccd15dc7e8",
    "vertices" : [ {
      "x" : 3.208204,
      "y" : -1.572949,
      "z" : -1.0557281
    }, {
      "x" : 3.09017,
      "y" : -1.381966,
      "z" : -0.690983
    }, {
      "x" : 2.708204,
      "y" : -2.454915,
      "z" : -0.8647451
    } ],
    "faces" : [ {
      "vertices" : [ 0, 1, 2 ]
    }, {
      "vertices" : [ 0, 2, 1 ]
    } ]
  }, {
    "id" : "7886a4db-c0af-4772-a310-0f8f06063c7f",
    "vertices" : [ {
      "x" : 2.261552,
      "y" : -2.3223872,
      "z" : -1.2155582
    }, {
      "x" : 2.264841,
      "y" : -2.3277087,
      "z" : -1.2348118
    }, {
      "x" : 2.208204,
      "y" : -2.381966,
      "z" : -1.2467111
    } ],
    "faces" : [ {
      "vertices" : [ 0, 1, 2 ]
    }, {
      "vertices" : [ 0, 2, 1 ]
    } ]
  }, {
    "id" : "a281888e-c625-44bb-b773-0b8690f10674",
    "vertices" : [ {
      "x" : 0.7595195,
      "y" : 0.6981226,
      "z" : -0.019253582
    }, {
      "x" : 0.76812994,
      "y" : 0.68419063,
      "z" : -0.031152949
    }, {
      "x" : 0.50419796,
      "y" : 0.5210717,
      "z" : -0.031152949
    }, {
      "x" : 0.49558747,
      "y" : 0.53500366,
      "z" : -0.019253582
    } ],
    "faces" : [ {
      "vertices" : [ 0, 1, 2 ]
    }, {
      "vertices" : [ 0, 2, 3 ]
    }, {
      "vertices" : [ 0, 3, 2 ]
    }, {
      "vertices" : [ 0, 2, 1 ]
    } ]
  }, {
    "id" : "90036215-6a1e-44a8-9580-5a6f20c8503a",
    "vertices" : [ {
      "x" : 0.9376941,
      "y" : -0.26393202,
      "z" : -0.40983006
    }, {
      "x" : 0.927051,
      "y" : -0.309017,
      "z" : -0.45491502
    }, {
      "x" : 0.8926091,
      "y" : -0.27457514,
      "z" : -0.4204732
    } ],
    "faces" : [ {
      "vertices" : [ 0, 1, 2 ]
    }, {
      "vertices" : [ 0, 2, 1 ]
    } ]
  }, {
    "id" : "ea9db4dd-f664-460c-ae8b-4c972c269110",
    "vertices" : [ {
      "x" : 5.899187,
      "y" : 0.309017,
      "z" : -0.95491505
    }, {
      "x" : 6.806075,
      "y" : 1.5249224,
      "z" : -1.3196601
    }, {
      "x" : 3.3991868,
      "y" : -1.881966,
      "z" : -1.3196601
    }, {
      "x" : 3.517221,
      "y" : -2.072949,
      "z" : -0.95491505
    } ],
    "faces" : [ {
      "vertices" : [ 0, 1, 2 ]
    }, {
      "vertices" : [ 0, 2, 3 ]
    }, {
      "vertices" : [ 0, 3, 2 ]
    }, {
      "vertices" : [ 0, 2, 1 ]
    } ]
  }, {
    "id" : "1d8a47ab-22c3-43c7-a092-194fb05d3bb7",
    "vertices" : [ {
      "x" : 5.215905,
      "y" : 4.0978713,
      "z" : 0.10081306
    }, {
      "x" : 5.0978713,
      "y" : 4.2888546,
      "z" : -0.26393202
    }, {
      "x" : 4.190983,
      "y" : 3.072949,
      "z" : 0.10081306
    } ],
    "faces" : [ {
      "vertices" : [ 0, 1, 2 ]
    }, {
      "vertices" : [ 0, 2, 1 ]
    } ]
  }, {
    "id" : "81107d65-ec6a-4584-81cb-62d8f1b09518",
    "vertices" : [ {
      "x" : 0.26393202,
      "y" : 0.16311896,
      "z" : 0.090169944
    }, {
      "x" : 0.21884705,
      "y" : 0.23606798,
      "z" : -0.027864045
    }, {
      "x" : 0.40983006,
      "y" : 0.35410196,
      "z" : -0.027864045
    }, {
      "x" : 0.45491502,
      "y" : 0.28115296,
      "z" : 0.090169944
    } ],
    "faces" : [ {
      "vertices" : [ 0, 1, 2 ]
    }, {
      "vertices" : [ 0, 2, 3 ]
    }, {
      "vertices" : [ 0, 3, 2 ]
    }, {
      "vertices" : [ 0, 2, 1 ]
    } ]
  }, {
    "id" : "ed9e81f6-1232-486d-8845-1000869d92b8",
    "vertices" : [ {
      "x" : 1.622232,
      "y" : -0.6977754,
      "z" : -0.559017
    }, {
      "x" : 1.6713822,
      "y" : -0.7773022,
      "z" : -0.6876941
    }, {
      "x" : 1.4074502,
      "y" : -0.94042116,
      "z" : -0.6876941
    }, {
      "x" : 1.3582999,
      "y" : -0.8608944,
      "z" : -0.559017
    } ],
    "faces" : [ {
      "vertices" : [ 0, 1, 2 ]
    }, {
      "vertices" : [ 0, 2, 3 ]
    }, {
      "vertices" : [ 0, 3, 2 ]
    }, {
      "vertices" : [ 0, 2, 1 ]
    } ]
  }, {
    "id" : "08b04032-2007-4f23-b329-b73574470ad8",
    "vertices" : [ {
      "x" : 0.8991869,
      "y" : -0.20162612,
      "z" : -0.21884705
    }, {
      "x" : 0.85410196,
      "y" : -0.19098301,
      "z" : -0.26393202
    }, {
      "x" : 0.85410196,
      "y" : -0.21226925,
      "z" : -0.20820393
    } ],
    "faces" : [ {
      "vertices" : [ 0, 1, 2 ]
    }, {
      "vertices" : [ 0, 2, 1 ]
    } ]
  }, {
    "id" : "07be9160-b060-4f71-b963-7620edb92f66",
    "vertices" : [ {
      "x" : 4.736068,
      "y" : 4.1832814,
      "z" : 0.11803399
    }, {
      "x" : 4.4068885,
      "y" : 3.9798374,
      "z" : 0.11803399
    }, {
      "x" : 4.2888546,
      "y" : 4.17082,
      "z" : 0.19098301
    }, {
      "x" : 4.618034,
      "y" : 4.3742647,
      "z" : 0.19098301
    } ],
    "faces" : [ {
      "vertices" : [ 0, 1, 2 ]
    }, {
      "vertices" : [ 0, 2, 3 ]
    }, {
      "vertices" : [ 0, 3, 2 ]
    }, {
      "vertices" : [ 0, 2, 1 ]
    } ]
  }, {
    "id" : "6135deaa-ce6d-48cc-b3e4-06643b3298ef",
    "vertices" : [ {
      "x" : 1.5815595,
      "y" : 1.059017,
      "z" : -0.21352549
    }, {
      "x" : 1.7274575,
      "y" : 0.822949,
      "z" : -0.5397634
    }, {
      "x" : 4.3905764,
      "y" : 2.75,
      "z" : -1.2758313
    }, {
      "x" : 4.2446785,
      "y" : 2.986068,
      "z" : -0.9495935
    } ],
    "faces" : [ {
      "vertices" : [ 0, 1, 2 ]
    }, {
      "vertices" : [ 0, 2, 3 ]
    }, {
      "vertices" : [ 0, 3, 2 ]
    }, {
      "vertices" : [ 0, 2, 1 ]
    } ]
  }, {
    "id" : "94ec801d-259a-4077-a0fe-54977f08b0af",
    "vertices" : [ {
      "x" : 2.3947744,
      "y" : -2.5379453,
      "z" : -0.9569477
    }, {
      "x" : 2.3914855,
      "y" : -2.5326238,
      "z" : -0.9376941
    }, {
      "x" : 2.326238,
      "y" : -2.572949,
      "z" : -0.9376941
    } ],
    "faces" : [ {
      "vertices" : [ 0, 1, 2 ]
    }, {
      "vertices" : [ 0, 2, 1 ]
    } ]
  }, {
    "id" : "77b995f8-8d60-4195-8640-5a100b1d1f51",
    "vertices" : [ {
      "x" : 2.525484,
      "y" : -2.1592681,
      "z" : -1.2155582
    }, {
      "x" : 2.528773,
      "y" : -2.16459,
      "z" : -1.2348118
    }, {
      "x" : 2.264841,
      "y" : -2.3277087,
      "z" : -1.2348118
    }, {
      "x" : 2.261552,
      "y" : -2.3223872,
      "z" : -1.2155582
    } ],
    "faces" : [ {
      "vertices" : [ 0, 1, 2 ]
    }, {
      "vertices" : [ 0, 2, 3 ]
    }, {
      "vertices" : [ 0, 3, 2 ]
    }, {
      "vertices" : [ 0, 2, 1 ]
    } ]
  }, {
    "id" : "5eb739a9-53b0-47fc-b32c-f837baed4f5d",
    "vertices" : [ {
      "x" : 0.618034,
      "y" : 0.19098301,
      "z" : -0.11803399
    }, {
      "x" : 0.6832816,
      "y" : 0.23130824,
      "z" : -0.07952683
    }, {
      "x" : 0.6832816,
      "y" : 0.23130824,
      "z" : 0.07952683
    }, {
      "x" : 0.64589804,
      "y" : 0.20820393,
      "z" : 0.062305897
    }, {
      "x" : 0.618034,
      "y" : 0.19098301,
      "z" : 0.006577809
    } ],
    "faces" : [ {
      "vertices" : [ 0, 1, 2 ]
    }, {
      "vertices" : [ 0, 2, 3 ]
    }, {
      "vertices" : [ 0, 3, 4 ]
    }, {
      "vertices" : [ 0, 4, 3 ]
    }, {
      "vertices" : [ 0, 3, 2 ]
    }, {
      "vertices" : [ 0, 2, 1 ]
    } ]
  }, {
    "id" : "2f5e02c7-8eb4-4e2c-8d21-9a81d99d9956",
    "vertices" : [ {
      "x" : 5.3339396,
      "y" : 2.5249224,
      "z" : -0.33688104
    }, {
      "x" : 4.618034,
      "y" : 2.381966,
      "z" : -0.16311896
    }, {
      "x" : 4.736068,
      "y" : 2.190983,
      "z" : -0.52786404
    } ],
    "faces" : [ {
      "vertices" : [ 0, 1, 2 ]
    }, {
      "vertices" : [ 0, 2, 1 ]
    } ]
  }, {
    "id" : "9f2699c1-2e56-40d2-ac62-7ad113da4b06",
    "vertices" : [ {
      "x" : 5.104102,
      "y" : 2.4246712,
      "z" : -1.2974648
    }, {
      "x" : 5.104102,
      "y" : 2.4246712,
      "z" : -1.57204
    }, {
      "x" : 4.9668145,
      "y" : 2.646807,
      "z" : -1.6568884
    }, {
      "x" : 4.881966,
      "y" : 2.7840946,
      "z" : -1.4347525
    }, {
      "x" : 4.9668145,
      "y" : 2.646807,
      "z" : -1.2126164
    } ],
    "faces" : [ {
      "vertices" : [ 0, 1, 2 ]
    }, {
      "vertices" : [ 0, 2, 3 ]
    }, {
      "vertices" : [ 0, 3, 4 ]
    }, {
      "vertices" : [ 0, 4, 3 ]
    }, {
      "vertices" : [ 0, 3, 2 ]
    }, {
      "vertices" : [ 0, 2, 1 ]
    } ]
  }, {
    "id" : "a8cdd1f4-a7e4-4202-870b-b1a0d80447ea",
    "vertices" : [ {
      "x" : 5.163119,
      "y" : 2.8013155,
      "z" : -1.1257354
    }, {
      "x" : 5.472136,
      "y" : 2.9922986,
      "z" : -1.1257354
    }, {
      "x" : 5.354102,
      "y" : 3.1832817,
      "z" : -1.4347525
    } ],
    "faces" : [ {
      "vertices" : [ 0, 1, 2 ]
    }, {
      "vertices" : [ 0, 2, 1 ]
    } ]
  }, {
    "id" : "a4adc73f-d410-4c60-afbd-984a61cc9d61",
    "vertices" : [ {
      "x" : 1.9356614,
      "y" : 0.48606798,
      "z" : -0.9045085
    }, {
      "x" : 1.9721359,
      "y" : 0.85410196,
      "z" : -0.6286771
    }, {
      "x" : 4.4528823,
      "y" : 2.6491868,
      "z" : -1.3143386
    }, {
      "x" : 5.7446785,
      "y" : 3.2422986,
      "z" : -1.957295
    } ],
    "faces" : [ {
      "vertices" : [ 0, 1, 2 ]
    }, {
      "vertices" : [ 0, 2, 3 ]
    }, {
      "vertices" : [ 0, 3, 2 ]
    }, {
      "vertices" : [ 0, 2, 1 ]
    } ]
  }, {
    "id" : "fc54928d-cfc1-4c20-a26f-b7e4ed959aec",
    "vertices" : [ {
      "x" : 2.8914855,
      "y" : -2.7514708,
      "z" : -1.3196601
    }, {
      "x" : 2.8947744,
      "y" : -2.7567923,
      "z" : -1.3389137
    }, {
      "x" : 2.6308424,
      "y" : -2.9199114,
      "z" : -1.3389137
    }, {
      "x" : 2.6275535,
      "y" : -2.91459,
      "z" : -1.3196601
    } ],
    "faces" : [ {
      "vertices" : [ 0, 1, 2 ]
    }, {
      "vertices" : [ 0, 2, 3 ]
    }, {
      "vertices" : [ 0, 3, 2 ]
    }, {
      "vertices" : [ 0, 2, 1 ]
    } ]
  }, {
    "id" : "9bdf1bee-788d-4771-95af-a03c612ade41",
    "vertices" : [ {
      "x" : 6.871323,
      "y" : 0.72836655,
      "z" : -1.2016262
    }, {
      "x" : 6.9241095,
      "y" : 0.6429564,
      "z" : -1.1286771
    }, {
      "x" : 6.9241095,
      "y" : 0.6429564,
      "z" : -1.5106431
    }, {
      "x" : 6.871323,
      "y" : 0.72836655,
      "z" : -1.4376941
    } ],
    "faces" : [ {
      "vertices" : [ 0, 1, 2 ]
    }, {
      "vertices" : [ 0, 2, 3 ]
    }, {
      "vertices" : [ 0, 3, 2 ]
    }, {
      "vertices" : [ 0, 2, 1 ]
    } ]
  }, {
    "id" : "45fde0dd-70a0-4601-98af-60e711a79127",
    "vertices" : [ {
      "x" : 5.4922986,
      "y" : 2.9596748,
      "z" : -1.2437694
    }, {
      "x" : 5.163119,
      "y" : 2.7562306,
      "z" : -1.2437694
    }, {
      "x" : 5.09017,
      "y" : 2.8742645,
      "z" : -1.4347525
    }, {
      "x" : 5.4193497,
      "y" : 3.0777087,
      "z" : -1.4347525
    } ],
    "faces" : [ {
      "vertices" : [ 0, 1, 2 ]
    }, {
      "vertices" : [ 0, 2, 3 ]
    }, {
      "vertices" : [ 0, 3, 2 ]
    }, {
      "vertices" : [ 0, 2, 1 ]
    } ]
  }, {
    "id" : "96b2ea25-c4ff-4d0a-a705-a14dee9e91dd",
    "vertices" : [ {
      "x" : 1.118034,
      "y" : 0.11803399,
      "z" : -0.26393202
    }, {
      "x" : 1.690983,
      "y" : 0.881966,
      "z" : -0.26393202
    }, {
      "x" : 1.9721359,
      "y" : 0.85410196,
      "z" : -0.6286771
    } ],
    "faces" : [ {
      "vertices" : [ 0, 1, 2 ]
    }, {
      "vertices" : [ 0, 2, 1 ]
    } ]
  }, {
    "id" : "8aaa41f8-2cae-480d-a510-77d3288ae215",
    "vertices" : [ {
      "x" : 1.3656541,
      "y" : -0.2826238,
      "z" : -0.39386538
    }, {
      "x" : 1.3742646,
      "y" : -0.29655582,
      "z" : -0.38196602
    }, {
      "x" : 1.1103326,
      "y" : -0.45967478,
      "z" : -0.38196602
    }, {
      "x" : 1.1017221,
      "y" : -0.44574276,
      "z" : -0.39386538
    } ],
    "faces" : [ {
      "vertices" : [ 0, 1, 2 ]
    }, {
      "vertices" : [ 0, 2, 3 ]
    }, {
      "vertices" : [ 0, 3, 2 ]
    }, {
      "vertices" : [ 0, 2, 1 ]
    } ]
  }, {
    "id" : "e2dd463e-dc89-45e1-bda5-933150cee888",
    "vertices" : [ {
      "x" : 5.1832814,
      "y" : 3.4596748,
      "z" : -1.2888544
    }, {
      "x" : 4.854102,
      "y" : 3.2562306,
      "z" : -1.2888544
    }, {
      "x" : 4.854102,
      "y" : 3.2562306,
      "z" : -1.0527864
    }, {
      "x" : 5.1832814,
      "y" : 3.4596748,
      "z" : -1.0527864
    } ],
    "faces" : [ {
      "vertices" : [ 0, 1, 2 ]
    }, {
      "vertices" : [ 0, 2, 3 ]
    }, {
      "vertices" : [ 0, 3, 2 ]
    }, {
      "vertices" : [ 0, 2, 1 ]
    } ]
  }, {
    "id" : "e039d2ab-0bfd-4b7a-8f2f-493f974a7e1e",
    "vertices" : [ {
      "x" : 4.7888546,
      "y" : 4.0978713,
      "z" : 0.19098301
    }, {
      "x" : 4.4798374,
      "y" : 3.9068885,
      "z" : 0.19098301
    }, {
      "x" : 4.4798374,
      "y" : 3.9068885,
      "z" : -0.19098301
    }, {
      "x" : 4.7888546,
      "y" : 4.0978713,
      "z" : -0.19098301
    } ],
    "faces" : [ {
      "vertices" : [ 0, 1, 2 ]
    }, {
      "vertices" : [ 0, 2, 3 ]
    }, {
      "vertices" : [ 0, 3, 2 ]
    }, {
      "vertices" : [ 0, 2, 1 ]
    } ]
  }, {
    "id" : "b9c1f3c3-001e-461a-b966-9dca3605520b",
    "vertices" : [ {
      "x" : 2.663119,
      "y" : -3.291796,
      "z" : -1.218847
    }, {
      "x" : 2.663119,
      "y" : -3.291796,
      "z" : -1.4204732
    }, {
      "x" : 2.753289,
      "y" : -3.2852182,
      "z" : -1.2573543
    } ],
    "faces" : [ {
      "vertices" : [ 0, 1, 2 ]
    }, {
      "vertices" : [ 0, 2, 1 ]
    } ]
  }, {
    "id" : "e49df5a3-dcab-49c3-acf6-a1f1450971f0",
    "vertices" : [ {
      "x" : 2.2316554,
      "y" : -1.6838434,
      "z" : -0.8905765
    }, {
      "x" : 2.2283666,
      "y" : -1.6785219,
      "z" : -0.8713229
    }, {
      "x" : 1.9644345,
      "y" : -1.8416408,
      "z" : -0.8713229
    }, {
      "x" : 1.9677234,
      "y" : -1.8469623,
      "z" : -0.8905765
    } ],
    "faces" : [ {
      "vertices" : [ 0, 1, 2 ]
    }, {
      "vertices" : [ 0, 2, 3 ]
    }, {
      "vertices" : [ 0, 3, 2 ]
    }, {
      "vertices" : [ 0, 2, 1 ]
    } ]
  }, {
    "id" : "75d30b5f-f39a-46f2-ab18-b14f1e44cd0c",
    "vertices" : [ {
      "x" : 1.83779,
      "y" : -1.6367258,
      "z" : -0.61271244
    }, {
      "x" : 1.8345011,
      "y" : -1.6314042,
      "z" : -0.631966
    }, {
      "x" : 1.781153,
      "y" : -1.690983,
      "z" : -0.6008131
    } ],
    "faces" : [ {
      "vertices" : [ 0, 1, 2 ]
    }, {
      "vertices" : [ 0, 2, 1 ]
    } ]
  }, {
    "id" : "a117a74a-cf7f-4dd2-a22e-6d86d3785c32",
    "vertices" : [ {
      "x" : 2.326238,
      "y" : -2.5942352,
      "z" : -0.9934222
    }, {
      "x" : 2.326238,
      "y" : -2.572949,
      "z" : -1.0491502
    }, {
      "x" : 2.354102,
      "y" : -2.5557282,
      "z" : -0.9934222
    } ],
    "faces" : [ {
      "vertices" : [ 0, 1, 2 ]
    }, {
      "vertices" : [ 0, 2, 1 ]
    } ]
  }, {
    "id" : "184ba933-6580-41f9-ab50-6962c399639b",
    "vertices" : [ {
      "x" : 6.2479672,
      "y" : 0.573858,
      "z" : -2.0044124
    }, {
      "x" : 6.163119,
      "y" : 0.71114564,
      "z" : -2.2265484
    }, {
      "x" : 6.354102,
      "y" : 0.8291796,
      "z" : -2.2265484
    }, {
      "x" : 6.4389505,
      "y" : 0.691892,
      "z" : -2.0044124
    } ],
    "faces" : [ {
      "vertices" : [ 0, 1, 2 ]
    }, {
      "vertices" : [ 0, 2, 3 ]
    }, {
      "vertices" : [ 0, 3, 2 ]
    }, {
      "vertices" : [ 0, 2, 1 ]
    } ]
  }, {
    "id" : "56293912-60bc-4ec0-b90f-53e905ff8c14",
    "vertices" : [ {
      "x" : 1.854102,
      "y" : -1.072949,
      "z" : -0.71884704
    }, {
      "x" : 1.854102,
      "y" : -1.072949,
      "z" : -0.33688104
    }, {
      "x" : 1.8046044,
      "y" : -0.9928604,
      "z" : -0.42908365
    }, {
      "x" : 1.8013155,
      "y" : -0.9875388,
      "z" : -0.44833723
    }, {
      "x" : 1.8013155,
      "y" : -0.9875388,
      "z" : -0.6073909
    }, {
      "x" : 1.8046044,
      "y" : -0.9928604,
      "z" : -0.62664443
    } ],
    "faces" : [ {
      "vertices" : [ 0, 1, 2 ]
    }, {
      "vertices" : [ 0, 2, 3 ]
    }, {
      "vertices" : [ 0, 3, 4 ]
    }, {
      "vertices" : [ 0, 4, 5 ]
    }, {
      "vertices" : [ 0, 5, 4 ]
    }, {
      "vertices" : [ 0, 4, 3 ]
    }, {
      "vertices" : [ 0, 3, 2 ]
    }, {
      "vertices" : [ 0, 2, 1 ]
    } ]
  }, {
    "id" : "f1c48ee7-09d2-41e1-9bca-1155535519c8",
    "vertices" : [ {
      "x" : 5.7340355,
      "y" : 0.5762379,
      "z" : -2.1061347
    }, {
      "x" : 6.8799334,
      "y" : 1.4054176,
      "z" : -2.422853
    }, {
      "x" : 7.025831,
      "y" : 1.1693496,
      "z" : -2.749091
    } ],
    "faces" : [ {
      "vertices" : [ 0, 1, 2 ]
    }, {
