{
  "field" : "golden",
  "symmetry" : "icosahedral",
  "orientations" : [ [ 1.0, 0.0, 0.0, 0.0, 0.0, 1.0, 0.0, 0.0, 0.0, 0.0, 1.0, 0.0, 0.0, 0.0, 0.0, 1.0 ], [ 0.0, 0.0, 1.0, 0.0, 1.0, 0.0, 0.0, 0.0, 0.0, 1.0, 0.0, 0.0, 0.0, 0.0, 0.0, 1.0 ], [ 0.0, 1.0, 0.0, 0.0, 0.0, 0.0, 1.0, 0.0, 1.0, 0.0, 0.0, 0.0, 0.0, 0.0, 0.0, 1.0 ], [ 0.809017, 0.309017, 0.5, 0.0, 0.309017, 0.5, -0.809017, 0.0, -0.5, 0.809017, 0.309017, 0.0, 0.0, 0.0, 0.0, 1.0 ], [ -0.5, 0.809017, 0.309017, 0.0, 0.809017, 0.309017, 0.5, 0.0, 0.309017, 0.5, -0.809017, 0.0, 0.0, 0.0, 0.0, 1.0 ], [ 0.309017, 0.5, -0.809017, 0.0, -0.5, 0.809017, 0.309017, 0.0, 0.809017, 0.309017, 0.5, 0.0, 0.0, 0.0, 0.0, 1.0 ], [ 0.5, 0.809017, 0.309017, 0.0, 0.809017, -0.309017, -0.5, 0.0, -0.309017, 0.5, -0.809017, 0.0, 0.0, 0.0, 0.0, 1.0 ], [ -0.309017, 0.5, -0.809017, 0.0, 0.5, 0.809017, 0.309017, 0.0, 0.809017, -0.309017, -0.5, 0.0, 0.0, 0.0, 0.0, 1.0 ], [ 0.809017, -0.309017, -0.5, 0.0, -0.309017, 0.5, -0.809017, 0.0, 0.5, 0.809017, 0.309017, 0.0, 0.0, 0.0, 0.0, 1.0 ], [ 0.5, 0.809017, -0.309017, 0.0, 0.809017, -0.309017, 0.5, 0.0, 0.309017, -0.5, -0.809017, 0.0, 0.0, 0.0, 0.0, 1.0 ], [ 0.309017, -0.5, -0.809017, 0.0, 0.5, 0.809017, -0.309017, 0.0, 0.809017, -0.309017, 0.5, 0.0, 0.0, 0.0, 0.0, 1.0 ], [ 0.809017, -0.309017, 0.5, 0.0, 0.309017, -0.5, -0.809017, 0.0, 0.5, 0.809017, -0.309017, 0.0, 0.0, 0.0, 0.0, 1.0 ], [ 0.809017, 0.309017, -0.5, 0.0, 0.309017, 0.5, 0.809017, 0.0, 0.5, -0.809017, 0.309017, 0.0, 0.0, 0.0, 0.0, 1.0 ], [ 0.5, -0.809017, 0.309017, 0.0, 0.809017, 0.309017, -0.5, 0.0, 0.309017, 0.5, 0.809017, 0.0, 0.0, 0.0, 0.0, 1.0 ], [ 0.309017, 0.5, 0.809017, 0.0, 0.5, -0.809017, 0.309017, 0.0, 0.809017, 0.309017, -0.5, 0.0, 0.0, 0.0, 0.0, 1.0 ], [ 1.0, 0.0, 0.0, 0.0, 0.0, -1.0, 0.0, 0.0, 0.0, 0.0, -1.0, 0.0, 0.0, 0.0, 0.0, 1.0 ], [ 0.0, 0.0, 1.0, 0.0, -1.0, 0.0, 0.0, 0.0, 0.0, -1.0, 0.0, 0.0, 0.0, 0.0, 0.0, 1.0 ], [ 0.0, 1.0, 0.0, 0.0, 0.0, 0.0, -1.0, 0.0, -1.0, 0.0, 0.0, 0.0, 0.0, 0.0, 0.0, 1.0 ], [ 0.809017, 0.309017, 0.5, 0.0, -0.309017, -0.5, 0.809017, 0.0, 0.5, -0.809017, -0.309017, 0.0, 0.0, 0.0, 0.0, 1.0 ], [ -0.5, 0.809017, 0.309017, 0.0, -0.809017, -0.309017, -0.5, 0.0, -0.309017, -0.5, 0.809017, 0.0, 0.0, 0.0, 0.0, 1.0 ], [ 0.309017, 0.5, -0.809017, 0.0, 0.5, -0.809017, -0.309017, 0.0, -0.809017, -0.309017, -0.5, 0.0, 0.0, 0.0, 0.0, 1.0 ], [ 0.5, 0.809017, 0.309017, 0.0, -0.809017, 0.309017, 0.5, 0.0, 0.309017, -0.5, 0.809017, 0.0, 0.0, 0.0, 0.0, 1.0 ], [ -0.309017, 0.5, -0.809017, 0.0, -0.5, -0.809017, -0.309017, 0.0, -0.809017, 0.309017, 0.5, 0.0, 0.0, 0.0, 0.0, 1.0 ], [ 0.809017, -0.309017, -0.5, 0.0, 0.309017, -0.5, 0.809017, 0.0, -0.5, -0.809017, -0.309017, 0.0, 0.0, 0.0, 0.0, 1.0 ], [ 0.5, 0.809017, -0.309017, 0.0, -0.809017, 0.309017, -0.5, 0.0, -0.309017, 0.5, 0.809017, 0.0, 0.0, 0.0, 0.0, 1.0 ], [ 0.309017, -0.5, -0.809017, 0.0, -0.5, -0.809017, 0.309017, 0.0, -0.809017, 0.309017, -0.5, 0.0, 0.0, 0.0, 0.0, 1.0 ], [ 0.809017, -0.309017, 0.5, 0.0, -0.309017, 0.5, 0.809017, 0.0, -0.5, -0.809017, 0.309017, 0.0, 0.0, 0.0, 0.0, 1.0 ], [ 0.809017, 0.309017, -0.5, 0.0, -0.309017, -0.5, -0.809017, 0.0, -0.5, 0.809017, -0.309017, 0.0, 0.0, 0.0, 0.0, 1.0 ], [ 0.5, -0.809017, 0.309017, 0.0, -0.809017, -0.309017, 0.5, 0.0, -0.309017, -0.5, -0.809017, 0.0, 0.0, 0.0, 0.0, 1.0 ], [ 0.309017, 0.5, 0.809017, 0.0, -0.5, 0.809017, -0.309017, 0.0, -0.809017, -0.309017, 0.5, 0.0, 0.0, 0.0, 0.0, 1.0 ], [ -1.0, 0.0, 0.0, 0.0, 0.0, -1.0, 0.0, 0.0, 0.0, 0.0, 1.0, 0.0, 0.0, 0.0, 0.0, 1.0 ], [ 0.0, 0.0, -1.0, 0.0, -1.0, 0.0, 0.0, 0.0, 0.0, 1.0, 0.0, 0.0, 0.0, 0.0, 0.0, 1.0 ], [ 0.0, -1.0, 0.0, 0.0, 0.0, 0.0, -1.0, 0.0, 1.0, 0.0, 0.0, 0.0, 0.0, 0.0, 0.0, 1.0 ], [ -0.809017, -0.309017, -0.5, 0.0, -0.309017, -0.5, 0.809017, 0.0, -0.5, 0.809017, 0.309017, 0.0, 0.0, 0.0, 0.0, 1.0 ], [ 0.5, -0.809017, -0.309017, 0.0, -0.809017, -0.309017, -0.5, 0.0, 0.309017, 0.5, -0.809017, 0.0, 0.0, 0.0, 0.0, 1.0 ], [ -0.309017, -0.5, 0.809017, 0.0, 0.5, -0.809017, -0.309017, 0.0, 0.809017, 0.309017, 0.5, 0.0, 0.0, 0.0, 0.0, 1.0 ], [ -0.5, -0.809017, -0.309017, 0.0, -0.809017, 0.309017, 0.5, 0.0, -0.309017, 0.5, -0.809017, 0.0, 0.0, 0.0, 0.0, 1.0 ], [ 0.309017, -0.5, 0.809017, 0.0, -0.5, -0.809017, -0.309017, 0.0, 0.809017, -0.309017, -0.5, 0.0, 0.0, 0.0, 0.0, 1.0 ], [ -0.809017, 0.309017, 0.5, 0.0, 0.309017, -0.5, 0.809017, 0.0, 0.5, 0.809017, 0.309017, 0.0, 0.0, 0.0, 0.0, 1.0 ], [ -0.5, -0.809017, 0.309017, 0.0, -0.809017, 0.309017, -0.5, 0.0, 0.309017, -0.5, -0.809017, 0.0, 0.0, 0.0, 0.0, 1.0 ], [ -0.309017, 0.5, 0.809017, 0.0, -0.5, -0.809017, 0.309017, 0.0, 0.809017, -0.309017, 0.5, 0.0, 0.0, 0.0, 0.0, 1.0 ], [ -0.809017, 0.309017, -0.5, 0.0, -0.309017, 0.5, 0.809017, 0.0, 0.5, 0.809017, -0.309017, 0.0, 0.0, 0.0, 0.0, 1.0 ], [ -0.809017, -0.309017, 0.5, 0.0, -0.309017, -0.5, -0.809017, 0.0, 0.5, -0.809017, 0.309017, 0.0, 0.0, 0.0, 0.0, 1.0 ], [ -0.5, 0.809017, -0.309017, 0.0, -0.809017, -0.309017, 0.5, 0.0, 0.309017, 0.5, 0.809017, 0.0, 0.0, 0.0, 0.0, 1.0 ], [ -0.309017, -0.5, -0.809017, 0.0, -0.5, 0.809017, -0.309017, 0.0, 0.809017, 0.309017, -0.5, 0.0, 0.0, 0.0, 0.0, 1.0 ], [ -1.0, 0.0, 0.0, 0.0, 0.0, 1.0, 0.0, 0.0, 0.0, 0.0, -1.0, 0.0, 0.0, 0.0, 0.0, 1.0 ], [ 0.0, 0.0, -1.0, 0.0, 1.0, 0.0, 0.0, 0.0, 0.0, -1.0, 0.0, 0.0, 0.0, 0.0, 0.0, 1.0 ], [ 0.0, -1.0, 0.0, 0.0, 0.0, 0.0, 1.0, 0.0, -1.0, 0.0, 0.0, 0.0, 0.0, 0.0, 0.0, 1.0 ], [ -0.809017, -0.309017, -0.5, 0.0, 0.309017, 0.5, -0.809017, 0.0, 0.5, -0.809017, -0.309017, 0.0, 0.0, 0.0, 0.0, 1.0 ], [ 0.5, -0.809017, -0.309017, 0.0, 0.809017, 0.309017, 0.5, 0.0, -0.309017, -0.5, 0.809017, 0.0, 0.0, 0.0, 0.0, 1.0 ], [ -0.309017, -0.5, 0.809017, 0.0, -0.5, 0.809017, 0.309017, 0.0, -0.809017, -0.309017, -0.5, 0.0, 0.0, 0.0, 0.0, 1.0 ], [ -0.5, -0.809017, -0.309017, 0.0, 0.809017, -0.309017, -0.5, 0.0, 0.309017, -0.5, 0.809017, 0.0, 0.0, 0.0, 0.0, 1.0 ], [ 0.309017, -0.5, 0.809017, 0.0, 0.5, 0.809017, 0.309017, 0.0, -0.809017, 0.309017, 0.5, 0.0, 0.0, 0.0, 0.0, 1.0 ], [ -0.809017, 0.309017, 0.5, 0.0, -0.309017, 0.5, -0.809017, 0.0, -0.5, -0.809017, -0.309017, 0.0, 0.0, 0.0, 0.0, 1.0 ], [ -0.5, -0.809017, 0.309017, 0.0, 0.809017, -0.309017, 0.5, 0.0, -0.309017, 0.5, 0.809017, 0.0, 0.0, 0.0, 0.0, 1.0 ], [ -0.309017, 0.5, 0.809017, 0.0, 0.5, 0.809017, -0.309017, 0.0, -0.809017, 0.309017, -0.5, 0.0, 0.0, 0.0, 0.0, 1.0 ], [ -0.809017, 0.309017, -0.5, 0.0, 0.309017, -0.5, -0.809017, 0.0, -0.5, -0.809017, 0.309017, 0.0, 0.0, 0.0, 0.0, 1.0 ], [ -0.809017, -0.309017, 0.5, 0.0, 0.309017, 0.5, 0.809017, 0.0, -0.5, 0.809017, -0.309017, 0.0, 0.0, 0.0, 0.0, 1.0 ], [ -0.5, 0.809017, -0.309017, 0.0, 0.809017, 0.309017, -0.5, 0.0, -0.309017, -0.5, -0.809017, 0.0, 0.0, 0.0, 0.0, 1.0 ], [ -0.309017, -0.5, -0.809017, 0.0, 0.5, -0.809017, 0.309017, 0.0, -0.809017, -0.309017, 0.5, 0.0, 0.0, 0.0, 0.0, 1.0 ] ],
  "lights" : {
    "ambientColor" : "#292929",
    "backgroundColor" : "#ADC2DA",
    "directionalLights" : [ {
      "direction" : {
        "x" : 1.0,
        "y" : -1.0,
        "z" : -1.0
      },
      "color" : "#EBEBE4"
    }, {
      "direction" : {
        "x" : -1.0,
        "y" : 0.0,
        "z" : 0.0
      },
      "color" : "#E4E4EB"
    }, {
      "direction" : {
        "x" : 0.0,
        "y" : 0.0,
        "z" : -1.0
      },
      "color" : "#1E1E1E"
    } ]
  },
  "camera" : {
    "lookDirection" : {
      "x" : 0.76530105,
      "y" : 0.557734,
      "z" : -0.32131615
    },
    "upDirection" : {
      "x" : 0.5839373,
      "y" : -0.39158168,
      "z" : 0.71111035
    },
    "lookAtPoint" : {
      "x" : 0.0,
      "y" : 0.0,
      "z" : 0.0
    },
    "perspective" : true,
    "viewDistance" : 232.4975,
    "nearClipDistance" : 0.58124393,
    "farClipDistance" : 464.99475,
    "fieldOfView" : 0.44262895,
    "stereo" : false,
    "width" : 104.62389,
    "position" : {
      "x" : -177.93057,
      "y" : -129.67177,
      "z" : 74.7052
    }
  },
  "embedding" : [ 1.0, 0.0, 0.0, 0.0, 0.0, 1.0, 0.0, 0.0, 0.0, 0.0, 1.0, 0.0, 0.0, 0.0, 0.0, 1.0 ],
  "shapes" : [ {
    "id" : "d0c0ba63-c436-4d25-8902-5b68b60bca3f",
    "vertices" : [ {
      "x" : 0.690983,
      "y" : 0.809017,
      "z" : 0.0
    }, {
      "x" : 0.809017,
      "y" : 0.618034,
      "z" : -0.309017
    }, {
      "x" : 0.809017,
      "y" : 0.618034,
      "z" : 0.309017
    }, {
      "x" : 1.0,
      "y" : 0.309017,
      "z" : -0.19098301
    }, {
      "x" : 1.0,
      "y" : 0.309017,
      "z" : 0.19098301
    }, {
      "x" : 1.618034,
      "y" : 0.42705098,
      "z" : -0.309017
    }, {
      "x" : 1.618034,
      "y" : 0.42705098,
      "z" : 0.309017
    }, {
      "x" : 1.618034,
      "y" : 0.809017,
      "z" : -0.309017
    }, {
      "x" : 1.618034,
      "y" : 0.809017,
      "z" : 0.309017
    }, {
      "x" : 12.899187,
      "y" : 4.736068,
      "z" : -0.309017
    }, {
      "x" : 12.899187,
      "y" : 4.736068,
      "z" : 0.309017
    }, {
      "x" : 12.899187,
      "y" : 5.118034,
      "z" : -0.309017
    }, {
      "x" : 12.899187,
      "y" : 5.118034,
      "z" : 0.309017
    }, {
      "x" : 13.5172205,
      "y" : 5.236068,
      "z" : -0.19098301
    }, {
      "x" : 13.5172205,
      "y" : 5.236068,
      "z" : 0.19098301
    }, {
      "x" : 13.708204,
      "y" : 4.927051,
      "z" : -0.309017
    }, {
      "x" : 13.708204,
      "y" : 4.927051,
      "z" : 0.309017
    }, {
      "x" : 13.826238,
      "y" : 4.736068,
      "z" : 0.0
    }, {
      "x" : 14.5172205,
      "y" : 5.545085,
      "z" : 0.0
    } ],
    "faces" : [ {
      "vertices" : [ 5, 7, 11 ]
    }, {
      "vertices" : [ 5, 11, 9 ]
    }, {
      "vertices" : [ 9, 11, 15 ]
    }, {
      "vertices" : [ 9, 17, 10 ]
    }, {
      "vertices" : [ 6, 10, 12 ]
    }, {
      "vertices" : [ 6, 12, 8 ]
    }, {
      "vertices" : [ 10, 16, 12 ]
    }, {
      "vertices" : [ 7, 8, 12 ]
    }, {
      "vertices" : [ 7, 12, 11 ]
    }, {
      "vertices" : [ 11, 13, 15 ]
    }, {
      "vertices" : [ 0, 7, 1 ]
    }, {
      "vertices" : [ 1, 5, 3 ]
    }, {
      "vertices" : [ 9, 15, 17 ]
    }, {
      "vertices" : [ 0, 2, 8 ]
    }, {
      "vertices" : [ 12, 16, 14 ]
    }, {
      "vertices" : [ 0, 1, 3 ]
    }, {
      "vertices" : [ 0, 3, 4 ]
    }, {
      "vertices" : [ 0, 4, 2 ]
    }, {
      "vertices" : [ 10, 17, 16 ]
    }, {
      "vertices" : [ 13, 14, 16 ]
    }, {
      "vertices" : [ 13, 16, 17 ]
    }, {
      "vertices" : [ 13, 17, 15 ]
    }, {
      "vertices" : [ 2, 4, 6 ]
    }, {
      "vertices" : [ 1, 7, 5 ]
    }, {
      "vertices" : [ 0, 8, 7 ]
    }, {
      "vertices" : [ 2, 6, 8 ]
    }, {
      "vertices" : [ 3, 5, 6 ]
    }, {
      "vertices" : [ 3, 6, 4 ]
    }, {
      "vertices" : [ 11, 12, 14 ]
    }, {
      "vertices" : [ 11, 14, 13 ]
    }, {
      "vertices" : [ 5, 9, 10 ]
    }, {
      "vertices" : [ 5, 10, 6 ]
    } ]
  }, {
    "id" : "5ee71bf5-af49-4a04-a4b6-9dc77c42b688",
    "vertices" : [ {
      "x" : 5.545085,
      "y" : 1.927051,
      "z" : -0.927051
    }, {
      "x" : 6.5676274,
      "y" : 1.9635255,
      "z" : -1.059017
    }, {
      "x" : 5.545085,
      "y" : 1.927051,
      "z" : -0.54508495
    }, {
      "x" : 5.354102,
      "y" : 2.236068,
      "z" : -1.045085
    }, {
      "x" : 5.354102,
      "y" : 2.236068,
      "z" : -0.66311896
    }, {
      "x" : 0.809017,
      "y" : 0.618034,
      "z" : 0.309017
    }, {
      "x" : 1.0,
      "y" : 0.309017,
      "z" : 0.19098301
    }, {
      "x" : 1.9045085,
      "y" : 0.5364745,
      "z" : -0.013932022
    }, {
      "x" : 6.2586102,
      "y" : 2.4635255,
      "z" : -1.25
    }, {
      "x" : 6.4495935,
      "y" : 2.1545086,
      "z" : -1.368034
    }, {
      "x" : 6.4495935,
      "y" : 2.1545086,
      "z" : -0.75
    }, {
      "x" : 6.2586102,
      "y" : 2.4635255,
      "z" : -0.868034
    }, {
      "x" : 1.7135255,
      "y" : 0.8454915,
      "z" : -0.13196601
    }, {
      "x" : 0.690983,
      "y" : 0.809017,
      "z" : 0.0
    }, {
      "x" : 1.9045085,
      "y" : 0.5364745,
      "z" : -0.39589804
    }, {
      "x" : 1.7135255,
      "y" : 0.8454915,
      "z" : -0.51393205
    }, {
      "x" : 0.809017,
      "y" : 0.618034,
      "z" : -0.309017
    }, {
      "x" : 1.0,
      "y" : 0.309017,
      "z" : -0.19098301
    }, {
      "x" : 7.2586102,
      "y" : 2.7725425,
      "z" : -1.059017
    } ],
    "faces" : [ {
      "vertices" : [ 0, 14, 15 ]
    }, {
      "vertices" : [ 0, 15, 3 ]
    }, {
      "vertices" : [ 3, 15, 12 ]
    }, {
      "vertices" : [ 3, 12, 4 ]
    }, {
      "vertices" : [ 0, 1, 2 ]
    }, {
      "vertices" : [ 12, 15, 13 ]
    }, {
      "vertices" : [ 0, 9, 1 ]
    }, {
      "vertices" : [ 0, 3, 9 ]
    }, {
      "vertices" : [ 13, 15, 16 ]
    }, {
      "vertices" : [ 6, 17, 14 ]
    }, {
      "vertices" : [ 6, 14, 7 ]
    }, {
      "vertices" : [ 1, 10, 2 ]
    }, {
      "vertices" : [ 5, 6, 7 ]
    }, {
      "vertices" : [ 3, 8, 9 ]
    }, {
      "vertices" : [ 0, 2, 7 ]
    }, {
      "vertices" : [ 0, 7, 14 ]
    }, {
      "vertices" : [ 5, 7, 12 ]
    }, {
      "vertices" : [ 2, 4, 12 ]
    }, {
      "vertices" : [ 2, 12, 7 ]
    }, {
      "vertices" : [ 3, 4, 11 ]
    }, {
      "vertices" : [ 3, 11, 8 ]
    }, {
      "vertices" : [ 2, 10, 11 ]
    }, {
      "vertices" : [ 2, 11, 4 ]
    }, {
      "vertices" : [ 5, 12, 13 ]
    }, {
      "vertices" : [ 14, 17, 16 ]
    }, {
      "vertices" : [ 14, 16, 15 ]
    } ]
  }, {
    "id" : "1213764e-e076-4b13-b2fe-f31b457fae71",
    "vertices" : [ {
      "x" : 0.309017,
      "y" : -0.809017,
      "z" : 0.618034
    }, {
      "x" : 0.809017,
      "y" : -0.618034,
      "z" : 0.309017
    }, {
      "x" : 0.618034,
      "y" : -0.309017,
      "z" : 0.809017
    }, {
      "x" : 1.0,
      "y" : 0.309017,
      "z" : 0.19098301
    }, {
      "x" : 0.809017,
      "y" : 0.618034,
      "z" : 0.309017
    }, {
      "x" : 0.618034,
      "y" : 0.309017,
      "z" : 0.809017
    }, {
      "x" : 0.809017,
      "y" : 0.0,
      "z" : 0.690983
    }, {
      "x" : 0.19098301,
      "y" : -1.0,
      "z" : 0.309017
    }, {
      "x" : -0.19098301,
      "y" : -1.0,
      "z" : 0.309017
    }, {
      "x" : -0.19098301,
      "y" : -1.0,
      "z" : -0.309017
    }, {
      "x" : 0.19098301,
      "y" : -1.0,
      "z" : -0.309017
    }, {
      "x" : 1.0,
      "y" : -0.309017,
      "z" : -0.19098301
    }, {
      "x" : 0.809017,
      "y" : -0.618034,
      "z" : -0.309017
    }, {
      "x" : 0.618034,
      "y" : -0.309017,
      "z" : -0.809017
    }, {
      "x" : 0.809017,
      "y" : 0.0,
      "z" : -0.690983
    }, {
      "x" : 0.0,
      "y" : 0.690983,
      "z" : -0.809017
    }, {
      "x" : 0.309017,
      "y" : 0.809017,
      "z" : -0.618034
    }, {
      "x" : 0.618034,
      "y" : 0.309017,
      "z" : -0.809017
    }, {
      "x" : 0.309017,
      "y" : 0.19098301,
      "z" : -1.0
    }, {
      "x" : 1.0,
      "y" : 0.309017,
      "z" : -0.19098301
    }, {
      "x" : -0.309017,
      "y" : -0.809017,
      "z" : 0.618034
    }, {
      "x" : 0.0,
      "y" : -0.690983,
      "z" : 0.809017
    }, {
      "x" : 0.809017,
      "y" : 0.618034,
      "z" : -0.309017
    }, {
      "x" : 0.690983,
      "y" : 0.809017,
      "z" : 0.0
    }, {
      "x" : -0.690983,
      "y" : 0.809017,
      "z" : 0.0
    }, {
      "x" : -0.809017,
      "y" : 0.618034,
      "z" : 0.309017
    }, {
      "x" : -0.309017,
      "y" : 0.809017,
      "z" : 0.618034
    }, {
      "x" : -0.19098301,
      "y" : 1.0,
      "z" : 0.309017
    }, {
      "x" : 0.309017,
      "y" : -0.19098301,
      "z" : -1.0
    }, {
      "x" : 0.19098301,
      "y" : 1.0,
      "z" : 0.309017
    }, {
      "x" : 0.309017,
      "y" : 0.809017,
      "z" : 0.618034
    }, {
      "x" : -0.809017,
      "y" : -0.618034,
      "z" : 0.309017
    }, {
      "x" : -0.690983,
      "y" : -0.809017,
      "z" : 0.0
    }, {
      "x" : 0.0,
      "y" : 0.690983,
      "z" : 0.809017
    }, {
      "x" : 0.309017,
      "y" : -0.809017,
      "z" : -0.618034
    }, {
      "x" : 0.0,
      "y" : -0.690983,
      "z" : -0.809017
    }, {
      "x" : -1.0,
      "y" : 0.309017,
      "z" : 0.19098301
    }, {
      "x" : -0.809017,
      "y" : 0.0,
      "z" : 0.690983
    }, {
      "x" : -0.618034,
      "y" : 0.309017,
      "z" : 0.809017
    }, {
      "x" : 1.0,
      "y" : -0.309017,
      "z" : 0.19098301
    }, {
      "x" : -0.309017,
      "y" : -0.809017,
      "z" : -0.618034
    }, {
      "x" : -1.0,
      "y" : 0.309017,
      "z" : -0.19098301
    }, {
      "x" : -1.0,
      "y" : -0.309017,
      "z" : -0.19098301
    }, {
      "x" : -1.0,
      "y" : -0.309017,
      "z" : 0.19098301
    }, {
      "x" : 0.19098301,
      "y" : 1.0,
      "z" : -0.309017
    }, {
      "x" : -0.809017,
      "y" : 0.618034,
      "z" : -0.309017
    }, {
      "x" : -0.19098301,
      "y" : 1.0,
      "z" : -0.309017
    }, {
      "x" : -0.309017,
      "y" : 0.809017,
      "z" : -0.618034
    }, {
      "x" : -0.618034,
      "y" : -0.309017,
      "z" : 0.809017
    }, {
      "x" : 0.309017,
      "y" : 0.19098301,
      "z" : 1.0
    }, {
      "x" : -0.309017,
      "y" : 0.19098301,
      "z" : -1.0
    }, {
      "x" : -0.309017,
      "y" : 0.19098301,
      "z" : 1.0
    }, {
      "x" : -0.309017,
      "y" : -0.19098301,
      "z" : 1.0
    }, {
      "x" : 0.309017,
      "y" : -0.19098301,
      "z" : 1.0
    }, {
      "x" : 0.690983,
      "y" : -0.809017,
      "z" : 0.0
    }, {
      "x" : -0.809017,
      "y" : 0.0,
      "z" : -0.690983
    }, {
      "x" : -0.618034,
      "y" : -0.309017,
      "z" : -0.809017
    }, {
      "x" : -0.309017,
      "y" : -0.19098301,
      "z" : -1.0
    }, {
      "x" : -0.618034,
      "y" : 0.309017,
      "z" : -0.809017
    }, {
      "x" : -0.809017,
      "y" : -0.618034,
      "z" : -0.309017
    } ],
    "faces" : [ {
      "vertices" : [ 9, 40, 35 ]
    }, {
      "vertices" : [ 9, 35, 34 ]
    }, {
      "vertices" : [ 9, 34, 10 ]
    }, {
      "vertices" : [ 0, 1, 2 ]
    }, {
      "vertices" : [ 33, 51, 49 ]
    }, {
      "vertices" : [ 25, 36, 37 ]
    }, {
      "vertices" : [ 25, 37, 38 ]
    }, {
      "vertices" : [ 41, 55, 42 ]
    }, {
      "vertices" : [ 9, 32, 59 ]
    }, {
      "vertices" : [ 9, 59, 40 ]
    }, {
      "vertices" : [ 20, 21, 52 ]
    }, {
      "vertices" : [ 20, 52, 48 ]
    }, {
      "vertices" : [ 26, 33, 30 ]
    }, {
      "vertices" : [ 26, 30, 29 ]
    }, {
      "vertices" : [ 26, 29, 27 ]
    }, {
      "vertices" : [ 3, 4, 5 ]
    }, {
      "vertices" : [ 3, 5, 6 ]
    }, {
      "vertices" : [ 27, 29, 44 ]
    }, {
      "vertices" : [ 27, 44, 46 ]
    }, {
      "vertices" : [ 50, 57, 56 ]
    }, {
      "vertices" : [ 50, 56, 55 ]
    }, {
      "vertices" : [ 50, 55, 58 ]
    }, {
      "vertices" : [ 26, 38, 51 ]
    }, {
      "vertices" : [ 26, 51, 33 ]
    }, {
      "vertices" : [ 45, 47, 58 ]
    }, {
      "vertices" : [ 18, 28, 57 ]
    }, {
      "vertices" : [ 18, 57, 50 ]
    }, {
      "vertices" : [ 40, 59, 56 ]
    }, {
      "vertices" : [ 31, 48, 37 ]
    }, {
      "vertices" : [ 31, 37, 43 ]
    }, {
      "vertices" : [ 7, 8, 9 ]
    }, {
      "vertices" : [ 7, 9, 10 ]
    }, {
      "vertices" : [ 36, 41, 42 ]
    }, {
      "vertices" : [ 36, 42, 43 ]
    }, {
      "vertices" : [ 24, 46, 47 ]
    }, {
      "vertices" : [ 24, 47, 45 ]
    }, {
      "vertices" : [ 4, 30, 5 ]
    }, {
      "vertices" : [ 15, 47, 46 ]
    }, {
      "vertices" : [ 15, 46, 44 ]
    }, {
      "vertices" : [ 15, 44, 16 ]
    }, {
      "vertices" : [ 15, 50, 58 ]
    }, {
      "vertices" : [ 15, 58, 47 ]
    }, {
      "vertices" : [ 24, 45, 41 ]
    }, {
      "vertices" : [ 24, 41, 36 ]
    }, {
      "vertices" : [ 24, 36, 25 ]
    }, {
      "vertices" : [ 11, 14, 19 ]
    }, {
      "vertices" : [ 3, 6, 39 ]
    }, {
      "vertices" : [ 1, 39, 6 ]
    }, {
      "vertices" : [ 1, 6, 2 ]
    }, {
      "vertices" : [ 8, 32, 9 ]
    }, {
      "vertices" : [ 11, 12, 13 ]
    }, {
      "vertices" : [ 11, 13, 14 ]
    }, {
      "vertices" : [ 16, 22, 17 ]
    }, {
      "vertices" : [ 0, 21, 20 ]
    }, {
      "vertices" : [ 0, 20, 8 ]
    }, {
      "vertices" : [ 0, 8, 7 ]
    }, {
      "vertices" : [ 12, 34, 13 ]
    }, {
      "vertices" : [ 35, 40, 56 ]
    }, {
      "vertices" : [ 35, 56, 57 ]
    }, {
      "vertices" : [ 0, 7, 54 ]
    }, {
      "vertices" : [ 0, 54, 1 ]
    }, {
      "vertices" : [ 15, 16, 17 ]
    }, {
      "vertices" : [ 15, 17, 18 ]
    }, {
      "vertices" : [ 3, 19, 22 ]
    }, {
      "vertices" : [ 3, 22, 23 ]
    }, {
      "vertices" : [ 3, 23, 4 ]
    }, {
      "vertices" : [ 7, 10, 54 ]
    }, {
      "vertices" : [ 41, 45, 58 ]
    }, {
      "vertices" : [ 41, 58, 55 ]
    }, {
      "vertices" : [ 3, 39, 11 ]
    }, {
      "vertices" : [ 3, 11, 19 ]
    }, {
      "vertices" : [ 14, 17, 22 ]
    }, {
      "vertices" : [ 14, 22, 19 ]
    }, {
      "vertices" : [ 0, 2, 53 ]
    }, {
      "vertices" : [ 0, 53, 21 ]
    }, {
      "vertices" : [ 49, 51, 52 ]
    }, {
      "vertices" : [ 49, 52, 53 ]
    }, {
      "vertices" : [ 31, 43, 42 ]
    }, {
      "vertices" : [ 31, 42, 59 ]
    }, {
      "vertices" : [ 31, 59, 32 ]
    }, {
      "vertices" : [ 15, 18, 50 ]
    }, {
      "vertices" : [ 42, 55, 56 ]
    }, {
      "vertices" : [ 42, 56, 59 ]
    }, {
      "vertices" : [ 4, 23, 29 ]
    }, {
      "vertices" : [ 4, 29, 30 ]
    }, {
      "vertices" : [ 25, 38, 26 ]
    }, {
      "vertices" : [ 13, 28, 18 ]
    }, {
      "vertices" : [ 13, 18, 17 ]
    }, {
      "vertices" : [ 13, 17, 14 ]
    }, {
      "vertices" : [ 8, 20, 31 ]
    }, {
      "vertices" : [ 8, 31, 32 ]
    }, {
      "vertices" : [ 23, 44, 29 ]
    }, {
      "vertices" : [ 24, 27, 46 ]
    }, {
      "vertices" : [ 37, 48, 52 ]
    }, {
      "vertices" : [ 37, 52, 51 ]
    }, {
      "vertices" : [ 37, 51, 38 ]
    }, {
      "vertices" : [ 20, 48, 31 ]
    }, {
      "vertices" : [ 24, 25, 26 ]
    }, {
      "vertices" : [ 24, 26, 27 ]
    }, {
      "vertices" : [ 16, 44, 23 ]
    }, {
      "vertices" : [ 16, 23, 22 ]
    }, {
      "vertices" : [ 13, 34, 35 ]
    }, {
      "vertices" : [ 13, 35, 28 ]
    }, {
      "vertices" : [ 10, 34, 12 ]
    }, {
      "vertices" : [ 10, 12, 54 ]
    }, {
      "vertices" : [ 2, 6, 5 ]
    }, {
      "vertices" : [ 2, 5, 49 ]
    }, {
      "vertices" : [ 2, 49, 53 ]
    }, {
      "vertices" : [ 36, 43, 37 ]
    }, {
      "vertices" : [ 5, 30, 33 ]
    }, {
      "vertices" : [ 5, 33, 49 ]
    }, {
      "vertices" : [ 1, 54, 12 ]
    }, {
      "vertices" : [ 1, 12, 11 ]
    }, {
      "vertices" : [ 1, 11, 39 ]
    }, {
      "vertices" : [ 28, 35, 57 ]
    }, {
      "vertices" : [ 21, 53, 52 ]
    } ]
  }, {
    "id" : "a3ae017f-b3ef-4703-9086-a17533140ea1",
    "vertices" : [ {
      "x" : 10.09017,
      "y" : 0.309017,
      "z" : 0.19098301
    }, {
      "x" : 10.09017,
      "y" : 0.309017,
      "z" : -0.19098301
    }, {
      "x" : 1.0,
      "y" : 0.309017,
      "z" : -0.19098301
    }, {
      "x" : 1.0,
      "y" : 0.309017,
      "z" : 0.19098301
    }, {
      "x" : 10.09017,
      "y" : -0.309017,
      "z" : 0.19098301
    }, {
      "x" : 1.0,
      "y" : -0.309017,
      "z" : 0.19098301
    }, {
      "x" : 1.0,
      "y" : -0.309017,
      "z" : -0.19098301
    }, {
      "x" : 10.09017,
      "y" : -0.309017,
      "z" : -0.19098301
    }, {
      "x" : 11.09017,
      "y" : 0.0,
      "z" : 0.0
    } ],
    "faces" : [ {
      "vertices" : [ 1, 7, 6 ]
    }, {
      "vertices" : [ 1, 6, 2 ]
    }, {
      "vertices" : [ 0, 1, 2 ]
    }, {
      "vertices" : [ 0, 2, 3 ]
    }, {
      "vertices" : [ 4, 5, 6 ]
    }, {
      "vertices" : [ 4, 6, 7 ]
    }, {
      "vertices" : [ 0, 3, 5 ]
    }, {
      "vertices" : [ 0, 5, 4 ]
    } ]
  }, {
    "id" : "edd59a6a-0854-44e6-a073-fcd7e4d289fb",
    "vertices" : [ {
      "x" : 0.809017,
      "y" : 0.0,
      "z" : -0.690983
    }, {
      "x" : 1.0,
      "y" : 0.309017,
      "z" : -0.19098301
    }, {
      "x" : 6.4495935,
      "y" : 0.309017,
      "z" : -2.2725425
    }, {
      "x" : 6.2586102,
      "y" : 0.0,
      "z" : -2.7725425
    }, {
      "x" : 13.5172205,
      "y" : 0.309017,
      "z" : -5.354102
    }, {
      "x" : 1.0,
      "y" : -0.309017,
      "z" : -0.19098301
    }, {
      "x" : 6.4495935,
      "y" : -0.309017,
      "z" : -2.2725425
    }, {
      "x" : 8.067628,
      "y" : 0.309017,
      "z" : -3.2725425
    }, {
      "x" : 8.258611,
      "y" : 0.0,
      "z" : -2.7725425
    }, {
      "x" : 14.5172205,
      "y" : 0.0,
      "z" : -5.545085
    }, {
      "x" : 8.067628,
      "y" : -0.309017,
      "z" : -3.2725425
    }, {
      "x" : 13.708204,
      "y" : 0.0,
      "z" : -4.854102
    }, {
      "x" : 13.5172205,
      "y" : -0.309017,
      "z" : -5.354102
    } ],
    "faces" : [ {
      "vertices" : [ 2, 6, 8 ]
    }, {
      "vertices" : [ 4, 12, 10 ]
    }, {
      "vertices" : [ 4, 10, 7 ]
    }, {
      "vertices" : [ 2, 8, 7 ]
    }, {
      "vertices" : [ 3, 10, 6 ]
    }, {
      "vertices" : [ 3, 7, 10 ]
    }, {
      "vertices" : [ 0, 1, 2 ]
    }, {
      "vertices" : [ 0, 2, 3 ]
    }, {
      "vertices" : [ 6, 10, 8 ]
    }, {
      "vertices" : [ 8, 10, 12 ]
    }, {
      "vertices" : [ 8, 12, 11 ]
    }, {
      "vertices" : [ 2, 7, 3 ]
    }, {
      "vertices" : [ 0, 3, 6 ]
    }, {
      "vertices" : [ 0, 6, 5 ]
    }, {
      "vertices" : [ 1, 5, 6 ]
    }, {
      "vertices" : [ 1, 6, 2 ]
    }, {
      "vertices" : [ 4, 7, 8 ]
    }, {
      "vertices" : [ 4, 8, 11 ]
    } ]
  } ],
  "instances" : [ {
    "shape" : "d0c0ba63-c436-4d25-8902-5b68b60bca3f",
    "color" : "#6C00C6",
    "position" : {
      "x" : -16.635256,
      "y" : 2.9034443,
      "z" : 11.09017
    },
    "orientation" : 16
  }, {
    "shape" : "5ee71bf5-af49-4a04-a4b6-9dc77c42b688",
    "color" : "#008D36",
    "position" : {
      "x" : -16.635256,
      "y" : 17.420666,
      "z" : -5.545085
    },
    "orientation" : 23
  }, {
    "shape" : "d0c0ba63-c436-4d25-8902-5b68b60bca3f",
    "color" : "#6C00C6",
    "position" : {
      "x" : 16.635256,
      "y" : -11.613777,
      "z" : 5.545085
    },
    "orientation" : 1
  }, {
    "shape" : "1213764e-e076-4b13-b2fe-f31b457fae71",
    "color" : "#FFFFFF",
    "position" : {
      "x" : 0.0,
      "y" : 2.9034443,
      "z" : 5.545085
    }
  }, {
    "shape" : "1213764e-e076-4b13-b2fe-f31b457fae71",
    "color" : "#FFFFFF",
    "position" : {
      "x" : 16.635256,
      "y" : 17.420666,
      "z" : -5.545085
    }
  }, {
    "shape" : "5ee71bf5-af49-4a04-a4b6-9dc77c42b688",
    "color" : "#008D36",
    "position" : {
      "x" : -11.09017,
      "y" : 17.420666,
      "z" : -11.09017
    },
    "orientation" : 8
  }, {
    "shape" : "a3ae017f-b3ef-4703-9086-a17533140ea1",
    "color" : "#00A0E4",
    "position" : {
      "x" : 5.545085,
      "y" : 17.420666,
      "z" : -5.545085
    },
    "orientation" : 2
  }, {
    "shape" : "edd59a6a-0854-44e6-a073-fcd7e4d289fb",
    "color" : "#F0A000",
    "position" : {
      "x" : -11.09017,
      "y" : 2.9034443,
      "z" : -16.635256
    },
    "orientation" : 6
  }, {
    "shape" : "5ee71bf5-af49-4a04-a4b6-9dc77c42b688",
    "color" : "#008D36",
    "position" : {
      "x" : 5.545085,
      "y" : -11.613777,
      "z" : 16.635256
    },
    "orientation" : 53
  }, {
    "shape" : "edd59a6a-0854-44e6-a073-fcd7e4d289fb",
    "color" : "#F0A000",
    "position" : {
      "x" : -11.09017,
      "y" : -26.130999,
      "z" : 5.545085
    },
    "orientation" : 1
  }, {
    "shape" : "a3ae017f-b3ef-4703-9086-a17533140ea1",
    "color" : "#00A0E4",
    "position" : {
      "x" : 11.09017,
      "y" : -26.130999,
      "z" : 5.545085
    },
    "orientation" : 47
  }, {
    "shape" : "1213764e-e076-4b13-b2fe-f31b457fae71",
    "color" : "#FFFFFF",
    "position" : {
      "x" : 0.0,
      "y" : 2.9034443,
      "z" : -5.545085
    }
  }, {
    "shape" : "5ee71bf5-af49-4a04-a4b6-9dc77c42b688",
    "color" : "#008D36",
    "position" : {
      "x" : 5.545085,
      "y" : 17.420666,
      "z" : -5.545085
    },
    "orientation" : 23
  }, {
    "shape" : "1213764e-e076-4b13-b2fe-f31b457fae71",
    "color" : "#FFFFFF",
    "position" : {
      "x" : -11.09017,
      "y" : 2.9034443,
      "z" : -16.635256
    }
  }, {
    "shape" : "5ee71bf5-af49-4a04-a4b6-9dc77c42b688",
    "color" : "#008D36",
    "position" : {
      "x" : -11.09017,
      "y" : 17.420666,
      "z" : 11.09017
    },
    "orientation" : 53
  }, {
    "shape" : "5ee71bf5-af49-4a04-a4b6-9dc77c42b688",
    "color" : "#008D36",
    "position" : {
      "x" : -11.09017,
      "y" : 17.420666,
      "z" : 11.09017
    },
    "orientation" : 23
  }, {
    "shape" : "5ee71bf5-af49-4a04-a4b6-9dc77c42b688",
    "color" : "#008D36",
    "position" : {
      "x" : -11.09017,
      "y" : 2.9034443,
      "z" : 16.635256
    },
    "orientation" : 53
  }, {
    "shape" : "d0c0ba63-c436-4d25-8902-5b68b60bca3f",
    "color" : "#6C00C6",
    "position" : {
      "x" : 0.0,
      "y" : 2.9034443,
      "z" : -5.545085
    },
    "orientation" : 16
  }, {
    "shape" : "edd59a6a-0854-44e6-a073-fcd7e4d289fb",
    "color" : "#F0A000",
    "position" : {
      "x" : 0.0,
      "y" : 2.9034443,
      "z" : 5.545085
    },
    "orientation" : 6
  }, {
    "shape" : "a3ae017f-b3ef-4703-9086-a17533140ea1",
    "color" : "#00A0E4",
    "position" : {
      "x" : 16.635256,
      "y" : -11.613777,
      "z" : -5.545085
    },
    "orientation" : 2
  }, {
    "shape" : "edd59a6a-0854-44e6-a073-fcd7e4d289fb",
    "color" : "#F0A000",
    "position" : {
      "x" : 11.09017,
      "y" : 2.9034443,
      "z" : -16.635256
    },
    "orientation" : 16
  }, {
    "shape" : "d0c0ba63-c436-4d25-8902-5b68b60bca3f",
    "color" : "#6C00C6",
    "position" : {
      "x" : -16.635256,
      "y" : 2.9034443,
      "z" : -11.09017
    },
    "orientation" : 31
  }, {
    "shape" : "1213764e-e076-4b13-b2fe-f31b457fae71",
    "color" : "#FFFFFF",
    "position" : {
      "x" : -16.635256,
      "y" : -11.613777,
      "z" : -5.545085
    }
  }, {
    "shape" : "edd59a6a-0854-44e6-a073-fcd7e4d289fb",
    "color" : "#F0A000",
    "position" : {
      "x" : 11.09017,
      "y" : 2.9034443,
      "z" : 16.635256
    },
    "orientation" : 16
  }, {
    "shape" : "5ee71bf5-af49-4a04-a4b6-9dc77c42b688",
    "color" : "#008D36",
    "position" : {
      "x" : -11.09017,
      "y" : 17.420666,
      "z" : -11.09017
    },
    "orientation" : 23
  }, {
    "shape" : "edd59a6a-0854-44e6-a073-fcd7e4d289fb",
    "color" : "#F0A000",
    "position" : {
      "x" : 16.635256,
      "y" : -11.613777,
      "z" : 5.545085
    },
    "orientation" : 16
  }, {
    "shape" : "1213764e-e076-4b13-b2fe-f31b457fae71",
    "color" : "#FFFFFF",
    "position" : {
      "x" : 16.635256,
      "y" : 2.9034443,
      "z" : -11.09017
    }
  }, {
    "shape" : "1213764e-e076-4b13-b2fe-f31b457fae71",
    "color" : "#FFFFFF",
    "position" : {
      "x" : 5.545085,
      "y" : 17.420666,
      "z" : 5.545085
    }
  }, {
    "shape" : "5ee71bf5-af49-4a04-a4b6-9dc77c42b688",
    "color" : "#008D36",
    "position" : {
      "x" : -16.635256,
      "y" : 2.9034443,
      "z" : -11.09017
    },
    "orientation" : 23
  }, {
    "shape" : "5ee71bf5-af49-4a04-a4b6-9dc77c42b688",
    "color" : "#008D36",
    "position" : {
      "x" : 5.545085,
      "y" : -26.130999,
      "z" : -11.09017
    },
    "orientation" : 8
  }, {
    "shape" : "5ee71bf5-af49-4a04-a4b6-9dc77c42b688",
    "color" : "#008D36",
    "position" : {
      "x" : 5.545085,
      "y" : -26.130999,
      "z" : 11.09017
    },
    "orientation" : 23
  }, {
    "shape" : "edd59a6a-0854-44e6-a073-fcd7e4d289fb",
    "color" : "#F0A000",
    "position" : {
      "x" : -5.545085,
      "y" : -11.613777,
      "z" : 16.635256
    },
    "orientation" : 1
  }, {
    "shape" : "1213764e-e076-4b13-b2fe-f31b457fae71",
    "color" : "#FFFFFF",
    "position" : {
      "x" : 11.09017,
      "y" : 17.420666,
      "z" : 11.09017
    }
  }, {
    "shape" : "edd59a6a-0854-44e6-a073-fcd7e4d289fb",
    "color" : "#F0A000",
    "position" : {
      "x" : 5.545085,
      "y" : 17.420666,
      "z" : -5.545085
    },
    "orientation" : 16
  }, {
    "shape" : "d0c0ba63-c436-4d25-8902-5b68b60bca3f",
    "color" : "#6C00C6",
    "position" : {
      "x" : -11.09017,
      "y" : 2.9034443,
      "z" : 16.635256
    },
    "orientation" : 46
  }, {
    "shape" : "1213764e-e076-4b13-b2fe-f31b457fae71",
    "color" : "#FFFFFF",
    "position" : {
      "x" : 16.635256,
      "y" : -11.613777,
      "z" : 5.545085
    }
  }, {
    "shape" : "5ee71bf5-af49-4a04-a4b6-9dc77c42b688",
    "color" : "#008D36",
    "position" : {
      "x" : 11.09017,
      "y" : 2.9034443,
      "z" : -16.635256
    },
    "orientation" : 8
  }, {
    "shape" : "1213764e-e076-4b13-b2fe-f31b457fae71",
    "color" : "#FFFFFF",
    "position" : {
      "x" : -11.09017,
      "y" : 17.420666,
      "z" : 11.09017
    }
  }, {
    "shape" : "edd59a6a-0854-44e6-a073-fcd7e4d289fb",
    "color" : "#F0A000",
    "position" : {
      "x" : -5.545085,
      "y" : -11.613777,
      "z" : -16.635256
    },
    "orientation" : 1
  }, {
    "shape" : "1213764e-e076-4b13-b2fe-f31b457fae71",
    "color" : "#FFFFFF",
    "position" : {
      "x" : 5.545085,
      "y" : -11.613777,
      "z" : -16.635256
    }
  }, {
    "shape" : "d0c0ba63-c436-4d25-8902-5b68b60bca3f",
    "color" : "#6C00C6",
    "position" : {
      "x" : -11.09017,
      "y" : 17.420666,
      "z" : -11.09017
    },
    "orientation" : 16
  }, {
    "shape" : "1213764e-e076-4b13-b2fe-f31b457fae71",
    "color" : "#FFFFFF",
    "position" : {
      "x" : -5.545085,
      "y" : 17.420666,
      "z" : 5.545085
    }
  }, {
    "shape" : "1213764e-e076-4b13-b2fe-f31b457fae71",
    "color" : "#FFFFFF",
    "position" : {
      "x" : 0.0,
      "y" : -26.130999,
      "z" : -5.545085
    }
  }, {
    "shape" : "a3ae017f-b3ef-4703-9086-a17533140ea1",
    "color" : "#00A0E4",
    "position" : {
      "x" : -11.09017,
      "y" : -26.130999,
      "z" : -5.545085
    },
    "orientation" : 2
  }, {
    "shape" : "a3ae017f-b3ef-4703-9086-a17533140ea1",
    "color" : "#00A0E4",
    "position" : {
      "x" : -5.545085,
      "y" : -11.613777,
      "z" : 16.635256
    },
    "orientation" : 0
  }, {
    "shape" : "5ee71bf5-af49-4a04-a4b6-9dc77c42b688",
    "color" : "#008D36",
    "position" : {
      "x" : 5.545085,
      "y" : 17.420666,
      "z" : 16.635256
    },
    "orientation" : 23
  }, {
    "shape" : "5ee71bf5-af49-4a04-a4b6-9dc77c42b688",
    "color" : "#008D36",
    "position" : {
      "x" : -5.545085,
      "y" : -11.613777,
      "z" : -16.635256
    },
    "orientation" : 8
  }, {
    "shape" : "1213764e-e076-4b13-b2fe-f31b457fae71",
    "color" : "#FFFFFF",
    "position" : {
      "x" : -5.545085,
      "y" : -11.613777,
      "z" : -16.635256
    }
  }, {
    "shape" : "a3ae017f-b3ef-4703-9086-a17533140ea1",
    "color" : "#00A0E4",
    "position" : {
      "x" : 0.0,
      "y" : 2.9034443,
      "z" : -5.545085
    },
    "orientation" : 2
  }, {
    "shape" : "1213764e-e076-4b13-b2fe-f31b457fae71",
    "color" : "#FFFFFF",
    "position" : {
      "x" : 5.545085,
      "y" : 17.420666,
      "z" : 16.635256
    }
  }, {
    "shape" : "1213764e-e076-4b13-b2fe-f31b457fae71",
    "color" : "#FFFFFF",
    "position" : {
      "x" : 0.0,
      "y" : -11.613777,
      "z" : 11.09017
    }
  }, {
    "shape" : "1213764e-e076-4b13-b2fe-f31b457fae71",
    "color" : "#FFFFFF",
    "position" : {
      "x" : 0.0,
      "y" : -11.613777,
      "z" : -11.09017
    }
  }, {
    "shape" : "d0c0ba63-c436-4d25-8902-5b68b60bca3f",
    "color" : "#6C00C6",
    "position" : {
      "x" : 16.635256,
      "y" : 17.420666,
      "z" : -5.545085
    },
    "orientation" : 16
  }, {
    "shape" : "edd59a6a-0854-44e6-a073-fcd7e4d289fb",
    "color" : "#F0A000",
    "position" : {
      "x" : -5.545085,
      "y" : 17.420666,
      "z" : 5.545085
    },
    "orientation" : 21
  }, {
    "shape" : "a3ae017f-b3ef-4703-9086-a17533140ea1",
    "color" : "#00A0E4",
    "position" : {
      "x" : -16.635256,
      "y" : -11.613777,
      "z" : 5.545085
    },
    "orientation" : 47
  }, {
    "shape" : "edd59a6a-0854-44e6-a073-fcd7e4d289fb",
    "color" : "#F0A000",
    "position" : {
      "x" : 16.635256,
      "y" : -11.613777,
      "z" : -5.545085
    },
    "orientation" : 16
  }, {
    "shape" : "d0c0ba63-c436-4d25-8902-5b68b60bca3f",
    "color" : "#6C00C6",
    "position" : {
      "x" : 0.0,
      "y" : -26.130999,
      "z" : 5.545085
    },
    "orientation" : 1
  }, {
    "shape" : "edd59a6a-0854-44e6-a073-fcd7e4d289fb",
    "color" : "#F0A000",
    "position" : {
      "x" : 16.635256,
      "y" : 2.9034443,
      "z" : -11.09017
    },
    "orientation" : 1
  }, {
    "shape" : "1213764e-e076-4b13-b2fe-f31b457fae71",
    "color" : "#FFFFFF",
    "position" : {
      "x" : -5.545085,
      "y" : 17.420666,
      "z" : -16.635256
    }
  }, {
    "shape" : "d0c0ba63-c436-4d25-8902-5b68b60bca3f",
    "color" : "#6C00C6",
    "position" : {
      "x" : 16.635256,
      "y" : -11.613777,
      "z" : -5.545085
    },
    "orientation" : 46
  }, {
    "shape" : "1213764e-e076-4b13-b2fe-f31b457fae71",
    "color" : "#FFFFFF",
    "position" : {
      "x" : 16.635256,
      "y" : 17.420666,
      "z" : 5.545085
    }
  }, {
    "shape" : "1213764e-e076-4b13-b2fe-f31b457fae71",
    "color" : "#FFFFFF",
    "position" : {
      "x" : -16.635256,
      "y" : 2.9034443,
      "z" : 11.09017
    }
  }, {
    "shape" : "a3ae017f-b3ef-4703-9086-a17533140ea1",
    "color" : "#00A0E4",
    "position" : {
      "x" : -5.545085,
      "y" : 17.420666,
      "z" : -5.545085
    },
    "orientation" : 2
  }, {
    "shape" : "5ee71bf5-af49-4a04-a4b6-9dc77c42b688",
    "color" : "#008D36",
    "position" : {
      "x" : -5.545085,
      "y" : -26.130999,
      "z" : 11.09017
    },
    "orientation" : 23
  }, {
    "shape" : "d0c0ba63-c436-4d25-8902-5b68b60bca3f",
    "color" : "#6C00C6",
    "position" : {
      "x" : -5.545085,
      "y" : -11.613777,
      "z" : -16.635256
    },
    "orientation" : 31
  }, {
    "shape" : "a3ae017f-b3ef-4703-9086-a17533140ea1",
    "color" : "#00A0E4",
    "position" : {
      "x" : -16.635256,
      "y" : 17.420666,
      "z" : -5.545085
    },
    "orientation" : 2
  }, {
    "shape" : "d0c0ba63-c436-4d25-8902-5b68b60bca3f",
    "color" : "#6C00C6",
    "position" : {
      "x" : -16.635256,
      "y" : 17.420666,
      "z" : 5.545085
    },
    "orientation" : 31
  }, {
    "shape" : "edd59a6a-0854-44e6-a073-fcd7e4d289fb",
    "color" : "#F0A000",
    "position" : {
      "x" : 11.09017,
      "y" : 2.9034443,
      "z" : 16.635256
    },
    "orientation" : 1
  }, {
    "shape" : "1213764e-e076-4b13-b2fe-f31b457fae71",
    "color" : "#FFFFFF",
    "position" : {
      "x" : 16.635256,
      "y" : -11.613777,
      "z" : -5.545085
    }
  }, {
    "shape" : "1213764e-e076-4b13-b2fe-f31b457fae71",
    "color" : "#FFFFFF",
    "position" : {
      "x" : -11.09017,
      "y" : -26.130999,
      "z" : -5.545085
    }
  }, {
    "shape" : "1213764e-e076-4b13-b2fe-f31b457fae71",
    "color" : "#FFFFFF",
    "position" : {
      "x" : 5.545085,
      "y" : 17.420666,
      "z" : -16.635256
    }
  }, {
    "shape" : "edd59a6a-0854-44e6-a073-fcd7e4d289fb",
    "color" : "#F0A000",
    "position" : {
      "x" : -5.545085,
      "y" : 17.420666,
      "z" : 16.635256
    },
    "orientation" : 16
  }, {
    "shape" : "d0c0ba63-c436-4d25-8902-5b68b60bca3f",
    "color" : "#6C00C6",
    "position" : {
      "x" : 5.545085,
      "y" : -11.613777,
      "z" : -16.635256
    },
    "orientation" : 31
  }, {
    "shape" : "edd59a6a-0854-44e6-a073-fcd7e4d289fb",
