{
  "field" : "golden",
  "symmetry" : "icosahedral",
  "orientations" : [ [ 1.0, 0.0, 0.0, 0.0, 0.0, 1.0, 0.0, 0.0, 0.0, 0.0, 1.0, 0.0, 0.0, 0.0, 0.0, 1.0 ], [ 0.0, 0.0, 1.0, 0.0, 1.0, 0.0, 0.0, 0.0, 0.0, 1.0, 0.0, 0.0, 0.0, 0.0, 0.0, 1.0 ], [ 0.0, 1.0, 0.0, 0.0, 0.0, 0.0, 1.0, 0.0, 1.0, 0.0, 0.0, 0.0, 0.0, 0.0, 0.0, 1.0 ], [ 0.809017, 0.309017, 0.5, 0.0, 0.309017, 0.5, -0.809017, 0.0, -0.5, 0.809017, 0.309017, 0.0, 0.0, 0.0, 0.0, 1.0 ], [ -0.5, 0.809017, 0.309017, 0.0, 0.809017, 0.309017, 0.5, 0.0, 0.309017, 0.5, -0.809017, 0.0, 0.0, 0.0, 0.0, 1.0 ], [ 0.309017, 0.5, -0.809017, 0.0, -0.5, 0.809017, 0.309017, 0.0, 0.809017, 0.309017, 0.5, 0.0, 0.0, 0.0, 0.0, 1.0 ], [ 0.5, 0.809017, 0.309017, 0.0, 0.809017, -0.309017, -0.5, 0.0, -0.309017, 0.5, -0.809017, 0.0, 0.0, 0.0, 0.0, 1.0 ], [ -0.309017, 0.5, -0.809017, 0.0, 0.5, 0.809017, 0.309017, 0.0, 0.809017, -0.309017, -0.5, 0.0, 0.0, 0.0, 0.0, 1.0 ], [ 0.809017, -0.309017, -0.5, 0.0, -0.309017, 0.5, -0.809017, 0.0, 0.5, 0.809017, 0.309017, 0.0, 0.0, 0.0, 0.0, 1.0 ], [ 0.5, 0.809017, -0.309017, 0.0, 0.809017, -0.309017, 0.5, 0.0, 0.309017, -0.5, -0.809017, 0.0, 0.0, 0.0, 0.0, 1.0 ], [ 0.309017, -0.5, -0.809017, 0.0, 0.5, 0.809017, -0.309017, 0.0, 0.809017, -0.309017, 0.5, 0.0, 0.0, 0.0, 0.0, 1.0 ], [ 0.809017, -0.309017, 0.5, 0.0, 0.309017, -0.5, -0.809017, 0.0, 0.5, 0.809017, -0.309017, 0.0, 0.0, 0.0, 0.0, 1.0 ], [ 0.809017, 0.309017, -0.5, 0.0, 0.309017, 0.5, 0.809017, 0.0, 0.5, -0.809017, 0.309017, 0.0, 0.0, 0.0, 0.0, 1.0 ], [ 0.5, -0.809017, 0.309017, 0.0, 0.809017, 0.309017, -0.5, 0.0, 0.309017, 0.5, 0.809017, 0.0, 0.0, 0.0, 0.0, 1.0 ], [ 0.309017, 0.5, 0.809017, 0.0, 0.5, -0.809017, 0.309017, 0.0, 0.809017, 0.309017, -0.5, 0.0, 0.0, 0.0, 0.0, 1.0 ], [ 1.0, 0.0, 0.0, 0.0, 0.0, -1.0, 0.0, 0.0, 0.0, 0.0, -1.0, 0.0, 0.0, 0.0, 0.0, 1.0 ], [ 0.0, 0.0, 1.0, 0.0, -1.0, 0.0, 0.0, 0.0, 0.0, -1.0, 0.0, 0.0, 0.0, 0.0, 0.0, 1.0 ], [ 0.0, 1.0, 0.0, 0.0, 0.0, 0.0, -1.0, 0.0, -1.0, 0.0, 0.0, 0.0, 0.0, 0.0, 0.0, 1.0 ], [ 0.809017, 0.309017, 0.5, 0.0, -0.309017, -0.5, 0.809017, 0.0, 0.5, -0.809017, -0.309017, 0.0, 0.0, 0.0, 0.0, 1.0 ], [ -0.5, 0.809017, 0.309017, 0.0, -0.809017, -0.309017, -0.5, 0.0, -0.309017, -0.5, 0.809017, 0.0, 0.0, 0.0, 0.0, 1.0 ], [ 0.309017, 0.5, -0.809017, 0.0, 0.5, -0.809017, -0.309017, 0.0, -0.809017, -0.309017, -0.5, 0.0, 0.0, 0.0, 0.0, 1.0 ], [ 0.5, 0.809017, 0.309017, 0.0, -0.809017, 0.309017, 0.5, 0.0, 0.309017, -0.5, 0.809017, 0.0, 0.0, 0.0, 0.0, 1.0 ], [ -0.309017, 0.5, -0.809017, 0.0, -0.5, -0.809017, -0.309017, 0.0, -0.809017, 0.309017, 0.5, 0.0, 0.0, 0.0, 0.0, 1.0 ], [ 0.809017, -0.309017, -0.5, 0.0, 0.309017, -0.5, 0.809017, 0.0, -0.5, -0.809017, -0.309017, 0.0, 0.0, 0.0, 0.0, 1.0 ], [ 0.5, 0.809017, -0.309017, 0.0, -0.809017, 0.309017, -0.5, 0.0, -0.309017, 0.5, 0.809017, 0.0, 0.0, 0.0, 0.0, 1.0 ], [ 0.309017, -0.5, -0.809017, 0.0, -0.5, -0.809017, 0.309017, 0.0, -0.809017, 0.309017, -0.5, 0.0, 0.0, 0.0, 0.0, 1.0 ], [ 0.809017, -0.309017, 0.5, 0.0, -0.309017, 0.5, 0.809017, 0.0, -0.5, -0.809017, 0.309017, 0.0, 0.0, 0.0, 0.0, 1.0 ], [ 0.809017, 0.309017, -0.5, 0.0, -0.309017, -0.5, -0.809017, 0.0, -0.5, 0.809017, -0.309017, 0.0, 0.0, 0.0, 0.0, 1.0 ], [ 0.5, -0.809017, 0.309017, 0.0, -0.809017, -0.309017, 0.5, 0.0, -0.309017, -0.5, -0.809017, 0.0, 0.0, 0.0, 0.0, 1.0 ], [ 0.309017, 0.5, 0.809017, 0.0, -0.5, 0.809017, -0.309017, 0.0, -0.809017, -0.309017, 0.5, 0.0, 0.0, 0.0, 0.0, 1.0 ], [ -1.0, 0.0, 0.0, 0.0, 0.0, -1.0, 0.0, 0.0, 0.0, 0.0, 1.0, 0.0, 0.0, 0.0, 0.0, 1.0 ], [ 0.0, 0.0, -1.0, 0.0, -1.0, 0.0, 0.0, 0.0, 0.0, 1.0, 0.0, 0.0, 0.0, 0.0, 0.0, 1.0 ], [ 0.0, -1.0, 0.0, 0.0, 0.0, 0.0, -1.0, 0.0, 1.0, 0.0, 0.0, 0.0, 0.0, 0.0, 0.0, 1.0 ], [ -0.809017, -0.309017, -0.5, 0.0, -0.309017, -0.5, 0.809017, 0.0, -0.5, 0.809017, 0.309017, 0.0, 0.0, 0.0, 0.0, 1.0 ], [ 0.5, -0.809017, -0.309017, 0.0, -0.809017, -0.309017, -0.5, 0.0, 0.309017, 0.5, -0.809017, 0.0, 0.0, 0.0, 0.0, 1.0 ], [ -0.309017, -0.5, 0.809017, 0.0, 0.5, -0.809017, -0.309017, 0.0, 0.809017, 0.309017, 0.5, 0.0, 0.0, 0.0, 0.0, 1.0 ], [ -0.5, -0.809017, -0.309017, 0.0, -0.809017, 0.309017, 0.5, 0.0, -0.309017, 0.5, -0.809017, 0.0, 0.0, 0.0, 0.0, 1.0 ], [ 0.309017, -0.5, 0.809017, 0.0, -0.5, -0.809017, -0.309017, 0.0, 0.809017, -0.309017, -0.5, 0.0, 0.0, 0.0, 0.0, 1.0 ], [ -0.809017, 0.309017, 0.5, 0.0, 0.309017, -0.5, 0.809017, 0.0, 0.5, 0.809017, 0.309017, 0.0, 0.0, 0.0, 0.0, 1.0 ], [ -0.5, -0.809017, 0.309017, 0.0, -0.809017, 0.309017, -0.5, 0.0, 0.309017, -0.5, -0.809017, 0.0, 0.0, 0.0, 0.0, 1.0 ], [ -0.309017, 0.5, 0.809017, 0.0, -0.5, -0.809017, 0.309017, 0.0, 0.809017, -0.309017, 0.5, 0.0, 0.0, 0.0, 0.0, 1.0 ], [ -0.809017, 0.309017, -0.5, 0.0, -0.309017, 0.5, 0.809017, 0.0, 0.5, 0.809017, -0.309017, 0.0, 0.0, 0.0, 0.0, 1.0 ], [ -0.809017, -0.309017, 0.5, 0.0, -0.309017, -0.5, -0.809017, 0.0, 0.5, -0.809017, 0.309017, 0.0, 0.0, 0.0, 0.0, 1.0 ], [ -0.5, 0.809017, -0.309017, 0.0, -0.809017, -0.309017, 0.5, 0.0, 0.309017, 0.5, 0.809017, 0.0, 0.0, 0.0, 0.0, 1.0 ], [ -0.309017, -0.5, -0.809017, 0.0, -0.5, 0.809017, -0.309017, 0.0, 0.809017, 0.309017, -0.5, 0.0, 0.0, 0.0, 0.0, 1.0 ], [ -1.0, 0.0, 0.0, 0.0, 0.0, 1.0, 0.0, 0.0, 0.0, 0.0, -1.0, 0.0, 0.0, 0.0, 0.0, 1.0 ], [ 0.0, 0.0, -1.0, 0.0, 1.0, 0.0, 0.0, 0.0, 0.0, -1.0, 0.0, 0.0, 0.0, 0.0, 0.0, 1.0 ], [ 0.0, -1.0, 0.0, 0.0, 0.0, 0.0, 1.0, 0.0, -1.0, 0.0, 0.0, 0.0, 0.0, 0.0, 0.0, 1.0 ], [ -0.809017, -0.309017, -0.5, 0.0, 0.309017, 0.5, -0.809017, 0.0, 0.5, -0.809017, -0.309017, 0.0, 0.0, 0.0, 0.0, 1.0 ], [ 0.5, -0.809017, -0.309017, 0.0, 0.809017, 0.309017, 0.5, 0.0, -0.309017, -0.5, 0.809017, 0.0, 0.0, 0.0, 0.0, 1.0 ], [ -0.309017, -0.5, 0.809017, 0.0, -0.5, 0.809017, 0.309017, 0.0, -0.809017, -0.309017, -0.5, 0.0, 0.0, 0.0, 0.0, 1.0 ], [ -0.5, -0.809017, -0.309017, 0.0, 0.809017, -0.309017, -0.5, 0.0, 0.309017, -0.5, 0.809017, 0.0, 0.0, 0.0, 0.0, 1.0 ], [ 0.309017, -0.5, 0.809017, 0.0, 0.5, 0.809017, 0.309017, 0.0, -0.809017, 0.309017, 0.5, 0.0, 0.0, 0.0, 0.0, 1.0 ], [ -0.809017, 0.309017, 0.5, 0.0, -0.309017, 0.5, -0.809017, 0.0, -0.5, -0.809017, -0.309017, 0.0, 0.0, 0.0, 0.0, 1.0 ], [ -0.5, -0.809017, 0.309017, 0.0, 0.809017, -0.309017, 0.5, 0.0, -0.309017, 0.5, 0.809017, 0.0, 0.0, 0.0, 0.0, 1.0 ], [ -0.309017, 0.5, 0.809017, 0.0, 0.5, 0.809017, -0.309017, 0.0, -0.809017, 0.309017, -0.5, 0.0, 0.0, 0.0, 0.0, 1.0 ], [ -0.809017, 0.309017, -0.5, 0.0, 0.309017, -0.5, -0.809017, 0.0, -0.5, -0.809017, 0.309017, 0.0, 0.0, 0.0, 0.0, 1.0 ], [ -0.809017, -0.309017, 0.5, 0.0, 0.309017, 0.5, 0.809017, 0.0, -0.5, 0.809017, -0.309017, 0.0, 0.0, 0.0, 0.0, 1.0 ], [ -0.5, 0.809017, -0.309017, 0.0, 0.809017, 0.309017, -0.5, 0.0, -0.309017, -0.5, -0.809017, 0.0, 0.0, 0.0, 0.0, 1.0 ], [ -0.309017, -0.5, -0.809017, 0.0, 0.5, -0.809017, 0.309017, 0.0, -0.809017, -0.309017, 0.5, 0.0, 0.0, 0.0, 0.0, 1.0 ] ],
  "lights" : {
    "backgroundColor" : "#AFC8DC",
    "ambientColor" : "#292929",
    "directionalLights" : [ {
      "direction" : {
        "x" : 1.0,
        "y" : -1.0,
        "z" : -1.0
      },
      "color" : "#EBEBE4"
    }, {
      "direction" : {
        "x" : -1.0,
        "y" : 0.0,
        "z" : 0.0
      },
      "color" : "#E4E4EB"
    }, {
      "direction" : {
        "x" : 0.0,
        "y" : 0.0,
        "z" : -1.0
      },
      "color" : "#1E1E1E"
    } ]
  },
  "camera" : {
    "stereo" : false,
    "width" : 232.84418,
    "lookDirection" : {
      "x" : 0.7144666,
      "y" : -0.031724934,
      "z" : 0.6989496
    },
    "upDirection" : {
      "x" : -0.63193595,
      "y" : -0.45806593,
      "z" : 0.6251641
    },
    "lookAtPoint" : {
      "x" : 0.0,
      "y" : 0.0,
      "z" : 0.0
    },
    "viewDistance" : 517.4327,
    "nearClipDistance" : 1.293581,
    "farClipDistance" : 1034.8633,
    "fieldOfView" : 0.4426279,
    "perspective" : true,
    "position" : {
      "x" : -369.68835,
      "y" : 16.415518,
      "z" : -361.65936
    }
  },
  "embedding" : [ 1.0, 0.0, 0.0, 0.0, 0.0, 1.0, 0.0, 0.0, 0.0, 0.0, 1.0, 0.0, 0.0, 0.0, 0.0, 1.0 ],
  "shapes" : [ {
    "id" : "400d43b6-dc58-4468-8f0a-2bd39a11ca5f",
    "vertices" : [ {
      "x" : 1.0,
      "y" : 0.309017,
      "z" : -0.19098301
    }, {
      "x" : 1.0,
      "y" : 0.309017,
      "z" : 0.19098301
    }, {
      "x" : 1.0,
      "y" : -0.309017,
      "z" : -0.19098301
    }, {
      "x" : 1.0,
      "y" : -0.309017,
      "z" : 0.19098301
    }, {
      "x" : 2.236068,
      "y" : 0.618034,
      "z" : -0.045084972
    }, {
      "x" : 2.236068,
      "y" : 0.23606798,
      "z" : -0.045084972
    }, {
      "x" : 2.236068,
      "y" : 0.618034,
      "z" : 0.572949
    }, {
      "x" : 2.236068,
      "y" : 0.23606798,
      "z" : 0.572949
    }, {
      "x" : 19.944271,
      "y" : 4.0,
      "z" : 2.045085
    }, {
      "x" : 19.944271,
      "y" : 3.618034,
      "z" : 2.045085
    }, {
      "x" : 19.944271,
      "y" : 4.0,
      "z" : 2.663119
    }, {
      "x" : 20.12461,
      "y" : 4.2573543,
      "z" : 2.684405
    }, {
      "x" : 19.944271,
      "y" : 3.618034,
      "z" : 2.663119
    }, {
      "x" : 20.236069,
      "y" : 3.4508498,
      "z" : 2.6975608
    }, {
      "x" : 21.18034,
      "y" : 4.545085,
      "z" : 2.427051
    }, {
      "x" : 21.18034,
      "y" : 4.545085,
      "z" : 2.809017
    }, {
      "x" : 21.18034,
      "y" : 3.927051,
      "z" : 2.427051
    }, {
      "x" : 21.18034,
      "y" : 3.927051,
      "z" : 2.809017
    }, {
      "x" : 22.18034,
      "y" : 4.236068,
      "z" : 2.618034
    } ],
    "faces" : [ {
      "vertices" : [ 8, 11, 14 ]
    }, {
      "vertices" : [ 5, 9, 12 ]
    }, {
      "vertices" : [ 5, 12, 7 ]
    }, {
      "vertices" : [ 9, 13, 12 ]
    }, {
      "vertices" : [ 6, 7, 12 ]
    }, {
      "vertices" : [ 6, 12, 10 ]
    }, {
      "vertices" : [ 10, 15, 11 ]
    }, {
      "vertices" : [ 9, 16, 13 ]
    }, {
      "vertices" : [ 11, 15, 14 ]
    }, {
      "vertices" : [ 12, 13, 17 ]
    }, {
      "vertices" : [ 0, 1, 6 ]
    }, {
      "vertices" : [ 0, 6, 4 ]
    }, {
      "vertices" : [ 0, 4, 5 ]
    }, {
      "vertices" : [ 0, 5, 2 ]
    }, {
      "vertices" : [ 13, 16, 17 ]
    }, {
      "vertices" : [ 8, 14, 16 ]
    }, {
      "vertices" : [ 8, 16, 9 ]
    }, {
      "vertices" : [ 1, 3, 7 ]
    }, {
      "vertices" : [ 1, 7, 6 ]
    }, {
      "vertices" : [ 2, 5, 7 ]
    }, {
      "vertices" : [ 2, 7, 3 ]
    }, {
      "vertices" : [ 10, 12, 17 ]
    }, {
      "vertices" : [ 10, 17, 15 ]
    }, {
      "vertices" : [ 4, 8, 9 ]
    }, {
      "vertices" : [ 4, 9, 5 ]
    }, {
      "vertices" : [ 4, 6, 10 ]
    }, {
      "vertices" : [ 4, 10, 8 ]
    }, {
      "vertices" : [ 8, 10, 11 ]
    } ]
  }, {
    "id" : "cf4e7100-8da1-45fa-abf5-b6d63ba3c413",
    "vertices" : [ {
      "x" : 0.309017,
      "y" : -0.809017,
      "z" : 0.618034
    }, {
      "x" : 0.809017,
      "y" : -0.618034,
      "z" : 0.309017
    }, {
      "x" : 0.618034,
      "y" : -0.309017,
      "z" : 0.809017
    }, {
      "x" : 1.0,
      "y" : 0.309017,
      "z" : 0.19098301
    }, {
      "x" : 0.809017,
      "y" : 0.618034,
      "z" : 0.309017
    }, {
      "x" : 0.618034,
      "y" : 0.309017,
      "z" : 0.809017
    }, {
      "x" : 0.809017,
      "y" : 0.0,
      "z" : 0.690983
    }, {
      "x" : 0.19098301,
      "y" : -1.0,
      "z" : 0.309017
    }, {
      "x" : -0.19098301,
      "y" : -1.0,
      "z" : 0.309017
    }, {
      "x" : -0.19098301,
      "y" : -1.0,
      "z" : -0.309017
    }, {
      "x" : 0.19098301,
      "y" : -1.0,
      "z" : -0.309017
    }, {
      "x" : 1.0,
      "y" : -0.309017,
      "z" : -0.19098301
    }, {
      "x" : 0.809017,
      "y" : -0.618034,
      "z" : -0.309017
    }, {
      "x" : 0.618034,
      "y" : -0.309017,
      "z" : -0.809017
    }, {
      "x" : 0.809017,
      "y" : 0.0,
      "z" : -0.690983
    }, {
      "x" : 0.0,
      "y" : 0.690983,
      "z" : -0.809017
    }, {
      "x" : 0.309017,
      "y" : 0.809017,
      "z" : -0.618034
    }, {
      "x" : 0.618034,
      "y" : 0.309017,
      "z" : -0.809017
    }, {
      "x" : 0.309017,
      "y" : 0.19098301,
      "z" : -1.0
    }, {
      "x" : 1.0,
      "y" : 0.309017,
      "z" : -0.19098301
    }, {
      "x" : -0.309017,
      "y" : -0.809017,
      "z" : 0.618034
    }, {
      "x" : 0.0,
      "y" : -0.690983,
      "z" : 0.809017
    }, {
      "x" : 0.809017,
      "y" : 0.618034,
      "z" : -0.309017
    }, {
      "x" : 0.690983,
      "y" : 0.809017,
      "z" : 0.0
    }, {
      "x" : -0.690983,
      "y" : 0.809017,
      "z" : 0.0
    }, {
      "x" : -0.809017,
      "y" : 0.618034,
      "z" : 0.309017
    }, {
      "x" : -0.309017,
      "y" : 0.809017,
      "z" : 0.618034
    }, {
      "x" : -0.19098301,
      "y" : 1.0,
      "z" : 0.309017
    }, {
      "x" : 0.309017,
      "y" : -0.19098301,
      "z" : -1.0
    }, {
      "x" : 0.19098301,
      "y" : 1.0,
      "z" : 0.309017
    }, {
      "x" : 0.309017,
      "y" : 0.809017,
      "z" : 0.618034
    }, {
      "x" : -0.809017,
      "y" : -0.618034,
      "z" : 0.309017
    }, {
      "x" : -0.690983,
      "y" : -0.809017,
      "z" : 0.0
    }, {
      "x" : 0.0,
      "y" : 0.690983,
      "z" : 0.809017
    }, {
      "x" : 0.309017,
      "y" : -0.809017,
      "z" : -0.618034
    }, {
      "x" : 0.0,
      "y" : -0.690983,
      "z" : -0.809017
    }, {
      "x" : -1.0,
      "y" : 0.309017,
      "z" : 0.19098301
    }, {
      "x" : -0.809017,
      "y" : 0.0,
      "z" : 0.690983
    }, {
      "x" : -0.618034,
      "y" : 0.309017,
      "z" : 0.809017
    }, {
      "x" : 1.0,
      "y" : -0.309017,
      "z" : 0.19098301
    }, {
      "x" : -0.309017,
      "y" : -0.809017,
      "z" : -0.618034
    }, {
      "x" : -1.0,
      "y" : 0.309017,
      "z" : -0.19098301
    }, {
      "x" : -1.0,
      "y" : -0.309017,
      "z" : -0.19098301
    }, {
      "x" : -1.0,
      "y" : -0.309017,
      "z" : 0.19098301
    }, {
      "x" : 0.19098301,
      "y" : 1.0,
      "z" : -0.309017
    }, {
      "x" : -0.809017,
      "y" : 0.618034,
      "z" : -0.309017
    }, {
      "x" : -0.19098301,
      "y" : 1.0,
      "z" : -0.309017
    }, {
      "x" : -0.309017,
      "y" : 0.809017,
      "z" : -0.618034
    }, {
      "x" : -0.618034,
      "y" : -0.309017,
      "z" : 0.809017
    }, {
      "x" : 0.309017,
      "y" : 0.19098301,
      "z" : 1.0
    }, {
      "x" : -0.309017,
      "y" : 0.19098301,
      "z" : -1.0
    }, {
      "x" : -0.309017,
      "y" : 0.19098301,
      "z" : 1.0
    }, {
      "x" : -0.309017,
      "y" : -0.19098301,
      "z" : 1.0
    }, {
      "x" : 0.309017,
      "y" : -0.19098301,
      "z" : 1.0
    }, {
      "x" : 0.690983,
      "y" : -0.809017,
      "z" : 0.0
    }, {
      "x" : -0.809017,
      "y" : 0.0,
      "z" : -0.690983
    }, {
      "x" : -0.618034,
      "y" : -0.309017,
      "z" : -0.809017
    }, {
      "x" : -0.309017,
      "y" : -0.19098301,
      "z" : -1.0
    }, {
      "x" : -0.618034,
      "y" : 0.309017,
      "z" : -0.809017
    }, {
      "x" : -0.809017,
      "y" : -0.618034,
      "z" : -0.309017
    } ],
    "faces" : [ {
      "vertices" : [ 9, 40, 35 ]
    }, {
      "vertices" : [ 9, 35, 34 ]
    }, {
      "vertices" : [ 9, 34, 10 ]
    }, {
      "vertices" : [ 0, 1, 2 ]
    }, {
      "vertices" : [ 33, 51, 49 ]
    }, {
      "vertices" : [ 25, 36, 37 ]
    }, {
      "vertices" : [ 25, 37, 38 ]
    }, {
      "vertices" : [ 41, 55, 42 ]
    }, {
      "vertices" : [ 9, 32, 59 ]
    }, {
      "vertices" : [ 9, 59, 40 ]
    }, {
      "vertices" : [ 20, 21, 52 ]
    }, {
      "vertices" : [ 20, 52, 48 ]
    }, {
      "vertices" : [ 26, 33, 30 ]
    }, {
      "vertices" : [ 26, 30, 29 ]
    }, {
      "vertices" : [ 26, 29, 27 ]
    }, {
      "vertices" : [ 3, 4, 5 ]
    }, {
      "vertices" : [ 3, 5, 6 ]
    }, {
      "vertices" : [ 27, 29, 44 ]
    }, {
      "vertices" : [ 27, 44, 46 ]
    }, {
      "vertices" : [ 50, 57, 56 ]
    }, {
      "vertices" : [ 50, 56, 55 ]
    }, {
      "vertices" : [ 50, 55, 58 ]
    }, {
      "vertices" : [ 26, 38, 51 ]
    }, {
      "vertices" : [ 26, 51, 33 ]
    }, {
      "vertices" : [ 45, 47, 58 ]
    }, {
      "vertices" : [ 18, 28, 57 ]
    }, {
      "vertices" : [ 18, 57, 50 ]
    }, {
      "vertices" : [ 40, 59, 56 ]
    }, {
      "vertices" : [ 31, 48, 37 ]
    }, {
      "vertices" : [ 31, 37, 43 ]
    }, {
      "vertices" : [ 7, 8, 9 ]
    }, {
      "vertices" : [ 7, 9, 10 ]
    }, {
      "vertices" : [ 36, 41, 42 ]
    }, {
      "vertices" : [ 36, 42, 43 ]
    }, {
      "vertices" : [ 24, 46, 47 ]
    }, {
      "vertices" : [ 24, 47, 45 ]
    }, {
      "vertices" : [ 4, 30, 5 ]
    }, {
      "vertices" : [ 15, 47, 46 ]
    }, {
      "vertices" : [ 15, 46, 44 ]
    }, {
      "vertices" : [ 15, 44, 16 ]
    }, {
      "vertices" : [ 15, 50, 58 ]
    }, {
      "vertices" : [ 15, 58, 47 ]
    }, {
      "vertices" : [ 24, 45, 41 ]
    }, {
      "vertices" : [ 24, 41, 36 ]
    }, {
      "vertices" : [ 24, 36, 25 ]
    }, {
      "vertices" : [ 11, 14, 19 ]
    }, {
      "vertices" : [ 3, 6, 39 ]
    }, {
      "vertices" : [ 1, 39, 6 ]
    }, {
      "vertices" : [ 1, 6, 2 ]
    }, {
      "vertices" : [ 8, 32, 9 ]
    }, {
      "vertices" : [ 11, 12, 13 ]
    }, {
      "vertices" : [ 11, 13, 14 ]
    }, {
      "vertices" : [ 16, 22, 17 ]
    }, {
      "vertices" : [ 0, 21, 20 ]
    }, {
      "vertices" : [ 0, 20, 8 ]
    }, {
      "vertices" : [ 0, 8, 7 ]
    }, {
      "vertices" : [ 12, 34, 13 ]
    }, {
      "vertices" : [ 35, 40, 56 ]
    }, {
      "vertices" : [ 35, 56, 57 ]
    }, {
      "vertices" : [ 0, 7, 54 ]
    }, {
      "vertices" : [ 0, 54, 1 ]
    }, {
      "vertices" : [ 15, 16, 17 ]
    }, {
      "vertices" : [ 15, 17, 18 ]
    }, {
      "vertices" : [ 3, 19, 22 ]
    }, {
      "vertices" : [ 3, 22, 23 ]
    }, {
      "vertices" : [ 3, 23, 4 ]
    }, {
      "vertices" : [ 7, 10, 54 ]
    }, {
      "vertices" : [ 41, 45, 58 ]
    }, {
      "vertices" : [ 41, 58, 55 ]
    }, {
      "vertices" : [ 3, 39, 11 ]
    }, {
      "vertices" : [ 3, 11, 19 ]
    }, {
      "vertices" : [ 14, 17, 22 ]
    }, {
      "vertices" : [ 14, 22, 19 ]
    }, {
      "vertices" : [ 0, 2, 53 ]
    }, {
      "vertices" : [ 0, 53, 21 ]
    }, {
      "vertices" : [ 49, 51, 52 ]
    }, {
      "vertices" : [ 49, 52, 53 ]
    }, {
      "vertices" : [ 31, 43, 42 ]
    }, {
      "vertices" : [ 31, 42, 59 ]
    }, {
      "vertices" : [ 31, 59, 32 ]
    }, {
      "vertices" : [ 15, 18, 50 ]
    }, {
      "vertices" : [ 42, 55, 56 ]
    }, {
      "vertices" : [ 42, 56, 59 ]
    }, {
      "vertices" : [ 4, 23, 29 ]
    }, {
      "vertices" : [ 4, 29, 30 ]
    }, {
      "vertices" : [ 25, 38, 26 ]
    }, {
      "vertices" : [ 13, 28, 18 ]
    }, {
      "vertices" : [ 13, 18, 17 ]
    }, {
      "vertices" : [ 13, 17, 14 ]
    }, {
      "vertices" : [ 8, 20, 31 ]
    }, {
      "vertices" : [ 8, 31, 32 ]
    }, {
      "vertices" : [ 23, 44, 29 ]
    }, {
      "vertices" : [ 24, 27, 46 ]
    }, {
      "vertices" : [ 37, 48, 52 ]
    }, {
      "vertices" : [ 37, 52, 51 ]
    }, {
      "vertices" : [ 37, 51, 38 ]
    }, {
      "vertices" : [ 20, 48, 31 ]
    }, {
      "vertices" : [ 24, 25, 26 ]
    }, {
      "vertices" : [ 24, 26, 27 ]
    }, {
      "vertices" : [ 16, 44, 23 ]
    }, {
      "vertices" : [ 16, 23, 22 ]
    }, {
      "vertices" : [ 13, 34, 35 ]
    }, {
      "vertices" : [ 13, 35, 28 ]
    }, {
      "vertices" : [ 10, 34, 12 ]
    }, {
      "vertices" : [ 10, 12, 54 ]
    }, {
      "vertices" : [ 2, 6, 5 ]
    }, {
      "vertices" : [ 2, 5, 49 ]
    }, {
      "vertices" : [ 2, 49, 53 ]
    }, {
      "vertices" : [ 36, 43, 37 ]
    }, {
      "vertices" : [ 5, 30, 33 ]
    }, {
      "vertices" : [ 5, 33, 49 ]
    }, {
      "vertices" : [ 1, 54, 12 ]
    }, {
      "vertices" : [ 1, 12, 11 ]
    }, {
      "vertices" : [ 1, 11, 39 ]
    }, {
      "vertices" : [ 28, 35, 57 ]
    }, {
      "vertices" : [ 21, 53, 52 ]
    } ]
  }, {
    "id" : "1e2ae18a-4930-4913-8e60-2f20c2c591c1",
    "vertices" : [ {
      "x" : 16.230747,
      "y" : 6.0086102,
      "z" : -2.486068
    }, {
      "x" : 17.253288,
      "y" : 6.045085,
      "z" : -2.618034
    }, {
      "x" : 16.230747,
      "y" : 6.0086102,
      "z" : -2.104102
    }, {
      "x" : 16.039762,
      "y" : 6.3176274,
      "z" : -2.604102
    }, {
      "x" : 16.039762,
      "y" : 6.3176274,
      "z" : -2.222136
    }, {
      "x" : 0.809017,
      "y" : 0.618034,
      "z" : 0.309017
    }, {
      "x" : 1.0,
      "y" : 0.309017,
      "z" : 0.19098301
    }, {
      "x" : 1.9045085,
      "y" : 0.5364745,
      "z" : -0.013932022
    }, {
      "x" : 16.944271,
      "y" : 6.545085,
      "z" : -2.809017
    }, {
      "x" : 17.135256,
      "y" : 6.236068,
      "z" : -2.927051
    }, {
      "x" : 17.135256,
      "y" : 6.236068,
      "z" : -2.309017
    }, {
      "x" : 16.944271,
      "y" : 6.545085,
      "z" : -2.427051
    }, {
      "x" : 1.7135255,
      "y" : 0.8454915,
      "z" : -0.13196601
    }, {
      "x" : 0.690983,
      "y" : 0.809017,
      "z" : 0.0
    }, {
      "x" : 1.9045085,
      "y" : 0.5364745,
      "z" : -0.39589804
    }, {
      "x" : 1.7135255,
      "y" : 0.8454915,
      "z" : -0.51393205
    }, {
      "x" : 0.809017,
      "y" : 0.618034,
      "z" : -0.309017
    }, {
      "x" : 1.0,
      "y" : 0.309017,
      "z" : -0.19098301
    }, {
      "x" : 17.944271,
      "y" : 6.854102,
      "z" : -2.618034
    } ],
    "faces" : [ {
      "vertices" : [ 0, 14, 15 ]
    }, {
      "vertices" : [ 0, 15, 3 ]
    }, {
      "vertices" : [ 3, 15, 12 ]
    }, {
      "vertices" : [ 3, 12, 4 ]
    }, {
      "vertices" : [ 0, 1, 2 ]
    }, {
      "vertices" : [ 12, 15, 13 ]
    }, {
      "vertices" : [ 0, 9, 1 ]
    }, {
      "vertices" : [ 0, 3, 9 ]
    }, {
      "vertices" : [ 13, 15, 16 ]
    }, {
      "vertices" : [ 6, 17, 14 ]
    }, {
      "vertices" : [ 6, 14, 7 ]
    }, {
      "vertices" : [ 1, 10, 2 ]
    }, {
      "vertices" : [ 5, 6, 7 ]
    }, {
      "vertices" : [ 3, 8, 9 ]
    }, {
      "vertices" : [ 0, 2, 7 ]
    }, {
      "vertices" : [ 0, 7, 14 ]
    }, {
      "vertices" : [ 5, 7, 12 ]
    }, {
      "vertices" : [ 2, 4, 12 ]
    }, {
      "vertices" : [ 2, 12, 7 ]
    }, {
      "vertices" : [ 3, 4, 11 ]
    }, {
      "vertices" : [ 3, 11, 8 ]
    }, {
      "vertices" : [ 2, 10, 11 ]
    }, {
      "vertices" : [ 2, 11, 4 ]
    }, {
      "vertices" : [ 5, 12, 13 ]
    }, {
      "vertices" : [ 14, 17, 16 ]
    }, {
      "vertices" : [ 14, 16, 15 ]
    } ]
  }, {
    "id" : "069be17b-9953-4c1d-a54e-c9652c57a6d5",
    "vertices" : [ {
      "x" : 0.809017,
      "y" : 0.0,
      "z" : -0.690983
    }, {
      "x" : 1.0,
      "y" : 0.309017,
      "z" : -0.19098301
    }, {
      "x" : 10.281153,
      "y" : 0.309017,
      "z" : -3.736068
    }, {
      "x" : 10.09017,
      "y" : 0.0,
      "z" : -4.236068
    }, {
      "x" : 21.18034,
      "y" : 0.309017,
      "z" : -8.281153
    }, {
      "x" : 1.0,
      "y" : -0.309017,
      "z" : -0.19098301
    }, {
      "x" : 10.281153,
      "y" : -0.309017,
      "z" : -3.736068
    }, {
      "x" : 11.899187,
      "y" : 0.309017,
      "z" : -4.736068
    }, {
      "x" : 12.09017,
      "y" : 0.0,
      "z" : -4.236068
    }, {
      "x" : 22.18034,
      "y" : 0.0,
      "z" : -8.472136
    }, {
      "x" : 11.899187,
      "y" : -0.309017,
      "z" : -4.736068
    }, {
      "x" : 21.371323,
      "y" : 0.0,
      "z" : -7.7811527
    }, {
      "x" : 21.18034,
      "y" : -0.309017,
      "z" : -8.281153
    } ],
    "faces" : [ {
      "vertices" : [ 2, 6, 8 ]
    }, {
      "vertices" : [ 4, 12, 10 ]
    }, {
      "vertices" : [ 4, 10, 7 ]
    }, {
      "vertices" : [ 2, 8, 7 ]
    }, {
      "vertices" : [ 3, 10, 6 ]
    }, {
      "vertices" : [ 3, 7, 10 ]
    }, {
      "vertices" : [ 0, 1, 2 ]
    }, {
      "vertices" : [ 0, 2, 3 ]
    }, {
      "vertices" : [ 6, 10, 8 ]
    }, {
      "vertices" : [ 8, 10, 12 ]
    }, {
      "vertices" : [ 8, 12, 11 ]
    }, {
      "vertices" : [ 2, 7, 3 ]
    }, {
      "vertices" : [ 0, 3, 6 ]
    }, {
      "vertices" : [ 0, 6, 5 ]
    }, {
      "vertices" : [ 1, 5, 6 ]
    }, {
      "vertices" : [ 1, 6, 2 ]
    }, {
      "vertices" : [ 4, 7, 8 ]
    }, {
      "vertices" : [ 4, 8, 11 ]
    } ]
  }, {
    "id" : "1be4be6d-0b71-4807-8e29-447073eeb95f",
    "vertices" : [ {
      "x" : 0.809017,
      "y" : 0.0,
      "z" : -0.690983
    }, {
      "x" : 1.0,
      "y" : 0.309017,
      "z" : -0.19098301
    }, {
      "x" : 4.736068,
      "y" : 0.309017,
      "z" : -1.618034
    }, {
      "x" : 4.545085,
      "y" : 0.0,
      "z" : -2.118034
    }, {
      "x" : 10.09017,
      "y" : 0.309017,
      "z" : -4.045085
    }, {
      "x" : 1.0,
      "y" : -0.309017,
      "z" : -0.19098301
    }, {
      "x" : 4.736068,
      "y" : -0.309017,
      "z" : -1.618034
    }, {
      "x" : 6.354102,
      "y" : 0.309017,
      "z" : -2.618034
    }, {
      "x" : 6.545085,
      "y" : 0.0,
      "z" : -2.118034
    }, {
      "x" : 11.09017,
      "y" : 0.0,
      "z" : -4.236068
    }, {
      "x" : 6.354102,
      "y" : -0.309017,
      "z" : -2.618034
    }, {
      "x" : 10.281153,
      "y" : 0.0,
      "z" : -3.545085
    }, {
      "x" : 10.09017,
      "y" : -0.309017,
      "z" : -4.045085
    } ],
    "faces" : [ {
      "vertices" : [ 2, 6, 8 ]
    }, {
      "vertices" : [ 4, 12, 10 ]
    }, {
      "vertices" : [ 4, 10, 7 ]
    }, {
      "vertices" : [ 2, 8, 7 ]
    }, {
      "vertices" : [ 3, 10, 6 ]
    }, {
      "vertices" : [ 3, 7, 10 ]
    }, {
      "vertices" : [ 0, 1, 2 ]
    }, {
      "vertices" : [ 0, 2, 3 ]
    }, {
      "vertices" : [ 6, 10, 8 ]
    }, {
      "vertices" : [ 8, 10, 12 ]
    }, {
      "vertices" : [ 8, 12, 11 ]
    }, {
      "vertices" : [ 2, 7, 3 ]
    }, {
      "vertices" : [ 0, 3, 6 ]
    }, {
      "vertices" : [ 0, 6, 5 ]
    }, {
      "vertices" : [ 1, 5, 6 ]
    }, {
      "vertices" : [ 1, 6, 2 ]
    }, {
      "vertices" : [ 4, 7, 8 ]
    }, {
      "vertices" : [ 4, 8, 11 ]
    } ]
  } ],
  "instances" : [ {
    "shape" : "400d43b6-dc58-4468-8f0a-2bd39a11ca5f",
    "color" : "#12CD94",
    "position" : {
      "x" : -41.12461,
      "y" : 27.416409,
      "z" : -27.416409
    },
    "orientation" : 19
  }, {
    "shape" : "cf4e7100-8da1-45fa-abf5-b6d63ba3c413",
    "color" : "#FFFFFF",
    "position" : {
      "x" : 61.686916,
      "y" : 6.854102,
      "z" : -6.854102
    }
  }, {
    "shape" : "1e2ae18a-4930-4913-8e60-2f20c2c591c1",
    "color" : "#008D36",
    "position" : {
      "x" : -34.27051,
      "y" : -20.562305,
      "z" : 6.854102
    },
    "orientation" : 53
  }, {
    "shape" : "1e2ae18a-4930-4913-8e60-2f20c2c591c1",
    "color" : "#008D36",
    "position" : {
      "x" : 20.562305,
      "y" : 47.978714,
      "z" : 34.27051
    },
    "orientation" : 37
  }, {
    "shape" : "400d43b6-dc58-4468-8f0a-2bd39a11ca5f",
    "color" : "#12CD94",
    "position" : {
      "x" : -27.416409,
      "y" : 0.0,
      "z" : 13.708204
    },
    "orientation" : 3
  }, {
    "shape" : "cf4e7100-8da1-45fa-abf5-b6d63ba3c413",
    "color" : "#FFFFFF",
    "position" : {
      "x" : -27.416409,
      "y" : 41.12461,
      "z" : -27.416409
    }
  }, {
    "shape" : "400d43b6-dc58-4468-8f0a-2bd39a11ca5f",
    "color" : "#12CD94",
    "position" : {
      "x" : 41.12461,
      "y" : -27.416409,
      "z" : 27.416409
    },
    "orientation" : 20
  }, {
    "shape" : "cf4e7100-8da1-45fa-abf5-b6d63ba3c413",
    "color" : "#FFFFFF",
    "position" : {
      "x" : -6.854102,
      "y" : 20.562305,
      "z" : -47.978714
    }
  }, {
    "shape" : "cf4e7100-8da1-45fa-abf5-b6d63ba3c413",
    "color" : "#FFFFFF",
    "position" : {
      "x" : -13.708204,
      "y" : -27.416409,
      "z" : 54.832817
    }
  }, {
    "shape" : "cf4e7100-8da1-45fa-abf5-b6d63ba3c413",
    "color" : "#FFFFFF",
    "position" : {
      "x" : 20.562305,
      "y" : 34.27051,
      "z" : 47.978714
    }
  }, {
    "shape" : "400d43b6-dc58-4468-8f0a-2bd39a11ca5f",
    "color" : "#12CD94",
    "position" : {
      "x" : -34.27051,
      "y" : 20.562305,
      "z" : 6.854102
    },
    "orientation" : 34
  }, {
    "shape" : "400d43b6-dc58-4468-8f0a-2bd39a11ca5f",
    "color" : "#12CD94",
    "position" : {
      "x" : 0.0,
      "y" : -54.832817,
      "z" : -27.416409
    },
    "orientation" : 3
  }, {
    "shape" : "cf4e7100-8da1-45fa-abf5-b6d63ba3c413",
    "color" : "#FFFFFF",
    "position" : {
      "x" : 54.832817,
      "y" : -27.416409,
      "z" : 0.0
    }
  }, {
    "shape" : "1e2ae18a-4930-4913-8e60-2f20c2c591c1",
    "color" : "#008D36",
    "position" : {
      "x" : 47.978714,
      "y" : 20.562305,
      "z" : 6.854102
    },
    "orientation" : 53
  }, {
    "shape" : "cf4e7100-8da1-45fa-abf5-b6d63ba3c413",
    "color" : "#FFFFFF",
    "position" : {
      "x" : 41.12461,
      "y" : 27.416409,
      "z" : -27.416409
    }
  }, {
    "shape" : "cf4e7100-8da1-45fa-abf5-b6d63ba3c413",
    "color" : "#FFFFFF",
    "position" : {
      "x" : -20.562305,
      "y" : 34.27051,
      "z" : 6.854102
    }
  }, {
    "shape" : "069be17b-9953-4c1d-a54e-c9652c57a6d5",
    "color" : "#F0A000",
    "position" : {
      "x" : 20.562305,
      "y" : 34.27051,
      "z" : 6.854102
    },
    "orientation" : 24
  }, {
    "shape" : "cf4e7100-8da1-45fa-abf5-b6d63ba3c413",
    "color" : "#FFFFFF",
    "position" : {
      "x" : -47.978714,
      "y" : -6.854102,
      "z" : 20.562305
    }
  }, {
    "shape" : "1e2ae18a-4930-4913-8e60-2f20c2c591c1",
    "color" : "#008D36",
    "position" : {
      "x" : -20.562305,
      "y" : 6.854102,
      "z" : 34.27051
    },
    "orientation" : 37
  }, {
    "shape" : "1e2ae18a-4930-4913-8e60-2f20c2c591c1",
    "color" : "#008D36",
    "position" : {
      "x" : -20.562305,
      "y" : -47.978714,
      "z" : 6.854102
    },
    "orientation" : 52
  }, {
    "shape" : "069be17b-9953-4c1d-a54e-c9652c57a6d5",
    "color" : "#F0A000",
    "position" : {
      "x" : 34.27051,
      "y" : 47.978714,
      "z" : 6.854102
    },
    "orientation" : 24
  }, {
    "shape" : "1be4be6d-0b71-4807-8e29-447073eeb95f",
    "color" : "#F0A000",
    "position" : {
      "x" : -54.832817,
      "y" : 0.0,
      "z" : -13.708204
    },
    "orientation" : 4
  }, {
    "shape" : "400d43b6-dc58-4468-8f0a-2bd39a11ca5f",
    "color" : "#12CD94",
    "position" : {
      "x" : 54.832817,
      "y" : 13.708204,
      "z" : 0.0
    },
    "orientation" : 50
  }, {
    "shape" : "069be17b-9953-4c1d-a54e-c9652c57a6d5",
    "color" : "#F0A000",
    "position" : {
      "x" : 6.854102,
      "y" : -6.854102,
      "z" : -6.854102
    },
    "orientation" : 4
  }, {
    "shape" : "1e2ae18a-4930-4913-8e60-2f20c2c591c1",
    "color" : "#008D36",
    "position" : {
      "x" : 20.562305,
      "y" : -47.978714,
      "z" : -34.27051
    },
    "orientation" : 52
  }, {
    "shape" : "400d43b6-dc58-4468-8f0a-2bd39a11ca5f",
    "color" : "#12CD94",
    "position" : {
      "x" : 6.854102,
      "y" : -20.562305,
      "z" : -34.27051
    },
    "orientation" : 18
  }, {
    "shape" : "400d43b6-dc58-4468-8f0a-2bd39a11ca5f",
    "color" : "#12CD94",
    "position" : {
      "x" : 54.832817,
      "y" : 27.416409,
      "z" : -13.708204
    },
    "orientation" : 50
  }, {
    "shape" : "400d43b6-dc58-4468-8f0a-2bd39a11ca5f",
    "color" : "#12CD94",
    "position" : {
      "x" : 27.416409,
      "y" : -41.12461,
      "z" : 27.416409
    },
    "orientation" : 50
  }, {
    "shape" : "400d43b6-dc58-4468-8f0a-2bd39a11ca5f",
    "color" : "#12CD94",
    "position" : {
      "x" : -61.686916,
      "y" : -6.854102,
      "z" : 6.854102
    },
    "orientation" : 34
  }, {
    "shape" : "cf4e7100-8da1-45fa-abf5-b6d63ba3c413",
    "color" : "#FFFFFF",
    "position" : {
      "x" : 0.0,
      "y" : 13.708204,
      "z" : -54.832817
    }
  }, {
    "shape" : "cf4e7100-8da1-45fa-abf5-b6d63ba3c413",
    "color" : "#FFFFFF",
    "position" : {
      "x" : -6.854102,
      "y" : -34.27051,
      "z" : 47.978714
    }
  }, {
    "shape" : "1e2ae18a-4930-4913-8e60-2f20c2c591c1",
    "color" : "#008D36",
    "position" : {
      "x" : -34.27051,
      "y" : -34.27051,
      "z" : 20.562305
    },
    "orientation" : 53
  }, {
    "shape" : "cf4e7100-8da1-45fa-abf5-b6d63ba3c413",
    "color" : "#FFFFFF",
    "position" : {
      "x" : -20.562305,
      "y" : -47.978714,
      "z" : 6.854102
    }
  }, {
    "shape" : "069be17b-9953-4c1d-a54e-c9652c57a6d5",
    "color" : "#F0A000",
    "position" : {
      "x" : -20.562305,
      "y" : 34.27051,
      "z" : -34.27051
    },
    "orientation" : 24
  }, {
    "shape" : "cf4e7100-8da1-45fa-abf5-b6d63ba3c413",
    "color" : "#FFFFFF",
    "position" : {
      "x" : 20.562305,
      "y" : 6.854102,
      "z" : 34.27051
    }
  }, {
    "shape" : "1e2ae18a-4930-4913-8e60-2f20c2c591c1",
    "color" : "#008D36",
    "position" : {
      "x" : 47.978714,
      "y" : 20.562305,
      "z" : 6.854102
    },
    "orientation" : 52
  }, {
    "shape" : "1be4be6d-0b71-4807-8e29-447073eeb95f",
    "color" : "#F0A000",
    "position" : {
      "x" : 27.416409,
      "y" : 27.416409,
      "z" : -41.12461
    },
    "orientation" : 24
  }, {
    "shape" : "cf4e7100-8da1-45fa-abf5-b6d63ba3c413",
    "color" : "#FFFFFF",
    "position" : {
      "x" : 34.27051,
      "y" : 34.27051,
      "z" : -20.562305
    }
  }, {
    "shape" : "cf4e7100-8da1-45fa-abf5-b6d63ba3c413",
    "color" : "#FFFFFF",
    "position" : {
      "x" : 13.708204,
      "y" : 0.0,
      "z" : -27.416409
    }
  }, {
    "shape" : "1be4be6d-0b71-4807-8e29-447073eeb95f",
    "color" : "#F0A000",
    "position" : {
      "x" : 34.27051,
      "y" : 47.978714,
      "z" : 6.854102
    },
    "orientation" : 4
  }, {
    "shape" : "400d43b6-dc58-4468-8f0a-2bd39a11ca5f",
    "color" : "#12CD94",
    "position" : {
      "x" : -13.708204,
      "y" : 27.416409,
      "z" : 0.0
    },
    "orientation" : 20
  }, {
    "shape" : "cf4e7100-8da1-45fa-abf5-b6d63ba3c413",
    "color" : "#FFFFFF",
    "position" : {
      "x" : 20.562305,
      "y" : 47.978714,
      "z" : -6.854102
    }
  }, {
    "shape" : "400d43b6-dc58-4468-8f0a-2bd39a11ca5f",
    "color" : "#12CD94",
    "position" : {
      "x" : 0.0,
      "y" : 27.416409,
      "z" : 54.832817
    },
    "orientation" : 34
  }, {
    "shape" : "1e2ae18a-4930-4913-8e60-2f20c2c591c1",
    "color" : "#008D36",
    "position" : {
      "x" : 6.854102,
      "y" : -20.562305,
      "z" : 47.978714
    },
    "orientation" : 53
  }, {
    "shape" : "cf4e7100-8da1-45fa-abf5-b6d63ba3c413",
    "color" : "#FFFFFF",
    "position" : {
      "x" : 47.978714,
      "y" : -20.562305,
      "z" : -34.27051
    }
  }, {
    "shape" : "400d43b6-dc58-4468-8f0a-2bd39a11ca5f",
    "color" : "#12CD94",
    "position" : {
      "x" : 47.978714,
      "y" : 34.27051,
      "z" : -6.854102
    },
    "orientation" : 34
  }, {
    "shape" : "400d43b6-dc58-4468-8f0a-2bd39a11ca5f",
    "color" : "#12CD94",
    "position" : {
      "x" : -20.562305,
      "y" : 47.978714,
      "z" : -6.854102
    },
    "orientation" : 50
  }, {
    "shape" : "400d43b6-dc58-4468-8f0a-2bd39a11ca5f",
    "color" : "#12CD94",
    "position" : {
      "x" : 27.416409,
      "y" : 27.416409,
      "z" : 41.12461
    },
    "orientation" : 20
  }, {
    "shape" : "400d43b6-dc58-4468-8f0a-2bd39a11ca5f",
    "color" : "#12CD94",
    "position" : {
      "x" : -20.562305,
      "y" : -6.854102,
      "z" : -34.27051
    },
    "orientation" : 18
  }, {
    "shape" : "400d43b6-dc58-4468-8f0a-2bd39a11ca5f",
    "color" : "#12CD94",
    "position" : {
      "x" : -20.562305,
      "y" : 6.854102,
      "z" : 34.27051
    },
    "orientation" : 3
  }, {
    "shape" : "1e2ae18a-4930-4913-8e60-2f20c2c591c1",
    "color" : "#008D36",
    "position" : {
      "x" : -47.978714,
      "y" : 6.854102,
      "z" : -34.27051
    },
    "orientation" : 6
  }, {
    "shape" : "400d43b6-dc58-4468-8f0a-2bd39a11ca5f",
    "color" : "#12CD94",
    "position" : {
      "x" : -27.416409,
      "y" : 54.832817,
      "z" : 0.0
    },
    "orientation" : 3
  }, {
    "shape" : "400d43b6-dc58-4468-8f0a-2bd39a11ca5f",
    "color" : "#12CD94",
    "position" : {
      "x" : 13.708204,
      "y" : -27.416409,
      "z" : 0.0
    },
    "orientation" : 50
  }, {
    "shape" : "1e2ae18a-4930-4913-8e60-2f20c2c591c1",
    "color" : "#008D36",
    "position" : {
      "x" : -6.854102,
      "y" : -34.27051,
      "z" : 47.978714
    },
    "orientation" : 6
  }, {
    "shape" : "cf4e7100-8da1-45fa-abf5-b6d63ba3c413",
    "color" : "#FFFFFF",
    "position" : {
      "x" : -20.562305,
      "y" : -6.854102,
      "z" : -34.27051
    }
  }, {
    "shape" : "cf4e7100-8da1-45fa-abf5-b6d63ba3c413",
    "color" : "#FFFFFF",
    "position" : {
      "x" : -6.854102,
      "y" : -61.686916,
      "z" : -6.854102
    }
  }, {
    "shape" : "400d43b6-dc58-4468-8f0a-2bd39a11ca5f",
    "color" : "#12CD94",
    "position" : {
      "x" : -47.978714,
      "y" : -6.854102,
      "z" : 20.562305
    },
    "orientation" : 50
  }, {
    "shape" : "cf4e7100-8da1-45fa-abf5-b6d63ba3c413",
    "color" : "#FFFFFF",
    "position" : {
      "x" : 34.27051,
      "y" : 47.978714,
      "z" : 6.854102
    }
  }, {
    "shape" : "400d43b6-dc58-4468-8f0a-2bd39a11ca5f",
    "color" : "#12CD94",
    "position" : {
      "x" : 13.708204,
      "y" : -27.416409,
      "z" : 0.0
    },
    "orientation" : 3
  }, {
    "shape" : "400d43b6-dc58-4468-8f0a-2bd39a11ca5f",
    "color" : "#12CD94",
    "position" : {
      "x" : -54.832817,
      "y" : 0.0,
      "z" : -13.708204
    },
    "orientation" : 20
  }, {
    "shape" : "cf4e7100-8da1-45fa-abf5-b6d63ba3c413",
    "color" : "#FFFFFF",
    "position" : {
      "x" : 6.854102,
      "y" : 47.978714,
      "z" : 20.562305
    }
  }, {
    "shape" : "cf4e7100-8da1-45fa-abf5-b6d63ba3c413",
    "color" : "#FFFFFF",
    "position" : {
      "x" : -6.854102,
      "y" : -6.854102,
      "z" : 61.686916
    }
  }, {
    "shape" : "cf4e7100-8da1-45fa-abf5-b6d63ba3c413",
    "color" : "#FFFFFF",
    "position" : {
      "x" : 54.832817,
      "y" : 27.416409,
      "z" : -13.708204
    }
  }, {
    "shape" : "1e2ae18a-4930-4913-8e60-2f20c2c591c1",
    "color" : "#008D36",
    "position" : {
      "x" : 47.978714,
      "y" : -20.562305,
      "z" : -34.27051
    },
    "orientation" : 53
  }, {
    "shape" : "cf4e7100-8da1-45fa-abf5-b6d63ba3c413",
    "color" : "#FFFFFF",
    "position" : {
      "x" : 34.27051,
      "y" : 20.562305,
      "z" : -6.854102
    }
  }, {
    "shape" : "cf4e7100-8da1-45fa-abf5-b6d63ba3c413",
    "color" : "#FFFFFF",
    "position" : {
      "x" : -6.854102,
      "y" : 61.686916,
      "z" : -6.854102
    }
  }, {
    "shape" : "400d43b6-dc58-4468-8f0a-2bd39a11ca5f",
    "color" : "#12CD94",
    "position" : {
      "x" : 0.0,
      "y" : 27.416409,
      "z" : 54.832817
    },
    "orientation" : 3
  }, {
    "shape" : "cf4e7100-8da1-45fa-abf5-b6d63ba3c413",
    "color" : "#FFFFFF",
    "position" : {
      "x" : 13.708204,
      "y" : -54.832817,
      "z" : 27.416409
    }
  }, {
    "shape" : "1be4be6d-0b71-4807-8e29-447073eeb95f",
    "color" : "#F0A000",
    "position" : {
      "x" : 54.832817,
      "y" : 13.708204,
      "z" : 0.0
    },
    "orientation" : 24
  }, {
    "shape" : "1e2ae18a-4930-4913-8e60-2f20c2c591c1",
    "color" : "#008D36",
    "position" : {
      "x" : 20.562305,
      "y" : 34.27051,
      "z" : -34.27051
    },
    "orientation" : 53
  }, {
    "shape" : "1be4be6d-0b71-4807-8e29-447073eeb95f",
    "color" : "#F0A000",
    "position" : {
      "x" : -41.12461,
      "y" : -27.416409,
      "z" : 27.416409
    },
    "orientation" : 4
  }, {
