{
  "field" : "golden",
  "symmetry" : "icosahedral",
  "orientations" : [ [ 1.0, 0.0, 0.0, 0.0, 0.0, 1.0, 0.0, 0.0, 0.0, 0.0, 1.0, 0.0, 0.0, 0.0, 0.0, 1.0 ], [ 0.0, 0.0, 1.0, 0.0, 1.0, 0.0, 0.0, 0.0, 0.0, 1.0, 0.0, 0.0, 0.0, 0.0, 0.0, 1.0 ], [ 0.0, 1.0, 0.0, 0.0, 0.0, 0.0, 1.0, 0.0, 1.0, 0.0, 0.0, 0.0, 0.0, 0.0, 0.0, 1.0 ], [ 0.809017, 0.309017, 0.5, 0.0, 0.309017, 0.5, -0.809017, 0.0, -0.5, 0.809017, 0.309017, 0.0, 0.0, 0.0, 0.0, 1.0 ], [ -0.5, 0.809017, 0.309017, 0.0, 0.809017, 0.309017, 0.5, 0.0, 0.309017, 0.5, -0.809017, 0.0, 0.0, 0.0, 0.0, 1.0 ], [ 0.309017, 0.5, -0.809017, 0.0, -0.5, 0.809017, 0.309017, 0.0, 0.809017, 0.309017, 0.5, 0.0, 0.0, 0.0, 0.0, 1.0 ], [ 0.5, 0.809017, 0.309017, 0.0, 0.809017, -0.309017, -0.5, 0.0, -0.309017, 0.5, -0.809017, 0.0, 0.0, 0.0, 0.0, 1.0 ], [ -0.309017, 0.5, -0.809017, 0.0, 0.5, 0.809017, 0.309017, 0.0, 0.809017, -0.309017, -0.5, 0.0, 0.0, 0.0, 0.0, 1.0 ], [ 0.809017, -0.309017, -0.5, 0.0, -0.309017, 0.5, -0.809017, 0.0, 0.5, 0.809017, 0.309017, 0.0, 0.0, 0.0, 0.0, 1.0 ], [ 0.5, 0.809017, -0.309017, 0.0, 0.809017, -0.309017, 0.5, 0.0, 0.309017, -0.5, -0.809017, 0.0, 0.0, 0.0, 0.0, 1.0 ], [ 0.309017, -0.5, -0.809017, 0.0, 0.5, 0.809017, -0.309017, 0.0, 0.809017, -0.309017, 0.5, 0.0, 0.0, 0.0, 0.0, 1.0 ], [ 0.809017, -0.309017, 0.5, 0.0, 0.309017, -0.5, -0.809017, 0.0, 0.5, 0.809017, -0.309017, 0.0, 0.0, 0.0, 0.0, 1.0 ], [ 0.809017, 0.309017, -0.5, 0.0, 0.309017, 0.5, 0.809017, 0.0, 0.5, -0.809017, 0.309017, 0.0, 0.0, 0.0, 0.0, 1.0 ], [ 0.5, -0.809017, 0.309017, 0.0, 0.809017, 0.309017, -0.5, 0.0, 0.309017, 0.5, 0.809017, 0.0, 0.0, 0.0, 0.0, 1.0 ], [ 0.309017, 0.5, 0.809017, 0.0, 0.5, -0.809017, 0.309017, 0.0, 0.809017, 0.309017, -0.5, 0.0, 0.0, 0.0, 0.0, 1.0 ], [ 1.0, 0.0, 0.0, 0.0, 0.0, -1.0, 0.0, 0.0, 0.0, 0.0, -1.0, 0.0, 0.0, 0.0, 0.0, 1.0 ], [ 0.0, 0.0, 1.0, 0.0, -1.0, 0.0, 0.0, 0.0, 0.0, -1.0, 0.0, 0.0, 0.0, 0.0, 0.0, 1.0 ], [ 0.0, 1.0, 0.0, 0.0, 0.0, 0.0, -1.0, 0.0, -1.0, 0.0, 0.0, 0.0, 0.0, 0.0, 0.0, 1.0 ], [ 0.809017, 0.309017, 0.5, 0.0, -0.309017, -0.5, 0.809017, 0.0, 0.5, -0.809017, -0.309017, 0.0, 0.0, 0.0, 0.0, 1.0 ], [ -0.5, 0.809017, 0.309017, 0.0, -0.809017, -0.309017, -0.5, 0.0, -0.309017, -0.5, 0.809017, 0.0, 0.0, 0.0, 0.0, 1.0 ], [ 0.309017, 0.5, -0.809017, 0.0, 0.5, -0.809017, -0.309017, 0.0, -0.809017, -0.309017, -0.5, 0.0, 0.0, 0.0, 0.0, 1.0 ], [ 0.5, 0.809017, 0.309017, 0.0, -0.809017, 0.309017, 0.5, 0.0, 0.309017, -0.5, 0.809017, 0.0, 0.0, 0.0, 0.0, 1.0 ], [ -0.309017, 0.5, -0.809017, 0.0, -0.5, -0.809017, -0.309017, 0.0, -0.809017, 0.309017, 0.5, 0.0, 0.0, 0.0, 0.0, 1.0 ], [ 0.809017, -0.309017, -0.5, 0.0, 0.309017, -0.5, 0.809017, 0.0, -0.5, -0.809017, -0.309017, 0.0, 0.0, 0.0, 0.0, 1.0 ], [ 0.5, 0.809017, -0.309017, 0.0, -0.809017, 0.309017, -0.5, 0.0, -0.309017, 0.5, 0.809017, 0.0, 0.0, 0.0, 0.0, 1.0 ], [ 0.309017, -0.5, -0.809017, 0.0, -0.5, -0.809017, 0.309017, 0.0, -0.809017, 0.309017, -0.5, 0.0, 0.0, 0.0, 0.0, 1.0 ], [ 0.809017, -0.309017, 0.5, 0.0, -0.309017, 0.5, 0.809017, 0.0, -0.5, -0.809017, 0.309017, 0.0, 0.0, 0.0, 0.0, 1.0 ], [ 0.809017, 0.309017, -0.5, 0.0, -0.309017, -0.5, -0.809017, 0.0, -0.5, 0.809017, -0.309017, 0.0, 0.0, 0.0, 0.0, 1.0 ], [ 0.5, -0.809017, 0.309017, 0.0, -0.809017, -0.309017, 0.5, 0.0, -0.309017, -0.5, -0.809017, 0.0, 0.0, 0.0, 0.0, 1.0 ], [ 0.309017, 0.5, 0.809017, 0.0, -0.5, 0.809017, -0.309017, 0.0, -0.809017, -0.309017, 0.5, 0.0, 0.0, 0.0, 0.0, 1.0 ], [ -1.0, 0.0, 0.0, 0.0, 0.0, -1.0, 0.0, 0.0, 0.0, 0.0, 1.0, 0.0, 0.0, 0.0, 0.0, 1.0 ], [ 0.0, 0.0, -1.0, 0.0, -1.0, 0.0, 0.0, 0.0, 0.0, 1.0, 0.0, 0.0, 0.0, 0.0, 0.0, 1.0 ], [ 0.0, -1.0, 0.0, 0.0, 0.0, 0.0, -1.0, 0.0, 1.0, 0.0, 0.0, 0.0, 0.0, 0.0, 0.0, 1.0 ], [ -0.809017, -0.309017, -0.5, 0.0, -0.309017, -0.5, 0.809017, 0.0, -0.5, 0.809017, 0.309017, 0.0, 0.0, 0.0, 0.0, 1.0 ], [ 0.5, -0.809017, -0.309017, 0.0, -0.809017, -0.309017, -0.5, 0.0, 0.309017, 0.5, -0.809017, 0.0, 0.0, 0.0, 0.0, 1.0 ], [ -0.309017, -0.5, 0.809017, 0.0, 0.5, -0.809017, -0.309017, 0.0, 0.809017, 0.309017, 0.5, 0.0, 0.0, 0.0, 0.0, 1.0 ], [ -0.5, -0.809017, -0.309017, 0.0, -0.809017, 0.309017, 0.5, 0.0, -0.309017, 0.5, -0.809017, 0.0, 0.0, 0.0, 0.0, 1.0 ], [ 0.309017, -0.5, 0.809017, 0.0, -0.5, -0.809017, -0.309017, 0.0, 0.809017, -0.309017, -0.5, 0.0, 0.0, 0.0, 0.0, 1.0 ], [ -0.809017, 0.309017, 0.5, 0.0, 0.309017, -0.5, 0.809017, 0.0, 0.5, 0.809017, 0.309017, 0.0, 0.0, 0.0, 0.0, 1.0 ], [ -0.5, -0.809017, 0.309017, 0.0, -0.809017, 0.309017, -0.5, 0.0, 0.309017, -0.5, -0.809017, 0.0, 0.0, 0.0, 0.0, 1.0 ], [ -0.309017, 0.5, 0.809017, 0.0, -0.5, -0.809017, 0.309017, 0.0, 0.809017, -0.309017, 0.5, 0.0, 0.0, 0.0, 0.0, 1.0 ], [ -0.809017, 0.309017, -0.5, 0.0, -0.309017, 0.5, 0.809017, 0.0, 0.5, 0.809017, -0.309017, 0.0, 0.0, 0.0, 0.0, 1.0 ], [ -0.809017, -0.309017, 0.5, 0.0, -0.309017, -0.5, -0.809017, 0.0, 0.5, -0.809017, 0.309017, 0.0, 0.0, 0.0, 0.0, 1.0 ], [ -0.5, 0.809017, -0.309017, 0.0, -0.809017, -0.309017, 0.5, 0.0, 0.309017, 0.5, 0.809017, 0.0, 0.0, 0.0, 0.0, 1.0 ], [ -0.309017, -0.5, -0.809017, 0.0, -0.5, 0.809017, -0.309017, 0.0, 0.809017, 0.309017, -0.5, 0.0, 0.0, 0.0, 0.0, 1.0 ], [ -1.0, 0.0, 0.0, 0.0, 0.0, 1.0, 0.0, 0.0, 0.0, 0.0, -1.0, 0.0, 0.0, 0.0, 0.0, 1.0 ], [ 0.0, 0.0, -1.0, 0.0, 1.0, 0.0, 0.0, 0.0, 0.0, -1.0, 0.0, 0.0, 0.0, 0.0, 0.0, 1.0 ], [ 0.0, -1.0, 0.0, 0.0, 0.0, 0.0, 1.0, 0.0, -1.0, 0.0, 0.0, 0.0, 0.0, 0.0, 0.0, 1.0 ], [ -0.809017, -0.309017, -0.5, 0.0, 0.309017, 0.5, -0.809017, 0.0, 0.5, -0.809017, -0.309017, 0.0, 0.0, 0.0, 0.0, 1.0 ], [ 0.5, -0.809017, -0.309017, 0.0, 0.809017, 0.309017, 0.5, 0.0, -0.309017, -0.5, 0.809017, 0.0, 0.0, 0.0, 0.0, 1.0 ], [ -0.309017, -0.5, 0.809017, 0.0, -0.5, 0.809017, 0.309017, 0.0, -0.809017, -0.309017, -0.5, 0.0, 0.0, 0.0, 0.0, 1.0 ], [ -0.5, -0.809017, -0.309017, 0.0, 0.809017, -0.309017, -0.5, 0.0, 0.309017, -0.5, 0.809017, 0.0, 0.0, 0.0, 0.0, 1.0 ], [ 0.309017, -0.5, 0.809017, 0.0, 0.5, 0.809017, 0.309017, 0.0, -0.809017, 0.309017, 0.5, 0.0, 0.0, 0.0, 0.0, 1.0 ], [ -0.809017, 0.309017, 0.5, 0.0, -0.309017, 0.5, -0.809017, 0.0, -0.5, -0.809017, -0.309017, 0.0, 0.0, 0.0, 0.0, 1.0 ], [ -0.5, -0.809017, 0.309017, 0.0, 0.809017, -0.309017, 0.5, 0.0, -0.309017, 0.5, 0.809017, 0.0, 0.0, 0.0, 0.0, 1.0 ], [ -0.309017, 0.5, 0.809017, 0.0, 0.5, 0.809017, -0.309017, 0.0, -0.809017, 0.309017, -0.5, 0.0, 0.0, 0.0, 0.0, 1.0 ], [ -0.809017, 0.309017, -0.5, 0.0, 0.309017, -0.5, -0.809017, 0.0, -0.5, -0.809017, 0.309017, 0.0, 0.0, 0.0, 0.0, 1.0 ], [ -0.809017, -0.309017, 0.5, 0.0, 0.309017, 0.5, 0.809017, 0.0, -0.5, 0.809017, -0.309017, 0.0, 0.0, 0.0, 0.0, 1.0 ], [ -0.5, 0.809017, -0.309017, 0.0, 0.809017, 0.309017, -0.5, 0.0, -0.309017, -0.5, -0.809017, 0.0, 0.0, 0.0, 0.0, 1.0 ], [ -0.309017, -0.5, -0.809017, 0.0, 0.5, -0.809017, 0.309017, 0.0, -0.809017, -0.309017, 0.5, 0.0, 0.0, 0.0, 0.0, 1.0 ] ],
  "lights" : {
    "ambientColor" : "#292929",
    "backgroundColor" : "#AFC8DC",
    "directionalLights" : [ {
      "direction" : {
        "x" : 1.0,
        "y" : -1.0,
        "z" : -1.0
      },
      "color" : "#EBEBE4"
    }, {
      "direction" : {
        "x" : -1.0,
        "y" : 0.0,
        "z" : 0.0
      },
      "color" : "#E4E4EB"
    }, {
      "direction" : {
        "x" : 0.0,
        "y" : 0.0,
        "z" : -1.0
      },
      "color" : "#1E1E1E"
    } ]
  },
  "camera" : {
    "perspective" : true,
    "lookDirection" : {
      "x" : 0.9827256,
      "y" : 0.11692479,
      "z" : -0.14339791
    },
    "upDirection" : {
      "x" : 0.116496705,
      "y" : -0.9931211,
      "z" : -0.01139315
    },
    "lookAtPoint" : {
      "x" : 0.0,
      "y" : 0.0,
      "z" : 0.0
    },
    "viewDistance" : 135.48752,
    "nearClipDistance" : 0.3387187,
    "farClipDistance" : 270.9746,
    "fieldOfView" : 0.4426291,
    "stereo" : false,
    "width" : 60.969414,
    "position" : {
      "x" : -133.14705,
      "y" : -15.84185,
      "z" : 19.428627
    }
  },
  "embedding" : [ 1.0, 0.0, 0.0, 0.0, 0.0, 1.0, 0.0, 0.0, 0.0, 0.0, 1.0, 0.0, 0.0, 0.0, 0.0, 1.0 ],
  "shapes" : [ {
    "id" : "42e66cb6-1fd1-49d7-93a9-9bef2101a3e2",
    "vertices" : [ {
      "x" : 0.50532156,
      "y" : -0.2168144,
      "z" : -2.059017
    }, {
      "x" : 0.3713229,
      "y" : 0.0,
      "z" : -2.40983
    }, {
      "x" : 0.50532156,
      "y" : 0.2168144,
      "z" : -2.059017
    } ],
    "faces" : [ {
      "vertices" : [ 0, 1, 2 ]
    }, {
      "vertices" : [ 0, 2, 1 ]
    } ]
  }, {
    "id" : "35ef3bdc-a4bc-414e-9cab-fd96ea4de2a3",
    "vertices" : [ {
      "x" : 0.5854102,
      "y" : -0.19098301,
      "z" : -3.1708205
    }, {
      "x" : 0.38196602,
      "y" : -0.19098301,
      "z" : -3.5
    }, {
      "x" : 0.19098301,
      "y" : -0.11803399,
      "z" : -3.381966
    }, {
      "x" : 0.39442718,
      "y" : -0.11803399,
      "z" : -3.0527864
    } ],
    "faces" : [ {
      "vertices" : [ 0, 1, 2 ]
    }, {
      "vertices" : [ 0, 2, 3 ]
    }, {
      "vertices" : [ 0, 3, 2 ]
    }, {
      "vertices" : [ 0, 2, 1 ]
    } ]
  }, {
    "id" : "937eae22-284a-4aab-acaf-f5bada2a9e09",
    "vertices" : [ {
      "x" : 0.19098301,
      "y" : -0.6008131,
      "z" : -1.881966
    }, {
      "x" : -0.23606798,
      "y" : -0.66311896,
      "z" : -1.881966
    }, {
      "x" : -0.19098301,
      "y" : -0.6008131,
      "z" : -0.11803399
    } ],
    "faces" : [ {
      "vertices" : [ 0, 1, 2 ]
    }, {
      "vertices" : [ 0, 2, 1 ]
    } ]
  }, {
    "id" : "e67b6702-f963-4a80-ac4c-56287e60a55f",
    "vertices" : [ {
      "x" : 0.618034,
      "y" : 0.309017,
      "z" : -9.190983
    }, {
      "x" : 0.19098301,
      "y" : 0.309017,
      "z" : -9.881966
    }, {
      "x" : -0.23606798,
      "y" : 0.19098301,
      "z" : -9.881966
    }, {
      "x" : 0.309017,
      "y" : 0.19098301,
      "z" : -9.0
    } ],
    "faces" : [ {
      "vertices" : [ 0, 1, 2 ]
    }, {
      "vertices" : [ 0, 2, 3 ]
    }, {
      "vertices" : [ 0, 3, 2 ]
    }, {
      "vertices" : [ 0, 2, 1 ]
    } ]
  }, {
    "id" : "f12ff2ee-6019-4391-903d-fda8c34ecd41",
    "vertices" : [ {
      "x" : -0.05040653,
      "y" : -0.13728757,
      "z" : -2.440983
    }, {
      "x" : -0.05040653,
      "y" : 0.13728757,
      "z" : -2.440983
    }, {
      "x" : -0.16844052,
      "y" : 0.13728757,
      "z" : -2.631966
    }, {
      "x" : -0.16844052,
      "y" : -0.13728757,
      "z" : -2.631966
    } ],
    "faces" : [ {
      "vertices" : [ 0, 1, 2 ]
    }, {
      "vertices" : [ 0, 2, 3 ]
    }, {
      "vertices" : [ 0, 3, 2 ]
    }, {
      "vertices" : [ 0, 2, 1 ]
    } ]
  }, {
    "id" : "ec18d0c2-2457-40f2-a7f3-990417c37640",
    "vertices" : [ {
      "x" : 0.059016995,
      "y" : 0.0,
      "z" : -0.4045085
    }, {
      "x" : 0.23606798,
      "y" : -0.19098301,
      "z" : -0.11803399
    }, {
      "x" : -0.309017,
      "y" : -0.19098301,
      "z" : -1.0
    }, {
      "x" : -0.309017,
      "y" : 0.19098301,
      "z" : -1.0
    } ],
    "faces" : [ {
      "vertices" : [ 0, 1, 2 ]
    }, {
      "vertices" : [ 0, 2, 3 ]
    }, {
      "vertices" : [ 0, 3, 2 ]
    }, {
      "vertices" : [ 0, 2, 1 ]
    } ]
  }, {
    "id" : "b471a870-b498-4872-828e-6c0ef65a61a3",
    "vertices" : [ {
      "x" : -0.23606798,
      "y" : -0.19098301,
      "z" : 0.11803399
    }, {
      "x" : 0.309017,
      "y" : -0.19098301,
      "z" : 1.0
    }, {
      "x" : 0.309017,
      "y" : 0.19098301,
      "z" : 1.0
    }, {
      "x" : -0.059016995,
      "y" : 0.0,
      "z" : 0.4045085
    } ],
    "faces" : [ {
      "vertices" : [ 0, 1, 2 ]
    }, {
      "vertices" : [ 0, 2, 3 ]
    }, {
      "vertices" : [ 0, 3, 2 ]
    }, {
      "vertices" : [ 0, 2, 1 ]
    } ]
  }, {
    "id" : "bb742b3e-7a48-4902-ba19-0dc3a81c2fd1",
    "vertices" : [ {
      "x" : 0.19098301,
      "y" : 0.8926091,
      "z" : -9.881966
    }, {
      "x" : 0.19098301,
      "y" : 0.6008131,
      "z" : -9.881966
    }, {
      "x" : 0.23606798,
      "y" : 0.66311896,
      "z" : -10.118034
    }, {
      "x" : 0.23606798,
      "y" : 0.95491505,
      "z" : -10.118034
    } ],
    "faces" : [ {
      "vertices" : [ 0, 1, 2 ]
    }, {
      "vertices" : [ 0, 2, 3 ]
    }, {
      "vertices" : [ 0, 3, 2 ]
    }, {
      "vertices" : [ 0, 2, 1 ]
    } ]
  }, {
    "id" : "a7fd6b44-ad26-4f5c-849c-efdafee8378b",
    "vertices" : [ {
      "x" : -0.7034442,
      "y" : 0.0,
      "z" : -6.7562304
    }, {
      "x" : -0.809017,
      "y" : 0.0,
      "z" : -6.690983
    }, {
      "x" : -0.618034,
      "y" : 0.309017,
      "z" : -6.809017
    }, {
      "x" : -0.5854102,
      "y" : 0.19098301,
      "z" : -6.82918
    } ],
    "faces" : [ {
      "vertices" : [ 0, 1, 2 ]
    }, {
      "vertices" : [ 0, 2, 3 ]
    }, {
      "vertices" : [ 0, 3, 2 ]
    }, {
      "vertices" : [ 0, 2, 1 ]
    } ]
  }, {
    "id" : "ad7b1ebe-0b4e-4019-bbd5-c418ab5a8a6e",
    "vertices" : [ {
      "x" : 0.19098301,
      "y" : 0.6008131,
      "z" : -1.881966
    }, {
      "x" : -0.23606798,
      "y" : 0.66311896,
      "z" : -1.881966
    }, {
      "x" : -0.23606798,
      "y" : 0.19098301,
      "z" : -1.881966
    }, {
      "x" : 0.19098301,
      "y" : 0.309017,
      "z" : -1.881966
    } ],
    "faces" : [ {
      "vertices" : [ 0, 1, 2 ]
    }, {
      "vertices" : [ 0, 2, 3 ]
    }, {
      "vertices" : [ 0, 3, 2 ]
    }, {
      "vertices" : [ 0, 2, 1 ]
    } ]
  }, {
    "id" : "ec68e3ac-d202-474e-a2d6-a9709246b7d5",
    "vertices" : [ {
      "x" : -0.5854102,
      "y" : 0.19098301,
      "z" : -8.82918
    }, {
      "x" : -0.618034,
      "y" : 0.309017,
      "z" : -8.809017
    }, {
      "x" : -0.309017,
      "y" : 0.19098301,
      "z" : -9.0
    }, {
      "x" : -0.39442718,
      "y" : 0.11803399,
      "z" : -8.947213
    } ],
    "faces" : [ {
      "vertices" : [ 0, 1, 2 ]
    }, {
      "vertices" : [ 0, 2, 3 ]
    }, {
      "vertices" : [ 0, 3, 2 ]
    }, {
      "vertices" : [ 0, 2, 1 ]
    } ]
  }, {
    "id" : "7cb0a93a-5e2e-448b-9a9e-4773f34a2ac2",
    "vertices" : [ {
      "x" : 0.4045085,
      "y" : 0.0,
      "z" : -5.9635253
    }, {
      "x" : 1.0,
      "y" : 0.309017,
      "z" : -6.190983
    }, {
      "x" : 0.19098301,
      "y" : 0.309017,
      "z" : -5.881966
    } ],
    "faces" : [ {
      "vertices" : [ 0, 1, 2 ]
    }, {
      "vertices" : [ 0, 2, 1 ]
    } ]
  }, {
    "id" : "4eb9013c-e849-4926-9e8c-cd471f9b3e54",
    "vertices" : [ {
      "x" : -0.19098301,
      "y" : -0.11803399,
      "z" : -2.618034
    }, {
      "x" : -0.16844052,
      "y" : -0.13728757,
      "z" : -2.631966
    }, {
      "x" : -0.16844052,
      "y" : 0.13728757,
      "z" : -2.631966
    }, {
      "x" : -0.19098301,
      "y" : 0.11803399,
      "z" : -2.618034
    } ],
    "faces" : [ {
      "vertices" : [ 0, 1, 2 ]
    }, {
      "vertices" : [ 0, 2, 3 ]
    }, {
      "vertices" : [ 0, 3, 2 ]
    }, {
      "vertices" : [ 0, 2, 1 ]
    } ]
  }, {
    "id" : "e01291cb-2899-4f67-98af-4b56ab358f37",
    "vertices" : [ {
      "x" : 0.05040653,
      "y" : 0.13728757,
      "z" : -1.559017
    }, {
      "x" : 0.27254248,
      "y" : 0.22213596,
      "z" : -1.6963046
    }, {
      "x" : 0.39057648,
      "y" : 0.22213596,
      "z" : -1.5053215
    }, {
      "x" : 0.16844052,
      "y" : 0.13728757,
      "z" : -1.368034
    } ],
    "faces" : [ {
      "vertices" : [ 0, 1, 2 ]
    }, {
      "vertices" : [ 0, 2, 3 ]
    }, {
      "vertices" : [ 0, 3, 2 ]
    }, {
      "vertices" : [ 0, 2, 1 ]
    } ]
  }, {
    "id" : "b4944c25-e881-4d7a-b9e5-1848cf5c6663",
    "vertices" : [ {
      "x" : -0.39442718,
      "y" : -0.11803399,
      "z" : -4.9472136
    }, {
      "x" : -0.309017,
      "y" : -0.19098301,
      "z" : -5.0
    }, {
      "x" : -0.618034,
      "y" : -0.309017,
      "z" : -4.809017
    }, {
      "x" : -0.5854102,
      "y" : -0.19098301,
      "z" : -4.82918
    } ],
    "faces" : [ {
      "vertices" : [ 0, 1, 2 ]
    }, {
      "vertices" : [ 0, 2, 3 ]
    }, {
      "vertices" : [ 0, 3, 2 ]
    }, {
      "vertices" : [ 0, 2, 1 ]
    } ]
  }, {
    "id" : "7640dc2a-6abd-4c9c-af1e-fcd63efb4132",
    "vertices" : [ {
      "x" : -0.059016995,
      "y" : 0.0,
      "z" : -3.5954914
    }, {
      "x" : 0.309017,
      "y" : 0.19098301,
      "z" : -3.0
    }, {
      "x" : -0.23606798,
      "y" : 0.19098301,
      "z" : -3.881966
    } ],
    "faces" : [ {
      "vertices" : [ 0, 1, 2 ]
    }, {
      "vertices" : [ 0, 2, 1 ]
    } ]
  }, {
    "id" : "85b09de6-463e-4f83-aa30-9c625d99de8c",
    "vertices" : [ {
      "x" : 0.7034442,
      "y" : 0.0,
      "z" : -5.2437696
    }, {
      "x" : 0.5,
      "y" : 0.0,
      "z" : -5.572949
    }, {
      "x" : 0.38196602,
      "y" : -0.19098301,
      "z" : -5.5
    }, {
      "x" : 0.5854102,
      "y" : -0.19098301,
      "z" : -5.17082
    } ],
    "faces" : [ {
      "vertices" : [ 0, 1, 2 ]
    }, {
      "vertices" : [ 0, 2, 3 ]
    }, {
      "vertices" : [ 0, 3, 2 ]
    }, {
      "vertices" : [ 0, 2, 1 ]
    } ]
  }, {
    "id" : "d1bff779-5512-4c9c-a27d-c217e8f1cc90",
    "vertices" : [ {
      "x" : 0.059016995,
      "y" : 0.0,
      "z" : -6.4045086
    }, {
      "x" : 0.23606798,
      "y" : -0.19098301,
      "z" : -6.118034
    }, {
      "x" : -0.309017,
      "y" : -0.19098301,
      "z" : -7.0
    }, {
      "x" : -0.309017,
      "y" : 0.19098301,
      "z" : -7.0
    } ],
    "faces" : [ {
      "vertices" : [ 0, 1, 2 ]
    }, {
      "vertices" : [ 0, 2, 3 ]
    }, {
      "vertices" : [ 0, 3, 2 ]
    }, {
      "vertices" : [ 0, 2, 1 ]
    } ]
  }, {
    "id" : "9f4e1138-87e3-4fe1-b835-83aa889075fa",
    "vertices" : [ {
      "x" : 0.19098301,
      "y" : -0.309017,
      "z" : 0.11803399
    }, {
      "x" : -0.23606798,
      "y" : -0.19098301,
      "z" : 0.11803399
    }, {
      "x" : -0.23606798,
      "y" : -0.66311896,
      "z" : 0.11803399
    }, {
      "x" : 0.19098301,
      "y" : -0.6008131,
      "z" : 0.11803399
    } ],
    "faces" : [ {
      "vertices" : [ 0, 1, 2 ]
    }, {
      "vertices" : [ 0, 2, 3 ]
    }, {
      "vertices" : [ 0, 3, 2 ]
    }, {
      "vertices" : [ 0, 2, 1 ]
    } ]
  }, {
    "id" : "6971bbfb-5175-4479-b461-43282aaaa5e4",
    "vertices" : [ {
      "x" : 0.39442718,
      "y" : 0.11803399,
      "z" : 0.9472136
    }, {
      "x" : 0.19098301,
      "y" : 0.11803399,
      "z" : 0.618034
    }, {
      "x" : 0.38196602,
      "y" : 0.19098301,
      "z" : 0.5
    }, {
      "x" : 0.5854102,
      "y" : 0.19098301,
      "z" : 0.8291796
    } ],
    "faces" : [ {
      "vertices" : [ 0, 1, 2 ]
    }, {
      "vertices" : [ 0, 2, 3 ]
    }, {
      "vertices" : [ 0, 3, 2 ]
    }, {
      "vertices" : [ 0, 2, 1 ]
    } ]
  }, {
    "id" : "d2303fba-0ce4-4358-abb0-7f627d5344ef",
    "vertices" : [ {
      "x" : 0.38196602,
      "y" : -0.19098301,
      "z" : -3.5
    }, {
      "x" : 0.39057648,
      "y" : -0.22213596,
      "z" : -3.5053215
    }, {
      "x" : 0.16844052,
      "y" : -0.13728757,
      "z" : -3.368034
    }, {
      "x" : 0.19098301,
      "y" : -0.11803399,
      "z" : -3.381966
    } ],
    "faces" : [ {
      "vertices" : [ 0, 1, 2 ]
    }, {
      "vertices" : [ 0, 2, 3 ]
    }, {
      "vertices" : [ 0, 3, 2 ]
    }, {
      "vertices" : [ 0, 2, 1 ]
    } ]
  }, {
    "id" : "ec3afb36-b952-4503-a155-fa5117289998",
    "vertices" : [ {
      "x" : -0.19098301,
      "y" : 0.8926091,
      "z" : -8.118034
    }, {
      "x" : 0.19098301,
      "y" : 0.8926091,
      "z" : -9.881966
    }, {
      "x" : -0.23606798,
      "y" : 0.95491505,
      "z" : -9.881966
    } ],
    "faces" : [ {
      "vertices" : [ 0, 1, 2 ]
    }, {
      "vertices" : [ 0, 2, 1 ]
    } ]
  }, {
    "id" : "7ae36731-2a5b-4234-a522-dd3e7939efb3",
    "vertices" : [ {
      "x" : 0.5,
      "y" : 0.0,
      "z" : -9.572949
    }, {
      "x" : 0.52786404,
      "y" : 0.0,
      "z" : -9.59017
    }, {
      "x" : 0.39057648,
      "y" : -0.22213596,
      "z" : -9.5053215
    }, {
      "x" : 0.38196602,
      "y" : -0.19098301,
      "z" : -9.5
    } ],
    "faces" : [ {
      "vertices" : [ 0, 1, 2 ]
    }, {
      "vertices" : [ 0, 2, 3 ]
    }, {
      "vertices" : [ 0, 3, 2 ]
    }, {
      "vertices" : [ 0, 2, 1 ]
    } ]
  }, {
    "id" : "360b6689-fbcf-425b-aecf-e4299a92e770",
    "vertices" : [ {
      "x" : 0.9756837,
      "y" : -0.19098301,
      "z" : -2.254644
    }, {
      "x" : 1.0,
      "y" : -0.309017,
      "z" : -2.190983
    }, {
      "x" : 0.809017,
      "y" : 0.0,
      "z" : -2.690983
    }, {
      "x" : 0.8576497,
      "y" : 0.0,
      "z" : -2.563661
    } ],
    "faces" : [ {
      "vertices" : [ 0, 1, 2 ]
    }, {
      "vertices" : [ 0, 2, 3 ]
    }, {
      "vertices" : [ 0, 3, 2 ]
    }, {
      "vertices" : [ 0, 2, 1 ]
    } ]
  }, {
    "id" : "086af572-1f8f-4f5b-b3a8-ade80cf8b5cc",
    "vertices" : [ {
      "x" : -0.23606798,
      "y" : 0.19098301,
      "z" : -1.881966
    }, {
      "x" : -0.19098301,
      "y" : 0.309017,
      "z" : -2.118034
    }, {
      "x" : -1.0,
      "y" : 0.309017,
      "z" : -1.809017
    } ],
    "faces" : [ {
      "vertices" : [ 0, 1, 2 ]
    }, {
      "vertices" : [ 0, 2, 1 ]
    } ]
  }, {
    "id" : "d879ea07-864e-49c0-9f8f-12fd452d7bbb",
    "vertices" : [ {
      "x" : -0.618034,
      "y" : -0.309017,
      "z" : -2.809017
    }, {
      "x" : -0.19098301,
      "y" : -0.309017,
      "z" : -2.118034
    }, {
      "x" : -0.4045085,
      "y" : 0.0,
      "z" : -2.0364745
    }, {
      "x" : -0.809017,
      "y" : 0.0,
      "z" : -2.690983
    } ],
    "faces" : [ {
      "vertices" : [ 0, 1, 2 ]
    }, {
      "vertices" : [ 0, 2, 3 ]
    }, {
      "vertices" : [ 0, 3, 2 ]
    }, {
      "vertices" : [ 0, 2, 1 ]
    } ]
  }, {
    "id" : "d202d2a0-fae8-4144-8ddc-7d9857b7f009",
    "vertices" : [ {
      "x" : 0.48935688,
      "y" : 0.0,
      "z" : -4.454915
    }, {
      "x" : 0.3713229,
      "y" : 0.0,
      "z" : -4.40983
    }, {
      "x" : 0.50532156,
      "y" : -0.2168144,
      "z" : -4.059017
    }, {
      "x" : 0.62335557,
      "y" : -0.2168144,
      "z" : -4.104102
    } ],
    "faces" : [ {
      "vertices" : [ 0, 1, 2 ]
    }, {
      "vertices" : [ 0, 2, 3 ]
    }, {
      "vertices" : [ 0, 3, 2 ]
    }, {
      "vertices" : [ 0, 2, 1 ]
    } ]
  }, {
    "id" : "e90e7cd7-4df1-4347-9891-049f7fc46c01",
    "vertices" : [ {
      "x" : -0.27254248,
      "y" : 0.22213596,
      "z" : -4.303695
    }, {
      "x" : -0.05040653,
      "y" : 0.13728757,
      "z" : -4.440983
    }, {
      "x" : -0.05040653,
      "y" : -0.13728757,
      "z" : -4.440983
    }, {
      "x" : -0.27254248,
      "y" : -0.22213596,
      "z" : -4.303695
    }, {
      "x" : -0.40983006,
      "y" : 0.0,
      "z" : -4.2188473
    } ],
    "faces" : [ {
      "vertices" : [ 0, 1, 2 ]
    }, {
      "vertices" : [ 0, 2, 3 ]
    }, {
      "vertices" : [ 0, 3, 4 ]
    }, {
      "vertices" : [ 0, 4, 3 ]
    }, {
      "vertices" : [ 0, 3, 2 ]
    }, {
      "vertices" : [ 0, 2, 1 ]
    } ]
  }, {
    "id" : "2d6227fa-6b2c-43ea-930f-9482c158bf1e",
    "vertices" : [ {
      "x" : -0.40983006,
      "y" : 0.0,
      "z" : -2.218847
    }, {
      "x" : -0.27254248,
      "y" : -0.22213596,
      "z" : -2.3036954
    }, {
      "x" : -0.39057648,
      "y" : -0.22213596,
      "z" : -2.4946785
    }, {
      "x" : -0.52786404,
      "y" : 0.0,
      "z" : -2.40983
    } ],
    "faces" : [ {
      "vertices" : [ 0, 1, 2 ]
    }, {
      "vertices" : [ 0, 2, 3 ]
    }, {
      "vertices" : [ 0, 3, 2 ]
    }, {
      "vertices" : [ 0, 2, 1 ]
    } ]
  }, {
    "id" : "2c06e3d9-66f5-45e4-b64f-f08ff9daf066",
    "vertices" : [ {
      "x" : 0.39442718,
      "y" : 0.11803399,
      "z" : -3.0527864
    }, {
      "x" : 0.309017,
      "y" : 0.19098301,
      "z" : -3.0
    }, {
      "x" : 0.309017,
      "y" : -0.19098301,
      "z" : -3.0
    }, {
      "x" : 0.39442718,
      "y" : -0.11803399,
      "z" : -3.0527864
    } ],
    "faces" : [ {
      "vertices" : [ 0, 1, 2 ]
    }, {
      "vertices" : [ 0, 2, 3 ]
    }, {
      "vertices" : [ 0, 3, 2 ]
    }, {
      "vertices" : [ 0, 2, 1 ]
    } ]
  }, {
    "id" : "184f0dd7-f5b6-4356-a2b6-b40116283b3b",
    "vertices" : [ {
      "x" : -0.5,
      "y" : 0.0,
      "z" : -9.572949
    }, {
      "x" : -0.48935688,
      "y" : 0.0,
      "z" : -9.545085
    }, {
      "x" : -0.62335557,
      "y" : -0.2168144,
      "z" : -9.895898
    }, {
      "x" : -0.618034,
      "y" : -0.19098301,
      "z" : -9.881966
    } ],
    "faces" : [ {
      "vertices" : [ 0, 1, 2 ]
    }, {
      "vertices" : [ 0, 2, 3 ]
    }, {
      "vertices" : [ 0, 3, 2 ]
    }, {
      "vertices" : [ 0, 2, 1 ]
    } ]
  }, {
    "id" : "2b1058b1-6812-4bae-9a35-e53f7d5ef725",
    "vertices" : [ {
      "x" : 0.62335557,
      "y" : -0.2168144,
      "z" : -6.104102
    }, {
      "x" : 0.50532156,
      "y" : -0.2168144,
      "z" : -6.059017
    }, {
      "x" : 0.50532156,
      "y" : 0.2168144,
      "z" : -6.059017
    }, {
      "x" : 0.62335557,
      "y" : 0.2168144,
      "z" : -6.104102
    } ],
    "faces" : [ {
      "vertices" : [ 0, 1, 2 ]
    }, {
      "vertices" : [ 0, 2, 3 ]
    }, {
      "vertices" : [ 0, 3, 2 ]
    }, {
      "vertices" : [ 0, 2, 1 ]
    } ]
  }, {
    "id" : "4c0acc4e-77dd-4c6b-9de5-cf14b9e3ce27",
    "vertices" : [ {
      "x" : -0.5,
      "y" : 0.0,
      "z" : -1.572949
    }, {
      "x" : -0.48935688,
      "y" : 0.0,
      "z" : -1.545085
    }, {
      "x" : -0.62335557,
      "y" : -0.2168144,
      "z" : -1.895898
    }, {
      "x" : -0.618034,
      "y" : -0.19098301,
      "z" : -1.881966
    } ],
    "faces" : [ {
      "vertices" : [ 0, 1, 2 ]
    }, {
      "vertices" : [ 0, 2, 3 ]
    }, {
      "vertices" : [ 0, 3, 2 ]
    }, {
      "vertices" : [ 0, 2, 1 ]
    } ]
  }, {
    "id" : "d1c04a62-9109-4ec8-9611-912d287a69ed",
    "vertices" : [ {
      "x" : -0.059016995,
      "y" : 0.0,
      "z" : -5.5954914
    }, {
      "x" : 0.309017,
      "y" : 0.19098301,
      "z" : -5.0
    }, {
      "x" : -0.23606798,
      "y" : 0.19098301,
      "z" : -5.881966
    } ],
    "faces" : [ {
      "vertices" : [ 0, 1, 2 ]
    }, {
      "vertices" : [ 0, 2, 1 ]
    } ]
  }, {
    "id" : "773397f0-1c9a-4f78-a572-8dd71bfc73f8",
    "vertices" : [ {
      "x" : -0.8576497,
      "y" : 0.0,
      "z" : -1.436339
    }, {
      "x" : -0.809017,
      "y" : 0.0,
      "z" : -1.309017
    }, {
      "x" : -1.0,
      "y" : 0.309017,
      "z" : -1.809017
    }, {
      "x" : -0.9756837,
      "y" : 0.19098301,
      "z" : -1.745356
    } ],
    "faces" : [ {
      "vertices" : [ 0, 1, 2 ]
    }, {
      "vertices" : [ 0, 2, 3 ]
    }, {
      "vertices" : [ 0, 3, 2 ]
    }, {
      "vertices" : [ 0, 2, 1 ]
    } ]
  }, {
    "id" : "822ad07a-9a94-4608-9e74-2fc496f97773",
    "vertices" : [ {
      "x" : 0.23606798,
      "y" : 0.95491505,
      "z" : -10.118034
    }, {
      "x" : -0.23606798,
      "y" : 0.95491505,
      "z" : -9.881966
    }, {
      "x" : 0.19098301,
      "y" : 0.8926091,
      "z" : -9.881966
    } ],
    "faces" : [ {
      "vertices" : [ 0, 1, 2 ]
    }, {
      "vertices" : [ 0, 2, 1 ]
    } ]
  }, {
    "id" : "9b20401b-8901-4b4b-b88b-edafe05b6ce5",
    "vertices" : [ {
      "x" : 0.7034442,
      "y" : 0.0,
      "z" : -1.2437694
    }, {
      "x" : 0.5,
      "y" : 0.0,
      "z" : -1.572949
    }, {
      "x" : 0.38196602,
      "y" : -0.19098301,
      "z" : -1.5
    }, {
      "x" : 0.5854102,
      "y" : -0.19098301,
      "z" : -1.1708204
    } ],
    "faces" : [ {
      "vertices" : [ 0, 1, 2 ]
    }, {
      "vertices" : [ 0, 2, 3 ]
    }, {
      "vertices" : [ 0, 3, 2 ]
    }, {
      "vertices" : [ 0, 2, 1 ]
    } ]
  }, {
    "id" : "1f36c65b-a5f1-4850-a2d4-ea072269a4d2",
    "vertices" : [ {
      "x" : 0.27254248,
      "y" : 0.22213596,
      "z" : -1.6963046
    }, {
      "x" : 0.05040653,
      "y" : 0.13728757,
      "z" : -1.559017
    }, {
      "x" : 0.05040653,
      "y" : -0.13728757,
      "z" : -1.559017
    }, {
      "x" : 0.27254248,
      "y" : -0.22213596,
      "z" : -1.6963046
    }, {
      "x" : 0.40983006,
      "y" : 0.0,
      "z" : -1.781153
    } ],
    "faces" : [ {
      "vertices" : [ 0, 1, 2 ]
    }, {
      "vertices" : [ 0, 2, 3 ]
    }, {
      "vertices" : [ 0, 3, 4 ]
    }, {
      "vertices" : [ 0, 4, 3 ]
    }, {
      "vertices" : [ 0, 3, 2 ]
    }, {
      "vertices" : [ 0, 2, 1 ]
    } ]
  }, {
    "id" : "52f263e0-6ade-48c5-b85b-8c40cc08e70d",
    "vertices" : [ {
      "x" : -0.5,
      "y" : 0.0,
      "z" : -7.572949
    }, {
      "x" : -0.618034,
      "y" : -0.19098301,
      "z" : -7.881966
    }, {
      "x" : -0.9756837,
      "y" : -0.19098301,
      "z" : -7.745356
    }, {
      "x" : -0.8576497,
      "y" : 0.0,
      "z" : -7.436339
    } ],
    "faces" : [ {
      "vertices" : [ 0, 1, 2 ]
    }, {
      "vertices" : [ 0, 2, 3 ]
    }, {
      "vertices" : [ 0, 3, 2 ]
    }, {
      "vertices" : [ 0, 2, 1 ]
    } ]
  }, {
    "id" : "fd18509b-17fc-46ef-8aae-cc0faae0d3f7",
    "vertices" : [ {
      "x" : 0.7034442,
      "y" : 0.0,
      "z" : 0.7562306
    }, {
      "x" : 0.809017,
      "y" : 0.0,
      "z" : 0.690983
    }, {
      "x" : 0.618034,
      "y" : 0.309017,
      "z" : 0.809017
    }, {
      "x" : 0.5854102,
      "y" : 0.19098301,
      "z" : 0.8291796
    } ],
    "faces" : [ {
      "vertices" : [ 0, 1, 2 ]
    }, {
      "vertices" : [ 0, 2, 3 ]
    }, {
      "vertices" : [ 0, 3, 2 ]
    }, {
      "vertices" : [ 0, 2, 1 ]
    } ]
  }, {
    "id" : "3ca4a86a-9506-4aba-9531-8866ef9a9acd",
    "vertices" : [ {
      "x" : -0.23606798,
      "y" : 0.95491505,
      "z" : -3.881966
    }, {
      "x" : 0.23606798,
      "y" : 0.95491505,
      "z" : -4.118034
    }, {
      "x" : -0.19098301,
      "y" : 0.8926091,
      "z" : -4.118034
    } ],
    "faces" : [ {
      "vertices" : [ 0, 1, 2 ]
    }, {
      "vertices" : [ 0, 2, 1 ]
    } ]
  }, {
    "id" : "a4a54de2-4b2b-44a8-aeaa-5ba1af9bcd6f",
    "vertices" : [ {
      "x" : 0.9756837,
      "y" : -0.19098301,
      "z" : -0.254644
    }, {
      "x" : 1.0,
      "y" : -0.309017,
      "z" : -0.19098301
    }, {
      "x" : 0.809017,
      "y" : 0.0,
      "z" : -0.690983
    }, {
      "x" : 0.8576497,
      "y" : 0.0,
      "z" : -0.563661
    } ],
    "faces" : [ {
      "vertices" : [ 0, 1, 2 ]
    }, {
      "vertices" : [ 0, 2, 3 ]
    }, {
      "vertices" : [ 0, 3, 2 ]
    }, {
      "vertices" : [ 0, 2, 1 ]
    } ]
  }, {
    "id" : "57076a33-d5ec-4ac5-8cf7-9ae9fcd7de7b",
    "vertices" : [ {
      "x" : -0.23606798,
      "y" : -0.19098301,
      "z" : -7.881966
    }, {
      "x" : -0.19098301,
      "y" : -0.309017,
      "z" : -8.118034
    }, {
      "x" : -0.19098301,
      "y" : -0.6008131,
      "z" : -8.118034
    }, {
      "x" : -0.23606798,
      "y" : -0.66311896,
      "z" : -7.881966
    } ],
    "faces" : [ {
      "vertices" : [ 0, 1, 2 ]
    }, {
      "vertices" : [ 0, 2, 3 ]
    }, {
      "vertices" : [ 0, 3, 2 ]
    }, {
      "vertices" : [ 0, 2, 1 ]
    } ]
  }, {
    "id" : "0475c253-0c4a-44c3-82ac-e55c3d8c1864",
    "vertices" : [ {
      "x" : 0.19098301,
      "y" : 0.8926091,
      "z" : -3.881966
    }, {
      "x" : 0.19098301,
      "y" : 0.6008131,
      "z" : -3.881966
    }, {
      "x" : 0.23606798,
      "y" : 0.66311896,
      "z" : -4.118034
    }, {
      "x" : 0.23606798,
      "y" : 0.95491505,
      "z" : -4.118034
    } ],
    "faces" : [ {
      "vertices" : [ 0, 1, 2 ]
    }, {
      "vertices" : [ 0, 2, 3 ]
    }, {
      "vertices" : [ 0, 3, 2 ]
    }, {
      "vertices" : [ 0, 2, 1 ]
    } ]
  }, {
    "id" : "16afff92-4c81-4a95-b463-a392a9623fa7",
    "vertices" : [ {
      "x" : -0.50532156,
      "y" : -0.2168144,
      "z" : -5.940983
    }, {
      "x" : -0.3713229,
      "y" : 0.0,
      "z" : -5.59017
    }, {
      "x" : -0.50532156,
      "y" : 0.2168144,
      "z" : -5.940983
    } ],
    "faces" : [ {
      "vertices" : [ 0, 1, 2 ]
    }, {
      "vertices" : [ 0, 2, 1 ]
    } ]
  }, {
    "id" : "487c2567-6e4d-42fb-a463-284cc6c08645",
    "vertices" : [ {
      "x" : -0.05040653,
      "y" : -0.13728757,
      "z" : -0.440983
    }, {
      "x" : -0.05040653,
      "y" : 0.13728757,
      "z" : -0.440983
    }, {
      "x" : -0.16844052,
      "y" : 0.13728757,
      "z" : -0.631966
    }, {
      "x" : -0.16844052,
      "y" : -0.13728757,
      "z" : -0.631966
    } ],
    "faces" : [ {
      "vertices" : [ 0, 1, 2 ]
    }, {
      "vertices" : [ 0, 2, 3 ]
    }, {
      "vertices" : [ 0, 3, 2 ]
    }, {
      "vertices" : [ 0, 2, 1 ]
    } ]
  }, {
    "id" : "5efb86ab-9382-4749-828f-5570b36515d2",
    "vertices" : [ {
      "x" : 0.4045085,
      "y" : 0.0,
      "z" : -3.9635255
    }, {
      "x" : 1.0,
      "y" : 0.309017,
      "z" : -4.190983
    }, {
      "x" : 0.19098301,
      "y" : 0.309017,
      "z" : -3.881966
    } ],
    "faces" : [ {
      "vertices" : [ 0, 1, 2 ]
    }, {
      "vertices" : [ 0, 2, 1 ]
    } ]
  }, {
    "id" : "0f69d6cc-0389-4b6e-b3b4-a400cad30ad7",
    "vertices" : [ {
      "x" : 0.618034,
      "y" : 0.19098301,
      "z" : -8.118034
    }, {
      "x" : 0.5,
      "y" : 0.0,
      "z" : -8.427051
    }, {
      "x" : 0.8576497,
      "y" : 0.0,
      "z" : -8.563661
    }, {
      "x" : 0.9756837,
      "y" : 0.19098301,
      "z" : -8.254644
    } ],
    "faces" : [ {
      "vertices" : [ 0, 1, 2 ]
    }, {
      "vertices" : [ 0, 2, 3 ]
    }, {
      "vertices" : [ 0, 3, 2 ]
    }, {
      "vertices" : [ 0, 2, 1 ]
    } ]
  }, {
    "id" : "e2f8b7a1-855e-4848-94d0-10d867722a17",
    "vertices" : [ {
      "x" : 0.059016995,
      "y" : 0.0,
      "z" : -2.4045086
    }, {
      "x" : 0.23606798,
      "y" : 0.19098301,
      "z" : -2.118034
    }, {
      "x" : 1.0,
      "y" : 0.309017,
      "z" : -2.190983
    }, {
      "x" : 0.809017,
      "y" : 0.0,
      "z" : -2.690983
    } ],
    "faces" : [ {
      "vertices" : [ 0, 1, 2 ]
    }, {
      "vertices" : [ 0, 2, 3 ]
    }, {
      "vertices" : [ 0, 3, 2 ]
    }, {
      "vertices" : [ 0, 2, 1 ]
    } ]
  }, {
    "id" : "163efbf1-0ff5-408e-aaa8-72223fe2b9a4",
    "vertices" : [ {
      "x" : -0.19098301,
      "y" : 0.309017,
      "z" : -0.11803399
    }, {
      "x" : -0.618034,
      "y" : 0.309017,
      "z" : -0.809017
    }, {
      "x" : -0.809017,
      "y" : 0.0,
      "z" : -0.690983
    }, {
      "x" : -0.4045085,
      "y" : 0.0,
      "z" : -0.036474507
    } ],
    "faces" : [ {
      "vertices" : [ 0, 1, 2 ]
    }, {
      "vertices" : [ 0, 2, 3 ]
    }, {
      "vertices" : [ 0, 3, 2 ]
    }, {
      "vertices" : [ 0, 2, 1 ]
    } ]
  }, {
    "id" : "3bac1799-d0a1-456e-b28f-7005c20eec9b",
    "vertices" : [ {
      "x" : -0.23606798,
      "y" : -0.66311896,
      "z" : -7.881966
    }, {
      "x" : -0.19098301,
      "y" : -0.6008131,
      "z" : -8.118034
    }, {
      "x" : -0.19098301,
      "y" : -0.8926091,
      "z" : -8.118034
    }, {
      "x" : -0.23606798,
      "y" : -0.95491505,
      "z" : -7.881966
    } ],
    "faces" : [ {
      "vertices" : [ 0, 1, 2 ]
    }, {
      "vertices" : [ 0, 2, 3 ]
    }, {
      "vertices" : [ 0, 3, 2 ]
    }, {
      "vertices" : [ 0, 2, 1 ]
    } ]
  }, {
    "id" : "15efcfa6-58fa-4185-b657-b7f79053f2b1",
    "vertices" : [ {
      "x" : 0.618034,
      "y" : -0.19098301,
      "z" : -8.118034
    }, {
      "x" : 0.62335557,
      "y" : -0.2168144,
      "z" : -8.104102
    }, {
      "x" : 0.62335557,
      "y" : 0.2168144,
      "z" : -8.104102
    }, {
      "x" : 0.618034,
      "y" : 0.19098301,
      "z" : -8.118034
    } ],
    "faces" : [ {
      "vertices" : [ 0, 1, 2 ]
    }, {
      "vertices" : [ 0, 2, 3 ]
    }, {
      "vertices" : [ 0, 3, 2 ]
    }, {
      "vertices" : [ 0, 2, 1 ]
    } ]
  }, {
    "id" : "081d00a3-9a90-4277-9894-cc2e043c3c4b",
    "vertices" : [ {
      "x" : 0.19098301,
      "y" : 0.11803399,
      "z" : -3.381966
    }, {
      "x" : 0.16844052,
      "y" : 0.13728757,
      "z" : -3.368034
    }, {
      "x" : 0.39057648,
      "y" : 0.22213596,
      "z" : -3.5053215
    }, {
      "x" : 0.38196602,
      "y" : 0.19098301,
      "z" : -3.5
    } ],
    "faces" : [ {
      "vertices" : [ 0, 1, 2 ]
    }, {
      "vertices" : [ 0, 2, 3 ]
    }, {
      "vertices" : [ 0, 3, 2 ]
    }, {
      "vertices" : [ 0, 2, 1 ]
    } ]
  }, {
    "id" : "7f6c1395-3ec5-4eab-ad64-368e8f1babb4",
    "vertices" : [ {
      "x" : 0.19098301,
      "y" : -0.309017,
      "z" : -5.881966
    }, {
      "x" : 0.4045085,
      "y" : 0.0,
      "z" : -5.9635253
    }, {
      "x" : 0.809017,
      "y" : 0.0,
      "z" : -5.309017
    }, {
      "x" : 0.618034,
      "y" : -0.309017,
      "z" : -5.190983
    } ],
    "faces" : [ {
      "vertices" : [ 0, 1, 2 ]
    }, {
      "vertices" : [ 0, 2, 3 ]
    }, {
      "vertices" : [ 0, 3, 2 ]
    }, {
      "vertices" : [ 0, 2, 1 ]
    } ]
  }, {
    "id" : "f11ba1de-974a-4dcd-ad82-1da6dae09e1a",
    "vertices" : [ {
      "x" : 0.62335557,
      "y" : 0.2168144,
      "z" : -4.104102
    }, {
      "x" : 0.50532156,
      "y" : 0.2168144,
      "z" : -4.059017
    }, {
      "x" : 0.3713229,
      "y" : 0.0,
      "z" : -4.40983
    }, {
      "x" : 0.48935688,
      "y" : 0.0,
      "z" : -4.454915
    } ],
    "faces" : [ {
      "vertices" : [ 0, 1, 2 ]
    }, {
      "vertices" : [ 0, 2, 3 ]
    }, {
      "vertices" : [ 0, 3, 2 ]
    }, {
      "vertices" : [ 0, 2, 1 ]
    } ]
  }, {
    "id" : "4c71f838-8425-4e7e-8128-44fd358520bd",
    "vertices" : [ {
      "x" : 0.23606798,
      "y" : -0.19098301,
      "z" : -6.118034
    }, {
      "x" : 0.19098301,
      "y" : -0.309017,
      "z" : -5.881966
    }, {
      "x" : 0.19098301,
      "y" : -0.6008131,
      "z" : -5.881966
    }, {
      "x" : 0.23606798,
      "y" : -0.66311896,
      "z" : -6.118034
    } ],
    "faces" : [ {
      "vertices" : [ 0, 1, 2 ]
    }, {
      "vertices" : [ 0, 2, 3 ]
    }, {
      "vertices" : [ 0, 3, 2 ]
    }, {
      "vertices" : [ 0, 2, 1 ]
    } ]
  }, {
    "id" : "14b3b346-dcc5-4a0f-98c3-213802f1cd2b",
    "vertices" : [ {
      "x" : -0.23606798,
      "y" : -0.19098301,
      "z" : 0.11803399
    }, {
      "x" : -0.19098301,
      "y" : -0.309017,
      "z" : -0.11803399
    }, {
      "x" : -0.19098301,
      "y" : -0.6008131,
      "z" : -0.11803399
    }, {
      "x" : -0.23606798,
      "y" : -0.66311896,
      "z" : 0.11803399
    } ],
    "faces" : [ {
      "vertices" : [ 0, 1, 2 ]
    }, {
      "vertices" : [ 0, 2, 3 ]
    }, {
      "vertices" : [ 0, 3, 2 ]
    }, {
      "vertices" : [ 0, 2, 1 ]
    } ]
  }, {
    "id" : "add1e9dc-bf2a-41a8-8325-f73f9eba05dc",
    "vertices" : [ {
      "x" : -0.5854102,
      "y" : 0.19098301,
      "z" : -8.82918
    }, {
      "x" : -0.38196602,
      "y" : 0.19098301,
      "z" : -8.5
    }, {
      "x" : -0.5,
      "y" : 0.0,
      "z" : -8.427051
    }, {
      "x" : -0.7034442,
      "y" : 0.0,
      "z" : -8.75623
    } ],
    "faces" : [ {
      "vertices" : [ 0, 1, 2 ]
    }, {
      "vertices" : [ 0, 2, 3 ]
    }, {
      "vertices" : [ 0, 3, 2 ]
    }, {
      "vertices" : [ 0, 2, 1 ]
    } ]
  }, {
    "id" : "8b014b13-d70f-416f-bcc2-3ea5a0098a33",
    "vertices" : [ {
      "x" : -0.618034,
      "y" : -0.19098301,
      "z" : -1.881966
    }, {
      "x" : -0.62335557,
      "y" : -0.2168144,
      "z" : -1.895898
    }, {
      "x" : -0.62335557,
      "y" : 0.2168144,
      "z" : -1.895898
    }, {
      "x" : -0.618034,
      "y" : 0.19098301,
      "z" : -1.881966
    } ],
    "faces" : [ {
      "vertices" : [ 0, 1, 2 ]
    }, {
      "vertices" : [ 0, 2, 3 ]
    }, {
      "vertices" : [ 0, 3, 2 ]
    }, {
      "vertices" : [ 0, 2, 1 ]
    } ]
  }, {
    "id" : "aa020944-2814-4898-91b1-7e46b7b4c1e3",
    "vertices" : [ {
      "x" : -0.5,
      "y" : 0.0,
      "z" : -5.572949
    }, {
      "x" : -0.618034,
      "y" : -0.19098301,
      "z" : -5.881966
    }, {
