{
  "field" : "golden",
  "symmetry" : "icosahedral",
  "orientations" : [ [ 1.0, 0.0, 0.0, 0.0, 0.0, 1.0, 0.0, 0.0, 0.0, 0.0, 1.0, 0.0, 0.0, 0.0, 0.0, 1.0 ], [ 0.0, 0.0, 1.0, 0.0, 1.0, 0.0, 0.0, 0.0, 0.0, 1.0, 0.0, 0.0, 0.0, 0.0, 0.0, 1.0 ], [ 0.0, 1.0, 0.0, 0.0, 0.0, 0.0, 1.0, 0.0, 1.0, 0.0, 0.0, 0.0, 0.0, 0.0, 0.0, 1.0 ], [ 0.809017, 0.309017, 0.5, 0.0, 0.309017, 0.5, -0.809017, 0.0, -0.5, 0.809017, 0.309017, 0.0, 0.0, 0.0, 0.0, 1.0 ], [ -0.5, 0.809017, 0.309017, 0.0, 0.809017, 0.309017, 0.5, 0.0, 0.309017, 0.5, -0.809017, 0.0, 0.0, 0.0, 0.0, 1.0 ], [ 0.309017, 0.5, -0.809017, 0.0, -0.5, 0.809017, 0.309017, 0.0, 0.809017, 0.309017, 0.5, 0.0, 0.0, 0.0, 0.0, 1.0 ], [ 0.5, 0.809017, 0.309017, 0.0, 0.809017, -0.309017, -0.5, 0.0, -0.309017, 0.5, -0.809017, 0.0, 0.0, 0.0, 0.0, 1.0 ], [ -0.309017, 0.5, -0.809017, 0.0, 0.5, 0.809017, 0.309017, 0.0, 0.809017, -0.309017, -0.5, 0.0, 0.0, 0.0, 0.0, 1.0 ], [ 0.809017, -0.309017, -0.5, 0.0, -0.309017, 0.5, -0.809017, 0.0, 0.5, 0.809017, 0.309017, 0.0, 0.0, 0.0, 0.0, 1.0 ], [ 0.5, 0.809017, -0.309017, 0.0, 0.809017, -0.309017, 0.5, 0.0, 0.309017, -0.5, -0.809017, 0.0, 0.0, 0.0, 0.0, 1.0 ], [ 0.309017, -0.5, -0.809017, 0.0, 0.5, 0.809017, -0.309017, 0.0, 0.809017, -0.309017, 0.5, 0.0, 0.0, 0.0, 0.0, 1.0 ], [ 0.809017, -0.309017, 0.5, 0.0, 0.309017, -0.5, -0.809017, 0.0, 0.5, 0.809017, -0.309017, 0.0, 0.0, 0.0, 0.0, 1.0 ], [ 0.809017, 0.309017, -0.5, 0.0, 0.309017, 0.5, 0.809017, 0.0, 0.5, -0.809017, 0.309017, 0.0, 0.0, 0.0, 0.0, 1.0 ], [ 0.5, -0.809017, 0.309017, 0.0, 0.809017, 0.309017, -0.5, 0.0, 0.309017, 0.5, 0.809017, 0.0, 0.0, 0.0, 0.0, 1.0 ], [ 0.309017, 0.5, 0.809017, 0.0, 0.5, -0.809017, 0.309017, 0.0, 0.809017, 0.309017, -0.5, 0.0, 0.0, 0.0, 0.0, 1.0 ], [ 1.0, 0.0, 0.0, 0.0, 0.0, -1.0, 0.0, 0.0, 0.0, 0.0, -1.0, 0.0, 0.0, 0.0, 0.0, 1.0 ], [ 0.0, 0.0, 1.0, 0.0, -1.0, 0.0, 0.0, 0.0, 0.0, -1.0, 0.0, 0.0, 0.0, 0.0, 0.0, 1.0 ], [ 0.0, 1.0, 0.0, 0.0, 0.0, 0.0, -1.0, 0.0, -1.0, 0.0, 0.0, 0.0, 0.0, 0.0, 0.0, 1.0 ], [ 0.809017, 0.309017, 0.5, 0.0, -0.309017, -0.5, 0.809017, 0.0, 0.5, -0.809017, -0.309017, 0.0, 0.0, 0.0, 0.0, 1.0 ], [ -0.5, 0.809017, 0.309017, 0.0, -0.809017, -0.309017, -0.5, 0.0, -0.309017, -0.5, 0.809017, 0.0, 0.0, 0.0, 0.0, 1.0 ], [ 0.309017, 0.5, -0.809017, 0.0, 0.5, -0.809017, -0.309017, 0.0, -0.809017, -0.309017, -0.5, 0.0, 0.0, 0.0, 0.0, 1.0 ], [ 0.5, 0.809017, 0.309017, 0.0, -0.809017, 0.309017, 0.5, 0.0, 0.309017, -0.5, 0.809017, 0.0, 0.0, 0.0, 0.0, 1.0 ], [ -0.309017, 0.5, -0.809017, 0.0, -0.5, -0.809017, -0.309017, 0.0, -0.809017, 0.309017, 0.5, 0.0, 0.0, 0.0, 0.0, 1.0 ], [ 0.809017, -0.309017, -0.5, 0.0, 0.309017, -0.5, 0.809017, 0.0, -0.5, -0.809017, -0.309017, 0.0, 0.0, 0.0, 0.0, 1.0 ], [ 0.5, 0.809017, -0.309017, 0.0, -0.809017, 0.309017, -0.5, 0.0, -0.309017, 0.5, 0.809017, 0.0, 0.0, 0.0, 0.0, 1.0 ], [ 0.309017, -0.5, -0.809017, 0.0, -0.5, -0.809017, 0.309017, 0.0, -0.809017, 0.309017, -0.5, 0.0, 0.0, 0.0, 0.0, 1.0 ], [ 0.809017, -0.309017, 0.5, 0.0, -0.309017, 0.5, 0.809017, 0.0, -0.5, -0.809017, 0.309017, 0.0, 0.0, 0.0, 0.0, 1.0 ], [ 0.809017, 0.309017, -0.5, 0.0, -0.309017, -0.5, -0.809017, 0.0, -0.5, 0.809017, -0.309017, 0.0, 0.0, 0.0, 0.0, 1.0 ], [ 0.5, -0.809017, 0.309017, 0.0, -0.809017, -0.309017, 0.5, 0.0, -0.309017, -0.5, -0.809017, 0.0, 0.0, 0.0, 0.0, 1.0 ], [ 0.309017, 0.5, 0.809017, 0.0, -0.5, 0.809017, -0.309017, 0.0, -0.809017, -0.309017, 0.5, 0.0, 0.0, 0.0, 0.0, 1.0 ], [ -1.0, 0.0, 0.0, 0.0, 0.0, -1.0, 0.0, 0.0, 0.0, 0.0, 1.0, 0.0, 0.0, 0.0, 0.0, 1.0 ], [ 0.0, 0.0, -1.0, 0.0, -1.0, 0.0, 0.0, 0.0, 0.0, 1.0, 0.0, 0.0, 0.0, 0.0, 0.0, 1.0 ], [ 0.0, -1.0, 0.0, 0.0, 0.0, 0.0, -1.0, 0.0, 1.0, 0.0, 0.0, 0.0, 0.0, 0.0, 0.0, 1.0 ], [ -0.809017, -0.309017, -0.5, 0.0, -0.309017, -0.5, 0.809017, 0.0, -0.5, 0.809017, 0.309017, 0.0, 0.0, 0.0, 0.0, 1.0 ], [ 0.5, -0.809017, -0.309017, 0.0, -0.809017, -0.309017, -0.5, 0.0, 0.309017, 0.5, -0.809017, 0.0, 0.0, 0.0, 0.0, 1.0 ], [ -0.309017, -0.5, 0.809017, 0.0, 0.5, -0.809017, -0.309017, 0.0, 0.809017, 0.309017, 0.5, 0.0, 0.0, 0.0, 0.0, 1.0 ], [ -0.5, -0.809017, -0.309017, 0.0, -0.809017, 0.309017, 0.5, 0.0, -0.309017, 0.5, -0.809017, 0.0, 0.0, 0.0, 0.0, 1.0 ], [ 0.309017, -0.5, 0.809017, 0.0, -0.5, -0.809017, -0.309017, 0.0, 0.809017, -0.309017, -0.5, 0.0, 0.0, 0.0, 0.0, 1.0 ], [ -0.809017, 0.309017, 0.5, 0.0, 0.309017, -0.5, 0.809017, 0.0, 0.5, 0.809017, 0.309017, 0.0, 0.0, 0.0, 0.0, 1.0 ], [ -0.5, -0.809017, 0.309017, 0.0, -0.809017, 0.309017, -0.5, 0.0, 0.309017, -0.5, -0.809017, 0.0, 0.0, 0.0, 0.0, 1.0 ], [ -0.309017, 0.5, 0.809017, 0.0, -0.5, -0.809017, 0.309017, 0.0, 0.809017, -0.309017, 0.5, 0.0, 0.0, 0.0, 0.0, 1.0 ], [ -0.809017, 0.309017, -0.5, 0.0, -0.309017, 0.5, 0.809017, 0.0, 0.5, 0.809017, -0.309017, 0.0, 0.0, 0.0, 0.0, 1.0 ], [ -0.809017, -0.309017, 0.5, 0.0, -0.309017, -0.5, -0.809017, 0.0, 0.5, -0.809017, 0.309017, 0.0, 0.0, 0.0, 0.0, 1.0 ], [ -0.5, 0.809017, -0.309017, 0.0, -0.809017, -0.309017, 0.5, 0.0, 0.309017, 0.5, 0.809017, 0.0, 0.0, 0.0, 0.0, 1.0 ], [ -0.309017, -0.5, -0.809017, 0.0, -0.5, 0.809017, -0.309017, 0.0, 0.809017, 0.309017, -0.5, 0.0, 0.0, 0.0, 0.0, 1.0 ], [ -1.0, 0.0, 0.0, 0.0, 0.0, 1.0, 0.0, 0.0, 0.0, 0.0, -1.0, 0.0, 0.0, 0.0, 0.0, 1.0 ], [ 0.0, 0.0, -1.0, 0.0, 1.0, 0.0, 0.0, 0.0, 0.0, -1.0, 0.0, 0.0, 0.0, 0.0, 0.0, 1.0 ], [ 0.0, -1.0, 0.0, 0.0, 0.0, 0.0, 1.0, 0.0, -1.0, 0.0, 0.0, 0.0, 0.0, 0.0, 0.0, 1.0 ], [ -0.809017, -0.309017, -0.5, 0.0, 0.309017, 0.5, -0.809017, 0.0, 0.5, -0.809017, -0.309017, 0.0, 0.0, 0.0, 0.0, 1.0 ], [ 0.5, -0.809017, -0.309017, 0.0, 0.809017, 0.309017, 0.5, 0.0, -0.309017, -0.5, 0.809017, 0.0, 0.0, 0.0, 0.0, 1.0 ], [ -0.309017, -0.5, 0.809017, 0.0, -0.5, 0.809017, 0.309017, 0.0, -0.809017, -0.309017, -0.5, 0.0, 0.0, 0.0, 0.0, 1.0 ], [ -0.5, -0.809017, -0.309017, 0.0, 0.809017, -0.309017, -0.5, 0.0, 0.309017, -0.5, 0.809017, 0.0, 0.0, 0.0, 0.0, 1.0 ], [ 0.309017, -0.5, 0.809017, 0.0, 0.5, 0.809017, 0.309017, 0.0, -0.809017, 0.309017, 0.5, 0.0, 0.0, 0.0, 0.0, 1.0 ], [ -0.809017, 0.309017, 0.5, 0.0, -0.309017, 0.5, -0.809017, 0.0, -0.5, -0.809017, -0.309017, 0.0, 0.0, 0.0, 0.0, 1.0 ], [ -0.5, -0.809017, 0.309017, 0.0, 0.809017, -0.309017, 0.5, 0.0, -0.309017, 0.5, 0.809017, 0.0, 0.0, 0.0, 0.0, 1.0 ], [ -0.309017, 0.5, 0.809017, 0.0, 0.5, 0.809017, -0.309017, 0.0, -0.809017, 0.309017, -0.5, 0.0, 0.0, 0.0, 0.0, 1.0 ], [ -0.809017, 0.309017, -0.5, 0.0, 0.309017, -0.5, -0.809017, 0.0, -0.5, -0.809017, 0.309017, 0.0, 0.0, 0.0, 0.0, 1.0 ], [ -0.809017, -0.309017, 0.5, 0.0, 0.309017, 0.5, 0.809017, 0.0, -0.5, 0.809017, -0.309017, 0.0, 0.0, 0.0, 0.0, 1.0 ], [ -0.5, 0.809017, -0.309017, 0.0, 0.809017, 0.309017, -0.5, 0.0, -0.309017, -0.5, -0.809017, 0.0, 0.0, 0.0, 0.0, 1.0 ], [ -0.309017, -0.5, -0.809017, 0.0, 0.5, -0.809017, 0.309017, 0.0, -0.809017, -0.309017, 0.5, 0.0, 0.0, 0.0, 0.0, 1.0 ] ],
  "lights" : {
    "ambientColor" : "#292929",
    "backgroundColor" : "#2B3842",
    "directionalLights" : [ {
      "direction" : {
        "x" : 1.0,
        "y" : -1.0,
        "z" : -1.0
      },
      "color" : "#EBEBE4"
    }, {
      "direction" : {
        "x" : -1.0,
        "y" : 0.0,
        "z" : 0.0
      },
      "color" : "#E4E4EB"
    }, {
      "direction" : {
        "x" : 0.0,
        "y" : 0.0,
        "z" : -1.0
      },
      "color" : "#1E1E1E"
    } ]
  },
  "camera" : {
    "viewDistance" : 487.29974,
    "nearClipDistance" : 1.2182497,
    "farClipDistance" : 974.59937,
    "lookAtPoint" : {
      "x" : 68.54102,
      "y" : 79.63119,
      "z" : 97.57546
    },
    "fieldOfView" : 0.44262886,
    "perspective" : true,
    "lookDirection" : {
      "x" : -0.04154542,
      "y" : -0.118486516,
      "z" : -0.9920862
    },
    "upDirection" : {
      "x" : -0.063803785,
      "y" : 0.99123126,
      "z" : -0.11571258
    },
    "stereo" : false,
    "width" : 219.28488,
    "position" : {
      "x" : 88.786095,
      "y" : 137.36963,
      "z" : 581.0188
    }
  },
  "embedding" : [ 1.0, 0.0, 0.0, 0.0, 0.0, 1.0, 0.0, 0.0, 0.0, 0.0, 1.0, 0.0, 0.0, 0.0, 0.0, 1.0 ],
  "shapes" : [ {
    "id" : "f579529b-dd19-41ba-8694-98dde96a6fc2",
    "vertices" : [ {
      "x" : 89.103325,
      "y" : 27.416409,
      "z" : 57.45085
    }, {
      "x" : 89.103325,
      "y" : 27.416409,
      "z" : 79.63119
    }, {
      "x" : 71.15905,
      "y" : 27.416409,
      "z" : 72.777084
    }, {
      "x" : 82.24922,
      "y" : 27.416409,
      "z" : 54.832817
    } ],
    "faces" : [ {
      "vertices" : [ 0, 1, 2 ]
    }, {
      "vertices" : [ 0, 2, 3 ]
    }, {
      "vertices" : [ 0, 3, 2 ]
    }, {
      "vertices" : [ 0, 2, 1 ]
    } ]
  }, {
    "id" : "2ecdead1-e5ba-4a10-8a3c-64f9fad82e95",
    "vertices" : [ {
      "x" : 0.309017,
      "y" : -0.809017,
      "z" : 0.618034
    }, {
      "x" : 0.809017,
      "y" : -0.618034,
      "z" : 0.309017
    }, {
      "x" : 0.618034,
      "y" : -0.309017,
      "z" : 0.809017
    }, {
      "x" : 1.0,
      "y" : 0.309017,
      "z" : 0.19098301
    }, {
      "x" : 0.809017,
      "y" : 0.618034,
      "z" : 0.309017
    }, {
      "x" : 0.618034,
      "y" : 0.309017,
      "z" : 0.809017
    }, {
      "x" : 0.809017,
      "y" : 0.0,
      "z" : 0.690983
    }, {
      "x" : 0.19098301,
      "y" : -1.0,
      "z" : 0.309017
    }, {
      "x" : -0.19098301,
      "y" : -1.0,
      "z" : 0.309017
    }, {
      "x" : -0.19098301,
      "y" : -1.0,
      "z" : -0.309017
    }, {
      "x" : 0.19098301,
      "y" : -1.0,
      "z" : -0.309017
    }, {
      "x" : 1.0,
      "y" : -0.309017,
      "z" : -0.19098301
    }, {
      "x" : 0.809017,
      "y" : -0.618034,
      "z" : -0.309017
    }, {
      "x" : 0.618034,
      "y" : -0.309017,
      "z" : -0.809017
    }, {
      "x" : 0.809017,
      "y" : 0.0,
      "z" : -0.690983
    }, {
      "x" : 0.0,
      "y" : 0.690983,
      "z" : -0.809017
    }, {
      "x" : 0.309017,
      "y" : 0.809017,
      "z" : -0.618034
    }, {
      "x" : 0.618034,
      "y" : 0.309017,
      "z" : -0.809017
    }, {
      "x" : 0.309017,
      "y" : 0.19098301,
      "z" : -1.0
    }, {
      "x" : 1.0,
      "y" : 0.309017,
      "z" : -0.19098301
    }, {
      "x" : -0.309017,
      "y" : -0.809017,
      "z" : 0.618034
    }, {
      "x" : 0.0,
      "y" : -0.690983,
      "z" : 0.809017
    }, {
      "x" : 0.809017,
      "y" : 0.618034,
      "z" : -0.309017
    }, {
      "x" : 0.690983,
      "y" : 0.809017,
      "z" : 0.0
    }, {
      "x" : -0.690983,
      "y" : 0.809017,
      "z" : 0.0
    }, {
      "x" : -0.809017,
      "y" : 0.618034,
      "z" : 0.309017
    }, {
      "x" : -0.309017,
      "y" : 0.809017,
      "z" : 0.618034
    }, {
      "x" : -0.19098301,
      "y" : 1.0,
      "z" : 0.309017
    }, {
      "x" : 0.309017,
      "y" : -0.19098301,
      "z" : -1.0
    }, {
      "x" : 0.19098301,
      "y" : 1.0,
      "z" : 0.309017
    }, {
      "x" : 0.309017,
      "y" : 0.809017,
      "z" : 0.618034
    }, {
      "x" : -0.809017,
      "y" : -0.618034,
      "z" : 0.309017
    }, {
      "x" : -0.690983,
      "y" : -0.809017,
      "z" : 0.0
    }, {
      "x" : 0.0,
      "y" : 0.690983,
      "z" : 0.809017
    }, {
      "x" : 0.309017,
      "y" : -0.809017,
      "z" : -0.618034
    }, {
      "x" : 0.0,
      "y" : -0.690983,
      "z" : -0.809017
    }, {
      "x" : -1.0,
      "y" : 0.309017,
      "z" : 0.19098301
    }, {
      "x" : -0.809017,
      "y" : 0.0,
      "z" : 0.690983
    }, {
      "x" : -0.618034,
      "y" : 0.309017,
      "z" : 0.809017
    }, {
      "x" : 1.0,
      "y" : -0.309017,
      "z" : 0.19098301
    }, {
      "x" : -0.309017,
      "y" : -0.809017,
      "z" : -0.618034
    }, {
      "x" : -1.0,
      "y" : 0.309017,
      "z" : -0.19098301
    }, {
      "x" : -1.0,
      "y" : -0.309017,
      "z" : -0.19098301
    }, {
      "x" : -1.0,
      "y" : -0.309017,
      "z" : 0.19098301
    }, {
      "x" : 0.19098301,
      "y" : 1.0,
      "z" : -0.309017
    }, {
      "x" : -0.809017,
      "y" : 0.618034,
      "z" : -0.309017
    }, {
      "x" : -0.19098301,
      "y" : 1.0,
      "z" : -0.309017
    }, {
      "x" : -0.309017,
      "y" : 0.809017,
      "z" : -0.618034
    }, {
      "x" : -0.618034,
      "y" : -0.309017,
      "z" : 0.809017
    }, {
      "x" : 0.309017,
      "y" : 0.19098301,
      "z" : 1.0
    }, {
      "x" : -0.309017,
      "y" : 0.19098301,
      "z" : -1.0
    }, {
      "x" : -0.309017,
      "y" : 0.19098301,
      "z" : 1.0
    }, {
      "x" : -0.309017,
      "y" : -0.19098301,
      "z" : 1.0
    }, {
      "x" : 0.309017,
      "y" : -0.19098301,
      "z" : 1.0
    }, {
      "x" : 0.690983,
      "y" : -0.809017,
      "z" : 0.0
    }, {
      "x" : -0.809017,
      "y" : 0.0,
      "z" : -0.690983
    }, {
      "x" : -0.618034,
      "y" : -0.309017,
      "z" : -0.809017
    }, {
      "x" : -0.309017,
      "y" : -0.19098301,
      "z" : -1.0
    }, {
      "x" : -0.618034,
      "y" : 0.309017,
      "z" : -0.809017
    }, {
      "x" : -0.809017,
      "y" : -0.618034,
      "z" : -0.309017
    } ],
    "faces" : [ {
      "vertices" : [ 9, 40, 35 ]
    }, {
      "vertices" : [ 9, 35, 34 ]
    }, {
      "vertices" : [ 9, 34, 10 ]
    }, {
      "vertices" : [ 0, 1, 2 ]
    }, {
      "vertices" : [ 33, 51, 49 ]
    }, {
      "vertices" : [ 25, 36, 37 ]
    }, {
      "vertices" : [ 25, 37, 38 ]
    }, {
      "vertices" : [ 41, 55, 42 ]
    }, {
      "vertices" : [ 9, 32, 59 ]
    }, {
      "vertices" : [ 9, 59, 40 ]
    }, {
      "vertices" : [ 20, 21, 52 ]
    }, {
      "vertices" : [ 20, 52, 48 ]
    }, {
      "vertices" : [ 26, 33, 30 ]
    }, {
      "vertices" : [ 26, 30, 29 ]
    }, {
      "vertices" : [ 26, 29, 27 ]
    }, {
      "vertices" : [ 3, 4, 5 ]
    }, {
      "vertices" : [ 3, 5, 6 ]
    }, {
      "vertices" : [ 27, 29, 44 ]
    }, {
      "vertices" : [ 27, 44, 46 ]
    }, {
      "vertices" : [ 50, 57, 56 ]
    }, {
      "vertices" : [ 50, 56, 55 ]
    }, {
      "vertices" : [ 50, 55, 58 ]
    }, {
      "vertices" : [ 26, 38, 51 ]
    }, {
      "vertices" : [ 26, 51, 33 ]
    }, {
      "vertices" : [ 45, 47, 58 ]
    }, {
      "vertices" : [ 18, 28, 57 ]
    }, {
      "vertices" : [ 18, 57, 50 ]
    }, {
      "vertices" : [ 40, 59, 56 ]
    }, {
      "vertices" : [ 31, 48, 37 ]
    }, {
      "vertices" : [ 31, 37, 43 ]
    }, {
      "vertices" : [ 7, 8, 9 ]
    }, {
      "vertices" : [ 7, 9, 10 ]
    }, {
      "vertices" : [ 36, 41, 42 ]
    }, {
      "vertices" : [ 36, 42, 43 ]
    }, {
      "vertices" : [ 24, 46, 47 ]
    }, {
      "vertices" : [ 24, 47, 45 ]
    }, {
      "vertices" : [ 4, 30, 5 ]
    }, {
      "vertices" : [ 15, 47, 46 ]
    }, {
      "vertices" : [ 15, 46, 44 ]
    }, {
      "vertices" : [ 15, 44, 16 ]
    }, {
      "vertices" : [ 15, 50, 58 ]
    }, {
      "vertices" : [ 15, 58, 47 ]
    }, {
      "vertices" : [ 24, 45, 41 ]
    }, {
      "vertices" : [ 24, 41, 36 ]
    }, {
      "vertices" : [ 24, 36, 25 ]
    }, {
      "vertices" : [ 11, 14, 19 ]
    }, {
      "vertices" : [ 3, 6, 39 ]
    }, {
      "vertices" : [ 1, 39, 6 ]
    }, {
      "vertices" : [ 1, 6, 2 ]
    }, {
      "vertices" : [ 8, 32, 9 ]
    }, {
      "vertices" : [ 11, 12, 13 ]
    }, {
      "vertices" : [ 11, 13, 14 ]
    }, {
      "vertices" : [ 16, 22, 17 ]
    }, {
      "vertices" : [ 0, 21, 20 ]
    }, {
      "vertices" : [ 0, 20, 8 ]
    }, {
      "vertices" : [ 0, 8, 7 ]
    }, {
      "vertices" : [ 12, 34, 13 ]
    }, {
      "vertices" : [ 35, 40, 56 ]
    }, {
      "vertices" : [ 35, 56, 57 ]
    }, {
      "vertices" : [ 0, 7, 54 ]
    }, {
      "vertices" : [ 0, 54, 1 ]
    }, {
      "vertices" : [ 15, 16, 17 ]
    }, {
      "vertices" : [ 15, 17, 18 ]
    }, {
      "vertices" : [ 3, 19, 22 ]
    }, {
      "vertices" : [ 3, 22, 23 ]
    }, {
      "vertices" : [ 3, 23, 4 ]
    }, {
      "vertices" : [ 7, 10, 54 ]
    }, {
      "vertices" : [ 41, 45, 58 ]
    }, {
      "vertices" : [ 41, 58, 55 ]
    }, {
      "vertices" : [ 3, 39, 11 ]
    }, {
      "vertices" : [ 3, 11, 19 ]
    }, {
      "vertices" : [ 14, 17, 22 ]
    }, {
      "vertices" : [ 14, 22, 19 ]
    }, {
      "vertices" : [ 0, 2, 53 ]
    }, {
      "vertices" : [ 0, 53, 21 ]
    }, {
      "vertices" : [ 49, 51, 52 ]
    }, {
      "vertices" : [ 49, 52, 53 ]
    }, {
      "vertices" : [ 31, 43, 42 ]
    }, {
      "vertices" : [ 31, 42, 59 ]
    }, {
      "vertices" : [ 31, 59, 32 ]
    }, {
      "vertices" : [ 15, 18, 50 ]
    }, {
      "vertices" : [ 42, 55, 56 ]
    }, {
      "vertices" : [ 42, 56, 59 ]
    }, {
      "vertices" : [ 4, 23, 29 ]
    }, {
      "vertices" : [ 4, 29, 30 ]
    }, {
      "vertices" : [ 25, 38, 26 ]
    }, {
      "vertices" : [ 13, 28, 18 ]
    }, {
      "vertices" : [ 13, 18, 17 ]
    }, {
      "vertices" : [ 13, 17, 14 ]
    }, {
      "vertices" : [ 8, 20, 31 ]
    }, {
      "vertices" : [ 8, 31, 32 ]
    }, {
      "vertices" : [ 23, 44, 29 ]
    }, {
      "vertices" : [ 24, 27, 46 ]
    }, {
      "vertices" : [ 37, 48, 52 ]
    }, {
      "vertices" : [ 37, 52, 51 ]
    }, {
      "vertices" : [ 37, 51, 38 ]
    }, {
      "vertices" : [ 20, 48, 31 ]
    }, {
      "vertices" : [ 24, 25, 26 ]
    }, {
      "vertices" : [ 24, 26, 27 ]
    }, {
      "vertices" : [ 16, 44, 23 ]
    }, {
      "vertices" : [ 16, 23, 22 ]
    }, {
      "vertices" : [ 13, 34, 35 ]
    }, {
      "vertices" : [ 13, 35, 28 ]
    }, {
      "vertices" : [ 10, 34, 12 ]
    }, {
      "vertices" : [ 10, 12, 54 ]
    }, {
      "vertices" : [ 2, 6, 5 ]
    }, {
      "vertices" : [ 2, 5, 49 ]
    }, {
      "vertices" : [ 2, 49, 53 ]
    }, {
      "vertices" : [ 36, 43, 37 ]
    }, {
      "vertices" : [ 5, 30, 33 ]
    }, {
      "vertices" : [ 5, 33, 49 ]
    }, {
      "vertices" : [ 1, 54, 12 ]
    }, {
      "vertices" : [ 1, 12, 11 ]
    }, {
      "vertices" : [ 1, 11, 39 ]
    }, {
      "vertices" : [ 28, 35, 57 ]
    }, {
      "vertices" : [ 21, 53, 52 ]
    } ]
  }, {
    "id" : "8a20bd2c-b4dc-45e5-9345-29eb7a025105",
    "vertices" : [ {
      "x" : 102.81153,
      "y" : 59.068882,
      "z" : 46.36068
    }, {
      "x" : 100.1935,
      "y" : 65.92299,
      "z" : 46.36068
    }, {
      "x" : 107.0476,
      "y" : 65.92299,
      "z" : 48.978714
    } ],
    "faces" : [ {
      "vertices" : [ 0, 1, 2 ]
    }, {
      "vertices" : [ 0, 2, 1 ]
    } ]
  }, {
    "id" : "cf04a70b-248d-4665-ac30-748410bbae5d",
    "vertices" : [ {
      "x" : 12.708204,
      "y" : 0.309017,
      "z" : 0.19098301
    }, {
      "x" : 12.708204,
      "y" : 0.309017,
      "z" : -0.19098301
    }, {
      "x" : 1.0,
      "y" : 0.309017,
      "z" : -0.19098301
    }, {
      "x" : 1.0,
      "y" : 0.309017,
      "z" : 0.19098301
    }, {
      "x" : 12.708204,
      "y" : -0.309017,
      "z" : 0.19098301
    }, {
      "x" : 1.0,
      "y" : -0.309017,
      "z" : 0.19098301
    }, {
      "x" : 1.0,
      "y" : -0.309017,
      "z" : -0.19098301
    }, {
      "x" : 12.708204,
      "y" : -0.309017,
      "z" : -0.19098301
    }, {
      "x" : 13.708204,
      "y" : 0.0,
      "z" : 0.0
    } ],
    "faces" : [ {
      "vertices" : [ 1, 7, 6 ]
    }, {
      "vertices" : [ 1, 6, 2 ]
    }, {
      "vertices" : [ 0, 1, 2 ]
    }, {
      "vertices" : [ 0, 2, 3 ]
    }, {
      "vertices" : [ 4, 5, 6 ]
    }, {
      "vertices" : [ 4, 6, 7 ]
    }, {
      "vertices" : [ 0, 3, 5 ]
    }, {
      "vertices" : [ 0, 5, 4 ]
    } ]
  }, {
    "id" : "3affaba7-1a6d-4ddc-92a2-4e276baa478b",
    "vertices" : [ {
      "x" : 4.736068,
      "y" : 3.045085,
      "z" : 0.309017
    }, {
      "x" : 6.354102,
      "y" : 3.809017,
      "z" : 0.309017
    }, {
      "x" : 6.163119,
      "y" : 4.118034,
      "z" : 0.19098301
    }, {
      "x" : 0.809017,
      "y" : 0.618034,
      "z" : -0.309017
    }, {
      "x" : 0.690983,
      "y" : 0.809017,
      "z" : 0.0
    }, {
      "x" : 4.618034,
      "y" : 3.236068,
      "z" : 0.0
    }, {
      "x" : 4.736068,
      "y" : 3.045085,
      "z" : -0.309017
    }, {
      "x" : 10.281153,
      "y" : 6.236068,
      "z" : 0.309017
    }, {
      "x" : 4.927051,
      "y" : 2.736068,
      "z" : 0.19098301
    }, {
      "x" : 4.927051,
      "y" : 2.736068,
      "z" : -0.19098301
    }, {
      "x" : 6.472136,
      "y" : 3.618034,
      "z" : 0.0
    }, {
      "x" : 6.354102,
      "y" : 3.809017,
      "z" : -0.309017
    }, {
      "x" : 10.399187,
      "y" : 6.045085,
      "z" : 0.0
    }, {
      "x" : 1.0,
      "y" : 0.309017,
      "z" : 0.19098301
    }, {
      "x" : 1.0,
      "y" : 0.309017,
      "z" : -0.19098301
    }, {
      "x" : 0.809017,
      "y" : 0.618034,
      "z" : 0.309017
    }, {
      "x" : 10.09017,
      "y" : 6.545085,
      "z" : 0.19098301
    }, {
      "x" : 10.281153,
      "y" : 6.236068,
      "z" : -0.309017
    }, {
      "x" : 10.09017,
      "y" : 6.545085,
      "z" : -0.19098301
    }, {
      "x" : 11.09017,
      "y" : 6.854102,
      "z" : 0.0
    }, {
      "x" : 6.163119,
      "y" : 4.118034,
      "z" : -0.19098301
    } ],
    "faces" : [ {
      "vertices" : [ 3, 6, 9 ]
    }, {
      "vertices" : [ 3, 9, 14 ]
    }, {
      "vertices" : [ 11, 20, 18 ]
    }, {
      "vertices" : [ 11, 18, 17 ]
    }, {
      "vertices" : [ 0, 1, 2 ]
    }, {
      "vertices" : [ 0, 15, 13 ]
    }, {
      "vertices" : [ 0, 13, 8 ]
    }, {
      "vertices" : [ 6, 20, 11 ]
    }, {
      "vertices" : [ 0, 2, 5 ]
    }, {
      "vertices" : [ 0, 8, 1 ]
    }, {
      "vertices" : [ 8, 13, 14 ]
    }, {
      "vertices" : [ 8, 14, 9 ]
    }, {
      "vertices" : [ 3, 4, 5 ]
    }, {
      "vertices" : [ 3, 5, 6 ]
    }, {
      "vertices" : [ 10, 11, 17 ]
    }, {
      "vertices" : [ 10, 17, 12 ]
    }, {
      "vertices" : [ 1, 8, 10 ]
    }, {
      "vertices" : [ 0, 5, 4 ]
    }, {
      "vertices" : [ 0, 4, 15 ]
    }, {
      "vertices" : [ 2, 16, 18 ]
    }, {
      "vertices" : [ 2, 18, 20 ]
    }, {
      "vertices" : [ 1, 7, 16 ]
    }, {
      "vertices" : [ 1, 16, 2 ]
    }, {
      "vertices" : [ 6, 11, 9 ]
    }, {
      "vertices" : [ 8, 9, 10 ]
    }, {
      "vertices" : [ 2, 20, 5 ]
    }, {
      "vertices" : [ 9, 11, 10 ]
    }, {
      "vertices" : [ 1, 10, 12 ]
    }, {
      "vertices" : [ 1, 12, 7 ]
    }, {
      "vertices" : [ 5, 20, 6 ]
    } ]
  }, {
    "id" : "3b7ff023-55f7-475f-816f-059ce9f93fcf",
    "vertices" : [ {
      "x" : 122.37383,
      "y" : 82.24922,
      "z" : 75.39512
    }, {
      "x" : 122.37383,
      "y" : 79.63119,
      "z" : 82.24922
    }, {
      "x" : 124.99187,
      "y" : 75.39512,
      "z" : 75.39512
    } ],
    "faces" : [ {
      "vertices" : [ 0, 1, 2 ]
    }, {
      "vertices" : [ 0, 2, 1 ]
    } ]
  }, {
    "id" : "7735fe14-8c6a-4ef2-8571-71029b138271",
    "vertices" : [ {
      "x" : 54.832817,
      "y" : 43.742645,
      "z" : 61.686916
    }, {
      "x" : 61.686916,
      "y" : 43.742645,
      "z" : 59.068882
    }, {
      "x" : 57.45085,
      "y" : 36.888542,
      "z" : 61.686916
    }, {
      "x" : 50.59675,
      "y" : 36.888542,
      "z" : 64.304955
    } ],
    "faces" : [ {
      "vertices" : [ 0, 1, 2 ]
    }, {
      "vertices" : [ 0, 2, 3 ]
    }, {
      "vertices" : [ 0, 3, 2 ]
    }, {
      "vertices" : [ 0, 2, 1 ]
    } ]
  }, {
    "id" : "cd241d46-19cd-40e2-8cf0-6158066676ce",
    "vertices" : [ {
      "x" : 43.742645,
      "y" : 95.95743,
      "z" : 108.665634
    }, {
      "x" : 43.742645,
      "y" : 102.81153,
      "z" : 104.429565
    }, {
      "x" : 35.27051,
      "y" : 102.81153,
      "z" : 104.429565
    }, {
      "x" : 32.652477,
      "y" : 95.95743,
      "z" : 104.429565
    } ],
    "faces" : [ {
      "vertices" : [ 0, 1, 2 ]
    }, {
      "vertices" : [ 0, 2, 3 ]
    }, {
      "vertices" : [ 0, 3, 2 ]
    }, {
      "vertices" : [ 0, 2, 1 ]
    } ]
  }, {
    "id" : "7798b058-0cda-4c0b-bb0a-8aef06584d1c",
    "vertices" : [ {
      "x" : 0.809017,
      "y" : 0.0,
      "z" : -0.690983
    }, {
      "x" : 1.0,
      "y" : 0.309017,
      "z" : -0.19098301
    }, {
      "x" : 2.618034,
      "y" : 0.309017,
      "z" : -0.809017
    }, {
      "x" : 2.427051,
      "y" : 0.0,
      "z" : -1.309017
    }, {
      "x" : 5.854102,
      "y" : 0.309017,
      "z" : -2.427051
    }, {
      "x" : 1.0,
      "y" : -0.309017,
      "z" : -0.19098301
    }, {
      "x" : 2.618034,
      "y" : -0.309017,
      "z" : -0.809017
    }, {
      "x" : 4.236068,
      "y" : 0.309017,
      "z" : -1.809017
    }, {
      "x" : 4.427051,
      "y" : 0.0,
      "z" : -1.309017
    }, {
      "x" : 6.854102,
      "y" : 0.0,
      "z" : -2.618034
    }, {
      "x" : 4.236068,
      "y" : -0.309017,
      "z" : -1.809017
    }, {
      "x" : 6.045085,
      "y" : 0.0,
      "z" : -1.927051
    }, {
      "x" : 5.854102,
      "y" : -0.309017,
      "z" : -2.427051
    } ],
    "faces" : [ {
      "vertices" : [ 2, 6, 8 ]
    }, {
      "vertices" : [ 4, 12, 10 ]
    }, {
      "vertices" : [ 4, 10, 7 ]
    }, {
      "vertices" : [ 2, 8, 7 ]
    }, {
      "vertices" : [ 3, 10, 6 ]
    }, {
      "vertices" : [ 3, 7, 10 ]
    }, {
      "vertices" : [ 0, 1, 2 ]
    }, {
      "vertices" : [ 0, 2, 3 ]
    }, {
      "vertices" : [ 6, 10, 8 ]
    }, {
      "vertices" : [ 8, 10, 12 ]
    }, {
      "vertices" : [ 8, 12, 11 ]
    }, {
      "vertices" : [ 2, 7, 3 ]
    }, {
      "vertices" : [ 0, 3, 6 ]
    }, {
      "vertices" : [ 0, 6, 5 ]
    }, {
      "vertices" : [ 1, 5, 6 ]
    }, {
      "vertices" : [ 1, 6, 2 ]
    }, {
      "vertices" : [ 4, 7, 8 ]
    }, {
      "vertices" : [ 4, 8, 11 ]
    } ]
  }, {
    "id" : "427c7118-6f8e-49f2-a00d-35c51bdd3d88",
    "vertices" : [ {
      "x" : 118.137764,
      "y" : 27.416409,
      "z" : 82.24922
    }, {
      "x" : 111.28367,
      "y" : 27.416409,
      "z" : 79.63119
    }, {
      "x" : 118.137764,
      "y" : 30.034441,
      "z" : 75.39512
    } ],
    "faces" : [ {
      "vertices" : [ 0, 1, 2 ]
    }, {
      "vertices" : [ 0, 2, 1 ]
    } ]
  }, {
    "id" : "e8f9bf89-02fa-40d9-a42f-0487cc72c504",
    "vertices" : [ {
      "x" : 0.809017,
      "y" : 0.0,
      "z" : -0.690983
    }, {
      "x" : 1.0,
      "y" : 0.309017,
      "z" : -0.19098301
    }, {
      "x" : 4.736068,
      "y" : 0.309017,
      "z" : -1.618034
    }, {
      "x" : 4.545085,
      "y" : 0.0,
      "z" : -2.118034
    }, {
      "x" : 10.09017,
      "y" : 0.309017,
      "z" : -4.045085
    }, {
      "x" : 1.0,
      "y" : -0.309017,
      "z" : -0.19098301
    }, {
      "x" : 4.736068,
      "y" : -0.309017,
      "z" : -1.618034
    }, {
      "x" : 6.354102,
      "y" : 0.309017,
      "z" : -2.618034
    }, {
      "x" : 6.545085,
      "y" : 0.0,
      "z" : -2.118034
    }, {
      "x" : 11.09017,
      "y" : 0.0,
      "z" : -4.236068
    }, {
      "x" : 6.354102,
      "y" : -0.309017,
      "z" : -2.618034
    }, {
      "x" : 10.281153,
      "y" : 0.0,
      "z" : -3.545085
    }, {
      "x" : 10.09017,
      "y" : -0.309017,
      "z" : -4.045085
    } ],
    "faces" : [ {
      "vertices" : [ 2, 6, 8 ]
    }, {
      "vertices" : [ 4, 12, 10 ]
    }, {
      "vertices" : [ 4, 10, 7 ]
    }, {
      "vertices" : [ 2, 8, 7 ]
    }, {
      "vertices" : [ 3, 10, 6 ]
    }, {
      "vertices" : [ 3, 7, 10 ]
    }, {
      "vertices" : [ 0, 1, 2 ]
    }, {
      "vertices" : [ 0, 2, 3 ]
    }, {
      "vertices" : [ 6, 10, 8 ]
    }, {
      "vertices" : [ 8, 10, 12 ]
    }, {
      "vertices" : [ 8, 12, 11 ]
    }, {
      "vertices" : [ 2, 7, 3 ]
    }, {
      "vertices" : [ 0, 3, 6 ]
    }, {
      "vertices" : [ 0, 6, 5 ]
    }, {
      "vertices" : [ 1, 5, 6 ]
    }, {
      "vertices" : [ 1, 6, 2 ]
    }, {
      "vertices" : [ 4, 7, 8 ]
    }, {
      "vertices" : [ 4, 8, 11 ]
    } ]
  }, {
    "id" : "03a1e59f-e1fb-4e50-b0f1-9fe4c567f29f",
    "vertices" : [ {
      "x" : 72.777084,
      "y" : 116.51973,
      "z" : 71.15905
    }, {
      "x" : 79.63119,
      "y" : 116.51973,
      "z" : 68.54102
    }, {
      "x" : 83.867256,
      "y" : 120.7558,
      "z" : 64.304955
    } ],
    "faces" : [ {
      "vertices" : [ 0, 1, 2 ]
    }, {
      "vertices" : [ 0, 2, 1 ]
    } ]
  }, {
    "id" : "4012f8f1-11c0-4cc5-a041-75ebe9dd2f8a",
    "vertices" : [ {
      "x" : 64.304955,
      "y" : 61.686916,
      "z" : 101.81153
    }, {
      "x" : 68.54102,
      "y" : 72.777084,
      "z" : 101.81153
    }, {
      "x" : 61.686916,
      "y" : 68.54102,
      "z" : 101.81153
    } ],
    "faces" : [ {
      "vertices" : [ 0, 1, 2 ]
    }, {
      "vertices" : [ 0, 2, 1 ]
    } ]
  }, {
    "id" : "a0438478-b1b2-490f-a351-543fc0453544",
    "vertices" : [ {
      "x" : 86.48529,
      "y" : 92.33939,
      "z" : 93.33939
    }, {
      "x" : 100.1935,
      "y" : 92.33939,
      "z" : 93.33939
    }, {
      "x" : 93.33939,
      "y" : 94.95743,
      "z" : 89.103325
    } ],
    "faces" : [ {
      "vertices" : [ 0, 1, 2 ]
    }, {
      "vertices" : [ 0, 2, 1 ]
    } ]
  }, {
    "id" : "ce607886-2a37-4e9e-a62b-8ef7725baa37",
    "vertices" : [ {
      "x" : 65.92299,
      "y" : 123.37383,
      "z" : 72.777084
    }, {
      "x" : 72.777084,
      "y" : 120.7558,
      "z" : 68.54102
    }, {
      "x" : 83.867256,
      "y" : 131.84598,
      "z" : 57.45085
    }, {
      "x" : 77.01315,
      "y" : 134.464,
      "z" : 61.686916
    } ],
    "faces" : [ {
      "vertices" : [ 0, 1, 2 ]
    }, {
      "vertices" : [ 0, 2, 3 ]
    }, {
      "vertices" : [ 0, 3, 2 ]
    }, {
      "vertices" : [ 0, 2, 1 ]
    } ]
  }, {
    "id" : "5f1645c1-7bba-4cf2-a51f-224f142f0baa",
    "vertices" : [ {
      "x" : 120.7558,
      "y" : 65.92299,
      "z" : 57.45085
    }, {
      "x" : 113.9017,
      "y" : 54.832817,
      "z" : 53.214783
    }, {
      "x" : 113.9017,
      "y" : 68.54102,
      "z" : 53.214783
    } ],
    "faces" : [ {
      "vertices" : [ 0, 1, 2 ]
    }, {
      "vertices" : [ 0, 2, 1 ]
    } ]
  }, {
    "id" : "c5334310-6ed8-4c0f-8840-ec5f51c94241",
    "vertices" : [ {
      "x" : 50.59675,
      "y" : 130.22794,
      "z" : 30.034441
    }, {
      "x" : 50.59675,
      "y" : 123.37383,
      "z" : 34.27051
    }, {
      "x" : 50.59675,
      "y" : 116.51973,
      "z" : 30.034441
    } ],
    "faces" : [ {
      "vertices" : [ 0, 1, 2 ]
    }, {
      "vertices" : [ 0, 2, 1 ]
    } ]
  }, {
    "id" : "0d5cf367-ca20-4a6b-a6e0-bb2777112afb",
    "vertices" : [ {
      "x" : 7.472136,
      "y" : 0.309017,
      "z" : 0.19098301
    }, {
      "x" : 7.472136,
      "y" : 0.309017,
      "z" : -0.19098301
    }, {
      "x" : 1.0,
      "y" : 0.309017,
      "z" : -0.19098301
    }, {
      "x" : 1.0,
      "y" : 0.309017,
      "z" : 0.19098301
    }, {
      "x" : 7.472136,
      "y" : -0.309017,
      "z" : 0.19098301
    }, {
      "x" : 1.0,
      "y" : -0.309017,
      "z" : 0.19098301
    }, {
      "x" : 1.0,
      "y" : -0.309017,
      "z" : -0.19098301
    }, {
      "x" : 7.472136,
      "y" : -0.309017,
      "z" : -0.19098301
    }, {
      "x" : 8.472136,
      "y" : 0.0,
      "z" : 0.0
    } ],
    "faces" : [ {
      "vertices" : [ 1, 7, 6 ]
    }, {
      "vertices" : [ 1, 6, 2 ]
    }, {
      "vertices" : [ 0, 1, 2 ]
    }, {
      "vertices" : [ 0, 2, 3 ]
    }, {
      "vertices" : [ 4, 5, 6 ]
    }, {
      "vertices" : [ 4, 6, 7 ]
    }, {
      "vertices" : [ 0, 3, 5 ]
    }, {
      "vertices" : [ 0, 5, 4 ]
    } ]
  }, {
    "id" : "20675a7d-4d63-44e5-a03d-92eadea8bcca",
    "vertices" : [ {
      "x" : 113.9017,
      "y" : 63.30495,
      "z" : 102.81153
    }, {
      "x" : 109.665634,
      "y" : 59.068882,
      "z" : 107.0476
    }, {
      "x" : 107.0476,
      "y" : 52.214783,
      "z" : 107.0476
    } ],
    "faces" : [ {
      "vertices" : [ 0, 1, 2 ]
    }, {
      "vertices" : [ 0, 2, 1 ]
    } ]
  }, {
    "id" : "60c2503a-63d9-4a20-9dd6-a2f99787b35e",
    "vertices" : [ {
      "x" : 89.103325,
      "y" : 88.103325,
      "z" : 100.1935
    }, {
      "x" : 100.1935,
      "y" : 92.33939,
      "z" : 93.33939
    }, {
      "x" : 86.48529,
      "y" : 92.33939,
      "z" : 93.33939
    } ],
    "faces" : [ {
      "vertices" : [ 0, 1, 2 ]
    }, {
      "vertices" : [ 0, 2, 1 ]
    } ]
  }, {
    "id" : "dd78071d-48e8-4456-864a-dccb3c5b3213",
    "vertices" : [ {
      "x" : 86.48529,
      "y" : 70.15905,
      "z" : 43.742645
    }, {
      "x" : 93.33939,
      "y" : 72.777084,
      "z" : 47.978714
    }, {
      "x" : 93.33939,
      "y" : 65.92299,
      "z" : 43.742645
    } ],
    "faces" : [ {
      "vertices" : [ 0, 1, 2 ]
    }, {
      "vertices" : [ 0, 2, 1 ]
    } ]
  }, {
    "id" : "baaa4818-2e2f-4c88-812a-23e9ba003e2b",
    "vertices" : [ {
      "x" : 57.45085,
      "y" : 50.59675,
      "z" : 97.57546
    }, {
      "x" : 57.45085,
      "y" : 47.978714,
      "z" : 90.72136
    }, {
      "x" : 64.304955,
      "y" : 41.12461,
      "z" : 97.57546
    }, {
      "x" : 64.304955,
      "y" : 47.978714,
      "z" : 101.81153
    } ],
    "faces" : [ {
      "vertices" : [ 0, 1, 2 ]
    }, {
      "vertices" : [ 0, 2, 3 ]
    }, {
      "vertices" : [ 0, 3, 2 ]
    }, {
      "vertices" : [ 0, 2, 1 ]
    } ]
  }, {
    "id" : "7919ba4e-f966-4b03-96bc-f6d6f56120de",
    "vertices" : [ {
      "x" : 118.137764,
      "y" : 45.36068,
      "z" : 57.45085
    }, {
      "x" : 111.28367,
      "y" : 34.27051,
      "z" : 61.686916
    }, {
      "x" : 107.0476,
      "y" : 41.12461,
      "z" : 50.59675
    } ],
    "faces" : [ {
      "vertices" : [ 0, 1, 2 ]
    }, {
      "vertices" : [ 0, 2, 1 ]
    } ]
  }, {
    "id" : "5288bb1d-496e-4940-ad74-584abd7f3850",
    "vertices" : [ {
      "x" : 79.63119,
      "y" : 65.92299,
      "z" : 43.742645
    }, {
      "x" : 82.24922,
      "y" : 59.068882,
      "z" : 43.742645
    }, {
      "x" : 75.39512,
      "y" : 54.832817,
      "z" : 43.742645
    } ],
    "faces" : [ {
      "vertices" : [ 0, 1, 2 ]
    }, {
      "vertices" : [ 0, 2, 1 ]
    } ]
  }, {
    "id" : "afc8fbaa-6e48-453e-89e8-e6f888fbaceb",
    "vertices" : [ {
      "x" : 64.304955,
      "y" : 61.686916,
      "z" : 101.81153
    }, {
      "x" : 71.15905,
      "y" : 65.92299,
      "z" : 101.81153
    }, {
      "x" : 68.54102,
      "y" : 72.777084,
      "z" : 101.81153
    } ],
    "faces" : [ {
      "vertices" : [ 0, 1, 2 ]
    }, {
      "vertices" : [ 0, 2, 1 ]
    } ]
  }, {
    "id" : "5d10b88e-731b-43fe-80fc-5a5de8ae3378",
    "vertices" : [ {
      "x" : 57.45085,
      "y" : 50.59675,
      "z" : 97.57546
    }, {
      "x" : 46.36068,
      "y" : 50.59675,
      "z" : 93.33939
    }, {
      "x" : 46.36068,
      "y" : 47.978714,
      "z" : 86.48529
    }, {
      "x" : 57.45085,
      "y" : 47.978714,
      "z" : 90.72136
    } ],
    "faces" : [ {
      "vertices" : [ 0, 1, 2 ]
    }, {
      "vertices" : [ 0, 2, 3 ]
    }, {
      "vertices" : [ 0, 3, 2 ]
    }, {
      "vertices" : [ 0, 2, 1 ]
    } ]
  }, {
    "id" : "7843921a-994f-4e25-b5f7-06c509b01f38",
    "vertices" : [ {
      "x" : 2.618034,
      "y" : 1.736068,
      "z" : 0.309017
    }, {
      "x" : 4.236068,
      "y" : 2.5,
      "z" : 0.309017
    }, {
      "x" : 4.045085,
      "y" : 2.809017,
      "z" : 0.19098301
    }, {
      "x" : 0.809017,
      "y" : 0.618034,
      "z" : -0.309017
    }, {
      "x" : 0.690983,
      "y" : 0.809017,
      "z" : 0.0
    }, {
      "x" : 2.5,
      "y" : 1.927051,
      "z" : 0.0
    }, {
      "x" : 2.618034,
      "y" : 1.736068,
      "z" : -0.309017
    }, {
      "x" : 6.045085,
      "y" : 3.618034,
      "z" : 0.309017
    }, {
      "x" : 2.809017,
      "y" : 1.427051,
      "z" : 0.19098301
    }, {
      "x" : 2.809017,
      "y" : 1.427051,
      "z" : -0.19098301
    }, {
      "x" : 4.354102,
      "y" : 2.309017,
      "z" : 0.0
    }, {
      "x" : 4.236068,
      "y" : 2.5,
      "z" : -0.309017
    }, {
      "x" : 6.163119,
      "y" : 3.427051,
      "z" : 0.0
    }, {
      "x" : 1.0,
      "y" : 0.309017,
      "z" : 0.19098301
    }, {
      "x" : 1.0,
      "y" : 0.309017,
      "z" : -0.19098301
    }, {
      "x" : 0.809017,
      "y" : 0.618034,
      "z" : 0.309017
    }, {
      "x" : 5.854102,
      "y" : 3.927051,
      "z" : 0.19098301
    }, {
      "x" : 6.045085,
      "y" : 3.618034,
      "z" : -0.309017
    }, {
      "x" : 5.854102,
      "y" : 3.927051,
      "z" : -0.19098301
    }, {
      "x" : 6.854102,
      "y" : 4.236068,
      "z" : 0.0
    }, {
      "x" : 4.045085,
      "y" : 2.809017,
      "z" : -0.19098301
    } ],
    "faces" : [ {
      "vertices" : [ 3, 6, 9 ]
    }, {
      "vertices" : [ 3, 9, 14 ]
    }, {
      "vertices" : [ 11, 20, 18 ]
    }, {
      "vertices" : [ 11, 18, 17 ]
    }, {
      "vertices" : [ 0, 1, 2 ]
    }, {
      "vertices" : [ 0, 15, 13 ]
    }, {
      "vertices" : [ 0, 13, 8 ]
    }, {
      "vertices" : [ 6, 20, 11 ]
    }, {
      "vertices" : [ 0, 2, 5 ]
    }, {
      "vertices" : [ 0, 8, 1 ]
    }, {
      "vertices" : [ 8, 13, 14 ]
    }, {
      "vertices" : [ 8, 14, 9 ]
    }, {
      "vertices" : [ 3, 4, 5 ]
    }, {
      "vertices" : [ 3, 5, 6 ]
    }, {
      "vertices" : [ 10, 11, 17 ]
    }, {
      "vertices" : [ 10, 17, 12 ]
    }, {
      "vertices" : [ 1, 8, 10 ]
    }, {
      "vertices" : [ 0, 5, 4 ]
    }, {
      "vertices" : [ 0, 4, 15 ]
    }, {
      "vertices" : [ 2, 16, 18 ]
    }, {
      "vertices" : [ 2, 18, 20 ]
    }, {
      "vertices" : [ 1, 7, 16 ]
    }, {
      "vertices" : [ 1, 16, 2 ]
    }, {
      "vertices" : [ 6, 11, 9 ]
    }, {
      "vertices" : [ 8, 9, 10 ]
    }, {
      "vertices" : [ 2, 20, 5 ]
    }, {
      "vertices" : [ 9, 11, 10 ]
    }, {
      "vertices" : [ 1, 10, 12 ]
    }, {
      "vertices" : [ 1, 12, 7 ]
    }, {
      "vertices" : [ 5, 20, 6 ]
    } ]
  }, {
    "id" : "0894d071-fb9b-4af7-acf9-b1a933019f5c",
    "vertices" : [ {
      "x" : 32.652477,
      "y" : 82.24922,
      "z" : 90.72136
    }, {
      "x" : 32.652477,
      "y" : 79.63119,
      "z" : 83.867256
    }, {
      "x" : 39.506577,
      "y" : 68.54102,
      "z" : 101.81153
    }, {
      "x" : 39.506577,
      "y" : 75.39512,
      "z" : 97.57546
    } ],
    "faces" : [ {
      "vertices" : [ 0, 1, 2 ]
    }, {
      "vertices" : [ 0, 2, 3 ]
    }, {
      "vertices" : [ 0, 3, 2 ]
    }, {
      "vertices" : [ 0, 2, 1 ]
    } ]
  }, {
    "id" : "375b376e-f6d9-489e-8fb5-a4e40be1978b",
    "vertices" : [ {
      "x" : 72.777084,
      "y" : 61.686916,
      "z" : 43.742645
    }, {
      "x" : 68.54102,
      "y" : 68.54102,
      "z" : 54.832817
    }, {
      "x" : 79.63119,
      "y" : 72.777084,
      "z" : 47.978714
    } ],
    "faces" : [ {
      "vertices" : [ 0, 1, 2 ]
    }, {
      "vertices" : [ 0, 2, 1 ]
    } ]
  }, {
    "id" : "841a0bbd-3c40-4c7e-b407-07b4f90bc96c",
    "vertices" : [ {
      "x" : 122.37383,
      "y" : 79.63119,
      "z" : 68.54102
    }, {
      "x" : 111.28367,
      "y" : 83.867256,
      "z" : 61.686916
    }, {
      "x" : 111.28367,
      "y" : 90.72136,
      "z" : 79.63119
    } ],
    "faces" : [ {
      "vertices" : [ 0, 1, 2 ]
    }, {
      "vertices" : [ 0, 2, 1 ]
    } ]
  }, {
    "id" : "61f8524d-65ff-41a5-893f-3046d9a62686",
    "vertices" : [ {
      "x" : 89.103325,
      "y" : 88.103325,
      "z" : 100.1935
    }, {
      "x" : 86.48529,
      "y" : 92.33939,
      "z" : 93.33939
    }, {
      "x" : 82.24922,
      "y" : 88.103325,
      "z" : 97.57546
    } ],
    "faces" : [ {
      "vertices" : [ 0, 1, 2 ]
    }, {
      "vertices" : [ 0, 2, 1 ]
    } ]
  }, {
    "id" : "9d9bdd15-8460-4820-8ec9-77ffabd69125",
    "vertices" : [ {
      "x" : 25.798374,
      "y" : 93.33939,
      "z" : 86.48529
    }, {
      "x" : 28.416409,
      "y" : 86.48529,
      "z" : 86.48529
    }, {
      "x" : 28.416409,
      "y" : 82.24922,
      "z" : 97.57546
    }, {
      "x" : 25.798374,
      "y" : 89.103325,
      "z" : 97.57546
