{
  "polygons" : "true",
  "field" : "golden",
  "symmetry" : "icosahedral",
  "orientations" : [ [ 1.0, 0.0, 0.0, 0.0, 0.0, 1.0, 0.0, 0.0, 0.0, 0.0, 1.0, 0.0, 0.0, 0.0, 0.0, 1.0 ], [ 0.0, 0.0, 1.0, 0.0, 1.0, 0.0, 0.0, 0.0, 0.0, 1.0, 0.0, 0.0, 0.0, 0.0, 0.0, 1.0 ], [ 0.0, 1.0, 0.0, 0.0, 0.0, 0.0, 1.0, 0.0, 1.0, 0.0, 0.0, 0.0, 0.0, 0.0, 0.0, 1.0 ], [ 0.809017, 0.309017, 0.5, 0.0, 0.309017, 0.5, -0.809017, 0.0, -0.5, 0.809017, 0.309017, 0.0, 0.0, 0.0, 0.0, 1.0 ], [ -0.5, 0.809017, 0.309017, 0.0, 0.809017, 0.309017, 0.5, 0.0, 0.309017, 0.5, -0.809017, 0.0, 0.0, 0.0, 0.0, 1.0 ], [ 0.309017, 0.5, -0.809017, 0.0, -0.5, 0.809017, 0.309017, 0.0, 0.809017, 0.309017, 0.5, 0.0, 0.0, 0.0, 0.0, 1.0 ], [ 0.5, 0.809017, 0.309017, 0.0, 0.809017, -0.309017, -0.5, 0.0, -0.309017, 0.5, -0.809017, 0.0, 0.0, 0.0, 0.0, 1.0 ], [ -0.309017, 0.5, -0.809017, 0.0, 0.5, 0.809017, 0.309017, 0.0, 0.809017, -0.309017, -0.5, 0.0, 0.0, 0.0, 0.0, 1.0 ], [ 0.809017, -0.309017, -0.5, 0.0, -0.309017, 0.5, -0.809017, 0.0, 0.5, 0.809017, 0.309017, 0.0, 0.0, 0.0, 0.0, 1.0 ], [ 0.5, 0.809017, -0.309017, 0.0, 0.809017, -0.309017, 0.5, 0.0, 0.309017, -0.5, -0.809017, 0.0, 0.0, 0.0, 0.0, 1.0 ], [ 0.309017, -0.5, -0.809017, 0.0, 0.5, 0.809017, -0.309017, 0.0, 0.809017, -0.309017, 0.5, 0.0, 0.0, 0.0, 0.0, 1.0 ], [ 0.809017, -0.309017, 0.5, 0.0, 0.309017, -0.5, -0.809017, 0.0, 0.5, 0.809017, -0.309017, 0.0, 0.0, 0.0, 0.0, 1.0 ], [ 0.809017, 0.309017, -0.5, 0.0, 0.309017, 0.5, 0.809017, 0.0, 0.5, -0.809017, 0.309017, 0.0, 0.0, 0.0, 0.0, 1.0 ], [ 0.5, -0.809017, 0.309017, 0.0, 0.809017, 0.309017, -0.5, 0.0, 0.309017, 0.5, 0.809017, 0.0, 0.0, 0.0, 0.0, 1.0 ], [ 0.309017, 0.5, 0.809017, 0.0, 0.5, -0.809017, 0.309017, 0.0, 0.809017, 0.309017, -0.5, 0.0, 0.0, 0.0, 0.0, 1.0 ], [ 1.0, 0.0, 0.0, 0.0, 0.0, -1.0, 0.0, 0.0, 0.0, 0.0, -1.0, 0.0, 0.0, 0.0, 0.0, 1.0 ], [ 0.0, 0.0, 1.0, 0.0, -1.0, 0.0, 0.0, 0.0, 0.0, -1.0, 0.0, 0.0, 0.0, 0.0, 0.0, 1.0 ], [ 0.0, 1.0, 0.0, 0.0, 0.0, 0.0, -1.0, 0.0, -1.0, 0.0, 0.0, 0.0, 0.0, 0.0, 0.0, 1.0 ], [ 0.809017, 0.309017, 0.5, 0.0, -0.309017, -0.5, 0.809017, 0.0, 0.5, -0.809017, -0.309017, 0.0, 0.0, 0.0, 0.0, 1.0 ], [ -0.5, 0.809017, 0.309017, 0.0, -0.809017, -0.309017, -0.5, 0.0, -0.309017, -0.5, 0.809017, 0.0, 0.0, 0.0, 0.0, 1.0 ], [ 0.309017, 0.5, -0.809017, 0.0, 0.5, -0.809017, -0.309017, 0.0, -0.809017, -0.309017, -0.5, 0.0, 0.0, 0.0, 0.0, 1.0 ], [ 0.5, 0.809017, 0.309017, 0.0, -0.809017, 0.309017, 0.5, 0.0, 0.309017, -0.5, 0.809017, 0.0, 0.0, 0.0, 0.0, 1.0 ], [ -0.309017, 0.5, -0.809017, 0.0, -0.5, -0.809017, -0.309017, 0.0, -0.809017, 0.309017, 0.5, 0.0, 0.0, 0.0, 0.0, 1.0 ], [ 0.809017, -0.309017, -0.5, 0.0, 0.309017, -0.5, 0.809017, 0.0, -0.5, -0.809017, -0.309017, 0.0, 0.0, 0.0, 0.0, 1.0 ], [ 0.5, 0.809017, -0.309017, 0.0, -0.809017, 0.309017, -0.5, 0.0, -0.309017, 0.5, 0.809017, 0.0, 0.0, 0.0, 0.0, 1.0 ], [ 0.309017, -0.5, -0.809017, 0.0, -0.5, -0.809017, 0.309017, 0.0, -0.809017, 0.309017, -0.5, 0.0, 0.0, 0.0, 0.0, 1.0 ], [ 0.809017, -0.309017, 0.5, 0.0, -0.309017, 0.5, 0.809017, 0.0, -0.5, -0.809017, 0.309017, 0.0, 0.0, 0.0, 0.0, 1.0 ], [ 0.809017, 0.309017, -0.5, 0.0, -0.309017, -0.5, -0.809017, 0.0, -0.5, 0.809017, -0.309017, 0.0, 0.0, 0.0, 0.0, 1.0 ], [ 0.5, -0.809017, 0.309017, 0.0, -0.809017, -0.309017, 0.5, 0.0, -0.309017, -0.5, -0.809017, 0.0, 0.0, 0.0, 0.0, 1.0 ], [ 0.309017, 0.5, 0.809017, 0.0, -0.5, 0.809017, -0.309017, 0.0, -0.809017, -0.309017, 0.5, 0.0, 0.0, 0.0, 0.0, 1.0 ], [ -1.0, 0.0, 0.0, 0.0, 0.0, -1.0, 0.0, 0.0, 0.0, 0.0, 1.0, 0.0, 0.0, 0.0, 0.0, 1.0 ], [ 0.0, 0.0, -1.0, 0.0, -1.0, 0.0, 0.0, 0.0, 0.0, 1.0, 0.0, 0.0, 0.0, 0.0, 0.0, 1.0 ], [ 0.0, -1.0, 0.0, 0.0, 0.0, 0.0, -1.0, 0.0, 1.0, 0.0, 0.0, 0.0, 0.0, 0.0, 0.0, 1.0 ], [ -0.809017, -0.309017, -0.5, 0.0, -0.309017, -0.5, 0.809017, 0.0, -0.5, 0.809017, 0.309017, 0.0, 0.0, 0.0, 0.0, 1.0 ], [ 0.5, -0.809017, -0.309017, 0.0, -0.809017, -0.309017, -0.5, 0.0, 0.309017, 0.5, -0.809017, 0.0, 0.0, 0.0, 0.0, 1.0 ], [ -0.309017, -0.5, 0.809017, 0.0, 0.5, -0.809017, -0.309017, 0.0, 0.809017, 0.309017, 0.5, 0.0, 0.0, 0.0, 0.0, 1.0 ], [ -0.5, -0.809017, -0.309017, 0.0, -0.809017, 0.309017, 0.5, 0.0, -0.309017, 0.5, -0.809017, 0.0, 0.0, 0.0, 0.0, 1.0 ], [ 0.309017, -0.5, 0.809017, 0.0, -0.5, -0.809017, -0.309017, 0.0, 0.809017, -0.309017, -0.5, 0.0, 0.0, 0.0, 0.0, 1.0 ], [ -0.809017, 0.309017, 0.5, 0.0, 0.309017, -0.5, 0.809017, 0.0, 0.5, 0.809017, 0.309017, 0.0, 0.0, 0.0, 0.0, 1.0 ], [ -0.5, -0.809017, 0.309017, 0.0, -0.809017, 0.309017, -0.5, 0.0, 0.309017, -0.5, -0.809017, 0.0, 0.0, 0.0, 0.0, 1.0 ], [ -0.309017, 0.5, 0.809017, 0.0, -0.5, -0.809017, 0.309017, 0.0, 0.809017, -0.309017, 0.5, 0.0, 0.0, 0.0, 0.0, 1.0 ], [ -0.809017, 0.309017, -0.5, 0.0, -0.309017, 0.5, 0.809017, 0.0, 0.5, 0.809017, -0.309017, 0.0, 0.0, 0.0, 0.0, 1.0 ], [ -0.809017, -0.309017, 0.5, 0.0, -0.309017, -0.5, -0.809017, 0.0, 0.5, -0.809017, 0.309017, 0.0, 0.0, 0.0, 0.0, 1.0 ], [ -0.5, 0.809017, -0.309017, 0.0, -0.809017, -0.309017, 0.5, 0.0, 0.309017, 0.5, 0.809017, 0.0, 0.0, 0.0, 0.0, 1.0 ], [ -0.309017, -0.5, -0.809017, 0.0, -0.5, 0.809017, -0.309017, 0.0, 0.809017, 0.309017, -0.5, 0.0, 0.0, 0.0, 0.0, 1.0 ], [ -1.0, 0.0, 0.0, 0.0, 0.0, 1.0, 0.0, 0.0, 0.0, 0.0, -1.0, 0.0, 0.0, 0.0, 0.0, 1.0 ], [ 0.0, 0.0, -1.0, 0.0, 1.0, 0.0, 0.0, 0.0, 0.0, -1.0, 0.0, 0.0, 0.0, 0.0, 0.0, 1.0 ], [ 0.0, -1.0, 0.0, 0.0, 0.0, 0.0, 1.0, 0.0, -1.0, 0.0, 0.0, 0.0, 0.0, 0.0, 0.0, 1.0 ], [ -0.809017, -0.309017, -0.5, 0.0, 0.309017, 0.5, -0.809017, 0.0, 0.5, -0.809017, -0.309017, 0.0, 0.0, 0.0, 0.0, 1.0 ], [ 0.5, -0.809017, -0.309017, 0.0, 0.809017, 0.309017, 0.5, 0.0, -0.309017, -0.5, 0.809017, 0.0, 0.0, 0.0, 0.0, 1.0 ], [ -0.309017, -0.5, 0.809017, 0.0, -0.5, 0.809017, 0.309017, 0.0, -0.809017, -0.309017, -0.5, 0.0, 0.0, 0.0, 0.0, 1.0 ], [ -0.5, -0.809017, -0.309017, 0.0, 0.809017, -0.309017, -0.5, 0.0, 0.309017, -0.5, 0.809017, 0.0, 0.0, 0.0, 0.0, 1.0 ], [ 0.309017, -0.5, 0.809017, 0.0, 0.5, 0.809017, 0.309017, 0.0, -0.809017, 0.309017, 0.5, 0.0, 0.0, 0.0, 0.0, 1.0 ], [ -0.809017, 0.309017, 0.5, 0.0, -0.309017, 0.5, -0.809017, 0.0, -0.5, -0.809017, -0.309017, 0.0, 0.0, 0.0, 0.0, 1.0 ], [ -0.5, -0.809017, 0.309017, 0.0, 0.809017, -0.309017, 0.5, 0.0, -0.309017, 0.5, 0.809017, 0.0, 0.0, 0.0, 0.0, 1.0 ], [ -0.309017, 0.5, 0.809017, 0.0, 0.5, 0.809017, -0.309017, 0.0, -0.809017, 0.309017, -0.5, 0.0, 0.0, 0.0, 0.0, 1.0 ], [ -0.809017, 0.309017, -0.5, 0.0, 0.309017, -0.5, -0.809017, 0.0, -0.5, -0.809017, 0.309017, 0.0, 0.0, 0.0, 0.0, 1.0 ], [ -0.809017, -0.309017, 0.5, 0.0, 0.309017, 0.5, 0.809017, 0.0, -0.5, 0.809017, -0.309017, 0.0, 0.0, 0.0, 0.0, 1.0 ], [ -0.5, 0.809017, -0.309017, 0.0, 0.809017, 0.309017, -0.5, 0.0, -0.309017, -0.5, -0.809017, 0.0, 0.0, 0.0, 0.0, 1.0 ], [ -0.309017, -0.5, -0.809017, 0.0, 0.5, -0.809017, 0.309017, 0.0, -0.809017, -0.309017, 0.5, 0.0, 0.0, 0.0, 0.0, 1.0 ] ],
  "lights" : {
    "ambientColor" : "#292929",
    "backgroundColor" : "#AFC8DC",
    "directionalLights" : [ {
      "direction" : [ 1.0, -1.0, -1.0 ],
      "color" : "#EBEBE4"
    }, {
      "direction" : [ -1.0, 0.0, 0.0 ],
      "color" : "#E4E4EB"
    }, {
      "direction" : [ 0.0, 0.0, -1.0 ],
      "color" : "#1E1E1E"
    } ]
  },
  "camera" : {
    "lookDirection" : {
      "x" : 0.01221609,
      "y" : 0.10972522,
      "z" : -0.9938868
    },
    "upDirection" : {
      "x" : 1.4925499E-4,
      "y" : 0.99396074,
      "z" : 0.10973522
    },
    "lookAtPoint" : {
      "x" : 0.0,
      "y" : 0.0,
      "z" : 0.0
    },
    "viewDistance" : 407.02704,
    "nearClipDistance" : 1.0175679,
    "farClipDistance" : 814.0537,
    "fieldOfView" : 0.4426287,
    "perspective" : true,
    "stereo" : false,
    "width" : 183.1621,
    "position" : {
      "x" : -4.972279,
      "y" : -44.661133,
      "z" : 404.53882
    }
  },
  "embedding" : [ 1.0, 0.0, 0.0, 0.0, 0.0, 1.0, 0.0, 0.0, 0.0, 0.0, 1.0, 0.0, 0.0, 0.0, 0.0, 1.0 ],
  "shapes" : [ {
    "id" : "fe239e3d-2a9c-42f1-a0f0-33bc8f09265d",
    "vertices" : [ {
      "x" : 2.618034,
      "y" : 1.736068,
      "z" : 0.309017
    }, {
      "x" : 4.236068,
      "y" : 2.5,
      "z" : 0.309017
    }, {
      "x" : 4.045085,
      "y" : 2.809017,
      "z" : 0.19098301
    }, {
      "x" : 0.809017,
      "y" : 0.618034,
      "z" : -0.309017
    }, {
      "x" : 0.690983,
      "y" : 0.809017,
      "z" : 0.0
    }, {
      "x" : 2.5,
      "y" : 1.927051,
      "z" : 0.0
    }, {
      "x" : 2.618034,
      "y" : 1.736068,
      "z" : -0.309017
    }, {
      "x" : 6.045085,
      "y" : 3.618034,
      "z" : 0.309017
    }, {
      "x" : 2.809017,
      "y" : 1.427051,
      "z" : 0.19098301
    }, {
      "x" : 2.809017,
      "y" : 1.427051,
      "z" : -0.19098301
    }, {
      "x" : 4.354102,
      "y" : 2.309017,
      "z" : 0.0
    }, {
      "x" : 4.236068,
      "y" : 2.5,
      "z" : -0.309017
    }, {
      "x" : 6.163119,
      "y" : 3.427051,
      "z" : 0.0
    }, {
      "x" : 1.0,
      "y" : 0.309017,
      "z" : 0.19098301
    }, {
      "x" : 1.0,
      "y" : 0.309017,
      "z" : -0.19098301
    }, {
      "x" : 0.809017,
      "y" : 0.618034,
      "z" : 0.309017
    }, {
      "x" : 5.854102,
      "y" : 3.927051,
      "z" : 0.19098301
    }, {
      "x" : 6.045085,
      "y" : 3.618034,
      "z" : -0.309017
    }, {
      "x" : 5.854102,
      "y" : 3.927051,
      "z" : -0.19098301
    }, {
      "x" : 6.854102,
      "y" : 4.236068,
      "z" : 0.0
    }, {
      "x" : 4.045085,
      "y" : 2.809017,
      "z" : -0.19098301
    } ],
    "faces" : [ {
      "vertices" : [ 3, 6, 9, 14 ]
    }, {
      "vertices" : [ 11, 20, 18, 17 ]
    }, {
      "vertices" : [ 0, 1, 2 ]
    }, {
      "vertices" : [ 0, 15, 13, 8 ]
    }, {
      "vertices" : [ 6, 20, 11 ]
    }, {
      "vertices" : [ 0, 2, 5 ]
    }, {
      "vertices" : [ 0, 8, 1 ]
    }, {
      "vertices" : [ 8, 13, 14, 9 ]
    }, {
      "vertices" : [ 3, 4, 5, 6 ]
    }, {
      "vertices" : [ 10, 11, 17, 12 ]
    }, {
      "vertices" : [ 1, 8, 10 ]
    }, {
      "vertices" : [ 0, 5, 4, 15 ]
    }, {
      "vertices" : [ 2, 16, 18, 20 ]
    }, {
      "vertices" : [ 1, 7, 16, 2 ]
    }, {
      "vertices" : [ 6, 11, 9 ]
    }, {
      "vertices" : [ 8, 9, 10 ]
    }, {
      "vertices" : [ 2, 20, 5 ]
    }, {
      "vertices" : [ 9, 11, 10 ]
    }, {
      "vertices" : [ 1, 10, 12, 7 ]
    }, {
      "vertices" : [ 5, 20, 6 ]
    } ]
  }, {
    "id" : "4fc2e5c8-de7a-412c-9927-58ad274bb425",
    "vertices" : [ {
      "x" : 0.809017,
      "y" : 0.0,
      "z" : -0.690983
    }, {
      "x" : 1.0,
      "y" : 0.309017,
      "z" : -0.19098301
    }, {
      "x" : 4.736068,
      "y" : 0.309017,
      "z" : -1.618034
    }, {
      "x" : 4.545085,
      "y" : 0.0,
      "z" : -2.118034
    }, {
      "x" : 10.09017,
      "y" : 0.309017,
      "z" : -4.045085
    }, {
      "x" : 1.0,
      "y" : -0.309017,
      "z" : -0.19098301
    }, {
      "x" : 4.736068,
      "y" : -0.309017,
      "z" : -1.618034
    }, {
      "x" : 6.354102,
      "y" : 0.309017,
      "z" : -2.618034
    }, {
      "x" : 6.545085,
      "y" : 0.0,
      "z" : -2.118034
    }, {
      "x" : 11.09017,
      "y" : 0.0,
      "z" : -4.236068
    }, {
      "x" : 6.354102,
      "y" : -0.309017,
      "z" : -2.618034
    }, {
      "x" : 10.281153,
      "y" : 0.0,
      "z" : -3.545085
    }, {
      "x" : 10.09017,
      "y" : -0.309017,
      "z" : -4.045085
    } ],
    "faces" : [ {
      "vertices" : [ 2, 6, 8 ]
    }, {
      "vertices" : [ 4, 12, 10, 7 ]
    }, {
      "vertices" : [ 2, 8, 7 ]
    }, {
      "vertices" : [ 3, 10, 6 ]
    }, {
      "vertices" : [ 3, 7, 10 ]
    }, {
      "vertices" : [ 0, 1, 2, 3 ]
    }, {
      "vertices" : [ 6, 10, 8 ]
    }, {
      "vertices" : [ 8, 10, 12, 11 ]
    }, {
      "vertices" : [ 2, 7, 3 ]
    }, {
      "vertices" : [ 0, 3, 6, 5 ]
    }, {
      "vertices" : [ 1, 5, 6, 2 ]
    }, {
      "vertices" : [ 4, 7, 8, 11 ]
    } ]
  }, {
    "id" : "fd8a1a88-6499-4cc3-b277-553a4940cf46",
    "vertices" : [ {
      "x" : 0.309017,
      "y" : -0.809017,
      "z" : 0.618034
    }, {
      "x" : 0.809017,
      "y" : -0.618034,
      "z" : 0.309017
    }, {
      "x" : 0.618034,
      "y" : -0.309017,
      "z" : 0.809017
    }, {
      "x" : 1.0,
      "y" : 0.309017,
      "z" : 0.19098301
    }, {
      "x" : 0.809017,
      "y" : 0.618034,
      "z" : 0.309017
    }, {
      "x" : 0.618034,
      "y" : 0.309017,
      "z" : 0.809017
    }, {
      "x" : 0.809017,
      "y" : 0.0,
      "z" : 0.690983
    }, {
      "x" : 0.19098301,
      "y" : -1.0,
      "z" : 0.309017
    }, {
      "x" : -0.19098301,
      "y" : -1.0,
      "z" : 0.309017
    }, {
      "x" : -0.19098301,
      "y" : -1.0,
      "z" : -0.309017
    }, {
      "x" : 0.19098301,
      "y" : -1.0,
      "z" : -0.309017
    }, {
      "x" : 1.0,
      "y" : -0.309017,
      "z" : -0.19098301
    }, {
      "x" : 0.809017,
      "y" : -0.618034,
      "z" : -0.309017
    }, {
      "x" : 0.618034,
      "y" : -0.309017,
      "z" : -0.809017
    }, {
      "x" : 0.809017,
      "y" : 0.0,
      "z" : -0.690983
    }, {
      "x" : 0.0,
      "y" : 0.690983,
      "z" : -0.809017
    }, {
      "x" : 0.309017,
      "y" : 0.809017,
      "z" : -0.618034
    }, {
      "x" : 0.618034,
      "y" : 0.309017,
      "z" : -0.809017
    }, {
      "x" : 0.309017,
      "y" : 0.19098301,
      "z" : -1.0
    }, {
      "x" : 1.0,
      "y" : 0.309017,
      "z" : -0.19098301
    }, {
      "x" : -0.309017,
      "y" : -0.809017,
      "z" : 0.618034
    }, {
      "x" : 0.0,
      "y" : -0.690983,
      "z" : 0.809017
    }, {
      "x" : 0.809017,
      "y" : 0.618034,
      "z" : -0.309017
    }, {
      "x" : 0.690983,
      "y" : 0.809017,
      "z" : 0.0
    }, {
      "x" : -0.690983,
      "y" : 0.809017,
      "z" : 0.0
    }, {
      "x" : -0.809017,
      "y" : 0.618034,
      "z" : 0.309017
    }, {
      "x" : -0.309017,
      "y" : 0.809017,
      "z" : 0.618034
    }, {
      "x" : -0.19098301,
      "y" : 1.0,
      "z" : 0.309017
    }, {
      "x" : 0.309017,
      "y" : -0.19098301,
      "z" : -1.0
    }, {
      "x" : 0.19098301,
      "y" : 1.0,
      "z" : 0.309017
    }, {
      "x" : 0.309017,
      "y" : 0.809017,
      "z" : 0.618034
    }, {
      "x" : -0.809017,
      "y" : -0.618034,
      "z" : 0.309017
    }, {
      "x" : -0.690983,
      "y" : -0.809017,
      "z" : 0.0
    }, {
      "x" : 0.0,
      "y" : 0.690983,
      "z" : 0.809017
    }, {
      "x" : 0.309017,
      "y" : -0.809017,
      "z" : -0.618034
    }, {
      "x" : 0.0,
      "y" : -0.690983,
      "z" : -0.809017
    }, {
      "x" : -1.0,
      "y" : 0.309017,
      "z" : 0.19098301
    }, {
      "x" : -0.809017,
      "y" : 0.0,
      "z" : 0.690983
    }, {
      "x" : -0.618034,
      "y" : 0.309017,
      "z" : 0.809017
    }, {
      "x" : 1.0,
      "y" : -0.309017,
      "z" : 0.19098301
    }, {
      "x" : -0.309017,
      "y" : -0.809017,
      "z" : -0.618034
    }, {
      "x" : -1.0,
      "y" : 0.309017,
      "z" : -0.19098301
    }, {
      "x" : -1.0,
      "y" : -0.309017,
      "z" : -0.19098301
    }, {
      "x" : -1.0,
      "y" : -0.309017,
      "z" : 0.19098301
    }, {
      "x" : 0.19098301,
      "y" : 1.0,
      "z" : -0.309017
    }, {
      "x" : -0.809017,
      "y" : 0.618034,
      "z" : -0.309017
    }, {
      "x" : -0.19098301,
      "y" : 1.0,
      "z" : -0.309017
    }, {
      "x" : -0.309017,
      "y" : 0.809017,
      "z" : -0.618034
    }, {
      "x" : -0.618034,
      "y" : -0.309017,
      "z" : 0.809017
    }, {
      "x" : 0.309017,
      "y" : 0.19098301,
      "z" : 1.0
    }, {
      "x" : -0.309017,
      "y" : 0.19098301,
      "z" : -1.0
    }, {
      "x" : -0.309017,
      "y" : 0.19098301,
      "z" : 1.0
    }, {
      "x" : -0.309017,
      "y" : -0.19098301,
      "z" : 1.0
    }, {
      "x" : 0.309017,
      "y" : -0.19098301,
      "z" : 1.0
    }, {
      "x" : 0.690983,
      "y" : -0.809017,
      "z" : 0.0
    }, {
      "x" : -0.809017,
      "y" : 0.0,
      "z" : -0.690983
    }, {
      "x" : -0.618034,
      "y" : -0.309017,
      "z" : -0.809017
    }, {
      "x" : -0.309017,
      "y" : -0.19098301,
      "z" : -1.0
    }, {
      "x" : -0.618034,
      "y" : 0.309017,
      "z" : -0.809017
    }, {
      "x" : -0.809017,
      "y" : -0.618034,
      "z" : -0.309017
    } ],
    "faces" : [ {
      "vertices" : [ 9, 40, 35, 34, 10 ]
    }, {
      "vertices" : [ 0, 1, 2 ]
    }, {
      "vertices" : [ 33, 51, 49 ]
    }, {
      "vertices" : [ 25, 36, 37, 38 ]
    }, {
      "vertices" : [ 41, 55, 42 ]
    }, {
      "vertices" : [ 9, 32, 59, 40 ]
    }, {
      "vertices" : [ 20, 21, 52, 48 ]
    }, {
      "vertices" : [ 26, 33, 30, 29, 27 ]
    }, {
      "vertices" : [ 3, 4, 5, 6 ]
    }, {
      "vertices" : [ 27, 29, 44, 46 ]
    }, {
      "vertices" : [ 50, 57, 56, 55, 58 ]
    }, {
      "vertices" : [ 26, 38, 51, 33 ]
    }, {
      "vertices" : [ 45, 47, 58 ]
    }, {
      "vertices" : [ 18, 28, 57, 50 ]
    }, {
      "vertices" : [ 40, 59, 56 ]
    }, {
      "vertices" : [ 31, 48, 37, 43 ]
    }, {
      "vertices" : [ 7, 8, 9, 10 ]
    }, {
      "vertices" : [ 36, 41, 42, 43 ]
    }, {
      "vertices" : [ 24, 46, 47, 45 ]
    }, {
      "vertices" : [ 4, 30, 5 ]
    }, {
      "vertices" : [ 15, 47, 46, 44, 16 ]
    }, {
      "vertices" : [ 15, 50, 58, 47 ]
    }, {
      "vertices" : [ 24, 45, 41, 36, 25 ]
    }, {
      "vertices" : [ 11, 14, 19 ]
    }, {
      "vertices" : [ 3, 6, 39 ]
    }, {
      "vertices" : [ 1, 39, 6, 2 ]
    }, {
      "vertices" : [ 8, 32, 9 ]
    }, {
      "vertices" : [ 11, 12, 13, 14 ]
    }, {
      "vertices" : [ 16, 22, 17 ]
    }, {
      "vertices" : [ 0, 21, 20, 8, 7 ]
    }, {
      "vertices" : [ 12, 34, 13 ]
    }, {
      "vertices" : [ 35, 40, 56, 57 ]
    }, {
      "vertices" : [ 0, 7, 54, 1 ]
    }, {
      "vertices" : [ 15, 16, 17, 18 ]
    }, {
      "vertices" : [ 3, 19, 22, 23, 4 ]
    }, {
      "vertices" : [ 7, 10, 54 ]
    }, {
      "vertices" : [ 41, 45, 58, 55 ]
    }, {
      "vertices" : [ 3, 39, 11, 19 ]
    }, {
      "vertices" : [ 14, 17, 22, 19 ]
    }, {
      "vertices" : [ 0, 2, 53, 21 ]
    }, {
      "vertices" : [ 49, 51, 52, 53 ]
    }, {
      "vertices" : [ 31, 43, 42, 59, 32 ]
    }, {
      "vertices" : [ 15, 18, 50 ]
    }, {
      "vertices" : [ 42, 55, 56, 59 ]
    }, {
      "vertices" : [ 4, 23, 29, 30 ]
    }, {
      "vertices" : [ 25, 38, 26 ]
    }, {
      "vertices" : [ 13, 28, 18, 17, 14 ]
    }, {
      "vertices" : [ 8, 20, 31, 32 ]
    }, {
      "vertices" : [ 23, 44, 29 ]
    }, {
      "vertices" : [ 24, 27, 46 ]
    }, {
      "vertices" : [ 37, 48, 52, 51, 38 ]
    }, {
      "vertices" : [ 20, 48, 31 ]
    }, {
      "vertices" : [ 24, 25, 26, 27 ]
    }, {
      "vertices" : [ 16, 44, 23, 22 ]
    }, {
      "vertices" : [ 13, 34, 35, 28 ]
    }, {
      "vertices" : [ 10, 34, 12, 54 ]
    }, {
      "vertices" : [ 2, 6, 5, 49, 53 ]
    }, {
      "vertices" : [ 36, 43, 37 ]
    }, {
      "vertices" : [ 5, 30, 33, 49 ]
    }, {
      "vertices" : [ 1, 54, 12, 11, 39 ]
    }, {
      "vertices" : [ 28, 35, 57 ]
    }, {
      "vertices" : [ 21, 53, 52 ]
    } ]
  }, {
    "id" : "ce12322b-b86c-4ff2-aa41-1e40ea0da8fe",
    "vertices" : [ {
      "x" : 12.708204,
      "y" : 0.309017,
      "z" : 0.19098301
    }, {
      "x" : 12.708204,
      "y" : 0.309017,
      "z" : -0.19098301
    }, {
      "x" : 1.0,
      "y" : 0.309017,
      "z" : -0.19098301
    }, {
      "x" : 1.0,
      "y" : 0.309017,
      "z" : 0.19098301
    }, {
      "x" : 12.708204,
      "y" : -0.309017,
      "z" : 0.19098301
    }, {
      "x" : 1.0,
      "y" : -0.309017,
      "z" : 0.19098301
    }, {
      "x" : 1.0,
      "y" : -0.309017,
      "z" : -0.19098301
    }, {
      "x" : 12.708204,
      "y" : -0.309017,
      "z" : -0.19098301
    }, {
      "x" : 13.708204,
      "y" : 0.0,
      "z" : 0.0
    } ],
    "faces" : [ {
      "vertices" : [ 1, 7, 6, 2 ]
    }, {
      "vertices" : [ 0, 1, 2, 3 ]
    }, {
      "vertices" : [ 4, 5, 6, 7 ]
    }, {
      "vertices" : [ 0, 3, 5, 4 ]
    } ]
  }, {
    "id" : "360350b7-23c7-4e3d-938d-5b280bccb32c",
    "vertices" : [ {
      "x" : 4.736068,
      "y" : 3.045085,
      "z" : 0.309017
    }, {
      "x" : 6.354102,
      "y" : 3.809017,
      "z" : 0.309017
    }, {
      "x" : 6.163119,
      "y" : 4.118034,
      "z" : 0.19098301
    }, {
      "x" : 0.809017,
      "y" : 0.618034,
      "z" : -0.309017
    }, {
      "x" : 0.690983,
      "y" : 0.809017,
      "z" : 0.0
    }, {
      "x" : 4.618034,
      "y" : 3.236068,
      "z" : 0.0
    }, {
      "x" : 4.736068,
      "y" : 3.045085,
      "z" : -0.309017
    }, {
      "x" : 10.281153,
      "y" : 6.236068,
      "z" : 0.309017
    }, {
      "x" : 4.927051,
      "y" : 2.736068,
      "z" : 0.19098301
    }, {
      "x" : 4.927051,
      "y" : 2.736068,
      "z" : -0.19098301
    }, {
      "x" : 6.472136,
      "y" : 3.618034,
      "z" : 0.0
    }, {
      "x" : 6.354102,
      "y" : 3.809017,
      "z" : -0.309017
    }, {
      "x" : 10.399187,
      "y" : 6.045085,
      "z" : 0.0
    }, {
      "x" : 1.0,
      "y" : 0.309017,
      "z" : 0.19098301
    }, {
      "x" : 1.0,
      "y" : 0.309017,
      "z" : -0.19098301
    }, {
      "x" : 0.809017,
      "y" : 0.618034,
      "z" : 0.309017
    }, {
      "x" : 10.09017,
      "y" : 6.545085,
      "z" : 0.19098301
    }, {
      "x" : 10.281153,
      "y" : 6.236068,
      "z" : -0.309017
    }, {
      "x" : 10.09017,
      "y" : 6.545085,
      "z" : -0.19098301
    }, {
      "x" : 11.09017,
      "y" : 6.854102,
      "z" : 0.0
    }, {
      "x" : 6.163119,
      "y" : 4.118034,
      "z" : -0.19098301
    } ],
    "faces" : [ {
      "vertices" : [ 3, 6, 9, 14 ]
    }, {
      "vertices" : [ 11, 20, 18, 17 ]
    }, {
      "vertices" : [ 0, 1, 2 ]
    }, {
      "vertices" : [ 0, 15, 13, 8 ]
    }, {
      "vertices" : [ 6, 20, 11 ]
    }, {
      "vertices" : [ 0, 2, 5 ]
    }, {
      "vertices" : [ 0, 8, 1 ]
    }, {
      "vertices" : [ 8, 13, 14, 9 ]
    }, {
      "vertices" : [ 3, 4, 5, 6 ]
    }, {
      "vertices" : [ 10, 11, 17, 12 ]
    }, {
      "vertices" : [ 1, 8, 10 ]
    }, {
      "vertices" : [ 0, 5, 4, 15 ]
    }, {
      "vertices" : [ 2, 16, 18, 20 ]
    }, {
      "vertices" : [ 1, 7, 16, 2 ]
    }, {
      "vertices" : [ 6, 11, 9 ]
    }, {
      "vertices" : [ 8, 9, 10 ]
    }, {
      "vertices" : [ 2, 20, 5 ]
    }, {
      "vertices" : [ 9, 11, 10 ]
    }, {
      "vertices" : [ 1, 10, 12, 7 ]
    }, {
      "vertices" : [ 5, 20, 6 ]
    } ]
  } ],
  "instances" : [ {
    "shape" : "fe239e3d-2a9c-42f1-a0f0-33bc8f09265d",
    "color" : "#AF0000",
    "position" : {
      "x" : 11.09017,
      "y" : 46.978714,
      "z" : 11.09017
    },
    "orientation" : 32
  }, {
    "shape" : "4fc2e5c8-de7a-412c-9927-58ad274bb425",
    "color" : "#F0A000",
    "position" : {
      "x" : -29.034441,
      "y" : -6.854102,
      "z" : 29.034441
    },
    "orientation" : 22
  }, {
    "shape" : "fe239e3d-2a9c-42f1-a0f0-33bc8f09265d",
    "color" : "#AF0000",
    "position" : {
      "x" : -17.944271,
      "y" : -35.888542,
      "z" : -29.034441
    },
    "orientation" : 15
  }, {
    "shape" : "4fc2e5c8-de7a-412c-9927-58ad274bb425",
    "color" : "#F0A000",
    "position" : {
      "x" : 35.888542,
      "y" : -11.09017,
      "z" : 29.034441
    },
    "orientation" : 39
  }, {
    "shape" : "fd8a1a88-6499-4cc3-b277-553a4940cf46",
    "color" : "#FFFFFF",
    "position" : {
      "x" : 11.09017,
      "y" : -40.12461,
      "z" : -29.034441
    }
  }, {
    "shape" : "fe239e3d-2a9c-42f1-a0f0-33bc8f09265d",
    "color" : "#AF0000",
    "position" : {
      "x" : -29.034441,
      "y" : -6.854102,
      "z" : 29.034441
    },
    "orientation" : 30
  }, {
    "shape" : "4fc2e5c8-de7a-412c-9927-58ad274bb425",
    "color" : "#F0A000",
    "position" : {
      "x" : 17.944271,
      "y" : 40.12461,
      "z" : 17.944271
    },
    "orientation" : 54
  }, {
    "shape" : "fd8a1a88-6499-4cc3-b277-553a4940cf46",
    "color" : "#FFFFFF",
    "position" : {
      "x" : 0.0,
      "y" : 46.978714,
      "z" : -6.854102
    }
  }, {
    "shape" : "ce12322b-b86c-4ff2-aa41-1e40ea0da8fe",
    "color" : "#007695",
    "position" : {
      "x" : 17.944271,
      "y" : 6.854102,
      "z" : 46.978714
    },
    "orientation" : 23
  }, {
    "shape" : "4fc2e5c8-de7a-412c-9927-58ad274bb425",
    "color" : "#F0A000",
    "position" : {
      "x" : 17.944271,
      "y" : 17.944271,
      "z" : 40.12461
    },
    "orientation" : 0
  }, {
    "shape" : "fe239e3d-2a9c-42f1-a0f0-33bc8f09265d",
    "color" : "#AF0000",
    "position" : {
      "x" : -40.12461,
      "y" : -17.944271,
      "z" : -17.944271
    },
    "orientation" : 2
  }, {
    "shape" : "fd8a1a88-6499-4cc3-b277-553a4940cf46",
    "color" : "#FFFFFF",
    "position" : {
      "x" : 0.0,
      "y" : -35.888542,
      "z" : 35.888542
    }
  }, {
    "shape" : "fd8a1a88-6499-4cc3-b277-553a4940cf46",
    "color" : "#FFFFFF",
    "position" : {
      "x" : -29.034441,
      "y" : -11.09017,
      "z" : -17.944271
    }
  }, {
    "shape" : "4fc2e5c8-de7a-412c-9927-58ad274bb425",
    "color" : "#F0A000",
    "position" : {
      "x" : 17.944271,
      "y" : -40.12461,
      "z" : -17.944271
    },
    "orientation" : 17
  }, {
    "shape" : "ce12322b-b86c-4ff2-aa41-1e40ea0da8fe",
    "color" : "#007695",
    "position" : {
      "x" : -6.854102,
      "y" : 46.978714,
      "z" : 17.944271
    },
    "orientation" : 40
  }, {
    "shape" : "fd8a1a88-6499-4cc3-b277-553a4940cf46",
    "color" : "#FFFFFF",
    "position" : {
      "x" : 0.0,
      "y" : 40.12461,
      "z" : 11.09017
    }
  }, {
    "shape" : "ce12322b-b86c-4ff2-aa41-1e40ea0da8fe",
    "color" : "#007695",
    "position" : {
      "x" : 40.12461,
      "y" : 17.944271,
      "z" : 17.944271
    },
    "orientation" : 40
  }, {
    "shape" : "fd8a1a88-6499-4cc3-b277-553a4940cf46",
    "color" : "#FFFFFF",
    "position" : {
      "x" : 11.09017,
      "y" : 35.888542,
      "z" : 17.944271
    }
  }, {
    "shape" : "4fc2e5c8-de7a-412c-9927-58ad274bb425",
    "color" : "#F0A000",
    "position" : {
      "x" : -17.944271,
      "y" : 17.944271,
      "z" : -40.12461
    },
    "orientation" : 24
  }, {
    "shape" : "4fc2e5c8-de7a-412c-9927-58ad274bb425",
    "color" : "#F0A000",
    "position" : {
      "x" : 11.09017,
      "y" : -29.034441,
      "z" : 0.0
    },
    "orientation" : 1
  }, {
    "shape" : "ce12322b-b86c-4ff2-aa41-1e40ea0da8fe",
    "color" : "#007695",
    "position" : {
      "x" : -6.854102,
      "y" : -29.034441,
      "z" : 29.034441
    },
    "orientation" : 0
  }, {
    "shape" : "fd8a1a88-6499-4cc3-b277-553a4940cf46",
    "color" : "#FFFFFF",
    "position" : {
      "x" : 11.09017,
      "y" : -35.888542,
      "z" : -17.944271
    }
  }, {
    "shape" : "4fc2e5c8-de7a-412c-9927-58ad274bb425",
    "color" : "#F0A000",
    "position" : {
      "x" : -29.034441,
      "y" : -11.09017,
      "z" : 17.944271
    },
    "orientation" : 19
  }, {
    "shape" : "fd8a1a88-6499-4cc3-b277-553a4940cf46",
    "color" : "#FFFFFF",
    "position" : {
      "x" : 29.034441,
      "y" : -6.854102,
      "z" : -29.034441
    }
  }, {
    "shape" : "360350b7-23c7-4e3d-938d-5b280bccb32c",
    "color" : "#AF0000",
    "position" : {
      "x" : 29.034441,
      "y" : -29.034441,
      "z" : 29.034441
    },
    "orientation" : 30
  }, {
    "shape" : "ce12322b-b86c-4ff2-aa41-1e40ea0da8fe",
    "color" : "#007695",
    "position" : {
      "x" : 0.0,
      "y" : 46.978714,
      "z" : -6.854102
    },
    "orientation" : 2
  }, {
    "shape" : "fd8a1a88-6499-4cc3-b277-553a4940cf46",
    "color" : "#FFFFFF",
    "position" : {
      "x" : 11.09017,
      "y" : 29.034441,
      "z" : 35.888542
    }
  }, {
    "shape" : "4fc2e5c8-de7a-412c-9927-58ad274bb425",
    "color" : "#F0A000",
    "position" : {
      "x" : 46.978714,
      "y" : -11.09017,
      "z" : -11.09017
    },
    "orientation" : 7
  }, {
    "shape" : "360350b7-23c7-4e3d-938d-5b280bccb32c",
    "color" : "#AF0000",
    "position" : {
      "x" : -17.944271,
      "y" : -29.034441,
      "z" : 11.09017
    },
    "orientation" : 17
  }, {
    "shape" : "4fc2e5c8-de7a-412c-9927-58ad274bb425",
    "color" : "#F0A000",
    "position" : {
      "x" : 35.888542,
      "y" : -11.09017,
      "z" : -29.034441
    },
    "orientation" : 6
  }, {
    "shape" : "fd8a1a88-6499-4cc3-b277-553a4940cf46",
    "color" : "#FFFFFF",
    "position" : {
      "x" : -11.09017,
      "y" : 11.09017,
      "z" : 46.978714
    }
  }, {
    "shape" : "ce12322b-b86c-4ff2-aa41-1e40ea0da8fe",
    "color" : "#007695",
    "position" : {
      "x" : 17.944271,
      "y" : 17.944271,
      "z" : -40.12461
    },
    "orientation" : 51
  }, {
    "shape" : "fe239e3d-2a9c-42f1-a0f0-33bc8f09265d",
    "color" : "#AF0000",
    "position" : {
      "x" : -17.944271,
      "y" : -40.12461,
      "z" : -17.944271
    },
    "orientation" : 0
  }, {
    "shape" : "360350b7-23c7-4e3d-938d-5b280bccb32c",
    "color" : "#AF0000",
    "position" : {
      "x" : 0.0,
      "y" : 0.0,
      "z" : 35.888542
    },
    "orientation" : 46
  }, {
    "shape" : "4fc2e5c8-de7a-412c-9927-58ad274bb425",
    "color" : "#F0A000",
    "position" : {
      "x" : 29.034441,
      "y" : -17.944271,
      "z" : -35.888542
    },
    "orientation" : 9
  }, {
    "shape" : "4fc2e5c8-de7a-412c-9927-58ad274bb425",
    "color" : "#F0A000",
    "position" : {
      "x" : 11.09017,
      "y" : -11.09017,
      "z" : 46.978714
    },
    "orientation" : 1
  }, {
    "shape" : "fd8a1a88-6499-4cc3-b277-553a4940cf46",
    "color" : "#FFFFFF",
    "position" : {
      "x" : 40.12461,
      "y" : -17.944271,
      "z" : -17.944271
    }
  }, {
    "shape" : "4fc2e5c8-de7a-412c-9927-58ad274bb425",
    "color" : "#F0A000",
    "position" : {
      "x" : -11.09017,
      "y" : 29.034441,
      "z" : 35.888542
    },
    "orientation" : 54
  }, {
    "shape" : "4fc2e5c8-de7a-412c-9927-58ad274bb425",
    "color" : "#F0A000",
    "position" : {
      "x" : -17.944271,
      "y" : -35.888542,
      "z" : -29.034441
    },
    "orientation" : 3
  }, {
    "shape" : "4fc2e5c8-de7a-412c-9927-58ad274bb425",
    "color" : "#F0A000",
    "position" : {
      "x" : 6.854102,
      "y" : 29.034441,
      "z" : 29.034441
    },
    "orientation" : 21
  }, {
    "shape" : "fe239e3d-2a9c-42f1-a0f0-33bc8f09265d",
    "color" : "#AF0000",
    "position" : {
      "x" : -11.09017,
      "y" : 11.09017,
      "z" : -46.978714
    },
    "orientation" : 30
  }, {
    "shape" : "fe239e3d-2a9c-42f1-a0f0-33bc8f09265d",
    "color" : "#AF0000",
    "position" : {
      "x" : 29.034441,
      "y" : -17.944271,
      "z" : -35.888542
    },
    "orientation" : 46
  }, {
    "shape" : "ce12322b-b86c-4ff2-aa41-1e40ea0da8fe",
    "color" : "#007695",
    "position" : {
      "x" : -46.978714,
      "y" : 17.944271,
      "z" : -6.854102
    },
    "orientation" : 6
  }, {
    "shape" : "fd8a1a88-6499-4cc3-b277-553a4940cf46",
    "color" : "#FFFFFF",
    "position" : {
      "x" : 11.09017,
      "y" : -40.12461,
      "z" : 29.034441
    }
  }, {
    "shape" : "fd8a1a88-6499-4cc3-b277-553a4940cf46",
    "color" : "#FFFFFF",
    "position" : {
      "x" : 46.978714,
      "y" : 11.09017,
      "z" : -11.09017
    }
  }, {
    "shape" : "4fc2e5c8-de7a-412c-9927-58ad274bb425",
    "color" : "#F0A000",
    "position" : {
      "x" : -29.034441,
      "y" : 29.034441,
      "z" : -6.854102
    },
    "orientation" : 0
  }, {
    "shape" : "fe239e3d-2a9c-42f1-a0f0-33bc8f09265d",
    "color" : "#AF0000",
    "position" : {
      "x" : -11.09017,
      "y" : 46.978714,
      "z" : 11.09017
    },
    "orientation" : 2
  }, {
    "shape" : "ce12322b-b86c-4ff2-aa41-1e40ea0da8fe",
    "color" : "#007695",
    "position" : {
      "x" : 35.888542,
      "y" : 35.888542,
      "z" : 0.0
    },
    "orientation" : 37
  }, {
    "shape" : "ce12322b-b86c-4ff2-aa41-1e40ea0da8fe",
    "color" : "#007695",
    "position" : {
      "x" : 29.034441,
      "y" : -6.854102,
      "z" : -29.034441
    },
    "orientation" : 53
  }, {
    "shape" : "ce12322b-b86c-4ff2-aa41-1e40ea0da8fe",
    "color" : "#007695",
    "position" : {
      "x" : 6.854102,
      "y" : -46.978714,
      "z" : 17.944271
    },
    "orientation" : 45
  }, {
    "shape" : "fd8a1a88-6499-4cc3-b277-553a4940cf46",
    "color" : "#FFFFFF",
    "position" : {
      "x" : 35.888542,
      "y" : 29.034441,
      "z" : -17.944271
    }
  }, {
    "shape" : "ce12322b-b86c-4ff2-aa41-1e40ea0da8fe",
    "color" : "#007695",
    "position" : {
      "x" : 0.0,
      "y" : 35.888542,
      "z" : -35.888542
    },
    "orientation" : 11
  }, {
    "shape" : "fd8a1a88-6499-4cc3-b277-553a4940cf46",
    "color" : "#FFFFFF",
    "position" : {
      "x" : -35.888542,
      "y" : 11.09017,
      "z" : -29.034441
    }
  }, {
    "shape" : "fd8a1a88-6499-4cc3-b277-553a4940cf46",
    "color" : "#FFFFFF",
    "position" : {
      "x" : -29.034441,
      "y" : 35.888542,
      "z" : 11.09017
    }
  }, {
    "shape" : "fd8a1a88-6499-4cc3-b277-553a4940cf46",
    "color" : "#FFFFFF",
    "position" : {
      "x" : -17.944271,
      "y" : -6.854102,
      "z" : -46.978714
    }
  }, {
    "shape" : "ce12322b-b86c-4ff2-aa41-1e40ea0da8fe",
    "color" : "#007695",
    "position" : {
      "x" : 35.888542,
      "y" : 0.0,
      "z" : -35.888542
    },
    "orientation" : 54
  }, {
    "shape" : "fd8a1a88-6499-4cc3-b277-553a4940cf46",
    "color" : "#FFFFFF",
    "position" : {
      "x" : 0.0,
      "y" : 35.888542,
      "z" : 35.888542
    }
  }, {
    "shape" : "4fc2e5c8-de7a-412c-9927-58ad274bb425",
    "color" : "#F0A000",
    "position" : {
      "x" : -29.034441,
      "y" : -29.034441,
      "z" : 6.854102
    },
    "orientation" : 8
  }, {
    "shape" : "360350b7-23c7-4e3d-938d-5b280bccb32c",
    "color" : "#AF0000",
    "position" : {
      "x" : -46.978714,
      "y" : 11.09017,
      "z" : 11.09017
    },
    "orientation" : 31
  }, {
    "shape" : "fd8a1a88-6499-4cc3-b277-553a4940cf46",
    "color" : "#FFFFFF",
    "position" : {
      "x" : -29.034441,
      "y" : 11.09017,
      "z" : 40.12461
    }
  }, {
    "shape" : "360350b7-23c7-4e3d-938d-5b280bccb32c",
    "color" : "#AF0000",
    "position" : {
      "x" : 40.12461,
      "y" : 0.0,
      "z" : -29.034441
    },
    "orientation" : 2
  }, {
    "shape" : "4fc2e5c8-de7a-412c-9927-58ad274bb425",
    "color" : "#F0A000",
    "position" : {
      "x" : 29.034441,
      "y" : 6.854102,
      "z" : -29.034441
    },
    "orientation" : 7
  }, {
    "shape" : "ce12322b-b86c-4ff2-aa41-1e40ea0da8fe",
    "color" : "#007695",
    "position" : {
      "x" : 35.888542,
      "y" : 0.0,
      "z" : -35.888542
    },
    "orientation" : 36
  }, {
    "shape" : "fd8a1a88-6499-4cc3-b277-553a4940cf46",
    "color" : "#FFFFFF",
    "position" : {
      "x" : 0.0,
      "y" : 0.0,
      "z" : 0.0
    }
  }, {
    "shape" : "fe239e3d-2a9c-42f1-a0f0-33bc8f09265d",
    "color" : "#AF0000",
    "position" : {
      "x" : -29.034441,
      "y" : -29.034441,
      "z" : 6.854102
    },
    "orientation" : 31
  }, {
    "shape" : "ce12322b-b86c-4ff2-aa41-1e40ea0da8fe",
    "color" : "#007695",
    "position" : {
      "x" : 40.12461,
      "y" : -17.944271,
      "z" : 17.944271
    },
    "orientation" : 7
  }, {
    "shape" : "fe239e3d-2a9c-42f1-a0f0-33bc8f09265d",
    "color" : "#AF0000",
    "position" : {
      "x" : 6.854102,
      "y" : 29.034441,
      "z" : 29.034441
    },
    "orientation" : 2
  }, {
    "shape" : "fd8a1a88-6499-4cc3-b277-553a4940cf46",
    "color" : "#FFFFFF",
    "position" : {
      "x" : 11.09017,
      "y" : -29.034441,
      "z" : 0.0
    }
  }, {
    "shape" : "ce12322b-b86c-4ff2-aa41-1e40ea0da8fe",
    "color" : "#007695",
    "position" : {
      "x" : -17.944271,
      "y" : -11.09017,
      "z" : -35.888542
    },
    "orientation" : 6
  }, {
    "shape" : "fd8a1a88-6499-4cc3-b277-553a4940cf46",
    "color" : "#FFFFFF",
    "position" : {
      "x" : 29.034441,
      "y" : 29.034441,
      "z" : -29.034441
    }
  }, {
    "shape" : "4fc2e5c8-de7a-412c-9927-58ad274bb425",
    "color" : "#F0A000",
    "position" : {
      "x" : 17.944271,
      "y" : 17.944271,
      "z" : 17.944271
    },
    "orientation" : 19
  }, {
    "shape" : "4fc2e5c8-de7a-412c-9927-58ad274bb425",
    "color" : "#F0A000",
    "position" : {
      "x" : -29.034441,
      "y" : 6.854102,
      "z" : 29.034441
    },
    "orientation" : 17
  }, {
    "shape" : "ce12322b-b86c-4ff2-aa41-1e40ea0da8fe",
    "color" : "#007695",
    "position" : {
      "x" : 0.0,
      "y" : -46.978714,
      "z" : 6.854102
    },
    "orientation" : 47
  }, {
    "shape" : "fd8a1a88-6499-4cc3-b277-553a4940cf46",
    "color" : "#FFFFFF",
    "position" : {
      "x" : -11.09017,
      "y" : 29.034441,
      "z" : 35.888542
    }
  }, {
    "shape" : "4fc2e5c8-de7a-412c-9927-58ad274bb425",
    "color" : "#F0A000",
    "position" : {
      "x" : -35.888542,
      "y" : 0.0,
      "z" : 0.0
    },
    "orientation" : 1
  }, {
    "shape" : "fe239e3d-2a9c-42f1-a0f0-33bc8f09265d",
    "color" : "#AF0000",
    "position" : {
      "x" : -11.09017,
      "y" : -46.978714,
      "z" : 11.09017
    },
    "orientation" : 2
  }, {
    "shape" : "4fc2e5c8-de7a-412c-9927-58ad274bb425",
    "color" : "#F0A000",
    "position" : {
      "x" : 40.12461,
      "y" : 17.944271,
      "z" : 17.944271
    },
    "orientation" : 24
  }, {
    "shape" : "fd8a1a88-6499-4cc3-b277-553a4940cf46",
    "color" : "#FFFFFF",
    "position" : {
      "x" : 17.944271,
      "y" : 6.854102,
      "z" : 46.978714
    }
  }, {
    "shape" : "fe239e3d-2a9c-42f1-a0f0-33bc8f09265d",
    "color" : "#AF0000",
    "position" : {
      "x" : 17.944271,
      "y" : 40.12461,
      "z" : 17.944271
    },
    "orientation" : 30
  }, {
    "shape" : "360350b7-23c7-4e3d-938d-5b280bccb32c",
    "color" : "#AF0000",
    "position" : {
      "x" : 11.09017,
      "y" : 46.978714,
      "z" : -11.09017
    },
    "orientation" : 2
  }, {
    "shape" : "4fc2e5c8-de7a-412c-9927-58ad274bb425",
    "color" : "#F0A000",
    "position" : {
      "x" : 17.944271,
      "y" : 11.09017,
      "z" : -35.888542
    },
    "orientation" : 4
  }, {
    "shape" : "fd8a1a88-6499-4cc3-b277-553a4940cf46",
    "color" : "#FFFFFF",
    "position" : {
      "x" : 29.034441,
      "y" : -29.034441,
      "z" : 6.854102
    }
  }, {
    "shape" : "4fc2e5c8-de7a-412c-9927-58ad274bb425",
    "color" : "#F0A000",
    "position" : {
      "x" : -11.09017,
      "y" : -46.978714,
      "z" : -11.09017
    },
    "orientation" : 8
  }, {
    "shape" : "fe239e3d-2a9c-42f1-a0f0-33bc8f09265d",
    "color" : "#AF0000",
    "position" : {
      "x" : -6.854102,
      "y" : 29.034441,
      "z" : 29.034441
    },
    "orientation" : 32
  }, {
    "shape" : "fd8a1a88-6499-4cc3-b277-553a4940cf46",
    "color" : "#FFFFFF",
    "position" : {
      "x" : -11.09017,
      "y" : -29.034441,
      "z" : 35.888542
    }
  }, {
    "shape" : "fd8a1a88-6499-4cc3-b277-553a4940cf46",
    "color" : "#FFFFFF",
    "position" : {
      "x" : 17.944271,
      "y" : -35.888542,
      "z" : 29.034441
    }
  }, {
    "shape" : "fd8a1a88-6499-4cc3-b277-553a4940cf46",
    "color" : "#FFFFFF",
    "position" : {
      "x" : -46.978714,
      "y" : 17.944271,
      "z" : 6.854102
    }
  }, {
    "shape" : "fd8a1a88-6499-4cc3-b277-553a4940cf46",
    "color" : "#FFFFFF",
    "position" : {
      "x" : 40.12461,
      "y" : 17.944271,
      "z" : -17.944271
    }
  }, {
    "shape" : "ce12322b-b86c-4ff2-aa41-1e40ea0da8fe",
    "color" : "#007695",
    "position" : {
      "x" : -35.888542,
      "y" : 0.0,
      "z" : -35.888542
    },
    "orientation" : 24
  }, {
    "shape" : "fd8a1a88-6499-4cc3-b277-553a4940cf46",
