{
  "polygons" : "true",
  "field" : "golden",
  "symmetry" : "icosahedral",
  "orientations" : [ [ 1.0, 0.0, 0.0, 0.0, 0.0, 1.0, 0.0, 0.0, 0.0, 0.0, 1.0, 0.0, 0.0, 0.0, 0.0, 1.0 ], [ 0.0, 0.0, 1.0, 0.0, 1.0, 0.0, 0.0, 0.0, 0.0, 1.0, 0.0, 0.0, 0.0, 0.0, 0.0, 1.0 ], [ 0.0, 1.0, 0.0, 0.0, 0.0, 0.0, 1.0, 0.0, 1.0, 0.0, 0.0, 0.0, 0.0, 0.0, 0.0, 1.0 ], [ 0.809017, 0.309017, 0.5, 0.0, 0.309017, 0.5, -0.809017, 0.0, -0.5, 0.809017, 0.309017, 0.0, 0.0, 0.0, 0.0, 1.0 ], [ -0.5, 0.809017, 0.309017, 0.0, 0.809017, 0.309017, 0.5, 0.0, 0.309017, 0.5, -0.809017, 0.0, 0.0, 0.0, 0.0, 1.0 ], [ 0.309017, 0.5, -0.809017, 0.0, -0.5, 0.809017, 0.309017, 0.0, 0.809017, 0.309017, 0.5, 0.0, 0.0, 0.0, 0.0, 1.0 ], [ 0.5, 0.809017, 0.309017, 0.0, 0.809017, -0.309017, -0.5, 0.0, -0.309017, 0.5, -0.809017, 0.0, 0.0, 0.0, 0.0, 1.0 ], [ -0.309017, 0.5, -0.809017, 0.0, 0.5, 0.809017, 0.309017, 0.0, 0.809017, -0.309017, -0.5, 0.0, 0.0, 0.0, 0.0, 1.0 ], [ 0.809017, -0.309017, -0.5, 0.0, -0.309017, 0.5, -0.809017, 0.0, 0.5, 0.809017, 0.309017, 0.0, 0.0, 0.0, 0.0, 1.0 ], [ 0.5, 0.809017, -0.309017, 0.0, 0.809017, -0.309017, 0.5, 0.0, 0.309017, -0.5, -0.809017, 0.0, 0.0, 0.0, 0.0, 1.0 ], [ 0.309017, -0.5, -0.809017, 0.0, 0.5, 0.809017, -0.309017, 0.0, 0.809017, -0.309017, 0.5, 0.0, 0.0, 0.0, 0.0, 1.0 ], [ 0.809017, -0.309017, 0.5, 0.0, 0.309017, -0.5, -0.809017, 0.0, 0.5, 0.809017, -0.309017, 0.0, 0.0, 0.0, 0.0, 1.0 ], [ 0.809017, 0.309017, -0.5, 0.0, 0.309017, 0.5, 0.809017, 0.0, 0.5, -0.809017, 0.309017, 0.0, 0.0, 0.0, 0.0, 1.0 ], [ 0.5, -0.809017, 0.309017, 0.0, 0.809017, 0.309017, -0.5, 0.0, 0.309017, 0.5, 0.809017, 0.0, 0.0, 0.0, 0.0, 1.0 ], [ 0.309017, 0.5, 0.809017, 0.0, 0.5, -0.809017, 0.309017, 0.0, 0.809017, 0.309017, -0.5, 0.0, 0.0, 0.0, 0.0, 1.0 ], [ 1.0, 0.0, 0.0, 0.0, 0.0, -1.0, 0.0, 0.0, 0.0, 0.0, -1.0, 0.0, 0.0, 0.0, 0.0, 1.0 ], [ 0.0, 0.0, 1.0, 0.0, -1.0, 0.0, 0.0, 0.0, 0.0, -1.0, 0.0, 0.0, 0.0, 0.0, 0.0, 1.0 ], [ 0.0, 1.0, 0.0, 0.0, 0.0, 0.0, -1.0, 0.0, -1.0, 0.0, 0.0, 0.0, 0.0, 0.0, 0.0, 1.0 ], [ 0.809017, 0.309017, 0.5, 0.0, -0.309017, -0.5, 0.809017, 0.0, 0.5, -0.809017, -0.309017, 0.0, 0.0, 0.0, 0.0, 1.0 ], [ -0.5, 0.809017, 0.309017, 0.0, -0.809017, -0.309017, -0.5, 0.0, -0.309017, -0.5, 0.809017, 0.0, 0.0, 0.0, 0.0, 1.0 ], [ 0.309017, 0.5, -0.809017, 0.0, 0.5, -0.809017, -0.309017, 0.0, -0.809017, -0.309017, -0.5, 0.0, 0.0, 0.0, 0.0, 1.0 ], [ 0.5, 0.809017, 0.309017, 0.0, -0.809017, 0.309017, 0.5, 0.0, 0.309017, -0.5, 0.809017, 0.0, 0.0, 0.0, 0.0, 1.0 ], [ -0.309017, 0.5, -0.809017, 0.0, -0.5, -0.809017, -0.309017, 0.0, -0.809017, 0.309017, 0.5, 0.0, 0.0, 0.0, 0.0, 1.0 ], [ 0.809017, -0.309017, -0.5, 0.0, 0.309017, -0.5, 0.809017, 0.0, -0.5, -0.809017, -0.309017, 0.0, 0.0, 0.0, 0.0, 1.0 ], [ 0.5, 0.809017, -0.309017, 0.0, -0.809017, 0.309017, -0.5, 0.0, -0.309017, 0.5, 0.809017, 0.0, 0.0, 0.0, 0.0, 1.0 ], [ 0.309017, -0.5, -0.809017, 0.0, -0.5, -0.809017, 0.309017, 0.0, -0.809017, 0.309017, -0.5, 0.0, 0.0, 0.0, 0.0, 1.0 ], [ 0.809017, -0.309017, 0.5, 0.0, -0.309017, 0.5, 0.809017, 0.0, -0.5, -0.809017, 0.309017, 0.0, 0.0, 0.0, 0.0, 1.0 ], [ 0.809017, 0.309017, -0.5, 0.0, -0.309017, -0.5, -0.809017, 0.0, -0.5, 0.809017, -0.309017, 0.0, 0.0, 0.0, 0.0, 1.0 ], [ 0.5, -0.809017, 0.309017, 0.0, -0.809017, -0.309017, 0.5, 0.0, -0.309017, -0.5, -0.809017, 0.0, 0.0, 0.0, 0.0, 1.0 ], [ 0.309017, 0.5, 0.809017, 0.0, -0.5, 0.809017, -0.309017, 0.0, -0.809017, -0.309017, 0.5, 0.0, 0.0, 0.0, 0.0, 1.0 ], [ -1.0, 0.0, 0.0, 0.0, 0.0, -1.0, 0.0, 0.0, 0.0, 0.0, 1.0, 0.0, 0.0, 0.0, 0.0, 1.0 ], [ 0.0, 0.0, -1.0, 0.0, -1.0, 0.0, 0.0, 0.0, 0.0, 1.0, 0.0, 0.0, 0.0, 0.0, 0.0, 1.0 ], [ 0.0, -1.0, 0.0, 0.0, 0.0, 0.0, -1.0, 0.0, 1.0, 0.0, 0.0, 0.0, 0.0, 0.0, 0.0, 1.0 ], [ -0.809017, -0.309017, -0.5, 0.0, -0.309017, -0.5, 0.809017, 0.0, -0.5, 0.809017, 0.309017, 0.0, 0.0, 0.0, 0.0, 1.0 ], [ 0.5, -0.809017, -0.309017, 0.0, -0.809017, -0.309017, -0.5, 0.0, 0.309017, 0.5, -0.809017, 0.0, 0.0, 0.0, 0.0, 1.0 ], [ -0.309017, -0.5, 0.809017, 0.0, 0.5, -0.809017, -0.309017, 0.0, 0.809017, 0.309017, 0.5, 0.0, 0.0, 0.0, 0.0, 1.0 ], [ -0.5, -0.809017, -0.309017, 0.0, -0.809017, 0.309017, 0.5, 0.0, -0.309017, 0.5, -0.809017, 0.0, 0.0, 0.0, 0.0, 1.0 ], [ 0.309017, -0.5, 0.809017, 0.0, -0.5, -0.809017, -0.309017, 0.0, 0.809017, -0.309017, -0.5, 0.0, 0.0, 0.0, 0.0, 1.0 ], [ -0.809017, 0.309017, 0.5, 0.0, 0.309017, -0.5, 0.809017, 0.0, 0.5, 0.809017, 0.309017, 0.0, 0.0, 0.0, 0.0, 1.0 ], [ -0.5, -0.809017, 0.309017, 0.0, -0.809017, 0.309017, -0.5, 0.0, 0.309017, -0.5, -0.809017, 0.0, 0.0, 0.0, 0.0, 1.0 ], [ -0.309017, 0.5, 0.809017, 0.0, -0.5, -0.809017, 0.309017, 0.0, 0.809017, -0.309017, 0.5, 0.0, 0.0, 0.0, 0.0, 1.0 ], [ -0.809017, 0.309017, -0.5, 0.0, -0.309017, 0.5, 0.809017, 0.0, 0.5, 0.809017, -0.309017, 0.0, 0.0, 0.0, 0.0, 1.0 ], [ -0.809017, -0.309017, 0.5, 0.0, -0.309017, -0.5, -0.809017, 0.0, 0.5, -0.809017, 0.309017, 0.0, 0.0, 0.0, 0.0, 1.0 ], [ -0.5, 0.809017, -0.309017, 0.0, -0.809017, -0.309017, 0.5, 0.0, 0.309017, 0.5, 0.809017, 0.0, 0.0, 0.0, 0.0, 1.0 ], [ -0.309017, -0.5, -0.809017, 0.0, -0.5, 0.809017, -0.309017, 0.0, 0.809017, 0.309017, -0.5, 0.0, 0.0, 0.0, 0.0, 1.0 ], [ -1.0, 0.0, 0.0, 0.0, 0.0, 1.0, 0.0, 0.0, 0.0, 0.0, -1.0, 0.0, 0.0, 0.0, 0.0, 1.0 ], [ 0.0, 0.0, -1.0, 0.0, 1.0, 0.0, 0.0, 0.0, 0.0, -1.0, 0.0, 0.0, 0.0, 0.0, 0.0, 1.0 ], [ 0.0, -1.0, 0.0, 0.0, 0.0, 0.0, 1.0, 0.0, -1.0, 0.0, 0.0, 0.0, 0.0, 0.0, 0.0, 1.0 ], [ -0.809017, -0.309017, -0.5, 0.0, 0.309017, 0.5, -0.809017, 0.0, 0.5, -0.809017, -0.309017, 0.0, 0.0, 0.0, 0.0, 1.0 ], [ 0.5, -0.809017, -0.309017, 0.0, 0.809017, 0.309017, 0.5, 0.0, -0.309017, -0.5, 0.809017, 0.0, 0.0, 0.0, 0.0, 1.0 ], [ -0.309017, -0.5, 0.809017, 0.0, -0.5, 0.809017, 0.309017, 0.0, -0.809017, -0.309017, -0.5, 0.0, 0.0, 0.0, 0.0, 1.0 ], [ -0.5, -0.809017, -0.309017, 0.0, 0.809017, -0.309017, -0.5, 0.0, 0.309017, -0.5, 0.809017, 0.0, 0.0, 0.0, 0.0, 1.0 ], [ 0.309017, -0.5, 0.809017, 0.0, 0.5, 0.809017, 0.309017, 0.0, -0.809017, 0.309017, 0.5, 0.0, 0.0, 0.0, 0.0, 1.0 ], [ -0.809017, 0.309017, 0.5, 0.0, -0.309017, 0.5, -0.809017, 0.0, -0.5, -0.809017, -0.309017, 0.0, 0.0, 0.0, 0.0, 1.0 ], [ -0.5, -0.809017, 0.309017, 0.0, 0.809017, -0.309017, 0.5, 0.0, -0.309017, 0.5, 0.809017, 0.0, 0.0, 0.0, 0.0, 1.0 ], [ -0.309017, 0.5, 0.809017, 0.0, 0.5, 0.809017, -0.309017, 0.0, -0.809017, 0.309017, -0.5, 0.0, 0.0, 0.0, 0.0, 1.0 ], [ -0.809017, 0.309017, -0.5, 0.0, 0.309017, -0.5, -0.809017, 0.0, -0.5, -0.809017, 0.309017, 0.0, 0.0, 0.0, 0.0, 1.0 ], [ -0.809017, -0.309017, 0.5, 0.0, 0.309017, 0.5, 0.809017, 0.0, -0.5, 0.809017, -0.309017, 0.0, 0.0, 0.0, 0.0, 1.0 ], [ -0.5, 0.809017, -0.309017, 0.0, 0.809017, 0.309017, -0.5, 0.0, -0.309017, -0.5, -0.809017, 0.0, 0.0, 0.0, 0.0, 1.0 ], [ -0.309017, -0.5, -0.809017, 0.0, 0.5, -0.809017, 0.309017, 0.0, -0.809017, -0.309017, 0.5, 0.0, 0.0, 0.0, 0.0, 1.0 ] ],
  "lights" : {
    "directionalLights" : [ {
      "direction" : [ 1.0, -1.0, -1.0 ],
      "color" : "#EBEBE4"
    }, {
      "direction" : [ -1.0, 0.0, 0.0 ],
      "color" : "#E4E4EB"
    }, {
      "direction" : [ 0.0, 0.0, -1.0 ],
      "color" : "#1E1E1E"
    } ],
    "ambientColor" : "#292929",
    "backgroundColor" : "#AFC8DC"
  },
  "camera" : {
    "position" : {
      "x" : 16.675219,
      "y" : 294.8646,
      "z" : 86.07916
    },
    "width" : 138.4309,
    "stereo" : false,
    "lookDirection" : {
      "x" : -0.05420643,
      "y" : -0.9585216,
      "z" : -0.27981907
    },
    "upDirection" : {
      "x" : -0.12182313,
      "y" : -0.27178758,
      "z" : 0.9546132
    },
    "lookAtPoint" : {
      "x" : 0.0,
      "y" : 0.0,
      "z" : 0.0
    },
    "viewDistance" : 307.62436,
    "nearClipDistance" : 0.7690599,
    "farClipDistance" : 615.2475,
    "fieldOfView" : 0.44262868,
    "perspective" : true
  },
  "embedding" : [ 1.0, 0.0, 0.0, 0.0, 0.0, 1.0, 0.0, 0.0, 0.0, 0.0, 1.0, 0.0, 0.0, 0.0, 0.0, 1.0 ],
  "shapes" : [ {
    "id" : "ad4fe083-04f0-4f3d-a65b-bce3a5e425e6",
    "name" : "ball",
    "vertices" : [ {
      "x" : 0.309017,
      "y" : -0.809017,
      "z" : 0.618034
    }, {
      "x" : 0.809017,
      "y" : -0.618034,
      "z" : 0.309017
    }, {
      "x" : 0.618034,
      "y" : -0.309017,
      "z" : 0.809017
    }, {
      "x" : 1.0,
      "y" : 0.309017,
      "z" : 0.19098301
    }, {
      "x" : 0.809017,
      "y" : 0.618034,
      "z" : 0.309017
    }, {
      "x" : 0.618034,
      "y" : 0.309017,
      "z" : 0.809017
    }, {
      "x" : 0.809017,
      "y" : 0.0,
      "z" : 0.690983
    }, {
      "x" : 0.19098301,
      "y" : -1.0,
      "z" : 0.309017
    }, {
      "x" : -0.19098301,
      "y" : -1.0,
      "z" : 0.309017
    }, {
      "x" : -0.19098301,
      "y" : -1.0,
      "z" : -0.309017
    }, {
      "x" : 0.19098301,
      "y" : -1.0,
      "z" : -0.309017
    }, {
      "x" : 1.0,
      "y" : -0.309017,
      "z" : -0.19098301
    }, {
      "x" : 0.809017,
      "y" : -0.618034,
      "z" : -0.309017
    }, {
      "x" : 0.618034,
      "y" : -0.309017,
      "z" : -0.809017
    }, {
      "x" : 0.809017,
      "y" : 0.0,
      "z" : -0.690983
    }, {
      "x" : 0.0,
      "y" : 0.690983,
      "z" : -0.809017
    }, {
      "x" : 0.309017,
      "y" : 0.809017,
      "z" : -0.618034
    }, {
      "x" : 0.618034,
      "y" : 0.309017,
      "z" : -0.809017
    }, {
      "x" : 0.309017,
      "y" : 0.19098301,
      "z" : -1.0
    }, {
      "x" : 1.0,
      "y" : 0.309017,
      "z" : -0.19098301
    }, {
      "x" : -0.309017,
      "y" : -0.809017,
      "z" : 0.618034
    }, {
      "x" : 0.0,
      "y" : -0.690983,
      "z" : 0.809017
    }, {
      "x" : 0.809017,
      "y" : 0.618034,
      "z" : -0.309017
    }, {
      "x" : 0.690983,
      "y" : 0.809017,
      "z" : 0.0
    }, {
      "x" : -0.690983,
      "y" : 0.809017,
      "z" : 0.0
    }, {
      "x" : -0.809017,
      "y" : 0.618034,
      "z" : 0.309017
    }, {
      "x" : -0.309017,
      "y" : 0.809017,
      "z" : 0.618034
    }, {
      "x" : -0.19098301,
      "y" : 1.0,
      "z" : 0.309017
    }, {
      "x" : 0.309017,
      "y" : -0.19098301,
      "z" : -1.0
    }, {
      "x" : 0.19098301,
      "y" : 1.0,
      "z" : 0.309017
    }, {
      "x" : 0.309017,
      "y" : 0.809017,
      "z" : 0.618034
    }, {
      "x" : -0.809017,
      "y" : -0.618034,
      "z" : 0.309017
    }, {
      "x" : -0.690983,
      "y" : -0.809017,
      "z" : 0.0
    }, {
      "x" : 0.0,
      "y" : 0.690983,
      "z" : 0.809017
    }, {
      "x" : 0.309017,
      "y" : -0.809017,
      "z" : -0.618034
    }, {
      "x" : 0.0,
      "y" : -0.690983,
      "z" : -0.809017
    }, {
      "x" : -1.0,
      "y" : 0.309017,
      "z" : 0.19098301
    }, {
      "x" : -0.809017,
      "y" : 0.0,
      "z" : 0.690983
    }, {
      "x" : -0.618034,
      "y" : 0.309017,
      "z" : 0.809017
    }, {
      "x" : 1.0,
      "y" : -0.309017,
      "z" : 0.19098301
    }, {
      "x" : -0.309017,
      "y" : -0.809017,
      "z" : -0.618034
    }, {
      "x" : -1.0,
      "y" : 0.309017,
      "z" : -0.19098301
    }, {
      "x" : -1.0,
      "y" : -0.309017,
      "z" : -0.19098301
    }, {
      "x" : -1.0,
      "y" : -0.309017,
      "z" : 0.19098301
    }, {
      "x" : 0.19098301,
      "y" : 1.0,
      "z" : -0.309017
    }, {
      "x" : -0.809017,
      "y" : 0.618034,
      "z" : -0.309017
    }, {
      "x" : -0.19098301,
      "y" : 1.0,
      "z" : -0.309017
    }, {
      "x" : -0.309017,
      "y" : 0.809017,
      "z" : -0.618034
    }, {
      "x" : -0.618034,
      "y" : -0.309017,
      "z" : 0.809017
    }, {
      "x" : 0.309017,
      "y" : 0.19098301,
      "z" : 1.0
    }, {
      "x" : -0.309017,
      "y" : 0.19098301,
      "z" : -1.0
    }, {
      "x" : -0.309017,
      "y" : 0.19098301,
      "z" : 1.0
    }, {
      "x" : -0.309017,
      "y" : -0.19098301,
      "z" : 1.0
    }, {
      "x" : 0.309017,
      "y" : -0.19098301,
      "z" : 1.0
    }, {
      "x" : 0.690983,
      "y" : -0.809017,
      "z" : 0.0
    }, {
      "x" : -0.809017,
      "y" : 0.0,
      "z" : -0.690983
    }, {
      "x" : -0.618034,
      "y" : -0.309017,
      "z" : -0.809017
    }, {
      "x" : -0.309017,
      "y" : -0.19098301,
      "z" : -1.0
    }, {
      "x" : -0.618034,
      "y" : 0.309017,
      "z" : -0.809017
    }, {
      "x" : -0.809017,
      "y" : -0.618034,
      "z" : -0.309017
    } ],
    "faces" : [ {
      "vertices" : [ 9, 40, 35, 34, 10 ]
    }, {
      "vertices" : [ 0, 1, 2 ]
    }, {
      "vertices" : [ 33, 51, 49 ]
    }, {
      "vertices" : [ 25, 36, 37, 38 ]
    }, {
      "vertices" : [ 41, 55, 42 ]
    }, {
      "vertices" : [ 9, 32, 59, 40 ]
    }, {
      "vertices" : [ 20, 21, 52, 48 ]
    }, {
      "vertices" : [ 26, 33, 30, 29, 27 ]
    }, {
      "vertices" : [ 3, 4, 5, 6 ]
    }, {
      "vertices" : [ 27, 29, 44, 46 ]
    }, {
      "vertices" : [ 50, 57, 56, 55, 58 ]
    }, {
      "vertices" : [ 26, 38, 51, 33 ]
    }, {
      "vertices" : [ 45, 47, 58 ]
    }, {
      "vertices" : [ 18, 28, 57, 50 ]
    }, {
      "vertices" : [ 40, 59, 56 ]
    }, {
      "vertices" : [ 31, 48, 37, 43 ]
    }, {
      "vertices" : [ 7, 8, 9, 10 ]
    }, {
      "vertices" : [ 36, 41, 42, 43 ]
    }, {
      "vertices" : [ 24, 46, 47, 45 ]
    }, {
      "vertices" : [ 4, 30, 5 ]
    }, {
      "vertices" : [ 15, 47, 46, 44, 16 ]
    }, {
      "vertices" : [ 15, 50, 58, 47 ]
    }, {
      "vertices" : [ 24, 45, 41, 36, 25 ]
    }, {
      "vertices" : [ 11, 14, 19 ]
    }, {
      "vertices" : [ 3, 6, 39 ]
    }, {
      "vertices" : [ 1, 39, 6, 2 ]
    }, {
      "vertices" : [ 8, 32, 9 ]
    }, {
      "vertices" : [ 11, 12, 13, 14 ]
    }, {
      "vertices" : [ 16, 22, 17 ]
    }, {
      "vertices" : [ 0, 21, 20, 8, 7 ]
    }, {
      "vertices" : [ 12, 34, 13 ]
    }, {
      "vertices" : [ 35, 40, 56, 57 ]
    }, {
      "vertices" : [ 0, 7, 54, 1 ]
    }, {
      "vertices" : [ 15, 16, 17, 18 ]
    }, {
      "vertices" : [ 3, 19, 22, 23, 4 ]
    }, {
      "vertices" : [ 7, 10, 54 ]
    }, {
      "vertices" : [ 41, 45, 58, 55 ]
    }, {
      "vertices" : [ 3, 39, 11, 19 ]
    }, {
      "vertices" : [ 14, 17, 22, 19 ]
    }, {
      "vertices" : [ 0, 2, 53, 21 ]
    }, {
      "vertices" : [ 49, 51, 52, 53 ]
    }, {
      "vertices" : [ 31, 43, 42, 59, 32 ]
    }, {
      "vertices" : [ 15, 18, 50 ]
    }, {
      "vertices" : [ 42, 55, 56, 59 ]
    }, {
      "vertices" : [ 4, 23, 29, 30 ]
    }, {
      "vertices" : [ 25, 38, 26 ]
    }, {
      "vertices" : [ 13, 28, 18, 17, 14 ]
    }, {
      "vertices" : [ 8, 20, 31, 32 ]
    }, {
      "vertices" : [ 23, 44, 29 ]
    }, {
      "vertices" : [ 24, 27, 46 ]
    }, {
      "vertices" : [ 37, 48, 52, 51, 38 ]
    }, {
      "vertices" : [ 20, 48, 31 ]
    }, {
      "vertices" : [ 24, 25, 26, 27 ]
    }, {
      "vertices" : [ 16, 44, 23, 22 ]
    }, {
      "vertices" : [ 13, 34, 35, 28 ]
    }, {
      "vertices" : [ 10, 34, 12, 54 ]
    }, {
      "vertices" : [ 2, 6, 5, 49, 53 ]
    }, {
      "vertices" : [ 36, 43, 37 ]
    }, {
      "vertices" : [ 5, 30, 33, 49 ]
    }, {
      "vertices" : [ 1, 54, 12, 11, 39 ]
    }, {
      "vertices" : [ 28, 35, 57 ]
    }, {
      "vertices" : [ 21, 53, 52 ]
    } ]
  }, {
    "id" : "ec989ae3-b407-4f96-ad0b-d0882fd88b01",
    "orbit" : "yellow",
    "orbitC" : "[[0,0,1],[2,-1,1]]",
    "length" : "[1,0,1]",
    "name" : "y1",
    "vertices" : [ {
      "x" : 0.809017,
      "y" : 0.0,
      "z" : -0.690983
    }, {
      "x" : 1.0,
      "y" : 0.309017,
      "z" : -0.19098301
    }, {
      "x" : 2.618034,
      "y" : 0.309017,
      "z" : -0.809017
    }, {
      "x" : 2.427051,
      "y" : 0.0,
      "z" : -1.309017
    }, {
      "x" : 5.854102,
      "y" : 0.309017,
      "z" : -2.427051
    }, {
      "x" : 1.0,
      "y" : -0.309017,
      "z" : -0.19098301
    }, {
      "x" : 2.618034,
      "y" : -0.309017,
      "z" : -0.809017
    }, {
      "x" : 4.236068,
      "y" : 0.309017,
      "z" : -1.809017
    }, {
      "x" : 4.427051,
      "y" : 0.0,
      "z" : -1.309017
    }, {
      "x" : 6.854102,
      "y" : 0.0,
      "z" : -2.618034
    }, {
      "x" : 4.236068,
      "y" : -0.309017,
      "z" : -1.809017
    }, {
      "x" : 6.045085,
      "y" : 0.0,
      "z" : -1.927051
    }, {
      "x" : 5.854102,
      "y" : -0.309017,
      "z" : -2.427051
    } ],
    "faces" : [ {
      "vertices" : [ 2, 6, 8 ]
    }, {
      "vertices" : [ 4, 12, 10, 7 ]
    }, {
      "vertices" : [ 2, 8, 7 ]
    }, {
      "vertices" : [ 3, 10, 6 ]
    }, {
      "vertices" : [ 3, 7, 10 ]
    }, {
      "vertices" : [ 0, 1, 2, 3 ]
    }, {
      "vertices" : [ 6, 10, 8 ]
    }, {
      "vertices" : [ 8, 10, 12, 11 ]
    }, {
      "vertices" : [ 2, 7, 3 ]
    }, {
      "vertices" : [ 0, 3, 6, 5 ]
    }, {
      "vertices" : [ 1, 5, 6, 2 ]
    }, {
      "vertices" : [ 4, 7, 8, 11 ]
    } ]
  }, {
    "id" : "4074e91b-3ae3-4bc0-91c7-a8ad8d476170",
    "orbit" : "blue",
    "orbitC" : "[[0,0,1],[0,0,1]]",
    "length" : "[1,0,1]",
    "name" : "b1",
    "vertices" : [ {
      "x" : 7.472136,
      "y" : 0.309017,
      "z" : 0.19098301
    }, {
      "x" : 7.472136,
      "y" : 0.309017,
      "z" : -0.19098301
    }, {
      "x" : 1.0,
      "y" : 0.309017,
      "z" : -0.19098301
    }, {
      "x" : 1.0,
      "y" : 0.309017,
      "z" : 0.19098301
    }, {
      "x" : 7.472136,
      "y" : -0.309017,
      "z" : 0.19098301
    }, {
      "x" : 1.0,
      "y" : -0.309017,
      "z" : 0.19098301
    }, {
      "x" : 1.0,
      "y" : -0.309017,
      "z" : -0.19098301
    }, {
      "x" : 7.472136,
      "y" : -0.309017,
      "z" : -0.19098301
    }, {
      "x" : 8.472136,
      "y" : 0.0,
      "z" : 0.0
    } ],
    "faces" : [ {
      "vertices" : [ 1, 7, 6, 2 ]
    }, {
      "vertices" : [ 0, 1, 2, 3 ]
    }, {
      "vertices" : [ 4, 5, 6, 7 ]
    }, {
      "vertices" : [ 0, 3, 5, 4 ]
    } ]
  }, {
    "id" : "d53bf6d5-b261-4087-abd4-51eb48812ef6",
    "orbit" : "red",
    "orbitC" : "[[-1,1,1],[0,0,1]]",
    "length" : "[1,0,1]",
    "name" : "r1",
    "vertices" : [ {
      "x" : 2.618034,
      "y" : 1.736068,
      "z" : 0.309017
    }, {
      "x" : 4.236068,
      "y" : 2.5,
      "z" : 0.309017
    }, {
      "x" : 4.045085,
      "y" : 2.809017,
      "z" : 0.19098301
    }, {
      "x" : 0.809017,
      "y" : 0.618034,
      "z" : -0.309017
    }, {
      "x" : 0.690983,
      "y" : 0.809017,
      "z" : 0.0
    }, {
      "x" : 2.5,
      "y" : 1.927051,
      "z" : 0.0
    }, {
      "x" : 2.618034,
      "y" : 1.736068,
      "z" : -0.309017
    }, {
      "x" : 6.045085,
      "y" : 3.618034,
      "z" : 0.309017
    }, {
      "x" : 2.809017,
      "y" : 1.427051,
      "z" : 0.19098301
    }, {
      "x" : 2.809017,
      "y" : 1.427051,
      "z" : -0.19098301
    }, {
      "x" : 4.354102,
      "y" : 2.309017,
      "z" : 0.0
    }, {
      "x" : 4.236068,
      "y" : 2.5,
      "z" : -0.309017
    }, {
      "x" : 6.163119,
      "y" : 3.427051,
      "z" : 0.0
    }, {
      "x" : 1.0,
      "y" : 0.309017,
      "z" : 0.19098301
    }, {
      "x" : 1.0,
      "y" : 0.309017,
      "z" : -0.19098301
    }, {
      "x" : 0.809017,
      "y" : 0.618034,
      "z" : 0.309017
    }, {
      "x" : 5.854102,
      "y" : 3.927051,
      "z" : 0.19098301
    }, {
      "x" : 6.045085,
      "y" : 3.618034,
      "z" : -0.309017
    }, {
      "x" : 5.854102,
      "y" : 3.927051,
      "z" : -0.19098301
    }, {
      "x" : 6.854102,
      "y" : 4.236068,
      "z" : 0.0
    }, {
      "x" : 4.045085,
      "y" : 2.809017,
      "z" : -0.19098301
    } ],
    "faces" : [ {
      "vertices" : [ 3, 6, 9, 14 ]
    }, {
      "vertices" : [ 11, 20, 18, 17 ]
    }, {
      "vertices" : [ 0, 1, 2 ]
    }, {
      "vertices" : [ 0, 15, 13, 8 ]
    }, {
      "vertices" : [ 6, 20, 11 ]
    }, {
      "vertices" : [ 0, 2, 5 ]
    }, {
      "vertices" : [ 0, 8, 1 ]
    }, {
      "vertices" : [ 8, 13, 14, 9 ]
    }, {
      "vertices" : [ 3, 4, 5, 6 ]
    }, {
      "vertices" : [ 10, 11, 17, 12 ]
    }, {
      "vertices" : [ 1, 8, 10 ]
    }, {
      "vertices" : [ 0, 5, 4, 15 ]
    }, {
      "vertices" : [ 2, 16, 18, 20 ]
    }, {
      "vertices" : [ 1, 7, 16, 2 ]
    }, {
      "vertices" : [ 6, 11, 9 ]
    }, {
      "vertices" : [ 8, 9, 10 ]
    }, {
      "vertices" : [ 2, 20, 5 ]
    }, {
      "vertices" : [ 9, 11, 10 ]
    }, {
      "vertices" : [ 1, 10, 12, 7 ]
    }, {
      "vertices" : [ 5, 20, 6 ]
    } ]
  }, {
    "id" : "ced495c4-4a21-475f-8948-c8850fcbcf01",
    "orbit" : "blue",
    "orbitC" : "[[0,0,1],[0,0,1]]",
    "length" : "[2,0,1]",
    "name" : " :2",
    "vertices" : [ {
      "x" : 15.944272,
      "y" : 0.309017,
      "z" : 0.19098301
    }, {
      "x" : 15.944272,
      "y" : 0.309017,
      "z" : -0.19098301
    }, {
      "x" : 1.0,
      "y" : 0.309017,
      "z" : -0.19098301
    }, {
      "x" : 1.0,
      "y" : 0.309017,
      "z" : 0.19098301
    }, {
      "x" : 15.944272,
      "y" : -0.309017,
      "z" : 0.19098301
    }, {
      "x" : 1.0,
      "y" : -0.309017,
      "z" : 0.19098301
    }, {
      "x" : 1.0,
      "y" : -0.309017,
      "z" : -0.19098301
    }, {
      "x" : 15.944272,
      "y" : -0.309017,
      "z" : -0.19098301
    }, {
      "x" : 16.944271,
      "y" : 0.0,
      "z" : 0.0
    } ],
    "faces" : [ {
      "vertices" : [ 1, 7, 6, 2 ]
    }, {
      "vertices" : [ 0, 1, 2, 3 ]
    }, {
      "vertices" : [ 4, 5, 6, 7 ]
    }, {
      "vertices" : [ 0, 3, 5, 4 ]
    } ]
  } ],
  "instances" : [ {
    "shape" : "ad4fe083-04f0-4f3d-a65b-bce3a5e425e6",
    "color" : "#FFFFFF",
    "position" : {
      "x" : -33.27051,
      "y" : 17.944271,
      "z" : -6.854102
    }
  }, {
    "shape" : "ec989ae3-b407-4f96-ad0b-d0882fd88b01",
    "color" : "#F0A000",
    "position" : {
      "x" : -33.27051,
      "y" : -8.472136,
      "z" : -31.652475
    },
    "orientation" : 4
  }, {
    "shape" : "ec989ae3-b407-4f96-ad0b-d0882fd88b01",
    "color" : "#F0A000",
    "position" : {
      "x" : 35.888542,
      "y" : -23.798374,
      "z" : -17.944271
    },
    "orientation" : 9
  }, {
    "shape" : "ad4fe083-04f0-4f3d-a65b-bce3a5e425e6",
    "color" : "#FFFFFF",
    "position" : {
      "x" : -27.416409,
      "y" : 37.506577,
      "z" : 4.236068
    }
  }, {
    "shape" : "4074e91b-3ae3-4bc0-91c7-a8ad8d476170",
    "color" : "#007695",
    "position" : {
      "x" : -17.944271,
      "y" : 0.0,
      "z" : -42.742645
    },
    "orientation" : 51
  }, {
    "shape" : "ec989ae3-b407-4f96-ad0b-d0882fd88b01",
    "color" : "#F0A000",
    "position" : {
      "x" : -27.416409,
      "y" : 37.506577,
      "z" : -4.236068
    },
    "orientation" : 19
  }, {
    "shape" : "4074e91b-3ae3-4bc0-91c7-a8ad8d476170",
    "color" : "#007695",
    "position" : {
      "x" : -29.034441,
      "y" : 4.236068,
      "z" : 35.888542
    },
    "orientation" : 16
  }, {
    "shape" : "4074e91b-3ae3-4bc0-91c7-a8ad8d476170",
    "color" : "#007695",
    "position" : {
      "x" : 8.472136,
      "y" : 13.708204,
      "z" : 35.888542
    },
    "orientation" : 39
  }, {
    "shape" : "4074e91b-3ae3-4bc0-91c7-a8ad8d476170",
    "color" : "#007695",
    "position" : {
      "x" : 17.944271,
      "y" : -6.854102,
      "z" : -33.27051
    },
    "orientation" : 11
  }, {
    "shape" : "4074e91b-3ae3-4bc0-91c7-a8ad8d476170",
    "color" : "#007695",
    "position" : {
      "x" : 35.888542,
      "y" : -29.034441,
      "z" : -4.236068
    },
    "orientation" : 2
  }, {
    "shape" : "4074e91b-3ae3-4bc0-91c7-a8ad8d476170",
    "color" : "#007695",
    "position" : {
      "x" : 17.944271,
      "y" : -29.034441,
      "z" : 19.562305
    },
    "orientation" : 7
  }, {
    "shape" : "d53bf6d5-b261-4087-abd4-51eb48812ef6",
    "color" : "#AF0000",
    "position" : {
      "x" : 4.236068,
      "y" : 29.034441,
      "z" : -24.798374
    },
    "orientation" : 46
  }, {
    "shape" : "ad4fe083-04f0-4f3d-a65b-bce3a5e425e6",
    "color" : "#FFFFFF",
    "position" : {
      "x" : -15.326238,
      "y" : 31.652475,
      "z" : 30.652475
    }
  }, {
    "shape" : "ec989ae3-b407-4f96-ad0b-d0882fd88b01",
    "color" : "#F0A000",
    "position" : {
      "x" : 35.888542,
      "y" : 8.472136,
      "z" : 13.708204
    },
    "orientation" : 1
  }, {
    "shape" : "4074e91b-3ae3-4bc0-91c7-a8ad8d476170",
    "color" : "#007695",
    "position" : {
      "x" : -4.236068,
      "y" : 6.854102,
      "z" : 38.506577
    },
    "orientation" : 54
  }, {
    "shape" : "d53bf6d5-b261-4087-abd4-51eb48812ef6",
    "color" : "#AF0000",
    "position" : {
      "x" : -8.472136,
      "y" : 24.798374,
      "z" : 29.034441
    },
    "orientation" : 1
  }, {
    "shape" : "ad4fe083-04f0-4f3d-a65b-bce3a5e425e6",
    "color" : "#FFFFFF",
    "position" : {
      "x" : -24.798374,
      "y" : 4.236068,
      "z" : 29.034441
    }
  }, {
    "shape" : "ec989ae3-b407-4f96-ad0b-d0882fd88b01",
    "color" : "#F0A000",
    "position" : {
      "x" : 17.944271,
      "y" : 29.034441,
      "z" : 19.562305
    },
    "orientation" : 54
  }, {
    "shape" : "ad4fe083-04f0-4f3d-a65b-bce3a5e425e6",
    "color" : "#FFFFFF",
    "position" : {
      "x" : -6.854102,
      "y" : -40.12461,
      "z" : -22.18034
    }
  }, {
    "shape" : "ec989ae3-b407-4f96-ad0b-d0882fd88b01",
    "color" : "#F0A000",
    "position" : {
      "x" : -40.12461,
      "y" : -19.562305,
      "z" : -13.708204
    },
    "orientation" : 2
  }, {
    "shape" : "ad4fe083-04f0-4f3d-a65b-bce3a5e425e6",
    "color" : "#FFFFFF",
    "position" : {
      "x" : -12.708204,
      "y" : 13.708204,
      "z" : -42.742645
    }
  }, {
    "shape" : "4074e91b-3ae3-4bc0-91c7-a8ad8d476170",
    "color" : "#007695",
    "position" : {
      "x" : 15.326238,
      "y" : -24.798374,
      "z" : -26.416409
    },
    "orientation" : 37
  }, {
    "shape" : "4074e91b-3ae3-4bc0-91c7-a8ad8d476170",
    "color" : "#007695",
    "position" : {
      "x" : -29.034441,
      "y" : 24.798374,
      "z" : 4.236068
    },
    "orientation" : 39
  }, {
    "shape" : "d53bf6d5-b261-4087-abd4-51eb48812ef6",
    "color" : "#AF0000",
    "position" : {
      "x" : 15.326238,
      "y" : 13.708204,
      "z" : 33.27051
    },
    "orientation" : 2
  }, {
    "shape" : "ad4fe083-04f0-4f3d-a65b-bce3a5e425e6",
    "color" : "#FFFFFF",
    "position" : {
      "x" : 13.708204,
      "y" : 33.27051,
      "z" : 15.326238
    }
  }, {
    "shape" : "ec989ae3-b407-4f96-ad0b-d0882fd88b01",
    "color" : "#F0A000",
    "position" : {
      "x" : -19.562305,
      "y" : -13.708204,
      "z" : -40.12461
    },
    "orientation" : 0
  }, {
    "shape" : "4074e91b-3ae3-4bc0-91c7-a8ad8d476170",
    "color" : "#007695",
    "position" : {
      "x" : -29.034441,
      "y" : 19.562305,
      "z" : 17.944271
    },
    "orientation" : 37
  }, {
    "shape" : "ad4fe083-04f0-4f3d-a65b-bce3a5e425e6",
    "color" : "#FFFFFF",
    "position" : {
      "x" : 17.944271,
      "y" : 35.888542,
      "z" : 23.798374
    }
  }, {
    "shape" : "d53bf6d5-b261-4087-abd4-51eb48812ef6",
    "color" : "#AF0000",
    "position" : {
      "x" : 29.034441,
      "y" : -8.472136,
      "z" : -24.798374
    },
    "orientation" : 17
  }, {
    "shape" : "ad4fe083-04f0-4f3d-a65b-bce3a5e425e6",
    "color" : "#FFFFFF",
    "position" : {
      "x" : -31.652475,
      "y" : 30.652475,
      "z" : 15.326238
    }
  }, {
    "shape" : "ad4fe083-04f0-4f3d-a65b-bce3a5e425e6",
    "color" : "#FFFFFF",
    "position" : {
      "x" : 13.708204,
      "y" : -42.742645,
      "z" : 12.708204
    }
  }, {
    "shape" : "ced495c4-4a21-475f-8948-c8850fcbcf01",
    "color" : "#007695",
    "position" : {
      "x" : -17.944271,
      "y" : 35.888542,
      "z" : 23.798374
    },
    "orientation" : 53
  }, {
    "shape" : "ec989ae3-b407-4f96-ad0b-d0882fd88b01",
    "color" : "#F0A000",
    "position" : {
      "x" : -13.708204,
      "y" : -35.888542,
      "z" : -8.472136
    },
    "orientation" : 17
  }, {
    "shape" : "4074e91b-3ae3-4bc0-91c7-a8ad8d476170",
    "color" : "#007695",
    "position" : {
      "x" : -4.236068,
      "y" : 35.888542,
      "z" : 29.034441
    },
    "orientation" : 55
  }, {
    "shape" : "ec989ae3-b407-4f96-ad0b-d0882fd88b01",
    "color" : "#F0A000",
    "position" : {
      "x" : 4.236068,
      "y" : -35.888542,
      "z" : 29.034441
    },
    "orientation" : 9
  }, {
    "shape" : "ec989ae3-b407-4f96-ad0b-d0882fd88b01",
    "color" : "#F0A000",
    "position" : {
      "x" : 4.236068,
      "y" : 35.888542,
      "z" : -29.034441
    },
    "orientation" : 24
  }, {
    "shape" : "4074e91b-3ae3-4bc0-91c7-a8ad8d476170",
    "color" : "#007695",
    "position" : {
      "x" : -35.888542,
      "y" : -29.034441,
      "z" : 4.236068
    },
    "orientation" : 47
  }, {
    "shape" : "ad4fe083-04f0-4f3d-a65b-bce3a5e425e6",
    "color" : "#FFFFFF",
    "position" : {
      "x" : -35.888542,
      "y" : 8.472136,
      "z" : -13.708204
    }
  }, {
    "shape" : "ad4fe083-04f0-4f3d-a65b-bce3a5e425e6",
    "color" : "#FFFFFF",
    "position" : {
      "x" : -27.416409,
      "y" : -37.506577,
      "z" : 4.236068
    }
  }, {
    "shape" : "d53bf6d5-b261-4087-abd4-51eb48812ef6",
    "color" : "#AF0000",
    "position" : {
      "x" : -19.562305,
      "y" : -17.944271,
      "z" : 29.034441
    },
    "orientation" : 32
  }, {
    "shape" : "ad4fe083-04f0-4f3d-a65b-bce3a5e425e6",
    "color" : "#FFFFFF",
    "position" : {
      "x" : -8.472136,
      "y" : 24.798374,
      "z" : -29.034441
    }
  }, {
    "shape" : "ec989ae3-b407-4f96-ad0b-d0882fd88b01",
    "color" : "#F0A000",
    "position" : {
      "x" : 13.708204,
      "y" : 35.888542,
      "z" : 8.472136
    },
    "orientation" : 2
  }, {
    "shape" : "d53bf6d5-b261-4087-abd4-51eb48812ef6",
    "color" : "#AF0000",
    "position" : {
      "x" : 13.708204,
      "y" : 0.0,
      "z" : 35.888542
    },
    "orientation" : 2
  }, {
    "shape" : "4074e91b-3ae3-4bc0-91c7-a8ad8d476170",
    "color" : "#007695",
    "position" : {
      "x" : 6.854102,
      "y" : 38.506577,
      "z" : -4.236068
    },
    "orientation" : 26
  }, {
    "shape" : "d53bf6d5-b261-4087-abd4-51eb48812ef6",
    "color" : "#AF0000",
    "position" : {
      "x" : -38.506577,
      "y" : 6.854102,
      "z" : 0.0
    },
    "orientation" : 45
  }, {
    "shape" : "d53bf6d5-b261-4087-abd4-51eb48812ef6",
    "color" : "#AF0000",
    "position" : {
      "x" : 17.944271,
      "y" : -29.034441,
      "z" : -19.562305
    },
    "orientation" : 16
  }, {
    "shape" : "ad4fe083-04f0-4f3d-a65b-bce3a5e425e6",
    "color" : "#FFFFFF",
    "position" : {
      "x" : -17.944271,
      "y" : -29.034441,
      "z" : 19.562305
    }
  }, {
    "shape" : "d53bf6d5-b261-4087-abd4-51eb48812ef6",
    "color" : "#AF0000",
    "position" : {
      "x" : -29.034441,
      "y" : 24.798374,
      "z" : 4.236068
    },
    "orientation" : 45
  }, {
    "shape" : "d53bf6d5-b261-4087-abd4-51eb48812ef6",
    "color" : "#AF0000",
    "position" : {
      "x" : -4.236068,
      "y" : 29.034441,
      "z" : -24.798374
    },
    "orientation" : 46
  }, {
    "shape" : "4074e91b-3ae3-4bc0-91c7-a8ad8d476170",
    "color" : "#007695",
    "position" : {
      "x" : 35.888542,
      "y" : -8.472136,
      "z" : -13.708204
    },
    "orientation" : 10
  }, {
    "shape" : "ad4fe083-04f0-4f3d-a65b-bce3a5e425e6",
    "color" : "#FFFFFF",
    "position" : {
      "x" : -8.472136,
      "y" : -13.708204,
      "z" : -35.888542
    }
  }, {
    "shape" : "ec989ae3-b407-4f96-ad0b-d0882fd88b01",
    "color" : "#F0A000",
    "position" : {
      "x" : 26.416409,
      "y" : 15.326238,
      "z" : 24.798374
    },
    "orientation" : 21
  }, {
    "shape" : "4074e91b-3ae3-4bc0-91c7-a8ad8d476170",
    "color" : "#007695",
    "position" : {
      "x" : -17.944271,
      "y" : -29.034441,
      "z" : -19.562305
    },
    "orientation" : 38
  }, {
    "shape" : "ad4fe083-04f0-4f3d-a65b-bce3a5e425e6",
    "color" : "#FFFFFF",
    "position" : {
      "x" : 0.0,
      "y" : -38.506577,
      "z" : -6.854102
    }
  }, {
    "shape" : "ad4fe083-04f0-4f3d-a65b-bce3a5e425e6",
    "color" : "#FFFFFF",
    "position" : {
      "x" : 0.0,
      "y" : 45.36068,
      "z" : 11.09017
    }
  }, {
    "shape" : "4074e91b-3ae3-4bc0-91c7-a8ad8d476170",
    "color" : "#007695",
    "position" : {
      "x" : -4.236068,
      "y" : 20.562305,
      "z" : 33.27051
    },
    "orientation" : 39
  }, {
    "shape" : "4074e91b-3ae3-4bc0-91c7-a8ad8d476170",
    "color" : "#007695",
    "position" : {
      "x" : 6.854102,
      "y" : -38.506577,
      "z" : 4.236068
    },
    "orientation" : 11
  }, {
    "shape" : "4074e91b-3ae3-4bc0-91c7-a8ad8d476170",
    "color" : "#007695",
    "position" : {
      "x" : 29.034441,
      "y" : 24.798374,
      "z" : -4.236068
    },
    "orientation" : 24
  }, {
    "shape" : "ced495c4-4a21-475f-8948-c8850fcbcf01",
    "color" : "#007695",
    "position" : {
      "x" : -31.652475,
      "y" : 30.652475,
      "z" : -15.326238
    },
    "orientation" : 23
  }, {
    "shape" : "4074e91b-3ae3-4bc0-91c7-a8ad8d476170",
    "color" : "#007695",
    "position" : {
      "x" : -17.944271,
      "y" : -6.854102,
      "z" : 33.27051
    },
    "orientation" : 56
  }, {
    "shape" : "ec989ae3-b407-4f96-ad0b-d0882fd88b01",
    "color" : "#F0A000",
    "position" : {
      "x" : 40.12461,
      "y" : -22.18034,
      "z" : -6.854102
    },
    "orientation" : 17
  }, {
    "shape" : "4074e91b-3ae3-4bc0-91c7-a8ad8d476170",
    "color" : "#007695",
    "position" : {
      "x" : -35.888542,
      "y" : -8.472136,
      "z" : 13.708204
    },
    "orientation" : 55
  }, {
    "shape" : "ad4fe083-04f0-4f3d-a65b-bce3a5e425e6",
    "color" : "#FFFFFF",
    "position" : {
      "x" : 13.708204,
      "y" : 35.888542,
      "z" : -8.472136
    }
  }, {
    "shape" : "4074e91b-3ae3-4bc0-91c7-a8ad8d476170",
    "color" : "#007695",
    "position" : {
      "x" : -35.888542,
      "y" : 8.472136,
      "z" : -13.708204
    },
    "orientation" : 40
  }, {
    "shape" : "ad4fe083-04f0-4f3d-a65b-bce3a5e425e6",
    "color" : "#FFFFFF",
    "position" : {
      "x" : -40.12461,
      "y" : 19.562305,
      "z" : -13.708204
    }
  }, {
    "shape" : "ced495c4-4a21-475f-8948-c8850fcbcf01",
    "color" : "#007695",
    "position" : {
      "x" : 37.506577,
      "y" : 4.236068,
      "z" : 27.416409
    },
    "orientation" : 52
  }, {
    "shape" : "ec989ae3-b407-4f96-ad0b-d0882fd88b01",
    "color" : "#F0A000",
    "position" : {
      "x" : -31.652475,
      "y" : -33.27051,
      "z" : -8.472136
    },
    "orientation" : 17
  }, {
    "shape" : "d53bf6d5-b261-4087-abd4-51eb48812ef6",
    "color" : "#AF0000",
    "position" : {
      "x" : -17.944271,
      "y" : -29.034441,
      "z" : -19.562305
    },
    "orientation" : 16
  }, {
    "shape" : "4074e91b-3ae3-4bc0-91c7-a8ad8d476170",
    "color" : "#007695",
    "position" : {
      "x" : -33.27051,
      "y" : 4.236068,
      "z" : 20.562305
    },
    "orientation" : 16
  }, {
    "shape" : "ad4fe083-04f0-4f3d-a65b-bce3a5e425e6",
    "color" : "#FFFFFF",
    "position" : {
      "x" : -6.854102,
      "y" : 0.0,
      "z" : 38.506577
    }
  }, {
    "shape" : "ad4fe083-04f0-4f3d-a65b-bce3a5e425e6",
    "color" : "#FFFFFF",
    "position" : {
      "x" : 6.854102,
      "y" : 33.27051,
      "z" : 17.944271
    }
  }, {
    "shape" : "ec989ae3-b407-4f96-ad0b-d0882fd88b01",
    "color" : "#F0A000",
    "position" : {
      "x" : 15.326238,
      "y" : -13.708204,
      "z" : -33.27051
    },
    "orientation" : 6
  }, {
    "shape" : "ec989ae3-b407-4f96-ad0b-d0882fd88b01",
    "color" : "#F0A000",
    "position" : {
      "x" : 13.708204,
      "y" : 35.888542,
      "z" : -8.472136
    },
    "orientation" : 22
  }, {
    "shape" : "ad4fe083-04f0-4f3d-a65b-bce3a5e425e6",
    "color" : "#FFFFFF",
    "position" : {
      "x" : -17.944271,
      "y" : 29.034441,
      "z" : -19.562305
    }
  }, {
    "shape" : "4074e91b-3ae3-4bc0-91c7-a8ad8d476170",
    "color" : "#007695",
    "position" : {
      "x" : 8.472136,
      "y" : -13.708204,
      "z" : -35.888542
    },
    "orientation" : 54
  }, {
    "shape" : "d53bf6d5-b261-4087-abd4-51eb48812ef6",
    "color" : "#AF0000",
    "position" : {
      "x" : 17.944271,
      "y" : -29.034441,
      "z" : 19.562305
    },
    "orientation" : 31
  }, {
    "shape" : "4074e91b-3ae3-4bc0-91c7-a8ad8d476170",
    "color" : "#007695",
    "position" : {
      "x" : -8.472136,
      "y" : -6.854102,
      "z" : 45.36068
    },
    "orientation" : 36
  }, {
    "shape" : "ad4fe083-04f0-4f3d-a65b-bce3a5e425e6",
    "color" : "#FFFFFF",
    "position" : {
      "x" : -29.034441,
      "y" : 4.236068,
      "z" : 35.888542
    }
  }, {
    "shape" : "d53bf6d5-b261-4087-abd4-51eb48812ef6",
    "color" : "#AF0000",
    "position" : {
      "x" : -13.708204,
      "y" : 35.888542,
      "z" : -8.472136
    },
    "orientation" : 46
  }, {
    "shape" : "4074e91b-3ae3-4bc0-91c7-a8ad8d476170",
    "color" : "#007695",
    "position" : {
      "x" : -6.854102,
      "y" : 38.506577,
      "z" : 4.236068
    },
    "orientation" : 41
  }, {
    "shape" : "ec989ae3-b407-4f96-ad0b-d0882fd88b01",
    "color" : "#F0A000",
    "position" : {
      "x" : 40.12461,
      "y" : 19.562305,
      "z" : 13.708204
    },
    "orientation" : 21
  }, {
    "shape" : "ad4fe083-04f0-4f3d-a65b-bce3a5e425e6",
    "color" : "#FFFFFF",
    "position" : {
      "x" : 17.944271,
      "y" : -29.034441,
      "z" : -19.562305
    }
  }, {
    "shape" : "ec989ae3-b407-4f96-ad0b-d0882fd88b01",
    "color" : "#F0A000",
    "position" : {
      "x" : 19.562305,
      "y" : 13.708204,
      "z" : 40.12461
    },
    "orientation" : 3
  }, {
    "shape" : "ec989ae3-b407-4f96-ad0b-d0882fd88b01",
    "color" : "#F0A000",
    "position" : {
      "x" : 20.562305,
      "y" : 33.27051,
      "z" : -4.236068
    },
    "orientation" : 24
  }, {
    "shape" : "4074e91b-3ae3-4bc0-91c7-a8ad8d476170",
    "color" : "#007695",
    "position" : {
      "x" : -26.416409,
      "y" : -15.326238,
      "z" : 24.798374
    },
    "orientation" : 8
  }, {
    "shape" : "ced495c4-4a21-475f-8948-c8850fcbcf01",
    "color" : "#007695",
    "position" : {
      "x" : 35.888542,
      "y" : 23.798374,
      "z" : 17.944271
    },
    "orientation" : 40
  }, {
    "shape" : "ec989ae3-b407-4f96-ad0b-d0882fd88b01",
    "color" : "#F0A000",
    "position" : {
      "x" : 31.652475,
      "y" : -33.27051,
      "z" : 8.472136
    },
    "orientation" : 19
  }, {
    "shape" : "ec989ae3-b407-4f96-ad0b-d0882fd88b01",
    "color" : "#F0A000",
    "position" : {
      "x" : 29.034441,
      "y" : -4.236068,
      "z" : -35.888542
    },
    "orientation" : 5
  }, {
    "shape" : "ec989ae3-b407-4f96-ad0b-d0882fd88b01",
    "color" : "#F0A000",
    "position" : {
      "x" : 24.798374,
      "y" : 29.034441,
      "z" : -8.472136
    },
    "orientation" : 5
  }, {
    "shape" : "d53bf6d5-b261-4087-abd4-51eb48812ef6",
    "color" : "#AF0000",
    "position" : {
      "x" : 35.888542,
      "y" : -8.472136,
      "z" : -13.708204
    },
    "orientation" : 15
  }, {
    "shape" : "4074e91b-3ae3-4bc0-91c7-a8ad8d476170",
    "color" : "#007695",
    "position" : {
      "x" : 17.944271,
      "y" : 35.888542,
      "z" : 23.798374
    },
    "orientation" : 40
  }, {
    "shape" : "4074e91b-3ae3-4bc0-91c7-a8ad8d476170",
    "color" : "#007695",
    "position" : {
      "x" : 19.562305,
      "y" : 17.944271,
      "z" : -29.034441
    },
    "orientation" : 51
  }, {
    "shape" : "ec989ae3-b407-4f96-ad0b-d0882fd88b01",
    "color" : "#F0A000",
    "position" : {
      "x" : -29.034441,
      "y" : -8.472136,
      "z" : -24.798374
    },
    "orientation" : 3
  }, {
    "shape" : "ced495c4-4a21-475f-8948-c8850fcbcf01",
    "color" : "#007695",
    "position" : {
      "x" : 27.416409,
      "y" : 37.506577,
