{
  "field" : "golden",
  "symmetry" : "icosahedral",
  "orientations" : [ [ 1.0, 0.0, 0.0, 0.0, 0.0, 1.0, 0.0, 0.0, 0.0, 0.0, 1.0, 0.0, 0.0, 0.0, 0.0, 1.0 ], [ 0.0, 0.0, 1.0, 0.0, 1.0, 0.0, 0.0, 0.0, 0.0, 1.0, 0.0, 0.0, 0.0, 0.0, 0.0, 1.0 ], [ 0.0, 1.0, 0.0, 0.0, 0.0, 0.0, 1.0, 0.0, 1.0, 0.0, 0.0, 0.0, 0.0, 0.0, 0.0, 1.0 ], [ 0.809017, 0.309017, 0.5, 0.0, 0.309017, 0.5, -0.809017, 0.0, -0.5, 0.809017, 0.309017, 0.0, 0.0, 0.0, 0.0, 1.0 ], [ -0.5, 0.809017, 0.309017, 0.0, 0.809017, 0.309017, 0.5, 0.0, 0.309017, 0.5, -0.809017, 0.0, 0.0, 0.0, 0.0, 1.0 ], [ 0.309017, 0.5, -0.809017, 0.0, -0.5, 0.809017, 0.309017, 0.0, 0.809017, 0.309017, 0.5, 0.0, 0.0, 0.0, 0.0, 1.0 ], [ 0.5, 0.809017, 0.309017, 0.0, 0.809017, -0.309017, -0.5, 0.0, -0.309017, 0.5, -0.809017, 0.0, 0.0, 0.0, 0.0, 1.0 ], [ -0.309017, 0.5, -0.809017, 0.0, 0.5, 0.809017, 0.309017, 0.0, 0.809017, -0.309017, -0.5, 0.0, 0.0, 0.0, 0.0, 1.0 ], [ 0.809017, -0.309017, -0.5, 0.0, -0.309017, 0.5, -0.809017, 0.0, 0.5, 0.809017, 0.309017, 0.0, 0.0, 0.0, 0.0, 1.0 ], [ 0.5, 0.809017, -0.309017, 0.0, 0.809017, -0.309017, 0.5, 0.0, 0.309017, -0.5, -0.809017, 0.0, 0.0, 0.0, 0.0, 1.0 ], [ 0.309017, -0.5, -0.809017, 0.0, 0.5, 0.809017, -0.309017, 0.0, 0.809017, -0.309017, 0.5, 0.0, 0.0, 0.0, 0.0, 1.0 ], [ 0.809017, -0.309017, 0.5, 0.0, 0.309017, -0.5, -0.809017, 0.0, 0.5, 0.809017, -0.309017, 0.0, 0.0, 0.0, 0.0, 1.0 ], [ 0.809017, 0.309017, -0.5, 0.0, 0.309017, 0.5, 0.809017, 0.0, 0.5, -0.809017, 0.309017, 0.0, 0.0, 0.0, 0.0, 1.0 ], [ 0.5, -0.809017, 0.309017, 0.0, 0.809017, 0.309017, -0.5, 0.0, 0.309017, 0.5, 0.809017, 0.0, 0.0, 0.0, 0.0, 1.0 ], [ 0.309017, 0.5, 0.809017, 0.0, 0.5, -0.809017, 0.309017, 0.0, 0.809017, 0.309017, -0.5, 0.0, 0.0, 0.0, 0.0, 1.0 ], [ 1.0, 0.0, 0.0, 0.0, 0.0, -1.0, 0.0, 0.0, 0.0, 0.0, -1.0, 0.0, 0.0, 0.0, 0.0, 1.0 ], [ 0.0, 0.0, 1.0, 0.0, -1.0, 0.0, 0.0, 0.0, 0.0, -1.0, 0.0, 0.0, 0.0, 0.0, 0.0, 1.0 ], [ 0.0, 1.0, 0.0, 0.0, 0.0, 0.0, -1.0, 0.0, -1.0, 0.0, 0.0, 0.0, 0.0, 0.0, 0.0, 1.0 ], [ 0.809017, 0.309017, 0.5, 0.0, -0.309017, -0.5, 0.809017, 0.0, 0.5, -0.809017, -0.309017, 0.0, 0.0, 0.0, 0.0, 1.0 ], [ -0.5, 0.809017, 0.309017, 0.0, -0.809017, -0.309017, -0.5, 0.0, -0.309017, -0.5, 0.809017, 0.0, 0.0, 0.0, 0.0, 1.0 ], [ 0.309017, 0.5, -0.809017, 0.0, 0.5, -0.809017, -0.309017, 0.0, -0.809017, -0.309017, -0.5, 0.0, 0.0, 0.0, 0.0, 1.0 ], [ 0.5, 0.809017, 0.309017, 0.0, -0.809017, 0.309017, 0.5, 0.0, 0.309017, -0.5, 0.809017, 0.0, 0.0, 0.0, 0.0, 1.0 ], [ -0.309017, 0.5, -0.809017, 0.0, -0.5, -0.809017, -0.309017, 0.0, -0.809017, 0.309017, 0.5, 0.0, 0.0, 0.0, 0.0, 1.0 ], [ 0.809017, -0.309017, -0.5, 0.0, 0.309017, -0.5, 0.809017, 0.0, -0.5, -0.809017, -0.309017, 0.0, 0.0, 0.0, 0.0, 1.0 ], [ 0.5, 0.809017, -0.309017, 0.0, -0.809017, 0.309017, -0.5, 0.0, -0.309017, 0.5, 0.809017, 0.0, 0.0, 0.0, 0.0, 1.0 ], [ 0.309017, -0.5, -0.809017, 0.0, -0.5, -0.809017, 0.309017, 0.0, -0.809017, 0.309017, -0.5, 0.0, 0.0, 0.0, 0.0, 1.0 ], [ 0.809017, -0.309017, 0.5, 0.0, -0.309017, 0.5, 0.809017, 0.0, -0.5, -0.809017, 0.309017, 0.0, 0.0, 0.0, 0.0, 1.0 ], [ 0.809017, 0.309017, -0.5, 0.0, -0.309017, -0.5, -0.809017, 0.0, -0.5, 0.809017, -0.309017, 0.0, 0.0, 0.0, 0.0, 1.0 ], [ 0.5, -0.809017, 0.309017, 0.0, -0.809017, -0.309017, 0.5, 0.0, -0.309017, -0.5, -0.809017, 0.0, 0.0, 0.0, 0.0, 1.0 ], [ 0.309017, 0.5, 0.809017, 0.0, -0.5, 0.809017, -0.309017, 0.0, -0.809017, -0.309017, 0.5, 0.0, 0.0, 0.0, 0.0, 1.0 ], [ -1.0, 0.0, 0.0, 0.0, 0.0, -1.0, 0.0, 0.0, 0.0, 0.0, 1.0, 0.0, 0.0, 0.0, 0.0, 1.0 ], [ 0.0, 0.0, -1.0, 0.0, -1.0, 0.0, 0.0, 0.0, 0.0, 1.0, 0.0, 0.0, 0.0, 0.0, 0.0, 1.0 ], [ 0.0, -1.0, 0.0, 0.0, 0.0, 0.0, -1.0, 0.0, 1.0, 0.0, 0.0, 0.0, 0.0, 0.0, 0.0, 1.0 ], [ -0.809017, -0.309017, -0.5, 0.0, -0.309017, -0.5, 0.809017, 0.0, -0.5, 0.809017, 0.309017, 0.0, 0.0, 0.0, 0.0, 1.0 ], [ 0.5, -0.809017, -0.309017, 0.0, -0.809017, -0.309017, -0.5, 0.0, 0.309017, 0.5, -0.809017, 0.0, 0.0, 0.0, 0.0, 1.0 ], [ -0.309017, -0.5, 0.809017, 0.0, 0.5, -0.809017, -0.309017, 0.0, 0.809017, 0.309017, 0.5, 0.0, 0.0, 0.0, 0.0, 1.0 ], [ -0.5, -0.809017, -0.309017, 0.0, -0.809017, 0.309017, 0.5, 0.0, -0.309017, 0.5, -0.809017, 0.0, 0.0, 0.0, 0.0, 1.0 ], [ 0.309017, -0.5, 0.809017, 0.0, -0.5, -0.809017, -0.309017, 0.0, 0.809017, -0.309017, -0.5, 0.0, 0.0, 0.0, 0.0, 1.0 ], [ -0.809017, 0.309017, 0.5, 0.0, 0.309017, -0.5, 0.809017, 0.0, 0.5, 0.809017, 0.309017, 0.0, 0.0, 0.0, 0.0, 1.0 ], [ -0.5, -0.809017, 0.309017, 0.0, -0.809017, 0.309017, -0.5, 0.0, 0.309017, -0.5, -0.809017, 0.0, 0.0, 0.0, 0.0, 1.0 ], [ -0.309017, 0.5, 0.809017, 0.0, -0.5, -0.809017, 0.309017, 0.0, 0.809017, -0.309017, 0.5, 0.0, 0.0, 0.0, 0.0, 1.0 ], [ -0.809017, 0.309017, -0.5, 0.0, -0.309017, 0.5, 0.809017, 0.0, 0.5, 0.809017, -0.309017, 0.0, 0.0, 0.0, 0.0, 1.0 ], [ -0.809017, -0.309017, 0.5, 0.0, -0.309017, -0.5, -0.809017, 0.0, 0.5, -0.809017, 0.309017, 0.0, 0.0, 0.0, 0.0, 1.0 ], [ -0.5, 0.809017, -0.309017, 0.0, -0.809017, -0.309017, 0.5, 0.0, 0.309017, 0.5, 0.809017, 0.0, 0.0, 0.0, 0.0, 1.0 ], [ -0.309017, -0.5, -0.809017, 0.0, -0.5, 0.809017, -0.309017, 0.0, 0.809017, 0.309017, -0.5, 0.0, 0.0, 0.0, 0.0, 1.0 ], [ -1.0, 0.0, 0.0, 0.0, 0.0, 1.0, 0.0, 0.0, 0.0, 0.0, -1.0, 0.0, 0.0, 0.0, 0.0, 1.0 ], [ 0.0, 0.0, -1.0, 0.0, 1.0, 0.0, 0.0, 0.0, 0.0, -1.0, 0.0, 0.0, 0.0, 0.0, 0.0, 1.0 ], [ 0.0, -1.0, 0.0, 0.0, 0.0, 0.0, 1.0, 0.0, -1.0, 0.0, 0.0, 0.0, 0.0, 0.0, 0.0, 1.0 ], [ -0.809017, -0.309017, -0.5, 0.0, 0.309017, 0.5, -0.809017, 0.0, 0.5, -0.809017, -0.309017, 0.0, 0.0, 0.0, 0.0, 1.0 ], [ 0.5, -0.809017, -0.309017, 0.0, 0.809017, 0.309017, 0.5, 0.0, -0.309017, -0.5, 0.809017, 0.0, 0.0, 0.0, 0.0, 1.0 ], [ -0.309017, -0.5, 0.809017, 0.0, -0.5, 0.809017, 0.309017, 0.0, -0.809017, -0.309017, -0.5, 0.0, 0.0, 0.0, 0.0, 1.0 ], [ -0.5, -0.809017, -0.309017, 0.0, 0.809017, -0.309017, -0.5, 0.0, 0.309017, -0.5, 0.809017, 0.0, 0.0, 0.0, 0.0, 1.0 ], [ 0.309017, -0.5, 0.809017, 0.0, 0.5, 0.809017, 0.309017, 0.0, -0.809017, 0.309017, 0.5, 0.0, 0.0, 0.0, 0.0, 1.0 ], [ -0.809017, 0.309017, 0.5, 0.0, -0.309017, 0.5, -0.809017, 0.0, -0.5, -0.809017, -0.309017, 0.0, 0.0, 0.0, 0.0, 1.0 ], [ -0.5, -0.809017, 0.309017, 0.0, 0.809017, -0.309017, 0.5, 0.0, -0.309017, 0.5, 0.809017, 0.0, 0.0, 0.0, 0.0, 1.0 ], [ -0.309017, 0.5, 0.809017, 0.0, 0.5, 0.809017, -0.309017, 0.0, -0.809017, 0.309017, -0.5, 0.0, 0.0, 0.0, 0.0, 1.0 ], [ -0.809017, 0.309017, -0.5, 0.0, 0.309017, -0.5, -0.809017, 0.0, -0.5, -0.809017, 0.309017, 0.0, 0.0, 0.0, 0.0, 1.0 ], [ -0.809017, -0.309017, 0.5, 0.0, 0.309017, 0.5, 0.809017, 0.0, -0.5, 0.809017, -0.309017, 0.0, 0.0, 0.0, 0.0, 1.0 ], [ -0.5, 0.809017, -0.309017, 0.0, 0.809017, 0.309017, -0.5, 0.0, -0.309017, -0.5, -0.809017, 0.0, 0.0, 0.0, 0.0, 1.0 ], [ -0.309017, -0.5, -0.809017, 0.0, 0.5, -0.809017, 0.309017, 0.0, -0.809017, -0.309017, 0.5, 0.0, 0.0, 0.0, 0.0, 1.0 ] ],
  "lights" : {
    "ambientColor" : "#292929",
    "backgroundColor" : "#AFC8DC",
    "directionalLights" : [ {
      "direction" : {
        "x" : 1.0,
        "y" : -1.0,
        "z" : -1.0
      },
      "color" : "#EBEBE4"
    }, {
      "direction" : {
        "x" : -1.0,
        "y" : 0.0,
        "z" : 0.0
      },
      "color" : "#E4E4EB"
    }, {
      "direction" : {
        "x" : 0.0,
        "y" : 0.0,
        "z" : -1.0
      },
      "color" : "#1E1E1E"
    } ]
  },
  "camera" : {
    "stereo" : false,
    "width" : 48.92907,
    "viewDistance" : 108.73127,
    "nearClipDistance" : 0.27182817,
    "farClipDistance" : 217.46254,
    "lookAtPoint" : {
      "x" : 6.108746,
      "y" : 0.872678,
      "z" : -4.36339
    },
    "fieldOfView" : 0.44262886,
    "perspective" : true,
    "lookDirection" : {
      "x" : -0.71360195,
      "y" : -0.42690876,
      "z" : -0.55544674
    },
    "upDirection" : {
      "x" : -0.29076198,
      "y" : 0.9018422,
      "z" : -0.31959152
    },
    "position" : {
      "x" : 83.69959,
      "y" : 47.291008,
      "z" : 56.031036
    }
  },
  "embedding" : [ 1.0, 0.0, 0.0, 0.0, 0.0, 1.0, 0.0, 0.0, 0.0, 0.0, 1.0, 0.0, 0.0, 0.0, 0.0, 1.0 ],
  "shapes" : [ {
    "id" : "771fa396-5259-4c86-9c88-ef39bc93c050",
    "vertices" : [ {
      "x" : 0.309017,
      "y" : -0.809017,
      "z" : 0.618034
    }, {
      "x" : 0.809017,
      "y" : -0.618034,
      "z" : 0.309017
    }, {
      "x" : 0.618034,
      "y" : -0.309017,
      "z" : 0.809017
    }, {
      "x" : 1.0,
      "y" : 0.309017,
      "z" : 0.19098301
    }, {
      "x" : 0.809017,
      "y" : 0.618034,
      "z" : 0.309017
    }, {
      "x" : 0.618034,
      "y" : 0.309017,
      "z" : 0.809017
    }, {
      "x" : 0.809017,
      "y" : 0.0,
      "z" : 0.690983
    }, {
      "x" : 0.19098301,
      "y" : -1.0,
      "z" : 0.309017
    }, {
      "x" : -0.19098301,
      "y" : -1.0,
      "z" : 0.309017
    }, {
      "x" : -0.19098301,
      "y" : -1.0,
      "z" : -0.309017
    }, {
      "x" : 0.19098301,
      "y" : -1.0,
      "z" : -0.309017
    }, {
      "x" : 1.0,
      "y" : -0.309017,
      "z" : -0.19098301
    }, {
      "x" : 0.809017,
      "y" : -0.618034,
      "z" : -0.309017
    }, {
      "x" : 0.618034,
      "y" : -0.309017,
      "z" : -0.809017
    }, {
      "x" : 0.809017,
      "y" : 0.0,
      "z" : -0.690983
    }, {
      "x" : 0.0,
      "y" : 0.690983,
      "z" : -0.809017
    }, {
      "x" : 0.309017,
      "y" : 0.809017,
      "z" : -0.618034
    }, {
      "x" : 0.618034,
      "y" : 0.309017,
      "z" : -0.809017
    }, {
      "x" : 0.309017,
      "y" : 0.19098301,
      "z" : -1.0
    }, {
      "x" : 1.0,
      "y" : 0.309017,
      "z" : -0.19098301
    }, {
      "x" : -0.309017,
      "y" : -0.809017,
      "z" : 0.618034
    }, {
      "x" : 0.0,
      "y" : -0.690983,
      "z" : 0.809017
    }, {
      "x" : 0.809017,
      "y" : 0.618034,
      "z" : -0.309017
    }, {
      "x" : 0.690983,
      "y" : 0.809017,
      "z" : 0.0
    }, {
      "x" : -0.690983,
      "y" : 0.809017,
      "z" : 0.0
    }, {
      "x" : -0.809017,
      "y" : 0.618034,
      "z" : 0.309017
    }, {
      "x" : -0.309017,
      "y" : 0.809017,
      "z" : 0.618034
    }, {
      "x" : -0.19098301,
      "y" : 1.0,
      "z" : 0.309017
    }, {
      "x" : 0.309017,
      "y" : -0.19098301,
      "z" : -1.0
    }, {
      "x" : 0.19098301,
      "y" : 1.0,
      "z" : 0.309017
    }, {
      "x" : 0.309017,
      "y" : 0.809017,
      "z" : 0.618034
    }, {
      "x" : -0.809017,
      "y" : -0.618034,
      "z" : 0.309017
    }, {
      "x" : -0.690983,
      "y" : -0.809017,
      "z" : 0.0
    }, {
      "x" : 0.0,
      "y" : 0.690983,
      "z" : 0.809017
    }, {
      "x" : 0.309017,
      "y" : -0.809017,
      "z" : -0.618034
    }, {
      "x" : 0.0,
      "y" : -0.690983,
      "z" : -0.809017
    }, {
      "x" : -1.0,
      "y" : 0.309017,
      "z" : 0.19098301
    }, {
      "x" : -0.809017,
      "y" : 0.0,
      "z" : 0.690983
    }, {
      "x" : -0.618034,
      "y" : 0.309017,
      "z" : 0.809017
    }, {
      "x" : 1.0,
      "y" : -0.309017,
      "z" : 0.19098301
    }, {
      "x" : -0.309017,
      "y" : -0.809017,
      "z" : -0.618034
    }, {
      "x" : -1.0,
      "y" : 0.309017,
      "z" : -0.19098301
    }, {
      "x" : -1.0,
      "y" : -0.309017,
      "z" : -0.19098301
    }, {
      "x" : -1.0,
      "y" : -0.309017,
      "z" : 0.19098301
    }, {
      "x" : 0.19098301,
      "y" : 1.0,
      "z" : -0.309017
    }, {
      "x" : -0.809017,
      "y" : 0.618034,
      "z" : -0.309017
    }, {
      "x" : -0.19098301,
      "y" : 1.0,
      "z" : -0.309017
    }, {
      "x" : -0.309017,
      "y" : 0.809017,
      "z" : -0.618034
    }, {
      "x" : -0.618034,
      "y" : -0.309017,
      "z" : 0.809017
    }, {
      "x" : 0.309017,
      "y" : 0.19098301,
      "z" : 1.0
    }, {
      "x" : -0.309017,
      "y" : 0.19098301,
      "z" : -1.0
    }, {
      "x" : -0.309017,
      "y" : 0.19098301,
      "z" : 1.0
    }, {
      "x" : -0.309017,
      "y" : -0.19098301,
      "z" : 1.0
    }, {
      "x" : 0.309017,
      "y" : -0.19098301,
      "z" : 1.0
    }, {
      "x" : 0.690983,
      "y" : -0.809017,
      "z" : 0.0
    }, {
      "x" : -0.809017,
      "y" : 0.0,
      "z" : -0.690983
    }, {
      "x" : -0.618034,
      "y" : -0.309017,
      "z" : -0.809017
    }, {
      "x" : -0.309017,
      "y" : -0.19098301,
      "z" : -1.0
    }, {
      "x" : -0.618034,
      "y" : 0.309017,
      "z" : -0.809017
    }, {
      "x" : -0.809017,
      "y" : -0.618034,
      "z" : -0.309017
    } ],
    "faces" : [ {
      "vertices" : [ 9, 40, 35 ]
    }, {
      "vertices" : [ 9, 35, 34 ]
    }, {
      "vertices" : [ 9, 34, 10 ]
    }, {
      "vertices" : [ 0, 1, 2 ]
    }, {
      "vertices" : [ 33, 51, 49 ]
    }, {
      "vertices" : [ 25, 36, 37 ]
    }, {
      "vertices" : [ 25, 37, 38 ]
    }, {
      "vertices" : [ 41, 55, 42 ]
    }, {
      "vertices" : [ 9, 32, 59 ]
    }, {
      "vertices" : [ 9, 59, 40 ]
    }, {
      "vertices" : [ 20, 21, 52 ]
    }, {
      "vertices" : [ 20, 52, 48 ]
    }, {
      "vertices" : [ 26, 33, 30 ]
    }, {
      "vertices" : [ 26, 30, 29 ]
    }, {
      "vertices" : [ 26, 29, 27 ]
    }, {
      "vertices" : [ 3, 4, 5 ]
    }, {
      "vertices" : [ 3, 5, 6 ]
    }, {
      "vertices" : [ 27, 29, 44 ]
    }, {
      "vertices" : [ 27, 44, 46 ]
    }, {
      "vertices" : [ 50, 57, 56 ]
    }, {
      "vertices" : [ 50, 56, 55 ]
    }, {
      "vertices" : [ 50, 55, 58 ]
    }, {
      "vertices" : [ 26, 38, 51 ]
    }, {
      "vertices" : [ 26, 51, 33 ]
    }, {
      "vertices" : [ 45, 47, 58 ]
    }, {
      "vertices" : [ 18, 28, 57 ]
    }, {
      "vertices" : [ 18, 57, 50 ]
    }, {
      "vertices" : [ 40, 59, 56 ]
    }, {
      "vertices" : [ 31, 48, 37 ]
    }, {
      "vertices" : [ 31, 37, 43 ]
    }, {
      "vertices" : [ 7, 8, 9 ]
    }, {
      "vertices" : [ 7, 9, 10 ]
    }, {
      "vertices" : [ 36, 41, 42 ]
    }, {
      "vertices" : [ 36, 42, 43 ]
    }, {
      "vertices" : [ 24, 46, 47 ]
    }, {
      "vertices" : [ 24, 47, 45 ]
    }, {
      "vertices" : [ 4, 30, 5 ]
    }, {
      "vertices" : [ 15, 47, 46 ]
    }, {
      "vertices" : [ 15, 46, 44 ]
    }, {
      "vertices" : [ 15, 44, 16 ]
    }, {
      "vertices" : [ 15, 50, 58 ]
    }, {
      "vertices" : [ 15, 58, 47 ]
    }, {
      "vertices" : [ 24, 45, 41 ]
    }, {
      "vertices" : [ 24, 41, 36 ]
    }, {
      "vertices" : [ 24, 36, 25 ]
    }, {
      "vertices" : [ 11, 14, 19 ]
    }, {
      "vertices" : [ 3, 6, 39 ]
    }, {
      "vertices" : [ 1, 39, 6 ]
    }, {
      "vertices" : [ 1, 6, 2 ]
    }, {
      "vertices" : [ 8, 32, 9 ]
    }, {
      "vertices" : [ 11, 12, 13 ]
    }, {
      "vertices" : [ 11, 13, 14 ]
    }, {
      "vertices" : [ 16, 22, 17 ]
    }, {
      "vertices" : [ 0, 21, 20 ]
    }, {
      "vertices" : [ 0, 20, 8 ]
    }, {
      "vertices" : [ 0, 8, 7 ]
    }, {
      "vertices" : [ 12, 34, 13 ]
    }, {
      "vertices" : [ 35, 40, 56 ]
    }, {
      "vertices" : [ 35, 56, 57 ]
    }, {
      "vertices" : [ 0, 7, 54 ]
    }, {
      "vertices" : [ 0, 54, 1 ]
    }, {
      "vertices" : [ 15, 16, 17 ]
    }, {
      "vertices" : [ 15, 17, 18 ]
    }, {
      "vertices" : [ 3, 19, 22 ]
    }, {
      "vertices" : [ 3, 22, 23 ]
    }, {
      "vertices" : [ 3, 23, 4 ]
    }, {
      "vertices" : [ 7, 10, 54 ]
    }, {
      "vertices" : [ 41, 45, 58 ]
    }, {
      "vertices" : [ 41, 58, 55 ]
    }, {
      "vertices" : [ 3, 39, 11 ]
    }, {
      "vertices" : [ 3, 11, 19 ]
    }, {
      "vertices" : [ 14, 17, 22 ]
    }, {
      "vertices" : [ 14, 22, 19 ]
    }, {
      "vertices" : [ 0, 2, 53 ]
    }, {
      "vertices" : [ 0, 53, 21 ]
    }, {
      "vertices" : [ 49, 51, 52 ]
    }, {
      "vertices" : [ 49, 52, 53 ]
    }, {
      "vertices" : [ 31, 43, 42 ]
    }, {
      "vertices" : [ 31, 42, 59 ]
    }, {
      "vertices" : [ 31, 59, 32 ]
    }, {
      "vertices" : [ 15, 18, 50 ]
    }, {
      "vertices" : [ 42, 55, 56 ]
    }, {
      "vertices" : [ 42, 56, 59 ]
    }, {
      "vertices" : [ 4, 23, 29 ]
    }, {
      "vertices" : [ 4, 29, 30 ]
    }, {
      "vertices" : [ 25, 38, 26 ]
    }, {
      "vertices" : [ 13, 28, 18 ]
    }, {
      "vertices" : [ 13, 18, 17 ]
    }, {
      "vertices" : [ 13, 17, 14 ]
    }, {
      "vertices" : [ 8, 20, 31 ]
    }, {
      "vertices" : [ 8, 31, 32 ]
    }, {
      "vertices" : [ 23, 44, 29 ]
    }, {
      "vertices" : [ 24, 27, 46 ]
    }, {
      "vertices" : [ 37, 48, 52 ]
    }, {
      "vertices" : [ 37, 52, 51 ]
    }, {
      "vertices" : [ 37, 51, 38 ]
    }, {
      "vertices" : [ 20, 48, 31 ]
    }, {
      "vertices" : [ 24, 25, 26 ]
    }, {
      "vertices" : [ 24, 26, 27 ]
    }, {
      "vertices" : [ 16, 44, 23 ]
    }, {
      "vertices" : [ 16, 23, 22 ]
    }, {
      "vertices" : [ 13, 34, 35 ]
    }, {
      "vertices" : [ 13, 35, 28 ]
    }, {
      "vertices" : [ 10, 34, 12 ]
    }, {
      "vertices" : [ 10, 12, 54 ]
    }, {
      "vertices" : [ 2, 6, 5 ]
    }, {
      "vertices" : [ 2, 5, 49 ]
    }, {
      "vertices" : [ 2, 49, 53 ]
    }, {
      "vertices" : [ 36, 43, 37 ]
    }, {
      "vertices" : [ 5, 30, 33 ]
    }, {
      "vertices" : [ 5, 33, 49 ]
    }, {
      "vertices" : [ 1, 54, 12 ]
    }, {
      "vertices" : [ 1, 12, 11 ]
    }, {
      "vertices" : [ 1, 11, 39 ]
    }, {
      "vertices" : [ 28, 35, 57 ]
    }, {
      "vertices" : [ 21, 53, 52 ]
    } ]
  }, {
    "id" : "f5aabce8-cbd0-4142-9e09-1a3d4f3b0bc9",
    "vertices" : [ {
      "x" : 0.809017,
      "y" : 0.0,
      "z" : -0.690983
    }, {
      "x" : 1.0,
      "y" : 0.309017,
      "z" : -0.19098301
    }, {
      "x" : 1.309017,
      "y" : 0.309017,
      "z" : -0.309017
    }, {
      "x" : 1.118034,
      "y" : 0.0,
      "z" : -0.809017
    }, {
      "x" : 3.236068,
      "y" : 0.309017,
      "z" : -1.427051
    }, {
      "x" : 1.0,
      "y" : -0.309017,
      "z" : -0.19098301
    }, {
      "x" : 1.309017,
      "y" : -0.309017,
      "z" : -0.309017
    }, {
      "x" : 2.927051,
      "y" : 0.309017,
      "z" : -1.309017
    }, {
      "x" : 3.118034,
      "y" : 0.0,
      "z" : -0.809017
    }, {
      "x" : 4.236068,
      "y" : 0.0,
      "z" : -1.618034
    }, {
      "x" : 2.927051,
      "y" : -0.309017,
      "z" : -1.309017
    }, {
      "x" : 3.427051,
      "y" : 0.0,
      "z" : -0.927051
    }, {
      "x" : 3.236068,
      "y" : -0.309017,
      "z" : -1.427051
    } ],
    "faces" : [ {
      "vertices" : [ 2, 6, 8 ]
    }, {
      "vertices" : [ 4, 12, 10 ]
    }, {
      "vertices" : [ 4, 10, 7 ]
    }, {
      "vertices" : [ 2, 8, 7 ]
    }, {
      "vertices" : [ 3, 10, 6 ]
    }, {
      "vertices" : [ 3, 7, 10 ]
    }, {
      "vertices" : [ 0, 1, 2 ]
    }, {
      "vertices" : [ 0, 2, 3 ]
    }, {
      "vertices" : [ 6, 10, 8 ]
    }, {
      "vertices" : [ 8, 10, 12 ]
    }, {
      "vertices" : [ 8, 12, 11 ]
    }, {
      "vertices" : [ 2, 7, 3 ]
    }, {
      "vertices" : [ 0, 3, 6 ]
    }, {
      "vertices" : [ 0, 6, 5 ]
    }, {
      "vertices" : [ 1, 5, 6 ]
    }, {
      "vertices" : [ 1, 6, 2 ]
    }, {
      "vertices" : [ 4, 7, 8 ]
    }, {
      "vertices" : [ 4, 8, 11 ]
    } ]
  } ],
  "instances" : [ {
    "shape" : "771fa396-5259-4c86-9c88-ef39bc93c050",
    "color" : "#CC0000",
    "position" : {
      "x" : 5.236068,
      "y" : -5.236068,
      "z" : 0.0
    }
  }, {
    "shape" : "771fa396-5259-4c86-9c88-ef39bc93c050",
    "color" : "#FFFFFF",
    "position" : {
      "x" : 7.854102,
      "y" : -7.854102,
      "z" : 2.618034
    }
  }, {
    "shape" : "771fa396-5259-4c86-9c88-ef39bc93c050",
    "color" : "#FFFFFF",
    "position" : {
      "x" : 2.618034,
      "y" : -7.854102,
      "z" : -2.618034
    }
  }, {
    "shape" : "771fa396-5259-4c86-9c88-ef39bc93c050",
    "color" : "#FFFFFF",
    "position" : {
      "x" : 7.854102,
      "y" : -2.618034,
      "z" : -2.618034
    }
  }, {
    "shape" : "771fa396-5259-4c86-9c88-ef39bc93c050",
    "color" : "#FFFFFF",
    "position" : {
      "x" : 2.618034,
      "y" : 2.618034,
      "z" : -13.09017
    }
  }, {
    "shape" : "f5aabce8-cbd0-4142-9e09-1a3d4f3b0bc9",
    "color" : "#F0A000",
    "position" : {
      "x" : 10.472136,
      "y" : 0.0,
      "z" : -10.472136
    },
    "orientation" : 19
  }, {
    "shape" : "771fa396-5259-4c86-9c88-ef39bc93c050",
    "color" : "#CC0000",
    "position" : {
      "x" : 0.0,
      "y" : 0.0,
      "z" : 0.0
    }
  }, {
    "shape" : "f5aabce8-cbd0-4142-9e09-1a3d4f3b0bc9",
    "color" : "#F0A000",
    "position" : {
      "x" : 10.472136,
      "y" : 0.0,
      "z" : -10.472136
    },
    "orientation" : 4
  }, {
    "shape" : "f5aabce8-cbd0-4142-9e09-1a3d4f3b0bc9",
    "color" : "#F0A000",
    "position" : {
      "x" : 10.472136,
      "y" : 0.0,
      "z" : -10.472136
    },
    "orientation" : 5
  }, {
    "shape" : "771fa396-5259-4c86-9c88-ef39bc93c050",
    "color" : "#CC0000",
    "position" : {
      "x" : 0.0,
      "y" : 5.236068,
      "z" : -5.236068
    }
  }, {
    "shape" : "771fa396-5259-4c86-9c88-ef39bc93c050",
    "color" : "#CC0000",
    "position" : {
      "x" : 10.472136,
      "y" : -5.236068,
      "z" : -5.236068
    }
  }, {
    "shape" : "f5aabce8-cbd0-4142-9e09-1a3d4f3b0bc9",
    "color" : "#F0A000",
    "position" : {
      "x" : 5.236068,
      "y" : 5.236068,
      "z" : -10.472136
    },
    "orientation" : 3
  }, {
    "shape" : "771fa396-5259-4c86-9c88-ef39bc93c050",
    "color" : "#FFFFFF",
    "position" : {
      "x" : 2.618034,
      "y" : 7.854102,
      "z" : -7.854102
    }
  }, {
    "shape" : "f5aabce8-cbd0-4142-9e09-1a3d4f3b0bc9",
    "color" : "#F0A000",
    "position" : {
      "x" : 5.236068,
      "y" : 5.236068,
      "z" : -10.472136
    },
    "orientation" : 5
  }, {
    "shape" : "771fa396-5259-4c86-9c88-ef39bc93c050",
    "color" : "#FFFFFF",
    "position" : {
      "x" : 13.09017,
      "y" : -2.618034,
      "z" : -7.854102
    }
  }, {
    "shape" : "f5aabce8-cbd0-4142-9e09-1a3d4f3b0bc9",
    "color" : "#F0A000",
    "position" : {
      "x" : 10.472136,
      "y" : -5.236068,
      "z" : -5.236068
    },
    "orientation" : 5
  }, {
    "shape" : "f5aabce8-cbd0-4142-9e09-1a3d4f3b0bc9",
    "color" : "#F0A000",
    "position" : {
      "x" : 5.236068,
      "y" : -5.236068,
      "z" : 0.0
    },
    "orientation" : 19
  }, {
    "shape" : "f5aabce8-cbd0-4142-9e09-1a3d4f3b0bc9",
    "color" : "#F0A000",
    "position" : {
      "x" : 0.0,
      "y" : 0.0,
      "z" : 0.0
    },
    "orientation" : 19
  }, {
    "shape" : "f5aabce8-cbd0-4142-9e09-1a3d4f3b0bc9",
    "color" : "#F0A000",
    "position" : {
      "x" : 10.472136,
      "y" : -5.236068,
      "z" : -5.236068
    },
    "orientation" : 3
  }, {
    "shape" : "f5aabce8-cbd0-4142-9e09-1a3d4f3b0bc9",
    "color" : "#F0A000",
    "position" : {
      "x" : 0.0,
      "y" : 0.0,
      "z" : 0.0
    },
    "orientation" : 3
  }, {
    "shape" : "771fa396-5259-4c86-9c88-ef39bc93c050",
    "color" : "#FFFFFF",
    "position" : {
      "x" : -2.618034,
      "y" : 2.618034,
      "z" : -7.854102
    }
  }, {
    "shape" : "771fa396-5259-4c86-9c88-ef39bc93c050",
    "color" : "#FFFFFF",
    "position" : {
      "x" : -2.618034,
      "y" : -2.618034,
      "z" : -2.618034
    }
  }, {
    "shape" : "f5aabce8-cbd0-4142-9e09-1a3d4f3b0bc9",
    "color" : "#F0A000",
    "position" : {
      "x" : 0.0,
      "y" : 5.236068,
      "z" : -5.236068
    },
    "orientation" : 5
  }, {
    "shape" : "771fa396-5259-4c86-9c88-ef39bc93c050",
    "color" : "#CC0000",
    "position" : {
      "x" : 10.472136,
      "y" : 0.0,
      "z" : -10.472136
    }
  }, {
    "shape" : "f5aabce8-cbd0-4142-9e09-1a3d4f3b0bc9",
    "color" : "#F0A000",
    "position" : {
      "x" : 0.0,
      "y" : 5.236068,
      "z" : -5.236068
    },
    "orientation" : 4
  }, {
    "shape" : "771fa396-5259-4c86-9c88-ef39bc93c050",
    "color" : "#FFFFFF",
    "position" : {
      "x" : 2.618034,
      "y" : 2.618034,
      "z" : -2.618034
    }
  }, {
    "shape" : "f5aabce8-cbd0-4142-9e09-1a3d4f3b0bc9",
    "color" : "#F0A000",
    "position" : {
      "x" : 0.0,
      "y" : 5.236068,
      "z" : -5.236068
    },
    "orientation" : 19
  }, {
    "shape" : "771fa396-5259-4c86-9c88-ef39bc93c050",
    "color" : "#FFFFFF",
    "position" : {
      "x" : 2.618034,
      "y" : -2.618034,
      "z" : 2.618034
    }
  }, {
    "shape" : "f5aabce8-cbd0-4142-9e09-1a3d4f3b0bc9",
    "color" : "#F0A000",
    "position" : {
      "x" : 10.472136,
      "y" : 0.0,
      "z" : -10.472136
    },
    "orientation" : 3
  }, {
    "shape" : "771fa396-5259-4c86-9c88-ef39bc93c050",
    "color" : "#CC0000",
    "position" : {
      "x" : 5.236068,
      "y" : 5.236068,
      "z" : -10.472136
    }
  }, {
    "shape" : "f5aabce8-cbd0-4142-9e09-1a3d4f3b0bc9",
    "color" : "#F0A000",
    "position" : {
      "x" : 5.236068,
      "y" : 5.236068,
      "z" : -10.472136
    },
    "orientation" : 4
  }, {
    "shape" : "771fa396-5259-4c86-9c88-ef39bc93c050",
    "color" : "#FFFFFF",
    "position" : {
      "x" : 13.09017,
      "y" : -7.854102,
      "z" : -2.618034
    }
  }, {
    "shape" : "771fa396-5259-4c86-9c88-ef39bc93c050",
    "color" : "#FFFFFF",
    "position" : {
      "x" : 7.854102,
      "y" : -2.618034,
      "z" : -13.09017
    }
  }, {
    "shape" : "771fa396-5259-4c86-9c88-ef39bc93c050",
    "color" : "#FFFFFF",
    "position" : {
      "x" : 7.854102,
      "y" : 2.618034,
      "z" : -7.854102
    }
  }, {
    "shape" : "f5aabce8-cbd0-4142-9e09-1a3d4f3b0bc9",
    "color" : "#F0A000",
    "position" : {
      "x" : 0.0,
      "y" : 0.0,
      "z" : 0.0
    },
    "orientation" : 5
  }, {
    "shape" : "f5aabce8-cbd0-4142-9e09-1a3d4f3b0bc9",
    "color" : "#F0A000",
    "position" : {
      "x" : 5.236068,
      "y" : -5.236068,
      "z" : 0.0
    },
    "orientation" : 4
  }, {
    "shape" : "f5aabce8-cbd0-4142-9e09-1a3d4f3b0bc9",
    "color" : "#F0A000",
    "position" : {
      "x" : 5.236068,
      "y" : -5.236068,
      "z" : 0.0
    },
    "orientation" : 3
  }, {
    "shape" : "f5aabce8-cbd0-4142-9e09-1a3d4f3b0bc9",
    "color" : "#F0A000",
    "position" : {
      "x" : 0.0,
      "y" : 0.0,
      "z" : 0.0
    },
    "orientation" : 4
  }, {
    "shape" : "771fa396-5259-4c86-9c88-ef39bc93c050",
    "color" : "#FFFFFF",
    "position" : {
      "x" : -2.618034,
      "y" : 2.618034,
      "z" : 2.618034
    }
  }, {
    "shape" : "771fa396-5259-4c86-9c88-ef39bc93c050",
    "color" : "#FFFFFF",
    "position" : {
      "x" : 7.854102,
      "y" : 7.854102,
      "z" : -13.09017
    }
  }, {
    "shape" : "771fa396-5259-4c86-9c88-ef39bc93c050",
    "color" : "#FFFFFF",
    "position" : {
      "x" : -2.618034,
      "y" : 7.854102,
      "z" : -2.618034
    }
  }, {
    "shape" : "f5aabce8-cbd0-4142-9e09-1a3d4f3b0bc9",
    "color" : "#F0A000",
    "position" : {
      "x" : 5.236068,
      "y" : 5.236068,
      "z" : -10.472136
    },
    "orientation" : 19
  }, {
    "shape" : "f5aabce8-cbd0-4142-9e09-1a3d4f3b0bc9",
    "color" : "#F0A000",
    "position" : {
      "x" : 0.0,
      "y" : 5.236068,
      "z" : -5.236068
    },
    "orientation" : 3
  }, {
    "shape" : "f5aabce8-cbd0-4142-9e09-1a3d4f3b0bc9",
    "color" : "#F0A000",
    "position" : {
      "x" : 10.472136,
      "y" : -5.236068,
      "z" : -5.236068
    },
    "orientation" : 19
  }, {
    "shape" : "771fa396-5259-4c86-9c88-ef39bc93c050",
    "color" : "#FFFFFF",
    "position" : {
      "x" : 7.854102,
      "y" : -7.854102,
      "z" : -7.854102
    }
  }, {
    "shape" : "f5aabce8-cbd0-4142-9e09-1a3d4f3b0bc9",
    "color" : "#F0A000",
    "position" : {
      "x" : 10.472136,
      "y" : -5.236068,
      "z" : -5.236068
    },
    "orientation" : 4
  }, {
    "shape" : "f5aabce8-cbd0-4142-9e09-1a3d4f3b0bc9",
    "color" : "#F0A000",
    "position" : {
      "x" : 5.236068,
      "y" : -5.236068,
      "z" : 0.0
    },
    "orientation" : 5
  }, {
    "shape" : "771fa396-5259-4c86-9c88-ef39bc93c050",
    "color" : "#FFFFFF",
    "position" : {
      "x" : 13.09017,
      "y" : 2.618034,
      "z" : -13.09017
    }
  } ],
  "scenes" : [ ],
  "snapshots" : [ ]
}