{
  "field" : "golden",
  "symmetry" : "icosahedral",
  "orientations" : [ [ 1.0, 0.0, 0.0, 0.0, 0.0, 1.0, 0.0, 0.0, 0.0, 0.0, 1.0, 0.0, 0.0, 0.0, 0.0, 1.0 ], [ 0.0, 0.0, 1.0, 0.0, 1.0, 0.0, 0.0, 0.0, 0.0, 1.0, 0.0, 0.0, 0.0, 0.0, 0.0, 1.0 ], [ 0.0, 1.0, 0.0, 0.0, 0.0, 0.0, 1.0, 0.0, 1.0, 0.0, 0.0, 0.0, 0.0, 0.0, 0.0, 1.0 ], [ 0.809017, 0.309017, 0.5, 0.0, 0.309017, 0.5, -0.809017, 0.0, -0.5, 0.809017, 0.309017, 0.0, 0.0, 0.0, 0.0, 1.0 ], [ -0.5, 0.809017, 0.309017, 0.0, 0.809017, 0.309017, 0.5, 0.0, 0.309017, 0.5, -0.809017, 0.0, 0.0, 0.0, 0.0, 1.0 ], [ 0.309017, 0.5, -0.809017, 0.0, -0.5, 0.809017, 0.309017, 0.0, 0.809017, 0.309017, 0.5, 0.0, 0.0, 0.0, 0.0, 1.0 ], [ 0.5, 0.809017, 0.309017, 0.0, 0.809017, -0.309017, -0.5, 0.0, -0.309017, 0.5, -0.809017, 0.0, 0.0, 0.0, 0.0, 1.0 ], [ -0.309017, 0.5, -0.809017, 0.0, 0.5, 0.809017, 0.309017, 0.0, 0.809017, -0.309017, -0.5, 0.0, 0.0, 0.0, 0.0, 1.0 ], [ 0.809017, -0.309017, -0.5, 0.0, -0.309017, 0.5, -0.809017, 0.0, 0.5, 0.809017, 0.309017, 0.0, 0.0, 0.0, 0.0, 1.0 ], [ 0.5, 0.809017, -0.309017, 0.0, 0.809017, -0.309017, 0.5, 0.0, 0.309017, -0.5, -0.809017, 0.0, 0.0, 0.0, 0.0, 1.0 ], [ 0.309017, -0.5, -0.809017, 0.0, 0.5, 0.809017, -0.309017, 0.0, 0.809017, -0.309017, 0.5, 0.0, 0.0, 0.0, 0.0, 1.0 ], [ 0.809017, -0.309017, 0.5, 0.0, 0.309017, -0.5, -0.809017, 0.0, 0.5, 0.809017, -0.309017, 0.0, 0.0, 0.0, 0.0, 1.0 ], [ 0.809017, 0.309017, -0.5, 0.0, 0.309017, 0.5, 0.809017, 0.0, 0.5, -0.809017, 0.309017, 0.0, 0.0, 0.0, 0.0, 1.0 ], [ 0.5, -0.809017, 0.309017, 0.0, 0.809017, 0.309017, -0.5, 0.0, 0.309017, 0.5, 0.809017, 0.0, 0.0, 0.0, 0.0, 1.0 ], [ 0.309017, 0.5, 0.809017, 0.0, 0.5, -0.809017, 0.309017, 0.0, 0.809017, 0.309017, -0.5, 0.0, 0.0, 0.0, 0.0, 1.0 ], [ 1.0, 0.0, 0.0, 0.0, 0.0, -1.0, 0.0, 0.0, 0.0, 0.0, -1.0, 0.0, 0.0, 0.0, 0.0, 1.0 ], [ 0.0, 0.0, 1.0, 0.0, -1.0, 0.0, 0.0, 0.0, 0.0, -1.0, 0.0, 0.0, 0.0, 0.0, 0.0, 1.0 ], [ 0.0, 1.0, 0.0, 0.0, 0.0, 0.0, -1.0, 0.0, -1.0, 0.0, 0.0, 0.0, 0.0, 0.0, 0.0, 1.0 ], [ 0.809017, 0.309017, 0.5, 0.0, -0.309017, -0.5, 0.809017, 0.0, 0.5, -0.809017, -0.309017, 0.0, 0.0, 0.0, 0.0, 1.0 ], [ -0.5, 0.809017, 0.309017, 0.0, -0.809017, -0.309017, -0.5, 0.0, -0.309017, -0.5, 0.809017, 0.0, 0.0, 0.0, 0.0, 1.0 ], [ 0.309017, 0.5, -0.809017, 0.0, 0.5, -0.809017, -0.309017, 0.0, -0.809017, -0.309017, -0.5, 0.0, 0.0, 0.0, 0.0, 1.0 ], [ 0.5, 0.809017, 0.309017, 0.0, -0.809017, 0.309017, 0.5, 0.0, 0.309017, -0.5, 0.809017, 0.0, 0.0, 0.0, 0.0, 1.0 ], [ -0.309017, 0.5, -0.809017, 0.0, -0.5, -0.809017, -0.309017, 0.0, -0.809017, 0.309017, 0.5, 0.0, 0.0, 0.0, 0.0, 1.0 ], [ 0.809017, -0.309017, -0.5, 0.0, 0.309017, -0.5, 0.809017, 0.0, -0.5, -0.809017, -0.309017, 0.0, 0.0, 0.0, 0.0, 1.0 ], [ 0.5, 0.809017, -0.309017, 0.0, -0.809017, 0.309017, -0.5, 0.0, -0.309017, 0.5, 0.809017, 0.0, 0.0, 0.0, 0.0, 1.0 ], [ 0.309017, -0.5, -0.809017, 0.0, -0.5, -0.809017, 0.309017, 0.0, -0.809017, 0.309017, -0.5, 0.0, 0.0, 0.0, 0.0, 1.0 ], [ 0.809017, -0.309017, 0.5, 0.0, -0.309017, 0.5, 0.809017, 0.0, -0.5, -0.809017, 0.309017, 0.0, 0.0, 0.0, 0.0, 1.0 ], [ 0.809017, 0.309017, -0.5, 0.0, -0.309017, -0.5, -0.809017, 0.0, -0.5, 0.809017, -0.309017, 0.0, 0.0, 0.0, 0.0, 1.0 ], [ 0.5, -0.809017, 0.309017, 0.0, -0.809017, -0.309017, 0.5, 0.0, -0.309017, -0.5, -0.809017, 0.0, 0.0, 0.0, 0.0, 1.0 ], [ 0.309017, 0.5, 0.809017, 0.0, -0.5, 0.809017, -0.309017, 0.0, -0.809017, -0.309017, 0.5, 0.0, 0.0, 0.0, 0.0, 1.0 ], [ -1.0, 0.0, 0.0, 0.0, 0.0, -1.0, 0.0, 0.0, 0.0, 0.0, 1.0, 0.0, 0.0, 0.0, 0.0, 1.0 ], [ 0.0, 0.0, -1.0, 0.0, -1.0, 0.0, 0.0, 0.0, 0.0, 1.0, 0.0, 0.0, 0.0, 0.0, 0.0, 1.0 ], [ 0.0, -1.0, 0.0, 0.0, 0.0, 0.0, -1.0, 0.0, 1.0, 0.0, 0.0, 0.0, 0.0, 0.0, 0.0, 1.0 ], [ -0.809017, -0.309017, -0.5, 0.0, -0.309017, -0.5, 0.809017, 0.0, -0.5, 0.809017, 0.309017, 0.0, 0.0, 0.0, 0.0, 1.0 ], [ 0.5, -0.809017, -0.309017, 0.0, -0.809017, -0.309017, -0.5, 0.0, 0.309017, 0.5, -0.809017, 0.0, 0.0, 0.0, 0.0, 1.0 ], [ -0.309017, -0.5, 0.809017, 0.0, 0.5, -0.809017, -0.309017, 0.0, 0.809017, 0.309017, 0.5, 0.0, 0.0, 0.0, 0.0, 1.0 ], [ -0.5, -0.809017, -0.309017, 0.0, -0.809017, 0.309017, 0.5, 0.0, -0.309017, 0.5, -0.809017, 0.0, 0.0, 0.0, 0.0, 1.0 ], [ 0.309017, -0.5, 0.809017, 0.0, -0.5, -0.809017, -0.309017, 0.0, 0.809017, -0.309017, -0.5, 0.0, 0.0, 0.0, 0.0, 1.0 ], [ -0.809017, 0.309017, 0.5, 0.0, 0.309017, -0.5, 0.809017, 0.0, 0.5, 0.809017, 0.309017, 0.0, 0.0, 0.0, 0.0, 1.0 ], [ -0.5, -0.809017, 0.309017, 0.0, -0.809017, 0.309017, -0.5, 0.0, 0.309017, -0.5, -0.809017, 0.0, 0.0, 0.0, 0.0, 1.0 ], [ -0.309017, 0.5, 0.809017, 0.0, -0.5, -0.809017, 0.309017, 0.0, 0.809017, -0.309017, 0.5, 0.0, 0.0, 0.0, 0.0, 1.0 ], [ -0.809017, 0.309017, -0.5, 0.0, -0.309017, 0.5, 0.809017, 0.0, 0.5, 0.809017, -0.309017, 0.0, 0.0, 0.0, 0.0, 1.0 ], [ -0.809017, -0.309017, 0.5, 0.0, -0.309017, -0.5, -0.809017, 0.0, 0.5, -0.809017, 0.309017, 0.0, 0.0, 0.0, 0.0, 1.0 ], [ -0.5, 0.809017, -0.309017, 0.0, -0.809017, -0.309017, 0.5, 0.0, 0.309017, 0.5, 0.809017, 0.0, 0.0, 0.0, 0.0, 1.0 ], [ -0.309017, -0.5, -0.809017, 0.0, -0.5, 0.809017, -0.309017, 0.0, 0.809017, 0.309017, -0.5, 0.0, 0.0, 0.0, 0.0, 1.0 ], [ -1.0, 0.0, 0.0, 0.0, 0.0, 1.0, 0.0, 0.0, 0.0, 0.0, -1.0, 0.0, 0.0, 0.0, 0.0, 1.0 ], [ 0.0, 0.0, -1.0, 0.0, 1.0, 0.0, 0.0, 0.0, 0.0, -1.0, 0.0, 0.0, 0.0, 0.0, 0.0, 1.0 ], [ 0.0, -1.0, 0.0, 0.0, 0.0, 0.0, 1.0, 0.0, -1.0, 0.0, 0.0, 0.0, 0.0, 0.0, 0.0, 1.0 ], [ -0.809017, -0.309017, -0.5, 0.0, 0.309017, 0.5, -0.809017, 0.0, 0.5, -0.809017, -0.309017, 0.0, 0.0, 0.0, 0.0, 1.0 ], [ 0.5, -0.809017, -0.309017, 0.0, 0.809017, 0.309017, 0.5, 0.0, -0.309017, -0.5, 0.809017, 0.0, 0.0, 0.0, 0.0, 1.0 ], [ -0.309017, -0.5, 0.809017, 0.0, -0.5, 0.809017, 0.309017, 0.0, -0.809017, -0.309017, -0.5, 0.0, 0.0, 0.0, 0.0, 1.0 ], [ -0.5, -0.809017, -0.309017, 0.0, 0.809017, -0.309017, -0.5, 0.0, 0.309017, -0.5, 0.809017, 0.0, 0.0, 0.0, 0.0, 1.0 ], [ 0.309017, -0.5, 0.809017, 0.0, 0.5, 0.809017, 0.309017, 0.0, -0.809017, 0.309017, 0.5, 0.0, 0.0, 0.0, 0.0, 1.0 ], [ -0.809017, 0.309017, 0.5, 0.0, -0.309017, 0.5, -0.809017, 0.0, -0.5, -0.809017, -0.309017, 0.0, 0.0, 0.0, 0.0, 1.0 ], [ -0.5, -0.809017, 0.309017, 0.0, 0.809017, -0.309017, 0.5, 0.0, -0.309017, 0.5, 0.809017, 0.0, 0.0, 0.0, 0.0, 1.0 ], [ -0.309017, 0.5, 0.809017, 0.0, 0.5, 0.809017, -0.309017, 0.0, -0.809017, 0.309017, -0.5, 0.0, 0.0, 0.0, 0.0, 1.0 ], [ -0.809017, 0.309017, -0.5, 0.0, 0.309017, -0.5, -0.809017, 0.0, -0.5, -0.809017, 0.309017, 0.0, 0.0, 0.0, 0.0, 1.0 ], [ -0.809017, -0.309017, 0.5, 0.0, 0.309017, 0.5, 0.809017, 0.0, -0.5, 0.809017, -0.309017, 0.0, 0.0, 0.0, 0.0, 1.0 ], [ -0.5, 0.809017, -0.309017, 0.0, 0.809017, 0.309017, -0.5, 0.0, -0.309017, -0.5, -0.809017, 0.0, 0.0, 0.0, 0.0, 1.0 ], [ -0.309017, -0.5, -0.809017, 0.0, 0.5, -0.809017, 0.309017, 0.0, -0.809017, -0.309017, 0.5, 0.0, 0.0, 0.0, 0.0, 1.0 ] ],
  "lights" : {
    "ambientColor" : "#292929",
    "backgroundColor" : "#AFC8DC",
    "directionalLights" : [ {
      "direction" : [ 1.0, -1.0, -1.0 ],
      "color" : "#EBEBE4"
    }, {
      "direction" : [ -1.0, 0.0, 0.0 ],
      "color" : "#E4E4EB"
    }, {
      "direction" : [ 0.0, 0.0, -1.0 ],
      "color" : "#1E1E1E"
    } ]
  },
  "camera" : {
    "lookDirection" : {
      "x" : 0.33802003,
      "y" : -0.32245612,
      "z" : -0.8841713
    },
    "upDirection" : {
      "x" : 0.23580222,
      "y" : 0.93852913,
      "z" : -0.25213614
    },
    "lookAtPoint" : {
      "x" : -29.034441,
      "y" : 11.09017,
      "z" : 17.944271
    },
    "perspective" : true,
    "viewDistance" : 320.17874,
    "nearClipDistance" : 0.8004465,
    "farClipDistance" : 640.3561,
    "fieldOfView" : 0.44262895,
    "stereo" : false,
    "width" : 144.08046,
    "position" : {
      "x" : -137.26128,
      "y" : 114.33377,
      "z" : 301.03714
    }
  },
  "embedding" : [ 1.0, 0.0, 0.0, 0.0, 0.0, 1.0, 0.0, 0.0, 0.0, 0.0, 1.0, 0.0, 0.0, 0.0, 0.0, 1.0 ],
  "shapes" : [ {
    "id" : "580a3693-b30e-4738-b6e9-e38a920d0fdd",
    "vertices" : [ {
      "x" : 4.736068,
      "y" : 3.045085,
      "z" : 0.309017
    }, {
      "x" : 6.354102,
      "y" : 3.809017,
      "z" : 0.309017
    }, {
      "x" : 6.163119,
      "y" : 4.118034,
      "z" : 0.19098301
    }, {
      "x" : 0.809017,
      "y" : 0.618034,
      "z" : -0.309017
    }, {
      "x" : 0.690983,
      "y" : 0.809017,
      "z" : 0.0
    }, {
      "x" : 4.618034,
      "y" : 3.236068,
      "z" : 0.0
    }, {
      "x" : 4.736068,
      "y" : 3.045085,
      "z" : -0.309017
    }, {
      "x" : 10.281153,
      "y" : 6.236068,
      "z" : 0.309017
    }, {
      "x" : 4.927051,
      "y" : 2.736068,
      "z" : 0.19098301
    }, {
      "x" : 4.927051,
      "y" : 2.736068,
      "z" : -0.19098301
    }, {
      "x" : 6.472136,
      "y" : 3.618034,
      "z" : 0.0
    }, {
      "x" : 6.354102,
      "y" : 3.809017,
      "z" : -0.309017
    }, {
      "x" : 10.399187,
      "y" : 6.045085,
      "z" : 0.0
    }, {
      "x" : 1.0,
      "y" : 0.309017,
      "z" : 0.19098301
    }, {
      "x" : 1.0,
      "y" : 0.309017,
      "z" : -0.19098301
    }, {
      "x" : 0.809017,
      "y" : 0.618034,
      "z" : 0.309017
    }, {
      "x" : 10.09017,
      "y" : 6.545085,
      "z" : 0.19098301
    }, {
      "x" : 10.281153,
      "y" : 6.236068,
      "z" : -0.309017
    }, {
      "x" : 10.09017,
      "y" : 6.545085,
      "z" : -0.19098301
    }, {
      "x" : 11.09017,
      "y" : 6.854102,
      "z" : 0.0
    }, {
      "x" : 6.163119,
      "y" : 4.118034,
      "z" : -0.19098301
    } ],
    "faces" : [ {
      "vertices" : [ 3, 6, 9 ]
    }, {
      "vertices" : [ 3, 9, 14 ]
    }, {
      "vertices" : [ 11, 20, 18 ]
    }, {
      "vertices" : [ 11, 18, 17 ]
    }, {
      "vertices" : [ 0, 1, 2 ]
    }, {
      "vertices" : [ 0, 15, 13 ]
    }, {
      "vertices" : [ 0, 13, 8 ]
    }, {
      "vertices" : [ 6, 20, 11 ]
    }, {
      "vertices" : [ 0, 2, 5 ]
    }, {
      "vertices" : [ 0, 8, 1 ]
    }, {
      "vertices" : [ 8, 13, 14 ]
    }, {
      "vertices" : [ 8, 14, 9 ]
    }, {
      "vertices" : [ 3, 4, 5 ]
    }, {
      "vertices" : [ 3, 5, 6 ]
    }, {
      "vertices" : [ 10, 11, 17 ]
    }, {
      "vertices" : [ 10, 17, 12 ]
    }, {
      "vertices" : [ 1, 8, 10 ]
    }, {
      "vertices" : [ 0, 5, 4 ]
    }, {
      "vertices" : [ 0, 4, 15 ]
    }, {
      "vertices" : [ 2, 16, 18 ]
    }, {
      "vertices" : [ 2, 18, 20 ]
    }, {
      "vertices" : [ 1, 7, 16 ]
    }, {
      "vertices" : [ 1, 16, 2 ]
    }, {
      "vertices" : [ 6, 11, 9 ]
    }, {
      "vertices" : [ 8, 9, 10 ]
    }, {
      "vertices" : [ 2, 20, 5 ]
    }, {
      "vertices" : [ 9, 11, 10 ]
    }, {
      "vertices" : [ 1, 10, 12 ]
    }, {
      "vertices" : [ 1, 12, 7 ]
    }, {
      "vertices" : [ 5, 20, 6 ]
    } ]
  }, {
    "id" : "b3744a88-df43-4cd3-bc58-746da129c8d6",
    "vertices" : [ {
      "x" : 0.309017,
      "y" : -0.809017,
      "z" : 0.618034
    }, {
      "x" : 0.809017,
      "y" : -0.618034,
      "z" : 0.309017
    }, {
      "x" : 0.618034,
      "y" : -0.309017,
      "z" : 0.809017
    }, {
      "x" : 1.0,
      "y" : 0.309017,
      "z" : 0.19098301
    }, {
      "x" : 0.809017,
      "y" : 0.618034,
      "z" : 0.309017
    }, {
      "x" : 0.618034,
      "y" : 0.309017,
      "z" : 0.809017
    }, {
      "x" : 0.809017,
      "y" : 0.0,
      "z" : 0.690983
    }, {
      "x" : 0.19098301,
      "y" : -1.0,
      "z" : 0.309017
    }, {
      "x" : -0.19098301,
      "y" : -1.0,
      "z" : 0.309017
    }, {
      "x" : -0.19098301,
      "y" : -1.0,
      "z" : -0.309017
    }, {
      "x" : 0.19098301,
      "y" : -1.0,
      "z" : -0.309017
    }, {
      "x" : 1.0,
      "y" : -0.309017,
      "z" : -0.19098301
    }, {
      "x" : 0.809017,
      "y" : -0.618034,
      "z" : -0.309017
    }, {
      "x" : 0.618034,
      "y" : -0.309017,
      "z" : -0.809017
    }, {
      "x" : 0.809017,
      "y" : 0.0,
      "z" : -0.690983
    }, {
      "x" : 0.0,
      "y" : 0.690983,
      "z" : -0.809017
    }, {
      "x" : 0.309017,
      "y" : 0.809017,
      "z" : -0.618034
    }, {
      "x" : 0.618034,
      "y" : 0.309017,
      "z" : -0.809017
    }, {
      "x" : 0.309017,
      "y" : 0.19098301,
      "z" : -1.0
    }, {
      "x" : 1.0,
      "y" : 0.309017,
      "z" : -0.19098301
    }, {
      "x" : -0.309017,
      "y" : -0.809017,
      "z" : 0.618034
    }, {
      "x" : 0.0,
      "y" : -0.690983,
      "z" : 0.809017
    }, {
      "x" : 0.809017,
      "y" : 0.618034,
      "z" : -0.309017
    }, {
      "x" : 0.690983,
      "y" : 0.809017,
      "z" : 0.0
    }, {
      "x" : -0.690983,
      "y" : 0.809017,
      "z" : 0.0
    }, {
      "x" : -0.809017,
      "y" : 0.618034,
      "z" : 0.309017
    }, {
      "x" : -0.309017,
      "y" : 0.809017,
      "z" : 0.618034
    }, {
      "x" : -0.19098301,
      "y" : 1.0,
      "z" : 0.309017
    }, {
      "x" : 0.309017,
      "y" : -0.19098301,
      "z" : -1.0
    }, {
      "x" : 0.19098301,
      "y" : 1.0,
      "z" : 0.309017
    }, {
      "x" : 0.309017,
      "y" : 0.809017,
      "z" : 0.618034
    }, {
      "x" : -0.809017,
      "y" : -0.618034,
      "z" : 0.309017
    }, {
      "x" : -0.690983,
      "y" : -0.809017,
      "z" : 0.0
    }, {
      "x" : 0.0,
      "y" : 0.690983,
      "z" : 0.809017
    }, {
      "x" : 0.309017,
      "y" : -0.809017,
      "z" : -0.618034
    }, {
      "x" : 0.0,
      "y" : -0.690983,
      "z" : -0.809017
    }, {
      "x" : -1.0,
      "y" : 0.309017,
      "z" : 0.19098301
    }, {
      "x" : -0.809017,
      "y" : 0.0,
      "z" : 0.690983
    }, {
      "x" : -0.618034,
      "y" : 0.309017,
      "z" : 0.809017
    }, {
      "x" : 1.0,
      "y" : -0.309017,
      "z" : 0.19098301
    }, {
      "x" : -0.309017,
      "y" : -0.809017,
      "z" : -0.618034
    }, {
      "x" : -1.0,
      "y" : 0.309017,
      "z" : -0.19098301
    }, {
      "x" : -1.0,
      "y" : -0.309017,
      "z" : -0.19098301
    }, {
      "x" : -1.0,
      "y" : -0.309017,
      "z" : 0.19098301
    }, {
      "x" : 0.19098301,
      "y" : 1.0,
      "z" : -0.309017
    }, {
      "x" : -0.809017,
      "y" : 0.618034,
      "z" : -0.309017
    }, {
      "x" : -0.19098301,
      "y" : 1.0,
      "z" : -0.309017
    }, {
      "x" : -0.309017,
      "y" : 0.809017,
      "z" : -0.618034
    }, {
      "x" : -0.618034,
      "y" : -0.309017,
      "z" : 0.809017
    }, {
      "x" : 0.309017,
      "y" : 0.19098301,
      "z" : 1.0
    }, {
      "x" : -0.309017,
      "y" : 0.19098301,
      "z" : -1.0
    }, {
      "x" : -0.309017,
      "y" : 0.19098301,
      "z" : 1.0
    }, {
      "x" : -0.309017,
      "y" : -0.19098301,
      "z" : 1.0
    }, {
      "x" : 0.309017,
      "y" : -0.19098301,
      "z" : 1.0
    }, {
      "x" : 0.690983,
      "y" : -0.809017,
      "z" : 0.0
    }, {
      "x" : -0.809017,
      "y" : 0.0,
      "z" : -0.690983
    }, {
      "x" : -0.618034,
      "y" : -0.309017,
      "z" : -0.809017
    }, {
      "x" : -0.309017,
      "y" : -0.19098301,
      "z" : -1.0
    }, {
      "x" : -0.618034,
      "y" : 0.309017,
      "z" : -0.809017
    }, {
      "x" : -0.809017,
      "y" : -0.618034,
      "z" : -0.309017
    } ],
    "faces" : [ {
      "vertices" : [ 9, 40, 35 ]
    }, {
      "vertices" : [ 9, 35, 34 ]
    }, {
      "vertices" : [ 9, 34, 10 ]
    }, {
      "vertices" : [ 0, 1, 2 ]
    }, {
      "vertices" : [ 33, 51, 49 ]
    }, {
      "vertices" : [ 25, 36, 37 ]
    }, {
      "vertices" : [ 25, 37, 38 ]
    }, {
      "vertices" : [ 41, 55, 42 ]
    }, {
      "vertices" : [ 9, 32, 59 ]
    }, {
      "vertices" : [ 9, 59, 40 ]
    }, {
      "vertices" : [ 20, 21, 52 ]
    }, {
      "vertices" : [ 20, 52, 48 ]
    }, {
      "vertices" : [ 26, 33, 30 ]
    }, {
      "vertices" : [ 26, 30, 29 ]
    }, {
      "vertices" : [ 26, 29, 27 ]
    }, {
      "vertices" : [ 3, 4, 5 ]
    }, {
      "vertices" : [ 3, 5, 6 ]
    }, {
      "vertices" : [ 27, 29, 44 ]
    }, {
      "vertices" : [ 27, 44, 46 ]
    }, {
      "vertices" : [ 50, 57, 56 ]
    }, {
      "vertices" : [ 50, 56, 55 ]
    }, {
      "vertices" : [ 50, 55, 58 ]
    }, {
      "vertices" : [ 26, 38, 51 ]
    }, {
      "vertices" : [ 26, 51, 33 ]
    }, {
      "vertices" : [ 45, 47, 58 ]
    }, {
      "vertices" : [ 18, 28, 57 ]
    }, {
      "vertices" : [ 18, 57, 50 ]
    }, {
      "vertices" : [ 40, 59, 56 ]
    }, {
      "vertices" : [ 31, 48, 37 ]
    }, {
      "vertices" : [ 31, 37, 43 ]
    }, {
      "vertices" : [ 7, 8, 9 ]
    }, {
      "vertices" : [ 7, 9, 10 ]
    }, {
      "vertices" : [ 36, 41, 42 ]
    }, {
      "vertices" : [ 36, 42, 43 ]
    }, {
      "vertices" : [ 24, 46, 47 ]
    }, {
      "vertices" : [ 24, 47, 45 ]
    }, {
      "vertices" : [ 4, 30, 5 ]
    }, {
      "vertices" : [ 15, 47, 46 ]
    }, {
      "vertices" : [ 15, 46, 44 ]
    }, {
      "vertices" : [ 15, 44, 16 ]
    }, {
      "vertices" : [ 15, 50, 58 ]
    }, {
      "vertices" : [ 15, 58, 47 ]
    }, {
      "vertices" : [ 24, 45, 41 ]
    }, {
      "vertices" : [ 24, 41, 36 ]
    }, {
      "vertices" : [ 24, 36, 25 ]
    }, {
      "vertices" : [ 11, 14, 19 ]
    }, {
      "vertices" : [ 3, 6, 39 ]
    }, {
      "vertices" : [ 1, 39, 6 ]
    }, {
      "vertices" : [ 1, 6, 2 ]
    }, {
      "vertices" : [ 8, 32, 9 ]
    }, {
      "vertices" : [ 11, 12, 13 ]
    }, {
      "vertices" : [ 11, 13, 14 ]
    }, {
      "vertices" : [ 16, 22, 17 ]
    }, {
      "vertices" : [ 0, 21, 20 ]
    }, {
      "vertices" : [ 0, 20, 8 ]
    }, {
      "vertices" : [ 0, 8, 7 ]
    }, {
      "vertices" : [ 12, 34, 13 ]
    }, {
      "vertices" : [ 35, 40, 56 ]
    }, {
      "vertices" : [ 35, 56, 57 ]
    }, {
      "vertices" : [ 0, 7, 54 ]
    }, {
      "vertices" : [ 0, 54, 1 ]
    }, {
      "vertices" : [ 15, 16, 17 ]
    }, {
      "vertices" : [ 15, 17, 18 ]
    }, {
      "vertices" : [ 3, 19, 22 ]
    }, {
      "vertices" : [ 3, 22, 23 ]
    }, {
      "vertices" : [ 3, 23, 4 ]
    }, {
      "vertices" : [ 7, 10, 54 ]
    }, {
      "vertices" : [ 41, 45, 58 ]
    }, {
      "vertices" : [ 41, 58, 55 ]
    }, {
      "vertices" : [ 3, 39, 11 ]
    }, {
      "vertices" : [ 3, 11, 19 ]
    }, {
      "vertices" : [ 14, 17, 22 ]
    }, {
      "vertices" : [ 14, 22, 19 ]
    }, {
      "vertices" : [ 0, 2, 53 ]
    }, {
      "vertices" : [ 0, 53, 21 ]
    }, {
      "vertices" : [ 49, 51, 52 ]
    }, {
      "vertices" : [ 49, 52, 53 ]
    }, {
      "vertices" : [ 31, 43, 42 ]
    }, {
      "vertices" : [ 31, 42, 59 ]
    }, {
      "vertices" : [ 31, 59, 32 ]
    }, {
      "vertices" : [ 15, 18, 50 ]
    }, {
      "vertices" : [ 42, 55, 56 ]
    }, {
      "vertices" : [ 42, 56, 59 ]
    }, {
      "vertices" : [ 4, 23, 29 ]
    }, {
      "vertices" : [ 4, 29, 30 ]
    }, {
      "vertices" : [ 25, 38, 26 ]
    }, {
      "vertices" : [ 13, 28, 18 ]
    }, {
      "vertices" : [ 13, 18, 17 ]
    }, {
      "vertices" : [ 13, 17, 14 ]
    }, {
      "vertices" : [ 8, 20, 31 ]
    }, {
      "vertices" : [ 8, 31, 32 ]
    }, {
      "vertices" : [ 23, 44, 29 ]
    }, {
      "vertices" : [ 24, 27, 46 ]
    }, {
      "vertices" : [ 37, 48, 52 ]
    }, {
      "vertices" : [ 37, 52, 51 ]
    }, {
      "vertices" : [ 37, 51, 38 ]
    }, {
      "vertices" : [ 20, 48, 31 ]
    }, {
      "vertices" : [ 24, 25, 26 ]
    }, {
      "vertices" : [ 24, 26, 27 ]
    }, {
      "vertices" : [ 16, 44, 23 ]
    }, {
      "vertices" : [ 16, 23, 22 ]
    }, {
      "vertices" : [ 13, 34, 35 ]
    }, {
      "vertices" : [ 13, 35, 28 ]
    }, {
      "vertices" : [ 10, 34, 12 ]
    }, {
      "vertices" : [ 10, 12, 54 ]
    }, {
      "vertices" : [ 2, 6, 5 ]
    }, {
      "vertices" : [ 2, 5, 49 ]
    }, {
      "vertices" : [ 2, 49, 53 ]
    }, {
      "vertices" : [ 36, 43, 37 ]
    }, {
      "vertices" : [ 5, 30, 33 ]
    }, {
      "vertices" : [ 5, 33, 49 ]
    }, {
      "vertices" : [ 1, 54, 12 ]
    }, {
      "vertices" : [ 1, 12, 11 ]
    }, {
      "vertices" : [ 1, 11, 39 ]
    }, {
      "vertices" : [ 28, 35, 57 ]
    }, {
      "vertices" : [ 21, 53, 52 ]
    } ]
  }, {
    "id" : "6eb80fdb-9c74-457d-9dbf-75c4f338b105",
    "vertices" : [ {
      "x" : 12.708204,
      "y" : 0.309017,
      "z" : 0.19098301
    }, {
      "x" : 12.708204,
      "y" : 0.309017,
      "z" : -0.19098301
    }, {
      "x" : 1.0,
      "y" : 0.309017,
      "z" : -0.19098301
    }, {
      "x" : 1.0,
      "y" : 0.309017,
      "z" : 0.19098301
    }, {
      "x" : 12.708204,
      "y" : -0.309017,
      "z" : 0.19098301
    }, {
      "x" : 1.0,
      "y" : -0.309017,
      "z" : 0.19098301
    }, {
      "x" : 1.0,
      "y" : -0.309017,
      "z" : -0.19098301
    }, {
      "x" : 12.708204,
      "y" : -0.309017,
      "z" : -0.19098301
    }, {
      "x" : 13.708204,
      "y" : 0.0,
      "z" : 0.0
    } ],
    "faces" : [ {
      "vertices" : [ 1, 7, 6 ]
    }, {
      "vertices" : [ 1, 6, 2 ]
    }, {
      "vertices" : [ 0, 1, 2 ]
    }, {
      "vertices" : [ 0, 2, 3 ]
    }, {
      "vertices" : [ 4, 5, 6 ]
    }, {
      "vertices" : [ 4, 6, 7 ]
    }, {
      "vertices" : [ 0, 3, 5 ]
    }, {
      "vertices" : [ 0, 5, 4 ]
    } ]
  }, {
    "id" : "229d5c98-bf11-4146-befe-5ee4d14513d1",
    "vertices" : [ {
      "x" : -6.854102,
      "y" : 0.0,
      "z" : 46.978714
    }, {
      "x" : 0.0,
      "y" : 0.0,
      "z" : 58.068882
    }, {
      "x" : 6.854102,
      "y" : 0.0,
      "z" : 46.978714
    }, {
      "x" : 0.0,
      "y" : 0.0,
      "z" : 35.888542
    } ],
    "faces" : [ {
      "vertices" : [ 0, 1, 2 ]
    }, {
      "vertices" : [ 0, 2, 3 ]
    }, {
      "vertices" : [ 0, 3, 2 ]
    }, {
      "vertices" : [ 0, 2, 1 ]
    } ]
  }, {
    "id" : "72e6e208-cef4-42fa-9c99-897aae116d3d",
    "vertices" : [ {
      "x" : 0.0,
      "y" : 35.888542,
      "z" : 22.18034
    }, {
      "x" : 0.0,
      "y" : 24.798374,
      "z" : 29.034441
    }, {
      "x" : 11.09017,
      "y" : 17.944271,
      "z" : 29.034441
    }, {
      "x" : 11.09017,
      "y" : 29.034441,
      "z" : 22.18034
    } ],
    "faces" : [ {
      "vertices" : [ 0, 1, 2 ]
    }, {
      "vertices" : [ 0, 2, 3 ]
    }, {
      "vertices" : [ 0, 3, 2 ]
    }, {
      "vertices" : [ 0, 2, 1 ]
    } ]
  }, {
    "id" : "c562ca71-9c58-4d6b-a183-dfd08bd94aa0",
    "vertices" : [ {
      "x" : 0.0,
      "y" : 35.888542,
      "z" : 22.18034
    }, {
      "x" : 6.854102,
      "y" : 35.888542,
      "z" : 11.09017
    }, {
      "x" : 0.0,
      "y" : 35.888542,
      "z" : 0.0
    }, {
      "x" : -6.854102,
      "y" : 35.888542,
      "z" : 11.09017
    } ],
    "faces" : [ {
      "vertices" : [ 0, 1, 2 ]
    }, {
      "vertices" : [ 0, 2, 3 ]
    }, {
      "vertices" : [ 0, 3, 2 ]
    }, {
      "vertices" : [ 0, 2, 1 ]
    } ]
  }, {
    "id" : "a52ffc0e-3e56-4fec-ba86-60190b2689e1",
    "vertices" : [ {
      "x" : -35.888542,
      "y" : 11.09017,
      "z" : 29.034441
    }, {
      "x" : -46.978714,
      "y" : 17.944271,
      "z" : 29.034441
    }, {
      "x" : -40.12461,
      "y" : 17.944271,
      "z" : 17.944271
    }, {
      "x" : -29.034441,
      "y" : 11.09017,
      "z" : 17.944271
    } ],
    "faces" : [ {
      "vertices" : [ 0, 1, 2 ]
    }, {
      "vertices" : [ 0, 2, 3 ]
    }, {
      "vertices" : [ 0, 3, 2 ]
    }, {
      "vertices" : [ 0, 2, 1 ]
    } ]
  }, {
    "id" : "2c0452f7-2797-452c-9cf3-3dd8afe845ff",
    "vertices" : [ {
      "x" : -46.978714,
      "y" : 29.034441,
      "z" : 0.0
    }, {
      "x" : -46.978714,
      "y" : 17.944271,
      "z" : 6.854102
    }, {
      "x" : -58.068882,
      "y" : 24.798374,
      "z" : 6.854102
    }, {
      "x" : -58.068882,
      "y" : 35.888542,
      "z" : 0.0
    } ],
    "faces" : [ {
      "vertices" : [ 0, 1, 2 ]
    }, {
      "vertices" : [ 0, 2, 3 ]
    }, {
      "vertices" : [ 0, 3, 2 ]
    }, {
      "vertices" : [ 0, 2, 1 ]
    } ]
  }, {
    "id" : "de9140a4-1b4b-4c3a-917d-207f395c74d1",
    "vertices" : [ {
      "x" : 0.0,
      "y" : 0.0,
      "z" : 35.888542
    }, {
      "x" : 6.854102,
      "y" : 0.0,
      "z" : 46.978714
    }, {
      "x" : 17.944271,
      "y" : -6.854102,
      "z" : 46.978714
    }, {
      "x" : 11.09017,
      "y" : -6.854102,
      "z" : 35.888542
    } ],
    "faces" : [ {
      "vertices" : [ 0, 1, 2 ]
    }, {
      "vertices" : [ 0, 2, 3 ]
    }, {
      "vertices" : [ 0, 3, 2 ]
    }, {
      "vertices" : [ 0, 2, 1 ]
    } ]
  }, {
    "id" : "1aabee48-79a1-4ffb-861f-5e9aa6987bed",
    "vertices" : [ {
      "x" : -29.034441,
      "y" : 0.0,
      "z" : 46.978714
    }, {
      "x" : -35.888542,
      "y" : 0.0,
      "z" : 58.068882
    }, {
      "x" : -24.798374,
      "y" : -6.854102,
      "z" : 58.068882
    }, {
      "x" : -17.944271,
      "y" : -6.854102,
      "z" : 46.978714
    } ],
    "faces" : [ {
      "vertices" : [ 0, 1, 2 ]
    }, {
      "vertices" : [ 0, 2, 3 ]
    }, {
      "vertices" : [ 0, 3, 2 ]
    }, {
      "vertices" : [ 0, 2, 1 ]
    } ]
  }, {
    "id" : "636a810c-9065-41ee-bf6f-7415aa1f6ae6",
    "vertices" : [ {
      "x" : -46.978714,
      "y" : 29.034441,
      "z" : 0.0
    }, {
      "x" : -58.068882,
      "y" : 35.888542,
      "z" : 0.0
    }, {
      "x" : -51.214783,
      "y" : 35.888542,
      "z" : -11.09017
    }, {
      "x" : -40.12461,
      "y" : 29.034441,
      "z" : -11.09017
    } ],
    "faces" : [ {
      "vertices" : [ 0, 1, 2 ]
    }, {
      "vertices" : [ 0, 2, 3 ]
    }, {
      "vertices" : [ 0, 3, 2 ]
    }, {
      "vertices" : [ 0, 2, 1 ]
    } ]
  }, {
    "id" : "2273f713-56a3-4776-9763-712e978e5dae",
    "vertices" : [ {
      "x" : -29.034441,
      "y" : 0.0,
      "z" : 24.798374
    }, {
      "x" : -29.034441,
      "y" : 11.09017,
      "z" : 17.944271
    }, {
      "x" : -35.888542,
      "y" : 11.09017,
      "z" : 29.034441
    }, {
      "x" : -35.888542,
      "y" : 0.0,
      "z" : 35.888542
    } ],
    "faces" : [ {
      "vertices" : [ 0, 1, 2 ]
    }, {
      "vertices" : [ 0, 2, 3 ]
    }, {
      "vertices" : [ 0, 3, 2 ]
    }, {
      "vertices" : [ 0, 2, 1 ]
    } ]
  }, {
    "id" : "32598780-3c21-4ba3-a6ba-7af52a38db56",
    "vertices" : [ {
      "x" : 0.0,
      "y" : 35.888542,
      "z" : 22.18034
    }, {
      "x" : -6.854102,
      "y" : 35.888542,
      "z" : 11.09017
    }, {
      "x" : -17.944271,
      "y" : 29.034441,
      "z" : 11.09017
    }, {
      "x" : -11.09017,
      "y" : 29.034441,
      "z" : 22.18034
    } ],
    "faces" : [ {
      "vertices" : [ 0, 1, 2 ]
    }, {
      "vertices" : [ 0, 2, 3 ]
    }, {
      "vertices" : [ 0, 3, 2 ]
    }, {
      "vertices" : [ 0, 2, 1 ]
    } ]
  }, {
    "id" : "79310b3b-d629-4362-a70e-7c9210ee2500",
    "vertices" : [ {
      "x" : -29.034441,
      "y" : 22.18034,
      "z" : -11.09017
    }, {
      "x" : -35.888542,
      "y" : 22.18034,
      "z" : 0.0
    }, {
      "x" : -46.978714,
      "y" : 29.034441,
      "z" : 0.0
    }, {
      "x" : -40.12461,
      "y" : 29.034441,
      "z" : -11.09017
    } ],
    "faces" : [ {
      "vertices" : [ 0, 1, 2 ]
    }, {
      "vertices" : [ 0, 2, 3 ]
    }, {
      "vertices" : [ 0, 3, 2 ]
    }, {
      "vertices" : [ 0, 2, 1 ]
    } ]
  }, {
    "id" : "de8ec256-fca8-4ebd-978e-4e7774f64777",
    "vertices" : [ {
      "x" : 0.0,
      "y" : 35.888542,
      "z" : 22.18034
    }, {
      "x" : 11.09017,
      "y" : 29.034441,
      "z" : 22.18034
    }, {
      "x" : 17.944271,
      "y" : 29.034441,
      "z" : 11.09017
    }, {
      "x" : 6.854102,
      "y" : 35.888542,
      "z" : 11.09017
    } ],
    "faces" : [ {
      "vertices" : [ 0, 1, 2 ]
    }, {
      "vertices" : [ 0, 2, 3 ]
    }, {
      "vertices" : [ 0, 3, 2 ]
    }, {
      "vertices" : [ 0, 2, 1 ]
    } ]
  }, {
    "id" : "a56dab24-8da1-43d4-882d-b021fdbf4b32",
    "vertices" : [ {
      "x" : -35.888542,
      "y" : 22.18034,
      "z" : 0.0
    }, {
      "x" : -35.888542,
      "y" : 11.09017,
      "z" : 6.854102
    }, {
      "x" : -46.978714,
      "y" : 17.944271,
      "z" : 6.854102
    }, {
      "x" : -46.978714,
      "y" : 29.034441,
      "z" : 0.0
    } ],
    "faces" : [ {
      "vertices" : [ 0, 1, 2 ]
    }, {
      "vertices" : [ 0, 2, 3 ]
    }, {
      "vertices" : [ 0, 3, 2 ]
    }, {
      "vertices" : [ 0, 2, 1 ]
    } ]
  }, {
    "id" : "12d51673-704f-4d72-801d-51dfc7132a1a",
    "vertices" : [ {
      "x" : -22.18034,
      "y" : 0.0,
      "z" : 35.888542
    }, {
      "x" : -29.034441,
      "y" : 0.0,
      "z" : 24.798374
    }, {
      "x" : -35.888542,
      "y" : 0.0,
      "z" : 35.888542
    }, {
      "x" : -29.034441,
      "y" : 0.0,
      "z" : 46.978714
    } ],
    "faces" : [ {
      "vertices" : [ 0, 1, 2 ]
    }, {
      "vertices" : [ 0, 2, 3 ]
    }, {
      "vertices" : [ 0, 3, 2 ]
    }, {
      "vertices" : [ 0, 2, 1 ]
    } ]
  }, {
    "id" : "de16e63d-0adb-420b-8cf4-349a27343aa1",
    "vertices" : [ {
      "x" : -11.09017,
      "y" : -6.854102,
      "z" : 35.888542
    }, {
      "x" : 0.0,
      "y" : 0.0,
      "z" : 35.888542
    }, {
      "x" : -6.854102,
      "y" : 0.0,
      "z" : 46.978714
    }, {
      "x" : -17.944271,
      "y" : -6.854102,
      "z" : 46.978714
    } ],
    "faces" : [ {
      "vertices" : [ 0, 1, 2 ]
    }, {
      "vertices" : [ 0, 2, 3 ]
    }, {
      "vertices" : [ 0, 3, 2 ]
    }, {
      "vertices" : [ 0, 2, 1 ]
    } ]
  }, {
    "id" : "9ed6dde4-947e-4431-8860-3ea602bf5eb9",
    "vertices" : [ {
      "x" : -29.034441,
      "y" : 0.0,
      "z" : 46.978714
    }, {
      "x" : -35.888542,
      "y" : 0.0,
      "z" : 35.888542
    }, {
      "x" : -42.742645,
      "y" : 0.0,
      "z" : 46.978714
    }, {
      "x" : -35.888542,
      "y" : 0.0,
      "z" : 58.068882
    } ],
    "faces" : [ {
      "vertices" : [ 0, 1, 2 ]
    }, {
      "vertices" : [ 0, 2, 3 ]
    }, {
      "vertices" : [ 0, 3, 2 ]
    }, {
      "vertices" : [ 0, 2, 1 ]
    } ]
  }, {
    "id" : "3ae51ffb-81c1-4375-9c97-fceec7b7d4f5",
    "vertices" : [ {
      "x" : -29.034441,
      "y" : 11.09017,
      "z" : 17.944271
    }, {
      "x" : -40.12461,
      "y" : 17.944271,
      "z" : 17.944271
    }, {
      "x" : -46.978714,
      "y" : 17.944271,
      "z" : 6.854102
    }, {
      "x" : -35.888542,
      "y" : 11.09017,
      "z" : 6.854102
    } ],
    "faces" : [ {
      "vertices" : [ 0, 1, 2 ]
    }, {
      "vertices" : [ 0, 2, 3 ]
    }, {
      "vertices" : [ 0, 3, 2 ]
    }, {
      "vertices" : [ 0, 2, 1 ]
    } ]
  }, {
    "id" : "ba0c4de2-3d1e-47c2-8763-508368b7adfd",
    "vertices" : [ {
      "x" : -11.09017,
      "y" : -6.854102,
      "z" : 35.888542
    }, {
      "x" : -22.18034,
      "y" : 0.0,
      "z" : 35.888542
    }, {
      "x" : -29.034441,
      "y" : 0.0,
      "z" : 46.978714
    }, {
      "x" : -17.944271,
      "y" : -6.854102,
      "z" : 46.978714
    } ],
    "faces" : [ {
      "vertices" : [ 0, 1, 2 ]
    }, {
      "vertices" : [ 0, 2, 3 ]
    }, {
      "vertices" : [ 0, 3, 2 ]
    }, {
      "vertices" : [ 0, 2, 1 ]
    } ]
  }, {
    "id" : "27ae1e46-67cf-4ba9-82ad-97e8b7383131",
    "vertices" : [ {
      "x" : 0.0,
      "y" : 35.888542,
      "z" : 22.18034
    }, {
      "x" : -11.09017,
      "y" : 29.034441,
      "z" : 22.18034
    }, {
      "x" : -11.09017,
      "y" : 17.944271,
      "z" : 29.034441
    }, {
      "x" : 0.0,
      "y" : 24.798374,
      "z" : 29.034441
    } ],
    "faces" : [ {
      "vertices" : [ 0, 1, 2 ]
    }, {
      "vertices" : [ 0, 2, 3 ]
    }, {
      "vertices" : [ 0, 3, 2 ]
    }, {
      "vertices" : [ 0, 2, 1 ]
    } ]
  } ],
  "instances" : [ {
    "shape" : "580a3693-b30e-4738-b6e9-e38a920d0fdd",
    "color" : "#AF0000",
    "position" : {
      "x" : -11.09017,
      "y" : 29.034441,
      "z" : 22.18034
    },
    "orientation" : 31
  }, {
    "shape" : "b3744a88-df43-4cd3-bc58-746da129c8d6",
    "color" : "#FFFFFF",
    "position" : {
      "x" : -35.888542,
      "y" : 0.0,
      "z" : 58.068882
    }
  }, {
    "shape" : "6eb80fdb-9c74-457d-9dbf-75c4f338b105",
    "color" : "#007695",
    "position" : {
      "x" : 11.09017,
      "y" : -6.854102,
      "z" : 58.068882
    },
    "orientation" : 24
  }, {
    "shape" : "580a3693-b30e-4738-b6e9-e38a920d0fdd",
    "color" : "#AF0000",
    "position" : {
      "x" : -22.18034,
      "y" : 22.18034,
      "z" : -22.18034
    },
    "orientation" : 0
  }, {
    "shape" : "580a3693-b30e-4738-b6e9-e38a920d0fdd",
    "color" : "#AF0000",
    "position" : {
      "x" : -24.798374,
      "y" : -17.944271,
      "z" : 64.92299
    },
    "orientation" : 45
  }, {
    "shape" : "580a3693-b30e-4738-b6e9-e38a920d0fdd",
    "color" : "#AF0000",
    "position" : {
      "x" : -22.18034,
      "y" : 22.18034,
      "z" : -22.18034
    },
    "orientation" : 32
  }, {
    "shape" : "b3744a88-df43-4cd3-bc58-746da129c8d6",
    "color" : "#FFFFFF",
    "position" : {
      "x" : -11.09017,
      "y" : -29.034441,
      "z" : 58.068882
    }
  }, {
    "shape" : "b3744a88-df43-4cd3-bc58-746da129c8d6",
    "color" : "#FFFFFF",
    "position" : {
      "x" : -46.978714,
      "y" : -17.944271,
      "z" : 64.92299
    }
  }, {
    "shape" : "580a3693-b30e-4738-b6e9-e38a920d0fdd",
    "color" : "#AF0000",
    "position" : {
      "x" : 6.854102,
      "y" : 35.888542,
      "z" : -11.09017
    },
    "orientation" : 15
  }, {
    "shape" : "580a3693-b30e-4738-b6e9-e38a920d0fdd",
    "color" : "#AF0000",
    "position" : {
      "x" : -64.92299,
      "y" : -11.09017,
      "z" : 17.944271
    },
    "orientation" : 2
  }, {
    "shape" : "6eb80fdb-9c74-457d-9dbf-75c4f338b105",
    "color" : "#007695",
    "position" : {
      "x" : 11.09017,
      "y" : -6.854102,
      "z" : 35.888542
    },
    "orientation" : 53
  }, {
    "shape" : "580a3693-b30e-4738-b6e9-e38a920d0fdd",
    "color" : "#AF0000",
    "position" : {
      "x" : 35.888542,
      "y" : 0.0,
      "z" : 0.0
    },
    "orientation" : 46
  }, {
    "shape" : "580a3693-b30e-4738-b6e9-e38a920d0fdd",
    "color" : "#AF0000",
    "position" : {
      "x" : -58.068882,
      "y" : 35.888542,
      "z" : -22.18034
    },
    "orientation" : 32
  }, {
    "shape" : "6eb80fdb-9c74-457d-9dbf-75c4f338b105",
    "color" : "#007695",
    "position" : {
      "x" : 35.888542,
      "y" : 0.0,
      "z" : 13.708204
    },
    "orientation" : 39
  }, {
    "shape" : "580a3693-b30e-4738-b6e9-e38a920d0fdd",
    "color" : "#AF0000",
    "position" : {
      "x" : 0.0,
      "y" : 0.0,
      "z" : 58.068882
    },
    "orientation" : 15
  }, {
    "shape" : "580a3693-b30e-4738-b6e9-e38a920d0fdd",
    "color" : "#AF0000",
    "position" : {
      "x" : -17.944271,
      "y" : -29.034441,
      "z" : 46.978714
    },
    "orientation" : 46
  }, {
    "shape" : "580a3693-b30e-4738-b6e9-e38a920d0fdd",
    "color" : "#AF0000",
    "position" : {
      "x" : -29.034441,
      "y" : 22.18034,
      "z" : 11.09017
    },
    "orientation" : 47
  }, {
    "shape" : "580a3693-b30e-4738-b6e9-e38a920d0fdd",
    "color" : "#AF0000",
    "position" : {
      "x" : -46.978714,
      "y" : -6.854102,
      "z" : 35.888542
    },
    "orientation" : 16
  }, {
    "shape" : "6eb80fdb-9c74-457d-9dbf-75c4f338b105",
    "color" : "#007695",
    "position" : {
      "x" : -40.12461,
      "y" : 17.944271,
      "z" : 17.944271
    },
    "orientation" : 45
  }, {
    "shape" : "580a3693-b30e-4738-b6e9-e38a920d0fdd",
    "color" : "#AF0000",
    "position" : {
      "x" : 0.0,
      "y" : 35.888542,
      "z" : 0.0
    },
    "orientation" : 32
  }, {
    "shape" : "580a3693-b30e-4738-b6e9-e38a920d0fdd",
    "color" : "#AF0000",
    "position" : {
      "x" : -11.09017,
      "y" : -17.944271,
      "z" : 64.92299
    },
    "orientation" : 46
  }, {
    "shape" : "b3744a88-df43-4cd3-bc58-746da129c8d6",
    "color" : "#FFFFFF",
    "position" : {
      "x" : -42.742645,
      "y" : 0.0,
      "z" : 46.978714
    }
  }, {
    "shape" : "580a3693-b30e-4738-b6e9-e38a920d0fdd",
    "color" : "#AF0000",
    "position" : {
      "x" : -58.068882,
      "y" : 35.888542,
      "z" : 0.0
    },
    "orientation" : 47
  }, {
    "shape" : "580a3693-b30e-4738-b6e9-e38a920d0fdd",
    "color" : "#AF0000",
    "position" : {
      "x" : -6.854102,
      "y" : 35.888542,
      "z" : 11.09017
    },
    "orientation" : 16
  }, {
    "shape" : "580a3693-b30e-4738-b6e9-e38a920d0fdd",
    "color" : "#AF0000",
    "position" : {
      "x" : 11.09017,
      "y" : 29.034441,
      "z" : 22.18034
    },
    "orientation" : 17
  }, {
    "shape" : "b3744a88-df43-4cd3-bc58-746da129c8d6",
    "color" : "#FFFFFF",
    "position" : {
      "x" : 29.034441,
      "y" : 0.0,
      "z" : 24.798374
    }
  }, {
    "shape" : "b3744a88-df43-4cd3-bc58-746da129c8d6",
    "color" : "#FFFFFF",
    "position" : {
      "x" : 29.034441,
      "y" : 22.18034,
      "z" : -11.09017
    }
  }, {
    "shape" : "b3744a88-df43-4cd3-bc58-746da129c8d6",
    "color" : "#FFFFFF",
    "position" : {
      "x" : 11.09017,
      "y" : 29.034441,
      "z" : 22.18034
    }
  }, {
    "shape" : "6eb80fdb-9c74-457d-9dbf-75c4f338b105",
    "color" : "#007695",
    "position" : {
      "x" : -64.92299,
      "y" : 0.0,
      "z" : 24.798374
    },
    "orientation" : 47
  }, {
    "shape" : "b3744a88-df43-4cd3-bc58-746da129c8d6",
    "color" : "#FFFFFF",
    "position" : {
      "x" : -53.832817,
      "y" : -17.944271,
      "z" : 40.12461
    }
  }, {
    "shape" : "b3744a88-df43-4cd3-bc58-746da129c8d6",
    "color" : "#FFFFFF",
    "position" : {
      "x" : -46.978714,
      "y" : -17.944271,
      "z" : 29.034441
    }
  }, {
    "shape" : "6eb80fdb-9c74-457d-9dbf-75c4f338b105",
    "color" : "#007695",
    "position" : {
      "x" : -22.18034,
      "y" : -11.09017,
      "z" : 29.034441
    },
    "orientation" : 54
  }, {
    "shape" : "580a3693-b30e-4738-b6e9-e38a920d0fdd",
    "color" : "#AF0000",
    "position" : {
      "x" : -35.888542,
      "y" : -35.888542,
      "z" : 58.068882
    },
    "orientation" : 0
  }, {
    "shape" : "580a3693-b30e-4738-b6e9-e38a920d0fdd",
    "color" : "#AF0000",
    "position" : {
      "x" : -24.798374,
      "y" : -6.854102,
      "z" : 58.068882
    },
    "orientation" : 31
  }, {
    "shape" : "6eb80fdb-9c74-457d-9dbf-75c4f338b105",
    "color" : "#007695",
    "position" : {
      "x" : 11.09017,
      "y" : -6.854102,
      "z" : 35.888542
    },
    "orientation" : 21
  }, {
    "shape" : "b3744a88-df43-4cd3-bc58-746da129c8d6",
    "color" : "#FFFFFF",
    "position" : {
      "x" : 35.888542,
      "y" : 22.18034,
      "z" : 0.0
    }
  }, {
    "shape" : "580a3693-b30e-4738-b6e9-e38a920d0fdd",
    "color" : "#AF0000",
    "position" : {
      "x" : 35.888542,
      "y" : 11.09017,
      "z" : 6.854102
    },
    "orientation" : 16
  }, {
    "shape" : "580a3693-b30e-4738-b6e9-e38a920d0fdd",
    "color" : "#AF0000",
    "position" : {
      "x" : -46.978714,
      "y" : 17.944271,
      "z" : 29.034441
    },
    "orientation" : 47
  }, {
    "shape" : "580a3693-b30e-4738-b6e9-e38a920d0fdd",
    "color" : "#AF0000",
    "position" : {
      "x" : -35.888542,
      "y" : -24.798374,
      "z" : 64.92299
    },
    "orientation" : 0
  }, {
    "shape" : "6eb80fdb-9c74-457d-9dbf-75c4f338b105",
    "color" : "#007695",
    "position" : {
      "x" : -24.798374,
      "y" : 29.034441,
      "z" : 0.0
    },
    "orientation" : 40
  }, {
    "shape" : "580a3693-b30e-4738-b6e9-e38a920d0fdd",
    "color" : "#AF0000",
    "position" : {
      "x" : -22.18034,
      "y" : -11.09017,
      "z" : 29.034441
    },
    "orientation" : 1
  }, {
    "shape" : "580a3693-b30e-4738-b6e9-e38a920d0fdd",
    "color" : "#AF0000",
    "position" : {
      "x" : -35.888542,
      "y" : 11.09017,
      "z" : 29.034441
    },
    "orientation" : 31
  }, {
    "shape" : "580a3693-b30e-4738-b6e9-e38a920d0fdd",
    "color" : "#AF0000",
