{
  "polygons" : "true",
  "field" : "golden",
  "symmetry" : "icosahedral",
  "orientations" : [ [ 1.0, 0.0, 0.0, 0.0, 0.0, 1.0, 0.0, 0.0, 0.0, 0.0, 1.0, 0.0, 0.0, 0.0, 0.0, 1.0 ], [ 0.0, 0.0, 1.0, 0.0, 1.0, 0.0, 0.0, 0.0, 0.0, 1.0, 0.0, 0.0, 0.0, 0.0, 0.0, 1.0 ], [ 0.0, 1.0, 0.0, 0.0, 0.0, 0.0, 1.0, 0.0, 1.0, 0.0, 0.0, 0.0, 0.0, 0.0, 0.0, 1.0 ], [ 0.809017, 0.309017, 0.5, 0.0, 0.309017, 0.5, -0.809017, 0.0, -0.5, 0.809017, 0.309017, 0.0, 0.0, 0.0, 0.0, 1.0 ], [ -0.5, 0.809017, 0.309017, 0.0, 0.809017, 0.309017, 0.5, 0.0, 0.309017, 0.5, -0.809017, 0.0, 0.0, 0.0, 0.0, 1.0 ], [ 0.309017, 0.5, -0.809017, 0.0, -0.5, 0.809017, 0.309017, 0.0, 0.809017, 0.309017, 0.5, 0.0, 0.0, 0.0, 0.0, 1.0 ], [ 0.5, 0.809017, 0.309017, 0.0, 0.809017, -0.309017, -0.5, 0.0, -0.309017, 0.5, -0.809017, 0.0, 0.0, 0.0, 0.0, 1.0 ], [ -0.309017, 0.5, -0.809017, 0.0, 0.5, 0.809017, 0.309017, 0.0, 0.809017, -0.309017, -0.5, 0.0, 0.0, 0.0, 0.0, 1.0 ], [ 0.809017, -0.309017, -0.5, 0.0, -0.309017, 0.5, -0.809017, 0.0, 0.5, 0.809017, 0.309017, 0.0, 0.0, 0.0, 0.0, 1.0 ], [ 0.5, 0.809017, -0.309017, 0.0, 0.809017, -0.309017, 0.5, 0.0, 0.309017, -0.5, -0.809017, 0.0, 0.0, 0.0, 0.0, 1.0 ], [ 0.309017, -0.5, -0.809017, 0.0, 0.5, 0.809017, -0.309017, 0.0, 0.809017, -0.309017, 0.5, 0.0, 0.0, 0.0, 0.0, 1.0 ], [ 0.809017, -0.309017, 0.5, 0.0, 0.309017, -0.5, -0.809017, 0.0, 0.5, 0.809017, -0.309017, 0.0, 0.0, 0.0, 0.0, 1.0 ], [ 0.809017, 0.309017, -0.5, 0.0, 0.309017, 0.5, 0.809017, 0.0, 0.5, -0.809017, 0.309017, 0.0, 0.0, 0.0, 0.0, 1.0 ], [ 0.5, -0.809017, 0.309017, 0.0, 0.809017, 0.309017, -0.5, 0.0, 0.309017, 0.5, 0.809017, 0.0, 0.0, 0.0, 0.0, 1.0 ], [ 0.309017, 0.5, 0.809017, 0.0, 0.5, -0.809017, 0.309017, 0.0, 0.809017, 0.309017, -0.5, 0.0, 0.0, 0.0, 0.0, 1.0 ], [ 1.0, 0.0, 0.0, 0.0, 0.0, -1.0, 0.0, 0.0, 0.0, 0.0, -1.0, 0.0, 0.0, 0.0, 0.0, 1.0 ], [ 0.0, 0.0, 1.0, 0.0, -1.0, 0.0, 0.0, 0.0, 0.0, -1.0, 0.0, 0.0, 0.0, 0.0, 0.0, 1.0 ], [ 0.0, 1.0, 0.0, 0.0, 0.0, 0.0, -1.0, 0.0, -1.0, 0.0, 0.0, 0.0, 0.0, 0.0, 0.0, 1.0 ], [ 0.809017, 0.309017, 0.5, 0.0, -0.309017, -0.5, 0.809017, 0.0, 0.5, -0.809017, -0.309017, 0.0, 0.0, 0.0, 0.0, 1.0 ], [ -0.5, 0.809017, 0.309017, 0.0, -0.809017, -0.309017, -0.5, 0.0, -0.309017, -0.5, 0.809017, 0.0, 0.0, 0.0, 0.0, 1.0 ], [ 0.309017, 0.5, -0.809017, 0.0, 0.5, -0.809017, -0.309017, 0.0, -0.809017, -0.309017, -0.5, 0.0, 0.0, 0.0, 0.0, 1.0 ], [ 0.5, 0.809017, 0.309017, 0.0, -0.809017, 0.309017, 0.5, 0.0, 0.309017, -0.5, 0.809017, 0.0, 0.0, 0.0, 0.0, 1.0 ], [ -0.309017, 0.5, -0.809017, 0.0, -0.5, -0.809017, -0.309017, 0.0, -0.809017, 0.309017, 0.5, 0.0, 0.0, 0.0, 0.0, 1.0 ], [ 0.809017, -0.309017, -0.5, 0.0, 0.309017, -0.5, 0.809017, 0.0, -0.5, -0.809017, -0.309017, 0.0, 0.0, 0.0, 0.0, 1.0 ], [ 0.5, 0.809017, -0.309017, 0.0, -0.809017, 0.309017, -0.5, 0.0, -0.309017, 0.5, 0.809017, 0.0, 0.0, 0.0, 0.0, 1.0 ], [ 0.309017, -0.5, -0.809017, 0.0, -0.5, -0.809017, 0.309017, 0.0, -0.809017, 0.309017, -0.5, 0.0, 0.0, 0.0, 0.0, 1.0 ], [ 0.809017, -0.309017, 0.5, 0.0, -0.309017, 0.5, 0.809017, 0.0, -0.5, -0.809017, 0.309017, 0.0, 0.0, 0.0, 0.0, 1.0 ], [ 0.809017, 0.309017, -0.5, 0.0, -0.309017, -0.5, -0.809017, 0.0, -0.5, 0.809017, -0.309017, 0.0, 0.0, 0.0, 0.0, 1.0 ], [ 0.5, -0.809017, 0.309017, 0.0, -0.809017, -0.309017, 0.5, 0.0, -0.309017, -0.5, -0.809017, 0.0, 0.0, 0.0, 0.0, 1.0 ], [ 0.309017, 0.5, 0.809017, 0.0, -0.5, 0.809017, -0.309017, 0.0, -0.809017, -0.309017, 0.5, 0.0, 0.0, 0.0, 0.0, 1.0 ], [ -1.0, 0.0, 0.0, 0.0, 0.0, -1.0, 0.0, 0.0, 0.0, 0.0, 1.0, 0.0, 0.0, 0.0, 0.0, 1.0 ], [ 0.0, 0.0, -1.0, 0.0, -1.0, 0.0, 0.0, 0.0, 0.0, 1.0, 0.0, 0.0, 0.0, 0.0, 0.0, 1.0 ], [ 0.0, -1.0, 0.0, 0.0, 0.0, 0.0, -1.0, 0.0, 1.0, 0.0, 0.0, 0.0, 0.0, 0.0, 0.0, 1.0 ], [ -0.809017, -0.309017, -0.5, 0.0, -0.309017, -0.5, 0.809017, 0.0, -0.5, 0.809017, 0.309017, 0.0, 0.0, 0.0, 0.0, 1.0 ], [ 0.5, -0.809017, -0.309017, 0.0, -0.809017, -0.309017, -0.5, 0.0, 0.309017, 0.5, -0.809017, 0.0, 0.0, 0.0, 0.0, 1.0 ], [ -0.309017, -0.5, 0.809017, 0.0, 0.5, -0.809017, -0.309017, 0.0, 0.809017, 0.309017, 0.5, 0.0, 0.0, 0.0, 0.0, 1.0 ], [ -0.5, -0.809017, -0.309017, 0.0, -0.809017, 0.309017, 0.5, 0.0, -0.309017, 0.5, -0.809017, 0.0, 0.0, 0.0, 0.0, 1.0 ], [ 0.309017, -0.5, 0.809017, 0.0, -0.5, -0.809017, -0.309017, 0.0, 0.809017, -0.309017, -0.5, 0.0, 0.0, 0.0, 0.0, 1.0 ], [ -0.809017, 0.309017, 0.5, 0.0, 0.309017, -0.5, 0.809017, 0.0, 0.5, 0.809017, 0.309017, 0.0, 0.0, 0.0, 0.0, 1.0 ], [ -0.5, -0.809017, 0.309017, 0.0, -0.809017, 0.309017, -0.5, 0.0, 0.309017, -0.5, -0.809017, 0.0, 0.0, 0.0, 0.0, 1.0 ], [ -0.309017, 0.5, 0.809017, 0.0, -0.5, -0.809017, 0.309017, 0.0, 0.809017, -0.309017, 0.5, 0.0, 0.0, 0.0, 0.0, 1.0 ], [ -0.809017, 0.309017, -0.5, 0.0, -0.309017, 0.5, 0.809017, 0.0, 0.5, 0.809017, -0.309017, 0.0, 0.0, 0.0, 0.0, 1.0 ], [ -0.809017, -0.309017, 0.5, 0.0, -0.309017, -0.5, -0.809017, 0.0, 0.5, -0.809017, 0.309017, 0.0, 0.0, 0.0, 0.0, 1.0 ], [ -0.5, 0.809017, -0.309017, 0.0, -0.809017, -0.309017, 0.5, 0.0, 0.309017, 0.5, 0.809017, 0.0, 0.0, 0.0, 0.0, 1.0 ], [ -0.309017, -0.5, -0.809017, 0.0, -0.5, 0.809017, -0.309017, 0.0, 0.809017, 0.309017, -0.5, 0.0, 0.0, 0.0, 0.0, 1.0 ], [ -1.0, 0.0, 0.0, 0.0, 0.0, 1.0, 0.0, 0.0, 0.0, 0.0, -1.0, 0.0, 0.0, 0.0, 0.0, 1.0 ], [ 0.0, 0.0, -1.0, 0.0, 1.0, 0.0, 0.0, 0.0, 0.0, -1.0, 0.0, 0.0, 0.0, 0.0, 0.0, 1.0 ], [ 0.0, -1.0, 0.0, 0.0, 0.0, 0.0, 1.0, 0.0, -1.0, 0.0, 0.0, 0.0, 0.0, 0.0, 0.0, 1.0 ], [ -0.809017, -0.309017, -0.5, 0.0, 0.309017, 0.5, -0.809017, 0.0, 0.5, -0.809017, -0.309017, 0.0, 0.0, 0.0, 0.0, 1.0 ], [ 0.5, -0.809017, -0.309017, 0.0, 0.809017, 0.309017, 0.5, 0.0, -0.309017, -0.5, 0.809017, 0.0, 0.0, 0.0, 0.0, 1.0 ], [ -0.309017, -0.5, 0.809017, 0.0, -0.5, 0.809017, 0.309017, 0.0, -0.809017, -0.309017, -0.5, 0.0, 0.0, 0.0, 0.0, 1.0 ], [ -0.5, -0.809017, -0.309017, 0.0, 0.809017, -0.309017, -0.5, 0.0, 0.309017, -0.5, 0.809017, 0.0, 0.0, 0.0, 0.0, 1.0 ], [ 0.309017, -0.5, 0.809017, 0.0, 0.5, 0.809017, 0.309017, 0.0, -0.809017, 0.309017, 0.5, 0.0, 0.0, 0.0, 0.0, 1.0 ], [ -0.809017, 0.309017, 0.5, 0.0, -0.309017, 0.5, -0.809017, 0.0, -0.5, -0.809017, -0.309017, 0.0, 0.0, 0.0, 0.0, 1.0 ], [ -0.5, -0.809017, 0.309017, 0.0, 0.809017, -0.309017, 0.5, 0.0, -0.309017, 0.5, 0.809017, 0.0, 0.0, 0.0, 0.0, 1.0 ], [ -0.309017, 0.5, 0.809017, 0.0, 0.5, 0.809017, -0.309017, 0.0, -0.809017, 0.309017, -0.5, 0.0, 0.0, 0.0, 0.0, 1.0 ], [ -0.809017, 0.309017, -0.5, 0.0, 0.309017, -0.5, -0.809017, 0.0, -0.5, -0.809017, 0.309017, 0.0, 0.0, 0.0, 0.0, 1.0 ], [ -0.809017, -0.309017, 0.5, 0.0, 0.309017, 0.5, 0.809017, 0.0, -0.5, 0.809017, -0.309017, 0.0, 0.0, 0.0, 0.0, 1.0 ], [ -0.5, 0.809017, -0.309017, 0.0, 0.809017, 0.309017, -0.5, 0.0, -0.309017, -0.5, -0.809017, 0.0, 0.0, 0.0, 0.0, 1.0 ], [ -0.309017, -0.5, -0.809017, 0.0, 0.5, -0.809017, 0.309017, 0.0, -0.809017, -0.309017, 0.5, 0.0, 0.0, 0.0, 0.0, 1.0 ] ],
  "lights" : {
    "directionalLights" : [ {
      "direction" : [ 1.0, -1.0, -1.0 ],
      "color" : "#EBEBE4"
    }, {
      "direction" : [ -1.0, 0.0, 0.0 ],
      "color" : "#E4E4EB"
    }, {
      "direction" : [ 0.0, 0.0, -1.0 ],
      "color" : "#1E1E1E"
    } ],
    "ambientColor" : "#292929",
    "backgroundColor" : "#AFC8DC"
  },
  "camera" : {
    "position" : {
      "x" : 124.369644,
      "y" : 106.00796,
      "z" : -185.0446
    },
    "width" : 111.09344,
    "perspective" : true,
    "fieldOfView" : 0.44262883,
    "lookAtPoint" : {
      "x" : 0.0,
      "y" : 0.0,
      "z" : 0.0
    },
    "upDirection" : {
      "x" : -0.015174391,
      "y" : 0.8719566,
      "z" : 0.48933232
    },
    "stereo" : false,
    "lookAtPointRV" : {
      "x" : 0.0,
      "y" : 0.0,
      "z" : 0.0,
      "zero" : true
    },
    "viewDistance" : 246.87433,
    "lookDirectionRV" : {
      "x" : -0.50377715,
      "y" : -0.42940047,
      "z" : 0.7495498,
      "zero" : false
    },
    "upDirectionRV" : {
      "x" : -0.015174391,
      "y" : 0.8719566,
      "z" : 0.48933232,
      "zero" : false
    },
    "lookDirection" : {
      "x" : -0.50377715,
      "y" : -0.42940047,
      "z" : 0.7495498
    },
    "nearClipDistance" : 0.22858736,
    "farClipDistance" : 493.7487
  },
  "embedding" : [ 1.0, 0.0, 0.0, 0.0, 0.0, 1.0, 0.0, 0.0, 0.0, 0.0, 1.0, 0.0, 0.0, 0.0, 0.0, 1.0 ],
  "shapes" : [ {
    "id" : "cb52f084-52d6-4071-abbf-3a9c161173d9",
    "orbit" : "yellow",
    "orbitC" : "[[0,0,1],[2,-1,1]]",
    "length" : "[1,0,1]",
    "name" : "y1",
    "vertices" : [ {
      "x" : 0.809017,
      "y" : 0.0,
      "z" : -0.690983
    }, {
      "x" : 1.0,
      "y" : 0.309017,
      "z" : -0.19098301
    }, {
      "x" : 2.618034,
      "y" : 0.309017,
      "z" : -0.809017
    }, {
      "x" : 2.427051,
      "y" : 0.0,
      "z" : -1.309017
    }, {
      "x" : 5.854102,
      "y" : 0.309017,
      "z" : -2.427051
    }, {
      "x" : 1.0,
      "y" : -0.309017,
      "z" : -0.19098301
    }, {
      "x" : 2.618034,
      "y" : -0.309017,
      "z" : -0.809017
    }, {
      "x" : 4.236068,
      "y" : 0.309017,
      "z" : -1.809017
    }, {
      "x" : 4.427051,
      "y" : 0.0,
      "z" : -1.309017
    }, {
      "x" : 6.854102,
      "y" : 0.0,
      "z" : -2.618034
    }, {
      "x" : 4.236068,
      "y" : -0.309017,
      "z" : -1.809017
    }, {
      "x" : 6.045085,
      "y" : 0.0,
      "z" : -1.927051
    }, {
      "x" : 5.854102,
      "y" : -0.309017,
      "z" : -2.427051
    } ],
    "faces" : [ {
      "vertices" : [ 2, 6, 8 ]
    }, {
      "vertices" : [ 4, 12, 10, 7 ]
    }, {
      "vertices" : [ 2, 8, 7 ]
    }, {
      "vertices" : [ 3, 10, 6 ]
    }, {
      "vertices" : [ 3, 7, 10 ]
    }, {
      "vertices" : [ 0, 1, 2, 3 ]
    }, {
      "vertices" : [ 6, 10, 8 ]
    }, {
      "vertices" : [ 8, 10, 12, 11 ]
    }, {
      "vertices" : [ 2, 7, 3 ]
    }, {
      "vertices" : [ 0, 3, 6, 5 ]
    }, {
      "vertices" : [ 1, 5, 6, 2 ]
    }, {
      "vertices" : [ 4, 7, 8, 11 ]
    } ]
  }, {
    "id" : "3bac7d4f-71c6-44be-a2fc-a9a8b5ec4654",
    "name" : "ball",
    "vertices" : [ {
      "x" : 0.309017,
      "y" : -0.809017,
      "z" : 0.618034
    }, {
      "x" : 0.809017,
      "y" : -0.618034,
      "z" : 0.309017
    }, {
      "x" : 0.618034,
      "y" : -0.309017,
      "z" : 0.809017
    }, {
      "x" : 1.0,
      "y" : 0.309017,
      "z" : 0.19098301
    }, {
      "x" : 0.809017,
      "y" : 0.618034,
      "z" : 0.309017
    }, {
      "x" : 0.618034,
      "y" : 0.309017,
      "z" : 0.809017
    }, {
      "x" : 0.809017,
      "y" : 0.0,
      "z" : 0.690983
    }, {
      "x" : 0.19098301,
      "y" : -1.0,
      "z" : 0.309017
    }, {
      "x" : -0.19098301,
      "y" : -1.0,
      "z" : 0.309017
    }, {
      "x" : -0.19098301,
      "y" : -1.0,
      "z" : -0.309017
    }, {
      "x" : 0.19098301,
      "y" : -1.0,
      "z" : -0.309017
    }, {
      "x" : 1.0,
      "y" : -0.309017,
      "z" : -0.19098301
    }, {
      "x" : 0.809017,
      "y" : -0.618034,
      "z" : -0.309017
    }, {
      "x" : 0.618034,
      "y" : -0.309017,
      "z" : -0.809017
    }, {
      "x" : 0.809017,
      "y" : 0.0,
      "z" : -0.690983
    }, {
      "x" : 0.0,
      "y" : 0.690983,
      "z" : -0.809017
    }, {
      "x" : 0.309017,
      "y" : 0.809017,
      "z" : -0.618034
    }, {
      "x" : 0.618034,
      "y" : 0.309017,
      "z" : -0.809017
    }, {
      "x" : 0.309017,
      "y" : 0.19098301,
      "z" : -1.0
    }, {
      "x" : 1.0,
      "y" : 0.309017,
      "z" : -0.19098301
    }, {
      "x" : -0.309017,
      "y" : -0.809017,
      "z" : 0.618034
    }, {
      "x" : 0.0,
      "y" : -0.690983,
      "z" : 0.809017
    }, {
      "x" : 0.809017,
      "y" : 0.618034,
      "z" : -0.309017
    }, {
      "x" : 0.690983,
      "y" : 0.809017,
      "z" : 0.0
    }, {
      "x" : -0.690983,
      "y" : 0.809017,
      "z" : 0.0
    }, {
      "x" : -0.809017,
      "y" : 0.618034,
      "z" : 0.309017
    }, {
      "x" : -0.309017,
      "y" : 0.809017,
      "z" : 0.618034
    }, {
      "x" : -0.19098301,
      "y" : 1.0,
      "z" : 0.309017
    }, {
      "x" : 0.309017,
      "y" : -0.19098301,
      "z" : -1.0
    }, {
      "x" : 0.19098301,
      "y" : 1.0,
      "z" : 0.309017
    }, {
      "x" : 0.309017,
      "y" : 0.809017,
      "z" : 0.618034
    }, {
      "x" : -0.809017,
      "y" : -0.618034,
      "z" : 0.309017
    }, {
      "x" : -0.690983,
      "y" : -0.809017,
      "z" : 0.0
    }, {
      "x" : 0.0,
      "y" : 0.690983,
      "z" : 0.809017
    }, {
      "x" : 0.309017,
      "y" : -0.809017,
      "z" : -0.618034
    }, {
      "x" : 0.0,
      "y" : -0.690983,
      "z" : -0.809017
    }, {
      "x" : -1.0,
      "y" : 0.309017,
      "z" : 0.19098301
    }, {
      "x" : -0.809017,
      "y" : 0.0,
      "z" : 0.690983
    }, {
      "x" : -0.618034,
      "y" : 0.309017,
      "z" : 0.809017
    }, {
      "x" : 1.0,
      "y" : -0.309017,
      "z" : 0.19098301
    }, {
      "x" : -0.309017,
      "y" : -0.809017,
      "z" : -0.618034
    }, {
      "x" : -1.0,
      "y" : 0.309017,
      "z" : -0.19098301
    }, {
      "x" : -1.0,
      "y" : -0.309017,
      "z" : -0.19098301
    }, {
      "x" : -1.0,
      "y" : -0.309017,
      "z" : 0.19098301
    }, {
      "x" : 0.19098301,
      "y" : 1.0,
      "z" : -0.309017
    }, {
      "x" : -0.809017,
      "y" : 0.618034,
      "z" : -0.309017
    }, {
      "x" : -0.19098301,
      "y" : 1.0,
      "z" : -0.309017
    }, {
      "x" : -0.309017,
      "y" : 0.809017,
      "z" : -0.618034
    }, {
      "x" : -0.618034,
      "y" : -0.309017,
      "z" : 0.809017
    }, {
      "x" : 0.309017,
      "y" : 0.19098301,
      "z" : 1.0
    }, {
      "x" : -0.309017,
      "y" : 0.19098301,
      "z" : -1.0
    }, {
      "x" : -0.309017,
      "y" : 0.19098301,
      "z" : 1.0
    }, {
      "x" : -0.309017,
      "y" : -0.19098301,
      "z" : 1.0
    }, {
      "x" : 0.309017,
      "y" : -0.19098301,
      "z" : 1.0
    }, {
      "x" : 0.690983,
      "y" : -0.809017,
      "z" : 0.0
    }, {
      "x" : -0.809017,
      "y" : 0.0,
      "z" : -0.690983
    }, {
      "x" : -0.618034,
      "y" : -0.309017,
      "z" : -0.809017
    }, {
      "x" : -0.309017,
      "y" : -0.19098301,
      "z" : -1.0
    }, {
      "x" : -0.618034,
      "y" : 0.309017,
      "z" : -0.809017
    }, {
      "x" : -0.809017,
      "y" : -0.618034,
      "z" : -0.309017
    } ],
    "faces" : [ {
      "vertices" : [ 9, 40, 35, 34, 10 ]
    }, {
      "vertices" : [ 0, 1, 2 ]
    }, {
      "vertices" : [ 33, 51, 49 ]
    }, {
      "vertices" : [ 25, 36, 37, 38 ]
    }, {
      "vertices" : [ 41, 55, 42 ]
    }, {
      "vertices" : [ 9, 32, 59, 40 ]
    }, {
      "vertices" : [ 20, 21, 52, 48 ]
    }, {
      "vertices" : [ 26, 33, 30, 29, 27 ]
    }, {
      "vertices" : [ 3, 4, 5, 6 ]
    }, {
      "vertices" : [ 27, 29, 44, 46 ]
    }, {
      "vertices" : [ 50, 57, 56, 55, 58 ]
    }, {
      "vertices" : [ 26, 38, 51, 33 ]
    }, {
      "vertices" : [ 45, 47, 58 ]
    }, {
      "vertices" : [ 18, 28, 57, 50 ]
    }, {
      "vertices" : [ 40, 59, 56 ]
    }, {
      "vertices" : [ 31, 48, 37, 43 ]
    }, {
      "vertices" : [ 7, 8, 9, 10 ]
    }, {
      "vertices" : [ 36, 41, 42, 43 ]
    }, {
      "vertices" : [ 24, 46, 47, 45 ]
    }, {
      "vertices" : [ 4, 30, 5 ]
    }, {
      "vertices" : [ 15, 47, 46, 44, 16 ]
    }, {
      "vertices" : [ 15, 50, 58, 47 ]
    }, {
      "vertices" : [ 24, 45, 41, 36, 25 ]
    }, {
      "vertices" : [ 11, 14, 19 ]
    }, {
      "vertices" : [ 3, 6, 39 ]
    }, {
      "vertices" : [ 1, 39, 6, 2 ]
    }, {
      "vertices" : [ 8, 32, 9 ]
    }, {
      "vertices" : [ 11, 12, 13, 14 ]
    }, {
      "vertices" : [ 16, 22, 17 ]
    }, {
      "vertices" : [ 0, 21, 20, 8, 7 ]
    }, {
      "vertices" : [ 12, 34, 13 ]
    }, {
      "vertices" : [ 35, 40, 56, 57 ]
    }, {
      "vertices" : [ 0, 7, 54, 1 ]
    }, {
      "vertices" : [ 15, 16, 17, 18 ]
    }, {
      "vertices" : [ 3, 19, 22, 23, 4 ]
    }, {
      "vertices" : [ 7, 10, 54 ]
    }, {
      "vertices" : [ 41, 45, 58, 55 ]
    }, {
      "vertices" : [ 3, 39, 11, 19 ]
    }, {
      "vertices" : [ 14, 17, 22, 19 ]
    }, {
      "vertices" : [ 0, 2, 53, 21 ]
    }, {
      "vertices" : [ 49, 51, 52, 53 ]
    }, {
      "vertices" : [ 31, 43, 42, 59, 32 ]
    }, {
      "vertices" : [ 15, 18, 50 ]
    }, {
      "vertices" : [ 42, 55, 56, 59 ]
    }, {
      "vertices" : [ 4, 23, 29, 30 ]
    }, {
      "vertices" : [ 25, 38, 26 ]
    }, {
      "vertices" : [ 13, 28, 18, 17, 14 ]
    }, {
      "vertices" : [ 8, 20, 31, 32 ]
    }, {
      "vertices" : [ 23, 44, 29 ]
    }, {
      "vertices" : [ 24, 27, 46 ]
    }, {
      "vertices" : [ 37, 48, 52, 51, 38 ]
    }, {
      "vertices" : [ 20, 48, 31 ]
    }, {
      "vertices" : [ 24, 25, 26, 27 ]
    }, {
      "vertices" : [ 16, 44, 23, 22 ]
    }, {
      "vertices" : [ 13, 34, 35, 28 ]
    }, {
      "vertices" : [ 10, 34, 12, 54 ]
    }, {
      "vertices" : [ 2, 6, 5, 49, 53 ]
    }, {
      "vertices" : [ 36, 43, 37 ]
    }, {
      "vertices" : [ 5, 30, 33, 49 ]
    }, {
      "vertices" : [ 1, 54, 12, 11, 39 ]
    }, {
      "vertices" : [ 28, 35, 57 ]
    }, {
      "vertices" : [ 21, 53, 52 ]
    } ]
  }, {
    "id" : "842e0bc0-8603-4794-998d-0653baab4bb1",
    "orbit" : "red",
    "orbitC" : "[[-1,1,1],[0,0,1]]",
    "length" : "[1,0,1]",
    "name" : "r1",
    "vertices" : [ {
      "x" : 2.618034,
      "y" : 1.736068,
      "z" : 0.309017
    }, {
      "x" : 4.236068,
      "y" : 2.5,
      "z" : 0.309017
    }, {
      "x" : 4.045085,
      "y" : 2.809017,
      "z" : 0.19098301
    }, {
      "x" : 0.809017,
      "y" : 0.618034,
      "z" : -0.309017
    }, {
      "x" : 0.690983,
      "y" : 0.809017,
      "z" : 0.0
    }, {
      "x" : 2.5,
      "y" : 1.927051,
      "z" : 0.0
    }, {
      "x" : 2.618034,
      "y" : 1.736068,
      "z" : -0.309017
    }, {
      "x" : 6.045085,
      "y" : 3.618034,
      "z" : 0.309017
    }, {
      "x" : 2.809017,
      "y" : 1.427051,
      "z" : 0.19098301
    }, {
      "x" : 2.809017,
      "y" : 1.427051,
      "z" : -0.19098301
    }, {
      "x" : 4.354102,
      "y" : 2.309017,
      "z" : 0.0
    }, {
      "x" : 4.236068,
      "y" : 2.5,
      "z" : -0.309017
    }, {
      "x" : 6.163119,
      "y" : 3.427051,
      "z" : 0.0
    }, {
      "x" : 1.0,
      "y" : 0.309017,
      "z" : 0.19098301
    }, {
      "x" : 1.0,
      "y" : 0.309017,
      "z" : -0.19098301
    }, {
      "x" : 0.809017,
      "y" : 0.618034,
      "z" : 0.309017
    }, {
      "x" : 5.854102,
      "y" : 3.927051,
      "z" : 0.19098301
    }, {
      "x" : 6.045085,
      "y" : 3.618034,
      "z" : -0.309017
    }, {
      "x" : 5.854102,
      "y" : 3.927051,
      "z" : -0.19098301
    }, {
      "x" : 6.854102,
      "y" : 4.236068,
      "z" : 0.0
    }, {
      "x" : 4.045085,
      "y" : 2.809017,
      "z" : -0.19098301
    } ],
    "faces" : [ {
      "vertices" : [ 3, 6, 9, 14 ]
    }, {
      "vertices" : [ 11, 20, 18, 17 ]
    }, {
      "vertices" : [ 0, 1, 2 ]
    }, {
      "vertices" : [ 0, 15, 13, 8 ]
    }, {
      "vertices" : [ 6, 20, 11 ]
    }, {
      "vertices" : [ 0, 2, 5 ]
    }, {
      "vertices" : [ 0, 8, 1 ]
    }, {
      "vertices" : [ 8, 13, 14, 9 ]
    }, {
      "vertices" : [ 3, 4, 5, 6 ]
    }, {
      "vertices" : [ 10, 11, 17, 12 ]
    }, {
      "vertices" : [ 1, 8, 10 ]
    }, {
      "vertices" : [ 0, 5, 4, 15 ]
    }, {
      "vertices" : [ 2, 16, 18, 20 ]
    }, {
      "vertices" : [ 1, 7, 16, 2 ]
    }, {
      "vertices" : [ 6, 11, 9 ]
    }, {
      "vertices" : [ 8, 9, 10 ]
    }, {
      "vertices" : [ 2, 20, 5 ]
    }, {
      "vertices" : [ 9, 11, 10 ]
    }, {
      "vertices" : [ 1, 10, 12, 7 ]
    }, {
      "vertices" : [ 5, 20, 6 ]
    } ]
  }, {
    "id" : "7d514b7f-ee00-4791-bcbd-0fb3dd26ac24",
    "orbit" : "blue",
    "orbitC" : "[[0,0,1],[0,0,1]]",
    "length" : "[1,0,1]",
    "name" : "b1",
    "vertices" : [ {
      "x" : 7.472136,
      "y" : 0.309017,
      "z" : 0.19098301
    }, {
      "x" : 7.472136,
      "y" : 0.309017,
      "z" : -0.19098301
    }, {
      "x" : 1.0,
      "y" : 0.309017,
      "z" : -0.19098301
    }, {
      "x" : 1.0,
      "y" : 0.309017,
      "z" : 0.19098301
    }, {
      "x" : 7.472136,
      "y" : -0.309017,
      "z" : 0.19098301
    }, {
      "x" : 1.0,
      "y" : -0.309017,
      "z" : 0.19098301
    }, {
      "x" : 1.0,
      "y" : -0.309017,
      "z" : -0.19098301
    }, {
      "x" : 7.472136,
      "y" : -0.309017,
      "z" : -0.19098301
    }, {
      "x" : 8.472136,
      "y" : 0.0,
      "z" : 0.0
    } ],
    "faces" : [ {
      "vertices" : [ 1, 7, 6, 2 ]
    }, {
      "vertices" : [ 0, 1, 2, 3 ]
    }, {
      "vertices" : [ 4, 5, 6, 7 ]
    }, {
      "vertices" : [ 0, 3, 5, 4 ]
    } ]
  }, {
    "id" : "5bdadd35-20d1-4a14-a6aa-a295ef8bbfb6",
    "orbit" : "red",
    "orbitC" : "[[-1,1,1],[0,0,1]]",
    "length" : "[-1,1,1]",
    "name" : "r0",
    "vertices" : [ {
      "x" : 1.309017,
      "y" : 0.927051,
      "z" : 0.309017
    }, {
      "x" : 2.927051,
      "y" : 1.690983,
      "z" : 0.309017
    }, {
      "x" : 2.736068,
      "y" : 2.0,
      "z" : 0.19098301
    }, {
      "x" : 0.809017,
      "y" : 0.618034,
      "z" : -0.309017
    }, {
      "x" : 0.690983,
      "y" : 0.809017,
      "z" : 0.0
    }, {
      "x" : 1.190983,
      "y" : 1.118034,
      "z" : 0.0
    }, {
      "x" : 1.309017,
      "y" : 0.927051,
      "z" : -0.309017
    }, {
      "x" : 3.427051,
      "y" : 2.0,
      "z" : 0.309017
    }, {
      "x" : 1.5,
      "y" : 0.618034,
      "z" : 0.19098301
    }, {
      "x" : 1.5,
      "y" : 0.618034,
      "z" : -0.19098301
    }, {
      "x" : 3.045085,
      "y" : 1.5,
      "z" : 0.0
    }, {
      "x" : 2.927051,
      "y" : 1.690983,
      "z" : -0.309017
    }, {
      "x" : 3.545085,
      "y" : 1.809017,
      "z" : 0.0
    }, {
      "x" : 1.0,
      "y" : 0.309017,
      "z" : 0.19098301
    }, {
      "x" : 1.0,
      "y" : 0.309017,
      "z" : -0.19098301
    }, {
      "x" : 0.809017,
      "y" : 0.618034,
      "z" : 0.309017
    }, {
      "x" : 3.236068,
      "y" : 2.309017,
      "z" : 0.19098301
    }, {
      "x" : 3.427051,
      "y" : 2.0,
      "z" : -0.309017
    }, {
      "x" : 3.236068,
      "y" : 2.309017,
      "z" : -0.19098301
    }, {
      "x" : 4.236068,
      "y" : 2.618034,
      "z" : 0.0
    }, {
      "x" : 2.736068,
      "y" : 2.0,
      "z" : -0.19098301
    } ],
    "faces" : [ {
      "vertices" : [ 3, 6, 9, 14 ]
    }, {
      "vertices" : [ 11, 20, 18, 17 ]
    }, {
      "vertices" : [ 0, 1, 2 ]
    }, {
      "vertices" : [ 0, 15, 13, 8 ]
    }, {
      "vertices" : [ 6, 20, 11 ]
    }, {
      "vertices" : [ 0, 2, 5 ]
    }, {
      "vertices" : [ 0, 8, 1 ]
    }, {
      "vertices" : [ 8, 13, 14, 9 ]
    }, {
      "vertices" : [ 3, 4, 5, 6 ]
    }, {
      "vertices" : [ 10, 11, 17, 12 ]
    }, {
      "vertices" : [ 1, 8, 10 ]
    }, {
      "vertices" : [ 0, 5, 4, 15 ]
    }, {
      "vertices" : [ 2, 16, 18, 20 ]
    }, {
      "vertices" : [ 1, 7, 16, 2 ]
    }, {
      "vertices" : [ 6, 11, 9 ]
    }, {
      "vertices" : [ 8, 9, 10 ]
    }, {
      "vertices" : [ 2, 20, 5 ]
    }, {
      "vertices" : [ 9, 11, 10 ]
    }, {
      "vertices" : [ 1, 10, 12, 7 ]
    }, {
      "vertices" : [ 5, 20, 6 ]
    } ]
  } ],
  "instances" : [ {
    "shape" : "cb52f084-52d6-4071-abbf-3a9c161173d9",
    "color" : "#F0A000",
    "position" : {
      "x" : 6.854102,
      "y" : -15.492074,
      "z" : 1.5155418
    },
    "orientation" : 24
  }, {
    "shape" : "3bac7d4f-71c6-44be-a2fc-a9a8b5ec4654",
    "color" : "#F2F2F2",
    "position" : {
      "x" : 17.944271,
      "y" : 9.3063,
      "z" : 12.605712
    }
  }, {
    "shape" : "3bac7d4f-71c6-44be-a2fc-a9a8b5ec4654",
    "color" : "#F2F2F2",
    "position" : {
      "x" : 15.326238,
      "y" : 16.160402,
      "z" : -1.1024922
    }
  }, {
    "shape" : "cb52f084-52d6-4071-abbf-3a9c161173d9",
    "color" : "#F0A000",
    "position" : {
      "x" : 4.236068,
      "y" : 24.632538,
      "z" : 8.369644
    },
    "orientation" : 0
  }, {
    "shape" : "842e0bc0-8603-4794-998d-0653baab4bb1",
    "color" : "#AF0000",
    "position" : {
      "x" : 13.708204,
      "y" : 2.452198,
      "z" : 1.5155418
    },
    "orientation" : 2
  }, {
    "shape" : "3bac7d4f-71c6-44be-a2fc-a9a8b5ec4654",
    "color" : "#F2F2F2",
    "position" : {
      "x" : -6.854102,
      "y" : 6.6882663,
      "z" : 23.69588
    }
  }, {
    "shape" : "3bac7d4f-71c6-44be-a2fc-a9a8b5ec4654",
    "color" : "#F2F2F2",
    "position" : {
      "x" : -11.09017,
      "y" : -1.7838699,
      "z" : -5.33856
    }
  }, {
    "shape" : "cb52f084-52d6-4071-abbf-3a9c161173d9",
    "color" : "#F0A000",
    "position" : {
      "x" : 0.0,
      "y" : -26.582243,
      "z" : -7.956594
    },
    "orientation" : 8
  }, {
    "shape" : "7d514b7f-ee00-4791-bcbd-0fb3dd26ac24",
    "color" : "#007695",
    "position" : {
      "x" : 11.09017,
      "y" : 5.070232,
      "z" : 12.605712
    },
    "orientation" : 52
  }, {
    "shape" : "3bac7d4f-71c6-44be-a2fc-a9a8b5ec4654",
    "color" : "#F2F2F2",
    "position" : {
      "x" : -4.236068,
      "y" : 24.632538,
      "z" : -5.33856
    }
  }, {
    "shape" : "cb52f084-52d6-4071-abbf-3a9c161173d9",
    "color" : "#F0A000",
    "position" : {
      "x" : -4.236068,
      "y" : -4.401904,
      "z" : 12.605712
    },
    "orientation" : 16
  }, {
    "shape" : "7d514b7f-ee00-4791-bcbd-0fb3dd26ac24",
    "color" : "#007695",
    "position" : {
      "x" : -4.236068,
      "y" : -12.87404,
      "z" : -23.282831
    },
    "orientation" : 41
  }, {
    "shape" : "842e0bc0-8603-4794-998d-0653baab4bb1",
    "color" : "#AF0000",
    "position" : {
      "x" : -11.09017,
      "y" : 20.39647,
      "z" : 8.369644
    },
    "orientation" : 47
  }, {
    "shape" : "7d514b7f-ee00-4791-bcbd-0fb3dd26ac24",
    "color" : "#007695",
    "position" : {
      "x" : -17.944271,
      "y" : -1.7838699,
      "z" : -2.7205262
    },
    "orientation" : 1
  }, {
    "shape" : "5bdadd35-20d1-4a14-a6aa-a295ef8bbfb6",
    "color" : "#AF0000",
    "position" : {
      "x" : -11.09017,
      "y" : 20.39647,
      "z" : 8.369644
    },
    "orientation" : 32
  }, {
    "shape" : "3bac7d4f-71c6-44be-a2fc-a9a8b5ec4654",
    "color" : "#F2F2F2",
    "position" : {
      "x" : -6.854102,
      "y" : -15.492074,
      "z" : 1.5155418
    }
  }, {
    "shape" : "7d514b7f-ee00-4791-bcbd-0fb3dd26ac24",
    "color" : "#007695",
    "position" : {
      "x" : -4.236068,
      "y" : 27.250572,
      "z" : 1.5155418
    },
    "orientation" : 41
  }, {
    "shape" : "7d514b7f-ee00-4791-bcbd-0fb3dd26ac24",
    "color" : "#007695",
    "position" : {
      "x" : 0.0,
      "y" : 17.778437,
      "z" : 19.459814
    },
    "orientation" : 23
  }, {
    "shape" : "842e0bc0-8603-4794-998d-0653baab4bb1",
    "color" : "#AF0000",
    "position" : {
      "x" : -4.236068,
      "y" : -0.16583592,
      "z" : -20.664799
    },
    "orientation" : 1
  }, {
    "shape" : "3bac7d4f-71c6-44be-a2fc-a9a8b5ec4654",
    "color" : "#F2F2F2",
    "position" : {
      "x" : 17.944271,
      "y" : 2.452198,
      "z" : 8.369644
    }
  }, {
    "shape" : "3bac7d4f-71c6-44be-a2fc-a9a8b5ec4654",
    "color" : "#F2F2F2",
    "position" : {
      "x" : -17.944271,
      "y" : 6.6882663,
      "z" : -2.7205262
    }
  }, {
    "shape" : "cb52f084-52d6-4071-abbf-3a9c161173d9",
    "color" : "#F0A000",
    "position" : {
      "x" : -11.09017,
      "y" : 20.39647,
      "z" : -5.33856
    },
    "orientation" : 0
  }, {
    "shape" : "3bac7d4f-71c6-44be-a2fc-a9a8b5ec4654",
    "color" : "#F2F2F2",
    "position" : {
      "x" : 11.09017,
      "y" : 16.160402,
      "z" : 5.75161
    }
  }, {
    "shape" : "7d514b7f-ee00-4791-bcbd-0fb3dd26ac24",
    "color" : "#007695",
    "position" : {
      "x" : -4.236068,
      "y" : -22.346176,
      "z" : 1.5155418
    },
    "orientation" : 56
  }, {
    "shape" : "7d514b7f-ee00-4791-bcbd-0fb3dd26ac24",
    "color" : "#007695",
    "position" : {
      "x" : -4.236068,
      "y" : 24.632538,
      "z" : 8.369644
    },
    "orientation" : 40
  }, {
    "shape" : "842e0bc0-8603-4794-998d-0653baab4bb1",
    "color" : "#AF0000",
    "position" : {
      "x" : 6.854102,
      "y" : 5.070232,
      "z" : 5.75161
    },
    "orientation" : 2
  }, {
    "shape" : "cb52f084-52d6-4071-abbf-3a9c161173d9",
    "color" : "#F0A000",
    "position" : {
      "x" : -17.944271,
      "y" : 6.6882663,
      "z" : -2.7205262
    },
    "orientation" : 5
  }, {
    "shape" : "842e0bc0-8603-4794-998d-0653baab4bb1",
    "color" : "#AF0000",
    "position" : {
      "x" : 13.708204,
      "y" : 9.3063,
      "z" : 19.459814
    },
    "orientation" : 17
  }, {
    "shape" : "842e0bc0-8603-4794-998d-0653baab4bb1",
    "color" : "#AF0000",
    "position" : {
      "x" : 0.0,
      "y" : -22.346176,
      "z" : -5.33856
    },
    "orientation" : 2
  }, {
    "shape" : "842e0bc0-8603-4794-998d-0653baab4bb1",
    "color" : "#AF0000",
    "position" : {
      "x" : 0.0,
      "y" : -11.256006,
      "z" : 1.5155418
    },
    "orientation" : 15
  }, {
    "shape" : "3bac7d4f-71c6-44be-a2fc-a9a8b5ec4654",
    "color" : "#F2F2F2",
    "position" : {
      "x" : 13.708204,
      "y" : -15.492074,
      "z" : -9.574628
    }
  }, {
    "shape" : "3bac7d4f-71c6-44be-a2fc-a9a8b5ec4654",
    "color" : "#F2F2F2",
    "position" : {
      "x" : -11.09017,
      "y" : 24.632538,
      "z" : 5.75161
    }
  }, {
    "shape" : "3bac7d4f-71c6-44be-a2fc-a9a8b5ec4654",
    "color" : "#F2F2F2",
    "position" : {
      "x" : -17.944271,
      "y" : -1.7838699,
      "z" : -2.7205262
    }
  }, {
    "shape" : "7d514b7f-ee00-4791-bcbd-0fb3dd26ac24",
    "color" : "#007695",
    "position" : {
      "x" : -13.708204,
      "y" : 2.452198,
      "z" : 1.5155418
    },
    "orientation" : 37
  }, {
    "shape" : "7d514b7f-ee00-4791-bcbd-0fb3dd26ac24",
    "color" : "#007695",
    "position" : {
      "x" : 11.09017,
      "y" : -11.256006,
      "z" : -16.42873
    },
    "orientation" : 56
  }, {
    "shape" : "842e0bc0-8603-4794-998d-0653baab4bb1",
    "color" : "#AF0000",
    "position" : {
      "x" : -4.236068,
      "y" : -4.401904,
      "z" : -9.574628
    },
    "orientation" : 17
  }, {
    "shape" : "842e0bc0-8603-4794-998d-0653baab4bb1",
    "color" : "#AF0000",
    "position" : {
      "x" : -11.09017,
      "y" : 2.452198,
      "z" : -16.42873
    },
    "orientation" : 32
  }, {
    "shape" : "3bac7d4f-71c6-44be-a2fc-a9a8b5ec4654",
    "color" : "#FFFFFF",
    "position" : {
      "x" : -4.236068,
      "y" : 9.3063,
      "z" : -1.1024922
    }
  }, {
    "shape" : "cb52f084-52d6-4071-abbf-3a9c161173d9",
    "color" : "#F0A000",
    "position" : {
      "x" : 4.236068,
      "y" : -15.492074,
      "z" : -16.42873
    },
    "orientation" : 0
  }, {
    "shape" : "842e0bc0-8603-4794-998d-0653baab4bb1",
    "color" : "#AF0000",
    "position" : {
      "x" : -17.944271,
      "y" : 16.160402,
      "z" : 8.369644
    },
    "orientation" : 0
  }, {
    "shape" : "842e0bc0-8603-4794-998d-0653baab4bb1",
    "color" : "#AF0000",
    "position" : {
      "x" : -17.944271,
      "y" : 2.452198,
      "z" : 8.369644
    },
    "orientation" : 17
  }, {
    "shape" : "842e0bc0-8603-4794-998d-0653baab4bb1",
    "color" : "#AF0000",
    "position" : {
      "x" : 0.0,
      "y" : 2.452198,
      "z" : 23.69588
    },
    "orientation" : 0
  }, {
    "shape" : "7d514b7f-ee00-4791-bcbd-0fb3dd26ac24",
    "color" : "#007695",
    "position" : {
      "x" : -6.854102,
      "y" : 5.070232,
      "z" : 5.75161
    },
    "orientation" : 53
  }, {
    "shape" : "3bac7d4f-71c6-44be-a2fc-a9a8b5ec4654",
    "color" : "#FFFFFF",
    "position" : {
      "x" : 4.236068,
      "y" : -4.401904,
      "z" : 12.605712
    }
  }, {
    "shape" : "7d514b7f-ee00-4791-bcbd-0fb3dd26ac24",
    "color" : "#007695",
    "position" : {
      "x" : 13.708204,
      "y" : -8.637972,
      "z" : 8.369644
    },
    "orientation" : 41
  }, {
    "shape" : "cb52f084-52d6-4071-abbf-3a9c161173d9",
    "color" : "#F0A000",
    "position" : {
      "x" : -13.708204,
      "y" : 20.39647,
      "z" : 12.605712
    },
    "orientation" : 19
  }, {
    "shape" : "7d514b7f-ee00-4791-bcbd-0fb3dd26ac24",
    "color" : "#007695",
    "position" : {
      "x" : 4.236068,
      "y" : -4.401904,
      "z" : -9.574628
    },
    "orientation" : 54
  }, {
    "shape" : "7d514b7f-ee00-4791-bcbd-0fb3dd26ac24",
    "color" : "#007695",
    "position" : {
      "x" : 4.236068,
      "y" : 9.3063,
      "z" : -1.1024922
    },
    "orientation" : 47
  }, {
    "shape" : "3bac7d4f-71c6-44be-a2fc-a9a8b5ec4654",
    "color" : "#F2F2F2",
    "position" : {
      "x" : -13.708204,
      "y" : -15.492074,
      "z" : -9.574628
    }
  }, {
    "shape" : "7d514b7f-ee00-4791-bcbd-0fb3dd26ac24",
    "color" : "#007695",
    "position" : {
      "x" : 0.0,
      "y" : -26.582243,
      "z" : -7.956594
    },
    "orientation" : 23
  }, {
    "shape" : "842e0bc0-8603-4794-998d-0653baab4bb1",
    "color" : "#AF0000",
    "position" : {
      "x" : 6.854102,
      "y" : -11.256006,
      "z" : 12.605712
    },
    "orientation" : 16
  }, {
    "shape" : "cb52f084-52d6-4071-abbf-3a9c161173d9",
    "color" : "#F0A000",
    "position" : {
      "x" : 6.854102,
      "y" : 20.39647,
      "z" : 15.223745
    },
    "orientation" : 0
  }, {
    "shape" : "7d514b7f-ee00-4791-bcbd-0fb3dd26ac24",
    "color" : "#007695",
    "position" : {
      "x" : -4.236068,
      "y" : -12.87404,
      "z" : -23.282831
    },
    "orientation" : 0
  }, {
    "shape" : "3bac7d4f-71c6-44be-a2fc-a9a8b5ec4654",
    "color" : "#F2F2F2",
    "position" : {
      "x" : -4.236068,
      "y" : 13.542368,
      "z" : 23.69588
    }
  }, {
    "shape" : "3bac7d4f-71c6-44be-a2fc-a9a8b5ec4654",
    "color" : "#FFFFFF",
    "position" : {
      "x" : 4.236068,
      "y" : 9.3063,
      "z" : -9.574628
    }
  }, {
    "shape" : "3bac7d4f-71c6-44be-a2fc-a9a8b5ec4654",
    "color" : "#F2F2F2",
    "position" : {
      "x" : -11.09017,
      "y" : -19.728142,
      "z" : -2.7205262
    }
  }, {
    "shape" : "cb52f084-52d6-4071-abbf-3a9c161173d9",
    "color" : "#F0A000",
    "position" : {
      "x" : -17.944271,
      "y" : 9.3063,
      "z" : 12.605712
    },
    "orientation" : 17
  }, {
    "shape" : "842e0bc0-8603-4794-998d-0653baab4bb1",
    "color" : "#AF0000",
    "position" : {
      "x" : 0.0,
      "y" : -22.346176,
      "z" : -5.33856
    },
    "orientation" : 32
  }, {
    "shape" : "3bac7d4f-71c6-44be-a2fc-a9a8b5ec4654",
    "color" : "#F2F2F2",
    "position" : {
      "x" : -6.854102,
      "y" : 13.542368,
      "z" : 19.459814
    }
  }, {
    "shape" : "7d514b7f-ee00-4791-bcbd-0fb3dd26ac24",
    "color" : "#007695",
    "position" : {
      "x" : -4.236068,
      "y" : 9.3063,
      "z" : -9.574628
    },
    "orientation" : 41
  }, {
    "shape" : "7d514b7f-ee00-4791-bcbd-0fb3dd26ac24",
    "color" : "#007695",
    "position" : {
      "x" : -13.708204,
      "y" : 20.39647,
      "z" : 12.605712
    },
    "orientation" : 37
  }, {
    "shape" : "842e0bc0-8603-4794-998d-0653baab4bb1",
    "color" : "#AF0000",
    "position" : {
      "x" : 0.0,
      "y" : 2.452198,
      "z" : 9.987678
    },
    "orientation" : 32
  }, {
    "shape" : "7d514b7f-ee00-4791-bcbd-0fb3dd26ac24",
    "color" : "#007695",
    "position" : {
      "x" : 11.09017,
      "y" : -1.7838699,
      "z" : 8.369644
    },
    "orientation" : 52
  }, {
    "shape" : "7d514b7f-ee00-4791-bcbd-0fb3dd26ac24",
    "color" : "#007695",
    "position" : {
      "x" : -4.236068,
      "y" : -22.346176,
      "z" : 1.5155418
    },
    "orientation" : 0
  }, {
    "shape" : "842e0bc0-8603-4794-998d-0653baab4bb1",
    "color" : "#AF0000",
    "position" : {
      "x" : 11.09017,
      "y" : -1.7838699,
      "z" : -5.33856
    },
    "orientation" : 16
  }, {
    "shape" : "7d514b7f-ee00-4791-bcbd-0fb3dd26ac24",
    "color" : "#007695",
    "position" : {
      "x" : 6.854102,
      "y" : -18.110107,
      "z" : 8.369644
    },
    "orientation" : 23
  }, {
    "shape" : "7d514b7f-ee00-4791-bcbd-0fb3dd26ac24",
    "color" : "#007695",
    "position" : {
      "x" : 4.236068,
      "y" : -4.401904,
      "z" : -9.574628
    },
    "orientation" : 11
  }, {
    "shape" : "3bac7d4f-71c6-44be-a2fc-a9a8b5ec4654",
    "color" : "#F2F2F2",
    "position" : {
      "x" : -6.854102,
      "y" : -23.96421,
      "z" : -12.192662
    }
  }, {
    "shape" : "7d514b7f-ee00-4791-bcbd-0fb3dd26ac24",
    "color" : "#007695",
    "position" : {
      "x" : -4.236068,
      "y" : -4.401904,
      "z" : 12.605712
    },
    "orientation" : 56
  }, {
    "shape" : "7d514b7f-ee00-4791-bcbd-0fb3dd26ac24",
    "color" : "#007695",
    "position" : {
      "x" : 11.09017,
      "y" : 6.6882663,
      "z" : -5.33856
    },
    "orientation" : 56
  }, {
    "shape" : "cb52f084-52d6-4071-abbf-3a9c161173d9",
    "color" : "#F0A000",
    "position" : {
      "x" : -6.854102,
      "y" : -8.637972,
      "z" : 5.75161
    },
    "orientation" : 38
  }, {
    "shape" : "cb52f084-52d6-4071-abbf-3a9c161173d9",
    "color" : "#F0A000",
    "position" : {
      "x" : 4.236068,
      "y" : 24.632538,
      "z" : 8.369644
    },
    "orientation" : 17
  }, {
    "shape" : "7d514b7f-ee00-4791-bcbd-0fb3dd26ac24",
    "color" : "#007695",
    "position" : {
      "x" : 6.854102,
      "y" : -19.728142,
      "z" : -9.574628
    },
    "orientation" : 55
  }, {
    "shape" : "7d514b7f-ee00-4791-bcbd-0fb3dd26ac24",
    "color" : "#007695",
    "position" : {
      "x" : -11.09017,
      "y" : 2.452198,
      "z" : -16.42873
    },
    "orientation" : 39
  }, {
    "shape" : "cb52f084-52d6-4071-abbf-3a9c161173d9",
    "color" : "#F0A000",
    "position" : {
      "x" : 6.854102,
      "y" : -19.728142,
      "z" : -9.574628
    },
    "orientation" : 0
  }, {
    "shape" : "7d514b7f-ee00-4791-bcbd-0fb3dd26ac24",
    "color" : "#007695",
    "position" : {
      "x" : 4.236068,
      "y" : -19.728142,
      "z" : -19.046764
    },
    "orientation" : 45
  }, {
    "shape" : "cb52f084-52d6-4071-abbf-3a9c161173d9",
    "color" : "#F0A000",
    "position" : {
      "x" : -6.854102,
      "y" : -15.492074,
      "z" : 1.5155418
    },
    "orientation" : 21
  }, {
    "shape" : "7d514b7f-ee00-4791-bcbd-0fb3dd26ac24",
    "color" : "#007695",
    "position" : {
      "x" : -6.854102,
      "y" : 16.160402,
      "z" : 12.605712
    },
    "orientation" : 8
  }, {
    "shape" : "842e0bc0-8603-4794-998d-0653baab4bb1",
    "color" : "#AF0000",
    "position" : {
      "x" : 11.09017,
      "y" : 20.39647,
      "z" : 8.369644
    },
    "orientation" : 15
  }, {
    "shape" : "cb52f084-52d6-4071-abbf-3a9c161173d9",
    "color" : "#F0A000",
    "position" : {
      "x" : -11.09017,
      "y" : 5.070232,
      "z" : 12.605712
    },
    "orientation" : 9
  }, {
    "shape" : "cb52f084-52d6-4071-abbf-3a9c161173d9",
    "color" : "#F0A000",
    "position" : {
      "x" : 4.236068,
      "y" : 27.250572,
      "z" : 1.5155418
    },
    "orientation" : 22
  }, {
    "shape" : "842e0bc0-8603-4794-998d-0653baab4bb1",
    "color" : "#AF0000",
    "position" : {
      "x" : -11.09017,
      "y" : 13.542368,
      "z" : -1.1024922
    },
    "orientation" : 16
  }, {
    "shape" : "3bac7d4f-71c6-44be-a2fc-a9a8b5ec4654",
    "color" : "#F2F2F2",
    "position" : {
      "x" : -11.09017,
      "y" : -4.401904,
      "z" : 15.223745
    }
  }, {
    "shape" : "7d514b7f-ee00-4791-bcbd-0fb3dd26ac24",
    "color" : "#007695",
    "position" : {
      "x" : 6.854102,
      "y" : 6.6882663,
      "z" : 23.69588
    },
    "orientation" : 23
  }, {
    "shape" : "cb52f084-52d6-4071-abbf-3a9c161173d9",
    "color" : "#F0A000",
    "position" : {
      "x" : -4.236068,
