{
  "polygons" : "true",
  "field" : "golden",
  "symmetry" : "icosahedral",
  "orientations" : [ [ 1.0, 0.0, 0.0, 0.0, 0.0, 1.0, 0.0, 0.0, 0.0, 0.0, 1.0, 0.0, 0.0, 0.0, 0.0, 1.0 ], [ 0.0, 0.0, 1.0, 0.0, 1.0, 0.0, 0.0, 0.0, 0.0, 1.0, 0.0, 0.0, 0.0, 0.0, 0.0, 1.0 ], [ 0.0, 1.0, 0.0, 0.0, 0.0, 0.0, 1.0, 0.0, 1.0, 0.0, 0.0, 0.0, 0.0, 0.0, 0.0, 1.0 ], [ 0.809017, 0.309017, 0.5, 0.0, 0.309017, 0.5, -0.809017, 0.0, -0.5, 0.809017, 0.309017, 0.0, 0.0, 0.0, 0.0, 1.0 ], [ -0.5, 0.809017, 0.309017, 0.0, 0.809017, 0.309017, 0.5, 0.0, 0.309017, 0.5, -0.809017, 0.0, 0.0, 0.0, 0.0, 1.0 ], [ 0.309017, 0.5, -0.809017, 0.0, -0.5, 0.809017, 0.309017, 0.0, 0.809017, 0.309017, 0.5, 0.0, 0.0, 0.0, 0.0, 1.0 ], [ 0.5, 0.809017, 0.309017, 0.0, 0.809017, -0.309017, -0.5, 0.0, -0.309017, 0.5, -0.809017, 0.0, 0.0, 0.0, 0.0, 1.0 ], [ -0.309017, 0.5, -0.809017, 0.0, 0.5, 0.809017, 0.309017, 0.0, 0.809017, -0.309017, -0.5, 0.0, 0.0, 0.0, 0.0, 1.0 ], [ 0.809017, -0.309017, -0.5, 0.0, -0.309017, 0.5, -0.809017, 0.0, 0.5, 0.809017, 0.309017, 0.0, 0.0, 0.0, 0.0, 1.0 ], [ 0.5, 0.809017, -0.309017, 0.0, 0.809017, -0.309017, 0.5, 0.0, 0.309017, -0.5, -0.809017, 0.0, 0.0, 0.0, 0.0, 1.0 ], [ 0.309017, -0.5, -0.809017, 0.0, 0.5, 0.809017, -0.309017, 0.0, 0.809017, -0.309017, 0.5, 0.0, 0.0, 0.0, 0.0, 1.0 ], [ 0.809017, -0.309017, 0.5, 0.0, 0.309017, -0.5, -0.809017, 0.0, 0.5, 0.809017, -0.309017, 0.0, 0.0, 0.0, 0.0, 1.0 ], [ 0.809017, 0.309017, -0.5, 0.0, 0.309017, 0.5, 0.809017, 0.0, 0.5, -0.809017, 0.309017, 0.0, 0.0, 0.0, 0.0, 1.0 ], [ 0.5, -0.809017, 0.309017, 0.0, 0.809017, 0.309017, -0.5, 0.0, 0.309017, 0.5, 0.809017, 0.0, 0.0, 0.0, 0.0, 1.0 ], [ 0.309017, 0.5, 0.809017, 0.0, 0.5, -0.809017, 0.309017, 0.0, 0.809017, 0.309017, -0.5, 0.0, 0.0, 0.0, 0.0, 1.0 ], [ 1.0, 0.0, 0.0, 0.0, 0.0, -1.0, 0.0, 0.0, 0.0, 0.0, -1.0, 0.0, 0.0, 0.0, 0.0, 1.0 ], [ 0.0, 0.0, 1.0, 0.0, -1.0, 0.0, 0.0, 0.0, 0.0, -1.0, 0.0, 0.0, 0.0, 0.0, 0.0, 1.0 ], [ 0.0, 1.0, 0.0, 0.0, 0.0, 0.0, -1.0, 0.0, -1.0, 0.0, 0.0, 0.0, 0.0, 0.0, 0.0, 1.0 ], [ 0.809017, 0.309017, 0.5, 0.0, -0.309017, -0.5, 0.809017, 0.0, 0.5, -0.809017, -0.309017, 0.0, 0.0, 0.0, 0.0, 1.0 ], [ -0.5, 0.809017, 0.309017, 0.0, -0.809017, -0.309017, -0.5, 0.0, -0.309017, -0.5, 0.809017, 0.0, 0.0, 0.0, 0.0, 1.0 ], [ 0.309017, 0.5, -0.809017, 0.0, 0.5, -0.809017, -0.309017, 0.0, -0.809017, -0.309017, -0.5, 0.0, 0.0, 0.0, 0.0, 1.0 ], [ 0.5, 0.809017, 0.309017, 0.0, -0.809017, 0.309017, 0.5, 0.0, 0.309017, -0.5, 0.809017, 0.0, 0.0, 0.0, 0.0, 1.0 ], [ -0.309017, 0.5, -0.809017, 0.0, -0.5, -0.809017, -0.309017, 0.0, -0.809017, 0.309017, 0.5, 0.0, 0.0, 0.0, 0.0, 1.0 ], [ 0.809017, -0.309017, -0.5, 0.0, 0.309017, -0.5, 0.809017, 0.0, -0.5, -0.809017, -0.309017, 0.0, 0.0, 0.0, 0.0, 1.0 ], [ 0.5, 0.809017, -0.309017, 0.0, -0.809017, 0.309017, -0.5, 0.0, -0.309017, 0.5, 0.809017, 0.0, 0.0, 0.0, 0.0, 1.0 ], [ 0.309017, -0.5, -0.809017, 0.0, -0.5, -0.809017, 0.309017, 0.0, -0.809017, 0.309017, -0.5, 0.0, 0.0, 0.0, 0.0, 1.0 ], [ 0.809017, -0.309017, 0.5, 0.0, -0.309017, 0.5, 0.809017, 0.0, -0.5, -0.809017, 0.309017, 0.0, 0.0, 0.0, 0.0, 1.0 ], [ 0.809017, 0.309017, -0.5, 0.0, -0.309017, -0.5, -0.809017, 0.0, -0.5, 0.809017, -0.309017, 0.0, 0.0, 0.0, 0.0, 1.0 ], [ 0.5, -0.809017, 0.309017, 0.0, -0.809017, -0.309017, 0.5, 0.0, -0.309017, -0.5, -0.809017, 0.0, 0.0, 0.0, 0.0, 1.0 ], [ 0.309017, 0.5, 0.809017, 0.0, -0.5, 0.809017, -0.309017, 0.0, -0.809017, -0.309017, 0.5, 0.0, 0.0, 0.0, 0.0, 1.0 ], [ -1.0, 0.0, 0.0, 0.0, 0.0, -1.0, 0.0, 0.0, 0.0, 0.0, 1.0, 0.0, 0.0, 0.0, 0.0, 1.0 ], [ 0.0, 0.0, -1.0, 0.0, -1.0, 0.0, 0.0, 0.0, 0.0, 1.0, 0.0, 0.0, 0.0, 0.0, 0.0, 1.0 ], [ 0.0, -1.0, 0.0, 0.0, 0.0, 0.0, -1.0, 0.0, 1.0, 0.0, 0.0, 0.0, 0.0, 0.0, 0.0, 1.0 ], [ -0.809017, -0.309017, -0.5, 0.0, -0.309017, -0.5, 0.809017, 0.0, -0.5, 0.809017, 0.309017, 0.0, 0.0, 0.0, 0.0, 1.0 ], [ 0.5, -0.809017, -0.309017, 0.0, -0.809017, -0.309017, -0.5, 0.0, 0.309017, 0.5, -0.809017, 0.0, 0.0, 0.0, 0.0, 1.0 ], [ -0.309017, -0.5, 0.809017, 0.0, 0.5, -0.809017, -0.309017, 0.0, 0.809017, 0.309017, 0.5, 0.0, 0.0, 0.0, 0.0, 1.0 ], [ -0.5, -0.809017, -0.309017, 0.0, -0.809017, 0.309017, 0.5, 0.0, -0.309017, 0.5, -0.809017, 0.0, 0.0, 0.0, 0.0, 1.0 ], [ 0.309017, -0.5, 0.809017, 0.0, -0.5, -0.809017, -0.309017, 0.0, 0.809017, -0.309017, -0.5, 0.0, 0.0, 0.0, 0.0, 1.0 ], [ -0.809017, 0.309017, 0.5, 0.0, 0.309017, -0.5, 0.809017, 0.0, 0.5, 0.809017, 0.309017, 0.0, 0.0, 0.0, 0.0, 1.0 ], [ -0.5, -0.809017, 0.309017, 0.0, -0.809017, 0.309017, -0.5, 0.0, 0.309017, -0.5, -0.809017, 0.0, 0.0, 0.0, 0.0, 1.0 ], [ -0.309017, 0.5, 0.809017, 0.0, -0.5, -0.809017, 0.309017, 0.0, 0.809017, -0.309017, 0.5, 0.0, 0.0, 0.0, 0.0, 1.0 ], [ -0.809017, 0.309017, -0.5, 0.0, -0.309017, 0.5, 0.809017, 0.0, 0.5, 0.809017, -0.309017, 0.0, 0.0, 0.0, 0.0, 1.0 ], [ -0.809017, -0.309017, 0.5, 0.0, -0.309017, -0.5, -0.809017, 0.0, 0.5, -0.809017, 0.309017, 0.0, 0.0, 0.0, 0.0, 1.0 ], [ -0.5, 0.809017, -0.309017, 0.0, -0.809017, -0.309017, 0.5, 0.0, 0.309017, 0.5, 0.809017, 0.0, 0.0, 0.0, 0.0, 1.0 ], [ -0.309017, -0.5, -0.809017, 0.0, -0.5, 0.809017, -0.309017, 0.0, 0.809017, 0.309017, -0.5, 0.0, 0.0, 0.0, 0.0, 1.0 ], [ -1.0, 0.0, 0.0, 0.0, 0.0, 1.0, 0.0, 0.0, 0.0, 0.0, -1.0, 0.0, 0.0, 0.0, 0.0, 1.0 ], [ 0.0, 0.0, -1.0, 0.0, 1.0, 0.0, 0.0, 0.0, 0.0, -1.0, 0.0, 0.0, 0.0, 0.0, 0.0, 1.0 ], [ 0.0, -1.0, 0.0, 0.0, 0.0, 0.0, 1.0, 0.0, -1.0, 0.0, 0.0, 0.0, 0.0, 0.0, 0.0, 1.0 ], [ -0.809017, -0.309017, -0.5, 0.0, 0.309017, 0.5, -0.809017, 0.0, 0.5, -0.809017, -0.309017, 0.0, 0.0, 0.0, 0.0, 1.0 ], [ 0.5, -0.809017, -0.309017, 0.0, 0.809017, 0.309017, 0.5, 0.0, -0.309017, -0.5, 0.809017, 0.0, 0.0, 0.0, 0.0, 1.0 ], [ -0.309017, -0.5, 0.809017, 0.0, -0.5, 0.809017, 0.309017, 0.0, -0.809017, -0.309017, -0.5, 0.0, 0.0, 0.0, 0.0, 1.0 ], [ -0.5, -0.809017, -0.309017, 0.0, 0.809017, -0.309017, -0.5, 0.0, 0.309017, -0.5, 0.809017, 0.0, 0.0, 0.0, 0.0, 1.0 ], [ 0.309017, -0.5, 0.809017, 0.0, 0.5, 0.809017, 0.309017, 0.0, -0.809017, 0.309017, 0.5, 0.0, 0.0, 0.0, 0.0, 1.0 ], [ -0.809017, 0.309017, 0.5, 0.0, -0.309017, 0.5, -0.809017, 0.0, -0.5, -0.809017, -0.309017, 0.0, 0.0, 0.0, 0.0, 1.0 ], [ -0.5, -0.809017, 0.309017, 0.0, 0.809017, -0.309017, 0.5, 0.0, -0.309017, 0.5, 0.809017, 0.0, 0.0, 0.0, 0.0, 1.0 ], [ -0.309017, 0.5, 0.809017, 0.0, 0.5, 0.809017, -0.309017, 0.0, -0.809017, 0.309017, -0.5, 0.0, 0.0, 0.0, 0.0, 1.0 ], [ -0.809017, 0.309017, -0.5, 0.0, 0.309017, -0.5, -0.809017, 0.0, -0.5, -0.809017, 0.309017, 0.0, 0.0, 0.0, 0.0, 1.0 ], [ -0.809017, -0.309017, 0.5, 0.0, 0.309017, 0.5, 0.809017, 0.0, -0.5, 0.809017, -0.309017, 0.0, 0.0, 0.0, 0.0, 1.0 ], [ -0.5, 0.809017, -0.309017, 0.0, 0.809017, 0.309017, -0.5, 0.0, -0.309017, -0.5, -0.809017, 0.0, 0.0, 0.0, 0.0, 1.0 ], [ -0.309017, -0.5, -0.809017, 0.0, 0.5, -0.809017, 0.309017, 0.0, -0.809017, -0.309017, 0.5, 0.0, 0.0, 0.0, 0.0, 1.0 ] ],
  "lights" : {
    "directionalLights" : [ {
      "direction" : [ 1.0, -1.0, -1.0 ],
      "color" : "#EBEBE4"
    }, {
      "direction" : [ -1.0, 0.0, 0.0 ],
      "color" : "#E4E4EB"
    }, {
      "direction" : [ 0.0, 0.0, -1.0 ],
      "color" : "#1E1E1E"
    } ],
    "ambientColor" : "#292929",
    "backgroundColor" : "#AFC8DC"
  },
  "camera" : {
    "position" : {
      "x" : 192.66888,
      "y" : -176.8163,
      "z" : -56.00522
    },
    "perspective" : true,
    "fieldOfView" : 0.44262886,
    "width" : 120.34609,
    "lookAtPoint" : {
      "x" : 0.0,
      "y" : 0.0,
      "z" : 0.0
    },
    "upDirection" : {
      "x" : 0.14198484,
      "y" : -0.15495354,
      "z" : 0.9776654
    },
    "stereo" : false,
    "viewDistance" : 267.43576,
    "lookAtPointRV" : {
      "x" : 0.0,
      "y" : 0.0,
      "z" : 0.0,
      "zero" : true
    },
    "lookDirectionRV" : {
      "x" : -0.7204305,
      "y" : 0.66115427,
      "z" : 0.2094156,
      "zero" : false
    },
    "upDirectionRV" : {
      "x" : 0.14198484,
      "y" : -0.15495354,
      "z" : 0.9776654,
      "zero" : false
    },
    "lookDirection" : {
      "x" : -0.7204305,
      "y" : 0.66115427,
      "z" : 0.2094156
    },
    "nearClipDistance" : 0.24762571,
    "farClipDistance" : 534.8715
  },
  "embedding" : [ 1.0, 0.0, 0.0, 0.0, 0.0, 1.0, 0.0, 0.0, 0.0, 0.0, 1.0, 0.0, 0.0, 0.0, 0.0, 1.0 ],
  "shapes" : [ {
    "id" : "422c323d-8418-4e6a-9b58-5c526ac2650b",
    "orbit" : "blue",
    "orbitC" : "[[0,0,1],[0,0,1]]",
    "length" : "[1,0,1]",
    "name" : "b1",
    "vertices" : [ {
      "x" : 7.472136,
      "y" : 0.309017,
      "z" : 0.19098301
    }, {
      "x" : 7.472136,
      "y" : 0.309017,
      "z" : -0.19098301
    }, {
      "x" : 1.0,
      "y" : 0.309017,
      "z" : -0.19098301
    }, {
      "x" : 1.0,
      "y" : 0.309017,
      "z" : 0.19098301
    }, {
      "x" : 7.472136,
      "y" : -0.309017,
      "z" : 0.19098301
    }, {
      "x" : 1.0,
      "y" : -0.309017,
      "z" : 0.19098301
    }, {
      "x" : 1.0,
      "y" : -0.309017,
      "z" : -0.19098301
    }, {
      "x" : 7.472136,
      "y" : -0.309017,
      "z" : -0.19098301
    }, {
      "x" : 8.472136,
      "y" : 0.0,
      "z" : 0.0
    } ],
    "faces" : [ {
      "vertices" : [ 1, 7, 6, 2 ]
    }, {
      "vertices" : [ 0, 1, 2, 3 ]
    }, {
      "vertices" : [ 4, 5, 6, 7 ]
    }, {
      "vertices" : [ 0, 3, 5, 4 ]
    } ]
  }, {
    "id" : "43adf555-397f-4b83-926a-bf45ad34f4d1",
    "orbit" : "green",
    "orbitC" : "[[2,-1,1],[5,-3,1]]",
    "length" : "[1,0,1]",
    "name" : "g1",
    "vertices" : [ {
      "x" : 9.376644,
      "y" : 3.3905764,
      "z" : -1.486068
    }, {
      "x" : 10.399187,
      "y" : 3.427051,
      "z" : -1.618034
    }, {
      "x" : 9.376644,
      "y" : 3.3905764,
      "z" : -1.104102
    }, {
      "x" : 9.185661,
      "y" : 3.6995935,
      "z" : -1.604102
    }, {
      "x" : 9.185661,
      "y" : 3.6995935,
      "z" : -1.2221359
    }, {
      "x" : 0.809017,
      "y" : 0.618034,
      "z" : 0.309017
    }, {
      "x" : 1.0,
      "y" : 0.309017,
      "z" : 0.19098301
    }, {
      "x" : 1.9045085,
      "y" : 0.5364745,
      "z" : -0.013932022
    }, {
      "x" : 10.09017,
      "y" : 3.927051,
      "z" : -1.809017
    }, {
      "x" : 10.281153,
      "y" : 3.618034,
      "z" : -1.927051
    }, {
      "x" : 10.281153,
      "y" : 3.618034,
      "z" : -1.309017
    }, {
      "x" : 10.09017,
      "y" : 3.927051,
      "z" : -1.427051
    }, {
      "x" : 1.7135255,
      "y" : 0.8454915,
      "z" : -0.13196601
    }, {
      "x" : 0.690983,
      "y" : 0.809017,
      "z" : 0.0
    }, {
      "x" : 1.9045085,
      "y" : 0.5364745,
      "z" : -0.39589804
    }, {
      "x" : 1.7135255,
      "y" : 0.8454915,
      "z" : -0.51393205
    }, {
      "x" : 0.809017,
      "y" : 0.618034,
      "z" : -0.309017
    }, {
      "x" : 1.0,
      "y" : 0.309017,
      "z" : -0.19098301
    }, {
      "x" : 11.09017,
      "y" : 4.236068,
      "z" : -1.618034
    } ],
    "faces" : [ {
      "vertices" : [ 0, 14, 15, 3 ]
    }, {
      "vertices" : [ 3, 15, 12, 4 ]
    }, {
      "vertices" : [ 0, 1, 2 ]
    }, {
      "vertices" : [ 12, 15, 13 ]
    }, {
      "vertices" : [ 0, 9, 1 ]
    }, {
      "vertices" : [ 0, 3, 9 ]
    }, {
      "vertices" : [ 13, 15, 16 ]
    }, {
      "vertices" : [ 6, 17, 14, 7 ]
    }, {
      "vertices" : [ 1, 10, 2 ]
    }, {
      "vertices" : [ 5, 6, 7 ]
    }, {
      "vertices" : [ 3, 8, 9 ]
    }, {
      "vertices" : [ 0, 2, 7, 14 ]
    }, {
      "vertices" : [ 5, 7, 12 ]
    }, {
      "vertices" : [ 2, 4, 12, 7 ]
    }, {
      "vertices" : [ 3, 4, 11, 8 ]
    }, {
      "vertices" : [ 2, 10, 11, 4 ]
    }, {
      "vertices" : [ 5, 12, 13 ]
    }, {
      "vertices" : [ 14, 17, 16, 15 ]
    } ]
  }, {
    "id" : "f96f3921-5ff3-40ed-a902-056c3792daa2",
    "name" : "ball",
    "vertices" : [ {
      "x" : 0.309017,
      "y" : -0.809017,
      "z" : 0.618034
    }, {
      "x" : 0.809017,
      "y" : -0.618034,
      "z" : 0.309017
    }, {
      "x" : 0.618034,
      "y" : -0.309017,
      "z" : 0.809017
    }, {
      "x" : 1.0,
      "y" : 0.309017,
      "z" : 0.19098301
    }, {
      "x" : 0.809017,
      "y" : 0.618034,
      "z" : 0.309017
    }, {
      "x" : 0.618034,
      "y" : 0.309017,
      "z" : 0.809017
    }, {
      "x" : 0.809017,
      "y" : 0.0,
      "z" : 0.690983
    }, {
      "x" : 0.19098301,
      "y" : -1.0,
      "z" : 0.309017
    }, {
      "x" : -0.19098301,
      "y" : -1.0,
      "z" : 0.309017
    }, {
      "x" : -0.19098301,
      "y" : -1.0,
      "z" : -0.309017
    }, {
      "x" : 0.19098301,
      "y" : -1.0,
      "z" : -0.309017
    }, {
      "x" : 1.0,
      "y" : -0.309017,
      "z" : -0.19098301
    }, {
      "x" : 0.809017,
      "y" : -0.618034,
      "z" : -0.309017
    }, {
      "x" : 0.618034,
      "y" : -0.309017,
      "z" : -0.809017
    }, {
      "x" : 0.809017,
      "y" : 0.0,
      "z" : -0.690983
    }, {
      "x" : 0.0,
      "y" : 0.690983,
      "z" : -0.809017
    }, {
      "x" : 0.309017,
      "y" : 0.809017,
      "z" : -0.618034
    }, {
      "x" : 0.618034,
      "y" : 0.309017,
      "z" : -0.809017
    }, {
      "x" : 0.309017,
      "y" : 0.19098301,
      "z" : -1.0
    }, {
      "x" : 1.0,
      "y" : 0.309017,
      "z" : -0.19098301
    }, {
      "x" : -0.309017,
      "y" : -0.809017,
      "z" : 0.618034
    }, {
      "x" : 0.0,
      "y" : -0.690983,
      "z" : 0.809017
    }, {
      "x" : 0.809017,
      "y" : 0.618034,
      "z" : -0.309017
    }, {
      "x" : 0.690983,
      "y" : 0.809017,
      "z" : 0.0
    }, {
      "x" : -0.690983,
      "y" : 0.809017,
      "z" : 0.0
    }, {
      "x" : -0.809017,
      "y" : 0.618034,
      "z" : 0.309017
    }, {
      "x" : -0.309017,
      "y" : 0.809017,
      "z" : 0.618034
    }, {
      "x" : -0.19098301,
      "y" : 1.0,
      "z" : 0.309017
    }, {
      "x" : 0.309017,
      "y" : -0.19098301,
      "z" : -1.0
    }, {
      "x" : 0.19098301,
      "y" : 1.0,
      "z" : 0.309017
    }, {
      "x" : 0.309017,
      "y" : 0.809017,
      "z" : 0.618034
    }, {
      "x" : -0.809017,
      "y" : -0.618034,
      "z" : 0.309017
    }, {
      "x" : -0.690983,
      "y" : -0.809017,
      "z" : 0.0
    }, {
      "x" : 0.0,
      "y" : 0.690983,
      "z" : 0.809017
    }, {
      "x" : 0.309017,
      "y" : -0.809017,
      "z" : -0.618034
    }, {
      "x" : 0.0,
      "y" : -0.690983,
      "z" : -0.809017
    }, {
      "x" : -1.0,
      "y" : 0.309017,
      "z" : 0.19098301
    }, {
      "x" : -0.809017,
      "y" : 0.0,
      "z" : 0.690983
    }, {
      "x" : -0.618034,
      "y" : 0.309017,
      "z" : 0.809017
    }, {
      "x" : 1.0,
      "y" : -0.309017,
      "z" : 0.19098301
    }, {
      "x" : -0.309017,
      "y" : -0.809017,
      "z" : -0.618034
    }, {
      "x" : -1.0,
      "y" : 0.309017,
      "z" : -0.19098301
    }, {
      "x" : -1.0,
      "y" : -0.309017,
      "z" : -0.19098301
    }, {
      "x" : -1.0,
      "y" : -0.309017,
      "z" : 0.19098301
    }, {
      "x" : 0.19098301,
      "y" : 1.0,
      "z" : -0.309017
    }, {
      "x" : -0.809017,
      "y" : 0.618034,
      "z" : -0.309017
    }, {
      "x" : -0.19098301,
      "y" : 1.0,
      "z" : -0.309017
    }, {
      "x" : -0.309017,
      "y" : 0.809017,
      "z" : -0.618034
    }, {
      "x" : -0.618034,
      "y" : -0.309017,
      "z" : 0.809017
    }, {
      "x" : 0.309017,
      "y" : 0.19098301,
      "z" : 1.0
    }, {
      "x" : -0.309017,
      "y" : 0.19098301,
      "z" : -1.0
    }, {
      "x" : -0.309017,
      "y" : 0.19098301,
      "z" : 1.0
    }, {
      "x" : -0.309017,
      "y" : -0.19098301,
      "z" : 1.0
    }, {
      "x" : 0.309017,
      "y" : -0.19098301,
      "z" : 1.0
    }, {
      "x" : 0.690983,
      "y" : -0.809017,
      "z" : 0.0
    }, {
      "x" : -0.809017,
      "y" : 0.0,
      "z" : -0.690983
    }, {
      "x" : -0.618034,
      "y" : -0.309017,
      "z" : -0.809017
    }, {
      "x" : -0.309017,
      "y" : -0.19098301,
      "z" : -1.0
    }, {
      "x" : -0.618034,
      "y" : 0.309017,
      "z" : -0.809017
    }, {
      "x" : -0.809017,
      "y" : -0.618034,
      "z" : -0.309017
    } ],
    "faces" : [ {
      "vertices" : [ 9, 40, 35, 34, 10 ]
    }, {
      "vertices" : [ 0, 1, 2 ]
    }, {
      "vertices" : [ 33, 51, 49 ]
    }, {
      "vertices" : [ 25, 36, 37, 38 ]
    }, {
      "vertices" : [ 41, 55, 42 ]
    }, {
      "vertices" : [ 9, 32, 59, 40 ]
    }, {
      "vertices" : [ 20, 21, 52, 48 ]
    }, {
      "vertices" : [ 26, 33, 30, 29, 27 ]
    }, {
      "vertices" : [ 3, 4, 5, 6 ]
    }, {
      "vertices" : [ 27, 29, 44, 46 ]
    }, {
      "vertices" : [ 50, 57, 56, 55, 58 ]
    }, {
      "vertices" : [ 26, 38, 51, 33 ]
    }, {
      "vertices" : [ 45, 47, 58 ]
    }, {
      "vertices" : [ 18, 28, 57, 50 ]
    }, {
      "vertices" : [ 40, 59, 56 ]
    }, {
      "vertices" : [ 31, 48, 37, 43 ]
    }, {
      "vertices" : [ 7, 8, 9, 10 ]
    }, {
      "vertices" : [ 36, 41, 42, 43 ]
    }, {
      "vertices" : [ 24, 46, 47, 45 ]
    }, {
      "vertices" : [ 4, 30, 5 ]
    }, {
      "vertices" : [ 15, 47, 46, 44, 16 ]
    }, {
      "vertices" : [ 15, 50, 58, 47 ]
    }, {
      "vertices" : [ 24, 45, 41, 36, 25 ]
    }, {
      "vertices" : [ 11, 14, 19 ]
    }, {
      "vertices" : [ 3, 6, 39 ]
    }, {
      "vertices" : [ 1, 39, 6, 2 ]
    }, {
      "vertices" : [ 8, 32, 9 ]
    }, {
      "vertices" : [ 11, 12, 13, 14 ]
    }, {
      "vertices" : [ 16, 22, 17 ]
    }, {
      "vertices" : [ 0, 21, 20, 8, 7 ]
    }, {
      "vertices" : [ 12, 34, 13 ]
    }, {
      "vertices" : [ 35, 40, 56, 57 ]
    }, {
      "vertices" : [ 0, 7, 54, 1 ]
    }, {
      "vertices" : [ 15, 16, 17, 18 ]
    }, {
      "vertices" : [ 3, 19, 22, 23, 4 ]
    }, {
      "vertices" : [ 7, 10, 54 ]
    }, {
      "vertices" : [ 41, 45, 58, 55 ]
    }, {
      "vertices" : [ 3, 39, 11, 19 ]
    }, {
      "vertices" : [ 14, 17, 22, 19 ]
    }, {
      "vertices" : [ 0, 2, 53, 21 ]
    }, {
      "vertices" : [ 49, 51, 52, 53 ]
    }, {
      "vertices" : [ 31, 43, 42, 59, 32 ]
    }, {
      "vertices" : [ 15, 18, 50 ]
    }, {
      "vertices" : [ 42, 55, 56, 59 ]
    }, {
      "vertices" : [ 4, 23, 29, 30 ]
    }, {
      "vertices" : [ 25, 38, 26 ]
    }, {
      "vertices" : [ 13, 28, 18, 17, 14 ]
    }, {
      "vertices" : [ 8, 20, 31, 32 ]
    }, {
      "vertices" : [ 23, 44, 29 ]
    }, {
      "vertices" : [ 24, 27, 46 ]
    }, {
      "vertices" : [ 37, 48, 52, 51, 38 ]
    }, {
      "vertices" : [ 20, 48, 31 ]
    }, {
      "vertices" : [ 24, 25, 26, 27 ]
    }, {
      "vertices" : [ 16, 44, 23, 22 ]
    }, {
      "vertices" : [ 13, 34, 35, 28 ]
    }, {
      "vertices" : [ 10, 34, 12, 54 ]
    }, {
      "vertices" : [ 2, 6, 5, 49, 53 ]
    }, {
      "vertices" : [ 36, 43, 37 ]
    }, {
      "vertices" : [ 5, 30, 33, 49 ]
    }, {
      "vertices" : [ 1, 54, 12, 11, 39 ]
    }, {
      "vertices" : [ 28, 35, 57 ]
    }, {
      "vertices" : [ 21, 53, 52 ]
    } ]
  } ],
  "instances" : [ {
    "shape" : "422c323d-8418-4e6a-9b58-5c526ac2650b",
    "color" : "#007695",
    "position" : {
      "x" : 8.472136,
      "y" : 8.472136,
      "z" : -8.472136
    },
    "orientation" : 16
  }, {
    "shape" : "43adf555-397f-4b83-926a-bf45ad34f4d1",
    "color" : "#008D36",
    "position" : {
      "x" : 0.0,
      "y" : 0.0,
      "z" : 0.0
    },
    "orientation" : 36
  }, {
    "shape" : "422c323d-8418-4e6a-9b58-5c526ac2650b",
    "color" : "#007695",
    "position" : {
      "x" : 0.0,
      "y" : 8.472136,
      "z" : 8.472136
    },
    "orientation" : 2
  }, {
    "shape" : "f96f3921-5ff3-40ed-a902-056c3792daa2",
    "color" : "#F2F2F2",
    "position" : {
      "x" : 16.944271,
      "y" : -8.472136,
      "z" : -8.472136
    }
  }, {
    "shape" : "f96f3921-5ff3-40ed-a902-056c3792daa2",
    "color" : "#F2F2F2",
    "position" : {
      "x" : -8.472136,
      "y" : 8.472136,
      "z" : 8.472136
    }
  }, {
    "shape" : "f96f3921-5ff3-40ed-a902-056c3792daa2",
    "color" : "#F2F2F2",
    "position" : {
      "x" : -8.472136,
      "y" : 16.944271,
      "z" : 8.472136
    }
  }, {
    "shape" : "422c323d-8418-4e6a-9b58-5c526ac2650b",
    "color" : "#007695",
    "position" : {
      "x" : -8.472136,
      "y" : 8.472136,
      "z" : 8.472136
    },
    "orientation" : 0
  }, {
    "shape" : "422c323d-8418-4e6a-9b58-5c526ac2650b",
    "color" : "#007695",
    "position" : {
      "x" : -8.472136,
      "y" : -8.472136,
      "z" : 0.0
    },
    "orientation" : 1
  }, {
    "shape" : "f96f3921-5ff3-40ed-a902-056c3792daa2",
    "color" : "#F2F2F2",
    "position" : {
      "x" : -8.472136,
      "y" : -16.944271,
      "z" : 0.0
    }
  }, {
    "shape" : "f96f3921-5ff3-40ed-a902-056c3792daa2",
    "color" : "#F2F2F2",
    "position" : {
      "x" : 8.472136,
      "y" : 8.472136,
      "z" : -16.944271
    }
  }, {
    "shape" : "f96f3921-5ff3-40ed-a902-056c3792daa2",
    "color" : "#F2F2F2",
    "position" : {
      "x" : -8.472136,
      "y" : 0.0,
      "z" : 0.0
    }
  }, {
    "shape" : "f96f3921-5ff3-40ed-a902-056c3792daa2",
    "color" : "#F2F2F2",
    "position" : {
      "x" : 0.0,
      "y" : 8.472136,
      "z" : 8.472136
    }
  }, {
    "shape" : "f96f3921-5ff3-40ed-a902-056c3792daa2",
    "color" : "#F2F2F2",
    "position" : {
      "x" : 8.472136,
      "y" : 8.472136,
      "z" : 16.944271
    }
  }, {
    "shape" : "f96f3921-5ff3-40ed-a902-056c3792daa2",
    "color" : "#F2F2F2",
    "position" : {
      "x" : -8.472136,
      "y" : -8.472136,
      "z" : 0.0
    }
  }, {
    "shape" : "43adf555-397f-4b83-926a-bf45ad34f4d1",
    "color" : "#008D36",
    "position" : {
      "x" : 0.0,
      "y" : 8.472136,
      "z" : 8.472136
    },
    "orientation" : 51
  }, {
    "shape" : "422c323d-8418-4e6a-9b58-5c526ac2650b",
    "color" : "#007695",
    "position" : {
      "x" : 8.472136,
      "y" : 8.472136,
      "z" : -16.944271
    },
    "orientation" : 2
  }, {
    "shape" : "f96f3921-5ff3-40ed-a902-056c3792daa2",
    "color" : "#F2F2F2",
    "position" : {
      "x" : 8.472136,
      "y" : 0.0,
      "z" : -8.472136
    }
  }, {
    "shape" : "422c323d-8418-4e6a-9b58-5c526ac2650b",
    "color" : "#007695",
    "position" : {
      "x" : -8.472136,
      "y" : -16.944271,
      "z" : 0.0
    },
    "orientation" : 2
  }, {
    "shape" : "43adf555-397f-4b83-926a-bf45ad34f4d1",
    "color" : "#008D36",
    "position" : {
      "x" : 0.0,
      "y" : 0.0,
      "z" : 0.0
    },
    "orientation" : 7
  }, {
    "shape" : "422c323d-8418-4e6a-9b58-5c526ac2650b",
    "color" : "#007695",
    "position" : {
      "x" : 8.472136,
      "y" : 0.0,
      "z" : -8.472136
    },
    "orientation" : 45
  }, {
    "shape" : "43adf555-397f-4b83-926a-bf45ad34f4d1",
    "color" : "#008D36",
    "position" : {
      "x" : 8.472136,
      "y" : 0.0,
      "z" : -8.472136
    },
    "orientation" : 52
  }, {
    "shape" : "f96f3921-5ff3-40ed-a902-056c3792daa2",
    "color" : "#F2F2F2",
    "position" : {
      "x" : 0.0,
      "y" : 0.0,
      "z" : 0.0
    }
  }, {
    "shape" : "f96f3921-5ff3-40ed-a902-056c3792daa2",
    "color" : "#F2F2F2",
    "position" : {
      "x" : 8.472136,
      "y" : 8.472136,
      "z" : -8.472136
    }
  }, {
    "shape" : "f96f3921-5ff3-40ed-a902-056c3792daa2",
    "color" : "#F2F2F2",
    "position" : {
      "x" : -8.472136,
      "y" : -16.944271,
      "z" : 8.472136
    }
  }, {
    "shape" : "422c323d-8418-4e6a-9b58-5c526ac2650b",
    "color" : "#007695",
    "position" : {
      "x" : 0.0,
      "y" : 8.472136,
      "z" : 8.472136
    },
    "orientation" : 47
  }, {
    "shape" : "f96f3921-5ff3-40ed-a902-056c3792daa2",
    "color" : "#F2F2F2",
    "position" : {
      "x" : 0.0,
      "y" : 0.0,
      "z" : -8.472136
    }
  }, {
    "shape" : "422c323d-8418-4e6a-9b58-5c526ac2650b",
    "color" : "#007695",
    "position" : {
      "x" : 8.472136,
      "y" : 0.0,
      "z" : -8.472136
    },
    "orientation" : 0
  }, {
    "shape" : "f96f3921-5ff3-40ed-a902-056c3792daa2",
    "color" : "#F2F2F2",
    "position" : {
      "x" : 0.0,
      "y" : 8.472136,
      "z" : 0.0
    }
  }, {
    "shape" : "422c323d-8418-4e6a-9b58-5c526ac2650b",
    "color" : "#007695",
    "position" : {
      "x" : 0.0,
      "y" : 0.0,
      "z" : 0.0
    },
    "orientation" : 1
  }, {
    "shape" : "f96f3921-5ff3-40ed-a902-056c3792daa2",
    "color" : "#F2F2F2",
    "position" : {
      "x" : -8.472136,
      "y" : -8.472136,
      "z" : -8.472136
    }
  }, {
    "shape" : "43adf555-397f-4b83-926a-bf45ad34f4d1",
    "color" : "#008D36",
    "position" : {
      "x" : 0.0,
      "y" : 8.472136,
      "z" : 8.472136
    },
    "orientation" : 8
  }, {
    "shape" : "43adf555-397f-4b83-926a-bf45ad34f4d1",
    "color" : "#008D36",
    "position" : {
      "x" : 0.0,
      "y" : 0.0,
      "z" : 0.0
    },
    "orientation" : 23
  }, {
    "shape" : "f96f3921-5ff3-40ed-a902-056c3792daa2",
    "color" : "#F2F2F2",
    "position" : {
      "x" : 16.944271,
      "y" : 0.0,
      "z" : -8.472136
    }
  }, {
    "shape" : "422c323d-8418-4e6a-9b58-5c526ac2650b",
    "color" : "#007695",
    "position" : {
      "x" : -8.472136,
      "y" : 0.0,
      "z" : 0.0
    },
    "orientation" : 0
  }, {
    "shape" : "43adf555-397f-4b83-926a-bf45ad34f4d1",
    "color" : "#008D36",
    "position" : {
      "x" : 8.472136,
      "y" : 0.0,
      "z" : -8.472136
    },
    "orientation" : 21
  }, {
    "shape" : "43adf555-397f-4b83-926a-bf45ad34f4d1",
    "color" : "#008D36",
    "position" : {
      "x" : -8.472136,
      "y" : -8.472136,
      "z" : 0.0
    },
    "orientation" : 53
  }, {
    "shape" : "422c323d-8418-4e6a-9b58-5c526ac2650b",
    "color" : "#007695",
    "position" : {
      "x" : 0.0,
      "y" : 8.472136,
      "z" : 16.944271
    },
    "orientation" : 0
  }, {
    "shape" : "422c323d-8418-4e6a-9b58-5c526ac2650b",
    "color" : "#007695",
    "position" : {
      "x" : -8.472136,
      "y" : -8.472136,
      "z" : 0.0
    },
    "orientation" : 16
  }, {
    "shape" : "422c323d-8418-4e6a-9b58-5c526ac2650b",
    "color" : "#007695",
    "position" : {
      "x" : 16.944271,
      "y" : 0.0,
      "z" : -8.472136
    },
    "orientation" : 16
  }, {
    "shape" : "422c323d-8418-4e6a-9b58-5c526ac2650b",
    "color" : "#007695",
    "position" : {
      "x" : 0.0,
      "y" : 0.0,
      "z" : 0.0
    },
    "orientation" : 47
  }, {
    "shape" : "422c323d-8418-4e6a-9b58-5c526ac2650b",
    "color" : "#007695",
    "position" : {
      "x" : -8.472136,
      "y" : 16.944271,
      "z" : 8.472136
    },
    "orientation" : 16
  }, {
    "shape" : "422c323d-8418-4e6a-9b58-5c526ac2650b",
    "color" : "#007695",
    "position" : {
      "x" : -8.472136,
      "y" : -8.472136,
      "z" : -8.472136
    },
    "orientation" : 2
  }, {
    "shape" : "f96f3921-5ff3-40ed-a902-056c3792daa2",
    "color" : "#F2F2F2",
    "position" : {
      "x" : -16.944271,
      "y" : -8.472136,
      "z" : -8.472136
    }
  }, {
    "shape" : "422c323d-8418-4e6a-9b58-5c526ac2650b",
    "color" : "#007695",
    "position" : {
      "x" : -16.944271,
      "y" : -8.472136,
      "z" : -8.472136
    },
    "orientation" : 0
  }, {
    "shape" : "43adf555-397f-4b83-926a-bf45ad34f4d1",
    "color" : "#008D36",
    "position" : {
      "x" : -8.472136,
      "y" : -8.472136,
      "z" : 0.0
    },
    "orientation" : 37
  }, {
    "shape" : "f96f3921-5ff3-40ed-a902-056c3792daa2",
    "color" : "#F2F2F2",
    "position" : {
      "x" : 0.0,
      "y" : 8.472136,
      "z" : 16.944271
    }
  } ],
  "scenes" : [ {
    "title" : "",
    "content" : "\n       ",
    "view" : {
      "position" : {
        "x" : 33.340794,
        "y" : -25.471735,
        "z" : 28.937338
      },
      "perspective" : true,
      "fieldOfView" : 0.44262886,
      "width" : 22.935822,
      "lookAtPoint" : {
        "x" : 0.0,
        "y" : 0.0,
        "z" : 0.0
      },
      "upDirection" : {
        "x" : -0.39144644,
        "y" : -0.8659664,
        "z" : -0.31124258
      },
      "stereo" : false,
      "viewDistance" : 50.968494,
      "lookAtPointRV" : {
        "x" : 0.0,
        "y" : 0.0,
        "z" : 0.0,
        "zero" : true
      },
      "lookDirectionRV" : {
        "x" : -0.6541452,
        "y" : 0.49975452,
        "z" : -0.5677495,
        "zero" : false
      },
      "upDirectionRV" : {
        "x" : -0.39144644,
        "y" : -0.8659664,
        "z" : -0.31124258,
        "zero" : false
      },
      "lookDirection" : {
        "x" : -0.6541452,
        "y" : 0.49975452,
        "z" : -0.5677495
      },
      "nearClipDistance" : 0.04719305,
      "farClipDistance" : 101.93699
    },
    "snapshot" : 4
  }, {
    "title" : "",
    "content" : "",
    "view" : {
      "position" : {
        "x" : 46.91203,
        "y" : -26.245882,
        "z" : 28.911243
      },
      "perspective" : true,
      "fieldOfView" : 0.4426289,
      "width" : 27.007074,
      "lookAtPoint" : {
        "x" : 7.5957975,
        "y" : -0.07028907,
        "z" : -8.115222
      },
      "upDirection" : {
        "x" : -0.33517364,
        "y" : -0.89957374,
        "z" : -0.28004593
      },
      "stereo" : false,
      "viewDistance" : 60.01572,
      "lookAtPointRV" : {
        "x" : 7.5957975,
        "y" : -0.07028907,
        "z" : -8.115222,
        "zero" : false
      },
      "lookDirectionRV" : {
        "x" : -0.65509886,
        "y" : 0.4361456,
        "z" : -0.6169461,
        "zero" : false
      },
      "upDirectionRV" : {
        "x" : -0.33517364,
        "y" : -0.89957374,
        "z" : -0.28004593,
        "zero" : false
      },
      "lookDirection" : {
        "x" : -0.65509886,
        "y" : 0.4361456,
        "z" : -0.6169461
      },
      "nearClipDistance" : 0.055570114,
      "farClipDistance" : 120.03144
    },
    "snapshot" : 4
  }, {
    "title" : "",
    "content" : "",
    "view" : {
      "position" : {
        "x" : 92.17034,
        "y" : -70.41639,
        "z" : 79.99702
      },
      "perspective" : true,
      "fieldOfView" : 0.4426289,
      "width" : 63.405884,
      "lookAtPoint" : {
        "x" : 0.0,
        "y" : 0.0,
        "z" : 0.0
      },
      "upDirection" : {
        "x" : -0.39144644,
        "y" : -0.8659664,
        "z" : -0.31124258
      },
      "stereo" : false,
      "viewDistance" : 140.90196,
      "lookAtPointRV" : {
        "x" : 0.0,
        "y" : 0.0,
        "z" : 0.0,
        "zero" : true
      },
      "lookDirectionRV" : {
        "x" : -0.6541452,
        "y" : 0.49975452,
        "z" : -0.5677495,
        "zero" : false
      },
      "upDirectionRV" : {
        "x" : -0.39144644,
        "y" : -0.8659664,
        "z" : -0.31124258,
        "zero" : false
      },
      "lookDirection" : {
        "x" : -0.6541452,
        "y" : 0.49975452,
        "z" : -0.5677495
      },
      "nearClipDistance" : 0.13046478,
      "farClipDistance" : 281.80392
    },
    "snapshot" : 4
  }, {
    "title" : "",
    "content" : "\n       ",
    "view" : {
      "position" : {
        "x" : 92.17034,
        "y" : -70.41639,
        "z" : 79.99702
      },
      "perspective" : true,
      "fieldOfView" : 0.4426289,
      "width" : 63.405884,
      "lookAtPoint" : {
        "x" : 0.0,
        "y" : 0.0,
        "z" : 0.0
      },
      "upDirection" : {
        "x" : -0.39144644,
        "y" : -0.8659664,
        "z" : -0.31124258
      },
      "stereo" : false,
      "viewDistance" : 140.90196,
      "lookAtPointRV" : {
        "x" : 0.0,
        "y" : 0.0,
        "z" : 0.0,
        "zero" : true
      },
      "lookDirectionRV" : {
        "x" : -0.6541452,
        "y" : 0.49975452,
        "z" : -0.5677495,
        "zero" : false
      },
      "upDirectionRV" : {
        "x" : -0.39144644,
        "y" : -0.8659664,
        "z" : -0.31124258,
        "zero" : false
      },
      "lookDirection" : {
        "x" : -0.6541452,
        "y" : 0.49975452,
        "z" : -0.5677495
      },
      "nearClipDistance" : 0.13046478,
      "farClipDistance" : 281.80392
    },
    "snapshot" : 3
  }, {
    "title" : "",
    "content" : "\n       ",
    "view" : {
      "position" : {
        "x" : -81.00238,
        "y" : -71.38348,
        "z" : 97.87503
      },
      "perspective" : true,
      "fieldOfView" : 0.44262886,
      "width" : 65.48227,
      "lookAtPoint" : {
        "x" : -0.81476235,
        "y" : 10.541345,
        "z" : 8.246783
      },
      "upDirection" : {
        "x" : -0.38479275,
        "y" : -0.4835177,
        "z" : -0.7862221
      },
      "stereo" : false,
      "viewDistance" : 145.51616,
      "lookAtPointRV" : {
        "x" : -0.81476235,
        "y" : 10.541345,
        "z" : 8.246783,
        "zero" : false
      },
      "lookDirectionRV" : {
        "x" : 0.55105644,
        "y" : 0.56299466,
        "z" : -0.6159333,
        "zero" : false
      },
      "upDirectionRV" : {
        "x" : -0.38479275,
        "y" : -0.4835177,
        "z" : -0.7862221,
        "zero" : false
      },
      "lookDirection" : {
        "x" : 0.55105644,
        "y" : 0.56299466,
        "z" : -0.6159333
      },
      "nearClipDistance" : 0.13473718,
      "farClipDistance" : 291.03232
    },
    "snapshot" : 2
  }, {
    "title" : "",
    "content" : "\n       ",
    "view" : {
      "position" : {
        "x" : 99.58874,
        "y" : -103.61229,
        "z" : 111.48865
      },
      "perspective" : true,
      "fieldOfView" : 0.44262886,
      "width" : 83.64125,
      "lookAtPoint" : {
        "x" : -1.9723179,
        "y" : 1.9812812,
        "z" : -2.8914282
      },
      "upDirection" : {
        "x" : -0.38192716,
        "y" : -0.82293886,
        "z" : -0.42059878
      },
      "stereo" : false,
      "viewDistance" : 185.86945,
      "lookAtPointRV" : {
        "x" : -1.9723179,
        "y" : 1.9812812,
        "z" : -2.8914282,
        "zero" : false
      },
      "lookDirectionRV" : {
        "x" : -0.54641074,
        "y" : 0.5681061,
        "z" : -0.61537856,
        "zero" : false
      },
      "upDirectionRV" : {
        "x" : -0.38192716,
        "y" : -0.82293886,
        "z" : -0.42059878,
        "zero" : false
      },
      "lookDirection" : {
        "x" : -0.54641074,
        "y" : 0.5681061,
        "z" : -0.61537856
      },
      "nearClipDistance" : 0.17210133,
      "farClipDistance" : 371.7389
    },
    "snapshot" : 1
  }, {
    "title" : "",
    "content" : "\n       ",
    "view" : {
      "position" : {
        "x" : 293.93607,
        "y" : -296.52655,
        "z" : 275.71674
      },
      "perspective" : true,
      "fieldOfView" : 0.44262886,
      "width" : 226.92282,
      "lookAtPoint" : {
        "x" : -1.9723179,
        "y" : 1.9812812,
        "z" : -2.8914282
      },
      "upDirection" : {
        "x" : -0.39971134,
        "y" : -0.80515367,
        "z" : -0.43813056
      },
      "stereo" : false,
      "viewDistance" : 504.27295,
      "lookAtPointRV" : {
        "x" : -1.9723179,
        "y" : 1.9812812,
        "z" : -2.8914282,
        "zero" : false
      },
      "lookDirectionRV" : {
        "x" : -0.586802,
        "y" : 0.59195685,
        "z" : -0.55249476,
        "zero" : false
      },
      "upDirectionRV" : {
        "x" : -0.39971134,
        "y" : -0.80515367,
        "z" : -0.43813056,
        "zero" : false
      },
      "lookDirection" : {
        "x" : -0.586802,
        "y" : 0.59195685,
        "z" : -0.55249476
      },
      "nearClipDistance" : 0.4669194,
      "farClipDistance" : 1008.5459
    },
    "snapshot" : 0
  } ],
  "snapshots" : [ [ {
    "shape" : "f96f3921-5ff3-40ed-a902-056c3792daa2",
    "color" : "#F2F2F2",
    "position" : {
      "x" : 25.416409,
      "y" : -16.944271,
      "z" : -25.416409
    },
    "orientation" : 0
  }, {
    "shape" : "43adf555-397f-4b83-926a-bf45ad34f4d1",
    "color" : "#008D36",
    "position" : {
      "x" : 67.777084,
      "y" : -33.888542,
      "z" : 0.0
    },
    "orientation" : 23
  }, {
    "shape" : "f96f3921-5ff3-40ed-a902-056c3792daa2",
    "color" : "#F2F2F2",
    "position" : {
      "x" : 76.24922,
      "y" : -25.416409,
      "z" : -16.944271
    },
    "orientation" : 0
  }, {
    "shape" : "f96f3921-5ff3-40ed-a902-056c3792daa2",
    "color" : "#F2F2F2",
    "position" : {
      "x" : 8.472136,
      "y" : 42.36068,
      "z" : -16.944271
    },
    "orientation" : 0
  }, {
    "shape" : "43adf555-397f-4b83-926a-bf45ad34f4d1",
    "color" : "#008D36",
    "position" : {
      "x" : 42.36068,
      "y" : 33.888542,
      "z" : -42.36068
    },
    "orientation" : 21
  }, {
    "shape" : "43adf555-397f-4b83-926a-bf45ad34f4d1",
    "color" : "#008D36",
    "position" : {
      "x" : 50.832817,
      "y" : 25.416409,
      "z" : 59.30495
    },
    "orientation" : 8
  }, {
    "shape" : "f96f3921-5ff3-40ed-a902-056c3792daa2",
    "color" : "#F2F2F2",
    "position" : {
      "x" : -16.944271,
      "y" : 25.416409,
      "z" : -42.36068
    },
    "orientation" : 0
  }, {
    "shape" : "f96f3921-5ff3-40ed-a902-056c3792daa2",
    "color" : "#F2F2F2",
    "position" : {
      "x" : -8.472136,
      "y" : -50.832817,
      "z" : 8.472136
    },
    "orientation" : 0
  }, {
    "shape" : "f96f3921-5ff3-40ed-a902-056c3792daa2",
    "color" : "#F2F2F2",
    "position" : {
      "x" : 0.0,
      "y" : -67.777084,
      "z" : -33.888542
    },
    "orientation" : 0
  }, {
    "shape" : "43adf555-397f-4b83-926a-bf45ad34f4d1",
    "color" : "#008D36",
    "position" : {
      "x" : 59.30495,
      "y" : 50.832817,
      "z" : 8.472136
    },
    "orientation" : 21
  }, {
    "shape" : "43adf555-397f-4b83-926a-bf45ad34f4d1",
    "color" : "#008D36",
    "position" : {
      "x" : 16.944271,
      "y" : -42.36068,
      "z" : 59.30495
    },
    "orientation" : 22
  }, {
    "shape" : "f96f3921-5ff3-40ed-a902-056c3792daa2",
    "color" : "#F2F2F2",
    "position" : {
      "x" : 25.416409,
      "y" : -50.832817,
      "z" : 42.36068
    },
    "orientation" : 0
  }, {
    "shape" : "f96f3921-5ff3-40ed-a902-056c3792daa2",
    "color" : "#F2F2F2",
    "position" : {
      "x" : -8.472136,
      "y" : 25.416409,
      "z" : 33.888542
    },
    "orientation" : 0
  }, {
    "shape" : "f96f3921-5ff3-40ed-a902-056c3792daa2",
    "color" : "#F2F2F2",
    "position" : {
      "x" : -16.944271,
      "y" : -42.36068,
      "z" : -42.36068
    },
    "orientation" : 0
  }, {
    "shape" : "43adf555-397f-4b83-926a-bf45ad34f4d1",
    "color" : "#008D36",
    "position" : {
      "x" : 0.0,
      "y" : -59.30495,
      "z" : -25.416409
    },
    "orientation" : 22
  }, {
    "shape" : "43adf555-397f-4b83-926a-bf45ad34f4d1",
    "color" : "#008D36",
    "position" : {
      "x" : 59.30495,
      "y" : 25.416409,
      "z" : 0.0
    },
    "orientation" : 6
  }, {
    "shape" : "43adf555-397f-4b83-926a-bf45ad34f4d1",
    "color" : "#008D36",
    "position" : {
      "x" : -50.832817,
      "y" : -50.832817,
      "z" : -16.944271
    },
    "orientation" : 23
  }, {
    "shape" : "f96f3921-5ff3-40ed-a902-056c3792daa2",
    "color" : "#F2F2F2",
    "position" : {
      "x" : 42.36068,
      "y" : 33.888542,
      "z" : 25.416409
    },
    "orientation" : 0
  }, {
    "shape" : "43adf555-397f-4b83-926a-bf45ad34f4d1",
    "color" : "#008D36",
    "position" : {
      "x" : 33.888542,
      "y" : -59.30495,
      "z" : -59.30495
    },
    "orientation" : 22
  }, {
    "shape" : "43adf555-397f-4b83-926a-bf45ad34f4d1",
    "color" : "#008D36",
    "position" : {
      "x" : -33.888542,
      "y" : -33.888542,
      "z" : 33.888542
    },
    "orientation" : 36
  }, {
    "shape" : "43adf555-397f-4b83-926a-bf45ad34f4d1",
    "color" : "#008D36",
    "position" : {
      "x" : -42.36068,
      "y" : -42.36068,
      "z" : 33.888542
    },
    "orientation" : 37
  }, {
    "shape" : "f96f3921-5ff3-40ed-a902-056c3792daa2",
    "color" : "#F2F2F2",
    "position" : {
      "x" : 16.944271,
