{
  "field" : "golden",
  "symmetry" : "icosahedral",
  "orientations" : [ [ 1.0, 0.0, 0.0, 0.0, 0.0, 1.0, 0.0, 0.0, 0.0, 0.0, 1.0, 0.0, 0.0, 0.0, 0.0, 1.0 ], [ 0.0, 0.0, 1.0, 0.0, 1.0, 0.0, 0.0, 0.0, 0.0, 1.0, 0.0, 0.0, 0.0, 0.0, 0.0, 1.0 ], [ 0.0, 1.0, 0.0, 0.0, 0.0, 0.0, 1.0, 0.0, 1.0, 0.0, 0.0, 0.0, 0.0, 0.0, 0.0, 1.0 ], [ 0.809017, 0.309017, 0.5, 0.0, 0.309017, 0.5, -0.809017, 0.0, -0.5, 0.809017, 0.309017, 0.0, 0.0, 0.0, 0.0, 1.0 ], [ -0.5, 0.809017, 0.309017, 0.0, 0.809017, 0.309017, 0.5, 0.0, 0.309017, 0.5, -0.809017, 0.0, 0.0, 0.0, 0.0, 1.0 ], [ 0.309017, 0.5, -0.809017, 0.0, -0.5, 0.809017, 0.309017, 0.0, 0.809017, 0.309017, 0.5, 0.0, 0.0, 0.0, 0.0, 1.0 ], [ 0.5, 0.809017, 0.309017, 0.0, 0.809017, -0.309017, -0.5, 0.0, -0.309017, 0.5, -0.809017, 0.0, 0.0, 0.0, 0.0, 1.0 ], [ -0.309017, 0.5, -0.809017, 0.0, 0.5, 0.809017, 0.309017, 0.0, 0.809017, -0.309017, -0.5, 0.0, 0.0, 0.0, 0.0, 1.0 ], [ 0.809017, -0.309017, -0.5, 0.0, -0.309017, 0.5, -0.809017, 0.0, 0.5, 0.809017, 0.309017, 0.0, 0.0, 0.0, 0.0, 1.0 ], [ 0.5, 0.809017, -0.309017, 0.0, 0.809017, -0.309017, 0.5, 0.0, 0.309017, -0.5, -0.809017, 0.0, 0.0, 0.0, 0.0, 1.0 ], [ 0.309017, -0.5, -0.809017, 0.0, 0.5, 0.809017, -0.309017, 0.0, 0.809017, -0.309017, 0.5, 0.0, 0.0, 0.0, 0.0, 1.0 ], [ 0.809017, -0.309017, 0.5, 0.0, 0.309017, -0.5, -0.809017, 0.0, 0.5, 0.809017, -0.309017, 0.0, 0.0, 0.0, 0.0, 1.0 ], [ 0.809017, 0.309017, -0.5, 0.0, 0.309017, 0.5, 0.809017, 0.0, 0.5, -0.809017, 0.309017, 0.0, 0.0, 0.0, 0.0, 1.0 ], [ 0.5, -0.809017, 0.309017, 0.0, 0.809017, 0.309017, -0.5, 0.0, 0.309017, 0.5, 0.809017, 0.0, 0.0, 0.0, 0.0, 1.0 ], [ 0.309017, 0.5, 0.809017, 0.0, 0.5, -0.809017, 0.309017, 0.0, 0.809017, 0.309017, -0.5, 0.0, 0.0, 0.0, 0.0, 1.0 ], [ 1.0, 0.0, 0.0, 0.0, 0.0, -1.0, 0.0, 0.0, 0.0, 0.0, -1.0, 0.0, 0.0, 0.0, 0.0, 1.0 ], [ 0.0, 0.0, 1.0, 0.0, -1.0, 0.0, 0.0, 0.0, 0.0, -1.0, 0.0, 0.0, 0.0, 0.0, 0.0, 1.0 ], [ 0.0, 1.0, 0.0, 0.0, 0.0, 0.0, -1.0, 0.0, -1.0, 0.0, 0.0, 0.0, 0.0, 0.0, 0.0, 1.0 ], [ 0.809017, 0.309017, 0.5, 0.0, -0.309017, -0.5, 0.809017, 0.0, 0.5, -0.809017, -0.309017, 0.0, 0.0, 0.0, 0.0, 1.0 ], [ -0.5, 0.809017, 0.309017, 0.0, -0.809017, -0.309017, -0.5, 0.0, -0.309017, -0.5, 0.809017, 0.0, 0.0, 0.0, 0.0, 1.0 ], [ 0.309017, 0.5, -0.809017, 0.0, 0.5, -0.809017, -0.309017, 0.0, -0.809017, -0.309017, -0.5, 0.0, 0.0, 0.0, 0.0, 1.0 ], [ 0.5, 0.809017, 0.309017, 0.0, -0.809017, 0.309017, 0.5, 0.0, 0.309017, -0.5, 0.809017, 0.0, 0.0, 0.0, 0.0, 1.0 ], [ -0.309017, 0.5, -0.809017, 0.0, -0.5, -0.809017, -0.309017, 0.0, -0.809017, 0.309017, 0.5, 0.0, 0.0, 0.0, 0.0, 1.0 ], [ 0.809017, -0.309017, -0.5, 0.0, 0.309017, -0.5, 0.809017, 0.0, -0.5, -0.809017, -0.309017, 0.0, 0.0, 0.0, 0.0, 1.0 ], [ 0.5, 0.809017, -0.309017, 0.0, -0.809017, 0.309017, -0.5, 0.0, -0.309017, 0.5, 0.809017, 0.0, 0.0, 0.0, 0.0, 1.0 ], [ 0.309017, -0.5, -0.809017, 0.0, -0.5, -0.809017, 0.309017, 0.0, -0.809017, 0.309017, -0.5, 0.0, 0.0, 0.0, 0.0, 1.0 ], [ 0.809017, -0.309017, 0.5, 0.0, -0.309017, 0.5, 0.809017, 0.0, -0.5, -0.809017, 0.309017, 0.0, 0.0, 0.0, 0.0, 1.0 ], [ 0.809017, 0.309017, -0.5, 0.0, -0.309017, -0.5, -0.809017, 0.0, -0.5, 0.809017, -0.309017, 0.0, 0.0, 0.0, 0.0, 1.0 ], [ 0.5, -0.809017, 0.309017, 0.0, -0.809017, -0.309017, 0.5, 0.0, -0.309017, -0.5, -0.809017, 0.0, 0.0, 0.0, 0.0, 1.0 ], [ 0.309017, 0.5, 0.809017, 0.0, -0.5, 0.809017, -0.309017, 0.0, -0.809017, -0.309017, 0.5, 0.0, 0.0, 0.0, 0.0, 1.0 ], [ -1.0, 0.0, 0.0, 0.0, 0.0, -1.0, 0.0, 0.0, 0.0, 0.0, 1.0, 0.0, 0.0, 0.0, 0.0, 1.0 ], [ 0.0, 0.0, -1.0, 0.0, -1.0, 0.0, 0.0, 0.0, 0.0, 1.0, 0.0, 0.0, 0.0, 0.0, 0.0, 1.0 ], [ 0.0, -1.0, 0.0, 0.0, 0.0, 0.0, -1.0, 0.0, 1.0, 0.0, 0.0, 0.0, 0.0, 0.0, 0.0, 1.0 ], [ -0.809017, -0.309017, -0.5, 0.0, -0.309017, -0.5, 0.809017, 0.0, -0.5, 0.809017, 0.309017, 0.0, 0.0, 0.0, 0.0, 1.0 ], [ 0.5, -0.809017, -0.309017, 0.0, -0.809017, -0.309017, -0.5, 0.0, 0.309017, 0.5, -0.809017, 0.0, 0.0, 0.0, 0.0, 1.0 ], [ -0.309017, -0.5, 0.809017, 0.0, 0.5, -0.809017, -0.309017, 0.0, 0.809017, 0.309017, 0.5, 0.0, 0.0, 0.0, 0.0, 1.0 ], [ -0.5, -0.809017, -0.309017, 0.0, -0.809017, 0.309017, 0.5, 0.0, -0.309017, 0.5, -0.809017, 0.0, 0.0, 0.0, 0.0, 1.0 ], [ 0.309017, -0.5, 0.809017, 0.0, -0.5, -0.809017, -0.309017, 0.0, 0.809017, -0.309017, -0.5, 0.0, 0.0, 0.0, 0.0, 1.0 ], [ -0.809017, 0.309017, 0.5, 0.0, 0.309017, -0.5, 0.809017, 0.0, 0.5, 0.809017, 0.309017, 0.0, 0.0, 0.0, 0.0, 1.0 ], [ -0.5, -0.809017, 0.309017, 0.0, -0.809017, 0.309017, -0.5, 0.0, 0.309017, -0.5, -0.809017, 0.0, 0.0, 0.0, 0.0, 1.0 ], [ -0.309017, 0.5, 0.809017, 0.0, -0.5, -0.809017, 0.309017, 0.0, 0.809017, -0.309017, 0.5, 0.0, 0.0, 0.0, 0.0, 1.0 ], [ -0.809017, 0.309017, -0.5, 0.0, -0.309017, 0.5, 0.809017, 0.0, 0.5, 0.809017, -0.309017, 0.0, 0.0, 0.0, 0.0, 1.0 ], [ -0.809017, -0.309017, 0.5, 0.0, -0.309017, -0.5, -0.809017, 0.0, 0.5, -0.809017, 0.309017, 0.0, 0.0, 0.0, 0.0, 1.0 ], [ -0.5, 0.809017, -0.309017, 0.0, -0.809017, -0.309017, 0.5, 0.0, 0.309017, 0.5, 0.809017, 0.0, 0.0, 0.0, 0.0, 1.0 ], [ -0.309017, -0.5, -0.809017, 0.0, -0.5, 0.809017, -0.309017, 0.0, 0.809017, 0.309017, -0.5, 0.0, 0.0, 0.0, 0.0, 1.0 ], [ -1.0, 0.0, 0.0, 0.0, 0.0, 1.0, 0.0, 0.0, 0.0, 0.0, -1.0, 0.0, 0.0, 0.0, 0.0, 1.0 ], [ 0.0, 0.0, -1.0, 0.0, 1.0, 0.0, 0.0, 0.0, 0.0, -1.0, 0.0, 0.0, 0.0, 0.0, 0.0, 1.0 ], [ 0.0, -1.0, 0.0, 0.0, 0.0, 0.0, 1.0, 0.0, -1.0, 0.0, 0.0, 0.0, 0.0, 0.0, 0.0, 1.0 ], [ -0.809017, -0.309017, -0.5, 0.0, 0.309017, 0.5, -0.809017, 0.0, 0.5, -0.809017, -0.309017, 0.0, 0.0, 0.0, 0.0, 1.0 ], [ 0.5, -0.809017, -0.309017, 0.0, 0.809017, 0.309017, 0.5, 0.0, -0.309017, -0.5, 0.809017, 0.0, 0.0, 0.0, 0.0, 1.0 ], [ -0.309017, -0.5, 0.809017, 0.0, -0.5, 0.809017, 0.309017, 0.0, -0.809017, -0.309017, -0.5, 0.0, 0.0, 0.0, 0.0, 1.0 ], [ -0.5, -0.809017, -0.309017, 0.0, 0.809017, -0.309017, -0.5, 0.0, 0.309017, -0.5, 0.809017, 0.0, 0.0, 0.0, 0.0, 1.0 ], [ 0.309017, -0.5, 0.809017, 0.0, 0.5, 0.809017, 0.309017, 0.0, -0.809017, 0.309017, 0.5, 0.0, 0.0, 0.0, 0.0, 1.0 ], [ -0.809017, 0.309017, 0.5, 0.0, -0.309017, 0.5, -0.809017, 0.0, -0.5, -0.809017, -0.309017, 0.0, 0.0, 0.0, 0.0, 1.0 ], [ -0.5, -0.809017, 0.309017, 0.0, 0.809017, -0.309017, 0.5, 0.0, -0.309017, 0.5, 0.809017, 0.0, 0.0, 0.0, 0.0, 1.0 ], [ -0.309017, 0.5, 0.809017, 0.0, 0.5, 0.809017, -0.309017, 0.0, -0.809017, 0.309017, -0.5, 0.0, 0.0, 0.0, 0.0, 1.0 ], [ -0.809017, 0.309017, -0.5, 0.0, 0.309017, -0.5, -0.809017, 0.0, -0.5, -0.809017, 0.309017, 0.0, 0.0, 0.0, 0.0, 1.0 ], [ -0.809017, -0.309017, 0.5, 0.0, 0.309017, 0.5, 0.809017, 0.0, -0.5, 0.809017, -0.309017, 0.0, 0.0, 0.0, 0.0, 1.0 ], [ -0.5, 0.809017, -0.309017, 0.0, 0.809017, 0.309017, -0.5, 0.0, -0.309017, -0.5, -0.809017, 0.0, 0.0, 0.0, 0.0, 1.0 ], [ -0.309017, -0.5, -0.809017, 0.0, 0.5, -0.809017, 0.309017, 0.0, -0.809017, -0.309017, 0.5, 0.0, 0.0, 0.0, 0.0, 1.0 ] ],
  "lights" : {
    "ambientColor" : "#292929",
    "backgroundColor" : "#B2CDE6",
    "directionalLights" : [ {
      "direction" : {
        "x" : 1.0,
        "y" : -1.0,
        "z" : -1.0
      },
      "color" : "#EBEBE4"
    }, {
      "direction" : {
        "x" : -1.0,
        "y" : 0.0,
        "z" : 0.0
      },
      "color" : "#E4E4EB"
    }, {
      "direction" : {
        "x" : 0.0,
        "y" : 0.0,
        "z" : -1.0
      },
      "color" : "#1E1E1E"
    } ]
  },
  "camera" : {
    "perspective" : true,
    "viewDistance" : 278.35007,
    "nearClipDistance" : 0.69587487,
    "farClipDistance" : 556.69977,
    "lookAtPoint" : {
      "x" : 0.0,
      "y" : 0.0,
      "z" : 0.0
    },
    "fieldOfView" : 0.4426288,
    "lookDirection" : {
      "x" : -0.36438102,
      "y" : 0.9311762,
      "z" : 0.0117206955
    },
    "upDirection" : {
      "x" : -0.026414108,
      "y" : -0.022915456,
      "z" : 0.9993884
    },
    "width" : 125.2575,
    "stereo" : false,
    "position" : {
      "x" : 101.42548,
      "y" : -259.19296,
      "z" : -3.2624564
    }
  },
  "embedding" : [ 1.0, 0.0, 0.0, 0.0, 0.0, 1.0, 0.0, 0.0, 0.0, 0.0, 1.0, 0.0, 0.0, 0.0, 0.0, 1.0 ],
  "shapes" : [ {
    "id" : "5886d937-95d2-4728-9480-882fe587bab6",
    "vertices" : [ {
      "x" : 0.309017,
      "y" : -0.309017,
      "z" : -0.309017
    }, {
      "x" : 0.5,
      "y" : 0.0,
      "z" : -0.19098301
    }, {
      "x" : 0.5,
      "y" : 0.0,
      "z" : 0.19098301
    }, {
      "x" : 0.309017,
      "y" : -0.309017,
      "z" : 0.309017
    }, {
      "x" : 0.19098301,
      "y" : -0.5,
      "z" : 0.0
    }, {
      "x" : 0.0,
      "y" : 0.19098301,
      "z" : 0.5
    }, {
      "x" : 0.0,
      "y" : -0.19098301,
      "z" : 0.5
    }, {
      "x" : 0.309017,
      "y" : 0.309017,
      "z" : 0.309017
    }, {
      "x" : -0.309017,
      "y" : -0.309017,
      "z" : 0.309017
    }, {
      "x" : -0.309017,
      "y" : 0.309017,
      "z" : 0.309017
    }, {
      "x" : -0.5,
      "y" : 0.0,
      "z" : 0.19098301
    }, {
      "x" : 0.0,
      "y" : -0.19098301,
      "z" : -0.5
    }, {
      "x" : 0.0,
      "y" : 0.19098301,
      "z" : -0.5
    }, {
      "x" : 0.309017,
      "y" : 0.309017,
      "z" : -0.309017
    }, {
      "x" : -0.309017,
      "y" : -0.309017,
      "z" : -0.309017
    }, {
      "x" : -0.19098301,
      "y" : -0.5,
      "z" : 0.0
    }, {
      "x" : -0.5,
      "y" : 0.0,
      "z" : -0.19098301
    }, {
      "x" : 0.19098301,
      "y" : 0.5,
      "z" : 0.0
    }, {
      "x" : -0.309017,
      "y" : 0.309017,
      "z" : -0.309017
    }, {
      "x" : 0.0,
      "y" : 0.0,
      "z" : 0.0
    }, {
      "x" : -0.19098301,
      "y" : 0.5,
      "z" : 0.0
    } ],
    "faces" : [ {
      "vertices" : [ 12, 18, 20 ]
    }, {
      "vertices" : [ 12, 20, 17 ]
    }, {
      "vertices" : [ 12, 17, 13 ]
    }, {
      "vertices" : [ 3, 6, 8 ]
    }, {
      "vertices" : [ 3, 8, 15 ]
    }, {
      "vertices" : [ 3, 15, 4 ]
    }, {
      "vertices" : [ 0, 11, 12 ]
    }, {
      "vertices" : [ 0, 12, 13 ]
    }, {
      "vertices" : [ 0, 13, 1 ]
    }, {
      "vertices" : [ 5, 9, 10 ]
    }, {
      "vertices" : [ 5, 10, 8 ]
    }, {
      "vertices" : [ 5, 8, 6 ]
    }, {
      "vertices" : [ 2, 7, 5 ]
    }, {
      "vertices" : [ 2, 5, 6 ]
    }, {
      "vertices" : [ 2, 6, 3 ]
    }, {
      "vertices" : [ 11, 14, 16 ]
    }, {
      "vertices" : [ 11, 16, 18 ]
    }, {
      "vertices" : [ 11, 18, 12 ]
    }, {
      "vertices" : [ 1, 13, 17 ]
    }, {
      "vertices" : [ 1, 17, 7 ]
    }, {
      "vertices" : [ 1, 7, 2 ]
    }, {
      "vertices" : [ 9, 20, 18 ]
    }, {
      "vertices" : [ 9, 18, 16 ]
    }, {
      "vertices" : [ 9, 16, 10 ]
    }, {
      "vertices" : [ 0, 1, 2 ]
    }, {
      "vertices" : [ 0, 2, 3 ]
    }, {
      "vertices" : [ 0, 3, 4 ]
    }, {
      "vertices" : [ 5, 7, 17 ]
    }, {
      "vertices" : [ 5, 17, 20 ]
    }, {
      "vertices" : [ 5, 20, 9 ]
    }, {
      "vertices" : [ 0, 4, 15 ]
    }, {
      "vertices" : [ 0, 15, 14 ]
    }, {
      "vertices" : [ 0, 14, 11 ]
    }, {
      "vertices" : [ 8, 10, 16 ]
    }, {
      "vertices" : [ 8, 16, 14 ]
    }, {
      "vertices" : [ 8, 14, 15 ]
    } ]
  }, {
    "id" : "aa532ea9-5e66-4659-bc44-0e8b51f8c18c",
    "vertices" : [ {
      "x" : 1.0,
      "y" : 0.309017,
      "z" : 0.19098301
    }, {
      "x" : 1.0,
      "y" : -0.309017,
      "z" : 0.19098301
    }, {
      "x" : 7.944272,
      "y" : -0.309017,
      "z" : 0.19098301
    }, {
      "x" : 7.944272,
      "y" : 0.309017,
      "z" : 0.19098301
    }, {
      "x" : 7.944272,
      "y" : -0.309017,
      "z" : -0.19098301
    }, {
      "x" : 7.944272,
      "y" : 0.309017,
      "z" : -0.19098301
    }, {
      "x" : 8.562305,
      "y" : 0.0,
      "z" : 0.0
    }, {
      "x" : 0.38196602,
      "y" : 0.0,
      "z" : 0.0
    }, {
      "x" : 1.0,
      "y" : 0.309017,
      "z" : -0.19098301
    }, {
      "x" : 1.0,
      "y" : -0.309017,
      "z" : -0.19098301
    }, {
      "x" : 8.944272,
      "y" : 0.0,
      "z" : 0.0
    } ],
    "faces" : [ {
      "vertices" : [ 1, 9, 4 ]
    }, {
      "vertices" : [ 1, 4, 2 ]
    }, {
      "vertices" : [ 0, 3, 5 ]
    }, {
      "vertices" : [ 0, 5, 8 ]
    }, {
      "vertices" : [ 1, 7, 9 ]
    }, {
      "vertices" : [ 0, 1, 2 ]
    }, {
      "vertices" : [ 0, 2, 3 ]
    }, {
      "vertices" : [ 7, 8, 9 ]
    }, {
      "vertices" : [ 0, 7, 1 ]
    }, {
      "vertices" : [ 4, 9, 8 ]
    }, {
      "vertices" : [ 4, 8, 5 ]
    }, {
      "vertices" : [ 2, 6, 3 ]
    }, {
      "vertices" : [ 2, 4, 6 ]
    }, {
      "vertices" : [ 3, 6, 5 ]
    }, {
      "vertices" : [ 4, 5, 6 ]
    }, {
      "vertices" : [ 0, 8, 7 ]
    } ]
  }, {
    "id" : "fe29ca6c-4dc0-4226-8656-153c1c81227b",
    "vertices" : [ {
      "x" : 0.42705098,
      "y" : 1.381966,
      "z" : -0.309017
    }, {
      "x" : 1.190983,
      "y" : 5.854102,
      "z" : -0.309017
    }, {
      "x" : 1.190983,
      "y" : 5.854102,
      "z" : 0.309017
    }, {
      "x" : 0.42705098,
      "y" : 1.381966,
      "z" : 0.309017
    }, {
      "x" : 0.045084972,
      "y" : 1.381966,
      "z" : -0.309017
    }, {
      "x" : 0.809017,
      "y" : 5.854102,
      "z" : -0.309017
    }, {
      "x" : 0.090169944,
      "y" : 0.52786404,
      "z" : 0.0
    }, {
      "x" : 0.045084972,
      "y" : 1.381966,
      "z" : 0.309017
    }, {
      "x" : 0.809017,
      "y" : 5.854102,
      "z" : 0.309017
    }, {
      "x" : 1.145898,
      "y" : 6.708204,
      "z" : 0.0
    }, {
      "x" : 1.236068,
      "y" : 7.236068,
      "z" : 0.0
    } ],
    "faces" : [ {
      "vertices" : [ 3, 7, 6 ]
    }, {
      "vertices" : [ 4, 6, 7 ]
    }, {
      "vertices" : [ 2, 9, 8 ]
    }, {
      "vertices" : [ 2, 8, 7 ]
    }, {
      "vertices" : [ 2, 7, 3 ]
    }, {
      "vertices" : [ 0, 1, 2 ]
    }, {
      "vertices" : [ 0, 2, 3 ]
    }, {
      "vertices" : [ 5, 8, 9 ]
    }, {
      "vertices" : [ 4, 7, 8 ]
    }, {
      "vertices" : [ 4, 8, 5 ]
    }, {
      "vertices" : [ 0, 3, 6 ]
    }, {
      "vertices" : [ 0, 4, 5 ]
    }, {
      "vertices" : [ 0, 5, 1 ]
    }, {
      "vertices" : [ 0, 6, 4 ]
    }, {
      "vertices" : [ 1, 9, 2 ]
    }, {
      "vertices" : [ 1, 5, 9 ]
    } ]
  }, {
    "id" : "d04589ab-3a37-42f8-be37-722b18d643bb",
    "vertices" : [ {
      "x" : 6.236068,
      "y" : 6.045085,
      "z" : 1.118034
    }, {
      "x" : 1.0,
      "y" : 0.809017,
      "z" : -0.11803399
    }, {
      "x" : 0.5,
      "y" : 1.0,
      "z" : 0.19098301
    }, {
      "x" : 5.736068,
      "y" : 6.236068,
      "z" : 1.427051
    }, {
      "x" : 1.118034,
      "y" : 0.618034,
      "z" : 0.19098301
    }, {
      "x" : 6.354102,
      "y" : 5.854102,
      "z" : 1.427051
    }, {
      "x" : 6.545085,
      "y" : 6.545085,
      "z" : 1.545085
    }, {
      "x" : 5.854102,
      "y" : 6.045085,
      "z" : 1.736068
    }, {
      "x" : 0.618034,
      "y" : 0.809017,
      "z" : 0.5
    }, {
      "x" : 0.309017,
      "y" : 0.309017,
      "z" : 0.072949015
    }, {
      "x" : 6.854102,
      "y" : 6.854102,
      "z" : 1.618034
    } ],
    "faces" : [ {
      "vertices" : [ 3, 7, 6 ]
    }, {
      "vertices" : [ 5, 6, 7 ]
    }, {
      "vertices" : [ 2, 9, 8 ]
    }, {
      "vertices" : [ 2, 8, 7 ]
    }, {
      "vertices" : [ 2, 7, 3 ]
    }, {
      "vertices" : [ 4, 8, 9 ]
    }, {
      "vertices" : [ 0, 1, 2 ]
    }, {
      "vertices" : [ 0, 2, 3 ]
    }, {
      "vertices" : [ 4, 5, 7 ]
    }, {
      "vertices" : [ 4, 7, 8 ]
    }, {
      "vertices" : [ 0, 3, 6 ]
    }, {
      "vertices" : [ 0, 5, 4 ]
    }, {
      "vertices" : [ 0, 4, 1 ]
    }, {
      "vertices" : [ 0, 6, 5 ]
    }, {
      "vertices" : [ 1, 9, 2 ]
    }, {
      "vertices" : [ 1, 4, 9 ]
    } ]
  }, {
    "id" : "fe43cf99-eb63-4709-8da2-db4b94dca511",
    "vertices" : [ {
      "x" : -18.944271,
      "y" : -4.472136,
      "z" : 18.944271
    }, {
      "x" : -22.18034,
      "y" : -8.472136,
      "z" : 13.708204
    }, {
      "x" : -15.326238,
      "y" : -15.326238,
      "z" : 15.326238
    }, {
      "x" : -8.472136,
      "y" : -13.708204,
      "z" : 22.18034
    }, {
      "x" : -11.708204,
      "y" : -7.236068,
      "z" : 23.416409
    } ],
    "faces" : [ {
      "vertices" : [ 0, 1, 2 ]
    }, {
      "vertices" : [ 0, 2, 3 ]
    }, {
      "vertices" : [ 0, 3, 4 ]
    }, {
      "vertices" : [ 0, 4, 3 ]
    }, {
      "vertices" : [ 0, 3, 2 ]
    }, {
      "vertices" : [ 0, 2, 1 ]
    } ]
  }, {
    "id" : "43c25b8e-045e-4e99-8867-97388d41b55e",
    "vertices" : [ {
      "x" : 7.236068,
      "y" : -23.416409,
      "z" : 11.708204
    }, {
      "x" : 13.708204,
      "y" : -22.18034,
      "z" : 8.472136
    }, {
      "x" : 15.326238,
      "y" : -15.326238,
      "z" : 15.326238
    }, {
      "x" : 8.472136,
      "y" : -13.708204,
      "z" : 22.18034
    }, {
      "x" : 4.472136,
      "y" : -18.944271,
      "z" : 18.944271
    } ],
    "faces" : [ {
      "vertices" : [ 0, 1, 2 ]
    }, {
      "vertices" : [ 0, 2, 3 ]
    }, {
      "vertices" : [ 0, 3, 4 ]
    }, {
      "vertices" : [ 0, 4, 3 ]
    }, {
      "vertices" : [ 0, 3, 2 ]
    }, {
      "vertices" : [ 0, 2, 1 ]
    } ]
  }, {
    "id" : "ccd9bcc1-5b9a-40e9-a87c-518773834b06",
    "vertices" : [ {
      "x" : 0.0,
      "y" : -26.18034,
      "z" : 7.236068
    }, {
      "x" : 0.0,
      "y" : -27.416409,
      "z" : 0.0
    }, {
      "x" : 9.472136,
      "y" : -24.798374,
      "z" : 0.0
    }, {
      "x" : 13.708204,
      "y" : -22.18034,
      "z" : 8.472136
    }, {
      "x" : 7.236068,
      "y" : -23.416409,
      "z" : 11.708204
    } ],
    "faces" : [ {
      "vertices" : [ 0, 1, 2 ]
    }, {
      "vertices" : [ 0, 2, 3 ]
    }, {
      "vertices" : [ 0, 3, 4 ]
    }, {
      "vertices" : [ 0, 4, 3 ]
    }, {
      "vertices" : [ 0, 3, 2 ]
    }, {
      "vertices" : [ 0, 2, 1 ]
    } ]
  }, {
    "id" : "12cc6731-fbf8-4241-abfd-6c4da5398c89",
    "vertices" : [ {
      "x" : 4.472136,
      "y" : 18.944271,
      "z" : 18.944271
    }, {
      "x" : 8.472136,
      "y" : 13.708204,
      "z" : 22.18034
    }, {
      "x" : 15.326238,
      "y" : 15.326238,
      "z" : 15.326238
    }, {
      "x" : 13.708204,
      "y" : 22.18034,
      "z" : 8.472136
    }, {
      "x" : 7.236068,
      "y" : 23.416409,
      "z" : 11.708204
    } ],
    "faces" : [ {
      "vertices" : [ 0, 1, 2 ]
    }, {
      "vertices" : [ 0, 2, 3 ]
    }, {
      "vertices" : [ 0, 3, 4 ]
    }, {
      "vertices" : [ 0, 4, 3 ]
    }, {
      "vertices" : [ 0, 3, 2 ]
    }, {
      "vertices" : [ 0, 2, 1 ]
    } ]
  }, {
    "id" : "a1fc9848-383d-41dd-b795-a663fa704296",
    "vertices" : [ {
      "x" : 0.0,
      "y" : -26.18034,
      "z" : -7.236068
    }, {
      "x" : 0.0,
      "y" : -27.416409,
      "z" : 0.0
    }, {
      "x" : -9.472136,
      "y" : -24.798374,
      "z" : 0.0
    }, {
      "x" : -13.708204,
      "y" : -22.18034,
      "z" : -8.472136
    }, {
      "x" : -7.236068,
      "y" : -23.416409,
      "z" : -11.708204
    } ],
    "faces" : [ {
      "vertices" : [ 0, 1, 2 ]
    }, {
      "vertices" : [ 0, 2, 3 ]
    }, {
      "vertices" : [ 0, 3, 4 ]
    }, {
      "vertices" : [ 0, 4, 3 ]
    }, {
      "vertices" : [ 0, 3, 2 ]
    }, {
      "vertices" : [ 0, 2, 1 ]
    } ]
  }, {
    "id" : "83d3e9c3-eb6a-4a01-968f-70aaa3217b2a",
    "vertices" : [ {
      "x" : 11.708204,
      "y" : -7.236068,
      "z" : -23.416409
    }, {
      "x" : 8.472136,
      "y" : -13.708204,
      "z" : -22.18034
    }, {
      "x" : 0.0,
      "y" : -9.472136,
      "z" : -24.798374
    }, {
      "x" : 0.0,
      "y" : 0.0,
      "z" : -27.416409
    }, {
      "x" : 7.236068,
      "y" : 0.0,
      "z" : -26.18034
    } ],
    "faces" : [ {
      "vertices" : [ 0, 1, 2 ]
    }, {
      "vertices" : [ 0, 2, 3 ]
    }, {
      "vertices" : [ 0, 3, 4 ]
    }, {
      "vertices" : [ 0, 4, 3 ]
    }, {
      "vertices" : [ 0, 3, 2 ]
    }, {
      "vertices" : [ 0, 2, 1 ]
    } ]
  }, {
    "id" : "f108d434-8349-442c-ac52-4c0fa6f647b3",
    "vertices" : [ {
      "x" : 18.944271,
      "y" : -4.472136,
      "z" : 18.944271
    }, {
      "x" : 22.18034,
      "y" : -8.472136,
      "z" : 13.708204
    }, {
      "x" : 24.798374,
      "y" : 0.0,
      "z" : 9.472136
    }, {
      "x" : 22.18034,
      "y" : 8.472136,
      "z" : 13.708204
    }, {
      "x" : 18.944271,
      "y" : 4.472136,
      "z" : 18.944271
    } ],
    "faces" : [ {
      "vertices" : [ 0, 1, 2 ]
    }, {
      "vertices" : [ 0, 2, 3 ]
    }, {
      "vertices" : [ 0, 3, 4 ]
    }, {
      "vertices" : [ 0, 4, 3 ]
    }, {
      "vertices" : [ 0, 3, 2 ]
    }, {
      "vertices" : [ 0, 2, 1 ]
    } ]
  }, {
    "id" : "7d7a83df-12f0-4455-97eb-49f96727cefe",
    "vertices" : [ {
      "x" : -18.944271,
      "y" : 4.472136,
      "z" : -18.944271
    }, {
      "x" : -22.18034,
      "y" : 8.472136,
      "z" : -13.708204
    }, {
      "x" : -15.326238,
      "y" : 15.326238,
      "z" : -15.326238
    }, {
      "x" : -8.472136,
      "y" : 13.708204,
      "z" : -22.18034
    }, {
      "x" : -11.708204,
      "y" : 7.236068,
      "z" : -23.416409
    } ],
    "faces" : [ {
      "vertices" : [ 0, 1, 2 ]
    }, {
      "vertices" : [ 0, 2, 3 ]
    }, {
      "vertices" : [ 0, 3, 4 ]
    }, {
      "vertices" : [ 0, 4, 3 ]
    }, {
      "vertices" : [ 0, 3, 2 ]
    }, {
      "vertices" : [ 0, 2, 1 ]
    } ]
  }, {
    "id" : "cfc3b8e6-ca0b-4aee-a01c-655afb95b6bc",
    "vertices" : [ {
      "x" : -26.18034,
      "y" : 7.236068,
      "z" : 0.0
    }, {
      "x" : -27.416409,
      "y" : 0.0,
      "z" : 0.0
    }, {
      "x" : -24.798374,
      "y" : 0.0,
      "z" : 9.472136
    }, {
      "x" : -22.18034,
      "y" : 8.472136,
      "z" : 13.708204
    }, {
      "x" : -23.416409,
      "y" : 11.708204,
      "z" : 7.236068
    } ],
    "faces" : [ {
      "vertices" : [ 0, 1, 2 ]
    }, {
      "vertices" : [ 0, 2, 3 ]
    }, {
      "vertices" : [ 0, 3, 4 ]
    }, {
      "vertices" : [ 0, 4, 3 ]
    }, {
      "vertices" : [ 0, 3, 2 ]
    }, {
      "vertices" : [ 0, 2, 1 ]
    } ]
  }, {
    "id" : "1542bcbe-60c5-470f-aa63-4af07878575f",
    "vertices" : [ {
      "x" : -7.236068,
      "y" : -23.416409,
      "z" : 11.708204
    }, {
      "x" : -13.708204,
      "y" : -22.18034,
      "z" : 8.472136
    }, {
      "x" : -9.472136,
      "y" : -24.798374,
      "z" : 0.0
    }, {
      "x" : 0.0,
      "y" : -27.416409,
      "z" : 0.0
    }, {
      "x" : 0.0,
      "y" : -26.18034,
      "z" : 7.236068
    } ],
    "faces" : [ {
      "vertices" : [ 0, 1, 2 ]
    }, {
      "vertices" : [ 0, 2, 3 ]
    }, {
      "vertices" : [ 0, 3, 4 ]
    }, {
      "vertices" : [ 0, 4, 3 ]
    }, {
      "vertices" : [ 0, 3, 2 ]
    }, {
      "vertices" : [ 0, 2, 1 ]
    } ]
  }, {
    "id" : "62052333-4a9d-4321-8a1b-148ef74517fe",
    "vertices" : [ {
      "x" : 18.944271,
      "y" : 4.472136,
      "z" : 18.944271
    }, {
      "x" : 22.18034,
      "y" : 8.472136,
      "z" : 13.708204
    }, {
      "x" : 15.326238,
      "y" : 15.326238,
      "z" : 15.326238
    }, {
      "x" : 8.472136,
      "y" : 13.708204,
      "z" : 22.18034
    }, {
      "x" : 11.708204,
      "y" : 7.236068,
      "z" : 23.416409
    } ],
    "faces" : [ {
      "vertices" : [ 0, 1, 2 ]
    }, {
      "vertices" : [ 0, 2, 3 ]
    }, {
      "vertices" : [ 0, 3, 4 ]
    }, {
      "vertices" : [ 0, 4, 3 ]
    }, {
      "vertices" : [ 0, 3, 2 ]
    }, {
      "vertices" : [ 0, 2, 1 ]
    } ]
  }, {
    "id" : "1b7c5973-055d-4bf5-a67d-8f3fa90b7958",
    "vertices" : [ {
      "x" : -7.236068,
      "y" : -23.416409,
      "z" : -11.708204
    }, {
      "x" : -13.708204,
      "y" : -22.18034,
      "z" : -8.472136
    }, {
      "x" : -15.326238,
      "y" : -15.326238,
      "z" : -15.326238
    }, {
      "x" : -8.472136,
      "y" : -13.708204,
      "z" : -22.18034
    }, {
      "x" : -4.472136,
      "y" : -18.944271,
      "z" : -18.944271
    } ],
    "faces" : [ {
      "vertices" : [ 0, 1, 2 ]
    }, {
      "vertices" : [ 0, 2, 3 ]
    }, {
      "vertices" : [ 0, 3, 4 ]
    }, {
      "vertices" : [ 0, 4, 3 ]
    }, {
      "vertices" : [ 0, 3, 2 ]
    }, {
      "vertices" : [ 0, 2, 1 ]
    } ]
  }, {
    "id" : "19b3eb4b-98cd-466a-898b-72d02811ea7c",
    "vertices" : [ {
      "x" : 11.708204,
      "y" : 7.236068,
      "z" : 23.416409
    }, {
      "x" : 8.472136,
      "y" : 13.708204,
      "z" : 22.18034
    }, {
      "x" : 0.0,
      "y" : 9.472136,
      "z" : 24.798374
    }, {
      "x" : 0.0,
      "y" : 0.0,
      "z" : 27.416409
    }, {
      "x" : 7.236068,
      "y" : 0.0,
      "z" : 26.18034
    } ],
    "faces" : [ {
      "vertices" : [ 0, 1, 2 ]
    }, {
      "vertices" : [ 0, 2, 3 ]
    }, {
      "vertices" : [ 0, 3, 4 ]
    }, {
      "vertices" : [ 0, 4, 3 ]
    }, {
      "vertices" : [ 0, 3, 2 ]
    }, {
      "vertices" : [ 0, 2, 1 ]
    } ]
  }, {
    "id" : "724e5f81-eb1f-4ec8-830e-f5d51b72c69d",
    "vertices" : [ {
      "x" : -11.708204,
      "y" : -7.236068,
      "z" : -23.416409
    }, {
      "x" : -8.472136,
      "y" : -13.708204,
      "z" : -22.18034
    }, {
      "x" : -15.326238,
      "y" : -15.326238,
      "z" : -15.326238
    }, {
      "x" : -22.18034,
      "y" : -8.472136,
      "z" : -13.708204
    }, {
      "x" : -18.944271,
      "y" : -4.472136,
      "z" : -18.944271
    } ],
    "faces" : [ {
      "vertices" : [ 0, 1, 2 ]
    }, {
      "vertices" : [ 0, 2, 3 ]
    }, {
      "vertices" : [ 0, 3, 4 ]
    }, {
      "vertices" : [ 0, 4, 3 ]
    }, {
      "vertices" : [ 0, 3, 2 ]
    }, {
      "vertices" : [ 0, 2, 1 ]
    } ]
  }, {
    "id" : "67635753-0095-4d42-9b0d-41a669507947",
    "vertices" : [ {
      "x" : 7.236068,
      "y" : 0.0,
      "z" : -26.18034
    }, {
      "x" : 0.0,
      "y" : 0.0,
      "z" : -27.416409
    }, {
      "x" : 0.0,
      "y" : 9.472136,
      "z" : -24.798374
    }, {
      "x" : 8.472136,
      "y" : 13.708204,
      "z" : -22.18034
    }, {
      "x" : 11.708204,
      "y" : 7.236068,
      "z" : -23.416409
    } ],
    "faces" : [ {
      "vertices" : [ 0, 1, 2 ]
    }, {
      "vertices" : [ 0, 2, 3 ]
    }, {
      "vertices" : [ 0, 3, 4 ]
    }, {
      "vertices" : [ 0, 4, 3 ]
    }, {
      "vertices" : [ 0, 3, 2 ]
    }, {
      "vertices" : [ 0, 2, 1 ]
    } ]
  }, {
    "id" : "2d50c9b2-5fec-4847-be7d-798916c0b089",
    "vertices" : [ {
      "x" : 23.416409,
      "y" : -11.708204,
      "z" : 7.236068
    }, {
      "x" : 18.944271,
      "y" : -18.944271,
      "z" : 4.472136
    }, {
      "x" : 18.944271,
      "y" : -18.944271,
      "z" : -4.472136
    }, {
      "x" : 23.416409,
      "y" : -11.708204,
      "z" : -7.236068
    }, {
      "x" : 26.18034,
      "y" : -7.236068,
      "z" : 0.0
    } ],
    "faces" : [ {
      "vertices" : [ 0, 1, 2 ]
    }, {
      "vertices" : [ 0, 2, 3 ]
    }, {
      "vertices" : [ 0, 3, 4 ]
    }, {
      "vertices" : [ 0, 4, 3 ]
    }, {
      "vertices" : [ 0, 3, 2 ]
    }, {
      "vertices" : [ 0, 2, 1 ]
    } ]
  }, {
    "id" : "2b5a400d-64aa-4d7b-b71a-41f8b905942c",
    "vertices" : [ {
      "x" : 18.944271,
      "y" : -18.944271,
      "z" : 4.472136
    }, {
      "x" : 13.708204,
      "y" : -22.18034,
      "z" : 8.472136
    }, {
      "x" : 9.472136,
      "y" : -24.798374,
      "z" : 0.0
    }, {
      "x" : 13.708204,
      "y" : -22.18034,
      "z" : -8.472136
    }, {
      "x" : 18.944271,
      "y" : -18.944271,
      "z" : -4.472136
    } ],
    "faces" : [ {
      "vertices" : [ 0, 1, 2 ]
    }, {
      "vertices" : [ 0, 2, 3 ]
    }, {
      "vertices" : [ 0, 3, 4 ]
    }, {
      "vertices" : [ 0, 4, 3 ]
    }, {
      "vertices" : [ 0, 3, 2 ]
    }, {
      "vertices" : [ 0, 2, 1 ]
    } ]
  }, {
    "id" : "224a1aac-b76e-44a4-8a3d-a8b593ba286d",
    "vertices" : [ {
      "x" : 11.708204,
      "y" : 7.236068,
      "z" : -23.416409
    }, {
      "x" : 8.472136,
      "y" : 13.708204,
      "z" : -22.18034
    }, {
      "x" : 15.326238,
      "y" : 15.326238,
      "z" : -15.326238
    }, {
      "x" : 22.18034,
      "y" : 8.472136,
      "z" : -13.708204
    }, {
      "x" : 18.944271,
      "y" : 4.472136,
      "z" : -18.944271
    } ],
    "faces" : [ {
      "vertices" : [ 0, 1, 2 ]
    }, {
      "vertices" : [ 0, 2, 3 ]
    }, {
      "vertices" : [ 0, 3, 4 ]
    }, {
      "vertices" : [ 0, 4, 3 ]
    }, {
      "vertices" : [ 0, 3, 2 ]
    }, {
      "vertices" : [ 0, 2, 1 ]
    } ]
  }, {
    "id" : "e15ce182-90a9-4f46-b883-2e65257ae599",
    "vertices" : [ {
      "x" : 18.944271,
      "y" : -4.472136,
      "z" : -18.944271
    }, {
      "x" : 11.708204,
      "y" : -7.236068,
      "z" : -23.416409
    }, {
      "x" : 7.236068,
      "y" : 0.0,
      "z" : -26.18034
    }, {
      "x" : 11.708204,
      "y" : 7.236068,
      "z" : -23.416409
    }, {
      "x" : 18.944271,
      "y" : 4.472136,
      "z" : -18.944271
    } ],
    "faces" : [ {
      "vertices" : [ 0, 1, 2 ]
    }, {
      "vertices" : [ 0, 2, 3 ]
    }, {
      "vertices" : [ 0, 3, 4 ]
    }, {
      "vertices" : [ 0, 4, 3 ]
    }, {
      "vertices" : [ 0, 3, 2 ]
    }, {
      "vertices" : [ 0, 2, 1 ]
    } ]
  }, {
    "id" : "54167e59-86ed-47d7-b9d0-b7a2381a3961",
    "vertices" : [ {
      "x" : 4.472136,
      "y" : 18.944271,
      "z" : -18.944271
    }, {
      "x" : 8.472136,
      "y" : 13.708204,
      "z" : -22.18034
    }, {
      "x" : 0.0,
      "y" : 9.472136,
      "z" : -24.798374
    }, {
      "x" : -8.472136,
      "y" : 13.708204,
      "z" : -22.18034
    }, {
      "x" : -4.472136,
      "y" : 18.944271,
      "z" : -18.944271
    } ],
    "faces" : [ {
      "vertices" : [ 0, 1, 2 ]
    }, {
      "vertices" : [ 0, 2, 3 ]
    }, {
      "vertices" : [ 0, 3, 4 ]
    }, {
      "vertices" : [ 0, 4, 3 ]
    }, {
      "vertices" : [ 0, 3, 2 ]
    }, {
      "vertices" : [ 0, 2, 1 ]
    } ]
  }, {
    "id" : "9ae0631e-78e7-4fee-81fb-a5815636ad61",
    "vertices" : [ {
      "x" : -18.944271,
      "y" : -18.944271,
      "z" : 4.472136
    }, {
      "x" : -23.416409,
      "y" : -11.708204,
      "z" : 7.236068
    }, {
      "x" : -26.18034,
      "y" : -7.236068,
      "z" : 0.0
    }, {
      "x" : -23.416409,
      "y" : -11.708204,
      "z" : -7.236068
    }, {
      "x" : -18.944271,
      "y" : -18.944271,
      "z" : -4.472136
    } ],
    "faces" : [ {
      "vertices" : [ 0, 1, 2 ]
    }, {
      "vertices" : [ 0, 2, 3 ]
    }, {
      "vertices" : [ 0, 3, 4 ]
    }, {
      "vertices" : [ 0, 4, 3 ]
    }, {
      "vertices" : [ 0, 3, 2 ]
    }, {
      "vertices" : [ 0, 2, 1 ]
    } ]
  }, {
    "id" : "139afdb0-6537-4638-ba38-251a998e735d",
    "vertices" : [ {
      "x" : 18.944271,
      "y" : 18.944271,
      "z" : -4.472136
    }, {
      "x" : 13.708204,
      "y" : 22.18034,
      "z" : -8.472136
    }, {
      "x" : 9.472136,
      "y" : 24.798374,
      "z" : 0.0
    }, {
      "x" : 13.708204,
      "y" : 22.18034,
      "z" : 8.472136
    }, {
      "x" : 18.944271,
      "y" : 18.944271,
      "z" : 4.472136
    } ],
    "faces" : [ {
      "vertices" : [ 0, 1, 2 ]
    }, {
      "vertices" : [ 0, 2, 3 ]
    }, {
      "vertices" : [ 0, 3, 4 ]
    }, {
      "vertices" : [ 0, 4, 3 ]
    }, {
      "vertices" : [ 0, 3, 2 ]
    }, {
      "vertices" : [ 0, 2, 1 ]
    } ]
  }, {
    "id" : "758c165a-c9aa-47b9-809b-d8dbb039128b",
    "vertices" : [ {
      "x" : 23.416409,
      "y" : -11.708204,
      "z" : 7.236068
    }, {
      "x" : 22.18034,
      "y" : -8.472136,
      "z" : 13.708204
    }, {
      "x" : 15.326238,
      "y" : -15.326238,
      "z" : 15.326238
    }, {
      "x" : 13.708204,
      "y" : -22.18034,
      "z" : 8.472136
    }, {
      "x" : 18.944271,
      "y" : -18.944271,
      "z" : 4.472136
    } ],
    "faces" : [ {
      "vertices" : [ 0, 1, 2 ]
    }, {
      "vertices" : [ 0, 2, 3 ]
    }, {
      "vertices" : [ 0, 3, 4 ]
    }, {
      "vertices" : [ 0, 4, 3 ]
    }, {
      "vertices" : [ 0, 3, 2 ]
    }, {
      "vertices" : [ 0, 2, 1 ]
    } ]
  }, {
    "id" : "85e61705-e7cd-45bb-b27b-e4daf24472c2",
    "vertices" : [ {
      "x" : -11.708204,
      "y" : -7.236068,
      "z" : -23.416409
    }, {
      "x" : -18.944271,
      "y" : -4.472136,
      "z" : -18.944271
    }, {
      "x" : -18.944271,
      "y" : 4.472136,
      "z" : -18.944271
    }, {
      "x" : -11.708204,
      "y" : 7.236068,
      "z" : -23.416409
    }, {
      "x" : -7.236068,
      "y" : 0.0,
      "z" : -26.18034
    } ],
    "faces" : [ {
      "vertices" : [ 0, 1, 2 ]
    }, {
      "vertices" : [ 0, 2, 3 ]
    }, {
      "vertices" : [ 0, 3, 4 ]
    }, {
      "vertices" : [ 0, 4, 3 ]
    }, {
      "vertices" : [ 0, 3, 2 ]
    }, {
      "vertices" : [ 0, 2, 1 ]
    } ]
  }, {
    "id" : "4ed10631-eca6-41f4-bcc3-1a6346ff38bb",
    "vertices" : [ {
      "x" : 7.236068,
      "y" : -23.416409,
      "z" : -11.708204
    }, {
      "x" : 13.708204,
      "y" : -22.18034,
      "z" : -8.472136
    }, {
      "x" : 9.472136,
      "y" : -24.798374,
      "z" : 0.0
    }, {
      "x" : 0.0,
      "y" : -27.416409,
      "z" : 0.0
    }, {
      "x" : 0.0,
      "y" : -26.18034,
      "z" : -7.236068
    } ],
    "faces" : [ {
      "vertices" : [ 0, 1, 2 ]
    }, {
      "vertices" : [ 0, 2, 3 ]
    }, {
      "vertices" : [ 0, 3, 4 ]
    }, {
      "vertices" : [ 0, 4, 3 ]
    }, {
      "vertices" : [ 0, 3, 2 ]
    }, {
      "vertices" : [ 0, 2, 1 ]
    } ]
  }, {
    "id" : "9077562c-a70b-4759-9a5e-9a1b038ad204",
    "vertices" : [ {
      "x" : -18.944271,
      "y" : -18.944271,
      "z" : 4.472136
    }, {
      "x" : -13.708204,
      "y" : -22.18034,
      "z" : 8.472136
    }, {
      "x" : -15.326238,
      "y" : -15.326238,
      "z" : 15.326238
    }, {
      "x" : -22.18034,
      "y" : -8.472136,
      "z" : 13.708204
    }, {
      "x" : -23.416409,
      "y" : -11.708204,
      "z" : 7.236068
    } ],
    "faces" : [ {
      "vertices" : [ 0, 1, 2 ]
    }, {
      "vertices" : [ 0, 2, 3 ]
    }, {
      "vertices" : [ 0, 3, 4 ]
    }, {
      "vertices" : [ 0, 4, 3 ]
    }, {
      "vertices" : [ 0, 3, 2 ]
    }, {
      "vertices" : [ 0, 2, 1 ]
    } ]
  }, {
    "id" : "d9475b16-ee94-499f-9366-08950fe4151d",
    "vertices" : [ {
      "x" : 7.236068,
      "y" : 23.416409,
      "z" : -11.708204
    }, {
      "x" : 4.472136,
      "y" : 18.944271,
      "z" : -18.944271
    }, {
      "x" : -4.472136,
      "y" : 18.944271,
      "z" : -18.944271
    }, {
      "x" : -7.236068,
      "y" : 23.416409,
      "z" : -11.708204
    }, {
      "x" : 0.0,
      "y" : 26.18034,
      "z" : -7.236068
    } ],
    "faces" : [ {
      "vertices" : [ 0, 1, 2 ]
    }, {
      "vertices" : [ 0, 2, 3 ]
    }, {
      "vertices" : [ 0, 3, 4 ]
    }, {
      "vertices" : [ 0, 4, 3 ]
    }, {
      "vertices" : [ 0, 3, 2 ]
    }, {
      "vertices" : [ 0, 2, 1 ]
    } ]
  }, {
    "id" : "30d8e023-8034-4e15-8310-d531fb601eda",
    "vertices" : [ {
      "x" : -11.708204,
      "y" : 7.236068,
      "z" : -23.416409
    }, {
      "x" : -8.472136,
      "y" : 13.708204,
      "z" : -22.18034
    }, {
      "x" : 0.0,
      "y" : 9.472136,
      "z" : -24.798374
    }, {
      "x" : 0.0,
      "y" : 0.0,
      "z" : -27.416409
    }, {
      "x" : -7.236068,
      "y" : 0.0,
      "z" : -26.18034
    } ],
    "faces" : [ {
      "vertices" : [ 0, 1, 2 ]
    }, {
      "vertices" : [ 0, 2, 3 ]
    }, {
      "vertices" : [ 0, 3, 4 ]
    }, {
      "vertices" : [ 0, 4, 3 ]
    }, {
      "vertices" : [ 0, 3, 2 ]
    }, {
      "vertices" : [ 0, 2, 1 ]
    } ]
  }, {
    "id" : "517a7fb6-dc15-4dee-9012-6f6899dcc877",
    "vertices" : [ {
      "x" : -7.236068,
      "y" : 23.416409,
      "z" : 11.708204
    }, {
      "x" : -13.708204,
      "y" : 22.18034,
      "z" : 8.472136
    }, {
      "x" : -15.326238,
      "y" : 15.326238,
      "z" : 15.326238
    }, {
      "x" : -8.472136,
      "y" : 13.708204,
      "z" : 22.18034
    }, {
      "x" : -4.472136,
      "y" : 18.944271,
      "z" : 18.944271
    } ],
    "faces" : [ {
      "vertices" : [ 0, 1, 2 ]
    }, {
      "vertices" : [ 0, 2, 3 ]
    }, {
      "vertices" : [ 0, 3, 4 ]
    }, {
      "vertices" : [ 0, 4, 3 ]
    }, {
      "vertices" : [ 0, 3, 2 ]
    }, {
      "vertices" : [ 0, 2, 1 ]
    } ]
  }, {
    "id" : "d2a2ee10-bce5-4006-882b-55fd942bf6d8",
    "vertices" : [ {
      "x" : -23.416409,
      "y" : 11.708204,
      "z" : 7.236068
    }, {
      "x" : -22.18034,
      "y" : 8.472136,
      "z" : 13.708204
    }, {
      "x" : -15.326238,
      "y" : 15.326238,
      "z" : 15.326238
    }, {
      "x" : -13.708204,
      "y" : 22.18034,
      "z" : 8.472136
    }, {
      "x" : -18.944271,
      "y" : 18.944271,
      "z" : 4.472136
    } ],
    "faces" : [ {
      "vertices" : [ 0, 1, 2 ]
    }, {
      "vertices" : [ 0, 2, 3 ]
    }, {
      "vertices" : [ 0, 3, 4 ]
    }, {
      "vertices" : [ 0, 4, 3 ]
    }, {
      "vertices" : [ 0, 3, 2 ]
    }, {
      "vertices" : [ 0, 2, 1 ]
    } ]
  }, {
    "id" : "2ed6aab2-25c5-4d2e-ba7c-58f4c9eea2df",
    "vertices" : [ {
      "x" : 4.472136,
      "y" : -18.944271,
      "z" : -18.944271
    }, {
      "x" : 8.472136,
      "y" : -13.708204,
      "z" : -22.18034
    }, {
      "x" : 15.326238,
      "y" : -15.326238,
      "z" : -15.326238
    }, {
      "x" : 13.708204,
      "y" : -22.18034,
      "z" : -8.472136
    }, {
      "x" : 7.236068,
      "y" : -23.416409,
      "z" : -11.708204
    } ],
    "faces" : [ {
      "vertices" : [ 0, 1, 2 ]
    }, {
      "vertices" : [ 0, 2, 3 ]
    }, {
      "vertices" : [ 0, 3, 4 ]
    }, {
      "vertices" : [ 0, 4, 3 ]
    }, {
      "vertices" : [ 0, 3, 2 ]
    }, {
      "vertices" : [ 0, 2, 1 ]
    } ]
  }, {
    "id" : "5b346985-f298-4eb8-ad21-9cfa64654aac",
    "vertices" : [ {
      "x" : 23.416409,
      "y" : 11.708204,
      "z" : -7.236068
    }, {
      "x" : 22.18034,
      "y" : 8.472136,
      "z" : -13.708204
    }, {
      "x" : 15.326238,
      "y" : 15.326238,
      "z" : -15.326238
    }, {
      "x" : 13.708204,
      "y" : 22.18034,
      "z" : -8.472136
    }, {
      "x" : 18.944271,
      "y" : 18.944271,
      "z" : -4.472136
    } ],
    "faces" : [ {
      "vertices" : [ 0, 1, 2 ]
    }, {
      "vertices" : [ 0, 2, 3 ]
    }, {
      "vertices" : [ 0, 3, 4 ]
    }, {
      "vertices" : [ 0, 4, 3 ]
    }, {
      "vertices" : [ 0, 3, 2 ]
    }, {
      "vertices" : [ 0, 2, 1 ]
    } ]
  }, {
    "id" : "f227fef7-10fe-4a77-bef9-7d294675dba2",
    "vertices" : [ {
      "x" : 7.236068,
      "y" : 0.0,
      "z" : 26.18034
    }, {
      "x" : 11.708204,
      "y" : -7.236068,
      "z" : 23.416409
    }, {
      "x" : 18.944271,
      "y" : -4.472136,
      "z" : 18.944271
    }, {
      "x" : 18.944271,
      "y" : 4.472136,
      "z" : 18.944271
    }, {
      "x" : 11.708204,
      "y" : 7.236068,
      "z" : 23.416409
    } ],
    "faces" : [ {
      "vertices" : [ 0, 1, 2 ]
    }, {
      "vertices" : [ 0, 2, 3 ]
    }, {
      "vertices" : [ 0, 3, 4 ]
    }, {
      "vertices" : [ 0, 4, 3 ]
    }, {
      "vertices" : [ 0, 3, 2 ]
    }, {
      "vertices" : [ 0, 2, 1 ]
    } ]
  }, {
    "id" : "86bf226a-146c-4821-9955-6855aede3080",
    "vertices" : [ {
      "x" : -18.944271,
      "y" : 18.944271,
      "z" : -4.472136
    }, {
      "x" : -23.416409,
      "y" : 11.708204,
      "z" : -7.236068
    }, {
      "x" : -26.18034,
      "y" : 7.236068,
      "z" : 0.0
    }, {
      "x" : -23.416409,
      "y" : 11.708204,
      "z" : 7.236068
    }, {
      "x" : -18.944271,
      "y" : 18.944271,
      "z" : 4.472136
    } ],
    "faces" : [ {
      "vertices" : [ 0, 1, 2 ]
    }, {
      "vertices" : [ 0, 2, 3 ]
    }, {
      "vertices" : [ 0, 3, 4 ]
    }, {
      "vertices" : [ 0, 4, 3 ]
    }, {
      "vertices" : [ 0, 3, 2 ]
    }, {
      "vertices" : [ 0, 2, 1 ]
    } ]
  }, {
    "id" : "3de26840-7e47-49fc-aa9e-2ff4be7f6ca1",
