{
  "field" : "golden",
  "symmetry" : "icosahedral",
  "orientations" : [ [ 1.0, 0.0, 0.0, 0.0, 0.0, 1.0, 0.0, 0.0, 0.0, 0.0, 1.0, 0.0, 0.0, 0.0, 0.0, 1.0 ], [ 0.0, 0.0, 1.0, 0.0, 1.0, 0.0, 0.0, 0.0, 0.0, 1.0, 0.0, 0.0, 0.0, 0.0, 0.0, 1.0 ], [ 0.0, 1.0, 0.0, 0.0, 0.0, 0.0, 1.0, 0.0, 1.0, 0.0, 0.0, 0.0, 0.0, 0.0, 0.0, 1.0 ], [ 0.809017, 0.309017, 0.5, 0.0, 0.309017, 0.5, -0.809017, 0.0, -0.5, 0.809017, 0.309017, 0.0, 0.0, 0.0, 0.0, 1.0 ], [ -0.5, 0.809017, 0.309017, 0.0, 0.809017, 0.309017, 0.5, 0.0, 0.309017, 0.5, -0.809017, 0.0, 0.0, 0.0, 0.0, 1.0 ], [ 0.309017, 0.5, -0.809017, 0.0, -0.5, 0.809017, 0.309017, 0.0, 0.809017, 0.309017, 0.5, 0.0, 0.0, 0.0, 0.0, 1.0 ], [ 0.5, 0.809017, 0.309017, 0.0, 0.809017, -0.309017, -0.5, 0.0, -0.309017, 0.5, -0.809017, 0.0, 0.0, 0.0, 0.0, 1.0 ], [ -0.309017, 0.5, -0.809017, 0.0, 0.5, 0.809017, 0.309017, 0.0, 0.809017, -0.309017, -0.5, 0.0, 0.0, 0.0, 0.0, 1.0 ], [ 0.809017, -0.309017, -0.5, 0.0, -0.309017, 0.5, -0.809017, 0.0, 0.5, 0.809017, 0.309017, 0.0, 0.0, 0.0, 0.0, 1.0 ], [ 0.5, 0.809017, -0.309017, 0.0, 0.809017, -0.309017, 0.5, 0.0, 0.309017, -0.5, -0.809017, 0.0, 0.0, 0.0, 0.0, 1.0 ], [ 0.309017, -0.5, -0.809017, 0.0, 0.5, 0.809017, -0.309017, 0.0, 0.809017, -0.309017, 0.5, 0.0, 0.0, 0.0, 0.0, 1.0 ], [ 0.809017, -0.309017, 0.5, 0.0, 0.309017, -0.5, -0.809017, 0.0, 0.5, 0.809017, -0.309017, 0.0, 0.0, 0.0, 0.0, 1.0 ], [ 0.809017, 0.309017, -0.5, 0.0, 0.309017, 0.5, 0.809017, 0.0, 0.5, -0.809017, 0.309017, 0.0, 0.0, 0.0, 0.0, 1.0 ], [ 0.5, -0.809017, 0.309017, 0.0, 0.809017, 0.309017, -0.5, 0.0, 0.309017, 0.5, 0.809017, 0.0, 0.0, 0.0, 0.0, 1.0 ], [ 0.309017, 0.5, 0.809017, 0.0, 0.5, -0.809017, 0.309017, 0.0, 0.809017, 0.309017, -0.5, 0.0, 0.0, 0.0, 0.0, 1.0 ], [ 1.0, 0.0, 0.0, 0.0, 0.0, -1.0, 0.0, 0.0, 0.0, 0.0, -1.0, 0.0, 0.0, 0.0, 0.0, 1.0 ], [ 0.0, 0.0, 1.0, 0.0, -1.0, 0.0, 0.0, 0.0, 0.0, -1.0, 0.0, 0.0, 0.0, 0.0, 0.0, 1.0 ], [ 0.0, 1.0, 0.0, 0.0, 0.0, 0.0, -1.0, 0.0, -1.0, 0.0, 0.0, 0.0, 0.0, 0.0, 0.0, 1.0 ], [ 0.809017, 0.309017, 0.5, 0.0, -0.309017, -0.5, 0.809017, 0.0, 0.5, -0.809017, -0.309017, 0.0, 0.0, 0.0, 0.0, 1.0 ], [ -0.5, 0.809017, 0.309017, 0.0, -0.809017, -0.309017, -0.5, 0.0, -0.309017, -0.5, 0.809017, 0.0, 0.0, 0.0, 0.0, 1.0 ], [ 0.309017, 0.5, -0.809017, 0.0, 0.5, -0.809017, -0.309017, 0.0, -0.809017, -0.309017, -0.5, 0.0, 0.0, 0.0, 0.0, 1.0 ], [ 0.5, 0.809017, 0.309017, 0.0, -0.809017, 0.309017, 0.5, 0.0, 0.309017, -0.5, 0.809017, 0.0, 0.0, 0.0, 0.0, 1.0 ], [ -0.309017, 0.5, -0.809017, 0.0, -0.5, -0.809017, -0.309017, 0.0, -0.809017, 0.309017, 0.5, 0.0, 0.0, 0.0, 0.0, 1.0 ], [ 0.809017, -0.309017, -0.5, 0.0, 0.309017, -0.5, 0.809017, 0.0, -0.5, -0.809017, -0.309017, 0.0, 0.0, 0.0, 0.0, 1.0 ], [ 0.5, 0.809017, -0.309017, 0.0, -0.809017, 0.309017, -0.5, 0.0, -0.309017, 0.5, 0.809017, 0.0, 0.0, 0.0, 0.0, 1.0 ], [ 0.309017, -0.5, -0.809017, 0.0, -0.5, -0.809017, 0.309017, 0.0, -0.809017, 0.309017, -0.5, 0.0, 0.0, 0.0, 0.0, 1.0 ], [ 0.809017, -0.309017, 0.5, 0.0, -0.309017, 0.5, 0.809017, 0.0, -0.5, -0.809017, 0.309017, 0.0, 0.0, 0.0, 0.0, 1.0 ], [ 0.809017, 0.309017, -0.5, 0.0, -0.309017, -0.5, -0.809017, 0.0, -0.5, 0.809017, -0.309017, 0.0, 0.0, 0.0, 0.0, 1.0 ], [ 0.5, -0.809017, 0.309017, 0.0, -0.809017, -0.309017, 0.5, 0.0, -0.309017, -0.5, -0.809017, 0.0, 0.0, 0.0, 0.0, 1.0 ], [ 0.309017, 0.5, 0.809017, 0.0, -0.5, 0.809017, -0.309017, 0.0, -0.809017, -0.309017, 0.5, 0.0, 0.0, 0.0, 0.0, 1.0 ], [ -1.0, 0.0, 0.0, 0.0, 0.0, -1.0, 0.0, 0.0, 0.0, 0.0, 1.0, 0.0, 0.0, 0.0, 0.0, 1.0 ], [ 0.0, 0.0, -1.0, 0.0, -1.0, 0.0, 0.0, 0.0, 0.0, 1.0, 0.0, 0.0, 0.0, 0.0, 0.0, 1.0 ], [ 0.0, -1.0, 0.0, 0.0, 0.0, 0.0, -1.0, 0.0, 1.0, 0.0, 0.0, 0.0, 0.0, 0.0, 0.0, 1.0 ], [ -0.809017, -0.309017, -0.5, 0.0, -0.309017, -0.5, 0.809017, 0.0, -0.5, 0.809017, 0.309017, 0.0, 0.0, 0.0, 0.0, 1.0 ], [ 0.5, -0.809017, -0.309017, 0.0, -0.809017, -0.309017, -0.5, 0.0, 0.309017, 0.5, -0.809017, 0.0, 0.0, 0.0, 0.0, 1.0 ], [ -0.309017, -0.5, 0.809017, 0.0, 0.5, -0.809017, -0.309017, 0.0, 0.809017, 0.309017, 0.5, 0.0, 0.0, 0.0, 0.0, 1.0 ], [ -0.5, -0.809017, -0.309017, 0.0, -0.809017, 0.309017, 0.5, 0.0, -0.309017, 0.5, -0.809017, 0.0, 0.0, 0.0, 0.0, 1.0 ], [ 0.309017, -0.5, 0.809017, 0.0, -0.5, -0.809017, -0.309017, 0.0, 0.809017, -0.309017, -0.5, 0.0, 0.0, 0.0, 0.0, 1.0 ], [ -0.809017, 0.309017, 0.5, 0.0, 0.309017, -0.5, 0.809017, 0.0, 0.5, 0.809017, 0.309017, 0.0, 0.0, 0.0, 0.0, 1.0 ], [ -0.5, -0.809017, 0.309017, 0.0, -0.809017, 0.309017, -0.5, 0.0, 0.309017, -0.5, -0.809017, 0.0, 0.0, 0.0, 0.0, 1.0 ], [ -0.309017, 0.5, 0.809017, 0.0, -0.5, -0.809017, 0.309017, 0.0, 0.809017, -0.309017, 0.5, 0.0, 0.0, 0.0, 0.0, 1.0 ], [ -0.809017, 0.309017, -0.5, 0.0, -0.309017, 0.5, 0.809017, 0.0, 0.5, 0.809017, -0.309017, 0.0, 0.0, 0.0, 0.0, 1.0 ], [ -0.809017, -0.309017, 0.5, 0.0, -0.309017, -0.5, -0.809017, 0.0, 0.5, -0.809017, 0.309017, 0.0, 0.0, 0.0, 0.0, 1.0 ], [ -0.5, 0.809017, -0.309017, 0.0, -0.809017, -0.309017, 0.5, 0.0, 0.309017, 0.5, 0.809017, 0.0, 0.0, 0.0, 0.0, 1.0 ], [ -0.309017, -0.5, -0.809017, 0.0, -0.5, 0.809017, -0.309017, 0.0, 0.809017, 0.309017, -0.5, 0.0, 0.0, 0.0, 0.0, 1.0 ], [ -1.0, 0.0, 0.0, 0.0, 0.0, 1.0, 0.0, 0.0, 0.0, 0.0, -1.0, 0.0, 0.0, 0.0, 0.0, 1.0 ], [ 0.0, 0.0, -1.0, 0.0, 1.0, 0.0, 0.0, 0.0, 0.0, -1.0, 0.0, 0.0, 0.0, 0.0, 0.0, 1.0 ], [ 0.0, -1.0, 0.0, 0.0, 0.0, 0.0, 1.0, 0.0, -1.0, 0.0, 0.0, 0.0, 0.0, 0.0, 0.0, 1.0 ], [ -0.809017, -0.309017, -0.5, 0.0, 0.309017, 0.5, -0.809017, 0.0, 0.5, -0.809017, -0.309017, 0.0, 0.0, 0.0, 0.0, 1.0 ], [ 0.5, -0.809017, -0.309017, 0.0, 0.809017, 0.309017, 0.5, 0.0, -0.309017, -0.5, 0.809017, 0.0, 0.0, 0.0, 0.0, 1.0 ], [ -0.309017, -0.5, 0.809017, 0.0, -0.5, 0.809017, 0.309017, 0.0, -0.809017, -0.309017, -0.5, 0.0, 0.0, 0.0, 0.0, 1.0 ], [ -0.5, -0.809017, -0.309017, 0.0, 0.809017, -0.309017, -0.5, 0.0, 0.309017, -0.5, 0.809017, 0.0, 0.0, 0.0, 0.0, 1.0 ], [ 0.309017, -0.5, 0.809017, 0.0, 0.5, 0.809017, 0.309017, 0.0, -0.809017, 0.309017, 0.5, 0.0, 0.0, 0.0, 0.0, 1.0 ], [ -0.809017, 0.309017, 0.5, 0.0, -0.309017, 0.5, -0.809017, 0.0, -0.5, -0.809017, -0.309017, 0.0, 0.0, 0.0, 0.0, 1.0 ], [ -0.5, -0.809017, 0.309017, 0.0, 0.809017, -0.309017, 0.5, 0.0, -0.309017, 0.5, 0.809017, 0.0, 0.0, 0.0, 0.0, 1.0 ], [ -0.309017, 0.5, 0.809017, 0.0, 0.5, 0.809017, -0.309017, 0.0, -0.809017, 0.309017, -0.5, 0.0, 0.0, 0.0, 0.0, 1.0 ], [ -0.809017, 0.309017, -0.5, 0.0, 0.309017, -0.5, -0.809017, 0.0, -0.5, -0.809017, 0.309017, 0.0, 0.0, 0.0, 0.0, 1.0 ], [ -0.809017, -0.309017, 0.5, 0.0, 0.309017, 0.5, 0.809017, 0.0, -0.5, 0.809017, -0.309017, 0.0, 0.0, 0.0, 0.0, 1.0 ], [ -0.5, 0.809017, -0.309017, 0.0, 0.809017, 0.309017, -0.5, 0.0, -0.309017, -0.5, -0.809017, 0.0, 0.0, 0.0, 0.0, 1.0 ], [ -0.309017, -0.5, -0.809017, 0.0, 0.5, -0.809017, 0.309017, 0.0, -0.809017, -0.309017, 0.5, 0.0, 0.0, 0.0, 0.0, 1.0 ] ],
  "lights" : {
    "ambientColor" : "#292929",
    "backgroundColor" : "#AFC8DC",
    "directionalLights" : [ {
      "direction" : {
        "x" : 1.0,
        "y" : -1.0,
        "z" : -1.0
      },
      "color" : "#EBEBE4"
    }, {
      "direction" : {
        "x" : -1.0,
        "y" : 0.0,
        "z" : 0.0
      },
      "color" : "#E4E4EB"
    }, {
      "direction" : {
        "x" : 0.0,
        "y" : 0.0,
        "z" : -1.0
      },
      "color" : "#1E1E1E"
    } ]
  },
  "camera" : {
    "width" : 13.3347,
    "stereo" : false,
    "upDirection" : {
      "x" : -0.083041385,
      "y" : -0.24351107,
      "z" : -0.96633136
    },
    "perspective" : true,
    "lookDirection" : {
      "x" : 0.76659924,
      "y" : -0.6351824,
      "z" : 0.094183065
    },
    "viewDistance" : 29.63273,
    "nearClipDistance" : 0.07408168,
    "farClipDistance" : 59.265255,
    "lookAtPoint" : {
      "x" : 0.0,
      "y" : 0.0,
      "z" : 0.0
    },
    "fieldOfView" : 0.44262794,
    "position" : {
      "x" : -22.716429,
      "y" : 18.822187,
      "z" : -2.7909014
    }
  },
  "embedding" : [ 1.0, 0.0, 0.0, 0.0, 0.0, 1.0, 0.0, 0.0, 0.0, 0.0, 1.0, 0.0, 0.0, 0.0, 0.0, 1.0 ],
  "shapes" : [ {
    "id" : "81b46351-0e29-4d00-9ecc-fb764259eb0c",
    "vertices" : [ {
      "x" : 0.23606798,
      "y" : 3.079527,
      "z" : -0.11803399
    }, {
      "x" : 0.090169944,
      "y" : 3.0065777,
      "z" : -0.045084972
    }, {
      "x" : -0.072949015,
      "y" : 2.9614928,
      "z" : -0.045084972
    }, {
      "x" : -0.19098301,
      "y" : 2.9614928,
      "z" : -0.11803399
    } ],
    "faces" : [ {
      "vertices" : [ 0, 1, 2 ]
    }, {
      "vertices" : [ 0, 2, 3 ]
    }, {
      "vertices" : [ 0, 3, 2 ]
    }, {
      "vertices" : [ 0, 2, 1 ]
    } ]
  }, {
    "id" : "9e872946-0336-49c8-abd7-5e338aee7a23",
    "vertices" : [ {
      "x" : 0.059016995,
      "y" : 5.4508495,
      "z" : -0.4045085
    }, {
      "x" : 0.23606798,
      "y" : 5.641833,
      "z" : -0.11803399
    }, {
      "x" : 1.0,
      "y" : 5.7598667,
      "z" : -0.19098301
    }, {
      "x" : 0.809017,
      "y" : 5.4508495,
      "z" : -0.690983
    } ],
    "faces" : [ {
      "vertices" : [ 0, 1, 2 ]
    }, {
      "vertices" : [ 0, 2, 3 ]
    }, {
      "vertices" : [ 0, 3, 2 ]
    }, {
      "vertices" : [ 0, 2, 1 ]
    } ]
  }, {
    "id" : "3d72eefa-6eb3-4051-b77d-55f937c669b0",
    "vertices" : [ {
      "x" : 0.05040653,
      "y" : -0.13728757,
      "z" : 0.440983
    }, {
      "x" : 0.05040653,
      "y" : 0.13728757,
      "z" : 0.440983
    }, {
      "x" : 0.16844052,
      "y" : 0.13728757,
      "z" : 0.631966
    }, {
      "x" : 0.16844052,
      "y" : -0.13728757,
      "z" : 0.631966
    } ],
    "faces" : [ {
      "vertices" : [ 0, 1, 2 ]
    }, {
      "vertices" : [ 0, 2, 3 ]
    }, {
      "vertices" : [ 0, 3, 2 ]
    }, {
      "vertices" : [ 0, 2, 1 ]
    } ]
  }, {
    "id" : "1341d413-df90-4d4e-97dc-bc99db1b0c4f",
    "vertices" : [ {
      "x" : 1.0,
      "y" : 4.669697,
      "z" : -0.19098301
    }, {
      "x" : 0.23606798,
      "y" : 4.551663,
      "z" : -0.11803399
    }, {
      "x" : 0.19098301,
      "y" : 4.669697,
      "z" : 0.11803399
    } ],
    "faces" : [ {
      "vertices" : [ 0, 1, 2 ]
    }, {
      "vertices" : [ 0, 2, 1 ]
    } ]
  }, {
    "id" : "4c3392df-74ec-437a-a542-78a7b63f3b3f",
    "vertices" : [ {
      "x" : 0.39442718,
      "y" : 5.3328156,
      "z" : 0.9472136
    }, {
      "x" : 0.19098301,
      "y" : 5.3328156,
      "z" : 0.618034
    }, {
      "x" : 0.19098301,
      "y" : 5.568884,
      "z" : 0.618034
    }, {
      "x" : 0.39442718,
      "y" : 5.568884,
      "z" : 0.9472136
    } ],
    "faces" : [ {
      "vertices" : [ 0, 1, 2 ]
    }, {
      "vertices" : [ 0, 2, 3 ]
    }, {
      "vertices" : [ 0, 3, 2 ]
    }, {
      "vertices" : [ 0, 2, 1 ]
    } ]
  }, {
    "id" : "28c90f99-8fb9-4370-b598-38720ccc7d3d",
    "vertices" : [ {
      "x" : -0.62335557,
      "y" : 3.0536954,
      "z" : 0.10410196
    }, {
      "x" : -0.50532156,
      "y" : 3.0536954,
      "z" : 0.059016995
    }, {
      "x" : -0.50532156,
      "y" : 3.4873242,
      "z" : 0.059016995
    }, {
      "x" : -0.62335557,
      "y" : 3.4873242,
      "z" : 0.10410196
    } ],
    "faces" : [ {
      "vertices" : [ 0, 1, 2 ]
    }, {
      "vertices" : [ 0, 2, 3 ]
    }, {
      "vertices" : [ 0, 3, 2 ]
    }, {
      "vertices" : [ 0, 2, 1 ]
    } ]
  }, {
    "id" : "5860a9e4-cd75-4d1d-b852-63a20835fc2b",
    "vertices" : [ {
      "x" : 0.618034,
      "y" : 5.7598667,
      "z" : 0.809017
    }, {
      "x" : 0.19098301,
      "y" : 5.7598667,
      "z" : 0.11803399
    }, {
      "x" : -0.23606798,
      "y" : 5.641833,
      "z" : 0.11803399
    }, {
      "x" : 0.309017,
      "y" : 5.641833,
      "z" : 1.0
    } ],
    "faces" : [ {
      "vertices" : [ 0, 1, 2 ]
    }, {
      "vertices" : [ 0, 2, 3 ]
    }, {
      "vertices" : [ 0, 3, 2 ]
    }, {
      "vertices" : [ 0, 2, 1 ]
    } ]
  }, {
    "id" : "a1821c93-4e84-4b06-a4cf-1663462f1fb9",
    "vertices" : [ {
      "x" : 0.059016995,
      "y" : 1.0901699,
      "z" : -0.4045085
    }, {
      "x" : 0.23606798,
      "y" : 0.8991869,
      "z" : -0.11803399
    }, {
      "x" : -0.309017,
      "y" : 0.8991869,
      "z" : -1.0
    }, {
      "x" : -0.309017,
      "y" : 1.281153,
      "z" : -1.0
    } ],
    "faces" : [ {
      "vertices" : [ 0, 1, 2 ]
    }, {
      "vertices" : [ 0, 2, 3 ]
    }, {
      "vertices" : [ 0, 3, 2 ]
    }, {
      "vertices" : [ 0, 2, 1 ]
    } ]
  }, {
    "id" : "12800381-41d7-484f-bc39-2ed85f0648da",
    "vertices" : [ {
      "x" : -0.5854102,
      "y" : 5.641833,
      "z" : -0.8291796
    }, {
      "x" : -0.38196602,
      "y" : 5.641833,
      "z" : -0.5
    }, {
      "x" : -0.5,
      "y" : 5.4508495,
      "z" : -0.42705098
    }, {
      "x" : -0.7034442,
      "y" : 5.4508495,
      "z" : -0.7562306
    } ],
    "faces" : [ {
      "vertices" : [ 0, 1, 2 ]
    }, {
      "vertices" : [ 0, 2, 3 ]
    }, {
      "vertices" : [ 0, 3, 2 ]
    }, {
      "vertices" : [ 0, 2, 1 ]
    } ]
  }, {
    "id" : "9286e83d-1581-43ad-a758-0bef7e73cb3e",
    "vertices" : [ {
      "x" : -0.23606798,
      "y" : 3.079527,
      "z" : 0.11803399
    }, {
      "x" : 0.309017,
      "y" : 3.079527,
      "z" : 1.0
    }, {
      "x" : 0.309017,
      "y" : 3.4614928,
      "z" : 1.0
    }, {
      "x" : -0.059016995,
      "y" : 3.2705097,
      "z" : 0.4045085
    } ],
    "faces" : [ {
      "vertices" : [ 0, 1, 2 ]
    }, {
      "vertices" : [ 0, 2, 3 ]
    }, {
      "vertices" : [ 0, 3, 2 ]
    }, {
      "vertices" : [ 0, 2, 1 ]
    } ]
  }, {
    "id" : "ce305b2e-e819-4ec5-b114-45c63e3ce359",
    "vertices" : [ {
      "x" : 0.50532156,
      "y" : 0.87335557,
      "z" : -0.059016995
    }, {
      "x" : 0.3713229,
      "y" : 1.0901699,
      "z" : -0.40983006
    }, {
      "x" : 0.50532156,
      "y" : 1.3069843,
      "z" : -0.059016995
    } ],
    "faces" : [ {
      "vertices" : [ 0, 1, 2 ]
    }, {
      "vertices" : [ 0, 2, 1 ]
    } ]
  }, {
    "id" : "5d6f1490-b318-4f9f-abc3-f47bd7f0520a",
    "vertices" : [ {
      "x" : -0.19098301,
      "y" : 3.579527,
      "z" : -0.11803399
    }, {
      "x" : -0.618034,
      "y" : 3.579527,
      "z" : -0.809017
    }, {
      "x" : -0.809017,
      "y" : 3.2705097,
      "z" : -0.690983
    }, {
      "x" : -0.4045085,
      "y" : 3.2705097,
      "z" : -0.036474507
    } ],
    "faces" : [ {
      "vertices" : [ 0, 1, 2 ]
    }, {
      "vertices" : [ 0, 2, 3 ]
    }, {
      "vertices" : [ 0, 3, 2 ]
    }, {
      "vertices" : [ 0, 2, 1 ]
    } ]
  }, {
    "id" : "c461042d-52c7-454b-b56d-b421559feed2",
    "vertices" : [ {
      "x" : 0.23606798,
      "y" : 4.169697,
      "z" : -0.11803399
    }, {
      "x" : 1.0,
      "y" : 4.051663,
      "z" : -0.19098301
    }, {
      "x" : 0.19098301,
      "y" : 4.051663,
      "z" : 0.11803399
    } ],
    "faces" : [ {
      "vertices" : [ 0, 1, 2 ]
    }, {
      "vertices" : [ 0, 2, 1 ]
    } ]
  }, {
    "id" : "c697ff40-ef66-4f14-bedc-44d48b6dba08",
    "vertices" : [ {
      "x" : -0.39442718,
      "y" : 0.97213596,
      "z" : -0.9472136
    }, {
      "x" : -0.19098301,
      "y" : 0.97213596,
      "z" : -0.618034
    }, {
      "x" : -0.19098301,
      "y" : 1.2082039,
      "z" : -0.618034
    }, {
      "x" : -0.39442718,
      "y" : 1.2082039,
      "z" : -0.9472136
    } ],
    "faces" : [ {
      "vertices" : [ 0, 1, 2 ]
    }, {
      "vertices" : [ 0, 2, 3 ]
    }, {
      "vertices" : [ 0, 3, 2 ]
    }, {
      "vertices" : [ 0, 2, 1 ]
    } ]
  }, {
    "id" : "8840e576-3f45-4add-b85e-cc3dc252735b",
    "vertices" : [ {
      "x" : 0.05040653,
      "y" : 0.95288235,
      "z" : 0.440983
    }, {
      "x" : 0.05040653,
      "y" : 1.2274575,
      "z" : 0.440983
    }, {
      "x" : 0.16844052,
      "y" : 1.2274575,
      "z" : 0.631966
    }, {
      "x" : 0.16844052,
      "y" : 0.95288235,
      "z" : 0.631966
    } ],
    "faces" : [ {
      "vertices" : [ 0, 1, 2 ]
    }, {
      "vertices" : [ 0, 2, 3 ]
    }, {
      "vertices" : [ 0, 3, 2 ]
    }, {
      "vertices" : [ 0, 2, 1 ]
    } ]
  }, {
    "id" : "6366fe33-e5eb-4517-a5a5-f0f2bf9d7e70",
    "vertices" : [ {
      "x" : 0.62335557,
      "y" : 3.0536954,
      "z" : -0.10410196
    }, {
      "x" : 0.50532156,
      "y" : 3.0536954,
      "z" : -0.059016995
    }, {
      "x" : 0.50532156,
      "y" : 3.4873242,
      "z" : -0.059016995
    }, {
      "x" : 0.62335557,
      "y" : 3.4873242,
      "z" : -0.10410196
    } ],
    "faces" : [ {
      "vertices" : [ 0, 1, 2 ]
    }, {
      "vertices" : [ 0, 2, 3 ]
    }, {
      "vertices" : [ 0, 3, 2 ]
    }, {
      "vertices" : [ 0, 2, 1 ]
    } ]
  }, {
    "id" : "e45e0f2a-3aef-4da0-9076-f2d410d3e8f5",
    "vertices" : [ {
      "x" : 0.27254248,
      "y" : 4.5828156,
      "z" : 0.30369544
    }, {
      "x" : 0.05040653,
      "y" : 4.4979672,
      "z" : 0.440983
    }, {
      "x" : 0.05040653,
      "y" : 4.223392,
      "z" : 0.440983
    }, {
      "x" : 0.27254248,
      "y" : 4.1385436,
      "z" : 0.30369544
    }, {
      "x" : 0.40983006,
      "y" : 4.3606796,
      "z" : 0.21884705
    } ],
    "faces" : [ {
      "vertices" : [ 0, 1, 2 ]
    }, {
      "vertices" : [ 0, 2, 3 ]
    }, {
      "vertices" : [ 0, 3, 4 ]
    }, {
      "vertices" : [ 0, 4, 3 ]
    }, {
      "vertices" : [ 0, 3, 2 ]
    }, {
      "vertices" : [ 0, 2, 1 ]
    } ]
  }, {
    "id" : "9d0b03c2-613a-4364-9f2d-4ce6be695e3b",
    "vertices" : [ {
      "x" : -0.4045085,
      "y" : 4.3606796,
      "z" : -0.036474507
    }, {
      "x" : -0.19098301,
      "y" : 4.051663,
      "z" : -0.11803399
    }, {
      "x" : -1.0,
      "y" : 4.051663,
      "z" : 0.19098301
    } ],
    "faces" : [ {
      "vertices" : [ 0, 1, 2 ]
    }, {
      "vertices" : [ 0, 2, 1 ]
    } ]
  }, {
    "id" : "1f957155-8b1a-46b0-a87c-2c080064e35e",
    "vertices" : [ {
      "x" : -0.8576497,
      "y" : 4.3606796,
      "z" : 0.563661
    }, {
      "x" : -0.809017,
      "y" : 4.3606796,
      "z" : 0.690983
    }, {
      "x" : -1.0,
      "y" : 4.669697,
      "z" : 0.19098301
    }, {
      "x" : -0.9756837,
      "y" : 4.551663,
      "z" : 0.254644
    } ],
    "faces" : [ {
      "vertices" : [ 0, 1, 2 ]
    }, {
      "vertices" : [ 0, 2, 3 ]
    }, {
      "vertices" : [ 0, 3, 2 ]
    }, {
      "vertices" : [ 0, 2, 1 ]
    } ]
  }, {
    "id" : "d91794df-ebf1-4c7d-b527-82ceaced024a",
    "vertices" : [ {
      "x" : 0.38196602,
      "y" : 5.641833,
      "z" : 0.5
    }, {
      "x" : 0.39057648,
      "y" : 5.6729856,
      "z" : 0.49467844
    }, {
      "x" : 0.52786404,
      "y" : 5.4508495,
      "z" : 0.40983006
    }, {
      "x" : 0.5,
      "y" : 5.4508495,
      "z" : 0.42705098
    } ],
    "faces" : [ {
      "vertices" : [ 0, 1, 2 ]
    }, {
      "vertices" : [ 0, 2, 3 ]
    }, {
      "vertices" : [ 0, 3, 2 ]
    }, {
      "vertices" : [ 0, 2, 1 ]
    } ]
  }, {
    "id" : "48238f29-8c7f-4eb5-9dd5-d81bae82eaa4",
    "vertices" : [ {
      "x" : -0.19098301,
      "y" : 0.309017,
      "z" : -0.11803399
    }, {
      "x" : -0.618034,
      "y" : 0.309017,
      "z" : -0.809017
    }, {
      "x" : -0.809017,
      "y" : 0.0,
      "z" : -0.690983
    }, {
      "x" : -0.4045085,
      "y" : 0.0,
      "z" : -0.036474507
    } ],
    "faces" : [ {
      "vertices" : [ 0, 1, 2 ]
    }, {
      "vertices" : [ 0, 2, 3 ]
    }, {
      "vertices" : [ 0, 3, 2 ]
    }, {
      "vertices" : [ 0, 2, 1 ]
    } ]
  }, {
    "id" : "a1b60c86-0573-4575-89db-09c56d8dd2a0",
    "vertices" : [ {
      "x" : -0.9756837,
      "y" : 4.169697,
      "z" : 0.254644
    }, {
      "x" : -1.0,
      "y" : 4.051663,
      "z" : 0.19098301
    }, {
      "x" : -0.809017,
      "y" : 4.3606796,
      "z" : 0.690983
    }, {
      "x" : -0.8576497,
      "y" : 4.3606796,
      "z" : 0.563661
    } ],
    "faces" : [ {
      "vertices" : [ 0, 1, 2 ]
    }, {
      "vertices" : [ 0, 2, 3 ]
    }, {
      "vertices" : [ 0, 3, 2 ]
    }, {
      "vertices" : [ 0, 2, 1 ]
    } ]
  }, {
    "id" : "2f680238-1660-4a71-b28e-b5cfe27aeb0e",
    "vertices" : [ {
      "x" : 0.618034,
      "y" : 1.9893569,
      "z" : -0.11803399
    }, {
      "x" : 0.62335557,
      "y" : 1.9635255,
      "z" : -0.10410196
    }, {
      "x" : 0.62335557,
      "y" : 2.3971543,
      "z" : -0.10410196
    }, {
      "x" : 0.618034,
      "y" : 2.3713229,
      "z" : -0.11803399
    } ],
    "faces" : [ {
      "vertices" : [ 0, 1, 2 ]
    }, {
      "vertices" : [ 0, 2, 3 ]
    }, {
      "vertices" : [ 0, 3, 2 ]
    }, {
      "vertices" : [ 0, 2, 1 ]
    } ]
  }, {
    "id" : "2b573313-4e38-46db-b340-8fe256238b68",
    "vertices" : [ {
      "x" : -0.27254248,
      "y" : 1.3123059,
      "z" : -0.30369544
    }, {
      "x" : -0.40983006,
      "y" : 1.0901699,
      "z" : -0.21884705
    }, {
      "x" : -0.52786404,
      "y" : 1.0901699,
      "z" : -0.40983006
    }, {
      "x" : -0.39057648,
      "y" : 1.3123059,
      "z" : -0.49467844
    } ],
    "faces" : [ {
      "vertices" : [ 0, 1, 2 ]
    }, {
      "vertices" : [ 0, 2, 3 ]
    }, {
      "vertices" : [ 0, 3, 2 ]
    }, {
      "vertices" : [ 0, 2, 1 ]
    } ]
  }, {
    "id" : "00f6ace0-bb61-4fe6-bfd4-348a646e16ef",
    "vertices" : [ {
      "x" : -0.5,
      "y" : 0.0,
      "z" : 0.42705098
    }, {
      "x" : -0.48935688,
      "y" : 0.0,
      "z" : 0.45491502
    }, {
      "x" : -0.62335557,
      "y" : -0.2168144,
      "z" : 0.10410196
    }, {
      "x" : -0.618034,
      "y" : -0.19098301,
      "z" : 0.11803399
    } ],
    "faces" : [ {
      "vertices" : [ 0, 1, 2 ]
    }, {
      "vertices" : [ 0, 2, 3 ]
    }, {
      "vertices" : [ 0, 3, 2 ]
    }, {
      "vertices" : [ 0, 2, 1 ]
    } ]
  }, {
    "id" : "e3870899-e53a-4c14-b46e-99be05c9623b",
    "vertices" : [ {
      "x" : -0.8576497,
      "y" : 5.4508495,
      "z" : 0.563661
    }, {
      "x" : -0.809017,
      "y" : 5.4508495,
      "z" : 0.690983
    }, {
      "x" : -1.0,
      "y" : 5.7598667,
      "z" : 0.19098301
    }, {
      "x" : -0.9756837,
      "y" : 5.641833,
      "z" : 0.254644
    } ],
    "faces" : [ {
      "vertices" : [ 0, 1, 2 ]
    }, {
      "vertices" : [ 0, 2, 3 ]
    }, {
      "vertices" : [ 0, 3, 2 ]
    }, {
      "vertices" : [ 0, 2, 1 ]
    } ]
  }, {
    "id" : "53522e55-72ff-492a-89a6-908b2a83adb6",
    "vertices" : [ {
      "x" : -0.9756837,
      "y" : 2.3713229,
      "z" : 0.254644
    }, {
      "x" : -1.0,
      "y" : 2.489357,
      "z" : 0.19098301
    }, {
      "x" : -1.0,
      "y" : 1.8713229,
      "z" : 0.19098301
    }, {
      "x" : -0.9756837,
      "y" : 1.9893569,
      "z" : 0.254644
    } ],
    "faces" : [ {
      "vertices" : [ 0, 1, 2 ]
    }, {
      "vertices" : [ 0, 2, 3 ]
    }, {
      "vertices" : [ 0, 3, 2 ]
    }, {
      "vertices" : [ 0, 2, 1 ]
    } ]
  }, {
    "id" : "783a74b6-e690-492d-9b47-fbf6ce22c5ee",
    "vertices" : [ {
      "x" : -0.19098301,
      "y" : -0.309017,
      "z" : -0.11803399
    }, {
      "x" : -0.23606798,
      "y" : -0.19098301,
      "z" : 0.11803399
    }, {
      "x" : -1.0,
      "y" : -0.309017,
      "z" : 0.19098301
    } ],
    "faces" : [ {
      "vertices" : [ 0, 1, 2 ]
    }, {
      "vertices" : [ 0, 2, 1 ]
    } ]
  }, {
    "id" : "3a299507-91e3-4043-b4b7-8ccecf4291dc",
    "vertices" : [ {
      "x" : 0.090169944,
      "y" : 5.7147818,
      "z" : -0.045084972
    }, {
      "x" : -0.072949015,
      "y" : 5.7598667,
      "z" : -0.045084972
    }, {
      "x" : 0.072949015,
      "y" : 5.7598667,
      "z" : 0.045084972
    } ],
    "faces" : [ {
      "vertices" : [ 0, 1, 2 ]
    }, {
      "vertices" : [ 0, 2, 1 ]
    } ]
  }, {
    "id" : "2dfd3fec-7166-47cb-8f8a-debcffe97655",
    "vertices" : [ {
      "x" : 0.19098301,
      "y" : -0.309017,
      "z" : 0.11803399
    }, {
      "x" : 0.4045085,
      "y" : 0.0,
      "z" : 0.036474507
    }, {
      "x" : 0.809017,
      "y" : 0.0,
      "z" : 0.690983
    }, {
      "x" : 0.618034,
      "y" : -0.309017,
      "z" : 0.809017
    } ],
    "faces" : [ {
      "vertices" : [ 0, 1, 2 ]
    }, {
      "vertices" : [ 0, 2, 3 ]
    }, {
      "vertices" : [ 0, 3, 2 ]
    }, {
      "vertices" : [ 0, 2, 1 ]
    } ]
  }, {
    "id" : "76faa032-6d71-48ec-ad91-1003fc054c87",
    "vertices" : [ {
      "x" : 0.5854102,
      "y" : 3.4614928,
      "z" : 0.8291796
    }, {
      "x" : 0.38196602,
      "y" : 3.4614928,
      "z" : 0.5
    }, {
      "x" : 0.5,
      "y" : 3.2705097,
      "z" : 0.42705098
    }, {
      "x" : 0.7034442,
      "y" : 3.2705097,
      "z" : 0.7562306
    } ],
    "faces" : [ {
      "vertices" : [ 0, 1, 2 ]
    }, {
      "vertices" : [ 0, 2, 3 ]
    }, {
      "vertices" : [ 0, 3, 2 ]
    }, {
      "vertices" : [ 0, 2, 1 ]
    } ]
  }, {
    "id" : "15bf3621-c2e4-4a6e-bc7e-be718078ab92",
    "vertices" : [ {
      "x" : -0.5854102,
      "y" : 4.551663,
      "z" : -0.8291796
    }, {
      "x" : -0.618034,
      "y" : 4.669697,
      "z" : -0.809017
    }, {
      "x" : -0.309017,
      "y" : 4.551663,
      "z" : -1.0
    }, {
      "x" : -0.39442718,
      "y" : 4.478714,
      "z" : -0.9472136
    } ],
    "faces" : [ {
      "vertices" : [ 0, 1, 2 ]
    }, {
      "vertices" : [ 0, 2, 3 ]
    }, {
      "vertices" : [ 0, 3, 2 ]
    }, {
      "vertices" : [ 0, 2, 1 ]
    } ]
  }, {
    "id" : "b7e148ef-a2ef-40eb-b822-d86b69ac409e",
    "vertices" : [ {
      "x" : 0.19098301,
      "y" : 5.3328156,
      "z" : 0.618034
    }, {
      "x" : 0.16844052,
      "y" : 5.313562,
      "z" : 0.631966
    }, {
      "x" : 0.16844052,
      "y" : 5.588137,
      "z" : 0.631966
    }, {
      "x" : 0.19098301,
      "y" : 5.568884,
      "z" : 0.618034
    } ],
    "faces" : [ {
      "vertices" : [ 0, 1, 2 ]
    }, {
      "vertices" : [ 0, 2, 3 ]
    }, {
      "vertices" : [ 0, 3, 2 ]
    }, {
      "vertices" : [ 0, 2, 1 ]
    } ]
  }, {
    "id" : "71df744a-9b4b-4c52-9fc1-c6cb5f26cfff",
    "vertices" : [ {
      "x" : 0.5,
      "y" : 0.0,
      "z" : -0.42705098
    }, {
      "x" : 0.48935688,
      "y" : 0.0,
      "z" : -0.45491502
    }, {
      "x" : 0.62335557,
      "y" : -0.2168144,
      "z" : -0.10410196
    }, {
      "x" : 0.618034,
      "y" : -0.19098301,
      "z" : -0.11803399
    } ],
    "faces" : [ {
      "vertices" : [ 0, 1, 2 ]
    }, {
      "vertices" : [ 0, 2, 3 ]
    }, {
      "vertices" : [ 0, 3, 2 ]
    }, {
      "vertices" : [ 0, 2, 1 ]
    } ]
  }, {
    "id" : "1cb1807a-44e1-4aa1-86d8-a7e1b17f6f73",
    "vertices" : [ {
      "x" : -0.059016995,
      "y" : 1.0901699,
      "z" : 0.4045085
    }, {
      "x" : 0.309017,
      "y" : 1.281153,
      "z" : 1.0
    }, {
      "x" : -0.23606798,
      "y" : 1.281153,
      "z" : 0.11803399
    } ],
    "faces" : [ {
      "vertices" : [ 0, 1, 2 ]
    }, {
      "vertices" : [ 0, 2, 1 ]
    } ]
  }, {
    "id" : "9793925d-b665-4eb6-8227-cfe49f7b24e4",
    "vertices" : [ {
      "x" : 0.39442718,
      "y" : 2.062306,
      "z" : 0.9472136
    }, {
      "x" : 0.19098301,
      "y" : 2.062306,
      "z" : 0.618034
    }, {
      "x" : 0.19098301,
      "y" : 2.298374,
      "z" : 0.618034
    }, {
      "x" : 0.39442718,
      "y" : 2.298374,
      "z" : 0.9472136
    } ],
    "faces" : [ {
      "vertices" : [ 0, 1, 2 ]
    }, {
      "vertices" : [ 0, 2, 3 ]
    }, {
      "vertices" : [ 0, 3, 2 ]
    }, {
      "vertices" : [ 0, 2, 1 ]
    } ]
  }, {
    "id" : "36521be2-f547-4ac7-9772-4365d055ee99",
    "vertices" : [ {
      "x" : -1.0,
      "y" : 4.051663,
      "z" : 0.19098301
    }, {
      "x" : -0.23606798,
      "y" : 4.169697,
      "z" : 0.11803399
    }, {
      "x" : -0.059016995,
      "y" : 4.3606796,
      "z" : 0.4045085
    }, {
      "x" : -0.809017,
      "y" : 4.3606796,
      "z" : 0.690983
    } ],
    "faces" : [ {
      "vertices" : [ 0, 1, 2 ]
    }, {
      "vertices" : [ 0, 2, 3 ]
    }, {
      "vertices" : [ 0, 3, 2 ]
    }, {
      "vertices" : [ 0, 2, 1 ]
    } ]
  }, {
    "id" : "2546109d-df61-468d-acf1-ec304c66ecd0",
    "vertices" : [ {
      "x" : 0.19098301,
      "y" : 0.78115296,
      "z" : 0.11803399
    }, {
      "x" : 0.072949015,
      "y" : 0.78115296,
      "z" : 0.045084972
    }, {
      "x" : 0.090169944,
      "y" : 0.8262379,
      "z" : -0.045084972
    }, {
      "x" : 0.23606798,
      "y" : 0.8991869,
      "z" : -0.11803399
    } ],
    "faces" : [ {
      "vertices" : [ 0, 1, 2 ]
    }, {
      "vertices" : [ 0, 2, 3 ]
    }, {
      "vertices" : [ 0, 3, 2 ]
    }, {
      "vertices" : [ 0, 2, 1 ]
    } ]
  }, {
    "id" : "f37e246b-e9bf-48d9-8311-168891e11eb8",
    "vertices" : [ {
      "x" : 0.50532156,
      "y" : -0.2168144,
      "z" : -0.059016995
    }, {
      "x" : 0.3713229,
      "y" : 0.0,
      "z" : -0.40983006
    }, {
      "x" : 0.50532156,
      "y" : 0.2168144,
      "z" : -0.059016995
    } ],
    "faces" : [ {
      "vertices" : [ 0, 1, 2 ]
    }, {
      "vertices" : [ 0, 2, 1 ]
    } ]
  }, {
    "id" : "1e60cbc5-d04a-45f2-a361-7a280a779cc3",
    "vertices" : [ {
      "x" : 0.39442718,
      "y" : 4.2426457,
      "z" : 0.9472136
    }, {
      "x" : 0.19098301,
      "y" : 4.2426457,
      "z" : 0.618034
    }, {
      "x" : 0.19098301,
      "y" : 4.478714,
      "z" : 0.618034
    }, {
      "x" : 0.39442718,
      "y" : 4.478714,
      "z" : 0.9472136
    } ],
    "faces" : [ {
      "vertices" : [ 0, 1, 2 ]
    }, {
      "vertices" : [ 0, 2, 3 ]
    }, {
      "vertices" : [ 0, 3, 2 ]
    }, {
      "vertices" : [ 0, 2, 1 ]
    } ]
  }, {
    "id" : "b09484c6-ca25-4bd6-8b3f-7499d5527e89",
    "vertices" : [ {
      "x" : -0.40983006,
      "y" : 3.2705097,
      "z" : -0.21884705
    }, {
      "x" : -0.27254248,
      "y" : 3.048374,
      "z" : -0.30369544
    }, {
      "x" : -0.39057648,
      "y" : 3.048374,
      "z" : -0.49467844
    }, {
      "x" : -0.52786404,
      "y" : 3.2705097,
      "z" : -0.40983006
    } ],
    "faces" : [ {
      "vertices" : [ 0, 1, 2 ]
    }, {
      "vertices" : [ 0, 2, 3 ]
    }, {
      "vertices" : [ 0, 3, 2 ]
    }, {
      "vertices" : [ 0, 2, 1 ]
    } ]
  }, {
    "id" : "f848d48f-3e9c-4d64-b9a4-85fd8d9db0c1",
    "vertices" : [ {
      "x" : 0.7034442,
      "y" : 2.1803398,
      "z" : 0.7562306
    }, {
      "x" : 0.5,
      "y" : 2.1803398,
      "z" : 0.42705098
    }, {
      "x" : 0.38196602,
      "y" : 1.9893569,
      "z" : 0.5
    }, {
      "x" : 0.5854102,
      "y" : 1.9893569,
      "z" : 0.8291796
    } ],
    "faces" : [ {
      "vertices" : [ 0, 1, 2 ]
    }, {
      "vertices" : [ 0, 2, 3 ]
    }, {
      "vertices" : [ 0, 3, 2 ]
    }, {
      "vertices" : [ 0, 2, 1 ]
    } ]
  }, {
    "id" : "e018b74b-5fc2-45d1-8caa-7884a44cdf4a",
    "vertices" : [ {
      "x" : 0.059016995,
      "y" : 4.3606796,
      "z" : -0.4045085
    }, {
      "x" : 0.23606798,
      "y" : 4.169697,
      "z" : -0.11803399
    }, {
      "x" : -0.309017,
      "y" : 4.169697,
      "z" : -1.0
    }, {
      "x" : -0.309017,
      "y" : 4.551663,
      "z" : -1.0
    } ],
    "faces" : [ {
      "vertices" : [ 0, 1, 2 ]
    }, {
      "vertices" : [ 0, 2, 3 ]
    }, {
      "vertices" : [ 0, 3, 2 ]
    }, {
      "vertices" : [ 0, 2, 1 ]
    } ]
  }, {
    "id" : "7d06afd0-ab24-4217-b1d9-c75d6c59a926",
    "vertices" : [ {
      "x" : 0.38196602,
      "y" : 3.4614928,
      "z" : 0.5
    }, {
      "x" : 0.39057648,
      "y" : 3.4926457,
      "z" : 0.49467844
    }, {
      "x" : 0.52786404,
      "y" : 3.2705097,
      "z" : 0.40983006
    }, {
      "x" : 0.5,
      "y" : 3.2705097,
      "z" : 0.42705098
    } ],
    "faces" : [ {
      "vertices" : [ 0, 1, 2 ]
    }, {
      "vertices" : [ 0, 2, 3 ]
    }, {
      "vertices" : [ 0, 3, 2 ]
    }, {
      "vertices" : [ 0, 2, 1 ]
    } ]
  }, {
    "id" : "489df021-dbc3-42c2-b7e5-0551c0d81808",
    "vertices" : [ {
      "x" : 0.4045085,
      "y" : 5.4508495,
      "z" : 0.036474507
    }, {
      "x" : 1.0,
      "y" : 5.7598667,
      "z" : -0.19098301
    }, {
      "x" : 0.19098301,
      "y" : 5.7598667,
      "z" : 0.11803399
    } ],
    "faces" : [ {
      "vertices" : [ 0, 1, 2 ]
    }, {
      "vertices" : [ 0, 2, 1 ]
    } ]
  }, {
    "id" : "e8258d74-4958-4147-b9ac-f32645eb6c0b",
    "vertices" : [ {
      "x" : -0.27254248,
      "y" : 1.9582039,
      "z" : -0.30369544
    }, {
      "x" : -0.05040653,
      "y" : 2.0430524,
      "z" : -0.440983
    }, {
      "x" : -0.16844052,
      "y" : 2.0430524,
      "z" : -0.631966
    }, {
      "x" : -0.39057648,
      "y" : 1.9582039,
      "z" : -0.49467844
    } ],
    "faces" : [ {
      "vertices" : [ 0, 1, 2 ]
    }, {
      "vertices" : [ 0, 2, 3 ]
    }, {
      "vertices" : [ 0, 3, 2 ]
    }, {
      "vertices" : [ 0, 2, 1 ]
    } ]
  }, {
    "id" : "c0245548-55f6-4076-8a69-53c9f84ca7be",
    "vertices" : [ {
      "x" : -0.059016995,
      "y" : 4.3606796,
      "z" : 0.4045085
    }, {
      "x" : -0.23606798,
      "y" : 4.551663,
      "z" : 0.11803399
    }, {
      "x" : -1.0,
      "y" : 4.669697,
      "z" : 0.19098301
    }, {
      "x" : -0.809017,
      "y" : 4.3606796,
      "z" : 0.690983
    } ],
    "faces" : [ {
      "vertices" : [ 0, 1, 2 ]
    }, {
      "vertices" : [ 0, 2, 3 ]
    }, {
      "vertices" : [ 0, 3, 2 ]
    }, {
      "vertices" : [ 0, 2, 1 ]
    } ]
  }, {
    "id" : "db87a198-4ea6-40eb-993d-3aa7c5b969fa",
    "vertices" : [ {
      "x" : -0.059016995,
      "y" : 1.0901699,
      "z" : 0.4045085
    }, {
      "x" : -0.23606798,
      "y" : 1.281153,
      "z" : 0.11803399
    }, {
      "x" : -1.0,
      "y" : 1.399187,
      "z" : 0.19098301
    }, {
      "x" : -0.809017,
      "y" : 1.0901699,
      "z" : 0.690983
    } ],
    "faces" : [ {
      "vertices" : [ 0, 1, 2 ]
    }, {
      "vertices" : [ 0, 2, 3 ]
    }, {
      "vertices" : [ 0, 3, 2 ]
    }, {
      "vertices" : [ 0, 2, 1 ]
    } ]
  }, {
    "id" : "f4313b77-b3a0-487f-b03c-f52724fc8d4f",
    "vertices" : [ {
      "x" : -0.8576497,
      "y" : 2.1803398,
      "z" : 0.563661
    }, {
      "x" : -0.809017,
      "y" : 2.1803398,
      "z" : 0.690983
    }, {
      "x" : -1.0,
      "y" : 2.489357,
      "z" : 0.19098301
    }, {
      "x" : -0.9756837,
      "y" : 2.3713229,
      "z" : 0.254644
    } ],
    "faces" : [ {
      "vertices" : [ 0, 1, 2 ]
    }, {
      "vertices" : [ 0, 2, 3 ]
    }, {
      "vertices" : [ 0, 3, 2 ]
    }, {
      "vertices" : [ 0, 2, 1 ]
    } ]
  }, {
    "id" : "d4a7fa71-137c-4959-9fad-282d4be153e6",
    "vertices" : [ {
      "x" : 0.809017,
      "y" : 1.0901699,
      "z" : -0.690983
    }, {
      "x" : 1.0,
      "y" : 0.78115296,
      "z" : -0.19098301
    }, {
      "x" : 0.23606798,
      "y" : 0.8991869,
      "z" : -0.11803399
    }, {
      "x" : 0.059016995,
      "y" : 1.0901699,
      "z" : -0.4045085
    } ],
    "faces" : [ {
      "vertices" : [ 0, 1, 2 ]
    }, {
      "vertices" : [ 0, 2, 3 ]
    }, {
      "vertices" : [ 0, 3, 2 ]
    }, {
      "vertices" : [ 0, 2, 1 ]
    } ]
  }, {
    "id" : "0562cc76-8056-463d-ae95-b86d4da587cb",
    "vertices" : [ {
      "x" : 0.5,
      "y" : 2.1803398,
      "z" : 0.42705098
    }, {
      "x" : 0.52786404,
      "y" : 2.1803398,
      "z" : 0.40983006
    }, {
      "x" : 0.39057648,
      "y" : 1.9582039,
      "z" : 0.49467844
    }, {
      "x" : 0.38196602,
      "y" : 1.9893569,
      "z" : 0.5
    } ],
    "faces" : [ {
      "vertices" : [ 0, 1, 2 ]
    }, {
      "vertices" : [ 0, 2, 3 ]
    }, {
      "vertices" : [ 0, 3, 2 ]
    }, {
      "vertices" : [ 0, 2, 1 ]
    } ]
  }, {
    "id" : "723ec602-68d6-49f7-933b-73de765f04b7",
    "vertices" : [ {
      "x" : 0.23606798,
      "y" : 0.8991869,
      "z" : -0.11803399
    }, {
      "x" : -0.19098301,
      "y" : 0.78115296,
      "z" : -0.11803399
    }, {
      "x" : -0.618034,
      "y" : 0.78115296,
      "z" : -0.809017
    }, {
      "x" : -0.309017,
      "y" : 0.8991869,
      "z" : -1.0
    } ],
    "faces" : [ {
      "vertices" : [ 0, 1, 2 ]
    }, {
      "vertices" : [ 0, 2, 3 ]
    }, {
      "vertices" : [ 0, 3, 2 ]
    }, {
      "vertices" : [ 0, 2, 1 ]
    } ]
  }, {
    "id" : "15caf345-0c57-4b30-b490-c12c87eb5dc3",
    "vertices" : [ {
      "x" : -0.4045085,
      "y" : 2.1803398,
      "z" : -0.036474507
    }, {
      "x" : -0.19098301,
      "y" : 1.8713229,
      "z" : -0.11803399
    }, {
      "x" : -1.0,
      "y" : 1.8713229,
      "z" : 0.19098301
    } ],
    "faces" : [ {
      "vertices" : [ 0, 1, 2 ]
    }, {
      "vertices" : [ 0, 2, 1 ]
    } ]
  }, {
    "id" : "3f70eefb-6186-4daf-85e5-427780f1c5bc",
    "vertices" : [ {
      "x" : 0.38196602,
      "y" : 5.2598667,
      "z" : 0.5
    }, {
      "x" : 0.39057648,
      "y" : 5.228714,
      "z" : 0.49467844
    }, {
      "x" : 0.16844052,
      "y" : 5.313562,
      "z" : 0.631966
    }, {
      "x" : 0.19098301,
      "y" : 5.3328156,
      "z" : 0.618034
    } ],
    "faces" : [ {
      "vertices" : [ 0, 1, 2 ]
    }, {
      "vertices" : [ 0, 2, 3 ]
    }, {
      "vertices" : [ 0, 3, 2 ]
    }, {
      "vertices" : [ 0, 2, 1 ]
    } ]
  }, {
    "id" : "30cffa9c-ecfd-4557-85fb-21a5b295764f",
    "vertices" : [ {
      "x" : -0.48935688,
      "y" : 5.4508495,
      "z" : 0.45491502
    }, {
      "x" : -0.3713229,
      "y" : 5.4508495,
      "z" : 0.40983006
    }, {
      "x" : -0.50532156,
      "y" : 5.2340355,
      "z" : 0.059016995
    }, {
      "x" : -0.62335557,
      "y" : 5.2340355,
      "z" : 0.10410196
    } ],
    "faces" : [ {
      "vertices" : [ 0, 1, 2 ]
    }, {
      "vertices" : [ 0, 2, 3 ]
    }, {
      "vertices" : [ 0, 3, 2 ]
    }, {
      "vertices" : [ 0, 2, 1 ]
    } ]
  }, {
    "id" : "63ac194a-b71c-4507-bfdd-bf28df344d6d",
    "vertices" : [ {
      "x" : 0.5,
      "y" : 2.1803398,
      "z" : -0.42705098
    }, {
      "x" : 0.618034,
      "y" : 1.9893569,
      "z" : -0.11803399
    }, {
      "x" : 0.9756837,
      "y" : 1.9893569,
      "z" : -0.254644
    }, {
      "x" : 0.8576497,
      "y" : 2.1803398,
      "z" : -0.563661
    } ],
    "faces" : [ {
      "vertices" : [ 0, 1, 2 ]
    }, {
      "vertices" : [ 0, 2, 3 ]
    }, {
      "vertices" : [ 0, 3, 2 ]
    }, {
      "vertices" : [ 0, 2, 1 ]
    } ]
  }, {
    "id" : "8e3e42d8-4aba-4872-9a84-b82e8ae4773d",
    "vertices" : [ {
      "x" : -0.27254248,
      "y" : 5.6729856,
      "z" : -0.30369544
    }, {
      "x" : -0.05040653,
      "y" : 5.588137,
      "z" : -0.440983
    }, {
      "x" : -0.05040653,
      "y" : 5.313562,
      "z" : -0.440983
    }, {
      "x" : -0.27254248,
      "y" : 5.228714,
      "z" : -0.30369544
    }, {
      "x" : -0.40983006,
      "y" : 5.4508495,
      "z" : -0.21884705
    } ],
    "faces" : [ {
      "vertices" : [ 0, 1, 2 ]
    }, {
      "vertices" : [ 0, 2, 3 ]
    }, {
      "vertices" : [ 0, 3, 4 ]
    }, {
      "vertices" : [ 0, 4, 3 ]
    }, {
      "vertices" : [ 0, 3, 2 ]
    }, {
      "vertices" : [ 0, 2, 1 ]
    } ]
  }, {
    "id" : "9b0d8451-200f-4d36-b257-a8dc901c39f3",
    "vertices" : [ {
      "x" : 0.5854102,
      "y" : 0.8991869,
      "z" : 0.8291796
    }, {
      "x" : 0.38196602,
      "y" : 0.8991869,
      "z" : 0.5
    }, {
      "x" : 0.19098301,
      "y" : 0.97213596,
      "z" : 0.618034
    }, {
      "x" : 0.39442718,
      "y" : 0.97213596,
      "z" : 0.9472136
    } ],
    "faces" : [ {
      "vertices" : [ 0, 1, 2 ]
    }, {
      "vertices" : [ 0, 2, 3 ]
    }, {
      "vertices" : [ 0, 3, 2 ]
    }, {
      "vertices" : [ 0, 2, 1 ]
    } ]
  }, {
    "id" : "14737f2c-ba75-4def-a280-01fcce8ad7f9",
    "vertices" : [ {
      "x" : -0.5854102,
      "y" : 4.169697,
      "z" : -0.8291796
    }, {
      "x" : -0.38196602,
      "y" : 4.169697,
      "z" : -0.5
    }, {
      "x" : -0.19098301,
      "y" : 4.2426457,
      "z" : -0.618034
    }, {
      "x" : -0.39442718,
      "y" : 4.2426457,
      "z" : -0.9472136
    } ],
    "faces" : [ {
      "vertices" : [ 0, 1, 2 ]
    }, {
      "vertices" : [ 0, 2, 3 ]
    }, {
