{
  "field" : "golden",
  "symmetry" : "icosahedral",
  "orientations" : [ [ 1.0, 0.0, 0.0, 0.0, 0.0, 1.0, 0.0, 0.0, 0.0, 0.0, 1.0, 0.0, 0.0, 0.0, 0.0, 1.0 ], [ 0.0, 0.0, 1.0, 0.0, 1.0, 0.0, 0.0, 0.0, 0.0, 1.0, 0.0, 0.0, 0.0, 0.0, 0.0, 1.0 ], [ 0.0, 1.0, 0.0, 0.0, 0.0, 0.0, 1.0, 0.0, 1.0, 0.0, 0.0, 0.0, 0.0, 0.0, 0.0, 1.0 ], [ 0.809017, 0.309017, 0.5, 0.0, 0.309017, 0.5, -0.809017, 0.0, -0.5, 0.809017, 0.309017, 0.0, 0.0, 0.0, 0.0, 1.0 ], [ -0.5, 0.809017, 0.309017, 0.0, 0.809017, 0.309017, 0.5, 0.0, 0.309017, 0.5, -0.809017, 0.0, 0.0, 0.0, 0.0, 1.0 ], [ 0.309017, 0.5, -0.809017, 0.0, -0.5, 0.809017, 0.309017, 0.0, 0.809017, 0.309017, 0.5, 0.0, 0.0, 0.0, 0.0, 1.0 ], [ 0.5, 0.809017, 0.309017, 0.0, 0.809017, -0.309017, -0.5, 0.0, -0.309017, 0.5, -0.809017, 0.0, 0.0, 0.0, 0.0, 1.0 ], [ -0.309017, 0.5, -0.809017, 0.0, 0.5, 0.809017, 0.309017, 0.0, 0.809017, -0.309017, -0.5, 0.0, 0.0, 0.0, 0.0, 1.0 ], [ 0.809017, -0.309017, -0.5, 0.0, -0.309017, 0.5, -0.809017, 0.0, 0.5, 0.809017, 0.309017, 0.0, 0.0, 0.0, 0.0, 1.0 ], [ 0.5, 0.809017, -0.309017, 0.0, 0.809017, -0.309017, 0.5, 0.0, 0.309017, -0.5, -0.809017, 0.0, 0.0, 0.0, 0.0, 1.0 ], [ 0.309017, -0.5, -0.809017, 0.0, 0.5, 0.809017, -0.309017, 0.0, 0.809017, -0.309017, 0.5, 0.0, 0.0, 0.0, 0.0, 1.0 ], [ 0.809017, -0.309017, 0.5, 0.0, 0.309017, -0.5, -0.809017, 0.0, 0.5, 0.809017, -0.309017, 0.0, 0.0, 0.0, 0.0, 1.0 ], [ 0.809017, 0.309017, -0.5, 0.0, 0.309017, 0.5, 0.809017, 0.0, 0.5, -0.809017, 0.309017, 0.0, 0.0, 0.0, 0.0, 1.0 ], [ 0.5, -0.809017, 0.309017, 0.0, 0.809017, 0.309017, -0.5, 0.0, 0.309017, 0.5, 0.809017, 0.0, 0.0, 0.0, 0.0, 1.0 ], [ 0.309017, 0.5, 0.809017, 0.0, 0.5, -0.809017, 0.309017, 0.0, 0.809017, 0.309017, -0.5, 0.0, 0.0, 0.0, 0.0, 1.0 ], [ 1.0, 0.0, 0.0, 0.0, 0.0, -1.0, 0.0, 0.0, 0.0, 0.0, -1.0, 0.0, 0.0, 0.0, 0.0, 1.0 ], [ 0.0, 0.0, 1.0, 0.0, -1.0, 0.0, 0.0, 0.0, 0.0, -1.0, 0.0, 0.0, 0.0, 0.0, 0.0, 1.0 ], [ 0.0, 1.0, 0.0, 0.0, 0.0, 0.0, -1.0, 0.0, -1.0, 0.0, 0.0, 0.0, 0.0, 0.0, 0.0, 1.0 ], [ 0.809017, 0.309017, 0.5, 0.0, -0.309017, -0.5, 0.809017, 0.0, 0.5, -0.809017, -0.309017, 0.0, 0.0, 0.0, 0.0, 1.0 ], [ -0.5, 0.809017, 0.309017, 0.0, -0.809017, -0.309017, -0.5, 0.0, -0.309017, -0.5, 0.809017, 0.0, 0.0, 0.0, 0.0, 1.0 ], [ 0.309017, 0.5, -0.809017, 0.0, 0.5, -0.809017, -0.309017, 0.0, -0.809017, -0.309017, -0.5, 0.0, 0.0, 0.0, 0.0, 1.0 ], [ 0.5, 0.809017, 0.309017, 0.0, -0.809017, 0.309017, 0.5, 0.0, 0.309017, -0.5, 0.809017, 0.0, 0.0, 0.0, 0.0, 1.0 ], [ -0.309017, 0.5, -0.809017, 0.0, -0.5, -0.809017, -0.309017, 0.0, -0.809017, 0.309017, 0.5, 0.0, 0.0, 0.0, 0.0, 1.0 ], [ 0.809017, -0.309017, -0.5, 0.0, 0.309017, -0.5, 0.809017, 0.0, -0.5, -0.809017, -0.309017, 0.0, 0.0, 0.0, 0.0, 1.0 ], [ 0.5, 0.809017, -0.309017, 0.0, -0.809017, 0.309017, -0.5, 0.0, -0.309017, 0.5, 0.809017, 0.0, 0.0, 0.0, 0.0, 1.0 ], [ 0.309017, -0.5, -0.809017, 0.0, -0.5, -0.809017, 0.309017, 0.0, -0.809017, 0.309017, -0.5, 0.0, 0.0, 0.0, 0.0, 1.0 ], [ 0.809017, -0.309017, 0.5, 0.0, -0.309017, 0.5, 0.809017, 0.0, -0.5, -0.809017, 0.309017, 0.0, 0.0, 0.0, 0.0, 1.0 ], [ 0.809017, 0.309017, -0.5, 0.0, -0.309017, -0.5, -0.809017, 0.0, -0.5, 0.809017, -0.309017, 0.0, 0.0, 0.0, 0.0, 1.0 ], [ 0.5, -0.809017, 0.309017, 0.0, -0.809017, -0.309017, 0.5, 0.0, -0.309017, -0.5, -0.809017, 0.0, 0.0, 0.0, 0.0, 1.0 ], [ 0.309017, 0.5, 0.809017, 0.0, -0.5, 0.809017, -0.309017, 0.0, -0.809017, -0.309017, 0.5, 0.0, 0.0, 0.0, 0.0, 1.0 ], [ -1.0, 0.0, 0.0, 0.0, 0.0, -1.0, 0.0, 0.0, 0.0, 0.0, 1.0, 0.0, 0.0, 0.0, 0.0, 1.0 ], [ 0.0, 0.0, -1.0, 0.0, -1.0, 0.0, 0.0, 0.0, 0.0, 1.0, 0.0, 0.0, 0.0, 0.0, 0.0, 1.0 ], [ 0.0, -1.0, 0.0, 0.0, 0.0, 0.0, -1.0, 0.0, 1.0, 0.0, 0.0, 0.0, 0.0, 0.0, 0.0, 1.0 ], [ -0.809017, -0.309017, -0.5, 0.0, -0.309017, -0.5, 0.809017, 0.0, -0.5, 0.809017, 0.309017, 0.0, 0.0, 0.0, 0.0, 1.0 ], [ 0.5, -0.809017, -0.309017, 0.0, -0.809017, -0.309017, -0.5, 0.0, 0.309017, 0.5, -0.809017, 0.0, 0.0, 0.0, 0.0, 1.0 ], [ -0.309017, -0.5, 0.809017, 0.0, 0.5, -0.809017, -0.309017, 0.0, 0.809017, 0.309017, 0.5, 0.0, 0.0, 0.0, 0.0, 1.0 ], [ -0.5, -0.809017, -0.309017, 0.0, -0.809017, 0.309017, 0.5, 0.0, -0.309017, 0.5, -0.809017, 0.0, 0.0, 0.0, 0.0, 1.0 ], [ 0.309017, -0.5, 0.809017, 0.0, -0.5, -0.809017, -0.309017, 0.0, 0.809017, -0.309017, -0.5, 0.0, 0.0, 0.0, 0.0, 1.0 ], [ -0.809017, 0.309017, 0.5, 0.0, 0.309017, -0.5, 0.809017, 0.0, 0.5, 0.809017, 0.309017, 0.0, 0.0, 0.0, 0.0, 1.0 ], [ -0.5, -0.809017, 0.309017, 0.0, -0.809017, 0.309017, -0.5, 0.0, 0.309017, -0.5, -0.809017, 0.0, 0.0, 0.0, 0.0, 1.0 ], [ -0.309017, 0.5, 0.809017, 0.0, -0.5, -0.809017, 0.309017, 0.0, 0.809017, -0.309017, 0.5, 0.0, 0.0, 0.0, 0.0, 1.0 ], [ -0.809017, 0.309017, -0.5, 0.0, -0.309017, 0.5, 0.809017, 0.0, 0.5, 0.809017, -0.309017, 0.0, 0.0, 0.0, 0.0, 1.0 ], [ -0.809017, -0.309017, 0.5, 0.0, -0.309017, -0.5, -0.809017, 0.0, 0.5, -0.809017, 0.309017, 0.0, 0.0, 0.0, 0.0, 1.0 ], [ -0.5, 0.809017, -0.309017, 0.0, -0.809017, -0.309017, 0.5, 0.0, 0.309017, 0.5, 0.809017, 0.0, 0.0, 0.0, 0.0, 1.0 ], [ -0.309017, -0.5, -0.809017, 0.0, -0.5, 0.809017, -0.309017, 0.0, 0.809017, 0.309017, -0.5, 0.0, 0.0, 0.0, 0.0, 1.0 ], [ -1.0, 0.0, 0.0, 0.0, 0.0, 1.0, 0.0, 0.0, 0.0, 0.0, -1.0, 0.0, 0.0, 0.0, 0.0, 1.0 ], [ 0.0, 0.0, -1.0, 0.0, 1.0, 0.0, 0.0, 0.0, 0.0, -1.0, 0.0, 0.0, 0.0, 0.0, 0.0, 1.0 ], [ 0.0, -1.0, 0.0, 0.0, 0.0, 0.0, 1.0, 0.0, -1.0, 0.0, 0.0, 0.0, 0.0, 0.0, 0.0, 1.0 ], [ -0.809017, -0.309017, -0.5, 0.0, 0.309017, 0.5, -0.809017, 0.0, 0.5, -0.809017, -0.309017, 0.0, 0.0, 0.0, 0.0, 1.0 ], [ 0.5, -0.809017, -0.309017, 0.0, 0.809017, 0.309017, 0.5, 0.0, -0.309017, -0.5, 0.809017, 0.0, 0.0, 0.0, 0.0, 1.0 ], [ -0.309017, -0.5, 0.809017, 0.0, -0.5, 0.809017, 0.309017, 0.0, -0.809017, -0.309017, -0.5, 0.0, 0.0, 0.0, 0.0, 1.0 ], [ -0.5, -0.809017, -0.309017, 0.0, 0.809017, -0.309017, -0.5, 0.0, 0.309017, -0.5, 0.809017, 0.0, 0.0, 0.0, 0.0, 1.0 ], [ 0.309017, -0.5, 0.809017, 0.0, 0.5, 0.809017, 0.309017, 0.0, -0.809017, 0.309017, 0.5, 0.0, 0.0, 0.0, 0.0, 1.0 ], [ -0.809017, 0.309017, 0.5, 0.0, -0.309017, 0.5, -0.809017, 0.0, -0.5, -0.809017, -0.309017, 0.0, 0.0, 0.0, 0.0, 1.0 ], [ -0.5, -0.809017, 0.309017, 0.0, 0.809017, -0.309017, 0.5, 0.0, -0.309017, 0.5, 0.809017, 0.0, 0.0, 0.0, 0.0, 1.0 ], [ -0.309017, 0.5, 0.809017, 0.0, 0.5, 0.809017, -0.309017, 0.0, -0.809017, 0.309017, -0.5, 0.0, 0.0, 0.0, 0.0, 1.0 ], [ -0.809017, 0.309017, -0.5, 0.0, 0.309017, -0.5, -0.809017, 0.0, -0.5, -0.809017, 0.309017, 0.0, 0.0, 0.0, 0.0, 1.0 ], [ -0.809017, -0.309017, 0.5, 0.0, 0.309017, 0.5, 0.809017, 0.0, -0.5, 0.809017, -0.309017, 0.0, 0.0, 0.0, 0.0, 1.0 ], [ -0.5, 0.809017, -0.309017, 0.0, 0.809017, 0.309017, -0.5, 0.0, -0.309017, -0.5, -0.809017, 0.0, 0.0, 0.0, 0.0, 1.0 ], [ -0.309017, -0.5, -0.809017, 0.0, 0.5, -0.809017, 0.309017, 0.0, -0.809017, -0.309017, 0.5, 0.0, 0.0, 0.0, 0.0, 1.0 ] ],
  "lights" : {
    "ambientColor" : "#292929",
    "backgroundColor" : "#000000",
    "directionalLights" : [ {
      "direction" : [ 1.0, -1.0, -1.0 ],
      "color" : "#EBEBE4"
    }, {
      "direction" : [ -1.0, 0.0, 0.0 ],
      "color" : "#E4E4EB"
    }, {
      "direction" : [ 0.0, 0.0, -1.0 ],
      "color" : "#1E1E1E"
    } ]
  },
  "camera" : {
    "lookDirection" : {
      "x" : -0.5120892,
      "y" : -0.007978427,
      "z" : 0.8588914
    },
    "upDirection" : {
      "x" : 0.55730295,
      "y" : -0.76398504,
      "z" : 0.32517654
    },
    "lookAtPoint" : {
      "x" : 0.0,
      "y" : 0.0,
      "z" : 0.0
    },
    "viewDistance" : 407.02704,
    "nearClipDistance" : 1.0175675,
    "farClipDistance" : 814.05334,
    "fieldOfView" : 0.44262913,
    "perspective" : true,
    "width" : 183.16228,
    "stereo" : false,
    "position" : {
      "x" : 208.43414,
      "y" : 3.2474356,
      "z" : -349.59204
    }
  },
  "embedding" : [ 1.0, 0.0, 0.0, 0.0, 0.0, 1.0, 0.0, 0.0, 0.0, 0.0, 1.0, 0.0, 0.0, 0.0, 0.0, 1.0 ],
  "shapes" : [ {
    "id" : "d151a058-934e-4eef-9e8a-a586c0fd8411",
    "vertices" : [ {
      "x" : -20.562305,
      "y" : -16.326239,
      "z" : -5.545085
    }, {
      "x" : -23.18034,
      "y" : -17.326239,
      "z" : -11.09017
    }, {
      "x" : -2.618034,
      "y" : -17.944271,
      "z" : -6.854102
    }, {
      "x" : -7.104102,
      "y" : -16.730747,
      "z" : -2.7725425
    } ],
    "faces" : [ {
      "vertices" : [ 0, 1, 2 ]
    }, {
      "vertices" : [ 0, 2, 3 ]
    }, {
      "vertices" : [ 0, 3, 2 ]
    }, {
      "vertices" : [ 0, 2, 1 ]
    } ]
  }, {
    "id" : "26b0da31-88b2-4a3f-88f5-1173168dfc9f",
    "vertices" : [ {
      "x" : -22.025831,
      "y" : 1.868034,
      "z" : -16.230747
    }, {
      "x" : -28.629932,
      "y" : -1.9635255,
      "z" : -19.003288
    }, {
      "x" : -26.5119,
      "y" : -12.2446785,
      "z" : -10.031153
    }, {
      "x" : -19.907797,
      "y" : -8.413119,
      "z" : -7.2586102
    } ],
    "faces" : [ {
      "vertices" : [ 0, 1, 2 ]
    }, {
      "vertices" : [ 0, 2, 3 ]
    }, {
      "vertices" : [ 0, 3, 2 ]
    }, {
      "vertices" : [ 0, 2, 1 ]
    } ]
  }, {
    "id" : "437b8c5e-e054-4e60-ab09-6335370287cc",
    "vertices" : [ {
      "x" : 4.736068,
      "y" : -6.045085,
      "z" : -8.972136
    }, {
      "x" : 5.3905764,
      "y" : -13.958204,
      "z" : -10.685661
    }, {
      "x" : 17.789762,
      "y" : -11.84017,
      "z" : -16.230747
    }, {
      "x" : 17.135256,
      "y" : -3.927051,
      "z" : -14.5172205
    } ],
    "faces" : [ {
      "vertices" : [ 0, 1, 2 ]
    }, {
      "vertices" : [ 0, 2, 3 ]
    }, {
      "vertices" : [ 0, 3, 2 ]
    }, {
      "vertices" : [ 0, 2, 1 ]
    } ]
  }, {
    "id" : "bdb2abee-f845-45d1-97ae-417c8833b13f",
    "vertices" : [ {
      "x" : -2.7725425,
      "y" : 7.104102,
      "z" : 16.730747
    }, {
      "x" : -6.854102,
      "y" : 2.618034,
      "z" : 17.944271
    }, {
      "x" : 13.708204,
      "y" : 0.0,
      "z" : 13.708204
    }, {
      "x" : 10.685661,
      "y" : 5.3905764,
      "z" : 13.958204
    } ],
    "faces" : [ {
      "vertices" : [ 0, 1, 2 ]
    }, {
      "vertices" : [ 0, 2, 3 ]
    }, {
      "vertices" : [ 0, 3, 2 ]
    }, {
      "vertices" : [ 0, 2, 1 ]
    } ]
  }, {
    "id" : "d14b162f-da1f-4185-8736-cc0719203b32",
    "vertices" : [ {
      "x" : 32.711494,
      "y" : 13.612713,
      "z" : 17.289762
    }, {
      "x" : 38.506577,
      "y" : 12.708204,
      "z" : 15.326238
    }, {
      "x" : 27.416409,
      "y" : 30.652475,
      "z" : 13.708204
    }, {
      "x" : 25.452883,
      "y" : 25.357391,
      "z" : 16.230747
    } ],
    "faces" : [ {
      "vertices" : [ 0, 1, 2 ]
    }, {
      "vertices" : [ 0, 2, 3 ]
    }, {
      "vertices" : [ 0, 3, 2 ]
    }, {
      "vertices" : [ 0, 2, 1 ]
    } ]
  }, {
    "id" : "29c2ecdd-a334-42b0-8788-127e7854a7ff",
    "vertices" : [ {
      "x" : -4.486068,
      "y" : 26.5119,
      "z" : -5.3905764
    }, {
      "x" : -1.7135255,
      "y" : 33.116,
      "z" : -9.222136
    }, {
      "x" : 0.0,
      "y" : 39.315594,
      "z" : 2.927051
    }, {
      "x" : -2.7725425,
      "y" : 32.711494,
      "z" : 6.7586102
    } ],
    "faces" : [ {
      "vertices" : [ 0, 1, 2 ]
    }, {
      "vertices" : [ 0, 2, 3 ]
    }, {
      "vertices" : [ 0, 3, 2 ]
    }, {
      "vertices" : [ 0, 2, 1 ]
    } ]
  }, {
    "id" : "79986f9c-e4e1-4de7-a3ea-bcc5516e8eda",
    "vertices" : [ {
      "x" : -16.230747,
      "y" : -22.025831,
      "z" : 1.868034
    }, {
      "x" : -22.43034,
      "y" : -20.966814,
      "z" : -3.2725425
    }, {
      "x" : -25.202883,
      "y" : -8.817628,
      "z" : 2.677051
    }, {
      "x" : -19.003288,
      "y" : -9.876644,
      "z" : 7.8176274
    } ],
    "faces" : [ {
      "vertices" : [ 0, 1, 2 ]
    }, {
      "vertices" : [ 0, 2, 3 ]
    }, {
      "vertices" : [ 0, 3, 2 ]
    }, {
      "vertices" : [ 0, 2, 1 ]
    } ]
  }, {
    "id" : "7e9be539-52e9-4260-a9ea-8b27f7f30ce8",
    "vertices" : [ {
      "x" : 2.7725425,
      "y" : 5.295085,
      "z" : -10.185661
    }, {
      "x" : 0.0,
      "y" : 11.899187,
      "z" : -14.0172205
    }, {
      "x" : 1.7135255,
      "y" : 5.6995935,
      "z" : -26.166409
    }, {
      "x" : 4.486068,
      "y" : -0.9045085,
      "z" : -22.334848
    } ],
    "faces" : [ {
      "vertices" : [ 0, 1, 2 ]
    }, {
      "vertices" : [ 0, 2, 3 ]
    }, {
      "vertices" : [ 0, 3, 2 ]
    }, {
      "vertices" : [ 0, 2, 1 ]
    } ]
  }, {
    "id" : "a64c4c5c-54ce-4706-bad0-824d3b725c94",
    "vertices" : [ {
      "x" : -19.907797,
      "y" : -8.413119,
      "z" : -7.2586102
    }, {
      "x" : -18.84878,
      "y" : -13.553696,
      "z" : -13.458204
    }, {
      "x" : -20.966814,
      "y" : -3.2725425,
      "z" : -22.43034
    }, {
      "x" : -22.025831,
      "y" : 1.868034,
      "z" : -16.230747
    } ],
    "faces" : [ {
      "vertices" : [ 0, 1, 2 ]
    }, {
      "vertices" : [ 0, 2, 3 ]
    }, {
      "vertices" : [ 0, 3, 2 ]
    }, {
      "vertices" : [ 0, 2, 1 ]
    } ]
  }, {
    "id" : "b11d3be0-b0ca-4d62-9373-06f051a4f963",
    "vertices" : [ {
      "x" : 10.031153,
      "y" : -4.6405764,
      "z" : 24.452883
    }, {
      "x" : 6.854102,
      "y" : -5.854102,
      "z" : 29.652475
    }, {
      "x" : 4.236068,
      "y" : -15.326238,
      "z" : 11.09017
    }, {
      "x" : 8.317628,
      "y" : -10.84017,
      "z" : 12.303696
    } ],
    "faces" : [ {
      "vertices" : [ 0, 1, 2 ]
    }, {
      "vertices" : [ 0, 2, 3 ]
    }, {
      "vertices" : [ 0, 3, 2 ]
    }, {
      "vertices" : [ 0, 2, 1 ]
    } ]
  }, {
    "id" : "b8b81a10-cbc3-461f-ba37-b99839018fd5",
    "vertices" : [ {
      "x" : 2.5225425,
      "y" : -5.6995935,
      "z" : -10.031153
    }, {
      "x" : 9.126644,
      "y" : -9.531153,
      "z" : -12.803696
    }, {
      "x" : 11.899187,
      "y" : -14.0172205,
      "z" : 0.0
    }, {
      "x" : 5.295085,
      "y" : -10.185661,
      "z" : 2.7725425
    } ],
    "faces" : [ {
      "vertices" : [ 0, 1, 2 ]
    }, {
      "vertices" : [ 0, 2, 3 ]
    }, {
      "vertices" : [ 0, 3, 2 ]
    }, {
      "vertices" : [ 0, 2, 1 ]
    } ]
  }, {
    "id" : "368e5c26-0010-4e12-bd5c-50212c641909",
    "vertices" : [ {
      "x" : -13.958204,
      "y" : -10.685661,
      "z" : -5.3905764
    }, {
      "x" : -17.944271,
      "y" : -6.854102,
      "z" : -2.618034
    }, {
      "x" : -17.326239,
      "y" : -11.09017,
      "z" : -23.18034
    }, {
      "x" : -13.553696,
      "y" : -13.458204,
      "z" : -18.84878
    } ],
    "faces" : [ {
      "vertices" : [ 0, 1, 2 ]
    }, {
      "vertices" : [ 0, 2, 3 ]
    }, {
      "vertices" : [ 0, 3, 2 ]
    }, {
      "vertices" : [ 0, 2, 1 ]
    } ]
  }, {
    "id" : "6d93aeea-ee61-45ec-8ca6-6b47015889c3",
    "vertices" : [ {
      "x" : -19.003288,
      "y" : 17.539762,
      "z" : 9.126644
    }, {
      "x" : -24.548374,
      "y" : 23.084848,
      "z" : 7.0086102
    }, {
      "x" : -17.289762,
      "y" : 32.711494,
      "z" : 13.612713
    }, {
      "x" : -11.7446785,
      "y" : 27.166409,
      "z" : 15.730746
    } ],
    "faces" : [ {
      "vertices" : [ 0, 1, 2 ]
    }, {
      "vertices" : [ 0, 2, 3 ]
    }, {
      "vertices" : [ 0, 3, 2 ]
    }, {
      "vertices" : [ 0, 2, 1 ]
    } ]
  }, {
    "id" : "2e9de6b9-c38b-4277-8234-cc7f99492be9",
    "vertices" : [ {
      "x" : 27.166409,
      "y" : -15.730746,
      "z" : 11.7446785
    }, {
      "x" : 28.225426,
      "y" : -20.871323,
      "z" : 17.944271
    }, {
      "x" : 18.59878,
      "y" : -14.2672205,
      "z" : 25.202883
    }, {
      "x" : 17.539762,
      "y" : -9.126644,
      "z" : 19.003288
    } ],
    "faces" : [ {
      "vertices" : [ 0, 1, 2 ]
    }, {
      "vertices" : [ 0, 2, 3 ]
    }, {
      "vertices" : [ 0, 3, 2 ]
    }, {
      "vertices" : [ 0, 2, 1 ]
    } ]
  }, {
    "id" : "9936714c-6ef2-48a1-b44b-8cc889e4aac4",
    "vertices" : [ {
      "x" : -26.5119,
      "y" : 5.3905764,
      "z" : -4.486068
    }, {
      "x" : -32.056984,
      "y" : 7.5086102,
      "z" : -10.031153
    }, {
      "x" : -22.68034,
      "y" : 6.045085,
      "z" : -20.062305
    }, {
      "x" : -17.135256,
      "y" : 3.927051,
      "z" : -14.5172205
    } ],
    "faces" : [ {
      "vertices" : [ 0, 1, 2 ]
    }, {
      "vertices" : [ 0, 2, 3 ]
    }, {
      "vertices" : [ 0, 3, 2 ]
    }, {
      "vertices" : [ 0, 2, 1 ]
    } ]
  }, {
    "id" : "e80cbe07-737d-4ca1-8af2-4022df5db9bb",
    "vertices" : [ {
      "x" : -5.3905764,
      "y" : -13.958204,
      "z" : 10.685661
    }, {
      "x" : 0.0,
      "y" : -13.708204,
      "z" : 13.708204
    }, {
      "x" : -18.944271,
      "y" : -10.472136,
      "z" : 22.18034
    }, {
      "x" : -17.789762,
      "y" : -11.84017,
      "z" : 16.230747
    } ],
    "faces" : [ {
      "vertices" : [ 0, 1, 2 ]
    }, {
      "vertices" : [ 0, 2, 3 ]
    }, {
      "vertices" : [ 0, 3, 2 ]
    }, {
      "vertices" : [ 0, 2, 1 ]
    } ]
  }, {
    "id" : "fd413f24-654e-4989-8933-d664980ea293",
    "vertices" : [ {
      "x" : -13.458204,
      "y" : 8.567628,
      "z" : 30.497967
    }, {
      "x" : -11.09017,
      "y" : 4.236068,
      "z" : 34.27051
    }, {
      "x" : -6.854102,
      "y" : 24.798374,
      "z" : 34.888542
    }, {
      "x" : -10.685661,
      "y" : 22.025831,
      "z" : 30.902475
    } ],
    "faces" : [ {
      "vertices" : [ 0, 1, 2 ]
    }, {
      "vertices" : [ 0, 2, 3 ]
    }, {
      "vertices" : [ 0, 3, 2 ]
    }, {
      "vertices" : [ 0, 2, 1 ]
    } ]
  }, {
    "id" : "f3dae2f3-185a-4e35-8d7b-ac428f99b255",
    "vertices" : [ {
      "x" : 23.239357,
      "y" : -21.775831,
      "z" : -13.053696
    }, {
      "x" : 27.416409,
      "y" : -22.18034,
      "z" : -8.472136
    }, {
      "x" : 7.472136,
      "y" : -29.034441,
      "z" : -7.854102
    }, {
      "x" : 10.185661,
      "y" : -26.2619,
      "z" : -12.649187
    } ],
    "faces" : [ {
      "vertices" : [ 0, 1, 2 ]
    }, {
      "vertices" : [ 0, 2, 3 ]
    }, {
      "vertices" : [ 0, 3, 2 ]
    }, {
      "vertices" : [ 0, 2, 1 ]
    } ]
  }, {
    "id" : "8025b374-e4e5-439a-bfe2-f8c55ead568c",
    "vertices" : [ {
      "x" : 20.966814,
      "y" : -25.7619,
      "z" : 4.486068
    }, {
      "x" : 22.025831,
      "y" : -30.902475,
      "z" : 10.685661
    }, {
      "x" : 28.225426,
      "y" : -20.871323,
      "z" : 17.944271
    }, {
      "x" : 27.166409,
      "y" : -15.730746,
      "z" : 11.7446785
    } ],
    "faces" : [ {
      "vertices" : [ 0, 1, 2 ]
    }, {
      "vertices" : [ 0, 2, 3 ]
    }, {
      "vertices" : [ 0, 3, 2 ]
    }, {
      "vertices" : [ 0, 2, 1 ]
    } ]
  }, {
    "id" : "50448466-e029-40af-8a14-654c97dd3e8e",
    "vertices" : [ {
      "x" : 13.553696,
      "y" : 13.458204,
      "z" : -18.84878
    }, {
      "x" : 17.326239,
      "y" : 11.09017,
      "z" : -23.18034
    }, {
      "x" : 1.618034,
      "y" : 24.798374,
      "z" : -26.416409
    }, {
      "x" : 3.2725425,
      "y" : 22.43034,
      "z" : -20.966814
    } ],
    "faces" : [ {
      "vertices" : [ 0, 1, 2 ]
    }, {
      "vertices" : [ 0, 2, 3 ]
    }, {
      "vertices" : [ 0, 3, 2 ]
    }, {
      "vertices" : [ 0, 2, 1 ]
    } ]
  }, {
    "id" : "3bc4cb26-91d2-4bfb-b6f7-7f8179f47ab8",
    "vertices" : [ {
      "x" : 10.281153,
      "y" : -8.972136,
      "z" : 2.118034
    }, {
      "x" : 13.708204,
      "y" : -13.708204,
      "z" : 0.0
    }, {
      "x" : 17.944271,
      "y" : 6.854102,
      "z" : -2.618034
    }, {
      "x" : 13.053696,
      "y" : 4.486068,
      "z" : 0.4045085
    } ],
    "faces" : [ {
      "vertices" : [ 0, 1, 2 ]
    }, {
      "vertices" : [ 0, 2, 3 ]
    }, {
      "vertices" : [ 0, 3, 2 ]
    }, {
      "vertices" : [ 0, 2, 1 ]
    } ]
  }, {
    "id" : "9af99166-2853-42f8-af7d-c5431ad972a9",
    "vertices" : [ {
      "x" : 28.784441,
      "y" : 16.230747,
      "z" : 9.626644
    }, {
      "x" : 27.416409,
      "y" : 22.18034,
      "z" : 8.472136
    }, {
      "x" : 30.652475,
      "y" : 13.708204,
      "z" : 27.416409
    }, {
      "x" : 30.902475,
      "y" : 10.685661,
      "z" : 22.025831
    } ],
    "faces" : [ {
      "vertices" : [ 0, 1, 2 ]
    }, {
      "vertices" : [ 0, 2, 3 ]
    }, {
      "vertices" : [ 0, 3, 2 ]
    }, {
      "vertices" : [ 0, 2, 1 ]
    } ]
  }, {
    "id" : "0d525b9f-3001-46f9-beda-5d4045d72fa5",
    "vertices" : [ {
      "x" : -20.966814,
      "y" : -25.7619,
      "z" : -4.486068
    }, {
      "x" : -27.820917,
      "y" : -29.997967,
      "z" : -4.486068
    }, {
      "x" : -29.534441,
      "y" : -27.225426,
      "z" : 8.972136
    }, {
      "x" : -22.68034,
      "y" : -22.989357,
      "z" : 8.972136
    } ],
    "faces" : [ {
      "vertices" : [ 0, 1, 2 ]
    }, {
      "vertices" : [ 0, 2, 3 ]
    }, {
      "vertices" : [ 0, 3, 2 ]
    }, {
      "vertices" : [ 0, 2, 1 ]
    } ]
  }, {
    "id" : "dfa87509-58cc-446a-b81f-35a387eca9e4",
    "vertices" : [ {
      "x" : -10.031153,
      "y" : -0.9045085,
      "z" : -29.18895
    }, {
      "x" : -11.09017,
      "y" : -4.236068,
      "z" : -34.27051
    }, {
      "x" : -24.798374,
      "y" : -1.0,
      "z" : -18.562305
    }, {
      "x" : -19.003288,
      "y" : 1.2135255,
      "z" : -18.907797
    } ],
    "faces" : [ {
      "vertices" : [ 0, 1, 2 ]
    }, {
      "vertices" : [ 0, 2, 3 ]
    }, {
      "vertices" : [ 0, 3, 2 ]
    }, {
      "vertices" : [ 0, 2, 1 ]
    } ]
  }, {
    "id" : "3afa8f45-eaa1-48da-b30e-df4a8cabe9cb",
    "vertices" : [ {
      "x" : -4.486068,
      "y" : 27.820917,
      "z" : 29.997967
    }, {
      "x" : -6.854102,
      "y" : 24.798374,
      "z" : 34.888542
    }, {
      "x" : 13.708204,
      "y" : 27.416409,
      "z" : 30.652475
    }, {
      "x" : 8.972136,
      "y" : 29.534441,
      "z" : 27.225426
    } ],
    "faces" : [ {
      "vertices" : [ 0, 1, 2 ]
    }, {
      "vertices" : [ 0, 2, 3 ]
    }, {
      "vertices" : [ 0, 3, 2 ]
    }, {
      "vertices" : [ 0, 2, 1 ]
    } ]
  }, {
    "id" : "09fe9022-4e4d-4b47-8869-5f168b12bbad",
    "vertices" : [ {
      "x" : 1.2135255,
      "y" : 11.7446785,
      "z" : 0.25
    }, {
      "x" : -3.0225425,
      "y" : 11.7446785,
      "z" : -6.604102
    }, {
      "x" : 5.9495935,
      "y" : 2.7725425,
      "z" : -12.149187
    }, {
      "x" : 10.185661,
      "y" : 2.7725425,
      "z" : -5.295085
    } ],
    "faces" : [ {
      "vertices" : [ 0, 1, 2 ]
    }, {
      "vertices" : [ 0, 2, 3 ]
    }, {
      "vertices" : [ 0, 3, 2 ]
    }, {
      "vertices" : [ 0, 2, 1 ]
    } ]
  }, {
    "id" : "dd3b209f-3d36-40f5-b7cf-5d6980f426d3",
    "vertices" : [ {
      "x" : -11.2446785,
      "y" : -10.031153,
      "z" : 29.93895
    }, {
      "x" : -15.480746,
      "y" : -10.031153,
      "z" : 36.793053
    }, {
      "x" : -10.9946785,
      "y" : 2.7725425,
      "z" : 39.565594
    }, {
      "x" : -6.7586102,
      "y" : 2.7725425,
      "z" : 32.711494
    } ],
    "faces" : [ {
      "vertices" : [ 0, 1, 2 ]
    }, {
      "vertices" : [ 0, 2, 3 ]
    }, {
      "vertices" : [ 0, 3, 2 ]
    }, {
      "vertices" : [ 0, 2, 1 ]
    } ]
  }, {
    "id" : "58b0c14b-8600-4f2e-b31d-a82eee31017e",
    "vertices" : [ {
      "x" : 17.539762,
      "y" : 9.126644,
      "z" : -19.003288
    }, {
      "x" : 18.59878,
      "y" : 14.2672205,
      "z" : -25.202883
    }, {
      "x" : 6.4495935,
      "y" : 20.216814,
      "z" : -22.43034
    }, {
      "x" : 5.3905764,
      "y" : 15.076238,
      "z" : -16.230747
    } ],
    "faces" : [ {
      "vertices" : [ 0, 1, 2 ]
    }, {
      "vertices" : [ 0, 2, 3 ]
    }, {
      "vertices" : [ 0, 3, 2 ]
    }, {
      "vertices" : [ 0, 2, 1 ]
    } ]
  }, {
    "id" : "52810b15-bfbf-4563-bd90-8db1c744eccb",
    "vertices" : [ {
      "x" : 9.935661,
      "y" : -24.548374,
      "z" : -4.3315597
    }, {
      "x" : 7.472136,
      "y" : -29.034441,
      "z" : -7.854102
    }, {
      "x" : 27.416409,
      "y" : -22.18034,
      "z" : -8.472136
    }, {
      "x" : 22.989357,
      "y" : -20.062305,
      "z" : -4.736068
    } ],
    "faces" : [ {
      "vertices" : [ 0, 1, 2 ]
    }, {
      "vertices" : [ 0, 2, 3 ]
    }, {
      "vertices" : [ 0, 3, 2 ]
    }, {
      "vertices" : [ 0, 2, 1 ]
    } ]
  }, {
    "id" : "e00661ca-e545-4986-9d87-ad5f4087d511",
    "vertices" : [ {
      "x" : -5.295085,
      "y" : -10.185661,
      "z" : -2.7725425
    }, {
      "x" : -11.899187,
      "y" : -14.0172205,
      "z" : 0.0
    }, {
      "x" : -5.6995935,
      "y" : -26.166409,
      "z" : -1.7135255
    }, {
      "x" : 0.9045085,
      "y" : -22.334848,
      "z" : -4.486068
    } ],
    "faces" : [ {
      "vertices" : [ 0, 1, 2 ]
    }, {
      "vertices" : [ 0, 2, 3 ]
    }, {
      "vertices" : [ 0, 3, 2 ]
    }, {
      "vertices" : [ 0, 2, 1 ]
    } ]
  }, {
    "id" : "2580dd2b-3f41-48be-9150-6be8801ec174",
    "vertices" : [ {
      "x" : 2.118034,
      "y" : -10.281153,
      "z" : 8.972136
    }, {
      "x" : 0.0,
      "y" : -13.708204,
      "z" : 13.708204
    }, {
      "x" : -2.618034,
      "y" : -17.944271,
      "z" : -6.854102
    }, {
      "x" : 0.4045085,
      "y" : -13.053696,
      "z" : -4.486068
    } ],
    "faces" : [ {
      "vertices" : [ 0, 1, 2 ]
    }, {
      "vertices" : [ 0, 2, 3 ]
    }, {
      "vertices" : [ 0, 3, 2 ]
    }, {
      "vertices" : [ 0, 2, 1 ]
    } ]
  }, {
    "id" : "cf9e86d4-c493-41d8-9f7d-7ec2ee9ecebd",
    "vertices" : [ {
      "x" : -22.43034,
      "y" : -6.4495935,
      "z" : -20.216814
    }, {
      "x" : -24.798374,
      "y" : -1.0,
      "z" : -18.562305
    }, {
      "x" : -11.09017,
      "y" : -4.236068,
      "z" : -34.27051
    }, {
      "x" : -13.458204,
      "y" : -8.567628,
      "z" : -30.497967
    } ],
    "faces" : [ {
      "vertices" : [ 0, 1, 2 ]
    }, {
      "vertices" : [ 0, 2, 3 ]
    }, {
      "vertices" : [ 0, 3, 2 ]
    }, {
      "vertices" : [ 0, 2, 1 ]
    } ]
  }, {
    "id" : "3ff42a65-2655-4c30-97a0-d648af704b5f",
    "vertices" : [ {
      "x" : 3.927051,
      "y" : -14.5172205,
      "z" : -17.135256
    }, {
      "x" : 6.045085,
      "y" : -20.062305,
      "z" : -22.68034
    }, {
      "x" : -7.0086102,
      "y" : -24.548374,
      "z" : -23.084848
    }, {
      "x" : -9.126644,
      "y" : -19.003288,
      "z" : -17.539762
    } ],
    "faces" : [ {
      "vertices" : [ 0, 1, 2 ]
    }, {
      "vertices" : [ 0, 2, 3 ]
    }, {
      "vertices" : [ 0, 3, 2 ]
    }, {
      "vertices" : [ 0, 2, 1 ]
    } ]
  }, {
    "id" : "748772ab-c0a9-42a0-8976-baf244e33c38",
    "vertices" : [ {
      "x" : -14.5172205,
      "y" : 10.281153,
      "z" : -20.871323
    }, {
      "x" : -21.775831,
      "y" : 13.053696,
      "z" : -23.239357
    }, {
      "x" : -26.2619,
      "y" : 12.649187,
      "z" : -10.185661
    }, {
      "x" : -19.003288,
      "y" : 9.876644,
      "z" : -7.8176274
    } ],
    "faces" : [ {
      "vertices" : [ 0, 1, 2 ]
    }, {
      "vertices" : [ 0, 2, 3 ]
    }, {
      "vertices" : [ 0, 3, 2 ]
    }, {
      "vertices" : [ 0, 2, 1 ]
    } ]
  }, {
    "id" : "e751555f-669c-4473-8dbf-3ebefd4219d5",
    "vertices" : [ {
      "x" : -4.486068,
      "y" : -0.9045085,
      "z" : 22.334848
    }, {
      "x" : -10.031153,
      "y" : 4.6405764,
      "z" : 24.452883
    }, {
      "x" : -8.317628,
      "y" : 10.84017,
      "z" : 12.303696
    }, {
      "x" : -2.7725425,
      "y" : 5.295085,
      "z" : 10.185661
    } ],
    "faces" : [ {
      "vertices" : [ 0, 1, 2 ]
    }, {
      "vertices" : [ 0, 2, 3 ]
    }, {
      "vertices" : [ 0, 3, 2 ]
    }, {
      "vertices" : [ 0, 2, 1 ]
    } ]
  }, {
    "id" : "a93d5086-ae15-4527-a96d-3d27905f84b3",
    "vertices" : [ {
      "x" : -8.413119,
      "y" : 7.2586102,
      "z" : 19.907797
    }, {
      "x" : -13.553696,
      "y" : 13.458204,
      "z" : 18.84878
    }, {
      "x" : -3.2725425,
      "y" : 22.43034,
      "z" : 20.966814
    }, {
      "x" : 1.868034,
      "y" : 16.230747,
      "z" : 22.025831
    } ],
    "faces" : [ {
      "vertices" : [ 0, 1, 2 ]
    }, {
      "vertices" : [ 0, 2, 3 ]
    }, {
      "vertices" : [ 0, 3, 2 ]
    }, {
      "vertices" : [ 0, 2, 1 ]
    } ]
  }, {
    "id" : "ebb67bdd-a757-4f7c-996d-c40ea77ce1eb",
    "vertices" : [ {
      "x" : 10.031153,
      "y" : -29.93895,
      "z" : -11.2446785
    }, {
      "x" : 17.289762,
      "y" : -32.711494,
      "z" : -13.612713
    }, {
      "x" : 16.230747,
      "y" : -25.452883,
      "z" : -25.357391
    }, {
      "x" : 8.972136,
      "y" : -22.68034,
      "z" : -22.989357
    } ],
    "faces" : [ {
      "vertices" : [ 0, 1, 2 ]
    }, {
      "vertices" : [ 0, 2, 3 ]
    }, {
      "vertices" : [ 0, 3, 2 ]
    }, {
      "vertices" : [ 0, 2, 1 ]
    } ]
  }, {
    "id" : "3a722af8-5f79-43b9-b719-68b8c804d887",
    "vertices" : [ {
      "x" : -4.236068,
      "y" : 23.489357,
      "z" : -24.798374
    }, {
      "x" : 1.618034,
      "y" : 24.798374,
      "z" : -26.416409
    }, {
      "x" : -12.708204,
      "y" : 15.326238,
      "z" : -38.506577
    }, {
      "x" : -13.612713,
      "y" : 17.289762,
      "z" : -32.711494
    } ],
    "faces" : [ {
      "vertices" : [ 0, 1, 2 ]
    }, {
      "vertices" : [ 0, 2, 3 ]
    }, {
      "vertices" : [ 0, 3, 2 ]
    }, {
      "vertices" : [ 0, 2, 1 ]
    } ]
  }, {
    "id" : "2ab9d529-d5ea-4a47-8d2c-1694bfcc6bce",
    "vertices" : [ {
      "x" : -32.711494,
      "y" : -13.612713,
      "z" : -17.289762
    }, {
      "x" : -34.27051,
      "y" : -19.562305,
      "z" : -17.944271
    }, {
      "x" : -42.742645,
      "y" : -5.854102,
      "z" : -4.236068
    }, {
      "x" : -38.256577,
      "y" : -4.6405764,
      "z" : -8.317628
    } ],
    "faces" : [ {
      "vertices" : [ 0, 1, 2 ]
    }, {
      "vertices" : [ 0, 2, 3 ]
    }, {
      "vertices" : [ 0, 3, 2 ]
    }, {
      "vertices" : [ 0, 2, 1 ]
    } ]
  }, {
    "id" : "e033cd53-debc-4ae8-b2af-e14d17cb33b3",
    "vertices" : [ {
      "x" : 5.6995935,
      "y" : 10.031153,
      "z" : 2.5225425
    }, {
      "x" : 3.3315594,
      "y" : 17.289762,
      "z" : 5.295085
    }, {
      "x" : 12.708204,
      "y" : 23.489357,
      "z" : -2.618034
    }, {
      "x" : 15.076238,
      "y" : 16.230747,
      "z" : -5.3905764
    } ],
    "faces" : [ {
      "vertices" : [ 0, 1, 2 ]
    }, {
      "vertices" : [ 0, 2, 3 ]
    }, {
      "vertices" : [ 0, 3, 2 ]
    }, {
      "vertices" : [ 0, 2, 1 ]
    } ]
  }, {
    "id" : "126b00ea-d8fb-476a-ac79-b14485447e9c",
    "vertices" : [ {
      "x" : -12.2446785,
      "y" : 10.031153,
      "z" : 26.5119
    }, {
      "x" : -17.326239,
      "y" : 11.09017,
      "z" : 23.18034
    }, {
      "x" : -12.708204,
      "y" : -6.854102,
      "z" : 33.27051
    }, {
      "x" : -9.222136,
      "y" : -1.7135255,
      "z" : 33.116
    } ],
    "faces" : [ {
      "vertices" : [ 0, 1, 2 ]
    }, {
      "vertices" : [ 0, 2, 3 ]
    }, {
      "vertices" : [ 0, 3, 2 ]
    }, {
      "vertices" : [ 0, 2, 1 ]
    } ]
  }, {
    "id" : "95a222d9-976b-4f6a-b9b1-81a5ff1180d7",
    "vertices" : [ {
      "x" : -33.116,
      "y" : -9.222136,
      "z" : 1.7135255
    }, {
      "x" : -33.27051,
      "y" : -12.708204,
      "z" : 6.854102
    }, {
      "x" : -42.742645,
      "y" : 5.854102,
      "z" : 4.236068
    }, {
      "x" : -39.315594,
      "y" : 2.927051,
      "z" : 0.0
    } ],
    "faces" : [ {
      "vertices" : [ 0, 1, 2 ]
    }, {
      "vertices" : [ 0, 2, 3 ]
    }, {
      "vertices" : [ 0, 3, 2 ]
    }, {
      "vertices" : [ 0, 2, 1 ]
    } ]
  }, {
    "id" : "e52fe1ba-b27b-4e34-8e2e-8a2c63721b87",
    "vertices" : [ {
      "x" : -11.7446785,
      "y" : -27.166409,
      "z" : -15.730746
    }, {
      "x" : -17.944271,
      "y" : -28.225426,
      "z" : -20.871323
    }, {
      "x" : -25.202883,
      "y" : -18.59878,
      "z" : -14.2672205
    }, {
      "x" : -19.003288,
      "y" : -17.539762,
      "z" : -9.126644
    } ],
    "faces" : [ {
      "vertices" : [ 0, 1, 2 ]
    }, {
      "vertices" : [ 0, 2, 3 ]
    }, {
      "vertices" : [ 0, 3, 2 ]
    }, {
      "vertices" : [ 0, 2, 1 ]
    } ]
  }, {
    "id" : "425d8003-9db5-4b95-83be-cecc206945cb",
    "vertices" : [ {
      "x" : -20.062305,
      "y" : 4.736068,
      "z" : -22.989357
    }, {
      "x" : -22.18034,
      "y" : 8.472136,
      "z" : -27.416409
    }, {
      "x" : -6.854102,
      "y" : -5.854102,
      "z" : -29.652475
    }, {
      "x" : -10.031153,
      "y" : -4.6405764,
      "z" : -24.452883
    } ],
    "faces" : [ {
      "vertices" : [ 0, 1, 2 ]
    }, {
      "vertices" : [ 0, 2, 3 ]
    }, {
      "vertices" : [ 0, 3, 2 ]
    }, {
      "vertices" : [ 0, 2, 1 ]
    } ]
  }, {
    "id" : "f799cf50-0cfb-4dae-aa2b-6109e55a4ecf",
    "vertices" : [ {
      "x" : -8.972136,
      "y" : -2.118034,
      "z" : -10.281153
    }, {
      "x" : -13.708204,
      "y" : 0.0,
      "z" : -13.708204
    }, {
      "x" : 6.854102,
      "y" : 2.618034,
      "z" : -17.944271
    }, {
      "x" : 4.486068,
      "y" : -0.4045085,
      "z" : -13.053696
    } ],
    "faces" : [ {
      "vertices" : [ 0, 1, 2 ]
    }, {
      "vertices" : [ 0, 2, 3 ]
    }, {
      "vertices" : [ 0, 3, 2 ]
    }, {
      "vertices" : [ 0, 2, 1 ]
    } ]
  }, {
    "id" : "8f180d51-74e0-4ce5-9b83-f08ee8eac2cb",
    "vertices" : [ {
      "x" : -1.9635255,
      "y" : -8.413119,
      "z" : 16.230747
    }, {
      "x" : 0.0,
      "y" : -13.708204,
      "z" : 13.708204
    }, {
      "x" : 11.09017,
      "y" : 4.236068,
      "z" : 15.326238
    }, {
      "x" : 5.295085,
      "y" : 3.3315594,
      "z" : 17.289762
    } ],
    "faces" : [ {
      "vertices" : [ 0, 1, 2 ]
    }, {
      "vertices" : [ 0, 2, 3 ]
    }, {
      "vertices" : [ 0, 3, 2 ]
    }, {
      "vertices" : [ 0, 2, 1 ]
    } ]
  }, {
    "id" : "ce168f64-a2d4-4960-9252-ca3e957e4c6e",
    "vertices" : [ {
      "x" : -2.118034,
      "y" : -10.281153,
      "z" : -8.972136
    }, {
      "x" : 0.0,
      "y" : -13.708204,
      "z" : -13.708204
    }, {
      "x" : 2.618034,
      "y" : -17.944271,
      "z" : 6.854102
    }, {
      "x" : -0.4045085,
      "y" : -13.053696,
      "z" : 4.486068
    } ],
    "faces" : [ {
      "vertices" : [ 0, 1, 2 ]
    }, {
      "vertices" : [ 0, 2, 3 ]
    }, {
      "vertices" : [ 0, 3, 2 ]
    }, {
      "vertices" : [ 0, 2, 1 ]
    } ]
  }, {
    "id" : "5ce71139-09cb-42b6-b7dd-716470a12862",
    "vertices" : [ {
      "x" : -14.5172205,
      "y" : -17.135256,
      "z" : 3.927051
    }, {
      "x" : -16.230747,
      "y" : -17.789762,
      "z" : 11.84017
    }, {
      "x" : -6.1995935,
      "y" : -27.166409,
      "z" : 13.303696
    }, {
      "x" : -4.486068,
      "y" : -26.5119,
      "z" : 5.3905764
    } ],
    "faces" : [ {
      "vertices" : [ 0, 1, 2 ]
    }, {
      "vertices" : [ 0, 2, 3 ]
    }, {
      "vertices" : [ 0, 3, 2 ]
    }, {
      "vertices" : [ 0, 2, 1 ]
    } ]
  }, {
    "id" : "721b491c-9f4f-45b2-8fe1-ed62551fe822",
    "vertices" : [ {
      "x" : -2.7725425,
      "y" : 5.295085,
      "z" : 10.185661
    }, {
      "x" : -8.317628,
      "y" : 10.84017,
      "z" : 12.303696
    }, {
      "x" : -17.289762,
      "y" : 5.295085,
      "z" : 3.3315594
    }, {
      "x" : -11.7446785,
      "y" : -0.25,
      "z" : 1.2135255
    } ],
    "faces" : [ {
      "vertices" : [ 0, 1, 2 ]
    }, {
      "vertices" : [ 0, 2, 3 ]
    }, {
      "vertices" : [ 0, 3, 2 ]
    }, {
      "vertices" : [ 0, 2, 1 ]
    } ]
  }, {
    "id" : "e3ca74be-26ea-4199-ade9-03516bb26965",
    "vertices" : [ {
      "x" : 4.3315597,
      "y" : 9.935661,
      "z" : 24.548374
    }, {
      "x" : 7.854102,
      "y" : 7.472136,
      "z" : 29.034441
    }, {
      "x" : 8.472136,
      "y" : 27.416409,
      "z" : 22.18034
    }, {
      "x" : 4.736068,
      "y" : 22.989357,
      "z" : 20.062305
    } ],
    "faces" : [ {
      "vertices" : [ 0, 1, 2 ]
    }, {
      "vertices" : [ 0, 2, 3 ]
    }, {
      "vertices" : [ 0, 3, 2 ]
    }, {
      "vertices" : [ 0, 2, 1 ]
    } ]
  }, {
    "id" : "51c3d12b-2be6-446a-bfe7-6658a30bdd57",
    "vertices" : [ {
      "x" : 25.7619,
      "y" : 4.486068,
      "z" : -20.966814
    }, {
      "x" : 29.997967,
      "y" : 4.486068,
      "z" : -27.820917
    }, {
      "x" : 27.225426,
      "y" : -8.972136,
      "z" : -29.534441
    }, {
      "x" : 22.989357,
      "y" : -8.972136,
      "z" : -22.68034
    } ],
    "faces" : [ {
      "vertices" : [ 0, 1, 2 ]
    }, {
      "vertices" : [ 0, 2, 3 ]
    }, {
      "vertices" : [ 0, 3, 2 ]
    }, {
      "vertices" : [ 0, 2, 1 ]
    } ]
  }, {
    "id" : "97c9b6fe-1901-435d-a140-328aa86e5386",
    "vertices" : [ {
      "x" : 11.7446785,
      "y" : -0.25,
      "z" : -1.2135255
    }, {
      "x" : 17.289762,
      "y" : 5.295085,
      "z" : -3.3315594
    }, {
      "x" : 24.548374,
      "y" : -4.3315597,
      "z" : -9.935661
    }, {
      "x" : 19.003288,
      "y" : -9.876644,
      "z" : -7.8176274
    } ],
    "faces" : [ {
      "vertices" : [ 0, 1, 2 ]
    }, {
      "vertices" : [ 0, 2, 3 ]
    }, {
      "vertices" : [ 0, 3, 2 ]
    }, {
      "vertices" : [ 0, 2, 1 ]
    } ]
  }, {
    "id" : "2da352b2-e563-4fd4-8056-5ade0d7f200f",
    "vertices" : [ {
      "x" : 17.289762,
      "y" : -5.295085,
      "z" : 3.3315594
    }, {
      "x" : 17.944271,
      "y" : -6.854102,
      "z" : -2.618034
    }, {
      "x" : 29.034441,
      "y" : 7.854102,
      "z" : 7.472136
    }, {
      "x" : 24.548374,
      "y" : 4.3315597,
      "z" : 9.935661
    } ],
    "faces" : [ {
      "vertices" : [ 0, 1, 2 ]
    }, {
      "vertices" : [ 0, 2, 3 ]
    }, {
      "vertices" : [ 0, 3, 2 ]
    }, {
      "vertices" : [ 0, 2, 1 ]
    } ]
  }, {
    "id" : "874cd6dc-11e6-461b-ac09-6b28d06ed2c1",
    "vertices" : [ {
      "x" : -11.7446785,
      "y" : -6.604102,
      "z" : 3.0225425
    }, {
      "x" : -17.944271,
      "y" : -6.854102,
      "z" : 2.618034
    }, {
      "x" : -4.236068,
      "y" : -15.326238,
      "z" : -11.09017
    }, {
      "x" : -2.7725425,
      "y" : -12.149187,
      "z" : -5.9495935
    } ],
    "faces" : [ {
      "vertices" : [ 0, 1, 2 ]
    }, {
      "vertices" : [ 0, 2, 3 ]
    }, {
      "vertices" : [ 0, 3, 2 ]
    }, {
      "vertices" : [ 0, 2, 1 ]
    } ]
  }, {
    "id" : "f49fb929-5b1b-4302-bef1-cdbe4f229b69",
    "vertices" : [ {
      "x" : -7.2586102,
      "y" : -19.907797,
      "z" : -8.413119
    }, {
      "x" : -10.031153,
      "y" : -26.5119,
      "z" : -12.2446785
    }, {
      "x" : 1.7135255,
      "y" : -33.116,
      "z" : -9.222136
    }, {
      "x" : 4.486068,
      "y" : -26.5119,
      "z" : -5.3905764
    } ],
    "faces" : [ {
      "vertices" : [ 0, 1, 2 ]
    }, {
      "vertices" : [ 0, 2, 3 ]
    }, {
      "vertices" : [ 0, 3, 2 ]
    }, {
      "vertices" : [ 0, 2, 1 ]
    } ]
  }, {
    "id" : "708d38a8-ec38-45b7-abbf-736a3051e719",
    "vertices" : [ {
      "x" : 28.629932,
      "y" : -1.9635255,
      "z" : 19.003288
    }, {
      "x" : 26.416409,
      "y" : -1.618034,
      "z" : 24.798374
    }, {
      "x" : 23.18034,
      "y" : -17.326239,
      "z" : 11.09017
    }, {
      "x" : 26.5119,
      "y" : -12.2446785,
      "z" : 10.031153
    } ],
    "faces" : [ {
      "vertices" : [ 0, 1, 2 ]
    }, {
      "vertices" : [ 0, 2, 3 ]
    }, {
      "vertices" : [ 0, 3, 2 ]
    }, {
      "vertices" : [ 0, 2, 1 ]
    } ]
  }, {
    "id" : "0da8723f-8074-46bd-9204-21c17ab2de0b",
    "vertices" : [ {
      "x" : -6.1995935,
      "y" : 27.166409,
      "z" : -13.303696
    }, {
      "x" : -6.854102,
      "y" : 33.27051,
      "z" : -12.708204
    }, {
      "x" : 11.09017,
      "y" : 23.18034,
      "z" : -17.326239
    }, {
      "x" : 5.545085,
      "y" : 20.562305,
      "z" : -16.326239
    } ],
    "faces" : [ {
      "vertices" : [ 0, 1, 2 ]
    }, {
      "vertices" : [ 0, 2, 3 ]
    }, {
      "vertices" : [ 0, 3, 2 ]
