{
  "field" : "golden",
  "symmetry" : "icosahedral",
  "orientations" : [ [ 1.0, 0.0, 0.0, 0.0, 0.0, 1.0, 0.0, 0.0, 0.0, 0.0, 1.0, 0.0, 0.0, 0.0, 0.0, 1.0 ], [ 0.0, 0.0, 1.0, 0.0, 1.0, 0.0, 0.0, 0.0, 0.0, 1.0, 0.0, 0.0, 0.0, 0.0, 0.0, 1.0 ], [ 0.0, 1.0, 0.0, 0.0, 0.0, 0.0, 1.0, 0.0, 1.0, 0.0, 0.0, 0.0, 0.0, 0.0, 0.0, 1.0 ], [ 0.809017, 0.309017, 0.5, 0.0, 0.309017, 0.5, -0.809017, 0.0, -0.5, 0.809017, 0.309017, 0.0, 0.0, 0.0, 0.0, 1.0 ], [ -0.5, 0.809017, 0.309017, 0.0, 0.809017, 0.309017, 0.5, 0.0, 0.309017, 0.5, -0.809017, 0.0, 0.0, 0.0, 0.0, 1.0 ], [ 0.309017, 0.5, -0.809017, 0.0, -0.5, 0.809017, 0.309017, 0.0, 0.809017, 0.309017, 0.5, 0.0, 0.0, 0.0, 0.0, 1.0 ], [ 0.5, 0.809017, 0.309017, 0.0, 0.809017, -0.309017, -0.5, 0.0, -0.309017, 0.5, -0.809017, 0.0, 0.0, 0.0, 0.0, 1.0 ], [ -0.309017, 0.5, -0.809017, 0.0, 0.5, 0.809017, 0.309017, 0.0, 0.809017, -0.309017, -0.5, 0.0, 0.0, 0.0, 0.0, 1.0 ], [ 0.809017, -0.309017, -0.5, 0.0, -0.309017, 0.5, -0.809017, 0.0, 0.5, 0.809017, 0.309017, 0.0, 0.0, 0.0, 0.0, 1.0 ], [ 0.5, 0.809017, -0.309017, 0.0, 0.809017, -0.309017, 0.5, 0.0, 0.309017, -0.5, -0.809017, 0.0, 0.0, 0.0, 0.0, 1.0 ], [ 0.309017, -0.5, -0.809017, 0.0, 0.5, 0.809017, -0.309017, 0.0, 0.809017, -0.309017, 0.5, 0.0, 0.0, 0.0, 0.0, 1.0 ], [ 0.809017, -0.309017, 0.5, 0.0, 0.309017, -0.5, -0.809017, 0.0, 0.5, 0.809017, -0.309017, 0.0, 0.0, 0.0, 0.0, 1.0 ], [ 0.809017, 0.309017, -0.5, 0.0, 0.309017, 0.5, 0.809017, 0.0, 0.5, -0.809017, 0.309017, 0.0, 0.0, 0.0, 0.0, 1.0 ], [ 0.5, -0.809017, 0.309017, 0.0, 0.809017, 0.309017, -0.5, 0.0, 0.309017, 0.5, 0.809017, 0.0, 0.0, 0.0, 0.0, 1.0 ], [ 0.309017, 0.5, 0.809017, 0.0, 0.5, -0.809017, 0.309017, 0.0, 0.809017, 0.309017, -0.5, 0.0, 0.0, 0.0, 0.0, 1.0 ], [ 1.0, 0.0, 0.0, 0.0, 0.0, -1.0, 0.0, 0.0, 0.0, 0.0, -1.0, 0.0, 0.0, 0.0, 0.0, 1.0 ], [ 0.0, 0.0, 1.0, 0.0, -1.0, 0.0, 0.0, 0.0, 0.0, -1.0, 0.0, 0.0, 0.0, 0.0, 0.0, 1.0 ], [ 0.0, 1.0, 0.0, 0.0, 0.0, 0.0, -1.0, 0.0, -1.0, 0.0, 0.0, 0.0, 0.0, 0.0, 0.0, 1.0 ], [ 0.809017, 0.309017, 0.5, 0.0, -0.309017, -0.5, 0.809017, 0.0, 0.5, -0.809017, -0.309017, 0.0, 0.0, 0.0, 0.0, 1.0 ], [ -0.5, 0.809017, 0.309017, 0.0, -0.809017, -0.309017, -0.5, 0.0, -0.309017, -0.5, 0.809017, 0.0, 0.0, 0.0, 0.0, 1.0 ], [ 0.309017, 0.5, -0.809017, 0.0, 0.5, -0.809017, -0.309017, 0.0, -0.809017, -0.309017, -0.5, 0.0, 0.0, 0.0, 0.0, 1.0 ], [ 0.5, 0.809017, 0.309017, 0.0, -0.809017, 0.309017, 0.5, 0.0, 0.309017, -0.5, 0.809017, 0.0, 0.0, 0.0, 0.0, 1.0 ], [ -0.309017, 0.5, -0.809017, 0.0, -0.5, -0.809017, -0.309017, 0.0, -0.809017, 0.309017, 0.5, 0.0, 0.0, 0.0, 0.0, 1.0 ], [ 0.809017, -0.309017, -0.5, 0.0, 0.309017, -0.5, 0.809017, 0.0, -0.5, -0.809017, -0.309017, 0.0, 0.0, 0.0, 0.0, 1.0 ], [ 0.5, 0.809017, -0.309017, 0.0, -0.809017, 0.309017, -0.5, 0.0, -0.309017, 0.5, 0.809017, 0.0, 0.0, 0.0, 0.0, 1.0 ], [ 0.309017, -0.5, -0.809017, 0.0, -0.5, -0.809017, 0.309017, 0.0, -0.809017, 0.309017, -0.5, 0.0, 0.0, 0.0, 0.0, 1.0 ], [ 0.809017, -0.309017, 0.5, 0.0, -0.309017, 0.5, 0.809017, 0.0, -0.5, -0.809017, 0.309017, 0.0, 0.0, 0.0, 0.0, 1.0 ], [ 0.809017, 0.309017, -0.5, 0.0, -0.309017, -0.5, -0.809017, 0.0, -0.5, 0.809017, -0.309017, 0.0, 0.0, 0.0, 0.0, 1.0 ], [ 0.5, -0.809017, 0.309017, 0.0, -0.809017, -0.309017, 0.5, 0.0, -0.309017, -0.5, -0.809017, 0.0, 0.0, 0.0, 0.0, 1.0 ], [ 0.309017, 0.5, 0.809017, 0.0, -0.5, 0.809017, -0.309017, 0.0, -0.809017, -0.309017, 0.5, 0.0, 0.0, 0.0, 0.0, 1.0 ], [ -1.0, 0.0, 0.0, 0.0, 0.0, -1.0, 0.0, 0.0, 0.0, 0.0, 1.0, 0.0, 0.0, 0.0, 0.0, 1.0 ], [ 0.0, 0.0, -1.0, 0.0, -1.0, 0.0, 0.0, 0.0, 0.0, 1.0, 0.0, 0.0, 0.0, 0.0, 0.0, 1.0 ], [ 0.0, -1.0, 0.0, 0.0, 0.0, 0.0, -1.0, 0.0, 1.0, 0.0, 0.0, 0.0, 0.0, 0.0, 0.0, 1.0 ], [ -0.809017, -0.309017, -0.5, 0.0, -0.309017, -0.5, 0.809017, 0.0, -0.5, 0.809017, 0.309017, 0.0, 0.0, 0.0, 0.0, 1.0 ], [ 0.5, -0.809017, -0.309017, 0.0, -0.809017, -0.309017, -0.5, 0.0, 0.309017, 0.5, -0.809017, 0.0, 0.0, 0.0, 0.0, 1.0 ], [ -0.309017, -0.5, 0.809017, 0.0, 0.5, -0.809017, -0.309017, 0.0, 0.809017, 0.309017, 0.5, 0.0, 0.0, 0.0, 0.0, 1.0 ], [ -0.5, -0.809017, -0.309017, 0.0, -0.809017, 0.309017, 0.5, 0.0, -0.309017, 0.5, -0.809017, 0.0, 0.0, 0.0, 0.0, 1.0 ], [ 0.309017, -0.5, 0.809017, 0.0, -0.5, -0.809017, -0.309017, 0.0, 0.809017, -0.309017, -0.5, 0.0, 0.0, 0.0, 0.0, 1.0 ], [ -0.809017, 0.309017, 0.5, 0.0, 0.309017, -0.5, 0.809017, 0.0, 0.5, 0.809017, 0.309017, 0.0, 0.0, 0.0, 0.0, 1.0 ], [ -0.5, -0.809017, 0.309017, 0.0, -0.809017, 0.309017, -0.5, 0.0, 0.309017, -0.5, -0.809017, 0.0, 0.0, 0.0, 0.0, 1.0 ], [ -0.309017, 0.5, 0.809017, 0.0, -0.5, -0.809017, 0.309017, 0.0, 0.809017, -0.309017, 0.5, 0.0, 0.0, 0.0, 0.0, 1.0 ], [ -0.809017, 0.309017, -0.5, 0.0, -0.309017, 0.5, 0.809017, 0.0, 0.5, 0.809017, -0.309017, 0.0, 0.0, 0.0, 0.0, 1.0 ], [ -0.809017, -0.309017, 0.5, 0.0, -0.309017, -0.5, -0.809017, 0.0, 0.5, -0.809017, 0.309017, 0.0, 0.0, 0.0, 0.0, 1.0 ], [ -0.5, 0.809017, -0.309017, 0.0, -0.809017, -0.309017, 0.5, 0.0, 0.309017, 0.5, 0.809017, 0.0, 0.0, 0.0, 0.0, 1.0 ], [ -0.309017, -0.5, -0.809017, 0.0, -0.5, 0.809017, -0.309017, 0.0, 0.809017, 0.309017, -0.5, 0.0, 0.0, 0.0, 0.0, 1.0 ], [ -1.0, 0.0, 0.0, 0.0, 0.0, 1.0, 0.0, 0.0, 0.0, 0.0, -1.0, 0.0, 0.0, 0.0, 0.0, 1.0 ], [ 0.0, 0.0, -1.0, 0.0, 1.0, 0.0, 0.0, 0.0, 0.0, -1.0, 0.0, 0.0, 0.0, 0.0, 0.0, 1.0 ], [ 0.0, -1.0, 0.0, 0.0, 0.0, 0.0, 1.0, 0.0, -1.0, 0.0, 0.0, 0.0, 0.0, 0.0, 0.0, 1.0 ], [ -0.809017, -0.309017, -0.5, 0.0, 0.309017, 0.5, -0.809017, 0.0, 0.5, -0.809017, -0.309017, 0.0, 0.0, 0.0, 0.0, 1.0 ], [ 0.5, -0.809017, -0.309017, 0.0, 0.809017, 0.309017, 0.5, 0.0, -0.309017, -0.5, 0.809017, 0.0, 0.0, 0.0, 0.0, 1.0 ], [ -0.309017, -0.5, 0.809017, 0.0, -0.5, 0.809017, 0.309017, 0.0, -0.809017, -0.309017, -0.5, 0.0, 0.0, 0.0, 0.0, 1.0 ], [ -0.5, -0.809017, -0.309017, 0.0, 0.809017, -0.309017, -0.5, 0.0, 0.309017, -0.5, 0.809017, 0.0, 0.0, 0.0, 0.0, 1.0 ], [ 0.309017, -0.5, 0.809017, 0.0, 0.5, 0.809017, 0.309017, 0.0, -0.809017, 0.309017, 0.5, 0.0, 0.0, 0.0, 0.0, 1.0 ], [ -0.809017, 0.309017, 0.5, 0.0, -0.309017, 0.5, -0.809017, 0.0, -0.5, -0.809017, -0.309017, 0.0, 0.0, 0.0, 0.0, 1.0 ], [ -0.5, -0.809017, 0.309017, 0.0, 0.809017, -0.309017, 0.5, 0.0, -0.309017, 0.5, 0.809017, 0.0, 0.0, 0.0, 0.0, 1.0 ], [ -0.309017, 0.5, 0.809017, 0.0, 0.5, 0.809017, -0.309017, 0.0, -0.809017, 0.309017, -0.5, 0.0, 0.0, 0.0, 0.0, 1.0 ], [ -0.809017, 0.309017, -0.5, 0.0, 0.309017, -0.5, -0.809017, 0.0, -0.5, -0.809017, 0.309017, 0.0, 0.0, 0.0, 0.0, 1.0 ], [ -0.809017, -0.309017, 0.5, 0.0, 0.309017, 0.5, 0.809017, 0.0, -0.5, 0.809017, -0.309017, 0.0, 0.0, 0.0, 0.0, 1.0 ], [ -0.5, 0.809017, -0.309017, 0.0, 0.809017, 0.309017, -0.5, 0.0, -0.309017, -0.5, -0.809017, 0.0, 0.0, 0.0, 0.0, 1.0 ], [ -0.309017, -0.5, -0.809017, 0.0, 0.5, -0.809017, 0.309017, 0.0, -0.809017, -0.309017, 0.5, 0.0, 0.0, 0.0, 0.0, 1.0 ] ],
  "lights" : {
    "ambientColor" : "#292929",
    "backgroundColor" : "#AFC8DC",
    "directionalLights" : [ {
      "direction" : {
        "x" : 1.0,
        "y" : -1.0,
        "z" : -1.0
      },
      "color" : "#EBEBE4"
    }, {
      "direction" : {
        "x" : -1.0,
        "y" : 0.0,
        "z" : 0.0
      },
      "color" : "#E4E4EB"
    }, {
      "direction" : {
        "x" : 0.0,
        "y" : 0.0,
        "z" : -1.0
      },
      "color" : "#1E1E1E"
    } ]
  },
  "camera" : {
    "stereo" : false,
    "width" : 90.955574,
    "lookDirection" : {
      "x" : -0.9329089,
      "y" : 1.3477576E-4,
      "z" : 0.36010787
    },
    "upDirection" : {
      "x" : 0.24873814,
      "y" : 0.72335136,
      "z" : 0.64411885
    },
    "lookAtPoint" : {
      "x" : 0.0,
      "y" : 0.0,
      "z" : 0.0
    },
    "perspective" : true,
    "viewDistance" : 202.12361,
    "nearClipDistance" : 0.50530887,
    "farClipDistance" : 404.24704,
    "fieldOfView" : 0.44262865,
    "position" : {
      "x" : 188.56291,
      "y" : -0.027241364,
      "z" : -72.7863
    }
  },
  "embedding" : [ 1.0, 0.0, 0.0, 0.0, 0.0, 1.0, 0.0, 0.0, 0.0, 0.0, 1.0, 0.0, 0.0, 0.0, 0.0, 1.0 ],
  "shapes" : [ {
    "id" : "a95018cc-00a0-47b9-986e-77b98468ea48",
    "vertices" : [ {
      "x" : 0.690983,
      "y" : 0.809017,
      "z" : 0.0
    }, {
      "x" : 0.809017,
      "y" : 0.618034,
      "z" : -0.309017
    }, {
      "x" : 0.809017,
      "y" : 0.618034,
      "z" : 0.309017
    }, {
      "x" : 1.0,
      "y" : 0.309017,
      "z" : -0.19098301
    }, {
      "x" : 1.0,
      "y" : 0.309017,
      "z" : 0.19098301
    }, {
      "x" : 1.618034,
      "y" : 0.42705098,
      "z" : -0.309017
    }, {
      "x" : 1.618034,
      "y" : 0.42705098,
      "z" : 0.309017
    }, {
      "x" : 1.618034,
      "y" : 0.809017,
      "z" : -0.309017
    }, {
      "x" : 1.618034,
      "y" : 0.809017,
      "z" : 0.309017
    }, {
      "x" : 6.854102,
      "y" : 2.427051,
      "z" : -0.309017
    }, {
      "x" : 6.854102,
      "y" : 2.427051,
      "z" : 0.309017
    }, {
      "x" : 6.854102,
      "y" : 2.809017,
      "z" : -0.309017
    }, {
      "x" : 6.854102,
      "y" : 2.809017,
      "z" : 0.309017
    }, {
      "x" : 7.472136,
      "y" : 2.927051,
      "z" : -0.19098301
    }, {
      "x" : 7.472136,
      "y" : 2.927051,
      "z" : 0.19098301
    }, {
      "x" : 7.663119,
      "y" : 2.618034,
      "z" : -0.309017
    }, {
      "x" : 7.663119,
      "y" : 2.618034,
      "z" : 0.309017
    }, {
      "x" : 7.7811527,
      "y" : 2.427051,
      "z" : 0.0
    }, {
      "x" : 8.472136,
      "y" : 3.236068,
      "z" : 0.0
    } ],
    "faces" : [ {
      "vertices" : [ 5, 7, 11 ]
    }, {
      "vertices" : [ 5, 11, 9 ]
    }, {
      "vertices" : [ 9, 11, 15 ]
    }, {
      "vertices" : [ 9, 17, 10 ]
    }, {
      "vertices" : [ 6, 10, 12 ]
    }, {
      "vertices" : [ 6, 12, 8 ]
    }, {
      "vertices" : [ 10, 16, 12 ]
    }, {
      "vertices" : [ 7, 8, 12 ]
    }, {
      "vertices" : [ 7, 12, 11 ]
    }, {
      "vertices" : [ 11, 13, 15 ]
    }, {
      "vertices" : [ 0, 7, 1 ]
    }, {
      "vertices" : [ 1, 5, 3 ]
    }, {
      "vertices" : [ 9, 15, 17 ]
    }, {
      "vertices" : [ 0, 2, 8 ]
    }, {
      "vertices" : [ 12, 16, 14 ]
    }, {
      "vertices" : [ 0, 1, 3 ]
    }, {
      "vertices" : [ 0, 3, 4 ]
    }, {
      "vertices" : [ 0, 4, 2 ]
    }, {
      "vertices" : [ 10, 17, 16 ]
    }, {
      "vertices" : [ 13, 14, 16 ]
    }, {
      "vertices" : [ 13, 16, 17 ]
    }, {
      "vertices" : [ 13, 17, 15 ]
    }, {
      "vertices" : [ 2, 4, 6 ]
    }, {
      "vertices" : [ 1, 7, 5 ]
    }, {
      "vertices" : [ 0, 8, 7 ]
    }, {
      "vertices" : [ 2, 6, 8 ]
    }, {
      "vertices" : [ 3, 5, 6 ]
    }, {
      "vertices" : [ 3, 6, 4 ]
    }, {
      "vertices" : [ 11, 12, 14 ]
    }, {
      "vertices" : [ 11, 14, 13 ]
    }, {
      "vertices" : [ 5, 9, 10 ]
    }, {
      "vertices" : [ 5, 10, 6 ]
    } ]
  }, {
    "id" : "a42978ec-b90f-4efa-9a4d-e4ef7dabad39",
    "vertices" : [ {
      "x" : 0.309017,
      "y" : -0.809017,
      "z" : 0.618034
    }, {
      "x" : 0.809017,
      "y" : -0.618034,
      "z" : 0.309017
    }, {
      "x" : 0.618034,
      "y" : -0.309017,
      "z" : 0.809017
    }, {
      "x" : 1.0,
      "y" : 0.309017,
      "z" : 0.19098301
    }, {
      "x" : 0.809017,
      "y" : 0.618034,
      "z" : 0.309017
    }, {
      "x" : 0.618034,
      "y" : 0.309017,
      "z" : 0.809017
    }, {
      "x" : 0.809017,
      "y" : 0.0,
      "z" : 0.690983
    }, {
      "x" : 0.19098301,
      "y" : -1.0,
      "z" : 0.309017
    }, {
      "x" : -0.19098301,
      "y" : -1.0,
      "z" : 0.309017
    }, {
      "x" : -0.19098301,
      "y" : -1.0,
      "z" : -0.309017
    }, {
      "x" : 0.19098301,
      "y" : -1.0,
      "z" : -0.309017
    }, {
      "x" : 1.0,
      "y" : -0.309017,
      "z" : -0.19098301
    }, {
      "x" : 0.809017,
      "y" : -0.618034,
      "z" : -0.309017
    }, {
      "x" : 0.618034,
      "y" : -0.309017,
      "z" : -0.809017
    }, {
      "x" : 0.809017,
      "y" : 0.0,
      "z" : -0.690983
    }, {
      "x" : 0.0,
      "y" : 0.690983,
      "z" : -0.809017
    }, {
      "x" : 0.309017,
      "y" : 0.809017,
      "z" : -0.618034
    }, {
      "x" : 0.618034,
      "y" : 0.309017,
      "z" : -0.809017
    }, {
      "x" : 0.309017,
      "y" : 0.19098301,
      "z" : -1.0
    }, {
      "x" : 1.0,
      "y" : 0.309017,
      "z" : -0.19098301
    }, {
      "x" : -0.309017,
      "y" : -0.809017,
      "z" : 0.618034
    }, {
      "x" : 0.0,
      "y" : -0.690983,
      "z" : 0.809017
    }, {
      "x" : 0.809017,
      "y" : 0.618034,
      "z" : -0.309017
    }, {
      "x" : 0.690983,
      "y" : 0.809017,
      "z" : 0.0
    }, {
      "x" : -0.690983,
      "y" : 0.809017,
      "z" : 0.0
    }, {
      "x" : -0.809017,
      "y" : 0.618034,
      "z" : 0.309017
    }, {
      "x" : -0.309017,
      "y" : 0.809017,
      "z" : 0.618034
    }, {
      "x" : -0.19098301,
      "y" : 1.0,
      "z" : 0.309017
    }, {
      "x" : 0.309017,
      "y" : -0.19098301,
      "z" : -1.0
    }, {
      "x" : 0.19098301,
      "y" : 1.0,
      "z" : 0.309017
    }, {
      "x" : 0.309017,
      "y" : 0.809017,
      "z" : 0.618034
    }, {
      "x" : -0.809017,
      "y" : -0.618034,
      "z" : 0.309017
    }, {
      "x" : -0.690983,
      "y" : -0.809017,
      "z" : 0.0
    }, {
      "x" : 0.0,
      "y" : 0.690983,
      "z" : 0.809017
    }, {
      "x" : 0.309017,
      "y" : -0.809017,
      "z" : -0.618034
    }, {
      "x" : 0.0,
      "y" : -0.690983,
      "z" : -0.809017
    }, {
      "x" : -1.0,
      "y" : 0.309017,
      "z" : 0.19098301
    }, {
      "x" : -0.809017,
      "y" : 0.0,
      "z" : 0.690983
    }, {
      "x" : -0.618034,
      "y" : 0.309017,
      "z" : 0.809017
    }, {
      "x" : 1.0,
      "y" : -0.309017,
      "z" : 0.19098301
    }, {
      "x" : -0.309017,
      "y" : -0.809017,
      "z" : -0.618034
    }, {
      "x" : -1.0,
      "y" : 0.309017,
      "z" : -0.19098301
    }, {
      "x" : -1.0,
      "y" : -0.309017,
      "z" : -0.19098301
    }, {
      "x" : -1.0,
      "y" : -0.309017,
      "z" : 0.19098301
    }, {
      "x" : 0.19098301,
      "y" : 1.0,
      "z" : -0.309017
    }, {
      "x" : -0.809017,
      "y" : 0.618034,
      "z" : -0.309017
    }, {
      "x" : -0.19098301,
      "y" : 1.0,
      "z" : -0.309017
    }, {
      "x" : -0.309017,
      "y" : 0.809017,
      "z" : -0.618034
    }, {
      "x" : -0.618034,
      "y" : -0.309017,
      "z" : 0.809017
    }, {
      "x" : 0.309017,
      "y" : 0.19098301,
      "z" : 1.0
    }, {
      "x" : -0.309017,
      "y" : 0.19098301,
      "z" : -1.0
    }, {
      "x" : -0.309017,
      "y" : 0.19098301,
      "z" : 1.0
    }, {
      "x" : -0.309017,
      "y" : -0.19098301,
      "z" : 1.0
    }, {
      "x" : 0.309017,
      "y" : -0.19098301,
      "z" : 1.0
    }, {
      "x" : 0.690983,
      "y" : -0.809017,
      "z" : 0.0
    }, {
      "x" : -0.809017,
      "y" : 0.0,
      "z" : -0.690983
    }, {
      "x" : -0.618034,
      "y" : -0.309017,
      "z" : -0.809017
    }, {
      "x" : -0.309017,
      "y" : -0.19098301,
      "z" : -1.0
    }, {
      "x" : -0.618034,
      "y" : 0.309017,
      "z" : -0.809017
    }, {
      "x" : -0.809017,
      "y" : -0.618034,
      "z" : -0.309017
    } ],
    "faces" : [ {
      "vertices" : [ 9, 40, 35 ]
    }, {
      "vertices" : [ 9, 35, 34 ]
    }, {
      "vertices" : [ 9, 34, 10 ]
    }, {
      "vertices" : [ 0, 1, 2 ]
    }, {
      "vertices" : [ 33, 51, 49 ]
    }, {
      "vertices" : [ 25, 36, 37 ]
    }, {
      "vertices" : [ 25, 37, 38 ]
    }, {
      "vertices" : [ 41, 55, 42 ]
    }, {
      "vertices" : [ 9, 32, 59 ]
    }, {
      "vertices" : [ 9, 59, 40 ]
    }, {
      "vertices" : [ 20, 21, 52 ]
    }, {
      "vertices" : [ 20, 52, 48 ]
    }, {
      "vertices" : [ 26, 33, 30 ]
    }, {
      "vertices" : [ 26, 30, 29 ]
    }, {
      "vertices" : [ 26, 29, 27 ]
    }, {
      "vertices" : [ 3, 4, 5 ]
    }, {
      "vertices" : [ 3, 5, 6 ]
    }, {
      "vertices" : [ 27, 29, 44 ]
    }, {
      "vertices" : [ 27, 44, 46 ]
    }, {
      "vertices" : [ 50, 57, 56 ]
    }, {
      "vertices" : [ 50, 56, 55 ]
    }, {
      "vertices" : [ 50, 55, 58 ]
    }, {
      "vertices" : [ 26, 38, 51 ]
    }, {
      "vertices" : [ 26, 51, 33 ]
    }, {
      "vertices" : [ 45, 47, 58 ]
    }, {
      "vertices" : [ 18, 28, 57 ]
    }, {
      "vertices" : [ 18, 57, 50 ]
    }, {
      "vertices" : [ 40, 59, 56 ]
    }, {
      "vertices" : [ 31, 48, 37 ]
    }, {
      "vertices" : [ 31, 37, 43 ]
    }, {
      "vertices" : [ 7, 8, 9 ]
    }, {
      "vertices" : [ 7, 9, 10 ]
    }, {
      "vertices" : [ 36, 41, 42 ]
    }, {
      "vertices" : [ 36, 42, 43 ]
    }, {
      "vertices" : [ 24, 46, 47 ]
    }, {
      "vertices" : [ 24, 47, 45 ]
    }, {
      "vertices" : [ 4, 30, 5 ]
    }, {
      "vertices" : [ 15, 47, 46 ]
    }, {
      "vertices" : [ 15, 46, 44 ]
    }, {
      "vertices" : [ 15, 44, 16 ]
    }, {
      "vertices" : [ 15, 50, 58 ]
    }, {
      "vertices" : [ 15, 58, 47 ]
    }, {
      "vertices" : [ 24, 45, 41 ]
    }, {
      "vertices" : [ 24, 41, 36 ]
    }, {
      "vertices" : [ 24, 36, 25 ]
    }, {
      "vertices" : [ 11, 14, 19 ]
    }, {
      "vertices" : [ 3, 6, 39 ]
    }, {
      "vertices" : [ 1, 39, 6 ]
    }, {
      "vertices" : [ 1, 6, 2 ]
    }, {
      "vertices" : [ 8, 32, 9 ]
    }, {
      "vertices" : [ 11, 12, 13 ]
    }, {
      "vertices" : [ 11, 13, 14 ]
    }, {
      "vertices" : [ 16, 22, 17 ]
    }, {
      "vertices" : [ 0, 21, 20 ]
    }, {
      "vertices" : [ 0, 20, 8 ]
    }, {
      "vertices" : [ 0, 8, 7 ]
    }, {
      "vertices" : [ 12, 34, 13 ]
    }, {
      "vertices" : [ 35, 40, 56 ]
    }, {
      "vertices" : [ 35, 56, 57 ]
    }, {
      "vertices" : [ 0, 7, 54 ]
    }, {
      "vertices" : [ 0, 54, 1 ]
    }, {
      "vertices" : [ 15, 16, 17 ]
    }, {
      "vertices" : [ 15, 17, 18 ]
    }, {
      "vertices" : [ 3, 19, 22 ]
    }, {
      "vertices" : [ 3, 22, 23 ]
    }, {
      "vertices" : [ 3, 23, 4 ]
    }, {
      "vertices" : [ 7, 10, 54 ]
    }, {
      "vertices" : [ 41, 45, 58 ]
    }, {
      "vertices" : [ 41, 58, 55 ]
    }, {
      "vertices" : [ 3, 39, 11 ]
    }, {
      "vertices" : [ 3, 11, 19 ]
    }, {
      "vertices" : [ 14, 17, 22 ]
    }, {
      "vertices" : [ 14, 22, 19 ]
    }, {
      "vertices" : [ 0, 2, 53 ]
    }, {
      "vertices" : [ 0, 53, 21 ]
    }, {
      "vertices" : [ 49, 51, 52 ]
    }, {
      "vertices" : [ 49, 52, 53 ]
    }, {
      "vertices" : [ 31, 43, 42 ]
    }, {
      "vertices" : [ 31, 42, 59 ]
    }, {
      "vertices" : [ 31, 59, 32 ]
    }, {
      "vertices" : [ 15, 18, 50 ]
    }, {
      "vertices" : [ 42, 55, 56 ]
    }, {
      "vertices" : [ 42, 56, 59 ]
    }, {
      "vertices" : [ 4, 23, 29 ]
    }, {
      "vertices" : [ 4, 29, 30 ]
    }, {
      "vertices" : [ 25, 38, 26 ]
    }, {
      "vertices" : [ 13, 28, 18 ]
    }, {
      "vertices" : [ 13, 18, 17 ]
    }, {
      "vertices" : [ 13, 17, 14 ]
    }, {
      "vertices" : [ 8, 20, 31 ]
    }, {
      "vertices" : [ 8, 31, 32 ]
    }, {
      "vertices" : [ 23, 44, 29 ]
    }, {
      "vertices" : [ 24, 27, 46 ]
    }, {
      "vertices" : [ 37, 48, 52 ]
    }, {
      "vertices" : [ 37, 52, 51 ]
    }, {
      "vertices" : [ 37, 51, 38 ]
    }, {
      "vertices" : [ 20, 48, 31 ]
    }, {
      "vertices" : [ 24, 25, 26 ]
    }, {
      "vertices" : [ 24, 26, 27 ]
    }, {
      "vertices" : [ 16, 44, 23 ]
    }, {
      "vertices" : [ 16, 23, 22 ]
    }, {
      "vertices" : [ 13, 34, 35 ]
    }, {
      "vertices" : [ 13, 35, 28 ]
    }, {
      "vertices" : [ 10, 34, 12 ]
    }, {
      "vertices" : [ 10, 12, 54 ]
    }, {
      "vertices" : [ 2, 6, 5 ]
    }, {
      "vertices" : [ 2, 5, 49 ]
    }, {
      "vertices" : [ 2, 49, 53 ]
    }, {
      "vertices" : [ 36, 43, 37 ]
    }, {
      "vertices" : [ 5, 30, 33 ]
    }, {
      "vertices" : [ 5, 33, 49 ]
    }, {
      "vertices" : [ 1, 54, 12 ]
    }, {
      "vertices" : [ 1, 12, 11 ]
    }, {
      "vertices" : [ 1, 11, 39 ]
    }, {
      "vertices" : [ 28, 35, 57 ]
    }, {
      "vertices" : [ 21, 53, 52 ]
    } ]
  } ],
  "instances" : [ {
    "shape" : "a95018cc-00a0-47b9-986e-77b98468ea48",
    "color" : "#6C00C6",
    "position" : {
      "x" : -7.854102,
      "y" : 32.27051,
      "z" : -24.18034
    },
    "orientation" : 22
  }, {
    "shape" : "a42978ec-b90f-4efa-9a4d-e4ef7dabad39",
    "color" : "#FFFFFF",
    "position" : {
      "x" : -32.27051,
      "y" : 24.18034,
      "z" : 7.854102
    }
  }, {
    "shape" : "a95018cc-00a0-47b9-986e-77b98468ea48",
    "color" : "#6C00C6",
    "position" : {
      "x" : -35.888542,
      "y" : 7.854102,
      "z" : -18.562305
    },
    "orientation" : 23
  }, {
    "shape" : "a42978ec-b90f-4efa-9a4d-e4ef7dabad39",
    "color" : "#FFFFFF",
    "position" : {
      "x" : 0.0,
      "y" : -39.742645,
      "z" : 6.854102
    }
  }, {
    "shape" : "a95018cc-00a0-47b9-986e-77b98468ea48",
    "color" : "#6C00C6",
    "position" : {
      "x" : 33.27051,
      "y" : -22.562305,
      "z" : -8.472136
    },
    "orientation" : 50
  }, {
    "shape" : "a95018cc-00a0-47b9-986e-77b98468ea48",
    "color" : "#6C00C6",
    "position" : {
      "x" : 0.0,
      "y" : -36.506577,
      "z" : -22.562305
    },
    "orientation" : 55
  }, {
    "shape" : "a95018cc-00a0-47b9-986e-77b98468ea48",
    "color" : "#6C00C6",
    "position" : {
      "x" : -32.27051,
      "y" : 24.18034,
      "z" : 7.854102
    },
    "orientation" : 9
  }, {
    "shape" : "a95018cc-00a0-47b9-986e-77b98468ea48",
    "color" : "#6C00C6",
    "position" : {
      "x" : 8.472136,
      "y" : 33.27051,
      "z" : 22.562305
    },
    "orientation" : 18
  }, {
    "shape" : "a95018cc-00a0-47b9-986e-77b98468ea48",
    "color" : "#6C00C6",
    "position" : {
      "x" : 10.09017,
      "y" : -39.12461,
      "z" : 7.854102
    },
    "orientation" : 50
  }, {
    "shape" : "a95018cc-00a0-47b9-986e-77b98468ea48",
    "color" : "#6C00C6",
    "position" : {
      "x" : 39.12461,
      "y" : -7.854102,
      "z" : 10.09017
    },
    "orientation" : 32
  }, {
    "shape" : "a95018cc-00a0-47b9-986e-77b98468ea48",
    "color" : "#6C00C6",
    "position" : {
      "x" : 0.0,
      "y" : 36.506577,
      "z" : -22.562305
    },
    "orientation" : 35
  }, {
    "shape" : "a95018cc-00a0-47b9-986e-77b98468ea48",
    "color" : "#6C00C6",
    "position" : {
      "x" : 22.562305,
      "y" : 0.0,
      "z" : -36.506577
    },
    "orientation" : 31
  }, {
    "shape" : "a42978ec-b90f-4efa-9a4d-e4ef7dabad39",
    "color" : "#FFFFFF",
    "position" : {
      "x" : 34.27051,
      "y" : -15.708204,
      "z" : -14.326238
    }
  }, {
    "shape" : "a95018cc-00a0-47b9-986e-77b98468ea48",
    "color" : "#6C00C6",
    "position" : {
      "x" : 29.652475,
      "y" : -28.416409,
      "z" : -1.0
    },
    "orientation" : 39
  }, {
    "shape" : "a95018cc-00a0-47b9-986e-77b98468ea48",
    "color" : "#6C00C6",
    "position" : {
      "x" : 7.854102,
      "y" : -32.27051,
      "z" : -24.18034
    },
    "orientation" : 52
  }, {
    "shape" : "a95018cc-00a0-47b9-986e-77b98468ea48",
    "color" : "#6C00C6",
    "position" : {
      "x" : -24.18034,
      "y" : -16.326239,
      "z" : 29.034441
    },
    "orientation" : 21
  }, {
    "shape" : "a95018cc-00a0-47b9-986e-77b98468ea48",
    "color" : "#6C00C6",
    "position" : {
      "x" : 16.326239,
      "y" : -29.034441,
      "z" : 24.18034
    },
    "orientation" : 10
  }, {
    "shape" : "a42978ec-b90f-4efa-9a4d-e4ef7dabad39",
    "color" : "#FFFFFF",
    "position" : {
      "x" : 1.0,
      "y" : -29.652475,
      "z" : -28.416409
    }
  }, {
    "shape" : "a95018cc-00a0-47b9-986e-77b98468ea48",
    "color" : "#6C00C6",
    "position" : {
      "x" : 0.0,
      "y" : -36.506577,
      "z" : -22.562305
    },
    "orientation" : 0
  }, {
    "shape" : "a95018cc-00a0-47b9-986e-77b98468ea48",
    "color" : "#6C00C6",
    "position" : {
      "x" : 15.708204,
      "y" : 5.854102,
      "z" : 37.506577
    },
    "orientation" : 48
  }, {
    "shape" : "a95018cc-00a0-47b9-986e-77b98468ea48",
    "color" : "#6C00C6",
    "position" : {
      "x" : 30.034441,
      "y" : -17.326239,
      "z" : 22.18034
    },
    "orientation" : 20
  }, {
    "shape" : "a42978ec-b90f-4efa-9a4d-e4ef7dabad39",
    "color" : "#FFFFFF",
    "position" : {
      "x" : 35.888542,
      "y" : -7.854102,
      "z" : -18.562305
    }
  }, {
    "shape" : "a95018cc-00a0-47b9-986e-77b98468ea48",
    "color" : "#6C00C6",
    "position" : {
      "x" : 0.0,
      "y" : -36.506577,
      "z" : 22.562305
    },
    "orientation" : 53
  }, {
    "shape" : "a42978ec-b90f-4efa-9a4d-e4ef7dabad39",
    "color" : "#FFFFFF",
    "position" : {
      "x" : 29.652475,
      "y" : -28.416409,
      "z" : -1.0
    }
  }, {
    "shape" : "a42978ec-b90f-4efa-9a4d-e4ef7dabad39",
    "color" : "#FFFFFF",
    "position" : {
      "x" : 22.18034,
      "y" : -30.034441,
      "z" : 17.326239
    }
  }, {
    "shape" : "a95018cc-00a0-47b9-986e-77b98468ea48",
    "color" : "#6C00C6",
    "position" : {
      "x" : 22.798374,
      "y" : 34.27051,
      "z" : 0.0
    },
    "orientation" : 35
  }, {
    "shape" : "a95018cc-00a0-47b9-986e-77b98468ea48",
    "color" : "#6C00C6",
    "position" : {
      "x" : 5.854102,
      "y" : -40.742645,
      "z" : 0.0
    },
    "orientation" : 38
  }, {
    "shape" : "a95018cc-00a0-47b9-986e-77b98468ea48",
    "color" : "#6C00C6",
    "position" : {
      "x" : -17.326239,
      "y" : -22.18034,
      "z" : 30.034441
    },
    "orientation" : 13
  }, {
    "shape" : "a42978ec-b90f-4efa-9a4d-e4ef7dabad39",
    "color" : "#FFFFFF",
    "position" : {
      "x" : 29.652475,
      "y" : -28.416409,
      "z" : 1.0
    }
  }, {
    "shape" : "a95018cc-00a0-47b9-986e-77b98468ea48",
    "color" : "#6C00C6",
    "position" : {
      "x" : 14.708204,
      "y" : 4.236068,
      "z" : 38.12461
    },
    "orientation" : 42
  }, {
    "shape" : "a95018cc-00a0-47b9-986e-77b98468ea48",
    "color" : "#6C00C6",
    "position" : {
      "x" : 18.562305,
      "y" : 35.888542,
      "z" : 7.854102
    },
    "orientation" : 21
  }, {
    "shape" : "a95018cc-00a0-47b9-986e-77b98468ea48",
    "color" : "#6C00C6",
    "position" : {
      "x" : -18.562305,
      "y" : -35.888542,
      "z" : 7.854102
    },
    "orientation" : 51
  }, {
    "shape" : "a95018cc-00a0-47b9-986e-77b98468ea48",
    "color" : "#6C00C6",
    "position" : {
      "x" : 22.562305,
      "y" : 0.0,
      "z" : 36.506577
    },
    "orientation" : 48
  }, {
    "shape" : "a95018cc-00a0-47b9-986e-77b98468ea48",
    "color" : "#6C00C6",
    "position" : {
      "x" : 1.0,
      "y" : -29.652475,
      "z" : -28.416409
    },
    "orientation" : 3
  }, {
    "shape" : "a95018cc-00a0-47b9-986e-77b98468ea48",
    "color" : "#6C00C6",
    "position" : {
      "x" : 0.0,
      "y" : -36.506577,
      "z" : -22.562305
    },
    "orientation" : 3
  }, {
    "shape" : "a95018cc-00a0-47b9-986e-77b98468ea48",
    "color" : "#6C00C6",
    "position" : {
      "x" : -24.18034,
      "y" : -16.326239,
      "z" : -29.034441
    },
    "orientation" : 24
  }, {
    "shape" : "a95018cc-00a0-47b9-986e-77b98468ea48",
    "color" : "#6C00C6",
    "position" : {
      "x" : -29.652475,
      "y" : 28.416409,
      "z" : 1.0
    },
    "orientation" : 14
  }, {
    "shape" : "a95018cc-00a0-47b9-986e-77b98468ea48",
    "color" : "#6C00C6",
    "position" : {
      "x" : 36.506577,
      "y" : 22.562305,
      "z" : 0.0
    },
    "orientation" : 25
  }, {
    "shape" : "a95018cc-00a0-47b9-986e-77b98468ea48",
    "color" : "#6C00C6",
    "position" : {
      "x" : 36.506577,
      "y" : 22.562305,
      "z" : 0.0
    },
    "orientation" : 54
  }, {
    "shape" : "a95018cc-00a0-47b9-986e-77b98468ea48",
    "color" : "#6C00C6",
    "position" : {
      "x" : -8.472136,
      "y" : 33.27051,
      "z" : 22.562305
    },
    "orientation" : 42
  }, {
    "shape" : "a42978ec-b90f-4efa-9a4d-e4ef7dabad39",
    "color" : "#FFFFFF",
    "position" : {
      "x" : -32.27051,
      "y" : -24.18034,
      "z" : -7.854102
    }
  }, {
    "shape" : "a42978ec-b90f-4efa-9a4d-e4ef7dabad39",
    "color" : "#FFFFFF",
    "position" : {
      "x" : 22.798374,
      "y" : -34.27051,
      "z" : 0.0
    }
  }, {
    "shape" : "a95018cc-00a0-47b9-986e-77b98468ea48",
    "color" : "#6C00C6",
    "position" : {
      "x" : -7.854102,
      "y" : 10.09017,
      "z" : -39.12461
    },
    "orientation" : 27
  }, {
    "shape" : "a95018cc-00a0-47b9-986e-77b98468ea48",
    "color" : "#6C00C6",
    "position" : {
      "x" : 22.562305,
      "y" : 0.0,
      "z" : 36.506577
    },
    "orientation" : 51
  }, {
    "shape" : "a95018cc-00a0-47b9-986e-77b98468ea48",
    "color" : "#6C00C6",
    "position" : {
      "x" : 0.0,
      "y" : -36.506577,
      "z" : 22.562305
    },
    "orientation" : 12
  }, {
    "shape" : "a95018cc-00a0-47b9-986e-77b98468ea48",
    "color" : "#6C00C6",
    "position" : {
      "x" : -18.562305,
      "y" : -35.888542,
      "z" : -7.854102
    },
    "orientation" : 54
  }, {
    "shape" : "a42978ec-b90f-4efa-9a4d-e4ef7dabad39",
    "color" : "#FFFFFF",
    "position" : {
      "x" : 10.09017,
      "y" : -39.12461,
      "z" : 7.854102
    }
  }, {
    "shape" : "a95018cc-00a0-47b9-986e-77b98468ea48",
    "color" : "#6C00C6",
    "position" : {
      "x" : -18.562305,
      "y" : -35.888542,
      "z" : -7.854102
    },
    "orientation" : 20
  }, {
    "shape" : "a95018cc-00a0-47b9-986e-77b98468ea48",
    "color" : "#6C00C6",
    "position" : {
      "x" : -22.798374,
      "y" : 34.27051,
      "z" : 0.0
    },
    "orientation" : 20
  }, {
    "shape" : "a42978ec-b90f-4efa-9a4d-e4ef7dabad39",
    "color" : "#FFFFFF",
    "position" : {
      "x" : 30.034441,
      "y" : 17.326239,
      "z" : 22.18034
    }
  }, {
    "shape" : "a95018cc-00a0-47b9-986e-77b98468ea48",
    "color" : "#6C00C6",
    "position" : {
      "x" : -22.562305,
      "y" : 8.472136,
      "z" : -33.27051
    },
    "orientation" : 6
  }, {
    "shape" : "a95018cc-00a0-47b9-986e-77b98468ea48",
    "color" : "#6C00C6",
    "position" : {
      "x" : 15.708204,
      "y" : -5.854102,
      "z" : -37.506577
    },
    "orientation" : 33
  }, {
    "shape" : "a95018cc-00a0-47b9-986e-77b98468ea48",
    "color" : "#6C00C6",
    "position" : {
      "x" : 22.562305,
      "y" : 0.0,
      "z" : -36.506577
    },
    "orientation" : 8
  }, {
    "shape" : "a95018cc-00a0-47b9-986e-77b98468ea48",
    "color" : "#6C00C6",
    "position" : {
      "x" : -39.12461,
      "y" : -7.854102,
      "z" : 10.09017
    },
    "orientation" : 2
  }, {
    "shape" : "a42978ec-b90f-4efa-9a4d-e4ef7dabad39",
    "color" : "#FFFFFF",
    "position" : {
      "x" : -30.034441,
      "y" : -17.326239,
      "z" : 22.18034
    }
  }, {
    "shape" : "a95018cc-00a0-47b9-986e-77b98468ea48",
    "color" : "#6C00C6",
    "position" : {
      "x" : 16.326239,
      "y" : -29.034441,
      "z" : -24.18034
    },
    "orientation" : 52
  }, {
    "shape" : "a95018cc-00a0-47b9-986e-77b98468ea48",
    "color" : "#6C00C6",
    "position" : {
      "x" : -29.034441,
      "y" : -24.18034,
      "z" : 16.326239
    },
    "orientation" : 7
  }, {
    "shape" : "a95018cc-00a0-47b9-986e-77b98468ea48",
    "color" : "#6C00C6",
    "position" : {
      "x" : -22.562305,
      "y" : 0.0,
      "z" : 36.506577
    },
    "orientation" : 19
  }, {
    "shape" : "a95018cc-00a0-47b9-986e-77b98468ea48",
    "color" : "#6C00C6",
    "position" : {
      "x" : -39.12461,
      "y" : 7.854102,
      "z" : 10.09017
    },
    "orientation" : 19
  }, {
    "shape" : "a42978ec-b90f-4efa-9a4d-e4ef7dabad39",
    "color" : "#FFFFFF",
    "position" : {
      "x" : 10.09017,
      "y" : 39.12461,
      "z" : 7.854102
    }
  }, {
    "shape" : "a42978ec-b90f-4efa-9a4d-e4ef7dabad39",
    "color" : "#FFFFFF",
    "position" : {
      "x" : 7.854102,
      "y" : 10.09017,
      "z" : -39.12461
    }
  }, {
    "shape" : "a42978ec-b90f-4efa-9a4d-e4ef7dabad39",
    "color" : "#FFFFFF",
    "position" : {
      "x" : -25.416409,
      "y" : -30.034441,
      "z" : 8.854102
    }
  }, {
    "shape" : "a95018cc-00a0-47b9-986e-77b98468ea48",
    "color" : "#6C00C6",
    "position" : {
      "x" : -32.27051,
      "y" : -24.18034,
      "z" : 7.854102
    },
    "orientation" : 2
  }, {
    "shape" : "a42978ec-b90f-4efa-9a4d-e4ef7dabad39",
    "color" : "#FFFFFF",
    "position" : {
      "x" : 35.888542,
      "y" : 7.854102,
      "z" : 18.562305
    }
  }, {
    "shape" : "a42978ec-b90f-4efa-9a4d-e4ef7dabad39",
    "color" : "#FFFFFF",
    "position" : {
      "x" : 37.506577,
      "y" : 15.708204,
      "z" : -5.854102
    }
  }, {
    "shape" : "a42978ec-b90f-4efa-9a4d-e4ef7dabad39",
    "color" : "#FFFFFF",
    "position" : {
      "x" : -33.27051,
      "y" : -22.562305,
      "z" : -8.472136
    }
  }, {
    "shape" : "a95018cc-00a0-47b9-986e-77b98468ea48",
    "color" : "#6C00C6",
    "position" : {
      "x" : 0.0,
      "y" : 36.506577,
      "z" : 22.562305
    },
    "orientation" : 15
  }, {
    "shape" : "a42978ec-b90f-4efa-9a4d-e4ef7dabad39",
    "color" : "#FFFFFF",
    "position" : {
      "x" : -22.562305,
      "y" : 0.0,
      "z" : 36.506577
    }
  }, {
    "shape" : "a95018cc-00a0-47b9-986e-77b98468ea48",
    "color" : "#6C00C6",
    "position" : {
      "x" : -22.562305,
      "y" : 0.0,
      "z" : -36.506577
    },
    "orientation" : 24
  }, {
    "shape" : "a95018cc-00a0-47b9-986e-77b98468ea48",
    "color" : "#6C00C6",
    "position" : {
      "x" : -24.18034,
      "y" : 16.326239,
      "z" : 29.034441
    },
    "orientation" : 9
  }, {
    "shape" : "a95018cc-00a0-47b9-986e-77b98468ea48",
    "color" : "#6C00C6",
    "position" : {
      "x" : -34.27051,
      "y" : 0.0,
      "z" : -22.798374
    },
    "orientation" : 43
  }, {
    "shape" : "a95018cc-00a0-47b9-986e-77b98468ea48",
    "color" : "#6C00C6",
    "position" : {
      "x" : -7.854102,
      "y" : -32.27051,
      "z" : 24.18034
    },
    "orientation" : 45
  }, {
    "shape" : "a95018cc-00a0-47b9-986e-77b98468ea48",
    "color" : "#6C00C6",
    "position" : {
      "x" : -37.506577,
      "y" : 15.708204,
      "z" : 5.854102
    },
    "orientation" : 2
  }, {
    "shape" : "a42978ec-b90f-4efa-9a4d-e4ef7dabad39",
    "color" : "#FFFFFF",
    "position" : {
      "x" : 25.416409,
      "y" : -30.034441,
      "z" : -8.854102
    }
  }, {
    "shape" : "a95018cc-00a0-47b9-986e-77b98468ea48",
    "color" : "#6C00C6",
    "position" : {
      "x" : -5.854102,
      "y" : 37.506577,
      "z" : -15.708204
    },
    "orientation" : 30
  }, {
    "shape" : "a42978ec-b90f-4efa-9a4d-e4ef7dabad39",
    "color" : "#FFFFFF",
    "position" : {
      "x" : 34.27051,
      "y" : 15.708204,
      "z" : -14.326238
    }
  }, {
    "shape" : "a95018cc-00a0-47b9-986e-77b98468ea48",
    "color" : "#6C00C6",
    "position" : {
      "x" : -36.506577,
      "y" : 22.562305,
      "z" : 0.0
    },
    "orientation" : 2
  }, {
    "shape" : "a95018cc-00a0-47b9-986e-77b98468ea48",
    "color" : "#6C00C6",
    "position" : {
      "x" : 18.562305,
      "y" : -35.888542,
      "z" : -7.854102
    },
    "orientation" : 59
  }, {
    "shape" : "a95018cc-00a0-47b9-986e-77b98468ea48",
    "color" : "#6C00C6",
    "position" : {
      "x" : -4.236068,
      "y" : 38.12461,
      "z" : -14.708204
    },
    "orientation" : 38
  }, {
    "shape" : "a95018cc-00a0-47b9-986e-77b98468ea48",
    "color" : "#6C00C6",
    "position" : {
      "x" : 22.562305,
      "y" : 8.472136,
      "z" : 33.27051
    },
    "orientation" : 49
  }, {
    "shape" : "a42978ec-b90f-4efa-9a4d-e4ef7dabad39",
    "color" : "#FFFFFF",
    "position" : {
      "x" : 14.708204,
      "y" : 4.236068,
      "z" : -38.12461
    }
  }, {
    "shape" : "a95018cc-00a0-47b9-986e-77b98468ea48",
    "color" : "#6C00C6",
    "position" : {
      "x" : -36.506577,
      "y" : -22.562305,
      "z" : 0.0
    },
    "orientation" : 29
  }, {
    "shape" : "a42978ec-b90f-4efa-9a4d-e4ef7dabad39",
    "color" : "#FFFFFF",
    "position" : {
      "x" : 32.27051,
      "y" : -24.18034,
      "z" : -7.854102
    }
  }, {
    "shape" : "a95018cc-00a0-47b9-986e-77b98468ea48",
    "color" : "#6C00C6",
    "position" : {
      "x" : -33.27051,
      "y" : 22.562305,
      "z" : -8.472136
    },
    "orientation" : 20
  }, {
    "shape" : "a95018cc-00a0-47b9-986e-77b98468ea48",
    "color" : "#6C00C6",
    "position" : {
      "x" : -28.416409,
      "y" : -1.0,
      "z" : 29.652475
    },
    "orientation" : 56
  }, {
    "shape" : "a95018cc-00a0-47b9-986e-77b98468ea48",
    "color" : "#6C00C6",
    "position" : {
      "x" : -22.562305,
      "y" : 0.0,
      "z" : -36.506577
    },
    "orientation" : 31
  }, {
    "shape" : "a95018cc-00a0-47b9-986e-77b98468ea48",
    "color" : "#6C00C6",
    "position" : {
      "x" : 0.0,
      "y" : 36.506577,
      "z" : -22.562305
    },
    "orientation" : 30
  }, {
    "shape" : "a95018cc-00a0-47b9-986e-77b98468ea48",
    "color" : "#6C00C6",
    "position" : {
      "x" : 17.326239,
      "y" : -22.18034,
      "z" : -30.034441
    },
    "orientation" : 58
  }, {
    "shape" : "a42978ec-b90f-4efa-9a4d-e4ef7dabad39",
    "color" : "#FFFFFF",
    "position" : {
      "x" : 33.27051,
      "y" : 22.562305,
      "z" : -8.472136
    }
  }, {
    "shape" : "a95018cc-00a0-47b9-986e-77b98468ea48",
    "color" : "#6C00C6",
    "position" : {
      "x" : 29.034441,
      "y" : -24.18034,
      "z" : 16.326239
    },
    "orientation" : 10
  }, {
    "shape" : "a95018cc-00a0-47b9-986e-77b98468ea48",
    "color" : "#6C00C6",
    "position" : {
      "x" : 36.506577,
      "y" : 22.562305,
      "z" : 0.0
    },
    "orientation" : 47
  }, {
    "shape" : "a42978ec-b90f-4efa-9a4d-e4ef7dabad39",
    "color" : "#FFFFFF",
    "position" : {
      "x" : -40.742645,
      "y" : 0.0,
      "z" : 5.854102
    }
  }, {
    "shape" : "a95018cc-00a0-47b9-986e-77b98468ea48",
    "color" : "#6C00C6",
    "position" : {
      "x" : 22.18034,
      "y" : -30.034441,
      "z" : 17.326239
    },
    "orientation" : 17
  }, {
    "shape" : "a95018cc-00a0-47b9-986e-77b98468ea48",
    "color" : "#6C00C6",
    "position" : {
      "x" : 0.0,
      "y" : 36.506577,
      "z" : 22.562305
    },
    "orientation" : 59
  }, {
    "shape" : "a95018cc-00a0-47b9-986e-77b98468ea48",
    "color" : "#6C00C6",
    "position" : {
      "x" : -24.18034,
      "y" : -7.854102,
      "z" : 32.27051
    },
    "orientation" : 16
  }, {
    "shape" : "a95018cc-00a0-47b9-986e-77b98468ea48",
    "color" : "#6C00C6",
    "position" : {
      "x" : -30.034441,
      "y" : -17.326239,
      "z" : -22.18034
    },
    "orientation" : 46
  }, {
    "shape" : "a95018cc-00a0-47b9-986e-77b98468ea48",
    "color" : "#6C00C6",
    "position" : {
      "x" : 33.27051,
      "y" : 22.562305,
      "z" : 8.472136
    },
    "orientation" : 35
  }, {
    "shape" : "a95018cc-00a0-47b9-986e-77b98468ea48",
    "color" : "#6C00C6",
    "position" : {
      "x" : -33.27051,
      "y" : 22.562305,
      "z" : 8.472136
    },
    "orientation" : 14
  }, {
    "shape" : "a42978ec-b90f-4efa-9a4d-e4ef7dabad39",
    "color" : "#FFFFFF",
    "position" : {
      "x" : -8.472136,
      "y" : 33.27051,
      "z" : -22.562305
    }
  }, {
    "shape" : "a95018cc-00a0-47b9-986e-77b98468ea48",
    "color" : "#6C00C6",
    "position" : {
      "x" : 17.326239,
      "y" : -22.18034,
      "z" : 30.034441
    },
    "orientation" : 4
  }, {
    "shape" : "a95018cc-00a0-47b9-986e-77b98468ea48",
    "color" : "#6C00C6",
    "position" : {
      "x" : -30.034441,
      "y" : 17.326239,
      "z" : -22.18034
    },
    "orientation" : 16
  }, {
    "shape" : "a95018cc-00a0-47b9-986e-77b98468ea48",
    "color" : "#6C00C6",
    "position" : {
