{
  "polygons" : "true",
  "field" : "golden",
  "symmetry" : "icosahedral",
  "orientations" : [ [ 1.0, 0.0, 0.0, 0.0, 0.0, 1.0, 0.0, 0.0, 0.0, 0.0, 1.0, 0.0, 0.0, 0.0, 0.0, 1.0 ], [ 0.0, 0.0, 1.0, 0.0, 1.0, 0.0, 0.0, 0.0, 0.0, 1.0, 0.0, 0.0, 0.0, 0.0, 0.0, 1.0 ], [ 0.0, 1.0, 0.0, 0.0, 0.0, 0.0, 1.0, 0.0, 1.0, 0.0, 0.0, 0.0, 0.0, 0.0, 0.0, 1.0 ], [ 0.809017, 0.309017, 0.5, 0.0, 0.309017, 0.5, -0.809017, 0.0, -0.5, 0.809017, 0.309017, 0.0, 0.0, 0.0, 0.0, 1.0 ], [ -0.5, 0.809017, 0.309017, 0.0, 0.809017, 0.309017, 0.5, 0.0, 0.309017, 0.5, -0.809017, 0.0, 0.0, 0.0, 0.0, 1.0 ], [ 0.309017, 0.5, -0.809017, 0.0, -0.5, 0.809017, 0.309017, 0.0, 0.809017, 0.309017, 0.5, 0.0, 0.0, 0.0, 0.0, 1.0 ], [ 0.5, 0.809017, 0.309017, 0.0, 0.809017, -0.309017, -0.5, 0.0, -0.309017, 0.5, -0.809017, 0.0, 0.0, 0.0, 0.0, 1.0 ], [ -0.309017, 0.5, -0.809017, 0.0, 0.5, 0.809017, 0.309017, 0.0, 0.809017, -0.309017, -0.5, 0.0, 0.0, 0.0, 0.0, 1.0 ], [ 0.809017, -0.309017, -0.5, 0.0, -0.309017, 0.5, -0.809017, 0.0, 0.5, 0.809017, 0.309017, 0.0, 0.0, 0.0, 0.0, 1.0 ], [ 0.5, 0.809017, -0.309017, 0.0, 0.809017, -0.309017, 0.5, 0.0, 0.309017, -0.5, -0.809017, 0.0, 0.0, 0.0, 0.0, 1.0 ], [ 0.309017, -0.5, -0.809017, 0.0, 0.5, 0.809017, -0.309017, 0.0, 0.809017, -0.309017, 0.5, 0.0, 0.0, 0.0, 0.0, 1.0 ], [ 0.809017, -0.309017, 0.5, 0.0, 0.309017, -0.5, -0.809017, 0.0, 0.5, 0.809017, -0.309017, 0.0, 0.0, 0.0, 0.0, 1.0 ], [ 0.809017, 0.309017, -0.5, 0.0, 0.309017, 0.5, 0.809017, 0.0, 0.5, -0.809017, 0.309017, 0.0, 0.0, 0.0, 0.0, 1.0 ], [ 0.5, -0.809017, 0.309017, 0.0, 0.809017, 0.309017, -0.5, 0.0, 0.309017, 0.5, 0.809017, 0.0, 0.0, 0.0, 0.0, 1.0 ], [ 0.309017, 0.5, 0.809017, 0.0, 0.5, -0.809017, 0.309017, 0.0, 0.809017, 0.309017, -0.5, 0.0, 0.0, 0.0, 0.0, 1.0 ], [ 1.0, 0.0, 0.0, 0.0, 0.0, -1.0, 0.0, 0.0, 0.0, 0.0, -1.0, 0.0, 0.0, 0.0, 0.0, 1.0 ], [ 0.0, 0.0, 1.0, 0.0, -1.0, 0.0, 0.0, 0.0, 0.0, -1.0, 0.0, 0.0, 0.0, 0.0, 0.0, 1.0 ], [ 0.0, 1.0, 0.0, 0.0, 0.0, 0.0, -1.0, 0.0, -1.0, 0.0, 0.0, 0.0, 0.0, 0.0, 0.0, 1.0 ], [ 0.809017, 0.309017, 0.5, 0.0, -0.309017, -0.5, 0.809017, 0.0, 0.5, -0.809017, -0.309017, 0.0, 0.0, 0.0, 0.0, 1.0 ], [ -0.5, 0.809017, 0.309017, 0.0, -0.809017, -0.309017, -0.5, 0.0, -0.309017, -0.5, 0.809017, 0.0, 0.0, 0.0, 0.0, 1.0 ], [ 0.309017, 0.5, -0.809017, 0.0, 0.5, -0.809017, -0.309017, 0.0, -0.809017, -0.309017, -0.5, 0.0, 0.0, 0.0, 0.0, 1.0 ], [ 0.5, 0.809017, 0.309017, 0.0, -0.809017, 0.309017, 0.5, 0.0, 0.309017, -0.5, 0.809017, 0.0, 0.0, 0.0, 0.0, 1.0 ], [ -0.309017, 0.5, -0.809017, 0.0, -0.5, -0.809017, -0.309017, 0.0, -0.809017, 0.309017, 0.5, 0.0, 0.0, 0.0, 0.0, 1.0 ], [ 0.809017, -0.309017, -0.5, 0.0, 0.309017, -0.5, 0.809017, 0.0, -0.5, -0.809017, -0.309017, 0.0, 0.0, 0.0, 0.0, 1.0 ], [ 0.5, 0.809017, -0.309017, 0.0, -0.809017, 0.309017, -0.5, 0.0, -0.309017, 0.5, 0.809017, 0.0, 0.0, 0.0, 0.0, 1.0 ], [ 0.309017, -0.5, -0.809017, 0.0, -0.5, -0.809017, 0.309017, 0.0, -0.809017, 0.309017, -0.5, 0.0, 0.0, 0.0, 0.0, 1.0 ], [ 0.809017, -0.309017, 0.5, 0.0, -0.309017, 0.5, 0.809017, 0.0, -0.5, -0.809017, 0.309017, 0.0, 0.0, 0.0, 0.0, 1.0 ], [ 0.809017, 0.309017, -0.5, 0.0, -0.309017, -0.5, -0.809017, 0.0, -0.5, 0.809017, -0.309017, 0.0, 0.0, 0.0, 0.0, 1.0 ], [ 0.5, -0.809017, 0.309017, 0.0, -0.809017, -0.309017, 0.5, 0.0, -0.309017, -0.5, -0.809017, 0.0, 0.0, 0.0, 0.0, 1.0 ], [ 0.309017, 0.5, 0.809017, 0.0, -0.5, 0.809017, -0.309017, 0.0, -0.809017, -0.309017, 0.5, 0.0, 0.0, 0.0, 0.0, 1.0 ], [ -1.0, 0.0, 0.0, 0.0, 0.0, -1.0, 0.0, 0.0, 0.0, 0.0, 1.0, 0.0, 0.0, 0.0, 0.0, 1.0 ], [ 0.0, 0.0, -1.0, 0.0, -1.0, 0.0, 0.0, 0.0, 0.0, 1.0, 0.0, 0.0, 0.0, 0.0, 0.0, 1.0 ], [ 0.0, -1.0, 0.0, 0.0, 0.0, 0.0, -1.0, 0.0, 1.0, 0.0, 0.0, 0.0, 0.0, 0.0, 0.0, 1.0 ], [ -0.809017, -0.309017, -0.5, 0.0, -0.309017, -0.5, 0.809017, 0.0, -0.5, 0.809017, 0.309017, 0.0, 0.0, 0.0, 0.0, 1.0 ], [ 0.5, -0.809017, -0.309017, 0.0, -0.809017, -0.309017, -0.5, 0.0, 0.309017, 0.5, -0.809017, 0.0, 0.0, 0.0, 0.0, 1.0 ], [ -0.309017, -0.5, 0.809017, 0.0, 0.5, -0.809017, -0.309017, 0.0, 0.809017, 0.309017, 0.5, 0.0, 0.0, 0.0, 0.0, 1.0 ], [ -0.5, -0.809017, -0.309017, 0.0, -0.809017, 0.309017, 0.5, 0.0, -0.309017, 0.5, -0.809017, 0.0, 0.0, 0.0, 0.0, 1.0 ], [ 0.309017, -0.5, 0.809017, 0.0, -0.5, -0.809017, -0.309017, 0.0, 0.809017, -0.309017, -0.5, 0.0, 0.0, 0.0, 0.0, 1.0 ], [ -0.809017, 0.309017, 0.5, 0.0, 0.309017, -0.5, 0.809017, 0.0, 0.5, 0.809017, 0.309017, 0.0, 0.0, 0.0, 0.0, 1.0 ], [ -0.5, -0.809017, 0.309017, 0.0, -0.809017, 0.309017, -0.5, 0.0, 0.309017, -0.5, -0.809017, 0.0, 0.0, 0.0, 0.0, 1.0 ], [ -0.309017, 0.5, 0.809017, 0.0, -0.5, -0.809017, 0.309017, 0.0, 0.809017, -0.309017, 0.5, 0.0, 0.0, 0.0, 0.0, 1.0 ], [ -0.809017, 0.309017, -0.5, 0.0, -0.309017, 0.5, 0.809017, 0.0, 0.5, 0.809017, -0.309017, 0.0, 0.0, 0.0, 0.0, 1.0 ], [ -0.809017, -0.309017, 0.5, 0.0, -0.309017, -0.5, -0.809017, 0.0, 0.5, -0.809017, 0.309017, 0.0, 0.0, 0.0, 0.0, 1.0 ], [ -0.5, 0.809017, -0.309017, 0.0, -0.809017, -0.309017, 0.5, 0.0, 0.309017, 0.5, 0.809017, 0.0, 0.0, 0.0, 0.0, 1.0 ], [ -0.309017, -0.5, -0.809017, 0.0, -0.5, 0.809017, -0.309017, 0.0, 0.809017, 0.309017, -0.5, 0.0, 0.0, 0.0, 0.0, 1.0 ], [ -1.0, 0.0, 0.0, 0.0, 0.0, 1.0, 0.0, 0.0, 0.0, 0.0, -1.0, 0.0, 0.0, 0.0, 0.0, 1.0 ], [ 0.0, 0.0, -1.0, 0.0, 1.0, 0.0, 0.0, 0.0, 0.0, -1.0, 0.0, 0.0, 0.0, 0.0, 0.0, 1.0 ], [ 0.0, -1.0, 0.0, 0.0, 0.0, 0.0, 1.0, 0.0, -1.0, 0.0, 0.0, 0.0, 0.0, 0.0, 0.0, 1.0 ], [ -0.809017, -0.309017, -0.5, 0.0, 0.309017, 0.5, -0.809017, 0.0, 0.5, -0.809017, -0.309017, 0.0, 0.0, 0.0, 0.0, 1.0 ], [ 0.5, -0.809017, -0.309017, 0.0, 0.809017, 0.309017, 0.5, 0.0, -0.309017, -0.5, 0.809017, 0.0, 0.0, 0.0, 0.0, 1.0 ], [ -0.309017, -0.5, 0.809017, 0.0, -0.5, 0.809017, 0.309017, 0.0, -0.809017, -0.309017, -0.5, 0.0, 0.0, 0.0, 0.0, 1.0 ], [ -0.5, -0.809017, -0.309017, 0.0, 0.809017, -0.309017, -0.5, 0.0, 0.309017, -0.5, 0.809017, 0.0, 0.0, 0.0, 0.0, 1.0 ], [ 0.309017, -0.5, 0.809017, 0.0, 0.5, 0.809017, 0.309017, 0.0, -0.809017, 0.309017, 0.5, 0.0, 0.0, 0.0, 0.0, 1.0 ], [ -0.809017, 0.309017, 0.5, 0.0, -0.309017, 0.5, -0.809017, 0.0, -0.5, -0.809017, -0.309017, 0.0, 0.0, 0.0, 0.0, 1.0 ], [ -0.5, -0.809017, 0.309017, 0.0, 0.809017, -0.309017, 0.5, 0.0, -0.309017, 0.5, 0.809017, 0.0, 0.0, 0.0, 0.0, 1.0 ], [ -0.309017, 0.5, 0.809017, 0.0, 0.5, 0.809017, -0.309017, 0.0, -0.809017, 0.309017, -0.5, 0.0, 0.0, 0.0, 0.0, 1.0 ], [ -0.809017, 0.309017, -0.5, 0.0, 0.309017, -0.5, -0.809017, 0.0, -0.5, -0.809017, 0.309017, 0.0, 0.0, 0.0, 0.0, 1.0 ], [ -0.809017, -0.309017, 0.5, 0.0, 0.309017, 0.5, 0.809017, 0.0, -0.5, 0.809017, -0.309017, 0.0, 0.0, 0.0, 0.0, 1.0 ], [ -0.5, 0.809017, -0.309017, 0.0, 0.809017, 0.309017, -0.5, 0.0, -0.309017, -0.5, -0.809017, 0.0, 0.0, 0.0, 0.0, 1.0 ], [ -0.309017, -0.5, -0.809017, 0.0, 0.5, -0.809017, 0.309017, 0.0, -0.809017, -0.309017, 0.5, 0.0, 0.0, 0.0, 0.0, 1.0 ] ],
  "lights" : {
    "directionalLights" : [ {
      "direction" : [ 1.0, -1.0, -1.0 ],
      "color" : "#EBEBE4"
    }, {
      "direction" : [ -1.0, 0.0, 0.0 ],
      "color" : "#E4E4EB"
    }, {
      "direction" : [ 0.0, 0.0, -1.0 ],
      "color" : "#1E1E1E"
    } ],
    "backgroundColor" : "#3D596F",
    "ambientColor" : "#292929"
  },
  "camera" : {
    "position" : {
      "x" : -560.5757,
      "y" : -653.96686,
      "z" : 383.40305
    },
    "width" : 424.27115,
    "stereo" : false,
    "viewDistance" : 942.8239,
    "nearClipDistance" : 2.357059,
    "farClipDistance" : 1885.644,
    "lookAtPoint" : {
      "x" : 0.0,
      "y" : 0.0,
      "z" : 0.0
    },
    "fieldOfView" : 0.44262928,
    "perspective" : true,
    "lookDirection" : {
      "x" : 0.59457093,
      "y" : 0.6936256,
      "z" : -0.4066539
    },
    "upDirection" : {
      "x" : 4.1601667E-4,
      "y" : 0.50549424,
      "z" : 0.86282796
    }
  },
  "embedding" : [ 1.0, 0.0, 0.0, 0.0, 0.0, 1.0, 0.0, 0.0, 0.0, 0.0, 1.0, 0.0, 0.0, 0.0, 0.0, 1.0 ],
  "shapes" : [ {
    "id" : "ddacc5bb-f0d4-4e19-a157-c401d8782ba5",
    "name" : "ball",
    "vertices" : [ {
      "x" : -0.309017,
      "y" : -0.19098301,
      "z" : 0.0
    }, {
      "x" : -0.309017,
      "y" : 0.19098301,
      "z" : 0.0
    }, {
      "x" : -0.19098301,
      "y" : 0.0,
      "z" : -0.309017
    }, {
      "x" : -0.19098301,
      "y" : 0.0,
      "z" : 0.309017
    }, {
      "x" : 0.0,
      "y" : -0.309017,
      "z" : -0.19098301
    }, {
      "x" : 0.0,
      "y" : -0.309017,
      "z" : 0.19098301
    }, {
      "x" : 0.0,
      "y" : 0.309017,
      "z" : -0.19098301
    }, {
      "x" : 0.0,
      "y" : 0.309017,
      "z" : 0.19098301
    }, {
      "x" : 0.19098301,
      "y" : 0.0,
      "z" : -0.309017
    }, {
      "x" : 0.19098301,
      "y" : 0.0,
      "z" : 0.309017
    }, {
      "x" : 0.309017,
      "y" : -0.19098301,
      "z" : 0.0
    }, {
      "x" : 0.309017,
      "y" : 0.19098301,
      "z" : 0.0
    } ],
    "faces" : [ {
      "vertices" : [ 0, 1, 2 ]
    }, {
      "vertices" : [ 0, 3, 1 ]
    }, {
      "vertices" : [ 0, 2, 4 ]
    }, {
      "vertices" : [ 0, 5, 3 ]
    }, {
      "vertices" : [ 0, 4, 5 ]
    }, {
      "vertices" : [ 1, 6, 2 ]
    }, {
      "vertices" : [ 1, 3, 7 ]
    }, {
      "vertices" : [ 1, 7, 6 ]
    }, {
      "vertices" : [ 2, 8, 4 ]
    }, {
      "vertices" : [ 2, 6, 8 ]
    }, {
      "vertices" : [ 3, 5, 9 ]
    }, {
      "vertices" : [ 3, 9, 7 ]
    }, {
      "vertices" : [ 4, 10, 5 ]
    }, {
      "vertices" : [ 4, 8, 10 ]
    }, {
      "vertices" : [ 5, 10, 9 ]
    }, {
      "vertices" : [ 6, 7, 11 ]
    }, {
      "vertices" : [ 6, 11, 8 ]
    }, {
      "vertices" : [ 7, 9, 11 ]
    }, {
      "vertices" : [ 8, 11, 10 ]
    }, {
      "vertices" : [ 9, 10, 11 ]
    } ]
  }, {
    "id" : "0449845e-6036-4303-a3af-7d3cf2272787",
    "orbit" : "blue",
    "orbitC" : "[[0,0,1],[0,0,1]]",
    "length" : "[1,0,1]",
    "name" : "b1",
    "vertices" : [ {
      "x" : 1.0,
      "y" : 0.309017,
      "z" : 0.19098301
    }, {
      "x" : 1.0,
      "y" : -0.309017,
      "z" : 0.19098301
    }, {
      "x" : 7.472136,
      "y" : -0.309017,
      "z" : 0.19098301
    }, {
      "x" : 7.472136,
      "y" : 0.309017,
      "z" : 0.19098301
    }, {
      "x" : 7.472136,
      "y" : -0.309017,
      "z" : -0.19098301
    }, {
      "x" : 7.472136,
      "y" : 0.309017,
      "z" : -0.19098301
    }, {
      "x" : 8.09017,
      "y" : 0.0,
      "z" : 0.0
    }, {
      "x" : 0.38196602,
      "y" : 0.0,
      "z" : 0.0
    }, {
      "x" : 1.0,
      "y" : 0.309017,
      "z" : -0.19098301
    }, {
      "x" : 1.0,
      "y" : -0.309017,
      "z" : -0.19098301
    }, {
      "x" : 8.472136,
      "y" : 0.0,
      "z" : 0.0
    } ],
    "faces" : [ {
      "vertices" : [ 1, 9, 4, 2 ]
    }, {
      "vertices" : [ 0, 3, 5, 8 ]
    }, {
      "vertices" : [ 1, 7, 9 ]
    }, {
      "vertices" : [ 0, 1, 2, 3 ]
    }, {
      "vertices" : [ 7, 8, 9 ]
    }, {
      "vertices" : [ 0, 7, 1 ]
    }, {
      "vertices" : [ 4, 9, 8, 5 ]
    }, {
      "vertices" : [ 2, 6, 3 ]
    }, {
      "vertices" : [ 2, 4, 6 ]
    }, {
      "vertices" : [ 3, 6, 5 ]
    }, {
      "vertices" : [ 4, 5, 6 ]
    }, {
      "vertices" : [ 0, 8, 7 ]
    } ]
  }, {
    "id" : "f814816b-7dba-4633-a069-2ec5c3789a6f",
    "orbit" : "lavender",
    "orbitC" : "[[-3,2,1],[-3,2,1]]",
    "length" : "[1,1,1]",
    "name" : "long",
    "vertices" : [ {
      "x" : 4.145898,
      "y" : 17.562305,
      "z" : 4.145898
    }, {
      "x" : 3.809017,
      "y" : 16.944271,
      "z" : 3.690983
    }, {
      "x" : 3.690983,
      "y" : 17.135256,
      "z" : 4.0
    }, {
      "x" : 0.090169944,
      "y" : 0.38196602,
      "z" : 0.090169944
    }, {
      "x" : -0.072949015,
      "y" : 1.190983,
      "z" : 0.23606798
    }, {
      "x" : 0.045084972,
      "y" : 1.0,
      "z" : -0.072949015
    }, {
      "x" : 4.190983,
      "y" : 16.944271,
      "z" : 4.309017
    }, {
      "x" : 0.54508495,
      "y" : 0.809017,
      "z" : 0.23606798
    }, {
      "x" : 4.309017,
      "y" : 16.753288,
      "z" : 4.0
    }, {
      "x" : 4.236068,
      "y" : 17.944271,
      "z" : 4.236068
    }, {
      "x" : 0.42705098,
      "y" : 1.0,
      "z" : 0.54508495
    } ],
    "faces" : [ {
      "vertices" : [ 3, 10, 4 ]
    }, {
      "vertices" : [ 0, 1, 2 ]
    }, {
      "vertices" : [ 3, 7, 10 ]
    }, {
      "vertices" : [ 1, 8, 7, 5 ]
    }, {
      "vertices" : [ 2, 4, 10, 6 ]
    }, {
      "vertices" : [ 0, 2, 6 ]
    }, {
      "vertices" : [ 0, 8, 1 ]
    }, {
      "vertices" : [ 3, 4, 5 ]
    }, {
      "vertices" : [ 1, 5, 4, 2 ]
    }, {
      "vertices" : [ 0, 6, 8 ]
    }, {
      "vertices" : [ 6, 10, 7, 8 ]
    }, {
      "vertices" : [ 3, 5, 7 ]
    } ]
  } ],
  "instances" : [ {
    "shape" : "ddacc5bb-f0d4-4e19-a157-c401d8782ba5",
    "color" : "#FFFFFF",
    "position" : {
      "x" : -71.777084,
      "y" : 46.978714,
      "z" : 64.92299
    }
  }, {
    "shape" : "0449845e-6036-4303-a3af-7d3cf2272787",
    "color" : "#BE99FF",
    "position" : {
      "x" : -46.978714,
      "y" : -87.103325,
      "z" : -58.068882
    },
    "orientation" : 55
  }, {
    "shape" : "0449845e-6036-4303-a3af-7d3cf2272787",
    "color" : "#BE99FF",
    "position" : {
      "x" : -89.72136,
      "y" : -62.30495,
      "z" : -40.12461
    },
    "orientation" : 2
  }, {
    "shape" : "0449845e-6036-4303-a3af-7d3cf2272787",
    "color" : "#BE99FF",
    "position" : {
      "x" : 76.01315,
      "y" : -17.944271,
      "z" : -53.832817
    },
    "orientation" : 7
  }, {
    "shape" : "ddacc5bb-f0d4-4e19-a157-c401d8782ba5",
    "color" : "#FFFFFF",
    "position" : {
      "x" : -11.09017,
      "y" : 29.034441,
      "z" : -107.665634
    }
  }, {
    "shape" : "0449845e-6036-4303-a3af-7d3cf2272787",
    "color" : "#BE99FF",
    "position" : {
      "x" : 40.12461,
      "y" : -31.652475,
      "z" : -76.01315
    },
    "orientation" : 6
  }, {
    "shape" : "ddacc5bb-f0d4-4e19-a157-c401d8782ba5",
    "color" : "#FFFFFF",
    "position" : {
      "x" : -46.978714,
      "y" : -87.103325,
      "z" : 30.652475
    }
  }, {
    "shape" : "0449845e-6036-4303-a3af-7d3cf2272787",
    "color" : "#FFFF33",
    "position" : {
      "x" : -4.236068,
      "y" : -4.236068,
      "z" : -103.429565
    },
    "orientation" : 7
  }, {
    "shape" : "0449845e-6036-4303-a3af-7d3cf2272787",
    "color" : "#FFFF33",
    "position" : {
      "x" : -87.103325,
      "y" : 30.652475,
      "z" : 46.978714
    },
    "orientation" : 9
  }, {
    "shape" : "0449845e-6036-4303-a3af-7d3cf2272787",
    "color" : "#FF3333",
    "position" : {
      "x" : 46.978714,
      "y" : 100.81153,
      "z" : -13.708204
    },
    "orientation" : 53
  }, {
    "shape" : "ddacc5bb-f0d4-4e19-a157-c401d8782ba5",
    "color" : "#FFFFFF",
    "position" : {
      "x" : -125.6099,
      "y" : 26.416409,
      "z" : -4.236068
    }
  }, {
    "shape" : "0449845e-6036-4303-a3af-7d3cf2272787",
    "color" : "#BE99FF",
    "position" : {
      "x" : -42.742645,
      "y" : 85.48529,
      "z" : 69.15905
    },
    "orientation" : 52
  }, {
    "shape" : "ddacc5bb-f0d4-4e19-a157-c401d8782ba5",
    "color" : "#FFFFFF",
    "position" : {
      "x" : 46.978714,
      "y" : -64.92299,
      "z" : 0.0
    }
  }, {
    "shape" : "0449845e-6036-4303-a3af-7d3cf2272787",
    "color" : "#BE99FF",
    "position" : {
      "x" : 64.92299,
      "y" : 22.18034,
      "z" : -82.867256
    },
    "orientation" : 56
  }, {
    "shape" : "0449845e-6036-4303-a3af-7d3cf2272787",
    "color" : "#BE99FF",
    "position" : {
      "x" : 24.798374,
      "y" : 78.63119,
      "z" : -44.36068
    },
    "orientation" : 55
  }, {
    "shape" : "0449845e-6036-4303-a3af-7d3cf2272787",
    "color" : "#FFFF33",
    "position" : {
      "x" : 93.95743,
      "y" : 55.45085,
      "z" : -20.562305
    },
    "orientation" : 21
  }, {
    "shape" : "ddacc5bb-f0d4-4e19-a157-c401d8782ba5",
    "color" : "#FFFFFF",
    "position" : {
      "x" : -76.01315,
      "y" : -26.416409,
      "z" : 53.832817
    }
  }, {
    "shape" : "0449845e-6036-4303-a3af-7d3cf2272787",
    "color" : "#FFFF33",
    "position" : {
      "x" : -26.416409,
      "y" : -89.72136,
      "z" : 84.48529
    },
    "orientation" : 0
  }, {
    "shape" : "ddacc5bb-f0d4-4e19-a157-c401d8782ba5",
    "color" : "#FFFFFF",
    "position" : {
      "x" : -40.12461,
      "y" : -17.944271,
      "z" : -89.72136
    }
  }, {
    "shape" : "0449845e-6036-4303-a3af-7d3cf2272787",
    "color" : "#FFFF33",
    "position" : {
      "x" : -85.48529,
      "y" : 69.15905,
      "z" : 15.326238
    },
    "orientation" : 26
  }, {
    "shape" : "ddacc5bb-f0d4-4e19-a157-c401d8782ba5",
    "color" : "#FFFFFF",
    "position" : {
      "x" : -107.665634,
      "y" : -55.45085,
      "z" : -42.742645
    }
  }, {
    "shape" : "0449845e-6036-4303-a3af-7d3cf2272787",
    "color" : "#FF3333",
    "position" : {
      "x" : -78.63119,
      "y" : 0.0,
      "z" : 24.798374
    },
    "orientation" : 54
  }, {
    "shape" : "ddacc5bb-f0d4-4e19-a157-c401d8782ba5",
    "color" : "#FFFFFF",
    "position" : {
      "x" : -64.92299,
      "y" : -93.95743,
      "z" : -11.09017
    }
  }, {
    "shape" : "0449845e-6036-4303-a3af-7d3cf2272787",
    "color" : "#FFFF33",
    "position" : {
      "x" : -22.18034,
      "y" : -60.686916,
      "z" : 95.57546
    },
    "orientation" : 56
  }, {
    "shape" : "0449845e-6036-4303-a3af-7d3cf2272787",
    "color" : "#BE99FF",
    "position" : {
      "x" : 62.30495,
      "y" : 31.652475,
      "z" : 53.832817
    },
    "orientation" : 45
  }, {
    "shape" : "0449845e-6036-4303-a3af-7d3cf2272787",
    "color" : "#FFFF33",
    "position" : {
      "x" : 15.326238,
      "y" : -85.48529,
      "z" : 69.15905
    },
    "orientation" : 54
  }, {
    "shape" : "0449845e-6036-4303-a3af-7d3cf2272787",
    "color" : "#FF3333",
    "position" : {
      "x" : -80.24922,
      "y" : 11.09017,
      "z" : 42.742645
    },
    "orientation" : 38
  }, {
    "shape" : "ddacc5bb-f0d4-4e19-a157-c401d8782ba5",
    "color" : "#FFFFFF",
    "position" : {
      "x" : 51.214783,
      "y" : -49.59675,
      "z" : -82.867256
    }
  }, {
    "shape" : "0449845e-6036-4303-a3af-7d3cf2272787",
    "color" : "#FFFF33",
    "position" : {
      "x" : -103.429565,
      "y" : 4.236068,
      "z" : -4.236068
    },
    "orientation" : 45
  }, {
    "shape" : "0449845e-6036-4303-a3af-7d3cf2272787",
    "color" : "#FFFF33",
    "position" : {
      "x" : -33.27051,
      "y" : -51.214783,
      "z" : 93.95743
    },
    "orientation" : 41
  }, {
    "shape" : "0449845e-6036-4303-a3af-7d3cf2272787",
    "color" : "#FFFF33",
    "position" : {
      "x" : 82.867256,
      "y" : -73.39512,
      "z" : 8.472136
    },
    "orientation" : 51
  }, {
    "shape" : "0449845e-6036-4303-a3af-7d3cf2272787",
    "color" : "#BE99FF",
    "position" : {
      "x" : -53.832817,
      "y" : -17.944271,
      "z" : 76.01315
    },
    "orientation" : 26
  }, {
    "shape" : "0449845e-6036-4303-a3af-7d3cf2272787",
    "color" : "#BE99FF",
    "position" : {
      "x" : 80.24922,
      "y" : 33.27051,
      "z" : 15.326238
    },
    "orientation" : 10
  }, {
    "shape" : "ddacc5bb-f0d4-4e19-a157-c401d8782ba5",
    "color" : "#FFFFFF",
    "position" : {
      "x" : 8.472136,
      "y" : -11.09017,
      "z" : -87.103325
    }
  }, {
    "shape" : "ddacc5bb-f0d4-4e19-a157-c401d8782ba5",
    "color" : "#FFFFFF",
    "position" : {
      "x" : 91.33939,
      "y" : -37.506577,
      "z" : -71.777084
    }
  }, {
    "shape" : "0449845e-6036-4303-a3af-7d3cf2272787",
    "color" : "#FFFF33",
    "position" : {
      "x" : 80.24922,
      "y" : -33.27051,
      "z" : 56.45085
    },
    "orientation" : 54
  }, {
    "shape" : "0449845e-6036-4303-a3af-7d3cf2272787",
    "color" : "#FF3333",
    "position" : {
      "x" : -40.12461,
      "y" : 53.832817,
      "z" : -62.30495
    },
    "orientation" : 2
  }, {
    "shape" : "0449845e-6036-4303-a3af-7d3cf2272787",
    "color" : "#FF3333",
    "position" : {
      "x" : -51.214783,
      "y" : 44.36068,
      "z" : 46.978714
    },
    "orientation" : 56
  }, {
    "shape" : "0449845e-6036-4303-a3af-7d3cf2272787",
    "color" : "#FFFF33",
    "position" : {
      "x" : -76.01315,
      "y" : 40.12461,
      "z" : -67.54102
    },
    "orientation" : 45
  }, {
    "shape" : "0449845e-6036-4303-a3af-7d3cf2272787",
    "color" : "#FFFF33",
    "position" : {
      "x" : 51.214783,
      "y" : -22.18034,
      "z" : 105.0476
    },
    "orientation" : 26
  }, {
    "shape" : "0449845e-6036-4303-a3af-7d3cf2272787",
    "color" : "#BE99FF",
    "position" : {
      "x" : 15.326238,
      "y" : -80.24922,
      "z" : -33.27051
    },
    "orientation" : 41
  }, {
    "shape" : "ddacc5bb-f0d4-4e19-a157-c401d8782ba5",
    "color" : "#FFFFFF",
    "position" : {
      "x" : 78.63119,
      "y" : 66.54102,
      "z" : 11.09017
    }
  }, {
    "shape" : "0449845e-6036-4303-a3af-7d3cf2272787",
    "color" : "#BE99FF",
    "position" : {
      "x" : 93.95743,
      "y" : -11.09017,
      "z" : 6.854102
    },
    "orientation" : 11
  }, {
    "shape" : "ddacc5bb-f0d4-4e19-a157-c401d8782ba5",
    "color" : "#FFFFFF",
    "position" : {
      "x" : -8.472136,
      "y" : 82.867256,
      "z" : -15.326238
    }
  }, {
    "shape" : "0449845e-6036-4303-a3af-7d3cf2272787",
    "color" : "#BE99FF",
    "position" : {
      "x" : -26.416409,
      "y" : 26.416409,
      "z" : 111.9017
    },
    "orientation" : 56
  }, {
    "shape" : "ddacc5bb-f0d4-4e19-a157-c401d8782ba5",
    "color" : "#FFFFFF",
    "position" : {
      "x" : 71.777084,
      "y" : 46.978714,
      "z" : 20.562305
    }
  }, {
    "shape" : "0449845e-6036-4303-a3af-7d3cf2272787",
    "color" : "#BE99FF",
    "position" : {
      "x" : 4.236068,
      "y" : 89.72136,
      "z" : -26.416409
    },
    "orientation" : 52
  }, {
    "shape" : "0449845e-6036-4303-a3af-7d3cf2272787",
    "color" : "#BE99FF",
    "position" : {
      "x" : -76.01315,
      "y" : -40.12461,
      "z" : 40.12461
    },
    "orientation" : 47
  }, {
    "shape" : "ddacc5bb-f0d4-4e19-a157-c401d8782ba5",
    "color" : "#FFFFFF",
    "position" : {
      "x" : -46.978714,
      "y" : 100.81153,
      "z" : 13.708204
    }
  }, {
    "shape" : "0449845e-6036-4303-a3af-7d3cf2272787",
    "color" : "#FFFF33",
    "position" : {
      "x" : 111.9017,
      "y" : 40.12461,
      "z" : 4.236068
    },
    "orientation" : 26
  }, {
    "shape" : "ddacc5bb-f0d4-4e19-a157-c401d8782ba5",
    "color" : "#FFFFFF",
    "position" : {
      "x" : -76.01315,
      "y" : -62.30495,
      "z" : -62.30495
    }
  }, {
    "shape" : "0449845e-6036-4303-a3af-7d3cf2272787",
    "color" : "#BE99FF",
    "position" : {
      "x" : -100.81153,
      "y" : 35.888542,
      "z" : -11.09017
    },
    "orientation" : 53
  }, {
    "shape" : "0449845e-6036-4303-a3af-7d3cf2272787",
    "color" : "#FFFF33",
    "position" : {
      "x" : 89.72136,
      "y" : 62.30495,
      "z" : -40.12461
    },
    "orientation" : 0
  }, {
    "shape" : "0449845e-6036-4303-a3af-7d3cf2272787",
    "color" : "#BE99FF",
    "position" : {
      "x" : -91.33939,
      "y" : 6.854102,
      "z" : -71.777084
    },
    "orientation" : 26
  }, {
    "shape" : "0449845e-6036-4303-a3af-7d3cf2272787",
    "color" : "#FF3333",
    "position" : {
      "x" : -11.09017,
      "y" : 42.742645,
      "z" : -107.665634
    },
    "orientation" : 7
  }, {
    "shape" : "0449845e-6036-4303-a3af-7d3cf2272787",
    "color" : "#FFFF33",
    "position" : {
      "x" : -121.37383,
      "y" : 11.09017,
      "z" : -6.854102
    },
    "orientation" : 51
  }, {
    "shape" : "0449845e-6036-4303-a3af-7d3cf2272787",
    "color" : "#FFFF33",
    "position" : {
      "x" : 35.888542,
      "y" : 105.0476,
      "z" : 29.034441
    },
    "orientation" : 11
  }, {
    "shape" : "0449845e-6036-4303-a3af-7d3cf2272787",
    "color" : "#BE99FF",
    "position" : {
      "x" : 0.0,
      "y" : -69.15905,
      "z" : -64.92299
    },
    "orientation" : 53
  }, {
    "shape" : "0449845e-6036-4303-a3af-7d3cf2272787",
    "color" : "#FFFF33",
    "position" : {
      "x" : 35.888542,
      "y" : -105.0476,
      "z" : -59.686916
    },
    "orientation" : 6
  }, {
    "shape" : "0449845e-6036-4303-a3af-7d3cf2272787",
    "color" : "#FFFF33",
    "position" : {
      "x" : -33.27051,
      "y" : -6.854102,
      "z" : -93.95743
    },
    "orientation" : 54
  }, {
    "shape" : "0449845e-6036-4303-a3af-7d3cf2272787",
    "color" : "#FFFF33",
    "position" : {
      "x" : -82.867256,
      "y" : -37.506577,
      "z" : -49.59675
    },
    "orientation" : 10
  }, {
    "shape" : "ddacc5bb-f0d4-4e19-a157-c401d8782ba5",
    "color" : "#FFFFFF",
    "position" : {
      "x" : 37.506577,
      "y" : 49.59675,
      "z" : 82.867256
    }
  }, {
    "shape" : "0449845e-6036-4303-a3af-7d3cf2272787",
    "color" : "#BE99FF",
    "position" : {
      "x" : -26.416409,
      "y" : -26.416409,
      "z" : -111.9017
    },
    "orientation" : 41
  }, {
    "shape" : "ddacc5bb-f0d4-4e19-a157-c401d8782ba5",
    "color" : "#FFFFFF",
    "position" : {
      "x" : 80.24922,
      "y" : -11.09017,
      "z" : 87.103325
    }
  }, {
    "shape" : "0449845e-6036-4303-a3af-7d3cf2272787",
    "color" : "#FFFF33",
    "position" : {
      "x" : 62.30495,
      "y" : 31.652475,
      "z" : -98.1935
    },
    "orientation" : 36
  }, {
    "shape" : "ddacc5bb-f0d4-4e19-a157-c401d8782ba5",
    "color" : "#FFFFFF",
    "position" : {
      "x" : 87.103325,
      "y" : -8.472136,
      "z" : 82.867256
    }
  }, {
    "shape" : "0449845e-6036-4303-a3af-7d3cf2272787",
    "color" : "#FFFF33",
    "position" : {
      "x" : 85.48529,
      "y" : 69.15905,
      "z" : 15.326238
    },
    "orientation" : 9
  }, {
    "shape" : "0449845e-6036-4303-a3af-7d3cf2272787",
    "color" : "#FFFF33",
    "position" : {
      "x" : -91.33939,
      "y" : -15.326238,
      "z" : -58.068882
    },
    "orientation" : 36
  }, {
    "shape" : "0449845e-6036-4303-a3af-7d3cf2272787",
    "color" : "#FFFF33",
    "position" : {
      "x" : 17.944271,
      "y" : -17.944271,
      "z" : -111.9017
    },
    "orientation" : 55
  }, {
    "shape" : "0449845e-6036-4303-a3af-7d3cf2272787",
    "color" : "#FFFF33",
    "position" : {
      "x" : 22.18034,
      "y" : -11.09017,
      "z" : 122.99187
    },
    "orientation" : 9
  }, {
    "shape" : "0449845e-6036-4303-a3af-7d3cf2272787",
    "color" : "#BE99FF",
    "position" : {
      "x" : 26.416409,
      "y" : -17.944271,
      "z" : 111.9017
    },
    "orientation" : 23
  }, {
    "shape" : "0449845e-6036-4303-a3af-7d3cf2272787",
    "color" : "#BE99FF",
    "position" : {
      "x" : -98.1935,
      "y" : -4.236068,
      "z" : -53.832817
    },
    "orientation" : 47
  }, {
    "shape" : "0449845e-6036-4303-a3af-7d3cf2272787",
    "color" : "#FFFF33",
    "position" : {
      "x" : 82.867256,
      "y" : 87.103325,
      "z" : 8.472136
    },
    "orientation" : 53
  }, {
    "shape" : "ddacc5bb-f0d4-4e19-a157-c401d8782ba5",
    "color" : "#FFFFFF",
    "position" : {
      "x" : 85.48529,
      "y" : -91.33939,
      "z" : -15.326238
    }
  }, {
    "shape" : "ddacc5bb-f0d4-4e19-a157-c401d8782ba5",
    "color" : "#FFFFFF",
    "position" : {
      "x" : 89.72136,
      "y" : 62.30495,
      "z" : -40.12461
    }
  }, {
    "shape" : "0449845e-6036-4303-a3af-7d3cf2272787",
    "color" : "#FFFF33",
    "position" : {
      "x" : -15.326238,
      "y" : -85.48529,
      "z" : 69.15905
    },
    "orientation" : 11
  }, {
    "shape" : "0449845e-6036-4303-a3af-7d3cf2272787",
    "color" : "#BE99FF",
    "position" : {
      "x" : 76.01315,
      "y" : 40.12461,
      "z" : -40.12461
    },
    "orientation" : 52
  }, {
    "shape" : "0449845e-6036-4303-a3af-7d3cf2272787",
    "color" : "#FFFF33",
    "position" : {
      "x" : 76.01315,
      "y" : -98.1935,
      "z" : 17.944271
    },
    "orientation" : 11
  }, {
    "shape" : "ddacc5bb-f0d4-4e19-a157-c401d8782ba5",
    "color" : "#FFFFFF",
    "position" : {
      "x" : 4.236068,
      "y" : 4.236068,
      "z" : 111.9017
    }
  }, {
    "shape" : "0449845e-6036-4303-a3af-7d3cf2272787",
    "color" : "#FF3333",
    "position" : {
      "x" : 98.1935,
      "y" : 4.236068,
      "z" : 17.944271
    },
    "orientation" : 11
  }, {
    "shape" : "0449845e-6036-4303-a3af-7d3cf2272787",
    "color" : "#FFFF33",
    "position" : {
      "x" : -37.506577,
      "y" : -49.59675,
      "z" : 105.0476
    },
    "orientation" : 23
  }, {
    "shape" : "0449845e-6036-4303-a3af-7d3cf2272787",
    "color" : "#BE99FF",
    "position" : {
      "x" : 69.15905,
      "y" : -6.854102,
      "z" : -71.777084
    },
    "orientation" : 40
  }, {
    "shape" : "0449845e-6036-4303-a3af-7d3cf2272787",
    "color" : "#FFFF33",
    "position" : {
      "x" : 26.416409,
      "y" : -76.01315,
      "z" : 98.1935
    },
    "orientation" : 1
  }, {
    "shape" : "0449845e-6036-4303-a3af-7d3cf2272787",
    "color" : "#BE99FF",
    "position" : {
      "x" : -26.416409,
      "y" : 76.01315,
      "z" : 17.944271
    },
    "orientation" : 38
  }, {
    "shape" : "0449845e-6036-4303-a3af-7d3cf2272787",
    "color" : "#BE99FF",
    "position" : {
      "x" : 53.832817,
      "y" : 17.944271,
      "z" : 76.01315
    },
    "orientation" : 0
  }, {
    "shape" : "ddacc5bb-f0d4-4e19-a157-c401d8782ba5",
    "color" : "#FFFFFF",
    "position" : {
      "x" : 67.54102,
      "y" : -53.832817,
      "z" : -17.944271
    }
  }, {
    "shape" : "0449845e-6036-4303-a3af-7d3cf2272787",
    "color" : "#FF3333",
    "position" : {
      "x" : 80.24922,
      "y" : -11.09017,
      "z" : 42.742645
    },
    "orientation" : 25
  }, {
    "shape" : "0449845e-6036-4303-a3af-7d3cf2272787",
    "color" : "#FFFF33",
    "position" : {
      "x" : 46.978714,
      "y" : -87.103325,
      "z" : -58.068882
    },
    "orientation" : 21
  }, {
    "shape" : "ddacc5bb-f0d4-4e19-a157-c401d8782ba5",
    "color" : "#FFFFFF",
    "position" : {
      "x" : 87.103325,
      "y" : 35.888542,
      "z" : 82.867256
    }
  }, {
    "shape" : "ddacc5bb-f0d4-4e19-a157-c401d8782ba5",
    "color" : "#FFFFFF",
    "position" : {
      "x" : 37.506577,
      "y" : -22.18034,
      "z" : -105.0476
    }
  }, {
    "shape" : "ddacc5bb-f0d4-4e19-a157-c401d8782ba5",
    "color" : "#FFFFFF",
    "position" : {
      "x" : -46.978714,
      "y" : -100.81153,
      "z" : 58.068882
    }
  }, {
    "shape" : "0449845e-6036-4303-a3af-7d3cf2272787",
    "color" : "#BE99FF",
    "position" : {
      "x" : -35.888542,
      "y" : -82.867256,
      "z" : 73.39512
    },
    "orientation" : 26
  }, {
    "shape" : "ddacc5bb-f0d4-4e19-a157-c401d8782ba5",
    "color" : "#FFFFFF",
    "position" : {
      "x" : 59.686916,
      "y" : -35.888542,
      "z" : -105.0476
    }
  }, {
    "shape" : "0449845e-6036-4303-a3af-7d3cf2272787",
    "color" : "#FF3333",
    "position" : {
      "x" : 82.867256,
      "y" : -15.326238,
      "z" : -35.888542
    },
    "orientation" : 26
  }, {
    "shape" : "ddacc5bb-f0d4-4e19-a157-c401d8782ba5",
    "color" : "#FFFFFF",
    "position" : {
      "x" : 17.944271,
      "y" : -67.54102,
      "z" : -62.30495
    }
  }, {
    "shape" : "0449845e-6036-4303-a3af-7d3cf2272787",
    "color" : "#FFFF33",
    "position" : {
      "x" : 33.27051,
      "y" : 51.214783,
      "z" : 93.95743
    },
    "orientation" : 40
  }, {
    "shape" : "0449845e-6036-4303-a3af-7d3cf2272787",
    "color" : "#FFFF33",
    "position" : {
      "x" : -62.30495,
      "y" : -31.652475,
      "z" : 98.1935
    },
    "orientation" : 47
  }, {
    "shape" : "0449845e-6036-4303-a3af-7d3cf2272787",
    "color" : "#FFFF33",
    "position" : {
      "x" : 71.777084,
      "y" : -91.33939,
      "z" : 37.506577
    },
    "orientation" : 53
  }, {
    "shape" : "0449845e-6036-4303-a3af-7d3cf2272787",
    "color" : "#BE99FF",
    "position" : {
      "x" : 51.214783,
      "y" : 66.54102,
      "z" : 11.09017
    },
    "orientation" : 51
  }, {
    "shape" : "0449845e-6036-4303-a3af-7d3cf2272787",
    "color" : "#FFFF33",
    "position" : {
      "x" : 89.72136,
      "y" : -76.01315,
      "z" : 17.944271
    },
    "orientation" : 54
  }, {
    "shape" : "ddacc5bb-f0d4-4e19-a157-c401d8782ba5",
    "color" : "#FFFFFF",
    "position" : {
      "x" : -93.95743,
      "y" : -33.27051,
      "z" : 51.214783
    }
  }, {
    "shape" : "ddacc5bb-f0d4-4e19-a157-c401d8782ba5",
    "color" : "#FFFFFF",
    "position" : {
      "x" : 98.1935,
      "y" : -17.944271,
      "z" : 76.01315
    }
  }, {
    "shape" : "0449845e-6036-4303-a3af-7d3cf2272787",
    "color" : "#FFFF33",
    "position" : {
      "x" : 85.48529,
      "y" : -69.15905,
      "z" : 15.326238
    },
    "orientation" : 56
  }, {
    "shape" : "ddacc5bb-f0d4-4e19-a157-c401d8782ba5",
    "color" : "#FFFFFF",
    "position" : {
      "x" : 17.944271,
      "y" : 53.832817,
      "z" : -76.01315
    }
  }, {
    "shape" : "0449845e-6036-4303-a3af-7d3cf2272787",
    "color" : "#FFFF33",
    "position" : {
      "x" : -58.068882,
      "y" : -69.15905,
      "z" : 29.034441
    },
    "orientation" : 24
  }, {
    "shape" : "0449845e-6036-4303-a3af-7d3cf2272787",
    "color" : "#FFFF33",
    "position" : {
      "x" : 80.24922,
      "y" : 33.27051,
      "z" : -56.45085
    },
    "orientation" : 39
  }, {
    "shape" : "0449845e-6036-4303-a3af-7d3cf2272787",
    "color" : "#BE99FF",
    "position" : {
      "x" : -11.09017,
      "y" : -15.326238,
      "z" : -107.665634
    },
    "orientation" : 10
  }, {
    "shape" : "ddacc5bb-f0d4-4e19-a157-c401d8782ba5",
    "color" : "#FFFFFF",
    "position" : {
      "x" : 11.09017,
      "y" : -122.99187,
      "z" : 22.18034
    }
  }, {
    "shape" : "0449845e-6036-4303-a3af-7d3cf2272787",
    "color" : "#FFFF33",
    "position" : {
      "x" : -4.236068,
      "y" : 111.9017,
      "z" : 4.236068
    },
    "orientation" : 38
  }, {
    "shape" : "0449845e-6036-4303-a3af-7d3cf2272787",
    "color" : "#BE99FF",
    "position" : {
      "x" : -111.9017,
      "y" : 17.944271,
      "z" : 17.944271
    },
    "orientation" : 2
  }, {
    "shape" : "0449845e-6036-4303-a3af-7d3cf2272787",
    "color" : "#FF3333",
    "position" : {
      "x" : 107.665634,
      "y" : -11.09017,
      "z" : -42.742645
    },
    "orientation" : 40
  }, {
    "shape" : "ddacc5bb-f0d4-4e19-a157-c401d8782ba5",
    "color" : "#FFFFFF",
    "position" : {
      "x" : -89.72136,
      "y" : 84.48529,
      "z" : -17.944271
    }
  }, {
    "shape" : "0449845e-6036-4303-a3af-7d3cf2272787",
    "color" : "#BE99FF",
    "position" : {
      "x" : -69.15905,
      "y" : -15.326238,
      "z" : -58.068882
    },
    "orientation" : 52
  }, {
    "shape" : "0449845e-6036-4303-a3af-7d3cf2272787",
    "color" : "#BE99FF",
    "position" : {
      "x" : -17.944271,
      "y" : 17.944271,
      "z" : -111.9017
    },
    "orientation" : 45
  }, {
    "shape" : "0449845e-6036-4303-a3af-7d3cf2272787",
    "color" : "#BE99FF",
    "position" : {
      "x" : 15.326238,
      "y" : 107.665634,
      "z" : -33.27051
    },
    "orientation" : 36
  }, {
    "shape" : "0449845e-6036-4303-a3af-7d3cf2272787",
    "color" : "#BE99FF",
    "position" : {
      "x" : 22.18034,
      "y" : 105.0476,
      "z" : 37.506577
    },
    "orientation" : 56
  }, {
    "shape" : "0449845e-6036-4303-a3af-7d3cf2272787",
    "color" : "#FFFF33",
    "position" : {
      "x" : -17.944271,
      "y" : 76.01315,
      "z" : -98.1935
    },
    "orientation" : 16
  }, {
    "shape" : "0449845e-6036-4303-a3af-7d3cf2272787",
    "color" : "#FFFF33",
    "position" : {
      "x" : -111.9017,
      "y" : -4.236068,
      "z" : -4.236068
    },
    "orientation" : 2
  }, {
    "shape" : "0449845e-6036-4303-a3af-7d3cf2272787",
    "color" : "#FF3333",
    "position" : {
      "x" : -29.034441,
      "y" : 80.24922,
      "z" : 11.09017
    },
    "orientation" : 23
  }, {
    "shape" : "ddacc5bb-f0d4-4e19-a157-c401d8782ba5",
    "color" : "#FFFFFF",
    "position" : {
      "x" : 46.978714,
      "y" : -100.81153,
      "z" : 30.652475
    }
  }, {
    "shape" : "0449845e-6036-4303-a3af-7d3cf2272787",
    "color" : "#FFFF33",
    "position" : {
      "x" : -122.99187,
      "y" : 22.18034,
      "z" : -11.09017
    },
    "orientation" : 24
  }, {
    "shape" : "ddacc5bb-f0d4-4e19-a157-c401d8782ba5",
    "color" : "#FFFFFF",
    "position" : {
      "x" : 69.15905,
      "y" : -29.034441,
      "z" : 85.48529
    }
  }, {
    "shape" : "0449845e-6036-4303-a3af-7d3cf2272787",
    "color" : "#FFFF33",
    "position" : {
      "x" : -51.214783,
      "y" : -22.18034,
      "z" : -105.0476
    },
    "orientation" : 41
  }, {
    "shape" : "0449845e-6036-4303-a3af-7d3cf2272787",
    "color" : "#FF3333",
    "position" : {
      "x" : 40.12461,
      "y" : -98.1935,
      "z" : -17.944271
    },
    "orientation" : 8
  }, {
    "shape" : "0449845e-6036-4303-a3af-7d3cf2272787",
    "color" : "#BE99FF",
    "position" : {
      "x" : -58.068882,
      "y" : -24.798374,
      "z" : 87.103325
    },
    "orientation" : 23
  }, {
    "shape" : "0449845e-6036-4303-a3af-7d3cf2272787",
    "color" : "#BE99FF",
    "position" : {
      "x" : -46.978714,
      "y" : 64.92299,
      "z" : 0.0
    },
    "orientation" : 41
  }, {
    "shape" : "0449845e-6036-4303-a3af-7d3cf2272787",
    "color" : "#BE99FF",
    "position" : {
      "x" : -33.27051,
      "y" : -78.63119,
      "z" : -22.18034
    },
    "orientation" : 40
  }, {
    "shape" : "0449845e-6036-4303-a3af-7d3cf2272787",
    "color" : "#FFFF33",
    "position" : {
      "x" : 4.236068,
      "y" : 103.429565,
      "z" : -4.236068
    },
    "orientation" : 26
  }, {
    "shape" : "0449845e-6036-4303-a3af-7d3cf2272787",
    "color" : "#FF3333",
    "position" : {
      "x" : 0.0,
      "y" : 46.978714,
      "z" : -109.28367
    },
    "orientation" : 11
  }, {
    "shape" : "0449845e-6036-4303-a3af-7d3cf2272787",
    "color" : "#FFFF33",
    "position" : {
      "x" : 60.686916,
      "y" : 87.103325,
      "z" : 35.888542
    },
    "orientation" : 6
  }, {
    "shape" : "ddacc5bb-f0d4-4e19-a157-c401d8782ba5",
    "color" : "#FFFFFF",
    "position" : {
      "x" : -78.63119,
      "y" : -93.95743,
      "z" : 33.27051
    }
  }, {
    "shape" : "ddacc5bb-f0d4-4e19-a157-c401d8782ba5",
    "color" : "#FFFFFF",
    "position" : {
      "x" : 0.0,
      "y" : -118.7558,
      "z" : -37.506577
    }
  }, {
    "shape" : "ddacc5bb-f0d4-4e19-a157-c401d8782ba5",
    "color" : "#FFFFFF",
    "position" : {
      "x" : -6.854102,
      "y" : -121.37383,
      "z" : -11.09017
    }
  }, {
    "shape" : "ddacc5bb-f0d4-4e19-a157-c401d8782ba5",
    "color" : "#FFFFFF",
    "position" : {
      "x" : -122.99187,
      "y" : 22.18034,
      "z" : -11.09017
    }
  }, {
    "shape" : "ddacc5bb-f0d4-4e19-a157-c401d8782ba5",
    "color" : "#FFFFFF",
    "position" : {
      "x" : -98.1935,
      "y" : -26.416409,
      "z" : 67.54102
    }
  }, {
    "shape" : "0449845e-6036-4303-a3af-7d3cf2272787",
    "color" : "#BE99FF",
    "position" : {
      "x" : 109.28367,
      "y" : -22.18034,
      "z" : -33.27051
    },
    "orientation" : 10
  }, {
    "shape" : "0449845e-6036-4303-a3af-7d3cf2272787",
    "color" : "#BE99FF",
    "position" : {
      "x" : 35.888542,
      "y" : 105.0476,
      "z" : 29.034441
    },
    "orientation" : 55
  }, {
    "shape" : "ddacc5bb-f0d4-4e19-a157-c401d8782ba5",
    "color" : "#FFFFFF",
    "position" : {
      "x" : -96.57546,
      "y" : 37.506577,
      "z" : 0.0
    }
  }, {
    "shape" : "0449845e-6036-4303-a3af-7d3cf2272787",
    "color" : "#BE99FF",
    "position" : {
      "x" : -76.01315,
      "y" : 40.12461,
      "z" : -40.12461
    },
    "orientation" : 55
  }, {
    "shape" : "0449845e-6036-4303-a3af-7d3cf2272787",
    "color" : "#BE99FF",
    "position" : {
      "x" : -40.12461,
      "y" : 89.72136,
      "z" : 62.30495
