{
  "polygons" : "true",
  "field" : "golden",
  "symmetry" : "icosahedral",
  "orientations" : [ [ 1.0, 0.0, 0.0, 0.0, 0.0, 1.0, 0.0, 0.0, 0.0, 0.0, 1.0, 0.0, 0.0, 0.0, 0.0, 1.0 ], [ 0.0, 0.0, 1.0, 0.0, 1.0, 0.0, 0.0, 0.0, 0.0, 1.0, 0.0, 0.0, 0.0, 0.0, 0.0, 1.0 ], [ 0.0, 1.0, 0.0, 0.0, 0.0, 0.0, 1.0, 0.0, 1.0, 0.0, 0.0, 0.0, 0.0, 0.0, 0.0, 1.0 ], [ 0.809017, 0.309017, 0.5, 0.0, 0.309017, 0.5, -0.809017, 0.0, -0.5, 0.809017, 0.309017, 0.0, 0.0, 0.0, 0.0, 1.0 ], [ -0.5, 0.809017, 0.309017, 0.0, 0.809017, 0.309017, 0.5, 0.0, 0.309017, 0.5, -0.809017, 0.0, 0.0, 0.0, 0.0, 1.0 ], [ 0.309017, 0.5, -0.809017, 0.0, -0.5, 0.809017, 0.309017, 0.0, 0.809017, 0.309017, 0.5, 0.0, 0.0, 0.0, 0.0, 1.0 ], [ 0.5, 0.809017, 0.309017, 0.0, 0.809017, -0.309017, -0.5, 0.0, -0.309017, 0.5, -0.809017, 0.0, 0.0, 0.0, 0.0, 1.0 ], [ -0.309017, 0.5, -0.809017, 0.0, 0.5, 0.809017, 0.309017, 0.0, 0.809017, -0.309017, -0.5, 0.0, 0.0, 0.0, 0.0, 1.0 ], [ 0.809017, -0.309017, -0.5, 0.0, -0.309017, 0.5, -0.809017, 0.0, 0.5, 0.809017, 0.309017, 0.0, 0.0, 0.0, 0.0, 1.0 ], [ 0.5, 0.809017, -0.309017, 0.0, 0.809017, -0.309017, 0.5, 0.0, 0.309017, -0.5, -0.809017, 0.0, 0.0, 0.0, 0.0, 1.0 ], [ 0.309017, -0.5, -0.809017, 0.0, 0.5, 0.809017, -0.309017, 0.0, 0.809017, -0.309017, 0.5, 0.0, 0.0, 0.0, 0.0, 1.0 ], [ 0.809017, -0.309017, 0.5, 0.0, 0.309017, -0.5, -0.809017, 0.0, 0.5, 0.809017, -0.309017, 0.0, 0.0, 0.0, 0.0, 1.0 ], [ 0.809017, 0.309017, -0.5, 0.0, 0.309017, 0.5, 0.809017, 0.0, 0.5, -0.809017, 0.309017, 0.0, 0.0, 0.0, 0.0, 1.0 ], [ 0.5, -0.809017, 0.309017, 0.0, 0.809017, 0.309017, -0.5, 0.0, 0.309017, 0.5, 0.809017, 0.0, 0.0, 0.0, 0.0, 1.0 ], [ 0.309017, 0.5, 0.809017, 0.0, 0.5, -0.809017, 0.309017, 0.0, 0.809017, 0.309017, -0.5, 0.0, 0.0, 0.0, 0.0, 1.0 ], [ 1.0, 0.0, 0.0, 0.0, 0.0, -1.0, 0.0, 0.0, 0.0, 0.0, -1.0, 0.0, 0.0, 0.0, 0.0, 1.0 ], [ 0.0, 0.0, 1.0, 0.0, -1.0, 0.0, 0.0, 0.0, 0.0, -1.0, 0.0, 0.0, 0.0, 0.0, 0.0, 1.0 ], [ 0.0, 1.0, 0.0, 0.0, 0.0, 0.0, -1.0, 0.0, -1.0, 0.0, 0.0, 0.0, 0.0, 0.0, 0.0, 1.0 ], [ 0.809017, 0.309017, 0.5, 0.0, -0.309017, -0.5, 0.809017, 0.0, 0.5, -0.809017, -0.309017, 0.0, 0.0, 0.0, 0.0, 1.0 ], [ -0.5, 0.809017, 0.309017, 0.0, -0.809017, -0.309017, -0.5, 0.0, -0.309017, -0.5, 0.809017, 0.0, 0.0, 0.0, 0.0, 1.0 ], [ 0.309017, 0.5, -0.809017, 0.0, 0.5, -0.809017, -0.309017, 0.0, -0.809017, -0.309017, -0.5, 0.0, 0.0, 0.0, 0.0, 1.0 ], [ 0.5, 0.809017, 0.309017, 0.0, -0.809017, 0.309017, 0.5, 0.0, 0.309017, -0.5, 0.809017, 0.0, 0.0, 0.0, 0.0, 1.0 ], [ -0.309017, 0.5, -0.809017, 0.0, -0.5, -0.809017, -0.309017, 0.0, -0.809017, 0.309017, 0.5, 0.0, 0.0, 0.0, 0.0, 1.0 ], [ 0.809017, -0.309017, -0.5, 0.0, 0.309017, -0.5, 0.809017, 0.0, -0.5, -0.809017, -0.309017, 0.0, 0.0, 0.0, 0.0, 1.0 ], [ 0.5, 0.809017, -0.309017, 0.0, -0.809017, 0.309017, -0.5, 0.0, -0.309017, 0.5, 0.809017, 0.0, 0.0, 0.0, 0.0, 1.0 ], [ 0.309017, -0.5, -0.809017, 0.0, -0.5, -0.809017, 0.309017, 0.0, -0.809017, 0.309017, -0.5, 0.0, 0.0, 0.0, 0.0, 1.0 ], [ 0.809017, -0.309017, 0.5, 0.0, -0.309017, 0.5, 0.809017, 0.0, -0.5, -0.809017, 0.309017, 0.0, 0.0, 0.0, 0.0, 1.0 ], [ 0.809017, 0.309017, -0.5, 0.0, -0.309017, -0.5, -0.809017, 0.0, -0.5, 0.809017, -0.309017, 0.0, 0.0, 0.0, 0.0, 1.0 ], [ 0.5, -0.809017, 0.309017, 0.0, -0.809017, -0.309017, 0.5, 0.0, -0.309017, -0.5, -0.809017, 0.0, 0.0, 0.0, 0.0, 1.0 ], [ 0.309017, 0.5, 0.809017, 0.0, -0.5, 0.809017, -0.309017, 0.0, -0.809017, -0.309017, 0.5, 0.0, 0.0, 0.0, 0.0, 1.0 ], [ -1.0, 0.0, 0.0, 0.0, 0.0, -1.0, 0.0, 0.0, 0.0, 0.0, 1.0, 0.0, 0.0, 0.0, 0.0, 1.0 ], [ 0.0, 0.0, -1.0, 0.0, -1.0, 0.0, 0.0, 0.0, 0.0, 1.0, 0.0, 0.0, 0.0, 0.0, 0.0, 1.0 ], [ 0.0, -1.0, 0.0, 0.0, 0.0, 0.0, -1.0, 0.0, 1.0, 0.0, 0.0, 0.0, 0.0, 0.0, 0.0, 1.0 ], [ -0.809017, -0.309017, -0.5, 0.0, -0.309017, -0.5, 0.809017, 0.0, -0.5, 0.809017, 0.309017, 0.0, 0.0, 0.0, 0.0, 1.0 ], [ 0.5, -0.809017, -0.309017, 0.0, -0.809017, -0.309017, -0.5, 0.0, 0.309017, 0.5, -0.809017, 0.0, 0.0, 0.0, 0.0, 1.0 ], [ -0.309017, -0.5, 0.809017, 0.0, 0.5, -0.809017, -0.309017, 0.0, 0.809017, 0.309017, 0.5, 0.0, 0.0, 0.0, 0.0, 1.0 ], [ -0.5, -0.809017, -0.309017, 0.0, -0.809017, 0.309017, 0.5, 0.0, -0.309017, 0.5, -0.809017, 0.0, 0.0, 0.0, 0.0, 1.0 ], [ 0.309017, -0.5, 0.809017, 0.0, -0.5, -0.809017, -0.309017, 0.0, 0.809017, -0.309017, -0.5, 0.0, 0.0, 0.0, 0.0, 1.0 ], [ -0.809017, 0.309017, 0.5, 0.0, 0.309017, -0.5, 0.809017, 0.0, 0.5, 0.809017, 0.309017, 0.0, 0.0, 0.0, 0.0, 1.0 ], [ -0.5, -0.809017, 0.309017, 0.0, -0.809017, 0.309017, -0.5, 0.0, 0.309017, -0.5, -0.809017, 0.0, 0.0, 0.0, 0.0, 1.0 ], [ -0.309017, 0.5, 0.809017, 0.0, -0.5, -0.809017, 0.309017, 0.0, 0.809017, -0.309017, 0.5, 0.0, 0.0, 0.0, 0.0, 1.0 ], [ -0.809017, 0.309017, -0.5, 0.0, -0.309017, 0.5, 0.809017, 0.0, 0.5, 0.809017, -0.309017, 0.0, 0.0, 0.0, 0.0, 1.0 ], [ -0.809017, -0.309017, 0.5, 0.0, -0.309017, -0.5, -0.809017, 0.0, 0.5, -0.809017, 0.309017, 0.0, 0.0, 0.0, 0.0, 1.0 ], [ -0.5, 0.809017, -0.309017, 0.0, -0.809017, -0.309017, 0.5, 0.0, 0.309017, 0.5, 0.809017, 0.0, 0.0, 0.0, 0.0, 1.0 ], [ -0.309017, -0.5, -0.809017, 0.0, -0.5, 0.809017, -0.309017, 0.0, 0.809017, 0.309017, -0.5, 0.0, 0.0, 0.0, 0.0, 1.0 ], [ -1.0, 0.0, 0.0, 0.0, 0.0, 1.0, 0.0, 0.0, 0.0, 0.0, -1.0, 0.0, 0.0, 0.0, 0.0, 1.0 ], [ 0.0, 0.0, -1.0, 0.0, 1.0, 0.0, 0.0, 0.0, 0.0, -1.0, 0.0, 0.0, 0.0, 0.0, 0.0, 1.0 ], [ 0.0, -1.0, 0.0, 0.0, 0.0, 0.0, 1.0, 0.0, -1.0, 0.0, 0.0, 0.0, 0.0, 0.0, 0.0, 1.0 ], [ -0.809017, -0.309017, -0.5, 0.0, 0.309017, 0.5, -0.809017, 0.0, 0.5, -0.809017, -0.309017, 0.0, 0.0, 0.0, 0.0, 1.0 ], [ 0.5, -0.809017, -0.309017, 0.0, 0.809017, 0.309017, 0.5, 0.0, -0.309017, -0.5, 0.809017, 0.0, 0.0, 0.0, 0.0, 1.0 ], [ -0.309017, -0.5, 0.809017, 0.0, -0.5, 0.809017, 0.309017, 0.0, -0.809017, -0.309017, -0.5, 0.0, 0.0, 0.0, 0.0, 1.0 ], [ -0.5, -0.809017, -0.309017, 0.0, 0.809017, -0.309017, -0.5, 0.0, 0.309017, -0.5, 0.809017, 0.0, 0.0, 0.0, 0.0, 1.0 ], [ 0.309017, -0.5, 0.809017, 0.0, 0.5, 0.809017, 0.309017, 0.0, -0.809017, 0.309017, 0.5, 0.0, 0.0, 0.0, 0.0, 1.0 ], [ -0.809017, 0.309017, 0.5, 0.0, -0.309017, 0.5, -0.809017, 0.0, -0.5, -0.809017, -0.309017, 0.0, 0.0, 0.0, 0.0, 1.0 ], [ -0.5, -0.809017, 0.309017, 0.0, 0.809017, -0.309017, 0.5, 0.0, -0.309017, 0.5, 0.809017, 0.0, 0.0, 0.0, 0.0, 1.0 ], [ -0.309017, 0.5, 0.809017, 0.0, 0.5, 0.809017, -0.309017, 0.0, -0.809017, 0.309017, -0.5, 0.0, 0.0, 0.0, 0.0, 1.0 ], [ -0.809017, 0.309017, -0.5, 0.0, 0.309017, -0.5, -0.809017, 0.0, -0.5, -0.809017, 0.309017, 0.0, 0.0, 0.0, 0.0, 1.0 ], [ -0.809017, -0.309017, 0.5, 0.0, 0.309017, 0.5, 0.809017, 0.0, -0.5, 0.809017, -0.309017, 0.0, 0.0, 0.0, 0.0, 1.0 ], [ -0.5, 0.809017, -0.309017, 0.0, 0.809017, 0.309017, -0.5, 0.0, -0.309017, -0.5, -0.809017, 0.0, 0.0, 0.0, 0.0, 1.0 ], [ -0.309017, -0.5, -0.809017, 0.0, 0.5, -0.809017, 0.309017, 0.0, -0.809017, -0.309017, 0.5, 0.0, 0.0, 0.0, 0.0, 1.0 ] ],
  "lights" : {
    "directionalLights" : [ {
      "direction" : [ 1.0, -1.0, -1.0 ],
      "color" : "#EBEBE4"
    }, {
      "direction" : [ -1.0, 0.0, 0.0 ],
      "color" : "#E4E4EB"
    }, {
      "direction" : [ 0.0, 0.0, -1.0 ],
      "color" : "#1E1E1E"
    } ],
    "ambientColor" : "#292929",
    "backgroundColor" : "#AFC8DC"
  },
  "camera" : {
    "position" : {
      "x" : -208.46895,
      "y" : 637.64386,
      "z" : -16.991173
    },
    "width" : 301.9832,
    "stereo" : false,
    "lookDirection" : {
      "x" : 0.31064963,
      "y" : -0.95018387,
      "z" : 0.025319368
    },
    "upDirection" : {
      "x" : 0.7101979,
      "y" : 0.24972807,
      "z" : 0.6582145
    },
    "lookAtPoint" : {
      "x" : 0.0,
      "y" : 0.0,
      "z" : 0.0
    },
    "viewDistance" : 671.07416,
    "nearClipDistance" : 1.6776836,
    "farClipDistance" : 1342.1466,
    "fieldOfView" : 0.44262862,
    "perspective" : true
  },
  "embedding" : [ 1.0, 0.0, 0.0, 0.0, 0.0, 1.0, 0.0, 0.0, 0.0, 0.0, 1.0, 0.0, 0.0, 0.0, 0.0, 1.0 ],
  "shapes" : [ {
    "id" : "e49f6fe4-30bc-46d4-8bff-fef7d0e01377",
    "name" : "ball",
    "vertices" : [ {
      "x" : 0.309017,
      "y" : -0.809017,
      "z" : 0.618034
    }, {
      "x" : 0.809017,
      "y" : -0.618034,
      "z" : 0.309017
    }, {
      "x" : 0.618034,
      "y" : -0.309017,
      "z" : 0.809017
    }, {
      "x" : 1.0,
      "y" : 0.309017,
      "z" : 0.19098301
    }, {
      "x" : 0.809017,
      "y" : 0.618034,
      "z" : 0.309017
    }, {
      "x" : 0.618034,
      "y" : 0.309017,
      "z" : 0.809017
    }, {
      "x" : 0.809017,
      "y" : 0.0,
      "z" : 0.690983
    }, {
      "x" : 0.19098301,
      "y" : -1.0,
      "z" : 0.309017
    }, {
      "x" : -0.19098301,
      "y" : -1.0,
      "z" : 0.309017
    }, {
      "x" : -0.19098301,
      "y" : -1.0,
      "z" : -0.309017
    }, {
      "x" : 0.19098301,
      "y" : -1.0,
      "z" : -0.309017
    }, {
      "x" : 1.0,
      "y" : -0.309017,
      "z" : -0.19098301
    }, {
      "x" : 0.809017,
      "y" : -0.618034,
      "z" : -0.309017
    }, {
      "x" : 0.618034,
      "y" : -0.309017,
      "z" : -0.809017
    }, {
      "x" : 0.809017,
      "y" : 0.0,
      "z" : -0.690983
    }, {
      "x" : 0.0,
      "y" : 0.690983,
      "z" : -0.809017
    }, {
      "x" : 0.309017,
      "y" : 0.809017,
      "z" : -0.618034
    }, {
      "x" : 0.618034,
      "y" : 0.309017,
      "z" : -0.809017
    }, {
      "x" : 0.309017,
      "y" : 0.19098301,
      "z" : -1.0
    }, {
      "x" : 1.0,
      "y" : 0.309017,
      "z" : -0.19098301
    }, {
      "x" : -0.309017,
      "y" : -0.809017,
      "z" : 0.618034
    }, {
      "x" : 0.0,
      "y" : -0.690983,
      "z" : 0.809017
    }, {
      "x" : 0.809017,
      "y" : 0.618034,
      "z" : -0.309017
    }, {
      "x" : 0.690983,
      "y" : 0.809017,
      "z" : 0.0
    }, {
      "x" : -0.690983,
      "y" : 0.809017,
      "z" : 0.0
    }, {
      "x" : -0.809017,
      "y" : 0.618034,
      "z" : 0.309017
    }, {
      "x" : -0.309017,
      "y" : 0.809017,
      "z" : 0.618034
    }, {
      "x" : -0.19098301,
      "y" : 1.0,
      "z" : 0.309017
    }, {
      "x" : 0.309017,
      "y" : -0.19098301,
      "z" : -1.0
    }, {
      "x" : 0.19098301,
      "y" : 1.0,
      "z" : 0.309017
    }, {
      "x" : 0.309017,
      "y" : 0.809017,
      "z" : 0.618034
    }, {
      "x" : -0.809017,
      "y" : -0.618034,
      "z" : 0.309017
    }, {
      "x" : -0.690983,
      "y" : -0.809017,
      "z" : 0.0
    }, {
      "x" : 0.0,
      "y" : 0.690983,
      "z" : 0.809017
    }, {
      "x" : 0.309017,
      "y" : -0.809017,
      "z" : -0.618034
    }, {
      "x" : 0.0,
      "y" : -0.690983,
      "z" : -0.809017
    }, {
      "x" : -1.0,
      "y" : 0.309017,
      "z" : 0.19098301
    }, {
      "x" : -0.809017,
      "y" : 0.0,
      "z" : 0.690983
    }, {
      "x" : -0.618034,
      "y" : 0.309017,
      "z" : 0.809017
    }, {
      "x" : 1.0,
      "y" : -0.309017,
      "z" : 0.19098301
    }, {
      "x" : -0.309017,
      "y" : -0.809017,
      "z" : -0.618034
    }, {
      "x" : -1.0,
      "y" : 0.309017,
      "z" : -0.19098301
    }, {
      "x" : -1.0,
      "y" : -0.309017,
      "z" : -0.19098301
    }, {
      "x" : -1.0,
      "y" : -0.309017,
      "z" : 0.19098301
    }, {
      "x" : 0.19098301,
      "y" : 1.0,
      "z" : -0.309017
    }, {
      "x" : -0.809017,
      "y" : 0.618034,
      "z" : -0.309017
    }, {
      "x" : -0.19098301,
      "y" : 1.0,
      "z" : -0.309017
    }, {
      "x" : -0.309017,
      "y" : 0.809017,
      "z" : -0.618034
    }, {
      "x" : -0.618034,
      "y" : -0.309017,
      "z" : 0.809017
    }, {
      "x" : 0.309017,
      "y" : 0.19098301,
      "z" : 1.0
    }, {
      "x" : -0.309017,
      "y" : 0.19098301,
      "z" : -1.0
    }, {
      "x" : -0.309017,
      "y" : 0.19098301,
      "z" : 1.0
    }, {
      "x" : -0.309017,
      "y" : -0.19098301,
      "z" : 1.0
    }, {
      "x" : 0.309017,
      "y" : -0.19098301,
      "z" : 1.0
    }, {
      "x" : 0.690983,
      "y" : -0.809017,
      "z" : 0.0
    }, {
      "x" : -0.809017,
      "y" : 0.0,
      "z" : -0.690983
    }, {
      "x" : -0.618034,
      "y" : -0.309017,
      "z" : -0.809017
    }, {
      "x" : -0.309017,
      "y" : -0.19098301,
      "z" : -1.0
    }, {
      "x" : -0.618034,
      "y" : 0.309017,
      "z" : -0.809017
    }, {
      "x" : -0.809017,
      "y" : -0.618034,
      "z" : -0.309017
    } ],
    "faces" : [ {
      "vertices" : [ 9, 40, 35, 34, 10 ]
    }, {
      "vertices" : [ 0, 1, 2 ]
    }, {
      "vertices" : [ 33, 51, 49 ]
    }, {
      "vertices" : [ 25, 36, 37, 38 ]
    }, {
      "vertices" : [ 41, 55, 42 ]
    }, {
      "vertices" : [ 9, 32, 59, 40 ]
    }, {
      "vertices" : [ 20, 21, 52, 48 ]
    }, {
      "vertices" : [ 26, 33, 30, 29, 27 ]
    }, {
      "vertices" : [ 3, 4, 5, 6 ]
    }, {
      "vertices" : [ 27, 29, 44, 46 ]
    }, {
      "vertices" : [ 50, 57, 56, 55, 58 ]
    }, {
      "vertices" : [ 26, 38, 51, 33 ]
    }, {
      "vertices" : [ 45, 47, 58 ]
    }, {
      "vertices" : [ 18, 28, 57, 50 ]
    }, {
      "vertices" : [ 40, 59, 56 ]
    }, {
      "vertices" : [ 31, 48, 37, 43 ]
    }, {
      "vertices" : [ 7, 8, 9, 10 ]
    }, {
      "vertices" : [ 36, 41, 42, 43 ]
    }, {
      "vertices" : [ 24, 46, 47, 45 ]
    }, {
      "vertices" : [ 4, 30, 5 ]
    }, {
      "vertices" : [ 15, 47, 46, 44, 16 ]
    }, {
      "vertices" : [ 15, 50, 58, 47 ]
    }, {
      "vertices" : [ 24, 45, 41, 36, 25 ]
    }, {
      "vertices" : [ 11, 14, 19 ]
    }, {
      "vertices" : [ 3, 6, 39 ]
    }, {
      "vertices" : [ 1, 39, 6, 2 ]
    }, {
      "vertices" : [ 8, 32, 9 ]
    }, {
      "vertices" : [ 11, 12, 13, 14 ]
    }, {
      "vertices" : [ 16, 22, 17 ]
    }, {
      "vertices" : [ 0, 21, 20, 8, 7 ]
    }, {
      "vertices" : [ 12, 34, 13 ]
    }, {
      "vertices" : [ 35, 40, 56, 57 ]
    }, {
      "vertices" : [ 0, 7, 54, 1 ]
    }, {
      "vertices" : [ 15, 16, 17, 18 ]
    }, {
      "vertices" : [ 3, 19, 22, 23, 4 ]
    }, {
      "vertices" : [ 7, 10, 54 ]
    }, {
      "vertices" : [ 41, 45, 58, 55 ]
    }, {
      "vertices" : [ 3, 39, 11, 19 ]
    }, {
      "vertices" : [ 14, 17, 22, 19 ]
    }, {
      "vertices" : [ 0, 2, 53, 21 ]
    }, {
      "vertices" : [ 49, 51, 52, 53 ]
    }, {
      "vertices" : [ 31, 43, 42, 59, 32 ]
    }, {
      "vertices" : [ 15, 18, 50 ]
    }, {
      "vertices" : [ 42, 55, 56, 59 ]
    }, {
      "vertices" : [ 4, 23, 29, 30 ]
    }, {
      "vertices" : [ 25, 38, 26 ]
    }, {
      "vertices" : [ 13, 28, 18, 17, 14 ]
    }, {
      "vertices" : [ 8, 20, 31, 32 ]
    }, {
      "vertices" : [ 23, 44, 29 ]
    }, {
      "vertices" : [ 24, 27, 46 ]
    }, {
      "vertices" : [ 37, 48, 52, 51, 38 ]
    }, {
      "vertices" : [ 20, 48, 31 ]
    }, {
      "vertices" : [ 24, 25, 26, 27 ]
    }, {
      "vertices" : [ 16, 44, 23, 22 ]
    }, {
      "vertices" : [ 13, 34, 35, 28 ]
    }, {
      "vertices" : [ 10, 34, 12, 54 ]
    }, {
      "vertices" : [ 2, 6, 5, 49, 53 ]
    }, {
      "vertices" : [ 36, 43, 37 ]
    }, {
      "vertices" : [ 5, 30, 33, 49 ]
    }, {
      "vertices" : [ 1, 54, 12, 11, 39 ]
    }, {
      "vertices" : [ 28, 35, 57 ]
    }, {
      "vertices" : [ 21, 53, 52 ]
    } ]
  }, {
    "id" : "5c39afa4-7457-42a4-b312-0da7b83c2b79",
    "orbit" : "1",
    "orbitC" : "[[-24,17,11],[-19,13,11]]",
    "length" : "[1,2,1]",
    "name" : " :1 +2*phi",
    "vertices" : [ {
      "x" : 22.83114,
      "y" : 26.458004,
      "z" : 0.13333334
    }, {
      "x" : 22.93114,
      "y" : 26.558004,
      "z" : -0.26666668
    }, {
      "x" : 0.6582169,
      "y" : 0.4584032,
      "z" : -0.13333334
    }, {
      "x" : 0.5582169,
      "y" : 0.35840318,
      "z" : 0.26666668
    }, {
      "x" : 23.23114,
      "y" : 26.32467,
      "z" : -0.13333334
    }, {
      "x" : 23.13114,
      "y" : 26.22467,
      "z" : 0.26666668
    }, {
      "x" : 0.25821692,
      "y" : 0.5917365,
      "z" : 0.13333334
    }, {
      "x" : 0.3582169,
      "y" : 0.6917365,
      "z" : -0.26666668
    } ],
    "faces" : [ {
      "vertices" : [ 2, 3, 6, 7 ]
    }, {
      "vertices" : [ 0, 5, 4, 1 ]
    }, {
      "vertices" : [ 2, 4, 5, 3 ]
    }, {
      "vertices" : [ 0, 6, 3, 5 ]
    }, {
      "vertices" : [ 0, 1, 7, 6 ]
    }, {
      "vertices" : [ 1, 4, 2, 7 ]
    } ]
  }, {
    "id" : "ba4d604b-de2e-40a5-a384-a3051b738a6a",
    "orbit" : "blue",
    "orbitC" : "[[0,0,1],[0,0,1]]",
    "length" : "[1,3,4]",
    "name" : " :1/4 +3/4*phi",
    "vertices" : [ {
      "x" : 11.399187,
      "y" : 0.309017,
      "z" : 0.19098301
    }, {
      "x" : 11.399187,
      "y" : 0.309017,
      "z" : -0.19098301
    }, {
      "x" : 1.0,
      "y" : 0.309017,
      "z" : -0.19098301
    }, {
      "x" : 1.0,
      "y" : 0.309017,
      "z" : 0.19098301
    }, {
      "x" : 11.399187,
      "y" : -0.309017,
      "z" : 0.19098301
    }, {
      "x" : 1.0,
      "y" : -0.309017,
      "z" : 0.19098301
    }, {
      "x" : 1.0,
      "y" : -0.309017,
      "z" : -0.19098301
    }, {
      "x" : 11.399187,
      "y" : -0.309017,
      "z" : -0.19098301
    }, {
      "x" : 12.399187,
      "y" : 0.0,
      "z" : 0.0
    } ],
    "faces" : [ {
      "vertices" : [ 1, 7, 6, 2 ]
    }, {
      "vertices" : [ 0, 1, 2, 3 ]
    }, {
      "vertices" : [ 4, 5, 6, 7 ]
    }, {
      "vertices" : [ 0, 3, 5, 4 ]
    } ]
  }, {
    "id" : "58644b9b-6652-4389-a934-51e09221644d",
    "vertices" : [ {
      "x" : 0.0,
      "y" : 0.0,
      "z" : 0.0
    }, {
      "x" : 20.062305,
      "y" : 7.663119,
      "z" : -12.399187
    }, {
      "x" : 19.253288,
      "y" : -15.826238,
      "z" : -3.427051
    } ],
    "faces" : [ {
      "vertices" : [ 0, 1, 2 ]
    }, {
      "vertices" : [ 0, 2, 1 ]
    } ]
  }, {
    "id" : "ab66a830-12f9-40f3-86c6-cc0a234a47bf",
    "orbit" : "0",
    "orbitC" : "[[2,-1,1],[-21,13,1]]",
    "length" : "[0,2,1]",
    "name" : " :2*phi",
    "vertices" : [ {
      "x" : 10.699555,
      "y" : 3.8583963,
      "z" : 21.765778
    }, {
      "x" : 10.599555,
      "y" : 4.2583966,
      "z" : 21.665777
    }, {
      "x" : 0.39061463,
      "y" : 0.37767157,
      "z" : 0.41456258
    }, {
      "x" : 0.49061462,
      "y" : -0.022328423,
      "z" : 0.5145626
    }, {
      "x" : 10.899555,
      "y" : 4.39173,
      "z" : 21.432444
    }, {
      "x" : 10.999556,
      "y" : 3.9917297,
      "z" : 21.532444
    }, {
      "x" : 0.19061463,
      "y" : -0.15566176,
      "z" : 0.7478959
    }, {
      "x" : 0.09061463,
      "y" : 0.24433824,
      "z" : 0.64789593
    } ],
    "faces" : [ {
      "vertices" : [ 2, 3, 6, 7 ]
    }, {
      "vertices" : [ 0, 5, 4, 1 ]
    }, {
      "vertices" : [ 2, 4, 5, 3 ]
    }, {
      "vertices" : [ 0, 6, 3, 5 ]
    }, {
      "vertices" : [ 0, 1, 7, 6 ]
    }, {
      "vertices" : [ 1, 4, 2, 7 ]
    } ]
  }, {
    "id" : "dfc5d3f9-b45b-4301-bf13-c394f3c5c2ff",
    "orbit" : "blue",
    "orbitC" : "[[0,0,1],[0,0,1]]",
    "length" : "[1,2,1]",
    "name" : " :1 +2*phi",
    "vertices" : [ {
      "x" : 34.888542,
      "y" : 0.309017,
      "z" : 0.19098301
    }, {
      "x" : 34.888542,
      "y" : 0.309017,
      "z" : -0.19098301
    }, {
      "x" : 1.0,
      "y" : 0.309017,
      "z" : -0.19098301
    }, {
      "x" : 1.0,
      "y" : 0.309017,
      "z" : 0.19098301
    }, {
      "x" : 34.888542,
      "y" : -0.309017,
      "z" : 0.19098301
    }, {
      "x" : 1.0,
      "y" : -0.309017,
      "z" : 0.19098301
    }, {
      "x" : 1.0,
      "y" : -0.309017,
      "z" : -0.19098301
    }, {
      "x" : 34.888542,
      "y" : -0.309017,
      "z" : -0.19098301
    }, {
      "x" : 35.888542,
      "y" : 0.0,
      "z" : 0.0
    } ],
    "faces" : [ {
      "vertices" : [ 1, 7, 6, 2 ]
    }, {
      "vertices" : [ 0, 1, 2, 3 ]
    }, {
      "vertices" : [ 4, 5, 6, 7 ]
    }, {
      "vertices" : [ 0, 3, 5, 4 ]
    } ]
  }, {
    "id" : "44150304-b890-47d9-83c9-0229b4c19655",
    "orbit" : "0",
    "orbitC" : "[[2,-1,1],[-21,13,1]]",
    "length" : "[0,1,1]",
    "name" : "medium",
    "vertices" : [ {
      "x" : 5.1544704,
      "y" : 1.7403624,
      "z" : 10.675608
    }, {
      "x" : 5.0544705,
      "y" : 2.1403625,
      "z" : 10.575607
    }, {
      "x" : 0.39061463,
      "y" : 0.37767157,
      "z" : 0.41456258
    }, {
      "x" : 0.49061462,
      "y" : -0.022328423,
      "z" : 0.5145626
    }, {
      "x" : 5.3544703,
      "y" : 2.2736957,
      "z" : 10.342274
    }, {
      "x" : 5.45447,
      "y" : 1.8736957,
      "z" : 10.442274
    }, {
      "x" : 0.19061463,
      "y" : -0.15566176,
      "z" : 0.7478959
    }, {
      "x" : 0.09061463,
      "y" : 0.24433824,
      "z" : 0.64789593
    } ],
    "faces" : [ {
      "vertices" : [ 2, 3, 6, 7 ]
    }, {
      "vertices" : [ 0, 5, 4, 1 ]
    }, {
      "vertices" : [ 2, 4, 5, 3 ]
    }, {
      "vertices" : [ 0, 6, 3, 5 ]
    }, {
      "vertices" : [ 0, 1, 7, 6 ]
    }, {
      "vertices" : [ 1, 4, 2, 7 ]
    } ]
  }, {
    "id" : "a5ed9bc8-4e6a-4926-8ae5-f0512437b920",
    "vertices" : [ {
      "x" : 0.0,
      "y" : 0.0,
      "z" : 0.0
    }, {
      "x" : 11.09017,
      "y" : -5.545085,
      "z" : 2.118034
    }, {
      "x" : 22.18034,
      "y" : 12.399187,
      "z" : 31.152475
    }, {
      "x" : 0.0,
      "y" : 23.489357,
      "z" : 26.916409
    } ],
    "faces" : [ {
      "vertices" : [ 0, 1, 2, 3 ]
    }, {
      "vertices" : [ 0, 3, 2, 1 ]
    } ]
  }, {
    "id" : "b0a3e1de-faf3-4430-8d0d-619a32372acb",
    "vertices" : [ {
      "x" : 0.0,
      "y" : 0.0,
      "z" : 0.0
    }, {
      "x" : -10.685661,
      "y" : -6.1995935,
      "z" : -33.52051
    }, {
      "x" : -30.747967,
      "y" : -13.862713,
      "z" : -21.121323
    }, {
      "x" : -10.031153,
      "y" : -3.8315594,
      "z" : 6.1995935
    } ],
    "faces" : [ {
      "vertices" : [ 0, 1, 2, 3 ]
    }, {
      "vertices" : [ 0, 3, 2, 1 ]
    } ]
  }, {
    "id" : "f02a5b48-43ac-4d48-a14a-2c4c4d7578aa",
    "vertices" : [ {
      "x" : 0.0,
      "y" : 0.0,
      "z" : 0.0
    }, {
      "x" : -10.031153,
      "y" : -3.8315594,
      "z" : 6.1995935
    }, {
      "x" : -9.626644,
      "y" : 7.913119,
      "z" : 1.7135255
    } ],
    "faces" : [ {
      "vertices" : [ 0, 1, 2 ]
    }, {
      "vertices" : [ 0, 2, 1 ]
    } ]
  }, {
    "id" : "734db08e-fb91-47b8-a875-9e2b3c9224ff",
    "vertices" : [ {
      "x" : 0.0,
      "y" : 0.0,
      "z" : 0.0
    }, {
      "x" : -9.626644,
      "y" : 7.913119,
      "z" : 1.7135255
    }, {
      "x" : -30.343458,
      "y" : -2.118034,
      "z" : -25.607391
    }, {
      "x" : -11.09017,
      "y" : -17.944271,
      "z" : -29.034441
    } ],
    "faces" : [ {
      "vertices" : [ 0, 1, 2, 3 ]
    }, {
      "vertices" : [ 0, 3, 2, 1 ]
    } ]
  }, {
    "id" : "da6acb96-d37a-41e1-b4ab-3e717761e422",
    "orbit" : "blue",
    "orbitC" : "[[0,0,1],[0,0,1]]",
    "length" : "[1,3,2]",
    "name" : " :1/2 +3/2*phi",
    "vertices" : [ {
      "x" : 23.798374,
      "y" : 0.309017,
      "z" : 0.19098301
    }, {
      "x" : 23.798374,
      "y" : 0.309017,
      "z" : -0.19098301
    }, {
      "x" : 1.0,
      "y" : 0.309017,
      "z" : -0.19098301
    }, {
      "x" : 1.0,
      "y" : 0.309017,
      "z" : 0.19098301
    }, {
      "x" : 23.798374,
      "y" : -0.309017,
      "z" : 0.19098301
    }, {
      "x" : 1.0,
      "y" : -0.309017,
      "z" : 0.19098301
    }, {
      "x" : 1.0,
      "y" : -0.309017,
      "z" : -0.19098301
    }, {
      "x" : 23.798374,
      "y" : -0.309017,
      "z" : -0.19098301
    }, {
      "x" : 24.798374,
      "y" : 0.0,
      "z" : 0.0
    } ],
    "faces" : [ {
      "vertices" : [ 1, 7, 6, 2 ]
    }, {
      "vertices" : [ 0, 1, 2, 3 ]
    }, {
      "vertices" : [ 4, 5, 6, 7 ]
    }, {
      "vertices" : [ 0, 3, 5, 4 ]
    } ]
  } ],
  "instances" : [ {
    "shape" : "e49f6fe4-30bc-46d4-8bff-fef7d0e01377",
    "color" : "#FFFFFF",
    "position" : {
      "x" : -58.068882,
      "y" : -22.18034,
      "z" : -35.888542
    }
  }, {
    "shape" : "e49f6fe4-30bc-46d4-8bff-fef7d0e01377",
    "color" : "#FFFFFF",
    "position" : {
      "x" : -29.034441,
      "y" : -11.09017,
      "z" : -17.944271
    }
  }, {
    "shape" : "5c39afa4-7457-42a4-b312-0da7b83c2b79",
    "color" : "#FFFFFF",
    "position" : {
      "x" : -6.1995935,
      "y" : 33.52051,
      "z" : 10.685661
    },
    "orientation" : 10
  }, {
    "shape" : "ba4d604b-de2e-40a5-a384-a3051b738a6a",
    "color" : "#008EC2",
    "position" : {
      "x" : -6.1995935,
      "y" : 33.52051,
      "z" : 10.685661
    },
    "orientation" : 0
  }, {
    "shape" : "58644b9b-6652-4389-a934-51e09221644d",
    "color" : "#FFFFFF",
    "position" : {
      "x" : 53.832817,
      "y" : 0.0,
      "z" : 46.978714
    },
    "orientation" : 36
  }, {
    "shape" : "ab66a830-12f9-40f3-86c6-cc0a234a47bf",
    "color" : "#FFFFFF",
    "position" : {
      "x" : 58.068882,
      "y" : 22.18034,
      "z" : 35.888542
    },
    "orientation" : 23
  }, {
    "shape" : "dfc5d3f9-b45b-4301-bf13-c394f3c5c2ff",
    "color" : "#008EC2",
    "position" : {
      "x" : -29.034441,
      "y" : -11.09017,
      "z" : -17.944271
    },
    "orientation" : 53
  }, {
    "shape" : "e49f6fe4-30bc-46d4-8bff-fef7d0e01377",
    "color" : "#FFFFFF",
    "position" : {
      "x" : -20.062305,
      "y" : 54.641834,
      "z" : -41.433628
    }
  }, {
    "shape" : "44150304-b890-47d9-83c9-0229b4c19655",
    "color" : "#FFFFFF",
    "position" : {
      "x" : 6.1995935,
      "y" : 33.52051,
      "z" : -10.685661
    },
    "orientation" : 5
  }, {
    "shape" : "44150304-b890-47d9-83c9-0229b4c19655",
    "color" : "#FFFFFF",
    "position" : {
      "x" : -23.489357,
      "y" : -26.916409,
      "z" : 0.0
    },
    "orientation" : 15
  }, {
    "shape" : "a5ed9bc8-4e6a-4926-8ae5-f0512437b920",
    "color" : "#FFFFFF",
    "position" : {
      "x" : -33.52051,
      "y" : -10.685661,
      "z" : 6.1995935
    },
    "orientation" : 59
  }, {
    "shape" : "b0a3e1de-faf3-4430-8d0d-619a32372acb",
    "color" : "#FFFFFF",
    "position" : {
      "x" : 6.1995935,
      "y" : -33.52051,
      "z" : -10.685661
    },
    "orientation" : 12
  }, {
    "shape" : "ba4d604b-de2e-40a5-a384-a3051b738a6a",
    "color" : "#008EC2",
    "position" : {
      "x" : -6.1995935,
      "y" : -33.52051,
      "z" : 10.685661
    },
    "orientation" : 7
  }, {
    "shape" : "e49f6fe4-30bc-46d4-8bff-fef7d0e01377",
    "color" : "#FFFFFF",
    "position" : {
      "x" : 6.1995935,
      "y" : 33.52051,
      "z" : -10.685661
    }
  }, {
    "shape" : "b0a3e1de-faf3-4430-8d0d-619a32372acb",
    "color" : "#FFFFFF",
    "position" : {
      "x" : 26.916409,
      "y" : 0.0,
      "z" : -23.489357
    },
    "orientation" : 10
  }, {
    "shape" : "ba4d604b-de2e-40a5-a384-a3051b738a6a",
    "color" : "#008EC2",
    "position" : {
      "x" : -27.320917,
      "y" : -20.716814,
      "z" : 10.031153
    },
    "orientation" : 25
  }, {
    "shape" : "ab66a830-12f9-40f3-86c6-cc0a234a47bf",
    "color" : "#FFFFFF",
    "position" : {
      "x" : 20.062305,
      "y" : -54.641834,
      "z" : 41.433628
    },
    "orientation" : 6
  }, {
    "shape" : "e49f6fe4-30bc-46d4-8bff-fef7d0e01377",
    "color" : "#FFFFFF",
    "position" : {
      "x" : -17.944271,
      "y" : 29.034441,
      "z" : -11.09017
    }
  }, {
    "shape" : "44150304-b890-47d9-83c9-0229b4c19655",
    "color" : "#FFFFFF",
    "position" : {
      "x" : 29.034441,
      "y" : -11.09017,
      "z" : 17.944271
    },
    "orientation" : 28
  }, {
    "shape" : "58644b9b-6652-4389-a934-51e09221644d",
    "color" : "#FFFFFF",
    "position" : {
      "x" : 41.433628,
      "y" : -20.062305,
      "z" : -54.641834
    },
    "orientation" : 10
  }, {
    "shape" : "ab66a830-12f9-40f3-86c6-cc0a234a47bf",
    "color" : "#FFFFFF",
    "position" : {
      "x" : -22.18034,
      "y" : -35.888542,
      "z" : 58.068882
    },
    "orientation" : 16
  }, {
    "shape" : "f02a5b48-43ac-4d48-a14a-2c4c4d7578aa",
    "color" : "#FFFFFF",
    "position" : {
      "x" : 20.716814,
      "y" : -10.031153,
      "z" : 27.320917
    },
    "orientation" : 40
  }, {
    "shape" : "44150304-b890-47d9-83c9-0229b4c19655",
    "color" : "#FFFFFF",
    "position" : {
      "x" : -29.034441,
      "y" : 11.09017,
      "z" : 17.944271
    },
    "orientation" : 40
  }, {
    "shape" : "e49f6fe4-30bc-46d4-8bff-fef7d0e01377",
    "color" : "#FFFFFF",
    "position" : {
      "x" : -20.716814,
      "y" : -10.031153,
      "z" : -27.320917
    }
  }, {
    "shape" : "734db08e-fb91-47b8-a875-9e2b3c9224ff",
    "color" : "#FFFFFF",
    "position" : {
      "x" : -17.944271,
      "y" : 29.034441,
      "z" : 11.09017
    },
    "orientation" : 17
  }, {
    "shape" : "e49f6fe4-30bc-46d4-8bff-fef7d0e01377",
    "color" : "#FFFFFF",
    "position" : {
      "x" : 29.034441,
      "y" : 11.09017,
      "z" : -17.944271
    }
  }, {
    "shape" : "a5ed9bc8-4e6a-4926-8ae5-f0512437b920",
    "color" : "#FFFFFF",
    "position" : {
      "x" : 27.320917,
      "y" : -20.716814,
      "z" : -10.031153
    },
    "orientation" : 6
  }, {
    "shape" : "ba4d604b-de2e-40a5-a384-a3051b738a6a",
    "color" : "#008EC2",
    "position" : {
      "x" : 10.031153,
      "y" : -27.320917,
      "z" : -20.716814
    },
    "orientation" : 56
  }, {
    "shape" : "a5ed9bc8-4e6a-4926-8ae5-f0512437b920",
    "color" : "#FFFFFF",
    "position" : {
      "x" : -20.716814,
      "y" : 10.031153,
      "z" : -27.320917
    },
    "orientation" : 23
  }, {
    "shape" : "da6acb96-d37a-41e1-b4ab-3e717761e422",
    "color" : "#008EC2",
    "position" : {
      "x" : 0.0,
      "y" : 46.978714,
      "z" : 53.832817
    },
    "orientation" : 56
  }, {
    "shape" : "ab66a830-12f9-40f3-86c6-cc0a234a47bf",
    "color" : "#FFFFFF",
    "position" : {
      "x" : 46.978714,
      "y" : 53.832817,
      "z" : 0.0
    },
    "orientation" : 45
  }, {
    "shape" : "734db08e-fb91-47b8-a875-9e2b3c9224ff",
    "color" : "#FFFFFF",
    "position" : {
      "x" : 29.034441,
      "y" : 11.09017,
      "z" : 17.944271
    },
    "orientation" : 25
  }, {
    "shape" : "44150304-b890-47d9-83c9-0229b4c19655",
    "color" : "#FFFFFF",
    "position" : {
      "x" : -17.944271,
      "y" : 29.034441,
      "z" : -11.09017
    },
    "orientation" : 30
  }, {
    "shape" : "734db08e-fb91-47b8-a875-9e2b3c9224ff",
    "color" : "#FFFFFF",
    "position" : {
      "x" : -29.034441,
      "y" : 11.09017,
      "z" : 17.944271
    },
    "orientation" : 16
  }, {
    "shape" : "5c39afa4-7457-42a4-b312-0da7b83c2b79",
    "color" : "#FFFFFF",
    "position" : {
      "x" : -27.320917,
      "y" : -20.716814,
      "z" : 10.031153
    },
    "orientation" : 33
  }, {
    "shape" : "e49f6fe4-30bc-46d4-8bff-fef7d0e01377",
    "color" : "#FFFFFF",
    "position" : {
      "x" : 67.04102,
      "y" : 21.371323,
      "z" : 12.399187
    }
  }, {
    "shape" : "44150304-b890-47d9-83c9-0229b4c19655",
    "color" : "#FFFFFF",
    "position" : {
      "x" : 10.031153,
      "y" : 27.320917,
      "z" : 20.716814
    },
    "orientation" : 24
  }, {
    "shape" : "44150304-b890-47d9-83c9-0229b4c19655",
    "color" : "#FFFFFF",
    "position" : {
      "x" : 6.1995935,
      "y" : -33.52051,
      "z" : 10.685661
    },
    "orientation" : 20
  }, {
    "shape" : "e49f6fe4-30bc-46d4-8bff-fef7d0e01377",
    "color" : "#FFFFFF",
    "position" : {
      "x" : -41.433628,
      "y" : -20.062305,
      "z" : 54.641834
    }
  }, {
    "shape" : "da6acb96-d37a-41e1-b4ab-3e717761e422",
    "color" : "#008EC2",
    "position" : {
      "x" : -41.433628,
      "y" : -20.062305,
      "z" : 54.641834
    },
    "orientation" : 54
  }, {
    "shape" : "e49f6fe4-30bc-46d4-8bff-fef7d0e01377",
    "color" : "#FFFFFF",
    "position" : {
      "x" : -6.1995935,
      "y" : 33.52051,
      "z" : 10.685661
    }
  }, {
    "shape" : "ab66a830-12f9-40f3-86c6-cc0a234a47bf",
    "color" : "#FFFFFF",
    "position" : {
      "x" : 54.641834,
      "y" : 41.433628,
      "z" : -20.062305
    },
    "orientation" : 53
  }, {
    "shape" : "e49f6fe4-30bc-46d4-8bff-fef7d0e01377",
    "color" : "#FFFFFF",
    "position" : {
      "x" : 20.062305,
      "y" : -54.641834,
      "z" : -41.433628
    }
  }, {
    "shape" : "da6acb96-d37a-41e1-b4ab-3e717761e422",
    "color" : "#008EC2",
    "position" : {
      "x" : -20.062305,
      "y" : -54.641834,
      "z" : -41.433628
    },
    "orientation" : 37
  }, {
    "shape" : "ab66a830-12f9-40f3-86c6-cc0a234a47bf",
    "color" : "#FFFFFF",
    "position" : {
      "x" : -22.18034,
      "y" : 35.888542,
      "z" : 58.068882
    },
    "orientation" : 9
  }, {
    "shape" : "44150304-b890-47d9-83c9-0229b4c19655",
    "color" : "#FFFFFF",
    "position" : {
      "x" : -6.1995935,
      "y" : 33.52051,
      "z" : -10.685661
    },
    "orientation" : 44
  }, {
    "shape" : "f02a5b48-43ac-4d48-a14a-2c4c4d7578aa",
    "color" : "#FFFFFF",
    "position" : {
      "x" : 10.031153,
      "y" : 27.320917,
      "z" : -20.716814
    },
    "orientation" : 9
  }, {
    "shape" : "5c39afa4-7457-42a4-b312-0da7b83c2b79",
    "color" : "#FFFFFF",
    "position" : {
      "x" : -27.320917,
      "y" : 20.716814,
      "z" : -10.031153
    },
    "orientation" : 48
  }, {
    "shape" : "a5ed9bc8-4e6a-4926-8ae5-f0512437b920",
    "color" : "#FFFFFF",
    "position" : {
      "x" : 10.031153,
      "y" : 27.320917,
      "z" : 20.716814
    },
    "orientation" : 52
  }, {
    "shape" : "ba4d604b-de2e-40a5-a384-a3051b738a6a",
    "color" : "#008EC2",
    "position" : {
      "x" : -33.52051,
      "y" : 10.685661,
      "z" : 6.1995935
    },
    "orientation" : 47
  }, {
    "shape" : "5c39afa4-7457-42a4-b312-0da7b83c2b79",
    "color" : "#FFFFFF",
    "position" : {
      "x" : -10.031153,
      "y" : 27.320917,
      "z" : -20.716814
    },
    "orientation" : 49
  }, {
    "shape" : "e49f6fe4-30bc-46d4-8bff-fef7d0e01377",
    "color" : "#FFFFFF",
    "position" : {
      "x" : 0.0,
      "y" : 46.978714,
      "z" : -53.832817
    }
  }, {
    "shape" : "44150304-b890-47d9-83c9-0229b4c19655",
    "color" : "#FFFFFF",
    "position" : {
      "x" : 27.320917,
      "y" : 20.716814,
      "z" : -10.031153
    },
    "orientation" : 53
  }, {
    "shape" : "ab66a830-12f9-40f3-86c6-cc0a234a47bf",
    "color" : "#FFFFFF",
    "position" : {
      "x" : 35.888542,
      "y" : 58.068882,
      "z" : -22.18034
    },
    "orientation" : 59
  }, {
    "shape" : "f02a5b48-43ac-4d48-a14a-2c4c4d7578aa",
    "color" : "#FFFFFF",
    "position" : {
      "x" : -20.716814,
      "y" : 10.031153,
      "z" : -27.320917
    },
    "orientation" : 45
  }, {
    "shape" : "a5ed9bc8-4e6a-4926-8ae5-f0512437b920",
    "color" : "#FFFFFF",
    "position" : {
      "x" : -23.489357,
      "y" : 26.916409,
      "z" : 0.0
    },
    "orientation" : 47
  }, {
    "shape" : "a5ed9bc8-4e6a-4926-8ae5-f0512437b920",
    "color" : "#FFFFFF",
    "position" : {
      "x" : 20.716814,
      "y" : 10.031153,
      "z" : 27.320917
    },
    "orientation" : 38
  }, {
    "shape" : "e49f6fe4-30bc-46d4-8bff-fef7d0e01377",
    "color" : "#FFFFFF",
    "position" : {
      "x" : 17.944271,
      "y" : 29.034441,
      "z" : -11.09017
    }
  }, {
    "shape" : "ba4d604b-de2e-40a5-a384-a3051b738a6a",
    "color" : "#008EC2",
    "position" : {
      "x" : -20.716814,
      "y" : -10.031153,
      "z" : 27.320917
    },
    "orientation" : 54
  }, {
    "shape" : "a5ed9bc8-4e6a-4926-8ae5-f0512437b920",
    "color" : "#FFFFFF",
    "position" : {
      "x" : -10.031153,
      "y" : -27.320917,
      "z" : -20.716814
    },
    "orientation" : 20
  }, {
    "shape" : "e49f6fe4-30bc-46d4-8bff-fef7d0e01377",
    "color" : "#FFFFFF",
    "position" : {
      "x" : 67.04102,
      "y" : -21.371323,
      "z" : -12.399187
    }
  }, {
    "shape" : "ab66a830-12f9-40f3-86c6-cc0a234a47bf",
    "color" : "#FFFFFF",
    "position" : {
      "x" : -12.399187,
      "y" : 67.04102,
      "z" : -21.371323
    },
    "orientation" : 44
  }, {
    "shape" : "e49f6fe4-30bc-46d4-8bff-fef7d0e01377",
    "color" : "#FFFFFF",
    "position" : {
      "x" : 35.888542,
      "y" : 0.0,
      "z" : 0.0
    }
  }, {
    "shape" : "5c39afa4-7457-42a4-b312-0da7b83c2b79",
    "color" : "#FFFFFF",
    "position" : {
      "x" : 0.0,
      "y" : 23.489357,
      "z" : 26.916409
    },
    "orientation" : 1
  }, {
    "shape" : "b0a3e1de-faf3-4430-8d0d-619a32372acb",
    "color" : "#FFFFFF",
    "position" : {
      "x" : 10.031153,
      "y" : -27.320917,
      "z" : -20.716814
    },
    "orientation" : 49
  }, {
    "shape" : "5c39afa4-7457-42a4-b312-0da7b83c2b79",
    "color" : "#FFFFFF",
    "position" : {
      "x" : 26.916409,
      "y" : 0.0,
      "z" : 23.489357
    },
    "orientation" : 2
  }, {
    "shape" : "da6acb96-d37a-41e1-b4ab-3e717761e422",
    "color" : "#008EC2",
    "position" : {
      "x" : -54.641834,
      "y" : 41.433628,
      "z" : -20.062305
    },
    "orientation" : 10
  }, {
    "shape" : "e49f6fe4-30bc-46d4-8bff-fef7d0e01377",
    "color" : "#FFFFFF",
    "position" : {
      "x" : 0.0,
      "y" : 71.777084,
      "z" : 0.0
    }
  }, {
    "shape" : "ab66a830-12f9-40f3-86c6-cc0a234a47bf",
    "color" : "#FFFFFF",
    "position" : {
      "x" : 12.399187,
      "y" : -67.04102,
      "z" : -21.371323
    },
    "orientation" : 14
  }, {
    "shape" : "ab66a830-12f9-40f3-86c6-cc0a234a47bf",
    "color" : "#FFFFFF",
    "position" : {
      "x" : -21.371323,
      "y" : -12.399187,
      "z" : -67.04102
    },
    "orientation" : 18
  }, {
    "shape" : "734db08e-fb91-47b8-a875-9e2b3c9224ff",
    "color" : "#FFFFFF",
    "position" : {
      "x" : -17.944271,
      "y" : -29.034441,
      "z" : -11.09017
    },
    "orientation" : 52
  }, {
    "shape" : "f02a5b48-43ac-4d48-a14a-2c4c4d7578aa",
    "color" : "#FFFFFF",
    "position" : {
      "x" : -6.1995935,
      "y" : -33.52051,
      "z" : 10.685661
    },
    "orientation" : 42
  }, {
    "shape" : "734db08e-fb91-47b8-a875-9e2b3c9224ff",
    "color" : "#FFFFFF",
    "position" : {
      "x" : 11.09017,
      "y" : -17.944271,
      "z" : -29.034441
    },
    "orientation" : 54
  }, {
    "shape" : "e49f6fe4-30bc-46d4-8bff-fef7d0e01377",
    "color" : "#FFFFFF",
    "position" : {
      "x" : 10.031153,
      "y" : 27.320917,
      "z" : -20.716814
    }
  }, {
    "shape" : "44150304-b890-47d9-83c9-0229b4c19655",
    "color" : "#FFFFFF",
    "position" : {
      "x" : -17.944271,
      "y" : 29.034441,
      "z" : -11.09017
    },
    "orientation" : 6
  }, {
    "shape" : "dfc5d3f9-b45b-4301-bf13-c394f3c5c2ff",
    "color" : "#008EC2",
    "position" : {
      "x" : -11.09017,
      "y" : 17.944271,
      "z" : -29.034441
    },
    "orientation" : 55
  }, {
    "shape" : "44150304-b890-47d9-83c9-0229b4c19655",
    "color" : "#FFFFFF",
    "position" : {
      "x" : 0.0,
      "y" : -23.489357,
      "z" : -26.916409
    },
    "orientation" : 46
  }, {
    "shape" : "f02a5b48-43ac-4d48-a14a-2c4c4d7578aa",
    "color" : "#FFFFFF",
    "position" : {
      "x" : 10.685661,
      "y" : -6.1995935,
      "z" : -33.52051
    },
    "orientation" : 28
  }, {
    "shape" : "a5ed9bc8-4e6a-4926-8ae5-f0512437b920",
    "color" : "#FFFFFF",
    "position" : {
      "x" : 6.1995935,
      "y" : -33.52051,
      "z" : -10.685661
    },
    "orientation" : 42
  }, {
    "shape" : "e49f6fe4-30bc-46d4-8bff-fef7d0e01377",
    "color" : "#FFFFFF",
    "position" : {
      "x" : 33.52051,
      "y" : 10.685661,
      "z" : -6.1995935
    }
  }, {
    "shape" : "ab66a830-12f9-40f3-86c6-cc0a234a47bf",
    "color" : "#FFFFFF",
    "position" : {
      "x" : 22.18034,
      "y" : 35.888542,
      "z" : -58.068882
    },
    "orientation" : 27
  }, {
    "shape" : "ab66a830-12f9-40f3-86c6-cc0a234a47bf",
    "color" : "#FFFFFF",
    "position" : {
      "x" : -54.641834,
      "y" : 41.433628,
