{
  "polygons" : "true",
  "field" : "golden",
  "symmetry" : "icosahedral",
  "orientations" : [ [ 1.0, 0.0, 0.0, 0.0, 0.0, 1.0, 0.0, 0.0, 0.0, 0.0, 1.0, 0.0, 0.0, 0.0, 0.0, 1.0 ], [ 0.0, 0.0, 1.0, 0.0, 1.0, 0.0, 0.0, 0.0, 0.0, 1.0, 0.0, 0.0, 0.0, 0.0, 0.0, 1.0 ], [ 0.0, 1.0, 0.0, 0.0, 0.0, 0.0, 1.0, 0.0, 1.0, 0.0, 0.0, 0.0, 0.0, 0.0, 0.0, 1.0 ], [ 0.809017, 0.309017, 0.5, 0.0, 0.309017, 0.5, -0.809017, 0.0, -0.5, 0.809017, 0.309017, 0.0, 0.0, 0.0, 0.0, 1.0 ], [ -0.5, 0.809017, 0.309017, 0.0, 0.809017, 0.309017, 0.5, 0.0, 0.309017, 0.5, -0.809017, 0.0, 0.0, 0.0, 0.0, 1.0 ], [ 0.309017, 0.5, -0.809017, 0.0, -0.5, 0.809017, 0.309017, 0.0, 0.809017, 0.309017, 0.5, 0.0, 0.0, 0.0, 0.0, 1.0 ], [ 0.5, 0.809017, 0.309017, 0.0, 0.809017, -0.309017, -0.5, 0.0, -0.309017, 0.5, -0.809017, 0.0, 0.0, 0.0, 0.0, 1.0 ], [ -0.309017, 0.5, -0.809017, 0.0, 0.5, 0.809017, 0.309017, 0.0, 0.809017, -0.309017, -0.5, 0.0, 0.0, 0.0, 0.0, 1.0 ], [ 0.809017, -0.309017, -0.5, 0.0, -0.309017, 0.5, -0.809017, 0.0, 0.5, 0.809017, 0.309017, 0.0, 0.0, 0.0, 0.0, 1.0 ], [ 0.5, 0.809017, -0.309017, 0.0, 0.809017, -0.309017, 0.5, 0.0, 0.309017, -0.5, -0.809017, 0.0, 0.0, 0.0, 0.0, 1.0 ], [ 0.309017, -0.5, -0.809017, 0.0, 0.5, 0.809017, -0.309017, 0.0, 0.809017, -0.309017, 0.5, 0.0, 0.0, 0.0, 0.0, 1.0 ], [ 0.809017, -0.309017, 0.5, 0.0, 0.309017, -0.5, -0.809017, 0.0, 0.5, 0.809017, -0.309017, 0.0, 0.0, 0.0, 0.0, 1.0 ], [ 0.809017, 0.309017, -0.5, 0.0, 0.309017, 0.5, 0.809017, 0.0, 0.5, -0.809017, 0.309017, 0.0, 0.0, 0.0, 0.0, 1.0 ], [ 0.5, -0.809017, 0.309017, 0.0, 0.809017, 0.309017, -0.5, 0.0, 0.309017, 0.5, 0.809017, 0.0, 0.0, 0.0, 0.0, 1.0 ], [ 0.309017, 0.5, 0.809017, 0.0, 0.5, -0.809017, 0.309017, 0.0, 0.809017, 0.309017, -0.5, 0.0, 0.0, 0.0, 0.0, 1.0 ], [ 1.0, 0.0, 0.0, 0.0, 0.0, -1.0, 0.0, 0.0, 0.0, 0.0, -1.0, 0.0, 0.0, 0.0, 0.0, 1.0 ], [ 0.0, 0.0, 1.0, 0.0, -1.0, 0.0, 0.0, 0.0, 0.0, -1.0, 0.0, 0.0, 0.0, 0.0, 0.0, 1.0 ], [ 0.0, 1.0, 0.0, 0.0, 0.0, 0.0, -1.0, 0.0, -1.0, 0.0, 0.0, 0.0, 0.0, 0.0, 0.0, 1.0 ], [ 0.809017, 0.309017, 0.5, 0.0, -0.309017, -0.5, 0.809017, 0.0, 0.5, -0.809017, -0.309017, 0.0, 0.0, 0.0, 0.0, 1.0 ], [ -0.5, 0.809017, 0.309017, 0.0, -0.809017, -0.309017, -0.5, 0.0, -0.309017, -0.5, 0.809017, 0.0, 0.0, 0.0, 0.0, 1.0 ], [ 0.309017, 0.5, -0.809017, 0.0, 0.5, -0.809017, -0.309017, 0.0, -0.809017, -0.309017, -0.5, 0.0, 0.0, 0.0, 0.0, 1.0 ], [ 0.5, 0.809017, 0.309017, 0.0, -0.809017, 0.309017, 0.5, 0.0, 0.309017, -0.5, 0.809017, 0.0, 0.0, 0.0, 0.0, 1.0 ], [ -0.309017, 0.5, -0.809017, 0.0, -0.5, -0.809017, -0.309017, 0.0, -0.809017, 0.309017, 0.5, 0.0, 0.0, 0.0, 0.0, 1.0 ], [ 0.809017, -0.309017, -0.5, 0.0, 0.309017, -0.5, 0.809017, 0.0, -0.5, -0.809017, -0.309017, 0.0, 0.0, 0.0, 0.0, 1.0 ], [ 0.5, 0.809017, -0.309017, 0.0, -0.809017, 0.309017, -0.5, 0.0, -0.309017, 0.5, 0.809017, 0.0, 0.0, 0.0, 0.0, 1.0 ], [ 0.309017, -0.5, -0.809017, 0.0, -0.5, -0.809017, 0.309017, 0.0, -0.809017, 0.309017, -0.5, 0.0, 0.0, 0.0, 0.0, 1.0 ], [ 0.809017, -0.309017, 0.5, 0.0, -0.309017, 0.5, 0.809017, 0.0, -0.5, -0.809017, 0.309017, 0.0, 0.0, 0.0, 0.0, 1.0 ], [ 0.809017, 0.309017, -0.5, 0.0, -0.309017, -0.5, -0.809017, 0.0, -0.5, 0.809017, -0.309017, 0.0, 0.0, 0.0, 0.0, 1.0 ], [ 0.5, -0.809017, 0.309017, 0.0, -0.809017, -0.309017, 0.5, 0.0, -0.309017, -0.5, -0.809017, 0.0, 0.0, 0.0, 0.0, 1.0 ], [ 0.309017, 0.5, 0.809017, 0.0, -0.5, 0.809017, -0.309017, 0.0, -0.809017, -0.309017, 0.5, 0.0, 0.0, 0.0, 0.0, 1.0 ], [ -1.0, 0.0, 0.0, 0.0, 0.0, -1.0, 0.0, 0.0, 0.0, 0.0, 1.0, 0.0, 0.0, 0.0, 0.0, 1.0 ], [ 0.0, 0.0, -1.0, 0.0, -1.0, 0.0, 0.0, 0.0, 0.0, 1.0, 0.0, 0.0, 0.0, 0.0, 0.0, 1.0 ], [ 0.0, -1.0, 0.0, 0.0, 0.0, 0.0, -1.0, 0.0, 1.0, 0.0, 0.0, 0.0, 0.0, 0.0, 0.0, 1.0 ], [ -0.809017, -0.309017, -0.5, 0.0, -0.309017, -0.5, 0.809017, 0.0, -0.5, 0.809017, 0.309017, 0.0, 0.0, 0.0, 0.0, 1.0 ], [ 0.5, -0.809017, -0.309017, 0.0, -0.809017, -0.309017, -0.5, 0.0, 0.309017, 0.5, -0.809017, 0.0, 0.0, 0.0, 0.0, 1.0 ], [ -0.309017, -0.5, 0.809017, 0.0, 0.5, -0.809017, -0.309017, 0.0, 0.809017, 0.309017, 0.5, 0.0, 0.0, 0.0, 0.0, 1.0 ], [ -0.5, -0.809017, -0.309017, 0.0, -0.809017, 0.309017, 0.5, 0.0, -0.309017, 0.5, -0.809017, 0.0, 0.0, 0.0, 0.0, 1.0 ], [ 0.309017, -0.5, 0.809017, 0.0, -0.5, -0.809017, -0.309017, 0.0, 0.809017, -0.309017, -0.5, 0.0, 0.0, 0.0, 0.0, 1.0 ], [ -0.809017, 0.309017, 0.5, 0.0, 0.309017, -0.5, 0.809017, 0.0, 0.5, 0.809017, 0.309017, 0.0, 0.0, 0.0, 0.0, 1.0 ], [ -0.5, -0.809017, 0.309017, 0.0, -0.809017, 0.309017, -0.5, 0.0, 0.309017, -0.5, -0.809017, 0.0, 0.0, 0.0, 0.0, 1.0 ], [ -0.309017, 0.5, 0.809017, 0.0, -0.5, -0.809017, 0.309017, 0.0, 0.809017, -0.309017, 0.5, 0.0, 0.0, 0.0, 0.0, 1.0 ], [ -0.809017, 0.309017, -0.5, 0.0, -0.309017, 0.5, 0.809017, 0.0, 0.5, 0.809017, -0.309017, 0.0, 0.0, 0.0, 0.0, 1.0 ], [ -0.809017, -0.309017, 0.5, 0.0, -0.309017, -0.5, -0.809017, 0.0, 0.5, -0.809017, 0.309017, 0.0, 0.0, 0.0, 0.0, 1.0 ], [ -0.5, 0.809017, -0.309017, 0.0, -0.809017, -0.309017, 0.5, 0.0, 0.309017, 0.5, 0.809017, 0.0, 0.0, 0.0, 0.0, 1.0 ], [ -0.309017, -0.5, -0.809017, 0.0, -0.5, 0.809017, -0.309017, 0.0, 0.809017, 0.309017, -0.5, 0.0, 0.0, 0.0, 0.0, 1.0 ], [ -1.0, 0.0, 0.0, 0.0, 0.0, 1.0, 0.0, 0.0, 0.0, 0.0, -1.0, 0.0, 0.0, 0.0, 0.0, 1.0 ], [ 0.0, 0.0, -1.0, 0.0, 1.0, 0.0, 0.0, 0.0, 0.0, -1.0, 0.0, 0.0, 0.0, 0.0, 0.0, 1.0 ], [ 0.0, -1.0, 0.0, 0.0, 0.0, 0.0, 1.0, 0.0, -1.0, 0.0, 0.0, 0.0, 0.0, 0.0, 0.0, 1.0 ], [ -0.809017, -0.309017, -0.5, 0.0, 0.309017, 0.5, -0.809017, 0.0, 0.5, -0.809017, -0.309017, 0.0, 0.0, 0.0, 0.0, 1.0 ], [ 0.5, -0.809017, -0.309017, 0.0, 0.809017, 0.309017, 0.5, 0.0, -0.309017, -0.5, 0.809017, 0.0, 0.0, 0.0, 0.0, 1.0 ], [ -0.309017, -0.5, 0.809017, 0.0, -0.5, 0.809017, 0.309017, 0.0, -0.809017, -0.309017, -0.5, 0.0, 0.0, 0.0, 0.0, 1.0 ], [ -0.5, -0.809017, -0.309017, 0.0, 0.809017, -0.309017, -0.5, 0.0, 0.309017, -0.5, 0.809017, 0.0, 0.0, 0.0, 0.0, 1.0 ], [ 0.309017, -0.5, 0.809017, 0.0, 0.5, 0.809017, 0.309017, 0.0, -0.809017, 0.309017, 0.5, 0.0, 0.0, 0.0, 0.0, 1.0 ], [ -0.809017, 0.309017, 0.5, 0.0, -0.309017, 0.5, -0.809017, 0.0, -0.5, -0.809017, -0.309017, 0.0, 0.0, 0.0, 0.0, 1.0 ], [ -0.5, -0.809017, 0.309017, 0.0, 0.809017, -0.309017, 0.5, 0.0, -0.309017, 0.5, 0.809017, 0.0, 0.0, 0.0, 0.0, 1.0 ], [ -0.309017, 0.5, 0.809017, 0.0, 0.5, 0.809017, -0.309017, 0.0, -0.809017, 0.309017, -0.5, 0.0, 0.0, 0.0, 0.0, 1.0 ], [ -0.809017, 0.309017, -0.5, 0.0, 0.309017, -0.5, -0.809017, 0.0, -0.5, -0.809017, 0.309017, 0.0, 0.0, 0.0, 0.0, 1.0 ], [ -0.809017, -0.309017, 0.5, 0.0, 0.309017, 0.5, 0.809017, 0.0, -0.5, 0.809017, -0.309017, 0.0, 0.0, 0.0, 0.0, 1.0 ], [ -0.5, 0.809017, -0.309017, 0.0, 0.809017, 0.309017, -0.5, 0.0, -0.309017, -0.5, -0.809017, 0.0, 0.0, 0.0, 0.0, 1.0 ], [ -0.309017, -0.5, -0.809017, 0.0, 0.5, -0.809017, 0.309017, 0.0, -0.809017, -0.309017, 0.5, 0.0, 0.0, 0.0, 0.0, 1.0 ] ],
  "lights" : {
    "ambientColor" : "#292929",
    "backgroundColor" : "#AFC8DC",
    "directionalLights" : [ {
      "direction" : [ 1.0, -1.0, -1.0 ],
      "color" : "#EBEBE4"
    }, {
      "direction" : [ -1.0, 0.0, 0.0 ],
      "color" : "#E4E4EB"
    }, {
      "direction" : [ 0.0, 0.0, -1.0 ],
      "color" : "#1E1E1E"
    } ]
  },
  "camera" : {
    "perspective" : true,
    "fieldOfView" : 0.44262895,
    "viewDistance" : 158.99606,
    "lookAtPointRV" : {
      "x" : 0.0,
      "y" : 0.0,
      "z" : 0.0,
      "zero" : true
    },
    "lookDirectionRV" : {
      "x" : -0.9402505,
      "y" : -0.21685503,
      "z" : -0.26249006,
      "zero" : false
    },
    "upDirectionRV" : {
      "x" : -0.29209772,
      "y" : 0.9098791,
      "z" : 0.29461476,
      "zero" : false
    },
    "lookAtPoint" : {
      "x" : 0.0,
      "y" : 0.0,
      "z" : 0.0
    },
    "lookDirection" : {
      "x" : -0.9402505,
      "y" : -0.21685503,
      "z" : -0.26249006
    },
    "upDirection" : {
      "x" : -0.29209772,
      "y" : 0.9098791,
      "z" : 0.29461476
    },
    "stereo" : false,
    "nearClipDistance" : 0.39749017,
    "farClipDistance" : 317.9921,
    "width" : 71.54824,
    "position" : {
      "x" : 149.49612,
      "y" : 34.479095,
      "z" : 41.734886
    }
  },
  "embedding" : [ 1.0, 0.0, 0.0, 0.0, 0.0, 1.0, 0.0, 0.0, 0.0, 0.0, 1.0, 0.0, 0.0, 0.0, 0.0, 1.0 ],
  "shapes" : [ {
    "id" : "c7cfb2a7-a32b-4524-954b-5f873a73bc4a",
    "vertices" : [ {
      "x" : 0.0,
      "y" : 0.0,
      "z" : 0.0
    }, {
      "x" : 0.0,
      "y" : 8.472136,
      "z" : 0.0
    }, {
      "x" : 0.0,
      "y" : 8.472136,
      "z" : 8.472136
    }, {
      "x" : 0.0,
      "y" : 0.0,
      "z" : 8.472136
    } ],
    "faces" : [ {
      "vertices" : [ 0, 1, 2, 3 ]
    }, {
      "vertices" : [ 0, 3, 2, 1 ]
    } ]
  }, {
    "id" : "a008bde5-e5c0-4623-a2b3-cb058c29f913",
    "vertices" : [ {
      "x" : 0.0,
      "y" : 0.0,
      "z" : 0.0
    }, {
      "x" : -1.0,
      "y" : 1.618034,
      "z" : 2.618034
    }, {
      "x" : 0.0,
      "y" : 0.0,
      "z" : 3.236068
    } ],
    "faces" : [ {
      "vertices" : [ 0, 1, 2 ]
    }, {
      "vertices" : [ 0, 2, 1 ]
    } ]
  }, {
    "id" : "b1d225d0-d9c3-4ddf-affe-6992036fd8f1",
    "vertices" : [ {
      "x" : 0.0,
      "y" : 0.0,
      "z" : 0.0
    }, {
      "x" : 0.0,
      "y" : 0.0,
      "z" : 8.472136
    }, {
      "x" : 4.236068,
      "y" : -6.854102,
      "z" : 11.09017
    }, {
      "x" : 6.854102,
      "y" : -11.09017,
      "z" : 4.236068
    }, {
      "x" : 4.236068,
      "y" : -6.854102,
      "z" : -2.618034
    } ],
    "faces" : [ {
      "vertices" : [ 0, 1, 2, 3, 4 ]
    }, {
      "vertices" : [ 0, 4, 3, 2, 1 ]
    } ]
  }, {
    "id" : "a34c0725-5ed7-4b26-9b97-4c81ad70a6ef",
    "vertices" : [ {
      "x" : 0.0,
      "y" : 0.0,
      "z" : 0.0
    }, {
      "x" : -1.618034,
      "y" : 2.618034,
      "z" : -1.0
    }, {
      "x" : -1.618034,
      "y" : 2.618034,
      "z" : 1.0
    } ],
    "faces" : [ {
      "vertices" : [ 0, 1, 2 ]
    }, {
      "vertices" : [ 0, 2, 1 ]
    } ]
  }, {
    "id" : "c8096b76-e907-4926-a03b-4164feb047cc",
    "vertices" : [ {
      "x" : 0.0,
      "y" : 0.0,
      "z" : 0.0
    }, {
      "x" : 1.0,
      "y" : -1.618034,
      "z" : 2.618034
    }, {
      "x" : 1.618034,
      "y" : -2.618034,
      "z" : 1.0
    } ],
    "faces" : [ {
      "vertices" : [ 0, 1, 2 ]
    }, {
      "vertices" : [ 0, 2, 1 ]
    } ]
  }, {
    "id" : "34154548-cf16-46ff-a32f-d2f4598cca12",
    "vertices" : [ {
      "x" : 0.0,
      "y" : 0.0,
      "z" : 0.0
    }, {
      "x" : 0.0,
      "y" : 0.0,
      "z" : -3.236068
    }, {
      "x" : -1.0,
      "y" : 1.618034,
      "z" : -2.618034
    } ],
    "faces" : [ {
      "vertices" : [ 0, 1, 2 ]
    }, {
      "vertices" : [ 0, 2, 1 ]
    } ]
  }, {
    "id" : "5dee8885-434e-411c-a1df-781a58545f6a",
    "vertices" : [ {
      "x" : 0.0,
      "y" : 0.0,
      "z" : 0.0
    }, {
      "x" : 1.618034,
      "y" : -2.618034,
      "z" : -1.0
    }, {
      "x" : 1.0,
      "y" : -1.618034,
      "z" : -2.618034
    } ],
    "faces" : [ {
      "vertices" : [ 0, 1, 2 ]
    }, {
      "vertices" : [ 0, 2, 1 ]
    } ]
  }, {
    "id" : "e3064f64-4031-40b1-b418-72b47445dec0",
    "vertices" : [ {
      "x" : 0.0,
      "y" : 0.0,
      "z" : 0.0
    }, {
      "x" : -0.618034,
      "y" : 1.0,
      "z" : 1.618034
    }, {
      "x" : 0.0,
      "y" : 0.0,
      "z" : 3.236068
    }, {
      "x" : 1.0,
      "y" : -1.618034,
      "z" : 2.618034
    }, {
      "x" : 1.0,
      "y" : -1.618034,
      "z" : 0.618034
    } ],
    "faces" : [ {
      "vertices" : [ 0, 1, 2, 3, 4 ]
    }, {
      "vertices" : [ 0, 4, 3, 2, 1 ]
    } ]
  }, {
    "id" : "b1447b9e-68fe-44d9-af3b-ae3672b7a7b5",
    "vertices" : [ {
      "x" : 0.0,
      "y" : 0.0,
      "z" : 0.0
    }, {
      "x" : 0.0,
      "y" : -8.472136,
      "z" : 0.0
    }, {
      "x" : 0.0,
      "y" : -8.472136,
      "z" : -8.472136
    }, {
      "x" : 0.0,
      "y" : 0.0,
      "z" : -8.472136
    } ],
    "faces" : [ {
      "vertices" : [ 0, 1, 2, 3 ]
    }, {
      "vertices" : [ 0, 3, 2, 1 ]
    } ]
  }, {
    "id" : "8f2c8843-56dd-452b-b660-a7f2262921fa",
    "vertices" : [ {
      "x" : 0.0,
      "y" : 0.0,
      "z" : 0.0
    }, {
      "x" : 1.0,
      "y" : -1.618034,
      "z" : -0.618034
    }, {
      "x" : 1.0,
      "y" : -1.618034,
      "z" : -2.618034
    }, {
      "x" : 0.0,
      "y" : 0.0,
      "z" : -3.236068
    }, {
      "x" : -0.618034,
      "y" : 1.0,
      "z" : -1.618034
    } ],
    "faces" : [ {
      "vertices" : [ 0, 1, 2, 3, 4 ]
    }, {
      "vertices" : [ 0, 4, 3, 2, 1 ]
    } ]
  }, {
    "id" : "01fded13-bd62-421a-a87d-8cea56ec5291",
    "vertices" : [ {
      "x" : 0.0,
      "y" : 0.0,
      "z" : 0.0
    }, {
      "x" : 2.618034,
      "y" : -4.236068,
      "z" : -6.854102
    }, {
      "x" : 0.0,
      "y" : 0.0,
      "z" : -13.708204
    }, {
      "x" : -4.236068,
      "y" : 6.854102,
      "z" : -11.09017
    }, {
      "x" : -4.236068,
      "y" : 6.854102,
      "z" : -2.618034
    } ],
    "faces" : [ {
      "vertices" : [ 0, 1, 2, 3, 4 ]
    }, {
      "vertices" : [ 0, 4, 3, 2, 1 ]
    } ]
  }, {
    "id" : "273fe83a-2c8d-431e-8572-341b44065fb3",
    "vertices" : [ {
      "x" : 0.0,
      "y" : 0.0,
      "z" : 0.0
    }, {
      "x" : -4.236068,
      "y" : 6.854102,
      "z" : 2.618034
    }, {
      "x" : -4.236068,
      "y" : 6.854102,
      "z" : 11.09017
    }, {
      "x" : 0.0,
      "y" : 0.0,
      "z" : 13.708204
    }, {
      "x" : 2.618034,
      "y" : -4.236068,
      "z" : 6.854102
    } ],
    "faces" : [ {
      "vertices" : [ 0, 1, 2, 3, 4 ]
    }, {
      "vertices" : [ 0, 4, 3, 2, 1 ]
    } ]
  }, {
    "id" : "e3758e5b-3831-44df-b88c-41b13eb1c979",
    "vertices" : [ {
      "x" : 0.0,
      "y" : 0.0,
      "z" : 0.0
    }, {
      "x" : -1.0,
      "y" : 1.618034,
      "z" : -0.618034
    }, {
      "x" : -1.618034,
      "y" : 2.618034,
      "z" : 1.0
    }, {
      "x" : -1.0,
      "y" : 1.618034,
      "z" : 2.618034
    }, {
      "x" : 0.0,
      "y" : 0.0,
      "z" : 2.0
    } ],
    "faces" : [ {
      "vertices" : [ 0, 1, 2, 3, 4 ]
    }, {
      "vertices" : [ 0, 4, 3, 2, 1 ]
    } ]
  }, {
    "id" : "4d2bfdd9-54c1-4620-b9db-4c8f0672bbe8",
    "orbit" : "blue",
    "orbitC" : "[[0,0,1],[0,0,1]]",
    "length" : "[1,0,1]",
    "name" : "b1",
    "vertices" : [ {
      "x" : 7.472136,
      "y" : 0.309017,
      "z" : 0.19098301
    }, {
      "x" : 7.472136,
      "y" : 0.309017,
      "z" : -0.19098301
    }, {
      "x" : 1.0,
      "y" : 0.309017,
      "z" : -0.19098301
    }, {
      "x" : 1.0,
      "y" : 0.309017,
      "z" : 0.19098301
    }, {
      "x" : 7.472136,
      "y" : -0.309017,
      "z" : 0.19098301
    }, {
      "x" : 1.0,
      "y" : -0.309017,
      "z" : 0.19098301
    }, {
      "x" : 1.0,
      "y" : -0.309017,
      "z" : -0.19098301
    }, {
      "x" : 7.472136,
      "y" : -0.309017,
      "z" : -0.19098301
    }, {
      "x" : 8.472136,
      "y" : 0.0,
      "z" : 0.0
    } ],
    "faces" : [ {
      "vertices" : [ 1, 7, 6, 2 ]
    }, {
      "vertices" : [ 0, 1, 2, 3 ]
    }, {
      "vertices" : [ 4, 5, 6, 7 ]
    }, {
      "vertices" : [ 0, 3, 5, 4 ]
    } ]
  }, {
    "id" : "1a37fc03-689c-49aa-bcea-d0524db654cb",
    "name" : "ball",
    "vertices" : [ {
      "x" : 0.309017,
      "y" : -0.809017,
      "z" : 0.618034
    }, {
      "x" : 0.809017,
      "y" : -0.618034,
      "z" : 0.309017
    }, {
      "x" : 0.618034,
      "y" : -0.309017,
      "z" : 0.809017
    }, {
      "x" : 1.0,
      "y" : 0.309017,
      "z" : 0.19098301
    }, {
      "x" : 0.809017,
      "y" : 0.618034,
      "z" : 0.309017
    }, {
      "x" : 0.618034,
      "y" : 0.309017,
      "z" : 0.809017
    }, {
      "x" : 0.809017,
      "y" : 0.0,
      "z" : 0.690983
    }, {
      "x" : 0.19098301,
      "y" : -1.0,
      "z" : 0.309017
    }, {
      "x" : -0.19098301,
      "y" : -1.0,
      "z" : 0.309017
    }, {
      "x" : -0.19098301,
      "y" : -1.0,
      "z" : -0.309017
    }, {
      "x" : 0.19098301,
      "y" : -1.0,
      "z" : -0.309017
    }, {
      "x" : 1.0,
      "y" : -0.309017,
      "z" : -0.19098301
    }, {
      "x" : 0.809017,
      "y" : -0.618034,
      "z" : -0.309017
    }, {
      "x" : 0.618034,
      "y" : -0.309017,
      "z" : -0.809017
    }, {
      "x" : 0.809017,
      "y" : 0.0,
      "z" : -0.690983
    }, {
      "x" : 0.0,
      "y" : 0.690983,
      "z" : -0.809017
    }, {
      "x" : 0.309017,
      "y" : 0.809017,
      "z" : -0.618034
    }, {
      "x" : 0.618034,
      "y" : 0.309017,
      "z" : -0.809017
    }, {
      "x" : 0.309017,
      "y" : 0.19098301,
      "z" : -1.0
    }, {
      "x" : 1.0,
      "y" : 0.309017,
      "z" : -0.19098301
    }, {
      "x" : -0.309017,
      "y" : -0.809017,
      "z" : 0.618034
    }, {
      "x" : 0.0,
      "y" : -0.690983,
      "z" : 0.809017
    }, {
      "x" : 0.809017,
      "y" : 0.618034,
      "z" : -0.309017
    }, {
      "x" : 0.690983,
      "y" : 0.809017,
      "z" : 0.0
    }, {
      "x" : -0.690983,
      "y" : 0.809017,
      "z" : 0.0
    }, {
      "x" : -0.809017,
      "y" : 0.618034,
      "z" : 0.309017
    }, {
      "x" : -0.309017,
      "y" : 0.809017,
      "z" : 0.618034
    }, {
      "x" : -0.19098301,
      "y" : 1.0,
      "z" : 0.309017
    }, {
      "x" : 0.309017,
      "y" : -0.19098301,
      "z" : -1.0
    }, {
      "x" : 0.19098301,
      "y" : 1.0,
      "z" : 0.309017
    }, {
      "x" : 0.309017,
      "y" : 0.809017,
      "z" : 0.618034
    }, {
      "x" : -0.809017,
      "y" : -0.618034,
      "z" : 0.309017
    }, {
      "x" : -0.690983,
      "y" : -0.809017,
      "z" : 0.0
    }, {
      "x" : 0.0,
      "y" : 0.690983,
      "z" : 0.809017
    }, {
      "x" : 0.309017,
      "y" : -0.809017,
      "z" : -0.618034
    }, {
      "x" : 0.0,
      "y" : -0.690983,
      "z" : -0.809017
    }, {
      "x" : -1.0,
      "y" : 0.309017,
      "z" : 0.19098301
    }, {
      "x" : -0.809017,
      "y" : 0.0,
      "z" : 0.690983
    }, {
      "x" : -0.618034,
      "y" : 0.309017,
      "z" : 0.809017
    }, {
      "x" : 1.0,
      "y" : -0.309017,
      "z" : 0.19098301
    }, {
      "x" : -0.309017,
      "y" : -0.809017,
      "z" : -0.618034
    }, {
      "x" : -1.0,
      "y" : 0.309017,
      "z" : -0.19098301
    }, {
      "x" : -1.0,
      "y" : -0.309017,
      "z" : -0.19098301
    }, {
      "x" : -1.0,
      "y" : -0.309017,
      "z" : 0.19098301
    }, {
      "x" : 0.19098301,
      "y" : 1.0,
      "z" : -0.309017
    }, {
      "x" : -0.809017,
      "y" : 0.618034,
      "z" : -0.309017
    }, {
      "x" : -0.19098301,
      "y" : 1.0,
      "z" : -0.309017
    }, {
      "x" : -0.309017,
      "y" : 0.809017,
      "z" : -0.618034
    }, {
      "x" : -0.618034,
      "y" : -0.309017,
      "z" : 0.809017
    }, {
      "x" : 0.309017,
      "y" : 0.19098301,
      "z" : 1.0
    }, {
      "x" : -0.309017,
      "y" : 0.19098301,
      "z" : -1.0
    }, {
      "x" : -0.309017,
      "y" : 0.19098301,
      "z" : 1.0
    }, {
      "x" : -0.309017,
      "y" : -0.19098301,
      "z" : 1.0
    }, {
      "x" : 0.309017,
      "y" : -0.19098301,
      "z" : 1.0
    }, {
      "x" : 0.690983,
      "y" : -0.809017,
      "z" : 0.0
    }, {
      "x" : -0.809017,
      "y" : 0.0,
      "z" : -0.690983
    }, {
      "x" : -0.618034,
      "y" : -0.309017,
      "z" : -0.809017
    }, {
      "x" : -0.309017,
      "y" : -0.19098301,
      "z" : -1.0
    }, {
      "x" : -0.618034,
      "y" : 0.309017,
      "z" : -0.809017
    }, {
      "x" : -0.809017,
      "y" : -0.618034,
      "z" : -0.309017
    } ],
    "faces" : [ {
      "vertices" : [ 9, 40, 35, 34, 10 ]
    }, {
      "vertices" : [ 0, 1, 2 ]
    }, {
      "vertices" : [ 33, 51, 49 ]
    }, {
      "vertices" : [ 25, 36, 37, 38 ]
    }, {
      "vertices" : [ 41, 55, 42 ]
    }, {
      "vertices" : [ 9, 32, 59, 40 ]
    }, {
      "vertices" : [ 20, 21, 52, 48 ]
    }, {
      "vertices" : [ 26, 33, 30, 29, 27 ]
    }, {
      "vertices" : [ 3, 4, 5, 6 ]
    }, {
      "vertices" : [ 27, 29, 44, 46 ]
    }, {
      "vertices" : [ 50, 57, 56, 55, 58 ]
    }, {
      "vertices" : [ 26, 38, 51, 33 ]
    }, {
      "vertices" : [ 45, 47, 58 ]
    }, {
      "vertices" : [ 18, 28, 57, 50 ]
    }, {
      "vertices" : [ 40, 59, 56 ]
    }, {
      "vertices" : [ 31, 48, 37, 43 ]
    }, {
      "vertices" : [ 7, 8, 9, 10 ]
    }, {
      "vertices" : [ 36, 41, 42, 43 ]
    }, {
      "vertices" : [ 24, 46, 47, 45 ]
    }, {
      "vertices" : [ 4, 30, 5 ]
    }, {
      "vertices" : [ 15, 47, 46, 44, 16 ]
    }, {
      "vertices" : [ 15, 50, 58, 47 ]
    }, {
      "vertices" : [ 24, 45, 41, 36, 25 ]
    }, {
      "vertices" : [ 11, 14, 19 ]
    }, {
      "vertices" : [ 3, 6, 39 ]
    }, {
      "vertices" : [ 1, 39, 6, 2 ]
    }, {
      "vertices" : [ 8, 32, 9 ]
    }, {
      "vertices" : [ 11, 12, 13, 14 ]
    }, {
      "vertices" : [ 16, 22, 17 ]
    }, {
      "vertices" : [ 0, 21, 20, 8, 7 ]
    }, {
      "vertices" : [ 12, 34, 13 ]
    }, {
      "vertices" : [ 35, 40, 56, 57 ]
    }, {
      "vertices" : [ 0, 7, 54, 1 ]
    }, {
      "vertices" : [ 15, 16, 17, 18 ]
    }, {
      "vertices" : [ 3, 19, 22, 23, 4 ]
    }, {
      "vertices" : [ 7, 10, 54 ]
    }, {
      "vertices" : [ 41, 45, 58, 55 ]
    }, {
      "vertices" : [ 3, 39, 11, 19 ]
    }, {
      "vertices" : [ 14, 17, 22, 19 ]
    }, {
      "vertices" : [ 0, 2, 53, 21 ]
    }, {
      "vertices" : [ 49, 51, 52, 53 ]
    }, {
      "vertices" : [ 31, 43, 42, 59, 32 ]
    }, {
      "vertices" : [ 15, 18, 50 ]
    }, {
      "vertices" : [ 42, 55, 56, 59 ]
    }, {
      "vertices" : [ 4, 23, 29, 30 ]
    }, {
      "vertices" : [ 25, 38, 26 ]
    }, {
      "vertices" : [ 13, 28, 18, 17, 14 ]
    }, {
      "vertices" : [ 8, 20, 31, 32 ]
    }, {
      "vertices" : [ 23, 44, 29 ]
    }, {
      "vertices" : [ 24, 27, 46 ]
    }, {
      "vertices" : [ 37, 48, 52, 51, 38 ]
    }, {
      "vertices" : [ 20, 48, 31 ]
    }, {
      "vertices" : [ 24, 25, 26, 27 ]
    }, {
      "vertices" : [ 16, 44, 23, 22 ]
    }, {
      "vertices" : [ 13, 34, 35, 28 ]
    }, {
      "vertices" : [ 10, 34, 12, 54 ]
    }, {
      "vertices" : [ 2, 6, 5, 49, 53 ]
    }, {
      "vertices" : [ 36, 43, 37 ]
    }, {
      "vertices" : [ 5, 30, 33, 49 ]
    }, {
      "vertices" : [ 1, 54, 12, 11, 39 ]
    }, {
      "vertices" : [ 28, 35, 57 ]
    }, {
      "vertices" : [ 21, 53, 52 ]
    } ]
  }, {
    "id" : "0ef38b70-4975-4f3c-816b-5715644e488c",
    "orbit" : "yellow",
    "orbitC" : "[[0,0,1],[2,-1,1]]",
    "length" : "[1,0,1]",
    "name" : "y1",
    "vertices" : [ {
      "x" : 0.809017,
      "y" : 0.0,
      "z" : -0.690983
    }, {
      "x" : 1.0,
      "y" : 0.309017,
      "z" : -0.19098301
    }, {
      "x" : 2.618034,
      "y" : 0.309017,
      "z" : -0.809017
    }, {
      "x" : 2.427051,
      "y" : 0.0,
      "z" : -1.309017
    }, {
      "x" : 5.854102,
      "y" : 0.309017,
      "z" : -2.427051
    }, {
      "x" : 1.0,
      "y" : -0.309017,
      "z" : -0.19098301
    }, {
      "x" : 2.618034,
      "y" : -0.309017,
      "z" : -0.809017
    }, {
      "x" : 4.236068,
      "y" : 0.309017,
      "z" : -1.809017
    }, {
      "x" : 4.427051,
      "y" : 0.0,
      "z" : -1.309017
    }, {
      "x" : 6.854102,
      "y" : 0.0,
      "z" : -2.618034
    }, {
      "x" : 4.236068,
      "y" : -0.309017,
      "z" : -1.809017
    }, {
      "x" : 6.045085,
      "y" : 0.0,
      "z" : -1.927051
    }, {
      "x" : 5.854102,
      "y" : -0.309017,
      "z" : -2.427051
    } ],
    "faces" : [ {
      "vertices" : [ 2, 6, 8 ]
    }, {
      "vertices" : [ 4, 12, 10, 7 ]
    }, {
      "vertices" : [ 2, 8, 7 ]
    }, {
      "vertices" : [ 3, 10, 6 ]
    }, {
      "vertices" : [ 3, 7, 10 ]
    }, {
      "vertices" : [ 0, 1, 2, 3 ]
    }, {
      "vertices" : [ 6, 10, 8 ]
    }, {
      "vertices" : [ 8, 10, 12, 11 ]
    }, {
      "vertices" : [ 2, 7, 3 ]
    }, {
      "vertices" : [ 0, 3, 6, 5 ]
    }, {
      "vertices" : [ 1, 5, 6, 2 ]
    }, {
      "vertices" : [ 4, 7, 8, 11 ]
    } ]
  }, {
    "id" : "c154602f-f96c-4571-b7c0-3f3ce32e59d6",
    "orbit" : "red",
    "orbitC" : "[[-1,1,1],[0,0,1]]",
    "length" : "[1,0,1]",
    "name" : "r1",
    "vertices" : [ {
      "x" : 2.618034,
      "y" : 1.736068,
      "z" : 0.309017
    }, {
      "x" : 4.236068,
      "y" : 2.5,
      "z" : 0.309017
    }, {
      "x" : 4.045085,
      "y" : 2.809017,
      "z" : 0.19098301
    }, {
      "x" : 0.809017,
      "y" : 0.618034,
      "z" : -0.309017
    }, {
      "x" : 0.690983,
      "y" : 0.809017,
      "z" : 0.0
    }, {
      "x" : 2.5,
      "y" : 1.927051,
      "z" : 0.0
    }, {
      "x" : 2.618034,
      "y" : 1.736068,
      "z" : -0.309017
    }, {
      "x" : 6.045085,
      "y" : 3.618034,
      "z" : 0.309017
    }, {
      "x" : 2.809017,
      "y" : 1.427051,
      "z" : 0.19098301
    }, {
      "x" : 2.809017,
      "y" : 1.427051,
      "z" : -0.19098301
    }, {
      "x" : 4.354102,
      "y" : 2.309017,
      "z" : 0.0
    }, {
      "x" : 4.236068,
      "y" : 2.5,
      "z" : -0.309017
    }, {
      "x" : 6.163119,
      "y" : 3.427051,
      "z" : 0.0
    }, {
      "x" : 1.0,
      "y" : 0.309017,
      "z" : 0.19098301
    }, {
      "x" : 1.0,
      "y" : 0.309017,
      "z" : -0.19098301
    }, {
      "x" : 0.809017,
      "y" : 0.618034,
      "z" : 0.309017
    }, {
      "x" : 5.854102,
      "y" : 3.927051,
      "z" : 0.19098301
    }, {
      "x" : 6.045085,
      "y" : 3.618034,
      "z" : -0.309017
    }, {
      "x" : 5.854102,
      "y" : 3.927051,
      "z" : -0.19098301
    }, {
      "x" : 6.854102,
      "y" : 4.236068,
      "z" : 0.0
    }, {
      "x" : 4.045085,
      "y" : 2.809017,
      "z" : -0.19098301
    } ],
    "faces" : [ {
      "vertices" : [ 3, 6, 9, 14 ]
    }, {
      "vertices" : [ 11, 20, 18, 17 ]
    }, {
      "vertices" : [ 0, 1, 2 ]
    }, {
      "vertices" : [ 0, 15, 13, 8 ]
    }, {
      "vertices" : [ 6, 20, 11 ]
    }, {
      "vertices" : [ 0, 2, 5 ]
    }, {
      "vertices" : [ 0, 8, 1 ]
    }, {
      "vertices" : [ 8, 13, 14, 9 ]
    }, {
      "vertices" : [ 3, 4, 5, 6 ]
    }, {
      "vertices" : [ 10, 11, 17, 12 ]
    }, {
      "vertices" : [ 1, 8, 10 ]
    }, {
      "vertices" : [ 0, 5, 4, 15 ]
    }, {
      "vertices" : [ 2, 16, 18, 20 ]
    }, {
      "vertices" : [ 1, 7, 16, 2 ]
    }, {
      "vertices" : [ 6, 11, 9 ]
    }, {
      "vertices" : [ 8, 9, 10 ]
    }, {
      "vertices" : [ 2, 20, 5 ]
    }, {
      "vertices" : [ 9, 11, 10 ]
    }, {
      "vertices" : [ 1, 10, 12, 7 ]
    }, {
      "vertices" : [ 5, 20, 6 ]
    } ]
  } ],
  "instances" : [ {
    "shape" : "c7cfb2a7-a32b-4524-954b-5f873a73bc4a",
    "color" : "#FFE400",
    "position" : {
      "x" : 2.618034,
      "y" : -4.236068,
      "z" : 10.09017
    },
    "orientation" : 9
  }, {
    "shape" : "a008bde5-e5c0-4623-a2b3-cb058c29f913",
    "color" : "#FF0000",
    "position" : {
      "x" : 9.472136,
      "y" : -6.854102,
      "z" : -2.618034
    },
    "orientation" : 0
  }, {
    "shape" : "b1d225d0-d9c3-4ddf-affe-6992036fd8f1",
    "color" : "#0047FF",
    "position" : {
      "x" : 9.472136,
      "y" : -6.854102,
      "z" : -2.618034
    },
    "orientation" : 17
  }, {
    "shape" : "a34c0725-5ed7-4b26-9b97-4c81ad70a6ef",
    "color" : "#FF0000",
    "position" : {
      "x" : -1.618034,
      "y" : -11.09017,
      "z" : 12.708204
    },
    "orientation" : 32
  }, {
    "shape" : "c8096b76-e907-4926-a03b-4164feb047cc",
    "color" : "#FF0000",
    "position" : {
      "x" : 6.854102,
      "y" : -2.618034,
      "z" : -1.0
    },
    "orientation" : 0
  }, {
    "shape" : "c7cfb2a7-a32b-4524-954b-5f873a73bc4a",
    "color" : "#FFE400",
    "position" : {
      "x" : -4.236068,
      "y" : -15.326238,
      "z" : 11.09017
    },
    "orientation" : 2
  }, {
    "shape" : "34154548-cf16-46ff-a32f-d2f4598cca12",
    "color" : "#FF0000",
    "position" : {
      "x" : 9.472136,
      "y" : -6.854102,
      "z" : 5.854102
    },
    "orientation" : 0
  }, {
    "shape" : "b1d225d0-d9c3-4ddf-affe-6992036fd8f1",
    "color" : "#0047FF",
    "position" : {
      "x" : 9.472136,
      "y" : -15.326238,
      "z" : 5.854102
    },
    "orientation" : 2
  }, {
    "shape" : "a34c0725-5ed7-4b26-9b97-4c81ad70a6ef",
    "color" : "#FF0000",
    "position" : {
      "x" : 0.0,
      "y" : 0.0,
      "z" : 0.0
    },
    "orientation" : 46
  }, {
    "shape" : "34154548-cf16-46ff-a32f-d2f4598cca12",
    "color" : "#FF0000",
    "position" : {
      "x" : -4.236068,
      "y" : -15.326238,
      "z" : 11.09017
    },
    "orientation" : 32
  }, {
    "shape" : "c7cfb2a7-a32b-4524-954b-5f873a73bc4a",
    "color" : "#FFE400",
    "position" : {
      "x" : 11.09017,
      "y" : -9.472136,
      "z" : 1.618034
    },
    "orientation" : 23
  }, {
    "shape" : "5dee8885-434e-411c-a1df-781a58545f6a",
    "color" : "#FF0000",
    "position" : {
      "x" : 8.472136,
      "y" : -8.472136,
      "z" : 8.472136
    },
    "orientation" : 2
  }, {
    "shape" : "34154548-cf16-46ff-a32f-d2f4598cca12",
    "color" : "#FF0000",
    "position" : {
      "x" : -4.236068,
      "y" : -6.854102,
      "z" : -7.854102
    },
    "orientation" : 47
  }, {
    "shape" : "e3064f64-4031-40b1-b418-72b47445dec0",
    "color" : "#FF0000",
    "position" : {
      "x" : 5.854102,
      "y" : -12.708204,
      "z" : 10.09017
    },
    "orientation" : 2
  }, {
    "shape" : "c8096b76-e907-4926-a03b-4164feb047cc",
    "color" : "#FF0000",
    "position" : {
      "x" : -6.854102,
      "y" : -19.562305,
      "z" : -1.0
    },
    "orientation" : 30
  }, {
    "shape" : "34154548-cf16-46ff-a32f-d2f4598cca12",
    "color" : "#FF0000",
    "position" : {
      "x" : -9.472136,
      "y" : -6.854102,
      "z" : -2.618034
    },
    "orientation" : 45
  }, {
    "shape" : "b1447b9e-68fe-44d9-af3b-ae3672b7a7b5",
    "color" : "#FFE400",
    "position" : {
      "x" : 8.472136,
      "y" : -8.472136,
      "z" : -5.236068
    },
    "orientation" : 26
  }, {
    "shape" : "5dee8885-434e-411c-a1df-781a58545f6a",
    "color" : "#FF0000",
    "position" : {
      "x" : -6.854102,
      "y" : -2.618034,
      "z" : -1.0
    },
    "orientation" : 45
  }, {
    "shape" : "8f2c8843-56dd-452b-b660-a7f2262921fa",
    "color" : "#FF0000",
    "position" : {
      "x" : 1.618034,
      "y" : -2.618034,
      "z" : 7.472136
    },
    "orientation" : 1
  }, {
    "shape" : "c8096b76-e907-4926-a03b-4164feb047cc",
    "color" : "#FF0000",
    "position" : {
      "x" : 6.854102,
      "y" : -19.562305,
      "z" : 4.236068
    },
    "orientation" : 15
  }, {
    "shape" : "34154548-cf16-46ff-a32f-d2f4598cca12",
    "color" : "#FF0000",
    "position" : {
      "x" : -4.236068,
      "y" : -1.618034,
      "z" : -2.618034
    },
    "orientation" : 46
  }, {
    "shape" : "b1447b9e-68fe-44d9-af3b-ae3672b7a7b5",
    "color" : "#FFE400",
    "position" : {
      "x" : -4.236068,
      "y" : -6.854102,
      "z" : 11.09017
    },
    "orientation" : 38
  }, {
    "shape" : "b1447b9e-68fe-44d9-af3b-ae3672b7a7b5",
    "color" : "#FFE400",
    "position" : {
      "x" : 9.472136,
      "y" : -6.854102,
      "z" : -2.618034
    },
    "orientation" : 6
  }, {
    "shape" : "5dee8885-434e-411c-a1df-781a58545f6a",
    "color" : "#FF0000",
    "position" : {
      "x" : 6.854102,
      "y" : -19.562305,
      "z" : -1.0
    },
    "orientation" : 15
  }, {
    "shape" : "a008bde5-e5c0-4623-a2b3-cb058c29f913",
    "color" : "#FF0000",
    "position" : {
      "x" : 4.236068,
      "y" : -20.562305,
      "z" : 5.854102
    },
    "orientation" : 31
  }, {
    "shape" : "c7cfb2a7-a32b-4524-954b-5f873a73bc4a",
    "color" : "#FFE400",
    "position" : {
      "x" : -1.618034,
      "y" : -11.09017,
      "z" : -9.472136
    },
    "orientation" : 22
  }, {
    "shape" : "b1d225d0-d9c3-4ddf-affe-6992036fd8f1",
    "color" : "#0047FF",
    "position" : {
      "x" : 4.236068,
      "y" : -15.326238,
      "z" : 11.09017
    },
    "orientation" : 31
  }, {
    "shape" : "01fded13-bd62-421a-a87d-8cea56ec5291",
    "color" : "#0047FF",
    "position" : {
      "x" : 6.854102,
      "y" : -2.618034,
      "z" : 4.236068
    },
    "orientation" : 1
  }, {
    "shape" : "b1447b9e-68fe-44d9-af3b-ae3672b7a7b5",
    "color" : "#FFE400",
    "position" : {
      "x" : -6.854102,
      "y" : -2.618034,
      "z" : 4.236068
    },
    "orientation" : 54
  }, {
    "shape" : "c7cfb2a7-a32b-4524-954b-5f873a73bc4a",
    "color" : "#FFE400",
    "position" : {
      "x" : -2.618034,
      "y" : -17.944271,
      "z" : 10.09017
    },
    "orientation" : 39
  }, {
    "shape" : "e3064f64-4031-40b1-b418-72b47445dec0",
    "color" : "#FF0000",
    "position" : {
      "x" : 5.854102,
      "y" : -9.472136,
      "z" : -6.854102
    },
    "orientation" : 17
  }, {
    "shape" : "273fe83a-2c8d-431e-8572-341b44065fb3",
    "color" : "#0047FF",
    "position" : {
      "x" : 8.472136,
      "y" : -13.708204,
      "z" : 8.472136
    },
    "orientation" : 15
  }, {
    "shape" : "e3064f64-4031-40b1-b418-72b47445dec0",
    "color" : "#FF0000",
    "position" : {
      "x" : 1.618034,
      "y" : -19.562305,
      "z" : 7.472136
    },
    "orientation" : 31
  }, {
    "shape" : "b1447b9e-68fe-44d9-af3b-ae3672b7a7b5",
    "color" : "#FFE400",
    "position" : {
      "x" : 4.236068,
      "y" : -20.562305,
      "z" : -2.618034
    },
    "orientation" : 16
  }, {
    "shape" : "a008bde5-e5c0-4623-a2b3-cb058c29f913",
    "color" : "#FF0000",
    "position" : {
      "x" : -4.236068,
      "y" : -6.854102,
      "z" : 11.09017
    },
    "orientation" : 32
  }, {
    "shape" : "a008bde5-e5c0-4623-a2b3-cb058c29f913",
    "color" : "#FF0000",
    "position" : {
      "x" : -4.236068,
      "y" : -15.326238,
      "z" : -7.854102
    },
    "orientation" : 47
  }, {
    "shape" : "34154548-cf16-46ff-a32f-d2f4598cca12",
    "color" : "#FF0000",
    "position" : {
      "x" : 4.236068,
      "y" : -6.854102,
      "z" : 11.09017
    },
    "orientation" : 2
  }, {
    "shape" : "e3758e5b-3831-44df-b88c-41b13eb1c979",
    "color" : "#FF0000",
    "position" : {
      "x" : 9.472136,
      "y" : -6.854102,
      "z" : 0.618034
    },
    "orientation" : 0
  }, {
    "shape" : "b1447b9e-68fe-44d9-af3b-ae3672b7a7b5",
    "color" : "#FFE400",
    "position" : {
      "x" : 4.236068,
      "y" : -15.326238,
      "z" : 11.09017
    },
    "orientation" : 8
  }, {
    "shape" : "a34c0725-5ed7-4b26-9b97-4c81ad70a6ef",
    "color" : "#FF0000",
    "position" : {
      "x" : 11.09017,
      "y" : -9.472136,
      "z" : 1.618034
    },
    "orientation" : 0
  }, {
    "shape" : "a008bde5-e5c0-4623-a2b3-cb058c29f913",
    "color" : "#FF0000",
    "position" : {
      "x" : 4.236068,
      "y" : -15.326238,
      "z" : 11.09017
    },
    "orientation" : 2
  }, {
    "shape" : "c8096b76-e907-4926-a03b-4164feb047cc",
    "color" : "#FF0000",
    "position" : {
      "x" : -8.472136,
      "y" : -13.708204,
      "z" : -5.236068
    },
    "orientation" : 47
  }, {
    "shape" : "b1447b9e-68fe-44d9-af3b-ae3672b7a7b5",
    "color" : "#FFE400",
    "position" : {
      "x" : 2.618034,
      "y" : -4.236068,
      "z" : -6.854102
    },
    "orientation" : 55
  }, {
    "shape" : "5dee8885-434e-411c-a1df-781a58545f6a",
    "color" : "#FF0000",
    "position" : {
      "x" : 2.618034,
      "y" : -17.944271,
      "z" : -6.854102
    },
    "orientation" : 16
  }, {
    "shape" : "01fded13-bd62-421a-a87d-8cea56ec5291",
    "color" : "#0047FF",
    "position" : {
      "x" : 6.854102,
      "y" : -19.562305,
      "z" : -1.0
    },
    "orientation" : 16
  }, {
    "shape" : "c8096b76-e907-4926-a03b-4164feb047cc",
    "color" : "#FF0000",
    "position" : {
      "x" : 8.472136,
      "y" : -13.708204,
      "z" : 8.472136
    },
    "orientation" : 2
  }, {
    "shape" : "273fe83a-2c8d-431e-8572-341b44065fb3",
    "color" : "#0047FF",
    "position" : {
      "x" : 6.854102,
      "y" : -2.618034,
      "z" : -1.0
    },
    "orientation" : 46
  }, {
    "shape" : "34154548-cf16-46ff-a32f-d2f4598cca12",
    "color" : "#FF0000",
    "position" : {
      "x" : 4.236068,
      "y" : -1.618034,
      "z" : 5.854102
    },
    "orientation" : 1
  }, {
    "shape" : "c7cfb2a7-a32b-4524-954b-5f873a73bc4a",
    "color" : "#FFE400",
    "position" : {
      "x" : 0.0,
      "y" : -22.18034,
      "z" : 0.0
    },
    "orientation" : 36
  }, {
    "shape" : "c7cfb2a7-a32b-4524-954b-5f873a73bc4a",
    "color" : "#FFE400",
    "position" : {
      "x" : -6.854102,
      "y" : -2.618034,
      "z" : -1.0
    },
    "orientation" : 56
  }, {
    "shape" : "a008bde5-e5c0-4623-a2b3-cb058c29f913",
    "color" : "#FF0000",
    "position" : {
      "x" : 4.236068,
      "y" : -1.618034,
      "z" : -2.618034
    },
    "orientation" : 46
  }, {
    "shape" : "8f2c8843-56dd-452b-b660-a7f2262921fa",
    "color" : "#FF0000",
    "position" : {
      "x" : -8.472136,
      "y" : -16.944271,
      "z" : 3.236068
    },
    "orientation" : 30
  }, {
    "shape" : "01fded13-bd62-421a-a87d-8cea56ec5291",
    "color" : "#0047FF",
    "position" : {
      "x" : -8.472136,
      "y" : -13.708204,
      "z" : 8.472136
    },
    "orientation" : 30
  }, {
    "shape" : "e3758e5b-3831-44df-b88c-41b13eb1c979",
    "color" : "#FF0000",
    "position" : {
      "x" : -4.236068,
      "y" : -10.09017,
      "z" : 11.09017
    },
    "orientation" : 32
  }, {
    "shape" : "a008bde5-e5c0-4623-a2b3-cb058c29f913",
    "color" : "#FF0000",
    "position" : {
      "x" : -4.236068,
      "y" : -20.562305,
      "z" : -2.618034
    },
    "orientation" : 16
  }, {
    "shape" : "b1447b9e-68fe-44d9-af3b-ae3672b7a7b5",
    "color" : "#FFE400",
    "position" : {
      "x" : 9.472136,
      "y" : -15.326238,
      "z" : 5.854102
    },
    "orientation" : 21
  }, {
    "shape" : "b1447b9e-68fe-44d9-af3b-ae3672b7a7b5",
    "color" : "#FFE400",
    "position" : {
      "x" : 9.472136,
      "y" : -6.854102,
      "z" : 5.854102
    },
    "orientation" : 0
  }, {
    "shape" : "a008bde5-e5c0-4623-a2b3-cb058c29f913",
    "color" : "#FF0000",
    "position" : {
      "x" : -9.472136,
      "y" : -15.326238,
      "z" : -2.618034
    },
    "orientation" : 30
  }, {
    "shape" : "b1447b9e-68fe-44d9-af3b-ae3672b7a7b5",
    "color" : "#FFE400",
    "position" : {
      "x" : 4.236068,
      "y" : -1.618034,
      "z" : -2.618034
    },
    "orientation" : 52
  }, {
    "shape" : "c8096b76-e907-4926-a03b-4164feb047cc",
    "color" : "#FF0000",
    "position" : {
      "x" : 2.618034,
      "y" : -4.236068,
      "z" : -6.854102
    },
    "orientation" : 46
  }, {
    "shape" : "273fe83a-2c8d-431e-8572-341b44065fb3",
    "color" : "#0047FF",
    "position" : {
      "x" : 8.472136,
      "y" : -8.472136,
      "z" : -5.236068
    },
    "orientation" : 0
  }, {
    "shape" : "e3758e5b-3831-44df-b88c-41b13eb1c979",
    "color" : "#FF0000",
    "position" : {
      "x" : 9.472136,
      "y" : -15.326238,
      "z" : 2.618034
    },
    "orientation" : 15
  }, {
    "shape" : "a34c0725-5ed7-4b26-9b97-4c81ad70a6ef",
    "color" : "#FF0000",
    "position" : {
      "x" : 0.0,
      "y" : -22.18034,
      "z" : 3.236068
    },
    "orientation" : 31
  }, {
    "shape" : "a008bde5-e5c0-4623-a2b3-cb058c29f913",
    "color" : "#FF0000",
    "position" : {
      "x" : -9.472136,
      "y" : -6.854102,
      "z" : 5.854102
    },
    "orientation" : 45
  }, {
    "shape" : "5dee8885-434e-411c-a1df-781a58545f6a",
    "color" : "#FF0000",
    "position" : {
      "x" : 6.854102,
      "y" : -2.618034,
      "z" : 4.236068
    },
    "orientation" : 0
  }, {
    "shape" : "b1447b9e-68fe-44d9-af3b-ae3672b7a7b5",
    "color" : "#FFE400",
    "position" : {
      "x" : -4.236068,
      "y" : -6.854102,
