{
  "field" : "golden",
  "symmetry" : "icosahedral",
  "orientations" : [ [ 1.0, 0.0, 0.0, 0.0, 0.0, 1.0, 0.0, 0.0, 0.0, 0.0, 1.0, 0.0, 0.0, 0.0, 0.0, 1.0 ], [ 0.0, 0.0, 1.0, 0.0, 1.0, 0.0, 0.0, 0.0, 0.0, 1.0, 0.0, 0.0, 0.0, 0.0, 0.0, 1.0 ], [ 0.0, 1.0, 0.0, 0.0, 0.0, 0.0, 1.0, 0.0, 1.0, 0.0, 0.0, 0.0, 0.0, 0.0, 0.0, 1.0 ], [ 0.809017, 0.309017, 0.5, 0.0, 0.309017, 0.5, -0.809017, 0.0, -0.5, 0.809017, 0.309017, 0.0, 0.0, 0.0, 0.0, 1.0 ], [ -0.5, 0.809017, 0.309017, 0.0, 0.809017, 0.309017, 0.5, 0.0, 0.309017, 0.5, -0.809017, 0.0, 0.0, 0.0, 0.0, 1.0 ], [ 0.309017, 0.5, -0.809017, 0.0, -0.5, 0.809017, 0.309017, 0.0, 0.809017, 0.309017, 0.5, 0.0, 0.0, 0.0, 0.0, 1.0 ], [ 0.5, 0.809017, 0.309017, 0.0, 0.809017, -0.309017, -0.5, 0.0, -0.309017, 0.5, -0.809017, 0.0, 0.0, 0.0, 0.0, 1.0 ], [ -0.309017, 0.5, -0.809017, 0.0, 0.5, 0.809017, 0.309017, 0.0, 0.809017, -0.309017, -0.5, 0.0, 0.0, 0.0, 0.0, 1.0 ], [ 0.809017, -0.309017, -0.5, 0.0, -0.309017, 0.5, -0.809017, 0.0, 0.5, 0.809017, 0.309017, 0.0, 0.0, 0.0, 0.0, 1.0 ], [ 0.5, 0.809017, -0.309017, 0.0, 0.809017, -0.309017, 0.5, 0.0, 0.309017, -0.5, -0.809017, 0.0, 0.0, 0.0, 0.0, 1.0 ], [ 0.309017, -0.5, -0.809017, 0.0, 0.5, 0.809017, -0.309017, 0.0, 0.809017, -0.309017, 0.5, 0.0, 0.0, 0.0, 0.0, 1.0 ], [ 0.809017, -0.309017, 0.5, 0.0, 0.309017, -0.5, -0.809017, 0.0, 0.5, 0.809017, -0.309017, 0.0, 0.0, 0.0, 0.0, 1.0 ], [ 0.809017, 0.309017, -0.5, 0.0, 0.309017, 0.5, 0.809017, 0.0, 0.5, -0.809017, 0.309017, 0.0, 0.0, 0.0, 0.0, 1.0 ], [ 0.5, -0.809017, 0.309017, 0.0, 0.809017, 0.309017, -0.5, 0.0, 0.309017, 0.5, 0.809017, 0.0, 0.0, 0.0, 0.0, 1.0 ], [ 0.309017, 0.5, 0.809017, 0.0, 0.5, -0.809017, 0.309017, 0.0, 0.809017, 0.309017, -0.5, 0.0, 0.0, 0.0, 0.0, 1.0 ], [ 1.0, 0.0, 0.0, 0.0, 0.0, -1.0, 0.0, 0.0, 0.0, 0.0, -1.0, 0.0, 0.0, 0.0, 0.0, 1.0 ], [ 0.0, 0.0, 1.0, 0.0, -1.0, 0.0, 0.0, 0.0, 0.0, -1.0, 0.0, 0.0, 0.0, 0.0, 0.0, 1.0 ], [ 0.0, 1.0, 0.0, 0.0, 0.0, 0.0, -1.0, 0.0, -1.0, 0.0, 0.0, 0.0, 0.0, 0.0, 0.0, 1.0 ], [ 0.809017, 0.309017, 0.5, 0.0, -0.309017, -0.5, 0.809017, 0.0, 0.5, -0.809017, -0.309017, 0.0, 0.0, 0.0, 0.0, 1.0 ], [ -0.5, 0.809017, 0.309017, 0.0, -0.809017, -0.309017, -0.5, 0.0, -0.309017, -0.5, 0.809017, 0.0, 0.0, 0.0, 0.0, 1.0 ], [ 0.309017, 0.5, -0.809017, 0.0, 0.5, -0.809017, -0.309017, 0.0, -0.809017, -0.309017, -0.5, 0.0, 0.0, 0.0, 0.0, 1.0 ], [ 0.5, 0.809017, 0.309017, 0.0, -0.809017, 0.309017, 0.5, 0.0, 0.309017, -0.5, 0.809017, 0.0, 0.0, 0.0, 0.0, 1.0 ], [ -0.309017, 0.5, -0.809017, 0.0, -0.5, -0.809017, -0.309017, 0.0, -0.809017, 0.309017, 0.5, 0.0, 0.0, 0.0, 0.0, 1.0 ], [ 0.809017, -0.309017, -0.5, 0.0, 0.309017, -0.5, 0.809017, 0.0, -0.5, -0.809017, -0.309017, 0.0, 0.0, 0.0, 0.0, 1.0 ], [ 0.5, 0.809017, -0.309017, 0.0, -0.809017, 0.309017, -0.5, 0.0, -0.309017, 0.5, 0.809017, 0.0, 0.0, 0.0, 0.0, 1.0 ], [ 0.309017, -0.5, -0.809017, 0.0, -0.5, -0.809017, 0.309017, 0.0, -0.809017, 0.309017, -0.5, 0.0, 0.0, 0.0, 0.0, 1.0 ], [ 0.809017, -0.309017, 0.5, 0.0, -0.309017, 0.5, 0.809017, 0.0, -0.5, -0.809017, 0.309017, 0.0, 0.0, 0.0, 0.0, 1.0 ], [ 0.809017, 0.309017, -0.5, 0.0, -0.309017, -0.5, -0.809017, 0.0, -0.5, 0.809017, -0.309017, 0.0, 0.0, 0.0, 0.0, 1.0 ], [ 0.5, -0.809017, 0.309017, 0.0, -0.809017, -0.309017, 0.5, 0.0, -0.309017, -0.5, -0.809017, 0.0, 0.0, 0.0, 0.0, 1.0 ], [ 0.309017, 0.5, 0.809017, 0.0, -0.5, 0.809017, -0.309017, 0.0, -0.809017, -0.309017, 0.5, 0.0, 0.0, 0.0, 0.0, 1.0 ], [ -1.0, 0.0, 0.0, 0.0, 0.0, -1.0, 0.0, 0.0, 0.0, 0.0, 1.0, 0.0, 0.0, 0.0, 0.0, 1.0 ], [ 0.0, 0.0, -1.0, 0.0, -1.0, 0.0, 0.0, 0.0, 0.0, 1.0, 0.0, 0.0, 0.0, 0.0, 0.0, 1.0 ], [ 0.0, -1.0, 0.0, 0.0, 0.0, 0.0, -1.0, 0.0, 1.0, 0.0, 0.0, 0.0, 0.0, 0.0, 0.0, 1.0 ], [ -0.809017, -0.309017, -0.5, 0.0, -0.309017, -0.5, 0.809017, 0.0, -0.5, 0.809017, 0.309017, 0.0, 0.0, 0.0, 0.0, 1.0 ], [ 0.5, -0.809017, -0.309017, 0.0, -0.809017, -0.309017, -0.5, 0.0, 0.309017, 0.5, -0.809017, 0.0, 0.0, 0.0, 0.0, 1.0 ], [ -0.309017, -0.5, 0.809017, 0.0, 0.5, -0.809017, -0.309017, 0.0, 0.809017, 0.309017, 0.5, 0.0, 0.0, 0.0, 0.0, 1.0 ], [ -0.5, -0.809017, -0.309017, 0.0, -0.809017, 0.309017, 0.5, 0.0, -0.309017, 0.5, -0.809017, 0.0, 0.0, 0.0, 0.0, 1.0 ], [ 0.309017, -0.5, 0.809017, 0.0, -0.5, -0.809017, -0.309017, 0.0, 0.809017, -0.309017, -0.5, 0.0, 0.0, 0.0, 0.0, 1.0 ], [ -0.809017, 0.309017, 0.5, 0.0, 0.309017, -0.5, 0.809017, 0.0, 0.5, 0.809017, 0.309017, 0.0, 0.0, 0.0, 0.0, 1.0 ], [ -0.5, -0.809017, 0.309017, 0.0, -0.809017, 0.309017, -0.5, 0.0, 0.309017, -0.5, -0.809017, 0.0, 0.0, 0.0, 0.0, 1.0 ], [ -0.309017, 0.5, 0.809017, 0.0, -0.5, -0.809017, 0.309017, 0.0, 0.809017, -0.309017, 0.5, 0.0, 0.0, 0.0, 0.0, 1.0 ], [ -0.809017, 0.309017, -0.5, 0.0, -0.309017, 0.5, 0.809017, 0.0, 0.5, 0.809017, -0.309017, 0.0, 0.0, 0.0, 0.0, 1.0 ], [ -0.809017, -0.309017, 0.5, 0.0, -0.309017, -0.5, -0.809017, 0.0, 0.5, -0.809017, 0.309017, 0.0, 0.0, 0.0, 0.0, 1.0 ], [ -0.5, 0.809017, -0.309017, 0.0, -0.809017, -0.309017, 0.5, 0.0, 0.309017, 0.5, 0.809017, 0.0, 0.0, 0.0, 0.0, 1.0 ], [ -0.309017, -0.5, -0.809017, 0.0, -0.5, 0.809017, -0.309017, 0.0, 0.809017, 0.309017, -0.5, 0.0, 0.0, 0.0, 0.0, 1.0 ], [ -1.0, 0.0, 0.0, 0.0, 0.0, 1.0, 0.0, 0.0, 0.0, 0.0, -1.0, 0.0, 0.0, 0.0, 0.0, 1.0 ], [ 0.0, 0.0, -1.0, 0.0, 1.0, 0.0, 0.0, 0.0, 0.0, -1.0, 0.0, 0.0, 0.0, 0.0, 0.0, 1.0 ], [ 0.0, -1.0, 0.0, 0.0, 0.0, 0.0, 1.0, 0.0, -1.0, 0.0, 0.0, 0.0, 0.0, 0.0, 0.0, 1.0 ], [ -0.809017, -0.309017, -0.5, 0.0, 0.309017, 0.5, -0.809017, 0.0, 0.5, -0.809017, -0.309017, 0.0, 0.0, 0.0, 0.0, 1.0 ], [ 0.5, -0.809017, -0.309017, 0.0, 0.809017, 0.309017, 0.5, 0.0, -0.309017, -0.5, 0.809017, 0.0, 0.0, 0.0, 0.0, 1.0 ], [ -0.309017, -0.5, 0.809017, 0.0, -0.5, 0.809017, 0.309017, 0.0, -0.809017, -0.309017, -0.5, 0.0, 0.0, 0.0, 0.0, 1.0 ], [ -0.5, -0.809017, -0.309017, 0.0, 0.809017, -0.309017, -0.5, 0.0, 0.309017, -0.5, 0.809017, 0.0, 0.0, 0.0, 0.0, 1.0 ], [ 0.309017, -0.5, 0.809017, 0.0, 0.5, 0.809017, 0.309017, 0.0, -0.809017, 0.309017, 0.5, 0.0, 0.0, 0.0, 0.0, 1.0 ], [ -0.809017, 0.309017, 0.5, 0.0, -0.309017, 0.5, -0.809017, 0.0, -0.5, -0.809017, -0.309017, 0.0, 0.0, 0.0, 0.0, 1.0 ], [ -0.5, -0.809017, 0.309017, 0.0, 0.809017, -0.309017, 0.5, 0.0, -0.309017, 0.5, 0.809017, 0.0, 0.0, 0.0, 0.0, 1.0 ], [ -0.309017, 0.5, 0.809017, 0.0, 0.5, 0.809017, -0.309017, 0.0, -0.809017, 0.309017, -0.5, 0.0, 0.0, 0.0, 0.0, 1.0 ], [ -0.809017, 0.309017, -0.5, 0.0, 0.309017, -0.5, -0.809017, 0.0, -0.5, -0.809017, 0.309017, 0.0, 0.0, 0.0, 0.0, 1.0 ], [ -0.809017, -0.309017, 0.5, 0.0, 0.309017, 0.5, 0.809017, 0.0, -0.5, 0.809017, -0.309017, 0.0, 0.0, 0.0, 0.0, 1.0 ], [ -0.5, 0.809017, -0.309017, 0.0, 0.809017, 0.309017, -0.5, 0.0, -0.309017, -0.5, -0.809017, 0.0, 0.0, 0.0, 0.0, 1.0 ], [ -0.309017, -0.5, -0.809017, 0.0, 0.5, -0.809017, 0.309017, 0.0, -0.809017, -0.309017, 0.5, 0.0, 0.0, 0.0, 0.0, 1.0 ] ],
  "lights" : {
    "ambientColor" : "#292929",
    "backgroundColor" : "#AFC8DC",
    "directionalLights" : [ {
      "direction" : {
        "x" : 1.0,
        "y" : -1.0,
        "z" : -1.0
      },
      "color" : "#EBEBE4"
    }, {
      "direction" : {
        "x" : -1.0,
        "y" : 0.0,
        "z" : 0.0
      },
      "color" : "#E4E4EB"
    }, {
      "direction" : {
        "x" : 0.0,
        "y" : 0.0,
        "z" : -1.0
      },
      "color" : "#1E1E1E"
    } ]
  },
  "camera" : {
    "stereo" : false,
    "width" : 83.96262,
    "lookDirection" : {
      "x" : -0.74642503,
      "y" : 0.63693017,
      "z" : -0.19277474
    },
    "upDirection" : {
      "x" : 0.34801197,
      "y" : 0.6205286,
      "z" : 0.7027265
    },
    "lookAtPoint" : {
      "x" : 0.0,
      "y" : 0.0,
      "z" : 0.0
    },
    "viewDistance" : 186.5836,
    "nearClipDistance" : 0.466459,
    "farClipDistance" : 373.16718,
    "fieldOfView" : 0.4426289,
    "perspective" : true,
    "position" : {
      "x" : 139.27068,
      "y" : -118.84073,
      "z" : 35.968605
    }
  },
  "embedding" : [ 1.0, 0.0, 0.0, 0.0, 0.0, 1.0, 0.0, 0.0, 0.0, 0.0, 1.0, 0.0, 0.0, 0.0, 0.0, 1.0 ],
  "shapes" : [ {
    "id" : "0a3cfdb1-0110-4465-ad63-b678be899c74",
    "vertices" : [ {
      "x" : 0.309017,
      "y" : -0.809017,
      "z" : 0.618034
    }, {
      "x" : 0.809017,
      "y" : -0.618034,
      "z" : 0.309017
    }, {
      "x" : 0.618034,
      "y" : -0.309017,
      "z" : 0.809017
    }, {
      "x" : 1.0,
      "y" : 0.309017,
      "z" : 0.19098301
    }, {
      "x" : 0.809017,
      "y" : 0.618034,
      "z" : 0.309017
    }, {
      "x" : 0.618034,
      "y" : 0.309017,
      "z" : 0.809017
    }, {
      "x" : 0.809017,
      "y" : 0.0,
      "z" : 0.690983
    }, {
      "x" : 0.19098301,
      "y" : -1.0,
      "z" : 0.309017
    }, {
      "x" : -0.19098301,
      "y" : -1.0,
      "z" : 0.309017
    }, {
      "x" : -0.19098301,
      "y" : -1.0,
      "z" : -0.309017
    }, {
      "x" : 0.19098301,
      "y" : -1.0,
      "z" : -0.309017
    }, {
      "x" : 1.0,
      "y" : -0.309017,
      "z" : -0.19098301
    }, {
      "x" : 0.809017,
      "y" : -0.618034,
      "z" : -0.309017
    }, {
      "x" : 0.618034,
      "y" : -0.309017,
      "z" : -0.809017
    }, {
      "x" : 0.809017,
      "y" : 0.0,
      "z" : -0.690983
    }, {
      "x" : 0.0,
      "y" : 0.690983,
      "z" : -0.809017
    }, {
      "x" : 0.309017,
      "y" : 0.809017,
      "z" : -0.618034
    }, {
      "x" : 0.618034,
      "y" : 0.309017,
      "z" : -0.809017
    }, {
      "x" : 0.309017,
      "y" : 0.19098301,
      "z" : -1.0
    }, {
      "x" : 1.0,
      "y" : 0.309017,
      "z" : -0.19098301
    }, {
      "x" : -0.309017,
      "y" : -0.809017,
      "z" : 0.618034
    }, {
      "x" : 0.0,
      "y" : -0.690983,
      "z" : 0.809017
    }, {
      "x" : 0.809017,
      "y" : 0.618034,
      "z" : -0.309017
    }, {
      "x" : 0.690983,
      "y" : 0.809017,
      "z" : 0.0
    }, {
      "x" : -0.690983,
      "y" : 0.809017,
      "z" : 0.0
    }, {
      "x" : -0.809017,
      "y" : 0.618034,
      "z" : 0.309017
    }, {
      "x" : -0.309017,
      "y" : 0.809017,
      "z" : 0.618034
    }, {
      "x" : -0.19098301,
      "y" : 1.0,
      "z" : 0.309017
    }, {
      "x" : 0.309017,
      "y" : -0.19098301,
      "z" : -1.0
    }, {
      "x" : 0.19098301,
      "y" : 1.0,
      "z" : 0.309017
    }, {
      "x" : 0.309017,
      "y" : 0.809017,
      "z" : 0.618034
    }, {
      "x" : -0.809017,
      "y" : -0.618034,
      "z" : 0.309017
    }, {
      "x" : -0.690983,
      "y" : -0.809017,
      "z" : 0.0
    }, {
      "x" : 0.0,
      "y" : 0.690983,
      "z" : 0.809017
    }, {
      "x" : 0.309017,
      "y" : -0.809017,
      "z" : -0.618034
    }, {
      "x" : 0.0,
      "y" : -0.690983,
      "z" : -0.809017
    }, {
      "x" : -1.0,
      "y" : 0.309017,
      "z" : 0.19098301
    }, {
      "x" : -0.809017,
      "y" : 0.0,
      "z" : 0.690983
    }, {
      "x" : -0.618034,
      "y" : 0.309017,
      "z" : 0.809017
    }, {
      "x" : 1.0,
      "y" : -0.309017,
      "z" : 0.19098301
    }, {
      "x" : -0.309017,
      "y" : -0.809017,
      "z" : -0.618034
    }, {
      "x" : -1.0,
      "y" : 0.309017,
      "z" : -0.19098301
    }, {
      "x" : -1.0,
      "y" : -0.309017,
      "z" : -0.19098301
    }, {
      "x" : -1.0,
      "y" : -0.309017,
      "z" : 0.19098301
    }, {
      "x" : 0.19098301,
      "y" : 1.0,
      "z" : -0.309017
    }, {
      "x" : -0.809017,
      "y" : 0.618034,
      "z" : -0.309017
    }, {
      "x" : -0.19098301,
      "y" : 1.0,
      "z" : -0.309017
    }, {
      "x" : -0.309017,
      "y" : 0.809017,
      "z" : -0.618034
    }, {
      "x" : -0.618034,
      "y" : -0.309017,
      "z" : 0.809017
    }, {
      "x" : 0.309017,
      "y" : 0.19098301,
      "z" : 1.0
    }, {
      "x" : -0.309017,
      "y" : 0.19098301,
      "z" : -1.0
    }, {
      "x" : -0.309017,
      "y" : 0.19098301,
      "z" : 1.0
    }, {
      "x" : -0.309017,
      "y" : -0.19098301,
      "z" : 1.0
    }, {
      "x" : 0.309017,
      "y" : -0.19098301,
      "z" : 1.0
    }, {
      "x" : 0.690983,
      "y" : -0.809017,
      "z" : 0.0
    }, {
      "x" : -0.809017,
      "y" : 0.0,
      "z" : -0.690983
    }, {
      "x" : -0.618034,
      "y" : -0.309017,
      "z" : -0.809017
    }, {
      "x" : -0.309017,
      "y" : -0.19098301,
      "z" : -1.0
    }, {
      "x" : -0.618034,
      "y" : 0.309017,
      "z" : -0.809017
    }, {
      "x" : -0.809017,
      "y" : -0.618034,
      "z" : -0.309017
    } ],
    "faces" : [ {
      "vertices" : [ 9, 40, 35 ]
    }, {
      "vertices" : [ 9, 35, 34 ]
    }, {
      "vertices" : [ 9, 34, 10 ]
    }, {
      "vertices" : [ 0, 1, 2 ]
    }, {
      "vertices" : [ 33, 51, 49 ]
    }, {
      "vertices" : [ 25, 36, 37 ]
    }, {
      "vertices" : [ 25, 37, 38 ]
    }, {
      "vertices" : [ 41, 55, 42 ]
    }, {
      "vertices" : [ 9, 32, 59 ]
    }, {
      "vertices" : [ 9, 59, 40 ]
    }, {
      "vertices" : [ 20, 21, 52 ]
    }, {
      "vertices" : [ 20, 52, 48 ]
    }, {
      "vertices" : [ 26, 33, 30 ]
    }, {
      "vertices" : [ 26, 30, 29 ]
    }, {
      "vertices" : [ 26, 29, 27 ]
    }, {
      "vertices" : [ 3, 4, 5 ]
    }, {
      "vertices" : [ 3, 5, 6 ]
    }, {
      "vertices" : [ 27, 29, 44 ]
    }, {
      "vertices" : [ 27, 44, 46 ]
    }, {
      "vertices" : [ 50, 57, 56 ]
    }, {
      "vertices" : [ 50, 56, 55 ]
    }, {
      "vertices" : [ 50, 55, 58 ]
    }, {
      "vertices" : [ 26, 38, 51 ]
    }, {
      "vertices" : [ 26, 51, 33 ]
    }, {
      "vertices" : [ 45, 47, 58 ]
    }, {
      "vertices" : [ 18, 28, 57 ]
    }, {
      "vertices" : [ 18, 57, 50 ]
    }, {
      "vertices" : [ 40, 59, 56 ]
    }, {
      "vertices" : [ 31, 48, 37 ]
    }, {
      "vertices" : [ 31, 37, 43 ]
    }, {
      "vertices" : [ 7, 8, 9 ]
    }, {
      "vertices" : [ 7, 9, 10 ]
    }, {
      "vertices" : [ 36, 41, 42 ]
    }, {
      "vertices" : [ 36, 42, 43 ]
    }, {
      "vertices" : [ 24, 46, 47 ]
    }, {
      "vertices" : [ 24, 47, 45 ]
    }, {
      "vertices" : [ 4, 30, 5 ]
    }, {
      "vertices" : [ 15, 47, 46 ]
    }, {
      "vertices" : [ 15, 46, 44 ]
    }, {
      "vertices" : [ 15, 44, 16 ]
    }, {
      "vertices" : [ 15, 50, 58 ]
    }, {
      "vertices" : [ 15, 58, 47 ]
    }, {
      "vertices" : [ 24, 45, 41 ]
    }, {
      "vertices" : [ 24, 41, 36 ]
    }, {
      "vertices" : [ 24, 36, 25 ]
    }, {
      "vertices" : [ 11, 14, 19 ]
    }, {
      "vertices" : [ 3, 6, 39 ]
    }, {
      "vertices" : [ 1, 39, 6 ]
    }, {
      "vertices" : [ 1, 6, 2 ]
    }, {
      "vertices" : [ 8, 32, 9 ]
    }, {
      "vertices" : [ 11, 12, 13 ]
    }, {
      "vertices" : [ 11, 13, 14 ]
    }, {
      "vertices" : [ 16, 22, 17 ]
    }, {
      "vertices" : [ 0, 21, 20 ]
    }, {
      "vertices" : [ 0, 20, 8 ]
    }, {
      "vertices" : [ 0, 8, 7 ]
    }, {
      "vertices" : [ 12, 34, 13 ]
    }, {
      "vertices" : [ 35, 40, 56 ]
    }, {
      "vertices" : [ 35, 56, 57 ]
    }, {
      "vertices" : [ 0, 7, 54 ]
    }, {
      "vertices" : [ 0, 54, 1 ]
    }, {
      "vertices" : [ 15, 16, 17 ]
    }, {
      "vertices" : [ 15, 17, 18 ]
    }, {
      "vertices" : [ 3, 19, 22 ]
    }, {
      "vertices" : [ 3, 22, 23 ]
    }, {
      "vertices" : [ 3, 23, 4 ]
    }, {
      "vertices" : [ 7, 10, 54 ]
    }, {
      "vertices" : [ 41, 45, 58 ]
    }, {
      "vertices" : [ 41, 58, 55 ]
    }, {
      "vertices" : [ 3, 39, 11 ]
    }, {
      "vertices" : [ 3, 11, 19 ]
    }, {
      "vertices" : [ 14, 17, 22 ]
    }, {
      "vertices" : [ 14, 22, 19 ]
    }, {
      "vertices" : [ 0, 2, 53 ]
    }, {
      "vertices" : [ 0, 53, 21 ]
    }, {
      "vertices" : [ 49, 51, 52 ]
    }, {
      "vertices" : [ 49, 52, 53 ]
    }, {
      "vertices" : [ 31, 43, 42 ]
    }, {
      "vertices" : [ 31, 42, 59 ]
    }, {
      "vertices" : [ 31, 59, 32 ]
    }, {
      "vertices" : [ 15, 18, 50 ]
    }, {
      "vertices" : [ 42, 55, 56 ]
    }, {
      "vertices" : [ 42, 56, 59 ]
    }, {
      "vertices" : [ 4, 23, 29 ]
    }, {
      "vertices" : [ 4, 29, 30 ]
    }, {
      "vertices" : [ 25, 38, 26 ]
    }, {
      "vertices" : [ 13, 28, 18 ]
    }, {
      "vertices" : [ 13, 18, 17 ]
    }, {
      "vertices" : [ 13, 17, 14 ]
    }, {
      "vertices" : [ 8, 20, 31 ]
    }, {
      "vertices" : [ 8, 31, 32 ]
    }, {
      "vertices" : [ 23, 44, 29 ]
    }, {
      "vertices" : [ 24, 27, 46 ]
    }, {
      "vertices" : [ 37, 48, 52 ]
    }, {
      "vertices" : [ 37, 52, 51 ]
    }, {
      "vertices" : [ 37, 51, 38 ]
    }, {
      "vertices" : [ 20, 48, 31 ]
    }, {
      "vertices" : [ 24, 25, 26 ]
    }, {
      "vertices" : [ 24, 26, 27 ]
    }, {
      "vertices" : [ 16, 44, 23 ]
    }, {
      "vertices" : [ 16, 23, 22 ]
    }, {
      "vertices" : [ 13, 34, 35 ]
    }, {
      "vertices" : [ 13, 35, 28 ]
    }, {
      "vertices" : [ 10, 34, 12 ]
    }, {
      "vertices" : [ 10, 12, 54 ]
    }, {
      "vertices" : [ 2, 6, 5 ]
    }, {
      "vertices" : [ 2, 5, 49 ]
    }, {
      "vertices" : [ 2, 49, 53 ]
    }, {
      "vertices" : [ 36, 43, 37 ]
    }, {
      "vertices" : [ 5, 30, 33 ]
    }, {
      "vertices" : [ 5, 33, 49 ]
    }, {
      "vertices" : [ 1, 54, 12 ]
    }, {
      "vertices" : [ 1, 12, 11 ]
    }, {
      "vertices" : [ 1, 11, 39 ]
    }, {
      "vertices" : [ 28, 35, 57 ]
    }, {
      "vertices" : [ 21, 53, 52 ]
    } ]
  }, {
    "id" : "da273da2-fa30-4334-b0c3-a53e5f199c5d",
    "vertices" : [ {
      "x" : 4.236068,
      "y" : 0.309017,
      "z" : 0.19098301
    }, {
      "x" : 4.236068,
      "y" : 0.309017,
      "z" : -0.19098301
    }, {
      "x" : 1.0,
      "y" : 0.309017,
      "z" : -0.19098301
    }, {
      "x" : 1.0,
      "y" : 0.309017,
      "z" : 0.19098301
    }, {
      "x" : 4.236068,
      "y" : -0.309017,
      "z" : 0.19098301
    }, {
      "x" : 1.0,
      "y" : -0.309017,
      "z" : 0.19098301
    }, {
      "x" : 1.0,
      "y" : -0.309017,
      "z" : -0.19098301
    }, {
      "x" : 4.236068,
      "y" : -0.309017,
      "z" : -0.19098301
    }, {
      "x" : 5.236068,
      "y" : 0.0,
      "z" : 0.0
    } ],
    "faces" : [ {
      "vertices" : [ 1, 7, 6 ]
    }, {
      "vertices" : [ 1, 6, 2 ]
    }, {
      "vertices" : [ 0, 1, 2 ]
    }, {
      "vertices" : [ 0, 2, 3 ]
    }, {
      "vertices" : [ 4, 5, 6 ]
    }, {
      "vertices" : [ 4, 6, 7 ]
    }, {
      "vertices" : [ 0, 3, 5 ]
    }, {
      "vertices" : [ 0, 5, 4 ]
    } ]
  }, {
    "id" : "915b0731-63c9-41d4-a91a-ae2e7c36daf2",
    "vertices" : [ {
      "x" : 1.0,
      "y" : -0.309017,
      "z" : -0.19098301
    }, {
      "x" : 0.809017,
      "y" : 0.0,
      "z" : -0.690983
    }, {
      "x" : 1.0,
      "y" : 0.309017,
      "z" : -0.19098301
    }, {
      "x" : 1.809017,
      "y" : 0.0,
      "z" : -0.309017
    }, {
      "x" : 1.618034,
      "y" : 0.309017,
      "z" : -0.809017
    }, {
      "x" : 2.0,
      "y" : 0.309017,
      "z" : -0.19098301
    }, {
      "x" : 1.809017,
      "y" : 0.618034,
      "z" : -0.690983
    }, {
      "x" : 4.045085,
      "y" : 0.38196602,
      "z" : -0.927051
    }, {
      "x" : 3.854102,
      "y" : 0.690983,
      "z" : -1.427051
    }, {
      "x" : 4.236068,
      "y" : 0.690983,
      "z" : -0.809017
    }, {
      "x" : 4.045085,
      "y" : 1.0,
      "z" : -1.309017
    }, {
      "x" : 4.854102,
      "y" : 0.690983,
      "z" : -1.427051
    }, {
      "x" : 5.045085,
      "y" : 1.0,
      "z" : -0.927051
    }, {
      "x" : 4.854102,
      "y" : 1.309017,
      "z" : -1.427051
    }, {
      "x" : 5.854102,
      "y" : 1.0,
      "z" : -1.618034
    } ],
    "faces" : [ {
      "vertices" : [ 8, 13, 11 ]
    }, {
      "vertices" : [ 2, 5, 9 ]
    }, {
      "vertices" : [ 2, 9, 10 ]
    }, {
      "vertices" : [ 2, 10, 6 ]
    }, {
      "vertices" : [ 3, 4, 8 ]
    }, {
      "vertices" : [ 3, 8, 11 ]
    }, {
      "vertices" : [ 3, 11, 7 ]
    }, {
      "vertices" : [ 0, 2, 1 ]
    }, {
      "vertices" : [ 11, 13, 12 ]
    }, {
      "vertices" : [ 0, 5, 2 ]
    }, {
      "vertices" : [ 0, 3, 5 ]
    }, {
      "vertices" : [ 0, 1, 4 ]
    }, {
      "vertices" : [ 0, 4, 3 ]
    }, {
      "vertices" : [ 1, 2, 6 ]
    }, {
      "vertices" : [ 1, 6, 4 ]
    }, {
      "vertices" : [ 9, 12, 13 ]
    }, {
      "vertices" : [ 9, 13, 10 ]
    }, {
      "vertices" : [ 3, 7, 9 ]
    }, {
      "vertices" : [ 3, 9, 5 ]
    }, {
      "vertices" : [ 7, 12, 9 ]
    }, {
      "vertices" : [ 4, 6, 10 ]
    }, {
      "vertices" : [ 4, 10, 8 ]
    }, {
      "vertices" : [ 7, 11, 12 ]
    }, {
      "vertices" : [ 8, 10, 13 ]
    } ]
  }, {
    "id" : "2e8d2ecb-1082-4fae-880b-a40863095607",
    "vertices" : [ {
      "x" : 2.927051,
      "y" : 2.427051,
      "z" : 4.618034
    }, {
      "x" : 2.927051,
      "y" : 3.045085,
      "z" : 4.236068
    }, {
      "x" : 1.927051,
      "y" : 2.427051,
      "z" : 3.618034
    }, {
      "x" : 2.236068,
      "y" : 2.545085,
      "z" : 3.427051
    }, {
      "x" : 1.0,
      "y" : 1.309017,
      "z" : 1.427051
    }, {
      "x" : 0.690983,
      "y" : 1.190983,
      "z" : 1.618034
    }, {
      "x" : 2.618034,
      "y" : 2.927051,
      "z" : 4.427051
    }, {
      "x" : 0.309017,
      "y" : 0.809017,
      "z" : 0.618034
    }, {
      "x" : 0.0,
      "y" : 0.690983,
      "z" : 0.809017
    }, {
      "x" : 1.309017,
      "y" : 0.809017,
      "z" : 1.618034
    }, {
      "x" : 0.618034,
      "y" : 0.309017,
      "z" : 0.809017
    }, {
      "x" : 3.236068,
      "y" : 2.545085,
      "z" : 4.427051
    }, {
      "x" : 2.236068,
      "y" : 1.927051,
      "z" : 3.809017
    }, {
      "x" : 2.545085,
      "y" : 2.045085,
      "z" : 3.618034
    }, {
      "x" : 1.0,
      "y" : 0.690983,
      "z" : 1.809017
    }, {
      "x" : 0.309017,
      "y" : 0.19098301,
      "z" : 1.0
    }, {
      "x" : 3.236068,
      "y" : 3.236068,
      "z" : 5.236068
    } ],
    "faces" : [ {
      "vertices" : [ 9, 13, 12 ]
    }, {
      "vertices" : [ 9, 12, 14 ]
    }, {
      "vertices" : [ 9, 14, 15 ]
    }, {
      "vertices" : [ 9, 15, 10 ]
    }, {
      "vertices" : [ 2, 5, 14 ]
    }, {
      "vertices" : [ 2, 14, 12 ]
    }, {
      "vertices" : [ 0, 12, 13 ]
    }, {
      "vertices" : [ 0, 13, 11 ]
    }, {
      "vertices" : [ 0, 6, 2 ]
    }, {
      "vertices" : [ 0, 2, 12 ]
    }, {
      "vertices" : [ 4, 7, 8 ]
    }, {
      "vertices" : [ 4, 8, 5 ]
    }, {
      "vertices" : [ 5, 8, 15 ]
    }, {
      "vertices" : [ 5, 15, 14 ]
    }, {
      "vertices" : [ 1, 3, 2 ]
    }, {
      "vertices" : [ 1, 2, 6 ]
    }, {
      "vertices" : [ 1, 11, 13 ]
    }, {
      "vertices" : [ 1, 13, 3 ]
    }, {
      "vertices" : [ 3, 13, 9 ]
    }, {
      "vertices" : [ 3, 9, 4 ]
    }, {
      "vertices" : [ 2, 3, 4 ]
    }, {
      "vertices" : [ 2, 4, 5 ]
    }, {
      "vertices" : [ 4, 9, 10 ]
    }, {
      "vertices" : [ 4, 10, 7 ]
    } ]
  } ],
  "instances" : [ {
    "shape" : "0a3cfdb1-0110-4465-ad63-b678be899c74",
    "color" : "#FFFFFF",
    "position" : {
      "x" : 6.472136,
      "y" : -15.708204,
      "z" : 0.0
    }
  }, {
    "shape" : "0a3cfdb1-0110-4465-ad63-b678be899c74",
    "color" : "#FFFFFF",
    "position" : {
      "x" : 1.618034,
      "y" : -7.854102,
      "z" : -4.236068
    }
  }, {
    "shape" : "da273da2-fa30-4334-b0c3-a53e5f199c5d",
    "color" : "#007695",
    "position" : {
      "x" : 12.944272,
      "y" : 0.0,
      "z" : 16.944271
    },
    "orientation" : 16
  }, {
    "shape" : "915b0731-63c9-41d4-a91a-ae2e7c36daf2",
    "color" : "#DC4C00",
    "position" : {
      "x" : 11.326238,
      "y" : -13.09017,
      "z" : 12.708204
    },
    "orientation" : 51
  }, {
    "shape" : "2e8d2ecb-1082-4fae-880b-a40863095607",
    "color" : "#9A754A",
    "position" : {
      "x" : 3.236068,
      "y" : -5.236068,
      "z" : 8.472136
    },
    "orientation" : 40
  }, {
    "shape" : "2e8d2ecb-1082-4fae-880b-a40863095607",
    "color" : "#9A754A",
    "position" : {
      "x" : 3.236068,
      "y" : 0.0,
      "z" : -8.472136
    },
    "orientation" : 55
  }, {
    "shape" : "da273da2-fa30-4334-b0c3-a53e5f199c5d",
    "color" : "#007695",
    "position" : {
      "x" : 3.236068,
      "y" : -5.236068,
      "z" : -8.472136
    },
    "orientation" : 40
  }, {
    "shape" : "915b0731-63c9-41d4-a91a-ae2e7c36daf2",
    "color" : "#DC4C00",
    "position" : {
      "x" : 11.326238,
      "y" : 7.854102,
      "z" : 12.708204
    },
    "orientation" : 36
  }, {
    "shape" : "da273da2-fa30-4334-b0c3-a53e5f199c5d",
    "color" : "#007695",
    "position" : {
      "x" : 3.236068,
      "y" : -5.236068,
      "z" : 8.472136
    },
    "orientation" : 22
  }, {
    "shape" : "0a3cfdb1-0110-4465-ad63-b678be899c74",
    "color" : "#FFFFFF",
    "position" : {
      "x" : 1.618034,
      "y" : -7.854102,
      "z" : 4.236068
    }
  }, {
    "shape" : "0a3cfdb1-0110-4465-ad63-b678be899c74",
    "color" : "#FFFFFF",
    "position" : {
      "x" : 6.472136,
      "y" : 10.472136,
      "z" : 0.0
    }
  }, {
    "shape" : "2e8d2ecb-1082-4fae-880b-a40863095607",
    "color" : "#9A754A",
    "position" : {
      "x" : 9.708204,
      "y" : 10.472136,
      "z" : 8.472136
    },
    "orientation" : 25
  }, {
    "shape" : "915b0731-63c9-41d4-a91a-ae2e7c36daf2",
    "color" : "#DC4C00",
    "position" : {
      "x" : 1.618034,
      "y" : -7.854102,
      "z" : 4.236068
    },
    "orientation" : 21
  }, {
    "shape" : "2e8d2ecb-1082-4fae-880b-a40863095607",
    "color" : "#9A754A",
    "position" : {
      "x" : 9.708204,
      "y" : -15.708204,
      "z" : -8.472136
    },
    "orientation" : 10
  }, {
    "shape" : "0a3cfdb1-0110-4465-ad63-b678be899c74",
    "color" : "#FFFFFF",
    "position" : {
      "x" : 9.708204,
      "y" : 10.472136,
      "z" : 8.472136
    }
  }, {
    "shape" : "0a3cfdb1-0110-4465-ad63-b678be899c74",
    "color" : "#FFFFFF",
    "position" : {
      "x" : 1.618034,
      "y" : 2.618034,
      "z" : -4.236068
    }
  }, {
    "shape" : "0a3cfdb1-0110-4465-ad63-b678be899c74",
    "color" : "#FFFFFF",
    "position" : {
      "x" : 12.944272,
      "y" : -5.236068,
      "z" : -16.944271
    }
  }, {
    "shape" : "da273da2-fa30-4334-b0c3-a53e5f199c5d",
    "color" : "#007695",
    "position" : {
      "x" : 9.708204,
      "y" : 10.472136,
      "z" : 8.472136
    },
    "orientation" : 37
  }, {
    "shape" : "0a3cfdb1-0110-4465-ad63-b678be899c74",
    "color" : "#FFFFFF",
    "position" : {
      "x" : 0.0,
      "y" : -5.236068,
      "z" : 0.0
    }
  }, {
    "shape" : "0a3cfdb1-0110-4465-ad63-b678be899c74",
    "color" : "#FFFFFF",
    "position" : {
      "x" : 11.326238,
      "y" : 7.854102,
      "z" : -12.708204
    }
  }, {
    "shape" : "2e8d2ecb-1082-4fae-880b-a40863095607",
    "color" : "#9A754A",
    "position" : {
      "x" : 8.09017,
      "y" : 2.618034,
      "z" : 12.708204
    },
    "orientation" : 25
  }, {
    "shape" : "da273da2-fa30-4334-b0c3-a53e5f199c5d",
    "color" : "#007695",
    "position" : {
      "x" : 6.472136,
      "y" : 10.472136,
      "z" : 0.0
    },
    "orientation" : 40
  }, {
    "shape" : "915b0731-63c9-41d4-a91a-ae2e7c36daf2",
    "color" : "#DC4C00",
    "position" : {
      "x" : 1.618034,
      "y" : 2.618034,
      "z" : 4.236068
    },
    "orientation" : 6
  }, {
    "shape" : "0a3cfdb1-0110-4465-ad63-b678be899c74",
    "color" : "#FFFFFF",
    "position" : {
      "x" : 9.708204,
      "y" : -15.708204,
      "z" : -8.472136
    }
  }, {
    "shape" : "0a3cfdb1-0110-4465-ad63-b678be899c74",
    "color" : "#FFFFFF",
    "position" : {
      "x" : 9.708204,
      "y" : -15.708204,
      "z" : 8.472136
    }
  }, {
    "shape" : "2e8d2ecb-1082-4fae-880b-a40863095607",
    "color" : "#9A754A",
    "position" : {
      "x" : 4.854102,
      "y" : -13.09017,
      "z" : 4.236068
    },
    "orientation" : 40
  }, {
    "shape" : "da273da2-fa30-4334-b0c3-a53e5f199c5d",
    "color" : "#007695",
    "position" : {
      "x" : 0.0,
      "y" : 0.0,
      "z" : 0.0
    },
    "orientation" : 52
  }, {
    "shape" : "da273da2-fa30-4334-b0c3-a53e5f199c5d",
    "color" : "#007695",
    "position" : {
      "x" : 0.0,
      "y" : -5.236068,
      "z" : 0.0
    },
    "orientation" : 25
  }, {
    "shape" : "da273da2-fa30-4334-b0c3-a53e5f199c5d",
    "color" : "#007695",
    "position" : {
      "x" : 12.944272,
      "y" : 0.0,
      "z" : -16.944271
    },
    "orientation" : 16
  }, {
    "shape" : "2e8d2ecb-1082-4fae-880b-a40863095607",
    "color" : "#9A754A",
    "position" : {
      "x" : 8.09017,
      "y" : 2.618034,
      "z" : 12.708204
    },
    "orientation" : 40
  }, {
    "shape" : "da273da2-fa30-4334-b0c3-a53e5f199c5d",
    "color" : "#007695",
    "position" : {
      "x" : 9.708204,
      "y" : -15.708204,
      "z" : -8.472136
    },
    "orientation" : 52
  }, {
    "shape" : "0a3cfdb1-0110-4465-ad63-b678be899c74",
    "color" : "#FFFFFF",
    "position" : {
      "x" : 11.326238,
      "y" : -13.09017,
      "z" : 12.708204
    }
  }, {
    "shape" : "0a3cfdb1-0110-4465-ad63-b678be899c74",
    "color" : "#FFFFFF",
    "position" : {
      "x" : 12.944272,
      "y" : 0.0,
      "z" : 16.944271
    }
  }, {
    "shape" : "0a3cfdb1-0110-4465-ad63-b678be899c74",
    "color" : "#FFFFFF",
    "position" : {
      "x" : 3.236068,
      "y" : -5.236068,
      "z" : 8.472136
    }
  }, {
    "shape" : "915b0731-63c9-41d4-a91a-ae2e7c36daf2",
    "color" : "#DC4C00",
    "position" : {
      "x" : 11.326238,
      "y" : 7.854102,
      "z" : -12.708204
    },
    "orientation" : 36
  }, {
    "shape" : "2e8d2ecb-1082-4fae-880b-a40863095607",
    "color" : "#9A754A",
    "position" : {
      "x" : 4.854102,
      "y" : 7.854102,
      "z" : -4.236068
    },
    "orientation" : 55
  }, {
    "shape" : "0a3cfdb1-0110-4465-ad63-b678be899c74",
    "color" : "#FFFFFF",
    "position" : {
      "x" : 3.236068,
      "y" : 0.0,
      "z" : 8.472136
    }
  }, {
    "shape" : "da273da2-fa30-4334-b0c3-a53e5f199c5d",
    "color" : "#007695",
    "position" : {
      "x" : 4.854102,
      "y" : -13.09017,
      "z" : -4.236068
    },
    "orientation" : 37
  }, {
    "shape" : "0a3cfdb1-0110-4465-ad63-b678be899c74",
    "color" : "#FFFFFF",
    "position" : {
      "x" : 11.326238,
      "y" : -13.09017,
      "z" : -12.708204
    }
  }, {
    "shape" : "0a3cfdb1-0110-4465-ad63-b678be899c74",
    "color" : "#FFFFFF",
    "position" : {
      "x" : 1.618034,
      "y" : 2.618034,
      "z" : 4.236068
    }
  }, {
    "shape" : "da273da2-fa30-4334-b0c3-a53e5f199c5d",
    "color" : "#007695",
    "position" : {
      "x" : 1.618034,
      "y" : 2.618034,
      "z" : -4.236068
    },
    "orientation" : 25
  }, {
    "shape" : "0a3cfdb1-0110-4465-ad63-b678be899c74",
    "color" : "#FFFFFF",
    "position" : {
      "x" : 4.854102,
      "y" : 7.854102,
      "z" : -4.236068
    }
  }, {
    "shape" : "915b0731-63c9-41d4-a91a-ae2e7c36daf2",
    "color" : "#DC4C00",
    "position" : {
      "x" : 1.618034,
      "y" : 2.618034,
      "z" : -4.236068
    },
    "orientation" : 6
  }, {
    "shape" : "da273da2-fa30-4334-b0c3-a53e5f199c5d",
    "color" : "#007695",
    "position" : {
      "x" : 4.854102,
      "y" : 7.854102,
      "z" : -4.236068
    },
    "orientation" : 10
  }, {
    "shape" : "0a3cfdb1-0110-4465-ad63-b678be899c74",
    "color" : "#FFFFFF",
    "position" : {
      "x" : 12.944272,
      "y" : 0.0,
      "z" : -16.944271
    }
  }, {
    "shape" : "da273da2-fa30-4334-b0c3-a53e5f199c5d",
    "color" : "#007695",
    "position" : {
      "x" : 0.0,
      "y" : -5.236068,
      "z" : 0.0
    },
    "orientation" : 37
  }, {
    "shape" : "0a3cfdb1-0110-4465-ad63-b678be899c74",
    "color" : "#FFFFFF",
    "position" : {
      "x" : 9.708204,
      "y" : 10.472136,
      "z" : -8.472136
    }
  }, {
    "shape" : "2e8d2ecb-1082-4fae-880b-a40863095607",
    "color" : "#9A754A",
    "position" : {
      "x" : 12.944272,
      "y" : -5.236068,
      "z" : 16.944271
    },
    "orientation" : 25
  }, {
    "shape" : "0a3cfdb1-0110-4465-ad63-b678be899c74",
    "color" : "#FFFFFF",
    "position" : {
      "x" : 8.09017,
      "y" : -7.854102,
      "z" : -12.708204
    }
  }, {
    "shape" : "da273da2-fa30-4334-b0c3-a53e5f199c5d",
    "color" : "#007695",
    "position" : {
      "x" : 1.618034,
      "y" : 2.618034,
      "z" : 4.236068
    },
    "orientation" : 37
  }, {
    "shape" : "0a3cfdb1-0110-4465-ad63-b678be899c74",
    "color" : "#FFFFFF",
    "position" : {
      "x" : 4.854102,
      "y" : 7.854102,
      "z" : 4.236068
    }
  }, {
    "shape" : "da273da2-fa30-4334-b0c3-a53e5f199c5d",
    "color" : "#007695",
    "position" : {
      "x" : 3.236068,
      "y" : 0.0,
      "z" : 8.472136
    },
    "orientation" : 16
  }, {
    "shape" : "915b0731-63c9-41d4-a91a-ae2e7c36daf2",
    "color" : "#DC4C00",
    "position" : {
      "x" : 1.618034,
      "y" : -7.854102,
      "z" : -4.236068
    },
    "orientation" : 21
  }, {
    "shape" : "2e8d2ecb-1082-4fae-880b-a40863095607",
    "color" : "#9A754A",
    "position" : {
      "x" : 8.09017,
      "y" : -7.854102,
      "z" : -12.708204
    },
    "orientation" : 10
  }, {
    "shape" : "2e8d2ecb-1082-4fae-880b-a40863095607",
    "color" : "#9A754A",
    "position" : {
      "x" : 8.09017,
      "y" : -7.854102,
      "z" : -12.708204
    },
    "orientation" : 55
  }, {
    "shape" : "0a3cfdb1-0110-4465-ad63-b678be899c74",
    "color" : "#FFFFFF",
    "position" : {
      "x" : 4.854102,
      "y" : -13.09017,
      "z" : -4.236068
    }
  }, {
    "shape" : "0a3cfdb1-0110-4465-ad63-b678be899c74",
    "color" : "#FFFFFF",
    "position" : {
      "x" : 12.944272,
      "y" : -5.236068,
      "z" : 16.944271
    }
  }, {
    "shape" : "0a3cfdb1-0110-4465-ad63-b678be899c74",
    "color" : "#FFFFFF",
    "position" : {
      "x" : 4.854102,
      "y" : -13.09017,
      "z" : 4.236068
    }
  }, {
    "shape" : "915b0731-63c9-41d4-a91a-ae2e7c36daf2",
    "color" : "#DC4C00",
    "position" : {
      "x" : 11.326238,
      "y" : -13.09017,
      "z" : -12.708204
    },
    "orientation" : 51
  }, {
    "shape" : "0a3cfdb1-0110-4465-ad63-b678be899c74",
    "color" : "#FFFFFF",
    "position" : {
      "x" : 8.09017,
      "y" : -7.854102,
      "z" : 12.708204
    }
  }, {
    "shape" : "0a3cfdb1-0110-4465-ad63-b678be899c74",
    "color" : "#FFFFFF",
    "position" : {
      "x" : 8.09017,
      "y" : 2.618034,
      "z" : 12.708204
    }
  }, {
    "shape" : "da273da2-fa30-4334-b0c3-a53e5f199c5d",
    "color" : "#007695",
    "position" : {
      "x" : 9.708204,
      "y" : -15.708204,
      "z" : 8.472136
    },
    "orientation" : 10
  }, {
    "shape" : "2e8d2ecb-1082-4fae-880b-a40863095607",
    "color" : "#9A754A",
    "position" : {
      "x" : 12.944272,
      "y" : 0.0,
      "z" : -16.944271
    },
    "orientation" : 10
  }, {
    "shape" : "0a3cfdb1-0110-4465-ad63-b678be899c74",
    "color" : "#FFFFFF",
    "position" : {
      "x" : 0.0,
      "y" : 0.0,
      "z" : 0.0
    }
  }, {
    "shape" : "0a3cfdb1-0110-4465-ad63-b678be899c74",
    "color" : "#FFFFFF",
    "position" : {
      "x" : 3.236068,
      "y" : -5.236068,
      "z" : -8.472136
    }
  }, {
    "shape" : "da273da2-fa30-4334-b0c3-a53e5f199c5d",
    "color" : "#007695",
    "position" : {
      "x" : 6.472136,
      "y" : -15.708204,
      "z" : 0.0
    },
    "orientation" : 7
  }, {
    "shape" : "da273da2-fa30-4334-b0c3-a53e5f199c5d",
    "color" : "#007695",
    "position" : {
      "x" : 9.708204,
      "y" : 10.472136,
      "z" : -8.472136
    },
    "orientation" : 25
  }, {
    "shape" : "0a3cfdb1-0110-4465-ad63-b678be899c74",
    "color" : "#FFFFFF",
    "position" : {
      "x" : 11.326238,
      "y" : 7.854102,
      "z" : 12.708204
    }
  }, {
    "shape" : "da273da2-fa30-4334-b0c3-a53e5f199c5d",
    "color" : "#007695",
    "position" : {
      "x" : 0.0,
      "y" : 0.0,
      "z" : 0.0
    },
    "orientation" : 16
  }, {
    "shape" : "0a3cfdb1-0110-4465-ad63-b678be899c74",
    "color" : "#FFFFFF",
    "position" : {
      "x" : 3.236068,
      "y" : 0.0,
      "z" : -8.472136
    }
  }, {
    "shape" : "da273da2-fa30-4334-b0c3-a53e5f199c5d",
    "color" : "#007695",
    "position" : {
      "x" : 3.236068,
      "y" : 0.0,
      "z" : -8.472136
    },
    "orientation" : 16
  }, {
    "shape" : "0a3cfdb1-0110-4465-ad63-b678be899c74",
    "color" : "#FFFFFF",
    "position" : {
      "x" : 8.09017,
      "y" : 2.618034,
      "z" : -12.708204
    }
  }, {
    "shape" : "da273da2-fa30-4334-b0c3-a53e5f199c5d",
    "color" : "#007695",
    "position" : {
      "x" : 0.0,
      "y" : 0.0,
      "z" : 0.0
    },
    "orientation" : 10
  } ],
  "scenes" : [ ],
  "snapshots" : [ ]
}