{
  "lighting": {
    "backgroundColor": "#8CC2E7",
    "ambientColor": "#333333",
    "directionalLights": [
      {
        "direction": [
          1,
          -1,
          -0.3
        ],
        "color": "#FDFDFD"
      },
      {
        "direction": [
          -1,
          0,
          -0.2
        ],
        "color": "#B5B5B5"
      },
      {
        "direction": [
          0,
          0,
          -1
        ],
        "color": "#303030"
      }
    ]
  },
  "camera": {
    "near": 0.15219616889953613,
    "far": 121.75666809082031,
    "width": 27.3952693939209,
    "distance": 60.87846374511719,
    "up": [
      0.5394721031188965,
      -0.7003128528594971,
      0.4674898087978363
    ],
    "lookAt": [
      2.4721360206604004,
      0,
      -4
    ],
    "lookDir": [
      -0.6077788472175598,
      0.06038166210055351,
      0.7918062210083008
    ],
    "perspective": true
  },
  "embedding": [
    1,
    0,
    0,
    0,
    0,
    1,
    0,
    0,
    0,
    0,
    1,
    0,
    0,
    0,
    0,
    1
  ],
  "orientations": [
    [
      1,
      0,
      0,
      0,
      0,
      1,
      0,
      0,
      0,
      0,
      1,
      0,
      0,
      0,
      0,
      1
    ],
    [
      0,
      0,
      1,
      0,
      1,
      0,
      0,
      0,
      0,
      1,
      0,
      0,
      0,
      0,
      0,
      1
    ],
    [
      0,
      1,
      0,
      0,
      0,
      0,
      1,
      0,
      1,
      0,
      0,
      0,
      0,
      0,
      0,
      1
    ],
    [
      0.8090169943749475,
      0.30901699437494745,
      0.5,
      0,
      0.30901699437494745,
      0.5,
      -0.8090169943749475,
      0,
      -0.5,
      0.8090169943749475,
      0.30901699437494745,
      0,
      0,
      0,
      0,
      1
    ],
    [
      -0.5,
      0.8090169943749475,
      0.30901699437494745,
      0,
      0.8090169943749475,
      0.30901699437494745,
      0.5,
      0,
      0.30901699437494745,
      0.5,
      -0.8090169943749475,
      0,
      0,
      0,
      0,
      1
    ],
    [
      0.30901699437494745,
      0.5,
      -0.8090169943749475,
      0,
      -0.5,
      0.8090169943749475,
      0.30901699437494745,
      0,
      0.8090169943749475,
      0.30901699437494745,
      0.5,
      0,
      0,
      0,
      0,
      1
    ],
    [
      0.5,
      0.8090169943749475,
      0.30901699437494745,
      0,
      0.8090169943749475,
      -0.30901699437494745,
      -0.5,
      0,
      -0.30901699437494745,
      0.5,
      -0.8090169943749475,
      0,
      0,
      0,
      0,
      1
    ],
    [
      -0.30901699437494745,
      0.5,
      -0.8090169943749475,
      0,
      0.5,
      0.8090169943749475,
      0.30901699437494745,
      0,
      0.8090169943749475,
      -0.30901699437494745,
      -0.5,
      0,
      0,
      0,
      0,
      1
    ],
    [
      0.8090169943749475,
      -0.30901699437494745,
      -0.5,
      0,
      -0.30901699437494745,
      0.5,
      -0.8090169943749475,
      0,
      0.5,
      0.8090169943749475,
      0.30901699437494745,
      0,
      0,
      0,
      0,
      1
    ],
    [
      0.5,
      0.8090169943749475,
      -0.30901699437494745,
      0,
      0.8090169943749475,
      -0.30901699437494745,
      0.5,
      0,
      0.30901699437494745,
      -0.5,
      -0.8090169943749475,
      0,
      0,
      0,
      0,
      1
    ],
    [
      0.30901699437494745,
      -0.5,
      -0.8090169943749475,
      0,
      0.5,
      0.8090169943749475,
      -0.30901699437494745,
      0,
      0.8090169943749475,
      -0.30901699437494745,
      0.5,
      0,
      0,
      0,
      0,
      1
    ],
    [
      0.8090169943749475,
      -0.30901699437494745,
      0.5,
      0,
      0.30901699437494745,
      -0.5,
      -0.8090169943749475,
      0,
      0.5,
      0.8090169943749475,
      -0.30901699437494745,
      0,
      0,
      0,
      0,
      1
    ],
    [
      0.8090169943749475,
      0.30901699437494745,
      -0.5,
      0,
      0.30901699437494745,
      0.5,
      0.8090169943749475,
      0,
      0.5,
      -0.8090169943749475,
      0.30901699437494745,
      0,
      0,
      0,
      0,
      1
    ],
    [
      0.5,
      -0.8090169943749475,
      0.30901699437494745,
      0,
      0.8090169943749475,
      0.30901699437494745,
      -0.5,
      0,
      0.30901699437494745,
      0.5,
      0.8090169943749475,
      0,
      0,
      0,
      0,
      1
    ],
    [
      0.30901699437494745,
      0.5,
      0.8090169943749475,
      0,
      0.5,
      -0.8090169943749475,
      0.30901699437494745,
      0,
      0.8090169943749475,
      0.30901699437494745,
      -0.5,
      0,
      0,
      0,
      0,
      1
    ],
    [
      1,
      0,
      0,
      0,
      0,
      -1,
      0,
      0,
      0,
      0,
      -1,
      0,
      0,
      0,
      0,
      1
    ],
    [
      0,
      0,
      1,
      0,
      -1,
      0,
      0,
      0,
      0,
      -1,
      0,
      0,
      0,
      0,
      0,
      1
    ],
    [
      0,
      1,
      0,
      0,
      0,
      0,
      -1,
      0,
      -1,
      0,
      0,
      0,
      0,
      0,
      0,
      1
    ],
    [
      0.8090169943749475,
      0.30901699437494745,
      0.5,
      0,
      -0.30901699437494745,
      -0.5,
      0.8090169943749475,
      0,
      0.5,
      -0.8090169943749475,
      -0.30901699437494745,
      0,
      0,
      0,
      0,
      1
    ],
    [
      -0.5,
      0.8090169943749475,
      0.30901699437494745,
      0,
      -0.8090169943749475,
      -0.30901699437494745,
      -0.5,
      0,
      -0.30901699437494745,
      -0.5,
      0.8090169943749475,
      0,
      0,
      0,
      0,
      1
    ],
    [
      0.30901699437494745,
      0.5,
      -0.8090169943749475,
      0,
      0.5,
      -0.8090169943749475,
      -0.30901699437494745,
      0,
      -0.8090169943749475,
      -0.30901699437494745,
      -0.5,
      0,
      0,
      0,
      0,
      1
    ],
    [
      0.5,
      0.8090169943749475,
      0.30901699437494745,
      0,
      -0.8090169943749475,
      0.30901699437494745,
      0.5,
      0,
      0.30901699437494745,
      -0.5,
      0.8090169943749475,
      0,
      0,
      0,
      0,
      1
    ],
    [
      -0.30901699437494745,
      0.5,
      -0.8090169943749475,
      0,
      -0.5,
      -0.8090169943749475,
      -0.30901699437494745,
      0,
      -0.8090169943749475,
      0.30901699437494745,
      0.5,
      0,
      0,
      0,
      0,
      1
    ],
    [
      0.8090169943749475,
      -0.30901699437494745,
      -0.5,
      0,
      0.30901699437494745,
      -0.5,
      0.8090169943749475,
      0,
      -0.5,
      -0.8090169943749475,
      -0.30901699437494745,
      0,
      0,
      0,
      0,
      1
    ],
    [
      0.5,
      0.8090169943749475,
      -0.30901699437494745,
      0,
      -0.8090169943749475,
      0.30901699437494745,
      -0.5,
      0,
      -0.30901699437494745,
      0.5,
      0.8090169943749475,
      0,
      0,
      0,
      0,
      1
    ],
    [
      0.30901699437494745,
      -0.5,
      -0.8090169943749475,
      0,
      -0.5,
      -0.8090169943749475,
      0.30901699437494745,
      0,
      -0.8090169943749475,
      0.30901699437494745,
      -0.5,
      0,
      0,
      0,
      0,
      1
    ],
    [
      0.8090169943749475,
      -0.30901699437494745,
      0.5,
      0,
      -0.30901699437494745,
      0.5,
      0.8090169943749475,
      0,
      -0.5,
      -0.8090169943749475,
      0.30901699437494745,
      0,
      0,
      0,
      0,
      1
    ],
    [
      0.8090169943749475,
      0.30901699437494745,
      -0.5,
      0,
      -0.30901699437494745,
      -0.5,
      -0.8090169943749475,
      0,
      -0.5,
      0.8090169943749475,
      -0.30901699437494745,
      0,
      0,
      0,
      0,
      1
    ],
    [
      0.5,
      -0.8090169943749475,
      0.30901699437494745,
      0,
      -0.8090169943749475,
      -0.30901699437494745,
      0.5,
      0,
      -0.30901699437494745,
      -0.5,
      -0.8090169943749475,
      0,
      0,
      0,
      0,
      1
    ],
    [
      0.30901699437494745,
      0.5,
      0.8090169943749475,
      0,
      -0.5,
      0.8090169943749475,
      -0.30901699437494745,
      0,
      -0.8090169943749475,
      -0.30901699437494745,
      0.5,
      0,
      0,
      0,
      0,
      1
    ],
    [
      -1,
      0,
      0,
      0,
      0,
      -1,
      0,
      0,
      0,
      0,
      1,
      0,
      0,
      0,
      0,
      1
    ],
    [
      0,
      0,
      -1,
      0,
      -1,
      0,
      0,
      0,
      0,
      1,
      0,
      0,
      0,
      0,
      0,
      1
    ],
    [
      0,
      -1,
      0,
      0,
      0,
      0,
      -1,
      0,
      1,
      0,
      0,
      0,
      0,
      0,
      0,
      1
    ],
    [
      -0.8090169943749475,
      -0.30901699437494745,
      -0.5,
      0,
      -0.30901699437494745,
      -0.5,
      0.8090169943749475,
      0,
      -0.5,
      0.8090169943749475,
      0.30901699437494745,
      0,
      0,
      0,
      0,
      1
    ],
    [
      0.5,
      -0.8090169943749475,
      -0.30901699437494745,
      0,
      -0.8090169943749475,
      -0.30901699437494745,
      -0.5,
      0,
      0.30901699437494745,
      0.5,
      -0.8090169943749475,
      0,
      0,
      0,
      0,
      1
    ],
    [
      -0.30901699437494745,
      -0.5,
      0.8090169943749475,
      0,
      0.5,
      -0.8090169943749475,
      -0.30901699437494745,
      0,
      0.8090169943749475,
      0.30901699437494745,
      0.5,
      0,
      0,
      0,
      0,
      1
    ],
    [
      -0.5,
      -0.8090169943749475,
      -0.30901699437494745,
      0,
      -0.8090169943749475,
      0.30901699437494745,
      0.5,
      0,
      -0.30901699437494745,
      0.5,
      -0.8090169943749475,
      0,
      0,
      0,
      0,
      1
    ],
    [
      0.30901699437494745,
      -0.5,
      0.8090169943749475,
      0,
      -0.5,
      -0.8090169943749475,
      -0.30901699437494745,
      0,
      0.8090169943749475,
      -0.30901699437494745,
      -0.5,
      0,
      0,
      0,
      0,
      1
    ],
    [
      -0.8090169943749475,
      0.30901699437494745,
      0.5,
      0,
      0.30901699437494745,
      -0.5,
      0.8090169943749475,
      0,
      0.5,
      0.8090169943749475,
      0.30901699437494745,
      0,
      0,
      0,
      0,
      1
    ],
    [
      -0.5,
      -0.8090169943749475,
      0.30901699437494745,
      0,
      -0.8090169943749475,
      0.30901699437494745,
      -0.5,
      0,
      0.30901699437494745,
      -0.5,
      -0.8090169943749475,
      0,
      0,
      0,
      0,
      1
    ],
    [
      -0.30901699437494745,
      0.5,
      0.8090169943749475,
      0,
      -0.5,
      -0.8090169943749475,
      0.30901699437494745,
      0,
      0.8090169943749475,
      -0.30901699437494745,
      0.5,
      0,
      0,
      0,
      0,
      1
    ],
    [
      -0.8090169943749475,
      0.30901699437494745,
      -0.5,
      0,
      -0.30901699437494745,
      0.5,
      0.8090169943749475,
      0,
      0.5,
      0.8090169943749475,
      -0.30901699437494745,
      0,
      0,
      0,
      0,
      1
    ],
    [
      -0.8090169943749475,
      -0.30901699437494745,
      0.5,
      0,
      -0.30901699437494745,
      -0.5,
      -0.8090169943749475,
      0,
      0.5,
      -0.8090169943749475,
      0.30901699437494745,
      0,
      0,
      0,
      0,
      1
    ],
    [
      -0.5,
      0.8090169943749475,
      -0.30901699437494745,
      0,
      -0.8090169943749475,
      -0.30901699437494745,
      0.5,
      0,
      0.30901699437494745,
      0.5,
      0.8090169943749475,
      0,
      0,
      0,
      0,
      1
    ],
    [
      -0.30901699437494745,
      -0.5,
      -0.8090169943749475,
      0,
      -0.5,
      0.8090169943749475,
      -0.30901699437494745,
      0,
      0.8090169943749475,
      0.30901699437494745,
      -0.5,
      0,
      0,
      0,
      0,
      1
    ],
    [
      -1,
      0,
      0,
      0,
      0,
      1,
      0,
      0,
      0,
      0,
      -1,
      0,
      0,
      0,
      0,
      1
    ],
    [
      0,
      0,
      -1,
      0,
      1,
      0,
      0,
      0,
      0,
      -1,
      0,
      0,
      0,
      0,
      0,
      1
    ],
    [
      0,
      -1,
      0,
      0,
      0,
      0,
      1,
      0,
      -1,
      0,
      0,
      0,
      0,
      0,
      0,
      1
    ],
    [
      -0.8090169943749475,
      -0.30901699437494745,
      -0.5,
      0,
      0.30901699437494745,
      0.5,
      -0.8090169943749475,
      0,
      0.5,
      -0.8090169943749475,
      -0.30901699437494745,
      0,
      0,
      0,
      0,
      1
    ],
    [
      0.5,
      -0.8090169943749475,
      -0.30901699437494745,
      0,
      0.8090169943749475,
      0.30901699437494745,
      0.5,
      0,
      -0.30901699437494745,
      -0.5,
      0.8090169943749475,
      0,
      0,
      0,
      0,
      1
    ],
    [
      -0.30901699437494745,
      -0.5,
      0.8090169943749475,
      0,
      -0.5,
      0.8090169943749475,
      0.30901699437494745,
      0,
      -0.8090169943749475,
      -0.30901699437494745,
      -0.5,
      0,
      0,
      0,
      0,
      1
    ],
    [
      -0.5,
      -0.8090169943749475,
      -0.30901699437494745,
      0,
      0.8090169943749475,
      -0.30901699437494745,
      -0.5,
      0,
      0.30901699437494745,
      -0.5,
      0.8090169943749475,
      0,
      0,
      0,
      0,
      1
    ],
    [
      0.30901699437494745,
      -0.5,
      0.8090169943749475,
      0,
      0.5,
      0.8090169943749475,
      0.30901699437494745,
      0,
      -0.8090169943749475,
      0.30901699437494745,
      0.5,
      0,
      0,
      0,
      0,
      1
    ],
    [
      -0.8090169943749475,
      0.30901699437494745,
      0.5,
      0,
      -0.30901699437494745,
      0.5,
      -0.8090169943749475,
      0,
      -0.5,
      -0.8090169943749475,
      -0.30901699437494745,
      0,
      0,
      0,
      0,
      1
    ],
    [
      -0.5,
      -0.8090169943749475,
      0.30901699437494745,
      0,
      0.8090169943749475,
      -0.30901699437494745,
      0.5,
      0,
      -0.30901699437494745,
      0.5,
      0.8090169943749475,
      0,
      0,
      0,
      0,
      1
    ],
    [
      -0.30901699437494745,
      0.5,
      0.8090169943749475,
      0,
      0.5,
      0.8090169943749475,
      -0.30901699437494745,
      0,
      -0.8090169943749475,
      0.30901699437494745,
      -0.5,
      0,
      0,
      0,
      0,
      1
    ],
    [
      -0.8090169943749475,
      0.30901699437494745,
      -0.5,
      0,
      0.30901699437494745,
      -0.5,
      -0.8090169943749475,
      0,
      -0.5,
      -0.8090169943749475,
      0.30901699437494745,
      0,
      0,
      0,
      0,
      1
    ],
    [
      -0.8090169943749475,
      -0.30901699437494745,
      0.5,
      0,
      0.30901699437494745,
      0.5,
      0.8090169943749475,
      0,
      -0.5,
      0.8090169943749475,
      -0.30901699437494745,
      0,
      0,
      0,
      0,
      1
    ],
    [
      -0.5,
      0.8090169943749475,
      -0.30901699437494745,
      0,
      0.8090169943749475,
      0.30901699437494745,
      -0.5,
      0,
      -0.30901699437494745,
      -0.5,
      -0.8090169943749475,
      0,
      0,
      0,
      0,
      1
    ],
    [
      -0.30901699437494745,
      -0.5,
      -0.8090169943749475,
      0,
      0.5,
      -0.8090169943749475,
      0.30901699437494745,
      0,
      -0.8090169943749475,
      -0.30901699437494745,
      0.5,
      0,
      0,
      0,
      0,
      1
    ]
  ],
  "polygons": true,
  "shapes": {
    "s0.16586299622732636": {
      "id": "s0.16586299622732636",
      "vertices": [
        {
          "x": -0.30901700258255005,
          "y": -0.19098301231861115,
          "z": 0
        },
        {
          "x": -0.30901700258255005,
          "y": 0.19098301231861115,
          "z": 0
        },
        {
          "x": -0.19098301231861115,
          "y": 0,
          "z": -0.30901700258255005
        },
        {
          "x": -0.19098301231861115,
          "y": 0,
          "z": 0.30901700258255005
        },
        {
          "x": 0,
          "y": -0.30901700258255005,
          "z": -0.19098301231861115
        },
        {
          "x": 0,
          "y": -0.30901700258255005,
          "z": 0.19098301231861115
        },
        {
          "x": 0,
          "y": 0.30901700258255005,
          "z": -0.19098301231861115
        },
        {
          "x": 0,
          "y": 0.30901700258255005,
          "z": 0.19098301231861115
        },
        {
          "x": 0.19098301231861115,
          "y": 0,
          "z": -0.30901700258255005
        },
        {
          "x": 0.19098301231861115,
          "y": 0,
          "z": 0.30901700258255005
        },
        {
          "x": 0.30901700258255005,
          "y": -0.19098301231861115,
          "z": 0
        },
        {
          "x": 0.30901700258255005,
          "y": 0.19098301231861115,
          "z": 0
        }
      ],
      "faces": [
        {
          "vertices": [
            0,
            3,
            1
          ]
        },
        {
          "vertices": [
            0,
            1,
            2
          ]
        },
        {
          "vertices": [
            0,
            5,
            3
          ]
        },
        {
          "vertices": [
            0,
            2,
            4
          ]
        },
        {
          "vertices": [
            0,
            4,
            5
          ]
        },
        {
          "vertices": [
            1,
            6,
            2
          ]
        },
        {
          "vertices": [
            1,
            3,
            7
          ]
        },
        {
          "vertices": [
            3,
            9,
            7
          ]
        },
        {
          "vertices": [
            4,
            10,
            5
          ]
        },
        {
          "vertices": [
            1,
            7,
            6
          ]
        },
        {
          "vertices": [
            2,
            8,
            4
          ]
        },
        {
          "vertices": [
            2,
            6,
            8
          ]
        },
        {
          "vertices": [
            3,
            5,
            9
          ]
        },
        {
          "vertices": [
            4,
            8,
            10
          ]
        },
        {
          "vertices": [
            5,
            10,
            9
          ]
        },
        {
          "vertices": [
            6,
            7,
            11
          ]
        },
        {
          "vertices": [
            7,
            9,
            11
          ]
        },
        {
          "vertices": [
            6,
            11,
            8
          ]
        },
        {
          "vertices": [
            9,
            10,
            11
          ]
        },
        {
          "vertices": [
            8,
            11,
            10
          ]
        }
      ],
      "zone": "Ball"
    },
    "s0.04306633499503998": {
      "id": "s0.04306633499503998",
      "vertices": [
        {
          "x": 11.090169906616211,
          "y": 0,
          "z": -4.236067771911621
        },
        {
          "x": 10.781152725219727,
          "y": 0,
          "z": -4.1180338859558105
        },
        {
          "x": 10.376644134521484,
          "y": -0.15450850129127502,
          "z": -3.677051067352295
        },
        {
          "x": 10.185661315917969,
          "y": -0.15450850129127502,
          "z": -4.177051067352295
        },
        {
          "x": 0.9045084714889526,
          "y": -0.15450850129127502,
          "z": -0.05901699513196945
        },
        {
          "x": 0.80901700258255,
          "y": 0.30901700258255005,
          "z": -0.30901700258255005
        },
        {
          "x": 0.30901700258255005,
          "y": 0,
          "z": -0.1180339902639389
        },
        {
          "x": 10.281152725219727,
          "y": 0.30901700258255005,
          "z": -3.927051067352295
        },
        {
          "x": 0.7135254740715027,
          "y": -0.15450850129127502,
          "z": -0.55901700258255
        }
      ],
      "faces": [
        {
          "vertices": [
            1,
            2,
            3
          ]
        },
        {
          "vertices": [
            4,
            5,
            6
          ]
        },
        {
          "vertices": [
            2,
            7,
            5,
            4
          ]
        },
        {
          "vertices": [
            4,
            6,
            8
          ]
        },
        {
          "vertices": [
            2,
            4,
            8,
            3
          ]
        },
        {
          "vertices": [
            1,
            7,
            2
          ]
        },
        {
          "vertices": [
            3,
            8,
            5,
            7
          ]
        },
        {
          "vertices": [
            5,
            8,
            6
          ]
        },
        {
          "vertices": [
            1,
            3,
            7
          ]
        }
      ],
      "zone": "icosahedral yellow 4"
    },
    "s0.41750686467990117": {
      "id": "s0.41750686467990117",
      "vertices": [
        {
          "x": 0,
          "y": 0,
          "z": 0
        },
        {
          "x": -4.236067771911621,
          "y": 15.326237678527832,
          "z": -11.090169906616211
        },
        {
          "x": 2.6180338859558105,
          "y": 17.944271087646484,
          "z": 6.85410213470459
        }
      ],
      "faces": [
        {
          "vertices": [
            0,
            1,
            2
          ]
        },
        {
          "vertices": [
            0,
            2,
            1
          ]
        }
      ],
      "zone": "Ball"
    },
    "s0.3849013362981075": {
      "id": "s0.3849013362981075",
      "vertices": [
        {
          "x": 0,
          "y": 0,
          "z": 0
        },
        {
          "x": 6.85410213470459,
          "y": 2.6180338859558105,
          "z": 17.944271087646484
        },
        {
          "x": 4.236067771911621,
          "y": -15.326237678527832,
          "z": 11.090169906616211
        }
      ],
      "faces": [
        {
          "vertices": [
            0,
            1,
            2
          ]
        },
        {
          "vertices": [
            0,
            2,
            1
          ]
        }
      ],
      "zone": "Ball"
    },
    "s0.6749177643318984": {
      "id": "s0.6749177643318984",
      "vertices": [
        {
          "x": 0,
          "y": 0,
          "z": 0
        },
        {
          "x": -2.6180338859558105,
          "y": -17.944271087646484,
          "z": -6.85410213470459
        },
        {
          "x": -6.85410213470459,
          "y": -2.6180338859558105,
          "z": -17.944271087646484
        }
      ],
      "faces": [
        {
          "vertices": [
            0,
            1,
            2
          ]
        },
        {
          "vertices": [
            0,
            2,
            1
          ]
        }
      ],
      "zone": "Ball"
    },
    "s0.8339458447228636": {
      "id": "s0.8339458447228636",
      "vertices": [
        {
          "x": 0.9045084714889526,
          "y": 0.345491498708725,
          "z": 0.25
        },
        {
          "x": 6.140576362609863,
          "y": 3.581559419631958,
          "z": 0.25
        },
        {
          "x": 5.949593544006348,
          "y": 3.8905763626098633,
          "z": 0.25
        },
        {
          "x": 0.7135254740715027,
          "y": 0.6545084714889526,
          "z": 0.25
        },
        {
          "x": 0.80901700258255,
          "y": 0.5,
          "z": -0.30901700258255005
        },
        {
          "x": 0.9635254740715027,
          "y": 0.25,
          "z": -0.09549150615930557
        },
        {
          "x": 0.30901700258255005,
          "y": 0.19098301231861115,
          "z": 0
        },
        {
          "x": 6.5450849533081055,
          "y": 4.0450849533081055,
          "z": 0
        },
        {
          "x": 5.890576362609863,
          "y": 3.9860680103302,
          "z": -0.09549150615930557
        },
        {
          "x": 6.0450849533081055,
          "y": 3.7360680103302,
          "z": -0.30901700258255005
        },
        {
          "x": 6.85410213470459,
          "y": 4.236067771911621,
          "z": 0
        },
        {
          "x": 0.6545084714889526,
          "y": 0.75,
          "z": -0.09549150615930557
        },
        {
          "x": 6.199593544006348,
          "y": 3.4860680103302,
          "z": -0.09549150615930557
        }
      ],
      "faces": [
        {
          "vertices": [
            0,
            1,
            2,
            3
          ]
        },
        {
          "vertices": [
            4,
            5,
            6
          ]
        },
        {
          "vertices": [
            2,
            7,
            8
          ]
        },
        {
          "vertices": [
            0,
            6,
            5
          ]
        },
        {
          "vertices": [
            7,
            9,
            8
          ]
        },
        {
          "vertices": [
            2,
            8,
            11,
            3
          ]
        },
        {
          "vertices": [
            4,
            9,
            12,
            5
          ]
        },
        {
          "vertices": [
            7,
            12,
            9
          ]
        },
        {
          "vertices": [
            4,
            6,
            11
          ]
        },
        {
          "vertices": [
            0,
            3,
            6
          ]
        },
        {
          "vertices": [
            1,
            12,
            7
          ]
        },
        {
          "vertices": [
            3,
            11,
            6
          ]
        },
        {
          "vertices": [
            1,
            7,
            2
          ]
        },
        {
          "vertices": [
            4,
            11,
            8,
            9
          ]
        },
        {
          "vertices": [
            0,
            5,
            12,
            1
          ]
        }
      ],
      "zone": "icosahedral red 1"
    },
    "s0.30227845402960507": {
      "id": "s0.30227845402960507",
      "vertices": [
        {
          "x": 6.5450849533081055,
          "y": 2.5,
          "z": -0.9549150466918945
        },
        {
          "x": 6.163118839263916,
          "y": 2.0450849533081055,
          "z": -0.7639320492744446
        },
        {
          "x": 6,
          "y": 2.3090169429779053,
          "z": -1.1909830570220947
        },
        {
          "x": 5.927051067352295,
          "y": 2.572948932647705,
          "z": -1
        },
        {
          "x": 0.8541019558906555,
          "y": 0.30901700258255005,
          "z": 0.19098301231861115
        },
        {
          "x": 0.69098299741745,
          "y": 0.5729489922523499,
          "z": -0.2360679805278778
        },
        {
          "x": 0.30901700258255005,
          "y": 0.1180339902639389,
          "z": -0.04508497193455696
        },
        {
          "x": 0.7639320492744446,
          "y": 0.30901700258255005,
          "z": -0.42705097794532776
        },
        {
          "x": 0.9270510077476501,
          "y": 0.04508497193455696,
          "z": 0
        },
        {
          "x": 6.090169906616211,
          "y": 2.3090169429779053,
          "z": -0.5729489922523499
        },
        {
          "x": 6.85410213470459,
          "y": 2.6180338859558105,
          "z": -1
        }
      ],
      "faces": [
        {
          "vertices": [
            0,
            1,
            2
          ]
        },
        {
          "vertices": [
            0,
            2,
            3
          ]
        },
        {
          "vertices": [
            4,
            5,
            6
          ]
        },
        {
          "vertices": [
            6,
            7,
            8
          ]
        },
        {
          "vertices": [
            3,
            5,
            4,
            9
          ]
        },
        {
          "vertices": [
            1,
            8,
            7,
            2
          ]
        },
        {
          "vertices": [
            4,
            6,
            8
          ]
        },
        {
          "vertices": [
            5,
            7,
            6
          ]
        },
        {
          "vertices": [
            1,
            9,
            4,
            8
          ]
        },
        {
          "vertices": [
            0,
            3,
            9
          ]
        },
        {
          "vertices": [
            2,
            7,
            5,
            3
          ]
        },
        {
          "vertices": [
            0,
            9,
            1
          ]
        }
      ],
      "zone": "icosahedral green 10"
    },
    "s0.9914679127798958": {
      "id": "s0.9914679127798958",
      "vertices": [
        {
          "x": 1,
          "y": 0.30901700258255005,
          "z": 0.19098301231861115
        },
        {
          "x": 1,
          "y": -0.30901700258255005,
          "z": 0.19098301231861115
        },
        {
          "x": 2.2360680103302,
          "y": -0.30901700258255005,
          "z": 0.19098301231861115
        },
        {
          "x": 2.2360680103302,
          "y": 0.30901700258255005,
          "z": 0.19098301231861115
        },
        {
          "x": 2.2360680103302,
          "y": -0.30901700258255005,
          "z": -0.19098301231861115
        },
        {
          "x": 2.2360680103302,
          "y": 0.30901700258255005,
          "z": -0.19098301231861115
        },
        {
          "x": 2.8541018962860107,
          "y": 0,
          "z": 0
        },
        {
          "x": 0.3819660246372223,
          "y": 0,
          "z": 0
        },
        {
          "x": 1,
          "y": 0.30901700258255005,
          "z": -0.19098301231861115
        },
        {
          "x": 1,
          "y": -0.30901700258255005,
          "z": -0.19098301231861115
        },
        {
          "x": 3.2360680103302,
          "y": 0,
          "z": 0
        }
      ],
      "faces": [
        {
          "vertices": [
            0,
            1,
            2,
            3
          ]
        },
        {
          "vertices": [
            2,
            4,
            6
          ]
        },
        {
          "vertices": [
            7,
            8,
            9
          ]
        },
        {
          "vertices": [
            4,
            9,
            8,
            5
          ]
        },
        {
          "vertices": [
            1,
            9,
            4,
            2
          ]
        },
        {
          "vertices": [
            0,
            3,
            5,
            8
          ]
        },
        {
          "vertices": [
            1,
            7,
            9
          ]
        },
        {
          "vertices": [
            2,
            6,
            3
          ]
        },
        {
          "vertices": [
            0,
            7,
            1
          ]
        },
        {
          "vertices": [
            4,
            5,
            6
          ]
        },
        {
          "vertices": [
            0,
            8,
            7
          ]
        },
        {
          "vertices": [
            3,
            6,
            5
          ]
        }
      ],
      "zone": "icosahedral blue 23"
    },
    "s0.23073725825725": {
      "id": "s0.23073725825725",
      "vertices": [
        {
          "x": 1.3090169429779053,
          "y": 0.5,
          "z": -0.19098301231861115
        },
        {
          "x": 0.9270510077476501,
          "y": 0.04508497193455696,
          "z": 0
        },
        {
          "x": 0.7639320492744446,
          "y": 0.30901700258255005,
          "z": -0.42705097794532776
        },
        {
          "x": 0.69098299741745,
          "y": 0.5729489922523499,
          "z": -0.2360679805278778
        },
        {
          "x": 0.8541019558906555,
          "y": 0.30901700258255005,
          "z": 0.19098301231861115
        },
        {
          "x": 0.69098299741745,
          "y": 0.5729489922523499,
          "z": -0.2360679805278778
        },
        {
          "x": 0.30901700258255005,
          "y": 0.1180339902639389,
          "z": -0.04508497193455696
        },
        {
          "x": 0.7639320492744446,
          "y": 0.30901700258255005,
          "z": -0.42705097794532776
        },
        {
          "x": 0.9270510077476501,
          "y": 0.04508497193455696,
          "z": 0
        },
        {
          "x": 0.8541019558906555,
          "y": 0.30901700258255005,
          "z": 0.19098301231861115
        },
        {
          "x": 1.6180340051651,
          "y": 0.6180340051651001,
          "z": -0.2360679805278778
        }
      ],
      "faces": [
        {
          "vertices": [
            0,
            1,
            2
          ]
        },
        {
          "vertices": [
            0,
            2,
            3
          ]
        },
        {
          "vertices": [
            4,
            5,
            6
          ]
        },
        {
          "vertices": [
            6,
            7,
            8
          ]
        },
        {
          "vertices": [
            3,
            5,
            4,
            9
          ]
        },
        {
          "vertices": [
            1,
            8,
            7,
            2
          ]
        },
        {
          "vertices": [
            4,
            6,
            8
          ]
        },
        {
          "vertices": [
            5,
            7,
            6
          ]
        },
        {
          "vertices": [
            1,
            9,
            4,
            8
          ]
        },
        {
          "vertices": [
            0,
            3,
            9
          ]
        },
        {
          "vertices": [
            2,
            7,
            5,
            3
          ]
        },
        {
          "vertices": [
            0,
            9,
            1
          ]
        }
      ],
      "zone": "icosahedral green 3"
    },
    "s0.2369680756925101": {
      "id": "s0.2369680756925101",
      "vertices": [
        {
          "x": 0.9045084714889526,
          "y": 0.345491498708725,
          "z": 0.25
        },
        {
          "x": -0.3315594792366028,
          "y": -0.4184405207633972,
          "z": 0.25
        },
        {
          "x": -0.5225424766540527,
          "y": -0.10942352563142776,
          "z": 0.25
        },
        {
          "x": 0.7135254740715027,
          "y": 0.6545084714889526,
          "z": 0.25
        },
        {
          "x": 0.80901700258255,
          "y": 0.5,
          "z": -0.30901700258255005
        },
        {
          "x": 0.9635254740715027,
          "y": 0.25,
          "z": -0.09549150615930557
        },
        {
          "x": 0.30901700258255005,
          "y": 0.19098301231861115,
          "z": 0
        },
        {
          "x": 0.07294901460409164,
          "y": 0.04508497193455696,
          "z": 0
        },
        {
          "x": -0.5815594792366028,
          "y": -0.013932022266089916,
          "z": -0.09549150615930557
        },
        {
          "x": -0.42705097794532776,
          "y": -0.2639320194721222,
          "z": -0.30901700258255005
        },
        {
          "x": 0.3819660246372223,
          "y": 0.2360679805278778,
          "z": 0
        },
        {
          "x": 0.6545084714889526,
          "y": 0.75,
          "z": -0.09549150615930557
        },
        {
          "x": -0.27254247665405273,
          "y": -0.5139320492744446,
          "z": -0.09549150615930557
        }
      ],
      "faces": [
        {
          "vertices": [
            0,
            1,
            2,
            3
          ]
        },
        {
          "vertices": [
            4,
            5,
            6
          ]
        },
        {
          "vertices": [
            2,
            7,
            8
          ]
        },
        {
          "vertices": [
            0,
            6,
            5
          ]
        },
        {
          "vertices": [
            7,
            9,
            8
          ]
        },
        {
          "vertices": [
            2,
            8,
            11,
            3
          ]
        },
        {
          "vertices": [
            4,
            9,
            12,
            5
          ]
        },
        {
          "vertices": [
            7,
            12,
            9
          ]
        },
        {
          "vertices": [
            4,
            6,
            11
          ]
        },
        {
          "vertices": [
            0,
            3,
            6
          ]
        },
        {
          "vertices": [
            1,
            12,
            7
          ]
        },
        {
          "vertices": [
            3,
            11,
            6
          ]
        },
        {
          "vertices": [
            1,
            7,
            2
          ]
        },
        {
          "vertices": [
            4,
            11,
            8,
            9
          ]
        },
        {
          "vertices": [
            0,
            5,
            12,
            1
          ]
        }
      ],
      "zone": "icosahedral red 17"
    },
    "s0.5837805304601387": {
      "id": "s0.5837805304601387",
      "vertices": [
        {
          "x": 0.9045084714889526,
          "y": 0.345491498708725,
          "z": 0.25
        },
        {
          "x": -0.47745752334594727,
          "y": -0.5086104869842529,
          "z": 0.25
        },
        {
          "x": -0.6684405207633972,
          "y": -0.1995934695005417,
          "z": 0.25
        },
        {
          "x": 0.7135254740715027,
          "y": 0.6545084714889526,
          "z": 0.25
        },
        {
          "x": 0.80901700258255,
          "y": 0.5,
          "z": -0.30901700258255005
        },
        {
          "x": 0.9635254740715027,
          "y": 0.25,
          "z": -0.09549150615930557
        },
        {
          "x": 0.30901700258255005,
          "y": 0.19098301231861115,
          "z": 0
        },
        {
          "x": -0.07294901460409164,
          "y": -0.04508497193455696,
          "z": 0
        },
        {
          "x": -0.7274575233459473,
          "y": -0.10410196334123611,
          "z": -0.09549150615930557
        },
        {
          "x": -0.5729489922523499,
          "y": -0.3541019558906555,
          "z": -0.30901700258255005
        },
        {
          "x": 0.2360679805278778,
          "y": 0.1458980292081833,
          "z": 0
        },
        {
          "x": 0.6545084714889526,
          "y": 0.75,
          "z": -0.09549150615930557
        },
        {
          "x": -0.4184405207633972,
          "y": -0.6041019558906555,
          "z": -0.09549150615930557
        }
      ],
