{
  "field" : "golden",
  "symmetry" : "icosahedral",
  "orientations" : [ [ 1.0, 0.0, 0.0, 0.0, 0.0, 1.0, 0.0, 0.0, 0.0, 0.0, 1.0, 0.0, 0.0, 0.0, 0.0, 1.0 ], [ 0.0, 0.0, 1.0, 0.0, 1.0, 0.0, 0.0, 0.0, 0.0, 1.0, 0.0, 0.0, 0.0, 0.0, 0.0, 1.0 ], [ 0.0, 1.0, 0.0, 0.0, 0.0, 0.0, 1.0, 0.0, 1.0, 0.0, 0.0, 0.0, 0.0, 0.0, 0.0, 1.0 ], [ 0.809017, 0.309017, 0.5, 0.0, 0.309017, 0.5, -0.809017, 0.0, -0.5, 0.809017, 0.309017, 0.0, 0.0, 0.0, 0.0, 1.0 ], [ -0.5, 0.809017, 0.309017, 0.0, 0.809017, 0.309017, 0.5, 0.0, 0.309017, 0.5, -0.809017, 0.0, 0.0, 0.0, 0.0, 1.0 ], [ 0.309017, 0.5, -0.809017, 0.0, -0.5, 0.809017, 0.309017, 0.0, 0.809017, 0.309017, 0.5, 0.0, 0.0, 0.0, 0.0, 1.0 ], [ 0.5, 0.809017, 0.309017, 0.0, 0.809017, -0.309017, -0.5, 0.0, -0.309017, 0.5, -0.809017, 0.0, 0.0, 0.0, 0.0, 1.0 ], [ -0.309017, 0.5, -0.809017, 0.0, 0.5, 0.809017, 0.309017, 0.0, 0.809017, -0.309017, -0.5, 0.0, 0.0, 0.0, 0.0, 1.0 ], [ 0.809017, -0.309017, -0.5, 0.0, -0.309017, 0.5, -0.809017, 0.0, 0.5, 0.809017, 0.309017, 0.0, 0.0, 0.0, 0.0, 1.0 ], [ 0.5, 0.809017, -0.309017, 0.0, 0.809017, -0.309017, 0.5, 0.0, 0.309017, -0.5, -0.809017, 0.0, 0.0, 0.0, 0.0, 1.0 ], [ 0.309017, -0.5, -0.809017, 0.0, 0.5, 0.809017, -0.309017, 0.0, 0.809017, -0.309017, 0.5, 0.0, 0.0, 0.0, 0.0, 1.0 ], [ 0.809017, -0.309017, 0.5, 0.0, 0.309017, -0.5, -0.809017, 0.0, 0.5, 0.809017, -0.309017, 0.0, 0.0, 0.0, 0.0, 1.0 ], [ 0.809017, 0.309017, -0.5, 0.0, 0.309017, 0.5, 0.809017, 0.0, 0.5, -0.809017, 0.309017, 0.0, 0.0, 0.0, 0.0, 1.0 ], [ 0.5, -0.809017, 0.309017, 0.0, 0.809017, 0.309017, -0.5, 0.0, 0.309017, 0.5, 0.809017, 0.0, 0.0, 0.0, 0.0, 1.0 ], [ 0.309017, 0.5, 0.809017, 0.0, 0.5, -0.809017, 0.309017, 0.0, 0.809017, 0.309017, -0.5, 0.0, 0.0, 0.0, 0.0, 1.0 ], [ 1.0, 0.0, 0.0, 0.0, 0.0, -1.0, 0.0, 0.0, 0.0, 0.0, -1.0, 0.0, 0.0, 0.0, 0.0, 1.0 ], [ 0.0, 0.0, 1.0, 0.0, -1.0, 0.0, 0.0, 0.0, 0.0, -1.0, 0.0, 0.0, 0.0, 0.0, 0.0, 1.0 ], [ 0.0, 1.0, 0.0, 0.0, 0.0, 0.0, -1.0, 0.0, -1.0, 0.0, 0.0, 0.0, 0.0, 0.0, 0.0, 1.0 ], [ 0.809017, 0.309017, 0.5, 0.0, -0.309017, -0.5, 0.809017, 0.0, 0.5, -0.809017, -0.309017, 0.0, 0.0, 0.0, 0.0, 1.0 ], [ -0.5, 0.809017, 0.309017, 0.0, -0.809017, -0.309017, -0.5, 0.0, -0.309017, -0.5, 0.809017, 0.0, 0.0, 0.0, 0.0, 1.0 ], [ 0.309017, 0.5, -0.809017, 0.0, 0.5, -0.809017, -0.309017, 0.0, -0.809017, -0.309017, -0.5, 0.0, 0.0, 0.0, 0.0, 1.0 ], [ 0.5, 0.809017, 0.309017, 0.0, -0.809017, 0.309017, 0.5, 0.0, 0.309017, -0.5, 0.809017, 0.0, 0.0, 0.0, 0.0, 1.0 ], [ -0.309017, 0.5, -0.809017, 0.0, -0.5, -0.809017, -0.309017, 0.0, -0.809017, 0.309017, 0.5, 0.0, 0.0, 0.0, 0.0, 1.0 ], [ 0.809017, -0.309017, -0.5, 0.0, 0.309017, -0.5, 0.809017, 0.0, -0.5, -0.809017, -0.309017, 0.0, 0.0, 0.0, 0.0, 1.0 ], [ 0.5, 0.809017, -0.309017, 0.0, -0.809017, 0.309017, -0.5, 0.0, -0.309017, 0.5, 0.809017, 0.0, 0.0, 0.0, 0.0, 1.0 ], [ 0.309017, -0.5, -0.809017, 0.0, -0.5, -0.809017, 0.309017, 0.0, -0.809017, 0.309017, -0.5, 0.0, 0.0, 0.0, 0.0, 1.0 ], [ 0.809017, -0.309017, 0.5, 0.0, -0.309017, 0.5, 0.809017, 0.0, -0.5, -0.809017, 0.309017, 0.0, 0.0, 0.0, 0.0, 1.0 ], [ 0.809017, 0.309017, -0.5, 0.0, -0.309017, -0.5, -0.809017, 0.0, -0.5, 0.809017, -0.309017, 0.0, 0.0, 0.0, 0.0, 1.0 ], [ 0.5, -0.809017, 0.309017, 0.0, -0.809017, -0.309017, 0.5, 0.0, -0.309017, -0.5, -0.809017, 0.0, 0.0, 0.0, 0.0, 1.0 ], [ 0.309017, 0.5, 0.809017, 0.0, -0.5, 0.809017, -0.309017, 0.0, -0.809017, -0.309017, 0.5, 0.0, 0.0, 0.0, 0.0, 1.0 ], [ -1.0, 0.0, 0.0, 0.0, 0.0, -1.0, 0.0, 0.0, 0.0, 0.0, 1.0, 0.0, 0.0, 0.0, 0.0, 1.0 ], [ 0.0, 0.0, -1.0, 0.0, -1.0, 0.0, 0.0, 0.0, 0.0, 1.0, 0.0, 0.0, 0.0, 0.0, 0.0, 1.0 ], [ 0.0, -1.0, 0.0, 0.0, 0.0, 0.0, -1.0, 0.0, 1.0, 0.0, 0.0, 0.0, 0.0, 0.0, 0.0, 1.0 ], [ -0.809017, -0.309017, -0.5, 0.0, -0.309017, -0.5, 0.809017, 0.0, -0.5, 0.809017, 0.309017, 0.0, 0.0, 0.0, 0.0, 1.0 ], [ 0.5, -0.809017, -0.309017, 0.0, -0.809017, -0.309017, -0.5, 0.0, 0.309017, 0.5, -0.809017, 0.0, 0.0, 0.0, 0.0, 1.0 ], [ -0.309017, -0.5, 0.809017, 0.0, 0.5, -0.809017, -0.309017, 0.0, 0.809017, 0.309017, 0.5, 0.0, 0.0, 0.0, 0.0, 1.0 ], [ -0.5, -0.809017, -0.309017, 0.0, -0.809017, 0.309017, 0.5, 0.0, -0.309017, 0.5, -0.809017, 0.0, 0.0, 0.0, 0.0, 1.0 ], [ 0.309017, -0.5, 0.809017, 0.0, -0.5, -0.809017, -0.309017, 0.0, 0.809017, -0.309017, -0.5, 0.0, 0.0, 0.0, 0.0, 1.0 ], [ -0.809017, 0.309017, 0.5, 0.0, 0.309017, -0.5, 0.809017, 0.0, 0.5, 0.809017, 0.309017, 0.0, 0.0, 0.0, 0.0, 1.0 ], [ -0.5, -0.809017, 0.309017, 0.0, -0.809017, 0.309017, -0.5, 0.0, 0.309017, -0.5, -0.809017, 0.0, 0.0, 0.0, 0.0, 1.0 ], [ -0.309017, 0.5, 0.809017, 0.0, -0.5, -0.809017, 0.309017, 0.0, 0.809017, -0.309017, 0.5, 0.0, 0.0, 0.0, 0.0, 1.0 ], [ -0.809017, 0.309017, -0.5, 0.0, -0.309017, 0.5, 0.809017, 0.0, 0.5, 0.809017, -0.309017, 0.0, 0.0, 0.0, 0.0, 1.0 ], [ -0.809017, -0.309017, 0.5, 0.0, -0.309017, -0.5, -0.809017, 0.0, 0.5, -0.809017, 0.309017, 0.0, 0.0, 0.0, 0.0, 1.0 ], [ -0.5, 0.809017, -0.309017, 0.0, -0.809017, -0.309017, 0.5, 0.0, 0.309017, 0.5, 0.809017, 0.0, 0.0, 0.0, 0.0, 1.0 ], [ -0.309017, -0.5, -0.809017, 0.0, -0.5, 0.809017, -0.309017, 0.0, 0.809017, 0.309017, -0.5, 0.0, 0.0, 0.0, 0.0, 1.0 ], [ -1.0, 0.0, 0.0, 0.0, 0.0, 1.0, 0.0, 0.0, 0.0, 0.0, -1.0, 0.0, 0.0, 0.0, 0.0, 1.0 ], [ 0.0, 0.0, -1.0, 0.0, 1.0, 0.0, 0.0, 0.0, 0.0, -1.0, 0.0, 0.0, 0.0, 0.0, 0.0, 1.0 ], [ 0.0, -1.0, 0.0, 0.0, 0.0, 0.0, 1.0, 0.0, -1.0, 0.0, 0.0, 0.0, 0.0, 0.0, 0.0, 1.0 ], [ -0.809017, -0.309017, -0.5, 0.0, 0.309017, 0.5, -0.809017, 0.0, 0.5, -0.809017, -0.309017, 0.0, 0.0, 0.0, 0.0, 1.0 ], [ 0.5, -0.809017, -0.309017, 0.0, 0.809017, 0.309017, 0.5, 0.0, -0.309017, -0.5, 0.809017, 0.0, 0.0, 0.0, 0.0, 1.0 ], [ -0.309017, -0.5, 0.809017, 0.0, -0.5, 0.809017, 0.309017, 0.0, -0.809017, -0.309017, -0.5, 0.0, 0.0, 0.0, 0.0, 1.0 ], [ -0.5, -0.809017, -0.309017, 0.0, 0.809017, -0.309017, -0.5, 0.0, 0.309017, -0.5, 0.809017, 0.0, 0.0, 0.0, 0.0, 1.0 ], [ 0.309017, -0.5, 0.809017, 0.0, 0.5, 0.809017, 0.309017, 0.0, -0.809017, 0.309017, 0.5, 0.0, 0.0, 0.0, 0.0, 1.0 ], [ -0.809017, 0.309017, 0.5, 0.0, -0.309017, 0.5, -0.809017, 0.0, -0.5, -0.809017, -0.309017, 0.0, 0.0, 0.0, 0.0, 1.0 ], [ -0.5, -0.809017, 0.309017, 0.0, 0.809017, -0.309017, 0.5, 0.0, -0.309017, 0.5, 0.809017, 0.0, 0.0, 0.0, 0.0, 1.0 ], [ -0.309017, 0.5, 0.809017, 0.0, 0.5, 0.809017, -0.309017, 0.0, -0.809017, 0.309017, -0.5, 0.0, 0.0, 0.0, 0.0, 1.0 ], [ -0.809017, 0.309017, -0.5, 0.0, 0.309017, -0.5, -0.809017, 0.0, -0.5, -0.809017, 0.309017, 0.0, 0.0, 0.0, 0.0, 1.0 ], [ -0.809017, -0.309017, 0.5, 0.0, 0.309017, 0.5, 0.809017, 0.0, -0.5, 0.809017, -0.309017, 0.0, 0.0, 0.0, 0.0, 1.0 ], [ -0.5, 0.809017, -0.309017, 0.0, 0.809017, 0.309017, -0.5, 0.0, -0.309017, -0.5, -0.809017, 0.0, 0.0, 0.0, 0.0, 1.0 ], [ -0.309017, -0.5, -0.809017, 0.0, 0.5, -0.809017, 0.309017, 0.0, -0.809017, -0.309017, 0.5, 0.0, 0.0, 0.0, 0.0, 1.0 ] ],
  "lights" : {
    "ambientColor" : "#292929",
    "backgroundColor" : "#AFC8DC",
    "directionalLights" : [ {
      "direction" : {
        "x" : 1.0,
        "y" : -1.0,
        "z" : -1.0
      },
      "color" : "#EBEBE4"
    }, {
      "direction" : {
        "x" : -1.0,
        "y" : 0.0,
        "z" : 0.0
      },
      "color" : "#E4E4EB"
    }, {
      "direction" : {
        "x" : 0.0,
        "y" : 0.0,
        "z" : -1.0
      },
      "color" : "#1E1E1E"
    } ]
  },
  "camera" : {
    "lookDirection" : {
      "x" : 0.5519282,
      "y" : -0.74951655,
      "z" : 0.36551368
    },
    "upDirection" : {
      "x" : -0.8338147,
      "y" : -0.5019791,
      "z" : 0.22971538
    },
    "lookAtPoint" : {
      "x" : 0.0,
      "y" : 0.0,
      "z" : 0.0
    },
    "viewDistance" : 143.86559,
    "nearClipDistance" : 0.35966393,
    "farClipDistance" : 287.7313,
    "fieldOfView" : 0.44262895,
    "perspective" : true,
    "width" : 64.739525,
    "stereo" : false,
    "position" : {
      "x" : -79.40348,
      "y" : 107.829636,
      "z" : -52.58484
    }
  },
  "embedding" : [ 1.0, 0.0, 0.0, 0.0, 0.0, 1.0, 0.0, 0.0, 0.0, 0.0, 1.0, 0.0, 0.0, 0.0, 0.0, 1.0 ],
  "shapes" : [ {
    "id" : "77721648-422e-488d-8b3f-5d30a675aa5f",
    "vertices" : [ {
      "x" : 1.0,
      "y" : -0.309017,
      "z" : -0.19098301
    }, {
      "x" : 0.809017,
      "y" : 0.0,
      "z" : -0.690983
    }, {
      "x" : 1.0,
      "y" : 0.309017,
      "z" : -0.19098301
    }, {
      "x" : 1.809017,
      "y" : 0.0,
      "z" : -0.309017
    }, {
      "x" : 1.618034,
      "y" : 0.309017,
      "z" : -0.809017
    }, {
      "x" : 2.0,
      "y" : 0.309017,
      "z" : -0.19098301
    }, {
      "x" : 1.809017,
      "y" : 0.618034,
      "z" : -0.690983
    }, {
      "x" : 5.854102,
      "y" : 0.690983,
      "z" : -1.427051
    }, {
      "x" : 5.663119,
      "y" : 1.0,
      "z" : -1.927051
    }, {
      "x" : 6.045085,
      "y" : 1.0,
      "z" : -1.309017
    }, {
      "x" : 5.854102,
      "y" : 1.309017,
      "z" : -1.809017
    }, {
      "x" : 6.663119,
      "y" : 1.0,
      "z" : -1.927051
    }, {
      "x" : 6.854102,
      "y" : 1.309017,
      "z" : -1.427051
    }, {
      "x" : 6.663119,
      "y" : 1.618034,
      "z" : -1.927051
    }, {
      "x" : 7.663119,
      "y" : 1.309017,
      "z" : -2.118034
    } ],
    "faces" : [ {
      "vertices" : [ 8, 13, 11 ]
    }, {
      "vertices" : [ 2, 5, 9 ]
    }, {
      "vertices" : [ 2, 9, 10 ]
    }, {
      "vertices" : [ 2, 10, 6 ]
    }, {
      "vertices" : [ 3, 4, 8 ]
    }, {
      "vertices" : [ 3, 8, 11 ]
    }, {
      "vertices" : [ 3, 11, 7 ]
    }, {
      "vertices" : [ 0, 2, 1 ]
    }, {
      "vertices" : [ 11, 13, 12 ]
    }, {
      "vertices" : [ 0, 5, 2 ]
    }, {
      "vertices" : [ 0, 3, 5 ]
    }, {
      "vertices" : [ 0, 1, 4 ]
    }, {
      "vertices" : [ 0, 4, 3 ]
    }, {
      "vertices" : [ 1, 2, 6 ]
    }, {
      "vertices" : [ 1, 6, 4 ]
    }, {
      "vertices" : [ 9, 12, 13 ]
    }, {
      "vertices" : [ 9, 13, 10 ]
    }, {
      "vertices" : [ 3, 7, 9 ]
    }, {
      "vertices" : [ 3, 9, 5 ]
    }, {
      "vertices" : [ 7, 12, 9 ]
    }, {
      "vertices" : [ 4, 6, 10 ]
    }, {
      "vertices" : [ 4, 10, 8 ]
    }, {
      "vertices" : [ 7, 11, 12 ]
    }, {
      "vertices" : [ 8, 10, 13 ]
    } ]
  }, {
    "id" : "594f94ef-ac0b-4c4c-8c5e-6c172e138d9a",
    "vertices" : [ {
      "x" : 5.854102,
      "y" : 0.309017,
      "z" : 0.19098301
    }, {
      "x" : 5.854102,
      "y" : 0.309017,
      "z" : -0.19098301
    }, {
      "x" : 1.0,
      "y" : 0.309017,
      "z" : -0.19098301
    }, {
      "x" : 1.0,
      "y" : 0.309017,
      "z" : 0.19098301
    }, {
      "x" : 5.854102,
      "y" : -0.309017,
      "z" : 0.19098301
    }, {
      "x" : 1.0,
      "y" : -0.309017,
      "z" : 0.19098301
    }, {
      "x" : 1.0,
      "y" : -0.309017,
      "z" : -0.19098301
    }, {
      "x" : 5.854102,
      "y" : -0.309017,
      "z" : -0.19098301
    }, {
      "x" : 6.854102,
      "y" : 0.0,
      "z" : 0.0
    } ],
    "faces" : [ {
      "vertices" : [ 1, 7, 6 ]
    }, {
      "vertices" : [ 1, 6, 2 ]
    }, {
      "vertices" : [ 0, 1, 2 ]
    }, {
      "vertices" : [ 0, 2, 3 ]
    }, {
      "vertices" : [ 4, 5, 6 ]
    }, {
      "vertices" : [ 4, 6, 7 ]
    }, {
      "vertices" : [ 0, 3, 5 ]
    }, {
      "vertices" : [ 0, 5, 4 ]
    } ]
  }, {
    "id" : "0fa30284-d246-478c-b380-34d146c616b6",
    "vertices" : [ {
      "x" : 0.309017,
      "y" : -0.809017,
      "z" : 0.618034
    }, {
      "x" : 0.809017,
      "y" : -0.618034,
      "z" : 0.309017
    }, {
      "x" : 0.618034,
      "y" : -0.309017,
      "z" : 0.809017
    }, {
      "x" : 1.0,
      "y" : 0.309017,
      "z" : 0.19098301
    }, {
      "x" : 0.809017,
      "y" : 0.618034,
      "z" : 0.309017
    }, {
      "x" : 0.618034,
      "y" : 0.309017,
      "z" : 0.809017
    }, {
      "x" : 0.809017,
      "y" : 0.0,
      "z" : 0.690983
    }, {
      "x" : 0.19098301,
      "y" : -1.0,
      "z" : 0.309017
    }, {
      "x" : -0.19098301,
      "y" : -1.0,
      "z" : 0.309017
    }, {
      "x" : -0.19098301,
      "y" : -1.0,
      "z" : -0.309017
    }, {
      "x" : 0.19098301,
      "y" : -1.0,
      "z" : -0.309017
    }, {
      "x" : 1.0,
      "y" : -0.309017,
      "z" : -0.19098301
    }, {
      "x" : 0.809017,
      "y" : -0.618034,
      "z" : -0.309017
    }, {
      "x" : 0.618034,
      "y" : -0.309017,
      "z" : -0.809017
    }, {
      "x" : 0.809017,
      "y" : 0.0,
      "z" : -0.690983
    }, {
      "x" : 0.0,
      "y" : 0.690983,
      "z" : -0.809017
    }, {
      "x" : 0.309017,
      "y" : 0.809017,
      "z" : -0.618034
    }, {
      "x" : 0.618034,
      "y" : 0.309017,
      "z" : -0.809017
    }, {
      "x" : 0.309017,
      "y" : 0.19098301,
      "z" : -1.0
    }, {
      "x" : 1.0,
      "y" : 0.309017,
      "z" : -0.19098301
    }, {
      "x" : -0.309017,
      "y" : -0.809017,
      "z" : 0.618034
    }, {
      "x" : 0.0,
      "y" : -0.690983,
      "z" : 0.809017
    }, {
      "x" : 0.809017,
      "y" : 0.618034,
      "z" : -0.309017
    }, {
      "x" : 0.690983,
      "y" : 0.809017,
      "z" : 0.0
    }, {
      "x" : -0.690983,
      "y" : 0.809017,
      "z" : 0.0
    }, {
      "x" : -0.809017,
      "y" : 0.618034,
      "z" : 0.309017
    }, {
      "x" : -0.309017,
      "y" : 0.809017,
      "z" : 0.618034
    }, {
      "x" : -0.19098301,
      "y" : 1.0,
      "z" : 0.309017
    }, {
      "x" : 0.309017,
      "y" : -0.19098301,
      "z" : -1.0
    }, {
      "x" : 0.19098301,
      "y" : 1.0,
      "z" : 0.309017
    }, {
      "x" : 0.309017,
      "y" : 0.809017,
      "z" : 0.618034
    }, {
      "x" : -0.809017,
      "y" : -0.618034,
      "z" : 0.309017
    }, {
      "x" : -0.690983,
      "y" : -0.809017,
      "z" : 0.0
    }, {
      "x" : 0.0,
      "y" : 0.690983,
      "z" : 0.809017
    }, {
      "x" : 0.309017,
      "y" : -0.809017,
      "z" : -0.618034
    }, {
      "x" : 0.0,
      "y" : -0.690983,
      "z" : -0.809017
    }, {
      "x" : -1.0,
      "y" : 0.309017,
      "z" : 0.19098301
    }, {
      "x" : -0.809017,
      "y" : 0.0,
      "z" : 0.690983
    }, {
      "x" : -0.618034,
      "y" : 0.309017,
      "z" : 0.809017
    }, {
      "x" : 1.0,
      "y" : -0.309017,
      "z" : 0.19098301
    }, {
      "x" : -0.309017,
      "y" : -0.809017,
      "z" : -0.618034
    }, {
      "x" : -1.0,
      "y" : 0.309017,
      "z" : -0.19098301
    }, {
      "x" : -1.0,
      "y" : -0.309017,
      "z" : -0.19098301
    }, {
      "x" : -1.0,
      "y" : -0.309017,
      "z" : 0.19098301
    }, {
      "x" : 0.19098301,
      "y" : 1.0,
      "z" : -0.309017
    }, {
      "x" : -0.809017,
      "y" : 0.618034,
      "z" : -0.309017
    }, {
      "x" : -0.19098301,
      "y" : 1.0,
      "z" : -0.309017
    }, {
      "x" : -0.309017,
      "y" : 0.809017,
      "z" : -0.618034
    }, {
      "x" : -0.618034,
      "y" : -0.309017,
      "z" : 0.809017
    }, {
      "x" : 0.309017,
      "y" : 0.19098301,
      "z" : 1.0
    }, {
      "x" : -0.309017,
      "y" : 0.19098301,
      "z" : -1.0
    }, {
      "x" : -0.309017,
      "y" : 0.19098301,
      "z" : 1.0
    }, {
      "x" : -0.309017,
      "y" : -0.19098301,
      "z" : 1.0
    }, {
      "x" : 0.309017,
      "y" : -0.19098301,
      "z" : 1.0
    }, {
      "x" : 0.690983,
      "y" : -0.809017,
      "z" : 0.0
    }, {
      "x" : -0.809017,
      "y" : 0.0,
      "z" : -0.690983
    }, {
      "x" : -0.618034,
      "y" : -0.309017,
      "z" : -0.809017
    }, {
      "x" : -0.309017,
      "y" : -0.19098301,
      "z" : -1.0
    }, {
      "x" : -0.618034,
      "y" : 0.309017,
      "z" : -0.809017
    }, {
      "x" : -0.809017,
      "y" : -0.618034,
      "z" : -0.309017
    } ],
    "faces" : [ {
      "vertices" : [ 9, 40, 35 ]
    }, {
      "vertices" : [ 9, 35, 34 ]
    }, {
      "vertices" : [ 9, 34, 10 ]
    }, {
      "vertices" : [ 0, 1, 2 ]
    }, {
      "vertices" : [ 33, 51, 49 ]
    }, {
      "vertices" : [ 25, 36, 37 ]
    }, {
      "vertices" : [ 25, 37, 38 ]
    }, {
      "vertices" : [ 41, 55, 42 ]
    }, {
      "vertices" : [ 9, 32, 59 ]
    }, {
      "vertices" : [ 9, 59, 40 ]
    }, {
      "vertices" : [ 20, 21, 52 ]
    }, {
      "vertices" : [ 20, 52, 48 ]
    }, {
      "vertices" : [ 26, 33, 30 ]
    }, {
      "vertices" : [ 26, 30, 29 ]
    }, {
      "vertices" : [ 26, 29, 27 ]
    }, {
      "vertices" : [ 3, 4, 5 ]
    }, {
      "vertices" : [ 3, 5, 6 ]
    }, {
      "vertices" : [ 27, 29, 44 ]
    }, {
      "vertices" : [ 27, 44, 46 ]
    }, {
      "vertices" : [ 50, 57, 56 ]
    }, {
      "vertices" : [ 50, 56, 55 ]
    }, {
      "vertices" : [ 50, 55, 58 ]
    }, {
      "vertices" : [ 26, 38, 51 ]
    }, {
      "vertices" : [ 26, 51, 33 ]
    }, {
      "vertices" : [ 45, 47, 58 ]
    }, {
      "vertices" : [ 18, 28, 57 ]
    }, {
      "vertices" : [ 18, 57, 50 ]
    }, {
      "vertices" : [ 40, 59, 56 ]
    }, {
      "vertices" : [ 31, 48, 37 ]
    }, {
      "vertices" : [ 31, 37, 43 ]
    }, {
      "vertices" : [ 7, 8, 9 ]
    }, {
      "vertices" : [ 7, 9, 10 ]
    }, {
      "vertices" : [ 36, 41, 42 ]
    }, {
      "vertices" : [ 36, 42, 43 ]
    }, {
      "vertices" : [ 24, 46, 47 ]
    }, {
      "vertices" : [ 24, 47, 45 ]
    }, {
      "vertices" : [ 4, 30, 5 ]
    }, {
      "vertices" : [ 15, 47, 46 ]
    }, {
      "vertices" : [ 15, 46, 44 ]
    }, {
      "vertices" : [ 15, 44, 16 ]
    }, {
      "vertices" : [ 15, 50, 58 ]
    }, {
      "vertices" : [ 15, 58, 47 ]
    }, {
      "vertices" : [ 24, 45, 41 ]
    }, {
      "vertices" : [ 24, 41, 36 ]
    }, {
      "vertices" : [ 24, 36, 25 ]
    }, {
      "vertices" : [ 11, 14, 19 ]
    }, {
      "vertices" : [ 3, 6, 39 ]
    }, {
      "vertices" : [ 1, 39, 6 ]
    }, {
      "vertices" : [ 1, 6, 2 ]
    }, {
      "vertices" : [ 8, 32, 9 ]
    }, {
      "vertices" : [ 11, 12, 13 ]
    }, {
      "vertices" : [ 11, 13, 14 ]
    }, {
      "vertices" : [ 16, 22, 17 ]
    }, {
      "vertices" : [ 0, 21, 20 ]
    }, {
      "vertices" : [ 0, 20, 8 ]
    }, {
      "vertices" : [ 0, 8, 7 ]
    }, {
      "vertices" : [ 12, 34, 13 ]
    }, {
      "vertices" : [ 35, 40, 56 ]
    }, {
      "vertices" : [ 35, 56, 57 ]
    }, {
      "vertices" : [ 0, 7, 54 ]
    }, {
      "vertices" : [ 0, 54, 1 ]
    }, {
      "vertices" : [ 15, 16, 17 ]
    }, {
      "vertices" : [ 15, 17, 18 ]
    }, {
      "vertices" : [ 3, 19, 22 ]
    }, {
      "vertices" : [ 3, 22, 23 ]
    }, {
      "vertices" : [ 3, 23, 4 ]
    }, {
      "vertices" : [ 7, 10, 54 ]
    }, {
      "vertices" : [ 41, 45, 58 ]
    }, {
      "vertices" : [ 41, 58, 55 ]
    }, {
      "vertices" : [ 3, 39, 11 ]
    }, {
      "vertices" : [ 3, 11, 19 ]
    }, {
      "vertices" : [ 14, 17, 22 ]
    }, {
      "vertices" : [ 14, 22, 19 ]
    }, {
      "vertices" : [ 0, 2, 53 ]
    }, {
      "vertices" : [ 0, 53, 21 ]
    }, {
      "vertices" : [ 49, 51, 52 ]
    }, {
      "vertices" : [ 49, 52, 53 ]
    }, {
      "vertices" : [ 31, 43, 42 ]
    }, {
      "vertices" : [ 31, 42, 59 ]
    }, {
      "vertices" : [ 31, 59, 32 ]
    }, {
      "vertices" : [ 15, 18, 50 ]
    }, {
      "vertices" : [ 42, 55, 56 ]
    }, {
      "vertices" : [ 42, 56, 59 ]
    }, {
      "vertices" : [ 4, 23, 29 ]
    }, {
      "vertices" : [ 4, 29, 30 ]
    }, {
      "vertices" : [ 25, 38, 26 ]
    }, {
      "vertices" : [ 13, 28, 18 ]
    }, {
      "vertices" : [ 13, 18, 17 ]
    }, {
      "vertices" : [ 13, 17, 14 ]
    }, {
      "vertices" : [ 8, 20, 31 ]
    }, {
      "vertices" : [ 8, 31, 32 ]
    }, {
      "vertices" : [ 23, 44, 29 ]
    }, {
      "vertices" : [ 24, 27, 46 ]
    }, {
      "vertices" : [ 37, 48, 52 ]
    }, {
      "vertices" : [ 37, 52, 51 ]
    }, {
      "vertices" : [ 37, 51, 38 ]
    }, {
      "vertices" : [ 20, 48, 31 ]
    }, {
      "vertices" : [ 24, 25, 26 ]
    }, {
      "vertices" : [ 24, 26, 27 ]
    }, {
      "vertices" : [ 16, 44, 23 ]
    }, {
      "vertices" : [ 16, 23, 22 ]
    }, {
      "vertices" : [ 13, 34, 35 ]
    }, {
      "vertices" : [ 13, 35, 28 ]
    }, {
      "vertices" : [ 10, 34, 12 ]
    }, {
      "vertices" : [ 10, 12, 54 ]
    }, {
      "vertices" : [ 2, 6, 5 ]
    }, {
      "vertices" : [ 2, 5, 49 ]
    }, {
      "vertices" : [ 2, 49, 53 ]
    }, {
      "vertices" : [ 36, 43, 37 ]
    }, {
      "vertices" : [ 5, 30, 33 ]
    }, {
      "vertices" : [ 5, 33, 49 ]
    }, {
      "vertices" : [ 1, 54, 12 ]
    }, {
      "vertices" : [ 1, 12, 11 ]
    }, {
      "vertices" : [ 1, 11, 39 ]
    }, {
      "vertices" : [ 28, 35, 57 ]
    }, {
      "vertices" : [ 21, 53, 52 ]
    } ]
  } ],
  "instances" : [ {
    "shape" : "77721648-422e-488d-8b3f-5d30a675aa5f",
    "color" : "#DC4C00",
    "position" : {
      "x" : 0.0,
      "y" : 6.854102,
      "z" : -17.944271
    },
    "orientation" : 42
  }, {
    "shape" : "77721648-422e-488d-8b3f-5d30a675aa5f",
    "color" : "#DC4C00",
    "position" : {
      "x" : 11.09017,
      "y" : 11.09017,
      "z" : 11.09017
    },
    "orientation" : 17
  }, {
    "shape" : "77721648-422e-488d-8b3f-5d30a675aa5f",
    "color" : "#DC4C00",
    "position" : {
      "x" : -3.427051,
      "y" : -12.399187,
      "z" : -13.208204
    },
    "orientation" : 45
  }, {
    "shape" : "594f94ef-ac0b-4c4c-8c5e-6c172e138d9a",
    "color" : "#007695",
    "position" : {
      "x" : 7.663119,
      "y" : 5.545085,
      "z" : -15.826238
    },
    "orientation" : 36
  }, {
    "shape" : "77721648-422e-488d-8b3f-5d30a675aa5f",
    "color" : "#DC4C00",
    "position" : {
      "x" : -11.09017,
      "y" : -11.09017,
      "z" : -11.09017
    },
    "orientation" : 49
  }, {
    "shape" : "0fa30284-d246-478c-b380-34d146c616b6",
    "color" : "#FFFFFF",
    "position" : {
      "x" : -3.427051,
      "y" : 12.399187,
      "z" : 13.208204
    }
  }, {
    "shape" : "594f94ef-ac0b-4c4c-8c5e-6c172e138d9a",
    "color" : "#007695",
    "position" : {
      "x" : -13.208204,
      "y" : -3.427051,
      "z" : -12.399187
    },
    "orientation" : 26
  }, {
    "shape" : "77721648-422e-488d-8b3f-5d30a675aa5f",
    "color" : "#DC4C00",
    "position" : {
      "x" : -5.545085,
      "y" : 15.826238,
      "z" : 7.663119
    },
    "orientation" : 59
  }, {
    "shape" : "77721648-422e-488d-8b3f-5d30a675aa5f",
    "color" : "#DC4C00",
    "position" : {
      "x" : 7.663119,
      "y" : 5.545085,
      "z" : -15.826238
    },
    "orientation" : 57
  }, {
    "shape" : "77721648-422e-488d-8b3f-5d30a675aa5f",
    "color" : "#DC4C00",
    "position" : {
      "x" : 13.208204,
      "y" : 3.427051,
      "z" : -12.399187
    },
    "orientation" : 1
  }, {
    "shape" : "594f94ef-ac0b-4c4c-8c5e-6c172e138d9a",
    "color" : "#007695",
    "position" : {
      "x" : -7.663119,
      "y" : 5.545085,
      "z" : -15.826238
    },
    "orientation" : 41
  }, {
    "shape" : "594f94ef-ac0b-4c4c-8c5e-6c172e138d9a",
    "color" : "#007695",
    "position" : {
      "x" : 0.0,
      "y" : -17.944271,
      "z" : -4.236068
    },
    "orientation" : 23
  }, {
    "shape" : "77721648-422e-488d-8b3f-5d30a675aa5f",
    "color" : "#DC4C00",
    "position" : {
      "x" : 11.09017,
      "y" : 11.09017,
      "z" : -11.09017
    },
    "orientation" : 48
  }, {
    "shape" : "77721648-422e-488d-8b3f-5d30a675aa5f",
    "color" : "#DC4C00",
    "position" : {
      "x" : -13.208204,
      "y" : 3.427051,
      "z" : -12.399187
    },
    "orientation" : 41
  }, {
    "shape" : "594f94ef-ac0b-4c4c-8c5e-6c172e138d9a",
    "color" : "#007695",
    "position" : {
      "x" : 7.663119,
      "y" : -5.545085,
      "z" : 15.826238
    },
    "orientation" : 51
  }, {
    "shape" : "77721648-422e-488d-8b3f-5d30a675aa5f",
    "color" : "#DC4C00",
    "position" : {
      "x" : 3.427051,
      "y" : -12.399187,
      "z" : 13.208204
    },
    "orientation" : 0
  }, {
    "shape" : "594f94ef-ac0b-4c4c-8c5e-6c172e138d9a",
    "color" : "#007695",
    "position" : {
      "x" : -15.826238,
      "y" : -7.663119,
      "z" : 5.545085
    },
    "orientation" : 24
  }, {
    "shape" : "77721648-422e-488d-8b3f-5d30a675aa5f",
    "color" : "#DC4C00",
    "position" : {
      "x" : 11.09017,
      "y" : 11.09017,
      "z" : -11.09017
    },
    "orientation" : 19
  }, {
    "shape" : "594f94ef-ac0b-4c4c-8c5e-6c172e138d9a",
    "color" : "#007695",
    "position" : {
      "x" : 13.208204,
      "y" : -3.427051,
      "z" : -12.399187
    },
    "orientation" : 1
  }, {
    "shape" : "594f94ef-ac0b-4c4c-8c5e-6c172e138d9a",
    "color" : "#007695",
    "position" : {
      "x" : -5.545085,
      "y" : 15.826238,
      "z" : 7.663119
    },
    "orientation" : 23
  }, {
    "shape" : "0fa30284-d246-478c-b380-34d146c616b6",
    "color" : "#FFFFFF",
    "position" : {
      "x" : 0.0,
      "y" : -17.944271,
      "z" : 4.236068
    }
  }, {
    "shape" : "77721648-422e-488d-8b3f-5d30a675aa5f",
    "color" : "#DC4C00",
    "position" : {
      "x" : -4.236068,
      "y" : 0.0,
      "z" : 17.944271
    },
    "orientation" : 21
  }, {
    "shape" : "77721648-422e-488d-8b3f-5d30a675aa5f",
    "color" : "#DC4C00",
    "position" : {
      "x" : 17.944271,
      "y" : 4.236068,
      "z" : 0.0
    },
    "orientation" : 37
  }, {
    "shape" : "594f94ef-ac0b-4c4c-8c5e-6c172e138d9a",
    "color" : "#007695",
    "position" : {
      "x" : 7.663119,
      "y" : -5.545085,
      "z" : -15.826238
    },
    "orientation" : 11
  }, {
    "shape" : "77721648-422e-488d-8b3f-5d30a675aa5f",
    "color" : "#DC4C00",
    "position" : {
      "x" : 4.236068,
      "y" : 0.0,
      "z" : 17.944271
    },
    "orientation" : 51
  }, {
    "shape" : "0fa30284-d246-478c-b380-34d146c616b6",
    "color" : "#FFFFFF",
    "position" : {
      "x" : -5.545085,
      "y" : -15.826238,
      "z" : 7.663119
    }
  }, {
    "shape" : "594f94ef-ac0b-4c4c-8c5e-6c172e138d9a",
    "color" : "#007695",
    "position" : {
      "x" : 0.0,
      "y" : 17.944271,
      "z" : -4.236068
    },
    "orientation" : 53
  }, {
    "shape" : "77721648-422e-488d-8b3f-5d30a675aa5f",
    "color" : "#DC4C00",
    "position" : {
      "x" : -11.09017,
      "y" : -11.09017,
      "z" : 11.09017
    },
    "orientation" : 15
  }, {
    "shape" : "77721648-422e-488d-8b3f-5d30a675aa5f",
    "color" : "#DC4C00",
    "position" : {
      "x" : 6.854102,
      "y" : -17.944271,
      "z" : 0.0
    },
    "orientation" : 9
  }, {
    "shape" : "0fa30284-d246-478c-b380-34d146c616b6",
    "color" : "#FFFFFF",
    "position" : {
      "x" : -3.427051,
      "y" : 12.399187,
      "z" : -13.208204
    }
  }, {
    "shape" : "0fa30284-d246-478c-b380-34d146c616b6",
    "color" : "#FFFFFF",
    "position" : {
      "x" : 12.399187,
      "y" : 13.208204,
      "z" : 3.427051
    }
  }, {
    "shape" : "594f94ef-ac0b-4c4c-8c5e-6c172e138d9a",
    "color" : "#007695",
    "position" : {
      "x" : -13.208204,
      "y" : 3.427051,
      "z" : 12.399187
    },
    "orientation" : 11
  }, {
    "shape" : "77721648-422e-488d-8b3f-5d30a675aa5f",
    "color" : "#DC4C00",
    "position" : {
      "x" : 0.0,
      "y" : -17.944271,
      "z" : 4.236068
    },
    "orientation" : 53
  }, {
    "shape" : "0fa30284-d246-478c-b380-34d146c616b6",
    "color" : "#FFFFFF",
    "position" : {
      "x" : 17.944271,
      "y" : 0.0,
      "z" : 6.854102
    }
  }, {
    "shape" : "0fa30284-d246-478c-b380-34d146c616b6",
    "color" : "#FFFFFF",
    "position" : {
      "x" : 5.545085,
      "y" : 15.826238,
      "z" : 7.663119
    }
  }, {
    "shape" : "77721648-422e-488d-8b3f-5d30a675aa5f",
    "color" : "#DC4C00",
    "position" : {
      "x" : 3.427051,
      "y" : 12.399187,
      "z" : -13.208204
    },
    "orientation" : 15
  }, {
    "shape" : "77721648-422e-488d-8b3f-5d30a675aa5f",
    "color" : "#DC4C00",
    "position" : {
      "x" : -12.399187,
      "y" : 13.208204,
      "z" : 3.427051
    },
    "orientation" : 2
  }, {
    "shape" : "0fa30284-d246-478c-b380-34d146c616b6",
    "color" : "#FFFFFF",
    "position" : {
      "x" : -12.399187,
      "y" : 13.208204,
      "z" : 3.427051
    }
  }, {
    "shape" : "0fa30284-d246-478c-b380-34d146c616b6",
    "color" : "#FFFFFF",
    "position" : {
      "x" : -7.663119,
      "y" : 5.545085,
      "z" : -15.826238
    }
  }, {
    "shape" : "77721648-422e-488d-8b3f-5d30a675aa5f",
    "color" : "#DC4C00",
    "position" : {
      "x" : 0.0,
      "y" : 6.854102,
      "z" : 17.944271
    },
    "orientation" : 27
  }, {
    "shape" : "0fa30284-d246-478c-b380-34d146c616b6",
    "color" : "#FFFFFF",
    "position" : {
      "x" : -11.09017,
      "y" : -11.09017,
      "z" : 11.09017
    }
  }, {
    "shape" : "77721648-422e-488d-8b3f-5d30a675aa5f",
    "color" : "#DC4C00",
    "position" : {
      "x" : -11.09017,
      "y" : -11.09017,
      "z" : 11.09017
    },
    "orientation" : 1
  }, {
    "shape" : "77721648-422e-488d-8b3f-5d30a675aa5f",
    "color" : "#DC4C00",
    "position" : {
      "x" : -17.944271,
      "y" : 0.0,
      "z" : 6.854102
    },
    "orientation" : 52
  }, {
    "shape" : "0fa30284-d246-478c-b380-34d146c616b6",
    "color" : "#FFFFFF",
    "position" : {
      "x" : -17.944271,
      "y" : -4.236068,
      "z" : 0.0
    }
  }, {
    "shape" : "594f94ef-ac0b-4c4c-8c5e-6c172e138d9a",
    "color" : "#007695",
    "position" : {
      "x" : 4.236068,
      "y" : 0.0,
      "z" : 17.944271
    },
    "orientation" : 6
  }, {
    "shape" : "0fa30284-d246-478c-b380-34d146c616b6",
    "color" : "#FFFFFF",
    "position" : {
      "x" : 3.427051,
      "y" : 12.399187,
      "z" : -13.208204
    }
  }, {
    "shape" : "77721648-422e-488d-8b3f-5d30a675aa5f",
    "color" : "#DC4C00",
    "position" : {
      "x" : 11.09017,
      "y" : -11.09017,
      "z" : 11.09017
    },
    "orientation" : 4
  }, {
    "shape" : "77721648-422e-488d-8b3f-5d30a675aa5f",
    "color" : "#DC4C00",
    "position" : {
      "x" : -17.944271,
      "y" : -4.236068,
      "z" : 0.0
    },
    "orientation" : 7
  }, {
    "shape" : "0fa30284-d246-478c-b380-34d146c616b6",
    "color" : "#FFFFFF",
    "position" : {
      "x" : 7.663119,
      "y" : 5.545085,
      "z" : 15.826238
    }
  }, {
    "shape" : "0fa30284-d246-478c-b380-34d146c616b6",
    "color" : "#FFFFFF",
    "position" : {
      "x" : 0.0,
      "y" : 17.944271,
      "z" : -4.236068
    }
  }, {
    "shape" : "594f94ef-ac0b-4c4c-8c5e-6c172e138d9a",
    "color" : "#007695",
    "position" : {
      "x" : -12.399187,
      "y" : 13.208204,
      "z" : -3.427051
    },
    "orientation" : 2
  }, {
    "shape" : "77721648-422e-488d-8b3f-5d30a675aa5f",
    "color" : "#DC4C00",
    "position" : {
      "x" : -11.09017,
      "y" : 11.09017,
      "z" : -11.09017
    },
    "orientation" : 16
  }, {
    "shape" : "594f94ef-ac0b-4c4c-8c5e-6c172e138d9a",
    "color" : "#007695",
    "position" : {
      "x" : -12.399187,
      "y" : -13.208204,
      "z" : 3.427051
    },
    "orientation" : 47
  }, {
    "shape" : "77721648-422e-488d-8b3f-5d30a675aa5f",
    "color" : "#DC4C00",
    "position" : {
      "x" : -5.545085,
      "y" : -15.826238,
      "z" : 7.663119
    },
    "orientation" : 48
  }, {
    "shape" : "594f94ef-ac0b-4c4c-8c5e-6c172e138d9a",
    "color" : "#007695",
    "position" : {
      "x" : 3.427051,
      "y" : -12.399187,
      "z" : 13.208204
    },
    "orientation" : 25
  }, {
    "shape" : "594f94ef-ac0b-4c4c-8c5e-6c172e138d9a",
    "color" : "#007695",
    "position" : {
      "x" : 5.545085,
      "y" : -15.826238,
      "z" : -7.663119
    },
    "orientation" : 55
  }, {
    "shape" : "594f94ef-ac0b-4c4c-8c5e-6c172e138d9a",
    "color" : "#007695",
    "position" : {
      "x" : 13.208204,
      "y" : -3.427051,
      "z" : 12.399187
    },
    "orientation" : 41
  }, {
    "shape" : "77721648-422e-488d-8b3f-5d30a675aa5f",
    "color" : "#DC4C00",
    "position" : {
      "x" : 0.0,
      "y" : -6.854102,
      "z" : -17.944271
    },
    "orientation" : 40
  }, {
    "shape" : "0fa30284-d246-478c-b380-34d146c616b6",
    "color" : "#FFFFFF",
    "position" : {
      "x" : 0.0,
      "y" : -6.854102,
      "z" : -17.944271
    }
  }, {
    "shape" : "77721648-422e-488d-8b3f-5d30a675aa5f",
    "color" : "#DC4C00",
    "position" : {
      "x" : -6.854102,
      "y" : -17.944271,
      "z" : 0.0
    },
    "orientation" : 14
  }, {
    "shape" : "77721648-422e-488d-8b3f-5d30a675aa5f",
    "color" : "#DC4C00",
    "position" : {
      "x" : 7.663119,
      "y" : 5.545085,
      "z" : 15.826238
    },
    "orientation" : 49
  }, {
    "shape" : "77721648-422e-488d-8b3f-5d30a675aa5f",
    "color" : "#DC4C00",
    "position" : {
      "x" : -12.399187,
      "y" : 13.208204,
      "z" : -3.427051
    },
    "orientation" : 9
  }, {
    "shape" : "0fa30284-d246-478c-b380-34d146c616b6",
    "color" : "#FFFFFF",
    "position" : {
      "x" : 7.663119,
      "y" : -5.545085,
      "z" : 15.826238
    }
  }, {
    "shape" : "0fa30284-d246-478c-b380-34d146c616b6",
    "color" : "#FFFFFF",
    "position" : {
      "x" : -5.545085,
      "y" : -15.826238,
      "z" : -7.663119
    }
  }, {
    "shape" : "77721648-422e-488d-8b3f-5d30a675aa5f",
    "color" : "#DC4C00",
    "position" : {
      "x" : 0.0,
      "y" : 6.854102,
      "z" : 17.944271
    },
    "orientation" : 55
  }, {
    "shape" : "77721648-422e-488d-8b3f-5d30a675aa5f",
    "color" : "#DC4C00",
    "position" : {
      "x" : 7.663119,
      "y" : -5.545085,
      "z" : -15.826238
    },
    "orientation" : 34
  }, {
    "shape" : "0fa30284-d246-478c-b380-34d146c616b6",
    "color" : "#FFFFFF",
    "position" : {
      "x" : 17.944271,
      "y" : -4.236068,
      "z" : 0.0
    }
  }, {
    "shape" : "594f94ef-ac0b-4c4c-8c5e-6c172e138d9a",
    "color" : "#007695",
    "position" : {
      "x" : -5.545085,
      "y" : -15.826238,
      "z" : 7.663119
    },
    "orientation" : 10
  }, {
    "shape" : "77721648-422e-488d-8b3f-5d30a675aa5f",
    "color" : "#DC4C00",
    "position" : {
      "x" : -11.09017,
      "y" : 11.09017,
      "z" : -11.09017
    },
    "orientation" : 32
  }, {
    "shape" : "594f94ef-ac0b-4c4c-8c5e-6c172e138d9a",
    "color" : "#007695",
    "position" : {
      "x" : -5.545085,
      "y" : 15.826238,
      "z" : -7.663119
    },
    "orientation" : 25
  }, {
    "shape" : "594f94ef-ac0b-4c4c-8c5e-6c172e138d9a",
    "color" : "#007695",
    "position" : {
      "x" : 13.208204,
      "y" : 3.427051,
      "z" : -12.399187
    },
    "orientation" : 56
  }, {
    "shape" : "77721648-422e-488d-8b3f-5d30a675aa5f",
    "color" : "#DC4C00",
    "position" : {
      "x" : -6.854102,
      "y" : -17.944271,
      "z" : 0.0
    },
    "orientation" : 54
  }, {
    "shape" : "0fa30284-d246-478c-b380-34d146c616b6",
    "color" : "#FFFFFF",
    "position" : {
      "x" : -6.854102,
      "y" : 17.944271,
      "z" : 0.0
    }
  }, {
    "shape" : "594f94ef-ac0b-4c4c-8c5e-6c172e138d9a",
    "color" : "#007695",
    "position" : {
      "x" : -12.399187,
      "y" : -13.208204,
      "z" : -3.427051
    },
    "orientation" : 54
  }, {
    "shape" : "77721648-422e-488d-8b3f-5d30a675aa5f",
    "color" : "#DC4C00",
    "position" : {
      "x" : 17.944271,
      "y" : 0.0,
      "z" : 6.854102
    },
    "orientation" : 41
  }, {
    "shape" : "594f94ef-ac0b-4c4c-8c5e-6c172e138d9a",
    "color" : "#007695",
    "position" : {
      "x" : -15.826238,
      "y" : 7.663119,
      "z" : -5.545085
    },
    "orientation" : 9
  }, {
    "shape" : "594f94ef-ac0b-4c4c-8c5e-6c172e138d9a",
    "color" : "#007695",
    "position" : {
      "x" : 12.399187,
      "y" : -13.208204,
      "z" : -3.427051
    },
    "orientation" : 2
  }, {
    "shape" : "77721648-422e-488d-8b3f-5d30a675aa5f",
    "color" : "#DC4C00",
    "position" : {
      "x" : -4.236068,
      "y" : 0.0,
      "z" : -17.944271
    },
    "orientation" : 6
  }, {
    "shape" : "0fa30284-d246-478c-b380-34d146c616b6",
    "color" : "#FFFFFF",
    "position" : {
      "x" : 5.545085,
      "y" : -15.826238,
      "z" : -7.663119
    }
  }, {
    "shape" : "594f94ef-ac0b-4c4c-8c5e-6c172e138d9a",
    "color" : "#007695",
    "position" : {
      "x" : -3.427051,
      "y" : -12.399187,
      "z" : -13.208204
    },
    "orientation" : 40
  }, {
    "shape" : "0fa30284-d246-478c-b380-34d146c616b6",
    "color" : "#FFFFFF",
    "position" : {
      "x" : 15.826238,
      "y" : 7.663119,
      "z" : -5.545085
    }
  }, {
    "shape" : "0fa30284-d246-478c-b380-34d146c616b6",
    "color" : "#FFFFFF",
    "position" : {
      "x" : 12.399187,
      "y" : 13.208204,
      "z" : -3.427051
    }
  }, {
    "shape" : "77721648-422e-488d-8b3f-5d30a675aa5f",
    "color" : "#DC4C00",
    "position" : {
      "x" : 12.399187,
      "y" : -13.208204,
      "z" : 3.427051
    },
    "orientation" : 32
  }, {
    "shape" : "594f94ef-ac0b-4c4c-8c5e-6c172e138d9a",
    "color" : "#007695",
    "position" : {
      "x" : -3.427051,
      "y" : -12.399187,
      "z" : 13.208204
    },
    "orientation" : 0
  }, {
    "shape" : "594f94ef-ac0b-4c4c-8c5e-6c172e138d9a",
    "color" : "#007695",
    "position" : {
      "x" : -7.663119,
      "y" : 5.545085,
      "z" : 15.826238
    },
    "orientation" : 21
  }, {
    "shape" : "0fa30284-d246-478c-b380-34d146c616b6",
    "color" : "#FFFFFF",
    "position" : {
      "x" : 11.09017,
      "y" : -11.09017,
      "z" : 11.09017
    }
  }, {
    "shape" : "77721648-422e-488d-8b3f-5d30a675aa5f",
    "color" : "#DC4C00",
    "position" : {
      "x" : 17.944271,
      "y" : 0.0,
      "z" : -6.854102
    },
    "orientation" : 56
  }, {
    "shape" : "77721648-422e-488d-8b3f-5d30a675aa5f",
    "color" : "#DC4C00",
    "position" : {
      "x" : -15.826238,
      "y" : -7.663119,
      "z" : -5.545085
    },
    "orientation" : 58
  }, {
    "shape" : "0fa30284-d246-478c-b380-34d146c616b6",
    "color" : "#FFFFFF",
    "position" : {
      "x" : 4.236068,
      "y" : 0.0,
      "z" : -17.944271
    }
  }, {
    "shape" : "594f94ef-ac0b-4c4c-8c5e-6c172e138d9a",
    "color" : "#007695",
    "position" : {
      "x" : 12.399187,
      "y" : 13.208204,
      "z" : -3.427051
    },
    "orientation" : 24
  }, {
    "shape" : "594f94ef-ac0b-4c4c-8c5e-6c172e138d9a",
    "color" : "#007695",
    "position" : {
      "x" : 5.545085,
      "y" : -15.826238,
      "z" : 7.663119
    },
    "orientation" : 53
  }, {
    "shape" : "0fa30284-d246-478c-b380-34d146c616b6",
    "color" : "#FFFFFF",
    "position" : {
      "x" : -17.944271,
      "y" : 4.236068,
      "z" : 0.0
    }
  }, {
    "shape" : "0fa30284-d246-478c-b380-34d146c616b6",
    "color" : "#FFFFFF",
    "position" : {
      "x" : -5.545085,
      "y" : 15.826238,
      "z" : 7.663119
    }
  }, {
    "shape" : "594f94ef-ac0b-4c4c-8c5e-6c172e138d9a",
    "color" : "#007695",
    "position" : {
      "x" : -12.399187,
      "y" : 13.208204,
      "z" : 3.427051
    },
    "orientation" : 39
  }, {
    "shape" : "0fa30284-d246-478c-b380-34d146c616b6",
    "color" : "#FFFFFF",
    "position" : {
      "x" : -17.944271,
      "y" : 0.0,
      "z" : -6.854102
    }
  }, {
    "shape" : "77721648-422e-488d-8b3f-5d30a675aa5f",
    "color" : "#DC4C00",
    "position" : {
      "x" : 17.944271,
      "y" : 0.0,
      "z" : -6.854102
    },
    "orientation" : 7
  }, {
    "shape" : "0fa30284-d246-478c-b380-34d146c616b6",
    "color" : "#FFFFFF",
    "position" : {
      "x" : -13.208204,
      "y" : -3.427051,
      "z" : 12.399187
    }
  }, {
    "shape" : "0fa30284-d246-478c-b380-34d146c616b6",
    "color" : "#FFFFFF",
    "position" : {
      "x" : -11.09017,
      "y" : -11.09017,
      "z" : -11.09017
    }
  }, {
    "shape" : "0fa30284-d246-478c-b380-34d146c616b6",
    "color" : "#FFFFFF",
    "position" : {
      "x" : 12.399187,
      "y" : -13.208204,
      "z" : -3.427051
    }
  }, {
    "shape" : "77721648-422e-488d-8b3f-5d30a675aa5f",
    "color" : "#DC4C00",
    "position" : {
      "x" : 12.399187,
      "y" : 13.208204,
