{
  "field" : "golden",
  "symmetry" : "icosahedral",
  "orientations" : [ [ 1.0, 0.0, 0.0, 0.0, 0.0, 1.0, 0.0, 0.0, 0.0, 0.0, 1.0, 0.0, 0.0, 0.0, 0.0, 1.0 ], [ 0.0, 0.0, 1.0, 0.0, 1.0, 0.0, 0.0, 0.0, 0.0, 1.0, 0.0, 0.0, 0.0, 0.0, 0.0, 1.0 ], [ 0.0, 1.0, 0.0, 0.0, 0.0, 0.0, 1.0, 0.0, 1.0, 0.0, 0.0, 0.0, 0.0, 0.0, 0.0, 1.0 ], [ 0.809017, 0.309017, 0.5, 0.0, 0.309017, 0.5, -0.809017, 0.0, -0.5, 0.809017, 0.309017, 0.0, 0.0, 0.0, 0.0, 1.0 ], [ -0.5, 0.809017, 0.309017, 0.0, 0.809017, 0.309017, 0.5, 0.0, 0.309017, 0.5, -0.809017, 0.0, 0.0, 0.0, 0.0, 1.0 ], [ 0.309017, 0.5, -0.809017, 0.0, -0.5, 0.809017, 0.309017, 0.0, 0.809017, 0.309017, 0.5, 0.0, 0.0, 0.0, 0.0, 1.0 ], [ 0.5, 0.809017, 0.309017, 0.0, 0.809017, -0.309017, -0.5, 0.0, -0.309017, 0.5, -0.809017, 0.0, 0.0, 0.0, 0.0, 1.0 ], [ -0.309017, 0.5, -0.809017, 0.0, 0.5, 0.809017, 0.309017, 0.0, 0.809017, -0.309017, -0.5, 0.0, 0.0, 0.0, 0.0, 1.0 ], [ 0.809017, -0.309017, -0.5, 0.0, -0.309017, 0.5, -0.809017, 0.0, 0.5, 0.809017, 0.309017, 0.0, 0.0, 0.0, 0.0, 1.0 ], [ 0.5, 0.809017, -0.309017, 0.0, 0.809017, -0.309017, 0.5, 0.0, 0.309017, -0.5, -0.809017, 0.0, 0.0, 0.0, 0.0, 1.0 ], [ 0.309017, -0.5, -0.809017, 0.0, 0.5, 0.809017, -0.309017, 0.0, 0.809017, -0.309017, 0.5, 0.0, 0.0, 0.0, 0.0, 1.0 ], [ 0.809017, -0.309017, 0.5, 0.0, 0.309017, -0.5, -0.809017, 0.0, 0.5, 0.809017, -0.309017, 0.0, 0.0, 0.0, 0.0, 1.0 ], [ 0.809017, 0.309017, -0.5, 0.0, 0.309017, 0.5, 0.809017, 0.0, 0.5, -0.809017, 0.309017, 0.0, 0.0, 0.0, 0.0, 1.0 ], [ 0.5, -0.809017, 0.309017, 0.0, 0.809017, 0.309017, -0.5, 0.0, 0.309017, 0.5, 0.809017, 0.0, 0.0, 0.0, 0.0, 1.0 ], [ 0.309017, 0.5, 0.809017, 0.0, 0.5, -0.809017, 0.309017, 0.0, 0.809017, 0.309017, -0.5, 0.0, 0.0, 0.0, 0.0, 1.0 ], [ 1.0, 0.0, 0.0, 0.0, 0.0, -1.0, 0.0, 0.0, 0.0, 0.0, -1.0, 0.0, 0.0, 0.0, 0.0, 1.0 ], [ 0.0, 0.0, 1.0, 0.0, -1.0, 0.0, 0.0, 0.0, 0.0, -1.0, 0.0, 0.0, 0.0, 0.0, 0.0, 1.0 ], [ 0.0, 1.0, 0.0, 0.0, 0.0, 0.0, -1.0, 0.0, -1.0, 0.0, 0.0, 0.0, 0.0, 0.0, 0.0, 1.0 ], [ 0.809017, 0.309017, 0.5, 0.0, -0.309017, -0.5, 0.809017, 0.0, 0.5, -0.809017, -0.309017, 0.0, 0.0, 0.0, 0.0, 1.0 ], [ -0.5, 0.809017, 0.309017, 0.0, -0.809017, -0.309017, -0.5, 0.0, -0.309017, -0.5, 0.809017, 0.0, 0.0, 0.0, 0.0, 1.0 ], [ 0.309017, 0.5, -0.809017, 0.0, 0.5, -0.809017, -0.309017, 0.0, -0.809017, -0.309017, -0.5, 0.0, 0.0, 0.0, 0.0, 1.0 ], [ 0.5, 0.809017, 0.309017, 0.0, -0.809017, 0.309017, 0.5, 0.0, 0.309017, -0.5, 0.809017, 0.0, 0.0, 0.0, 0.0, 1.0 ], [ -0.309017, 0.5, -0.809017, 0.0, -0.5, -0.809017, -0.309017, 0.0, -0.809017, 0.309017, 0.5, 0.0, 0.0, 0.0, 0.0, 1.0 ], [ 0.809017, -0.309017, -0.5, 0.0, 0.309017, -0.5, 0.809017, 0.0, -0.5, -0.809017, -0.309017, 0.0, 0.0, 0.0, 0.0, 1.0 ], [ 0.5, 0.809017, -0.309017, 0.0, -0.809017, 0.309017, -0.5, 0.0, -0.309017, 0.5, 0.809017, 0.0, 0.0, 0.0, 0.0, 1.0 ], [ 0.309017, -0.5, -0.809017, 0.0, -0.5, -0.809017, 0.309017, 0.0, -0.809017, 0.309017, -0.5, 0.0, 0.0, 0.0, 0.0, 1.0 ], [ 0.809017, -0.309017, 0.5, 0.0, -0.309017, 0.5, 0.809017, 0.0, -0.5, -0.809017, 0.309017, 0.0, 0.0, 0.0, 0.0, 1.0 ], [ 0.809017, 0.309017, -0.5, 0.0, -0.309017, -0.5, -0.809017, 0.0, -0.5, 0.809017, -0.309017, 0.0, 0.0, 0.0, 0.0, 1.0 ], [ 0.5, -0.809017, 0.309017, 0.0, -0.809017, -0.309017, 0.5, 0.0, -0.309017, -0.5, -0.809017, 0.0, 0.0, 0.0, 0.0, 1.0 ], [ 0.309017, 0.5, 0.809017, 0.0, -0.5, 0.809017, -0.309017, 0.0, -0.809017, -0.309017, 0.5, 0.0, 0.0, 0.0, 0.0, 1.0 ], [ -1.0, 0.0, 0.0, 0.0, 0.0, -1.0, 0.0, 0.0, 0.0, 0.0, 1.0, 0.0, 0.0, 0.0, 0.0, 1.0 ], [ 0.0, 0.0, -1.0, 0.0, -1.0, 0.0, 0.0, 0.0, 0.0, 1.0, 0.0, 0.0, 0.0, 0.0, 0.0, 1.0 ], [ 0.0, -1.0, 0.0, 0.0, 0.0, 0.0, -1.0, 0.0, 1.0, 0.0, 0.0, 0.0, 0.0, 0.0, 0.0, 1.0 ], [ -0.809017, -0.309017, -0.5, 0.0, -0.309017, -0.5, 0.809017, 0.0, -0.5, 0.809017, 0.309017, 0.0, 0.0, 0.0, 0.0, 1.0 ], [ 0.5, -0.809017, -0.309017, 0.0, -0.809017, -0.309017, -0.5, 0.0, 0.309017, 0.5, -0.809017, 0.0, 0.0, 0.0, 0.0, 1.0 ], [ -0.309017, -0.5, 0.809017, 0.0, 0.5, -0.809017, -0.309017, 0.0, 0.809017, 0.309017, 0.5, 0.0, 0.0, 0.0, 0.0, 1.0 ], [ -0.5, -0.809017, -0.309017, 0.0, -0.809017, 0.309017, 0.5, 0.0, -0.309017, 0.5, -0.809017, 0.0, 0.0, 0.0, 0.0, 1.0 ], [ 0.309017, -0.5, 0.809017, 0.0, -0.5, -0.809017, -0.309017, 0.0, 0.809017, -0.309017, -0.5, 0.0, 0.0, 0.0, 0.0, 1.0 ], [ -0.809017, 0.309017, 0.5, 0.0, 0.309017, -0.5, 0.809017, 0.0, 0.5, 0.809017, 0.309017, 0.0, 0.0, 0.0, 0.0, 1.0 ], [ -0.5, -0.809017, 0.309017, 0.0, -0.809017, 0.309017, -0.5, 0.0, 0.309017, -0.5, -0.809017, 0.0, 0.0, 0.0, 0.0, 1.0 ], [ -0.309017, 0.5, 0.809017, 0.0, -0.5, -0.809017, 0.309017, 0.0, 0.809017, -0.309017, 0.5, 0.0, 0.0, 0.0, 0.0, 1.0 ], [ -0.809017, 0.309017, -0.5, 0.0, -0.309017, 0.5, 0.809017, 0.0, 0.5, 0.809017, -0.309017, 0.0, 0.0, 0.0, 0.0, 1.0 ], [ -0.809017, -0.309017, 0.5, 0.0, -0.309017, -0.5, -0.809017, 0.0, 0.5, -0.809017, 0.309017, 0.0, 0.0, 0.0, 0.0, 1.0 ], [ -0.5, 0.809017, -0.309017, 0.0, -0.809017, -0.309017, 0.5, 0.0, 0.309017, 0.5, 0.809017, 0.0, 0.0, 0.0, 0.0, 1.0 ], [ -0.309017, -0.5, -0.809017, 0.0, -0.5, 0.809017, -0.309017, 0.0, 0.809017, 0.309017, -0.5, 0.0, 0.0, 0.0, 0.0, 1.0 ], [ -1.0, 0.0, 0.0, 0.0, 0.0, 1.0, 0.0, 0.0, 0.0, 0.0, -1.0, 0.0, 0.0, 0.0, 0.0, 1.0 ], [ 0.0, 0.0, -1.0, 0.0, 1.0, 0.0, 0.0, 0.0, 0.0, -1.0, 0.0, 0.0, 0.0, 0.0, 0.0, 1.0 ], [ 0.0, -1.0, 0.0, 0.0, 0.0, 0.0, 1.0, 0.0, -1.0, 0.0, 0.0, 0.0, 0.0, 0.0, 0.0, 1.0 ], [ -0.809017, -0.309017, -0.5, 0.0, 0.309017, 0.5, -0.809017, 0.0, 0.5, -0.809017, -0.309017, 0.0, 0.0, 0.0, 0.0, 1.0 ], [ 0.5, -0.809017, -0.309017, 0.0, 0.809017, 0.309017, 0.5, 0.0, -0.309017, -0.5, 0.809017, 0.0, 0.0, 0.0, 0.0, 1.0 ], [ -0.309017, -0.5, 0.809017, 0.0, -0.5, 0.809017, 0.309017, 0.0, -0.809017, -0.309017, -0.5, 0.0, 0.0, 0.0, 0.0, 1.0 ], [ -0.5, -0.809017, -0.309017, 0.0, 0.809017, -0.309017, -0.5, 0.0, 0.309017, -0.5, 0.809017, 0.0, 0.0, 0.0, 0.0, 1.0 ], [ 0.309017, -0.5, 0.809017, 0.0, 0.5, 0.809017, 0.309017, 0.0, -0.809017, 0.309017, 0.5, 0.0, 0.0, 0.0, 0.0, 1.0 ], [ -0.809017, 0.309017, 0.5, 0.0, -0.309017, 0.5, -0.809017, 0.0, -0.5, -0.809017, -0.309017, 0.0, 0.0, 0.0, 0.0, 1.0 ], [ -0.5, -0.809017, 0.309017, 0.0, 0.809017, -0.309017, 0.5, 0.0, -0.309017, 0.5, 0.809017, 0.0, 0.0, 0.0, 0.0, 1.0 ], [ -0.309017, 0.5, 0.809017, 0.0, 0.5, 0.809017, -0.309017, 0.0, -0.809017, 0.309017, -0.5, 0.0, 0.0, 0.0, 0.0, 1.0 ], [ -0.809017, 0.309017, -0.5, 0.0, 0.309017, -0.5, -0.809017, 0.0, -0.5, -0.809017, 0.309017, 0.0, 0.0, 0.0, 0.0, 1.0 ], [ -0.809017, -0.309017, 0.5, 0.0, 0.309017, 0.5, 0.809017, 0.0, -0.5, 0.809017, -0.309017, 0.0, 0.0, 0.0, 0.0, 1.0 ], [ -0.5, 0.809017, -0.309017, 0.0, 0.809017, 0.309017, -0.5, 0.0, -0.309017, -0.5, -0.809017, 0.0, 0.0, 0.0, 0.0, 1.0 ], [ -0.309017, -0.5, -0.809017, 0.0, 0.5, -0.809017, 0.309017, 0.0, -0.809017, -0.309017, 0.5, 0.0, 0.0, 0.0, 0.0, 1.0 ] ],
  "lights" : {
    "ambientColor" : "#292929",
    "backgroundColor" : "#AFC8DC",
    "directionalLights" : [ {
      "direction" : {
        "x" : 1.0,
        "y" : -1.0,
        "z" : -1.0
      },
      "color" : "#EBEBE4"
    }, {
      "direction" : {
        "x" : -1.0,
        "y" : 0.0,
        "z" : 0.0
      },
      "color" : "#E4E4EB"
    }, {
      "direction" : {
        "x" : 0.0,
        "y" : 0.0,
        "z" : -1.0
      },
      "color" : "#1E1E1E"
    } ]
  },
  "camera" : {
    "stereo" : false,
    "width" : 15.338586,
    "viewDistance" : 34.085754,
    "nearClipDistance" : 0.08521438,
    "farClipDistance" : 68.17151,
    "lookAtPoint" : {
      "x" : 0.0,
      "y" : 0.0,
      "z" : 0.0
    },
    "fieldOfView" : 0.4426288,
    "perspective" : true,
    "lookDirection" : {
      "x" : -0.036653537,
      "y" : 0.0023133894,
      "z" : -0.9993261
    },
    "upDirection" : {
      "x" : 0.06020716,
      "y" : 0.99818534,
      "z" : 1.0250871E-4
    },
    "position" : {
      "x" : 1.2493634,
      "y" : -0.07885362,
      "z" : 34.062786
    }
  },
  "embedding" : [ 1.0, 0.0, 0.0, 0.0, 0.0, 1.0, 0.0, 0.0, 0.0, 0.0, 1.0, 0.0, 0.0, 0.0, 0.0, 1.0 ],
  "shapes" : [ {
    "id" : "5d55a71a-71ca-45b1-8af4-d8c7288edcaa",
    "vertices" : [ {
      "x" : 3.1524758,
      "y" : -0.6286771,
      "z" : 0.0
    }, {
      "x" : 2.6803398,
      "y" : -0.15654115,
      "z" : 0.0
    }, {
      "x" : 2.798374,
      "y" : 0.034441855,
      "z" : -0.309017
    }, {
      "x" : 3.2705097,
      "y" : -0.4376941,
      "z" : -0.309017
    } ],
    "faces" : [ {
      "vertices" : [ 0, 1, 2 ]
    }, {
      "vertices" : [ 0, 2, 3 ]
    }, {
      "vertices" : [ 0, 3, 2 ]
    }, {
      "vertices" : [ 0, 2, 1 ]
    } ]
  }, {
    "id" : "67ecccdc-3f8b-4160-8b37-8359e9cc15c2",
    "vertices" : [ {
      "x" : 3.3606799,
      "y" : 2.0516627,
      "z" : 0.19098301
    }, {
      "x" : 3.1696968,
      "y" : 1.7426457,
      "z" : 0.309017
    }, {
      "x" : 3.7426457,
      "y" : 0.97871375,
      "z" : 0.309017
    } ],
    "faces" : [ {
      "vertices" : [ 0, 1, 2 ]
    }, {
      "vertices" : [ 0, 2, 1 ]
    } ]
  }, {
    "id" : "0c1d336b-9ca4-42b0-90a7-a27ae28d6d02",
    "vertices" : [ {
      "x" : 3.5890462,
      "y" : 2.1293716,
      "z" : 0.0
    }, {
      "x" : 3.2598667,
      "y" : 2.3328156,
      "z" : 0.0
    }, {
      "x" : 3.3328156,
      "y" : 2.4508498,
      "z" : -0.19098301
    }, {
      "x" : 3.6619954,
      "y" : 2.2474055,
      "z" : -0.19098301
    } ],
    "faces" : [ {
      "vertices" : [ 0, 1, 2 ]
    }, {
      "vertices" : [ 0, 2, 3 ]
    }, {
      "vertices" : [ 0, 3, 2 ]
    }, {
      "vertices" : [ 0, 2, 1 ]
    } ]
  }, {
    "id" : "719d436b-c00e-46a6-81e8-2122568bd170",
    "vertices" : [ {
      "x" : 5.63119,
      "y" : 1.9229857,
      "z" : -0.309017
    }, {
      "x" : 6.2041388,
      "y" : 1.1590537,
      "z" : -0.309017
    }, {
      "x" : 6.0131555,
      "y" : 0.8500367,
      "z" : -0.19098301
    } ],
    "faces" : [ {
      "vertices" : [ 0, 1, 2 ]
    }, {
      "vertices" : [ 0, 2, 1 ]
    } ]
  }, {
    "id" : "14dc78e3-6785-459f-a8a5-8bd37d7704ee",
    "vertices" : [ {
      "x" : 2.6803398,
      "y" : -1.100813,
      "z" : 0.0
    }, {
      "x" : 2.208204,
      "y" : -0.6286771,
      "z" : 0.0
    }, {
      "x" : 2.326238,
      "y" : -0.4376941,
      "z" : -0.309017
    }, {
      "x" : 2.798374,
      "y" : -0.90983003,
      "z" : -0.309017
    } ],
    "faces" : [ {
      "vertices" : [ 0, 1, 2 ]
    }, {
      "vertices" : [ 0, 2, 3 ]
    }, {
      "vertices" : [ 0, 3, 2 ]
    }, {
      "vertices" : [ 0, 2, 1 ]
    } ]
  }, {
    "id" : "7f5a44dd-ad50-49a2-8668-76923bd654eb",
    "vertices" : [ {
      "x" : 1.854102,
      "y" : -1.854102,
      "z" : 0.309017
    }, {
      "x" : 2.427051,
      "y" : -2.618034,
      "z" : 0.309017
    }, {
      "x" : 2.545085,
      "y" : -2.427051,
      "z" : 0.0
    }, {
      "x" : 1.9721359,
      "y" : -1.663119,
      "z" : 0.0
    } ],
    "faces" : [ {
      "vertices" : [ 0, 1, 2 ]
    }, {
      "vertices" : [ 0, 2, 3 ]
    }, {
      "vertices" : [ 0, 3, 2 ]
    }, {
      "vertices" : [ 0, 2, 1 ]
    } ]
  }, {
    "id" : "a65cc53a-8f9b-4a96-92d6-8c5af1ae46ec",
    "vertices" : [ {
      "x" : 3.8328156,
      "y" : 2.5237987,
      "z" : -0.19098301
    }, {
      "x" : 4.2147818,
      "y" : 1.4508498,
      "z" : -0.309017
    }, {
      "x" : 3.6418328,
      "y" : 2.2147818,
      "z" : -0.309017
    } ],
    "faces" : [ {
      "vertices" : [ 0, 1, 2 ]
    }, {
      "vertices" : [ 0, 2, 1 ]
    } ]
  }, {
    "id" : "09c34cf6-0623-482a-a35f-1a758138b872",
    "vertices" : [ {
      "x" : 1.8434589,
      "y" : 0.9164079,
      "z" : 0.0
    }, {
      "x" : 2.1726384,
      "y" : 0.7129637,
      "z" : 0.0
    }, {
      "x" : 2.232432,
      "y" : 0.80971146,
      "z" : 0.15654115
    }, {
      "x" : 1.9032522,
      "y" : 1.0131556,
      "z" : 0.15654115
    } ],
    "faces" : [ {
      "vertices" : [ 0, 1, 2 ]
    }, {
      "vertices" : [ 0, 2, 3 ]
    }, {
      "vertices" : [ 0, 3, 2 ]
    }, {
      "vertices" : [ 0, 2, 1 ]
    } ]
  }, {
    "id" : "cde1c241-4bdd-4b09-878c-d1192bb3f664",
    "vertices" : [ {
      "x" : 1.9442719,
      "y" : 0.6352549,
      "z" : -0.19098301
    }, {
      "x" : 2.326238,
      "y" : -0.4376941,
      "z" : -0.309017
    }, {
      "x" : 1.7532889,
      "y" : 0.32623792,
      "z" : -0.309017
    } ],
    "faces" : [ {
      "vertices" : [ 0, 1, 2 ]
    }, {
      "vertices" : [ 0, 2, 1 ]
    } ]
  }, {
    "id" : "57d103c4-ba06-4381-98dd-93f8c88b8bdb",
    "vertices" : [ {
      "x" : 5.312653,
      "y" : 0.30019194,
      "z" : 0.0
    }, {
      "x" : 5.3779006,
      "y" : 0.40576476,
      "z" : 0.0
    }, {
      "x" : 5.2598667,
      "y" : 0.21478175,
      "z" : 0.309017
    }, {
      "x" : 5.2528596,
      "y" : 0.20344418,
      "z" : 0.15654115
    } ],
    "faces" : [ {
      "vertices" : [ 0, 1, 2 ]
    }, {
      "vertices" : [ 0, 2, 3 ]
    }, {
      "vertices" : [ 0, 3, 2 ]
    }, {
      "vertices" : [ 0, 2, 1 ]
    } ]
  }, {
    "id" : "c9811348-af0f-4569-998a-13d51ae0d8d0",
    "vertices" : [ {
      "x" : 6.9852915,
      "y" : 1.3951216,
      "z" : -0.19098301
    }, {
      "x" : 7.0582404,
      "y" : 1.3393935,
      "z" : -0.16311896
    }, {
      "x" : 6.9574275,
      "y" : 1.1762745,
      "z" : -0.10081306
    }, {
      "x" : 6.8672576,
      "y" : 1.2041386,
      "z" : -0.11803399
    } ],
    "faces" : [ {
      "vertices" : [ 0, 1, 2 ]
    }, {
      "vertices" : [ 0, 2, 3 ]
    }, {
      "vertices" : [ 0, 3, 2 ]
    }, {
      "vertices" : [ 0, 2, 1 ]
    } ]
  }, {
    "id" : "c20b2e0c-3459-443c-aef8-2a7fb81eb74c",
    "vertices" : [ {
      "x" : 0.42705098,
      "y" : -0.5,
      "z" : 0.0
    }, {
      "x" : 0.36474508,
      "y" : -0.42705098,
      "z" : 0.0
    }, {
      "x" : 0.42705098,
      "y" : -0.32623792,
      "z" : -0.16311896
    }, {
      "x" : 0.5,
      "y" : -0.38196602,
      "z" : -0.19098301
    } ],
    "faces" : [ {
      "vertices" : [ 0, 1, 2 ]
    }, {
      "vertices" : [ 0, 2, 3 ]
    }, {
      "vertices" : [ 0, 3, 2 ]
    }, {
      "vertices" : [ 0, 2, 1 ]
    } ]
  }, {
    "id" : "77ed0e3d-e7fa-4526-8aae-846219bd2cae",
    "vertices" : [ {
      "x" : 5.005454,
      "y" : 3.5457795,
      "z" : 0.0
    }, {
      "x" : 4.676275,
      "y" : 3.7492237,
      "z" : 0.0
    }, {
      "x" : 4.7492237,
      "y" : 3.8672576,
      "z" : -0.19098301
    }, {
      "x" : 5.078403,
      "y" : 3.6638134,
      "z" : -0.19098301
    } ],
    "faces" : [ {
      "vertices" : [ 0, 1, 2 ]
    }, {
      "vertices" : [ 0, 2, 3 ]
    }, {
      "vertices" : [ 0, 3, 2 ]
    }, {
      "vertices" : [ 0, 2, 1 ]
    } ]
  }, {
    "id" : "3c06f39b-a07a-41fb-9285-bdbd7325dffa",
    "vertices" : [ {
      "x" : 5.1216702,
      "y" : -0.008825056,
      "z" : -0.11803399
    }, {
      "x" : 5.4508495,
      "y" : -0.21226925,
      "z" : -0.11803399
    }, {
      "x" : 5.4508495,
      "y" : -0.21226925,
      "z" : 0.09172276
    }, {
      "x" : 5.1216702,
      "y" : -0.008825056,
      "z" : 0.09172276
    } ],
    "faces" : [ {
      "vertices" : [ 0, 1, 2 ]
    }, {
      "vertices" : [ 0, 2, 3 ]
    }, {
      "vertices" : [ 0, 3, 2 ]
    }, {
      "vertices" : [ 0, 2, 1 ]
    } ]
  }, {
    "id" : "ff5dd18a-0e5a-4747-90c1-3c43fb672483",
    "vertices" : [ {
      "x" : 4.152476,
      "y" : -1.4376941,
      "z" : -0.19098301
    }, {
      "x" : 4.225425,
      "y" : -1.4934222,
      "z" : -0.16311896
    }, {
      "x" : 4.124612,
      "y" : -1.6565411,
      "z" : -0.10081306
    }, {
      "x" : 4.034442,
      "y" : -1.6286771,
      "z" : -0.11803399
    } ],
    "faces" : [ {
      "vertices" : [ 0, 1, 2 ]
    }, {
      "vertices" : [ 0, 2, 3 ]
    }, {
      "vertices" : [ 0, 3, 2 ]
    }, {
      "vertices" : [ 0, 2, 1 ]
    } ]
  }, {
    "id" : "9c7bc775-6669-4709-95f5-ffa1e180bc42",
    "vertices" : [ {
      "x" : 3.6524758,
      "y" : -2.1286771,
      "z" : 0.07450183
    }, {
      "x" : 3.6934955,
      "y" : -1.8885438,
      "z" : 0.15654115
    }, {
      "x" : 3.562306,
      "y" : -2.1008132,
      "z" : 0.09172276
    } ],
    "faces" : [ {
      "vertices" : [ 0, 1, 2 ]
    }, {
      "vertices" : [ 0, 2, 1 ]
    } ]
  }, {
    "id" : "18a1456e-8dbd-49b2-9678-a5bff9d1e2b9",
    "vertices" : [ {
      "x" : 2.704568,
      "y" : 1.2818474,
      "z" : 0.15654115
    }, {
      "x" : 2.6975608,
      "y" : 1.2705098,
      "z" : 0.309017
    }, {
      "x" : 2.8885438,
      "y" : 1.5795268,
      "z" : 0.19098301
    }, {
      "x" : 2.8357575,
      "y" : 1.4941167,
      "z" : 0.09172276
    } ],
    "faces" : [ {
      "vertices" : [ 0, 1, 2 ]
    }, {
      "vertices" : [ 0, 2, 3 ]
    }, {
      "vertices" : [ 0, 3, 2 ]
    }, {
      "vertices" : [ 0, 2, 1 ]
    } ]
  }, {
    "id" : "1acf39b5-20a5-445f-8feb-b6fce754d7db",
    "vertices" : [ {
      "x" : 2.798374,
      "y" : -0.90983003,
      "z" : -0.309017
    }, {
      "x" : 3.3713229,
      "y" : -1.6737621,
      "z" : -0.309017
    }, {
      "x" : 3.1803398,
      "y" : -1.982779,
      "z" : -0.19098301
    } ],
    "faces" : [ {
      "vertices" : [ 0, 1, 2 ]
    }, {
      "vertices" : [ 0, 2, 1 ]
    } ]
  }, {
    "id" : "e65352ad-08cf-40b6-b2cb-237ab3128669",
    "vertices" : [ {
      "x" : 2.232432,
      "y" : 0.80971146,
      "z" : 0.15654115
    }, {
      "x" : 2.2254248,
      "y" : 0.7983739,
      "z" : 0.309017
    }, {
      "x" : 2.4164078,
      "y" : 1.1073909,
      "z" : 0.19098301
    }, {
      "x" : 2.3636215,
      "y" : 1.0219806,
      "z" : 0.09172276
    } ],
    "faces" : [ {
      "vertices" : [ 0, 1, 2 ]
    }, {
      "vertices" : [ 0, 2, 3 ]
    }, {
      "vertices" : [ 0, 3, 2 ]
    }, {
      "vertices" : [ 0, 2, 1 ]
    } ]
  }, {
    "id" : "e59ac843-b9c1-40da-bd69-79192bc6516e",
    "vertices" : [ {
      "x" : 6.0541754,
      "y" : 0.47213596,
      "z" : 0.15654115
    }, {
      "x" : 6.1271243,
      "y" : 0.41640785,
      "z" : 0.1286771
    }, {
      "x" : 6.176275,
      "y" : 0.4959347,
      "z" : 0.0
    }, {
      "x" : 6.113969,
      "y" : 0.5688837,
      "z" : 0.0
    } ],
    "faces" : [ {
      "vertices" : [ 0, 1, 2 ]
    }, {
      "vertices" : [ 0, 2, 3 ]
    }, {
      "vertices" : [ 0, 3, 2 ]
    }, {
      "vertices" : [ 0, 2, 1 ]
    } ]
  }, {
    "id" : "8118b18e-3250-4c1c-ab78-d81cb6d1e209",
    "vertices" : [ {
      "x" : 4.308588,
      "y" : -0.74082774,
      "z" : 0.15654115
    }, {
      "x" : 4.3155947,
      "y" : -0.72949016,
      "z" : 0.309017
    }, {
      "x" : 4.124612,
      "y" : -1.0385071,
      "z" : 0.19098301
    }, {
      "x" : 4.177398,
      "y" : -0.953097,
      "z" : 0.09172276
    } ],
    "faces" : [ {
      "vertices" : [ 0, 1, 2 ]
    }, {
      "vertices" : [ 0, 2, 3 ]
    }, {
      "vertices" : [ 0, 3, 2 ]
    }, {
      "vertices" : [ 0, 2, 1 ]
    } ]
  }, {
    "id" : "8c1b79e2-38d9-4189-bc97-074638d57365",
    "vertices" : [ {
      "x" : 7.0713964,
      "y" : 1.3606797,
      "z" : 0.1286771
    }, {
      "x" : 6.9984474,
      "y" : 1.4164078,
      "z" : 0.15654115
    }, {
      "x" : 6.9574275,
      "y" : 1.1762745,
      "z" : 0.07450183
    } ],
    "faces" : [ {
      "vertices" : [ 0, 1, 2 ]
    }, {
      "vertices" : [ 0, 2, 1 ]
    } ]
  }, {
    "id" : "78b4e11d-9aec-4484-88ce-4c095a053153",
    "vertices" : [ {
      "x" : 2.6447744,
      "y" : 1.1850996,
      "z" : 0.0
    }, {
      "x" : 2.315595,
      "y" : 1.3885438,
      "z" : 0.0
    }, {
      "x" : 2.3885438,
      "y" : 1.5065778,
      "z" : -0.19098301
    }, {
      "x" : 2.7177234,
      "y" : 1.3031336,
      "z" : -0.19098301
    } ],
    "faces" : [ {
      "vertices" : [ 0, 1, 2 ]
    }, {
      "vertices" : [ 0, 2, 3 ]
    }, {
      "vertices" : [ 0, 3, 2 ]
    }, {
      "vertices" : [ 0, 2, 1 ]
    } ]
  }, {
    "id" : "5a683229-aca2-491c-b331-54e81f4376a4",
    "vertices" : [ {
      "x" : 4.978714,
      "y" : -0.6844052,
      "z" : -0.11803399
    }, {
      "x" : 5.068884,
      "y" : -0.71226925,
      "z" : -0.10081306
    }, {
      "x" : 5.068884,
      "y" : -0.71226925,
      "z" : 0.07450183
    }, {
      "x" : 4.978714,
      "y" : -0.6844052,
      "z" : 0.09172276
    } ],
    "faces" : [ {
      "vertices" : [ 0, 1, 2 ]
    }, {
      "vertices" : [ 0, 2, 3 ]
    }, {
      "vertices" : [ 0, 3, 2 ]
    }, {
      "vertices" : [ 0, 2, 1 ]
    } ]
  }, {
    "id" : "88d79cc3-0778-448d-bea9-c0d71105fa77",
    "vertices" : [ {
      "x" : 3.9614928,
      "y" : -1.0106431,
      "z" : 0.0
    }, {
      "x" : 3.8962452,
      "y" : -1.116216,
      "z" : 0.0
    }, {
      "x" : 3.8232963,
      "y" : -1.23425,
      "z" : -0.19098301
    }, {
      "x" : 3.843459,
      "y" : -1.2016262,
      "z" : -0.309017
    } ],
    "faces" : [ {
      "vertices" : [ 0, 1, 2 ]
    }, {
      "vertices" : [ 0, 2, 3 ]
    }, {
      "vertices" : [ 0, 3, 2 ]
    }, {
      "vertices" : [ 0, 2, 1 ]
    } ]
  }, {
    "id" : "9e17e52d-1787-4dbf-81c8-48a82319cba4",
    "vertices" : [ {
      "x" : 4.568884,
      "y" : 0.78773075,
      "z" : 0.0
    }, {
      "x" : 5.068884,
      "y" : -0.09423526,
      "z" : -0.19098301
    }, {
      "x" : 5.068884,
      "y" : -0.09423526,
      "z" : 0.19098301
    } ],
    "faces" : [ {
      "vertices" : [ 0, 1, 2 ]
    }, {
      "vertices" : [ 0, 2, 1 ]
    } ]
  }, {
    "id" : "f0988d40-bcde-450b-825a-54c0b1bc05f2",
    "vertices" : [ {
      "x" : 5.5820394,
      "y" : 0.0,
      "z" : 0.15654115
    }, {
      "x" : 5.6549883,
      "y" : -0.05572809,
      "z" : 0.1286771
    }, {
      "x" : 5.7041388,
      "y" : 0.023798736,
      "z" : 0.0
    }, {
      "x" : 5.641833,
      "y" : 0.096747756,
      "z" : 0.0
    } ],
    "faces" : [ {
      "vertices" : [ 0, 1, 2 ]
    }, {
      "vertices" : [ 0, 2, 3 ]
    }, {
      "vertices" : [ 0, 3, 2 ]
    }, {
      "vertices" : [ 0, 2, 1 ]
    } ]
  }, {
    "id" : "cf165347-0bea-4e8f-9184-2e58189ac3a9",
    "vertices" : [ {
      "x" : 4.978714,
      "y" : -0.6844052,
      "z" : 0.09172276
    }, {
      "x" : 5.1099033,
      "y" : -0.47213596,
      "z" : 0.15654115
    }, {
      "x" : 4.7807236,
      "y" : -0.26869178,
      "z" : 0.15654115
    }, {
      "x" : 4.649534,
      "y" : -0.48096102,
      "z" : 0.09172276
    } ],
    "faces" : [ {
      "vertices" : [ 0, 1, 2 ]
    }, {
      "vertices" : [ 0, 2, 3 ]
    }, {
      "vertices" : [ 0, 3, 2 ]
    }, {
      "vertices" : [ 0, 2, 1 ]
    } ]
  }, {
    "id" : "32f6fdb1-a698-473f-96ed-0825c5ee9fa5",
    "vertices" : [ {
      "x" : 4.649534,
      "y" : -0.48096102,
      "z" : 0.09172276
    }, {
      "x" : 4.596748,
      "y" : -0.5663712,
      "z" : 0.19098301
    }, {
      "x" : 4.596748,
      "y" : -0.5663712,
      "z" : -0.19098301
    }, {
      "x" : 4.649534,
      "y" : -0.48096102,
      "z" : -0.11803399
    } ],
    "faces" : [ {
      "vertices" : [ 0, 1, 2 ]
    }, {
      "vertices" : [ 0, 2, 3 ]
    }, {
      "vertices" : [ 0, 3, 2 ]
    }, {
      "vertices" : [ 0, 2, 1 ]
    } ]
  }, {
    "id" : "25da413b-3f0a-4025-8165-fa05c9d2fe88",
    "vertices" : [ {
      "x" : 4.9402065,
      "y" : 3.4402065,
      "z" : 0.0
    }, {
      "x" : 5.005454,
      "y" : 3.5457795,
      "z" : 0.0
    }, {
      "x" : 5.078403,
      "y" : 3.6638134,
      "z" : -0.19098301
    }, {
      "x" : 5.0582404,
      "y" : 3.6311896,
      "z" : -0.309017
    } ],
    "faces" : [ {
      "vertices" : [ 0, 1, 2 ]
    }, {
      "vertices" : [ 0, 2, 3 ]
    }, {
      "vertices" : [ 0, 3, 2 ]
    }, {
      "vertices" : [ 0, 2, 1 ]
    } ]
  }, {
    "id" : "4dec7f78-f923-44e9-abbc-dc7f8364510f",
    "vertices" : [ {
      "x" : 1.4721359,
      "y" : 0.16311896,
      "z" : 0.19098301
    }, {
      "x" : 1.9721359,
      "y" : -0.71884704,
      "z" : 0.0
    }, {
      "x" : 1.4721359,
      "y" : 0.16311896,
      "z" : -0.19098301
    } ],
    "faces" : [ {
      "vertices" : [ 0, 1, 2 ]
    }, {
      "vertices" : [ 0, 2, 1 ]
    } ]
  }, {
    "id" : "322f2bc9-2996-41c7-97cd-f8a5dc9e9fd1",
    "vertices" : [ {
      "x" : 1.4193496,
      "y" : 0.077708766,
      "z" : -0.11803399
    }, {
      "x" : 1.0901699,
      "y" : 0.28115296,
      "z" : -0.11803399
    }, {
      "x" : 1.0901699,
      "y" : 0.28115296,
      "z" : 0.09172276
    }, {
      "x" : 1.4193496,
      "y" : 0.077708766,
      "z" : 0.09172276
    } ],
    "faces" : [ {
      "vertices" : [ 0, 1, 2 ]
    }, {
      "vertices" : [ 0, 2, 3 ]
    }, {
      "vertices" : [ 0, 3, 2 ]
    }, {
      "vertices" : [ 0, 2, 1 ]
    } ]
  }, {
    "id" : "b48c055f-0779-453b-bc6f-775af3ac2fb4",
    "vertices" : [ {
      "x" : 3.1767037,
      "y" : 1.7539834,
      "z" : 0.15654115
    }, {
      "x" : 3.1696968,
      "y" : 1.7426457,
      "z" : 0.309017
    }, {
      "x" : 3.3606799,
      "y" : 2.0516627,
      "z" : 0.19098301
    }, {
      "x" : 3.3078933,
      "y" : 1.9662526,
      "z" : 0.09172276
    } ],
    "faces" : [ {
      "vertices" : [ 0, 1, 2 ]
    }, {
      "vertices" : [ 0, 2, 3 ]
    }, {
      "vertices" : [ 0, 3, 2 ]
    }, {
      "vertices" : [ 0, 2, 1 ]
    } ]
  }, {
    "id" : "547c0f14-3ee2-4e78-82b0-b3d14e989001",
    "vertices" : [ {
      "x" : 3.246711,
      "y" : 2.4852915,
      "z" : 0.1286771
    }, {
      "x" : 3.3196602,
      "y" : 2.4295635,
      "z" : 0.15654115
    }, {
      "x" : 3.3606799,
      "y" : 2.6696968,
      "z" : 0.07450183
    } ],
    "faces" : [ {
      "vertices" : [ 0, 1, 2 ]
    }, {
      "vertices" : [ 0, 2, 1 ]
    } ]
  }, {
    "id" : "a49b96b7-6916-40f5-a5bf-9620af85d630",
    "vertices" : [ {
      "x" : 6.2041388,
      "y" : 1.1590537,
      "z" : -0.309017
    }, {
      "x" : 6.183976,
      "y" : 1.1264299,
      "z" : -0.19098301
    }, {
      "x" : 6.065942,
      "y" : 0.93544686,
      "z" : -0.11803399
    }, {
      "x" : 6.0131555,
      "y" : 0.8500367,
      "z" : -0.19098301
    } ],
    "faces" : [ {
      "vertices" : [ 0, 1, 2 ]
    }, {
      "vertices" : [ 0, 2, 3 ]
    }, {
      "vertices" : [ 0, 3, 2 ]
    }, {
      "vertices" : [ 0, 2, 1 ]
    } ]
  }, {
    "id" : "4afb7f95-2196-4800-ae69-490134d31d0f",
    "vertices" : [ {
      "x" : 3.6803398,
      "y" : -1.9098301,
      "z" : -0.19098301
    }, {
      "x" : 3.753289,
      "y" : -1.9655582,
      "z" : -0.16311896
    }, {
      "x" : 3.6524758,
      "y" : -2.1286771,
      "z" : -0.10081306
    }, {
      "x" : 3.562306,
      "y" : -2.1008132,
      "z" : -0.11803399
    } ],
    "faces" : [ {
      "vertices" : [ 0, 1, 2 ]
    }, {
      "vertices" : [ 0, 2, 3 ]
    }, {
      "vertices" : [ 0, 3, 2 ]
    }, {
      "vertices" : [ 0, 2, 1 ]
    } ]
  }, {
    "id" : "878a47da-102c-4eaf-acac-d5bfbc6d6445",
    "vertices" : [ {
      "x" : 2.315595,
      "y" : 1.3885438,
      "z" : 0.0
    }, {
      "x" : 2.253289,
      "y" : 1.4614929,
      "z" : 0.0
    }, {
      "x" : 2.315595,
      "y" : 1.5623059,
      "z" : -0.16311896
    }, {
      "x" : 2.3885438,
      "y" : 1.5065778,
      "z" : -0.19098301
    } ],
    "faces" : [ {
      "vertices" : [ 0, 1, 2 ]
    }, {
      "vertices" : [ 0, 2, 3 ]
    }, {
      "vertices" : [ 0, 3, 2 ]
    }, {
      "vertices" : [ 0, 2, 1 ]
    } ]
  }, {
    "id" : "69758dab-da2c-454f-aaff-b935b19e1b3e",
    "vertices" : [ {
      "x" : 1.9442719,
      "y" : 0.6352549,
      "z" : 0.19098301
    }, {
      "x" : 2.326238,
      "y" : -0.4376941,
      "z" : 0.309017
    }, {
      "x" : 2.4442718,
      "y" : -0.24671109,
      "z" : 0.0
    } ],
    "faces" : [ {
      "vertices" : [ 0, 1, 2 ]
    }, {
      "vertices" : [ 0, 2, 1 ]
    } ]
  }, {
    "id" : "93da086d-2ea9-4616-a423-1c7d009067ad",
    "vertices" : [ {
      "x" : 5.2492237,
      "y" : 3.9402065,
      "z" : -0.19098301
    }, {
      "x" : 5.63119,
      "y" : 2.8672576,
      "z" : -0.309017
    }, {
      "x" : 5.0582404,
      "y" : 3.6311896,
      "z" : -0.309017
    } ],
    "faces" : [ {
      "vertices" : [ 0, 1, 2 ]
    }, {
      "vertices" : [ 0, 2, 1 ]
    } ]
  }, {
    "id" : "b7f65f9f-a04d-4af1-a405-e37261e65d1b",
    "vertices" : [ {
      "x" : 1.281153,
      "y" : -0.14589803,
      "z" : 0.309017
    }, {
      "x" : 1.163119,
      "y" : -0.33688104,
      "z" : 0.0
    }, {
      "x" : 1.736068,
      "y" : -1.100813,
      "z" : 0.0
    }, {
      "x" : 1.854102,
      "y" : -0.90983003,
      "z" : 0.309017
    } ],
    "faces" : [ {
      "vertices" : [ 0, 1, 2 ]
    }, {
      "vertices" : [ 0, 2, 3 ]
    }, {
      "vertices" : [ 0, 3, 2 ]
    }, {
      "vertices" : [ 0, 2, 1 ]
    } ]
  }, {
    "id" : "41dc83cf-a18f-406e-b389-16c654cc251a",
    "vertices" : [ {
      "x" : 5.5131555,
      "y" : 1.7320026,
      "z" : 0.0
    }, {
      "x" : 5.63119,
      "y" : 1.9229857,
      "z" : -0.309017
    }, {
      "x" : 6.0131555,
      "y" : 0.8500367,
      "z" : -0.19098301
    } ],
    "faces" : [ {
      "vertices" : [ 0, 1, 2 ]
    }, {
      "vertices" : [ 0, 2, 1 ]
    } ]
  }, {
    "id" : "855680e3-7871-400e-81a8-09da00ab0cba",
    "vertices" : [ {
      "x" : 3.7320027,
      "y" : 2.8049517,
      "z" : 0.0
    }, {
      "x" : 3.6696968,
      "y" : 2.8779006,
      "z" : 0.0
    }, {
      "x" : 3.7320027,
      "y" : 2.9787138,
      "z" : -0.16311896
    }, {
      "x" : 3.8049517,
      "y" : 2.9229858,
      "z" : -0.19098301
    } ],
    "faces" : [ {
      "vertices" : [ 0, 1, 2 ]
    }, {
      "vertices" : [ 0, 2, 3 ]
    }, {
      "vertices" : [ 0, 3, 2 ]
    }, {
      "vertices" : [ 0, 2, 1 ]
    } ]
  }, {
    "id" : "051c9aff-0dc5-4596-abc8-b01e5d4d8dfc",
    "vertices" : [ {
      "x" : 3.8364518,
      "y" : -1.2129637,
      "z" : 0.15654115
    }, {
      "x" : 3.843459,
      "y" : -1.2016262,
      "z" : 0.309017
    }, {
      "x" : 3.6524758,
      "y" : -1.5106431,
      "z" : 0.19098301
    }, {
      "x" : 3.7052622,
      "y" : -1.4252329,
      "z" : 0.09172276
    } ],
    "faces" : [ {
      "vertices" : [ 0, 1, 2 ]
    }, {
      "vertices" : [ 0, 2, 3 ]
    }, {
      "vertices" : [ 0, 3, 2 ]
    }, {
      "vertices" : [ 0, 2, 1 ]
    } ]
  }, {
    "id" : "9c94f41f-d9d2-43a3-aa40-5bef28a12bec",
    "vertices" : [ {
      "x" : 3.7800293,
      "y" : 2.4383886,
      "z" : 0.09172276
    }, {
      "x" : 3.8328156,
      "y" : 2.5237987,
      "z" : 0.19098301
    }, {
      "x" : 3.8328156,
      "y" : 2.5237987,
      "z" : -0.19098301
    }, {
      "x" : 3.7800293,
      "y" : 2.4383886,
      "z" : -0.11803399
    } ],
    "faces" : [ {
      "vertices" : [ 0, 1, 2 ]
    }, {
      "vertices" : [ 0, 2, 3 ]
    }, {
      "vertices" : [ 0, 3, 2 ]
    }, {
      "vertices" : [ 0, 2, 1 ]
    } ]
  }, {
    "id" : "311a63d5-3a49-4055-b964-2384d5653509",
    "vertices" : [ {
      "x" : 4.096748,
      "y" : 0.3155948,
      "z" : 0.0
    }, {
      "x" : 4.596748,
      "y" : -0.5663712,
      "z" : 0.19098301
    }, {
      "x" : 4.2147818,
      "y" : 0.5065778,
      "z" : 0.309017
    } ],
    "faces" : [ {
      "vertices" : [ 0, 1, 2 ]
    }, {
      "vertices" : [ 0, 2, 1 ]
    } ]
  }, {
    "id" : "470d2868-4026-40fa-9d85-a593290ef8da",
    "vertices" : [ {
      "x" : 3.8328156,
      "y" : 2.5237987,
      "z" : 0.19098301
    }, {
      "x" : 4.2147818,
      "y" : 1.4508498,
      "z" : 0.309017
    }, {
      "x" : 4.3328156,
      "y" : 1.6418327,
      "z" : 0.0
    } ],
    "faces" : [ {
      "vertices" : [ 0, 1, 2 ]
    }, {
      "vertices" : [ 0, 2, 1 ]
    } ]
  }, {
    "id" : "af065fba-d756-4ffb-9220-0b5915a95a23",
    "vertices" : [ {
      "x" : 6.256925,
      "y" : 1.2444638,
      "z" : 0.0
    }, {
      "x" : 6.3221726,
      "y" : 1.3500366,
      "z" : 0.0
    }, {
      "x" : 6.2041388,
      "y" : 1.1590537,
      "z" : 0.309017
    }, {
      "x" : 6.1971316,
      "y" : 1.147716,
      "z" : 0.15654115
    } ],
    "faces" : [ {
      "vertices" : [ 0, 1, 2 ]
    }, {
      "vertices" : [ 0, 2, 3 ]
    }, {
      "vertices" : [ 0, 3, 2 ]
    }, {
      "vertices" : [ 0, 2, 1 ]
    } ]
  }, {
    "id" : "a8568169-d61b-4b13-9d03-e55250649540",
    "vertices" : [ {
      "x" : 3.3606799,
      "y" : 2.0516627,
      "z" : 0.19098301
    }, {
      "x" : 3.7426457,
      "y" : 0.97871375,
      "z" : 0.309017
    }, {
      "x" : 3.8606799,
      "y" : 1.1696968,
      "z" : 0.0
    } ],
    "faces" : [ {
      "vertices" : [ 0, 1, 2 ]
    }, {
      "vertices" : [ 0, 2, 1 ]
    } ]
  }, {
    "id" : "e3972bde-f733-4b77-809d-386c432bb211",
    "vertices" : [ {
      "x" : 2.8885438,
      "y" : 1.5795268,
      "z" : -0.19098301
    }, {
      "x" : 3.2705097,
      "y" : 0.5065778,
      "z" : -0.309017
    }, {
      "x" : 2.6975608,
      "y" : 1.2705098,
      "z" : -0.309017
    } ],
    "faces" : [ {
      "vertices" : [ 0, 1, 2 ]
    }, {
      "vertices" : [ 0, 2, 1 ]
    } ]
  }, {
    "id" : "e910ed39-db4b-4cfb-bc2b-53e0696a9eff",
    "vertices" : [ {
      "x" : 1.854102,
      "y" : -1.854102,
      "z" : -0.309017
    }, {
      "x" : 1.9721359,
      "y" : -1.663119,
      "z" : 0.0
    }, {
      "x" : 2.545085,
      "y" : -2.427051,
      "z" : 0.0
    }, {
      "x" : 2.427051,
      "y" : -2.618034,
      "z" : -0.309017
    } ],
    "faces" : [ {
      "vertices" : [ 0, 1, 2 ]
    }, {
      "vertices" : [ 0, 2, 3 ]
    }, {
      "vertices" : [ 0, 3, 2 ]
    }, {
      "vertices" : [ 0, 2, 1 ]
    } ]
  }, {
    "id" : "5a4e0f33-cb9e-43a5-8e06-7866333a740e",
    "vertices" : [ {
      "x" : 5.641833,
      "y" : 0.096747756,
      "z" : 0.0
    }, {
      "x" : 5.7041388,
      "y" : 0.023798736,
      "z" : 0.0
    }, {
      "x" : 5.641833,
      "y" : -0.07701433,
      "z" : -0.16311896
    }, {
      "x" : 5.568884,
      "y" : -0.021286236,
      "z" : -0.19098301
    } ],
    "faces" : [ {
      "vertices" : [ 0, 1, 2 ]
    }, {
      "vertices" : [ 0, 2, 3 ]
    }, {
      "vertices" : [ 0, 3, 2 ]
    }, {
      "vertices" : [ 0, 2, 1 ]
    } ]
  }, {
    "id" : "52470319-0c24-4298-b186-dbacb6b0dfa2",
    "vertices" : [ {
      "x" : 5.0582404,
      "y" : 3.6311896,
      "z" : -0.309017
    }, {
      "x" : 5.078403,
      "y" : 3.6638134,
      "z" : -0.19098301
    }, {
      "x" : 5.1964374,
      "y" : 3.8547964,
      "z" : -0.11803399
    }, {
      "x" : 5.2492237,
      "y" : 3.9402065,
      "z" : -0.19098301
    } ],
    "faces" : [ {
      "vertices" : [ 0, 1, 2 ]
    }, {
      "vertices" : [ 0, 2, 3 ]
    }, {
      "vertices" : [ 0, 3, 2 ]
    }, {
      "vertices" : [ 0, 2, 1 ]
    } ]
  }, {
    "id" : "23bfdda4-9297-490c-992f-fbd82c0949b0",
    "vertices" : [ {
      "x" : 5.2492237,
      "y" : 3.9402065,
      "z" : 0.19098301
    }, {
      "x" : 5.63119,
      "y" : 2.8672576,
      "z" : 0.309017
    }, {
      "x" : 5.7492237,
      "y" : 3.0582407,
      "z" : 0.0
    } ],
    "faces" : [ {
      "vertices" : [ 0, 1, 2 ]
    }, {
      "vertices" : [ 0, 2, 1 ]
    } ]
  }, {
    "id" : "bea66905-e7d7-4cca-b157-01020812f1ab",
    "vertices" : [ {
      "x" : 5.1828523,
      "y" : -0.52786404,
      "z" : 0.1286771
    }, {
      "x" : 5.068884,
      "y" : -0.71226925,
      "z" : 0.07450183
    }, {
      "x" : 5.068884,
      "y" : -0.71226925,
      "z" : -0.10081306
    }, {
      "x" : 5.169697,
      "y" : -0.5491503,
      "z" : -0.16311896
    }, {
      "x" : 5.2320027,
      "y" : -0.44833723,
      "z" : 0.0
    } ],
    "faces" : [ {
      "vertices" : [ 0, 1, 2 ]
    }, {
      "vertices" : [ 0, 2, 3 ]
    }, {
      "vertices" : [ 0, 3, 4 ]
    }, {
      "vertices" : [ 0, 4, 3 ]
    }, {
      "vertices" : [ 0, 3, 2 ]
    }, {
      "vertices" : [ 0, 2, 1 ]
    } ]
  }, {
    "id" : "20d2970a-5923-4259-ace0-450cbc5c7b48",
    "vertices" : [ {
      "x" : 1.4721359,
      "y" : 0.16311896,
      "z" : 0.19098301
    }, {
      "x" : 1.281153,
      "y" : -0.14589803,
      "z" : 0.309017
    }, {
      "x" : 1.854102,
      "y" : -0.90983003,
      "z" : 0.309017
    } ],
    "faces" : [ {
      "vertices" : [ 0, 1, 2 ]
    }, {
      "vertices" : [ 0, 2, 1 ]
    } ]
  }, {
    "id" : "40c98c14-30fd-4250-b528-ac71e7c23c8c",
    "vertices" : [ {
      "x" : 4.124612,
      "y" : -1.0385071,
      "z" : 0.19098301
    }, {
      "x" : 4.3155947,
      "y" : -0.72949016,
      "z" : 0.309017
    }, {
      "x" : 3.7426457,
      "y" : 0.034441855,
      "z" : 0.309017
    } ],
    "faces" : [ {
      "vertices" : [ 0, 1, 2 ]
    }, {
      "vertices" : [ 0, 2, 1 ]
    } ]
  }, {
    "id" : "62793aa2-8212-4395-89a8-c2dd0b83dbf1",
    "vertices" : [ {
      "x" : 3.3078933,
      "y" : 1.9662526,
      "z" : -0.11803399
    }, {
      "x" : 2.9787138,
      "y" : 2.1696968,
      "z" : -0.11803399
    }, {
      "x" : 2.9787138,
      "y" : 2.1696968,
      "z" : 0.09172276
    }, {
      "x" : 3.3078933,
      "y" : 1.9662526,
      "z" : 0.09172276
    } ],
    "faces" : [ {
      "vertices" : [ 0, 1, 2 ]
    }, {
      "vertices" : [ 0, 2, 3 ]
    }, {
      "vertices" : [ 0, 3, 2 ]
    }, {
      "vertices" : [ 0, 2, 1 ]
    } ]
  }, {
    "id" : "d1d0434a-9f32-4239-a4f5-b170eebe32a1",
    "vertices" : [ {
      "x" : 4.295432,
      "y" : -0.762114,
      "z" : -0.19098301
    }, {
      "x" : 4.624612,
      "y" : -0.9655582,
      "z" : -0.19098301
    }, {
      "x" : 4.506578,
      "y" : -1.1565411,
      "z" : -0.11803399
    }, {
      "x" : 4.177398,
      "y" : -0.953097,
      "z" : -0.11803399
    } ],
    "faces" : [ {
      "vertices" : [ 0, 1, 2 ]
    }, {
      "vertices" : [ 0, 2, 3 ]
    }, {
      "vertices" : [ 0, 3, 2 ]
    }, {
      "vertices" : [ 0, 2, 1 ]
    } ]
  }, {
    "id" : "e2cb6448-4e9a-4246-af43-32878e570a3d",
    "vertices" : [ {
      "x" : 4.1209755,
      "y" : 2.6982553,
      "z" : 0.15654115
    }, {
      "x" : 4.113969,
      "y" : 2.6869178,
      "z" : 0.309017
    }, {
      "x" : 4.3049517,
      "y" : 2.9959347,
      "z" : 0.19098301
    }, {
      "x" : 4.2521653,
      "y" : 2.9105246,
      "z" : 0.09172276
    } ],
    "faces" : [ {
      "vertices" : [ 0, 1, 2 ]
    }, {
      "vertices" : [ 0, 2, 3 ]
    }, {
      "vertices" : [ 0, 3, 2 ]
    }, {
      "vertices" : [ 0, 2, 1 ]
    } ]
  }, {
    "id" : "29aac2ea-6911-4c70-aec7-ac347ea02d3a",
    "vertices" : [ {
      "x" : 5.9852915,
      "y" : 2.2041385,
      "z" : 0.0
    }, {
      "x" : 6.1033254,
      "y" : 2.3951216,
      "z" : 0.309017
    }, {
      "x" : 5.63119,
      "y" : 2.8672576,
      "z" : 0.309017
    }, {
      "x" : 5.5131555,
      "y" : 2.6762745,
      "z" : 0.0
    } ],
    "faces" : [ {
      "vertices" : [ 0, 1, 2 ]
    }, {
      "vertices" : [ 0, 2, 3 ]
    }, {
      "vertices" : [ 0, 3, 2 ]
    }, {
      "vertices" : [ 0, 2, 1 ]
    } ]
  }, {
    "id" : "89b2abaf-4eff-4117-a274-b520786a5428",
    "vertices" : [ {
      "x" : 4.7877307,
      "y" : -0.2573542,
      "z" : -0.309017
    }, {
      "x" : 4.767568,
      "y" : -0.289978,
      "z" : -0.19098301
    }, {
      "x" : 4.649534,
      "y" : -0.48096102,
      "z" : -0.11803399
    }, {
      "x" : 4.596748,
      "y" : -0.5663712,
      "z" : -0.19098301
    } ],
    "faces" : [ {
      "vertices" : [ 0, 1, 2 ]
    }, {
      "vertices" : [ 0, 2, 3 ]
    }, {
      "vertices" : [ 0, 3, 2 ]
    }, {
      "vertices" : [ 0, 2, 1 ]
    } ]
  }, {
    "id" : "5990141a-3991-4eaf-a9f2-1803fbbb8260",
    "vertices" : [ {
      "x" : 3.09017,
      "y" : -2.572949,
      "z" : -0.11803399
    }, {
      "x" : 3.1803398,
      "y" : -2.6008132,
      "z" : -0.10081306
    }, {
      "x" : 3.1803398,
      "y" : -2.6008132,
      "z" : 0.07450183
    }, {
      "x" : 3.09017,
      "y" : -2.572949,
      "z" : 0.09172276
    } ],
    "faces" : [ {
      "vertices" : [ 0, 1, 2 ]
    }, {
      "vertices" : [ 0, 2, 3 ]
    }, {
      "vertices" : [ 0, 3, 2 ]
    }, {
      "vertices" : [ 0, 2, 1 ]
    } ]
  }, {
    "id" : "97ad9c32-83df-40a3-abb4-734dfffe8a55",
    "vertices" : [ {
      "x" : 5.159054,
