{
  "field" : "golden",
  "symmetry" : "icosahedral",
  "orientations" : [ [ 1.0, 0.0, 0.0, 0.0, 0.0, 1.0, 0.0, 0.0, 0.0, 0.0, 1.0, 0.0, 0.0, 0.0, 0.0, 1.0 ], [ 0.0, 0.0, 1.0, 0.0, 1.0, 0.0, 0.0, 0.0, 0.0, 1.0, 0.0, 0.0, 0.0, 0.0, 0.0, 1.0 ], [ 0.0, 1.0, 0.0, 0.0, 0.0, 0.0, 1.0, 0.0, 1.0, 0.0, 0.0, 0.0, 0.0, 0.0, 0.0, 1.0 ], [ 0.809017, 0.309017, 0.5, 0.0, 0.309017, 0.5, -0.809017, 0.0, -0.5, 0.809017, 0.309017, 0.0, 0.0, 0.0, 0.0, 1.0 ], [ -0.5, 0.809017, 0.309017, 0.0, 0.809017, 0.309017, 0.5, 0.0, 0.309017, 0.5, -0.809017, 0.0, 0.0, 0.0, 0.0, 1.0 ], [ 0.309017, 0.5, -0.809017, 0.0, -0.5, 0.809017, 0.309017, 0.0, 0.809017, 0.309017, 0.5, 0.0, 0.0, 0.0, 0.0, 1.0 ], [ 0.5, 0.809017, 0.309017, 0.0, 0.809017, -0.309017, -0.5, 0.0, -0.309017, 0.5, -0.809017, 0.0, 0.0, 0.0, 0.0, 1.0 ], [ -0.309017, 0.5, -0.809017, 0.0, 0.5, 0.809017, 0.309017, 0.0, 0.809017, -0.309017, -0.5, 0.0, 0.0, 0.0, 0.0, 1.0 ], [ 0.809017, -0.309017, -0.5, 0.0, -0.309017, 0.5, -0.809017, 0.0, 0.5, 0.809017, 0.309017, 0.0, 0.0, 0.0, 0.0, 1.0 ], [ 0.5, 0.809017, -0.309017, 0.0, 0.809017, -0.309017, 0.5, 0.0, 0.309017, -0.5, -0.809017, 0.0, 0.0, 0.0, 0.0, 1.0 ], [ 0.309017, -0.5, -0.809017, 0.0, 0.5, 0.809017, -0.309017, 0.0, 0.809017, -0.309017, 0.5, 0.0, 0.0, 0.0, 0.0, 1.0 ], [ 0.809017, -0.309017, 0.5, 0.0, 0.309017, -0.5, -0.809017, 0.0, 0.5, 0.809017, -0.309017, 0.0, 0.0, 0.0, 0.0, 1.0 ], [ 0.809017, 0.309017, -0.5, 0.0, 0.309017, 0.5, 0.809017, 0.0, 0.5, -0.809017, 0.309017, 0.0, 0.0, 0.0, 0.0, 1.0 ], [ 0.5, -0.809017, 0.309017, 0.0, 0.809017, 0.309017, -0.5, 0.0, 0.309017, 0.5, 0.809017, 0.0, 0.0, 0.0, 0.0, 1.0 ], [ 0.309017, 0.5, 0.809017, 0.0, 0.5, -0.809017, 0.309017, 0.0, 0.809017, 0.309017, -0.5, 0.0, 0.0, 0.0, 0.0, 1.0 ], [ 1.0, 0.0, 0.0, 0.0, 0.0, -1.0, 0.0, 0.0, 0.0, 0.0, -1.0, 0.0, 0.0, 0.0, 0.0, 1.0 ], [ 0.0, 0.0, 1.0, 0.0, -1.0, 0.0, 0.0, 0.0, 0.0, -1.0, 0.0, 0.0, 0.0, 0.0, 0.0, 1.0 ], [ 0.0, 1.0, 0.0, 0.0, 0.0, 0.0, -1.0, 0.0, -1.0, 0.0, 0.0, 0.0, 0.0, 0.0, 0.0, 1.0 ], [ 0.809017, 0.309017, 0.5, 0.0, -0.309017, -0.5, 0.809017, 0.0, 0.5, -0.809017, -0.309017, 0.0, 0.0, 0.0, 0.0, 1.0 ], [ -0.5, 0.809017, 0.309017, 0.0, -0.809017, -0.309017, -0.5, 0.0, -0.309017, -0.5, 0.809017, 0.0, 0.0, 0.0, 0.0, 1.0 ], [ 0.309017, 0.5, -0.809017, 0.0, 0.5, -0.809017, -0.309017, 0.0, -0.809017, -0.309017, -0.5, 0.0, 0.0, 0.0, 0.0, 1.0 ], [ 0.5, 0.809017, 0.309017, 0.0, -0.809017, 0.309017, 0.5, 0.0, 0.309017, -0.5, 0.809017, 0.0, 0.0, 0.0, 0.0, 1.0 ], [ -0.309017, 0.5, -0.809017, 0.0, -0.5, -0.809017, -0.309017, 0.0, -0.809017, 0.309017, 0.5, 0.0, 0.0, 0.0, 0.0, 1.0 ], [ 0.809017, -0.309017, -0.5, 0.0, 0.309017, -0.5, 0.809017, 0.0, -0.5, -0.809017, -0.309017, 0.0, 0.0, 0.0, 0.0, 1.0 ], [ 0.5, 0.809017, -0.309017, 0.0, -0.809017, 0.309017, -0.5, 0.0, -0.309017, 0.5, 0.809017, 0.0, 0.0, 0.0, 0.0, 1.0 ], [ 0.309017, -0.5, -0.809017, 0.0, -0.5, -0.809017, 0.309017, 0.0, -0.809017, 0.309017, -0.5, 0.0, 0.0, 0.0, 0.0, 1.0 ], [ 0.809017, -0.309017, 0.5, 0.0, -0.309017, 0.5, 0.809017, 0.0, -0.5, -0.809017, 0.309017, 0.0, 0.0, 0.0, 0.0, 1.0 ], [ 0.809017, 0.309017, -0.5, 0.0, -0.309017, -0.5, -0.809017, 0.0, -0.5, 0.809017, -0.309017, 0.0, 0.0, 0.0, 0.0, 1.0 ], [ 0.5, -0.809017, 0.309017, 0.0, -0.809017, -0.309017, 0.5, 0.0, -0.309017, -0.5, -0.809017, 0.0, 0.0, 0.0, 0.0, 1.0 ], [ 0.309017, 0.5, 0.809017, 0.0, -0.5, 0.809017, -0.309017, 0.0, -0.809017, -0.309017, 0.5, 0.0, 0.0, 0.0, 0.0, 1.0 ], [ -1.0, 0.0, 0.0, 0.0, 0.0, -1.0, 0.0, 0.0, 0.0, 0.0, 1.0, 0.0, 0.0, 0.0, 0.0, 1.0 ], [ 0.0, 0.0, -1.0, 0.0, -1.0, 0.0, 0.0, 0.0, 0.0, 1.0, 0.0, 0.0, 0.0, 0.0, 0.0, 1.0 ], [ 0.0, -1.0, 0.0, 0.0, 0.0, 0.0, -1.0, 0.0, 1.0, 0.0, 0.0, 0.0, 0.0, 0.0, 0.0, 1.0 ], [ -0.809017, -0.309017, -0.5, 0.0, -0.309017, -0.5, 0.809017, 0.0, -0.5, 0.809017, 0.309017, 0.0, 0.0, 0.0, 0.0, 1.0 ], [ 0.5, -0.809017, -0.309017, 0.0, -0.809017, -0.309017, -0.5, 0.0, 0.309017, 0.5, -0.809017, 0.0, 0.0, 0.0, 0.0, 1.0 ], [ -0.309017, -0.5, 0.809017, 0.0, 0.5, -0.809017, -0.309017, 0.0, 0.809017, 0.309017, 0.5, 0.0, 0.0, 0.0, 0.0, 1.0 ], [ -0.5, -0.809017, -0.309017, 0.0, -0.809017, 0.309017, 0.5, 0.0, -0.309017, 0.5, -0.809017, 0.0, 0.0, 0.0, 0.0, 1.0 ], [ 0.309017, -0.5, 0.809017, 0.0, -0.5, -0.809017, -0.309017, 0.0, 0.809017, -0.309017, -0.5, 0.0, 0.0, 0.0, 0.0, 1.0 ], [ -0.809017, 0.309017, 0.5, 0.0, 0.309017, -0.5, 0.809017, 0.0, 0.5, 0.809017, 0.309017, 0.0, 0.0, 0.0, 0.0, 1.0 ], [ -0.5, -0.809017, 0.309017, 0.0, -0.809017, 0.309017, -0.5, 0.0, 0.309017, -0.5, -0.809017, 0.0, 0.0, 0.0, 0.0, 1.0 ], [ -0.309017, 0.5, 0.809017, 0.0, -0.5, -0.809017, 0.309017, 0.0, 0.809017, -0.309017, 0.5, 0.0, 0.0, 0.0, 0.0, 1.0 ], [ -0.809017, 0.309017, -0.5, 0.0, -0.309017, 0.5, 0.809017, 0.0, 0.5, 0.809017, -0.309017, 0.0, 0.0, 0.0, 0.0, 1.0 ], [ -0.809017, -0.309017, 0.5, 0.0, -0.309017, -0.5, -0.809017, 0.0, 0.5, -0.809017, 0.309017, 0.0, 0.0, 0.0, 0.0, 1.0 ], [ -0.5, 0.809017, -0.309017, 0.0, -0.809017, -0.309017, 0.5, 0.0, 0.309017, 0.5, 0.809017, 0.0, 0.0, 0.0, 0.0, 1.0 ], [ -0.309017, -0.5, -0.809017, 0.0, -0.5, 0.809017, -0.309017, 0.0, 0.809017, 0.309017, -0.5, 0.0, 0.0, 0.0, 0.0, 1.0 ], [ -1.0, 0.0, 0.0, 0.0, 0.0, 1.0, 0.0, 0.0, 0.0, 0.0, -1.0, 0.0, 0.0, 0.0, 0.0, 1.0 ], [ 0.0, 0.0, -1.0, 0.0, 1.0, 0.0, 0.0, 0.0, 0.0, -1.0, 0.0, 0.0, 0.0, 0.0, 0.0, 1.0 ], [ 0.0, -1.0, 0.0, 0.0, 0.0, 0.0, 1.0, 0.0, -1.0, 0.0, 0.0, 0.0, 0.0, 0.0, 0.0, 1.0 ], [ -0.809017, -0.309017, -0.5, 0.0, 0.309017, 0.5, -0.809017, 0.0, 0.5, -0.809017, -0.309017, 0.0, 0.0, 0.0, 0.0, 1.0 ], [ 0.5, -0.809017, -0.309017, 0.0, 0.809017, 0.309017, 0.5, 0.0, -0.309017, -0.5, 0.809017, 0.0, 0.0, 0.0, 0.0, 1.0 ], [ -0.309017, -0.5, 0.809017, 0.0, -0.5, 0.809017, 0.309017, 0.0, -0.809017, -0.309017, -0.5, 0.0, 0.0, 0.0, 0.0, 1.0 ], [ -0.5, -0.809017, -0.309017, 0.0, 0.809017, -0.309017, -0.5, 0.0, 0.309017, -0.5, 0.809017, 0.0, 0.0, 0.0, 0.0, 1.0 ], [ 0.309017, -0.5, 0.809017, 0.0, 0.5, 0.809017, 0.309017, 0.0, -0.809017, 0.309017, 0.5, 0.0, 0.0, 0.0, 0.0, 1.0 ], [ -0.809017, 0.309017, 0.5, 0.0, -0.309017, 0.5, -0.809017, 0.0, -0.5, -0.809017, -0.309017, 0.0, 0.0, 0.0, 0.0, 1.0 ], [ -0.5, -0.809017, 0.309017, 0.0, 0.809017, -0.309017, 0.5, 0.0, -0.309017, 0.5, 0.809017, 0.0, 0.0, 0.0, 0.0, 1.0 ], [ -0.309017, 0.5, 0.809017, 0.0, 0.5, 0.809017, -0.309017, 0.0, -0.809017, 0.309017, -0.5, 0.0, 0.0, 0.0, 0.0, 1.0 ], [ -0.809017, 0.309017, -0.5, 0.0, 0.309017, -0.5, -0.809017, 0.0, -0.5, -0.809017, 0.309017, 0.0, 0.0, 0.0, 0.0, 1.0 ], [ -0.809017, -0.309017, 0.5, 0.0, 0.309017, 0.5, 0.809017, 0.0, -0.5, 0.809017, -0.309017, 0.0, 0.0, 0.0, 0.0, 1.0 ], [ -0.5, 0.809017, -0.309017, 0.0, 0.809017, 0.309017, -0.5, 0.0, -0.309017, -0.5, -0.809017, 0.0, 0.0, 0.0, 0.0, 1.0 ], [ -0.309017, -0.5, -0.809017, 0.0, 0.5, -0.809017, 0.309017, 0.0, -0.809017, -0.309017, 0.5, 0.0, 0.0, 0.0, 0.0, 1.0 ] ],
  "lights" : {
    "ambientColor" : "#292929",
    "backgroundColor" : "#AFC8DC",
    "directionalLights" : [ {
      "direction" : [ 1.0, -1.0, -1.0 ],
      "color" : "#EBEBE4"
    }, {
      "direction" : [ -1.0, 0.0, 0.0 ],
      "color" : "#E4E4EB"
    }, {
      "direction" : [ 0.0, 0.0, -1.0 ],
      "color" : "#1E1E1E"
    } ]
  },
  "camera" : {
    "width" : 7.6169143,
    "stereo" : false,
    "lookDirection" : {
      "x" : -0.7343839,
      "y" : -0.16032235,
      "z" : 0.65953106
    },
    "upDirection" : {
      "x" : -0.30098537,
      "y" : 0.94786,
      "z" : -0.10473283
    },
    "lookAtPoint" : {
      "x" : 0.0,
      "y" : 0.0,
      "z" : 0.0
    },
    "perspective" : true,
    "viewDistance" : 16.926483,
    "nearClipDistance" : 0.04231625,
    "farClipDistance" : 33.85291,
    "fieldOfView" : 0.4426287,
    "position" : {
      "x" : 12.430536,
      "y" : 2.7136936,
      "z" : -11.163542
    }
  },
  "embedding" : [ 1.0, 0.0, 0.0, 0.0, 0.0, 1.0, 0.0, 0.0, 0.0, 0.0, 1.0, 0.0, 0.0, 0.0, 0.0, 1.0 ],
  "shapes" : [ {
    "id" : "7ff2d6d9-0842-48dc-beab-554343ba7ef2",
    "vertices" : [ {
      "x" : 1.427051,
      "y" : 0.0,
      "z" : 0.927051
    }, {
      "x" : 0.809017,
      "y" : 0.0,
      "z" : 0.690983
    }, {
      "x" : 1.0,
      "y" : 0.309017,
      "z" : 0.19098301
    }, {
      "x" : 1.618034,
      "y" : 0.309017,
      "z" : 0.42705098
    } ],
    "faces" : [ {
      "vertices" : [ 0, 1, 2 ]
    }, {
      "vertices" : [ 0, 2, 3 ]
    }, {
      "vertices" : [ 0, 3, 2 ]
    }, {
      "vertices" : [ 0, 2, 1 ]
    } ]
  }, {
    "id" : "a4dda4a2-30e0-442a-a29a-0d6ea5e403db",
    "vertices" : [ {
      "x" : 1.0,
      "y" : -0.309017,
      "z" : 0.19098301
    }, {
      "x" : 1.5,
      "y" : -0.5,
      "z" : 0.5
    }, {
      "x" : 1.309017,
      "y" : -0.19098301,
      "z" : 1.0
    }, {
      "x" : 0.809017,
      "y" : 0.0,
      "z" : 0.690983
    } ],
    "faces" : [ {
      "vertices" : [ 0, 1, 2 ]
    }, {
      "vertices" : [ 0, 2, 3 ]
    }, {
      "vertices" : [ 0, 3, 2 ]
    }, {
      "vertices" : [ 0, 2, 1 ]
    } ]
  }, {
    "id" : "f7785f1b-4e8a-4a5f-bfa1-f750f7569f4b",
    "vertices" : [ {
      "x" : -0.19098301,
      "y" : -1.0,
      "z" : -0.309017
    }, {
      "x" : -0.19098301,
      "y" : -1.618034,
      "z" : -0.309017
    }, {
      "x" : 0.19098301,
      "y" : -1.618034,
      "z" : -0.309017
    }, {
      "x" : 0.19098301,
      "y" : -1.0,
      "z" : -0.309017
    } ],
    "faces" : [ {
      "vertices" : [ 0, 1, 2 ]
    }, {
      "vertices" : [ 0, 2, 3 ]
    }, {
      "vertices" : [ 0, 3, 2 ]
    }, {
      "vertices" : [ 0, 2, 1 ]
    } ]
  }, {
    "id" : "77bdafa7-54ae-4d86-b43f-713a6f56827d",
    "vertices" : [ {
      "x" : 1.427051,
      "y" : 0.0,
      "z" : -0.927051
    }, {
      "x" : 0.809017,
      "y" : 0.0,
      "z" : -0.690983
    }, {
      "x" : 1.0,
      "y" : -0.309017,
      "z" : -0.19098301
    }, {
      "x" : 1.618034,
      "y" : -0.309017,
      "z" : -0.42705098
    } ],
    "faces" : [ {
      "vertices" : [ 0, 1, 2 ]
    }, {
      "vertices" : [ 0, 2, 3 ]
    }, {
      "vertices" : [ 0, 3, 2 ]
    }, {
      "vertices" : [ 0, 2, 1 ]
    } ]
  }, {
    "id" : "dc78af38-7690-4ac6-922c-a5929ef50251",
    "vertices" : [ {
      "x" : 0.690983,
      "y" : -0.809017,
      "z" : 0.0
    }, {
      "x" : 1.0,
      "y" : -1.309017,
      "z" : -0.19098301
    }, {
      "x" : 0.5,
      "y" : -1.5,
      "z" : -0.5
    }, {
      "x" : 0.19098301,
      "y" : -1.0,
      "z" : -0.309017
    } ],
    "faces" : [ {
      "vertices" : [ 0, 1, 2 ]
    }, {
      "vertices" : [ 0, 2, 3 ]
    }, {
      "vertices" : [ 0, 3, 2 ]
    }, {
      "vertices" : [ 0, 2, 1 ]
    } ]
  }, {
    "id" : "8d0226f8-8aa4-4ebd-9efb-3f7c6011524b",
    "vertices" : [ {
      "x" : -1.618034,
      "y" : -0.309017,
      "z" : -0.42705098
    }, {
      "x" : -1.618034,
      "y" : -0.690983,
      "z" : -0.19098301
    }, {
      "x" : -1.618034,
      "y" : -0.690983,
      "z" : 0.19098301
    }, {
      "x" : -1.618034,
      "y" : -0.309017,
      "z" : 0.42705098
    }, {
      "x" : -1.618034,
      "y" : -0.309017,
      "z" : 0.19098301
    }, {
      "x" : -1.618034,
      "y" : -0.309017,
      "z" : -0.19098301
    } ],
    "faces" : [ {
      "vertices" : [ 0, 1, 2 ]
    }, {
      "vertices" : [ 0, 2, 3 ]
    }, {
      "vertices" : [ 0, 3, 4 ]
    }, {
      "vertices" : [ 0, 4, 5 ]
    }, {
      "vertices" : [ 0, 5, 4 ]
    }, {
      "vertices" : [ 0, 4, 3 ]
    }, {
      "vertices" : [ 0, 3, 2 ]
    }, {
      "vertices" : [ 0, 2, 1 ]
    } ]
  }, {
    "id" : "6212a6de-f98f-4111-b9fd-b9801e9ab1e0",
    "vertices" : [ {
      "x" : -0.927051,
      "y" : -1.427051,
      "z" : 0.0
    }, {
      "x" : -1.309017,
      "y" : -1.190983,
      "z" : 0.0
    }, {
      "x" : -1.427051,
      "y" : -1.0,
      "z" : -0.309017
    }, {
      "x" : -1.190983,
      "y" : -1.0,
      "z" : -0.690983
    }, {
      "x" : -1.118034,
      "y" : -1.118034,
      "z" : -0.5
    }, {
      "x" : -1.0,
      "y" : -1.309017,
      "z" : -0.19098301
    } ],
    "faces" : [ {
      "vertices" : [ 0, 1, 2 ]
    }, {
      "vertices" : [ 0, 2, 3 ]
    }, {
      "vertices" : [ 0, 3, 4 ]
    }, {
      "vertices" : [ 0, 4, 5 ]
    }, {
      "vertices" : [ 0, 5, 4 ]
    }, {
      "vertices" : [ 0, 4, 3 ]
    }, {
      "vertices" : [ 0, 3, 2 ]
    }, {
      "vertices" : [ 0, 2, 1 ]
    } ]
  }, {
    "id" : "4e833e77-c981-4ff8-a4bd-66b31d80624c",
    "vertices" : [ {
      "x" : 0.309017,
      "y" : -0.42705098,
      "z" : 1.618034
    }, {
      "x" : 0.690983,
      "y" : -0.19098301,
      "z" : 1.618034
    }, {
      "x" : 0.690983,
      "y" : 0.19098301,
      "z" : 1.618034
    }, {
      "x" : 0.309017,
      "y" : 0.42705098,
      "z" : 1.618034
    }, {
      "x" : 0.309017,
      "y" : 0.19098301,
      "z" : 1.618034
    }, {
      "x" : 0.309017,
      "y" : -0.19098301,
      "z" : 1.618034
    } ],
    "faces" : [ {
      "vertices" : [ 0, 1, 2 ]
    }, {
      "vertices" : [ 0, 2, 3 ]
    }, {
      "vertices" : [ 0, 3, 4 ]
    }, {
      "vertices" : [ 0, 4, 5 ]
    }, {
      "vertices" : [ 0, 5, 4 ]
    }, {
      "vertices" : [ 0, 4, 3 ]
    }, {
      "vertices" : [ 0, 3, 2 ]
    }, {
      "vertices" : [ 0, 2, 1 ]
    } ]
  }, {
    "id" : "216ae034-c5bb-4bbc-ad26-13b78b2fd7b9",
    "vertices" : [ {
      "x" : 0.309017,
      "y" : 0.42705098,
      "z" : -1.618034
    }, {
      "x" : 0.690983,
      "y" : 0.19098301,
      "z" : -1.618034
    }, {
      "x" : 0.690983,
      "y" : -0.19098301,
      "z" : -1.618034
    }, {
      "x" : 0.309017,
      "y" : -0.42705098,
      "z" : -1.618034
    }, {
      "x" : 0.309017,
      "y" : -0.19098301,
      "z" : -1.618034
    }, {
      "x" : 0.309017,
      "y" : 0.19098301,
      "z" : -1.618034
    } ],
    "faces" : [ {
      "vertices" : [ 0, 1, 2 ]
    }, {
      "vertices" : [ 0, 2, 3 ]
    }, {
      "vertices" : [ 0, 3, 4 ]
    }, {
      "vertices" : [ 0, 4, 5 ]
    }, {
      "vertices" : [ 0, 5, 4 ]
    }, {
      "vertices" : [ 0, 4, 3 ]
    }, {
      "vertices" : [ 0, 3, 2 ]
    }, {
      "vertices" : [ 0, 2, 1 ]
    } ]
  }, {
    "id" : "7a90f21d-2c0b-41ea-9846-1518330bb1ae",
    "vertices" : [ {
      "x" : 0.19098301,
      "y" : -1.0,
      "z" : -0.309017
    }, {
      "x" : 0.19098301,
      "y" : -1.618034,
      "z" : -0.309017
    }, {
      "x" : 0.19098301,
      "y" : -1.618034,
      "z" : 0.309017
    }, {
      "x" : 0.19098301,
      "y" : -1.0,
      "z" : 0.309017
    } ],
    "faces" : [ {
      "vertices" : [ 0, 1, 2 ]
    }, {
      "vertices" : [ 0, 2, 3 ]
    }, {
      "vertices" : [ 0, 3, 2 ]
    }, {
      "vertices" : [ 0, 2, 1 ]
    } ]
  }, {
    "id" : "ccc3b81e-dc50-40dd-a87f-9a0de98ffe63",
    "vertices" : [ {
      "x" : -0.309017,
      "y" : -0.809017,
      "z" : -0.618034
    }, {
      "x" : -0.618034,
      "y" : -1.309017,
      "z" : -0.809017
    }, {
      "x" : -0.5,
      "y" : -1.5,
      "z" : -0.5
    }, {
      "x" : -0.19098301,
      "y" : -1.0,
      "z" : -0.309017
    } ],
    "faces" : [ {
      "vertices" : [ 0, 1, 2 ]
    }, {
      "vertices" : [ 0, 2, 3 ]
    }, {
      "vertices" : [ 0, 3, 2 ]
    }, {
      "vertices" : [ 0, 2, 1 ]
    } ]
  }, {
    "id" : "dd744b6c-4424-4e30-b5b4-449e600bcd42",
    "vertices" : [ {
      "x" : 0.309017,
      "y" : -0.809017,
      "z" : -0.618034
    }, {
      "x" : 0.5,
      "y" : -1.118034,
      "z" : -1.118034
    }, {
      "x" : 0.19098301,
      "y" : -1.0,
      "z" : -1.309017
    }, {
      "x" : 0.0,
      "y" : -0.690983,
      "z" : -0.809017
    } ],
    "faces" : [ {
      "vertices" : [ 0, 1, 2 ]
    }, {
      "vertices" : [ 0, 2, 3 ]
    }, {
      "vertices" : [ 0, 3, 2 ]
    }, {
      "vertices" : [ 0, 2, 1 ]
    } ]
  }, {
    "id" : "b1ef15b0-8eff-4b6f-8055-ebb244d41f34",
    "vertices" : [ {
      "x" : -0.19098301,
      "y" : 1.0,
      "z" : 0.309017
    }, {
      "x" : -0.5,
      "y" : 1.5,
      "z" : 0.5
    }, {
      "x" : -1.0,
      "y" : 1.309017,
      "z" : 0.19098301
    }, {
      "x" : -0.690983,
      "y" : 0.809017,
      "z" : 0.0
    } ],
    "faces" : [ {
      "vertices" : [ 0, 1, 2 ]
    }, {
      "vertices" : [ 0, 2, 3 ]
    }, {
      "vertices" : [ 0, 3, 2 ]
    }, {
      "vertices" : [ 0, 2, 1 ]
    } ]
  }, {
    "id" : "c3bfa404-0922-4427-8e18-0ed66375e1d7",
    "vertices" : [ {
      "x" : -0.690983,
      "y" : -1.190983,
      "z" : 1.0
    }, {
      "x" : -0.309017,
      "y" : -0.809017,
      "z" : 0.618034
    }, {
      "x" : -0.809017,
      "y" : -0.618034,
      "z" : 0.309017
    }, {
      "x" : -1.190983,
      "y" : -1.0,
      "z" : 0.690983
    } ],
    "faces" : [ {
      "vertices" : [ 0, 1, 2 ]
    }, {
      "vertices" : [ 0, 2, 3 ]
    }, {
      "vertices" : [ 0, 3, 2 ]
    }, {
      "vertices" : [ 0, 2, 1 ]
    } ]
  }, {
    "id" : "99875323-1163-4571-b79a-e1a2da4bd9ba",
    "vertices" : [ {
      "x" : 1.190983,
      "y" : -1.0,
      "z" : 0.690983
    }, {
      "x" : 0.809017,
      "y" : -0.618034,
      "z" : 0.309017
    }, {
      "x" : 0.309017,
      "y" : -0.809017,
      "z" : 0.618034
    }, {
      "x" : 0.690983,
      "y" : -1.190983,
      "z" : 1.0
    } ],
    "faces" : [ {
      "vertices" : [ 0, 1, 2 ]
    }, {
      "vertices" : [ 0, 2, 3 ]
    }, {
      "vertices" : [ 0, 3, 2 ]
    }, {
      "vertices" : [ 0, 2, 1 ]
    } ]
  }, {
    "id" : "c1521a56-4e34-4c3f-ab60-29c20db7140c",
    "vertices" : [ {
      "x" : -0.809017,
      "y" : 0.0,
      "z" : 0.690983
    }, {
      "x" : -1.309017,
      "y" : -0.19098301,
      "z" : 1.0
    }, {
      "x" : -1.5,
      "y" : -0.5,
      "z" : 0.5
    }, {
      "x" : -1.0,
      "y" : -0.309017,
      "z" : 0.19098301
    } ],
    "faces" : [ {
      "vertices" : [ 0, 1, 2 ]
    }, {
      "vertices" : [ 0, 2, 3 ]
    }, {
      "vertices" : [ 0, 3, 2 ]
    }, {
      "vertices" : [ 0, 2, 1 ]
    } ]
  }, {
    "id" : "db22b1a5-5388-46d3-9caf-143dd854042f",
    "vertices" : [ {
      "x" : 0.0,
      "y" : -0.927051,
      "z" : 1.427051
    }, {
      "x" : 0.0,
      "y" : -1.309017,
      "z" : 1.190983
    }, {
      "x" : 0.309017,
      "y" : -1.427051,
      "z" : 1.0
    }, {
      "x" : 0.690983,
      "y" : -1.190983,
      "z" : 1.0
    }, {
      "x" : 0.5,
      "y" : -1.118034,
      "z" : 1.118034
    }, {
      "x" : 0.19098301,
      "y" : -1.0,
      "z" : 1.309017
    } ],
    "faces" : [ {
      "vertices" : [ 0, 1, 2 ]
    }, {
      "vertices" : [ 0, 2, 3 ]
    }, {
      "vertices" : [ 0, 3, 4 ]
    }, {
      "vertices" : [ 0, 4, 5 ]
    }, {
      "vertices" : [ 0, 5, 4 ]
    }, {
      "vertices" : [ 0, 4, 3 ]
    }, {
      "vertices" : [ 0, 3, 2 ]
    }, {
      "vertices" : [ 0, 2, 1 ]
    } ]
  }, {
    "id" : "f59a9e9c-bc63-4743-aa6a-01d213b1c307",
    "vertices" : [ {
      "x" : 1.190983,
      "y" : 1.0,
      "z" : -0.690983
    }, {
      "x" : 1.427051,
      "y" : 1.0,
      "z" : -0.309017
    }, {
      "x" : 1.618034,
      "y" : 0.690983,
      "z" : -0.19098301
    }, {
      "x" : 1.618034,
      "y" : 0.309017,
      "z" : -0.42705098
    }, {
      "x" : 1.5,
      "y" : 0.5,
      "z" : -0.5
    }, {
      "x" : 1.309017,
      "y" : 0.809017,
      "z" : -0.618034
    } ],
    "faces" : [ {
      "vertices" : [ 0, 1, 2 ]
    }, {
      "vertices" : [ 0, 2, 3 ]
    }, {
      "vertices" : [ 0, 3, 4 ]
    }, {
      "vertices" : [ 0, 4, 5 ]
    }, {
      "vertices" : [ 0, 5, 4 ]
    }, {
      "vertices" : [ 0, 4, 3 ]
    }, {
      "vertices" : [ 0, 3, 2 ]
    }, {
      "vertices" : [ 0, 2, 1 ]
    } ]
  }, {
    "id" : "b9cda52e-ee1c-4b59-8a7c-ae32734d5389",
    "vertices" : [ {
      "x" : -0.618034,
      "y" : 0.309017,
      "z" : 0.809017
    }, {
      "x" : -1.118034,
      "y" : 0.5,
      "z" : 1.118034
    }, {
      "x" : -1.309017,
      "y" : 0.809017,
      "z" : 0.618034
    }, {
      "x" : -0.809017,
      "y" : 0.618034,
      "z" : 0.309017
    } ],
    "faces" : [ {
      "vertices" : [ 0, 1, 2 ]
    }, {
      "vertices" : [ 0, 2, 3 ]
    }, {
      "vertices" : [ 0, 3, 2 ]
    }, {
      "vertices" : [ 0, 2, 1 ]
    } ]
  }, {
    "id" : "9b05b2be-f613-4f93-b9ed-195f4b9c9168",
    "vertices" : [ {
      "x" : 0.809017,
      "y" : -0.618034,
      "z" : 0.309017
    }, {
      "x" : 1.0,
      "y" : -0.309017,
      "z" : 0.19098301
    }, {
      "x" : 1.618034,
      "y" : -0.690983,
      "z" : 0.19098301
    }, {
      "x" : 1.427051,
      "y" : -1.0,
      "z" : 0.309017
    } ],
    "faces" : [ {
      "vertices" : [ 0, 1, 2 ]
    }, {
      "vertices" : [ 0, 2, 3 ]
    }, {
      "vertices" : [ 0, 3, 2 ]
    }, {
      "vertices" : [ 0, 2, 1 ]
    } ]
  }, {
    "id" : "2bed4236-3b2f-4010-ad12-f172124a71e0",
    "vertices" : [ {
      "x" : -1.0,
      "y" : 0.690983,
      "z" : 1.190983
    }, {
      "x" : -1.0,
      "y" : 0.309017,
      "z" : 1.427051
    }, {
      "x" : -0.690983,
      "y" : 0.19098301,
      "z" : 1.618034
    }, {
      "x" : -0.309017,
      "y" : 0.42705098,
      "z" : 1.618034
    }, {
      "x" : -0.5,
      "y" : 0.5,
      "z" : 1.5
    }, {
      "x" : -0.809017,
      "y" : 0.618034,
      "z" : 1.309017
    } ],
    "faces" : [ {
      "vertices" : [ 0, 1, 2 ]
    }, {
      "vertices" : [ 0, 2, 3 ]
    }, {
      "vertices" : [ 0, 3, 4 ]
    }, {
      "vertices" : [ 0, 4, 5 ]
    }, {
      "vertices" : [ 0, 5, 4 ]
    }, {
      "vertices" : [ 0, 4, 3 ]
    }, {
      "vertices" : [ 0, 3, 2 ]
    }, {
      "vertices" : [ 0, 2, 1 ]
    } ]
  }, {
    "id" : "65baf6de-bc5b-4615-bef9-1c72fbc12a49",
    "vertices" : [ {
      "x" : 0.309017,
      "y" : -0.19098301,
      "z" : -1.0
    }, {
      "x" : 0.309017,
      "y" : -0.19098301,
      "z" : -1.618034
    }, {
      "x" : -0.309017,
      "y" : -0.19098301,
      "z" : -1.618034
    }, {
      "x" : -0.309017,
      "y" : -0.19098301,
      "z" : -1.0
    } ],
    "faces" : [ {
      "vertices" : [ 0, 1, 2 ]
    }, {
      "vertices" : [ 0, 2, 3 ]
    }, {
      "vertices" : [ 0, 3, 2 ]
    }, {
      "vertices" : [ 0, 2, 1 ]
    } ]
  }, {
    "id" : "9b3ba88c-91c0-4a3e-a8cf-4fcc03becd85",
    "vertices" : [ {
      "x" : -0.42705098,
      "y" : 1.618034,
      "z" : -0.309017
    }, {
      "x" : -0.19098301,
      "y" : 1.0,
      "z" : -0.309017
    }, {
      "x" : -0.19098301,
      "y" : 1.0,
      "z" : 0.309017
    }, {
      "x" : -0.42705098,
      "y" : 1.618034,
      "z" : 0.309017
    } ],
    "faces" : [ {
      "vertices" : [ 0, 1, 2 ]
    }, {
      "vertices" : [ 0, 2, 3 ]
    }, {
      "vertices" : [ 0, 3, 2 ]
    }, {
      "vertices" : [ 0, 2, 1 ]
    } ]
  }, {
    "id" : "3ce5ac39-f6fd-43e6-a8b4-817f599c6bd1",
    "vertices" : [ {
      "x" : 0.309017,
      "y" : -0.809017,
      "z" : -0.618034
    }, {
      "x" : 0.618034,
      "y" : -1.309017,
      "z" : -0.809017
    }, {
      "x" : 1.118034,
      "y" : -1.118034,
      "z" : -0.5
    }, {
      "x" : 0.809017,
      "y" : -0.618034,
      "z" : -0.309017
    } ],
    "faces" : [ {
      "vertices" : [ 0, 1, 2 ]
    }, {
      "vertices" : [ 0, 2, 3 ]
    }, {
      "vertices" : [ 0, 3, 2 ]
    }, {
      "vertices" : [ 0, 2, 1 ]
    } ]
  }, {
    "id" : "d0c8f5ad-cacf-4116-a623-42ceb1a19678",
    "vertices" : [ {
      "x" : 0.42705098,
      "y" : 1.618034,
      "z" : 0.309017
    }, {
      "x" : 0.19098301,
      "y" : 1.0,
      "z" : 0.309017
    }, {
      "x" : 0.19098301,
      "y" : 1.0,
      "z" : -0.309017
    }, {
      "x" : 0.42705098,
      "y" : 1.618034,
      "z" : -0.309017
    } ],
    "faces" : [ {
      "vertices" : [ 0, 1, 2 ]
    }, {
      "vertices" : [ 0, 2, 3 ]
    }, {
      "vertices" : [ 0, 3, 2 ]
    }, {
      "vertices" : [ 0, 2, 1 ]
    } ]
  }, {
    "id" : "543ec31f-156e-4142-b557-64aeaba4bd94",
    "vertices" : [ {
      "x" : -0.809017,
      "y" : -0.618034,
      "z" : -0.309017
    }, {
      "x" : -1.118034,
      "y" : -1.118034,
      "z" : -0.5
    }, {
      "x" : -0.618034,
      "y" : -1.309017,
      "z" : -0.809017
    }, {
      "x" : -0.309017,
      "y" : -0.809017,
      "z" : -0.618034
    } ],
    "faces" : [ {
      "vertices" : [ 0, 1, 2 ]
    }, {
      "vertices" : [ 0, 2, 3 ]
    }, {
      "vertices" : [ 0, 3, 2 ]
    }, {
      "vertices" : [ 0, 2, 1 ]
    } ]
  }, {
    "id" : "00ef496a-c70e-4014-8cd4-2572d93b8492",
    "vertices" : [ {
      "x" : -0.42705098,
      "y" : -1.618034,
      "z" : 0.309017
    }, {
      "x" : -0.42705098,
      "y" : -1.618034,
      "z" : -0.309017
    }, {
      "x" : -0.19098301,
      "y" : -1.618034,
      "z" : -0.309017
    }, {
      "x" : -0.19098301,
      "y" : -1.618034,
      "z" : 0.309017
    } ],
    "faces" : [ {
      "vertices" : [ 0, 1, 2 ]
    }, {
      "vertices" : [ 0, 2, 3 ]
    }, {
      "vertices" : [ 0, 3, 2 ]
    }, {
      "vertices" : [ 0, 2, 1 ]
    } ]
  }, {
    "id" : "15bf356b-12a2-407c-9efd-d786c49e79d7",
    "vertices" : [ {
      "x" : 0.309017,
      "y" : 0.19098301,
      "z" : -1.0
    }, {
      "x" : 0.309017,
      "y" : -0.19098301,
      "z" : -1.0
    }, {
      "x" : 0.690983,
      "y" : -0.19098301,
      "z" : -1.618034
    }, {
      "x" : 0.690983,
      "y" : 0.19098301,
      "z" : -1.618034
    } ],
    "faces" : [ {
      "vertices" : [ 0, 1, 2 ]
    }, {
      "vertices" : [ 0, 2, 3 ]
    }, {
      "vertices" : [ 0, 3, 2 ]
    }, {
      "vertices" : [ 0, 2, 1 ]
    } ]
  }, {
    "id" : "08246095-50f0-4710-8bed-1bd2cb60f64c",
    "vertices" : [ {
      "x" : 0.690983,
      "y" : 1.190983,
      "z" : -1.0
    }, {
      "x" : 0.309017,
      "y" : 0.809017,
      "z" : -0.618034
    }, {
      "x" : 0.618034,
      "y" : 0.309017,
      "z" : -0.809017
    }, {
      "x" : 1.0,
      "y" : 0.690983,
      "z" : -1.190983
    } ],
    "faces" : [ {
      "vertices" : [ 0, 1, 2 ]
    }, {
      "vertices" : [ 0, 2, 3 ]
    }, {
      "vertices" : [ 0, 3, 2 ]
    }, {
      "vertices" : [ 0, 2, 1 ]
    } ]
  }, {
    "id" : "a22d8d06-4c0c-4b5c-8c2c-0bfb046c9981",
    "vertices" : [ {
      "x" : -0.19098301,
      "y" : -1.0,
      "z" : -0.309017
    }, {
      "x" : 0.19098301,
      "y" : -1.0,
      "z" : -0.309017
    }, {
      "x" : 0.19098301,
      "y" : -1.618034,
      "z" : -0.690983
    }, {
      "x" : -0.19098301,
      "y" : -1.618034,
      "z" : -0.690983
    } ],
    "faces" : [ {
      "vertices" : [ 0, 1, 2 ]
    }, {
      "vertices" : [ 0, 2, 3 ]
    }, {
      "vertices" : [ 0, 3, 2 ]
    }, {
      "vertices" : [ 0, 2, 1 ]
    } ]
  }, {
    "id" : "264c8dcc-3f87-4db3-ae88-543a8cac6aa0",
    "vertices" : [ {
      "x" : -1.190983,
      "y" : 1.0,
      "z" : 0.690983
    }, {
      "x" : -1.427051,
      "y" : 1.0,
      "z" : 0.309017
    }, {
      "x" : -1.618034,
      "y" : 0.690983,
      "z" : 0.19098301
    }, {
      "x" : -1.618034,
      "y" : 0.309017,
      "z" : 0.42705098
    }, {
      "x" : -1.5,
      "y" : 0.5,
      "z" : 0.5
    }, {
      "x" : -1.309017,
      "y" : 0.809017,
      "z" : 0.618034
    } ],
    "faces" : [ {
      "vertices" : [ 0, 1, 2 ]
    }, {
      "vertices" : [ 0, 2, 3 ]
    }, {
      "vertices" : [ 0, 3, 4 ]
    }, {
      "vertices" : [ 0, 4, 5 ]
    }, {
      "vertices" : [ 0, 5, 4 ]
    }, {
      "vertices" : [ 0, 4, 3 ]
    }, {
      "vertices" : [ 0, 3, 2 ]
    }, {
      "vertices" : [ 0, 2, 1 ]
    } ]
  }, {
    "id" : "d08ab492-b756-4986-9c28-ad4cb9f2ddf7",
    "vertices" : [ {
      "x" : 0.690983,
      "y" : -0.809017,
      "z" : 0.0
    }, {
      "x" : 0.809017,
      "y" : -0.618034,
      "z" : 0.309017
    }, {
      "x" : 1.427051,
      "y" : -1.0,
      "z" : 0.309017
    }, {
      "x" : 1.309017,
      "y" : -1.190983,
      "z" : 0.0
    } ],
    "faces" : [ {
      "vertices" : [ 0, 1, 2 ]
    }, {
      "vertices" : [ 0, 2, 3 ]
    }, {
      "vertices" : [ 0, 3, 2 ]
    }, {
      "vertices" : [ 0, 2, 1 ]
    } ]
  }, {
    "id" : "d3c26f21-abe6-4124-afec-897c1cf1e5b2",
    "vertices" : [ {
      "x" : -0.42705098,
      "y" : 1.618034,
      "z" : -0.309017
    }, {
      "x" : -0.19098301,
      "y" : 1.618034,
      "z" : -0.690983
    }, {
      "x" : -0.309017,
      "y" : 1.427051,
      "z" : -1.0
    }, {
      "x" : -0.690983,
      "y" : 1.190983,
      "z" : -1.0
    }, {
      "x" : -0.618034,
      "y" : 1.309017,
      "z" : -0.809017
    }, {
      "x" : -0.5,
      "y" : 1.5,
      "z" : -0.5
    } ],
    "faces" : [ {
      "vertices" : [ 0, 1, 2 ]
    }, {
      "vertices" : [ 0, 2, 3 ]
    }, {
      "vertices" : [ 0, 3, 4 ]
    }, {
      "vertices" : [ 0, 4, 5 ]
    }, {
      "vertices" : [ 0, 5, 4 ]
    }, {
      "vertices" : [ 0, 4, 3 ]
    }, {
      "vertices" : [ 0, 3, 2 ]
    }, {
      "vertices" : [ 0, 2, 1 ]
    } ]
  }, {
    "id" : "4374e8fd-67cf-46f2-97d0-7f2e6c665e41",
    "vertices" : [ {
      "x" : 0.42705098,
      "y" : -1.618034,
      "z" : -0.309017
    }, {
      "x" : 0.19098301,
      "y" : -1.618034,
      "z" : -0.690983
    }, {
      "x" : 0.309017,
      "y" : -1.427051,
      "z" : -1.0
    }, {
      "x" : 0.690983,
      "y" : -1.190983,
      "z" : -1.0
    }, {
      "x" : 0.618034,
      "y" : -1.309017,
      "z" : -0.809017
    }, {
      "x" : 0.5,
      "y" : -1.5,
      "z" : -0.5
    } ],
    "faces" : [ {
      "vertices" : [ 0, 1, 2 ]
    }, {
      "vertices" : [ 0, 2, 3 ]
    }, {
      "vertices" : [ 0, 3, 4 ]
    }, {
      "vertices" : [ 0, 4, 5 ]
    }, {
      "vertices" : [ 0, 5, 4 ]
    }, {
      "vertices" : [ 0, 4, 3 ]
    }, {
      "vertices" : [ 0, 3, 2 ]
    }, {
      "vertices" : [ 0, 2, 1 ]
    } ]
  }, {
    "id" : "b4c8a4bb-d815-43aa-bd53-c4e29e4eeb19",
    "vertices" : [ {
      "x" : 0.809017,
      "y" : -0.618034,
      "z" : -0.309017
    }, {
      "x" : 1.309017,
      "y" : -0.809017,
      "z" : -0.618034
    }, {
      "x" : 1.118034,
      "y" : -0.5,
      "z" : -1.118034
    }, {
      "x" : 0.618034,
      "y" : -0.309017,
      "z" : -0.809017
    } ],
    "faces" : [ {
      "vertices" : [ 0, 1, 2 ]
    }, {
      "vertices" : [ 0, 2, 3 ]
    }, {
      "vertices" : [ 0, 3, 2 ]
    }, {
      "vertices" : [ 0, 2, 1 ]
    } ]
  }, {
    "id" : "920ec8dc-8494-4c0b-9af8-1585d2a8933c",
    "vertices" : [ {
      "x" : -1.427051,
      "y" : 0.0,
      "z" : 0.927051
    }, {
      "x" : -1.618034,
      "y" : -0.309017,
      "z" : 0.42705098
    }, {
      "x" : -1.5,
      "y" : -0.5,
      "z" : 0.5
    }, {
      "x" : -1.309017,
      "y" : -0.19098301,
      "z" : 1.0
    } ],
    "faces" : [ {
      "vertices" : [ 0, 1, 2 ]
    }, {
      "vertices" : [ 0, 2, 3 ]
    }, {
      "vertices" : [ 0, 3, 2 ]
    }, {
      "vertices" : [ 0, 2, 1 ]
    } ]
  }, {
    "id" : "64c14e35-d000-4e0e-bfb0-26fb74062b8d",
    "vertices" : [ {
      "x" : -0.309017,
      "y" : 0.809017,
      "z" : 0.618034
    }, {
      "x" : -0.5,
      "y" : 1.118034,
      "z" : 1.118034
    }, {
      "x" : -0.809017,
      "y" : 0.618034,
      "z" : 1.309017
    }, {
      "x" : -0.618034,
      "y" : 0.309017,
      "z" : 0.809017
    } ],
    "faces" : [ {
      "vertices" : [ 0, 1, 2 ]
    }, {
      "vertices" : [ 0, 2, 3 ]
    }, {
      "vertices" : [ 0, 3, 2 ]
    }, {
      "vertices" : [ 0, 2, 1 ]
    } ]
  }, {
    "id" : "c8b1d670-fbcc-4997-af62-a0d10c139255",
    "vertices" : [ {
      "x" : -0.618034,
      "y" : -0.309017,
      "z" : 0.809017
    }, {
      "x" : -1.118034,
      "y" : -0.5,
      "z" : 1.118034
    }, {
      "x" : -1.309017,
      "y" : -0.19098301,
      "z" : 1.0
    }, {
      "x" : -0.809017,
      "y" : 0.0,
      "z" : 0.690983
    } ],
    "faces" : [ {
      "vertices" : [ 0, 1, 2 ]
    }, {
      "vertices" : [ 0, 2, 3 ]
    }, {
      "vertices" : [ 0, 3, 2 ]
    }, {
      "vertices" : [ 0, 2, 1 ]
    } ]
  }, {
    "id" : "214a6308-89e5-4683-9759-285cb8efedc9",
    "vertices" : [ {
      "x" : -0.309017,
      "y" : -0.19098301,
      "z" : -1.0
    }, {
      "x" : -0.690983,
      "y" : -0.19098301,
      "z" : -1.618034
    }, {
      "x" : -0.309017,
      "y" : -0.42705098,
      "z" : -1.618034
    } ],
    "faces" : [ {
      "vertices" : [ 0, 1, 2 ]
    }, {
      "vertices" : [ 0, 2, 1 ]
    } ]
  }, {
    "id" : "cdd2f1af-86a8-4b5a-8552-5d582e0c236b",
    "vertices" : [ {
      "x" : 0.927051,
      "y" : -1.427051,
      "z" : 0.0
    }, {
      "x" : 1.309017,
      "y" : -1.190983,
      "z" : 0.0
    }, {
      "x" : 1.427051,
      "y" : -1.0,
      "z" : 0.309017
    }, {
      "x" : 1.190983,
      "y" : -1.0,
      "z" : 0.690983
    }, {
      "x" : 1.118034,
      "y" : -1.118034,
      "z" : 0.5
    }, {
      "x" : 1.0,
      "y" : -1.309017,
      "z" : 0.19098301
    } ],
    "faces" : [ {
      "vertices" : [ 0, 1, 2 ]
    }, {
      "vertices" : [ 0, 2, 3 ]
    }, {
      "vertices" : [ 0, 3, 4 ]
    }, {
      "vertices" : [ 0, 4, 5 ]
    }, {
      "vertices" : [ 0, 5, 4 ]
    }, {
      "vertices" : [ 0, 4, 3 ]
    }, {
      "vertices" : [ 0, 3, 2 ]
    }, {
      "vertices" : [ 0, 2, 1 ]
    } ]
  }, {
    "id" : "58cc8a6f-d07f-489a-8060-98c349a98f64",
    "vertices" : [ {
      "x" : -0.309017,
      "y" : -0.42705098,
      "z" : 1.618034
    }, {
      "x" : -0.309017,
      "y" : -0.19098301,
      "z" : 1.0
    }, {
      "x" : 0.309017,
      "y" : -0.19098301,
      "z" : 1.0
    }, {
      "x" : 0.309017,
      "y" : -0.42705098,
      "z" : 1.618034
    } ],
    "faces" : [ {
      "vertices" : [ 0, 1, 2 ]
    }, {
      "vertices" : [ 0, 2, 3 ]
    }, {
      "vertices" : [ 0, 3, 2 ]
    }, {
      "vertices" : [ 0, 2, 1 ]
    } ]
  }, {
    "id" : "8e5b7445-ab75-4416-9509-4571811293a4",
    "vertices" : [ {
      "x" : 0.309017,
      "y" : -0.809017,
      "z" : 0.618034
    }, {
      "x" : 0.618034,
      "y" : -1.309017,
      "z" : 0.809017
    }, {
      "x" : 0.5,
      "y" : -1.5,
      "z" : 0.5
    }, {
      "x" : 0.19098301,
      "y" : -1.0,
      "z" : 0.309017
    } ],
    "faces" : [ {
      "vertices" : [ 0, 1, 2 ]
    }, {
      "vertices" : [ 0, 2, 3 ]
    }, {
      "vertices" : [ 0, 3, 2 ]
    }, {
      "vertices" : [ 0, 2, 1 ]
    } ]
  }, {
    "id" : "8c4c49d6-9df7-4461-a91d-19008dc42751",
    "vertices" : [ {
      "x" : 0.690983,
      "y" : 1.190983,
      "z" : 1.0
    }, {
      "x" : 0.309017,
      "y" : 0.809017,
      "z" : 0.618034
    }, {
      "x" : 0.809017,
      "y" : 0.618034,
      "z" : 0.309017
    }, {
      "x" : 1.190983,
      "y" : 1.0,
      "z" : 0.690983
    } ],
    "faces" : [ {
      "vertices" : [ 0, 1, 2 ]
    }, {
      "vertices" : [ 0, 2, 3 ]
    }, {
      "vertices" : [ 0, 3, 2 ]
    }, {
      "vertices" : [ 0, 2, 1 ]
    } ]
  }, {
    "id" : "ce32107e-baec-4884-8fda-c82eec9cc610",
    "vertices" : [ {
      "x" : -1.427051,
      "y" : 0.0,
      "z" : -0.927051
    }, {
      "x" : -1.618034,
      "y" : 0.309017,
      "z" : -0.42705098
    }, {
      "x" : -1.5,
      "y" : 0.5,
      "z" : -0.5
    }, {
      "x" : -1.309017,
      "y" : 0.19098301,
      "z" : -1.0
    } ],
    "faces" : [ {
      "vertices" : [ 0, 1, 2 ]
    }, {
      "vertices" : [ 0, 2, 3 ]
    }, {
      "vertices" : [ 0, 3, 2 ]
    }, {
      "vertices" : [ 0, 2, 1 ]
    } ]
  }, {
    "id" : "5614f793-3763-4355-a96b-cc8074432c2d",
    "vertices" : [ {
      "x" : -0.309017,
      "y" : 0.19098301,
      "z" : -1.0
    }, {
      "x" : -0.309017,
      "y" : 0.19098301,
      "z" : -1.618034
    }, {
      "x" : 0.309017,
      "y" : 0.19098301,
      "z" : -1.618034
    }, {
      "x" : 0.309017,
      "y" : 0.19098301,
      "z" : -1.0
    } ],
    "faces" : [ {
      "vertices" : [ 0, 1, 2 ]
    }, {
      "vertices" : [ 0, 2, 3 ]
    }, {
      "vertices" : [ 0, 3, 2 ]
    }, {
      "vertices" : [ 0, 2, 1 ]
    } ]
  }, {
    "id" : "24a6ea1c-cc49-4f65-84b6-6f419c171fcf",
    "vertices" : [ {
      "x" : 0.690983,
      "y" : -1.190983,
      "z" : 1.0
    }, {
      "x" : 0.309017,
      "y" : -1.427051,
      "z" : 1.0
    }, {
      "x" : 0.19098301,
      "y" : -1.618034,
      "z" : 0.690983
    }, {
      "x" : 0.42705098,
      "y" : -1.618034,
      "z" : 0.309017
    }, {
      "x" : 0.5,
      "y" : -1.5,
      "z" : 0.5
    }, {
      "x" : 0.618034,
      "y" : -1.309017,
      "z" : 0.809017
    } ],
    "faces" : [ {
      "vertices" : [ 0, 1, 2 ]
    }, {
      "vertices" : [ 0, 2, 3 ]
    }, {
      "vertices" : [ 0, 3, 4 ]
    }, {
      "vertices" : [ 0, 4, 5 ]
    }, {
      "vertices" : [ 0, 5, 4 ]
    }, {
      "vertices" : [ 0, 4, 3 ]
    }, {
      "vertices" : [ 0, 3, 2 ]
    }, {
      "vertices" : [ 0, 2, 1 ]
    } ]
  }, {
    "id" : "f79ab63c-796f-4092-b519-5015ea03e84b",
    "vertices" : [ {
      "x" : -0.690983,
      "y" : -0.809017,
      "z" : 0.0
    }, {
      "x" : -1.0,
      "y" : -1.309017,
      "z" : 0.19098301
    }, {
      "x" : -0.5,
      "y" : -1.5,
      "z" : 0.5
    }, {
      "x" : -0.19098301,
      "y" : -1.0,
      "z" : 0.309017
    } ],
    "faces" : [ {
      "vertices" : [ 0, 1, 2 ]
    }, {
      "vertices" : [ 0, 2, 3 ]
    }, {
      "vertices" : [ 0, 3, 2 ]
    }, {
      "vertices" : [ 0, 2, 1 ]
    } ]
  }, {
    "id" : "96b2593e-7403-4d9e-b6a4-598e4ddf485b",
    "vertices" : [ {
      "x" : 0.809017,
      "y" : -0.618034,
      "z" : -0.309017
    }, {
      "x" : 0.690983,
      "y" : -0.809017,
      "z" : 0.0
    }, {
      "x" : 1.309017,
      "y" : -1.190983,
      "z" : 0.0
    }, {
      "x" : 1.427051,
      "y" : -1.0,
      "z" : -0.309017
    } ],
    "faces" : [ {
      "vertices" : [ 0, 1, 2 ]
    }, {
      "vertices" : [ 0, 2, 3 ]
    }, {
      "vertices" : [ 0, 3, 2 ]
    }, {
      "vertices" : [ 0, 2, 1 ]
    } ]
  }, {
    "id" : "f1c25bc5-e9ed-4df3-ab05-ee0a21dcf5ea",
    "vertices" : [ {
      "x" : -0.618034,
      "y" : 0.309017,
      "z" : 0.809017
    }, {
      "x" : -0.809017,
      "y" : 0.618034,
      "z" : 1.309017
    }, {
      "x" : -0.5,
      "y" : 0.5,
      "z" : 1.5
    }, {
      "x" : -0.309017,
      "y" : 0.19098301,
      "z" : 1.0
    } ],
    "faces" : [ {
      "vertices" : [ 0, 1, 2 ]
    }, {
      "vertices" : [ 0, 2, 3 ]
    }, {
      "vertices" : [ 0, 3, 2 ]
    }, {
      "vertices" : [ 0, 2, 1 ]
    } ]
  }, {
    "id" : "0eb32ef9-55fa-4d48-a9cd-6b16522cd1aa",
    "vertices" : [ {
      "x" : -0.809017,
      "y" : 0.0,
      "z" : 0.690983
    }, {
      "x" : -1.309017,
      "y" : 0.19098301,
      "z" : 1.0
    }, {
      "x" : -1.118034,
      "y" : 0.5,
      "z" : 1.118034
    }, {
      "x" : -0.618034,
      "y" : 0.309017,
      "z" : 0.809017
    } ],
    "faces" : [ {
      "vertices" : [ 0, 1, 2 ]
    }, {
      "vertices" : [ 0, 2, 3 ]
    }, {
      "vertices" : [ 0, 3, 2 ]
    }, {
      "vertices" : [ 0, 2, 1 ]
    } ]
  }, {
    "id" : "b5358b2e-3df7-4128-b27d-595439daa1b7",
    "vertices" : [ {
      "x" : 0.809017,
      "y" : -0.618034,
      "z" : 0.309017
    }, {
      "x" : 1.118034,
      "y" : -1.118034,
      "z" : 0.5
    }, {
      "x" : 0.618034,
      "y" : -1.309017,
      "z" : 0.809017
    }, {
      "x" : 0.309017,
      "y" : -0.809017,
      "z" : 0.618034
    } ],
    "faces" : [ {
      "vertices" : [ 0, 1, 2 ]
    }, {
      "vertices" : [ 0, 2, 3 ]
    }, {
      "vertices" : [ 0, 3, 2 ]
    }, {
      "vertices" : [ 0, 2, 1 ]
    } ]
  }, {
    "id" : "b16be381-1916-4916-8dab-5c3b547c9625",
    "vertices" : [ {
      "x" : 0.690983,
      "y" : 0.809017,
      "z" : 0.0
    }, {
      "x" : 0.809017,
      "y" : 0.618034,
      "z" : -0.309017
    }, {
      "x" : 1.427051,
      "y" : 1.0,
      "z" : -0.309017
    }, {
      "x" : 1.309017,
      "y" : 1.190983,
      "z" : 0.0
    } ],
    "faces" : [ {
      "vertices" : [ 0, 1, 2 ]
    }, {
      "vertices" : [ 0, 2, 3 ]
    }, {
      "vertices" : [ 0, 3, 2 ]
    }, {
      "vertices" : [ 0, 2, 1 ]
    } ]
  }, {
    "id" : "0305da7c-0f55-400b-8baa-cbd990356d80",
    "vertices" : [ {
      "x" : 1.427051,
      "y" : 0.0,
      "z" : 0.927051
    }, {
