{
  "polygons" : "true",
  "field" : "golden",
  "symmetry" : "icosahedral",
  "orientations" : [ [ 1.0, 0.0, 0.0, 0.0, 0.0, 1.0, 0.0, 0.0, 0.0, 0.0, 1.0, 0.0, 0.0, 0.0, 0.0, 1.0 ], [ 0.0, 0.0, 1.0, 0.0, 1.0, 0.0, 0.0, 0.0, 0.0, 1.0, 0.0, 0.0, 0.0, 0.0, 0.0, 1.0 ], [ 0.0, 1.0, 0.0, 0.0, 0.0, 0.0, 1.0, 0.0, 1.0, 0.0, 0.0, 0.0, 0.0, 0.0, 0.0, 1.0 ], [ 0.809017, 0.309017, 0.5, 0.0, 0.309017, 0.5, -0.809017, 0.0, -0.5, 0.809017, 0.309017, 0.0, 0.0, 0.0, 0.0, 1.0 ], [ -0.5, 0.809017, 0.309017, 0.0, 0.809017, 0.309017, 0.5, 0.0, 0.309017, 0.5, -0.809017, 0.0, 0.0, 0.0, 0.0, 1.0 ], [ 0.309017, 0.5, -0.809017, 0.0, -0.5, 0.809017, 0.309017, 0.0, 0.809017, 0.309017, 0.5, 0.0, 0.0, 0.0, 0.0, 1.0 ], [ 0.5, 0.809017, 0.309017, 0.0, 0.809017, -0.309017, -0.5, 0.0, -0.309017, 0.5, -0.809017, 0.0, 0.0, 0.0, 0.0, 1.0 ], [ -0.309017, 0.5, -0.809017, 0.0, 0.5, 0.809017, 0.309017, 0.0, 0.809017, -0.309017, -0.5, 0.0, 0.0, 0.0, 0.0, 1.0 ], [ 0.809017, -0.309017, -0.5, 0.0, -0.309017, 0.5, -0.809017, 0.0, 0.5, 0.809017, 0.309017, 0.0, 0.0, 0.0, 0.0, 1.0 ], [ 0.5, 0.809017, -0.309017, 0.0, 0.809017, -0.309017, 0.5, 0.0, 0.309017, -0.5, -0.809017, 0.0, 0.0, 0.0, 0.0, 1.0 ], [ 0.309017, -0.5, -0.809017, 0.0, 0.5, 0.809017, -0.309017, 0.0, 0.809017, -0.309017, 0.5, 0.0, 0.0, 0.0, 0.0, 1.0 ], [ 0.809017, -0.309017, 0.5, 0.0, 0.309017, -0.5, -0.809017, 0.0, 0.5, 0.809017, -0.309017, 0.0, 0.0, 0.0, 0.0, 1.0 ], [ 0.809017, 0.309017, -0.5, 0.0, 0.309017, 0.5, 0.809017, 0.0, 0.5, -0.809017, 0.309017, 0.0, 0.0, 0.0, 0.0, 1.0 ], [ 0.5, -0.809017, 0.309017, 0.0, 0.809017, 0.309017, -0.5, 0.0, 0.309017, 0.5, 0.809017, 0.0, 0.0, 0.0, 0.0, 1.0 ], [ 0.309017, 0.5, 0.809017, 0.0, 0.5, -0.809017, 0.309017, 0.0, 0.809017, 0.309017, -0.5, 0.0, 0.0, 0.0, 0.0, 1.0 ], [ 1.0, 0.0, 0.0, 0.0, 0.0, -1.0, 0.0, 0.0, 0.0, 0.0, -1.0, 0.0, 0.0, 0.0, 0.0, 1.0 ], [ 0.0, 0.0, 1.0, 0.0, -1.0, 0.0, 0.0, 0.0, 0.0, -1.0, 0.0, 0.0, 0.0, 0.0, 0.0, 1.0 ], [ 0.0, 1.0, 0.0, 0.0, 0.0, 0.0, -1.0, 0.0, -1.0, 0.0, 0.0, 0.0, 0.0, 0.0, 0.0, 1.0 ], [ 0.809017, 0.309017, 0.5, 0.0, -0.309017, -0.5, 0.809017, 0.0, 0.5, -0.809017, -0.309017, 0.0, 0.0, 0.0, 0.0, 1.0 ], [ -0.5, 0.809017, 0.309017, 0.0, -0.809017, -0.309017, -0.5, 0.0, -0.309017, -0.5, 0.809017, 0.0, 0.0, 0.0, 0.0, 1.0 ], [ 0.309017, 0.5, -0.809017, 0.0, 0.5, -0.809017, -0.309017, 0.0, -0.809017, -0.309017, -0.5, 0.0, 0.0, 0.0, 0.0, 1.0 ], [ 0.5, 0.809017, 0.309017, 0.0, -0.809017, 0.309017, 0.5, 0.0, 0.309017, -0.5, 0.809017, 0.0, 0.0, 0.0, 0.0, 1.0 ], [ -0.309017, 0.5, -0.809017, 0.0, -0.5, -0.809017, -0.309017, 0.0, -0.809017, 0.309017, 0.5, 0.0, 0.0, 0.0, 0.0, 1.0 ], [ 0.809017, -0.309017, -0.5, 0.0, 0.309017, -0.5, 0.809017, 0.0, -0.5, -0.809017, -0.309017, 0.0, 0.0, 0.0, 0.0, 1.0 ], [ 0.5, 0.809017, -0.309017, 0.0, -0.809017, 0.309017, -0.5, 0.0, -0.309017, 0.5, 0.809017, 0.0, 0.0, 0.0, 0.0, 1.0 ], [ 0.309017, -0.5, -0.809017, 0.0, -0.5, -0.809017, 0.309017, 0.0, -0.809017, 0.309017, -0.5, 0.0, 0.0, 0.0, 0.0, 1.0 ], [ 0.809017, -0.309017, 0.5, 0.0, -0.309017, 0.5, 0.809017, 0.0, -0.5, -0.809017, 0.309017, 0.0, 0.0, 0.0, 0.0, 1.0 ], [ 0.809017, 0.309017, -0.5, 0.0, -0.309017, -0.5, -0.809017, 0.0, -0.5, 0.809017, -0.309017, 0.0, 0.0, 0.0, 0.0, 1.0 ], [ 0.5, -0.809017, 0.309017, 0.0, -0.809017, -0.309017, 0.5, 0.0, -0.309017, -0.5, -0.809017, 0.0, 0.0, 0.0, 0.0, 1.0 ], [ 0.309017, 0.5, 0.809017, 0.0, -0.5, 0.809017, -0.309017, 0.0, -0.809017, -0.309017, 0.5, 0.0, 0.0, 0.0, 0.0, 1.0 ], [ -1.0, 0.0, 0.0, 0.0, 0.0, -1.0, 0.0, 0.0, 0.0, 0.0, 1.0, 0.0, 0.0, 0.0, 0.0, 1.0 ], [ 0.0, 0.0, -1.0, 0.0, -1.0, 0.0, 0.0, 0.0, 0.0, 1.0, 0.0, 0.0, 0.0, 0.0, 0.0, 1.0 ], [ 0.0, -1.0, 0.0, 0.0, 0.0, 0.0, -1.0, 0.0, 1.0, 0.0, 0.0, 0.0, 0.0, 0.0, 0.0, 1.0 ], [ -0.809017, -0.309017, -0.5, 0.0, -0.309017, -0.5, 0.809017, 0.0, -0.5, 0.809017, 0.309017, 0.0, 0.0, 0.0, 0.0, 1.0 ], [ 0.5, -0.809017, -0.309017, 0.0, -0.809017, -0.309017, -0.5, 0.0, 0.309017, 0.5, -0.809017, 0.0, 0.0, 0.0, 0.0, 1.0 ], [ -0.309017, -0.5, 0.809017, 0.0, 0.5, -0.809017, -0.309017, 0.0, 0.809017, 0.309017, 0.5, 0.0, 0.0, 0.0, 0.0, 1.0 ], [ -0.5, -0.809017, -0.309017, 0.0, -0.809017, 0.309017, 0.5, 0.0, -0.309017, 0.5, -0.809017, 0.0, 0.0, 0.0, 0.0, 1.0 ], [ 0.309017, -0.5, 0.809017, 0.0, -0.5, -0.809017, -0.309017, 0.0, 0.809017, -0.309017, -0.5, 0.0, 0.0, 0.0, 0.0, 1.0 ], [ -0.809017, 0.309017, 0.5, 0.0, 0.309017, -0.5, 0.809017, 0.0, 0.5, 0.809017, 0.309017, 0.0, 0.0, 0.0, 0.0, 1.0 ], [ -0.5, -0.809017, 0.309017, 0.0, -0.809017, 0.309017, -0.5, 0.0, 0.309017, -0.5, -0.809017, 0.0, 0.0, 0.0, 0.0, 1.0 ], [ -0.309017, 0.5, 0.809017, 0.0, -0.5, -0.809017, 0.309017, 0.0, 0.809017, -0.309017, 0.5, 0.0, 0.0, 0.0, 0.0, 1.0 ], [ -0.809017, 0.309017, -0.5, 0.0, -0.309017, 0.5, 0.809017, 0.0, 0.5, 0.809017, -0.309017, 0.0, 0.0, 0.0, 0.0, 1.0 ], [ -0.809017, -0.309017, 0.5, 0.0, -0.309017, -0.5, -0.809017, 0.0, 0.5, -0.809017, 0.309017, 0.0, 0.0, 0.0, 0.0, 1.0 ], [ -0.5, 0.809017, -0.309017, 0.0, -0.809017, -0.309017, 0.5, 0.0, 0.309017, 0.5, 0.809017, 0.0, 0.0, 0.0, 0.0, 1.0 ], [ -0.309017, -0.5, -0.809017, 0.0, -0.5, 0.809017, -0.309017, 0.0, 0.809017, 0.309017, -0.5, 0.0, 0.0, 0.0, 0.0, 1.0 ], [ -1.0, 0.0, 0.0, 0.0, 0.0, 1.0, 0.0, 0.0, 0.0, 0.0, -1.0, 0.0, 0.0, 0.0, 0.0, 1.0 ], [ 0.0, 0.0, -1.0, 0.0, 1.0, 0.0, 0.0, 0.0, 0.0, -1.0, 0.0, 0.0, 0.0, 0.0, 0.0, 1.0 ], [ 0.0, -1.0, 0.0, 0.0, 0.0, 0.0, 1.0, 0.0, -1.0, 0.0, 0.0, 0.0, 0.0, 0.0, 0.0, 1.0 ], [ -0.809017, -0.309017, -0.5, 0.0, 0.309017, 0.5, -0.809017, 0.0, 0.5, -0.809017, -0.309017, 0.0, 0.0, 0.0, 0.0, 1.0 ], [ 0.5, -0.809017, -0.309017, 0.0, 0.809017, 0.309017, 0.5, 0.0, -0.309017, -0.5, 0.809017, 0.0, 0.0, 0.0, 0.0, 1.0 ], [ -0.309017, -0.5, 0.809017, 0.0, -0.5, 0.809017, 0.309017, 0.0, -0.809017, -0.309017, -0.5, 0.0, 0.0, 0.0, 0.0, 1.0 ], [ -0.5, -0.809017, -0.309017, 0.0, 0.809017, -0.309017, -0.5, 0.0, 0.309017, -0.5, 0.809017, 0.0, 0.0, 0.0, 0.0, 1.0 ], [ 0.309017, -0.5, 0.809017, 0.0, 0.5, 0.809017, 0.309017, 0.0, -0.809017, 0.309017, 0.5, 0.0, 0.0, 0.0, 0.0, 1.0 ], [ -0.809017, 0.309017, 0.5, 0.0, -0.309017, 0.5, -0.809017, 0.0, -0.5, -0.809017, -0.309017, 0.0, 0.0, 0.0, 0.0, 1.0 ], [ -0.5, -0.809017, 0.309017, 0.0, 0.809017, -0.309017, 0.5, 0.0, -0.309017, 0.5, 0.809017, 0.0, 0.0, 0.0, 0.0, 1.0 ], [ -0.309017, 0.5, 0.809017, 0.0, 0.5, 0.809017, -0.309017, 0.0, -0.809017, 0.309017, -0.5, 0.0, 0.0, 0.0, 0.0, 1.0 ], [ -0.809017, 0.309017, -0.5, 0.0, 0.309017, -0.5, -0.809017, 0.0, -0.5, -0.809017, 0.309017, 0.0, 0.0, 0.0, 0.0, 1.0 ], [ -0.809017, -0.309017, 0.5, 0.0, 0.309017, 0.5, 0.809017, 0.0, -0.5, 0.809017, -0.309017, 0.0, 0.0, 0.0, 0.0, 1.0 ], [ -0.5, 0.809017, -0.309017, 0.0, 0.809017, 0.309017, -0.5, 0.0, -0.309017, -0.5, -0.809017, 0.0, 0.0, 0.0, 0.0, 1.0 ], [ -0.309017, -0.5, -0.809017, 0.0, 0.5, -0.809017, 0.309017, 0.0, -0.809017, -0.309017, 0.5, 0.0, 0.0, 0.0, 0.0, 1.0 ] ],
  "lights" : {
    "directionalLights" : [ {
      "direction" : [ 1.0, -1.0, -1.0 ],
      "color" : "#EBEBE4"
    }, {
      "direction" : [ -1.0, 0.0, 0.0 ],
      "color" : "#E4E4EB"
    }, {
      "direction" : [ 0.0, 0.0, -1.0 ],
      "color" : "#1E1E1E"
    } ],
    "ambientColor" : "#292929",
    "backgroundColor" : "#AFC8DC"
  },
  "camera" : {
    "position" : {
      "x" : 88.19704,
      "y" : -88.19704,
      "z" : -88.19704
    },
    "viewDistance" : 152.76175,
    "lookAtPointRV" : {
      "x" : 0.0,
      "y" : 0.0,
      "z" : 0.0,
      "zero" : true
    },
    "lookDirectionRV" : {
      "x" : -0.57735026,
      "y" : 0.57735026,
      "z" : 0.57735026,
      "zero" : false
    },
    "upDirectionRV" : {
      "x" : 0.809017,
      "y" : 0.309017,
      "z" : 0.50000006,
      "zero" : false
    },
    "lookDirection" : {
      "x" : -0.57735026,
      "y" : 0.57735026,
      "z" : 0.57735026
    },
    "nearClipDistance" : 0.3819044,
    "farClipDistance" : 305.52325,
    "lookAtPoint" : {
      "x" : 0.0,
      "y" : 0.0,
      "z" : 0.0
    },
    "upDirection" : {
      "x" : 0.809017,
      "y" : 0.309017,
      "z" : 0.50000006
    },
    "stereo" : false,
    "perspective" : false,
    "fieldOfView" : 0.44262883,
    "width" : 68.742775
  },
  "embedding" : [ 1.0, 0.0, 0.0, 0.0, 0.0, 1.0, 0.0, 0.0, 0.0, 0.0, 1.0, 0.0, 0.0, 0.0, 0.0, 1.0 ],
  "shapes" : [ {
    "id" : "a8e25579-363c-4fc0-8d5a-aacb83c406a8",
    "orbit" : "blue",
    "orbitC" : "[[0,0,1],[0,0,1]]",
    "length" : "[0,1,1]",
    "name" : "b2",
    "vertices" : [ {
      "x" : 12.708204,
      "y" : 0.309017,
      "z" : 0.19098301
    }, {
      "x" : 12.708204,
      "y" : 0.309017,
      "z" : -0.19098301
    }, {
      "x" : 1.0,
      "y" : 0.309017,
      "z" : -0.19098301
    }, {
      "x" : 1.0,
      "y" : 0.309017,
      "z" : 0.19098301
    }, {
      "x" : 12.708204,
      "y" : -0.309017,
      "z" : 0.19098301
    }, {
      "x" : 1.0,
      "y" : -0.309017,
      "z" : 0.19098301
    }, {
      "x" : 1.0,
      "y" : -0.309017,
      "z" : -0.19098301
    }, {
      "x" : 12.708204,
      "y" : -0.309017,
      "z" : -0.19098301
    }, {
      "x" : 13.708204,
      "y" : 0.0,
      "z" : 0.0
    } ],
    "faces" : [ {
      "vertices" : [ 1, 7, 6, 2 ]
    }, {
      "vertices" : [ 0, 1, 2, 3 ]
    }, {
      "vertices" : [ 4, 5, 6, 7 ]
    }, {
      "vertices" : [ 0, 3, 5, 4 ]
    } ]
  }, {
    "id" : "4bc19e91-5914-41a4-bf15-98b1cabf8887",
    "orbit" : "blue",
    "orbitC" : "[[0,0,1],[0,0,1]]",
    "length" : "[1,0,1]",
    "name" : "b1",
    "vertices" : [ {
      "x" : 7.472136,
      "y" : 0.309017,
      "z" : 0.19098301
    }, {
      "x" : 7.472136,
      "y" : 0.309017,
      "z" : -0.19098301
    }, {
      "x" : 1.0,
      "y" : 0.309017,
      "z" : -0.19098301
    }, {
      "x" : 1.0,
      "y" : 0.309017,
      "z" : 0.19098301
    }, {
      "x" : 7.472136,
      "y" : -0.309017,
      "z" : 0.19098301
    }, {
      "x" : 1.0,
      "y" : -0.309017,
      "z" : 0.19098301
    }, {
      "x" : 1.0,
      "y" : -0.309017,
      "z" : -0.19098301
    }, {
      "x" : 7.472136,
      "y" : -0.309017,
      "z" : -0.19098301
    }, {
      "x" : 8.472136,
      "y" : 0.0,
      "z" : 0.0
    } ],
    "faces" : [ {
      "vertices" : [ 1, 7, 6, 2 ]
    }, {
      "vertices" : [ 0, 1, 2, 3 ]
    }, {
      "vertices" : [ 4, 5, 6, 7 ]
    }, {
      "vertices" : [ 0, 3, 5, 4 ]
    } ]
  }, {
    "id" : "5e5a21ef-2df0-4a8c-9a83-210afe6a35ce",
    "name" : "ball",
    "vertices" : [ {
      "x" : 0.309017,
      "y" : -0.809017,
      "z" : 0.618034
    }, {
      "x" : 0.809017,
      "y" : -0.618034,
      "z" : 0.309017
    }, {
      "x" : 0.618034,
      "y" : -0.309017,
      "z" : 0.809017
    }, {
      "x" : 1.0,
      "y" : 0.309017,
      "z" : 0.19098301
    }, {
      "x" : 0.809017,
      "y" : 0.618034,
      "z" : 0.309017
    }, {
      "x" : 0.618034,
      "y" : 0.309017,
      "z" : 0.809017
    }, {
      "x" : 0.809017,
      "y" : 0.0,
      "z" : 0.690983
    }, {
      "x" : 0.19098301,
      "y" : -1.0,
      "z" : 0.309017
    }, {
      "x" : -0.19098301,
      "y" : -1.0,
      "z" : 0.309017
    }, {
      "x" : -0.19098301,
      "y" : -1.0,
      "z" : -0.309017
    }, {
      "x" : 0.19098301,
      "y" : -1.0,
      "z" : -0.309017
    }, {
      "x" : 1.0,
      "y" : -0.309017,
      "z" : -0.19098301
    }, {
      "x" : 0.809017,
      "y" : -0.618034,
      "z" : -0.309017
    }, {
      "x" : 0.618034,
      "y" : -0.309017,
      "z" : -0.809017
    }, {
      "x" : 0.809017,
      "y" : 0.0,
      "z" : -0.690983
    }, {
      "x" : 0.0,
      "y" : 0.690983,
      "z" : -0.809017
    }, {
      "x" : 0.309017,
      "y" : 0.809017,
      "z" : -0.618034
    }, {
      "x" : 0.618034,
      "y" : 0.309017,
      "z" : -0.809017
    }, {
      "x" : 0.309017,
      "y" : 0.19098301,
      "z" : -1.0
    }, {
      "x" : 1.0,
      "y" : 0.309017,
      "z" : -0.19098301
    }, {
      "x" : -0.309017,
      "y" : -0.809017,
      "z" : 0.618034
    }, {
      "x" : 0.0,
      "y" : -0.690983,
      "z" : 0.809017
    }, {
      "x" : 0.809017,
      "y" : 0.618034,
      "z" : -0.309017
    }, {
      "x" : 0.690983,
      "y" : 0.809017,
      "z" : 0.0
    }, {
      "x" : -0.690983,
      "y" : 0.809017,
      "z" : 0.0
    }, {
      "x" : -0.809017,
      "y" : 0.618034,
      "z" : 0.309017
    }, {
      "x" : -0.309017,
      "y" : 0.809017,
      "z" : 0.618034
    }, {
      "x" : -0.19098301,
      "y" : 1.0,
      "z" : 0.309017
    }, {
      "x" : 0.309017,
      "y" : -0.19098301,
      "z" : -1.0
    }, {
      "x" : 0.19098301,
      "y" : 1.0,
      "z" : 0.309017
    }, {
      "x" : 0.309017,
      "y" : 0.809017,
      "z" : 0.618034
    }, {
      "x" : -0.809017,
      "y" : -0.618034,
      "z" : 0.309017
    }, {
      "x" : -0.690983,
      "y" : -0.809017,
      "z" : 0.0
    }, {
      "x" : 0.0,
      "y" : 0.690983,
      "z" : 0.809017
    }, {
      "x" : 0.309017,
      "y" : -0.809017,
      "z" : -0.618034
    }, {
      "x" : 0.0,
      "y" : -0.690983,
      "z" : -0.809017
    }, {
      "x" : -1.0,
      "y" : 0.309017,
      "z" : 0.19098301
    }, {
      "x" : -0.809017,
      "y" : 0.0,
      "z" : 0.690983
    }, {
      "x" : -0.618034,
      "y" : 0.309017,
      "z" : 0.809017
    }, {
      "x" : 1.0,
      "y" : -0.309017,
      "z" : 0.19098301
    }, {
      "x" : -0.309017,
      "y" : -0.809017,
      "z" : -0.618034
    }, {
      "x" : -1.0,
      "y" : 0.309017,
      "z" : -0.19098301
    }, {
      "x" : -1.0,
      "y" : -0.309017,
      "z" : -0.19098301
    }, {
      "x" : -1.0,
      "y" : -0.309017,
      "z" : 0.19098301
    }, {
      "x" : 0.19098301,
      "y" : 1.0,
      "z" : -0.309017
    }, {
      "x" : -0.809017,
      "y" : 0.618034,
      "z" : -0.309017
    }, {
      "x" : -0.19098301,
      "y" : 1.0,
      "z" : -0.309017
    }, {
      "x" : -0.309017,
      "y" : 0.809017,
      "z" : -0.618034
    }, {
      "x" : -0.618034,
      "y" : -0.309017,
      "z" : 0.809017
    }, {
      "x" : 0.309017,
      "y" : 0.19098301,
      "z" : 1.0
    }, {
      "x" : -0.309017,
      "y" : 0.19098301,
      "z" : -1.0
    }, {
      "x" : -0.309017,
      "y" : 0.19098301,
      "z" : 1.0
    }, {
      "x" : -0.309017,
      "y" : -0.19098301,
      "z" : 1.0
    }, {
      "x" : 0.309017,
      "y" : -0.19098301,
      "z" : 1.0
    }, {
      "x" : 0.690983,
      "y" : -0.809017,
      "z" : 0.0
    }, {
      "x" : -0.809017,
      "y" : 0.0,
      "z" : -0.690983
    }, {
      "x" : -0.618034,
      "y" : -0.309017,
      "z" : -0.809017
    }, {
      "x" : -0.309017,
      "y" : -0.19098301,
      "z" : -1.0
    }, {
      "x" : -0.618034,
      "y" : 0.309017,
      "z" : -0.809017
    }, {
      "x" : -0.809017,
      "y" : -0.618034,
      "z" : -0.309017
    } ],
    "faces" : [ {
      "vertices" : [ 9, 40, 35, 34, 10 ]
    }, {
      "vertices" : [ 0, 1, 2 ]
    }, {
      "vertices" : [ 33, 51, 49 ]
    }, {
      "vertices" : [ 25, 36, 37, 38 ]
    }, {
      "vertices" : [ 41, 55, 42 ]
    }, {
      "vertices" : [ 9, 32, 59, 40 ]
    }, {
      "vertices" : [ 20, 21, 52, 48 ]
    }, {
      "vertices" : [ 26, 33, 30, 29, 27 ]
    }, {
      "vertices" : [ 3, 4, 5, 6 ]
    }, {
      "vertices" : [ 27, 29, 44, 46 ]
    }, {
      "vertices" : [ 50, 57, 56, 55, 58 ]
    }, {
      "vertices" : [ 26, 38, 51, 33 ]
    }, {
      "vertices" : [ 45, 47, 58 ]
    }, {
      "vertices" : [ 18, 28, 57, 50 ]
    }, {
      "vertices" : [ 40, 59, 56 ]
    }, {
      "vertices" : [ 31, 48, 37, 43 ]
    }, {
      "vertices" : [ 7, 8, 9, 10 ]
    }, {
      "vertices" : [ 36, 41, 42, 43 ]
    }, {
      "vertices" : [ 24, 46, 47, 45 ]
    }, {
      "vertices" : [ 4, 30, 5 ]
    }, {
      "vertices" : [ 15, 47, 46, 44, 16 ]
    }, {
      "vertices" : [ 15, 50, 58, 47 ]
    }, {
      "vertices" : [ 24, 45, 41, 36, 25 ]
    }, {
      "vertices" : [ 11, 14, 19 ]
    }, {
      "vertices" : [ 3, 6, 39 ]
    }, {
      "vertices" : [ 1, 39, 6, 2 ]
    }, {
      "vertices" : [ 8, 32, 9 ]
    }, {
      "vertices" : [ 11, 12, 13, 14 ]
    }, {
      "vertices" : [ 16, 22, 17 ]
    }, {
      "vertices" : [ 0, 21, 20, 8, 7 ]
    }, {
      "vertices" : [ 12, 34, 13 ]
    }, {
      "vertices" : [ 35, 40, 56, 57 ]
    }, {
      "vertices" : [ 0, 7, 54, 1 ]
    }, {
      "vertices" : [ 15, 16, 17, 18 ]
    }, {
      "vertices" : [ 3, 19, 22, 23, 4 ]
    }, {
      "vertices" : [ 7, 10, 54 ]
    }, {
      "vertices" : [ 41, 45, 58, 55 ]
    }, {
      "vertices" : [ 3, 39, 11, 19 ]
    }, {
      "vertices" : [ 14, 17, 22, 19 ]
    }, {
      "vertices" : [ 0, 2, 53, 21 ]
    }, {
      "vertices" : [ 49, 51, 52, 53 ]
    }, {
      "vertices" : [ 31, 43, 42, 59, 32 ]
    }, {
      "vertices" : [ 15, 18, 50 ]
    }, {
      "vertices" : [ 42, 55, 56, 59 ]
    }, {
      "vertices" : [ 4, 23, 29, 30 ]
    }, {
      "vertices" : [ 25, 38, 26 ]
    }, {
      "vertices" : [ 13, 28, 18, 17, 14 ]
    }, {
      "vertices" : [ 8, 20, 31, 32 ]
    }, {
      "vertices" : [ 23, 44, 29 ]
    }, {
      "vertices" : [ 24, 27, 46 ]
    }, {
      "vertices" : [ 37, 48, 52, 51, 38 ]
    }, {
      "vertices" : [ 20, 48, 31 ]
    }, {
      "vertices" : [ 24, 25, 26, 27 ]
    }, {
      "vertices" : [ 16, 44, 23, 22 ]
    }, {
      "vertices" : [ 13, 34, 35, 28 ]
    }, {
      "vertices" : [ 10, 34, 12, 54 ]
    }, {
      "vertices" : [ 2, 6, 5, 49, 53 ]
    }, {
      "vertices" : [ 36, 43, 37 ]
    }, {
      "vertices" : [ 5, 30, 33, 49 ]
    }, {
      "vertices" : [ 1, 54, 12, 11, 39 ]
    }, {
      "vertices" : [ 28, 35, 57 ]
    }, {
      "vertices" : [ 21, 53, 52 ]
    } ]
  }, {
    "id" : "4af61515-4283-4961-9672-7a92190a501e",
    "orbit" : "green",
    "orbitC" : "[[2,-1,1],[5,-3,1]]",
    "length" : "[1,0,1]",
    "name" : "g1",
    "vertices" : [ {
      "x" : 9.376644,
      "y" : 3.3905764,
      "z" : -1.486068
    }, {
      "x" : 10.399187,
      "y" : 3.427051,
      "z" : -1.618034
    }, {
      "x" : 9.376644,
      "y" : 3.3905764,
      "z" : -1.104102
    }, {
      "x" : 9.185661,
      "y" : 3.6995935,
      "z" : -1.604102
    }, {
      "x" : 9.185661,
      "y" : 3.6995935,
      "z" : -1.2221359
    }, {
      "x" : 0.809017,
      "y" : 0.618034,
      "z" : 0.309017
    }, {
      "x" : 1.0,
      "y" : 0.309017,
      "z" : 0.19098301
    }, {
      "x" : 1.9045085,
      "y" : 0.5364745,
      "z" : -0.013932022
    }, {
      "x" : 10.09017,
      "y" : 3.927051,
      "z" : -1.809017
    }, {
      "x" : 10.281153,
      "y" : 3.618034,
      "z" : -1.927051
    }, {
      "x" : 10.281153,
      "y" : 3.618034,
      "z" : -1.309017
    }, {
      "x" : 10.09017,
      "y" : 3.927051,
      "z" : -1.427051
    }, {
      "x" : 1.7135255,
      "y" : 0.8454915,
      "z" : -0.13196601
    }, {
      "x" : 0.690983,
      "y" : 0.809017,
      "z" : 0.0
    }, {
      "x" : 1.9045085,
      "y" : 0.5364745,
      "z" : -0.39589804
    }, {
      "x" : 1.7135255,
      "y" : 0.8454915,
      "z" : -0.51393205
    }, {
      "x" : 0.809017,
      "y" : 0.618034,
      "z" : -0.309017
    }, {
      "x" : 1.0,
      "y" : 0.309017,
      "z" : -0.19098301
    }, {
      "x" : 11.09017,
      "y" : 4.236068,
      "z" : -1.618034
    } ],
    "faces" : [ {
      "vertices" : [ 0, 14, 15, 3 ]
    }, {
      "vertices" : [ 3, 15, 12, 4 ]
    }, {
      "vertices" : [ 0, 1, 2 ]
    }, {
      "vertices" : [ 12, 15, 13 ]
    }, {
      "vertices" : [ 0, 9, 1 ]
    }, {
      "vertices" : [ 0, 3, 9 ]
    }, {
      "vertices" : [ 13, 15, 16 ]
    }, {
      "vertices" : [ 6, 17, 14, 7 ]
    }, {
      "vertices" : [ 1, 10, 2 ]
    }, {
      "vertices" : [ 5, 6, 7 ]
    }, {
      "vertices" : [ 3, 8, 9 ]
    }, {
      "vertices" : [ 0, 2, 7, 14 ]
    }, {
      "vertices" : [ 5, 7, 12 ]
    }, {
      "vertices" : [ 2, 4, 12, 7 ]
    }, {
      "vertices" : [ 3, 4, 11, 8 ]
    }, {
      "vertices" : [ 2, 10, 11, 4 ]
    }, {
      "vertices" : [ 5, 12, 13 ]
    }, {
      "vertices" : [ 14, 17, 16, 15 ]
    } ]
  }, {
    "id" : "59fd283a-83f3-48fe-b469-3419a8cd1f84",
    "orbit" : "blue",
    "orbitC" : "[[0,0,1],[0,0,1]]",
    "length" : "[-1,1,1]",
    "name" : "b0",
    "vertices" : [ {
      "x" : 4.236068,
      "y" : 0.309017,
      "z" : 0.19098301
    }, {
      "x" : 4.236068,
      "y" : 0.309017,
      "z" : -0.19098301
    }, {
      "x" : 1.0,
      "y" : 0.309017,
      "z" : -0.19098301
    }, {
      "x" : 1.0,
      "y" : 0.309017,
      "z" : 0.19098301
    }, {
      "x" : 4.236068,
      "y" : -0.309017,
      "z" : 0.19098301
    }, {
      "x" : 1.0,
      "y" : -0.309017,
      "z" : 0.19098301
    }, {
      "x" : 1.0,
      "y" : -0.309017,
      "z" : -0.19098301
    }, {
      "x" : 4.236068,
      "y" : -0.309017,
      "z" : -0.19098301
    }, {
      "x" : 5.236068,
      "y" : 0.0,
      "z" : 0.0
    } ],
    "faces" : [ {
      "vertices" : [ 1, 7, 6, 2 ]
    }, {
      "vertices" : [ 0, 1, 2, 3 ]
    }, {
      "vertices" : [ 4, 5, 6, 7 ]
    }, {
      "vertices" : [ 0, 3, 5, 4 ]
    } ]
  } ],
  "instances" : [ {
    "shape" : "a8e25579-363c-4fc0-8d5a-aacb83c406a8",
    "color" : "#008EC2",
    "position" : {
      "x" : -2.618034,
      "y" : 0.0,
      "z" : 17.944271
    },
    "orientation" : 53
  }, {
    "shape" : "4bc19e91-5914-41a4-bf15-98b1cabf8887",
    "color" : "#008EC2",
    "position" : {
      "x" : -4.236068,
      "y" : -16.326239,
      "z" : 0.0
    },
    "orientation" : 38
  }, {
    "shape" : "4bc19e91-5914-41a4-bf15-98b1cabf8887",
    "color" : "#008EC2",
    "position" : {
      "x" : 4.236068,
      "y" : -16.326239,
      "z" : 0.0
    },
    "orientation" : 23
  }, {
    "shape" : "5e5a21ef-2df0-4a8c-9a83-210afe6a35ce",
    "color" : "#F2F2F2",
    "position" : {
      "x" : -2.618034,
      "y" : 0.0,
      "z" : -17.944271
    }
  }, {
    "shape" : "4bc19e91-5914-41a4-bf15-98b1cabf8887",
    "color" : "#008EC2",
    "position" : {
      "x" : -13.708204,
      "y" : 4.236068,
      "z" : -11.09017
    },
    "orientation" : 40
  }, {
    "shape" : "4af61515-4283-4961-9672-7a92190a501e",
    "color" : "#00993F",
    "position" : {
      "x" : -17.944271,
      "y" : 2.618034,
      "z" : 0.0
    },
    "orientation" : 14
  }, {
    "shape" : "4af61515-4283-4961-9672-7a92190a501e",
    "color" : "#00993F",
    "position" : {
      "x" : 17.944271,
      "y" : 2.618034,
      "z" : 0.0
    },
    "orientation" : 59
  }, {
    "shape" : "4bc19e91-5914-41a4-bf15-98b1cabf8887",
    "color" : "#008EC2",
    "position" : {
      "x" : 0.0,
      "y" : 4.236068,
      "z" : 16.326239
    },
    "orientation" : 54
  }, {
    "shape" : "a8e25579-363c-4fc0-8d5a-aacb83c406a8",
    "color" : "#008EC2",
    "position" : {
      "x" : 0.0,
      "y" : -17.944271,
      "z" : -2.618034
    },
    "orientation" : 52
  }, {
    "shape" : "5e5a21ef-2df0-4a8c-9a83-210afe6a35ce",
    "color" : "#F2F2F2",
    "position" : {
      "x" : -13.708204,
      "y" : -4.236068,
      "z" : 11.09017
    }
  }, {
    "shape" : "59fd283a-83f3-48fe-b469-3419a8cd1f84",
    "color" : "#008EC2",
    "position" : {
      "x" : 0.0,
      "y" : -17.944271,
      "z" : -2.618034
    },
    "orientation" : 38
  }, {
    "shape" : "4bc19e91-5914-41a4-bf15-98b1cabf8887",
    "color" : "#008EC2",
    "position" : {
      "x" : 4.236068,
      "y" : -16.326239,
      "z" : 0.0
    },
    "orientation" : 11
  }, {
    "shape" : "59fd283a-83f3-48fe-b469-3419a8cd1f84",
    "color" : "#008EC2",
    "position" : {
      "x" : 0.0,
      "y" : -17.944271,
      "z" : 2.618034
    },
    "orientation" : 23
  }, {
    "shape" : "a8e25579-363c-4fc0-8d5a-aacb83c406a8",
    "color" : "#008EC2",
    "position" : {
      "x" : 17.944271,
      "y" : -2.618034,
      "z" : 0.0
    },
    "orientation" : 36
  }, {
    "shape" : "4bc19e91-5914-41a4-bf15-98b1cabf8887",
    "color" : "#008EC2",
    "position" : {
      "x" : 0.0,
      "y" : -4.236068,
      "z" : 16.326239
    },
    "orientation" : 36
  }, {
    "shape" : "59fd283a-83f3-48fe-b469-3419a8cd1f84",
    "color" : "#008EC2",
    "position" : {
      "x" : 0.0,
      "y" : -17.944271,
      "z" : 2.618034
    },
    "orientation" : 56
  }, {
    "shape" : "4af61515-4283-4961-9672-7a92190a501e",
    "color" : "#00993F",
    "position" : {
      "x" : 4.236068,
      "y" : -11.09017,
      "z" : -13.708204
    },
    "orientation" : 9
  }, {
    "shape" : "4af61515-4283-4961-9672-7a92190a501e",
    "color" : "#00993F",
    "position" : {
      "x" : -13.708204,
      "y" : 4.236068,
      "z" : -11.09017
    },
    "orientation" : 10
  }, {
    "shape" : "4af61515-4283-4961-9672-7a92190a501e",
    "color" : "#00993F",
    "position" : {
      "x" : -4.236068,
      "y" : -11.09017,
      "z" : 13.708204
    },
    "orientation" : 54
  }, {
    "shape" : "4af61515-4283-4961-9672-7a92190a501e",
    "color" : "#00993F",
    "position" : {
      "x" : 17.944271,
      "y" : -2.618034,
      "z" : 0.0
    },
    "orientation" : 44
  }, {
    "shape" : "4bc19e91-5914-41a4-bf15-98b1cabf8887",
    "color" : "#008EC2",
    "position" : {
      "x" : -4.236068,
      "y" : 16.326239,
      "z" : 0.0
    },
    "orientation" : 41
  }, {
    "shape" : "4bc19e91-5914-41a4-bf15-98b1cabf8887",
    "color" : "#008EC2",
    "position" : {
      "x" : -16.326239,
      "y" : 0.0,
      "z" : 4.236068
    },
    "orientation" : 37
  }, {
    "shape" : "5e5a21ef-2df0-4a8c-9a83-210afe6a35ce",
    "color" : "#F2F2F2",
    "position" : {
      "x" : -17.944271,
      "y" : 2.618034,
      "z" : 0.0
    }
  }, {
    "shape" : "4af61515-4283-4961-9672-7a92190a501e",
    "color" : "#00993F",
    "position" : {
      "x" : 0.0,
      "y" : -17.944271,
      "z" : 2.618034
    },
    "orientation" : 45
  }, {
    "shape" : "5e5a21ef-2df0-4a8c-9a83-210afe6a35ce",
    "color" : "#F2F2F2",
    "position" : {
      "x" : 4.236068,
      "y" : 11.09017,
      "z" : 13.708204
    }
  }, {
    "shape" : "5e5a21ef-2df0-4a8c-9a83-210afe6a35ce",
    "color" : "#F2F2F2",
    "position" : {
      "x" : -17.944271,
      "y" : -2.618034,
      "z" : 0.0
    }
  }, {
    "shape" : "4af61515-4283-4961-9672-7a92190a501e",
    "color" : "#00993F",
    "position" : {
      "x" : 4.236068,
      "y" : -11.09017,
      "z" : 13.708204
    },
    "orientation" : 3
  }, {
    "shape" : "4bc19e91-5914-41a4-bf15-98b1cabf8887",
    "color" : "#008EC2",
    "position" : {
      "x" : 0.0,
      "y" : -4.236068,
      "z" : 16.326239
    },
    "orientation" : 24
  }, {
    "shape" : "5e5a21ef-2df0-4a8c-9a83-210afe6a35ce",
    "color" : "#F2F2F2",
    "position" : {
      "x" : 16.326239,
      "y" : 0.0,
      "z" : -4.236068
    }
  }, {
    "shape" : "59fd283a-83f3-48fe-b469-3419a8cd1f84",
    "color" : "#008EC2",
    "position" : {
      "x" : 0.0,
      "y" : 17.944271,
      "z" : -2.618034
    },
    "orientation" : 41
  }, {
    "shape" : "59fd283a-83f3-48fe-b469-3419a8cd1f84",
    "color" : "#008EC2",
    "position" : {
      "x" : -2.618034,
      "y" : 0.0,
      "z" : 17.944271
    },
    "orientation" : 6
  }, {
    "shape" : "4bc19e91-5914-41a4-bf15-98b1cabf8887",
    "color" : "#008EC2",
    "position" : {
      "x" : 11.09017,
      "y" : 13.708204,
      "z" : -4.236068
    },
    "orientation" : 2
  }, {
    "shape" : "a8e25579-363c-4fc0-8d5a-aacb83c406a8",
    "color" : "#008EC2",
    "position" : {
      "x" : -2.618034,
      "y" : 0.0,
      "z" : -17.944271
    },
    "orientation" : 38
  }, {
    "shape" : "a8e25579-363c-4fc0-8d5a-aacb83c406a8",
    "color" : "#008EC2",
    "position" : {
      "x" : 0.0,
      "y" : 17.944271,
      "z" : 2.618034
    },
    "orientation" : 37
  }, {
    "shape" : "4bc19e91-5914-41a4-bf15-98b1cabf8887",
    "color" : "#008EC2",
    "position" : {
      "x" : 0.0,
      "y" : -4.236068,
      "z" : -16.326239
    },
    "orientation" : 39
  }, {
    "shape" : "4bc19e91-5914-41a4-bf15-98b1cabf8887",
    "color" : "#008EC2",
    "position" : {
      "x" : 4.236068,
      "y" : -11.09017,
      "z" : 13.708204
    },
    "orientation" : 45
  }, {
    "shape" : "5e5a21ef-2df0-4a8c-9a83-210afe6a35ce",
    "color" : "#F2F2F2",
    "position" : {
      "x" : 13.708204,
      "y" : 4.236068,
      "z" : 11.09017
    }
  }, {
    "shape" : "4af61515-4283-4961-9672-7a92190a501e",
    "color" : "#00993F",
    "position" : {
      "x" : -17.944271,
      "y" : 2.618034,
      "z" : 0.0
    },
    "orientation" : 17
  }, {
    "shape" : "5e5a21ef-2df0-4a8c-9a83-210afe6a35ce",
    "color" : "#F2F2F2",
    "position" : {
      "x" : 0.0,
      "y" : -4.236068,
      "z" : 16.326239
    }
  }, {
    "shape" : "a8e25579-363c-4fc0-8d5a-aacb83c406a8",
    "color" : "#008EC2",
    "position" : {
      "x" : -17.944271,
      "y" : -2.618034,
      "z" : 0.0
    },
    "orientation" : 21
  }, {
    "shape" : "4af61515-4283-4961-9672-7a92190a501e",
    "color" : "#00993F",
    "position" : {
      "x" : 2.618034,
      "y" : 0.0,
      "z" : 17.944271
    },
    "orientation" : 46
  }, {
    "shape" : "4af61515-4283-4961-9672-7a92190a501e",
    "color" : "#00993F",
    "position" : {
      "x" : -2.618034,
      "y" : 0.0,
      "z" : -17.944271
    },
    "orientation" : 1
  }, {
    "shape" : "5e5a21ef-2df0-4a8c-9a83-210afe6a35ce",
    "color" : "#F2F2F2",
    "position" : {
      "x" : 11.09017,
      "y" : -13.708204,
      "z" : -4.236068
    }
  }, {
    "shape" : "59fd283a-83f3-48fe-b469-3419a8cd1f84",
    "color" : "#008EC2",
    "position" : {
      "x" : 17.944271,
      "y" : -2.618034,
      "z" : 0.0
    },
    "orientation" : 7
  }, {
    "shape" : "4af61515-4283-4961-9672-7a92190a501e",
    "color" : "#00993F",
    "position" : {
      "x" : 0.0,
      "y" : 17.944271,
      "z" : -2.618034
    },
    "orientation" : 30
  }, {
    "shape" : "59fd283a-83f3-48fe-b469-3419a8cd1f84",
    "color" : "#008EC2",
    "position" : {
      "x" : 17.944271,
      "y" : 2.618034,
      "z" : 0.0
    },
    "orientation" : 40
  }, {
    "shape" : "a8e25579-363c-4fc0-8d5a-aacb83c406a8",
    "color" : "#008EC2",
    "position" : {
      "x" : -2.618034,
      "y" : 0.0,
      "z" : -17.944271
    },
    "orientation" : 41
  }, {
    "shape" : "4af61515-4283-4961-9672-7a92190a501e",
    "color" : "#00993F",
    "position" : {
      "x" : 13.708204,
      "y" : 4.236068,
      "z" : -11.09017
    },
    "orientation" : 4
  }, {
    "shape" : "a8e25579-363c-4fc0-8d5a-aacb83c406a8",
    "color" : "#008EC2",
    "position" : {
      "x" : 17.944271,
      "y" : 2.618034,
      "z" : 0.0
    },
    "orientation" : 54
  }, {
    "shape" : "5e5a21ef-2df0-4a8c-9a83-210afe6a35ce",
    "color" : "#F2F2F2",
    "position" : {
      "x" : -13.708204,
      "y" : 4.236068,
      "z" : -11.09017
    }
  }, {
    "shape" : "4bc19e91-5914-41a4-bf15-98b1cabf8887",
    "color" : "#008EC2",
    "position" : {
      "x" : -13.708204,
      "y" : 4.236068,
      "z" : 11.09017
    },
    "orientation" : 16
  }, {
    "shape" : "4bc19e91-5914-41a4-bf15-98b1cabf8887",
    "color" : "#008EC2",
    "position" : {
      "x" : 0.0,
      "y" : 4.236068,
      "z" : -16.326239
    },
    "orientation" : 51
  }, {
    "shape" : "5e5a21ef-2df0-4a8c-9a83-210afe6a35ce",
    "color" : "#F2F2F2",
    "position" : {
      "x" : -11.09017,
      "y" : -13.708204,
      "z" : -4.236068
    }
  }, {
    "shape" : "5e5a21ef-2df0-4a8c-9a83-210afe6a35ce",
    "color" : "#F2F2F2",
    "position" : {
      "x" : 17.944271,
      "y" : -2.618034,
      "z" : 0.0
    }
  }, {
    "shape" : "4af61515-4283-4961-9672-7a92190a501e",
    "color" : "#00993F",
    "position" : {
      "x" : 0.0,
      "y" : -17.944271,
      "z" : 2.618034
    },
    "orientation" : 12
  }, {
    "shape" : "5e5a21ef-2df0-4a8c-9a83-210afe6a35ce",
    "color" : "#F2F2F2",
    "position" : {
      "x" : -11.09017,
      "y" : -13.708204,
      "z" : 4.236068
    }
  }, {
    "shape" : "5e5a21ef-2df0-4a8c-9a83-210afe6a35ce",
    "color" : "#F2F2F2",
    "position" : {
      "x" : 0.0,
      "y" : 4.236068,
      "z" : 16.326239
    }
  }, {
    "shape" : "4af61515-4283-4961-9672-7a92190a501e",
    "color" : "#00993F",
    "position" : {
      "x" : 2.618034,
      "y" : 0.0,
      "z" : 17.944271
    },
    "orientation" : 28
  }, {
    "shape" : "4af61515-4283-4961-9672-7a92190a501e",
    "color" : "#00993F",
    "position" : {
      "x" : -13.708204,
      "y" : -4.236068,
      "z" : -11.09017
    },
    "orientation" : 34
  }, {
    "shape" : "5e5a21ef-2df0-4a8c-9a83-210afe6a35ce",
    "color" : "#F2F2F2",
    "position" : {
      "x" : 4.236068,
      "y" : 16.326239,
      "z" : 0.0
    }
  }, {
    "shape" : "5e5a21ef-2df0-4a8c-9a83-210afe6a35ce",
    "color" : "#F2F2F2",
    "position" : {
      "x" : 4.236068,
      "y" : -11.09017,
      "z" : 13.708204
    }
  }, {
    "shape" : "4af61515-4283-4961-9672-7a92190a501e",
    "color" : "#00993F",
    "position" : {
      "x" : 17.944271,
      "y" : -2.618034,
      "z" : 0.0
    },
    "orientation" : 47
  }, {
    "shape" : "4af61515-4283-4961-9672-7a92190a501e",
    "color" : "#00993F",
    "position" : {
      "x" : 13.708204,
      "y" : -4.236068,
      "z" : -11.09017
    },
    "orientation" : 40
  }, {
    "shape" : "4bc19e91-5914-41a4-bf15-98b1cabf8887",
    "color" : "#008EC2",
    "position" : {
      "x" : 4.236068,
      "y" : 16.326239,
      "z" : 0.0
    },
    "orientation" : 26
  }, {
    "shape" : "5e5a21ef-2df0-4a8c-9a83-210afe6a35ce",
    "color" : "#F2F2F2",
    "position" : {
      "x" : 16.326239,
      "y" : 0.0,
      "z" : 4.236068
    }
  }, {
    "shape" : "5e5a21ef-2df0-4a8c-9a83-210afe6a35ce",
    "color" : "#F2F2F2",
    "position" : {
      "x" : 2.618034,
      "y" : 0.0,
      "z" : -17.944271
    }
  }, {
    "shape" : "59fd283a-83f3-48fe-b469-3419a8cd1f84",
    "color" : "#008EC2",
    "position" : {
      "x" : 17.944271,
      "y" : 2.618034,
      "z" : 0.0
    },
    "orientation" : 22
  }, {
    "shape" : "4af61515-4283-4961-9672-7a92190a501e",
    "color" : "#00993F",
    "position" : {
      "x" : 2.618034,
      "y" : 0.0,
      "z" : -17.944271
    },
    "orientation" : 31
  }, {
    "shape" : "4af61515-4283-4961-9672-7a92190a501e",
    "color" : "#00993F",
    "position" : {
      "x" : -11.09017,
      "y" : -13.708204,
      "z" : -4.236068
    },
    "orientation" : 20
  }, {
    "shape" : "59fd283a-83f3-48fe-b469-3419a8cd1f84",
    "color" : "#008EC2",
    "position" : {
      "x" : 2.618034,
      "y" : 0.0,
      "z" : -17.944271
    },
    "orientation" : 51
  }, {
    "shape" : "5e5a21ef-2df0-4a8c-9a83-210afe6a35ce",
    "color" : "#F2F2F2",
    "position" : {
      "x" : -16.326239,
      "y" : 0.0,
      "z" : 4.236068
    }
  }, {
    "shape" : "4af61515-4283-4961-9672-7a92190a501e",
    "color" : "#00993F",
    "position" : {
      "x" : 0.0,
      "y" : 17.944271,
      "z" : 2.618034
    },
    "orientation" : 15
  }, {
    "shape" : "59fd283a-83f3-48fe-b469-3419a8cd1f84",
    "color" : "#008EC2",
    "position" : {
      "x" : -17.944271,
      "y" : -2.618034,
      "z" : 0.0
    },
    "orientation" : 52
  }, {
    "shape" : "59fd283a-83f3-48fe-b469-3419a8cd1f84",
    "color" : "#008EC2",
    "position" : {
      "x" : -17.944271,
      "y" : -2.618034,
      "z" : 0.0
    },
    "orientation" : 10
  }, {
    "shape" : "4bc19e91-5914-41a4-bf15-98b1cabf8887",
    "color" : "#008EC2",
    "position" : {
      "x" : 11.09017,
      "y" : -13.708204,
      "z" : 4.236068
    },
    "orientation" : 47
  }, {
    "shape" : "5e5a21ef-2df0-4a8c-9a83-210afe6a35ce",
    "color" : "#F2F2F2",
    "position" : {
      "x" : -4.236068,
      "y" : 11.09017,
      "z" : 13.708204
    }
  }, {
    "shape" : "a8e25579-363c-4fc0-8d5a-aacb83c406a8",
    "color" : "#008EC2",
    "position" : {
      "x" : 0.0,
      "y" : -17.944271,
      "z" : -2.618034
    },
    "orientation" : 55
  }, {
    "shape" : "4af61515-4283-4961-9672-7a92190a501e",
    "color" : "#00993F",
    "position" : {
      "x" : -4.236068,
      "y" : 11.09017,
      "z" : 13.708204
    },
    "orientation" : 33
  }, {
    "shape" : "4af61515-4283-4961-9672-7a92190a501e",
    "color" : "#00993F",
    "position" : {
      "x" : -4.236068,
      "y" : 11.09017,
      "z" : -13.708204
    },
    "orientation" : 39
  }, {
    "shape" : "5e5a21ef-2df0-4a8c-9a83-210afe6a35ce",
    "color" : "#F2F2F2",
    "position" : {
      "x" : 0.0,
      "y" : 4.236068,
      "z" : -16.326239
    }
  }, {
    "shape" : "59fd283a-83f3-48fe-b469-3419a8cd1f84",
    "color" : "#008EC2",
    "position" : {
      "x" : 2.618034,
      "y" : 0.0,
      "z" : 17.944271
    },
    "orientation" : 54
  }, {
    "shape" : "4bc19e91-5914-41a4-bf15-98b1cabf8887",
    "color" : "#008EC2",
    "position" : {
      "x" : 16.326239,
      "y" : 0.0,
      "z" : 4.236068
    },
    "orientation" : 40
  }, {
    "shape" : "4af61515-4283-4961-9672-7a92190a501e",
    "color" : "#00993F",
    "position" : {
      "x" : 0.0,
      "y" : 17.944271,
      "z" : -2.618034
    },
    "orientation" : 27
  }, {
    "shape" : "5e5a21ef-2df0-4a8c-9a83-210afe6a35ce",
    "color" : "#F2F2F2",
    "position" : {
      "x" : -13.708204,
      "y" : -4.236068,
      "z" : -11.09017
    }
  }, {
    "shape" : "4af61515-4283-4961-9672-7a92190a501e",
    "color" : "#00993F",
    "position" : {
      "x" : 0.0,
      "y" : -17.944271,
      "z" : -2.618034
    },
    "orientation" : 0
  }, {
    "shape" : "5e5a21ef-2df0-4a8c-9a83-210afe6a35ce",
    "color" : "#F2F2F2",
    "position" : {
      "x" : 0.0,
      "y" : -17.944271,
      "z" : 2.618034
    }
  }, {
    "shape" : "a8e25579-363c-4fc0-8d5a-aacb83c406a8",
    "color" : "#008EC2",
    "position" : {
      "x" : 17.944271,
      "y" : -2.618034,
      "z" : 0.0
    },
    "orientation" : 39
  }, {
    "shape" : "4bc19e91-5914-41a4-bf15-98b1cabf8887",
    "color" : "#008EC2",
    "position" : {
      "x" : 0.0,
      "y" : -4.236068,
      "z" : -16.326239
    },
    "orientation" : 21
  }, {
    "shape" : "59fd283a-83f3-48fe-b469-3419a8cd1f84",
    "color" : "#008EC2",
    "position" : {
      "x" : 2.618034,
      "y" : 0.0,
      "z" : 17.944271
    },
    "orientation" : 36
  }, {
    "shape" : "4af61515-4283-4961-9672-7a92190a501e",
    "color" : "#00993F",
    "position" : {
      "x" : 4.236068,
      "y" : 11.09017,
      "z" : -13.708204
    },
    "orientation" : 18
  }, {
    "shape" : "5e5a21ef-2df0-4a8c-9a83-210afe6a35ce",
    "color" : "#F2F2F2",
    "position" : {
      "x" : 4.236068,
      "y" : -16.326239,
      "z" : 0.0
    }
  }, {
    "shape" : "4af61515-4283-4961-9672-7a92190a501e",
    "color" : "#00993F",
    "position" : {
      "x" : -11.09017,
      "y" : 13.708204,
      "z" : 4.236068
    },
    "orientation" : 5
  }, {
    "shape" : "59fd283a-83f3-48fe-b469-3419a8cd1f84",
    "color" : "#008EC2",
    "position" : {
      "x" : -2.618034,
      "y" : 0.0,
      "z" : -17.944271
    },
    "orientation" : 21
  }, {
    "shape" : "a8e25579-363c-4fc0-8d5a-aacb83c406a8",
    "color" : "#008EC2",
    "position" : {
      "x" : -17.944271,
      "y" : -2.618034,
      "z" : 0.0
    },
    "orientation" : 24
  }, {
    "shape" : "4af61515-4283-4961-9672-7a92190a501e",
    "color" : "#00993F",
    "position" : {
      "x" : 17.944271,
      "y" : 2.618034,
      "z" : 0.0
    },
    "orientation" : 32
  }, {
    "shape" : "59fd283a-83f3-48fe-b469-3419a8cd1f84",
    "color" : "#008EC2",
    "position" : {
      "x" : 0.0,
      "y" : 17.944271,
      "z" : 2.618034
    },
    "orientation" : 26
  }, {
    "shape" : "4af61515-4283-4961-9672-7a92190a501e",
    "color" : "#00993F",
    "position" : {
      "x" : -2.618034,
      "y" : 0.0,
      "z" : -17.944271
    },
    "orientation" : 43
  }, {
    "shape" : "4af61515-4283-4961-9672-7a92190a501e",
    "color" : "#00993F",
    "position" : {
      "x" : 11.09017,
      "y" : -13.708204,
      "z" : 4.236068
    },
    "orientation" : 35
  }, {
