{
  "field" : "golden",
  "symmetry" : "icosahedral",
  "orientations" : [ [ 1.0, 0.0, 0.0, 0.0, 0.0, 1.0, 0.0, 0.0, 0.0, 0.0, 1.0, 0.0, 0.0, 0.0, 0.0, 1.0 ], [ 0.0, 0.0, 1.0, 0.0, 1.0, 0.0, 0.0, 0.0, 0.0, 1.0, 0.0, 0.0, 0.0, 0.0, 0.0, 1.0 ], [ 0.0, 1.0, 0.0, 0.0, 0.0, 0.0, 1.0, 0.0, 1.0, 0.0, 0.0, 0.0, 0.0, 0.0, 0.0, 1.0 ], [ 0.809017, 0.309017, 0.5, 0.0, 0.309017, 0.5, -0.809017, 0.0, -0.5, 0.809017, 0.309017, 0.0, 0.0, 0.0, 0.0, 1.0 ], [ -0.5, 0.809017, 0.309017, 0.0, 0.809017, 0.309017, 0.5, 0.0, 0.309017, 0.5, -0.809017, 0.0, 0.0, 0.0, 0.0, 1.0 ], [ 0.309017, 0.5, -0.809017, 0.0, -0.5, 0.809017, 0.309017, 0.0, 0.809017, 0.309017, 0.5, 0.0, 0.0, 0.0, 0.0, 1.0 ], [ 0.5, 0.809017, 0.309017, 0.0, 0.809017, -0.309017, -0.5, 0.0, -0.309017, 0.5, -0.809017, 0.0, 0.0, 0.0, 0.0, 1.0 ], [ -0.309017, 0.5, -0.809017, 0.0, 0.5, 0.809017, 0.309017, 0.0, 0.809017, -0.309017, -0.5, 0.0, 0.0, 0.0, 0.0, 1.0 ], [ 0.809017, -0.309017, -0.5, 0.0, -0.309017, 0.5, -0.809017, 0.0, 0.5, 0.809017, 0.309017, 0.0, 0.0, 0.0, 0.0, 1.0 ], [ 0.5, 0.809017, -0.309017, 0.0, 0.809017, -0.309017, 0.5, 0.0, 0.309017, -0.5, -0.809017, 0.0, 0.0, 0.0, 0.0, 1.0 ], [ 0.309017, -0.5, -0.809017, 0.0, 0.5, 0.809017, -0.309017, 0.0, 0.809017, -0.309017, 0.5, 0.0, 0.0, 0.0, 0.0, 1.0 ], [ 0.809017, -0.309017, 0.5, 0.0, 0.309017, -0.5, -0.809017, 0.0, 0.5, 0.809017, -0.309017, 0.0, 0.0, 0.0, 0.0, 1.0 ], [ 0.809017, 0.309017, -0.5, 0.0, 0.309017, 0.5, 0.809017, 0.0, 0.5, -0.809017, 0.309017, 0.0, 0.0, 0.0, 0.0, 1.0 ], [ 0.5, -0.809017, 0.309017, 0.0, 0.809017, 0.309017, -0.5, 0.0, 0.309017, 0.5, 0.809017, 0.0, 0.0, 0.0, 0.0, 1.0 ], [ 0.309017, 0.5, 0.809017, 0.0, 0.5, -0.809017, 0.309017, 0.0, 0.809017, 0.309017, -0.5, 0.0, 0.0, 0.0, 0.0, 1.0 ], [ 1.0, 0.0, 0.0, 0.0, 0.0, -1.0, 0.0, 0.0, 0.0, 0.0, -1.0, 0.0, 0.0, 0.0, 0.0, 1.0 ], [ 0.0, 0.0, 1.0, 0.0, -1.0, 0.0, 0.0, 0.0, 0.0, -1.0, 0.0, 0.0, 0.0, 0.0, 0.0, 1.0 ], [ 0.0, 1.0, 0.0, 0.0, 0.0, 0.0, -1.0, 0.0, -1.0, 0.0, 0.0, 0.0, 0.0, 0.0, 0.0, 1.0 ], [ 0.809017, 0.309017, 0.5, 0.0, -0.309017, -0.5, 0.809017, 0.0, 0.5, -0.809017, -0.309017, 0.0, 0.0, 0.0, 0.0, 1.0 ], [ -0.5, 0.809017, 0.309017, 0.0, -0.809017, -0.309017, -0.5, 0.0, -0.309017, -0.5, 0.809017, 0.0, 0.0, 0.0, 0.0, 1.0 ], [ 0.309017, 0.5, -0.809017, 0.0, 0.5, -0.809017, -0.309017, 0.0, -0.809017, -0.309017, -0.5, 0.0, 0.0, 0.0, 0.0, 1.0 ], [ 0.5, 0.809017, 0.309017, 0.0, -0.809017, 0.309017, 0.5, 0.0, 0.309017, -0.5, 0.809017, 0.0, 0.0, 0.0, 0.0, 1.0 ], [ -0.309017, 0.5, -0.809017, 0.0, -0.5, -0.809017, -0.309017, 0.0, -0.809017, 0.309017, 0.5, 0.0, 0.0, 0.0, 0.0, 1.0 ], [ 0.809017, -0.309017, -0.5, 0.0, 0.309017, -0.5, 0.809017, 0.0, -0.5, -0.809017, -0.309017, 0.0, 0.0, 0.0, 0.0, 1.0 ], [ 0.5, 0.809017, -0.309017, 0.0, -0.809017, 0.309017, -0.5, 0.0, -0.309017, 0.5, 0.809017, 0.0, 0.0, 0.0, 0.0, 1.0 ], [ 0.309017, -0.5, -0.809017, 0.0, -0.5, -0.809017, 0.309017, 0.0, -0.809017, 0.309017, -0.5, 0.0, 0.0, 0.0, 0.0, 1.0 ], [ 0.809017, -0.309017, 0.5, 0.0, -0.309017, 0.5, 0.809017, 0.0, -0.5, -0.809017, 0.309017, 0.0, 0.0, 0.0, 0.0, 1.0 ], [ 0.809017, 0.309017, -0.5, 0.0, -0.309017, -0.5, -0.809017, 0.0, -0.5, 0.809017, -0.309017, 0.0, 0.0, 0.0, 0.0, 1.0 ], [ 0.5, -0.809017, 0.309017, 0.0, -0.809017, -0.309017, 0.5, 0.0, -0.309017, -0.5, -0.809017, 0.0, 0.0, 0.0, 0.0, 1.0 ], [ 0.309017, 0.5, 0.809017, 0.0, -0.5, 0.809017, -0.309017, 0.0, -0.809017, -0.309017, 0.5, 0.0, 0.0, 0.0, 0.0, 1.0 ], [ -1.0, 0.0, 0.0, 0.0, 0.0, -1.0, 0.0, 0.0, 0.0, 0.0, 1.0, 0.0, 0.0, 0.0, 0.0, 1.0 ], [ 0.0, 0.0, -1.0, 0.0, -1.0, 0.0, 0.0, 0.0, 0.0, 1.0, 0.0, 0.0, 0.0, 0.0, 0.0, 1.0 ], [ 0.0, -1.0, 0.0, 0.0, 0.0, 0.0, -1.0, 0.0, 1.0, 0.0, 0.0, 0.0, 0.0, 0.0, 0.0, 1.0 ], [ -0.809017, -0.309017, -0.5, 0.0, -0.309017, -0.5, 0.809017, 0.0, -0.5, 0.809017, 0.309017, 0.0, 0.0, 0.0, 0.0, 1.0 ], [ 0.5, -0.809017, -0.309017, 0.0, -0.809017, -0.309017, -0.5, 0.0, 0.309017, 0.5, -0.809017, 0.0, 0.0, 0.0, 0.0, 1.0 ], [ -0.309017, -0.5, 0.809017, 0.0, 0.5, -0.809017, -0.309017, 0.0, 0.809017, 0.309017, 0.5, 0.0, 0.0, 0.0, 0.0, 1.0 ], [ -0.5, -0.809017, -0.309017, 0.0, -0.809017, 0.309017, 0.5, 0.0, -0.309017, 0.5, -0.809017, 0.0, 0.0, 0.0, 0.0, 1.0 ], [ 0.309017, -0.5, 0.809017, 0.0, -0.5, -0.809017, -0.309017, 0.0, 0.809017, -0.309017, -0.5, 0.0, 0.0, 0.0, 0.0, 1.0 ], [ -0.809017, 0.309017, 0.5, 0.0, 0.309017, -0.5, 0.809017, 0.0, 0.5, 0.809017, 0.309017, 0.0, 0.0, 0.0, 0.0, 1.0 ], [ -0.5, -0.809017, 0.309017, 0.0, -0.809017, 0.309017, -0.5, 0.0, 0.309017, -0.5, -0.809017, 0.0, 0.0, 0.0, 0.0, 1.0 ], [ -0.309017, 0.5, 0.809017, 0.0, -0.5, -0.809017, 0.309017, 0.0, 0.809017, -0.309017, 0.5, 0.0, 0.0, 0.0, 0.0, 1.0 ], [ -0.809017, 0.309017, -0.5, 0.0, -0.309017, 0.5, 0.809017, 0.0, 0.5, 0.809017, -0.309017, 0.0, 0.0, 0.0, 0.0, 1.0 ], [ -0.809017, -0.309017, 0.5, 0.0, -0.309017, -0.5, -0.809017, 0.0, 0.5, -0.809017, 0.309017, 0.0, 0.0, 0.0, 0.0, 1.0 ], [ -0.5, 0.809017, -0.309017, 0.0, -0.809017, -0.309017, 0.5, 0.0, 0.309017, 0.5, 0.809017, 0.0, 0.0, 0.0, 0.0, 1.0 ], [ -0.309017, -0.5, -0.809017, 0.0, -0.5, 0.809017, -0.309017, 0.0, 0.809017, 0.309017, -0.5, 0.0, 0.0, 0.0, 0.0, 1.0 ], [ -1.0, 0.0, 0.0, 0.0, 0.0, 1.0, 0.0, 0.0, 0.0, 0.0, -1.0, 0.0, 0.0, 0.0, 0.0, 1.0 ], [ 0.0, 0.0, -1.0, 0.0, 1.0, 0.0, 0.0, 0.0, 0.0, -1.0, 0.0, 0.0, 0.0, 0.0, 0.0, 1.0 ], [ 0.0, -1.0, 0.0, 0.0, 0.0, 0.0, 1.0, 0.0, -1.0, 0.0, 0.0, 0.0, 0.0, 0.0, 0.0, 1.0 ], [ -0.809017, -0.309017, -0.5, 0.0, 0.309017, 0.5, -0.809017, 0.0, 0.5, -0.809017, -0.309017, 0.0, 0.0, 0.0, 0.0, 1.0 ], [ 0.5, -0.809017, -0.309017, 0.0, 0.809017, 0.309017, 0.5, 0.0, -0.309017, -0.5, 0.809017, 0.0, 0.0, 0.0, 0.0, 1.0 ], [ -0.309017, -0.5, 0.809017, 0.0, -0.5, 0.809017, 0.309017, 0.0, -0.809017, -0.309017, -0.5, 0.0, 0.0, 0.0, 0.0, 1.0 ], [ -0.5, -0.809017, -0.309017, 0.0, 0.809017, -0.309017, -0.5, 0.0, 0.309017, -0.5, 0.809017, 0.0, 0.0, 0.0, 0.0, 1.0 ], [ 0.309017, -0.5, 0.809017, 0.0, 0.5, 0.809017, 0.309017, 0.0, -0.809017, 0.309017, 0.5, 0.0, 0.0, 0.0, 0.0, 1.0 ], [ -0.809017, 0.309017, 0.5, 0.0, -0.309017, 0.5, -0.809017, 0.0, -0.5, -0.809017, -0.309017, 0.0, 0.0, 0.0, 0.0, 1.0 ], [ -0.5, -0.809017, 0.309017, 0.0, 0.809017, -0.309017, 0.5, 0.0, -0.309017, 0.5, 0.809017, 0.0, 0.0, 0.0, 0.0, 1.0 ], [ -0.309017, 0.5, 0.809017, 0.0, 0.5, 0.809017, -0.309017, 0.0, -0.809017, 0.309017, -0.5, 0.0, 0.0, 0.0, 0.0, 1.0 ], [ -0.809017, 0.309017, -0.5, 0.0, 0.309017, -0.5, -0.809017, 0.0, -0.5, -0.809017, 0.309017, 0.0, 0.0, 0.0, 0.0, 1.0 ], [ -0.809017, -0.309017, 0.5, 0.0, 0.309017, 0.5, 0.809017, 0.0, -0.5, 0.809017, -0.309017, 0.0, 0.0, 0.0, 0.0, 1.0 ], [ -0.5, 0.809017, -0.309017, 0.0, 0.809017, 0.309017, -0.5, 0.0, -0.309017, -0.5, -0.809017, 0.0, 0.0, 0.0, 0.0, 1.0 ], [ -0.309017, -0.5, -0.809017, 0.0, 0.5, -0.809017, 0.309017, 0.0, -0.809017, -0.309017, 0.5, 0.0, 0.0, 0.0, 0.0, 1.0 ] ],
  "lights" : {
    "ambientColor" : "#292929",
    "backgroundColor" : "#3D4E5B",
    "directionalLights" : [ {
      "direction" : [ 1.0, -1.0, -1.0 ],
      "color" : "#EBEBE4"
    }, {
      "direction" : [ -1.0, 0.0, 0.0 ],
      "color" : "#E4E4EB"
    }, {
      "direction" : [ 0.0, 0.0, -1.0 ],
      "color" : "#1E1E1E"
    } ]
  },
  "camera" : {
    "lookDirection" : {
      "x" : -0.017015887,
      "y" : -0.98835623,
      "z" : -0.1512
    },
    "upDirection" : {
      "x" : 0.6896927,
      "y" : 0.09788392,
      "z" : -0.71745646
    },
    "lookAtPoint" : {
      "x" : 0.0,
      "y" : 0.0,
      "z" : 0.0
    },
    "viewDistance" : 202.12361,
    "nearClipDistance" : 0.5053089,
    "farClipDistance" : 404.24695,
    "fieldOfView" : 0.4426288,
    "perspective" : true,
    "stereo" : false,
    "width" : 90.955605,
    "position" : {
      "x" : 3.4393127,
      "y" : 199.77013,
      "z" : 30.561089
    }
  },
  "embedding" : [ 1.0, 0.0, 0.0, 0.0, 0.0, 1.0, 0.0, 0.0, 0.0, 0.0, 1.0, 0.0, 0.0, 0.0, 0.0, 1.0 ],
  "shapes" : [ {
    "id" : "df68cc58-837a-4cae-b42b-6eda03129edd",
    "vertices" : [ {
      "x" : -2.618034,
      "y" : 2.618034,
      "z" : 19.562305
    }, {
      "x" : -2.618034,
      "y" : -2.618034,
      "z" : 19.562305
    }, {
      "x" : 2.618034,
      "y" : -2.618034,
      "z" : 19.562305
    }, {
      "x" : 2.618034,
      "y" : 2.618034,
      "z" : 19.562305
    } ],
    "faces" : [ {
      "vertices" : [ 0, 1, 2 ]
    }, {
      "vertices" : [ 0, 2, 3 ]
    }, {
      "vertices" : [ 0, 3, 2 ]
    }, {
      "vertices" : [ 0, 2, 1 ]
    } ]
  }, {
    "id" : "3b462946-84bc-4b7d-9788-a953ddbad4df",
    "vertices" : [ {
      "x" : -2.618034,
      "y" : -19.562305,
      "z" : -2.618034
    }, {
      "x" : -6.854102,
      "y" : -17.944271,
      "z" : -5.236068
    }, {
      "x" : -8.472136,
      "y" : -15.326238,
      "z" : -9.472136
    }, {
      "x" : -6.854102,
      "y" : -12.708204,
      "z" : -13.708204
    }, {
      "x" : -2.618034,
      "y" : -11.09017,
      "z" : -16.326239
    }, {
      "x" : 2.618034,
      "y" : -11.09017,
      "z" : -16.326239
    }, {
      "x" : 6.854102,
      "y" : -12.708204,
      "z" : -13.708204
    }, {
      "x" : 8.472136,
      "y" : -15.326238,
      "z" : -9.472136
    }, {
      "x" : 6.854102,
      "y" : -17.944271,
      "z" : -5.236068
    }, {
      "x" : 2.618034,
      "y" : -19.562305,
      "z" : -2.618034
    } ],
    "faces" : [ {
      "vertices" : [ 0, 1, 2 ]
    }, {
      "vertices" : [ 0, 2, 3 ]
    }, {
      "vertices" : [ 0, 3, 4 ]
    }, {
      "vertices" : [ 0, 4, 5 ]
    }, {
      "vertices" : [ 0, 5, 6 ]
    }, {
      "vertices" : [ 0, 6, 7 ]
    }, {
      "vertices" : [ 0, 7, 8 ]
    }, {
      "vertices" : [ 0, 8, 9 ]
    }, {
      "vertices" : [ 0, 9, 8 ]
    }, {
      "vertices" : [ 0, 8, 7 ]
    }, {
      "vertices" : [ 0, 7, 6 ]
    }, {
      "vertices" : [ 0, 6, 5 ]
    }, {
      "vertices" : [ 0, 5, 4 ]
    }, {
      "vertices" : [ 0, 4, 3 ]
    }, {
      "vertices" : [ 0, 3, 2 ]
    }, {
      "vertices" : [ 0, 2, 1 ]
    } ]
  }, {
    "id" : "721a5328-68a8-4e13-a2ad-cf09652f56de",
    "vertices" : [ {
      "x" : -2.618034,
      "y" : 2.618034,
      "z" : 19.562305
    }, {
      "x" : -5.236068,
      "y" : 6.854102,
      "z" : 17.944271
    }, {
      "x" : -9.472136,
      "y" : 8.472136,
      "z" : 15.326238
    }, {
      "x" : -13.708204,
      "y" : 6.854102,
      "z" : 12.708204
    }, {
      "x" : -16.326239,
      "y" : 2.618034,
      "z" : 11.09017
    }, {
      "x" : -16.326239,
      "y" : -2.618034,
      "z" : 11.09017
    }, {
      "x" : -13.708204,
      "y" : -6.854102,
      "z" : 12.708204
    }, {
      "x" : -9.472136,
      "y" : -8.472136,
      "z" : 15.326238
    }, {
      "x" : -5.236068,
      "y" : -6.854102,
      "z" : 17.944271
    }, {
      "x" : -2.618034,
      "y" : -2.618034,
      "z" : 19.562305
    } ],
    "faces" : [ {
      "vertices" : [ 0, 1, 2 ]
    }, {
      "vertices" : [ 0, 2, 3 ]
    }, {
      "vertices" : [ 0, 3, 4 ]
    }, {
      "vertices" : [ 0, 4, 5 ]
    }, {
      "vertices" : [ 0, 5, 6 ]
    }, {
      "vertices" : [ 0, 6, 7 ]
    }, {
      "vertices" : [ 0, 7, 8 ]
    }, {
      "vertices" : [ 0, 8, 9 ]
    }, {
      "vertices" : [ 0, 9, 8 ]
    }, {
      "vertices" : [ 0, 8, 7 ]
    }, {
      "vertices" : [ 0, 7, 6 ]
    }, {
      "vertices" : [ 0, 6, 5 ]
    }, {
      "vertices" : [ 0, 5, 4 ]
    }, {
      "vertices" : [ 0, 4, 3 ]
    }, {
      "vertices" : [ 0, 3, 2 ]
    }, {
      "vertices" : [ 0, 2, 1 ]
    } ]
  }, {
    "id" : "8269d57c-c525-4c1b-b1e1-bcce97eef9dc",
    "vertices" : [ {
      "x" : -12.708204,
      "y" : 13.708204,
      "z" : -6.854102
    }, {
      "x" : -11.09017,
      "y" : 16.326239,
      "z" : -2.618034
    }, {
      "x" : -6.854102,
      "y" : 17.944271,
      "z" : -5.236068
    }, {
      "x" : -8.472136,
      "y" : 15.326238,
      "z" : -9.472136
    } ],
    "faces" : [ {
      "vertices" : [ 0, 1, 2 ]
    }, {
      "vertices" : [ 0, 2, 3 ]
    }, {
      "vertices" : [ 0, 3, 2 ]
    }, {
      "vertices" : [ 0, 2, 1 ]
    } ]
  }, {
    "id" : "31518b46-469f-4115-bc27-5677d0b96f17",
    "vertices" : [ {
      "x" : 2.618034,
      "y" : 11.09017,
      "z" : 16.326239
    }, {
      "x" : 6.854102,
      "y" : 12.708204,
      "z" : 13.708204
    }, {
      "x" : 8.472136,
      "y" : 15.326238,
      "z" : 9.472136
    }, {
      "x" : 6.854102,
      "y" : 17.944271,
      "z" : 5.236068
    }, {
      "x" : 2.618034,
      "y" : 19.562305,
      "z" : 2.618034
    }, {
      "x" : -2.618034,
      "y" : 19.562305,
      "z" : 2.618034
    }, {
      "x" : -6.854102,
      "y" : 17.944271,
      "z" : 5.236068
    }, {
      "x" : -8.472136,
      "y" : 15.326238,
      "z" : 9.472136
    }, {
      "x" : -6.854102,
      "y" : 12.708204,
      "z" : 13.708204
    }, {
      "x" : -2.618034,
      "y" : 11.09017,
      "z" : 16.326239
    } ],
    "faces" : [ {
      "vertices" : [ 0, 1, 2 ]
    }, {
      "vertices" : [ 0, 2, 3 ]
    }, {
      "vertices" : [ 0, 3, 4 ]
    }, {
      "vertices" : [ 0, 4, 5 ]
    }, {
      "vertices" : [ 0, 5, 6 ]
    }, {
      "vertices" : [ 0, 6, 7 ]
    }, {
      "vertices" : [ 0, 7, 8 ]
    }, {
      "vertices" : [ 0, 8, 9 ]
    }, {
      "vertices" : [ 0, 9, 8 ]
    }, {
      "vertices" : [ 0, 8, 7 ]
    }, {
      "vertices" : [ 0, 7, 6 ]
    }, {
      "vertices" : [ 0, 6, 5 ]
    }, {
      "vertices" : [ 0, 5, 4 ]
    }, {
      "vertices" : [ 0, 4, 3 ]
    }, {
      "vertices" : [ 0, 3, 2 ]
    }, {
      "vertices" : [ 0, 2, 1 ]
    } ]
  }, {
    "id" : "311e7a89-e186-481b-a526-658983a51fdc",
    "vertices" : [ {
      "x" : 16.326239,
      "y" : 2.618034,
      "z" : 11.09017
    }, {
      "x" : 17.944271,
      "y" : 5.236068,
      "z" : 6.854102
    }, {
      "x" : 15.326238,
      "y" : 9.472136,
      "z" : 8.472136
    }, {
      "x" : 13.708204,
      "y" : 6.854102,
      "z" : 12.708204
    } ],
    "faces" : [ {
      "vertices" : [ 0, 1, 2 ]
    }, {
      "vertices" : [ 0, 2, 3 ]
    }, {
      "vertices" : [ 0, 3, 2 ]
    }, {
      "vertices" : [ 0, 2, 1 ]
    } ]
  }, {
    "id" : "25802612-87b4-434d-abf5-d5f0d04b2e3b",
    "vertices" : [ {
      "x" : 2.618034,
      "y" : -19.562305,
      "z" : 2.618034
    }, {
      "x" : 2.618034,
      "y" : -19.562305,
      "z" : -2.618034
    }, {
      "x" : 6.854102,
      "y" : -17.944271,
      "z" : -5.236068
    }, {
      "x" : 11.09017,
      "y" : -16.326239,
      "z" : -2.618034
    }, {
      "x" : 11.09017,
      "y" : -16.326239,
      "z" : 2.618034
    }, {
      "x" : 6.854102,
      "y" : -17.944271,
      "z" : 5.236068
    } ],
    "faces" : [ {
      "vertices" : [ 0, 1, 2 ]
    }, {
      "vertices" : [ 0, 2, 3 ]
    }, {
      "vertices" : [ 0, 3, 4 ]
    }, {
      "vertices" : [ 0, 4, 5 ]
    }, {
      "vertices" : [ 0, 5, 4 ]
    }, {
      "vertices" : [ 0, 4, 3 ]
    }, {
      "vertices" : [ 0, 3, 2 ]
    }, {
      "vertices" : [ 0, 2, 1 ]
    } ]
  }, {
    "id" : "f18d35cd-7d8f-441c-b8f4-3fde6f1fd185",
    "vertices" : [ {
      "x" : -15.326238,
      "y" : -9.472136,
      "z" : 8.472136
    }, {
      "x" : -13.708204,
      "y" : -6.854102,
      "z" : 12.708204
    }, {
      "x" : -16.326239,
      "y" : -2.618034,
      "z" : 11.09017
    }, {
      "x" : -17.944271,
      "y" : -5.236068,
      "z" : 6.854102
    } ],
    "faces" : [ {
      "vertices" : [ 0, 1, 2 ]
    }, {
      "vertices" : [ 0, 2, 3 ]
    }, {
      "vertices" : [ 0, 3, 2 ]
    }, {
      "vertices" : [ 0, 2, 1 ]
    } ]
  }, {
    "id" : "39ef65a7-3833-4f2e-8cfa-fd102260fb83",
    "vertices" : [ {
      "x" : 5.236068,
      "y" : 6.854102,
      "z" : 17.944271
    }, {
      "x" : 9.472136,
      "y" : 8.472136,
      "z" : 15.326238
    }, {
      "x" : 6.854102,
      "y" : 12.708204,
      "z" : 13.708204
    }, {
      "x" : 2.618034,
      "y" : 11.09017,
      "z" : 16.326239
    } ],
    "faces" : [ {
      "vertices" : [ 0, 1, 2 ]
    }, {
      "vertices" : [ 0, 2, 3 ]
    }, {
      "vertices" : [ 0, 3, 2 ]
    }, {
      "vertices" : [ 0, 2, 1 ]
    } ]
  }, {
    "id" : "ef9a9acb-2f7f-418e-a0ed-7764f001138c",
    "vertices" : [ {
      "x" : 2.618034,
      "y" : -19.562305,
      "z" : 2.618034
    }, {
      "x" : 6.854102,
      "y" : -17.944271,
      "z" : 5.236068
    }, {
      "x" : 8.472136,
      "y" : -15.326238,
      "z" : 9.472136
    }, {
      "x" : 6.854102,
      "y" : -12.708204,
      "z" : 13.708204
    }, {
      "x" : 2.618034,
      "y" : -11.09017,
      "z" : 16.326239
    }, {
      "x" : -2.618034,
      "y" : -11.09017,
      "z" : 16.326239
    }, {
      "x" : -6.854102,
      "y" : -12.708204,
      "z" : 13.708204
    }, {
      "x" : -8.472136,
      "y" : -15.326238,
      "z" : 9.472136
    }, {
      "x" : -6.854102,
      "y" : -17.944271,
      "z" : 5.236068
    }, {
      "x" : -2.618034,
      "y" : -19.562305,
      "z" : 2.618034
    } ],
    "faces" : [ {
      "vertices" : [ 0, 1, 2 ]
    }, {
      "vertices" : [ 0, 2, 3 ]
    }, {
      "vertices" : [ 0, 3, 4 ]
    }, {
      "vertices" : [ 0, 4, 5 ]
    }, {
      "vertices" : [ 0, 5, 6 ]
    }, {
      "vertices" : [ 0, 6, 7 ]
    }, {
      "vertices" : [ 0, 7, 8 ]
    }, {
      "vertices" : [ 0, 8, 9 ]
    }, {
      "vertices" : [ 0, 9, 8 ]
    }, {
      "vertices" : [ 0, 8, 7 ]
    }, {
      "vertices" : [ 0, 7, 6 ]
    }, {
      "vertices" : [ 0, 6, 5 ]
    }, {
      "vertices" : [ 0, 5, 4 ]
    }, {
      "vertices" : [ 0, 4, 3 ]
    }, {
      "vertices" : [ 0, 3, 2 ]
    }, {
      "vertices" : [ 0, 2, 1 ]
    } ]
  }, {
    "id" : "484767c2-e47e-4b05-b644-bd093dbe3065",
    "vertices" : [ {
      "x" : 8.472136,
      "y" : 15.326238,
      "z" : -9.472136
    }, {
      "x" : 6.854102,
      "y" : 17.944271,
      "z" : -5.236068
    }, {
      "x" : 11.09017,
      "y" : 16.326239,
      "z" : -2.618034
    }, {
      "x" : 12.708204,
      "y" : 13.708204,
      "z" : -6.854102
    } ],
    "faces" : [ {
      "vertices" : [ 0, 1, 2 ]
    }, {
      "vertices" : [ 0, 2, 3 ]
    }, {
      "vertices" : [ 0, 3, 2 ]
    }, {
      "vertices" : [ 0, 2, 1 ]
    } ]
  }, {
    "id" : "eb8362f6-76d5-423e-aa68-85a71c98284c",
    "vertices" : [ {
      "x" : 2.618034,
      "y" : -19.562305,
      "z" : 2.618034
    }, {
      "x" : -2.618034,
      "y" : -19.562305,
      "z" : 2.618034
    }, {
      "x" : -2.618034,
      "y" : -19.562305,
      "z" : -2.618034
    }, {
      "x" : 2.618034,
      "y" : -19.562305,
      "z" : -2.618034
    } ],
    "faces" : [ {
      "vertices" : [ 0, 1, 2 ]
    }, {
      "vertices" : [ 0, 2, 3 ]
    }, {
      "vertices" : [ 0, 3, 2 ]
    }, {
      "vertices" : [ 0, 2, 1 ]
    } ]
  }, {
    "id" : "8190b83f-e00f-42ef-9c87-df25f4a95beb",
    "vertices" : [ {
      "x" : 19.562305,
      "y" : -2.618034,
      "z" : -2.618034
    }, {
      "x" : 19.562305,
      "y" : 2.618034,
      "z" : -2.618034
    }, {
      "x" : 19.562305,
      "y" : 2.618034,
      "z" : 2.618034
    }, {
      "x" : 19.562305,
      "y" : -2.618034,
      "z" : 2.618034
    } ],
    "faces" : [ {
      "vertices" : [ 0, 1, 2 ]
    }, {
      "vertices" : [ 0, 2, 3 ]
    }, {
      "vertices" : [ 0, 3, 2 ]
    }, {
      "vertices" : [ 0, 2, 1 ]
    } ]
  }, {
    "id" : "871f4677-ac07-4455-beb7-96f86e43d0ac",
    "vertices" : [ {
      "x" : -8.472136,
      "y" : -15.326238,
      "z" : 9.472136
    }, {
      "x" : -6.854102,
      "y" : -12.708204,
      "z" : 13.708204
    }, {
      "x" : -9.472136,
      "y" : -8.472136,
      "z" : 15.326238
    }, {
      "x" : -13.708204,
      "y" : -6.854102,
      "z" : 12.708204
    }, {
      "x" : -15.326238,
      "y" : -9.472136,
      "z" : 8.472136
    }, {
      "x" : -12.708204,
      "y" : -13.708204,
      "z" : 6.854102
    } ],
    "faces" : [ {
      "vertices" : [ 0, 1, 2 ]
    }, {
      "vertices" : [ 0, 2, 3 ]
    }, {
      "vertices" : [ 0, 3, 4 ]
    }, {
      "vertices" : [ 0, 4, 5 ]
    }, {
      "vertices" : [ 0, 5, 4 ]
    }, {
      "vertices" : [ 0, 4, 3 ]
    }, {
      "vertices" : [ 0, 3, 2 ]
    }, {
      "vertices" : [ 0, 2, 1 ]
    } ]
  }, {
    "id" : "e6576a76-342c-4854-a31a-6c7ee88e588d",
    "vertices" : [ {
      "x" : 2.618034,
      "y" : -11.09017,
      "z" : 16.326239
    }, {
      "x" : 6.854102,
      "y" : -12.708204,
      "z" : 13.708204
    }, {
      "x" : 9.472136,
      "y" : -8.472136,
      "z" : 15.326238
    }, {
      "x" : 5.236068,
      "y" : -6.854102,
      "z" : 17.944271
    } ],
    "faces" : [ {
      "vertices" : [ 0, 1, 2 ]
    }, {
      "vertices" : [ 0, 2, 3 ]
    }, {
      "vertices" : [ 0, 3, 2 ]
    }, {
      "vertices" : [ 0, 2, 1 ]
    } ]
  }, {
    "id" : "4bfe74b5-dbb6-4b73-afbb-06dc83ccd920",
    "vertices" : [ {
      "x" : 13.708204,
      "y" : -6.854102,
      "z" : 12.708204
    }, {
      "x" : 15.326238,
      "y" : -9.472136,
      "z" : 8.472136
    }, {
      "x" : 17.944271,
      "y" : -5.236068,
      "z" : 6.854102
    }, {
      "x" : 16.326239,
      "y" : -2.618034,
      "z" : 11.09017
    } ],
    "faces" : [ {
      "vertices" : [ 0, 1, 2 ]
    }, {
      "vertices" : [ 0, 2, 3 ]
    }, {
      "vertices" : [ 0, 3, 2 ]
    }, {
      "vertices" : [ 0, 2, 1 ]
    } ]
  }, {
    "id" : "968605e7-5626-433c-899c-55e791519b3e",
    "vertices" : [ {
      "x" : 8.472136,
      "y" : -15.326238,
      "z" : 9.472136
    }, {
      "x" : 12.708204,
      "y" : -13.708204,
      "z" : 6.854102
    }, {
      "x" : 15.326238,
      "y" : -9.472136,
      "z" : 8.472136
    }, {
      "x" : 13.708204,
      "y" : -6.854102,
      "z" : 12.708204
    }, {
      "x" : 9.472136,
      "y" : -8.472136,
      "z" : 15.326238
    }, {
      "x" : 6.854102,
      "y" : -12.708204,
      "z" : 13.708204
    } ],
    "faces" : [ {
      "vertices" : [ 0, 1, 2 ]
    }, {
      "vertices" : [ 0, 2, 3 ]
    }, {
      "vertices" : [ 0, 3, 4 ]
    }, {
      "vertices" : [ 0, 4, 5 ]
    }, {
      "vertices" : [ 0, 5, 4 ]
    }, {
      "vertices" : [ 0, 4, 3 ]
    }, {
      "vertices" : [ 0, 3, 2 ]
    }, {
      "vertices" : [ 0, 2, 1 ]
    } ]
  }, {
    "id" : "9d43bf8d-87c3-495f-be41-982473ff3064",
    "vertices" : [ {
      "x" : -5.236068,
      "y" : -6.854102,
      "z" : 17.944271
    }, {
      "x" : -9.472136,
      "y" : -8.472136,
      "z" : 15.326238
    }, {
      "x" : -6.854102,
      "y" : -12.708204,
      "z" : 13.708204
    }, {
      "x" : -2.618034,
      "y" : -11.09017,
      "z" : 16.326239
    } ],
    "faces" : [ {
      "vertices" : [ 0, 1, 2 ]
    }, {
      "vertices" : [ 0, 2, 3 ]
    }, {
      "vertices" : [ 0, 3, 2 ]
    }, {
      "vertices" : [ 0, 2, 1 ]
    } ]
  }, {
    "id" : "e5e17bd7-2769-4c32-9dca-8e386c8d6879",
    "vertices" : [ {
      "x" : -9.472136,
      "y" : 8.472136,
      "z" : 15.326238
    }, {
      "x" : -6.854102,
      "y" : 12.708204,
      "z" : 13.708204
    }, {
      "x" : -8.472136,
      "y" : 15.326238,
      "z" : 9.472136
    }, {
      "x" : -12.708204,
      "y" : 13.708204,
      "z" : 6.854102
    }, {
      "x" : -15.326238,
      "y" : 9.472136,
      "z" : 8.472136
    }, {
      "x" : -13.708204,
      "y" : 6.854102,
      "z" : 12.708204
    } ],
    "faces" : [ {
      "vertices" : [ 0, 1, 2 ]
    }, {
      "vertices" : [ 0, 2, 3 ]
    }, {
      "vertices" : [ 0, 3, 4 ]
    }, {
      "vertices" : [ 0, 4, 5 ]
    }, {
      "vertices" : [ 0, 5, 4 ]
    }, {
      "vertices" : [ 0, 4, 3 ]
    }, {
      "vertices" : [ 0, 3, 2 ]
    }, {
      "vertices" : [ 0, 2, 1 ]
    } ]
  }, {
    "id" : "cf0b8044-2ff0-40dc-8289-6d96d4a174ed",
    "vertices" : [ {
      "x" : -5.236068,
      "y" : -6.854102,
      "z" : 17.944271
    }, {
      "x" : -2.618034,
      "y" : -11.09017,
      "z" : 16.326239
    }, {
      "x" : 2.618034,
      "y" : -11.09017,
      "z" : 16.326239
    }, {
      "x" : 5.236068,
      "y" : -6.854102,
      "z" : 17.944271
    }, {
      "x" : 2.618034,
      "y" : -2.618034,
      "z" : 19.562305
    }, {
      "x" : -2.618034,
      "y" : -2.618034,
      "z" : 19.562305
    } ],
    "faces" : [ {
      "vertices" : [ 0, 1, 2 ]
    }, {
      "vertices" : [ 0, 2, 3 ]
    }, {
      "vertices" : [ 0, 3, 4 ]
    }, {
      "vertices" : [ 0, 4, 5 ]
    }, {
      "vertices" : [ 0, 5, 4 ]
    }, {
      "vertices" : [ 0, 4, 3 ]
    }, {
      "vertices" : [ 0, 3, 2 ]
    }, {
      "vertices" : [ 0, 2, 1 ]
    } ]
  }, {
    "id" : "b75a72b4-7ef7-4a36-8b6a-0b62fdbdf2bc",
    "vertices" : [ {
      "x" : 2.618034,
      "y" : -2.618034,
      "z" : -19.562305
    }, {
      "x" : 5.236068,
      "y" : -6.854102,
      "z" : -17.944271
    }, {
      "x" : 2.618034,
      "y" : -11.09017,
      "z" : -16.326239
    }, {
      "x" : -2.618034,
      "y" : -11.09017,
      "z" : -16.326239
    }, {
      "x" : -5.236068,
      "y" : -6.854102,
      "z" : -17.944271
    }, {
      "x" : -2.618034,
      "y" : -2.618034,
      "z" : -19.562305
    } ],
    "faces" : [ {
      "vertices" : [ 0, 1, 2 ]
    }, {
      "vertices" : [ 0, 2, 3 ]
    }, {
      "vertices" : [ 0, 3, 4 ]
    }, {
      "vertices" : [ 0, 4, 5 ]
    }, {
      "vertices" : [ 0, 5, 4 ]
    }, {
      "vertices" : [ 0, 4, 3 ]
    }, {
      "vertices" : [ 0, 3, 2 ]
    }, {
      "vertices" : [ 0, 2, 1 ]
    } ]
  }, {
    "id" : "3d647add-bdfa-48f5-91fa-e78e4f1cbd51",
    "vertices" : [ {
      "x" : -12.708204,
      "y" : -13.708204,
      "z" : -6.854102
    }, {
      "x" : -15.326238,
      "y" : -9.472136,
      "z" : -8.472136
    }, {
      "x" : -13.708204,
      "y" : -6.854102,
      "z" : -12.708204
    }, {
      "x" : -9.472136,
      "y" : -8.472136,
      "z" : -15.326238
    }, {
      "x" : -6.854102,
      "y" : -12.708204,
      "z" : -13.708204
    }, {
      "x" : -8.472136,
      "y" : -15.326238,
      "z" : -9.472136
    } ],
    "faces" : [ {
      "vertices" : [ 0, 1, 2 ]
    }, {
      "vertices" : [ 0, 2, 3 ]
    }, {
      "vertices" : [ 0, 3, 4 ]
    }, {
      "vertices" : [ 0, 4, 5 ]
    }, {
      "vertices" : [ 0, 5, 4 ]
    }, {
      "vertices" : [ 0, 4, 3 ]
    }, {
      "vertices" : [ 0, 3, 2 ]
    }, {
      "vertices" : [ 0, 2, 1 ]
    } ]
  }, {
    "id" : "484de830-202e-4a85-99a0-9a2d97a1f707",
    "vertices" : [ {
      "x" : -11.09017,
      "y" : 16.326239,
      "z" : 2.618034
    }, {
      "x" : -6.854102,
      "y" : 17.944271,
      "z" : 5.236068
    }, {
      "x" : -2.618034,
      "y" : 19.562305,
      "z" : 2.618034
    }, {
      "x" : -2.618034,
      "y" : 19.562305,
      "z" : -2.618034
    }, {
      "x" : -6.854102,
      "y" : 17.944271,
      "z" : -5.236068
    }, {
      "x" : -11.09017,
      "y" : 16.326239,
      "z" : -2.618034
    } ],
    "faces" : [ {
      "vertices" : [ 0, 1, 2 ]
    }, {
      "vertices" : [ 0, 2, 3 ]
    }, {
      "vertices" : [ 0, 3, 4 ]
    }, {
      "vertices" : [ 0, 4, 5 ]
    }, {
      "vertices" : [ 0, 5, 4 ]
    }, {
      "vertices" : [ 0, 4, 3 ]
    }, {
      "vertices" : [ 0, 3, 2 ]
    }, {
      "vertices" : [ 0, 2, 1 ]
    } ]
  }, {
    "id" : "992c1e61-6e00-4062-8b78-3070c04ef934",
    "vertices" : [ {
      "x" : -12.708204,
      "y" : 13.708204,
      "z" : -6.854102
    }, {
      "x" : -15.326238,
      "y" : 9.472136,
      "z" : -8.472136
    }, {
      "x" : -17.944271,
      "y" : 5.236068,
      "z" : -6.854102
    }, {
      "x" : -19.562305,
      "y" : 2.618034,
      "z" : -2.618034
    }, {
      "x" : -19.562305,
      "y" : 2.618034,
      "z" : 2.618034
    }, {
      "x" : -17.944271,
      "y" : 5.236068,
      "z" : 6.854102
    }, {
      "x" : -15.326238,
      "y" : 9.472136,
      "z" : 8.472136
    }, {
      "x" : -12.708204,
      "y" : 13.708204,
      "z" : 6.854102
    }, {
      "x" : -11.09017,
      "y" : 16.326239,
      "z" : 2.618034
    }, {
      "x" : -11.09017,
      "y" : 16.326239,
      "z" : -2.618034
    } ],
    "faces" : [ {
      "vertices" : [ 0, 1, 2 ]
    }, {
      "vertices" : [ 0, 2, 3 ]
    }, {
      "vertices" : [ 0, 3, 4 ]
    }, {
      "vertices" : [ 0, 4, 5 ]
    }, {
      "vertices" : [ 0, 5, 6 ]
    }, {
      "vertices" : [ 0, 6, 7 ]
    }, {
      "vertices" : [ 0, 7, 8 ]
    }, {
      "vertices" : [ 0, 8, 9 ]
    }, {
      "vertices" : [ 0, 9, 8 ]
    }, {
      "vertices" : [ 0, 8, 7 ]
    }, {
      "vertices" : [ 0, 7, 6 ]
    }, {
      "vertices" : [ 0, 6, 5 ]
    }, {
      "vertices" : [ 0, 5, 4 ]
    }, {
      "vertices" : [ 0, 4, 3 ]
    }, {
      "vertices" : [ 0, 3, 2 ]
    }, {
      "vertices" : [ 0, 2, 1 ]
    } ]
  }, {
    "id" : "3984605b-a0f3-44a5-9eeb-25217a91f20e",
    "vertices" : [ {
      "x" : 17.944271,
      "y" : 5.236068,
      "z" : -6.854102
    }, {
      "x" : 15.326238,
      "y" : 9.472136,
      "z" : -8.472136
    }, {
      "x" : 12.708204,
      "y" : 13.708204,
      "z" : -6.854102
    }, {
      "x" : 11.09017,
      "y" : 16.326239,
      "z" : -2.618034
    }, {
      "x" : 11.09017,
      "y" : 16.326239,
      "z" : 2.618034
    }, {
      "x" : 12.708204,
      "y" : 13.708204,
      "z" : 6.854102
    }, {
      "x" : 15.326238,
      "y" : 9.472136,
      "z" : 8.472136
    }, {
      "x" : 17.944271,
      "y" : 5.236068,
      "z" : 6.854102
    }, {
      "x" : 19.562305,
      "y" : 2.618034,
      "z" : 2.618034
    }, {
      "x" : 19.562305,
      "y" : 2.618034,
      "z" : -2.618034
    } ],
    "faces" : [ {
      "vertices" : [ 0, 1, 2 ]
    }, {
      "vertices" : [ 0, 2, 3 ]
    }, {
      "vertices" : [ 0, 3, 4 ]
    }, {
      "vertices" : [ 0, 4, 5 ]
    }, {
      "vertices" : [ 0, 5, 6 ]
    }, {
      "vertices" : [ 0, 6, 7 ]
    }, {
      "vertices" : [ 0, 7, 8 ]
    }, {
      "vertices" : [ 0, 8, 9 ]
    }, {
      "vertices" : [ 0, 9, 8 ]
    }, {
      "vertices" : [ 0, 8, 7 ]
    }, {
      "vertices" : [ 0, 7, 6 ]
    }, {
      "vertices" : [ 0, 6, 5 ]
    }, {
      "vertices" : [ 0, 5, 4 ]
    }, {
      "vertices" : [ 0, 4, 3 ]
    }, {
      "vertices" : [ 0, 3, 2 ]
    }, {
      "vertices" : [ 0, 2, 1 ]
    } ]
  }, {
    "id" : "7ba0b3eb-49d2-4388-a31d-eec8af81acc6",
    "vertices" : [ {
      "x" : -12.708204,
      "y" : 13.708204,
      "z" : -6.854102
    }, {
      "x" : -8.472136,
      "y" : 15.326238,
      "z" : -9.472136
    }, {
      "x" : -6.854102,
      "y" : 12.708204,
      "z" : -13.708204
    }, {
      "x" : -9.472136,
      "y" : 8.472136,
      "z" : -15.326238
    }, {
      "x" : -13.708204,
      "y" : 6.854102,
      "z" : -12.708204
    }, {
      "x" : -15.326238,
      "y" : 9.472136,
      "z" : -8.472136
    } ],
    "faces" : [ {
      "vertices" : [ 0, 1, 2 ]
    }, {
      "vertices" : [ 0, 2, 3 ]
    }, {
      "vertices" : [ 0, 3, 4 ]
    }, {
      "vertices" : [ 0, 4, 5 ]
    }, {
      "vertices" : [ 0, 5, 4 ]
    }, {
      "vertices" : [ 0, 4, 3 ]
    }, {
      "vertices" : [ 0, 3, 2 ]
    }, {
      "vertices" : [ 0, 2, 1 ]
    } ]
  }, {
    "id" : "c594e99e-017b-4e8d-95b1-b0569398c771",
    "vertices" : [ {
      "x" : -13.708204,
      "y" : 6.854102,
      "z" : -12.708204
    }, {
      "x" : -16.326239,
      "y" : 2.618034,
      "z" : -11.09017
    }, {
      "x" : -17.944271,
      "y" : 5.236068,
      "z" : -6.854102
    }, {
      "x" : -15.326238,
      "y" : 9.472136,
      "z" : -8.472136
    } ],
    "faces" : [ {
      "vertices" : [ 0, 1, 2 ]
    }, {
      "vertices" : [ 0, 2, 3 ]
    }, {
      "vertices" : [ 0, 3, 2 ]
    }, {
      "vertices" : [ 0, 2, 1 ]
    } ]
  }, {
    "id" : "4959c588-e3dd-4ada-ae5a-c22c30d8d44d",
    "vertices" : [ {
      "x" : -12.708204,
      "y" : -13.708204,
      "z" : -6.854102
    }, {
      "x" : -11.09017,
      "y" : -16.326239,
      "z" : -2.618034
    }, {
      "x" : -11.09017,
      "y" : -16.326239,
      "z" : 2.618034
    }, {
      "x" : -12.708204,
      "y" : -13.708204,
      "z" : 6.854102
    }, {
      "x" : -15.326238,
      "y" : -9.472136,
      "z" : 8.472136
    }, {
      "x" : -17.944271,
      "y" : -5.236068,
      "z" : 6.854102
    }, {
      "x" : -19.562305,
      "y" : -2.618034,
      "z" : 2.618034
    }, {
      "x" : -19.562305,
      "y" : -2.618034,
      "z" : -2.618034
    }, {
      "x" : -17.944271,
      "y" : -5.236068,
      "z" : -6.854102
    }, {
      "x" : -15.326238,
      "y" : -9.472136,
      "z" : -8.472136
    } ],
    "faces" : [ {
      "vertices" : [ 0, 1, 2 ]
    }, {
      "vertices" : [ 0, 2, 3 ]
    }, {
      "vertices" : [ 0, 3, 4 ]
    }, {
      "vertices" : [ 0, 4, 5 ]
    }, {
      "vertices" : [ 0, 5, 6 ]
    }, {
      "vertices" : [ 0, 6, 7 ]
    }, {
      "vertices" : [ 0, 7, 8 ]
    }, {
      "vertices" : [ 0, 8, 9 ]
    }, {
      "vertices" : [ 0, 9, 8 ]
    }, {
      "vertices" : [ 0, 8, 7 ]
    }, {
      "vertices" : [ 0, 7, 6 ]
    }, {
      "vertices" : [ 0, 6, 5 ]
    }, {
      "vertices" : [ 0, 5, 4 ]
    }, {
      "vertices" : [ 0, 4, 3 ]
    }, {
      "vertices" : [ 0, 3, 2 ]
    }, {
      "vertices" : [ 0, 2, 1 ]
    } ]
  }, {
    "id" : "0a7e4843-90ad-4332-ba40-7c229cec5c71",
    "vertices" : [ {
      "x" : 5.236068,
      "y" : 6.854102,
      "z" : 17.944271
    }, {
      "x" : 2.618034,
      "y" : 11.09017,
      "z" : 16.326239
    }, {
      "x" : -2.618034,
      "y" : 11.09017,
      "z" : 16.326239
    }, {
      "x" : -5.236068,
      "y" : 6.854102,
      "z" : 17.944271
    }, {
      "x" : -2.618034,
      "y" : 2.618034,
      "z" : 19.562305
    }, {
      "x" : 2.618034,
      "y" : 2.618034,
      "z" : 19.562305
    } ],
    "faces" : [ {
      "vertices" : [ 0, 1, 2 ]
    }, {
      "vertices" : [ 0, 2, 3 ]
    }, {
      "vertices" : [ 0, 3, 4 ]
    }, {
      "vertices" : [ 0, 4, 5 ]
    }, {
      "vertices" : [ 0, 5, 4 ]
    }, {
      "vertices" : [ 0, 4, 3 ]
    }, {
      "vertices" : [ 0, 3, 2 ]
    }, {
      "vertices" : [ 0, 2, 1 ]
    } ]
  }, {
    "id" : "0cae4fef-06c8-4793-afeb-493778b57462",
    "vertices" : [ {
      "x" : 16.326239,
      "y" : -2.618034,
      "z" : -11.09017
    }, {
      "x" : 17.944271,
      "y" : -5.236068,
      "z" : -6.854102
    }, {
      "x" : 15.326238,
      "y" : -9.472136,
      "z" : -8.472136
    }, {
      "x" : 13.708204,
      "y" : -6.854102,
      "z" : -12.708204
    } ],
    "faces" : [ {
      "vertices" : [ 0, 1, 2 ]
    }, {
      "vertices" : [ 0, 2, 3 ]
    }, {
      "vertices" : [ 0, 3, 2 ]
    }, {
      "vertices" : [ 0, 2, 1 ]
    } ]
  }, {
    "id" : "104d3a7b-4bba-4c42-8679-decdc748ec7e",
    "vertices" : [ {
      "x" : 5.236068,
      "y" : 6.854102,
      "z" : -17.944271
    }, {
      "x" : 2.618034,
      "y" : 2.618034,
      "z" : -19.562305
    }, {
      "x" : -2.618034,
      "y" : 2.618034,
      "z" : -19.562305
    }, {
      "x" : -5.236068,
      "y" : 6.854102,
      "z" : -17.944271
    }, {
      "x" : -2.618034,
      "y" : 11.09017,
      "z" : -16.326239
    }, {
      "x" : 2.618034,
      "y" : 11.09017,
      "z" : -16.326239
    } ],
    "faces" : [ {
      "vertices" : [ 0, 1, 2 ]
    }, {
      "vertices" : [ 0, 2, 3 ]
    }, {
      "vertices" : [ 0, 3, 4 ]
    }, {
      "vertices" : [ 0, 4, 5 ]
    }, {
      "vertices" : [ 0, 5, 4 ]
    }, {
      "vertices" : [ 0, 4, 3 ]
    }, {
      "vertices" : [ 0, 3, 2 ]
    }, {
      "vertices" : [ 0, 2, 1 ]
    } ]
  }, {
    "id" : "bf666d41-241f-4d67-be66-666b9c6b6d98",
    "vertices" : [ {
      "x" : 5.236068,
      "y" : 6.854102,
      "z" : -17.944271
    }, {
      "x" : 9.472136,
      "y" : 8.472136,
      "z" : -15.326238
    }, {
      "x" : 13.708204,
      "y" : 6.854102,
      "z" : -12.708204
    }, {
      "x" : 16.326239,
      "y" : 2.618034,
      "z" : -11.09017
    }, {
      "x" : 16.326239,
      "y" : -2.618034,
      "z" : -11.09017
    }, {
      "x" : 13.708204,
      "y" : -6.854102,
      "z" : -12.708204
    }, {
      "x" : 9.472136,
      "y" : -8.472136,
      "z" : -15.326238
    }, {
      "x" : 5.236068,
      "y" : -6.854102,
      "z" : -17.944271
    }, {
      "x" : 2.618034,
      "y" : -2.618034,
      "z" : -19.562305
    }, {
      "x" : 2.618034,
      "y" : 2.618034,
      "z" : -19.562305
    } ],
    "faces" : [ {
      "vertices" : [ 0, 1, 2 ]
    }, {
      "vertices" : [ 0, 2, 3 ]
    }, {
      "vertices" : [ 0, 3, 4 ]
    }, {
      "vertices" : [ 0, 4, 5 ]
    }, {
      "vertices" : [ 0, 5, 6 ]
    }, {
      "vertices" : [ 0, 6, 7 ]
    }, {
      "vertices" : [ 0, 7, 8 ]
    }, {
      "vertices" : [ 0, 8, 9 ]
    }, {
      "vertices" : [ 0, 9, 8 ]
    }, {
      "vertices" : [ 0, 8, 7 ]
    }, {
      "vertices" : [ 0, 7, 6 ]
    }, {
      "vertices" : [ 0, 6, 5 ]
    }, {
      "vertices" : [ 0, 5, 4 ]
    }, {
      "vertices" : [ 0, 4, 3 ]
    }, {
      "vertices" : [ 0, 3, 2 ]
    }, {
      "vertices" : [ 0, 2, 1 ]
    } ]
  }, {
    "id" : "4fc72ab8-fdc8-49e8-a6b3-57673c9b0b2b",
    "vertices" : [ {
      "x" : 2.618034,
      "y" : -2.618034,
      "z" : -19.562305
    }, {
      "x" : -2.618034,
      "y" : -2.618034,
      "z" : -19.562305
    }, {
      "x" : -2.618034,
      "y" : 2.618034,
      "z" : -19.562305
    }, {
      "x" : 2.618034,
      "y" : 2.618034,
      "z" : -19.562305
    } ],
    "faces" : [ {
      "vertices" : [ 0, 1, 2 ]
    }, {
      "vertices" : [ 0, 2, 3 ]
    }, {
      "vertices" : [ 0, 3, 2 ]
    }, {
      "vertices" : [ 0, 2, 1 ]
    } ]
  }, {
    "id" : "88e4e76f-a378-469d-b689-5da0c8aff508",
    "vertices" : [ {
      "x" : -16.326239,
      "y" : -2.618034,
      "z" : -11.09017
    }, {
      "x" : -13.708204,
      "y" : -6.854102,
      "z" : -12.708204
    }, {
      "x" : -15.326238,
      "y" : -9.472136,
      "z" : -8.472136
    }, {
      "x" : -17.944271,
      "y" : -5.236068,
      "z" : -6.854102
    } ],
    "faces" : [ {
      "vertices" : [ 0, 1, 2 ]
    }, {
      "vertices" : [ 0, 2, 3 ]
    }, {
      "vertices" : [ 0, 3, 2 ]
    }, {
      "vertices" : [ 0, 2, 1 ]
    } ]
  }, {
    "id" : "369620a8-d63a-45de-80ea-60dd1cdcc421",
    "vertices" : [ {
      "x" : 12.708204,
      "y" : -13.708204,
      "z" : -6.854102
    }, {
      "x" : 8.472136,
      "y" : -15.326238,
      "z" : -9.472136
    }, {
      "x" : 6.854102,
      "y" : -12.708204,
      "z" : -13.708204
    }, {
      "x" : 9.472136,
      "y" : -8.472136,
      "z" : -15.326238
    }, {
      "x" : 13.708204,
      "y" : -6.854102,
      "z" : -12.708204
    }, {
      "x" : 15.326238,
      "y" : -9.472136,
      "z" : -8.472136
    } ],
    "faces" : [ {
      "vertices" : [ 0, 1, 2 ]
    }, {
      "vertices" : [ 0, 2, 3 ]
    }, {
      "vertices" : [ 0, 3, 4 ]
    }, {
      "vertices" : [ 0, 4, 5 ]
    }, {
      "vertices" : [ 0, 5, 4 ]
    }, {
      "vertices" : [ 0, 4, 3 ]
    }, {
      "vertices" : [ 0, 3, 2 ]
    }, {
      "vertices" : [ 0, 2, 1 ]
    } ]
  }, {
    "id" : "81ae9b3a-f1fe-4c2d-88d7-a631d550fb14",
    "vertices" : [ {
      "x" : 8.472136,
      "y" : 15.326238,
      "z" : -9.472136
    }, {
      "x" : 12.708204,
      "y" : 13.708204,
      "z" : -6.854102
    }, {
      "x" : 15.326238,
      "y" : 9.472136,
      "z" : -8.472136
    }, {
      "x" : 13.708204,
      "y" : 6.854102,
      "z" : -12.708204
    }, {
      "x" : 9.472136,
      "y" : 8.472136,
      "z" : -15.326238
    }, {
      "x" : 6.854102,
      "y" : 12.708204,
      "z" : -13.708204
    } ],
    "faces" : [ {
      "vertices" : [ 0, 1, 2 ]
    }, {
      "vertices" : [ 0, 2, 3 ]
    }, {
      "vertices" : [ 0, 3, 4 ]
    }, {
      "vertices" : [ 0, 4, 5 ]
    }, {
      "vertices" : [ 0, 5, 4 ]
    }, {
      "vertices" : [ 0, 4, 3 ]
    }, {
      "vertices" : [ 0, 3, 2 ]
    }, {
      "vertices" : [ 0, 2, 1 ]
    } ]
  }, {
    "id" : "d5458389-77d3-4912-8e5c-e6d0cbdcedbb",
    "vertices" : [ {
      "x" : -6.854102,
      "y" : -12.708204,
      "z" : -13.708204
    }, {
      "x" : -9.472136,
      "y" : -8.472136,
      "z" : -15.326238
    }, {
      "x" : -5.236068,
      "y" : -6.854102,
