{
  "polygons" : "true",
  "field" : "golden",
  "symmetry" : "icosahedral",
  "orientations" : [ [ 1.0, 0.0, 0.0, 0.0, 0.0, 1.0, 0.0, 0.0, 0.0, 0.0, 1.0, 0.0, 0.0, 0.0, 0.0, 1.0 ], [ 0.0, 0.0, 1.0, 0.0, 1.0, 0.0, 0.0, 0.0, 0.0, 1.0, 0.0, 0.0, 0.0, 0.0, 0.0, 1.0 ], [ 0.0, 1.0, 0.0, 0.0, 0.0, 0.0, 1.0, 0.0, 1.0, 0.0, 0.0, 0.0, 0.0, 0.0, 0.0, 1.0 ], [ 0.809017, 0.309017, 0.5, 0.0, 0.309017, 0.5, -0.809017, 0.0, -0.5, 0.809017, 0.309017, 0.0, 0.0, 0.0, 0.0, 1.0 ], [ -0.5, 0.809017, 0.309017, 0.0, 0.809017, 0.309017, 0.5, 0.0, 0.309017, 0.5, -0.809017, 0.0, 0.0, 0.0, 0.0, 1.0 ], [ 0.309017, 0.5, -0.809017, 0.0, -0.5, 0.809017, 0.309017, 0.0, 0.809017, 0.309017, 0.5, 0.0, 0.0, 0.0, 0.0, 1.0 ], [ 0.5, 0.809017, 0.309017, 0.0, 0.809017, -0.309017, -0.5, 0.0, -0.309017, 0.5, -0.809017, 0.0, 0.0, 0.0, 0.0, 1.0 ], [ -0.309017, 0.5, -0.809017, 0.0, 0.5, 0.809017, 0.309017, 0.0, 0.809017, -0.309017, -0.5, 0.0, 0.0, 0.0, 0.0, 1.0 ], [ 0.809017, -0.309017, -0.5, 0.0, -0.309017, 0.5, -0.809017, 0.0, 0.5, 0.809017, 0.309017, 0.0, 0.0, 0.0, 0.0, 1.0 ], [ 0.5, 0.809017, -0.309017, 0.0, 0.809017, -0.309017, 0.5, 0.0, 0.309017, -0.5, -0.809017, 0.0, 0.0, 0.0, 0.0, 1.0 ], [ 0.309017, -0.5, -0.809017, 0.0, 0.5, 0.809017, -0.309017, 0.0, 0.809017, -0.309017, 0.5, 0.0, 0.0, 0.0, 0.0, 1.0 ], [ 0.809017, -0.309017, 0.5, 0.0, 0.309017, -0.5, -0.809017, 0.0, 0.5, 0.809017, -0.309017, 0.0, 0.0, 0.0, 0.0, 1.0 ], [ 0.809017, 0.309017, -0.5, 0.0, 0.309017, 0.5, 0.809017, 0.0, 0.5, -0.809017, 0.309017, 0.0, 0.0, 0.0, 0.0, 1.0 ], [ 0.5, -0.809017, 0.309017, 0.0, 0.809017, 0.309017, -0.5, 0.0, 0.309017, 0.5, 0.809017, 0.0, 0.0, 0.0, 0.0, 1.0 ], [ 0.309017, 0.5, 0.809017, 0.0, 0.5, -0.809017, 0.309017, 0.0, 0.809017, 0.309017, -0.5, 0.0, 0.0, 0.0, 0.0, 1.0 ], [ 1.0, 0.0, 0.0, 0.0, 0.0, -1.0, 0.0, 0.0, 0.0, 0.0, -1.0, 0.0, 0.0, 0.0, 0.0, 1.0 ], [ 0.0, 0.0, 1.0, 0.0, -1.0, 0.0, 0.0, 0.0, 0.0, -1.0, 0.0, 0.0, 0.0, 0.0, 0.0, 1.0 ], [ 0.0, 1.0, 0.0, 0.0, 0.0, 0.0, -1.0, 0.0, -1.0, 0.0, 0.0, 0.0, 0.0, 0.0, 0.0, 1.0 ], [ 0.809017, 0.309017, 0.5, 0.0, -0.309017, -0.5, 0.809017, 0.0, 0.5, -0.809017, -0.309017, 0.0, 0.0, 0.0, 0.0, 1.0 ], [ -0.5, 0.809017, 0.309017, 0.0, -0.809017, -0.309017, -0.5, 0.0, -0.309017, -0.5, 0.809017, 0.0, 0.0, 0.0, 0.0, 1.0 ], [ 0.309017, 0.5, -0.809017, 0.0, 0.5, -0.809017, -0.309017, 0.0, -0.809017, -0.309017, -0.5, 0.0, 0.0, 0.0, 0.0, 1.0 ], [ 0.5, 0.809017, 0.309017, 0.0, -0.809017, 0.309017, 0.5, 0.0, 0.309017, -0.5, 0.809017, 0.0, 0.0, 0.0, 0.0, 1.0 ], [ -0.309017, 0.5, -0.809017, 0.0, -0.5, -0.809017, -0.309017, 0.0, -0.809017, 0.309017, 0.5, 0.0, 0.0, 0.0, 0.0, 1.0 ], [ 0.809017, -0.309017, -0.5, 0.0, 0.309017, -0.5, 0.809017, 0.0, -0.5, -0.809017, -0.309017, 0.0, 0.0, 0.0, 0.0, 1.0 ], [ 0.5, 0.809017, -0.309017, 0.0, -0.809017, 0.309017, -0.5, 0.0, -0.309017, 0.5, 0.809017, 0.0, 0.0, 0.0, 0.0, 1.0 ], [ 0.309017, -0.5, -0.809017, 0.0, -0.5, -0.809017, 0.309017, 0.0, -0.809017, 0.309017, -0.5, 0.0, 0.0, 0.0, 0.0, 1.0 ], [ 0.809017, -0.309017, 0.5, 0.0, -0.309017, 0.5, 0.809017, 0.0, -0.5, -0.809017, 0.309017, 0.0, 0.0, 0.0, 0.0, 1.0 ], [ 0.809017, 0.309017, -0.5, 0.0, -0.309017, -0.5, -0.809017, 0.0, -0.5, 0.809017, -0.309017, 0.0, 0.0, 0.0, 0.0, 1.0 ], [ 0.5, -0.809017, 0.309017, 0.0, -0.809017, -0.309017, 0.5, 0.0, -0.309017, -0.5, -0.809017, 0.0, 0.0, 0.0, 0.0, 1.0 ], [ 0.309017, 0.5, 0.809017, 0.0, -0.5, 0.809017, -0.309017, 0.0, -0.809017, -0.309017, 0.5, 0.0, 0.0, 0.0, 0.0, 1.0 ], [ -1.0, 0.0, 0.0, 0.0, 0.0, -1.0, 0.0, 0.0, 0.0, 0.0, 1.0, 0.0, 0.0, 0.0, 0.0, 1.0 ], [ 0.0, 0.0, -1.0, 0.0, -1.0, 0.0, 0.0, 0.0, 0.0, 1.0, 0.0, 0.0, 0.0, 0.0, 0.0, 1.0 ], [ 0.0, -1.0, 0.0, 0.0, 0.0, 0.0, -1.0, 0.0, 1.0, 0.0, 0.0, 0.0, 0.0, 0.0, 0.0, 1.0 ], [ -0.809017, -0.309017, -0.5, 0.0, -0.309017, -0.5, 0.809017, 0.0, -0.5, 0.809017, 0.309017, 0.0, 0.0, 0.0, 0.0, 1.0 ], [ 0.5, -0.809017, -0.309017, 0.0, -0.809017, -0.309017, -0.5, 0.0, 0.309017, 0.5, -0.809017, 0.0, 0.0, 0.0, 0.0, 1.0 ], [ -0.309017, -0.5, 0.809017, 0.0, 0.5, -0.809017, -0.309017, 0.0, 0.809017, 0.309017, 0.5, 0.0, 0.0, 0.0, 0.0, 1.0 ], [ -0.5, -0.809017, -0.309017, 0.0, -0.809017, 0.309017, 0.5, 0.0, -0.309017, 0.5, -0.809017, 0.0, 0.0, 0.0, 0.0, 1.0 ], [ 0.309017, -0.5, 0.809017, 0.0, -0.5, -0.809017, -0.309017, 0.0, 0.809017, -0.309017, -0.5, 0.0, 0.0, 0.0, 0.0, 1.0 ], [ -0.809017, 0.309017, 0.5, 0.0, 0.309017, -0.5, 0.809017, 0.0, 0.5, 0.809017, 0.309017, 0.0, 0.0, 0.0, 0.0, 1.0 ], [ -0.5, -0.809017, 0.309017, 0.0, -0.809017, 0.309017, -0.5, 0.0, 0.309017, -0.5, -0.809017, 0.0, 0.0, 0.0, 0.0, 1.0 ], [ -0.309017, 0.5, 0.809017, 0.0, -0.5, -0.809017, 0.309017, 0.0, 0.809017, -0.309017, 0.5, 0.0, 0.0, 0.0, 0.0, 1.0 ], [ -0.809017, 0.309017, -0.5, 0.0, -0.309017, 0.5, 0.809017, 0.0, 0.5, 0.809017, -0.309017, 0.0, 0.0, 0.0, 0.0, 1.0 ], [ -0.809017, -0.309017, 0.5, 0.0, -0.309017, -0.5, -0.809017, 0.0, 0.5, -0.809017, 0.309017, 0.0, 0.0, 0.0, 0.0, 1.0 ], [ -0.5, 0.809017, -0.309017, 0.0, -0.809017, -0.309017, 0.5, 0.0, 0.309017, 0.5, 0.809017, 0.0, 0.0, 0.0, 0.0, 1.0 ], [ -0.309017, -0.5, -0.809017, 0.0, -0.5, 0.809017, -0.309017, 0.0, 0.809017, 0.309017, -0.5, 0.0, 0.0, 0.0, 0.0, 1.0 ], [ -1.0, 0.0, 0.0, 0.0, 0.0, 1.0, 0.0, 0.0, 0.0, 0.0, -1.0, 0.0, 0.0, 0.0, 0.0, 1.0 ], [ 0.0, 0.0, -1.0, 0.0, 1.0, 0.0, 0.0, 0.0, 0.0, -1.0, 0.0, 0.0, 0.0, 0.0, 0.0, 1.0 ], [ 0.0, -1.0, 0.0, 0.0, 0.0, 0.0, 1.0, 0.0, -1.0, 0.0, 0.0, 0.0, 0.0, 0.0, 0.0, 1.0 ], [ -0.809017, -0.309017, -0.5, 0.0, 0.309017, 0.5, -0.809017, 0.0, 0.5, -0.809017, -0.309017, 0.0, 0.0, 0.0, 0.0, 1.0 ], [ 0.5, -0.809017, -0.309017, 0.0, 0.809017, 0.309017, 0.5, 0.0, -0.309017, -0.5, 0.809017, 0.0, 0.0, 0.0, 0.0, 1.0 ], [ -0.309017, -0.5, 0.809017, 0.0, -0.5, 0.809017, 0.309017, 0.0, -0.809017, -0.309017, -0.5, 0.0, 0.0, 0.0, 0.0, 1.0 ], [ -0.5, -0.809017, -0.309017, 0.0, 0.809017, -0.309017, -0.5, 0.0, 0.309017, -0.5, 0.809017, 0.0, 0.0, 0.0, 0.0, 1.0 ], [ 0.309017, -0.5, 0.809017, 0.0, 0.5, 0.809017, 0.309017, 0.0, -0.809017, 0.309017, 0.5, 0.0, 0.0, 0.0, 0.0, 1.0 ], [ -0.809017, 0.309017, 0.5, 0.0, -0.309017, 0.5, -0.809017, 0.0, -0.5, -0.809017, -0.309017, 0.0, 0.0, 0.0, 0.0, 1.0 ], [ -0.5, -0.809017, 0.309017, 0.0, 0.809017, -0.309017, 0.5, 0.0, -0.309017, 0.5, 0.809017, 0.0, 0.0, 0.0, 0.0, 1.0 ], [ -0.309017, 0.5, 0.809017, 0.0, 0.5, 0.809017, -0.309017, 0.0, -0.809017, 0.309017, -0.5, 0.0, 0.0, 0.0, 0.0, 1.0 ], [ -0.809017, 0.309017, -0.5, 0.0, 0.309017, -0.5, -0.809017, 0.0, -0.5, -0.809017, 0.309017, 0.0, 0.0, 0.0, 0.0, 1.0 ], [ -0.809017, -0.309017, 0.5, 0.0, 0.309017, 0.5, 0.809017, 0.0, -0.5, 0.809017, -0.309017, 0.0, 0.0, 0.0, 0.0, 1.0 ], [ -0.5, 0.809017, -0.309017, 0.0, 0.809017, 0.309017, -0.5, 0.0, -0.309017, -0.5, -0.809017, 0.0, 0.0, 0.0, 0.0, 1.0 ], [ -0.309017, -0.5, -0.809017, 0.0, 0.5, -0.809017, 0.309017, 0.0, -0.809017, -0.309017, 0.5, 0.0, 0.0, 0.0, 0.0, 1.0 ] ],
  "lights" : {
    "directionalLights" : [ {
      "direction" : [ 1.0, -1.0, -1.0 ],
      "color" : "#EBEBE4"
    }, {
      "direction" : [ -1.0, 0.0, 0.0 ],
      "color" : "#E4E4EB"
    }, {
      "direction" : [ 0.0, 0.0, -1.0 ],
      "color" : "#1E1E1E"
    } ],
    "ambientColor" : "#292929",
    "backgroundColor" : "#AFC8DC"
  },
  "camera" : {
    "position" : {
      "x" : -151.8182,
      "y" : 48.4953,
      "z" : 147.59743
    },
    "width" : 94.66749,
    "stereo" : false,
    "perspective" : true,
    "lookDirection" : {
      "x" : 0.7216639,
      "y" : -0.17780434,
      "z" : -0.6690198
    },
    "upDirection" : {
      "x" : -0.6591554,
      "y" : -0.47171837,
      "z" : -0.58565044
    },
    "lookAtPoint" : {
      "x" : 0.0,
      "y" : 11.09017,
      "z" : 6.854102
    },
    "viewDistance" : 210.37245,
    "nearClipDistance" : 0.52593106,
    "farClipDistance" : 420.74402,
    "fieldOfView" : 0.44262835
  },
  "embedding" : [ 1.0, 0.0, 0.0, 0.0, 0.0, 1.0, 0.0, 0.0, 0.0, 0.0, 1.0, 0.0, 0.0, 0.0, 0.0, 1.0 ],
  "shapes" : [ {
    "id" : "55082751-359f-4ed7-81f8-da832eeaf321",
    "vertices" : [ {
      "x" : 0.0,
      "y" : 0.0,
      "z" : 0.0
    }, {
      "x" : 0.0,
      "y" : 0.0,
      "z" : -1.236068
    }, {
      "x" : 0.0,
      "y" : 33.888542,
      "z" : 32.652477
    }, {
      "x" : 0.0,
      "y" : 33.888542,
      "z" : 33.888542
    } ],
    "faces" : [ {
      "vertices" : [ 0, 1, 2, 3 ]
    }, {
      "vertices" : [ 0, 3, 2, 1 ]
    } ]
  }, {
    "id" : "8e6043e2-6a2e-4028-b39a-462c46c88226",
    "vertices" : [ {
      "x" : 0.0,
      "y" : 0.0,
      "z" : 0.0
    }, {
      "x" : 0.0,
      "y" : 0.0,
      "z" : 1.236068
    }, {
      "x" : 0.0,
      "y" : -33.888542,
      "z" : -32.652477
    }, {
      "x" : 0.0,
      "y" : -33.888542,
      "z" : -33.888542
    } ],
    "faces" : [ {
      "vertices" : [ 0, 1, 2, 3 ]
    }, {
      "vertices" : [ 0, 3, 2, 1 ]
    } ]
  }, {
    "id" : "2326ddcf-098a-498d-9f3f-24d1f79c4dac",
    "name" : "ball",
    "vertices" : [ {
      "x" : -0.309017,
      "y" : -0.19098301,
      "z" : 0.0
    }, {
      "x" : -0.309017,
      "y" : 0.19098301,
      "z" : 0.0
    }, {
      "x" : -0.19098301,
      "y" : 0.0,
      "z" : -0.309017
    }, {
      "x" : -0.19098301,
      "y" : 0.0,
      "z" : 0.309017
    }, {
      "x" : 0.0,
      "y" : -0.309017,
      "z" : -0.19098301
    }, {
      "x" : 0.0,
      "y" : -0.309017,
      "z" : 0.19098301
    }, {
      "x" : 0.0,
      "y" : 0.309017,
      "z" : -0.19098301
    }, {
      "x" : 0.0,
      "y" : 0.309017,
      "z" : 0.19098301
    }, {
      "x" : 0.19098301,
      "y" : 0.0,
      "z" : -0.309017
    }, {
      "x" : 0.19098301,
      "y" : 0.0,
      "z" : 0.309017
    }, {
      "x" : 0.309017,
      "y" : -0.19098301,
      "z" : 0.0
    }, {
      "x" : 0.309017,
      "y" : 0.19098301,
      "z" : 0.0
    } ],
    "faces" : [ {
      "vertices" : [ 0, 1, 2 ]
    }, {
      "vertices" : [ 0, 3, 1 ]
    }, {
      "vertices" : [ 0, 2, 4 ]
    }, {
      "vertices" : [ 0, 5, 3 ]
    }, {
      "vertices" : [ 0, 4, 5 ]
    }, {
      "vertices" : [ 1, 6, 2 ]
    }, {
      "vertices" : [ 1, 3, 7 ]
    }, {
      "vertices" : [ 1, 7, 6 ]
    }, {
      "vertices" : [ 2, 8, 4 ]
    }, {
      "vertices" : [ 2, 6, 8 ]
    }, {
      "vertices" : [ 3, 5, 9 ]
    }, {
      "vertices" : [ 3, 9, 7 ]
    }, {
      "vertices" : [ 4, 10, 5 ]
    }, {
      "vertices" : [ 4, 8, 10 ]
    }, {
      "vertices" : [ 5, 10, 9 ]
    }, {
      "vertices" : [ 6, 7, 11 ]
    }, {
      "vertices" : [ 6, 11, 8 ]
    }, {
      "vertices" : [ 7, 9, 11 ]
    }, {
      "vertices" : [ 8, 11, 10 ]
    }, {
      "vertices" : [ 9, 10, 11 ]
    } ]
  }, {
    "id" : "bf742fe9-b953-45e8-9ad7-60758186edf6",
    "vertices" : [ {
      "x" : 0.0,
      "y" : 0.0,
      "z" : 0.0
    }, {
      "x" : 0.618034,
      "y" : 1.0,
      "z" : 1.618034
    }, {
      "x" : 7.09017,
      "y" : -43.36068,
      "z" : 18.562305
    }, {
      "x" : 6.472136,
      "y" : -44.36068,
      "z" : 16.944271
    } ],
    "faces" : [ {
      "vertices" : [ 0, 1, 2, 3 ]
    }, {
      "vertices" : [ 0, 3, 2, 1 ]
    } ]
  }, {
    "id" : "2312406d-540e-4397-8583-f56a0edd6336",
    "vertices" : [ {
      "x" : 0.0,
      "y" : 0.0,
      "z" : 0.0
    }, {
      "x" : -4.763932,
      "y" : 1.8196601,
      "z" : -12.472136
    }, {
      "x" : 0.0,
      "y" : 19.055729,
      "z" : 0.0
    } ],
    "faces" : [ {
      "vertices" : [ 0, 1, 2 ]
    }, {
      "vertices" : [ 0, 2, 1 ]
    } ]
  }, {
    "id" : "920c9055-c79a-4707-98e7-6516382aeb8e",
    "vertices" : [ {
      "x" : 0.0,
      "y" : 0.0,
      "z" : 0.0
    }, {
      "x" : 2.854102,
      "y" : 10.326238,
      "z" : 7.472136
    }, {
      "x" : 5.708204,
      "y" : -9.236068,
      "z" : 14.944272
    } ],
    "faces" : [ {
      "vertices" : [ 0, 1, 2 ]
    }, {
      "vertices" : [ 0, 2, 1 ]
    } ]
  }, {
    "id" : "c9d5a4ce-b5b7-4db3-8b95-a4830f2b7c5d",
    "vertices" : [ {
      "x" : 0.0,
      "y" : 0.0,
      "z" : 0.0
    }, {
      "x" : -0.090169944,
      "y" : -0.05572809,
      "z" : -0.76393205
    }, {
      "x" : 1.6737621,
      "y" : 2.798374,
      "z" : -5.381966
    }, {
      "x" : 1.8196601,
      "y" : 2.9442718,
      "z" : -4.763932
    } ],
    "faces" : [ {
      "vertices" : [ 0, 1, 2, 3 ]
    }, {
      "vertices" : [ 0, 3, 2, 1 ]
    } ]
  }, {
    "id" : "841513f7-999d-4dac-b381-529e277e0bf4",
    "vertices" : [ {
      "x" : 0.0,
      "y" : 0.0,
      "z" : 0.0
    }, {
      "x" : -0.618034,
      "y" : 1.0,
      "z" : -1.618034
    }, {
      "x" : 9.854102,
      "y" : 38.888542,
      "z" : 25.798374
    }, {
      "x" : 10.472136,
      "y" : 37.888542,
      "z" : 27.416409
    } ],
    "faces" : [ {
      "vertices" : [ 0, 1, 2, 3 ]
    }, {
      "vertices" : [ 0, 3, 2, 1 ]
    } ]
  }, {
    "id" : "15f5a1cc-cba6-40e6-96ef-aa84e5916d2c",
    "vertices" : [ {
      "x" : 0.0,
      "y" : 0.0,
      "z" : 0.0
    }, {
      "x" : 2.854102,
      "y" : -19.562305,
      "z" : 7.472136
    }, {
      "x" : 0.0,
      "y" : -14.944272,
      "z" : 0.0
    } ],
    "faces" : [ {
      "vertices" : [ 0, 1, 2 ]
    }, {
      "vertices" : [ 0, 2, 1 ]
    } ]
  }, {
    "id" : "dd82810a-1a79-43b1-8c6b-3408b7cf9368",
    "vertices" : [ {
      "x" : 0.0,
      "y" : 0.0,
      "z" : 0.0
    }, {
      "x" : 2.9442718,
      "y" : 10.652476,
      "z" : 7.708204
    }, {
      "x" : 5.8885436,
      "y" : -9.527864,
      "z" : 15.416408
    } ],
    "faces" : [ {
      "vertices" : [ 0, 1, 2 ]
    }, {
      "vertices" : [ 0, 2, 1 ]
    } ]
  }, {
    "id" : "482fed59-dbf0-44bb-95d7-0940ac558def",
    "vertices" : [ {
      "x" : 0.0,
      "y" : 0.0,
      "z" : 0.0
    }, {
      "x" : 0.0,
      "y" : -2.0,
      "z" : 0.0
    }, {
      "x" : -16.944271,
      "y" : 4.472136,
      "z" : -44.36068
    }, {
      "x" : -16.944271,
      "y" : 6.472136,
      "z" : -44.36068
    } ],
    "faces" : [ {
      "vertices" : [ 0, 1, 2, 3 ]
    }, {
      "vertices" : [ 0, 3, 2, 1 ]
    } ]
  }, {
    "id" : "ce889823-14c0-436d-aa64-e4dec2e5c136",
    "vertices" : [ {
      "x" : 0.0,
      "y" : 0.0,
      "z" : 0.0
    }, {
      "x" : -4.763932,
      "y" : 7.708204,
      "z" : -12.472136
    }, {
      "x" : -2.9442718,
      "y" : 20.18034,
      "z" : -7.708204
    } ],
    "faces" : [ {
      "vertices" : [ 0, 1, 2 ]
    }, {
      "vertices" : [ 0, 2, 1 ]
    } ]
  }, {
    "id" : "bc0355e9-24a9-4b70-9d53-cc2b42acbd4b",
    "orbit" : "yellow",
    "name" : " :-3 +2*phi",
    "vertices" : [ {
      "x" : 1.618034,
      "y" : 0.0,
      "z" : -0.618034
    }, {
      "x" : 1.309017,
      "y" : 0.0,
      "z" : -0.5
    }, {
      "x" : 0.9045085,
      "y" : -0.1545085,
      "z" : -0.059016995
    }, {
      "x" : 0.7135255,
      "y" : -0.1545085,
      "z" : -0.559017
    }, {
      "x" : 0.9045085,
      "y" : -0.1545085,
      "z" : -0.059016995
    }, {
      "x" : 0.809017,
      "y" : 0.309017,
      "z" : -0.309017
    }, {
      "x" : 0.309017,
      "y" : 0.0,
      "z" : -0.11803399
    }, {
      "x" : 0.809017,
      "y" : 0.309017,
      "z" : -0.309017
    }, {
      "x" : 0.7135255,
      "y" : -0.1545085,
      "z" : -0.559017
    } ],
    "faces" : [ {
      "vertices" : [ 2, 4, 8, 3 ]
    }, {
      "vertices" : [ 2, 7, 5, 4 ]
    }, {
      "vertices" : [ 4, 6, 8 ]
    }, {
      "vertices" : [ 5, 8, 6 ]
    }, {
      "vertices" : [ 1, 2, 3 ]
    }, {
      "vertices" : [ 3, 8, 5, 7 ]
    }, {
      "vertices" : [ 1, 7, 2 ]
    }, {
      "vertices" : [ 1, 3, 7 ]
    }, {
      "vertices" : [ 4, 5, 6 ]
    } ]
  }, {
    "id" : "460b7b7c-dcbe-4b9f-b028-b60727ed6da9",
    "orbit" : "yellow",
    "name" : " :5 -3*phi",
    "vertices" : [ {
      "x" : 1.0,
      "y" : 0.0,
      "z" : -0.38196602
    }, {
      "x" : 0.690983,
      "y" : 0.0,
      "z" : -0.26393202
    }, {
      "x" : 0.2864745,
      "y" : -0.1545085,
      "z" : 0.17705098
    }, {
      "x" : 0.095491506,
      "y" : -0.1545085,
      "z" : -0.32294902
    }, {
      "x" : 0.9045085,
      "y" : -0.1545085,
      "z" : -0.059016995
    }, {
      "x" : 0.809017,
      "y" : 0.309017,
      "z" : -0.309017
    }, {
      "x" : 0.309017,
      "y" : 0.0,
      "z" : -0.11803399
    }, {
      "x" : 0.19098301,
      "y" : 0.309017,
      "z" : -0.072949015
    }, {
      "x" : 0.7135255,
      "y" : -0.1545085,
      "z" : -0.559017
    } ],
    "faces" : [ {
      "vertices" : [ 2, 4, 8, 3 ]
    }, {
      "vertices" : [ 2, 7, 5, 4 ]
    }, {
      "vertices" : [ 4, 6, 8 ]
    }, {
      "vertices" : [ 5, 8, 6 ]
    }, {
      "vertices" : [ 1, 2, 3 ]
    }, {
      "vertices" : [ 3, 8, 5, 7 ]
    }, {
      "vertices" : [ 1, 7, 2 ]
    }, {
      "vertices" : [ 1, 3, 7 ]
    }, {
      "vertices" : [ 4, 5, 6 ]
    } ]
  }, {
    "id" : "17d201a0-285f-4ffd-afd5-6b3f8c202190",
    "vertices" : [ {
      "x" : 0.0,
      "y" : 0.0,
      "z" : 0.0
    }, {
      "x" : -1.763932,
      "y" : -2.854102,
      "z" : -4.618034
    }, {
      "x" : -6.381966,
      "y" : -4.618034,
      "z" : -16.708204
    }, {
      "x" : -1.763932,
      "y" : 12.09017,
      "z" : -4.618034
    } ],
    "faces" : [ {
      "vertices" : [ 0, 1, 2, 3 ]
    }, {
      "vertices" : [ 0, 3, 2, 1 ]
    } ]
  }, {
    "id" : "62a745f9-a736-4437-8330-c8c4d944325e",
    "vertices" : [ {
      "x" : 0.0,
      "y" : 0.0,
      "z" : 0.0
    }, {
      "x" : 0.0,
      "y" : 5.8885436,
      "z" : 0.0
    }, {
      "x" : 1.8196601,
      "y" : 18.36068,
      "z" : 4.763932
    }, {
      "x" : 4.763932,
      "y" : -1.8196601,
      "z" : 12.472136
    } ],
    "faces" : [ {
      "vertices" : [ 0, 1, 2, 3 ]
    }, {
      "vertices" : [ 0, 3, 2, 1 ]
    } ]
  }, {
    "id" : "49d26d89-adcc-4ee1-b8d8-6578991ddf29",
    "vertices" : [ {
      "x" : 0.0,
      "y" : 0.0,
      "z" : 0.0
    }, {
      "x" : -4.618034,
      "y" : 7.472136,
      "z" : -12.09017
    }, {
      "x" : -2.854102,
      "y" : 19.562305,
      "z" : -7.472136
    } ],
    "faces" : [ {
      "vertices" : [ 0, 1, 2 ]
    }, {
      "vertices" : [ 0, 2, 1 ]
    } ]
  }, {
    "id" : "a97bcbad-1c96-4a7b-a417-d3dc2fe86b8d",
    "vertices" : [ {
      "x" : 0.0,
      "y" : 0.0,
      "z" : 0.0
    }, {
      "x" : 0.0,
      "y" : 5.708204,
      "z" : 0.0
    }, {
      "x" : 1.763932,
      "y" : 17.798374,
      "z" : 4.618034
    }, {
      "x" : 4.618034,
      "y" : -1.763932,
      "z" : 12.09017
    } ],
    "faces" : [ {
      "vertices" : [ 0, 1, 2, 3 ]
    }, {
      "vertices" : [ 0, 3, 2, 1 ]
    } ]
  }, {
    "id" : "e117e01d-3572-492e-93ed-346dae361137",
    "vertices" : [ {
      "x" : 0.0,
      "y" : 0.0,
      "z" : 0.0
    }, {
      "x" : 2.9442718,
      "y" : -20.18034,
      "z" : 7.708204
    }, {
      "x" : 0.0,
      "y" : -15.416408,
      "z" : 0.0
    } ],
    "faces" : [ {
      "vertices" : [ 0, 1, 2 ]
    }, {
      "vertices" : [ 0, 2, 1 ]
    } ]
  }, {
    "id" : "62d49081-4b4a-4c0e-8110-0d1d018999c3",
    "vertices" : [ {
      "x" : 0.0,
      "y" : 0.0,
      "z" : 0.0
    }, {
      "x" : 0.38196602,
      "y" : -0.23606798,
      "z" : -0.47213596
    }, {
      "x" : 15.326238,
      "y" : -5.944272,
      "z" : 8.763932
    }, {
      "x" : 15.416408,
      "y" : -5.8885436,
      "z" : 9.527864
    } ],
    "faces" : [ {
      "vertices" : [ 0, 1, 2, 3 ]
    }, {
      "vertices" : [ 0, 3, 2, 1 ]
    } ]
  }, {
    "id" : "5b470354-c5c2-45e9-bf86-3d92ae237145",
    "vertices" : [ {
      "x" : 0.0,
      "y" : 0.0,
      "z" : 0.0
    }, {
      "x" : 4.618034,
      "y" : 7.472136,
      "z" : 12.09017
    }, {
      "x" : 7.472136,
      "y" : -2.854102,
      "z" : 19.562305
    } ],
    "faces" : [ {
      "vertices" : [ 0, 1, 2 ]
    }, {
      "vertices" : [ 0, 2, 1 ]
    } ]
  }, {
    "id" : "4bf4470a-5f16-4dcb-9a75-63dbdb9e8315",
    "vertices" : [ {
      "x" : 0.0,
      "y" : 0.0,
      "z" : 0.0
    }, {
      "x" : -7.708204,
      "y" : 2.9442718,
      "z" : -20.18034
    }, {
      "x" : -4.763932,
      "y" : 7.708204,
      "z" : -12.472136
    } ],
    "faces" : [ {
      "vertices" : [ 0, 1, 2 ]
    }, {
      "vertices" : [ 0, 2, 1 ]
    } ]
  }, {
    "id" : "8aa0a42d-2a10-4ee7-8cd3-6c71bd941d28",
    "vertices" : [ {
      "x" : 0.0,
      "y" : 0.0,
      "z" : 0.0
    }, {
      "x" : -0.14589803,
      "y" : 0.14589803,
      "z" : 0.618034
    }, {
      "x" : -7.854102,
      "y" : 3.09017,
      "z" : -4.145898
    }, {
      "x" : -7.472136,
      "y" : 2.854102,
      "z" : -4.618034
    } ],
    "faces" : [ {
      "vertices" : [ 0, 1, 2, 3 ]
    }, {
      "vertices" : [ 0, 3, 2, 1 ]
    } ]
  }, {
    "id" : "1f79981c-367c-4f66-a8a1-d9b2d85d61c0",
    "vertices" : [ {
      "x" : 0.0,
      "y" : 0.0,
      "z" : 0.0
    }, {
      "x" : -1.8196601,
      "y" : -2.9442718,
      "z" : -4.763932
    }, {
      "x" : -6.583592,
      "y" : -4.763932,
      "z" : -17.236069
    }, {
      "x" : -1.8196601,
      "y" : 12.472136,
      "z" : -4.763932
    } ],
    "faces" : [ {
      "vertices" : [ 0, 1, 2, 3 ]
    }, {
      "vertices" : [ 0, 3, 2, 1 ]
    } ]
  }, {
    "id" : "07dbf7b3-9d88-481d-a7a3-566122996f9e",
    "vertices" : [ {
      "x" : 0.0,
      "y" : 0.0,
      "z" : 0.0
    }, {
      "x" : -7.472136,
      "y" : 2.854102,
      "z" : -19.562305
    }, {
      "x" : -4.618034,
      "y" : 7.472136,
      "z" : -12.09017
    } ],
    "faces" : [ {
      "vertices" : [ 0, 1, 2 ]
    }, {
      "vertices" : [ 0, 2, 1 ]
    } ]
  }, {
    "id" : "5026dff0-6d53-48ce-ae7b-b3b8818e4ba3",
    "vertices" : [ {
      "x" : 0.0,
      "y" : 0.0,
      "z" : 0.0
    }, {
      "x" : 1.763932,
      "y" : -12.09017,
      "z" : 4.618034
    }, {
      "x" : -5.708204,
      "y" : -9.236068,
      "z" : -14.944272
    } ],
    "faces" : [ {
      "vertices" : [ 0, 1, 2 ]
    }, {
      "vertices" : [ 0, 2, 1 ]
    } ]
  }, {
    "id" : "a0b4f076-a950-4b70-b6e6-c68f9e45e96e",
    "vertices" : [ {
      "x" : 0.0,
      "y" : 0.0,
      "z" : 0.0
    }, {
      "x" : 0.0,
      "y" : -14.944272,
      "z" : 0.0
    }, {
      "x" : -4.618034,
      "y" : -16.708204,
      "z" : -12.09017
    } ],
    "faces" : [ {
      "vertices" : [ 0, 1, 2 ]
    }, {
      "vertices" : [ 0, 2, 1 ]
    } ]
  }, {
    "id" : "5afd9555-3124-4f7b-89f9-86ace9d7bd62",
    "vertices" : [ {
      "x" : 0.0,
      "y" : 0.0,
      "z" : 0.0
    }, {
      "x" : 4.618034,
      "y" : 16.708204,
      "z" : 12.09017
    }, {
      "x" : 4.618034,
      "y" : 7.472136,
      "z" : 12.09017
    } ],
    "faces" : [ {
      "vertices" : [ 0, 1, 2 ]
    }, {
      "vertices" : [ 0, 2, 1 ]
    } ]
  }, {
    "id" : "029fe181-46bb-426d-9211-701ee1edf40a",
    "vertices" : [ {
      "x" : 0.0,
      "y" : 0.0,
      "z" : 0.0
    }, {
      "x" : -4.618034,
      "y" : 1.763932,
      "z" : -12.09017
    }, {
      "x" : 0.0,
      "y" : 18.472136,
      "z" : 0.0
    } ],
    "faces" : [ {
      "vertices" : [ 0, 1, 2 ]
    }, {
      "vertices" : [ 0, 2, 1 ]
    } ]
  }, {
    "id" : "69f5c2fd-32f9-4ff6-a605-bbea8302f172",
    "vertices" : [ {
      "x" : 0.0,
      "y" : 0.0,
      "z" : 0.0
    }, {
      "x" : 4.763932,
      "y" : 17.236069,
      "z" : 12.472136
    }, {
      "x" : 4.763932,
      "y" : 7.708204,
      "z" : 12.472136
    } ],
    "faces" : [ {
      "vertices" : [ 0, 1, 2 ]
    }, {
      "vertices" : [ 0, 2, 1 ]
    } ]
  }, {
    "id" : "b164b0a0-976b-4861-a9a1-25e8555de303",
    "vertices" : [ {
      "x" : 0.0,
      "y" : 0.0,
      "z" : 0.0
    }, {
      "x" : 4.763932,
      "y" : 7.708204,
      "z" : 12.472136
    }, {
      "x" : 7.708204,
      "y" : -2.9442718,
      "z" : 20.18034
    } ],
    "faces" : [ {
      "vertices" : [ 0, 1, 2 ]
    }, {
      "vertices" : [ 0, 2, 1 ]
    } ]
  }, {
    "id" : "ef2f6f20-e86a-4dcd-ae43-8200ee01b725",
    "vertices" : [ {
      "x" : 0.0,
      "y" : 0.0,
      "z" : 0.0
    }, {
      "x" : 0.0,
      "y" : -15.416408,
      "z" : 0.0
    }, {
      "x" : -4.763932,
      "y" : -17.236069,
      "z" : -12.472136
    } ],
    "faces" : [ {
      "vertices" : [ 0, 1, 2 ]
    }, {
      "vertices" : [ 0, 2, 1 ]
    } ]
  }, {
    "id" : "0da24958-4894-4e32-9401-94e9561c5681",
    "vertices" : [ {
      "x" : 0.0,
      "y" : 0.0,
      "z" : 0.0
    }, {
      "x" : 1.8196601,
      "y" : -12.472136,
      "z" : 4.763932
    }, {
      "x" : -5.8885436,
      "y" : -9.527864,
      "z" : -15.416408
    } ],
    "faces" : [ {
      "vertices" : [ 0, 1, 2 ]
    }, {
      "vertices" : [ 0, 2, 1 ]
    } ]
  } ],
  "instances" : [ {
    "shape" : "55082751-359f-4ed7-81f8-da832eeaf321",
    "color" : "#FFFF00",
    "position" : {
      "x" : -16.326239,
      "y" : 18.562305,
      "z" : -16.944271
    },
    "orientation" : 1
  }, {
    "shape" : "8e6043e2-6a2e-4028-b39a-462c46c88226",
    "color" : "#00CC00",
    "position" : {
      "x" : -17.944271,
      "y" : -15.944272,
      "z" : -17.944271
    },
    "orientation" : 56
  }, {
    "shape" : "8e6043e2-6a2e-4028-b39a-462c46c88226",
    "color" : "#FFFF00",
    "position" : {
      "x" : -16.944271,
      "y" : 16.326239,
      "z" : -18.562305
    },
    "orientation" : 47
  }, {
    "shape" : "2326ddcf-098a-498d-9f3f-24d1f79c4dac",
    "color" : "#FFFFFF",
    "position" : {
      "x" : 4.763932,
      "y" : 20.18034,
      "z" : 4.763932
    }
  }, {
    "shape" : "bf742fe9-b953-45e8-9ad7-60758186edf6",
    "color" : "#0033FF",
    "position" : {
      "x" : 10.472136,
      "y" : 26.798374,
      "z" : 1.618034
    },
    "orientation" : 7
  }, {
    "shape" : "2326ddcf-098a-498d-9f3f-24d1f79c4dac",
    "color" : "#FFFFFF",
    "position" : {
      "x" : 4.618034,
      "y" : 4.618034,
      "z" : 19.562305
    }
  }, {
    "shape" : "2312406d-540e-4397-8583-f56a0edd6336",
    "color" : "#666666",
    "position" : {
      "x" : -14.291796,
      "y" : 20.18034,
      "z" : -4.763932
    },
    "orientation" : 17
  }, {
    "shape" : "920c9055-c79a-4707-98e7-6516382aeb8e",
    "color" : "#666666",
    "position" : {
      "x" : 9.236068,
      "y" : 21.326239,
      "z" : -7.472136
    },
    "orientation" : 0
  }, {
    "shape" : "c9d5a4ce-b5b7-4db3-8b95-a4830f2b7c5d",
    "color" : "#666666",
    "position" : {
      "x" : 2.9442718,
      "y" : 1.8196601,
      "z" : 24.944271
    },
    "orientation" : 0
  }, {
    "shape" : "2326ddcf-098a-498d-9f3f-24d1f79c4dac",
    "color" : "#FFFFFF",
    "position" : {
      "x" : 19.562305,
      "y" : -19.562305,
      "z" : 19.562305
    }
  }, {
    "shape" : "841513f7-999d-4dac-b381-529e277e0bf4",
    "color" : "#FFFF00",
    "position" : {
      "x" : 16.944271,
      "y" : -17.562305,
      "z" : -15.326238
    },
    "orientation" : 5
  }, {
    "shape" : "55082751-359f-4ed7-81f8-da832eeaf321",
    "color" : "#FFFF00",
    "position" : {
      "x" : -16.944271,
      "y" : -16.326239,
      "z" : 18.562305
    },
    "orientation" : 2
  }, {
    "shape" : "15f5a1cc-cba6-40e6-96ef-aa84e5916d2c",
    "color" : "#666666",
    "position" : {
      "x" : 19.562305,
      "y" : 19.562305,
      "z" : 19.562305
    },
    "orientation" : 4
  }, {
    "shape" : "dd82810a-1a79-43b1-8c6b-3408b7cf9368",
    "color" : "#666666",
    "position" : {
      "x" : 9.527864,
      "y" : 22.0,
      "z" : -7.708204
    },
    "orientation" : 0
  }, {
    "shape" : "482fed59-dbf0-44bb-95d7-0940ac558def",
    "color" : "#CC0033",
    "position" : {
      "x" : -17.944271,
      "y" : 15.944272,
      "z" : 15.944272
    },
    "orientation" : 30
  }, {
    "shape" : "c9d5a4ce-b5b7-4db3-8b95-a4830f2b7c5d",
    "color" : "#666666",
    "position" : {
      "x" : -14.291796,
      "y" : 20.18034,
      "z" : -4.763932
    },
    "orientation" : 41
  }, {
    "shape" : "ce889823-14c0-436d-aa64-e4dec2e5c136",
    "color" : "#666666",
    "position" : {
      "x" : -12.472136,
      "y" : 32.652477,
      "z" : 0.0
    },
    "orientation" : 9
  }, {
    "shape" : "920c9055-c79a-4707-98e7-6516382aeb8e",
    "color" : "#666666",
    "position" : {
      "x" : 19.562305,
      "y" : 10.326238,
      "z" : 10.326238
    },
    "orientation" : 5
  }, {
    "shape" : "bf742fe9-b953-45e8-9ad7-60758186edf6",
    "color" : "#FF6600",
    "position" : {
      "x" : 1.618034,
      "y" : 10.472136,
      "z" : 26.798374
    },
    "orientation" : 8
  }, {
    "shape" : "bc0355e9-24a9-4b70-9d53-cc2b42acbd4b",
    "color" : "#F0A000",
    "position" : {
      "x" : 17.944271,
      "y" : 17.944271,
      "z" : 17.944271
    },
    "orientation" : 19
  }, {
    "shape" : "bf742fe9-b953-45e8-9ad7-60758186edf6",
    "color" : "#00CC00",
    "position" : {
      "x" : 26.416409,
      "y" : 1.0,
      "z" : -11.472136
    },
    "orientation" : 17
  }, {
    "shape" : "55082751-359f-4ed7-81f8-da832eeaf321",
    "color" : "#0033FF",
    "position" : {
      "x" : -27.416409,
      "y" : -0.618034,
      "z" : 12.09017
    },
    "orientation" : 40
  }, {
    "shape" : "2326ddcf-098a-498d-9f3f-24d1f79c4dac",
    "color" : "#FFFFFF",
    "position" : {
      "x" : 16.944271,
      "y" : 16.944271,
      "z" : 16.944271
    }
  }, {
    "shape" : "8e6043e2-6a2e-4028-b39a-462c46c88226",
    "color" : "#FF6600",
    "position" : {
      "x" : 15.944272,
      "y" : 17.944271,
      "z" : -17.944271
    },
    "orientation" : 55
  }, {
    "shape" : "482fed59-dbf0-44bb-95d7-0940ac558def",
    "color" : "#FFFF00",
    "position" : {
      "x" : -15.326238,
      "y" : -16.944271,
      "z" : 17.562305
    },
    "orientation" : 5
  }, {
    "shape" : "841513f7-999d-4dac-b381-529e277e0bf4",
    "color" : "#0033FF",
    "position" : {
      "x" : -26.798374,
      "y" : -1.618034,
      "z" : 10.472136
    },
    "orientation" : 16
  }, {
    "shape" : "2326ddcf-098a-498d-9f3f-24d1f79c4dac",
    "color" : "#FFFFFF",
    "position" : {
      "x" : 4.763932,
      "y" : 20.18034,
      "z" : -4.763932
    }
  }, {
    "shape" : "482fed59-dbf0-44bb-95d7-0940ac558def",
    "color" : "#CC0033",
    "position" : {
      "x" : -8.854102,
      "y" : -27.416409,
      "z" : -0.618034
    },
    "orientation" : 24
  }, {
    "shape" : "460b7b7c-dcbe-4b9f-b028-b60727ed6da9",
    "color" : "#F0A000",
    "position" : {
      "x" : 0.0,
      "y" : 12.09017,
      "z" : 31.652475
    },
    "orientation" : 7
  }, {
    "shape" : "2326ddcf-098a-498d-9f3f-24d1f79c4dac",
    "color" : "#FFFFFF",
    "position" : {
      "x" : 19.562305,
      "y" : 19.562305,
      "z" : -19.562305
    }
  }, {
    "shape" : "2326ddcf-098a-498d-9f3f-24d1f79c4dac",
    "color" : "#FFFFFF",
    "position" : {
      "x" : 19.562305,
      "y" : -19.562305,
      "z" : -19.562305
    }
  }, {
    "shape" : "8e6043e2-6a2e-4028-b39a-462c46c88226",
    "color" : "#0033FF",
    "position" : {
      "x" : 17.944271,
      "y" : -15.944272,
      "z" : 17.944271
    },
    "orientation" : 11
  }, {
    "shape" : "841513f7-999d-4dac-b381-529e277e0bf4",
    "color" : "#00CC00",
    "position" : {
      "x" : -15.944272,
      "y" : -17.944271,
      "z" : -15.944272
    },
    "orientation" : 21
  }, {
    "shape" : "2326ddcf-098a-498d-9f3f-24d1f79c4dac",
    "color" : "#FFFFFF",
    "position" : {
      "x" : -19.562305,
      "y" : 19.562305,
      "z" : -19.562305
    }
  }, {
    "shape" : "2326ddcf-098a-498d-9f3f-24d1f79c4dac",
    "color" : "#FFFFFF",
    "position" : {
      "x" : -19.562305,
      "y" : -19.562305,
      "z" : 19.562305
    }
  }, {
    "shape" : "55082751-359f-4ed7-81f8-da832eeaf321",
    "color" : "#FFFF00",
    "position" : {
      "x" : -16.326239,
      "y" : -18.562305,
      "z" : 16.944271
    },
    "orientation" : 16
  }, {
    "shape" : "482fed59-dbf0-44bb-95d7-0940ac558def",
    "color" : "#FFFF00",
    "position" : {
      "x" : -16.944271,
      "y" : -17.562305,
      "z" : 15.326238
    },
    "orientation" : 19
  }, {
    "shape" : "2326ddcf-098a-498d-9f3f-24d1f79c4dac",
    "color" : "#FFFFFF",
    "position" : {
      "x" : 7.708204,
      "y" : 15.416408,
      "z" : 12.472136
    }
  }, {
    "shape" : "17d201a0-285f-4ffd-afd5-6b3f8c202190",
    "color" : "#666666",
    "position" : {
      "x" : 19.562305,
      "y" : 10.326238,
      "z" : 10.326238
    },
    "orientation" : 3
  }, {
    "shape" : "15f5a1cc-cba6-40e6-96ef-aa84e5916d2c",
    "color" : "#666666",
    "position" : {
      "x" : 12.09017,
      "y" : 31.652475,
      "z" : 0.0
    },
    "orientation" : 7
  }, {
    "shape" : "62a745f9-a736-4437-8330-c8c4d944325e",
    "color" : "#666666",
    "position" : {
      "x" : -18.36068,
      "y" : 7.708204,
      "z" : 15.416408
    },
    "orientation" : 2
  }, {
    "shape" : "55082751-359f-4ed7-81f8-da832eeaf321",
    "color" : "#FF6600",
    "position" : {
      "x" : -28.416409,
      "y" : 1.0,
      "z" : -9.472136
    },
    "orientation" : 38
  }, {
    "shape" : "49d26d89-adcc-4ee1-b8d8-6578991ddf29",
    "color" : "#666666",
    "position" : {
      "x" : -12.09017,
      "y" : 31.652475,
      "z" : 0.0
    },
    "orientation" : 9
  }, {
    "shape" : "841513f7-999d-4dac-b381-529e277e0bf4",
    "color" : "#FF6600",
    "position" : {
      "x" : 17.944271,
      "y" : 15.944272,
      "z" : -15.944272
    },
    "orientation" : 8
  }, {
    "shape" : "2326ddcf-098a-498d-9f3f-24d1f79c4dac",
    "color" : "#FFFFFF",
    "position" : {
      "x" : 31.652475,
      "y" : 0.0,
      "z" : 12.09017
    }
  }, {
    "shape" : "2326ddcf-098a-498d-9f3f-24d1f79c4dac",
    "color" : "#FFFFFF",
    "position" : {
      "x" : 12.472136,
      "y" : 32.652477,
      "z" : 0.0
    }
  }, {
    "shape" : "55082751-359f-4ed7-81f8-da832eeaf321",
    "color" : "#00CC00",
    "position" : {
      "x" : 27.416409,
      "y" : -0.618034,
      "z" : -12.09017
    },
    "orientation" : 25
  }, {
    "shape" : "8e6043e2-6a2e-4028-b39a-462c46c88226",
    "color" : "#FF6600",
    "position" : {
      "x" : 17.944271,
      "y" : 15.944272,
      "z" : -17.944271
    },
    "orientation" : 26
  }, {
    "shape" : "2326ddcf-098a-498d-9f3f-24d1f79c4dac",
    "color" : "#FFFFFF",
    "position" : {
      "x" : 2.854102,
      "y" : 1.763932,
      "z" : 24.18034
    }
  }, {
    "shape" : "8e6043e2-6a2e-4028-b39a-462c46c88226",
    "color" : "#FFFF00",
    "position" : {
      "x" : -18.562305,
      "y" : 16.944271,
      "z" : -16.326239
    },
    "orientation" : 45
  }, {
    "shape" : "8e6043e2-6a2e-4028-b39a-462c46c88226",
    "color" : "#0033FF",
    "position" : {
      "x" : -28.034441,
      "y" : 1.618034,
      "z" : 10.472136
    },
    "orientation" : 51
  }, {
    "shape" : "bf742fe9-b953-45e8-9ad7-60758186edf6",
    "color" : "#FFFF00",
    "position" : {
      "x" : 15.326238,
      "y" : 16.944271,
      "z" : 17.562305
    },
    "orientation" : 4
  }, {
    "shape" : "55082751-359f-4ed7-81f8-da832eeaf321",
    "color" : "#00CC00",
    "position" : {
      "x" : -1.0,
      "y" : -9.472136,
      "z" : 28.416409
    },
    "orientation" : 7
  }, {
    "shape" : "2326ddcf-098a-498d-9f3f-24d1f79c4dac",
    "color" : "#FFFFFF",
    "position" : {
      "x" : -19.562305,
      "y" : -19.562305,
      "z" : -19.562305
    }
  }, {
    "shape" : "bf742fe9-b953-45e8-9ad7-60758186edf6",
    "color" : "#FF6600",
    "position" : {
      "x" : -27.416409,
      "y" : -0.618034,
      "z" : -8.854102
    },
    "orientation" : 39
  }, {
    "shape" : "841513f7-999d-4dac-b381-529e277e0bf4",
    "color" : "#FFFF00",
    "position" : {
      "x" : -17.562305,
      "y" : 15.326238,
      "z" : -16.944271
    },
    "orientation" : 19
  }, {
    "shape" : "a97bcbad-1c96-4a7b-a417-d3dc2fe86b8d",
    "color" : "#666666",
    "position" : {
      "x" : 9.236068,
      "y" : 21.326239,
      "z" : -7.472136
    },
    "orientation" : 54
  }, {
    "shape" : "482fed59-dbf0-44bb-95d7-0940ac558def",
    "color" : "#00CC00",
    "position" : {
      "x" : -11.472136,
      "y" : 26.416409,
      "z" : 1.0
    },
    "orientation" : 38
  }, {
    "shape" : "55082751-359f-4ed7-81f8-da832eeaf321",
    "color" : "#CC0033",
    "position" : {
      "x" : -0.618034,
      "y" : 12.09017,
      "z" : -27.416409
    },
    "orientation" : 54
  }, {
    "shape" : "482fed59-dbf0-44bb-95d7-0940ac558def",
    "color" : "#CC0033",
    "position" : {
      "x" : -15.944272,
      "y" : 15.944272,
      "z" : 17.944271
    },
    "orientation" : 2
  }, {
    "shape" : "e117e01d-3572-492e-93ed-346dae361137",
    "color" : "#666666",
    "position" : {
      "x" : 0.0,
      "y" : 12.472136,
      "z" : 32.652477
    },
    "orientation" : 1
  }, {
    "shape" : "62d49081-4b4a-4c0e-8110-0d1d018999c3",
    "color" : "#666666",
    "position" : {
      "x" : 4.763932,
      "y" : 20.18034,
      "z" : -4.763932
    },
    "orientation" : 41
  }, {
    "shape" : "2326ddcf-098a-498d-9f3f-24d1f79c4dac",
    "color" : "#FFFFFF",
    "position" : {
      "x" : 0.0,
      "y" : 11.09017,
      "z" : 6.854102
    }
  }, {
    "shape" : "482fed59-dbf0-44bb-95d7-0940ac558def",
    "color" : "#FF6600",
    "position" : {
      "x" : 11.472136,
      "y" : -26.416409,
      "z" : 1.0
    },
    "orientation" : 8
  }, {
    "shape" : "482fed59-dbf0-44bb-95d7-0940ac558def",
    "color" : "#00CC00",
    "position" : {
      "x" : -15.944272,
      "y" : -15.944272,
      "z" : -17.944271
    },
    "orientation" : 17
  }, {
    "shape" : "841513f7-999d-4dac-b381-529e277e0bf4",
    "color" : "#FFFF00",
    "position" : {
      "x" : -15.326238,
      "y" : 16.944271,
      "z" : -17.562305
    },
    "orientation" : 3
  }, {
    "shape" : "c9d5a4ce-b5b7-4db3-8b95-a4830f2b7c5d",
    "color" : "#666666",
    "position" : {
      "x" : 9.527864,
      "y" : 22.0,
      "z" : -7.708204
    },
    "orientation" : 57
  }, {
    "shape" : "8e6043e2-6a2e-4028-b39a-462c46c88226",
    "color" : "#00CC00",
    "position" : {
      "x" : 28.034441,
      "y" : 1.618034,
      "z" : -10.472136
    },
    "orientation" : 6
  }, {
    "shape" : "bf742fe9-b953-45e8-9ad7-60758186edf6",
    "color" : "#FF6600",
    "position" : {
      "x" : 10.472136,
      "y" : -26.798374,
      "z" : -1.618034
    },
    "orientation" : 22
  }, {
    "shape" : "55082751-359f-4ed7-81f8-da832eeaf321",
    "color" : "#CC0033",
    "position" : {
      "x" : 28.416409,
      "y" : 1.0,
      "z" : 9.472136
    },
    "orientation" : 23
  }, {
    "shape" : "2326ddcf-098a-498d-9f3f-24d1f79c4dac",
    "color" : "#FFFFFF",
    "position" : {
      "x" : 19.562305,
      "y" : 19.562305,
      "z" : 19.562305
    }
  }, {
    "shape" : "62d49081-4b4a-4c0e-8110-0d1d018999c3",
    "color" : "#666666",
    "position" : {
      "x" : -12.472136,
      "y" : 17.236069,
      "z" : 0.0
    },
    "orientation" : 5
  }, {
    "shape" : "2326ddcf-098a-498d-9f3f-24d1f79c4dac",
    "color" : "#FFFFFF",
    "position" : {
      "x" : -13.854102,
      "y" : 19.562305,
      "z" : -4.618034
    }
  }, {
    "shape" : "841513f7-999d-4dac-b381-529e277e0bf4",
    "color" : "#00CC00",
    "position" : {
      "x" : -10.472136,
      "y" : 26.798374,
      "z" : -1.618034
    },
    "orientation" : 17
  }, {
    "shape" : "5b470354-c5c2-45e9-bf86-3d92ae237145",
    "color" : "#666666",
    "position" : {
      "x" : -19.562305,
      "y" : 19.562305,
      "z" : 19.562305
    },
    "orientation" : 6
  }, {
    "shape" : "2326ddcf-098a-498d-9f3f-24d1f79c4dac",
    "color" : "#FFFFFF",
    "position" : {
      "x" : -31.652475,
      "y" : 0.0,
      "z" : -12.09017
    }
  }, {
    "shape" : "4bf4470a-5f16-4dcb-9a75-63dbdb9e8315",
    "color" : "#666666",
    "position" : {
      "x" : -12.472136,
      "y" : 32.652477,
      "z" : 0.0
    },
    "orientation" : 9
  }, {
    "shape" : "8aa0a42d-2a10-4ee7-8cd3-6c71bd941d28",
    "color" : "#666666",
    "position" : {
      "x" : -4.618034,
      "y" : 19.562305,
      "z" : 4.618034
    },
    "orientation" : 47
  }, {
    "shape" : "bf742fe9-b953-45e8-9ad7-60758186edf6",
    "color" : "#FFFF00",
    "position" : {
      "x" : 16.944271,
