{
  "lighting": {
    "backgroundColor": "#9cc9f2",
    "ambientColor": "#333333",
    "directionalLights": [
      {
        "direction": [
          1,
          -1,
          -0.3
        ],
        "color": "#FDFDFD"
      },
      {
        "direction": [
          -1,
          0,
          -0.2
        ],
        "color": "#B5B5B5"
      },
      {
        "direction": [
          0,
          0,
          -1
        ],
        "color": "#303030"
      }
    ]
  },
  "camera": {
    "near": 0.2226123650031281,
    "far": 480.8427084067566,
    "width": 108.18960939152025,
    "distance": 240.4213542033783,
    "up": [
      -0.022091997520974085,
      -0.0358127654568535,
      -0.999114302507915
    ],
    "lookAt": [
      0,
      0,
      0
    ],
    "lookDir": [
      -0.2258856538245606,
      -0.9733370327641351,
      0.039883480868148975
    ],
    "perspective": true
  },
  "embedding": [
    1,
    0,
    0,
    0,
    0,
    1,
    0,
    0,
    0,
    0,
    1,
    0,
    0,
    0,
    0,
    1
  ],
  "orientations": [
    [
      1,
      0,
      0,
      0,
      0,
      1,
      0,
      0,
      0,
      0,
      1,
      0,
      0,
      0,
      0,
      1
    ],
    [
      0,
      0,
      1,
      0,
      1,
      0,
      0,
      0,
      0,
      1,
      0,
      0,
      0,
      0,
      0,
      1
    ],
    [
      0,
      1,
      0,
      0,
      0,
      0,
      1,
      0,
      1,
      0,
      0,
      0,
      0,
      0,
      0,
      1
    ],
    [
      0.8090169943749475,
      0.30901699437494745,
      0.5,
      0,
      0.30901699437494745,
      0.5,
      -0.8090169943749475,
      0,
      -0.5,
      0.8090169943749475,
      0.30901699437494745,
      0,
      0,
      0,
      0,
      1
    ],
    [
      -0.5,
      0.8090169943749475,
      0.30901699437494745,
      0,
      0.8090169943749475,
      0.30901699437494745,
      0.5,
      0,
      0.30901699437494745,
      0.5,
      -0.8090169943749475,
      0,
      0,
      0,
      0,
      1
    ],
    [
      0.30901699437494745,
      0.5,
      -0.8090169943749475,
      0,
      -0.5,
      0.8090169943749475,
      0.30901699437494745,
      0,
      0.8090169943749475,
      0.30901699437494745,
      0.5,
      0,
      0,
      0,
      0,
      1
    ],
    [
      0.5,
      0.8090169943749475,
      0.30901699437494745,
      0,
      0.8090169943749475,
      -0.30901699437494745,
      -0.5,
      0,
      -0.30901699437494745,
      0.5,
      -0.8090169943749475,
      0,
      0,
      0,
      0,
      1
    ],
    [
      -0.30901699437494745,
      0.5,
      -0.8090169943749475,
      0,
      0.5,
      0.8090169943749475,
      0.30901699437494745,
      0,
      0.8090169943749475,
      -0.30901699437494745,
      -0.5,
      0,
      0,
      0,
      0,
      1
    ],
    [
      0.8090169943749475,
      -0.30901699437494745,
      -0.5,
      0,
      -0.30901699437494745,
      0.5,
      -0.8090169943749475,
      0,
      0.5,
      0.8090169943749475,
      0.30901699437494745,
      0,
      0,
      0,
      0,
      1
    ],
    [
      0.5,
      0.8090169943749475,
      -0.30901699437494745,
      0,
      0.8090169943749475,
      -0.30901699437494745,
      0.5,
      0,
      0.30901699437494745,
      -0.5,
      -0.8090169943749475,
      0,
      0,
      0,
      0,
      1
    ],
    [
      0.30901699437494745,
      -0.5,
      -0.8090169943749475,
      0,
      0.5,
      0.8090169943749475,
      -0.30901699437494745,
      0,
      0.8090169943749475,
      -0.30901699437494745,
      0.5,
      0,
      0,
      0,
      0,
      1
    ],
    [
      0.8090169943749475,
      -0.30901699437494745,
      0.5,
      0,
      0.30901699437494745,
      -0.5,
      -0.8090169943749475,
      0,
      0.5,
      0.8090169943749475,
      -0.30901699437494745,
      0,
      0,
      0,
      0,
      1
    ],
    [
      0.8090169943749475,
      0.30901699437494745,
      -0.5,
      0,
      0.30901699437494745,
      0.5,
      0.8090169943749475,
      0,
      0.5,
      -0.8090169943749475,
      0.30901699437494745,
      0,
      0,
      0,
      0,
      1
    ],
    [
      0.5,
      -0.8090169943749475,
      0.30901699437494745,
      0,
      0.8090169943749475,
      0.30901699437494745,
      -0.5,
      0,
      0.30901699437494745,
      0.5,
      0.8090169943749475,
      0,
      0,
      0,
      0,
      1
    ],
    [
      0.30901699437494745,
      0.5,
      0.8090169943749475,
      0,
      0.5,
      -0.8090169943749475,
      0.30901699437494745,
      0,
      0.8090169943749475,
      0.30901699437494745,
      -0.5,
      0,
      0,
      0,
      0,
      1
    ],
    [
      1,
      0,
      0,
      0,
      0,
      -1,
      0,
      0,
      0,
      0,
      -1,
      0,
      0,
      0,
      0,
      1
    ],
    [
      0,
      0,
      1,
      0,
      -1,
      0,
      0,
      0,
      0,
      -1,
      0,
      0,
      0,
      0,
      0,
      1
    ],
    [
      0,
      1,
      0,
      0,
      0,
      0,
      -1,
      0,
      -1,
      0,
      0,
      0,
      0,
      0,
      0,
      1
    ],
    [
      0.8090169943749475,
      0.30901699437494745,
      0.5,
      0,
      -0.30901699437494745,
      -0.5,
      0.8090169943749475,
      0,
      0.5,
      -0.8090169943749475,
      -0.30901699437494745,
      0,
      0,
      0,
      0,
      1
    ],
    [
      -0.5,
      0.8090169943749475,
      0.30901699437494745,
      0,
      -0.8090169943749475,
      -0.30901699437494745,
      -0.5,
      0,
      -0.30901699437494745,
      -0.5,
      0.8090169943749475,
      0,
      0,
      0,
      0,
      1
    ],
    [
      0.30901699437494745,
      0.5,
      -0.8090169943749475,
      0,
      0.5,
      -0.8090169943749475,
      -0.30901699437494745,
      0,
      -0.8090169943749475,
      -0.30901699437494745,
      -0.5,
      0,
      0,
      0,
      0,
      1
    ],
    [
      0.5,
      0.8090169943749475,
      0.30901699437494745,
      0,
      -0.8090169943749475,
      0.30901699437494745,
      0.5,
      0,
      0.30901699437494745,
      -0.5,
      0.8090169943749475,
      0,
      0,
      0,
      0,
      1
    ],
    [
      -0.30901699437494745,
      0.5,
      -0.8090169943749475,
      0,
      -0.5,
      -0.8090169943749475,
      -0.30901699437494745,
      0,
      -0.8090169943749475,
      0.30901699437494745,
      0.5,
      0,
      0,
      0,
      0,
      1
    ],
    [
      0.8090169943749475,
      -0.30901699437494745,
      -0.5,
      0,
      0.30901699437494745,
      -0.5,
      0.8090169943749475,
      0,
      -0.5,
      -0.8090169943749475,
      -0.30901699437494745,
      0,
      0,
      0,
      0,
      1
    ],
    [
      0.5,
      0.8090169943749475,
      -0.30901699437494745,
      0,
      -0.8090169943749475,
      0.30901699437494745,
      -0.5,
      0,
      -0.30901699437494745,
      0.5,
      0.8090169943749475,
      0,
      0,
      0,
      0,
      1
    ],
    [
      0.30901699437494745,
      -0.5,
      -0.8090169943749475,
      0,
      -0.5,
      -0.8090169943749475,
      0.30901699437494745,
      0,
      -0.8090169943749475,
      0.30901699437494745,
      -0.5,
      0,
      0,
      0,
      0,
      1
    ],
    [
      0.8090169943749475,
      -0.30901699437494745,
      0.5,
      0,
      -0.30901699437494745,
      0.5,
      0.8090169943749475,
      0,
      -0.5,
      -0.8090169943749475,
      0.30901699437494745,
      0,
      0,
      0,
      0,
      1
    ],
    [
      0.8090169943749475,
      0.30901699437494745,
      -0.5,
      0,
      -0.30901699437494745,
      -0.5,
      -0.8090169943749475,
      0,
      -0.5,
      0.8090169943749475,
      -0.30901699437494745,
      0,
      0,
      0,
      0,
      1
    ],
    [
      0.5,
      -0.8090169943749475,
      0.30901699437494745,
      0,
      -0.8090169943749475,
      -0.30901699437494745,
      0.5,
      0,
      -0.30901699437494745,
      -0.5,
      -0.8090169943749475,
      0,
      0,
      0,
      0,
      1
    ],
    [
      0.30901699437494745,
      0.5,
      0.8090169943749475,
      0,
      -0.5,
      0.8090169943749475,
      -0.30901699437494745,
      0,
      -0.8090169943749475,
      -0.30901699437494745,
      0.5,
      0,
      0,
      0,
      0,
      1
    ],
    [
      -1,
      0,
      0,
      0,
      0,
      -1,
      0,
      0,
      0,
      0,
      1,
      0,
      0,
      0,
      0,
      1
    ],
    [
      0,
      0,
      -1,
      0,
      -1,
      0,
      0,
      0,
      0,
      1,
      0,
      0,
      0,
      0,
      0,
      1
    ],
    [
      0,
      -1,
      0,
      0,
      0,
      0,
      -1,
      0,
      1,
      0,
      0,
      0,
      0,
      0,
      0,
      1
    ],
    [
      -0.8090169943749475,
      -0.30901699437494745,
      -0.5,
      0,
      -0.30901699437494745,
      -0.5,
      0.8090169943749475,
      0,
      -0.5,
      0.8090169943749475,
      0.30901699437494745,
      0,
      0,
      0,
      0,
      1
    ],
    [
      0.5,
      -0.8090169943749475,
      -0.30901699437494745,
      0,
      -0.8090169943749475,
      -0.30901699437494745,
      -0.5,
      0,
      0.30901699437494745,
      0.5,
      -0.8090169943749475,
      0,
      0,
      0,
      0,
      1
    ],
    [
      -0.30901699437494745,
      -0.5,
      0.8090169943749475,
      0,
      0.5,
      -0.8090169943749475,
      -0.30901699437494745,
      0,
      0.8090169943749475,
      0.30901699437494745,
      0.5,
      0,
      0,
      0,
      0,
      1
    ],
    [
      -0.5,
      -0.8090169943749475,
      -0.30901699437494745,
      0,
      -0.8090169943749475,
      0.30901699437494745,
      0.5,
      0,
      -0.30901699437494745,
      0.5,
      -0.8090169943749475,
      0,
      0,
      0,
      0,
      1
    ],
    [
      0.30901699437494745,
      -0.5,
      0.8090169943749475,
      0,
      -0.5,
      -0.8090169943749475,
      -0.30901699437494745,
      0,
      0.8090169943749475,
      -0.30901699437494745,
      -0.5,
      0,
      0,
      0,
      0,
      1
    ],
    [
      -0.8090169943749475,
      0.30901699437494745,
      0.5,
      0,
      0.30901699437494745,
      -0.5,
      0.8090169943749475,
      0,
      0.5,
      0.8090169943749475,
      0.30901699437494745,
      0,
      0,
      0,
      0,
      1
    ],
    [
      -0.5,
      -0.8090169943749475,
      0.30901699437494745,
      0,
      -0.8090169943749475,
      0.30901699437494745,
      -0.5,
      0,
      0.30901699437494745,
      -0.5,
      -0.8090169943749475,
      0,
      0,
      0,
      0,
      1
    ],
    [
      -0.30901699437494745,
      0.5,
      0.8090169943749475,
      0,
      -0.5,
      -0.8090169943749475,
      0.30901699437494745,
      0,
      0.8090169943749475,
      -0.30901699437494745,
      0.5,
      0,
      0,
      0,
      0,
      1
    ],
    [
      -0.8090169943749475,
      0.30901699437494745,
      -0.5,
      0,
      -0.30901699437494745,
      0.5,
      0.8090169943749475,
      0,
      0.5,
      0.8090169943749475,
      -0.30901699437494745,
      0,
      0,
      0,
      0,
      1
    ],
    [
      -0.8090169943749475,
      -0.30901699437494745,
      0.5,
      0,
      -0.30901699437494745,
      -0.5,
      -0.8090169943749475,
      0,
      0.5,
      -0.8090169943749475,
      0.30901699437494745,
      0,
      0,
      0,
      0,
      1
    ],
    [
      -0.5,
      0.8090169943749475,
      -0.30901699437494745,
      0,
      -0.8090169943749475,
      -0.30901699437494745,
      0.5,
      0,
      0.30901699437494745,
      0.5,
      0.8090169943749475,
      0,
      0,
      0,
      0,
      1
    ],
    [
      -0.30901699437494745,
      -0.5,
      -0.8090169943749475,
      0,
      -0.5,
      0.8090169943749475,
      -0.30901699437494745,
      0,
      0.8090169943749475,
      0.30901699437494745,
      -0.5,
      0,
      0,
      0,
      0,
      1
    ],
    [
      -1,
      0,
      0,
      0,
      0,
      1,
      0,
      0,
      0,
      0,
      -1,
      0,
      0,
      0,
      0,
      1
    ],
    [
      0,
      0,
      -1,
      0,
      1,
      0,
      0,
      0,
      0,
      -1,
      0,
      0,
      0,
      0,
      0,
      1
    ],
    [
      0,
      -1,
      0,
      0,
      0,
      0,
      1,
      0,
      -1,
      0,
      0,
      0,
      0,
      0,
      0,
      1
    ],
    [
      -0.8090169943749475,
      -0.30901699437494745,
      -0.5,
      0,
      0.30901699437494745,
      0.5,
      -0.8090169943749475,
      0,
      0.5,
      -0.8090169943749475,
      -0.30901699437494745,
      0,
      0,
      0,
      0,
      1
    ],
    [
      0.5,
      -0.8090169943749475,
      -0.30901699437494745,
      0,
      0.8090169943749475,
      0.30901699437494745,
      0.5,
      0,
      -0.30901699437494745,
      -0.5,
      0.8090169943749475,
      0,
      0,
      0,
      0,
      1
    ],
    [
      -0.30901699437494745,
      -0.5,
      0.8090169943749475,
      0,
      -0.5,
      0.8090169943749475,
      0.30901699437494745,
      0,
      -0.8090169943749475,
      -0.30901699437494745,
      -0.5,
      0,
      0,
      0,
      0,
      1
    ],
    [
      -0.5,
      -0.8090169943749475,
      -0.30901699437494745,
      0,
      0.8090169943749475,
      -0.30901699437494745,
      -0.5,
      0,
      0.30901699437494745,
      -0.5,
      0.8090169943749475,
      0,
      0,
      0,
      0,
      1
    ],
    [
      0.30901699437494745,
      -0.5,
      0.8090169943749475,
      0,
      0.5,
      0.8090169943749475,
      0.30901699437494745,
      0,
      -0.8090169943749475,
      0.30901699437494745,
      0.5,
      0,
      0,
      0,
      0,
      1
    ],
    [
      -0.8090169943749475,
      0.30901699437494745,
      0.5,
      0,
      -0.30901699437494745,
      0.5,
      -0.8090169943749475,
      0,
      -0.5,
      -0.8090169943749475,
      -0.30901699437494745,
      0,
      0,
      0,
      0,
      1
    ],
    [
      -0.5,
      -0.8090169943749475,
      0.30901699437494745,
      0,
      0.8090169943749475,
      -0.30901699437494745,
      0.5,
      0,
      -0.30901699437494745,
      0.5,
      0.8090169943749475,
      0,
      0,
      0,
      0,
      1
    ],
    [
      -0.30901699437494745,
      0.5,
      0.8090169943749475,
      0,
      0.5,
      0.8090169943749475,
      -0.30901699437494745,
      0,
      -0.8090169943749475,
      0.30901699437494745,
      -0.5,
      0,
      0,
      0,
      0,
      1
    ],
    [
      -0.8090169943749475,
      0.30901699437494745,
      -0.5,
      0,
      0.30901699437494745,
      -0.5,
      -0.8090169943749475,
      0,
      -0.5,
      -0.8090169943749475,
      0.30901699437494745,
      0,
      0,
      0,
      0,
      1
    ],
    [
      -0.8090169943749475,
      -0.30901699437494745,
      0.5,
      0,
      0.30901699437494745,
      0.5,
      0.8090169943749475,
      0,
      -0.5,
      0.8090169943749475,
      -0.30901699437494745,
      0,
      0,
      0,
      0,
      1
    ],
    [
      -0.5,
      0.8090169943749475,
      -0.30901699437494745,
      0,
      0.8090169943749475,
      0.30901699437494745,
      -0.5,
      0,
      -0.30901699437494745,
      -0.5,
      -0.8090169943749475,
      0,
      0,
      0,
      0,
      1
    ],
    [
      -0.30901699437494745,
      -0.5,
      -0.8090169943749475,
      0,
      0.5,
      -0.8090169943749475,
      0.30901699437494745,
      0,
      -0.8090169943749475,
      -0.30901699437494745,
      0.5,
      0,
      0,
      0,
      0,
      1
    ]
  ],
  "polygons": true,
  "shapes": {
    "s7043085970184009": {
      "id": "s7043085970184009",
      "name": "ball",
      "vertices": [
        {
          "x": 0.30901700258255005,
          "y": -0.30901700258255005,
          "z": -0.30901700258255005
        },
        {
          "x": 0.5,
          "y": 0,
          "z": -0.19098301231861115
        },
        {
          "x": 0.5,
          "y": 0,
          "z": 0.19098301231861115
        },
        {
          "x": 0.30901700258255005,
          "y": -0.30901700258255005,
          "z": 0.30901700258255005
        },
        {
          "x": 0.19098301231861115,
          "y": -0.5,
          "z": 0
        },
        {
          "x": 0,
          "y": 0.19098301231861115,
          "z": 0.5
        },
        {
          "x": 0,
          "y": -0.19098301231861115,
          "z": 0.5
        },
        {
          "x": 0.30901700258255005,
          "y": 0.30901700258255005,
          "z": 0.30901700258255005
        },
        {
          "x": -0.30901700258255005,
          "y": -0.30901700258255005,
          "z": 0.30901700258255005
        },
        {
          "x": -0.30901700258255005,
          "y": 0.30901700258255005,
          "z": 0.30901700258255005
        },
        {
          "x": -0.5,
          "y": 0,
          "z": 0.19098301231861115
        },
        {
          "x": 0,
          "y": -0.19098301231861115,
          "z": -0.5
        },
        {
          "x": 0,
          "y": 0.19098301231861115,
          "z": -0.5
        },
        {
          "x": 0.30901700258255005,
          "y": 0.30901700258255005,
          "z": -0.30901700258255005
        },
        {
          "x": -0.30901700258255005,
          "y": -0.30901700258255005,
          "z": -0.30901700258255005
        },
        {
          "x": -0.19098301231861115,
          "y": -0.5,
          "z": 0
        },
        {
          "x": -0.5,
          "y": 0,
          "z": -0.19098301231861115
        },
        {
          "x": 0.19098301231861115,
          "y": 0.5,
          "z": 0
        },
        {
          "x": -0.30901700258255005,
          "y": 0.30901700258255005,
          "z": -0.30901700258255005
        },
        {
          "x": 0,
          "y": 0,
          "z": 0
        },
        {
          "x": -0.19098301231861115,
          "y": 0.5,
          "z": 0
        }
      ],
      "faces": [
        {
          "vertices": [
            0,
            1,
            2,
            3,
            4
          ]
        },
        {
          "vertices": [
            2,
            7,
            5,
            6,
            3
          ]
        },
        {
          "vertices": [
            5,
            9,
            10,
            8,
            6
          ]
        },
        {
          "vertices": [
            0,
            11,
            12,
            13,
            1
          ]
        },
        {
          "vertices": [
            0,
            4,
            15,
            14,
            11
          ]
        },
        {
          "vertices": [
            8,
            10,
            16,
            14,
            15
          ]
        },
        {
          "vertices": [
            1,
            13,
            17,
            7,
            2
          ]
        },
        {
          "vertices": [
            11,
            14,
            16,
            18,
            12
          ]
        },
        {
          "vertices": [
            5,
            7,
            17,
            20,
            9
          ]
        },
        {
          "vertices": [
            12,
            18,
            20,
            17,
            13
          ]
        },
        {
          "vertices": [
            9,
            20,
            18,
            16,
            10
          ]
        },
        {
          "vertices": [
            3,
            6,
            8,
            15,
            4
          ]
        }
      ]
    },
    "s22085624541933524": {
      "id": "s22085624541933524",
      "orbit": "[[0,0,1],[0,0,1]]",
      "length": "[4,-2,1]",
      "vertices": [
        {
          "x": 1,
          "y": 0.30901700258255005,
          "z": 0.19098301231861115
        },
        {
          "x": 1,
          "y": -0.30901700258255005,
          "z": 0.19098301231861115
        },
        {
          "x": 5.4721360206604,
          "y": -0.30901700258255005,
          "z": 0.19098301231861115
        },
        {
          "x": 5.4721360206604,
          "y": 0.30901700258255005,
          "z": 0.19098301231861115
        },
        {
          "x": 5.4721360206604,
          "y": -0.30901700258255005,
          "z": -0.19098301231861115
        },
        {
          "x": 5.4721360206604,
          "y": 0.30901700258255005,
          "z": -0.19098301231861115
        },
        {
          "x": 6.090169906616211,
          "y": 0,
          "z": 0
        },
        {
          "x": 0.3819660246372223,
          "y": 0,
          "z": 0
        },
        {
          "x": 1,
          "y": 0.30901700258255005,
          "z": -0.19098301231861115
        },
        {
          "x": 1,
          "y": -0.30901700258255005,
          "z": -0.19098301231861115
        },
        {
          "x": 6.4721360206604,
          "y": 0,
          "z": 0
        }
      ],
      "faces": [
        {
          "vertices": [
            0,
            1,
            2,
            3
          ]
        },
        {
          "vertices": [
            2,
            4,
            6
          ]
        },
        {
          "vertices": [
            7,
            8,
            9
          ]
        },
        {
          "vertices": [
            4,
            9,
            8,
            5
          ]
        },
        {
          "vertices": [
            1,
            9,
            4,
            2
          ]
        },
        {
          "vertices": [
            0,
            3,
            5,
            8
          ]
        },
        {
          "vertices": [
            1,
            7,
            9
          ]
        },
        {
          "vertices": [
            2,
            6,
            3
          ]
        },
        {
          "vertices": [
            0,
            7,
            1
          ]
        },
        {
          "vertices": [
            4,
            5,
            6
          ]
        },
        {
          "vertices": [
            0,
            8,
            7
          ]
        },
        {
          "vertices": [
            3,
            6,
            5
          ]
        }
      ]
    },
    "s7457519991527586": {
      "id": "s7457519991527586",
      "orbit": "[[0,0,1],[2,-1,1]]",
      "length": "[4,-2,1]",
      "vertices": [
        {
          "x": 5.236067771911621,
          "y": 0,
          "z": -2
        },
        {
          "x": 4.927051067352295,
          "y": 0,
          "z": -1.8819659948349
        },
        {
          "x": 4.522542476654053,
          "y": -0.15450850129127502,
          "z": -1.4409830570220947
        },
        {
          "x": 4.331559658050537,
          "y": -0.15450850129127502,
          "z": -1.9409830570220947
        },
        {
          "x": 0.9045084714889526,
          "y": -0.15450850129127502,
          "z": -0.05901699513196945
        },
        {
          "x": 0.80901700258255,
          "y": 0.30901700258255005,
          "z": -0.30901700258255005
        },
        {
          "x": 0.30901700258255005,
          "y": 0,
          "z": -0.1180339902639389
        },
        {
          "x": 4.427051067352295,
          "y": 0.30901700258255005,
          "z": -1.6909830570220947
        },
        {
          "x": 0.7135254740715027,
          "y": -0.15450850129127502,
          "z": -0.55901700258255
        }
      ],
      "faces": [
        {
          "vertices": [
            1,
            2,
            3
          ]
        },
        {
          "vertices": [
            4,
            5,
            6
          ]
        },
        {
          "vertices": [
            2,
            7,
            5,
            4
          ]
        },
        {
          "vertices": [
            4,
            6,
            8
          ]
        },
        {
          "vertices": [
            2,
            4,
            8,
            3
          ]
        },
        {
          "vertices": [
            1,
            7,
            2
          ]
        },
        {
          "vertices": [
            3,
            8,
            5,
            7
          ]
        },
        {
          "vertices": [
            5,
            8,
            6
          ]
        },
        {
          "vertices": [
            1,
            3,
            7
          ]
        }
      ]
    },
    "s6305963418565621": {
      "id": "s6305963418565621",
      "orbit": "[[-1,1,1],[0,0,1]]",
      "length": "[4,-2,1]",
      "vertices": [
        {
          "x": 0.9045084714889526,
          "y": 0.345491498708725,
          "z": 0.25
        },
        {
          "x": 4.522542476654053,
          "y": 2.581559419631958,
          "z": 0.25
        },
        {
          "x": 4.331559658050537,
          "y": 2.8905763626098633,
          "z": 0.25
        },
        {
          "x": 0.7135254740715027,
          "y": 0.6545084714889526,
          "z": 0.25
        },
        {
          "x": 0.80901700258255,
          "y": 0.5,
          "z": -0.30901700258255005
        },
        {
          "x": 0.9635254740715027,
          "y": 0.25,
          "z": -0.09549150615930557
        },
        {
          "x": 0.30901700258255005,
          "y": 0.19098301231861115,
          "z": 0
        },
        {
          "x": 4.927051067352295,
          "y": 3.0450849533081055,
          "z": 0
        },
        {
          "x": 4.272542476654053,
          "y": 2.9860680103302,
          "z": -0.09549150615930557
        },
        {
          "x": 4.427051067352295,
          "y": 2.7360680103302,
          "z": -0.30901700258255005
        },
        {
          "x": 5.236067771911621,
          "y": 3.2360680103302,
          "z": 0
        },
        {
          "x": 0.6545084714889526,
          "y": 0.75,
          "z": -0.09549150615930557
        },
        {
          "x": 4.581559658050537,
          "y": 2.4860680103302,
          "z": -0.09549150615930557
        }
      ],
      "faces": [
        {
          "vertices": [
            0,
            1,
            2,
            3
          ]
        },
        {
          "vertices": [
            4,
            5,
            6
          ]
        },
        {
          "vertices": [
            2,
            7,
            8
          ]
        },
        {
          "vertices": [
            0,
            6,
            5
          ]
        },
        {
          "vertices": [
            7,
            9,
            8
          ]
        },
        {
          "vertices": [
            2,
            8,
            11,
            3
          ]
        },
        {
          "vertices": [
            4,
            9,
            12,
            5
          ]
        },
        {
          "vertices": [
            7,
            12,
            9
          ]
        },
        {
          "vertices": [
            4,
            6,
            11
          ]
        },
        {
          "vertices": [
            0,
            3,
            6
          ]
        },
        {
          "vertices": [
            1,
            12,
            7
          ]
        },
        {
          "vertices": [
            3,
            11,
            6
          ]
        },
        {
          "vertices": [
            1,
            7,
            2
          ]
        },
        {
          "vertices": [
            4,
            11,
            8,
            9
          ]
        },
        {
          "vertices": [
            0,
            5,
            12,
            1
          ]
        }
      ]
    },
    "s3606990140314845": {
      "id": "s3606990140314845",
      "orbit": "[[-1,1,1],[0,0,1]]",
      "length": "[-6,4,1]",
      "vertices": [
        {
          "x": 0.9045084714889526,
          "y": 0.345491498708725,
          "z": 0.25
        },
        {
          "x": 2.5225424766540527,
          "y": 1.3454915285110474,
          "z": 0.25
        },
        {
          "x": 2.331559419631958,
          "y": 1.6545084714889526,
          "z": 0.25
        },
        {
          "x": 0.7135254740715027,
          "y": 0.6545084714889526,
          "z": 0.25
        },
        {
          "x": 0.80901700258255,
          "y": 0.5,
          "z": -0.30901700258255005
        },
        {
          "x": 0.9635254740715027,
          "y": 0.25,
          "z": -0.09549150615930557
        },
        {
          "x": 0.30901700258255005,
          "y": 0.19098301231861115,
          "z": 0
        },
        {
          "x": 2.927051067352295,
          "y": 1.8090169429779053,
          "z": 0
        },
        {
          "x": 2.2725424766540527,
          "y": 1.75,
          "z": -0.09549150615930557
        },
        {
          "x": 2.427051067352295,
          "y": 1.5,
          "z": -0.30901700258255005
        },
        {
          "x": 3.2360680103302,
          "y": 2,
          "z": 0
        },
        {
          "x": 0.6545084714889526,
          "y": 0.75,
          "z": -0.09549150615930557
        },
        {
          "x": 2.581559419631958,
          "y": 1.25,
          "z": -0.09549150615930557
        }
      ],
      "faces": [
        {
          "vertices": [
            0,
            1,
            2,
            3
          ]
        },
        {
          "vertices": [
            4,
            5,
            6
          ]
        },
        {
          "vertices": [
            2,
            7,
            8
          ]
        },
        {
          "vertices": [
            0,
            6,
            5
          ]
        },
        {
          "vertices": [
            7,
            9,
            8
          ]
        },
        {
          "vertices": [
            2,
            8,
            11,
            3
          ]
        },
        {
          "vertices": [
            4,
            9,
            12,
            5
          ]
        },
        {
          "vertices": [
            7,
            12,
            9
          ]
        },
        {
          "vertices": [
            4,
            6,
            11
          ]
        },
        {
          "vertices": [
            0,
            3,
            6
          ]
        },
        {
          "vertices": [
            1,
            12,
            7
          ]
        },
        {
          "vertices": [
            3,
            11,
            6
          ]
        },
        {
          "vertices": [
            1,
            7,
            2
          ]
        },
        {
          "vertices": [
            4,
            11,
            8,
            9
          ]
        },
        {
          "vertices": [
            0,
            5,
            12,
            1
          ]
        }
      ]
    },
    "s04719085869809625": {
      "id": "s04719085869809625",
      "orbit": "[[0,0,1],[0,0,1]]",
      "length": "[-2,2,1]",
      "vertices": [
        {
          "x": 1,
          "y": 0.30901700258255005,
          "z": 0.19098301231861115
        },
        {
          "x": 1,
          "y": -0.30901700258255005,
          "z": 0.19098301231861115
        },
        {
          "x": 9.472135543823242,
          "y": -0.30901700258255005,
          "z": 0.19098301231861115
        },
        {
          "x": 9.472135543823242,
          "y": 0.30901700258255005,
          "z": 0.19098301231861115
        },
        {
          "x": 9.472135543823242,
          "y": -0.30901700258255005,
          "z": -0.19098301231861115
        },
        {
          "x": 9.472135543823242,
          "y": 0.30901700258255005,
          "z": -0.19098301231861115
        },
        {
          "x": 10.090169906616211,
          "y": 0,
          "z": 0
        },
        {
          "x": 0.3819660246372223,
          "y": 0,
          "z": 0
        },
        {
          "x": 1,
          "y": 0.30901700258255005,
          "z": -0.19098301231861115
        },
        {
          "x": 1,
          "y": -0.30901700258255005,
          "z": -0.19098301231861115
        },
        {
          "x": 10.472135543823242,
          "y": 0,
          "z": 0
        }
      ],
      "faces": [
        {
          "vertices": [
            0,
            1,
            2,
            3
          ]
        },
        {
          "vertices": [
            2,
            4,
            6
          ]
        },
        {
          "vertices": [
            7,
            8,
            9
          ]
        },
        {
          "vertices": [
            4,
            9,
            8,
            5
          ]
        },
        {
          "vertices": [
            1,
            9,
            4,
            2
          ]
        },
        {
          "vertices": [
            0,
            3,
            5,
            8
          ]
        },
        {
          "vertices": [
            1,
            7,
            9
          ]
        },
        {
          "vertices": [
            2,
            6,
            3
          ]
        },
        {
          "vertices": [
            0,
            7,
            1
          ]
        },
        {
          "vertices": [
            4,
            5,
            6
          ]
        },
        {
          "vertices": [
            0,
            8,
            7
          ]
        },
        {
          "vertices": [
            3,
            6,
            5
          ]
        }
      ]
    },
    "s9238098716300833": {
      "id": "s9238098716300833",
      "orbit": "[[0,0,1],[2,-1,1]]",
      "length": "[-2,2,1]",
      "vertices": [
        {
          "x": 8.472135543823242,
          "y": 0,
          "z": -3.2360680103302
        },
        {
          "x": 8.163119316101074,
          "y": 0,
          "z": -3.1180338859558105
        },
        {
          "x": 7.758610248565674,
          "y": -0.15450850129127502,
          "z": -2.677051067352295
        },
        {
          "x": 7.567627429962158,
          "y": -0.15450850129127502,
          "z": -3.177051067352295
        },
        {
          "x": 0.9045084714889526,
          "y": -0.15450850129127502,
          "z": -0.05901699513196945
        },
        {
          "x": 0.80901700258255,
          "y": 0.30901700258255005,
          "z": -0.30901700258255005
        },
        {
          "x": 0.30901700258255005,
          "y": 0,
          "z": -0.1180339902639389
        },
        {
          "x": 7.663118839263916,
          "y": 0.30901700258255005,
          "z": -2.927051067352295
        },
        {
          "x": 0.7135254740715027,
          "y": -0.15450850129127502,
          "z": -0.55901700258255
        }
      ],
      "faces": [
        {
          "vertices": [
            1,
            2,
            3
          ]
        },
        {
          "vertices": [
            4,
            5,
            6
          ]
        },
        {
          "vertices": [
            2,
            7,
            5,
            4
          ]
        },
        {
          "vertices": [
            4,
            6,
            8
          ]
        },
        {
          "vertices": [
            2,
            4,
            8,
            3
          ]
        },
        {
          "vertices": [
            1,
            7,
            2
          ]
        },
        {
          "vertices": [
            3,
            8,
            5,
            7
          ]
        },
        {
          "vertices": [
            5,
            8,
            6
          ]
        },
        {
          "vertices": [
            1,
            3,
            7
          ]
        }
      ]
    },
    "s7006740066566044": {
      "id": "s7006740066566044",
      "orbit": "[[-1,1,1],[0,0,1]]",
      "length": "[-2,2,1]",
      "vertices": [
        {
          "x": 0.9045084714889526,
          "y": 0.345491498708725,
          "z": 0.25
        },
        {
          "x": 7.758610248565674,
          "y": 4.581559658050537,
          "z": 0.25
        },
        {
          "x": 7.567627429962158,
          "y": 4.890576362609863,
          "z": 0.25
        },
        {
          "x": 0.7135254740715027,
          "y": 0.6545084714889526,
          "z": 0.25
        },
        {
          "x": 0.80901700258255,
          "y": 0.5,
          "z": -0.30901700258255005
        },
        {
          "x": 0.9635254740715027,
          "y": 0.25,
          "z": -0.09549150615930557
        },
        {
          "x": 0.30901700258255005,
          "y": 0.19098301231861115,
          "z": 0
        },
        {
          "x": 8.163119316101074,
          "y": 5.0450849533081055,
          "z": 0
        },
        {
          "x": 7.508610248565674,
          "y": 4.986067771911621,
          "z": -0.09549150615930557
        },
        {
          "x": 7.663118839263916,
          "y": 4.736067771911621,
          "z": -0.30901700258255005
        },
        {
          "x": 8.472135543823242,
          "y": 5.236067771911621,
          "z": 0
        },
        {
          "x": 0.6545084714889526,
          "y": 0.75,
          "z": -0.09549150615930557
        },
        {
          "x": 7.817627429962158,
          "y": 4.486067771911621,
          "z": -0.09549150615930557
        }
      ],
      "faces": [
        {
          "vertices": [
            0,
            1,
            2,
            3
          ]
        },
        {
          "vertices": [
            4,
            5,
            6
          ]
        },
        {
          "vertices": [
            2,
            7,
            8
          ]
        },
        {
          "vertices": [
            0,
            6,
            5
          ]
        },
        {
          "vertices": [
            7,
            9,
            8
          ]
        },
        {
          "vertices": [
            2,
            8,
            11,
            3
          ]
        },
        {
          "vertices": [
            4,
            9,
            12,
            5
          ]
        },
        {
          "vertices": [
            7,
            12,
            9
          ]
        },
        {
          "vertices": [
            4,
            6,
            11
          ]
        },
        {
          "vertices": [
            0,
            3,
            6
          ]
        },
        {
          "vertices": [
            1,
            12,
            7
          ]
        },
        {
          "vertices": [
            3,
            11,
            6
          ]
        },
        {
          "vertices": [
            1,
            7,
            2
          ]
        },
        {
          "vertices": [
            4,
            11,
            8,
            9
          ]
        },
        {
          "vertices": [
            0,
            5,
            12,
            1
          ]
        }
      ]
    },
    "s958916301598876": {
      "id": "s958916301598876",
      "name": "ball",
      "vertices": [
        {
          "x": 0.30901700258255005,
          "y": -0.80901700258255,
          "z": 0.6180340051651001
        },
        {
          "x": 0.80901700258255,
          "y": -0.6180340051651001,
          "z": 0.30901700258255005
        },
        {
          "x": 0.6180340051651001,
          "y": -0.30901700258255005,
          "z": 0.80901700258255
        },
        {
          "x": 1,
