{
  "field" : "golden",
  "symmetry" : "icosahedral",
  "orientations" : [ [ 1.0, 0.0, 0.0, 0.0, 0.0, 1.0, 0.0, 0.0, 0.0, 0.0, 1.0, 0.0, 0.0, 0.0, 0.0, 1.0 ], [ 0.0, 0.0, 1.0, 0.0, 1.0, 0.0, 0.0, 0.0, 0.0, 1.0, 0.0, 0.0, 0.0, 0.0, 0.0, 1.0 ], [ 0.0, 1.0, 0.0, 0.0, 0.0, 0.0, 1.0, 0.0, 1.0, 0.0, 0.0, 0.0, 0.0, 0.0, 0.0, 1.0 ], [ 0.809017, 0.309017, 0.5, 0.0, 0.309017, 0.5, -0.809017, 0.0, -0.5, 0.809017, 0.309017, 0.0, 0.0, 0.0, 0.0, 1.0 ], [ -0.5, 0.809017, 0.309017, 0.0, 0.809017, 0.309017, 0.5, 0.0, 0.309017, 0.5, -0.809017, 0.0, 0.0, 0.0, 0.0, 1.0 ], [ 0.309017, 0.5, -0.809017, 0.0, -0.5, 0.809017, 0.309017, 0.0, 0.809017, 0.309017, 0.5, 0.0, 0.0, 0.0, 0.0, 1.0 ], [ 0.5, 0.809017, 0.309017, 0.0, 0.809017, -0.309017, -0.5, 0.0, -0.309017, 0.5, -0.809017, 0.0, 0.0, 0.0, 0.0, 1.0 ], [ -0.309017, 0.5, -0.809017, 0.0, 0.5, 0.809017, 0.309017, 0.0, 0.809017, -0.309017, -0.5, 0.0, 0.0, 0.0, 0.0, 1.0 ], [ 0.809017, -0.309017, -0.5, 0.0, -0.309017, 0.5, -0.809017, 0.0, 0.5, 0.809017, 0.309017, 0.0, 0.0, 0.0, 0.0, 1.0 ], [ 0.5, 0.809017, -0.309017, 0.0, 0.809017, -0.309017, 0.5, 0.0, 0.309017, -0.5, -0.809017, 0.0, 0.0, 0.0, 0.0, 1.0 ], [ 0.309017, -0.5, -0.809017, 0.0, 0.5, 0.809017, -0.309017, 0.0, 0.809017, -0.309017, 0.5, 0.0, 0.0, 0.0, 0.0, 1.0 ], [ 0.809017, -0.309017, 0.5, 0.0, 0.309017, -0.5, -0.809017, 0.0, 0.5, 0.809017, -0.309017, 0.0, 0.0, 0.0, 0.0, 1.0 ], [ 0.809017, 0.309017, -0.5, 0.0, 0.309017, 0.5, 0.809017, 0.0, 0.5, -0.809017, 0.309017, 0.0, 0.0, 0.0, 0.0, 1.0 ], [ 0.5, -0.809017, 0.309017, 0.0, 0.809017, 0.309017, -0.5, 0.0, 0.309017, 0.5, 0.809017, 0.0, 0.0, 0.0, 0.0, 1.0 ], [ 0.309017, 0.5, 0.809017, 0.0, 0.5, -0.809017, 0.309017, 0.0, 0.809017, 0.309017, -0.5, 0.0, 0.0, 0.0, 0.0, 1.0 ], [ 1.0, 0.0, 0.0, 0.0, 0.0, -1.0, 0.0, 0.0, 0.0, 0.0, -1.0, 0.0, 0.0, 0.0, 0.0, 1.0 ], [ 0.0, 0.0, 1.0, 0.0, -1.0, 0.0, 0.0, 0.0, 0.0, -1.0, 0.0, 0.0, 0.0, 0.0, 0.0, 1.0 ], [ 0.0, 1.0, 0.0, 0.0, 0.0, 0.0, -1.0, 0.0, -1.0, 0.0, 0.0, 0.0, 0.0, 0.0, 0.0, 1.0 ], [ 0.809017, 0.309017, 0.5, 0.0, -0.309017, -0.5, 0.809017, 0.0, 0.5, -0.809017, -0.309017, 0.0, 0.0, 0.0, 0.0, 1.0 ], [ -0.5, 0.809017, 0.309017, 0.0, -0.809017, -0.309017, -0.5, 0.0, -0.309017, -0.5, 0.809017, 0.0, 0.0, 0.0, 0.0, 1.0 ], [ 0.309017, 0.5, -0.809017, 0.0, 0.5, -0.809017, -0.309017, 0.0, -0.809017, -0.309017, -0.5, 0.0, 0.0, 0.0, 0.0, 1.0 ], [ 0.5, 0.809017, 0.309017, 0.0, -0.809017, 0.309017, 0.5, 0.0, 0.309017, -0.5, 0.809017, 0.0, 0.0, 0.0, 0.0, 1.0 ], [ -0.309017, 0.5, -0.809017, 0.0, -0.5, -0.809017, -0.309017, 0.0, -0.809017, 0.309017, 0.5, 0.0, 0.0, 0.0, 0.0, 1.0 ], [ 0.809017, -0.309017, -0.5, 0.0, 0.309017, -0.5, 0.809017, 0.0, -0.5, -0.809017, -0.309017, 0.0, 0.0, 0.0, 0.0, 1.0 ], [ 0.5, 0.809017, -0.309017, 0.0, -0.809017, 0.309017, -0.5, 0.0, -0.309017, 0.5, 0.809017, 0.0, 0.0, 0.0, 0.0, 1.0 ], [ 0.309017, -0.5, -0.809017, 0.0, -0.5, -0.809017, 0.309017, 0.0, -0.809017, 0.309017, -0.5, 0.0, 0.0, 0.0, 0.0, 1.0 ], [ 0.809017, -0.309017, 0.5, 0.0, -0.309017, 0.5, 0.809017, 0.0, -0.5, -0.809017, 0.309017, 0.0, 0.0, 0.0, 0.0, 1.0 ], [ 0.809017, 0.309017, -0.5, 0.0, -0.309017, -0.5, -0.809017, 0.0, -0.5, 0.809017, -0.309017, 0.0, 0.0, 0.0, 0.0, 1.0 ], [ 0.5, -0.809017, 0.309017, 0.0, -0.809017, -0.309017, 0.5, 0.0, -0.309017, -0.5, -0.809017, 0.0, 0.0, 0.0, 0.0, 1.0 ], [ 0.309017, 0.5, 0.809017, 0.0, -0.5, 0.809017, -0.309017, 0.0, -0.809017, -0.309017, 0.5, 0.0, 0.0, 0.0, 0.0, 1.0 ], [ -1.0, 0.0, 0.0, 0.0, 0.0, -1.0, 0.0, 0.0, 0.0, 0.0, 1.0, 0.0, 0.0, 0.0, 0.0, 1.0 ], [ 0.0, 0.0, -1.0, 0.0, -1.0, 0.0, 0.0, 0.0, 0.0, 1.0, 0.0, 0.0, 0.0, 0.0, 0.0, 1.0 ], [ 0.0, -1.0, 0.0, 0.0, 0.0, 0.0, -1.0, 0.0, 1.0, 0.0, 0.0, 0.0, 0.0, 0.0, 0.0, 1.0 ], [ -0.809017, -0.309017, -0.5, 0.0, -0.309017, -0.5, 0.809017, 0.0, -0.5, 0.809017, 0.309017, 0.0, 0.0, 0.0, 0.0, 1.0 ], [ 0.5, -0.809017, -0.309017, 0.0, -0.809017, -0.309017, -0.5, 0.0, 0.309017, 0.5, -0.809017, 0.0, 0.0, 0.0, 0.0, 1.0 ], [ -0.309017, -0.5, 0.809017, 0.0, 0.5, -0.809017, -0.309017, 0.0, 0.809017, 0.309017, 0.5, 0.0, 0.0, 0.0, 0.0, 1.0 ], [ -0.5, -0.809017, -0.309017, 0.0, -0.809017, 0.309017, 0.5, 0.0, -0.309017, 0.5, -0.809017, 0.0, 0.0, 0.0, 0.0, 1.0 ], [ 0.309017, -0.5, 0.809017, 0.0, -0.5, -0.809017, -0.309017, 0.0, 0.809017, -0.309017, -0.5, 0.0, 0.0, 0.0, 0.0, 1.0 ], [ -0.809017, 0.309017, 0.5, 0.0, 0.309017, -0.5, 0.809017, 0.0, 0.5, 0.809017, 0.309017, 0.0, 0.0, 0.0, 0.0, 1.0 ], [ -0.5, -0.809017, 0.309017, 0.0, -0.809017, 0.309017, -0.5, 0.0, 0.309017, -0.5, -0.809017, 0.0, 0.0, 0.0, 0.0, 1.0 ], [ -0.309017, 0.5, 0.809017, 0.0, -0.5, -0.809017, 0.309017, 0.0, 0.809017, -0.309017, 0.5, 0.0, 0.0, 0.0, 0.0, 1.0 ], [ -0.809017, 0.309017, -0.5, 0.0, -0.309017, 0.5, 0.809017, 0.0, 0.5, 0.809017, -0.309017, 0.0, 0.0, 0.0, 0.0, 1.0 ], [ -0.809017, -0.309017, 0.5, 0.0, -0.309017, -0.5, -0.809017, 0.0, 0.5, -0.809017, 0.309017, 0.0, 0.0, 0.0, 0.0, 1.0 ], [ -0.5, 0.809017, -0.309017, 0.0, -0.809017, -0.309017, 0.5, 0.0, 0.309017, 0.5, 0.809017, 0.0, 0.0, 0.0, 0.0, 1.0 ], [ -0.309017, -0.5, -0.809017, 0.0, -0.5, 0.809017, -0.309017, 0.0, 0.809017, 0.309017, -0.5, 0.0, 0.0, 0.0, 0.0, 1.0 ], [ -1.0, 0.0, 0.0, 0.0, 0.0, 1.0, 0.0, 0.0, 0.0, 0.0, -1.0, 0.0, 0.0, 0.0, 0.0, 1.0 ], [ 0.0, 0.0, -1.0, 0.0, 1.0, 0.0, 0.0, 0.0, 0.0, -1.0, 0.0, 0.0, 0.0, 0.0, 0.0, 1.0 ], [ 0.0, -1.0, 0.0, 0.0, 0.0, 0.0, 1.0, 0.0, -1.0, 0.0, 0.0, 0.0, 0.0, 0.0, 0.0, 1.0 ], [ -0.809017, -0.309017, -0.5, 0.0, 0.309017, 0.5, -0.809017, 0.0, 0.5, -0.809017, -0.309017, 0.0, 0.0, 0.0, 0.0, 1.0 ], [ 0.5, -0.809017, -0.309017, 0.0, 0.809017, 0.309017, 0.5, 0.0, -0.309017, -0.5, 0.809017, 0.0, 0.0, 0.0, 0.0, 1.0 ], [ -0.309017, -0.5, 0.809017, 0.0, -0.5, 0.809017, 0.309017, 0.0, -0.809017, -0.309017, -0.5, 0.0, 0.0, 0.0, 0.0, 1.0 ], [ -0.5, -0.809017, -0.309017, 0.0, 0.809017, -0.309017, -0.5, 0.0, 0.309017, -0.5, 0.809017, 0.0, 0.0, 0.0, 0.0, 1.0 ], [ 0.309017, -0.5, 0.809017, 0.0, 0.5, 0.809017, 0.309017, 0.0, -0.809017, 0.309017, 0.5, 0.0, 0.0, 0.0, 0.0, 1.0 ], [ -0.809017, 0.309017, 0.5, 0.0, -0.309017, 0.5, -0.809017, 0.0, -0.5, -0.809017, -0.309017, 0.0, 0.0, 0.0, 0.0, 1.0 ], [ -0.5, -0.809017, 0.309017, 0.0, 0.809017, -0.309017, 0.5, 0.0, -0.309017, 0.5, 0.809017, 0.0, 0.0, 0.0, 0.0, 1.0 ], [ -0.309017, 0.5, 0.809017, 0.0, 0.5, 0.809017, -0.309017, 0.0, -0.809017, 0.309017, -0.5, 0.0, 0.0, 0.0, 0.0, 1.0 ], [ -0.809017, 0.309017, -0.5, 0.0, 0.309017, -0.5, -0.809017, 0.0, -0.5, -0.809017, 0.309017, 0.0, 0.0, 0.0, 0.0, 1.0 ], [ -0.809017, -0.309017, 0.5, 0.0, 0.309017, 0.5, 0.809017, 0.0, -0.5, 0.809017, -0.309017, 0.0, 0.0, 0.0, 0.0, 1.0 ], [ -0.5, 0.809017, -0.309017, 0.0, 0.809017, 0.309017, -0.5, 0.0, -0.309017, -0.5, -0.809017, 0.0, 0.0, 0.0, 0.0, 1.0 ], [ -0.309017, -0.5, -0.809017, 0.0, 0.5, -0.809017, 0.309017, 0.0, -0.809017, -0.309017, 0.5, 0.0, 0.0, 0.0, 0.0, 1.0 ] ],
  "lights" : {
    "ambientColor" : "#292929",
    "backgroundColor" : "#AFC8DC",
    "directionalLights" : [ {
      "direction" : {
        "x" : 1.0,
        "y" : -1.0,
        "z" : -1.0
      },
      "color" : "#EBEBE4"
    }, {
      "direction" : {
        "x" : -1.0,
        "y" : 0.0,
        "z" : 0.0
      },
      "color" : "#E4E4EB"
    }, {
      "direction" : {
        "x" : 0.0,
        "y" : 0.0,
        "z" : -1.0
      },
      "color" : "#1E1E1E"
    } ]
  },
  "camera" : {
    "width" : 518.2059,
    "stereo" : false,
    "viewDistance" : 1151.5675,
    "nearClipDistance" : 2.8789225,
    "farClipDistance" : 2303.1304,
    "lookAtPoint" : {
      "x" : -64.92299,
      "y" : -46.978714,
      "z" : -76.01315
    },
    "fieldOfView" : 0.4426293,
    "perspective" : true,
    "lookDirection" : {
      "x" : -0.28704426,
      "y" : -0.9130419,
      "z" : -0.28977352
    },
    "upDirection" : {
      "x" : -0.5352989,
      "y" : -0.097975425,
      "z" : 0.8389603
    },
    "position" : {
      "x" : 265.62787,
      "y" : 1004.4506,
      "z" : 257.68063
    }
  },
  "embedding" : [ 1.0, 0.0, 0.0, 0.0, 0.0, 1.0, 0.0, 0.0, 0.0, 0.0, 1.0, 0.0, 0.0, 0.0, 0.0, 1.0 ],
  "shapes" : [ {
    "id" : "2e15143b-1919-4595-b7bd-09c9c666c95e",
    "vertices" : [ {
      "x" : 1.0,
      "y" : 0.309017,
      "z" : 0.19098301
    }, {
      "x" : 1.0,
      "y" : -0.309017,
      "z" : 0.19098301
    }, {
      "x" : 7.472136,
      "y" : -0.309017,
      "z" : 0.19098301
    }, {
      "x" : 7.472136,
      "y" : 0.309017,
      "z" : 0.19098301
    }, {
      "x" : 7.472136,
      "y" : -0.309017,
      "z" : -0.19098301
    }, {
      "x" : 7.472136,
      "y" : 0.309017,
      "z" : -0.19098301
    }, {
      "x" : 8.09017,
      "y" : 0.0,
      "z" : 0.0
    }, {
      "x" : 0.38196602,
      "y" : 0.0,
      "z" : 0.0
    }, {
      "x" : 1.0,
      "y" : 0.309017,
      "z" : -0.19098301
    }, {
      "x" : 1.0,
      "y" : -0.309017,
      "z" : -0.19098301
    }, {
      "x" : 8.472136,
      "y" : 0.0,
      "z" : 0.0
    } ],
    "faces" : [ {
      "vertices" : [ 1, 9, 4 ]
    }, {
      "vertices" : [ 1, 4, 2 ]
    }, {
      "vertices" : [ 0, 3, 5 ]
    }, {
      "vertices" : [ 0, 5, 8 ]
    }, {
      "vertices" : [ 1, 7, 9 ]
    }, {
      "vertices" : [ 0, 1, 2 ]
    }, {
      "vertices" : [ 0, 2, 3 ]
    }, {
      "vertices" : [ 7, 8, 9 ]
    }, {
      "vertices" : [ 0, 7, 1 ]
    }, {
      "vertices" : [ 4, 9, 8 ]
    }, {
      "vertices" : [ 4, 8, 5 ]
    }, {
      "vertices" : [ 2, 6, 3 ]
    }, {
      "vertices" : [ 2, 4, 6 ]
    }, {
      "vertices" : [ 3, 6, 5 ]
    }, {
      "vertices" : [ 4, 5, 6 ]
    }, {
      "vertices" : [ 0, 8, 7 ]
    } ]
  }, {
    "id" : "9383df78-8fef-4e52-bea9-11f397f6abc9",
    "vertices" : [ {
      "x" : -134.08205,
      "y" : 11.09017,
      "z" : 22.18034
    }, {
      "x" : -134.08205,
      "y" : 17.944271,
      "z" : 17.944271
    }, {
      "x" : -129.84598,
      "y" : 17.944271,
      "z" : 24.798374
    }, {
      "x" : -129.84598,
      "y" : 11.09017,
      "z" : 29.034441
    } ],
    "faces" : [ {
      "vertices" : [ 0, 1, 2 ]
    }, {
      "vertices" : [ 0, 2, 3 ]
    }, {
      "vertices" : [ 0, 3, 2 ]
    }, {
      "vertices" : [ 0, 2, 1 ]
    } ]
  }, {
    "id" : "d8c63cd3-ddb4-40c7-b996-32cd2b7082ee",
    "vertices" : [ {
      "x" : 1.0,
      "y" : 0.309017,
      "z" : 0.19098301
    }, {
      "x" : 1.0,
      "y" : -0.309017,
      "z" : 0.19098301
    }, {
      "x" : 21.18034,
      "y" : -0.309017,
      "z" : 0.19098301
    }, {
      "x" : 21.18034,
      "y" : 0.309017,
      "z" : 0.19098301
    }, {
      "x" : 21.18034,
      "y" : -0.309017,
      "z" : -0.19098301
    }, {
      "x" : 21.18034,
      "y" : 0.309017,
      "z" : -0.19098301
    }, {
      "x" : 21.798374,
      "y" : 0.0,
      "z" : 0.0
    }, {
      "x" : 0.38196602,
      "y" : 0.0,
      "z" : 0.0
    }, {
      "x" : 1.0,
      "y" : 0.309017,
      "z" : -0.19098301
    }, {
      "x" : 1.0,
      "y" : -0.309017,
      "z" : -0.19098301
    }, {
      "x" : 22.18034,
      "y" : 0.0,
      "z" : 0.0
    } ],
    "faces" : [ {
      "vertices" : [ 1, 9, 4 ]
    }, {
      "vertices" : [ 1, 4, 2 ]
    }, {
      "vertices" : [ 0, 3, 5 ]
    }, {
      "vertices" : [ 0, 5, 8 ]
    }, {
      "vertices" : [ 1, 7, 9 ]
    }, {
      "vertices" : [ 0, 1, 2 ]
    }, {
      "vertices" : [ 0, 2, 3 ]
    }, {
      "vertices" : [ 7, 8, 9 ]
    }, {
      "vertices" : [ 0, 7, 1 ]
    }, {
      "vertices" : [ 4, 9, 8 ]
    }, {
      "vertices" : [ 4, 8, 5 ]
    }, {
      "vertices" : [ 2, 6, 3 ]
    }, {
      "vertices" : [ 2, 4, 6 ]
    }, {
      "vertices" : [ 3, 6, 5 ]
    }, {
      "vertices" : [ 4, 5, 6 ]
    }, {
      "vertices" : [ 0, 8, 7 ]
    } ]
  }, {
    "id" : "5b644afc-702e-4404-818f-c63b2aca4581",
    "vertices" : [ {
      "x" : -147.79024,
      "y" : -134.08205,
      "z" : -17.944271
    }, {
      "x" : -147.79024,
      "y" : -111.9017,
      "z" : -17.944271
    }, {
      "x" : -152.0263,
      "y" : -111.9017,
      "z" : -24.798374
    }, {
      "x" : -152.0263,
      "y" : -134.08205,
      "z" : -24.798374
    } ],
    "faces" : [ {
      "vertices" : [ 0, 1, 2 ]
    }, {
      "vertices" : [ 0, 2, 3 ]
    }, {
      "vertices" : [ 0, 3, 2 ]
    }, {
      "vertices" : [ 0, 2, 1 ]
    } ]
  }, {
    "id" : "75bc292d-84a6-47fa-b0ea-9e26c6962945",
    "vertices" : [ {
      "x" : 0.309017,
      "y" : -0.309017,
      "z" : -0.309017
    }, {
      "x" : 0.5,
      "y" : 0.0,
      "z" : -0.19098301
    }, {
      "x" : 0.5,
      "y" : 0.0,
      "z" : 0.19098301
    }, {
      "x" : 0.309017,
      "y" : -0.309017,
      "z" : 0.309017
    }, {
      "x" : 0.19098301,
      "y" : -0.5,
      "z" : 0.0
    }, {
      "x" : 0.0,
      "y" : 0.19098301,
      "z" : 0.5
    }, {
      "x" : 0.0,
      "y" : -0.19098301,
      "z" : 0.5
    }, {
      "x" : 0.309017,
      "y" : 0.309017,
      "z" : 0.309017
    }, {
      "x" : -0.309017,
      "y" : -0.309017,
      "z" : 0.309017
    }, {
      "x" : -0.309017,
      "y" : 0.309017,
      "z" : 0.309017
    }, {
      "x" : -0.5,
      "y" : 0.0,
      "z" : 0.19098301
    }, {
      "x" : 0.0,
      "y" : -0.19098301,
      "z" : -0.5
    }, {
      "x" : 0.0,
      "y" : 0.19098301,
      "z" : -0.5
    }, {
      "x" : 0.309017,
      "y" : 0.309017,
      "z" : -0.309017
    }, {
      "x" : -0.309017,
      "y" : -0.309017,
      "z" : -0.309017
    }, {
      "x" : -0.19098301,
      "y" : -0.5,
      "z" : 0.0
    }, {
      "x" : -0.5,
      "y" : 0.0,
      "z" : -0.19098301
    }, {
      "x" : 0.19098301,
      "y" : 0.5,
      "z" : 0.0
    }, {
      "x" : -0.309017,
      "y" : 0.309017,
      "z" : -0.309017
    }, {
      "x" : 0.0,
      "y" : 0.0,
      "z" : 0.0
    }, {
      "x" : -0.19098301,
      "y" : 0.5,
      "z" : 0.0
    } ],
    "faces" : [ {
      "vertices" : [ 12, 18, 20 ]
    }, {
      "vertices" : [ 12, 20, 17 ]
    }, {
      "vertices" : [ 12, 17, 13 ]
    }, {
      "vertices" : [ 3, 6, 8 ]
    }, {
      "vertices" : [ 3, 8, 15 ]
    }, {
      "vertices" : [ 3, 15, 4 ]
    }, {
      "vertices" : [ 0, 11, 12 ]
    }, {
      "vertices" : [ 0, 12, 13 ]
    }, {
      "vertices" : [ 0, 13, 1 ]
    }, {
      "vertices" : [ 5, 9, 10 ]
    }, {
      "vertices" : [ 5, 10, 8 ]
    }, {
      "vertices" : [ 5, 8, 6 ]
    }, {
      "vertices" : [ 2, 7, 5 ]
    }, {
      "vertices" : [ 2, 5, 6 ]
    }, {
      "vertices" : [ 2, 6, 3 ]
    }, {
      "vertices" : [ 11, 14, 16 ]
    }, {
      "vertices" : [ 11, 16, 18 ]
    }, {
      "vertices" : [ 11, 18, 12 ]
    }, {
      "vertices" : [ 1, 13, 17 ]
    }, {
      "vertices" : [ 1, 17, 7 ]
    }, {
      "vertices" : [ 1, 7, 2 ]
    }, {
      "vertices" : [ 9, 20, 18 ]
    }, {
      "vertices" : [ 9, 18, 16 ]
    }, {
      "vertices" : [ 9, 16, 10 ]
    }, {
      "vertices" : [ 0, 1, 2 ]
    }, {
      "vertices" : [ 0, 2, 3 ]
    }, {
      "vertices" : [ 0, 3, 4 ]
    }, {
      "vertices" : [ 5, 7, 17 ]
    }, {
      "vertices" : [ 5, 17, 20 ]
    }, {
      "vertices" : [ 5, 20, 9 ]
    }, {
      "vertices" : [ 0, 4, 15 ]
    }, {
      "vertices" : [ 0, 15, 14 ]
    }, {
      "vertices" : [ 0, 14, 11 ]
    }, {
      "vertices" : [ 8, 10, 16 ]
    }, {
      "vertices" : [ 8, 16, 14 ]
    }, {
      "vertices" : [ 8, 14, 15 ]
    } ]
  }, {
    "id" : "e00fa8d0-5da0-419d-816d-9050eaed1585",
    "vertices" : [ {
      "x" : 0.9045085,
      "y" : 0.3454915,
      "z" : 0.25
    }, {
      "x" : 6.1405764,
      "y" : 3.5815594,
      "z" : 0.25
    }, {
      "x" : 5.9495935,
      "y" : 3.8905764,
      "z" : 0.25
    }, {
      "x" : 0.7135255,
      "y" : 0.6545085,
      "z" : 0.25
    }, {
      "x" : 0.809017,
      "y" : 0.5,
      "z" : -0.309017
    }, {
      "x" : 0.9635255,
      "y" : 0.25,
      "z" : -0.095491506
    }, {
      "x" : 0.309017,
      "y" : 0.19098301,
      "z" : 0.0
    }, {
      "x" : 6.545085,
      "y" : 4.045085,
      "z" : 0.0
    }, {
      "x" : 5.8905764,
      "y" : 3.986068,
      "z" : -0.095491506
    }, {
      "x" : 6.045085,
      "y" : 3.736068,
      "z" : -0.309017
    }, {
      "x" : 6.854102,
      "y" : 4.236068,
      "z" : 0.0
    }, {
      "x" : 0.6545085,
      "y" : 0.75,
      "z" : -0.095491506
    }, {
      "x" : 6.1995935,
      "y" : 3.486068,
      "z" : -0.095491506
    } ],
    "faces" : [ {
      "vertices" : [ 4, 11, 8 ]
    }, {
      "vertices" : [ 4, 8, 9 ]
    }, {
      "vertices" : [ 0, 1, 2 ]
    }, {
      "vertices" : [ 0, 2, 3 ]
    }, {
      "vertices" : [ 0, 3, 6 ]
    }, {
      "vertices" : [ 1, 7, 2 ]
    }, {
      "vertices" : [ 0, 6, 5 ]
    }, {
      "vertices" : [ 4, 5, 6 ]
    }, {
      "vertices" : [ 2, 7, 8 ]
    }, {
      "vertices" : [ 0, 5, 12 ]
    }, {
      "vertices" : [ 0, 12, 1 ]
    }, {
      "vertices" : [ 1, 12, 7 ]
    }, {
      "vertices" : [ 3, 11, 6 ]
    }, {
      "vertices" : [ 4, 6, 11 ]
    }, {
      "vertices" : [ 7, 9, 8 ]
    }, {
      "vertices" : [ 2, 8, 11 ]
    }, {
      "vertices" : [ 2, 11, 3 ]
    }, {
      "vertices" : [ 7, 12, 9 ]
    }, {
      "vertices" : [ 4, 9, 12 ]
    }, {
      "vertices" : [ 4, 12, 5 ]
    } ]
  }, {
    "id" : "1270790e-5cd8-4f2a-a191-2c4a2fab2d76",
    "vertices" : [ {
      "x" : 1.0,
      "y" : 0.309017,
      "z" : 0.19098301
    }, {
      "x" : 1.0,
      "y" : -0.309017,
      "z" : 0.19098301
    }, {
      "x" : 12.708204,
      "y" : -0.309017,
      "z" : 0.19098301
    }, {
      "x" : 12.708204,
      "y" : 0.309017,
      "z" : 0.19098301
    }, {
      "x" : 12.708204,
      "y" : -0.309017,
      "z" : -0.19098301
    }, {
      "x" : 12.708204,
      "y" : 0.309017,
      "z" : -0.19098301
    }, {
      "x" : 13.326238,
      "y" : 0.0,
      "z" : 0.0
    }, {
      "x" : 0.38196602,
      "y" : 0.0,
      "z" : 0.0
    }, {
      "x" : 1.0,
      "y" : 0.309017,
      "z" : -0.19098301
    }, {
      "x" : 1.0,
      "y" : -0.309017,
      "z" : -0.19098301
    }, {
      "x" : 13.708204,
      "y" : 0.0,
      "z" : 0.0
    } ],
    "faces" : [ {
      "vertices" : [ 1, 9, 4 ]
    }, {
      "vertices" : [ 1, 4, 2 ]
    }, {
      "vertices" : [ 0, 3, 5 ]
    }, {
      "vertices" : [ 0, 5, 8 ]
    }, {
      "vertices" : [ 1, 7, 9 ]
    }, {
      "vertices" : [ 0, 1, 2 ]
    }, {
      "vertices" : [ 0, 2, 3 ]
    }, {
      "vertices" : [ 7, 8, 9 ]
    }, {
      "vertices" : [ 0, 7, 1 ]
    }, {
      "vertices" : [ 4, 9, 8 ]
    }, {
      "vertices" : [ 4, 8, 5 ]
    }, {
      "vertices" : [ 2, 6, 3 ]
    }, {
      "vertices" : [ 2, 4, 6 ]
    }, {
      "vertices" : [ 3, 6, 5 ]
    }, {
      "vertices" : [ 4, 5, 6 ]
    }, {
      "vertices" : [ 0, 8, 7 ]
    } ]
  }, {
    "id" : "8b9198e6-499f-403a-9092-ceedf25ec92c",
    "vertices" : [ {
      "x" : -147.79024,
      "y" : -105.0476,
      "z" : -22.18034
    }, {
      "x" : -147.79024,
      "y" : -111.9017,
      "z" : -17.944271
    }, {
      "x" : -152.0263,
      "y" : -111.9017,
      "z" : -24.798374
    }, {
      "x" : -152.0263,
      "y" : -105.0476,
      "z" : -29.034441
    } ],
    "faces" : [ {
      "vertices" : [ 0, 1, 2 ]
    }, {
      "vertices" : [ 0, 2, 3 ]
    }, {
      "vertices" : [ 0, 3, 2 ]
    }, {
      "vertices" : [ 0, 2, 1 ]
    } ]
  }, {
    "id" : "72f10f1b-e0db-4386-8a02-b7c2a1edf2f3",
    "vertices" : [ {
      "x" : 76.01315,
      "y" : -46.978714,
      "z" : -71.777084
    }, {
      "x" : 76.01315,
      "y" : -40.12461,
      "z" : -76.01315
    }, {
      "x" : 71.777084,
      "y" : -40.12461,
      "z" : -69.15905
    }, {
      "x" : 64.92299,
      "y" : -51.214783,
      "z" : -51.214783
    }, {
      "x" : 64.92299,
      "y" : -58.068882,
      "z" : -46.978714
    }, {
      "x" : 69.15905,
      "y" : -58.068882,
      "z" : -53.832817
    } ],
    "faces" : [ {
      "vertices" : [ 0, 1, 2 ]
    }, {
      "vertices" : [ 0, 2, 3 ]
    }, {
      "vertices" : [ 0, 3, 4 ]
    }, {
      "vertices" : [ 0, 4, 5 ]
    }, {
      "vertices" : [ 0, 5, 4 ]
    }, {
      "vertices" : [ 0, 4, 3 ]
    }, {
      "vertices" : [ 0, 3, 2 ]
    }, {
      "vertices" : [ 0, 2, 1 ]
    } ]
  }, {
    "id" : "f5ecb194-dc9a-4e0d-a80a-f03ef2212bdd",
    "vertices" : [ {
      "x" : 11.09017,
      "y" : -78.63119,
      "z" : -35.888542
    }, {
      "x" : 17.944271,
      "y" : -76.01315,
      "z" : -40.12461
    }, {
      "x" : 17.944271,
      "y" : -69.15905,
      "z" : -35.888542
    }, {
      "x" : 11.09017,
      "y" : -71.777084,
      "z" : -31.652475
    } ],
    "faces" : [ {
      "vertices" : [ 0, 1, 2 ]
    }, {
      "vertices" : [ 0, 2, 3 ]
    }, {
      "vertices" : [ 0, 3, 2 ]
    }, {
      "vertices" : [ 0, 2, 1 ]
    } ]
  }, {
    "id" : "17faf60f-e6fe-4a59-9172-151d2f6671c5",
    "vertices" : [ {
      "x" : 11.09017,
      "y" : -78.63119,
      "z" : -35.888542
    }, {
      "x" : 4.236068,
      "y" : -89.72136,
      "z" : -17.944271
    }, {
      "x" : 4.236068,
      "y" : -82.867256,
      "z" : -13.708204
    }, {
      "x" : 11.09017,
      "y" : -71.777084,
      "z" : -31.652475
    } ],
    "faces" : [ {
      "vertices" : [ 0, 1, 2 ]
    }, {
      "vertices" : [ 0, 2, 3 ]
    }, {
      "vertices" : [ 0, 3, 2 ]
    }, {
      "vertices" : [ 0, 2, 1 ]
    } ]
  }, {
    "id" : "3eb30df0-bd63-45a5-a27b-e653810922db",
    "vertices" : [ {
      "x" : -105.0476,
      "y" : 22.18034,
      "z" : 40.12461
    }, {
      "x" : -111.9017,
      "y" : 17.944271,
      "z" : 40.12461
    }, {
      "x" : -105.0476,
      "y" : 13.708204,
      "z" : 40.12461
    }, {
      "x" : -82.867256,
      "y" : 13.708204,
      "z" : 40.12461
    }, {
      "x" : -76.01315,
      "y" : 17.944271,
      "z" : 40.12461
    }, {
      "x" : -82.867256,
      "y" : 22.18034,
      "z" : 40.12461
    } ],
    "faces" : [ {
      "vertices" : [ 0, 1, 2 ]
    }, {
      "vertices" : [ 0, 2, 3 ]
    }, {
      "vertices" : [ 0, 3, 4 ]
    }, {
      "vertices" : [ 0, 4, 5 ]
    }, {
      "vertices" : [ 0, 5, 4 ]
    }, {
      "vertices" : [ 0, 4, 3 ]
    }, {
      "vertices" : [ 0, 3, 2 ]
    }, {
      "vertices" : [ 0, 2, 1 ]
    } ]
  }, {
    "id" : "1ad6382a-2b3e-4128-8787-9d8849648726",
    "vertices" : [ {
      "x" : 35.888542,
      "y" : -111.9017,
      "z" : -11.09017
    }, {
      "x" : 40.12461,
      "y" : -111.9017,
      "z" : -17.944271
    }, {
      "x" : 51.214783,
      "y" : -93.95743,
      "z" : -11.09017
    }, {
      "x" : 46.978714,
      "y" : -93.95743,
      "z" : -4.236068
    } ],
    "faces" : [ {
      "vertices" : [ 0, 1, 2 ]
    }, {
      "vertices" : [ 0, 2, 3 ]
    }, {
      "vertices" : [ 0, 3, 2 ]
    }, {
      "vertices" : [ 0, 2, 1 ]
    } ]
  }, {
    "id" : "830c00d9-604d-4d96-98c5-9b75139e97a6",
    "vertices" : [ {
      "x" : 4.236068,
      "y" : 69.15905,
      "z" : -93.95743
    }, {
      "x" : 11.09017,
      "y" : 64.92299,
      "z" : -93.95743
    }, {
      "x" : 11.09017,
      "y" : 64.92299,
      "z" : -116.137764
    }, {
      "x" : 4.236068,
      "y" : 69.15905,
      "z" : -116.137764
    } ],
    "faces" : [ {
      "vertices" : [ 0, 1, 2 ]
    }, {
      "vertices" : [ 0, 2, 3 ]
    }, {
      "vertices" : [ 0, 3, 2 ]
    }, {
      "vertices" : [ 0, 2, 1 ]
    } ]
  }, {
    "id" : "5d532fde-f2f8-4ff4-8200-695eb43b5a7a",
    "vertices" : [ {
      "x" : -152.0263,
      "y" : -11.09017,
      "z" : -158.88042
    }, {
      "x" : -152.0263,
      "y" : -4.236068,
      "z" : -163.11649
    }, {
      "x" : -158.88042,
      "y" : 0.0,
      "z" : -163.11649
    }, {
      "x" : -176.82469,
      "y" : -6.854102,
      "z" : -152.0263
    }, {
      "x" : -176.82469,
      "y" : -13.708204,
      "z" : -147.79024
    }, {
      "x" : -169.97058,
      "y" : -17.944271,
      "z" : -147.79024
    } ],
    "faces" : [ {
      "vertices" : [ 0, 1, 2 ]
    }, {
      "vertices" : [ 0, 2, 3 ]
    }, {
      "vertices" : [ 0, 3, 4 ]
    }, {
      "vertices" : [ 0, 4, 5 ]
    }, {
      "vertices" : [ 0, 5, 4 ]
    }, {
      "vertices" : [ 0, 4, 3 ]
    }, {
      "vertices" : [ 0, 3, 2 ]
    }, {
      "vertices" : [ 0, 2, 1 ]
    } ]
  }, {
    "id" : "27c66eb1-14e9-481e-bfeb-60b5eda09e4a",
    "vertices" : [ {
      "x" : 51.214783,
      "y" : -64.92299,
      "z" : -6.854102
    }, {
      "x" : 46.978714,
      "y" : -64.92299,
      "z" : 0.0
    }, {
      "x" : 46.978714,
      "y" : -87.103325,
      "z" : 0.0
    }, {
      "x" : 51.214783,
      "y" : -87.103325,
      "z" : -6.854102
    } ],
    "faces" : [ {
      "vertices" : [ 0, 1, 2 ]
    }, {
      "vertices" : [ 0, 2, 3 ]
    }, {
      "vertices" : [ 0, 3, 2 ]
    }, {
      "vertices" : [ 0, 2, 1 ]
    } ]
  }, {
    "id" : "fc5a20cd-f07e-4a4d-a811-3307453982ca",
    "vertices" : [ {
      "x" : -122.99187,
      "y" : 51.214783,
      "z" : -87.103325
    }, {
      "x" : -122.99187,
      "y" : 58.068882,
      "z" : -82.867256
    }, {
      "x" : -129.84598,
      "y" : 53.832817,
      "z" : -82.867256
    }, {
      "x" : -129.84598,
      "y" : 46.978714,
      "z" : -87.103325
    } ],
    "faces" : [ {
      "vertices" : [ 0, 1, 2 ]
    }, {
      "vertices" : [ 0, 2, 3 ]
    }, {
      "vertices" : [ 0, 3, 2 ]
    }, {
      "vertices" : [ 0, 2, 1 ]
    } ]
  }, {
    "id" : "546a98d3-a5b5-4d32-b8e3-ae12ba69a16c",
    "vertices" : [ {
      "x" : 17.944271,
      "y" : -140.93614,
      "z" : -129.84598
    }, {
      "x" : 22.18034,
      "y" : -140.93614,
      "z" : -122.99187
    }, {
      "x" : 11.09017,
      "y" : -158.88042,
      "z" : -116.137764
    }, {
      "x" : 6.854102,
      "y" : -158.88042,
      "z" : -122.99187
    } ],
    "faces" : [ {
      "vertices" : [ 0, 1, 2 ]
    }, {
      "vertices" : [ 0, 2, 3 ]
    }, {
      "vertices" : [ 0, 3, 2 ]
    }, {
      "vertices" : [ 0, 2, 1 ]
    } ]
  }, {
    "id" : "fc75275f-b018-40a6-83bd-e04f104b1a99",
    "vertices" : [ {
      "x" : 69.15905,
      "y" : -58.068882,
      "z" : -53.832817
    }, {
      "x" : 69.15905,
      "y" : -64.92299,
      "z" : -58.068882
    }, {
      "x" : 76.01315,
      "y" : -53.832817,
      "z" : -76.01315
    }, {
      "x" : 76.01315,
      "y" : -46.978714,
      "z" : -71.777084
    } ],
    "faces" : [ {
      "vertices" : [ 0, 1, 2 ]
    }, {
      "vertices" : [ 0, 2, 3 ]
    }, {
      "vertices" : [ 0, 3, 2 ]
    }, {
      "vertices" : [ 0, 2, 1 ]
    } ]
  }, {
    "id" : "f3d63943-c883-4875-8873-dd7a61afe106",
    "vertices" : [ {
      "x" : -89.72136,
      "y" : 4.236068,
      "z" : -4.236068
    }, {
      "x" : -93.95743,
      "y" : 11.09017,
      "z" : -6.854102
    }, {
      "x" : -100.81153,
      "y" : 6.854102,
      "z" : -6.854102
    }, {
      "x" : -96.57546,
      "y" : 0.0,
      "z" : -4.236068
    } ],
    "faces" : [ {
      "vertices" : [ 0, 1, 2 ]
    }, {
      "vertices" : [ 0, 2, 3 ]
    }, {
      "vertices" : [ 0, 3, 2 ]
    }, {
      "vertices" : [ 0, 2, 1 ]
    } ]
  }, {
    "id" : "71a390ab-98ab-49e0-9cc3-4741b18beebf",
    "vertices" : [ {
      "x" : -87.103325,
      "y" : -93.95743,
      "z" : 46.978714
    }, {
      "x" : -93.95743,
      "y" : -98.1935,
      "z" : 46.978714
    }, {
      "x" : -100.81153,
      "y" : -93.95743,
      "z" : 46.978714
    }, {
      "x" : -93.95743,
      "y" : -89.72136,
      "z" : 46.978714
    } ],
    "faces" : [ {
      "vertices" : [ 0, 1, 2 ]
    }, {
      "vertices" : [ 0, 2, 3 ]
    }, {
      "vertices" : [ 0, 3, 2 ]
    }, {
      "vertices" : [ 0, 2, 1 ]
    } ]
  }, {
    "id" : "380ba970-8018-4e9a-940e-44b17d3445f8",
    "vertices" : [ {
      "x" : -87.103325,
      "y" : 0.0,
      "z" : -199.00502
    }, {
      "x" : -76.01315,
      "y" : -17.944271,
      "z" : -192.15092
    }, {
      "x" : -82.867256,
      "y" : -22.18034,
      "z" : -192.15092
    }, {
      "x" : -93.95743,
      "y" : -4.236068,
      "z" : -199.00502
    } ],
    "faces" : [ {
      "vertices" : [ 0, 1, 2 ]
    }, {
      "vertices" : [ 0, 2, 3 ]
    }, {
      "vertices" : [ 0, 3, 2 ]
    }, {
      "vertices" : [ 0, 2, 1 ]
    } ]
  }, {
    "id" : "bde9ed9d-6a41-41ee-aafc-8d9819deb12f",
    "vertices" : [ {
      "x" : -89.72136,
      "y" : -98.1935,
      "z" : -147.79024
    }, {
      "x" : -82.867256,
      "y" : -87.103325,
      "z" : -165.73451
    }, {
      "x" : -89.72136,
      "y" : -82.867256,
      "z" : -165.73451
    }, {
      "x" : -96.57546,
      "y" : -93.95743,
      "z" : -147.79024
    } ],
    "faces" : [ {
      "vertices" : [ 0, 1, 2 ]
    }, {
      "vertices" : [ 0, 2, 3 ]
    }, {
      "vertices" : [ 0, 3, 2 ]
    }, {
      "vertices" : [ 0, 2, 1 ]
    } ]
  }, {
    "id" : "93f85d1f-61bb-49bb-8229-2464f5a9632d",
    "vertices" : [ {
      "x" : 4.236068,
      "y" : 40.12461,
      "z" : -134.08205
    }, {
      "x" : 4.236068,
      "y" : 46.978714,
      "z" : -138.3181
    }, {
      "x" : 11.09017,
      "y" : 58.068882,
      "z" : -120.37383
    }, {
      "x" : 11.09017,
      "y" : 51.214783,
      "z" : -116.137764
    } ],
    "faces" : [ {
      "vertices" : [ 0, 1, 2 ]
    }, {
      "vertices" : [ 0, 2, 3 ]
    }, {
      "vertices" : [ 0, 3, 2 ]
    }, {
      "vertices" : [ 0, 2, 1 ]
    } ]
  }, {
    "id" : "05775b51-3b7f-4338-86cf-82711664c797",
    "vertices" : [ {
      "x" : -118.7558,
      "y" : 29.034441,
      "z" : -93.95743
    }, {
      "x" : -129.84598,
      "y" : 46.978714,
      "z" : -87.103325
    }, {
      "x" : -122.99187,
      "y" : 51.214783,
      "z" : -87.103325
    }, {
      "x" : -111.9017,
      "y" : 33.27051,
      "z" : -93.95743
    } ],
    "faces" : [ {
      "vertices" : [ 0, 1, 2 ]
    }, {
      "vertices" : [ 0, 2, 3 ]
    }, {
      "vertices" : [ 0, 3, 2 ]
    }, {
      "vertices" : [ 0, 2, 1 ]
    } ]
  }, {
    "id" : "194092a5-14d7-4e2f-b838-d314c2df0756",
    "vertices" : [ {
      "x" : -6.854102,
      "y" : 0.0,
      "z" : -176.82469
    }, {
      "x" : 0.0,
      "y" : 4.236068,
      "z" : -176.82469
    }, {
      "x" : 0.0,
      "y" : 11.09017,
      "z" : -181.06076
    }, {
      "x" : -17.944271,
      "y" : 17.944271,
      "z" : -192.15092
    }, {
      "x" : -24.798374,
      "y" : 13.708204,
      "z" : -192.15092
    }, {
      "x" : -24.798374,
      "y" : 6.854102,
      "z" : -187.91486
    } ],
    "faces" : [ {
      "vertices" : [ 0, 1, 2 ]
    }, {
      "vertices" : [ 0, 2, 3 ]
    }, {
      "vertices" : [ 0, 3, 4 ]
    }, {
      "vertices" : [ 0, 4, 5 ]
    }, {
      "vertices" : [ 0, 5, 4 ]
    }, {
      "vertices" : [ 0, 4, 3 ]
    }, {
      "vertices" : [ 0, 3, 2 ]
    }, {
      "vertices" : [ 0, 2, 1 ]
    } ]
  }, {
    "id" : "3b4d5794-4cfe-4e4f-9024-e8d9e60352b4",
    "vertices" : [ {
      "x" : -122.99187,
      "y" : -129.84598,
      "z" : 11.09017
    }, {
      "x" : -118.7558,
      "y" : -129.84598,
      "z" : 17.944271
    }, {
      "x" : -111.9017,
      "y" : -134.08205,
      "z" : 17.944271
    }, {
      "x" : -116.137764,
      "y" : -134.08205,
      "z" : 11.09017
    } ],
    "faces" : [ {
      "vertices" : [ 0, 1, 2 ]
    }, {
      "vertices" : [ 0, 2, 3 ]
    }, {
      "vertices" : [ 0, 3, 2 ]
    }, {
      "vertices" : [ 0, 2, 1 ]
    } ]
  }, {
    "id" : "5fe74b97-0948-43b9-b659-e504f58c3c95",
    "vertices" : [ {
      "x" : 0.0,
      "y" : 46.978714,
      "z" : -145.17221
    }, {
      "x" : 0.0,
      "y" : 53.832817,
      "z" : -140.93614
    }, {
      "x" : -6.854102,
      "y" : 58.068882,
      "z" : -140.93614
    }, {
      "x" : -6.854102,
      "y" : 51.214783,
      "z" : -145.17221
    } ],
    "faces" : [ {
      "vertices" : [ 0, 1, 2 ]
    }, {
      "vertices" : [ 0, 2, 3 ]
    }, {
      "vertices" : [ 0, 3, 2 ]
    }, {
      "vertices" : [ 0, 2, 1 ]
    } ]
  }, {
    "id" : "4c5c8bde-8d8d-45ba-994d-4bbd0f08017a",
    "vertices" : [ {
      "x" : -58.068882,
      "y" : -46.978714,
      "z" : -167.35255
    }, {
      "x" : -53.832817,
      "y" : -53.832817,
      "z" : -169.97058
    }, {
      "x" : -60.686916,
      "y" : -58.068882,
      "z" : -169.97058
    }, {
      "x" : -64.92299,
      "y" : -51.214783,
      "z" : -167.35255
    } ],
    "faces" : [ {
      "vertices" : [ 0, 1, 2 ]
    }, {
      "vertices" : [ 0, 2, 3 ]
    }, {
      "vertices" : [ 0, 3, 2 ]
    }, {
      "vertices" : [ 0, 2, 1 ]
    } ]
  }, {
    "id" : "7a6946d0-a30a-4a4a-8afd-79af885d8b9a",
    "vertices" : [ {
      "x" : 29.034441,
      "y" : 22.18034,
      "z" : -140.93614
    }, {
      "x" : 35.888542,
      "y" : 17.944271,
      "z" : -140.93614
    }, {
      "x" : 40.12461,
      "y" : 17.944271,
      "z" : -134.08205
    }, {
      "x" : 33.27051,
      "y" : 22.18034,
      "z" : -134.08205
    } ],
    "faces" : [ {
      "vertices" : [ 0, 1, 2 ]
    }, {
      "vertices" : [ 0, 2, 3 ]
    }, {
      "vertices" : [ 0, 3, 2 ]
    }, {
      "vertices" : [ 0, 2, 1 ]
    } ]
  }, {
    "id" : "66abe193-2186-49cf-9bd3-f73c69af64e4",
    "vertices" : [ {
      "x" : -6.854102,
      "y" : -145.17221,
      "z" : -87.103325
    }, {
      "x" : -6.854102,
      "y" : -152.0263,
      "z" : -82.867256
    }, {
      "x" : 0.0,
      "y" : -147.79024,
      "z" : -82.867256
    }, {
      "x" : 0.0,
      "y" : -140.93614,
      "z" : -87.103325
    } ],
    "faces" : [ {
      "vertices" : [ 0, 1, 2 ]
    }, {
      "vertices" : [ 0, 2, 3 ]
    }, {
      "vertices" : [ 0, 3, 2 ]
    }, {
      "vertices" : [ 0, 2, 1 ]
    } ]
  }, {
    "id" : "483bd46e-b0dc-4c30-814d-56b186f30480",
    "vertices" : [ {
      "x" : -136.70007,
      "y" : 64.92299,
      "z" : -29.034441
    }, {
      "x" : -140.93614,
      "y" : 64.92299,
      "z" : -35.888542
    }, {
      "x" : -140.93614,
      "y" : 58.068882,
      "z" : -31.652475
    }, {
      "x" : -134.08205,
      "y" : 46.978714,
      "z" : -13.708204
    }, {
      "x" : -129.84598,
      "y" : 46.978714,
      "z" : -6.854102
    }, {
      "x" : -129.84598,
      "y" : 53.832817,
      "z" : -11.09017
    } ],
    "faces" : [ {
      "vertices" : [ 0, 1, 2 ]
    }, {
      "vertices" : [ 0, 2, 3 ]
    }, {
      "vertices" : [ 0, 3, 4 ]
    }, {
      "vertices" : [ 0, 4, 5 ]
    }, {
      "vertices" : [ 0, 5, 4 ]
    }, {
      "vertices" : [ 0, 4, 3 ]
    }, {
      "vertices" : [ 0, 3, 2 ]
    }, {
      "vertices" : [ 0, 2, 1 ]
    } ]
  }, {
    "id" : "5c62e7f0-d23f-4f59-a10e-9247a254f063",
    "vertices" : [ {
      "x" : -134.08205,
      "y" : -111.9017,
      "z" : -169.97058
    }, {
      "x" : -129.84598,
      "y" : -111.9017,
      "z" : -176.82469
    }, {
      "x" : -129.84598,
      "y" : -105.0476,
      "z" : -181.06076
    }, {
      "x" : -134.08205,
      "y" : -105.0476,
      "z" : -174.20665
    } ],
    "faces" : [ {
      "vertices" : [ 0, 1, 2 ]
    }, {
      "vertices" : [ 0, 2, 3 ]
    }, {
      "vertices" : [ 0, 3, 2 ]
    }, {
      "vertices" : [ 0, 2, 1 ]
    } ]
  }, {
    "id" : "266ec383-0ce7-48b2-9dad-9814c3bd117c",
    "vertices" : [ {
      "x" : -6.854102,
      "y" : -129.84598,
      "z" : -163.11649
    }, {
      "x" : -6.854102,
      "y" : -129.84598,
      "z" : -140.93614
    }, {
      "x" : -13.708204,
      "y" : -134.08205,
      "z" : -140.93614
    }, {
      "x" : -13.708204,
      "y" : -134.08205,
      "z" : -163.11649
    } ],
    "faces" : [ {
      "vertices" : [ 0, 1, 2 ]
    }, {
      "vertices" : [ 0, 2, 3 ]
    }, {
      "vertices" : [ 0, 3, 2 ]
    }, {
      "vertices" : [ 0, 2, 1 ]
    } ]
  }, {
    "id" : "4ea796d1-2732-4d14-afec-103167e5f7e0",
    "vertices" : [ {
      "x" : 33.27051,
      "y" : -35.888542,
      "z" : -17.944271
    }, {
      "x" : 40.12461,
      "y" : -40.12461,
      "z" : -17.944271
    }, {
      "x" : 35.888542,
      "y" : -40.12461,
      "z" : -11.09017
    }, {
      "x" : 29.034441,
      "y" : -35.888542,
      "z" : -11.09017
    } ],
    "faces" : [ {
      "vertices" : [ 0, 1, 2 ]
    }, {
      "vertices" : [ 0, 2, 3 ]
    }, {
      "vertices" : [ 0, 3, 2 ]
    }, {
      "vertices" : [ 0, 2, 1 ]
    } ]
  }, {
    "id" : "3fca694e-6446-4ab2-91ab-7675097ece50",
    "vertices" : [ {
      "x" : 6.854102,
      "y" : 64.92299,
      "z" : -122.99187
    }, {
      "x" : 11.09017,
      "y" : 64.92299,
      "z" : -116.137764
    }, {
      "x" : 11.09017,
      "y" : 58.068882,
      "z" : -120.37383
    }, {
      "x" : 4.236068,
      "y" : 46.978714,
      "z" : -138.3181
    }, {
      "x" : 0.0,
      "y" : 46.978714,
      "z" : -145.17221
    }, {
      "x" : 0.0,
      "y" : 53.832817,
      "z" : -140.93614
    } ],
    "faces" : [ {
      "vertices" : [ 0, 1, 2 ]
    }, {
      "vertices" : [ 0, 2, 3 ]
    }, {
      "vertices" : [ 0, 3, 4 ]
    }, {
      "vertices" : [ 0, 4, 5 ]
    }, {
      "vertices" : [ 0, 5, 4 ]
    }, {
      "vertices" : [ 0, 4, 3 ]
    }, {
      "vertices" : [ 0, 3, 2 ]
    }, {
      "vertices" : [ 0, 2, 1 ]
    } ]
  }, {
    "id" : "55bc3011-82ca-443a-8387-d9e223c7a201",
    "vertices" : [ {
      "x" : -13.708204,
      "y" : -118.7558,
      "z" : -51.214783
    }, {
      "x" : -24.798374,
      "y" : -136.70007,
      "z" : -58.068882
    }, {
      "x" : -29.034441,
      "y" : -136.70007,
      "z" : -51.214783
    }, {
      "x" : -17.944271,
      "y" : -118.7558,
      "z" : -44.36068
    } ],
    "faces" : [ {
      "vertices" : [ 0, 1, 2 ]
    }, {
      "vertices" : [ 0, 2, 3 ]
    }, {
      "vertices" : [ 0, 3, 2 ]
    }, {
      "vertices" : [ 0, 2, 1 ]
    } ]
  }, {
    "id" : "080701d2-7792-48c7-a817-a80b9a379a9a",
    "vertices" : [ {
      "x" : -64.92299,
      "y" : -42.742645,
      "z" : -216.9493
    }, {
      "x" : -71.777084,
      "y" : -46.978714,
      "z" : -216.9493
    }, {
      "x" : -71.777084,
      "y" : -40.12461,
      "z" : -212.71323
    }, {
      "x" : -60.686916,
      "y" : -22.18034,
      "z" : -205.85913
    }, {
      "x" : -53.832817,
      "y" : -17.944271,
      "z" : -205.85913
    }, {
      "x" : -53.832817,
      "y" : -24.798374,
      "z" : -210.0952
    } ],
    "faces" : [ {
      "vertices" : [ 0, 1, 2 ]
    }, {
      "vertices" : [ 0, 2, 3 ]
    }, {
      "vertices" : [ 0, 3, 4 ]
    }, {
      "vertices" : [ 0, 4, 5 ]
    }, {
      "vertices" : [ 0, 5, 4 ]
    }, {
      "vertices" : [ 0, 4, 3 ]
    }, {
      "vertices" : [ 0, 3, 2 ]
    }, {
      "vertices" : [ 0, 2, 1 ]
    } ]
  }, {
    "id" : "80ea6c09-0b01-4491-9662-1bb534066575",
    "vertices" : [ {
      "x" : 17.944271,
      "y" : 40.12461,
      "z" : -40.12461
    }, {
      "x" : 22.18034,
      "y" : 40.12461,
      "z" : -33.27051
    }, {
      "x" : 22.18034,
      "y" : 46.978714,
      "z" : -29.034441
    }, {
      "x" : 11.09017,
      "y" : 64.92299,
      "z" : -35.888542
    }, {
      "x" : 6.854102,
      "y" : 64.92299,
      "z" : -42.742645
    }, {
      "x" : 6.854102,
      "y" : 58.068882,
      "z" : -46.978714
    } ],
    "faces" : [ {
      "vertices" : [ 0, 1, 2 ]
    }, {
      "vertices" : [ 0, 2, 3 ]
    }, {
      "vertices" : [ 0, 3, 4 ]
    }, {
      "vertices" : [ 0, 4, 5 ]
    }, {
      "vertices" : [ 0, 5, 4 ]
    }, {
      "vertices" : [ 0, 4, 3 ]
    }, {
      "vertices" : [ 0, 3, 2 ]
    }, {
      "vertices" : [ 0, 2, 1 ]
    } ]
  }, {
    "id" : "1a270425-f108-4213-b6ba-146cb9e96ce4",
    "vertices" : [ {
      "x" : 46.978714,
      "y" : -29.034441,
      "z" : -22.18034
    }, {
      "x" : 53.832817,
      "y" : -24.798374,
      "z" : -22.18034
    }, {
      "x" : 46.978714,
      "y" : -13.708204,
      "z" : -4.236068
    }, {
      "x" : 40.12461,
      "y" : -17.944271,
      "z" : -4.236068
    } ],
    "faces" : [ {
      "vertices" : [ 0, 1, 2 ]
    }, {
      "vertices" : [ 0, 2, 3 ]
    }, {
      "vertices" : [ 0, 3, 2 ]
    }, {
      "vertices" : [ 0, 2, 1 ]
    } ]
  }, {
    "id" : "bcb3c8e8-bc33-4fc9-a252-6b5d3b9c76a7",
    "vertices" : [ {
      "x" : -118.7558,
      "y" : 64.92299,
      "z" : -93.95743
    }, {
      "x" : -118.7558,
