{
  "field" : "golden",
  "symmetry" : "icosahedral",
  "orientations" : [ [ 1.0, 0.0, 0.0, 0.0, 0.0, 1.0, 0.0, 0.0, 0.0, 0.0, 1.0, 0.0, 0.0, 0.0, 0.0, 1.0 ], [ 0.0, 0.0, 1.0, 0.0, 1.0, 0.0, 0.0, 0.0, 0.0, 1.0, 0.0, 0.0, 0.0, 0.0, 0.0, 1.0 ], [ 0.0, 1.0, 0.0, 0.0, 0.0, 0.0, 1.0, 0.0, 1.0, 0.0, 0.0, 0.0, 0.0, 0.0, 0.0, 1.0 ], [ 0.809017, 0.309017, 0.5, 0.0, 0.309017, 0.5, -0.809017, 0.0, -0.5, 0.809017, 0.309017, 0.0, 0.0, 0.0, 0.0, 1.0 ], [ -0.5, 0.809017, 0.309017, 0.0, 0.809017, 0.309017, 0.5, 0.0, 0.309017, 0.5, -0.809017, 0.0, 0.0, 0.0, 0.0, 1.0 ], [ 0.309017, 0.5, -0.809017, 0.0, -0.5, 0.809017, 0.309017, 0.0, 0.809017, 0.309017, 0.5, 0.0, 0.0, 0.0, 0.0, 1.0 ], [ 0.5, 0.809017, 0.309017, 0.0, 0.809017, -0.309017, -0.5, 0.0, -0.309017, 0.5, -0.809017, 0.0, 0.0, 0.0, 0.0, 1.0 ], [ -0.309017, 0.5, -0.809017, 0.0, 0.5, 0.809017, 0.309017, 0.0, 0.809017, -0.309017, -0.5, 0.0, 0.0, 0.0, 0.0, 1.0 ], [ 0.809017, -0.309017, -0.5, 0.0, -0.309017, 0.5, -0.809017, 0.0, 0.5, 0.809017, 0.309017, 0.0, 0.0, 0.0, 0.0, 1.0 ], [ 0.5, 0.809017, -0.309017, 0.0, 0.809017, -0.309017, 0.5, 0.0, 0.309017, -0.5, -0.809017, 0.0, 0.0, 0.0, 0.0, 1.0 ], [ 0.309017, -0.5, -0.809017, 0.0, 0.5, 0.809017, -0.309017, 0.0, 0.809017, -0.309017, 0.5, 0.0, 0.0, 0.0, 0.0, 1.0 ], [ 0.809017, -0.309017, 0.5, 0.0, 0.309017, -0.5, -0.809017, 0.0, 0.5, 0.809017, -0.309017, 0.0, 0.0, 0.0, 0.0, 1.0 ], [ 0.809017, 0.309017, -0.5, 0.0, 0.309017, 0.5, 0.809017, 0.0, 0.5, -0.809017, 0.309017, 0.0, 0.0, 0.0, 0.0, 1.0 ], [ 0.5, -0.809017, 0.309017, 0.0, 0.809017, 0.309017, -0.5, 0.0, 0.309017, 0.5, 0.809017, 0.0, 0.0, 0.0, 0.0, 1.0 ], [ 0.309017, 0.5, 0.809017, 0.0, 0.5, -0.809017, 0.309017, 0.0, 0.809017, 0.309017, -0.5, 0.0, 0.0, 0.0, 0.0, 1.0 ], [ 1.0, 0.0, 0.0, 0.0, 0.0, -1.0, 0.0, 0.0, 0.0, 0.0, -1.0, 0.0, 0.0, 0.0, 0.0, 1.0 ], [ 0.0, 0.0, 1.0, 0.0, -1.0, 0.0, 0.0, 0.0, 0.0, -1.0, 0.0, 0.0, 0.0, 0.0, 0.0, 1.0 ], [ 0.0, 1.0, 0.0, 0.0, 0.0, 0.0, -1.0, 0.0, -1.0, 0.0, 0.0, 0.0, 0.0, 0.0, 0.0, 1.0 ], [ 0.809017, 0.309017, 0.5, 0.0, -0.309017, -0.5, 0.809017, 0.0, 0.5, -0.809017, -0.309017, 0.0, 0.0, 0.0, 0.0, 1.0 ], [ -0.5, 0.809017, 0.309017, 0.0, -0.809017, -0.309017, -0.5, 0.0, -0.309017, -0.5, 0.809017, 0.0, 0.0, 0.0, 0.0, 1.0 ], [ 0.309017, 0.5, -0.809017, 0.0, 0.5, -0.809017, -0.309017, 0.0, -0.809017, -0.309017, -0.5, 0.0, 0.0, 0.0, 0.0, 1.0 ], [ 0.5, 0.809017, 0.309017, 0.0, -0.809017, 0.309017, 0.5, 0.0, 0.309017, -0.5, 0.809017, 0.0, 0.0, 0.0, 0.0, 1.0 ], [ -0.309017, 0.5, -0.809017, 0.0, -0.5, -0.809017, -0.309017, 0.0, -0.809017, 0.309017, 0.5, 0.0, 0.0, 0.0, 0.0, 1.0 ], [ 0.809017, -0.309017, -0.5, 0.0, 0.309017, -0.5, 0.809017, 0.0, -0.5, -0.809017, -0.309017, 0.0, 0.0, 0.0, 0.0, 1.0 ], [ 0.5, 0.809017, -0.309017, 0.0, -0.809017, 0.309017, -0.5, 0.0, -0.309017, 0.5, 0.809017, 0.0, 0.0, 0.0, 0.0, 1.0 ], [ 0.309017, -0.5, -0.809017, 0.0, -0.5, -0.809017, 0.309017, 0.0, -0.809017, 0.309017, -0.5, 0.0, 0.0, 0.0, 0.0, 1.0 ], [ 0.809017, -0.309017, 0.5, 0.0, -0.309017, 0.5, 0.809017, 0.0, -0.5, -0.809017, 0.309017, 0.0, 0.0, 0.0, 0.0, 1.0 ], [ 0.809017, 0.309017, -0.5, 0.0, -0.309017, -0.5, -0.809017, 0.0, -0.5, 0.809017, -0.309017, 0.0, 0.0, 0.0, 0.0, 1.0 ], [ 0.5, -0.809017, 0.309017, 0.0, -0.809017, -0.309017, 0.5, 0.0, -0.309017, -0.5, -0.809017, 0.0, 0.0, 0.0, 0.0, 1.0 ], [ 0.309017, 0.5, 0.809017, 0.0, -0.5, 0.809017, -0.309017, 0.0, -0.809017, -0.309017, 0.5, 0.0, 0.0, 0.0, 0.0, 1.0 ], [ -1.0, 0.0, 0.0, 0.0, 0.0, -1.0, 0.0, 0.0, 0.0, 0.0, 1.0, 0.0, 0.0, 0.0, 0.0, 1.0 ], [ 0.0, 0.0, -1.0, 0.0, -1.0, 0.0, 0.0, 0.0, 0.0, 1.0, 0.0, 0.0, 0.0, 0.0, 0.0, 1.0 ], [ 0.0, -1.0, 0.0, 0.0, 0.0, 0.0, -1.0, 0.0, 1.0, 0.0, 0.0, 0.0, 0.0, 0.0, 0.0, 1.0 ], [ -0.809017, -0.309017, -0.5, 0.0, -0.309017, -0.5, 0.809017, 0.0, -0.5, 0.809017, 0.309017, 0.0, 0.0, 0.0, 0.0, 1.0 ], [ 0.5, -0.809017, -0.309017, 0.0, -0.809017, -0.309017, -0.5, 0.0, 0.309017, 0.5, -0.809017, 0.0, 0.0, 0.0, 0.0, 1.0 ], [ -0.309017, -0.5, 0.809017, 0.0, 0.5, -0.809017, -0.309017, 0.0, 0.809017, 0.309017, 0.5, 0.0, 0.0, 0.0, 0.0, 1.0 ], [ -0.5, -0.809017, -0.309017, 0.0, -0.809017, 0.309017, 0.5, 0.0, -0.309017, 0.5, -0.809017, 0.0, 0.0, 0.0, 0.0, 1.0 ], [ 0.309017, -0.5, 0.809017, 0.0, -0.5, -0.809017, -0.309017, 0.0, 0.809017, -0.309017, -0.5, 0.0, 0.0, 0.0, 0.0, 1.0 ], [ -0.809017, 0.309017, 0.5, 0.0, 0.309017, -0.5, 0.809017, 0.0, 0.5, 0.809017, 0.309017, 0.0, 0.0, 0.0, 0.0, 1.0 ], [ -0.5, -0.809017, 0.309017, 0.0, -0.809017, 0.309017, -0.5, 0.0, 0.309017, -0.5, -0.809017, 0.0, 0.0, 0.0, 0.0, 1.0 ], [ -0.309017, 0.5, 0.809017, 0.0, -0.5, -0.809017, 0.309017, 0.0, 0.809017, -0.309017, 0.5, 0.0, 0.0, 0.0, 0.0, 1.0 ], [ -0.809017, 0.309017, -0.5, 0.0, -0.309017, 0.5, 0.809017, 0.0, 0.5, 0.809017, -0.309017, 0.0, 0.0, 0.0, 0.0, 1.0 ], [ -0.809017, -0.309017, 0.5, 0.0, -0.309017, -0.5, -0.809017, 0.0, 0.5, -0.809017, 0.309017, 0.0, 0.0, 0.0, 0.0, 1.0 ], [ -0.5, 0.809017, -0.309017, 0.0, -0.809017, -0.309017, 0.5, 0.0, 0.309017, 0.5, 0.809017, 0.0, 0.0, 0.0, 0.0, 1.0 ], [ -0.309017, -0.5, -0.809017, 0.0, -0.5, 0.809017, -0.309017, 0.0, 0.809017, 0.309017, -0.5, 0.0, 0.0, 0.0, 0.0, 1.0 ], [ -1.0, 0.0, 0.0, 0.0, 0.0, 1.0, 0.0, 0.0, 0.0, 0.0, -1.0, 0.0, 0.0, 0.0, 0.0, 1.0 ], [ 0.0, 0.0, -1.0, 0.0, 1.0, 0.0, 0.0, 0.0, 0.0, -1.0, 0.0, 0.0, 0.0, 0.0, 0.0, 1.0 ], [ 0.0, -1.0, 0.0, 0.0, 0.0, 0.0, 1.0, 0.0, -1.0, 0.0, 0.0, 0.0, 0.0, 0.0, 0.0, 1.0 ], [ -0.809017, -0.309017, -0.5, 0.0, 0.309017, 0.5, -0.809017, 0.0, 0.5, -0.809017, -0.309017, 0.0, 0.0, 0.0, 0.0, 1.0 ], [ 0.5, -0.809017, -0.309017, 0.0, 0.809017, 0.309017, 0.5, 0.0, -0.309017, -0.5, 0.809017, 0.0, 0.0, 0.0, 0.0, 1.0 ], [ -0.309017, -0.5, 0.809017, 0.0, -0.5, 0.809017, 0.309017, 0.0, -0.809017, -0.309017, -0.5, 0.0, 0.0, 0.0, 0.0, 1.0 ], [ -0.5, -0.809017, -0.309017, 0.0, 0.809017, -0.309017, -0.5, 0.0, 0.309017, -0.5, 0.809017, 0.0, 0.0, 0.0, 0.0, 1.0 ], [ 0.309017, -0.5, 0.809017, 0.0, 0.5, 0.809017, 0.309017, 0.0, -0.809017, 0.309017, 0.5, 0.0, 0.0, 0.0, 0.0, 1.0 ], [ -0.809017, 0.309017, 0.5, 0.0, -0.309017, 0.5, -0.809017, 0.0, -0.5, -0.809017, -0.309017, 0.0, 0.0, 0.0, 0.0, 1.0 ], [ -0.5, -0.809017, 0.309017, 0.0, 0.809017, -0.309017, 0.5, 0.0, -0.309017, 0.5, 0.809017, 0.0, 0.0, 0.0, 0.0, 1.0 ], [ -0.309017, 0.5, 0.809017, 0.0, 0.5, 0.809017, -0.309017, 0.0, -0.809017, 0.309017, -0.5, 0.0, 0.0, 0.0, 0.0, 1.0 ], [ -0.809017, 0.309017, -0.5, 0.0, 0.309017, -0.5, -0.809017, 0.0, -0.5, -0.809017, 0.309017, 0.0, 0.0, 0.0, 0.0, 1.0 ], [ -0.809017, -0.309017, 0.5, 0.0, 0.309017, 0.5, 0.809017, 0.0, -0.5, 0.809017, -0.309017, 0.0, 0.0, 0.0, 0.0, 1.0 ], [ -0.5, 0.809017, -0.309017, 0.0, 0.809017, 0.309017, -0.5, 0.0, -0.309017, -0.5, -0.809017, 0.0, 0.0, 0.0, 0.0, 1.0 ], [ -0.309017, -0.5, -0.809017, 0.0, 0.5, -0.809017, 0.309017, 0.0, -0.809017, -0.309017, 0.5, 0.0, 0.0, 0.0, 0.0, 1.0 ] ],
  "lights" : {
    "ambientColor" : "#292929",
    "backgroundColor" : "#AFC8DC",
    "directionalLights" : [ {
      "direction" : {
        "x" : 1.0,
        "y" : -1.0,
        "z" : -1.0
      },
      "color" : "#EBEBE4"
    }, {
      "direction" : {
        "x" : -1.0,
        "y" : 0.0,
        "z" : 0.0
      },
      "color" : "#E4E4EB"
    }, {
      "direction" : {
        "x" : 0.0,
        "y" : 0.0,
        "z" : -1.0
      },
      "color" : "#1E1E1E"
    } ]
  },
  "camera" : {
    "lookDirection" : {
      "x" : 0.809017,
      "y" : 0.309017,
      "z" : 0.5
    },
    "upDirection" : {
      "x" : 0.309017,
      "y" : 0.49999997,
      "z" : -0.809017
    },
    "lookAtPoint" : {
      "x" : 0.0,
      "y" : 0.0,
      "z" : 0.0
    },
    "perspective" : false,
    "viewDistance" : 415.2495,
    "nearClipDistance" : 1.0381242,
    "farClipDistance" : 830.49725,
    "fieldOfView" : 0.4426288,
    "width" : 186.86224,
    "stereo" : false,
    "position" : {
      "x" : -335.9439,
      "y" : -128.31915,
      "z" : -207.62476
    }
  },
  "embedding" : [ 1.0, 0.0, 0.0, 0.0, 0.0, 1.0, 0.0, 0.0, 0.0, 0.0, 1.0, 0.0, 0.0, 0.0, 0.0, 1.0 ],
  "shapes" : [ {
    "id" : "0914f230-2a7d-4423-9f9e-7ad1a3219d58",
    "vertices" : [ {
      "x" : -27.140015,
      "y" : 0.0,
      "z" : 43.913467
    }, {
      "x" : -29.034441,
      "y" : 29.034441,
      "z" : 29.034441
    }, {
      "x" : -39.720104,
      "y" : 15.171729,
      "z" : 24.548374
    } ],
    "faces" : [ {
      "vertices" : [ 0, 1, 2 ]
    }, {
      "vertices" : [ 0, 2, 1 ]
    } ]
  }, {
    "id" : "76250aa5-8268-4282-afe0-bdd5d639344a",
    "vertices" : [ {
      "x" : 1.0,
      "y" : -0.309017,
      "z" : -0.19098301
    }, {
      "x" : 0.809017,
      "y" : 0.0,
      "z" : -0.690983
    }, {
      "x" : 1.0,
      "y" : 0.309017,
      "z" : -0.19098301
    }, {
      "x" : 1.809017,
      "y" : 0.0,
      "z" : -0.309017
    }, {
      "x" : 1.618034,
      "y" : 0.309017,
      "z" : -0.809017
    }, {
      "x" : 2.0,
      "y" : 0.309017,
      "z" : -0.19098301
    }, {
      "x" : 1.809017,
      "y" : 0.618034,
      "z" : -0.690983
    }, {
      "x" : 10.59017,
      "y" : 1.5,
      "z" : -2.736068
    }, {
      "x" : 10.399187,
      "y" : 1.809017,
      "z" : -3.236068
    }, {
      "x" : 10.781153,
      "y" : 1.809017,
      "z" : -2.618034
    }, {
      "x" : 10.59017,
      "y" : 2.118034,
      "z" : -3.118034
    }, {
      "x" : 11.399187,
      "y" : 1.809017,
      "z" : -3.236068
    }, {
      "x" : 11.59017,
      "y" : 2.118034,
      "z" : -2.736068
    }, {
      "x" : 11.399187,
      "y" : 2.427051,
      "z" : -3.236068
    }, {
      "x" : 12.399187,
      "y" : 2.118034,
      "z" : -3.427051
    } ],
    "faces" : [ {
      "vertices" : [ 8, 13, 11 ]
    }, {
      "vertices" : [ 2, 5, 9 ]
    }, {
      "vertices" : [ 2, 9, 10 ]
    }, {
      "vertices" : [ 2, 10, 6 ]
    }, {
      "vertices" : [ 3, 4, 8 ]
    }, {
      "vertices" : [ 3, 8, 11 ]
    }, {
      "vertices" : [ 3, 11, 7 ]
    }, {
      "vertices" : [ 0, 2, 1 ]
    }, {
      "vertices" : [ 11, 13, 12 ]
    }, {
      "vertices" : [ 0, 5, 2 ]
    }, {
      "vertices" : [ 0, 3, 5 ]
    }, {
      "vertices" : [ 0, 1, 4 ]
    }, {
      "vertices" : [ 0, 4, 3 ]
    }, {
      "vertices" : [ 1, 2, 6 ]
    }, {
      "vertices" : [ 1, 6, 4 ]
    }, {
      "vertices" : [ 9, 12, 13 ]
    }, {
      "vertices" : [ 9, 13, 10 ]
    }, {
      "vertices" : [ 3, 7, 9 ]
    }, {
      "vertices" : [ 3, 9, 5 ]
    }, {
      "vertices" : [ 7, 12, 9 ]
    }, {
      "vertices" : [ 4, 6, 10 ]
    }, {
      "vertices" : [ 4, 10, 8 ]
    }, {
      "vertices" : [ 7, 11, 12 ]
    }, {
      "vertices" : [ 8, 10, 13 ]
    } ]
  }, {
    "id" : "643a3982-c877-4c3d-976f-4a36e5566d00",
    "vertices" : [ {
      "x" : -27.140015,
      "y" : 0.0,
      "z" : -43.913467
    }, {
      "x" : -29.034441,
      "y" : 29.034441,
      "z" : -29.034441
    }, {
      "x" : -15.171729,
      "y" : 24.548374,
      "z" : -39.720104
    } ],
    "faces" : [ {
      "vertices" : [ 0, 1, 2 ]
    }, {
      "vertices" : [ 0, 2, 1 ]
    } ]
  }, {
    "id" : "398b5158-2752-40e0-a55d-ec3bca08481f",
    "vertices" : [ {
      "x" : -43.913467,
      "y" : -27.140015,
      "z" : 0.0
    }, {
      "x" : -29.034441,
      "y" : -29.034441,
      "z" : -29.034441
    }, {
      "x" : -24.548374,
      "y" : -39.720104,
      "z" : -15.171729
    } ],
    "faces" : [ {
      "vertices" : [ 0, 1, 2 ]
    }, {
      "vertices" : [ 0, 2, 1 ]
    } ]
  }, {
    "id" : "aea3ae50-89eb-4784-aa6a-828c470cc74a",
    "vertices" : [ {
      "x" : -27.140015,
      "y" : 0.0,
      "z" : 43.913467
    }, {
      "x" : -46.978714,
      "y" : 0.0,
      "z" : 17.944271
    }, {
      "x" : -39.720104,
      "y" : 15.171729,
      "z" : 24.548374
    } ],
    "faces" : [ {
      "vertices" : [ 0, 1, 2 ]
    }, {
      "vertices" : [ 0, 2, 1 ]
    } ]
  }, {
    "id" : "ac45a896-79c2-4a33-98a4-8ceb16b0fe52",
    "vertices" : [ {
      "x" : 0.309017,
      "y" : -0.809017,
      "z" : 0.618034
    }, {
      "x" : 0.809017,
      "y" : -0.618034,
      "z" : 0.309017
    }, {
      "x" : 0.618034,
      "y" : -0.309017,
      "z" : 0.809017
    }, {
      "x" : 1.0,
      "y" : 0.309017,
      "z" : 0.19098301
    }, {
      "x" : 0.809017,
      "y" : 0.618034,
      "z" : 0.309017
    }, {
      "x" : 0.618034,
      "y" : 0.309017,
      "z" : 0.809017
    }, {
      "x" : 0.809017,
      "y" : 0.0,
      "z" : 0.690983
    }, {
      "x" : 0.19098301,
      "y" : -1.0,
      "z" : 0.309017
    }, {
      "x" : -0.19098301,
      "y" : -1.0,
      "z" : 0.309017
    }, {
      "x" : -0.19098301,
      "y" : -1.0,
      "z" : -0.309017
    }, {
      "x" : 0.19098301,
      "y" : -1.0,
      "z" : -0.309017
    }, {
      "x" : 1.0,
      "y" : -0.309017,
      "z" : -0.19098301
    }, {
      "x" : 0.809017,
      "y" : -0.618034,
      "z" : -0.309017
    }, {
      "x" : 0.618034,
      "y" : -0.309017,
      "z" : -0.809017
    }, {
      "x" : 0.809017,
      "y" : 0.0,
      "z" : -0.690983
    }, {
      "x" : 0.0,
      "y" : 0.690983,
      "z" : -0.809017
    }, {
      "x" : 0.309017,
      "y" : 0.809017,
      "z" : -0.618034
    }, {
      "x" : 0.618034,
      "y" : 0.309017,
      "z" : -0.809017
    }, {
      "x" : 0.309017,
      "y" : 0.19098301,
      "z" : -1.0
    }, {
      "x" : 1.0,
      "y" : 0.309017,
      "z" : -0.19098301
    }, {
      "x" : -0.309017,
      "y" : -0.809017,
      "z" : 0.618034
    }, {
      "x" : 0.0,
      "y" : -0.690983,
      "z" : 0.809017
    }, {
      "x" : 0.809017,
      "y" : 0.618034,
      "z" : -0.309017
    }, {
      "x" : 0.690983,
      "y" : 0.809017,
      "z" : 0.0
    }, {
      "x" : -0.690983,
      "y" : 0.809017,
      "z" : 0.0
    }, {
      "x" : -0.809017,
      "y" : 0.618034,
      "z" : 0.309017
    }, {
      "x" : -0.309017,
      "y" : 0.809017,
      "z" : 0.618034
    }, {
      "x" : -0.19098301,
      "y" : 1.0,
      "z" : 0.309017
    }, {
      "x" : 0.309017,
      "y" : -0.19098301,
      "z" : -1.0
    }, {
      "x" : 0.19098301,
      "y" : 1.0,
      "z" : 0.309017
    }, {
      "x" : 0.309017,
      "y" : 0.809017,
      "z" : 0.618034
    }, {
      "x" : -0.809017,
      "y" : -0.618034,
      "z" : 0.309017
    }, {
      "x" : -0.690983,
      "y" : -0.809017,
      "z" : 0.0
    }, {
      "x" : 0.0,
      "y" : 0.690983,
      "z" : 0.809017
    }, {
      "x" : 0.309017,
      "y" : -0.809017,
      "z" : -0.618034
    }, {
      "x" : 0.0,
      "y" : -0.690983,
      "z" : -0.809017
    }, {
      "x" : -1.0,
      "y" : 0.309017,
      "z" : 0.19098301
    }, {
      "x" : -0.809017,
      "y" : 0.0,
      "z" : 0.690983
    }, {
      "x" : -0.618034,
      "y" : 0.309017,
      "z" : 0.809017
    }, {
      "x" : 1.0,
      "y" : -0.309017,
      "z" : 0.19098301
    }, {
      "x" : -0.309017,
      "y" : -0.809017,
      "z" : -0.618034
    }, {
      "x" : -1.0,
      "y" : 0.309017,
      "z" : -0.19098301
    }, {
      "x" : -1.0,
      "y" : -0.309017,
      "z" : -0.19098301
    }, {
      "x" : -1.0,
      "y" : -0.309017,
      "z" : 0.19098301
    }, {
      "x" : 0.19098301,
      "y" : 1.0,
      "z" : -0.309017
    }, {
      "x" : -0.809017,
      "y" : 0.618034,
      "z" : -0.309017
    }, {
      "x" : -0.19098301,
      "y" : 1.0,
      "z" : -0.309017
    }, {
      "x" : -0.309017,
      "y" : 0.809017,
      "z" : -0.618034
    }, {
      "x" : -0.618034,
      "y" : -0.309017,
      "z" : 0.809017
    }, {
      "x" : 0.309017,
      "y" : 0.19098301,
      "z" : 1.0
    }, {
      "x" : -0.309017,
      "y" : 0.19098301,
      "z" : -1.0
    }, {
      "x" : -0.309017,
      "y" : 0.19098301,
      "z" : 1.0
    }, {
      "x" : -0.309017,
      "y" : -0.19098301,
      "z" : 1.0
    }, {
      "x" : 0.309017,
      "y" : -0.19098301,
      "z" : 1.0
    }, {
      "x" : 0.690983,
      "y" : -0.809017,
      "z" : 0.0
    }, {
      "x" : -0.809017,
      "y" : 0.0,
      "z" : -0.690983
    }, {
      "x" : -0.618034,
      "y" : -0.309017,
      "z" : -0.809017
    }, {
      "x" : -0.309017,
      "y" : -0.19098301,
      "z" : -1.0
    }, {
      "x" : -0.618034,
      "y" : 0.309017,
      "z" : -0.809017
    }, {
      "x" : -0.809017,
      "y" : -0.618034,
      "z" : -0.309017
    } ],
    "faces" : [ {
      "vertices" : [ 9, 40, 35 ]
    }, {
      "vertices" : [ 9, 35, 34 ]
    }, {
      "vertices" : [ 9, 34, 10 ]
    }, {
      "vertices" : [ 0, 1, 2 ]
    }, {
      "vertices" : [ 33, 51, 49 ]
    }, {
      "vertices" : [ 25, 36, 37 ]
    }, {
      "vertices" : [ 25, 37, 38 ]
    }, {
      "vertices" : [ 41, 55, 42 ]
    }, {
      "vertices" : [ 9, 32, 59 ]
    }, {
      "vertices" : [ 9, 59, 40 ]
    }, {
      "vertices" : [ 20, 21, 52 ]
    }, {
      "vertices" : [ 20, 52, 48 ]
    }, {
      "vertices" : [ 26, 33, 30 ]
    }, {
      "vertices" : [ 26, 30, 29 ]
    }, {
      "vertices" : [ 26, 29, 27 ]
    }, {
      "vertices" : [ 3, 4, 5 ]
    }, {
      "vertices" : [ 3, 5, 6 ]
    }, {
      "vertices" : [ 27, 29, 44 ]
    }, {
      "vertices" : [ 27, 44, 46 ]
    }, {
      "vertices" : [ 50, 57, 56 ]
    }, {
      "vertices" : [ 50, 56, 55 ]
    }, {
      "vertices" : [ 50, 55, 58 ]
    }, {
      "vertices" : [ 26, 38, 51 ]
    }, {
      "vertices" : [ 26, 51, 33 ]
    }, {
      "vertices" : [ 45, 47, 58 ]
    }, {
      "vertices" : [ 18, 28, 57 ]
    }, {
      "vertices" : [ 18, 57, 50 ]
    }, {
      "vertices" : [ 40, 59, 56 ]
    }, {
      "vertices" : [ 31, 48, 37 ]
    }, {
      "vertices" : [ 31, 37, 43 ]
    }, {
      "vertices" : [ 7, 8, 9 ]
    }, {
      "vertices" : [ 7, 9, 10 ]
    }, {
      "vertices" : [ 36, 41, 42 ]
    }, {
      "vertices" : [ 36, 42, 43 ]
    }, {
      "vertices" : [ 24, 46, 47 ]
    }, {
      "vertices" : [ 24, 47, 45 ]
    }, {
      "vertices" : [ 4, 30, 5 ]
    }, {
      "vertices" : [ 15, 47, 46 ]
    }, {
      "vertices" : [ 15, 46, 44 ]
    }, {
      "vertices" : [ 15, 44, 16 ]
    }, {
      "vertices" : [ 15, 50, 58 ]
    }, {
      "vertices" : [ 15, 58, 47 ]
    }, {
      "vertices" : [ 24, 45, 41 ]
    }, {
      "vertices" : [ 24, 41, 36 ]
    }, {
      "vertices" : [ 24, 36, 25 ]
    }, {
      "vertices" : [ 11, 14, 19 ]
    }, {
      "vertices" : [ 3, 6, 39 ]
    }, {
      "vertices" : [ 1, 39, 6 ]
    }, {
      "vertices" : [ 1, 6, 2 ]
    }, {
      "vertices" : [ 8, 32, 9 ]
    }, {
      "vertices" : [ 11, 12, 13 ]
    }, {
      "vertices" : [ 11, 13, 14 ]
    }, {
      "vertices" : [ 16, 22, 17 ]
    }, {
      "vertices" : [ 0, 21, 20 ]
    }, {
      "vertices" : [ 0, 20, 8 ]
    }, {
      "vertices" : [ 0, 8, 7 ]
    }, {
      "vertices" : [ 12, 34, 13 ]
    }, {
      "vertices" : [ 35, 40, 56 ]
    }, {
      "vertices" : [ 35, 56, 57 ]
    }, {
      "vertices" : [ 0, 7, 54 ]
    }, {
      "vertices" : [ 0, 54, 1 ]
    }, {
      "vertices" : [ 15, 16, 17 ]
    }, {
      "vertices" : [ 15, 17, 18 ]
    }, {
      "vertices" : [ 3, 19, 22 ]
    }, {
      "vertices" : [ 3, 22, 23 ]
    }, {
      "vertices" : [ 3, 23, 4 ]
    }, {
      "vertices" : [ 7, 10, 54 ]
    }, {
      "vertices" : [ 41, 45, 58 ]
    }, {
      "vertices" : [ 41, 58, 55 ]
    }, {
      "vertices" : [ 3, 39, 11 ]
    }, {
      "vertices" : [ 3, 11, 19 ]
    }, {
      "vertices" : [ 14, 17, 22 ]
    }, {
      "vertices" : [ 14, 22, 19 ]
    }, {
      "vertices" : [ 0, 2, 53 ]
    }, {
      "vertices" : [ 0, 53, 21 ]
    }, {
      "vertices" : [ 49, 51, 52 ]
    }, {
      "vertices" : [ 49, 52, 53 ]
    }, {
      "vertices" : [ 31, 43, 42 ]
    }, {
      "vertices" : [ 31, 42, 59 ]
    }, {
      "vertices" : [ 31, 59, 32 ]
    }, {
      "vertices" : [ 15, 18, 50 ]
    }, {
      "vertices" : [ 42, 55, 56 ]
    }, {
      "vertices" : [ 42, 56, 59 ]
    }, {
      "vertices" : [ 4, 23, 29 ]
    }, {
      "vertices" : [ 4, 29, 30 ]
    }, {
      "vertices" : [ 25, 38, 26 ]
    }, {
      "vertices" : [ 13, 28, 18 ]
    }, {
      "vertices" : [ 13, 18, 17 ]
    }, {
      "vertices" : [ 13, 17, 14 ]
    }, {
      "vertices" : [ 8, 20, 31 ]
    }, {
      "vertices" : [ 8, 31, 32 ]
    }, {
      "vertices" : [ 23, 44, 29 ]
    }, {
      "vertices" : [ 24, 27, 46 ]
    }, {
      "vertices" : [ 37, 48, 52 ]
    }, {
      "vertices" : [ 37, 52, 51 ]
    }, {
      "vertices" : [ 37, 51, 38 ]
    }, {
      "vertices" : [ 20, 48, 31 ]
    }, {
      "vertices" : [ 24, 25, 26 ]
    }, {
      "vertices" : [ 24, 26, 27 ]
    }, {
      "vertices" : [ 16, 44, 23 ]
    }, {
      "vertices" : [ 16, 23, 22 ]
    }, {
      "vertices" : [ 13, 34, 35 ]
    }, {
      "vertices" : [ 13, 35, 28 ]
    }, {
      "vertices" : [ 10, 34, 12 ]
    }, {
      "vertices" : [ 10, 12, 54 ]
    }, {
      "vertices" : [ 2, 6, 5 ]
    }, {
      "vertices" : [ 2, 5, 49 ]
    }, {
      "vertices" : [ 2, 49, 53 ]
    }, {
      "vertices" : [ 36, 43, 37 ]
    }, {
      "vertices" : [ 5, 30, 33 ]
    }, {
      "vertices" : [ 5, 33, 49 ]
    }, {
      "vertices" : [ 1, 54, 12 ]
    }, {
      "vertices" : [ 1, 12, 11 ]
    }, {
      "vertices" : [ 1, 11, 39 ]
    }, {
      "vertices" : [ 28, 35, 57 ]
    }, {
      "vertices" : [ 21, 53, 52 ]
    } ]
  }, {
    "id" : "168a56e3-8605-4cb8-8bc4-4b523774825c",
    "vertices" : [ {
      "x" : 27.140015,
      "y" : 0.0,
      "z" : -43.913467
    }, {
      "x" : 29.034441,
      "y" : 29.034441,
      "z" : -29.034441
    }, {
      "x" : 39.720104,
      "y" : 15.171729,
      "z" : -24.548374
    } ],
    "faces" : [ {
      "vertices" : [ 0, 1, 2 ]
    }, {
      "vertices" : [ 0, 2, 1 ]
    } ]
  }, {
    "id" : "6310f7cb-f918-4bcf-ae4a-34852c5ddc04",
    "vertices" : [ {
      "x" : 27.140015,
      "y" : 0.0,
      "z" : 43.913467
    }, {
      "x" : 0.0,
      "y" : 17.944271,
      "z" : 46.978714
    }, {
      "x" : 0.0,
      "y" : 0.0,
      "z" : 49.09675
    } ],
    "faces" : [ {
      "vertices" : [ 0, 1, 2 ]
    }, {
      "vertices" : [ 0, 2, 1 ]
    } ]
  }, {
    "id" : "3e9cd90f-1f09-433c-b522-ca3e58b54145",
    "vertices" : [ {
      "x" : 27.140015,
      "y" : 0.0,
      "z" : -43.913467
    }, {
      "x" : 46.978714,
      "y" : 0.0,
      "z" : -17.944271
    }, {
      "x" : 39.720104,
      "y" : 15.171729,
      "z" : -24.548374
    } ],
    "faces" : [ {
      "vertices" : [ 0, 1, 2 ]
    }, {
      "vertices" : [ 0, 2, 1 ]
    } ]
  }, {
    "id" : "e41c3abd-f2b5-424b-91d6-f43808242cc9",
    "vertices" : [ {
      "x" : -27.140015,
      "y" : 0.0,
      "z" : 43.913467
    }, {
      "x" : -29.034441,
      "y" : 29.034441,
      "z" : 29.034441
    }, {
      "x" : -15.171729,
      "y" : 24.548374,
      "z" : 39.720104
    } ],
    "faces" : [ {
      "vertices" : [ 0, 1, 2 ]
    }, {
      "vertices" : [ 0, 2, 1 ]
    } ]
  }, {
    "id" : "ed17e2f8-3639-4f57-b795-71c360415275",
    "vertices" : [ {
      "x" : 27.140015,
      "y" : 0.0,
      "z" : -43.913467
    }, {
      "x" : 0.0,
      "y" : 17.944271,
      "z" : -46.978714
    }, {
      "x" : 0.0,
      "y" : 0.0,
      "z" : -49.09675
    } ],
    "faces" : [ {
      "vertices" : [ 0, 1, 2 ]
    }, {
      "vertices" : [ 0, 2, 1 ]
    } ]
  }, {
    "id" : "812c1e81-177d-4628-84a5-06fd1d41d6a5",
    "vertices" : [ {
      "x" : -27.140015,
      "y" : 0.0,
      "z" : -43.913467
    }, {
      "x" : -46.978714,
      "y" : 0.0,
      "z" : -17.944271
    }, {
      "x" : -39.720104,
      "y" : 15.171729,
      "z" : -24.548374
    } ],
    "faces" : [ {
      "vertices" : [ 0, 1, 2 ]
    }, {
      "vertices" : [ 0, 2, 1 ]
    } ]
  }, {
    "id" : "e1dc898d-7772-4a08-859b-08107f06a262",
    "vertices" : [ {
      "x" : 43.913467,
      "y" : 27.140015,
      "z" : 0.0
    }, {
      "x" : 46.978714,
      "y" : 0.0,
      "z" : 17.944271
    }, {
      "x" : 39.720104,
      "y" : 15.171729,
      "z" : 24.548374
    } ],
    "faces" : [ {
      "vertices" : [ 0, 1, 2 ]
    }, {
      "vertices" : [ 0, 2, 1 ]
    } ]
  }, {
    "id" : "89b3a9dd-04df-450b-9e19-2e3a6ee97d70",
    "vertices" : [ {
      "x" : 0.0,
      "y" : 43.913467,
      "z" : -27.140015
    }, {
      "x" : -29.034441,
      "y" : 29.034441,
      "z" : -29.034441
    }, {
      "x" : -24.548374,
      "y" : 39.720104,
      "z" : -15.171729
    } ],
    "faces" : [ {
      "vertices" : [ 0, 1, 2 ]
    }, {
      "vertices" : [ 0, 2, 1 ]
    } ]
  }, {
    "id" : "be3db0fe-ad41-40dc-8c82-5b2f170236ee",
    "vertices" : [ {
      "x" : -43.913467,
      "y" : 27.140015,
      "z" : 0.0
    }, {
      "x" : -29.034441,
      "y" : 29.034441,
      "z" : -29.034441
    }, {
      "x" : -39.720104,
      "y" : 15.171729,
      "z" : -24.548374
    } ],
    "faces" : [ {
      "vertices" : [ 0, 1, 2 ]
    }, {
      "vertices" : [ 0, 2, 1 ]
    } ]
  }, {
    "id" : "865d9b0c-2e04-45e0-9715-2744ebdc83ae",
    "vertices" : [ {
      "x" : -27.140015,
      "y" : 0.0,
      "z" : 43.913467
    }, {
      "x" : 0.0,
      "y" : -17.944271,
      "z" : 46.978714
    }, {
      "x" : -15.171729,
      "y" : -24.548374,
      "z" : 39.720104
    } ],
    "faces" : [ {
      "vertices" : [ 0, 1, 2 ]
    }, {
      "vertices" : [ 0, 2, 1 ]
    } ]
  }, {
    "id" : "bffa49c4-2e97-4372-854d-ec4737c598dd",
    "vertices" : [ {
      "x" : 0.0,
      "y" : 43.913467,
      "z" : 27.140015
    }, {
      "x" : -17.944271,
      "y" : 46.978714,
      "z" : 0.0
    }, {
      "x" : 0.0,
      "y" : 49.09675,
      "z" : 0.0
    } ],
    "faces" : [ {
      "vertices" : [ 0, 1, 2 ]
    }, {
      "vertices" : [ 0, 2, 1 ]
    } ]
  }, {
    "id" : "66ef7bcd-dc66-452b-9855-f89e8f3f9a33",
    "vertices" : [ {
      "x" : -43.913467,
      "y" : 27.140015,
      "z" : 0.0
    }, {
      "x" : -46.978714,
      "y" : 0.0,
      "z" : 17.944271
    }, {
      "x" : -49.09675,
      "y" : 0.0,
      "z" : 0.0
    } ],
    "faces" : [ {
      "vertices" : [ 0, 1, 2 ]
    }, {
      "vertices" : [ 0, 2, 1 ]
    } ]
  }, {
    "id" : "dc54ace4-89dd-4145-be52-652ba6ac9802",
    "vertices" : [ {
      "x" : -43.913467,
      "y" : 27.140015,
      "z" : 0.0
    }, {
      "x" : -29.034441,
      "y" : 29.034441,
      "z" : -29.034441
    }, {
      "x" : -24.548374,
      "y" : 39.720104,
      "z" : -15.171729
    } ],
    "faces" : [ {
      "vertices" : [ 0, 1, 2 ]
    }, {
      "vertices" : [ 0, 2, 1 ]
    } ]
  }, {
    "id" : "2e695c03-f461-4d80-b936-4898d33b3994",
    "vertices" : [ {
      "x" : 43.913467,
      "y" : 27.140015,
      "z" : 0.0
    }, {
      "x" : 29.034441,
      "y" : 29.034441,
      "z" : -29.034441
    }, {
      "x" : 39.720104,
      "y" : 15.171729,
      "z" : -24.548374
    } ],
    "faces" : [ {
      "vertices" : [ 0, 1, 2 ]
    }, {
      "vertices" : [ 0, 2, 1 ]
    } ]
  }, {
    "id" : "c595c7fb-28d9-4a0e-a3a8-1ace6820fe9f",
    "vertices" : [ {
      "x" : 0.0,
      "y" : 43.913467,
      "z" : -27.140015
    }, {
      "x" : 17.944271,
      "y" : 46.978714,
      "z" : 0.0
    }, {
      "x" : 24.548374,
      "y" : 39.720104,
      "z" : -15.171729
    } ],
    "faces" : [ {
      "vertices" : [ 0, 1, 2 ]
    }, {
      "vertices" : [ 0, 2, 1 ]
    } ]
  }, {
    "id" : "b3738cbd-fb68-431a-9eb6-1ee9bfd3ec47",
    "vertices" : [ {
      "x" : 0.0,
      "y" : -43.913467,
      "z" : 27.140015
    }, {
      "x" : -29.034441,
      "y" : -29.034441,
      "z" : 29.034441
    }, {
      "x" : -24.548374,
      "y" : -39.720104,
      "z" : 15.171729
    } ],
    "faces" : [ {
      "vertices" : [ 0, 1, 2 ]
    }, {
      "vertices" : [ 0, 2, 1 ]
    } ]
  }, {
    "id" : "aa767aee-e10f-4318-94e0-15ba9c30bc15",
    "vertices" : [ {
      "x" : 43.913467,
      "y" : 27.140015,
      "z" : 0.0
    }, {
      "x" : 46.978714,
      "y" : 0.0,
      "z" : 17.944271
    }, {
      "x" : 49.09675,
      "y" : 0.0,
      "z" : 0.0
    } ],
    "faces" : [ {
      "vertices" : [ 0, 1, 2 ]
    }, {
      "vertices" : [ 0, 2, 1 ]
    } ]
  }, {
    "id" : "208ad005-c344-46e5-9c38-815f9310bb35",
    "vertices" : [ {
      "x" : -27.140015,
      "y" : 0.0,
      "z" : -43.913467
    }, {
      "x" : -46.978714,
      "y" : 0.0,
      "z" : -17.944271
    }, {
      "x" : -39.720104,
      "y" : -15.171729,
      "z" : -24.548374
    } ],
    "faces" : [ {
      "vertices" : [ 0, 1, 2 ]
    }, {
      "vertices" : [ 0, 2, 1 ]
    } ]
  }, {
    "id" : "d7926dfb-169a-4fff-a9fd-cd1e7cd62b4c",
    "vertices" : [ {
      "x" : 43.913467,
      "y" : -27.140015,
      "z" : 0.0
    }, {
      "x" : 29.034441,
      "y" : -29.034441,
      "z" : 29.034441
    }, {
      "x" : 39.720104,
      "y" : -15.171729,
      "z" : 24.548374
    } ],
    "faces" : [ {
      "vertices" : [ 0, 1, 2 ]
    }, {
      "vertices" : [ 0, 2, 1 ]
    } ]
  }, {
    "id" : "61fc8197-df47-448e-93e4-434e7cef41a8",
    "vertices" : [ {
      "x" : 0.0,
      "y" : -43.913467,
      "z" : -27.140015
    }, {
      "x" : -29.034441,
      "y" : -29.034441,
      "z" : -29.034441
    }, {
      "x" : -24.548374,
      "y" : -39.720104,
      "z" : -15.171729
    } ],
    "faces" : [ {
      "vertices" : [ 0, 1, 2 ]
    }, {
      "vertices" : [ 0, 2, 1 ]
    } ]
  }, {
    "id" : "657c3751-2d3b-4458-bf37-6e7c6ec7611a",
    "vertices" : [ {
      "x" : -43.913467,
      "y" : 27.140015,
      "z" : 0.0
    }, {
      "x" : -46.978714,
      "y" : 0.0,
      "z" : 17.944271
    }, {
      "x" : -39.720104,
      "y" : 15.171729,
      "z" : 24.548374
    } ],
    "faces" : [ {
      "vertices" : [ 0, 1, 2 ]
    }, {
      "vertices" : [ 0, 2, 1 ]
    } ]
  }, {
    "id" : "75ff5a11-0b8e-4161-a96b-decce9b80e47",
    "vertices" : [ {
      "x" : 0.0,
      "y" : -43.913467,
      "z" : 27.140015
    }, {
      "x" : 29.034441,
      "y" : -29.034441,
      "z" : 29.034441
    }, {
      "x" : 15.171729,
      "y" : -24.548374,
      "z" : 39.720104
    } ],
    "faces" : [ {
      "vertices" : [ 0, 1, 2 ]
    }, {
      "vertices" : [ 0, 2, 1 ]
    } ]
  }, {
    "id" : "bfcd0497-d135-4505-8795-e93050bb31c1",
    "vertices" : [ {
      "x" : -43.913467,
      "y" : 27.140015,
      "z" : 0.0
    }, {
      "x" : -29.034441,
      "y" : 29.034441,
      "z" : 29.034441
    }, {
      "x" : -39.720104,
      "y" : 15.171729,
      "z" : 24.548374
    } ],
    "faces" : [ {
      "vertices" : [ 0, 1, 2 ]
    }, {
      "vertices" : [ 0, 2, 1 ]
    } ]
  }, {
    "id" : "4342ca48-03b2-43bc-a6c4-43fe324a6966",
    "vertices" : [ {
      "x" : 0.0,
      "y" : -43.913467,
      "z" : -27.140015
    }, {
      "x" : 0.0,
      "y" : -17.944271,
      "z" : -46.978714
    }, {
      "x" : -15.171729,
      "y" : -24.548374,
      "z" : -39.720104
    } ],
    "faces" : [ {
      "vertices" : [ 0, 1, 2 ]
    }, {
      "vertices" : [ 0, 2, 1 ]
    } ]
  }, {
    "id" : "acfd0664-7548-40ae-ad6a-841971b5bfeb",
    "vertices" : [ {
      "x" : -27.140015,
      "y" : 0.0,
      "z" : -43.913467
    }, {
      "x" : -29.034441,
      "y" : -29.034441,
      "z" : -29.034441
    }, {
      "x" : -39.720104,
      "y" : -15.171729,
      "z" : -24.548374
    } ],
    "faces" : [ {
      "vertices" : [ 0, 1, 2 ]
    }, {
      "vertices" : [ 0, 2, 1 ]
    } ]
  }, {
    "id" : "cb824781-642a-4ad6-8297-98fba1c9bede",
    "vertices" : [ {
      "x" : 0.0,
      "y" : 43.913467,
      "z" : -27.140015
    }, {
      "x" : 0.0,
      "y" : 17.944271,
      "z" : -46.978714
    }, {
      "x" : 15.171729,
      "y" : 24.548374,
      "z" : -39.720104
    } ],
    "faces" : [ {
      "vertices" : [ 0, 1, 2 ]
    }, {
      "vertices" : [ 0, 2, 1 ]
    } ]
  }, {
    "id" : "c46c8379-5309-4f2b-b0a7-2e6d477062f4",
    "vertices" : [ {
      "x" : 43.913467,
      "y" : -27.140015,
      "z" : 0.0
    }, {
      "x" : 46.978714,
      "y" : 0.0,
      "z" : -17.944271
    }, {
      "x" : 39.720104,
      "y" : -15.171729,
      "z" : -24.548374
    } ],
    "faces" : [ {
      "vertices" : [ 0, 1, 2 ]
    }, {
      "vertices" : [ 0, 2, 1 ]
    } ]
  }, {
    "id" : "f02148e6-f332-4770-aa93-5d51fdef2c88",
    "vertices" : [ {
      "x" : 22.68034,
      "y" : 14.135255,
      "z" : 0.309017
    }, {
      "x" : 24.298374,
      "y" : 14.899187,
      "z" : 0.309017
    }, {
      "x" : 24.107391,
      "y" : 15.208204,
      "z" : 0.19098301
    }, {
      "x" : 0.809017,
      "y" : 0.618034,
      "z" : -0.309017
    }, {
      "x" : 0.690983,
      "y" : 0.809017,
      "z" : 0.0
    }, {
      "x" : 22.562305,
      "y" : 14.326238,
      "z" : 0.0
    }, {
      "x" : 22.68034,
      "y" : 14.135255,
      "z" : -0.309017
    }, {
      "x" : 46.169697,
      "y" : 28.416409,
      "z" : 0.309017
    }, {
      "x" : 22.871323,
      "y" : 13.826238,
      "z" : 0.19098301
    }, {
      "x" : 22.871323,
      "y" : 13.826238,
      "z" : -0.19098301
    }, {
      "x" : 24.416409,
      "y" : 14.708204,
      "z" : 0.0
    }, {
      "x" : 24.298374,
      "y" : 14.899187,
      "z" : -0.309017
    }, {
      "x" : 46.28773,
      "y" : 28.225426,
      "z" : 0.0
    }, {
      "x" : 1.0,
      "y" : 0.309017,
      "z" : 0.19098301
    }, {
      "x" : 1.0,
      "y" : 0.309017,
      "z" : -0.19098301
    }, {
      "x" : 0.809017,
      "y" : 0.618034,
      "z" : 0.309017
    }, {
      "x" : 45.978714,
      "y" : 28.725426,
      "z" : 0.19098301
    }, {
      "x" : 46.169697,
      "y" : 28.416409,
      "z" : -0.309017
    }, {
      "x" : 45.978714,
      "y" : 28.725426,
      "z" : -0.19098301
    }, {
      "x" : 46.978714,
      "y" : 29.034441,
      "z" : 0.0
    }, {
      "x" : 24.107391,
      "y" : 15.208204,
      "z" : -0.19098301
    } ],
    "faces" : [ {
      "vertices" : [ 3, 6, 9 ]
    }, {
      "vertices" : [ 3, 9, 14 ]
    }, {
      "vertices" : [ 11, 20, 18 ]
    }, {
      "vertices" : [ 11, 18, 17 ]
    }, {
      "vertices" : [ 0, 1, 2 ]
    }, {
      "vertices" : [ 0, 15, 13 ]
    }, {
      "vertices" : [ 0, 13, 8 ]
    }, {
      "vertices" : [ 6, 20, 11 ]
    }, {
      "vertices" : [ 0, 2, 5 ]
    }, {
      "vertices" : [ 0, 8, 1 ]
    }, {
      "vertices" : [ 8, 13, 14 ]
    }, {
      "vertices" : [ 8, 14, 9 ]
    }, {
      "vertices" : [ 3, 4, 5 ]
    }, {
      "vertices" : [ 3, 5, 6 ]
    }, {
      "vertices" : [ 10, 11, 17 ]
    }, {
      "vertices" : [ 10, 17, 12 ]
    }, {
      "vertices" : [ 1, 8, 10 ]
    }, {
      "vertices" : [ 0, 5, 4 ]
    }, {
      "vertices" : [ 0, 4, 15 ]
    }, {
      "vertices" : [ 2, 16, 18 ]
    }, {
      "vertices" : [ 2, 18, 20 ]
    }, {
      "vertices" : [ 1, 7, 16 ]
    }, {
      "vertices" : [ 1, 16, 2 ]
    }, {
      "vertices" : [ 6, 11, 9 ]
    }, {
      "vertices" : [ 8, 9, 10 ]
    }, {
      "vertices" : [ 2, 20, 5 ]
    }, {
      "vertices" : [ 9, 11, 10 ]
    }, {
      "vertices" : [ 1, 10, 12 ]
    }, {
      "vertices" : [ 1, 12, 7 ]
    }, {
      "vertices" : [ 5, 20, 6 ]
    } ]
  }, {
    "id" : "645d34ec-235f-47a3-8a51-2055f65bd83a",
    "vertices" : [ {
      "x" : -27.140015,
      "y" : 0.0,
      "z" : -43.913467
    }, {
      "x" : 0.0,
      "y" : 17.944271,
      "z" : -46.978714
    }, {
      "x" : 0.0,
      "y" : 0.0,
      "z" : -49.09675
    } ],
    "faces" : [ {
      "vertices" : [ 0, 1, 2 ]
    }, {
      "vertices" : [ 0, 2, 1 ]
    } ]
  }, {
    "id" : "e005ea24-0d2d-4fe8-b516-775b5ad016f4",
    "vertices" : [ {
      "x" : 0.0,
      "y" : -43.913467,
      "z" : 27.140015
    }, {
      "x" : 0.0,
      "y" : -17.944271,
      "z" : 46.978714
    }, {
      "x" : -15.171729,
      "y" : -24.548374,
      "z" : 39.720104
    } ],
    "faces" : [ {
      "vertices" : [ 0, 1, 2 ]
    }, {
      "vertices" : [ 0, 2, 1 ]
    } ]
  }, {
    "id" : "e4f1c080-ae5a-4b18-bde5-88c535c8f8a3",
    "vertices" : [ {
      "x" : 0.0,
      "y" : -43.913467,
      "z" : -27.140015
    }, {
      "x" : -17.944271,
      "y" : -46.978714,
      "z" : 0.0
    }, {
      "x" : 0.0,
      "y" : -49.09675,
      "z" : 0.0
    } ],
    "faces" : [ {
      "vertices" : [ 0, 1, 2 ]
    }, {
      "vertices" : [ 0, 2, 1 ]
    } ]
  }, {
    "id" : "1153c54b-b74b-4860-96af-c75be1878d9b",
    "vertices" : [ {
      "x" : -43.913467,
      "y" : -27.140015,
      "z" : 0.0
    }, {
      "x" : -29.034441,
      "y" : -29.034441,
      "z" : 29.034441
    }, {
      "x" : -39.720104,
      "y" : -15.171729,
      "z" : 24.548374
    } ],
    "faces" : [ {
      "vertices" : [ 0, 1, 2 ]
    }, {
      "vertices" : [ 0, 2, 1 ]
    } ]
  }, {
    "id" : "927c6c62-1f61-470f-8239-637f7abaf226",
    "vertices" : [ {
      "x" : 0.0,
      "y" : 43.913467,
      "z" : -27.140015
    }, {
      "x" : 0.0,
      "y" : 17.944271,
      "z" : -46.978714
    }, {
      "x" : -15.171729,
      "y" : 24.548374,
      "z" : -39.720104
    } ],
    "faces" : [ {
      "vertices" : [ 0, 1, 2 ]
    }, {
      "vertices" : [ 0, 2, 1 ]
    } ]
  }, {
    "id" : "e15b9969-cdad-4833-b8f3-136a0f8a3fd7",
    "vertices" : [ {
      "x" : 0.0,
      "y" : 43.913467,
      "z" : -27.140015
    }, {
      "x" : -17.944271,
      "y" : 46.978714,
      "z" : 0.0
    }, {
      "x" : 0.0,
      "y" : 49.09675,
      "z" : 0.0
    } ],
    "faces" : [ {
      "vertices" : [ 0, 1, 2 ]
    }, {
      "vertices" : [ 0, 2, 1 ]
    } ]
  }, {
    "id" : "b3f70a88-ad1f-47cd-ac3a-35377d205da5",
    "vertices" : [ {
      "x" : 27.140015,
      "y" : 0.0,
      "z" : 43.913467
    }, {
      "x" : 29.034441,
      "y" : -29.034441,
      "z" : 29.034441
    }, {
      "x" : 39.720104,
      "y" : -15.171729,
      "z" : 24.548374
    } ],
    "faces" : [ {
      "vertices" : [ 0, 1, 2 ]
    }, {
      "vertices" : [ 0, 2, 1 ]
    } ]
  }, {
    "id" : "657088f8-b616-4354-af4a-eba60743496c",
    "vertices" : [ {
      "x" : -43.913467,
      "y" : -27.140015,
      "z" : 0.0
    }, {
      "x" : -17.944271,
      "y" : -46.978714,
      "z" : 0.0
    }, {
      "x" : -24.548374,
      "y" : -39.720104,
      "z" : -15.171729
    } ],
    "faces" : [ {
      "vertices" : [ 0, 1, 2 ]
    }, {
      "vertices" : [ 0, 2, 1 ]
    } ]
  }, {
    "id" : "b8c548f9-893f-4dc9-9bf0-71f24ebce7c8",
    "vertices" : [ {
      "x" : 27.140015,
      "y" : 0.0,
      "z" : -43.913467
    }, {
      "x" : 46.978714,
      "y" : 0.0,
      "z" : -17.944271
    }, {
      "x" : 39.720104,
      "y" : -15.171729,
      "z" : -24.548374
    } ],
    "faces" : [ {
      "vertices" : [ 0, 1, 2 ]
    }, {
      "vertices" : [ 0, 2, 1 ]
    } ]
  }, {
    "id" : "2d972866-57e2-4feb-9542-67a6fca38f0c",
    "vertices" : [ {
      "x" : 33.652477,
      "y" : 6.736068,
      "z" : 3.781153
    }, {
      "x" : 33.652477,
      "y" : 6.118034,
      "z" : 3.781153
    }, {
      "x" : 2.236068,
      "y" : 0.11803399,
      "z" : 0.072949015
    }, {
      "x" : 2.236068,
      "y" : 0.73606795,
      "z" : 0.072949015
    }, {
      "x" : 1.0,
      "y" : -0.309017,
      "z" : -0.19098301
    }, {
      "x" : 1.0,
      "y" : 0.309017,
      "z" : -0.19098301
    }, {
      "x" : 2.236068,
      "y" : 0.73606795,
      "z" : 0.45491502
    }, {
      "x" : 1.0,
      "y" : 0.309017,
      "z" : 0.19098301
    }, {
      "x" : 1.0,
      "y" : -0.309017,
      "z" : 0.19098301
    }, {
      "x" : 2.236068,
      "y" : 0.11803399,
      "z" : 0.45491502
    }, {
      "x" : 33.652477,
      "y" : 6.118034,
      "z" : 4.163119
    }, {
      "x" : 34.888542,
      "y" : 7.163119,
      "z" : 4.427051
    }, {
      "x" : 33.652477,
      "y" : 6.736068,
      "z" : 4.163119
    }, {
      "x" : 34.888542,
      "y" : 6.545085,
      "z" : 4.427051
    }, {
      "x" : 35.888542,
      "y" : 6.854102,
      "z" : 4.236068
    }, {
      "x" : 34.888542,
      "y" : 7.163119,
      "z" : 4.045085
    }, {
      "x" : 34.888542,
      "y" : 6.545085,
      "z" : 4.045085
    } ],
    "faces" : [ {
      "vertices" : [ 0, 15, 16 ]
    }, {
      "vertices" : [ 0, 16, 1 ]
    }, {
      "vertices" : [ 6, 9, 10 ]
    }, {
      "vertices" : [ 6, 10, 12 ]
    }, {
