{
  "polygons" : "true",
  "field" : "golden",
  "symmetry" : "icosahedral",
  "orientations" : [ [ 1.0, 0.0, 0.0, 0.0, 0.0, 1.0, 0.0, 0.0, 0.0, 0.0, 1.0, 0.0, 0.0, 0.0, 0.0, 1.0 ], [ 0.0, 0.0, 1.0, 0.0, 1.0, 0.0, 0.0, 0.0, 0.0, 1.0, 0.0, 0.0, 0.0, 0.0, 0.0, 1.0 ], [ 0.0, 1.0, 0.0, 0.0, 0.0, 0.0, 1.0, 0.0, 1.0, 0.0, 0.0, 0.0, 0.0, 0.0, 0.0, 1.0 ], [ 0.809017, 0.309017, 0.5, 0.0, 0.309017, 0.5, -0.809017, 0.0, -0.5, 0.809017, 0.309017, 0.0, 0.0, 0.0, 0.0, 1.0 ], [ -0.5, 0.809017, 0.309017, 0.0, 0.809017, 0.309017, 0.5, 0.0, 0.309017, 0.5, -0.809017, 0.0, 0.0, 0.0, 0.0, 1.0 ], [ 0.309017, 0.5, -0.809017, 0.0, -0.5, 0.809017, 0.309017, 0.0, 0.809017, 0.309017, 0.5, 0.0, 0.0, 0.0, 0.0, 1.0 ], [ 0.5, 0.809017, 0.309017, 0.0, 0.809017, -0.309017, -0.5, 0.0, -0.309017, 0.5, -0.809017, 0.0, 0.0, 0.0, 0.0, 1.0 ], [ -0.309017, 0.5, -0.809017, 0.0, 0.5, 0.809017, 0.309017, 0.0, 0.809017, -0.309017, -0.5, 0.0, 0.0, 0.0, 0.0, 1.0 ], [ 0.809017, -0.309017, -0.5, 0.0, -0.309017, 0.5, -0.809017, 0.0, 0.5, 0.809017, 0.309017, 0.0, 0.0, 0.0, 0.0, 1.0 ], [ 0.5, 0.809017, -0.309017, 0.0, 0.809017, -0.309017, 0.5, 0.0, 0.309017, -0.5, -0.809017, 0.0, 0.0, 0.0, 0.0, 1.0 ], [ 0.309017, -0.5, -0.809017, 0.0, 0.5, 0.809017, -0.309017, 0.0, 0.809017, -0.309017, 0.5, 0.0, 0.0, 0.0, 0.0, 1.0 ], [ 0.809017, -0.309017, 0.5, 0.0, 0.309017, -0.5, -0.809017, 0.0, 0.5, 0.809017, -0.309017, 0.0, 0.0, 0.0, 0.0, 1.0 ], [ 0.809017, 0.309017, -0.5, 0.0, 0.309017, 0.5, 0.809017, 0.0, 0.5, -0.809017, 0.309017, 0.0, 0.0, 0.0, 0.0, 1.0 ], [ 0.5, -0.809017, 0.309017, 0.0, 0.809017, 0.309017, -0.5, 0.0, 0.309017, 0.5, 0.809017, 0.0, 0.0, 0.0, 0.0, 1.0 ], [ 0.309017, 0.5, 0.809017, 0.0, 0.5, -0.809017, 0.309017, 0.0, 0.809017, 0.309017, -0.5, 0.0, 0.0, 0.0, 0.0, 1.0 ], [ 1.0, 0.0, 0.0, 0.0, 0.0, -1.0, 0.0, 0.0, 0.0, 0.0, -1.0, 0.0, 0.0, 0.0, 0.0, 1.0 ], [ 0.0, 0.0, 1.0, 0.0, -1.0, 0.0, 0.0, 0.0, 0.0, -1.0, 0.0, 0.0, 0.0, 0.0, 0.0, 1.0 ], [ 0.0, 1.0, 0.0, 0.0, 0.0, 0.0, -1.0, 0.0, -1.0, 0.0, 0.0, 0.0, 0.0, 0.0, 0.0, 1.0 ], [ 0.809017, 0.309017, 0.5, 0.0, -0.309017, -0.5, 0.809017, 0.0, 0.5, -0.809017, -0.309017, 0.0, 0.0, 0.0, 0.0, 1.0 ], [ -0.5, 0.809017, 0.309017, 0.0, -0.809017, -0.309017, -0.5, 0.0, -0.309017, -0.5, 0.809017, 0.0, 0.0, 0.0, 0.0, 1.0 ], [ 0.309017, 0.5, -0.809017, 0.0, 0.5, -0.809017, -0.309017, 0.0, -0.809017, -0.309017, -0.5, 0.0, 0.0, 0.0, 0.0, 1.0 ], [ 0.5, 0.809017, 0.309017, 0.0, -0.809017, 0.309017, 0.5, 0.0, 0.309017, -0.5, 0.809017, 0.0, 0.0, 0.0, 0.0, 1.0 ], [ -0.309017, 0.5, -0.809017, 0.0, -0.5, -0.809017, -0.309017, 0.0, -0.809017, 0.309017, 0.5, 0.0, 0.0, 0.0, 0.0, 1.0 ], [ 0.809017, -0.309017, -0.5, 0.0, 0.309017, -0.5, 0.809017, 0.0, -0.5, -0.809017, -0.309017, 0.0, 0.0, 0.0, 0.0, 1.0 ], [ 0.5, 0.809017, -0.309017, 0.0, -0.809017, 0.309017, -0.5, 0.0, -0.309017, 0.5, 0.809017, 0.0, 0.0, 0.0, 0.0, 1.0 ], [ 0.309017, -0.5, -0.809017, 0.0, -0.5, -0.809017, 0.309017, 0.0, -0.809017, 0.309017, -0.5, 0.0, 0.0, 0.0, 0.0, 1.0 ], [ 0.809017, -0.309017, 0.5, 0.0, -0.309017, 0.5, 0.809017, 0.0, -0.5, -0.809017, 0.309017, 0.0, 0.0, 0.0, 0.0, 1.0 ], [ 0.809017, 0.309017, -0.5, 0.0, -0.309017, -0.5, -0.809017, 0.0, -0.5, 0.809017, -0.309017, 0.0, 0.0, 0.0, 0.0, 1.0 ], [ 0.5, -0.809017, 0.309017, 0.0, -0.809017, -0.309017, 0.5, 0.0, -0.309017, -0.5, -0.809017, 0.0, 0.0, 0.0, 0.0, 1.0 ], [ 0.309017, 0.5, 0.809017, 0.0, -0.5, 0.809017, -0.309017, 0.0, -0.809017, -0.309017, 0.5, 0.0, 0.0, 0.0, 0.0, 1.0 ], [ -1.0, 0.0, 0.0, 0.0, 0.0, -1.0, 0.0, 0.0, 0.0, 0.0, 1.0, 0.0, 0.0, 0.0, 0.0, 1.0 ], [ 0.0, 0.0, -1.0, 0.0, -1.0, 0.0, 0.0, 0.0, 0.0, 1.0, 0.0, 0.0, 0.0, 0.0, 0.0, 1.0 ], [ 0.0, -1.0, 0.0, 0.0, 0.0, 0.0, -1.0, 0.0, 1.0, 0.0, 0.0, 0.0, 0.0, 0.0, 0.0, 1.0 ], [ -0.809017, -0.309017, -0.5, 0.0, -0.309017, -0.5, 0.809017, 0.0, -0.5, 0.809017, 0.309017, 0.0, 0.0, 0.0, 0.0, 1.0 ], [ 0.5, -0.809017, -0.309017, 0.0, -0.809017, -0.309017, -0.5, 0.0, 0.309017, 0.5, -0.809017, 0.0, 0.0, 0.0, 0.0, 1.0 ], [ -0.309017, -0.5, 0.809017, 0.0, 0.5, -0.809017, -0.309017, 0.0, 0.809017, 0.309017, 0.5, 0.0, 0.0, 0.0, 0.0, 1.0 ], [ -0.5, -0.809017, -0.309017, 0.0, -0.809017, 0.309017, 0.5, 0.0, -0.309017, 0.5, -0.809017, 0.0, 0.0, 0.0, 0.0, 1.0 ], [ 0.309017, -0.5, 0.809017, 0.0, -0.5, -0.809017, -0.309017, 0.0, 0.809017, -0.309017, -0.5, 0.0, 0.0, 0.0, 0.0, 1.0 ], [ -0.809017, 0.309017, 0.5, 0.0, 0.309017, -0.5, 0.809017, 0.0, 0.5, 0.809017, 0.309017, 0.0, 0.0, 0.0, 0.0, 1.0 ], [ -0.5, -0.809017, 0.309017, 0.0, -0.809017, 0.309017, -0.5, 0.0, 0.309017, -0.5, -0.809017, 0.0, 0.0, 0.0, 0.0, 1.0 ], [ -0.309017, 0.5, 0.809017, 0.0, -0.5, -0.809017, 0.309017, 0.0, 0.809017, -0.309017, 0.5, 0.0, 0.0, 0.0, 0.0, 1.0 ], [ -0.809017, 0.309017, -0.5, 0.0, -0.309017, 0.5, 0.809017, 0.0, 0.5, 0.809017, -0.309017, 0.0, 0.0, 0.0, 0.0, 1.0 ], [ -0.809017, -0.309017, 0.5, 0.0, -0.309017, -0.5, -0.809017, 0.0, 0.5, -0.809017, 0.309017, 0.0, 0.0, 0.0, 0.0, 1.0 ], [ -0.5, 0.809017, -0.309017, 0.0, -0.809017, -0.309017, 0.5, 0.0, 0.309017, 0.5, 0.809017, 0.0, 0.0, 0.0, 0.0, 1.0 ], [ -0.309017, -0.5, -0.809017, 0.0, -0.5, 0.809017, -0.309017, 0.0, 0.809017, 0.309017, -0.5, 0.0, 0.0, 0.0, 0.0, 1.0 ], [ -1.0, 0.0, 0.0, 0.0, 0.0, 1.0, 0.0, 0.0, 0.0, 0.0, -1.0, 0.0, 0.0, 0.0, 0.0, 1.0 ], [ 0.0, 0.0, -1.0, 0.0, 1.0, 0.0, 0.0, 0.0, 0.0, -1.0, 0.0, 0.0, 0.0, 0.0, 0.0, 1.0 ], [ 0.0, -1.0, 0.0, 0.0, 0.0, 0.0, 1.0, 0.0, -1.0, 0.0, 0.0, 0.0, 0.0, 0.0, 0.0, 1.0 ], [ -0.809017, -0.309017, -0.5, 0.0, 0.309017, 0.5, -0.809017, 0.0, 0.5, -0.809017, -0.309017, 0.0, 0.0, 0.0, 0.0, 1.0 ], [ 0.5, -0.809017, -0.309017, 0.0, 0.809017, 0.309017, 0.5, 0.0, -0.309017, -0.5, 0.809017, 0.0, 0.0, 0.0, 0.0, 1.0 ], [ -0.309017, -0.5, 0.809017, 0.0, -0.5, 0.809017, 0.309017, 0.0, -0.809017, -0.309017, -0.5, 0.0, 0.0, 0.0, 0.0, 1.0 ], [ -0.5, -0.809017, -0.309017, 0.0, 0.809017, -0.309017, -0.5, 0.0, 0.309017, -0.5, 0.809017, 0.0, 0.0, 0.0, 0.0, 1.0 ], [ 0.309017, -0.5, 0.809017, 0.0, 0.5, 0.809017, 0.309017, 0.0, -0.809017, 0.309017, 0.5, 0.0, 0.0, 0.0, 0.0, 1.0 ], [ -0.809017, 0.309017, 0.5, 0.0, -0.309017, 0.5, -0.809017, 0.0, -0.5, -0.809017, -0.309017, 0.0, 0.0, 0.0, 0.0, 1.0 ], [ -0.5, -0.809017, 0.309017, 0.0, 0.809017, -0.309017, 0.5, 0.0, -0.309017, 0.5, 0.809017, 0.0, 0.0, 0.0, 0.0, 1.0 ], [ -0.309017, 0.5, 0.809017, 0.0, 0.5, 0.809017, -0.309017, 0.0, -0.809017, 0.309017, -0.5, 0.0, 0.0, 0.0, 0.0, 1.0 ], [ -0.809017, 0.309017, -0.5, 0.0, 0.309017, -0.5, -0.809017, 0.0, -0.5, -0.809017, 0.309017, 0.0, 0.0, 0.0, 0.0, 1.0 ], [ -0.809017, -0.309017, 0.5, 0.0, 0.309017, 0.5, 0.809017, 0.0, -0.5, 0.809017, -0.309017, 0.0, 0.0, 0.0, 0.0, 1.0 ], [ -0.5, 0.809017, -0.309017, 0.0, 0.809017, 0.309017, -0.5, 0.0, -0.309017, -0.5, -0.809017, 0.0, 0.0, 0.0, 0.0, 1.0 ], [ -0.309017, -0.5, -0.809017, 0.0, 0.5, -0.809017, 0.309017, 0.0, -0.809017, -0.309017, 0.5, 0.0, 0.0, 0.0, 0.0, 1.0 ] ],
  "lights" : {
    "ambientColor" : "#292929",
    "backgroundColor" : "#AFC8DC",
    "directionalLights" : [ {
      "direction" : [ 1.0, -1.0, -1.0 ],
      "color" : "#EBEBE4"
    }, {
      "direction" : [ -1.0, 0.0, 0.0 ],
      "color" : "#E4E4EB"
    }, {
      "direction" : [ 0.0, 0.0, -1.0 ],
      "color" : "#1E1E1E"
    } ]
  },
  "camera" : {
    "perspective" : true,
    "lookDirection" : {
      "x" : 0.88909626,
      "y" : -0.365788,
      "z" : 0.2751493
    },
    "upDirection" : {
      "x" : -0.30819508,
      "y" : -0.92285603,
      "z" : -0.2309818
    },
    "lookAtPoint" : {
      "x" : 0.0,
      "y" : 0.0,
      "z" : 0.0
    },
    "viewDistance" : 289.70972,
    "nearClipDistance" : 0.7242736,
    "farClipDistance" : 579.4181,
    "fieldOfView" : 0.44262692,
    "stereo" : false,
    "width" : 130.36877,
    "position" : {
      "x" : -257.57983,
      "y" : 105.97234,
      "z" : -79.713425
    }
  },
  "embedding" : [ 1.0, 0.0, 0.0, 0.0, 0.0, 1.0, 0.0, 0.0, 0.0, 0.0, 1.0, 0.0, 0.0, 0.0, 0.0, 1.0 ],
  "shapes" : [ {
    "id" : "0703aa33-4ed5-4412-9f03-82e900febad8",
    "vertices" : [ {
      "x" : 1.0,
      "y" : 0.309017,
      "z" : 0.19098301
    }, {
      "x" : 1.0,
      "y" : -0.309017,
      "z" : 0.19098301
    }, {
      "x" : 7.472136,
      "y" : -0.309017,
      "z" : 0.19098301
    }, {
      "x" : 7.472136,
      "y" : 0.309017,
      "z" : 0.19098301
    }, {
      "x" : 7.472136,
      "y" : -0.309017,
      "z" : -0.19098301
    }, {
      "x" : 7.472136,
      "y" : 0.309017,
      "z" : -0.19098301
    }, {
      "x" : 8.09017,
      "y" : 0.0,
      "z" : 0.0
    }, {
      "x" : 0.38196602,
      "y" : 0.0,
      "z" : 0.0
    }, {
      "x" : 1.0,
      "y" : 0.309017,
      "z" : -0.19098301
    }, {
      "x" : 1.0,
      "y" : -0.309017,
      "z" : -0.19098301
    }, {
      "x" : 8.472136,
      "y" : 0.0,
      "z" : 0.0
    } ],
    "faces" : [ {
      "vertices" : [ 1, 9, 4, 2 ]
    }, {
      "vertices" : [ 0, 3, 5, 8 ]
    }, {
      "vertices" : [ 1, 7, 9 ]
    }, {
      "vertices" : [ 0, 1, 2, 3 ]
    }, {
      "vertices" : [ 7, 8, 9 ]
    }, {
      "vertices" : [ 0, 7, 1 ]
    }, {
      "vertices" : [ 4, 9, 8, 5 ]
    }, {
      "vertices" : [ 2, 6, 3 ]
    }, {
      "vertices" : [ 2, 4, 6 ]
    }, {
      "vertices" : [ 3, 6, 5 ]
    }, {
      "vertices" : [ 4, 5, 6 ]
    }, {
      "vertices" : [ 0, 8, 7 ]
    } ]
  }, {
    "id" : "333656c9-3cc6-41c7-80d5-4e706cf4ae94",
    "vertices" : [ {
      "x" : -0.309017,
      "y" : -0.19098301,
      "z" : 0.0
    }, {
      "x" : -0.309017,
      "y" : 0.19098301,
      "z" : 0.0
    }, {
      "x" : -0.19098301,
      "y" : 0.0,
      "z" : -0.309017
    }, {
      "x" : -0.19098301,
      "y" : 0.0,
      "z" : 0.309017
    }, {
      "x" : 0.0,
      "y" : -0.309017,
      "z" : -0.19098301
    }, {
      "x" : 0.0,
      "y" : -0.309017,
      "z" : 0.19098301
    }, {
      "x" : 0.0,
      "y" : 0.309017,
      "z" : -0.19098301
    }, {
      "x" : 0.0,
      "y" : 0.309017,
      "z" : 0.19098301
    }, {
      "x" : 0.19098301,
      "y" : 0.0,
      "z" : -0.309017
    }, {
      "x" : 0.19098301,
      "y" : 0.0,
      "z" : 0.309017
    }, {
      "x" : 0.309017,
      "y" : -0.19098301,
      "z" : 0.0
    }, {
      "x" : 0.309017,
      "y" : 0.19098301,
      "z" : 0.0
    } ],
    "faces" : [ {
      "vertices" : [ 0, 1, 2 ]
    }, {
      "vertices" : [ 0, 3, 1 ]
    }, {
      "vertices" : [ 0, 2, 4 ]
    }, {
      "vertices" : [ 0, 5, 3 ]
    }, {
      "vertices" : [ 0, 4, 5 ]
    }, {
      "vertices" : [ 1, 6, 2 ]
    }, {
      "vertices" : [ 1, 3, 7 ]
    }, {
      "vertices" : [ 1, 7, 6 ]
    }, {
      "vertices" : [ 2, 8, 4 ]
    }, {
      "vertices" : [ 2, 6, 8 ]
    }, {
      "vertices" : [ 3, 5, 9 ]
    }, {
      "vertices" : [ 3, 9, 7 ]
    }, {
      "vertices" : [ 4, 10, 5 ]
    }, {
      "vertices" : [ 4, 8, 10 ]
    }, {
      "vertices" : [ 5, 10, 9 ]
    }, {
      "vertices" : [ 6, 7, 11 ]
    }, {
      "vertices" : [ 6, 11, 8 ]
    }, {
      "vertices" : [ 7, 9, 11 ]
    }, {
      "vertices" : [ 8, 11, 10 ]
    }, {
      "vertices" : [ 9, 10, 11 ]
    } ]
  }, {
    "id" : "cc4e00fd-6d11-4b17-9c3a-4700ac5c4dbf",
    "vertices" : [ {
      "x" : 1.0,
      "y" : 0.309017,
      "z" : 0.19098301
    }, {
      "x" : 1.0,
      "y" : -0.309017,
      "z" : 0.19098301
    }, {
      "x" : 4.236068,
      "y" : -0.309017,
      "z" : 0.19098301
    }, {
      "x" : 4.236068,
      "y" : 0.309017,
      "z" : 0.19098301
    }, {
      "x" : 4.236068,
      "y" : -0.309017,
      "z" : -0.19098301
    }, {
      "x" : 4.236068,
      "y" : 0.309017,
      "z" : -0.19098301
    }, {
      "x" : 4.854102,
      "y" : 0.0,
      "z" : 0.0
    }, {
      "x" : 0.38196602,
      "y" : 0.0,
      "z" : 0.0
    }, {
      "x" : 1.0,
      "y" : 0.309017,
      "z" : -0.19098301
    }, {
      "x" : 1.0,
      "y" : -0.309017,
      "z" : -0.19098301
    }, {
      "x" : 5.236068,
      "y" : 0.0,
      "z" : 0.0
    } ],
    "faces" : [ {
      "vertices" : [ 1, 9, 4, 2 ]
    }, {
      "vertices" : [ 0, 3, 5, 8 ]
    }, {
      "vertices" : [ 1, 7, 9 ]
    }, {
      "vertices" : [ 0, 1, 2, 3 ]
    }, {
      "vertices" : [ 7, 8, 9 ]
    }, {
      "vertices" : [ 0, 7, 1 ]
    }, {
      "vertices" : [ 4, 9, 8, 5 ]
    }, {
      "vertices" : [ 2, 6, 3 ]
    }, {
      "vertices" : [ 2, 4, 6 ]
    }, {
      "vertices" : [ 3, 6, 5 ]
    }, {
      "vertices" : [ 4, 5, 6 ]
    }, {
      "vertices" : [ 0, 8, 7 ]
    } ]
  }, {
    "id" : "b18ca9cc-ea71-4aaa-9907-b6e2e8ae4bf2",
    "vertices" : [ {
      "x" : 13.708204,
      "y" : 0.0,
      "z" : -5.236068
    }, {
      "x" : 13.399187,
      "y" : 0.0,
      "z" : -5.118034
    }, {
      "x" : 12.9946785,
      "y" : -0.1545085,
      "z" : -4.677051
    }, {
      "x" : 12.803696,
      "y" : -0.1545085,
      "z" : -5.177051
    }, {
      "x" : 0.9045085,
      "y" : -0.1545085,
      "z" : -0.059016995
    }, {
      "x" : 0.809017,
      "y" : 0.309017,
      "z" : -0.309017
    }, {
      "x" : 0.309017,
      "y" : 0.0,
      "z" : -0.11803399
    }, {
      "x" : 12.899187,
      "y" : 0.309017,
      "z" : -4.927051
    }, {
      "x" : 0.7135255,
      "y" : -0.1545085,
      "z" : -0.559017
    } ],
    "faces" : [ {
      "vertices" : [ 2, 4, 8, 3 ]
    }, {
      "vertices" : [ 2, 7, 5, 4 ]
    }, {
      "vertices" : [ 4, 6, 8 ]
    }, {
      "vertices" : [ 5, 8, 6 ]
    }, {
      "vertices" : [ 1, 2, 3 ]
    }, {
      "vertices" : [ 3, 8, 5, 7 ]
    }, {
      "vertices" : [ 1, 7, 2 ]
    }, {
      "vertices" : [ 1, 3, 7 ]
    }, {
      "vertices" : [ 4, 5, 6 ]
    } ]
  }, {
    "id" : "4091d9d9-2fb6-4983-944e-2dbb27620afd",
    "vertices" : [ {
      "x" : 10.781153,
      "y" : 4.118034,
      "z" : -1.572949
    }, {
      "x" : 10.399187,
      "y" : 3.663119,
      "z" : -1.381966
    }, {
      "x" : 10.236068,
      "y" : 3.927051,
      "z" : -1.809017
    }, {
      "x" : 10.163119,
      "y" : 4.190983,
      "z" : -1.618034
    }, {
      "x" : 0.85410196,
      "y" : 0.309017,
      "z" : 0.19098301
    }, {
      "x" : 0.690983,
      "y" : 0.572949,
      "z" : -0.23606798
    }, {
      "x" : 0.309017,
      "y" : 0.11803399,
      "z" : -0.045084972
    }, {
      "x" : 0.76393205,
      "y" : 0.309017,
      "z" : -0.42705098
    }, {
      "x" : 0.927051,
      "y" : 0.045084972,
      "z" : 0.0
    }, {
      "x" : 10.326238,
      "y" : 3.927051,
      "z" : -1.190983
    }, {
      "x" : 11.09017,
      "y" : 4.236068,
      "z" : -1.618034
    } ],
    "faces" : [ {
      "vertices" : [ 2, 7, 5, 3 ]
    }, {
      "vertices" : [ 1, 8, 7, 2 ]
    }, {
      "vertices" : [ 4, 6, 8 ]
    }, {
      "vertices" : [ 5, 7, 6 ]
    }, {
      "vertices" : [ 0, 1, 2 ]
    }, {
      "vertices" : [ 0, 2, 3 ]
    }, {
      "vertices" : [ 6, 7, 8 ]
    }, {
      "vertices" : [ 3, 5, 4, 9 ]
    }, {
      "vertices" : [ 1, 9, 4, 8 ]
    }, {
      "vertices" : [ 0, 9, 1 ]
    }, {
      "vertices" : [ 0, 3, 9 ]
    }, {
      "vertices" : [ 4, 5, 6 ]
    } ]
  }, {
    "id" : "f1e010da-dbc0-46f6-8cb7-b7fab0d52d5b",
    "vertices" : [ {
      "x" : 1.0,
      "y" : 0.309017,
      "z" : 0.19098301
    }, {
      "x" : 1.0,
      "y" : -0.309017,
      "z" : 0.19098301
    }, {
      "x" : 12.708204,
      "y" : -0.309017,
      "z" : 0.19098301
    }, {
      "x" : 12.708204,
      "y" : 0.309017,
      "z" : 0.19098301
    }, {
      "x" : 12.708204,
      "y" : -0.309017,
      "z" : -0.19098301
    }, {
      "x" : 12.708204,
      "y" : 0.309017,
      "z" : -0.19098301
    }, {
      "x" : 13.326238,
      "y" : 0.0,
      "z" : 0.0
    }, {
      "x" : 0.38196602,
      "y" : 0.0,
      "z" : 0.0
    }, {
      "x" : 1.0,
      "y" : 0.309017,
      "z" : -0.19098301
    }, {
      "x" : 1.0,
      "y" : -0.309017,
      "z" : -0.19098301
    }, {
      "x" : 13.708204,
      "y" : 0.0,
      "z" : 0.0
    } ],
    "faces" : [ {
      "vertices" : [ 1, 9, 4, 2 ]
    }, {
      "vertices" : [ 0, 3, 5, 8 ]
    }, {
      "vertices" : [ 1, 7, 9 ]
    }, {
      "vertices" : [ 0, 1, 2, 3 ]
    }, {
      "vertices" : [ 7, 8, 9 ]
    }, {
      "vertices" : [ 0, 7, 1 ]
    }, {
      "vertices" : [ 4, 9, 8, 5 ]
    }, {
      "vertices" : [ 2, 6, 3 ]
    }, {
      "vertices" : [ 2, 4, 6 ]
    }, {
      "vertices" : [ 3, 6, 5 ]
    }, {
      "vertices" : [ 4, 5, 6 ]
    }, {
      "vertices" : [ 0, 8, 7 ]
    } ]
  }, {
    "id" : "f210d2c6-dda9-4288-8e06-f3c4aad9f12d",
    "vertices" : [ {
      "x" : 0.0,
      "y" : 0.0,
      "z" : 0.0
    }, {
      "x" : -22.18034,
      "y" : 35.888542,
      "z" : -58.068882
    }, {
      "x" : -51.214783,
      "y" : 82.867256,
      "z" : -17.944271
    }, {
      "x" : -29.034441,
      "y" : 46.978714,
      "z" : 40.12461
    } ],
    "faces" : [ {
      "vertices" : [ 0, 1, 2, 3 ]
    }, {
      "vertices" : [ 0, 3, 2, 1 ]
    } ]
  } ],
  "instances" : [ {
    "shape" : "0703aa33-4ed5-4412-9f03-82e900febad8",
    "color" : "#007695",
    "position" : {
      "x" : 0.0,
      "y" : -13.708204,
      "z" : -3.236068
    },
    "orientation" : 1
  }, {
    "shape" : "333656c9-3cc6-41c7-80d5-4e706cf4ae94",
    "color" : "#FFFFFF",
    "position" : {
      "x" : 62.30495,
      "y" : 27.034441,
      "z" : -33.27051
    }
  }, {
    "shape" : "cc4e00fd-6d11-4b17-9c3a-4700ac5c4dbf",
    "color" : "#007695",
    "position" : {
      "x" : 59.686916,
      "y" : 22.798374,
      "z" : -34.888542
    },
    "orientation" : 8
  }, {
    "shape" : "0703aa33-4ed5-4412-9f03-82e900febad8",
    "color" : "#007695",
    "position" : {
      "x" : 58.068882,
      "y" : 24.18034,
      "z" : -35.888542
    },
    "orientation" : 21
  }, {
    "shape" : "333656c9-3cc6-41c7-80d5-4e706cf4ae94",
    "color" : "#FFFFFF",
    "position" : {
      "x" : 70.777084,
      "y" : 20.562305,
      "z" : -28.034441
    }
  }, {
    "shape" : "333656c9-3cc6-41c7-80d5-4e706cf4ae94",
    "color" : "#FFFFFF",
    "position" : {
      "x" : 25.416409,
      "y" : 16.944271,
      "z" : -8.472136
    }
  }, {
    "shape" : "cc4e00fd-6d11-4b17-9c3a-4700ac5c4dbf",
    "color" : "#007695",
    "position" : {
      "x" : 45.36068,
      "y" : 20.562305,
      "z" : -43.742645
    },
    "orientation" : 36
  }, {
    "shape" : "0703aa33-4ed5-4412-9f03-82e900febad8",
    "color" : "#007695",
    "position" : {
      "x" : 4.236068,
      "y" : 1.618034,
      "z" : -14.326238
    },
    "orientation" : 54
  }, {
    "shape" : "cc4e00fd-6d11-4b17-9c3a-4700ac5c4dbf",
    "color" : "#007695",
    "position" : {
      "x" : 42.742645,
      "y" : 33.27051,
      "z" : -45.36068
    },
    "orientation" : 16
  }, {
    "shape" : "0703aa33-4ed5-4412-9f03-82e900febad8",
    "color" : "#007695",
    "position" : {
      "x" : 56.45085,
      "y" : 21.562305,
      "z" : -36.888542
    },
    "orientation" : 9
  }, {
    "shape" : "0703aa33-4ed5-4412-9f03-82e900febad8",
    "color" : "#007695",
    "position" : {
      "x" : 25.416409,
      "y" : 8.472136,
      "z" : -16.944271
    },
    "orientation" : 2
  }, {
    "shape" : "333656c9-3cc6-41c7-80d5-4e706cf4ae94",
    "color" : "#FFFFFF",
    "position" : {
      "x" : 52.214783,
      "y" : 31.652475,
      "z" : -39.506577
    }
  }, {
    "shape" : "cc4e00fd-6d11-4b17-9c3a-4700ac5c4dbf",
    "color" : "#007695",
    "position" : {
      "x" : 53.832817,
      "y" : 42.742645,
      "z" : -38.506577
    },
    "orientation" : 8
  }, {
    "shape" : "333656c9-3cc6-41c7-80d5-4e706cf4ae94",
    "color" : "#FFFFFF",
    "position" : {
      "x" : 73.39512,
      "y" : 16.326239,
      "z" : -26.416409
    }
  }, {
    "shape" : "0703aa33-4ed5-4412-9f03-82e900febad8",
    "color" : "#007695",
    "position" : {
      "x" : 59.686916,
      "y" : 22.798374,
      "z" : -34.888542
    },
    "orientation" : 56
  }, {
    "shape" : "0703aa33-4ed5-4412-9f03-82e900febad8",
    "color" : "#007695",
    "position" : {
      "x" : 60.686916,
      "y" : 36.888542,
      "z" : -34.27051
    },
    "orientation" : 16
  }, {
    "shape" : "333656c9-3cc6-41c7-80d5-4e706cf4ae94",
    "color" : "#FFFFFF",
    "position" : {
      "x" : 25.416409,
      "y" : 8.472136,
      "z" : -8.472136
    }
  }, {
    "shape" : "333656c9-3cc6-41c7-80d5-4e706cf4ae94",
    "color" : "#FFFFFF",
    "position" : {
      "x" : 45.36068,
      "y" : 23.798374,
      "z" : -43.742645
    }
  }, {
    "shape" : "0703aa33-4ed5-4412-9f03-82e900febad8",
    "color" : "#007695",
    "position" : {
      "x" : 16.944271,
      "y" : 3.236068,
      "z" : 5.236068
    },
    "orientation" : 16
  }, {
    "shape" : "333656c9-3cc6-41c7-80d5-4e706cf4ae94",
    "color" : "#FFFFFF",
    "position" : {
      "x" : 76.01315,
      "y" : 29.034441,
      "z" : -24.798374
    }
  }, {
    "shape" : "b18ca9cc-ea71-4aaa-9907-b6e2e8ae4bf2",
    "color" : "#F0A000",
    "position" : {
      "x" : 0.0,
      "y" : -13.708204,
      "z" : -3.236068
    },
    "orientation" : 39
  }, {
    "shape" : "4091d9d9-2fb6-4983-944e-2dbb27620afd",
    "color" : "#008D36",
    "position" : {
      "x" : 16.944271,
      "y" : 13.708204,
      "z" : -22.18034
    },
    "orientation" : 36
  }, {
    "shape" : "4091d9d9-2fb6-4983-944e-2dbb27620afd",
    "color" : "#008D36",
    "position" : {
      "x" : 12.708204,
      "y" : 23.798374,
      "z" : -2.618034
    },
    "orientation" : 23
  }, {
    "shape" : "b18ca9cc-ea71-4aaa-9907-b6e2e8ae4bf2",
    "color" : "#F0A000",
    "position" : {
      "x" : 0.0,
      "y" : -5.236068,
      "z" : 22.18034
    },
    "orientation" : 3
  }, {
    "shape" : "333656c9-3cc6-41c7-80d5-4e706cf4ae94",
    "color" : "#FFFFFF",
    "position" : {
      "x" : -25.416409,
      "y" : -16.944271,
      "z" : 16.944271
    }
  }, {
    "shape" : "b18ca9cc-ea71-4aaa-9907-b6e2e8ae4bf2",
    "color" : "#F0A000",
    "position" : {
      "x" : 21.18034,
      "y" : 1.618034,
      "z" : 2.618034
    },
    "orientation" : 39
  }, {
    "shape" : "333656c9-3cc6-41c7-80d5-4e706cf4ae94",
    "color" : "#FFFFFF",
    "position" : {
      "x" : -4.236068,
      "y" : 6.854102,
      "z" : -19.562305
    }
  }, {
    "shape" : "333656c9-3cc6-41c7-80d5-4e706cf4ae94",
    "color" : "#FFFFFF",
    "position" : {
      "x" : 69.15905,
      "y" : 29.652475,
      "z" : -29.034441
    }
  }, {
    "shape" : "333656c9-3cc6-41c7-80d5-4e706cf4ae94",
    "color" : "#FFFFFF",
    "position" : {
      "x" : -25.416409,
      "y" : -16.944271,
      "z" : 8.472136
    }
  }, {
    "shape" : "cc4e00fd-6d11-4b17-9c3a-4700ac5c4dbf",
    "color" : "#007695",
    "position" : {
      "x" : 62.30495,
      "y" : 42.742645,
      "z" : -33.27051
    },
    "orientation" : 53
  }, {
    "shape" : "0703aa33-4ed5-4412-9f03-82e900febad8",
    "color" : "#007695",
    "position" : {
      "x" : -21.18034,
      "y" : -10.09017,
      "z" : 14.326238
    },
    "orientation" : 0
  }, {
    "shape" : "333656c9-3cc6-41c7-80d5-4e706cf4ae94",
    "color" : "#FFFFFF",
    "position" : {
      "x" : 67.54102,
      "y" : 32.27051,
      "z" : -30.034441
    }
  }, {
    "shape" : "333656c9-3cc6-41c7-80d5-4e706cf4ae94",
    "color" : "#FFFFFF",
    "position" : {
      "x" : -12.708204,
      "y" : -23.798374,
      "z" : 2.618034
    }
  }, {
    "shape" : "333656c9-3cc6-41c7-80d5-4e706cf4ae94",
    "color" : "#FFFFFF",
    "position" : {
      "x" : 0.0,
      "y" : -16.944271,
      "z" : 8.472136
    }
  }, {
    "shape" : "0703aa33-4ed5-4412-9f03-82e900febad8",
    "color" : "#007695",
    "position" : {
      "x" : 58.068882,
      "y" : 10.472136,
      "z" : -35.888542
    },
    "orientation" : 54
  }, {
    "shape" : "333656c9-3cc6-41c7-80d5-4e706cf4ae94",
    "color" : "#FFFFFF",
    "position" : {
      "x" : 53.832817,
      "y" : 1.618034,
      "z" : -38.506577
    }
  }, {
    "shape" : "cc4e00fd-6d11-4b17-9c3a-4700ac5c4dbf",
    "color" : "#007695",
    "position" : {
      "x" : 59.068882,
      "y" : 23.798374,
      "z" : -35.27051
    },
    "orientation" : 11
  }, {
    "shape" : "333656c9-3cc6-41c7-80d5-4e706cf4ae94",
    "color" : "#FFFFFF",
    "position" : {
      "x" : 21.18034,
      "y" : 1.618034,
      "z" : 2.618034
    }
  }, {
    "shape" : "f1e010da-dbc0-46f6-8cb7-b7fab0d52d5b",
    "color" : "#007695",
    "position" : {
      "x" : 25.416409,
      "y" : 16.944271,
      "z" : -8.472136
    },
    "orientation" : 40
  }, {
    "shape" : "0703aa33-4ed5-4412-9f03-82e900febad8",
    "color" : "#007695",
    "position" : {
      "x" : 59.068882,
      "y" : 20.562305,
      "z" : -35.27051
    },
    "orientation" : 56
  }, {
    "shape" : "0703aa33-4ed5-4412-9f03-82e900febad8",
    "color" : "#007695",
    "position" : {
      "x" : 25.416409,
      "y" : 16.944271,
      "z" : -8.472136
    },
    "orientation" : 47
  }, {
    "shape" : "cc4e00fd-6d11-4b17-9c3a-4700ac5c4dbf",
    "color" : "#007695",
    "position" : {
      "x" : 44.36068,
      "y" : 8.472136,
      "z" : -44.36068
    },
    "orientation" : 8
  }, {
    "shape" : "0703aa33-4ed5-4412-9f03-82e900febad8",
    "color" : "#007695",
    "position" : {
      "x" : 67.54102,
      "y" : 25.798374,
      "z" : -30.034441
    },
    "orientation" : 56
  }, {
    "shape" : "333656c9-3cc6-41c7-80d5-4e706cf4ae94",
    "color" : "#FFFFFF",
    "position" : {
      "x" : 62.30495,
      "y" : 17.326239,
      "z" : -33.27051
    }
  }, {
    "shape" : "cc4e00fd-6d11-4b17-9c3a-4700ac5c4dbf",
    "color" : "#007695",
    "position" : {
      "x" : 53.832817,
      "y" : 42.742645,
      "z" : -38.506577
    },
    "orientation" : 21
  }, {
    "shape" : "f1e010da-dbc0-46f6-8cb7-b7fab0d52d5b",
    "color" : "#007695",
    "position" : {
      "x" : 12.708204,
      "y" : -6.854102,
      "z" : -14.326238
    },
    "orientation" : 40
  }, {
    "shape" : "333656c9-3cc6-41c7-80d5-4e706cf4ae94",
    "color" : "#FFFFFF",
    "position" : {
      "x" : 0.0,
      "y" : 13.708204,
      "z" : -22.18034
    }
  }, {
    "shape" : "333656c9-3cc6-41c7-80d5-4e706cf4ae94",
    "color" : "#FFFFFF",
    "position" : {
      "x" : -12.708204,
      "y" : 6.854102,
      "z" : 14.326238
    }
  }, {
    "shape" : "f1e010da-dbc0-46f6-8cb7-b7fab0d52d5b",
    "color" : "#007695",
    "position" : {
      "x" : -8.472136,
      "y" : 8.472136,
      "z" : -8.472136
    },
    "orientation" : 40
  }, {
    "shape" : "333656c9-3cc6-41c7-80d5-4e706cf4ae94",
    "color" : "#FFFFFF",
    "position" : {
      "x" : 64.92299,
      "y" : 41.742645,
      "z" : -31.652475
    }
  }, {
    "shape" : "333656c9-3cc6-41c7-80d5-4e706cf4ae94",
    "color" : "#FFFFFF",
    "position" : {
      "x" : 45.36068,
      "y" : 20.562305,
      "z" : -43.742645
    }
  }, {
    "shape" : "333656c9-3cc6-41c7-80d5-4e706cf4ae94",
    "color" : "#FFFFFF",
    "position" : {
      "x" : 76.01315,
      "y" : 20.562305,
      "z" : -24.798374
    }
  }, {
    "shape" : "0703aa33-4ed5-4412-9f03-82e900febad8",
    "color" : "#007695",
    "position" : {
      "x" : -12.708204,
      "y" : -23.798374,
      "z" : 2.618034
    },
    "orientation" : 0
  }, {
    "shape" : "cc4e00fd-6d11-4b17-9c3a-4700ac5c4dbf",
    "color" : "#007695",
    "position" : {
      "x" : 46.978714,
      "y" : 29.652475,
      "z" : -42.742645
    },
    "orientation" : 53
  }, {
    "shape" : "0703aa33-4ed5-4412-9f03-82e900febad8",
    "color" : "#007695",
    "position" : {
      "x" : -25.416409,
      "y" : -16.944271,
      "z" : 8.472136
    },
    "orientation" : 2
  }, {
    "shape" : "0703aa33-4ed5-4412-9f03-82e900febad8",
    "color" : "#007695",
    "position" : {
      "x" : -21.18034,
      "y" : -10.09017,
      "z" : 14.326238
    },
    "orientation" : 1
  }, {
    "shape" : "0703aa33-4ed5-4412-9f03-82e900febad8",
    "color" : "#007695",
    "position" : {
      "x" : 0.0,
      "y" : -3.236068,
      "z" : -13.708204
    },
    "orientation" : 21
  }, {
    "shape" : "0703aa33-4ed5-4412-9f03-82e900febad8",
    "color" : "#007695",
    "position" : {
      "x" : -8.472136,
      "y" : -16.944271,
      "z" : 16.944271
    },
    "orientation" : 39
  }, {
    "shape" : "cc4e00fd-6d11-4b17-9c3a-4700ac5c4dbf",
    "color" : "#007695",
    "position" : {
      "x" : 21.18034,
      "y" : 6.854102,
      "z" : -11.09017
    },
    "orientation" : 11
  }, {
    "shape" : "0703aa33-4ed5-4412-9f03-82e900febad8",
    "color" : "#007695",
    "position" : {
      "x" : 56.45085,
      "y" : 21.562305,
      "z" : -36.888542
    },
    "orientation" : 8
  }, {
    "shape" : "0703aa33-4ed5-4412-9f03-82e900febad8",
    "color" : "#007695",
    "position" : {
      "x" : 45.36068,
      "y" : 23.798374,
      "z" : -43.742645
    },
    "orientation" : 8
  }, {
    "shape" : "333656c9-3cc6-41c7-80d5-4e706cf4ae94",
    "color" : "#FFFFFF",
    "position" : {
      "x" : -8.472136,
      "y" : 13.708204,
      "z" : 3.236068
    }
  }, {
    "shape" : "cc4e00fd-6d11-4b17-9c3a-4700ac5c4dbf",
    "color" : "#007695",
    "position" : {
      "x" : 51.214783,
      "y" : 41.742645,
      "z" : -40.12461
    },
    "orientation" : 53
  }, {
    "shape" : "0703aa33-4ed5-4412-9f03-82e900febad8",
    "color" : "#007695",
    "position" : {
      "x" : 0.0,
      "y" : -22.18034,
      "z" : 5.236068
    },
    "orientation" : 45
  }, {
    "shape" : "0703aa33-4ed5-4412-9f03-82e900febad8",
    "color" : "#007695",
    "position" : {
      "x" : 63.30495,
      "y" : 35.888542,
      "z" : -32.652477
    },
    "orientation" : 36
  }, {
    "shape" : "cc4e00fd-6d11-4b17-9c3a-4700ac5c4dbf",
    "color" : "#007695",
    "position" : {
      "x" : 71.777084,
      "y" : 8.472136,
      "z" : -27.416409
    },
    "orientation" : 36
  }, {
    "shape" : "0703aa33-4ed5-4412-9f03-82e900febad8",
    "color" : "#007695",
    "position" : {
      "x" : 0.0,
      "y" : -5.236068,
      "z" : 22.18034
    },
    "orientation" : 45
  }, {
    "shape" : "0703aa33-4ed5-4412-9f03-82e900febad8",
    "color" : "#007695",
    "position" : {
      "x" : 52.214783,
      "y" : 12.708204,
      "z" : -39.506577
    },
    "orientation" : 11
  }, {
    "shape" : "0703aa33-4ed5-4412-9f03-82e900febad8",
    "color" : "#007695",
    "position" : {
      "x" : -8.472136,
      "y" : -16.944271,
      "z" : 16.944271
    },
    "orientation" : 54
  }, {
    "shape" : "cc4e00fd-6d11-4b17-9c3a-4700ac5c4dbf",
    "color" : "#007695",
    "position" : {
      "x" : 63.30495,
      "y" : 8.472136,
      "z" : -32.652477
    },
    "orientation" : 11
  }, {
    "shape" : "0703aa33-4ed5-4412-9f03-82e900febad8",
    "color" : "#007695",
    "position" : {
      "x" : 8.472136,
      "y" : 22.18034,
      "z" : -22.18034
    },
    "orientation" : 0
  }, {
    "shape" : "0703aa33-4ed5-4412-9f03-82e900febad8",
    "color" : "#007695",
    "position" : {
      "x" : 52.214783,
      "y" : 31.652475,
      "z" : -39.506577
    },
    "orientation" : 8
  }, {
    "shape" : "333656c9-3cc6-41c7-80d5-4e706cf4ae94",
    "color" : "#FFFFFF",
    "position" : {
      "x" : -4.236068,
      "y" : -23.798374,
      "z" : 2.618034
    }
  }, {
    "shape" : "4091d9d9-2fb6-4983-944e-2dbb27620afd",
    "color" : "#008D36",
    "position" : {
      "x" : -4.236068,
      "y" : 6.854102,
      "z" : -19.562305
    },
    "orientation" : 38
  }, {
    "shape" : "0703aa33-4ed5-4412-9f03-82e900febad8",
    "color" : "#007695",
    "position" : {
      "x" : -4.236068,
      "y" : -1.618034,
      "z" : 14.326238
    },
    "orientation" : 1
  }, {
    "shape" : "f1e010da-dbc0-46f6-8cb7-b7fab0d52d5b",
    "color" : "#007695",
    "position" : {
      "x" : 0.0,
      "y" : 13.708204,
      "z" : 3.236068
    },
    "orientation" : 40
  }, {
    "shape" : "b18ca9cc-ea71-4aaa-9907-b6e2e8ae4bf2",
    "color" : "#F0A000",
    "position" : {
      "x" : 0.0,
      "y" : 16.944271,
      "z" : 8.472136
    },
    "orientation" : 39
  }, {
    "shape" : "0703aa33-4ed5-4412-9f03-82e900febad8",
    "color" : "#007695",
    "position" : {
      "x" : 21.18034,
      "y" : 6.854102,
      "z" : -11.09017
    },
    "orientation" : 47
  }, {
    "shape" : "0703aa33-4ed5-4412-9f03-82e900febad8",
    "color" : "#007695",
    "position" : {
      "x" : -16.944271,
      "y" : -3.236068,
      "z" : -5.236068
    },
    "orientation" : 39
  }, {
    "shape" : "cc4e00fd-6d11-4b17-9c3a-4700ac5c4dbf",
    "color" : "#007695",
    "position" : {
      "x" : 53.832817,
      "y" : 1.618034,
      "z" : -38.506577
    },
    "orientation" : 8
  }, {
    "shape" : "333656c9-3cc6-41c7-80d5-4e706cf4ae94",
    "color" : "#FFFFFF",
    "position" : {
      "x" : 69.15905,
      "y" : 4.236068,
      "z" : -29.034441
    }
  }, {
    "shape" : "0703aa33-4ed5-4412-9f03-82e900febad8",
    "color" : "#007695",
    "position" : {
      "x" : -16.944271,
      "y" : 5.236068,
      "z" : 3.236068
    },
    "orientation" : 16
  }, {
    "shape" : "cc4e00fd-6d11-4b17-9c3a-4700ac5c4dbf",
    "color" : "#007695",
    "position" : {
      "x" : 59.686916,
      "y" : 21.562305,
      "z" : -34.888542
    },
    "orientation" : 21
  }, {
    "shape" : "333656c9-3cc6-41c7-80d5-4e706cf4ae94",
    "color" : "#FFFFFF",
    "position" : {
      "x" : -21.18034,
      "y" : -23.798374,
      "z" : 11.09017
    }
  }, {
    "shape" : "4091d9d9-2fb6-4983-944e-2dbb27620afd",
    "color" : "#008D36",
    "position" : {
      "x" : 12.708204,
      "y" : 10.09017,
      "z" : 11.09017
    },
    "orientation" : 23
  }, {
    "shape" : "f1e010da-dbc0-46f6-8cb7-b7fab0d52d5b",
    "color" : "#007695",
    "position" : {
      "x" : -8.472136,
      "y" : -3.236068,
      "z" : 3.236068
    },
    "orientation" : 40
  }, {
    "shape" : "0703aa33-4ed5-4412-9f03-82e900febad8",
    "color" : "#007695",
    "position" : {
      "x" : -21.18034,
      "y" : -23.798374,
      "z" : 19.562305
    },
    "orientation" : 54
  }, {
    "shape" : "cc4e00fd-6d11-4b17-9c3a-4700ac5c4dbf",
    "color" : "#007695",
    "position" : {
      "x" : 73.39512,
      "y" : 33.27051,
      "z" : -26.416409
    },
    "orientation" : 36
  }, {
    "shape" : "0703aa33-4ed5-4412-9f03-82e900febad8",
    "color" : "#007695",
    "position" : {
      "x" : 67.54102,
      "y" : 25.798374,
      "z" : -30.034441
    },
    "orientation" : 1
  }, {
    "shape" : "0703aa33-4ed5-4412-9f03-82e900febad8",
    "color" : "#007695",
    "position" : {
      "x" : -4.236068,
      "y" : -23.798374,
      "z" : 11.09017
    },
    "orientation" : 6
  }, {
    "shape" : "333656c9-3cc6-41c7-80d5-4e706cf4ae94",
    "color" : "#FFFFFF",
    "position" : {
      "x" : 8.472136,
      "y" : 16.944271,
      "z" : -16.944271
    }
  }, {
    "shape" : "0703aa33-4ed5-4412-9f03-82e900febad8",
    "color" : "#007695",
    "position" : {
      "x" : 21.18034,
      "y" : 1.618034,
      "z" : 2.618034
    },
    "orientation" : 1
  }, {
    "shape" : "cc4e00fd-6d11-4b17-9c3a-4700ac5c4dbf",
    "color" : "#007695",
    "position" : {
      "x" : 63.30495,
      "y" : 8.472136,
      "z" : -32.652477
    },
    "orientation" : 8
  }, {
    "shape" : "cc4e00fd-6d11-4b17-9c3a-4700ac5c4dbf",
    "color" : "#007695",
    "position" : {
      "x" : 46.978714,
      "y" : 29.652475,
      "z" : -42.742645
    },
    "orientation" : 36
  }, {
    "shape" : "0703aa33-4ed5-4412-9f03-82e900febad8",
    "color" : "#007695",
    "position" : {
      "x" : 8.472136,
      "y" : -13.708204,
      "z" : 13.708204
    },
    "orientation" : 6
  }, {
    "shape" : "f1e010da-dbc0-46f6-8cb7-b7fab0d52d5b",
    "color" : "#007695",
    "position" : {
      "x" : 4.236068,
      "y" : 1.618034,
      "z" : -14.326238
    },
    "orientation" : 40
  }, {
    "shape" : "333656c9-3cc6-41c7-80d5-4e706cf4ae94",
    "color" : "#FFFFFF",
    "position" : {
      "x" : 8.472136,
      "y" : 22.18034,
      "z" : -5.236068
    }
  }, {
    "shape" : "0703aa33-4ed5-4412-9f03-82e900febad8",
    "color" : "#007695",
    "position" : {
      "x" : 59.068882,
      "y" : 20.562305,
      "z" : -35.27051
    },
    "orientation" : 1
  }, {
    "shape" : "333656c9-3cc6-41c7-80d5-4e706cf4ae94",
    "color" : "#FFFFFF",
    "position" : {
      "x" : 44.36068,
      "y" : 18.944271,
      "z" : -44.36068
    }
  }, {
    "shape" : "333656c9-3cc6-41c7-80d5-4e706cf4ae94",
    "color" : "#FFFFFF",
    "position" : {
      "x" : 76.01315,
      "y" : 23.798374,
      "z" : -24.798374
    }
  }, {
    "shape" : "cc4e00fd-6d11-4b17-9c3a-4700ac5c4dbf",
    "color" : "#007695",
    "position" : {
      "x" : 64.92299,
      "y" : 2.618034,
      "z" : -31.652475
    },
    "orientation" : 9
  }, {
    "shape" : "f1e010da-dbc0-46f6-8cb7-b7fab0d52d5b",
    "color" : "#007695",
    "position" : {
      "x" : 21.18034,
      "y" : 10.09017,
      "z" : -14.326238
    },
    "orientation" : 40
  }, {
    "shape" : "333656c9-3cc6-41c7-80d5-4e706cf4ae94",
    "color" : "#FFFFFF",
    "position" : {
      "x" : -16.944271,
      "y" : -22.18034,
      "z" : 13.708204
    }
  }, {
    "shape" : "0703aa33-4ed5-4412-9f03-82e900febad8",
    "color" : "#007695",
    "position" : {
      "x" : 67.54102,
      "y" : 25.798374,
      "z" : -30.034441
    },
    "orientation" : 36
  }, {
    "shape" : "b18ca9cc-ea71-4aaa-9907-b6e2e8ae4bf2",
    "color" : "#F0A000",
    "position" : {
      "x" : 0.0,
      "y" : 13.708204,
      "z" : 3.236068
    },
    "orientation" : 3
  }, {
    "shape" : "333656c9-3cc6-41c7-80d5-4e706cf4ae94",
    "color" : "#FFFFFF",
    "position" : {
      "x" : -25.416409,
      "y" : -8.472136,
      "z" : 8.472136
    }
  }, {
    "shape" : "cc4e00fd-6d11-4b17-9c3a-4700ac5c4dbf",
    "color" : "#007695",
    "position" : {
      "x" : 62.30495,
      "y" : 1.618034,
      "z" : -33.27051
    },
    "orientation" : 53
  }, {
    "shape" : "333656c9-3cc6-41c7-80d5-4e706cf4ae94",
    "color" : "#FFFFFF",
    "position" : {
      "x" : 16.944271,
      "y" : 3.236068,
      "z" : -3.236068
    }
  }, {
    "shape" : "cc4e00fd-6d11-4b17-9c3a-4700ac5c4dbf",
    "color" : "#007695",
    "position" : {
      "x" : 63.30495,
      "y" : 35.888542,
      "z" : -32.652477
    },
    "orientation" : 11
  }, {
    "shape" : "4091d9d9-2fb6-4983-944e-2dbb27620afd",
    "color" : "#008D36",
    "position" : {
      "x" : 16.944271,
      "y" : 22.18034,
      "z" : -13.708204
    },
    "orientation" : 38
  }, {
    "shape" : "4091d9d9-2fb6-4983-944e-2dbb27620afd",
    "color" : "#008D36",
    "position" : {
      "x" : -8.472136,
      "y" : 8.472136,
      "z" : -8.472136
    },
    "orientation" : 23
  }, {
    "shape" : "333656c9-3cc6-41c7-80d5-4e706cf4ae94",
    "color" : "#FFFFFF",
    "position" : {
      "x" : 73.39512,
      "y" : 28.034441,
      "z" : -26.416409
    }
  }, {
    "shape" : "0703aa33-4ed5-4412-9f03-82e900febad8",
    "color" : "#007695",
    "position" : {
      "x" : 8.472136,
      "y" : 16.944271,
      "z" : -16.944271
    },
    "orientation" : 21
  }, {
    "shape" : "cc4e00fd-6d11-4b17-9c3a-4700ac5c4dbf",
    "color" : "#007695",
    "position" : {
      "x" : 56.45085,
      "y" : 22.798374,
      "z" : -36.888542
    },
    "orientation" : 54
  }, {
    "shape" : "333656c9-3cc6-41c7-80d5-4e706cf4ae94",
    "color" : "#FFFFFF",
    "position" : {
      "x" : 53.832817,
      "y" : 27.034441,
      "z" : -38.506577
    }
  }, {
    "shape" : "0703aa33-4ed5-4412-9f03-82e900febad8",
    "color" : "#007695",
    "position" : {
      "x" : 21.18034,
      "y" : 23.798374,
      "z" : -19.562305
    },
    "orientation" : 2
  }, {
    "shape" : "333656c9-3cc6-41c7-80d5-4e706cf4ae94",
    "color" : "#FFFFFF",
    "position" : {
      "x" : -8.472136,
      "y" : -5.236068,
      "z" : 22.18034
    }
  }, {
    "shape" : "333656c9-3cc6-41c7-80d5-4e706cf4ae94",
    "color" : "#FFFFFF",
    "position" : {
      "x" : -8.472136,
      "y" : 8.472136,
      "z" : 16.944271
    }
  }, {
    "shape" : "0703aa33-4ed5-4412-9f03-82e900febad8",
    "color" : "#007695",
    "position" : {
      "x" : -21.18034,
      "y" : -6.854102,
      "z" : 11.09017
    },
    "orientation" : 21
  }, {
