{
  "field" : "golden",
  "symmetry" : "icosahedral",
  "orientations" : [ [ 1.0, 0.0, 0.0, 0.0, 0.0, 1.0, 0.0, 0.0, 0.0, 0.0, 1.0, 0.0, 0.0, 0.0, 0.0, 1.0 ], [ 0.0, 0.0, 1.0, 0.0, 1.0, 0.0, 0.0, 0.0, 0.0, 1.0, 0.0, 0.0, 0.0, 0.0, 0.0, 1.0 ], [ 0.0, 1.0, 0.0, 0.0, 0.0, 0.0, 1.0, 0.0, 1.0, 0.0, 0.0, 0.0, 0.0, 0.0, 0.0, 1.0 ], [ 0.809017, 0.309017, 0.5, 0.0, 0.309017, 0.5, -0.809017, 0.0, -0.5, 0.809017, 0.309017, 0.0, 0.0, 0.0, 0.0, 1.0 ], [ -0.5, 0.809017, 0.309017, 0.0, 0.809017, 0.309017, 0.5, 0.0, 0.309017, 0.5, -0.809017, 0.0, 0.0, 0.0, 0.0, 1.0 ], [ 0.309017, 0.5, -0.809017, 0.0, -0.5, 0.809017, 0.309017, 0.0, 0.809017, 0.309017, 0.5, 0.0, 0.0, 0.0, 0.0, 1.0 ], [ 0.5, 0.809017, 0.309017, 0.0, 0.809017, -0.309017, -0.5, 0.0, -0.309017, 0.5, -0.809017, 0.0, 0.0, 0.0, 0.0, 1.0 ], [ -0.309017, 0.5, -0.809017, 0.0, 0.5, 0.809017, 0.309017, 0.0, 0.809017, -0.309017, -0.5, 0.0, 0.0, 0.0, 0.0, 1.0 ], [ 0.809017, -0.309017, -0.5, 0.0, -0.309017, 0.5, -0.809017, 0.0, 0.5, 0.809017, 0.309017, 0.0, 0.0, 0.0, 0.0, 1.0 ], [ 0.5, 0.809017, -0.309017, 0.0, 0.809017, -0.309017, 0.5, 0.0, 0.309017, -0.5, -0.809017, 0.0, 0.0, 0.0, 0.0, 1.0 ], [ 0.309017, -0.5, -0.809017, 0.0, 0.5, 0.809017, -0.309017, 0.0, 0.809017, -0.309017, 0.5, 0.0, 0.0, 0.0, 0.0, 1.0 ], [ 0.809017, -0.309017, 0.5, 0.0, 0.309017, -0.5, -0.809017, 0.0, 0.5, 0.809017, -0.309017, 0.0, 0.0, 0.0, 0.0, 1.0 ], [ 0.809017, 0.309017, -0.5, 0.0, 0.309017, 0.5, 0.809017, 0.0, 0.5, -0.809017, 0.309017, 0.0, 0.0, 0.0, 0.0, 1.0 ], [ 0.5, -0.809017, 0.309017, 0.0, 0.809017, 0.309017, -0.5, 0.0, 0.309017, 0.5, 0.809017, 0.0, 0.0, 0.0, 0.0, 1.0 ], [ 0.309017, 0.5, 0.809017, 0.0, 0.5, -0.809017, 0.309017, 0.0, 0.809017, 0.309017, -0.5, 0.0, 0.0, 0.0, 0.0, 1.0 ], [ 1.0, 0.0, 0.0, 0.0, 0.0, -1.0, 0.0, 0.0, 0.0, 0.0, -1.0, 0.0, 0.0, 0.0, 0.0, 1.0 ], [ 0.0, 0.0, 1.0, 0.0, -1.0, 0.0, 0.0, 0.0, 0.0, -1.0, 0.0, 0.0, 0.0, 0.0, 0.0, 1.0 ], [ 0.0, 1.0, 0.0, 0.0, 0.0, 0.0, -1.0, 0.0, -1.0, 0.0, 0.0, 0.0, 0.0, 0.0, 0.0, 1.0 ], [ 0.809017, 0.309017, 0.5, 0.0, -0.309017, -0.5, 0.809017, 0.0, 0.5, -0.809017, -0.309017, 0.0, 0.0, 0.0, 0.0, 1.0 ], [ -0.5, 0.809017, 0.309017, 0.0, -0.809017, -0.309017, -0.5, 0.0, -0.309017, -0.5, 0.809017, 0.0, 0.0, 0.0, 0.0, 1.0 ], [ 0.309017, 0.5, -0.809017, 0.0, 0.5, -0.809017, -0.309017, 0.0, -0.809017, -0.309017, -0.5, 0.0, 0.0, 0.0, 0.0, 1.0 ], [ 0.5, 0.809017, 0.309017, 0.0, -0.809017, 0.309017, 0.5, 0.0, 0.309017, -0.5, 0.809017, 0.0, 0.0, 0.0, 0.0, 1.0 ], [ -0.309017, 0.5, -0.809017, 0.0, -0.5, -0.809017, -0.309017, 0.0, -0.809017, 0.309017, 0.5, 0.0, 0.0, 0.0, 0.0, 1.0 ], [ 0.809017, -0.309017, -0.5, 0.0, 0.309017, -0.5, 0.809017, 0.0, -0.5, -0.809017, -0.309017, 0.0, 0.0, 0.0, 0.0, 1.0 ], [ 0.5, 0.809017, -0.309017, 0.0, -0.809017, 0.309017, -0.5, 0.0, -0.309017, 0.5, 0.809017, 0.0, 0.0, 0.0, 0.0, 1.0 ], [ 0.309017, -0.5, -0.809017, 0.0, -0.5, -0.809017, 0.309017, 0.0, -0.809017, 0.309017, -0.5, 0.0, 0.0, 0.0, 0.0, 1.0 ], [ 0.809017, -0.309017, 0.5, 0.0, -0.309017, 0.5, 0.809017, 0.0, -0.5, -0.809017, 0.309017, 0.0, 0.0, 0.0, 0.0, 1.0 ], [ 0.809017, 0.309017, -0.5, 0.0, -0.309017, -0.5, -0.809017, 0.0, -0.5, 0.809017, -0.309017, 0.0, 0.0, 0.0, 0.0, 1.0 ], [ 0.5, -0.809017, 0.309017, 0.0, -0.809017, -0.309017, 0.5, 0.0, -0.309017, -0.5, -0.809017, 0.0, 0.0, 0.0, 0.0, 1.0 ], [ 0.309017, 0.5, 0.809017, 0.0, -0.5, 0.809017, -0.309017, 0.0, -0.809017, -0.309017, 0.5, 0.0, 0.0, 0.0, 0.0, 1.0 ], [ -1.0, 0.0, 0.0, 0.0, 0.0, -1.0, 0.0, 0.0, 0.0, 0.0, 1.0, 0.0, 0.0, 0.0, 0.0, 1.0 ], [ 0.0, 0.0, -1.0, 0.0, -1.0, 0.0, 0.0, 0.0, 0.0, 1.0, 0.0, 0.0, 0.0, 0.0, 0.0, 1.0 ], [ 0.0, -1.0, 0.0, 0.0, 0.0, 0.0, -1.0, 0.0, 1.0, 0.0, 0.0, 0.0, 0.0, 0.0, 0.0, 1.0 ], [ -0.809017, -0.309017, -0.5, 0.0, -0.309017, -0.5, 0.809017, 0.0, -0.5, 0.809017, 0.309017, 0.0, 0.0, 0.0, 0.0, 1.0 ], [ 0.5, -0.809017, -0.309017, 0.0, -0.809017, -0.309017, -0.5, 0.0, 0.309017, 0.5, -0.809017, 0.0, 0.0, 0.0, 0.0, 1.0 ], [ -0.309017, -0.5, 0.809017, 0.0, 0.5, -0.809017, -0.309017, 0.0, 0.809017, 0.309017, 0.5, 0.0, 0.0, 0.0, 0.0, 1.0 ], [ -0.5, -0.809017, -0.309017, 0.0, -0.809017, 0.309017, 0.5, 0.0, -0.309017, 0.5, -0.809017, 0.0, 0.0, 0.0, 0.0, 1.0 ], [ 0.309017, -0.5, 0.809017, 0.0, -0.5, -0.809017, -0.309017, 0.0, 0.809017, -0.309017, -0.5, 0.0, 0.0, 0.0, 0.0, 1.0 ], [ -0.809017, 0.309017, 0.5, 0.0, 0.309017, -0.5, 0.809017, 0.0, 0.5, 0.809017, 0.309017, 0.0, 0.0, 0.0, 0.0, 1.0 ], [ -0.5, -0.809017, 0.309017, 0.0, -0.809017, 0.309017, -0.5, 0.0, 0.309017, -0.5, -0.809017, 0.0, 0.0, 0.0, 0.0, 1.0 ], [ -0.309017, 0.5, 0.809017, 0.0, -0.5, -0.809017, 0.309017, 0.0, 0.809017, -0.309017, 0.5, 0.0, 0.0, 0.0, 0.0, 1.0 ], [ -0.809017, 0.309017, -0.5, 0.0, -0.309017, 0.5, 0.809017, 0.0, 0.5, 0.809017, -0.309017, 0.0, 0.0, 0.0, 0.0, 1.0 ], [ -0.809017, -0.309017, 0.5, 0.0, -0.309017, -0.5, -0.809017, 0.0, 0.5, -0.809017, 0.309017, 0.0, 0.0, 0.0, 0.0, 1.0 ], [ -0.5, 0.809017, -0.309017, 0.0, -0.809017, -0.309017, 0.5, 0.0, 0.309017, 0.5, 0.809017, 0.0, 0.0, 0.0, 0.0, 1.0 ], [ -0.309017, -0.5, -0.809017, 0.0, -0.5, 0.809017, -0.309017, 0.0, 0.809017, 0.309017, -0.5, 0.0, 0.0, 0.0, 0.0, 1.0 ], [ -1.0, 0.0, 0.0, 0.0, 0.0, 1.0, 0.0, 0.0, 0.0, 0.0, -1.0, 0.0, 0.0, 0.0, 0.0, 1.0 ], [ 0.0, 0.0, -1.0, 0.0, 1.0, 0.0, 0.0, 0.0, 0.0, -1.0, 0.0, 0.0, 0.0, 0.0, 0.0, 1.0 ], [ 0.0, -1.0, 0.0, 0.0, 0.0, 0.0, 1.0, 0.0, -1.0, 0.0, 0.0, 0.0, 0.0, 0.0, 0.0, 1.0 ], [ -0.809017, -0.309017, -0.5, 0.0, 0.309017, 0.5, -0.809017, 0.0, 0.5, -0.809017, -0.309017, 0.0, 0.0, 0.0, 0.0, 1.0 ], [ 0.5, -0.809017, -0.309017, 0.0, 0.809017, 0.309017, 0.5, 0.0, -0.309017, -0.5, 0.809017, 0.0, 0.0, 0.0, 0.0, 1.0 ], [ -0.309017, -0.5, 0.809017, 0.0, -0.5, 0.809017, 0.309017, 0.0, -0.809017, -0.309017, -0.5, 0.0, 0.0, 0.0, 0.0, 1.0 ], [ -0.5, -0.809017, -0.309017, 0.0, 0.809017, -0.309017, -0.5, 0.0, 0.309017, -0.5, 0.809017, 0.0, 0.0, 0.0, 0.0, 1.0 ], [ 0.309017, -0.5, 0.809017, 0.0, 0.5, 0.809017, 0.309017, 0.0, -0.809017, 0.309017, 0.5, 0.0, 0.0, 0.0, 0.0, 1.0 ], [ -0.809017, 0.309017, 0.5, 0.0, -0.309017, 0.5, -0.809017, 0.0, -0.5, -0.809017, -0.309017, 0.0, 0.0, 0.0, 0.0, 1.0 ], [ -0.5, -0.809017, 0.309017, 0.0, 0.809017, -0.309017, 0.5, 0.0, -0.309017, 0.5, 0.809017, 0.0, 0.0, 0.0, 0.0, 1.0 ], [ -0.309017, 0.5, 0.809017, 0.0, 0.5, 0.809017, -0.309017, 0.0, -0.809017, 0.309017, -0.5, 0.0, 0.0, 0.0, 0.0, 1.0 ], [ -0.809017, 0.309017, -0.5, 0.0, 0.309017, -0.5, -0.809017, 0.0, -0.5, -0.809017, 0.309017, 0.0, 0.0, 0.0, 0.0, 1.0 ], [ -0.809017, -0.309017, 0.5, 0.0, 0.309017, 0.5, 0.809017, 0.0, -0.5, 0.809017, -0.309017, 0.0, 0.0, 0.0, 0.0, 1.0 ], [ -0.5, 0.809017, -0.309017, 0.0, 0.809017, 0.309017, -0.5, 0.0, -0.309017, -0.5, -0.809017, 0.0, 0.0, 0.0, 0.0, 1.0 ], [ -0.309017, -0.5, -0.809017, 0.0, 0.5, -0.809017, 0.309017, 0.0, -0.809017, -0.309017, 0.5, 0.0, 0.0, 0.0, 0.0, 1.0 ] ],
  "lights" : {
    "backgroundColor" : "#AFC8DC",
    "ambientColor" : "#292929",
    "directionalLights" : [ {
      "direction" : {
        "x" : 1.0,
        "y" : -1.0,
        "z" : -1.0
      },
      "color" : "#EBEBE4"
    }, {
      "direction" : {
        "x" : -1.0,
        "y" : 0.0,
        "z" : 0.0
      },
      "color" : "#E4E4EB"
    }, {
      "direction" : {
        "x" : 0.0,
        "y" : 0.0,
        "z" : -1.0
      },
      "color" : "#1E1E1E"
    } ]
  },
  "camera" : {
    "width" : 72.9936,
    "stereo" : false,
    "viewDistance" : 162.208,
    "nearClipDistance" : 0.40552014,
    "farClipDistance" : 324.4158,
    "lookAtPoint" : {
      "x" : 6.981424,
      "y" : -13.962848,
      "z" : 12.217492
    },
    "fieldOfView" : 0.4426289,
    "perspective" : true,
    "lookDirection" : {
      "x" : -0.600135,
      "y" : -0.51110494,
      "z" : -0.6153121
    },
    "upDirection" : {
      "x" : 0.5101544,
      "y" : 0.34792104,
      "z" : -0.7865712
    },
    "position" : {
      "x" : 104.32812,
      "y" : 68.94246,
      "z" : 112.02603
    }
  },
  "embedding" : [ 1.0, 0.0, 0.0, 0.0, 0.0, 1.0, 0.0, 0.0, 0.0, 0.0, 1.0, 0.0, 0.0, 0.0, 0.0, 1.0 ],
  "shapes" : [ {
    "id" : "aee54aaf-bae6-4e4d-9d1b-424055f90645",
    "vertices" : [ {
      "x" : 4.236068,
      "y" : 0.309017,
      "z" : 0.19098301
    }, {
      "x" : 4.236068,
      "y" : 0.309017,
      "z" : -0.19098301
    }, {
      "x" : 1.0,
      "y" : 0.309017,
      "z" : -0.19098301
    }, {
      "x" : 1.0,
      "y" : 0.309017,
      "z" : 0.19098301
    }, {
      "x" : 4.236068,
      "y" : -0.309017,
      "z" : 0.19098301
    }, {
      "x" : 1.0,
      "y" : -0.309017,
      "z" : 0.19098301
    }, {
      "x" : 1.0,
      "y" : -0.309017,
      "z" : -0.19098301
    }, {
      "x" : 4.236068,
      "y" : -0.309017,
      "z" : -0.19098301
    }, {
      "x" : 5.236068,
      "y" : 0.0,
      "z" : 0.0
    } ],
    "faces" : [ {
      "vertices" : [ 1, 7, 6 ]
    }, {
      "vertices" : [ 1, 6, 2 ]
    }, {
      "vertices" : [ 0, 1, 2 ]
    }, {
      "vertices" : [ 0, 2, 3 ]
    }, {
      "vertices" : [ 4, 5, 6 ]
    }, {
      "vertices" : [ 4, 6, 7 ]
    }, {
      "vertices" : [ 0, 3, 5 ]
    }, {
      "vertices" : [ 0, 5, 4 ]
    } ]
  }, {
    "id" : "a0371a90-13e4-4118-a655-38efeed0ba52",
    "vertices" : [ {
      "x" : 0.309017,
      "y" : -0.809017,
      "z" : 0.618034
    }, {
      "x" : 0.809017,
      "y" : -0.618034,
      "z" : 0.309017
    }, {
      "x" : 0.618034,
      "y" : -0.309017,
      "z" : 0.809017
    }, {
      "x" : 1.0,
      "y" : 0.309017,
      "z" : 0.19098301
    }, {
      "x" : 0.809017,
      "y" : 0.618034,
      "z" : 0.309017
    }, {
      "x" : 0.618034,
      "y" : 0.309017,
      "z" : 0.809017
    }, {
      "x" : 0.809017,
      "y" : 0.0,
      "z" : 0.690983
    }, {
      "x" : 0.19098301,
      "y" : -1.0,
      "z" : 0.309017
    }, {
      "x" : -0.19098301,
      "y" : -1.0,
      "z" : 0.309017
    }, {
      "x" : -0.19098301,
      "y" : -1.0,
      "z" : -0.309017
    }, {
      "x" : 0.19098301,
      "y" : -1.0,
      "z" : -0.309017
    }, {
      "x" : 1.0,
      "y" : -0.309017,
      "z" : -0.19098301
    }, {
      "x" : 0.809017,
      "y" : -0.618034,
      "z" : -0.309017
    }, {
      "x" : 0.618034,
      "y" : -0.309017,
      "z" : -0.809017
    }, {
      "x" : 0.809017,
      "y" : 0.0,
      "z" : -0.690983
    }, {
      "x" : 0.0,
      "y" : 0.690983,
      "z" : -0.809017
    }, {
      "x" : 0.309017,
      "y" : 0.809017,
      "z" : -0.618034
    }, {
      "x" : 0.618034,
      "y" : 0.309017,
      "z" : -0.809017
    }, {
      "x" : 0.309017,
      "y" : 0.19098301,
      "z" : -1.0
    }, {
      "x" : 1.0,
      "y" : 0.309017,
      "z" : -0.19098301
    }, {
      "x" : -0.309017,
      "y" : -0.809017,
      "z" : 0.618034
    }, {
      "x" : 0.0,
      "y" : -0.690983,
      "z" : 0.809017
    }, {
      "x" : 0.809017,
      "y" : 0.618034,
      "z" : -0.309017
    }, {
      "x" : 0.690983,
      "y" : 0.809017,
      "z" : 0.0
    }, {
      "x" : -0.690983,
      "y" : 0.809017,
      "z" : 0.0
    }, {
      "x" : -0.809017,
      "y" : 0.618034,
      "z" : 0.309017
    }, {
      "x" : -0.309017,
      "y" : 0.809017,
      "z" : 0.618034
    }, {
      "x" : -0.19098301,
      "y" : 1.0,
      "z" : 0.309017
    }, {
      "x" : 0.309017,
      "y" : -0.19098301,
      "z" : -1.0
    }, {
      "x" : 0.19098301,
      "y" : 1.0,
      "z" : 0.309017
    }, {
      "x" : 0.309017,
      "y" : 0.809017,
      "z" : 0.618034
    }, {
      "x" : -0.809017,
      "y" : -0.618034,
      "z" : 0.309017
    }, {
      "x" : -0.690983,
      "y" : -0.809017,
      "z" : 0.0
    }, {
      "x" : 0.0,
      "y" : 0.690983,
      "z" : 0.809017
    }, {
      "x" : 0.309017,
      "y" : -0.809017,
      "z" : -0.618034
    }, {
      "x" : 0.0,
      "y" : -0.690983,
      "z" : -0.809017
    }, {
      "x" : -1.0,
      "y" : 0.309017,
      "z" : 0.19098301
    }, {
      "x" : -0.809017,
      "y" : 0.0,
      "z" : 0.690983
    }, {
      "x" : -0.618034,
      "y" : 0.309017,
      "z" : 0.809017
    }, {
      "x" : 1.0,
      "y" : -0.309017,
      "z" : 0.19098301
    }, {
      "x" : -0.309017,
      "y" : -0.809017,
      "z" : -0.618034
    }, {
      "x" : -1.0,
      "y" : 0.309017,
      "z" : -0.19098301
    }, {
      "x" : -1.0,
      "y" : -0.309017,
      "z" : -0.19098301
    }, {
      "x" : -1.0,
      "y" : -0.309017,
      "z" : 0.19098301
    }, {
      "x" : 0.19098301,
      "y" : 1.0,
      "z" : -0.309017
    }, {
      "x" : -0.809017,
      "y" : 0.618034,
      "z" : -0.309017
    }, {
      "x" : -0.19098301,
      "y" : 1.0,
      "z" : -0.309017
    }, {
      "x" : -0.309017,
      "y" : 0.809017,
      "z" : -0.618034
    }, {
      "x" : -0.618034,
      "y" : -0.309017,
      "z" : 0.809017
    }, {
      "x" : 0.309017,
      "y" : 0.19098301,
      "z" : 1.0
    }, {
      "x" : -0.309017,
      "y" : 0.19098301,
      "z" : -1.0
    }, {
      "x" : -0.309017,
      "y" : 0.19098301,
      "z" : 1.0
    }, {
      "x" : -0.309017,
      "y" : -0.19098301,
      "z" : 1.0
    }, {
      "x" : 0.309017,
      "y" : -0.19098301,
      "z" : 1.0
    }, {
      "x" : 0.690983,
      "y" : -0.809017,
      "z" : 0.0
    }, {
      "x" : -0.809017,
      "y" : 0.0,
      "z" : -0.690983
    }, {
      "x" : -0.618034,
      "y" : -0.309017,
      "z" : -0.809017
    }, {
      "x" : -0.309017,
      "y" : -0.19098301,
      "z" : -1.0
    }, {
      "x" : -0.618034,
      "y" : 0.309017,
      "z" : -0.809017
    }, {
      "x" : -0.809017,
      "y" : -0.618034,
      "z" : -0.309017
    } ],
    "faces" : [ {
      "vertices" : [ 9, 40, 35 ]
    }, {
      "vertices" : [ 9, 35, 34 ]
    }, {
      "vertices" : [ 9, 34, 10 ]
    }, {
      "vertices" : [ 0, 1, 2 ]
    }, {
      "vertices" : [ 33, 51, 49 ]
    }, {
      "vertices" : [ 25, 36, 37 ]
    }, {
      "vertices" : [ 25, 37, 38 ]
    }, {
      "vertices" : [ 41, 55, 42 ]
    }, {
      "vertices" : [ 9, 32, 59 ]
    }, {
      "vertices" : [ 9, 59, 40 ]
    }, {
      "vertices" : [ 20, 21, 52 ]
    }, {
      "vertices" : [ 20, 52, 48 ]
    }, {
      "vertices" : [ 26, 33, 30 ]
    }, {
      "vertices" : [ 26, 30, 29 ]
    }, {
      "vertices" : [ 26, 29, 27 ]
    }, {
      "vertices" : [ 3, 4, 5 ]
    }, {
      "vertices" : [ 3, 5, 6 ]
    }, {
      "vertices" : [ 27, 29, 44 ]
    }, {
      "vertices" : [ 27, 44, 46 ]
    }, {
      "vertices" : [ 50, 57, 56 ]
    }, {
      "vertices" : [ 50, 56, 55 ]
    }, {
      "vertices" : [ 50, 55, 58 ]
    }, {
      "vertices" : [ 26, 38, 51 ]
    }, {
      "vertices" : [ 26, 51, 33 ]
    }, {
      "vertices" : [ 45, 47, 58 ]
    }, {
      "vertices" : [ 18, 28, 57 ]
    }, {
      "vertices" : [ 18, 57, 50 ]
    }, {
      "vertices" : [ 40, 59, 56 ]
    }, {
      "vertices" : [ 31, 48, 37 ]
    }, {
      "vertices" : [ 31, 37, 43 ]
    }, {
      "vertices" : [ 7, 8, 9 ]
    }, {
      "vertices" : [ 7, 9, 10 ]
    }, {
      "vertices" : [ 36, 41, 42 ]
    }, {
      "vertices" : [ 36, 42, 43 ]
    }, {
      "vertices" : [ 24, 46, 47 ]
    }, {
      "vertices" : [ 24, 47, 45 ]
    }, {
      "vertices" : [ 4, 30, 5 ]
    }, {
      "vertices" : [ 15, 47, 46 ]
    }, {
      "vertices" : [ 15, 46, 44 ]
    }, {
      "vertices" : [ 15, 44, 16 ]
    }, {
      "vertices" : [ 15, 50, 58 ]
    }, {
      "vertices" : [ 15, 58, 47 ]
    }, {
      "vertices" : [ 24, 45, 41 ]
    }, {
      "vertices" : [ 24, 41, 36 ]
    }, {
      "vertices" : [ 24, 36, 25 ]
    }, {
      "vertices" : [ 11, 14, 19 ]
    }, {
      "vertices" : [ 3, 6, 39 ]
    }, {
      "vertices" : [ 1, 39, 6 ]
    }, {
      "vertices" : [ 1, 6, 2 ]
    }, {
      "vertices" : [ 8, 32, 9 ]
    }, {
      "vertices" : [ 11, 12, 13 ]
    }, {
      "vertices" : [ 11, 13, 14 ]
    }, {
      "vertices" : [ 16, 22, 17 ]
    }, {
      "vertices" : [ 0, 21, 20 ]
    }, {
      "vertices" : [ 0, 20, 8 ]
    }, {
      "vertices" : [ 0, 8, 7 ]
    }, {
      "vertices" : [ 12, 34, 13 ]
    }, {
      "vertices" : [ 35, 40, 56 ]
    }, {
      "vertices" : [ 35, 56, 57 ]
    }, {
      "vertices" : [ 0, 7, 54 ]
    }, {
      "vertices" : [ 0, 54, 1 ]
    }, {
      "vertices" : [ 15, 16, 17 ]
    }, {
      "vertices" : [ 15, 17, 18 ]
    }, {
      "vertices" : [ 3, 19, 22 ]
    }, {
      "vertices" : [ 3, 22, 23 ]
    }, {
      "vertices" : [ 3, 23, 4 ]
    }, {
      "vertices" : [ 7, 10, 54 ]
    }, {
      "vertices" : [ 41, 45, 58 ]
    }, {
      "vertices" : [ 41, 58, 55 ]
    }, {
      "vertices" : [ 3, 39, 11 ]
    }, {
      "vertices" : [ 3, 11, 19 ]
    }, {
      "vertices" : [ 14, 17, 22 ]
    }, {
      "vertices" : [ 14, 22, 19 ]
    }, {
      "vertices" : [ 0, 2, 53 ]
    }, {
      "vertices" : [ 0, 53, 21 ]
    }, {
      "vertices" : [ 49, 51, 52 ]
    }, {
      "vertices" : [ 49, 52, 53 ]
    }, {
      "vertices" : [ 31, 43, 42 ]
    }, {
      "vertices" : [ 31, 42, 59 ]
    }, {
      "vertices" : [ 31, 59, 32 ]
    }, {
      "vertices" : [ 15, 18, 50 ]
    }, {
      "vertices" : [ 42, 55, 56 ]
    }, {
      "vertices" : [ 42, 56, 59 ]
    }, {
      "vertices" : [ 4, 23, 29 ]
    }, {
      "vertices" : [ 4, 29, 30 ]
    }, {
      "vertices" : [ 25, 38, 26 ]
    }, {
      "vertices" : [ 13, 28, 18 ]
    }, {
      "vertices" : [ 13, 18, 17 ]
    }, {
      "vertices" : [ 13, 17, 14 ]
    }, {
      "vertices" : [ 8, 20, 31 ]
    }, {
      "vertices" : [ 8, 31, 32 ]
    }, {
      "vertices" : [ 23, 44, 29 ]
    }, {
      "vertices" : [ 24, 27, 46 ]
    }, {
      "vertices" : [ 37, 48, 52 ]
    }, {
      "vertices" : [ 37, 52, 51 ]
    }, {
      "vertices" : [ 37, 51, 38 ]
    }, {
      "vertices" : [ 20, 48, 31 ]
    }, {
      "vertices" : [ 24, 25, 26 ]
    }, {
      "vertices" : [ 24, 26, 27 ]
    }, {
      "vertices" : [ 16, 44, 23 ]
    }, {
      "vertices" : [ 16, 23, 22 ]
    }, {
      "vertices" : [ 13, 34, 35 ]
    }, {
      "vertices" : [ 13, 35, 28 ]
    }, {
      "vertices" : [ 10, 34, 12 ]
    }, {
      "vertices" : [ 10, 12, 54 ]
    }, {
      "vertices" : [ 2, 6, 5 ]
    }, {
      "vertices" : [ 2, 5, 49 ]
    }, {
      "vertices" : [ 2, 49, 53 ]
    }, {
      "vertices" : [ 36, 43, 37 ]
    }, {
      "vertices" : [ 5, 30, 33 ]
    }, {
      "vertices" : [ 5, 33, 49 ]
    }, {
      "vertices" : [ 1, 54, 12 ]
    }, {
      "vertices" : [ 1, 12, 11 ]
    }, {
      "vertices" : [ 1, 11, 39 ]
    }, {
      "vertices" : [ 28, 35, 57 ]
    }, {
      "vertices" : [ 21, 53, 52 ]
    } ]
  }, {
    "id" : "aa90f6a1-8d9a-4a0b-8686-90ff9d3ebb06",
    "vertices" : [ {
      "x" : 2.98595,
      "y" : -1.2596416,
      "z" : 0.8631542
    }, {
      "x" : 3.0859501,
      "y" : -1.3596417,
      "z" : 0.4631542
    }, {
      "x" : 0.50476193,
      "y" : -0.4857143,
      "z" : 0.00952381
    }, {
      "x" : 0.4047619,
      "y" : -0.3857143,
      "z" : 0.40952381
    }, {
      "x" : 2.8526168,
      "y" : -1.6596417,
      "z" : 0.5964875
    }, {
      "x" : 2.7526166,
      "y" : -1.5596417,
      "z" : 0.9964875
    }, {
      "x" : 0.63809526,
      "y" : -0.08571429,
      "z" : 0.2761905
    }, {
      "x" : 0.7380952,
      "y" : -0.18571429,
      "z" : -0.123809524
    } ],
    "faces" : [ {
      "vertices" : [ 2, 3, 6 ]
    }, {
      "vertices" : [ 2, 6, 7 ]
    }, {
      "vertices" : [ 0, 5, 4 ]
    }, {
      "vertices" : [ 0, 4, 1 ]
    }, {
      "vertices" : [ 2, 4, 5 ]
    }, {
      "vertices" : [ 2, 5, 3 ]
    }, {
      "vertices" : [ 0, 6, 3 ]
    }, {
      "vertices" : [ 0, 3, 5 ]
    }, {
      "vertices" : [ 0, 1, 7 ]
    }, {
      "vertices" : [ 0, 7, 6 ]
    }, {
      "vertices" : [ 1, 4, 2 ]
    }, {
      "vertices" : [ 1, 2, 7 ]
    } ]
  }, {
    "id" : "8cae9401-9d83-477a-a01d-4207693262a0",
    "vertices" : [ {
      "x" : -1.3596417,
      "y" : 3.0859501,
      "z" : 0.4631542
    }, {
      "x" : -1.2596416,
      "y" : 2.98595,
      "z" : 0.8631542
    }, {
      "x" : -0.3857143,
      "y" : 0.4047619,
      "z" : 0.40952381
    }, {
      "x" : -0.4857143,
      "y" : 0.50476193,
      "z" : 0.00952381
    }, {
      "x" : -1.5596417,
      "y" : 2.7526166,
      "z" : 0.9964875
    }, {
      "x" : -1.6596417,
      "y" : 2.8526168,
      "z" : 0.5964875
    }, {
      "x" : -0.18571429,
      "y" : 0.7380952,
      "z" : -0.123809524
    }, {
      "x" : -0.08571429,
      "y" : 0.63809526,
      "z" : 0.2761905
    } ],
    "faces" : [ {
      "vertices" : [ 2, 3, 6 ]
    }, {
      "vertices" : [ 2, 6, 7 ]
    }, {
      "vertices" : [ 0, 5, 4 ]
    }, {
      "vertices" : [ 0, 4, 1 ]
    }, {
      "vertices" : [ 2, 4, 5 ]
    }, {
      "vertices" : [ 2, 5, 3 ]
    }, {
      "vertices" : [ 0, 6, 3 ]
    }, {
      "vertices" : [ 0, 3, 5 ]
    }, {
      "vertices" : [ 0, 1, 7 ]
    }, {
      "vertices" : [ 0, 7, 6 ]
    }, {
      "vertices" : [ 1, 4, 2 ]
    }, {
      "vertices" : [ 1, 2, 7 ]
    } ]
  }, {
    "id" : "41cd0960-7aa8-4d63-b0e6-717491b0e35b",
    "vertices" : [ {
      "x" : 0.809017,
      "y" : 0.0,
      "z" : -0.690983
    }, {
      "x" : 1.0,
      "y" : 0.309017,
      "z" : -0.19098301
    }, {
      "x" : 1.309017,
      "y" : 0.309017,
      "z" : -0.309017
    }, {
      "x" : 1.118034,
      "y" : 0.0,
      "z" : -0.809017
    }, {
      "x" : 3.236068,
      "y" : 0.309017,
      "z" : -1.427051
    }, {
      "x" : 1.0,
      "y" : -0.309017,
      "z" : -0.19098301
    }, {
      "x" : 1.309017,
      "y" : -0.309017,
      "z" : -0.309017
    }, {
      "x" : 2.927051,
      "y" : 0.309017,
      "z" : -1.309017
    }, {
      "x" : 3.118034,
      "y" : 0.0,
      "z" : -0.809017
    }, {
      "x" : 4.236068,
      "y" : 0.0,
      "z" : -1.618034
    }, {
      "x" : 2.927051,
      "y" : -0.309017,
      "z" : -1.309017
    }, {
      "x" : 3.427051,
      "y" : 0.0,
      "z" : -0.927051
    }, {
      "x" : 3.236068,
      "y" : -0.309017,
      "z" : -1.427051
    } ],
    "faces" : [ {
      "vertices" : [ 2, 6, 8 ]
    }, {
      "vertices" : [ 4, 12, 10 ]
    }, {
      "vertices" : [ 4, 10, 7 ]
    }, {
      "vertices" : [ 2, 8, 7 ]
    }, {
      "vertices" : [ 3, 10, 6 ]
    }, {
      "vertices" : [ 3, 7, 10 ]
    }, {
      "vertices" : [ 0, 1, 2 ]
    }, {
      "vertices" : [ 0, 2, 3 ]
    }, {
      "vertices" : [ 6, 10, 8 ]
    }, {
      "vertices" : [ 8, 10, 12 ]
    }, {
      "vertices" : [ 8, 12, 11 ]
    }, {
      "vertices" : [ 2, 7, 3 ]
    }, {
      "vertices" : [ 0, 3, 6 ]
    }, {
      "vertices" : [ 0, 6, 5 ]
    }, {
      "vertices" : [ 1, 5, 6 ]
    }, {
      "vertices" : [ 1, 6, 2 ]
    }, {
      "vertices" : [ 4, 7, 8 ]
    }, {
      "vertices" : [ 4, 8, 11 ]
    } ]
  } ],
  "instances" : [ {
    "shape" : "aee54aaf-bae6-4e4d-9d1b-424055f90645",
    "color" : "#007695",
    "position" : {
      "x" : 0.0,
      "y" : -10.472136,
      "z" : 10.472136
    },
    "orientation" : 1
  }, {
    "shape" : "a0371a90-13e4-4118-a655-38efeed0ba52",
    "color" : "#FFFFFF",
    "position" : {
      "x" : -5.236068,
      "y" : -10.472136,
      "z" : 20.944271
    }
  }, {
    "shape" : "a0371a90-13e4-4118-a655-38efeed0ba52",
    "color" : "#FFFFFF",
    "position" : {
      "x" : 10.472136,
      "y" : -10.472136,
      "z" : 5.236068
    }
  }, {
    "shape" : "aee54aaf-bae6-4e4d-9d1b-424055f90645",
    "color" : "#007695",
    "position" : {
      "x" : 0.0,
      "y" : -15.708204,
      "z" : 15.708204
    },
    "orientation" : 47
  }, {
    "shape" : "aee54aaf-bae6-4e4d-9d1b-424055f90645",
    "color" : "#007695",
    "position" : {
      "x" : 10.472136,
      "y" : -31.416409,
      "z" : 20.944271
    },
    "orientation" : 16
  }, {
    "shape" : "aa90f6a1-8d9a-4a0b-8686-90ff9d3ebb06",
    "color" : "#CCCCFF",
    "position" : {
      "x" : 7.854102,
      "y" : -2.618034,
      "z" : 7.854102
    },
    "orientation" : 1
  }, {
    "shape" : "a0371a90-13e4-4118-a655-38efeed0ba52",
    "color" : "#FFFFFF",
    "position" : {
      "x" : 20.944271,
      "y" : -36.652477,
      "z" : 20.944271
    }
  }, {
    "shape" : "aee54aaf-bae6-4e4d-9d1b-424055f90645",
    "color" : "#007695",
    "position" : {
      "x" : 5.236068,
      "y" : -5.236068,
      "z" : 0.0
    },
    "orientation" : 45
  }, {
    "shape" : "a0371a90-13e4-4118-a655-38efeed0ba52",
    "color" : "#FFFFFF",
    "position" : {
      "x" : 0.0,
      "y" : 0.0,
      "z" : -5.236068
    }
  }, {
    "shape" : "8cae9401-9d83-477a-a01d-4207693262a0",
    "color" : "#FFFFCC",
    "position" : {
      "x" : 18.326239,
      "y" : -18.326239,
      "z" : 13.09017
    },
    "orientation" : 1
  }, {
    "shape" : "a0371a90-13e4-4118-a655-38efeed0ba52",
    "color" : "#0033CC",
    "position" : {
      "x" : -5.236068,
      "y" : -15.708204,
      "z" : 20.944271
    }
  }, {
    "shape" : "aee54aaf-bae6-4e4d-9d1b-424055f90645",
    "color" : "#007695",
    "position" : {
      "x" : 15.708204,
      "y" : -26.18034,
      "z" : 10.472136
    },
    "orientation" : 1
  }, {
    "shape" : "aee54aaf-bae6-4e4d-9d1b-424055f90645",
    "color" : "#007695",
    "position" : {
      "x" : 5.236068,
      "y" : -5.236068,
      "z" : 0.0
    },
    "orientation" : 2
  }, {
    "shape" : "aa90f6a1-8d9a-4a0b-8686-90ff9d3ebb06",
    "color" : "#CCCCFF",
    "position" : {
      "x" : 23.562305,
      "y" : -18.326239,
      "z" : 7.854102
    },
    "orientation" : 2
  }, {
    "shape" : "8cae9401-9d83-477a-a01d-4207693262a0",
    "color" : "#FFFFCC",
    "position" : {
      "x" : -2.618034,
      "y" : -7.854102,
      "z" : 23.562305
    },
    "orientation" : 0
  }, {
    "shape" : "a0371a90-13e4-4118-a655-38efeed0ba52",
    "color" : "#FFFFFF",
    "position" : {
      "x" : 0.0,
      "y" : -5.236068,
      "z" : 0.0
    }
  }, {
    "shape" : "aee54aaf-bae6-4e4d-9d1b-424055f90645",
    "color" : "#007695",
    "position" : {
      "x" : -5.236068,
      "y" : -15.708204,
      "z" : 20.944271
    },
    "orientation" : 45
  }, {
    "shape" : "aa90f6a1-8d9a-4a0b-8686-90ff9d3ebb06",
    "color" : "#CCCCFF",
    "position" : {
      "x" : 2.618034,
      "y" : 7.854102,
      "z" : 2.618034
    },
    "orientation" : 1
  }, {
    "shape" : "41cd0960-7aa8-4d63-b0e6-717491b0e35b",
    "color" : "#F0A000",
    "position" : {
      "x" : 23.562305,
      "y" : -28.798374,
      "z" : 18.326239
    },
    "orientation" : 19
  }, {
    "shape" : "aa90f6a1-8d9a-4a0b-8686-90ff9d3ebb06",
    "color" : "#CCCCFF",
    "position" : {
      "x" : -2.618034,
      "y" : 2.618034,
      "z" : 13.09017
    },
    "orientation" : 2
  }, {
    "shape" : "a0371a90-13e4-4118-a655-38efeed0ba52",
    "color" : "#FFFFFF",
    "position" : {
      "x" : 0.0,
      "y" : -20.944271,
      "z" : 15.708204
    }
  }, {
    "shape" : "aee54aaf-bae6-4e4d-9d1b-424055f90645",
    "color" : "#007695",
    "position" : {
      "x" : 0.0,
      "y" : 0.0,
      "z" : 0.0
    },
    "orientation" : 0
  }, {
    "shape" : "a0371a90-13e4-4118-a655-38efeed0ba52",
    "color" : "#CC0000",
    "position" : {
      "x" : 18.326239,
      "y" : -7.854102,
      "z" : 2.618034
    }
  }, {
    "shape" : "aa90f6a1-8d9a-4a0b-8686-90ff9d3ebb06",
    "color" : "#CCCCFF",
    "position" : {
      "x" : 2.618034,
      "y" : -7.854102,
      "z" : 18.326239
    },
    "orientation" : 0
  }, {
    "shape" : "aee54aaf-bae6-4e4d-9d1b-424055f90645",
    "color" : "#007695",
    "position" : {
      "x" : -10.472136,
      "y" : -10.472136,
      "z" : 20.944271
    },
    "orientation" : 16
  }, {
    "shape" : "a0371a90-13e4-4118-a655-38efeed0ba52",
    "color" : "#FFFFFF",
    "position" : {
      "x" : -10.472136,
      "y" : -15.708204,
      "z" : 20.944271
    }
  }, {
    "shape" : "aee54aaf-bae6-4e4d-9d1b-424055f90645",
    "color" : "#007695",
    "position" : {
      "x" : 15.708204,
      "y" : -15.708204,
      "z" : 0.0
    },
    "orientation" : 47
  }, {
    "shape" : "aee54aaf-bae6-4e4d-9d1b-424055f90645",
    "color" : "#007695",
    "position" : {
      "x" : 20.944271,
      "y" : -26.18034,
      "z" : 5.236068
    },
    "orientation" : 1
  }, {
    "shape" : "8cae9401-9d83-477a-a01d-4207693262a0",
    "color" : "#FFFFCC",
    "position" : {
      "x" : 13.09017,
      "y" : -23.562305,
      "z" : 23.562305
    },
    "orientation" : 1
  }, {
    "shape" : "8cae9401-9d83-477a-a01d-4207693262a0",
    "color" : "#FFFFCC",
    "position" : {
      "x" : 7.854102,
      "y" : 2.618034,
      "z" : 2.618034
    },
    "orientation" : 1
  }, {
    "shape" : "a0371a90-13e4-4118-a655-38efeed0ba52",
    "color" : "#FFFFFF",
    "position" : {
      "x" : 3.490712,
      "y" : -20.071594,
      "z" : 32.289085
    }
  }, {
    "shape" : "a0371a90-13e4-4118-a655-38efeed0ba52",
    "color" : "#FFFFFF",
    "position" : {
      "x" : 13.962848,
      "y" : -9.599458,
      "z" : 11.344814
    }
  }, {
    "shape" : "aee54aaf-bae6-4e4d-9d1b-424055f90645",
    "color" : "#007695",
    "position" : {
      "x" : 15.708204,
      "y" : -15.708204,
      "z" : 0.0
    },
    "orientation" : 1
  }, {
    "shape" : "a0371a90-13e4-4118-a655-38efeed0ba52",
    "color" : "#FFFFFF",
    "position" : {
      "x" : 20.944271,
      "y" : -26.18034,
      "z" : 10.472136
    }
  }, {
    "shape" : "a0371a90-13e4-4118-a655-38efeed0ba52",
    "color" : "#FFFFFF",
    "position" : {
      "x" : 5.236068,
      "y" : 0.0,
      "z" : 0.0
    }
  }, {
    "shape" : "aee54aaf-bae6-4e4d-9d1b-424055f90645",
    "color" : "#007695",
    "position" : {
      "x" : 5.236068,
      "y" : -10.472136,
      "z" : 5.236068
    },
    "orientation" : 2
  }, {
    "shape" : "aee54aaf-bae6-4e4d-9d1b-424055f90645",
    "color" : "#007695",
    "position" : {
      "x" : -5.236068,
      "y" : 0.0,
      "z" : 5.236068
    },
    "orientation" : 45
  }, {
    "shape" : "41cd0960-7aa8-4d63-b0e6-717491b0e35b",
    "color" : "#F0A000",
    "position" : {
      "x" : 2.618034,
      "y" : -2.618034,
      "z" : 13.09017
    },
    "orientation" : 19
  }, {
    "shape" : "a0371a90-13e4-4118-a655-38efeed0ba52",
    "color" : "#FFFFFF",
    "position" : {
      "x" : 24.434984,
      "y" : -14.8355255,
      "z" : 6.108746
    }
  }, {
    "shape" : "aee54aaf-bae6-4e4d-9d1b-424055f90645",
    "color" : "#007695",
    "position" : {
      "x" : 0.0,
      "y" : -15.708204,
      "z" : 15.708204
    },
    "orientation" : 1
  }, {
    "shape" : "aee54aaf-bae6-4e4d-9d1b-424055f90645",
    "color" : "#007695",
    "position" : {
      "x" : 10.472136,
      "y" : -15.708204,
      "z" : 5.236068
    },
    "orientation" : 16
  }, {
    "shape" : "a0371a90-13e4-4118-a655-38efeed0ba52",
    "color" : "#FFFFFF",
    "position" : {
      "x" : 0.872678,
      "y" : 0.872678,
      "z" : 13.962848
    }
  }, {
    "shape" : "a0371a90-13e4-4118-a655-38efeed0ba52",
    "color" : "#FFFFFF",
    "position" : {
      "x" : 20.944271,
      "y" : -15.708204,
      "z" : 0.0
    }
  }, {
    "shape" : "8cae9401-9d83-477a-a01d-4207693262a0",
    "color" : "#FFFFCC",
    "position" : {
      "x" : 7.854102,
      "y" : 2.618034,
      "z" : 2.618034
    },
    "orientation" : 2
  }, {
    "shape" : "a0371a90-13e4-4118-a655-38efeed0ba52",
    "color" : "#0033CC",
    "position" : {
      "x" : 5.236068,
      "y" : -26.18034,
      "z" : 20.944271
    }
  }, {
    "shape" : "aee54aaf-bae6-4e4d-9d1b-424055f90645",
    "color" : "#007695",
    "position" : {
      "x" : 20.944271,
      "y" : -20.944271,
      "z" : 0.0
    },
    "orientation" : 45
  }, {
    "shape" : "41cd0960-7aa8-4d63-b0e6-717491b0e35b",
    "color" : "#F0A000",
    "position" : {
      "x" : 18.326239,
      "y" : -23.562305,
      "z" : 18.326239
    },
    "orientation" : 19
  }, {
    "shape" : "aee54aaf-bae6-4e4d-9d1b-424055f90645",
    "color" : "#007695",
    "position" : {
      "x" : -10.472136,
      "y" : -10.472136,
      "z" : 20.944271
    },
    "orientation" : 47
  }, {
    "shape" : "aee54aaf-bae6-4e4d-9d1b-424055f90645",
    "color" : "#007695",
    "position" : {
      "x" : -5.236068,
      "y" : 0.0,
      "z" : 5.236068
    },
    "orientation" : 1
  }, {
    "shape" : "a0371a90-13e4-4118-a655-38efeed0ba52",
    "color" : "#FFFFFF",
    "position" : {
      "x" : 10.472136,
      "y" : -31.416409,
      "z" : 15.708204
    }
  }, {
    "shape" : "a0371a90-13e4-4118-a655-38efeed0ba52",
    "color" : "#0033CC",
    "position" : {
      "x" : -5.236068,
      "y" : -5.236068,
      "z" : 10.472136
    }
  }, {
    "shape" : "aa90f6a1-8d9a-4a0b-8686-90ff9d3ebb06",
    "color" : "#CCCCFF",
    "position" : {
      "x" : 13.09017,
      "y" : -28.798374,
      "z" : 28.798374
    },
    "orientation" : 0
  }, {
    "shape" : "aee54aaf-bae6-4e4d-9d1b-424055f90645",
    "color" : "#007695",
    "position" : {
      "x" : -10.472136,
      "y" : -5.236068,
      "z" : 15.708204
    },
    "orientation" : 0
  }, {
    "shape" : "aee54aaf-bae6-4e4d-9d1b-424055f90645",
    "color" : "#007695",
    "position" : {
      "x" : 5.236068,
      "y" : -5.236068,
      "z" : 0.0
    },
    "orientation" : 16
  }, {
    "shape" : "a0371a90-13e4-4118-a655-38efeed0ba52",
    "color" : "#FFFFFF",
    "position" : {
      "x" : 27.053019,
      "y" : -20.071594,
      "z" : 8.72678
    }
  }, {
    "shape" : "a0371a90-13e4-4118-a655-38efeed0ba52",
    "color" : "#FFFFFF",
    "position" : {
      "x" : 19.198915,
      "y" : -20.071594,
      "z" : 16.580881
    }
  }, {
    "shape" : "41cd0960-7aa8-4d63-b0e6-717491b0e35b",
    "color" : "#F0A000",
    "position" : {
      "x" : 7.854102,
      "y" : -2.618034,
      "z" : 7.854102
    },
    "orientation" : 19
  }, {
    "shape" : "aee54aaf-bae6-4e4d-9d1b-424055f90645",
    "color" : "#007695",
    "position" : {
      "x" : 5.236068,
      "y" : -20.944271,
      "z" : 15.708204
    },
    "orientation" : 45
  }, {
    "shape" : "8cae9401-9d83-477a-a01d-4207693262a0",
    "color" : "#FFFFCC",
    "position" : {
      "x" : 2.618034,
      "y" : -18.326239,
      "z" : 28.798374
    },
    "orientation" : 1
  }, {
    "shape" : "a0371a90-13e4-4118-a655-38efeed0ba52",
    "color" : "#FFFFFF",
    "position" : {
      "x" : -5.236068,
      "y" : -10.472136,
      "z" : 10.472136
    }
  }, {
    "shape" : "a0371a90-13e4-4118-a655-38efeed0ba52",
    "color" : "#FFFFFF",
    "position" : {
      "x" : 6.108746,
      "y" : -9.599458,
      "z" : 19.198915
    }
  }, {
    "shape" : "aee54aaf-bae6-4e4d-9d1b-424055f90645",
    "color" : "#007695",
    "position" : {
      "x" : 5.236068,
      "y" : -26.18034,
      "z" : 20.944271
    },
    "orientation" : 2
  }, {
    "shape" : "aee54aaf-bae6-4e4d-9d1b-424055f90645",
    "color" : "#007695",
    "position" : {
      "x" : 15.708204,
      "y" : -31.416409,
      "z" : 15.708204
    },
    "orientation" : 16
  }, {
    "shape" : "a0371a90-13e4-4118-a655-38efeed0ba52",
    "color" : "#FFFFFF",
    "position" : {
      "x" : 15.708204,
      "y" : -31.416409,
      "z" : 20.944271
    }
  }, {
    "shape" : "aee54aaf-bae6-4e4d-9d1b-424055f90645",
    "color" : "#007695",
    "position" : {
      "x" : 10.472136,
      "y" : -31.416409,
      "z" : 20.944271
    },
    "orientation" : 45
  }, {
    "shape" : "a0371a90-13e4-4118-a655-38efeed0ba52",
    "color" : "#FFFFFF",
    "position" : {
      "x" : -10.472136,
      "y" : 0.0,
      "z" : 5.236068
    }
  }, {
    "shape" : "a0371a90-13e4-4118-a655-38efeed0ba52",
    "color" : "#FFFFFF",
    "position" : {
      "x" : 0.0,
      "y" : -10.472136,
      "z" : 5.236068
    }
  }, {
    "shape" : "aee54aaf-bae6-4e4d-9d1b-424055f90645",
    "color" : "#007695",
    "position" : {
      "x" : 5.236068,
      "y" : -20.944271,
      "z" : 15.708204
    },
    "orientation" : 0
  }, {
    "shape" : "a0371a90-13e4-4118-a655-38efeed0ba52",
    "color" : "#FFFFFF",
    "position" : {
      "x" : -10.472136,
      "y" : -10.472136,
      "z" : 15.708204
    }
  }, {
    "shape" : "aa90f6a1-8d9a-4a0b-8686-90ff9d3ebb06",
    "color" : "#CCCCFF",
    "position" : {
      "x" : -2.618034,
      "y" : 2.618034,
      "z" : 13.09017
    },
    "orientation" : 1
  }, {
    "shape" : "a0371a90-13e4-4118-a655-38efeed0ba52",
    "color" : "#FFFFFF",
    "position" : {
      "x" : 19.198915,
      "y" : -4.36339,
      "z" : 0.872678
    }
  }, {
    "shape" : "a0371a90-13e4-4118-a655-38efeed0ba52",
    "color" : "#FFFFFF",
    "position" : {
      "x" : 11.344814,
      "y" : -27.925695,
      "z" : 32.289085
    }
  }, {
    "shape" : "a0371a90-13e4-4118-a655-38efeed0ba52",
    "color" : "#FFFFFF",
    "position" : {
      "x" : 10.472136,
      "y" : -5.236068,
      "z" : 0.0
    }
  }, {
    "shape" : "aa90f6a1-8d9a-4a0b-8686-90ff9d3ebb06",
    "color" : "#CCCCFF",
    "position" : {
      "x" : 18.326239,
      "y" : -23.562305,
      "z" : 18.326239
    },
    "orientation" : 1
  }, {
    "shape" : "aa90f6a1-8d9a-4a0b-8686-90ff9d3ebb06",
    "color" : "#CCCCFF",
    "position" : {
      "x" : 13.09017,
      "y" : -13.09017,
      "z" : 13.09017
    },
    "orientation" : 2
  }, {
    "shape" : "aee54aaf-bae6-4e4d-9d1b-424055f90645",
    "color" : "#007695",
    "position" : {
      "x" : -5.236068,
      "y" : -15.708204,
      "z" : 20.944271
    },
    "orientation" : 47
  }, {
    "shape" : "a0371a90-13e4-4118-a655-38efeed0ba52",
    "color" : "#FFFFFF",
    "position" : {
      "x" : 11.344814,
      "y" : 3.490712,
      "z" : 0.872678
    }
  }, {
    "shape" : "a0371a90-13e4-4118-a655-38efeed0ba52",
    "color" : "#FFFFFF",
    "position" : {
      "x" : 10.472136,
      "y" : -20.944271,
      "z" : 5.236068
    }
  }, {
    "shape" : "aee54aaf-bae6-4e4d-9d1b-424055f90645",
    "color" : "#007695",
    "position" : {
      "x" : 0.0,
      "y" : 0.0,
      "z" : 0.0
    },
    "orientation" : 2
  }, {
    "shape" : "aee54aaf-bae6-4e4d-9d1b-424055f90645",
    "color" : "#007695",
    "position" : {
      "x" : 0.0,
      "y" : 0.0,
      "z" : 0.0
    },
    "orientation" : 47
  }, {
    "shape" : "aee54aaf-bae6-4e4d-9d1b-424055f90645",
    "color" : "#007695",
    "position" : {
      "x" : 5.236068,
      "y" : -20.944271,
      "z" : 15.708204
    },
    "orientation" : 16
  }, {
    "shape" : "a0371a90-13e4-4118-a655-38efeed0ba52",
    "color" : "#FFFFFF",
    "position" : {
      "x" : 5.236068,
      "y" : -10.472136,
      "z" : 0.0
    }
  }, {
    "shape" : "a0371a90-13e4-4118-a655-38efeed0ba52",
    "color" : "#FFFFFF",
    "position" : {
      "x" : 15.708204,
      "y" : -26.18034,
      "z" : 5.236068
    }
  }, {
    "shape" : "a0371a90-13e4-4118-a655-38efeed0ba52",
    "color" : "#0033CC",
    "position" : {
      "x" : 5.236068,
      "y" : -10.472136,
      "z" : 5.236068
    }
  }, {
    "shape" : "a0371a90-13e4-4118-a655-38efeed0ba52",
    "color" : "#FFFFFF",
    "position" : {
      "x" : 6.108746,
      "y" : 6.108746,
      "z" : 3.490712
    }
  }, {
    "shape" : "8cae9401-9d83-477a-a01d-4207693262a0",
    "color" : "#FFFFCC",
    "position" : {
      "x" : 18.326239,
      "y" : -34.034443,
      "z" : 28.798374
    },
    "orientation" : 2
  }, {
    "shape" : "aa90f6a1-8d9a-4a0b-8686-90ff9d3ebb06",
    "color" : "#CCCCFF",
    "position" : {
      "x" : 2.618034,
      "y" : -7.854102,
      "z" : 18.326239
    },
    "orientation" : 2
  }, {
    "shape" : "8cae9401-9d83-477a-a01d-4207693262a0",
    "color" : "#FFFFCC",
    "position" : {
      "x" : -2.618034,
      "y" : 7.854102,
      "z" : 7.854102
    },
    "orientation" : 0
  }, {
    "shape" : "a0371a90-13e4-4118-a655-38efeed0ba52",
    "color" : "#FFFFFF",
    "position" : {
      "x" : 21.81695,
      "y" : -33.161762,
      "z" : 27.053019
    }
  }, {
    "shape" : "aee54aaf-bae6-4e4d-9d1b-424055f90645",
    "color" : "#007695",
    "position" : {
      "x" : -5.236068,
      "y" : -5.236068,
      "z" : 10.472136
    },
    "orientation" : 0
  }, {
    "shape" : "a0371a90-13e4-4118-a655-38efeed0ba52",
    "color" : "#FFFFFF",
    "position" : {
      "x" : 26.18034,
      "y" : -20.944271,
