{
  "field" : "golden",
  "symmetry" : "icosahedral",
  "orientations" : [ [ 1.0, 0.0, 0.0, 0.0, 0.0, 1.0, 0.0, 0.0, 0.0, 0.0, 1.0, 0.0, 0.0, 0.0, 0.0, 1.0 ], [ 0.0, 0.0, 1.0, 0.0, 1.0, 0.0, 0.0, 0.0, 0.0, 1.0, 0.0, 0.0, 0.0, 0.0, 0.0, 1.0 ], [ 0.0, 1.0, 0.0, 0.0, 0.0, 0.0, 1.0, 0.0, 1.0, 0.0, 0.0, 0.0, 0.0, 0.0, 0.0, 1.0 ], [ 0.809017, 0.309017, 0.5, 0.0, 0.309017, 0.5, -0.809017, 0.0, -0.5, 0.809017, 0.309017, 0.0, 0.0, 0.0, 0.0, 1.0 ], [ -0.5, 0.809017, 0.309017, 0.0, 0.809017, 0.309017, 0.5, 0.0, 0.309017, 0.5, -0.809017, 0.0, 0.0, 0.0, 0.0, 1.0 ], [ 0.309017, 0.5, -0.809017, 0.0, -0.5, 0.809017, 0.309017, 0.0, 0.809017, 0.309017, 0.5, 0.0, 0.0, 0.0, 0.0, 1.0 ], [ 0.5, 0.809017, 0.309017, 0.0, 0.809017, -0.309017, -0.5, 0.0, -0.309017, 0.5, -0.809017, 0.0, 0.0, 0.0, 0.0, 1.0 ], [ -0.309017, 0.5, -0.809017, 0.0, 0.5, 0.809017, 0.309017, 0.0, 0.809017, -0.309017, -0.5, 0.0, 0.0, 0.0, 0.0, 1.0 ], [ 0.809017, -0.309017, -0.5, 0.0, -0.309017, 0.5, -0.809017, 0.0, 0.5, 0.809017, 0.309017, 0.0, 0.0, 0.0, 0.0, 1.0 ], [ 0.5, 0.809017, -0.309017, 0.0, 0.809017, -0.309017, 0.5, 0.0, 0.309017, -0.5, -0.809017, 0.0, 0.0, 0.0, 0.0, 1.0 ], [ 0.309017, -0.5, -0.809017, 0.0, 0.5, 0.809017, -0.309017, 0.0, 0.809017, -0.309017, 0.5, 0.0, 0.0, 0.0, 0.0, 1.0 ], [ 0.809017, -0.309017, 0.5, 0.0, 0.309017, -0.5, -0.809017, 0.0, 0.5, 0.809017, -0.309017, 0.0, 0.0, 0.0, 0.0, 1.0 ], [ 0.809017, 0.309017, -0.5, 0.0, 0.309017, 0.5, 0.809017, 0.0, 0.5, -0.809017, 0.309017, 0.0, 0.0, 0.0, 0.0, 1.0 ], [ 0.5, -0.809017, 0.309017, 0.0, 0.809017, 0.309017, -0.5, 0.0, 0.309017, 0.5, 0.809017, 0.0, 0.0, 0.0, 0.0, 1.0 ], [ 0.309017, 0.5, 0.809017, 0.0, 0.5, -0.809017, 0.309017, 0.0, 0.809017, 0.309017, -0.5, 0.0, 0.0, 0.0, 0.0, 1.0 ], [ 1.0, 0.0, 0.0, 0.0, 0.0, -1.0, 0.0, 0.0, 0.0, 0.0, -1.0, 0.0, 0.0, 0.0, 0.0, 1.0 ], [ 0.0, 0.0, 1.0, 0.0, -1.0, 0.0, 0.0, 0.0, 0.0, -1.0, 0.0, 0.0, 0.0, 0.0, 0.0, 1.0 ], [ 0.0, 1.0, 0.0, 0.0, 0.0, 0.0, -1.0, 0.0, -1.0, 0.0, 0.0, 0.0, 0.0, 0.0, 0.0, 1.0 ], [ 0.809017, 0.309017, 0.5, 0.0, -0.309017, -0.5, 0.809017, 0.0, 0.5, -0.809017, -0.309017, 0.0, 0.0, 0.0, 0.0, 1.0 ], [ -0.5, 0.809017, 0.309017, 0.0, -0.809017, -0.309017, -0.5, 0.0, -0.309017, -0.5, 0.809017, 0.0, 0.0, 0.0, 0.0, 1.0 ], [ 0.309017, 0.5, -0.809017, 0.0, 0.5, -0.809017, -0.309017, 0.0, -0.809017, -0.309017, -0.5, 0.0, 0.0, 0.0, 0.0, 1.0 ], [ 0.5, 0.809017, 0.309017, 0.0, -0.809017, 0.309017, 0.5, 0.0, 0.309017, -0.5, 0.809017, 0.0, 0.0, 0.0, 0.0, 1.0 ], [ -0.309017, 0.5, -0.809017, 0.0, -0.5, -0.809017, -0.309017, 0.0, -0.809017, 0.309017, 0.5, 0.0, 0.0, 0.0, 0.0, 1.0 ], [ 0.809017, -0.309017, -0.5, 0.0, 0.309017, -0.5, 0.809017, 0.0, -0.5, -0.809017, -0.309017, 0.0, 0.0, 0.0, 0.0, 1.0 ], [ 0.5, 0.809017, -0.309017, 0.0, -0.809017, 0.309017, -0.5, 0.0, -0.309017, 0.5, 0.809017, 0.0, 0.0, 0.0, 0.0, 1.0 ], [ 0.309017, -0.5, -0.809017, 0.0, -0.5, -0.809017, 0.309017, 0.0, -0.809017, 0.309017, -0.5, 0.0, 0.0, 0.0, 0.0, 1.0 ], [ 0.809017, -0.309017, 0.5, 0.0, -0.309017, 0.5, 0.809017, 0.0, -0.5, -0.809017, 0.309017, 0.0, 0.0, 0.0, 0.0, 1.0 ], [ 0.809017, 0.309017, -0.5, 0.0, -0.309017, -0.5, -0.809017, 0.0, -0.5, 0.809017, -0.309017, 0.0, 0.0, 0.0, 0.0, 1.0 ], [ 0.5, -0.809017, 0.309017, 0.0, -0.809017, -0.309017, 0.5, 0.0, -0.309017, -0.5, -0.809017, 0.0, 0.0, 0.0, 0.0, 1.0 ], [ 0.309017, 0.5, 0.809017, 0.0, -0.5, 0.809017, -0.309017, 0.0, -0.809017, -0.309017, 0.5, 0.0, 0.0, 0.0, 0.0, 1.0 ], [ -1.0, 0.0, 0.0, 0.0, 0.0, -1.0, 0.0, 0.0, 0.0, 0.0, 1.0, 0.0, 0.0, 0.0, 0.0, 1.0 ], [ 0.0, 0.0, -1.0, 0.0, -1.0, 0.0, 0.0, 0.0, 0.0, 1.0, 0.0, 0.0, 0.0, 0.0, 0.0, 1.0 ], [ 0.0, -1.0, 0.0, 0.0, 0.0, 0.0, -1.0, 0.0, 1.0, 0.0, 0.0, 0.0, 0.0, 0.0, 0.0, 1.0 ], [ -0.809017, -0.309017, -0.5, 0.0, -0.309017, -0.5, 0.809017, 0.0, -0.5, 0.809017, 0.309017, 0.0, 0.0, 0.0, 0.0, 1.0 ], [ 0.5, -0.809017, -0.309017, 0.0, -0.809017, -0.309017, -0.5, 0.0, 0.309017, 0.5, -0.809017, 0.0, 0.0, 0.0, 0.0, 1.0 ], [ -0.309017, -0.5, 0.809017, 0.0, 0.5, -0.809017, -0.309017, 0.0, 0.809017, 0.309017, 0.5, 0.0, 0.0, 0.0, 0.0, 1.0 ], [ -0.5, -0.809017, -0.309017, 0.0, -0.809017, 0.309017, 0.5, 0.0, -0.309017, 0.5, -0.809017, 0.0, 0.0, 0.0, 0.0, 1.0 ], [ 0.309017, -0.5, 0.809017, 0.0, -0.5, -0.809017, -0.309017, 0.0, 0.809017, -0.309017, -0.5, 0.0, 0.0, 0.0, 0.0, 1.0 ], [ -0.809017, 0.309017, 0.5, 0.0, 0.309017, -0.5, 0.809017, 0.0, 0.5, 0.809017, 0.309017, 0.0, 0.0, 0.0, 0.0, 1.0 ], [ -0.5, -0.809017, 0.309017, 0.0, -0.809017, 0.309017, -0.5, 0.0, 0.309017, -0.5, -0.809017, 0.0, 0.0, 0.0, 0.0, 1.0 ], [ -0.309017, 0.5, 0.809017, 0.0, -0.5, -0.809017, 0.309017, 0.0, 0.809017, -0.309017, 0.5, 0.0, 0.0, 0.0, 0.0, 1.0 ], [ -0.809017, 0.309017, -0.5, 0.0, -0.309017, 0.5, 0.809017, 0.0, 0.5, 0.809017, -0.309017, 0.0, 0.0, 0.0, 0.0, 1.0 ], [ -0.809017, -0.309017, 0.5, 0.0, -0.309017, -0.5, -0.809017, 0.0, 0.5, -0.809017, 0.309017, 0.0, 0.0, 0.0, 0.0, 1.0 ], [ -0.5, 0.809017, -0.309017, 0.0, -0.809017, -0.309017, 0.5, 0.0, 0.309017, 0.5, 0.809017, 0.0, 0.0, 0.0, 0.0, 1.0 ], [ -0.309017, -0.5, -0.809017, 0.0, -0.5, 0.809017, -0.309017, 0.0, 0.809017, 0.309017, -0.5, 0.0, 0.0, 0.0, 0.0, 1.0 ], [ -1.0, 0.0, 0.0, 0.0, 0.0, 1.0, 0.0, 0.0, 0.0, 0.0, -1.0, 0.0, 0.0, 0.0, 0.0, 1.0 ], [ 0.0, 0.0, -1.0, 0.0, 1.0, 0.0, 0.0, 0.0, 0.0, -1.0, 0.0, 0.0, 0.0, 0.0, 0.0, 1.0 ], [ 0.0, -1.0, 0.0, 0.0, 0.0, 0.0, 1.0, 0.0, -1.0, 0.0, 0.0, 0.0, 0.0, 0.0, 0.0, 1.0 ], [ -0.809017, -0.309017, -0.5, 0.0, 0.309017, 0.5, -0.809017, 0.0, 0.5, -0.809017, -0.309017, 0.0, 0.0, 0.0, 0.0, 1.0 ], [ 0.5, -0.809017, -0.309017, 0.0, 0.809017, 0.309017, 0.5, 0.0, -0.309017, -0.5, 0.809017, 0.0, 0.0, 0.0, 0.0, 1.0 ], [ -0.309017, -0.5, 0.809017, 0.0, -0.5, 0.809017, 0.309017, 0.0, -0.809017, -0.309017, -0.5, 0.0, 0.0, 0.0, 0.0, 1.0 ], [ -0.5, -0.809017, -0.309017, 0.0, 0.809017, -0.309017, -0.5, 0.0, 0.309017, -0.5, 0.809017, 0.0, 0.0, 0.0, 0.0, 1.0 ], [ 0.309017, -0.5, 0.809017, 0.0, 0.5, 0.809017, 0.309017, 0.0, -0.809017, 0.309017, 0.5, 0.0, 0.0, 0.0, 0.0, 1.0 ], [ -0.809017, 0.309017, 0.5, 0.0, -0.309017, 0.5, -0.809017, 0.0, -0.5, -0.809017, -0.309017, 0.0, 0.0, 0.0, 0.0, 1.0 ], [ -0.5, -0.809017, 0.309017, 0.0, 0.809017, -0.309017, 0.5, 0.0, -0.309017, 0.5, 0.809017, 0.0, 0.0, 0.0, 0.0, 1.0 ], [ -0.309017, 0.5, 0.809017, 0.0, 0.5, 0.809017, -0.309017, 0.0, -0.809017, 0.309017, -0.5, 0.0, 0.0, 0.0, 0.0, 1.0 ], [ -0.809017, 0.309017, -0.5, 0.0, 0.309017, -0.5, -0.809017, 0.0, -0.5, -0.809017, 0.309017, 0.0, 0.0, 0.0, 0.0, 1.0 ], [ -0.809017, -0.309017, 0.5, 0.0, 0.309017, 0.5, 0.809017, 0.0, -0.5, 0.809017, -0.309017, 0.0, 0.0, 0.0, 0.0, 1.0 ], [ -0.5, 0.809017, -0.309017, 0.0, 0.809017, 0.309017, -0.5, 0.0, -0.309017, -0.5, -0.809017, 0.0, 0.0, 0.0, 0.0, 1.0 ], [ -0.309017, -0.5, -0.809017, 0.0, 0.5, -0.809017, 0.309017, 0.0, -0.809017, -0.309017, 0.5, 0.0, 0.0, 0.0, 0.0, 1.0 ] ],
  "lights" : {
    "ambientColor" : "#292929",
    "backgroundColor" : "#AFC8DC",
    "directionalLights" : [ {
      "direction" : {
        "x" : 1.0,
        "y" : -1.0,
        "z" : -1.0
      },
      "color" : "#EBEBE4"
    }, {
      "direction" : {
        "x" : -1.0,
        "y" : 0.0,
        "z" : 0.0
      },
      "color" : "#E4E4EB"
    }, {
      "direction" : {
        "x" : 0.0,
        "y" : 0.0,
        "z" : -1.0
      },
      "color" : "#1E1E1E"
    } ]
  },
  "camera" : {
    "stereo" : false,
    "width" : 12.065721,
    "viewDistance" : 26.812803,
    "nearClipDistance" : 0.06703201,
    "farClipDistance" : 53.62549,
    "lookAtPoint" : {
      "x" : 0.0,
      "y" : 0.0,
      "z" : 0.0
    },
    "fieldOfView" : 0.44262743,
    "perspective" : true,
    "lookDirection" : {
      "x" : 0.5175532,
      "y" : -0.063107245,
      "z" : -0.8533084
    },
    "upDirection" : {
      "x" : -0.8412838,
      "y" : 0.14440097,
      "z" : -0.52093923
    },
    "position" : {
      "x" : -13.877052,
      "y" : 1.6920822,
      "z" : 22.87959
    }
  },
  "embedding" : [ 1.0, 0.0, 0.0, 0.0, 0.0, 1.0, 0.0, 0.0, 0.0, 0.0, 1.0, 0.0, 0.0, 0.0, 0.0, 1.0 ],
  "shapes" : [ {
    "id" : "24b05022-1bdc-4441-9208-9f02ce41827f",
    "vertices" : [ {
      "x" : 0.09878041,
      "y" : 0.68657047,
      "z" : 0.22598667
    }, {
      "x" : 0.11803399,
      "y" : 0.6832816,
      "z" : 0.23130824
    }, {
      "x" : 0.11803399,
      "y" : 0.618034,
      "z" : 0.19098301
    } ],
    "faces" : [ {
      "vertices" : [ 0, 1, 2 ]
    }, {
      "vertices" : [ 0, 2, 1 ]
    } ]
  }, {
    "id" : "f7ca9863-f8ed-44d3-8844-cd6ed9d5d409",
    "vertices" : [ {
      "x" : 0.309017,
      "y" : 0.809017,
      "z" : 0.618034
    }, {
      "x" : 0.17908363,
      "y" : 0.82056916,
      "z" : 0.5993422
    }, {
      "x" : 0.19098301,
      "y" : 0.8291796,
      "z" : 0.5854102
    } ],
    "faces" : [ {
      "vertices" : [ 0, 1, 2 ]
    }, {
      "vertices" : [ 0, 2, 1 ]
    } ]
  }, {
    "id" : "a8956885-c242-4d19-ae21-906b5cf8c002",
    "vertices" : [ {
      "x" : 0.22213596,
      "y" : 2.9217293,
      "z" : 1.8905765
    }, {
      "x" : 0.0,
      "y" : 2.836881,
      "z" : 2.027864
    }, {
      "x" : 0.0,
      "y" : 3.027864,
      "z" : 2.145898
    }, {
      "x" : 0.22213596,
      "y" : 3.1127124,
      "z" : 2.0086105
    } ],
    "faces" : [ {
      "vertices" : [ 0, 1, 2 ]
    }, {
      "vertices" : [ 0, 2, 3 ]
    }, {
      "vertices" : [ 0, 3, 2 ]
    }, {
      "vertices" : [ 0, 2, 1 ]
    } ]
  }, {
    "id" : "9a6317ef-fe60-4427-b1d8-e8dac97847cf",
    "vertices" : [ {
      "x" : 0.0,
      "y" : 1.809017,
      "z" : 1.5
    }, {
      "x" : 0.309017,
      "y" : 1.309017,
      "z" : 1.309017
    }, {
      "x" : 0.309017,
      "y" : 1.927051,
      "z" : 1.309017
    } ],
    "faces" : [ {
      "vertices" : [ 0, 1, 2 ]
    }, {
      "vertices" : [ 0, 2, 1 ]
    } ]
  }, {
    "id" : "f37746c9-913c-4d4f-a9ce-24668f3aad9f",
    "vertices" : [ {
      "x" : -0.11803399,
      "y" : 0.6832816,
      "z" : 0.23130824
    }, {
      "x" : -0.09878041,
      "y" : 0.68657047,
      "z" : 0.22598667
    }, {
      "x" : -0.11803399,
      "y" : 0.618034,
      "z" : 0.19098301
    } ],
    "faces" : [ {
      "vertices" : [ 0, 1, 2 ]
    }, {
      "vertices" : [ 0, 2, 1 ]
    } ]
  }, {
    "id" : "aa3ff3c0-b710-4910-b2aa-29626312819c",
    "vertices" : [ {
      "x" : -0.13728757,
      "y" : 3.677051,
      "z" : 3.2864745
    }, {
      "x" : 0.13728757,
      "y" : 3.677051,
      "z" : 3.2864745
    }, {
      "x" : 0.13728757,
      "y" : 3.868034,
      "z" : 3.4045086
    }, {
      "x" : -0.13728757,
      "y" : 3.868034,
      "z" : 3.4045086
    } ],
    "faces" : [ {
      "vertices" : [ 0, 1, 2 ]
    }, {
      "vertices" : [ 0, 2, 3 ]
    }, {
      "vertices" : [ 0, 3, 2 ]
    }, {
      "vertices" : [ 0, 2, 1 ]
    } ]
  }, {
    "id" : "ff6b2b91-5081-4208-8bd5-1f8181258b41",
    "vertices" : [ {
      "x" : -0.19098301,
      "y" : 3.118034,
      "z" : 2.0
    }, {
      "x" : -0.22213596,
      "y" : 3.1127124,
      "z" : 2.0086105
    }, {
      "x" : -0.13728757,
      "y" : 3.25,
      "z" : 1.7864745
    }, {
      "x" : -0.11803399,
      "y" : 3.236068,
      "z" : 1.809017
    } ],
    "faces" : [ {
      "vertices" : [ 0, 1, 2 ]
    }, {
      "vertices" : [ 0, 2, 3 ]
    }, {
      "vertices" : [ 0, 3, 2 ]
    }, {
      "vertices" : [ 0, 2, 1 ]
    } ]
  }, {
    "id" : "71584261-2f3f-4f29-b3ef-d62e40986a6d",
    "vertices" : [ {
      "x" : -0.11803399,
      "y" : 0.618034,
      "z" : 0.19098301
    }, {
      "x" : -0.07952683,
      "y" : 0.6832816,
      "z" : 0.23130824
    }, {
      "x" : 0.07952683,
      "y" : 0.6832816,
      "z" : 0.23130824
    }, {
      "x" : 0.062305897,
      "y" : 0.64589804,
      "z" : 0.20820393
    }, {
      "x" : 0.006577809,
      "y" : 0.618034,
      "z" : 0.19098301
    } ],
    "faces" : [ {
      "vertices" : [ 0, 1, 2 ]
    }, {
      "vertices" : [ 0, 2, 3 ]
    }, {
      "vertices" : [ 0, 3, 4 ]
    }, {
      "vertices" : [ 0, 4, 3 ]
    }, {
      "vertices" : [ 0, 3, 2 ]
    }, {
      "vertices" : [ 0, 2, 1 ]
    } ]
  }, {
    "id" : "fa8ec4b8-eee5-46a5-9fbc-bf17e2e20e38",
    "vertices" : [ {
      "x" : 0.0,
      "y" : 1.809017,
      "z" : 1.5
    }, {
      "x" : -0.309017,
      "y" : 1.309017,
      "z" : 1.309017
    }, {
      "x" : -0.19098301,
      "y" : 2.736068,
      "z" : 2.618034
    } ],
    "faces" : [ {
      "vertices" : [ 0, 1, 2 ]
    }, {
      "vertices" : [ 0, 2, 1 ]
    } ]
  }, {
    "id" : "90c1b54d-caed-4247-b30f-b8e0a46ee93f",
    "vertices" : [ {
      "x" : 0.13728757,
      "y" : 3.059017,
      "z" : 1.6684405
    }, {
      "x" : 0.22213596,
      "y" : 2.9217293,
      "z" : 1.8905765
    }, {
      "x" : 0.22213596,
      "y" : 3.1127124,
      "z" : 2.0086105
    }, {
      "x" : 0.13728757,
      "y" : 3.25,
      "z" : 1.7864745
    } ],
    "faces" : [ {
      "vertices" : [ 0, 1, 2 ]
    }, {
      "vertices" : [ 0, 2, 3 ]
    }, {
      "vertices" : [ 0, 3, 2 ]
    }, {
      "vertices" : [ 0, 2, 1 ]
    } ]
  }, {
    "id" : "b81716f2-e221-4d70-b8fe-7bf913d9bff7",
    "vertices" : [ {
      "x" : -0.19098301,
      "y" : 3.4472136,
      "z" : 2.2034442
    }, {
      "x" : -0.19098301,
      "y" : 3.118034,
      "z" : 2.0
    }, {
      "x" : -0.11803399,
      "y" : 3.236068,
      "z" : 1.809017
    }, {
      "x" : -0.11803399,
      "y" : 3.5652475,
      "z" : 2.0124612
    } ],
    "faces" : [ {
      "vertices" : [ 0, 1, 2 ]
    }, {
      "vertices" : [ 0, 2, 3 ]
    }, {
      "vertices" : [ 0, 3, 2 ]
    }, {
      "vertices" : [ 0, 2, 1 ]
    } ]
  }, {
    "id" : "354f00ce-f1e9-4c72-867e-4fc0af9dad18",
    "vertices" : [ {
      "x" : 0.0,
      "y" : 0.7562306,
      "z" : 0.7034442
    }, {
      "x" : -0.019253582,
      "y" : 0.7595195,
      "z" : 0.6981226
    }, {
      "x" : -0.019253582,
      "y" : 0.49558747,
      "z" : 0.53500366
    }, {
      "x" : 0.0,
      "y" : 0.49229857,
      "z" : 0.5403252
    } ],
    "faces" : [ {
      "vertices" : [ 0, 1, 2 ]
    }, {
      "vertices" : [ 0, 2, 3 ]
    }, {
      "vertices" : [ 0, 3, 2 ]
    }, {
      "vertices" : [ 0, 2, 1 ]
    } ]
  }, {
    "id" : "9bb10169-6cb9-4a70-aadb-cb35a0b10bcc",
    "vertices" : [ {
      "x" : 0.11803399,
      "y" : 4.1832814,
      "z" : 3.630495
    }, {
      "x" : 0.19098301,
      "y" : 4.236068,
      "z" : 3.545085
    }, {
      "x" : -0.19098301,
      "y" : 4.236068,
      "z" : 3.545085
    }, {
      "x" : -0.11803399,
      "y" : 4.1832814,
      "z" : 3.630495
    } ],
    "faces" : [ {
      "vertices" : [ 0, 1, 2 ]
    }, {
      "vertices" : [ 0, 2, 3 ]
    }, {
      "vertices" : [ 0, 3, 2 ]
    }, {
      "vertices" : [ 0, 2, 1 ]
    } ]
  }, {
    "id" : "801a6352-478e-4594-8ab2-65369e8133b9",
    "vertices" : [ {
      "x" : 0.15983006,
      "y" : 0.81728023,
      "z" : 0.6046638
    }, {
      "x" : 0.031152949,
      "y" : 0.76812994,
      "z" : 0.68419063
    }, {
      "x" : 0.031152949,
      "y" : 0.50419796,
      "z" : 0.5210717
    }, {
      "x" : 0.15983006,
      "y" : 0.55334824,
      "z" : 0.44154483
    } ],
    "faces" : [ {
      "vertices" : [ 0, 1, 2 ]
    }, {
      "vertices" : [ 0, 2, 3 ]
    }, {
      "vertices" : [ 0, 3, 2 ]
    }, {
      "vertices" : [ 0, 2, 1 ]
    } ]
  }, {
    "id" : "eaa95f82-781f-443e-9d8a-1641e0d71663",
    "vertices" : [ {
      "x" : 0.0,
      "y" : 3.236068,
      "z" : 2.927051
    }, {
      "x" : 0.0,
      "y" : 1.809017,
      "z" : 1.5
    }, {
      "x" : -0.19098301,
      "y" : 2.736068,
      "z" : 2.618034
    } ],
    "faces" : [ {
      "vertices" : [ 0, 1, 2 ]
    }, {
      "vertices" : [ 0, 2, 1 ]
    } ]
  }, {
    "id" : "68f0e9de-4710-47f1-a3e4-8a13702dfa3e",
    "vertices" : [ {
      "x" : 0.006577809,
      "y" : 0.618034,
      "z" : 0.19098301
    }, {
      "x" : -0.10081306,
      "y" : 0.52786404,
      "z" : 0.16311896
    }, {
      "x" : -0.11803399,
      "y" : 0.618034,
      "z" : 0.19098301
    } ],
    "faces" : [ {
      "vertices" : [ 0, 1, 2 ]
    }, {
      "vertices" : [ 0, 2, 1 ]
    } ]
  }, {
    "id" : "109ab385-63fb-4639-85e5-a56027ced835",
    "vertices" : [ {
      "x" : -0.11803399,
      "y" : 3.236068,
      "z" : 1.809017
    }, {
      "x" : -0.13728757,
      "y" : 3.25,
      "z" : 1.7864745
    }, {
      "x" : 0.13728757,
      "y" : 3.25,
      "z" : 1.7864745
    }, {
      "x" : 0.11803399,
      "y" : 3.236068,
      "z" : 1.809017
    } ],
    "faces" : [ {
      "vertices" : [ 0, 1, 2 ]
    }, {
      "vertices" : [ 0, 2, 3 ]
    }, {
      "vertices" : [ 0, 3, 2 ]
    }, {
      "vertices" : [ 0, 2, 1 ]
    } ]
  }, {
    "id" : "e738766c-8837-4af2-8009-865fabb52632",
    "vertices" : [ {
      "x" : -0.5,
      "y" : 4.854102,
      "z" : 1.809017
    }, {
      "x" : -0.48074642,
      "y" : 4.868034,
      "z" : 1.7864745
    }, {
      "x" : -0.39589804,
      "y" : 4.7307463,
      "z" : 2.0086105
    }, {
      "x" : -0.42705098,
      "y" : 4.736068,
      "z" : 2.0
    } ],
    "faces" : [ {
      "vertices" : [ 0, 1, 2 ]
    }, {
      "vertices" : [ 0, 2, 3 ]
    }, {
      "vertices" : [ 0, 3, 2 ]
    }, {
      "vertices" : [ 0, 2, 1 ]
    } ]
  }, {
    "id" : "483c1ef7-5d37-41a2-b313-02ed85059569",
    "vertices" : [ {
      "x" : -0.48074642,
      "y" : 4.677051,
      "z" : 1.6684405
    }, {
      "x" : -0.39589804,
      "y" : 4.5397635,
      "z" : 1.8905765
    }, {
      "x" : -0.39589804,
      "y" : 4.7307463,
      "z" : 2.0086105
    }, {
      "x" : -0.48074642,
      "y" : 4.868034,
      "z" : 1.7864745
    } ],
    "faces" : [ {
      "vertices" : [ 0, 1, 2 ]
    }, {
      "vertices" : [ 0, 2, 3 ]
    }, {
      "vertices" : [ 0, 3, 2 ]
    }, {
      "vertices" : [ 0, 2, 1 ]
    } ]
  }, {
    "id" : "e63aa06d-e2f4-409e-ad44-090c9ab648c0",
    "vertices" : [ {
      "x" : 0.19098301,
      "y" : 0.5,
      "z" : 0.38196602
    }, {
      "x" : 0.15983006,
      "y" : 0.55334824,
      "z" : 0.44154483
    }, {
      "x" : 0.031152949,
      "y" : 0.50419796,
      "z" : 0.5210717
    }, {
      "x" : 0.045084972,
      "y" : 0.47213596,
      "z" : 0.48935688
    }, {
      "x" : 0.090169944,
      "y" : 0.46149284,
      "z" : 0.44427192
    } ],
    "faces" : [ {
      "vertices" : [ 0, 1, 2 ]
    }, {
      "vertices" : [ 0, 2, 3 ]
    }, {
      "vertices" : [ 0, 3, 4 ]
    }, {
      "vertices" : [ 0, 4, 3 ]
    }, {
      "vertices" : [ 0, 3, 2 ]
    }, {
      "vertices" : [ 0, 2, 1 ]
    } ]
  }, {
    "id" : "1e45f9fb-64ba-4182-9c68-bc3ddaaea564",
    "vertices" : [ {
      "x" : 0.11803399,
      "y" : 3.236068,
      "z" : 1.809017
    }, {
      "x" : 0.13728757,
      "y" : 3.25,
      "z" : 1.7864745
    }, {
      "x" : 0.22213596,
      "y" : 3.1127124,
      "z" : 2.0086105
    }, {
      "x" : 0.19098301,
      "y" : 3.118034,
      "z" : 2.0
    } ],
    "faces" : [ {
      "vertices" : [ 0, 1, 2 ]
    }, {
      "vertices" : [ 0, 2, 3 ]
    }, {
      "vertices" : [ 0, 3, 2 ]
    }, {
      "vertices" : [ 0, 2, 1 ]
    } ]
  }, {
    "id" : "db985893-ae46-42cc-97ec-4f456a5a94b4",
    "vertices" : [ {
      "x" : 0.11803399,
      "y" : 3.854102,
      "z" : 3.427051
    }, {
      "x" : 0.13728757,
      "y" : 3.868034,
      "z" : 3.4045086
    }, {
      "x" : 0.22213596,
      "y" : 3.7307465,
      "z" : 3.6266444
    }, {
      "x" : 0.19098301,
      "y" : 3.736068,
      "z" : 3.618034
    } ],
    "faces" : [ {
      "vertices" : [ 0, 1, 2 ]
    }, {
      "vertices" : [ 0, 2, 3 ]
    }, {
      "vertices" : [ 0, 3, 2 ]
    }, {
      "vertices" : [ 0, 2, 1 ]
    } ]
  }, {
    "id" : "5dabbce1-b8a1-4272-b68f-fbefc6bb209f",
    "vertices" : [ {
      "x" : 0.17908363,
      "y" : 0.82056916,
      "z" : 0.5993422
    }, {
      "x" : 0.15983006,
      "y" : 0.81728023,
      "z" : 0.6046638
    }, {
      "x" : 0.15983006,
      "y" : 0.55334824,
      "z" : 0.44154483
    }, {
      "x" : 0.17908363,
      "y" : 0.5566371,
      "z" : 0.43622327
    } ],
    "faces" : [ {
      "vertices" : [ 0, 1, 2 ]
    }, {
      "vertices" : [ 0, 2, 3 ]
    }, {
      "vertices" : [ 0, 3, 2 ]
    }, {
      "vertices" : [ 0, 2, 1 ]
    } ]
  }, {
    "id" : "f3bf8c37-8e52-44ff-9e92-be53d18d1258",
    "vertices" : [ {
      "x" : 0.0,
      "y" : 3.9922986,
      "z" : 3.9395123
    }, {
      "x" : 0.0,
      "y" : 3.663119,
      "z" : 3.736068
    }, {
      "x" : -0.19098301,
      "y" : 3.736068,
      "z" : 3.618034
    }, {
      "x" : -0.19098301,
      "y" : 4.0652475,
      "z" : 3.8214781
    } ],
    "faces" : [ {
      "vertices" : [ 0, 1, 2 ]
    }, {
      "vertices" : [ 0, 2, 3 ]
    }, {
      "vertices" : [ 0, 3, 2 ]
    }, {
      "vertices" : [ 0, 2, 1 ]
    } ]
  }, {
    "id" : "4c8939ca-3edc-4c52-9df7-dfb77cb03f58",
    "vertices" : [ {
      "x" : -0.618034,
      "y" : 4.9922986,
      "z" : 2.3214781
    }, {
      "x" : -0.618034,
      "y" : 4.663119,
      "z" : 2.118034
    }, {
      "x" : -0.809017,
      "y" : 4.736068,
      "z" : 2.0
    }, {
      "x" : -0.809017,
      "y" : 5.0652475,
      "z" : 2.2034442
    } ],
    "faces" : [ {
      "vertices" : [ 0, 1, 2 ]
    }, {
      "vertices" : [ 0, 2, 3 ]
    }, {
      "vertices" : [ 0, 3, 2 ]
    }, {
      "vertices" : [ 0, 2, 1 ]
    } ]
  }, {
    "id" : "c4b4ad38-306d-4767-8ecf-d37b14348534",
    "vertices" : [ {
      "x" : 0.19098301,
      "y" : 3.4472136,
      "z" : 2.2034442
    }, {
      "x" : 0.19098301,
      "y" : 3.118034,
      "z" : 2.0
    }, {
      "x" : 0.0,
      "y" : 3.045085,
      "z" : 2.118034
    }, {
      "x" : 0.0,
      "y" : 3.3742645,
      "z" : 2.3214781
    } ],
    "faces" : [ {
      "vertices" : [ 0, 1, 2 ]
    }, {
      "vertices" : [ 0, 2, 3 ]
    }, {
      "vertices" : [ 0, 3, 2 ]
    }, {
      "vertices" : [ 0, 2, 1 ]
    } ]
  }, {
    "id" : "b600238a-0c24-40ae-acf8-d91c6a5fd0d0",
    "vertices" : [ {
      "x" : 0.07952683,
      "y" : 0.9472136,
      "z" : 0.39442718
    }, {
      "x" : 0.09878041,
      "y" : 0.9505025,
      "z" : 0.38910562
    }, {
      "x" : 0.09878041,
      "y" : 0.68657047,
      "z" : 0.22598667
    }, {
      "x" : 0.07952683,
      "y" : 0.6832816,
      "z" : 0.23130824
    } ],
    "faces" : [ {
      "vertices" : [ 0, 1, 2 ]
    }, {
      "vertices" : [ 0, 2, 3 ]
    }, {
      "vertices" : [ 0, 3, 2 ]
    }, {
      "vertices" : [ 0, 2, 1 ]
    } ]
  }, {
    "id" : "8b74356a-0de4-4671-beda-917a8fe5fb26",
    "vertices" : [ {
      "x" : 0.309017,
      "y" : 1.309017,
      "z" : 1.309017
    }, {
      "x" : 0.0,
      "y" : 1.809017,
      "z" : 1.5
    }, {
      "x" : 0.19098301,
      "y" : 2.736068,
      "z" : 2.618034
    } ],
    "faces" : [ {
      "vertices" : [ 0, 1, 2 ]
    }, {
      "vertices" : [ 0, 2, 1 ]
    } ]
  }, {
    "id" : "7a305302-9521-41ec-a2de-8c8f8bbfc21a",
    "vertices" : [ {
      "x" : -0.19098301,
      "y" : 4.236068,
      "z" : 3.545085
    }, {
      "x" : 0.19098301,
      "y" : 4.236068,
      "z" : 3.545085
    }, {
      "x" : 0.0,
      "y" : 3.236068,
      "z" : 2.927051
    }, {
      "x" : -0.19098301,
      "y" : 2.736068,
      "z" : 2.618034
    } ],
    "faces" : [ {
      "vertices" : [ 0, 1, 2 ]
    }, {
      "vertices" : [ 0, 2, 3 ]
    }, {
      "vertices" : [ 0, 3, 2 ]
    }, {
      "vertices" : [ 0, 2, 1 ]
    } ]
  }, {
    "id" : "7be18c8b-92bb-43d4-9ff5-86aee4170f8f",
    "vertices" : [ {
      "x" : 0.019253582,
      "y" : 0.49558747,
      "z" : 0.53500366
    }, {
      "x" : 0.0,
      "y" : 0.49229857,
      "z" : 0.5403252
    }, {
      "x" : 0.0,
      "y" : 0.42705098,
      "z" : 0.5
    } ],
    "faces" : [ {
      "vertices" : [ 0, 1, 2 ]
    }, {
      "vertices" : [ 0, 2, 1 ]
    } ]
  }, {
    "id" : "70fe58cd-376e-4591-8dd9-efeb97aa34d6",
    "vertices" : [ {
      "x" : -0.309017,
      "y" : 3.545085,
      "z" : 1.309017
    }, {
      "x" : -0.42705098,
      "y" : 4.736068,
      "z" : 1.618034
    }, {
      "x" : -0.42705098,
      "y" : 5.236068,
      "z" : 1.927051
    }, {
      "x" : -0.309017,
      "y" : 5.045085,
      "z" : 2.236068
    } ],
    "faces" : [ {
      "vertices" : [ 0, 1, 2 ]
    }, {
      "vertices" : [ 0, 2, 3 ]
    }, {
      "vertices" : [ 0, 3, 2 ]
    }, {
      "vertices" : [ 0, 2, 1 ]
    } ]
  }, {
    "id" : "48fa0b45-38c1-443b-8944-a9a0e062a063",
    "vertices" : [ {
      "x" : -0.19098301,
      "y" : 0.5,
      "z" : 0.38196602
    }, {
      "x" : -0.17908363,
      "y" : 0.58450115,
      "z" : 0.3911383
    }, {
      "x" : -0.12993336,
      "y" : 0.664028,
      "z" : 0.2624612
    }, {
      "x" : -0.13525492,
      "y" : 0.618034,
      "z" : 0.2532889
    }, {
      "x" : -0.15247585,
      "y" : 0.5623059,
      "z" : 0.28115296
    } ],
    "faces" : [ {
      "vertices" : [ 0, 1, 2 ]
    }, {
      "vertices" : [ 0, 2, 3 ]
    }, {
      "vertices" : [ 0, 3, 4 ]
    }, {
      "vertices" : [ 0, 4, 3 ]
    }, {
      "vertices" : [ 0, 3, 2 ]
    }, {
      "vertices" : [ 0, 2, 1 ]
    } ]
  }, {
    "id" : "157aade8-e72d-4ffb-84ce-efbb5ea214d1",
    "vertices" : [ {
      "x" : -0.19098301,
      "y" : 1.0,
      "z" : 0.309017
    }, {
      "x" : 0.19098301,
      "y" : 1.0,
      "z" : 0.309017
    }, {
      "x" : 0.09878041,
      "y" : 0.9505025,
      "z" : 0.38910562
    }, {
      "x" : 0.07952683,
      "y" : 0.9472136,
      "z" : 0.39442718
    }, {
      "x" : -0.07952683,
      "y" : 0.9472136,
      "z" : 0.39442718
    }, {
      "x" : -0.09878041,
      "y" : 0.9505025,
      "z" : 0.38910562
    } ],
    "faces" : [ {
      "vertices" : [ 0, 1, 2 ]
    }, {
      "vertices" : [ 0, 2, 3 ]
    }, {
      "vertices" : [ 0, 3, 4 ]
    }, {
      "vertices" : [ 0, 4, 5 ]
    }, {
      "vertices" : [ 0, 5, 4 ]
    }, {
      "vertices" : [ 0, 4, 3 ]
    }, {
      "vertices" : [ 0, 3, 2 ]
    }, {
      "vertices" : [ 0, 2, 1 ]
    } ]
  }, {
    "id" : "56f07d88-1c36-4434-9973-49c9188b346f",
    "vertices" : [ {
      "x" : 0.22213596,
      "y" : 3.5397635,
      "z" : 3.5086105
    }, {
      "x" : 0.0,
      "y" : 3.454915,
      "z" : 3.645898
    }, {
      "x" : 0.0,
      "y" : 3.645898,
      "z" : 3.763932
    }, {
      "x" : 0.22213596,
      "y" : 3.7307465,
      "z" : 3.6266444
    } ],
    "faces" : [ {
      "vertices" : [ 0, 1, 2 ]
    }, {
      "vertices" : [ 0, 2, 3 ]
    }, {
      "vertices" : [ 0, 3, 2 ]
    }, {
      "vertices" : [ 0, 2, 1 ]
    } ]
  }, {
    "id" : "79183952-8936-401b-bede-1e68d99c4f17",
    "vertices" : [ {
      "x" : 0.19098301,
      "y" : 0.52128625,
      "z" : 0.32623792
    }, {
      "x" : 0.15654115,
      "y" : 0.5557281,
      "z" : 0.29179606
    }, {
      "x" : 0.17376208,
      "y" : 0.5557281,
      "z" : 0.35410196
    } ],
    "faces" : [ {
      "vertices" : [ 0, 1, 2 ]
    }, {
      "vertices" : [ 0, 2, 1 ]
    } ]
  }, {
    "id" : "d603dfed-5072-4208-8afe-caec26b5852b",
    "vertices" : [ {
      "x" : -0.75532156,
      "y" : 4.677051,
      "z" : 1.6684405
    }, {
      "x" : -0.48074642,
      "y" : 4.677051,
      "z" : 1.6684405
    }, {
      "x" : -0.48074642,
      "y" : 4.868034,
      "z" : 1.7864745
    }, {
      "x" : -0.75532156,
      "y" : 4.868034,
      "z" : 1.7864745
    } ],
    "faces" : [ {
      "vertices" : [ 0, 1, 2 ]
    }, {
      "vertices" : [ 0, 2, 3 ]
    }, {
      "vertices" : [ 0, 3, 2 ]
    }, {
      "vertices" : [ 0, 2, 1 ]
    } ]
  }, {
    "id" : "659ac595-83d7-4319-b5e8-ba33d503b7f7",
    "vertices" : [ {
      "x" : -0.22213596,
      "y" : 2.9217293,
      "z" : 1.8905765
    }, {
      "x" : -0.13728757,
      "y" : 3.059017,
      "z" : 1.6684405
    }, {
      "x" : -0.13728757,
      "y" : 3.25,
      "z" : 1.7864745
    }, {
      "x" : -0.22213596,
      "y" : 3.1127124,
      "z" : 2.0086105
    } ],
    "faces" : [ {
      "vertices" : [ 0, 1, 2 ]
    }, {
      "vertices" : [ 0, 2, 3 ]
    }, {
      "vertices" : [ 0, 3, 2 ]
    }, {
      "vertices" : [ 0, 2, 1 ]
    } ]
  }, {
    "id" : "43ff47a5-5276-43f7-bec6-8b9d550ac873",
    "vertices" : [ {
      "x" : 0.309017,
      "y" : 1.927051,
      "z" : 1.309017
    }, {
      "x" : 0.309017,
      "y" : 1.309017,
      "z" : 1.309017
    }, {
      "x" : 0.309017,
      "y" : 0.809017,
      "z" : 0.618034
    } ],
    "faces" : [ {
      "vertices" : [ 0, 1, 2 ]
    }, {
      "vertices" : [ 0, 2, 1 ]
    } ]
  }, {
    "id" : "b90c00fc-00e8-4e67-8d3a-846aa2ecfb88",
    "vertices" : [ {
      "x" : -0.809017,
      "y" : 5.236068,
      "z" : 1.927051
    }, {
      "x" : -0.42705098,
      "y" : 5.236068,
      "z" : 1.927051
    }, {
      "x" : -0.42705098,
      "y" : 4.736068,
      "z" : 1.618034
    }, {
      "x" : -0.809017,
      "y" : 4.736068,
      "z" : 1.618034
    } ],
    "faces" : [ {
      "vertices" : [ 0, 1, 2 ]
    }, {
      "vertices" : [ 0, 2, 3 ]
    }, {
      "vertices" : [ 0, 3, 2 ]
    }, {
      "vertices" : [ 0, 2, 1 ]
    } ]
  }, {
    "id" : "6c0636b9-8774-456b-ad69-b9d954c202db",
    "vertices" : [ {
      "x" : -0.38196602,
      "y" : 1.809017,
      "z" : 0.5
    }, {
      "x" : -0.5,
      "y" : 1.618034,
      "z" : 0.809017
    }, {
      "x" : -0.927051,
      "y" : 4.545085,
      "z" : 1.927051
    }, {
      "x" : -0.809017,
      "y" : 4.736068,
      "z" : 1.618034
    } ],
    "faces" : [ {
      "vertices" : [ 0, 1, 2 ]
    }, {
      "vertices" : [ 0, 2, 3 ]
    }, {
      "vertices" : [ 0, 3, 2 ]
    }, {
      "vertices" : [ 0, 2, 1 ]
    } ]
  }, {
    "id" : "d4d896cb-5e97-44fc-b0f9-4f99c2fabafd",
    "vertices" : [ {
      "x" : -0.19098301,
      "y" : 2.736068,
      "z" : 2.618034
    }, {
      "x" : -0.309017,
      "y" : 3.545085,
      "z" : 3.545085
    }, {
      "x" : -0.309017,
      "y" : 4.045085,
      "z" : 3.854102
    }, {
      "x" : -0.19098301,
      "y" : 4.236068,
      "z" : 3.545085
    } ],
    "faces" : [ {
      "vertices" : [ 0, 1, 2 ]
    }, {
      "vertices" : [ 0, 2, 3 ]
    }, {
      "vertices" : [ 0, 3, 2 ]
    }, {
      "vertices" : [ 0, 2, 1 ]
    } ]
  }, {
    "id" : "f223f683-2186-4327-8177-25f4abcecd71",
    "vertices" : [ {
      "x" : 0.031152949,
      "y" : 0.50419796,
      "z" : 0.5210717
    }, {
      "x" : 0.0,
      "y" : 0.42705098,
      "z" : 0.5
    }, {
      "x" : 0.045084972,
      "y" : 0.47213596,
      "z" : 0.48935688
    } ],
    "faces" : [ {
      "vertices" : [ 0, 1, 2 ]
    }, {
      "vertices" : [ 0, 2, 1 ]
    } ]
  }, {
    "id" : "d5df66c0-e39b-4532-90b1-63fac326c9c6",
    "vertices" : [ {
      "x" : 0.0,
      "y" : 0.49229857,
      "z" : 0.5403252
    }, {
      "x" : -0.019253582,
      "y" : 0.49558747,
      "z" : 0.53500366
    }, {
      "x" : 0.0,
      "y" : 0.42705098,
      "z" : 0.5
    } ],
    "faces" : [ {
      "vertices" : [ 0, 1, 2 ]
    }, {
      "vertices" : [ 0, 2, 1 ]
    } ]
  }, {
    "id" : "2e4e1cb9-7089-42b0-aa7a-006d6a19c1d9",
    "vertices" : [ {
      "x" : 0.15654115,
      "y" : 0.5557281,
      "z" : 0.29179606
    }, {
      "x" : 0.10081306,
      "y" : 0.52786404,
      "z" : 0.16311896
    }, {
      "x" : 0.11803399,
      "y" : 0.618034,
      "z" : 0.19098301
    } ],
    "faces" : [ {
      "vertices" : [ 0, 1, 2 ]
    }, {
      "vertices" : [ 0, 2, 1 ]
    } ]
  }, {
    "id" : "732f3de9-4a3d-4f19-b9c9-42adc74cc3d6",
    "vertices" : [ {
      "x" : 0.309017,
      "y" : 4.045085,
      "z" : 3.854102
    }, {
      "x" : 0.0,
      "y" : 3.927051,
      "z" : 4.045085
    }, {
      "x" : 0.0,
      "y" : 3.427051,
      "z" : 3.736068
    }, {
      "x" : 0.309017,
      "y" : 3.545085,
      "z" : 3.545085
    } ],
    "faces" : [ {
      "vertices" : [ 0, 1, 2 ]
    }, {
      "vertices" : [ 0, 2, 3 ]
    }, {
      "vertices" : [ 0, 3, 2 ]
    }, {
      "vertices" : [ 0, 2, 1 ]
    } ]
  }, {
    "id" : "ac88163e-847e-490e-b2f3-fef38b5d9e75",
    "vertices" : [ {
      "x" : 0.17908363,
      "y" : 0.58450115,
      "z" : 0.3911383
    }, {
      "x" : 0.19098301,
      "y" : 0.5,
      "z" : 0.38196602
    }, {
      "x" : 0.17376208,
      "y" : 0.5557281,
      "z" : 0.35410196
    } ],
    "faces" : [ {
      "vertices" : [ 0, 1, 2 ]
    }, {
      "vertices" : [ 0, 2, 1 ]
    } ]
  }, {
    "id" : "499173da-b01c-4f56-8e65-a0af4cc18a48",
    "vertices" : [ {
      "x" : 0.11803399,
      "y" : 3.5652475,
      "z" : 2.0124612
    }, {
      "x" : 0.19098301,
      "y" : 3.618034,
      "z" : 1.927051
    }, {
      "x" : -0.19098301,
      "y" : 3.618034,
      "z" : 1.927051
    }, {
      "x" : -0.11803399,
      "y" : 3.5652475,
      "z" : 2.0124612
    } ],
    "faces" : [ {
      "vertices" : [ 0, 1, 2 ]
    }, {
      "vertices" : [ 0, 2, 3 ]
    }, {
      "vertices" : [ 0, 3, 2 ]
    }, {
      "vertices" : [ 0, 2, 1 ]
    } ]
  }, {
    "id" : "5b4e69f2-b0dd-47d4-9ceb-15a2c6fc95a2",
    "vertices" : [ {
      "x" : 0.0,
      "y" : 0.690983,
      "z" : 0.809017
    }, {
      "x" : -0.309017,
      "y" : 0.809017,
      "z" : 0.618034
    }, {
      "x" : -0.17908363,
      "y" : 0.82056916,
      "z" : 0.5993422
    }, {
      "x" : -0.15983006,
      "y" : 0.81728023,
      "z" : 0.6046638
    }, {
      "x" : -0.031152949,
      "y" : 0.76812994,
      "z" : 0.68419063
    }, {
      "x" : -0.019253582,
      "y" : 0.7595195,
      "z" : 0.6981226
    } ],
    "faces" : [ {
      "vertices" : [ 0, 1, 2 ]
    }, {
      "vertices" : [ 0, 2, 3 ]
    }, {
      "vertices" : [ 0, 3, 4 ]
    }, {
      "vertices" : [ 0, 4, 5 ]
    }, {
      "vertices" : [ 0, 5, 4 ]
    }, {
      "vertices" : [ 0, 4, 3 ]
    }, {
      "vertices" : [ 0, 3, 2 ]
    }, {
      "vertices" : [ 0, 2, 1 ]
    } ]
  }, {
    "id" : "23891da3-cbc1-4d79-b9c8-874dc5e09347",
    "vertices" : [ {
      "x" : 0.12993336,
      "y" : 0.6746711,
      "z" : 0.24524026
    }, {
      "x" : 0.12993336,
      "y" : 0.664028,
      "z" : 0.2624612
    }, {
      "x" : 0.11803399,
      "y" : 0.618034,
      "z" : 0.19098301
    } ],
    "faces" : [ {
      "vertices" : [ 0, 1, 2 ]
    }, {
      "vertices" : [ 0, 2, 1 ]
    } ]
  }, {
    "id" : "4a87d040-2f8b-4dff-9107-dfd344125ee5",
    "vertices" : [ {
      "x" : -0.5,
      "y" : 1.618034,
      "z" : 0.809017
    }, {
      "x" : -0.618034,
      "y" : 3.427051,
      "z" : 1.5
    }, {
      "x" : -0.927051,
      "y" : 4.545085,
      "z" : 1.927051
    } ],
    "faces" : [ {
      "vertices" : [ 0, 1, 2 ]
    }, {
      "vertices" : [ 0, 2, 1 ]
    } ]
  }, {
    "id" : "0cc681d7-8e08-4bc2-ae8c-52e27a2cacc6",
    "vertices" : [ {
      "x" : -0.809017,
      "y" : 5.0652475,
      "z" : 2.2034442
    }, {
      "x" : -0.809017,
      "y" : 4.736068,
      "z" : 2.0
    }, {
      "x" : -0.73606795,
      "y" : 4.854102,
      "z" : 1.809017
    }, {
      "x" : -0.73606795,
      "y" : 5.1832814,
      "z" : 2.0124612
    } ],
    "faces" : [ {
      "vertices" : [ 0, 1, 2 ]
    }, {
      "vertices" : [ 0, 2, 3 ]
    }, {
      "vertices" : [ 0, 3, 2 ]
    }, {
      "vertices" : [ 0, 2, 1 ]
    } ]
  }, {
    "id" : "e653f93b-230a-44d8-af00-b9d4170c0720",
    "vertices" : [ {
      "x" : -0.11803399,
      "y" : 3.854102,
      "z" : 3.427051
    }, {
      "x" : -0.13728757,
      "y" : 3.868034,
      "z" : 3.4045086
    }, {
      "x" : 0.13728757,
      "y" : 3.868034,
      "z" : 3.4045086
    }, {
      "x" : 0.11803399,
      "y" : 3.854102,
      "z" : 3.427051
    } ],
    "faces" : [ {
      "vertices" : [ 0, 1, 2 ]
    }, {
      "vertices" : [ 0, 2, 3 ]
    }, {
      "vertices" : [ 0, 3, 2 ]
    }, {
      "vertices" : [ 0, 2, 1 ]
    } ]
  }, {
    "id" : "4898e6ee-3d0d-45c0-aa8c-18955df175ce",
    "vertices" : [ {
      "x" : -0.19098301,
      "y" : 4.0652475,
      "z" : 3.8214781
    }, {
      "x" : -0.19098301,
      "y" : 3.736068,
      "z" : 3.618034
    }, {
      "x" : -0.11803399,
      "y" : 3.854102,
      "z" : 3.427051
    }, {
      "x" : -0.11803399,
      "y" : 4.1832814,
      "z" : 3.630495
    } ],
    "faces" : [ {
      "vertices" : [ 0, 1, 2 ]
    }, {
      "vertices" : [ 0, 2, 3 ]
    }, {
      "vertices" : [ 0, 3, 2 ]
    }, {
      "vertices" : [ 0, 2, 1 ]
    } ]
  }, {
    "id" : "ee18fe21-409c-4cf2-87fd-1e504009a6a7",
    "vertices" : [ {
      "x" : -0.12993336,
      "y" : 0.92796004,
      "z" : 0.42558014
    }, {
      "x" : -0.12993336,
      "y" : 0.9386031,
      "z" : 0.4083592
    }, {
      "x" : -0.12993336,
      "y" : 0.6746711,
      "z" : 0.24524026
    }, {
      "x" : -0.12993336,
      "y" : 0.664028,
      "z" : 0.2624612
    } ],
    "faces" : [ {
      "vertices" : [ 0, 1, 2 ]
    }, {
      "vertices" : [ 0, 2, 3 ]
    }, {
      "vertices" : [ 0, 3, 2 ]
    }, {
      "vertices" : [ 0, 2, 1 ]
    } ]
  }, {
    "id" : "ec489750-18e0-4a4b-9058-030f32d33a10",
    "vertices" : [ {
      "x" : 0.062305897,
      "y" : 0.618034,
      "z" : 0.16969676
    }, {
      "x" : 0.11803399,
      "y" : 0.618034,
      "z" : 0.19098301
    }, {
      "x" : 0.10081306,
      "y" : 0.52786404,
      "z" : 0.16311896
    } ],
    "faces" : [ {
      "vertices" : [ 0, 1, 2 ]
    }, {
      "vertices" : [ 0, 2, 1 ]
    } ]
  }, {
    "id" : "dcce78c1-bece-45c1-acd6-1e612d1af223",
    "vertices" : [ {
      "x" : -0.84016997,
      "y" : 4.5397635,
      "z" : 1.8905765
    }, {
      "x" : -0.75532156,
      "y" : 4.677051,
      "z" : 1.6684405
    }, {
      "x" : -0.75532156,
      "y" : 4.868034,
      "z" : 1.7864745
    }, {
      "x" : -0.84016997,
      "y" : 4.7307463,
      "z" : 2.0086105
    } ],
    "faces" : [ {
      "vertices" : [ 0, 1, 2 ]
    }, {
      "vertices" : [ 0, 2, 3 ]
    }, {
      "vertices" : [ 0, 3, 2 ]
    }, {
      "vertices" : [ 0, 2, 1 ]
    } ]
  }, {
    "id" : "5e50efd7-76d6-425a-b223-3aafae5c2731",
    "vertices" : [ {
      "x" : 0.0,
      "y" : 1.190983,
      "z" : 1.5
    }, {
      "x" : -0.309017,
      "y" : 1.309017,
      "z" : 1.309017
    }, {
      "x" : -0.309017,
      "y" : 0.809017,
      "z" : 0.618034
    }, {
      "x" : 0.0,
      "y" : 0.690983,
      "z" : 0.809017
    } ],
    "faces" : [ {
      "vertices" : [ 0, 1, 2 ]
    }, {
      "vertices" : [ 0, 2, 3 ]
    }, {
      "vertices" : [ 0, 3, 2 ]
    }, {
      "vertices" : [ 0, 2, 1 ]
    } ]
  }, {
    "id" : "229d9241-4f15-4646-8a70-b892f4750cf7",
    "vertices" : [ {
      "x" : -0.031152949,
      "y" : 0.76812994,
      "z" : 0.68419063
    }, {
      "x" : -0.15983006,
      "y" : 0.81728023,
      "z" : 0.6046638
    }, {
      "x" : -0.15983006,
      "y" : 0.55334824,
      "z" : 0.44154483
    }, {
      "x" : -0.031152949,
      "y" : 0.50419796,
      "z" : 0.5210717
    } ],
    "faces" : [ {
      "vertices" : [ 0, 1, 2 ]
    }, {
      "vertices" : [ 0, 2, 3 ]
    }, {
      "vertices" : [ 0, 3, 2 ]
    }, {
      "vertices" : [ 0, 2, 1 ]
    } ]
  }, {
    "id" : "43b7b961-0231-48fa-bb3e-a47994eb3c8d",
    "vertices" : [ {
      "x" : 0.0,
      "y" : 0.690983,
      "z" : 0.809017
    }, {
      "x" : 0.0,
      "y" : 0.7562306,
      "z" : 0.7034442
    }, {
      "x" : 0.019253582,
      "y" : 0.7595195,
      "z" : 0.6981226
    } ],
    "faces" : [ {
      "vertices" : [ 0, 1, 2 ]
    }, {
      "vertices" : [ 0, 2, 1 ]
    } ]
  }, {
    "id" : "618698c0-e450-4847-adcc-f164050412c2",
    "vertices" : [ {
      "x" : -0.12993336,
      "y" : 0.664028,
      "z" : 0.2624612
    }, {
      "x" : -0.11803399,
      "y" : 0.618034,
      "z" : 0.19098301
    }, {
      "x" : -0.13525492,
      "y" : 0.618034,
      "z" : 0.2532889
    } ],
    "faces" : [ {
      "vertices" : [ 0, 1, 2 ]
    }, {
      "vertices" : [ 0, 2, 1 ]
    } ]
  }, {
    "id" : "27524f9f-b207-4b2f-9673-72519f911080",
    "vertices" : [ {
      "x" : -0.309017,
      "y" : 3.545085,
      "z" : 1.309017
    }, {
      "x" : 0.0,
      "y" : 1.809017,
      "z" : 0.5
    }, {
      "x" : -0.42705098,
      "y" : 4.736068,
      "z" : 1.618034
    } ],
    "faces" : [ {
      "vertices" : [ 0, 1, 2 ]
    }, {
