{
  "field" : "golden",
  "symmetry" : "icosahedral",
  "orientations" : [ [ 1.0, 0.0, 0.0, 0.0, 0.0, 1.0, 0.0, 0.0, 0.0, 0.0, 1.0, 0.0, 0.0, 0.0, 0.0, 1.0 ], [ 0.0, 0.0, 1.0, 0.0, 1.0, 0.0, 0.0, 0.0, 0.0, 1.0, 0.0, 0.0, 0.0, 0.0, 0.0, 1.0 ], [ 0.0, 1.0, 0.0, 0.0, 0.0, 0.0, 1.0, 0.0, 1.0, 0.0, 0.0, 0.0, 0.0, 0.0, 0.0, 1.0 ], [ 0.809017, 0.309017, 0.5, 0.0, 0.309017, 0.5, -0.809017, 0.0, -0.5, 0.809017, 0.309017, 0.0, 0.0, 0.0, 0.0, 1.0 ], [ -0.5, 0.809017, 0.309017, 0.0, 0.809017, 0.309017, 0.5, 0.0, 0.309017, 0.5, -0.809017, 0.0, 0.0, 0.0, 0.0, 1.0 ], [ 0.309017, 0.5, -0.809017, 0.0, -0.5, 0.809017, 0.309017, 0.0, 0.809017, 0.309017, 0.5, 0.0, 0.0, 0.0, 0.0, 1.0 ], [ 0.5, 0.809017, 0.309017, 0.0, 0.809017, -0.309017, -0.5, 0.0, -0.309017, 0.5, -0.809017, 0.0, 0.0, 0.0, 0.0, 1.0 ], [ -0.309017, 0.5, -0.809017, 0.0, 0.5, 0.809017, 0.309017, 0.0, 0.809017, -0.309017, -0.5, 0.0, 0.0, 0.0, 0.0, 1.0 ], [ 0.809017, -0.309017, -0.5, 0.0, -0.309017, 0.5, -0.809017, 0.0, 0.5, 0.809017, 0.309017, 0.0, 0.0, 0.0, 0.0, 1.0 ], [ 0.5, 0.809017, -0.309017, 0.0, 0.809017, -0.309017, 0.5, 0.0, 0.309017, -0.5, -0.809017, 0.0, 0.0, 0.0, 0.0, 1.0 ], [ 0.309017, -0.5, -0.809017, 0.0, 0.5, 0.809017, -0.309017, 0.0, 0.809017, -0.309017, 0.5, 0.0, 0.0, 0.0, 0.0, 1.0 ], [ 0.809017, -0.309017, 0.5, 0.0, 0.309017, -0.5, -0.809017, 0.0, 0.5, 0.809017, -0.309017, 0.0, 0.0, 0.0, 0.0, 1.0 ], [ 0.809017, 0.309017, -0.5, 0.0, 0.309017, 0.5, 0.809017, 0.0, 0.5, -0.809017, 0.309017, 0.0, 0.0, 0.0, 0.0, 1.0 ], [ 0.5, -0.809017, 0.309017, 0.0, 0.809017, 0.309017, -0.5, 0.0, 0.309017, 0.5, 0.809017, 0.0, 0.0, 0.0, 0.0, 1.0 ], [ 0.309017, 0.5, 0.809017, 0.0, 0.5, -0.809017, 0.309017, 0.0, 0.809017, 0.309017, -0.5, 0.0, 0.0, 0.0, 0.0, 1.0 ], [ 1.0, 0.0, 0.0, 0.0, 0.0, -1.0, 0.0, 0.0, 0.0, 0.0, -1.0, 0.0, 0.0, 0.0, 0.0, 1.0 ], [ 0.0, 0.0, 1.0, 0.0, -1.0, 0.0, 0.0, 0.0, 0.0, -1.0, 0.0, 0.0, 0.0, 0.0, 0.0, 1.0 ], [ 0.0, 1.0, 0.0, 0.0, 0.0, 0.0, -1.0, 0.0, -1.0, 0.0, 0.0, 0.0, 0.0, 0.0, 0.0, 1.0 ], [ 0.809017, 0.309017, 0.5, 0.0, -0.309017, -0.5, 0.809017, 0.0, 0.5, -0.809017, -0.309017, 0.0, 0.0, 0.0, 0.0, 1.0 ], [ -0.5, 0.809017, 0.309017, 0.0, -0.809017, -0.309017, -0.5, 0.0, -0.309017, -0.5, 0.809017, 0.0, 0.0, 0.0, 0.0, 1.0 ], [ 0.309017, 0.5, -0.809017, 0.0, 0.5, -0.809017, -0.309017, 0.0, -0.809017, -0.309017, -0.5, 0.0, 0.0, 0.0, 0.0, 1.0 ], [ 0.5, 0.809017, 0.309017, 0.0, -0.809017, 0.309017, 0.5, 0.0, 0.309017, -0.5, 0.809017, 0.0, 0.0, 0.0, 0.0, 1.0 ], [ -0.309017, 0.5, -0.809017, 0.0, -0.5, -0.809017, -0.309017, 0.0, -0.809017, 0.309017, 0.5, 0.0, 0.0, 0.0, 0.0, 1.0 ], [ 0.809017, -0.309017, -0.5, 0.0, 0.309017, -0.5, 0.809017, 0.0, -0.5, -0.809017, -0.309017, 0.0, 0.0, 0.0, 0.0, 1.0 ], [ 0.5, 0.809017, -0.309017, 0.0, -0.809017, 0.309017, -0.5, 0.0, -0.309017, 0.5, 0.809017, 0.0, 0.0, 0.0, 0.0, 1.0 ], [ 0.309017, -0.5, -0.809017, 0.0, -0.5, -0.809017, 0.309017, 0.0, -0.809017, 0.309017, -0.5, 0.0, 0.0, 0.0, 0.0, 1.0 ], [ 0.809017, -0.309017, 0.5, 0.0, -0.309017, 0.5, 0.809017, 0.0, -0.5, -0.809017, 0.309017, 0.0, 0.0, 0.0, 0.0, 1.0 ], [ 0.809017, 0.309017, -0.5, 0.0, -0.309017, -0.5, -0.809017, 0.0, -0.5, 0.809017, -0.309017, 0.0, 0.0, 0.0, 0.0, 1.0 ], [ 0.5, -0.809017, 0.309017, 0.0, -0.809017, -0.309017, 0.5, 0.0, -0.309017, -0.5, -0.809017, 0.0, 0.0, 0.0, 0.0, 1.0 ], [ 0.309017, 0.5, 0.809017, 0.0, -0.5, 0.809017, -0.309017, 0.0, -0.809017, -0.309017, 0.5, 0.0, 0.0, 0.0, 0.0, 1.0 ], [ -1.0, 0.0, 0.0, 0.0, 0.0, -1.0, 0.0, 0.0, 0.0, 0.0, 1.0, 0.0, 0.0, 0.0, 0.0, 1.0 ], [ 0.0, 0.0, -1.0, 0.0, -1.0, 0.0, 0.0, 0.0, 0.0, 1.0, 0.0, 0.0, 0.0, 0.0, 0.0, 1.0 ], [ 0.0, -1.0, 0.0, 0.0, 0.0, 0.0, -1.0, 0.0, 1.0, 0.0, 0.0, 0.0, 0.0, 0.0, 0.0, 1.0 ], [ -0.809017, -0.309017, -0.5, 0.0, -0.309017, -0.5, 0.809017, 0.0, -0.5, 0.809017, 0.309017, 0.0, 0.0, 0.0, 0.0, 1.0 ], [ 0.5, -0.809017, -0.309017, 0.0, -0.809017, -0.309017, -0.5, 0.0, 0.309017, 0.5, -0.809017, 0.0, 0.0, 0.0, 0.0, 1.0 ], [ -0.309017, -0.5, 0.809017, 0.0, 0.5, -0.809017, -0.309017, 0.0, 0.809017, 0.309017, 0.5, 0.0, 0.0, 0.0, 0.0, 1.0 ], [ -0.5, -0.809017, -0.309017, 0.0, -0.809017, 0.309017, 0.5, 0.0, -0.309017, 0.5, -0.809017, 0.0, 0.0, 0.0, 0.0, 1.0 ], [ 0.309017, -0.5, 0.809017, 0.0, -0.5, -0.809017, -0.309017, 0.0, 0.809017, -0.309017, -0.5, 0.0, 0.0, 0.0, 0.0, 1.0 ], [ -0.809017, 0.309017, 0.5, 0.0, 0.309017, -0.5, 0.809017, 0.0, 0.5, 0.809017, 0.309017, 0.0, 0.0, 0.0, 0.0, 1.0 ], [ -0.5, -0.809017, 0.309017, 0.0, -0.809017, 0.309017, -0.5, 0.0, 0.309017, -0.5, -0.809017, 0.0, 0.0, 0.0, 0.0, 1.0 ], [ -0.309017, 0.5, 0.809017, 0.0, -0.5, -0.809017, 0.309017, 0.0, 0.809017, -0.309017, 0.5, 0.0, 0.0, 0.0, 0.0, 1.0 ], [ -0.809017, 0.309017, -0.5, 0.0, -0.309017, 0.5, 0.809017, 0.0, 0.5, 0.809017, -0.309017, 0.0, 0.0, 0.0, 0.0, 1.0 ], [ -0.809017, -0.309017, 0.5, 0.0, -0.309017, -0.5, -0.809017, 0.0, 0.5, -0.809017, 0.309017, 0.0, 0.0, 0.0, 0.0, 1.0 ], [ -0.5, 0.809017, -0.309017, 0.0, -0.809017, -0.309017, 0.5, 0.0, 0.309017, 0.5, 0.809017, 0.0, 0.0, 0.0, 0.0, 1.0 ], [ -0.309017, -0.5, -0.809017, 0.0, -0.5, 0.809017, -0.309017, 0.0, 0.809017, 0.309017, -0.5, 0.0, 0.0, 0.0, 0.0, 1.0 ], [ -1.0, 0.0, 0.0, 0.0, 0.0, 1.0, 0.0, 0.0, 0.0, 0.0, -1.0, 0.0, 0.0, 0.0, 0.0, 1.0 ], [ 0.0, 0.0, -1.0, 0.0, 1.0, 0.0, 0.0, 0.0, 0.0, -1.0, 0.0, 0.0, 0.0, 0.0, 0.0, 1.0 ], [ 0.0, -1.0, 0.0, 0.0, 0.0, 0.0, 1.0, 0.0, -1.0, 0.0, 0.0, 0.0, 0.0, 0.0, 0.0, 1.0 ], [ -0.809017, -0.309017, -0.5, 0.0, 0.309017, 0.5, -0.809017, 0.0, 0.5, -0.809017, -0.309017, 0.0, 0.0, 0.0, 0.0, 1.0 ], [ 0.5, -0.809017, -0.309017, 0.0, 0.809017, 0.309017, 0.5, 0.0, -0.309017, -0.5, 0.809017, 0.0, 0.0, 0.0, 0.0, 1.0 ], [ -0.309017, -0.5, 0.809017, 0.0, -0.5, 0.809017, 0.309017, 0.0, -0.809017, -0.309017, -0.5, 0.0, 0.0, 0.0, 0.0, 1.0 ], [ -0.5, -0.809017, -0.309017, 0.0, 0.809017, -0.309017, -0.5, 0.0, 0.309017, -0.5, 0.809017, 0.0, 0.0, 0.0, 0.0, 1.0 ], [ 0.309017, -0.5, 0.809017, 0.0, 0.5, 0.809017, 0.309017, 0.0, -0.809017, 0.309017, 0.5, 0.0, 0.0, 0.0, 0.0, 1.0 ], [ -0.809017, 0.309017, 0.5, 0.0, -0.309017, 0.5, -0.809017, 0.0, -0.5, -0.809017, -0.309017, 0.0, 0.0, 0.0, 0.0, 1.0 ], [ -0.5, -0.809017, 0.309017, 0.0, 0.809017, -0.309017, 0.5, 0.0, -0.309017, 0.5, 0.809017, 0.0, 0.0, 0.0, 0.0, 1.0 ], [ -0.309017, 0.5, 0.809017, 0.0, 0.5, 0.809017, -0.309017, 0.0, -0.809017, 0.309017, -0.5, 0.0, 0.0, 0.0, 0.0, 1.0 ], [ -0.809017, 0.309017, -0.5, 0.0, 0.309017, -0.5, -0.809017, 0.0, -0.5, -0.809017, 0.309017, 0.0, 0.0, 0.0, 0.0, 1.0 ], [ -0.809017, -0.309017, 0.5, 0.0, 0.309017, 0.5, 0.809017, 0.0, -0.5, 0.809017, -0.309017, 0.0, 0.0, 0.0, 0.0, 1.0 ], [ -0.5, 0.809017, -0.309017, 0.0, 0.809017, 0.309017, -0.5, 0.0, -0.309017, -0.5, -0.809017, 0.0, 0.0, 0.0, 0.0, 1.0 ], [ -0.309017, -0.5, -0.809017, 0.0, 0.5, -0.809017, 0.309017, 0.0, -0.809017, -0.309017, 0.5, 0.0, 0.0, 0.0, 0.0, 1.0 ] ],
  "lights" : {
    "directionalLights" : [ {
      "direction" : {
        "x" : 1.0,
        "y" : -1.0,
        "z" : -1.0
      },
      "color" : "#EBEBE4"
    }, {
      "direction" : {
        "x" : -1.0,
        "y" : 0.0,
        "z" : 0.0
      },
      "color" : "#E4E4EB"
    }, {
      "direction" : {
        "x" : 0.0,
        "y" : 0.0,
        "z" : -1.0
      },
      "color" : "#1E1E1E"
    } ],
    "ambientColor" : "#292929",
    "backgroundColor" : "#AFC8DC"
  },
  "camera" : {
    "stereo" : false,
    "width" : 8.087916,
    "perspective" : true,
    "lookDirection" : {
      "x" : 0.8300329,
      "y" : -0.11119498,
      "z" : -0.54650706
    },
    "upDirection" : {
      "x" : 0.50459176,
      "y" : -0.26759356,
      "z" : 0.8208314
    },
    "lookAtPoint" : {
      "x" : 1.618034,
      "y" : 3.4164078,
      "z" : 0.19098301
    },
    "viewDistance" : 17.97316,
    "nearClipDistance" : 0.044932898,
    "farClipDistance" : 35.946224,
    "fieldOfView" : 0.4426286,
    "position" : {
      "x" : -13.30028,
      "y" : 5.414933,
      "z" : 10.013441
    }
  },
  "embedding" : [ 1.0, 0.0, 0.0, 0.0, 0.0, 1.0, 0.0, 0.0, 0.0, 0.0, 1.0, 0.0, 0.0, 0.0, 0.0, 1.0 ],
  "shapes" : [ {
    "id" : "43c94042-12f4-4e1e-9a08-a85d5723bd11",
    "vertices" : [ {
      "x" : 1.0,
      "y" : 1.8966744,
      "z" : -0.124611795
    }, {
      "x" : 1.0,
      "y" : 1.7917961,
      "z" : -0.10739087
    }, {
      "x" : 0.618034,
      "y" : 1.7917961,
      "z" : -0.10739087
    }, {
      "x" : 0.618034,
      "y" : 1.8966744,
      "z" : -0.124611795
    } ],
    "faces" : [ {
      "vertices" : [ 0, 1, 2 ]
    }, {
      "vertices" : [ 0, 2, 3 ]
    }, {
      "vertices" : [ 0, 3, 2 ]
    }, {
      "vertices" : [ 0, 2, 1 ]
    } ]
  }, {
    "id" : "901fe8c1-b5e9-4df4-8902-e256a062c1bd",
    "vertices" : [ {
      "x" : 2.736068,
      "y" : 5.2426457,
      "z" : 0.062305897
    }, {
      "x" : 2.618034,
      "y" : 5.302439,
      "z" : 0.062305897
    }, {
      "x" : 2.618034,
      "y" : 5.313082,
      "z" : 0.124611795
    } ],
    "faces" : [ {
      "vertices" : [ 0, 1, 2 ]
    }, {
      "vertices" : [ 0, 2, 1 ]
    } ]
  }, {
    "id" : "bfc75a86-3f12-4ca2-a08c-a269e19a6a84",
    "vertices" : [ {
      "x" : 2.972136,
      "y" : 6.096748,
      "z" : 0.062305897
    }, {
      "x" : 3.208204,
      "y" : 5.8606796,
      "z" : 0.062305897
    }, {
      "x" : 3.208204,
      "y" : 6.7147818,
      "z" : 0.062305897
    }, {
      "x" : 2.972136,
      "y" : 6.7147818,
      "z" : 0.062305897
    } ],
    "faces" : [ {
      "vertices" : [ 0, 1, 2 ]
    }, {
      "vertices" : [ 0, 2, 3 ]
    }, {
      "vertices" : [ 0, 3, 2 ]
    }, {
      "vertices" : [ 0, 2, 1 ]
    } ]
  }, {
    "id" : "14d7f55b-b4de-445f-bcae-93b0cda98e4d",
    "vertices" : [ {
      "x" : 2.618034,
      "y" : 7.021286,
      "z" : 0.124611795
    }, {
      "x" : 2.618034,
      "y" : 7.010643,
      "z" : 0.062305897
    }, {
      "x" : 2.236068,
      "y" : 7.010643,
      "z" : 0.062305897
    }, {
      "x" : 2.236068,
      "y" : 7.021286,
      "z" : 0.124611795
    } ],
    "faces" : [ {
      "vertices" : [ 0, 1, 2 ]
    }, {
      "vertices" : [ 0, 2, 3 ]
    }, {
      "vertices" : [ 0, 3, 2 ]
    }, {
      "vertices" : [ 0, 2, 1 ]
    } ]
  }, {
    "id" : "baacd05f-c65c-41cf-b845-8e49100cdd64",
    "vertices" : [ {
      "x" : 1.0,
      "y" : 5.4336286,
      "z" : -0.19098301
    }, {
      "x" : 2.236068,
      "y" : 5.4336286,
      "z" : -0.19098301
    }, {
      "x" : 2.236068,
      "y" : 4.8155947,
      "z" : -0.19098301
    }, {
      "x" : 1.0,
      "y" : 4.8155947,
      "z" : -0.19098301
    } ],
    "faces" : [ {
      "vertices" : [ 0, 1, 2 ]
    }, {
      "vertices" : [ 0, 2, 3 ]
    }, {
      "vertices" : [ 0, 3, 2 ]
    }, {
      "vertices" : [ 0, 2, 1 ]
    } ]
  }, {
    "id" : "38954d51-67ab-47c0-acb6-686305ab032f",
    "vertices" : [ {
      "x" : 1.0,
      "y" : 2.8713229,
      "z" : 0.19098301
    }, {
      "x" : 1.0,
      "y" : 2.253289,
      "z" : 0.19098301
    }, {
      "x" : 2.236068,
      "y" : 2.253289,
      "z" : 0.19098301
    }, {
      "x" : 2.236068,
      "y" : 2.8713229,
      "z" : 0.19098301
    } ],
    "faces" : [ {
      "vertices" : [ 0, 1, 2 ]
    }, {
      "vertices" : [ 0, 2, 3 ]
    }, {
      "vertices" : [ 0, 3, 2 ]
    }, {
      "vertices" : [ 0, 2, 1 ]
    } ]
  }, {
    "id" : "43a0e558-04e9-4a82-b3d8-51f8f681eada",
    "vertices" : [ {
      "x" : 0.027864045,
      "y" : 2.4442718,
      "z" : 0.062305897
    }, {
      "x" : 0.26393202,
      "y" : 2.4442718,
      "z" : 0.062305897
    }, {
      "x" : 0.26393202,
      "y" : 2.6803398,
      "z" : 0.062305897
    } ],
    "faces" : [ {
      "vertices" : [ 0, 1, 2 ]
    }, {
      "vertices" : [ 0, 2, 1 ]
    } ]
  }, {
    "id" : "f03f5634-7eb0-4c48-b5fc-55240901eb5d",
    "vertices" : [ {
      "x" : 0.618034,
      "y" : 0.18847051,
      "z" : -0.124611795
    }, {
      "x" : 0.618034,
      "y" : 0.17782739,
      "z" : -0.062305897
    }, {
      "x" : 1.0,
      "y" : 0.17782739,
      "z" : -0.062305897
    }, {
      "x" : 1.0,
      "y" : 0.18847051,
      "z" : -0.124611795
    } ],
    "faces" : [ {
      "vertices" : [ 0, 1, 2 ]
    }, {
      "vertices" : [ 0, 2, 3 ]
    }, {
      "vertices" : [ 0, 3, 2 ]
    }, {
      "vertices" : [ 0, 2, 1 ]
    } ]
  }, {
    "id" : "e1806022-ac2e-49bb-b956-2417beed077b",
    "vertices" : [ {
      "x" : 0.027864045,
      "y" : 2.4442718,
      "z" : -0.062305897
    }, {
      "x" : 0.027864045,
      "y" : 1.5901699,
      "z" : -0.062305897
    }, {
      "x" : 0.027864045,
      "y" : 1.5901699,
      "z" : 0.062305897
    }, {
      "x" : 0.027864045,
      "y" : 2.4442718,
      "z" : 0.062305897
    } ],
    "faces" : [ {
      "vertices" : [ 0, 1, 2 ]
    }, {
      "vertices" : [ 0, 2, 3 ]
    }, {
      "vertices" : [ 0, 3, 2 ]
    }, {
      "vertices" : [ 0, 2, 1 ]
    } ]
  }, {
    "id" : "fdf1120d-7d4d-40b7-bfa1-c9252fc71571",
    "vertices" : [ {
      "x" : 0.5,
      "y" : 0.97213596,
      "z" : 0.062305897
    }, {
      "x" : 0.618034,
      "y" : 0.9376941,
      "z" : 0.10739087
    }, {
      "x" : 0.618034,
      "y" : 1.0425725,
      "z" : 0.124611795
    } ],
    "faces" : [ {
      "vertices" : [ 0, 1, 2 ]
    }, {
      "vertices" : [ 0, 2, 1 ]
    } ]
  }, {
    "id" : "c0a3a71f-1e68-4d06-abd6-29c26708570f",
    "vertices" : [ {
      "x" : 0.26393202,
      "y" : 1.8262379,
      "z" : -0.062305897
    }, {
      "x" : 0.027864045,
      "y" : 1.5901699,
      "z" : -0.062305897
    }, {
      "x" : 0.027864045,
      "y" : 2.4442718,
      "z" : -0.062305897
    }, {
      "x" : 0.26393202,
      "y" : 2.4442718,
      "z" : -0.062305897
    } ],
    "faces" : [ {
      "vertices" : [ 0, 1, 2 ]
    }, {
      "vertices" : [ 0, 2, 3 ]
    }, {
      "vertices" : [ 0, 3, 2 ]
    }, {
      "vertices" : [ 0, 2, 1 ]
    } ]
  }, {
    "id" : "30a6d8da-8d97-44d5-99a3-2521064c0e52",
    "vertices" : [ {
      "x" : 2.736068,
      "y" : 0.97213596,
      "z" : 0.062305897
    }, {
      "x" : 2.618034,
      "y" : 0.9376941,
      "z" : 0.10739087
    }, {
      "x" : 2.618034,
      "y" : 0.77050984,
      "z" : 0.10739087
    }, {
      "x" : 2.736068,
      "y" : 0.73606795,
      "z" : 0.062305897
    } ],
    "faces" : [ {
      "vertices" : [ 0, 1, 2 ]
    }, {
      "vertices" : [ 0, 2, 3 ]
    }, {
      "vertices" : [ 0, 3, 2 ]
    }, {
      "vertices" : [ 0, 2, 1 ]
    } ]
  }, {
    "id" : "8c5eeb0b-0ae2-482a-9bb1-6cb2ae0eda6f",
    "vertices" : [ {
      "x" : 1.0,
      "y" : 0.309017,
      "z" : 0.19098301
    }, {
      "x" : 1.0,
      "y" : -0.309017,
      "z" : 0.19098301
    }, {
      "x" : 2.236068,
      "y" : -0.309017,
      "z" : 0.19098301
    }, {
      "x" : 2.236068,
      "y" : 0.309017,
      "z" : 0.19098301
    } ],
    "faces" : [ {
      "vertices" : [ 0, 1, 2 ]
    }, {
      "vertices" : [ 0, 2, 3 ]
    }, {
      "vertices" : [ 0, 3, 2 ]
    }, {
      "vertices" : [ 0, 2, 1 ]
    } ]
  }, {
    "id" : "506fe1a1-3aa6-425b-892c-dd9bd0629fc4",
    "vertices" : [ {
      "x" : 0.26393202,
      "y" : 1.5901699,
      "z" : 0.062305897
    }, {
      "x" : 0.027864045,
      "y" : 1.5901699,
      "z" : 0.062305897
    }, {
      "x" : 0.027864045,
      "y" : 0.73606795,
      "z" : 0.062305897
    }, {
      "x" : 0.26393202,
      "y" : 0.97213596,
      "z" : 0.062305897
    } ],
    "faces" : [ {
      "vertices" : [ 0, 1, 2 ]
    }, {
      "vertices" : [ 0, 2, 3 ]
    }, {
      "vertices" : [ 0, 3, 2 ]
    }, {
      "vertices" : [ 0, 2, 1 ]
    } ]
  }, {
    "id" : "f478338b-a426-490f-9d38-edd90b5ac290",
    "vertices" : [ {
      "x" : 0.5,
      "y" : 2.4442718,
      "z" : 0.062305897
    }, {
      "x" : 0.5,
      "y" : 2.4442718,
      "z" : -0.062305897
    }, {
      "x" : 0.618034,
      "y" : 2.3844786,
      "z" : -0.062305897
    }, {
      "x" : 0.618034,
      "y" : 2.3844786,
      "z" : 0.062305897
    } ],
    "faces" : [ {
      "vertices" : [ 0, 1, 2 ]
    }, {
      "vertices" : [ 0, 2, 3 ]
    }, {
      "vertices" : [ 0, 3, 2 ]
    }, {
      "vertices" : [ 0, 2, 1 ]
    } ]
  }, {
    "id" : "82929992-0263-41a4-af2a-0d98256dd246",
    "vertices" : [ {
      "x" : 2.618034,
      "y" : 0.6762746,
      "z" : -0.062305897
    }, {
      "x" : 2.618034,
      "y" : 0.6762746,
      "z" : 0.062305897
    }, {
      "x" : 2.236068,
      "y" : 0.6762746,
      "z" : 0.062305897
    }, {
      "x" : 2.236068,
      "y" : 0.6762746,
      "z" : -0.062305897
    } ],
    "faces" : [ {
      "vertices" : [ 0, 1, 2 ]
    }, {
      "vertices" : [ 0, 2, 3 ]
    }, {
      "vertices" : [ 0, 3, 2 ]
    }, {
      "vertices" : [ 0, 2, 1 ]
    } ]
  }, {
    "id" : "3b90cd9f-e154-4c12-9f73-003355f7298f",
    "vertices" : [ {
      "x" : 1.0,
      "y" : 0.309017,
      "z" : 0.19098301
    }, {
      "x" : 1.0,
      "y" : 0.18847051,
      "z" : 0.124611795
    }, {
      "x" : 1.0,
      "y" : 0.08359213,
      "z" : 0.10739087
    }, {
      "x" : 1.0,
      "y" : -0.08359213,
      "z" : 0.10739087
    }, {
      "x" : 1.0,
      "y" : -0.18847051,
      "z" : 0.124611795
    }, {
      "x" : 1.0,
      "y" : -0.309017,
      "z" : 0.19098301
    } ],
    "faces" : [ {
      "vertices" : [ 0, 1, 2 ]
    }, {
      "vertices" : [ 0, 2, 3 ]
    }, {
      "vertices" : [ 0, 3, 4 ]
    }, {
      "vertices" : [ 0, 4, 5 ]
    }, {
      "vertices" : [ 0, 5, 4 ]
    }, {
      "vertices" : [ 0, 4, 3 ]
    }, {
      "vertices" : [ 0, 3, 2 ]
    }, {
      "vertices" : [ 0, 2, 1 ]
    } ]
  }, {
    "id" : "3fe13641-e9d1-4970-ab21-17f9884f6cca",
    "vertices" : [ {
      "x" : 2.618034,
      "y" : 5.313082,
      "z" : -0.124611795
    }, {
      "x" : 2.618034,
      "y" : 5.302439,
      "z" : -0.062305897
    }, {
      "x" : 2.736068,
      "y" : 5.2426457,
      "z" : -0.062305897
    } ],
    "faces" : [ {
      "vertices" : [ 0, 1, 2 ]
    }, {
      "vertices" : [ 0, 2, 1 ]
    } ]
  }, {
    "id" : "a101e94d-47b7-4490-8ca1-b14734265957",
    "vertices" : [ {
      "x" : 2.736068,
      "y" : 2.4442718,
      "z" : -0.062305897
    }, {
      "x" : 2.736068,
      "y" : 2.6803398,
      "z" : -0.062305897
    }, {
      "x" : 2.972136,
      "y" : 2.6803398,
      "z" : -0.062305897
    }, {
      "x" : 2.972136,
      "y" : 2.4442718,
      "z" : -0.062305897
    } ],
    "faces" : [ {
      "vertices" : [ 0, 1, 2 ]
    }, {
      "vertices" : [ 0, 2, 3 ]
    }, {
      "vertices" : [ 0, 3, 2 ]
    }, {
      "vertices" : [ 0, 2, 1 ]
    } ]
  }, {
    "id" : "83832427-5e78-480a-b7f7-66b5f6a75db0",
    "vertices" : [ {
      "x" : 0.5,
      "y" : 2.4442718,
      "z" : 0.062305897
    }, {
      "x" : 0.5,
      "y" : 2.6803398,
      "z" : 0.062305897
    }, {
      "x" : 0.26393202,
      "y" : 2.6803398,
      "z" : 0.062305897
    }, {
      "x" : 0.26393202,
      "y" : 2.4442718,
      "z" : 0.062305897
    } ],
    "faces" : [ {
      "vertices" : [ 0, 1, 2 ]
    }, {
      "vertices" : [ 0, 2, 3 ]
    }, {
      "vertices" : [ 0, 3, 2 ]
    }, {
      "vertices" : [ 0, 2, 1 ]
    } ]
  }, {
    "id" : "51698e71-23ca-4137-ac0c-7b9df177c0b2",
    "vertices" : [ {
      "x" : 2.736068,
      "y" : 0.11803399,
      "z" : -0.062305897
    }, {
      "x" : 2.736068,
      "y" : 0.11803399,
      "z" : 0.062305897
    }, {
      "x" : 2.972136,
      "y" : 0.11803399,
      "z" : 0.062305897
    }, {
      "x" : 2.972136,
      "y" : 0.11803399,
      "z" : -0.062305897
    } ],
    "faces" : [ {
      "vertices" : [ 0, 1, 2 ]
    }, {
      "vertices" : [ 0, 2, 3 ]
    }, {
      "vertices" : [ 0, 3, 2 ]
    }, {
      "vertices" : [ 0, 2, 1 ]
    } ]
  }, {
    "id" : "3d50706a-ca63-4bd3-8e97-29d8e556d6c7",
    "vertices" : [ {
      "x" : 0.26393202,
      "y" : 3.298374,
      "z" : 0.062305897
    }, {
      "x" : 0.26393202,
      "y" : 2.6803398,
      "z" : 0.062305897
    }, {
      "x" : 0.26393202,
      "y" : 2.6803398,
      "z" : -0.062305897
    }, {
      "x" : 0.26393202,
      "y" : 3.298374,
      "z" : -0.062305897
    } ],
    "faces" : [ {
      "vertices" : [ 0, 1, 2 ]
    }, {
      "vertices" : [ 0, 2, 3 ]
    }, {
      "vertices" : [ 0, 3, 2 ]
    }, {
      "vertices" : [ 0, 2, 1 ]
    } ]
  }, {
    "id" : "fe3b8808-8ea9-4e4e-b2b5-630dfba1c4d5",
    "vertices" : [ {
      "x" : 2.618034,
      "y" : 6.1671844,
      "z" : 0.124611795
    }, {
      "x" : 2.618034,
      "y" : 6.062306,
      "z" : 0.10739087
    }, {
      "x" : 2.736068,
      "y" : 6.096748,
      "z" : 0.062305897
    } ],
    "faces" : [ {
      "vertices" : [ 0, 1, 2 ]
    }, {
      "vertices" : [ 0, 2, 1 ]
    } ]
  }, {
    "id" : "9a544157-47f4-4b15-a670-d1635da12f9c",
    "vertices" : [ {
      "x" : 2.236068,
      "y" : 0.54508495,
      "z" : 0.19098301
    }, {
      "x" : 2.236068,
      "y" : 0.6656315,
      "z" : 0.124611795
    }, {
      "x" : 2.236068,
      "y" : 0.77050984,
      "z" : 0.10739087
    }, {
      "x" : 2.236068,
      "y" : 0.9376941,
      "z" : 0.10739087
    }, {
      "x" : 2.236068,
      "y" : 1.0425725,
      "z" : 0.124611795
    }, {
      "x" : 2.236068,
      "y" : 1.163119,
      "z" : 0.19098301
    } ],
    "faces" : [ {
      "vertices" : [ 0, 1, 2 ]
    }, {
      "vertices" : [ 0, 2, 3 ]
    }, {
      "vertices" : [ 0, 3, 4 ]
    }, {
      "vertices" : [ 0, 4, 5 ]
    }, {
      "vertices" : [ 0, 5, 4 ]
    }, {
      "vertices" : [ 0, 4, 3 ]
    }, {
      "vertices" : [ 0, 3, 2 ]
    }, {
      "vertices" : [ 0, 2, 1 ]
    } ]
  }, {
    "id" : "283900c1-2800-4d5d-be95-852135c531d6",
    "vertices" : [ {
      "x" : 2.972136,
      "y" : 1.5901699,
      "z" : -0.062305897
    }, {
      "x" : 2.972136,
      "y" : 0.97213596,
      "z" : -0.062305897
    }, {
      "x" : 2.972136,
      "y" : 0.97213596,
      "z" : 0.062305897
    }, {
      "x" : 2.972136,
      "y" : 1.5901699,
      "z" : 0.062305897
    } ],
    "faces" : [ {
      "vertices" : [ 0, 1, 2 ]
    }, {
      "vertices" : [ 0, 2, 3 ]
    }, {
      "vertices" : [ 0, 3, 2 ]
    }, {
      "vertices" : [ 0, 2, 1 ]
    } ]
  }, {
    "id" : "095bcf7e-063f-4fab-ba74-584573a52ce5",
    "vertices" : [ {
      "x" : 2.736068,
      "y" : 1.8262379,
      "z" : -0.062305897
    }, {
      "x" : 2.618034,
      "y" : 1.7917961,
      "z" : -0.10739087
    }, {
      "x" : 2.618034,
      "y" : 1.8966744,
      "z" : -0.124611795
    } ],
    "faces" : [ {
      "vertices" : [ 0, 1, 2 ]
    }, {
      "vertices" : [ 0, 2, 1 ]
    } ]
  }, {
    "id" : "7d72dde7-108d-412b-8fc6-355ed0afcecc",
    "vertices" : [ {
      "x" : 0.618034,
      "y" : 0.77050984,
      "z" : 0.10739087
    }, {
      "x" : 0.5,
      "y" : 0.73606795,
      "z" : 0.062305897
    }, {
      "x" : 0.618034,
      "y" : 0.6656315,
      "z" : 0.124611795
    } ],
    "faces" : [ {
      "vertices" : [ 0, 1, 2 ]
    }, {
      "vertices" : [ 0, 2, 1 ]
    } ]
  }, {
    "id" : "df51f6ab-3020-4214-ab7e-e4fd4118f44c",
    "vertices" : [ {
      "x" : 3.208204,
      "y" : 6.7147818,
      "z" : -0.062305897
    }, {
      "x" : 2.972136,
      "y" : 6.7147818,
      "z" : -0.062305897
    }, {
      "x" : 2.972136,
      "y" : 6.9508495,
      "z" : -0.062305897
    } ],
    "faces" : [ {
      "vertices" : [ 0, 1, 2 ]
    }, {
      "vertices" : [ 0, 2, 1 ]
    } ]
  }, {
    "id" : "81e2d4ac-8a10-48bb-8793-a82635d6dfb5",
    "vertices" : [ {
      "x" : 0.618034,
      "y" : 5.313082,
      "z" : -0.124611795
    }, {
      "x" : 0.618034,
      "y" : 5.208204,
      "z" : -0.10739087
    }, {
      "x" : 0.5,
      "y" : 5.2426457,
      "z" : -0.062305897
    } ],
    "faces" : [ {
      "vertices" : [ 0, 1, 2 ]
    }, {
      "vertices" : [ 0, 2, 1 ]
    } ]
  }, {
    "id" : "d1338674-f7e1-4388-9dc1-36cb8abce458",
    "vertices" : [ {
      "x" : 2.236068,
      "y" : 4.186918,
      "z" : -0.10739087
    }, {
      "x" : 2.618034,
      "y" : 4.186918,
      "z" : -0.10739087
    }, {
      "x" : 2.618034,
      "y" : 4.0820394,
      "z" : -0.124611795
    }, {
      "x" : 2.236068,
      "y" : 4.0820394,
      "z" : -0.124611795
    } ],
    "faces" : [ {
      "vertices" : [ 0, 1, 2 ]
    }, {
      "vertices" : [ 0, 2, 3 ]
    }, {
      "vertices" : [ 0, 3, 2 ]
    }, {
      "vertices" : [ 0, 2, 1 ]
    } ]
  }, {
    "id" : "9071f8c3-3cb9-4f6b-9b85-150bdb9e9de4",
    "vertices" : [ {
      "x" : 2.618034,
      "y" : 3.6048784,
      "z" : 0.124611795
    }, {
      "x" : 2.618034,
      "y" : 3.5,
      "z" : 0.10739087
    }, {
      "x" : 2.736068,
      "y" : 3.534442,
      "z" : 0.062305897
    } ],
    "faces" : [ {
      "vertices" : [ 0, 1, 2 ]
    }, {
      "vertices" : [ 0, 2, 1 ]
    } ]
  }, {
    "id" : "ff8c40a6-cd81-462d-9a64-9b1460c0441f",
    "vertices" : [ {
      "x" : 2.736068,
      "y" : 2.6803398,
      "z" : 0.062305897
    }, {
      "x" : 2.618034,
      "y" : 2.645898,
      "z" : 0.10739087
    }, {
      "x" : 2.618034,
      "y" : 2.4787138,
      "z" : 0.10739087
    }, {
      "x" : 2.736068,
      "y" : 2.4442718,
      "z" : 0.062305897
    } ],
    "faces" : [ {
      "vertices" : [ 0, 1, 2 ]
    }, {
      "vertices" : [ 0, 2, 3 ]
    }, {
      "vertices" : [ 0, 3, 2 ]
    }, {
      "vertices" : [ 0, 2, 1 ]
    } ]
  }, {
    "id" : "c35f4300-9277-49ee-992c-3c32a50bee31",
    "vertices" : [ {
      "x" : 0.5,
      "y" : 4.152476,
      "z" : 0.062305897
    }, {
      "x" : 0.5,
      "y" : 4.3885436,
      "z" : 0.062305897
    }, {
      "x" : 0.26393202,
      "y" : 4.3885436,
      "z" : 0.062305897
    }, {
      "x" : 0.26393202,
      "y" : 4.152476,
      "z" : 0.062305897
    } ],
    "faces" : [ {
      "vertices" : [ 0, 1, 2 ]
    }, {
      "vertices" : [ 0, 2, 3 ]
    }, {
      "vertices" : [ 0, 3, 2 ]
    }, {
      "vertices" : [ 0, 2, 1 ]
    } ]
  }, {
    "id" : "79c35c62-c23d-473f-8060-1383de713a1c",
    "vertices" : [ {
      "x" : 0.5,
      "y" : 6.7147818,
      "z" : -0.062305897
    }, {
      "x" : 0.5,
      "y" : 6.7147818,
      "z" : 0.062305897
    }, {
      "x" : 0.26393202,
      "y" : 6.7147818,
      "z" : 0.062305897
    }, {
      "x" : 0.26393202,
      "y" : 6.7147818,
      "z" : -0.062305897
    } ],
    "faces" : [ {
      "vertices" : [ 0, 1, 2 ]
    }, {
      "vertices" : [ 0, 2, 3 ]
    }, {
      "vertices" : [ 0, 3, 2 ]
    }, {
      "vertices" : [ 0, 2, 1 ]
    } ]
  }, {
    "id" : "10f749f1-aa49-41ad-aca4-9753901c7c48",
    "vertices" : [ {
      "x" : 2.972136,
      "y" : 0.11803399,
      "z" : 0.062305897
    }, {
      "x" : 3.208204,
      "y" : -0.11803399,
      "z" : 0.062305897
    }, {
      "x" : 3.208204,
      "y" : 0.73606795,
      "z" : 0.062305897
    }, {
      "x" : 2.972136,
      "y" : 0.73606795,
      "z" : 0.062305897
    } ],
    "faces" : [ {
      "vertices" : [ 0, 1, 2 ]
    }, {
      "vertices" : [ 0, 2, 3 ]
    }, {
      "vertices" : [ 0, 3, 2 ]
    }, {
      "vertices" : [ 0, 2, 1 ]
    } ]
  }, {
    "id" : "0e350549-5c79-4021-ad63-9e15dac4aeb4",
    "vertices" : [ {
      "x" : 2.736068,
      "y" : 5.006578,
      "z" : -0.062305897
    }, {
      "x" : 2.736068,
      "y" : 5.2426457,
      "z" : -0.062305897
    }, {
      "x" : 2.972136,
      "y" : 5.2426457,
      "z" : -0.062305897
    }, {
      "x" : 2.972136,
      "y" : 5.006578,
      "z" : -0.062305897
    } ],
    "faces" : [ {
      "vertices" : [ 0, 1, 2 ]
    }, {
      "vertices" : [ 0, 2, 3 ]
    }, {
      "vertices" : [ 0, 3, 2 ]
    }, {
      "vertices" : [ 0, 2, 1 ]
    } ]
  }, {
    "id" : "fe56a675-ebf5-4baa-b860-f21dcd0e73da",
    "vertices" : [ {
      "x" : 2.618034,
      "y" : 5.313082,
      "z" : -0.124611795
    }, {
      "x" : 2.618034,
      "y" : 5.208204,
      "z" : -0.10739087
    }, {
      "x" : 2.236068,
      "y" : 5.208204,
      "z" : -0.10739087
    }, {
      "x" : 2.236068,
      "y" : 5.313082,
      "z" : -0.124611795
    } ],
    "faces" : [ {
      "vertices" : [ 0, 1, 2 ]
    }, {
      "vertices" : [ 0, 2, 3 ]
    }, {
      "vertices" : [ 0, 3, 2 ]
    }, {
      "vertices" : [ 0, 2, 1 ]
    } ]
  }, {
    "id" : "c804ef7a-3f3c-40ca-a734-f3bc1e463417",
    "vertices" : [ {
      "x" : 1.0,
      "y" : 0.9376941,
      "z" : 0.10739087
    }, {
      "x" : 0.618034,
      "y" : 0.9376941,
      "z" : 0.10739087
    }, {
      "x" : 0.618034,
      "y" : 0.77050984,
      "z" : 0.10739087
    }, {
      "x" : 1.0,
      "y" : 0.77050984,
      "z" : 0.10739087
    } ],
    "faces" : [ {
      "vertices" : [ 0, 1, 2 ]
    }, {
      "vertices" : [ 0, 2, 3 ]
    }, {
      "vertices" : [ 0, 3, 2 ]
    }, {
      "vertices" : [ 0, 2, 1 ]
    } ]
  }, {
    "id" : "d334e5c0-8bfc-4d1d-bba7-48619f31ba1f",
    "vertices" : [ {
      "x" : 2.736068,
      "y" : 0.73606795,
      "z" : 0.062305897
    }, {
      "x" : 2.618034,
      "y" : 0.77050984,
      "z" : 0.10739087
    }, {
      "x" : 2.618034,
      "y" : 0.6656315,
      "z" : 0.124611795
    } ],
    "faces" : [ {
      "vertices" : [ 0, 1, 2 ]
    }, {
      "vertices" : [ 0, 2, 1 ]
    } ]
  }, {
    "id" : "fda0f997-4888-485e-b84e-e7a8545054e4",
    "vertices" : [ {
      "x" : 0.5,
      "y" : 6.9508495,
      "z" : 0.062305897
    }, {
      "x" : 0.5,
      "y" : 6.9508495,
      "z" : -0.062305897
    }, {
      "x" : 0.26393202,
      "y" : 6.9508495,
      "z" : -0.062305897
    }, {
      "x" : 0.26393202,
      "y" : 6.9508495,
      "z" : 0.062305897
    } ],
    "faces" : [ {
      "vertices" : [ 0, 1, 2 ]
    }, {
      "vertices" : [ 0, 2, 3 ]
    }, {
      "vertices" : [ 0, 3, 2 ]
    }, {
      "vertices" : [ 0, 2, 1 ]
    } ]
  }, {
    "id" : "d7256a6e-9ce6-4c4a-8511-c24681b2b6ad",
    "vertices" : [ {
      "x" : 0.618034,
      "y" : 5.8951216,
      "z" : -0.10739087
    }, {
      "x" : 1.0,
      "y" : 5.8951216,
      "z" : -0.10739087
    }, {
      "x" : 1.0,
      "y" : 5.790243,
      "z" : -0.124611795
    }, {
      "x" : 0.618034,
      "y" : 5.790243,
      "z" : -0.124611795
    } ],
    "faces" : [ {
      "vertices" : [ 0, 1, 2 ]
    }, {
      "vertices" : [ 0, 2, 3 ]
    }, {
      "vertices" : [ 0, 3, 2 ]
    }, {
      "vertices" : [ 0, 2, 1 ]
    } ]
  }, {
    "id" : "a3cd2715-1d09-4425-87a0-dc93ed273fdb",
    "vertices" : [ {
      "x" : 1.0,
      "y" : 3.7254248,
      "z" : 0.19098301
    }, {
      "x" : 1.0,
      "y" : 3.6048784,
      "z" : 0.124611795
    }, {
      "x" : 1.0,
      "y" : 3.5,
      "z" : 0.10739087
    }, {
      "x" : 1.0,
      "y" : 3.3328156,
      "z" : 0.10739087
    }, {
      "x" : 1.0,
      "y" : 3.2279375,
      "z" : 0.124611795
    }, {
      "x" : 1.0,
      "y" : 3.1073909,
      "z" : 0.19098301
    } ],
    "faces" : [ {
      "vertices" : [ 0, 1, 2 ]
    }, {
      "vertices" : [ 0, 2, 3 ]
    }, {
      "vertices" : [ 0, 3, 4 ]
    }, {
      "vertices" : [ 0, 4, 5 ]
    }, {
      "vertices" : [ 0, 5, 4 ]
    }, {
      "vertices" : [ 0, 4, 3 ]
    }, {
      "vertices" : [ 0, 3, 2 ]
    }, {
      "vertices" : [ 0, 2, 1 ]
    } ]
  }, {
    "id" : "5edbc7c9-9ddf-42da-aaf1-588c725421a0",
    "vertices" : [ {
      "x" : 0.618034,
      "y" : 6.6549883,
      "z" : 0.062305897
    }, {
      "x" : 1.0,
      "y" : 6.6549883,
      "z" : 0.062305897
    }, {
      "x" : 1.0,
      "y" : 6.6443453,
      "z" : 0.124611795
    }, {
      "x" : 0.618034,
      "y" : 6.6443453,
      "z" : 0.124611795
    } ],
    "faces" : [ {
      "vertices" : [ 0, 1, 2 ]
    }, {
      "vertices" : [ 0, 2, 3 ]
    }, {
      "vertices" : [ 0, 3, 2 ]
    }, {
      "vertices" : [ 0, 2, 1 ]
    } ]
  }, {
    "id" : "5def6fd2-ec90-4fa0-8ad5-3ce8ef84c7eb",
    "vertices" : [ {
      "x" : 2.618034,
      "y" : 4.0820394,
      "z" : 0.124611795
    }, {
      "x" : 2.618034,
      "y" : 4.0926824,
      "z" : 0.062305897
    }, {
      "x" : 2.736068,
      "y" : 4.152476,
      "z" : 0.062305897
    } ],
    "faces" : [ {
      "vertices" : [ 0, 1, 2 ]
    }, {
      "vertices" : [ 0, 2, 1 ]
    } ]
  }, {
    "id" : "46878a50-69de-4551-b359-bc80a274a4a1",
    "vertices" : [ {
      "x" : 1.0,
      "y" : 5.313082,
      "z" : 0.124611795
    }, {
      "x" : 1.0,
      "y" : 5.302439,
      "z" : 0.062305897
    }, {
      "x" : 0.618034,
      "y" : 5.302439,
      "z" : 0.062305897
    }, {
      "x" : 0.618034,
      "y" : 5.313082,
      "z" : 0.124611795
    } ],
    "faces" : [ {
      "vertices" : [ 0, 1, 2 ]
    }, {
      "vertices" : [ 0, 2, 3 ]
    }, {
      "vertices" : [ 0, 3, 2 ]
    }, {
      "vertices" : [ 0, 2, 1 ]
    } ]
  }, {
    "id" : "5a87ba22-7bb7-4b7e-be06-1fa87f56fcdc",
    "vertices" : [ {
      "x" : 0.618034,
      "y" : 5.8951216,
      "z" : 0.10739087
    }, {
      "x" : 0.5,
      "y" : 5.8606796,
      "z" : 0.062305897
    }, {
      "x" : 0.618034,
      "y" : 5.790243,
      "z" : 0.124611795
    } ],
    "faces" : [ {
      "vertices" : [ 0, 1, 2 ]
    }, {
      "vertices" : [ 0, 2, 1 ]
    } ]
  }, {
    "id" : "5b23fc15-aa97-4a48-9999-467cf4e9e18a",
    "vertices" : [ {
      "x" : 0.5,
      "y" : 2.4442718,
      "z" : -0.062305897
    }, {
      "x" : 0.618034,
      "y" : 2.4787138,
      "z" : -0.10739087
    }, {
      "x" : 0.618034,
      "y" : 2.3738353,
      "z" : -0.124611795
    } ],
    "faces" : [ {
      "vertices" : [ 0, 1, 2 ]
    }, {
      "vertices" : [ 0, 2, 1 ]
    } ]
  }, {
    "id" : "f5d4507e-1083-48e7-9c3e-620fbab7374c",
    "vertices" : [ {
      "x" : 0.618034,
      "y" : 4.354102,
      "z" : 0.10739087
    }, {
      "x" : 0.5,
      "y" : 4.3885436,
      "z" : 0.062305897
    }, {
      "x" : 0.5,
      "y" : 4.152476,
      "z" : 0.062305897
    }, {
      "x" : 0.618034,
      "y" : 4.186918,
      "z" : 0.10739087
    } ],
    "faces" : [ {
      "vertices" : [ 0, 1, 2 ]
    }, {
      "vertices" : [ 0, 2, 3 ]
    }, {
      "vertices" : [ 0, 3, 2 ]
    }, {
      "vertices" : [ 0, 2, 1 ]
    } ]
  }, {
    "id" : "1b023a9d-7068-4847-98eb-a72aad003102",
    "vertices" : [ {
      "x" : 2.618034,
      "y" : -0.17782739,
      "z" : -0.062305897
    }, {
      "x" : 2.618034,
      "y" : -0.17782739,
      "z" : 0.062305897
    }, {
      "x" : 2.236068,
      "y" : -0.17782739,
      "z" : 0.062305897
    }, {
      "x" : 2.236068,
      "y" : -0.17782739,
      "z" : -0.062305897
    } ],
    "faces" : [ {
      "vertices" : [ 0, 1, 2 ]
    }, {
      "vertices" : [ 0, 2, 3 ]
    }, {
      "vertices" : [ 0, 3, 2 ]
    }, {
      "vertices" : [ 0, 2, 1 ]
    } ]
  }, {
    "id" : "20a59679-a690-4200-90b4-9de2c281b1b5",
    "vertices" : [ {
      "x" : 0.618034,
      "y" : 4.186918,
      "z" : -0.10739087
    }, {
      "x" : 1.0,
      "y" : 4.186918,
      "z" : -0.10739087
    }, {
      "x" : 1.0,
      "y" : 4.0820394,
      "z" : -0.124611795
    }, {
      "x" : 0.618034,
      "y" : 4.0820394,
      "z" : -0.124611795
    } ],
    "faces" : [ {
      "vertices" : [ 0, 1, 2 ]
    }, {
      "vertices" : [ 0, 2, 3 ]
    }, {
      "vertices" : [ 0, 3, 2 ]
    }, {
      "vertices" : [ 0, 2, 1 ]
    } ]
  }, {
    "id" : "aa81ec2c-0f28-438d-98f7-d3579d576c07",
    "vertices" : [ {
      "x" : 2.236068,
      "y" : 2.4787138,
      "z" : -0.10739087
    }, {
      "x" : 2.618034,
      "y" : 2.4787138,
      "z" : -0.10739087
    }, {
      "x" : 2.618034,
      "y" : 2.3738353,
      "z" : -0.124611795
    }, {
      "x" : 2.236068,
      "y" : 2.3738353,
      "z" : -0.124611795
    } ],
    "faces" : [ {
      "vertices" : [ 0, 1, 2 ]
    }, {
      "vertices" : [ 0, 2, 3 ]
    }, {
      "vertices" : [ 0, 3, 2 ]
    }, {
      "vertices" : [ 0, 2, 1 ]
    } ]
  }, {
    "id" : "5d835906-acf8-4b69-96c1-2245359dd36b",
    "vertices" : [ {
      "x" : 0.26393202,
      "y" : 5.8606796,
      "z" : 0.062305897
    }, {
      "x" : 0.26393202,
      "y" : 5.2426457,
      "z" : 0.062305897
    }, {
      "x" : 0.26393202,
      "y" : 5.2426457,
      "z" : -0.062305897
    }, {
      "x" : 0.26393202,
      "y" : 5.8606796,
      "z" : -0.062305897
    } ],
    "faces" : [ {
      "vertices" : [ 0, 1, 2 ]
    }, {
      "vertices" : [ 0, 2, 3 ]
    }, {
      "vertices" : [ 0, 3, 2 ]
    }, {
      "vertices" : [ 0, 2, 1 ]
    } ]
  }, {
    "id" : "4102d91d-659b-4762-8870-57f25186dab6",
    "vertices" : [ {
      "x" : 2.236068,
      "y" : 3.6048784,
      "z" : -0.124611795
    }, {
      "x" : 2.236068,
      "y" : 3.5942352,
      "z" : -0.062305897
    }, {
      "x" : 2.618034,
      "y" : 3.5942352,
      "z" : -0.062305897
    }, {
      "x" : 2.618034,
      "y" : 3.6048784,
      "z" : -0.124611795
    } ],
    "faces" : [ {
      "vertices" : [ 0, 1, 2 ]
    }, {
      "vertices" : [ 0, 2, 3 ]
    }, {
      "vertices" : [ 0, 3, 2 ]
    }, {
      "vertices" : [ 0, 2, 1 ]
    } ]
  }, {
    "id" : "91c379e0-01b3-4a23-9fab-72786374b8fa",
    "vertices" : [ {
      "x" : 1.0,
      "y" : 1.399187,
      "z" : 0.19098301
    }, {
      "x" : 1.0,
      "y" : 1.5197334,
      "z" : 0.124611795
    }, {
      "x" : 1.0,
      "y" : 1.5303766,
      "z" : 0.062305897
    }, {
      "x" : 1.0,
      "y" : 1.5303766,
      "z" : -0.062305897
    }, {
      "x" : 1.0,
      "y" : 1.5197334,
      "z" : -0.124611795
    }, {
      "x" : 1.0,
      "y" : 1.399187,
      "z" : -0.19098301
    } ],
    "faces" : [ {
      "vertices" : [ 0, 1, 2 ]
    }, {
      "vertices" : [ 0, 2, 3 ]
    }, {
      "vertices" : [ 0, 3, 4 ]
    }, {
      "vertices" : [ 0, 4, 5 ]
    }, {
      "vertices" : [ 0, 5, 4 ]
    }, {
      "vertices" : [ 0, 4, 3 ]
    }, {
      "vertices" : [ 0, 3, 2 ]
    }, {
      "vertices" : [ 0, 2, 1 ]
    } ]
  }, {
    "id" : "f7817204-761c-4c6e-9055-b2843021c479",
    "vertices" : [ {
      "x" : 0.5,
      "y" : 6.7147818,
      "z" : 0.062305897
    }, {
      "x" : 0.5,
      "y" : 6.7147818,
      "z" : -0.062305897
    }, {
      "x" : 0.618034,
      "y" : 6.6549883,
      "z" : -0.062305897
    }, {
      "x" : 0.618034,
      "y" : 6.6549883,
      "z" : 0.062305897
    } ],
    "faces" : [ {
      "vertices" : [ 0, 1, 2 ]
    }, {
      "vertices" : [ 0, 2, 3 ]
    }, {
      "vertices" : [ 0, 3, 2 ]
    }, {
      "vertices" : [ 0, 2, 1 ]
    } ]
  }, {
    "id" : "257bed4d-a760-45ca-aefe-6f7478bda1ab",
    "vertices" : [ {
      "x" : 0.618034,
      "y" : -0.08359213,
      "z" : -0.10739087
    }, {
      "x" : 0.618034,
      "y" : 0.08359213,
      "z" : -0.10739087
    }, {
      "x" : 1.0,
      "y" : 0.08359213,
      "z" : -0.10739087
    }, {
      "x" : 1.0,
      "y" : -0.08359213,
      "z" : -0.10739087
    } ],
    "faces" : [ {
      "vertices" : [ 0, 1, 2 ]
    }, {
      "vertices" : [ 0, 2, 3 ]
    }, {
      "vertices" : [ 0, 3, 2 ]
    }, {
      "vertices" : [ 0, 2, 1 ]
    } ]
  }, {
    "id" : "184a3030-d661-4cce-91d0-7023892d0168",
    "vertices" : [ {
      "x" : 0.618034,
      "y" : 0.77050984,
      "z" : -0.10739087
    }, {
      "x" : 1.0,
      "y" : 0.77050984,
      "z" : -0.10739087
    }, {
      "x" : 1.0,
      "y" : 0.6656315,
      "z" : -0.124611795
    }, {
      "x" : 0.618034,
      "y" : 0.6656315,
      "z" : -0.124611795
    } ],
    "faces" : [ {
      "vertices" : [ 0, 1, 2 ]
    }, {
      "vertices" : [ 0, 2, 3 ]
    }, {
      "vertices" : [ 0, 3, 2 ]
    }, {
      "vertices" : [ 0, 2, 1 ]
    } ]
  }, {
    "id" : "4108cba8-40f1-4579-a228-cb72ed4d763b",
    "vertices" : [ {
      "x" : 2.618034,
      "y" : 2.4787138,
      "z" : -0.10739087
    }, {
      "x" : 2.736068,
      "y" : 2.4442718,
      "z" : -0.062305897
    }, {
      "x" : 2.618034,
      "y" : 2.3738353,
      "z" : -0.124611795
    } ],
    "faces" : [ {
      "vertices" : [ 0, 1, 2 ]
    }, {
      "vertices" : [ 0, 2, 1 ]
    } ]
  }, {
    "id" : "d0ff3e79-97c6-45c9-89ff-339f4e88a32b",
    "vertices" : [ {
      "x" : 1.0,
      "y" : -0.309017,
      "z" : -0.19098301
    }, {
      "x" : 1.0,
      "y" : -0.18847051,
      "z" : -0.124611795
    }, {
      "x" : 1.0,
      "y" : -0.08359213,
      "z" : -0.10739087
    }, {
      "x" : 1.0,
      "y" : 0.08359213,
