{
  "polygons" : "true",
  "field" : "golden",
  "symmetry" : "icosahedral",
  "orientations" : [ [ 1.0, 0.0, 0.0, 0.0, 0.0, 1.0, 0.0, 0.0, 0.0, 0.0, 1.0, 0.0, 0.0, 0.0, 0.0, 1.0 ], [ 0.0, 0.0, 1.0, 0.0, 1.0, 0.0, 0.0, 0.0, 0.0, 1.0, 0.0, 0.0, 0.0, 0.0, 0.0, 1.0 ], [ 0.0, 1.0, 0.0, 0.0, 0.0, 0.0, 1.0, 0.0, 1.0, 0.0, 0.0, 0.0, 0.0, 0.0, 0.0, 1.0 ], [ 0.809017, 0.309017, 0.5, 0.0, 0.309017, 0.5, -0.809017, 0.0, -0.5, 0.809017, 0.309017, 0.0, 0.0, 0.0, 0.0, 1.0 ], [ -0.5, 0.809017, 0.309017, 0.0, 0.809017, 0.309017, 0.5, 0.0, 0.309017, 0.5, -0.809017, 0.0, 0.0, 0.0, 0.0, 1.0 ], [ 0.309017, 0.5, -0.809017, 0.0, -0.5, 0.809017, 0.309017, 0.0, 0.809017, 0.309017, 0.5, 0.0, 0.0, 0.0, 0.0, 1.0 ], [ 0.5, 0.809017, 0.309017, 0.0, 0.809017, -0.309017, -0.5, 0.0, -0.309017, 0.5, -0.809017, 0.0, 0.0, 0.0, 0.0, 1.0 ], [ -0.309017, 0.5, -0.809017, 0.0, 0.5, 0.809017, 0.309017, 0.0, 0.809017, -0.309017, -0.5, 0.0, 0.0, 0.0, 0.0, 1.0 ], [ 0.809017, -0.309017, -0.5, 0.0, -0.309017, 0.5, -0.809017, 0.0, 0.5, 0.809017, 0.309017, 0.0, 0.0, 0.0, 0.0, 1.0 ], [ 0.5, 0.809017, -0.309017, 0.0, 0.809017, -0.309017, 0.5, 0.0, 0.309017, -0.5, -0.809017, 0.0, 0.0, 0.0, 0.0, 1.0 ], [ 0.309017, -0.5, -0.809017, 0.0, 0.5, 0.809017, -0.309017, 0.0, 0.809017, -0.309017, 0.5, 0.0, 0.0, 0.0, 0.0, 1.0 ], [ 0.809017, -0.309017, 0.5, 0.0, 0.309017, -0.5, -0.809017, 0.0, 0.5, 0.809017, -0.309017, 0.0, 0.0, 0.0, 0.0, 1.0 ], [ 0.809017, 0.309017, -0.5, 0.0, 0.309017, 0.5, 0.809017, 0.0, 0.5, -0.809017, 0.309017, 0.0, 0.0, 0.0, 0.0, 1.0 ], [ 0.5, -0.809017, 0.309017, 0.0, 0.809017, 0.309017, -0.5, 0.0, 0.309017, 0.5, 0.809017, 0.0, 0.0, 0.0, 0.0, 1.0 ], [ 0.309017, 0.5, 0.809017, 0.0, 0.5, -0.809017, 0.309017, 0.0, 0.809017, 0.309017, -0.5, 0.0, 0.0, 0.0, 0.0, 1.0 ], [ 1.0, 0.0, 0.0, 0.0, 0.0, -1.0, 0.0, 0.0, 0.0, 0.0, -1.0, 0.0, 0.0, 0.0, 0.0, 1.0 ], [ 0.0, 0.0, 1.0, 0.0, -1.0, 0.0, 0.0, 0.0, 0.0, -1.0, 0.0, 0.0, 0.0, 0.0, 0.0, 1.0 ], [ 0.0, 1.0, 0.0, 0.0, 0.0, 0.0, -1.0, 0.0, -1.0, 0.0, 0.0, 0.0, 0.0, 0.0, 0.0, 1.0 ], [ 0.809017, 0.309017, 0.5, 0.0, -0.309017, -0.5, 0.809017, 0.0, 0.5, -0.809017, -0.309017, 0.0, 0.0, 0.0, 0.0, 1.0 ], [ -0.5, 0.809017, 0.309017, 0.0, -0.809017, -0.309017, -0.5, 0.0, -0.309017, -0.5, 0.809017, 0.0, 0.0, 0.0, 0.0, 1.0 ], [ 0.309017, 0.5, -0.809017, 0.0, 0.5, -0.809017, -0.309017, 0.0, -0.809017, -0.309017, -0.5, 0.0, 0.0, 0.0, 0.0, 1.0 ], [ 0.5, 0.809017, 0.309017, 0.0, -0.809017, 0.309017, 0.5, 0.0, 0.309017, -0.5, 0.809017, 0.0, 0.0, 0.0, 0.0, 1.0 ], [ -0.309017, 0.5, -0.809017, 0.0, -0.5, -0.809017, -0.309017, 0.0, -0.809017, 0.309017, 0.5, 0.0, 0.0, 0.0, 0.0, 1.0 ], [ 0.809017, -0.309017, -0.5, 0.0, 0.309017, -0.5, 0.809017, 0.0, -0.5, -0.809017, -0.309017, 0.0, 0.0, 0.0, 0.0, 1.0 ], [ 0.5, 0.809017, -0.309017, 0.0, -0.809017, 0.309017, -0.5, 0.0, -0.309017, 0.5, 0.809017, 0.0, 0.0, 0.0, 0.0, 1.0 ], [ 0.309017, -0.5, -0.809017, 0.0, -0.5, -0.809017, 0.309017, 0.0, -0.809017, 0.309017, -0.5, 0.0, 0.0, 0.0, 0.0, 1.0 ], [ 0.809017, -0.309017, 0.5, 0.0, -0.309017, 0.5, 0.809017, 0.0, -0.5, -0.809017, 0.309017, 0.0, 0.0, 0.0, 0.0, 1.0 ], [ 0.809017, 0.309017, -0.5, 0.0, -0.309017, -0.5, -0.809017, 0.0, -0.5, 0.809017, -0.309017, 0.0, 0.0, 0.0, 0.0, 1.0 ], [ 0.5, -0.809017, 0.309017, 0.0, -0.809017, -0.309017, 0.5, 0.0, -0.309017, -0.5, -0.809017, 0.0, 0.0, 0.0, 0.0, 1.0 ], [ 0.309017, 0.5, 0.809017, 0.0, -0.5, 0.809017, -0.309017, 0.0, -0.809017, -0.309017, 0.5, 0.0, 0.0, 0.0, 0.0, 1.0 ], [ -1.0, 0.0, 0.0, 0.0, 0.0, -1.0, 0.0, 0.0, 0.0, 0.0, 1.0, 0.0, 0.0, 0.0, 0.0, 1.0 ], [ 0.0, 0.0, -1.0, 0.0, -1.0, 0.0, 0.0, 0.0, 0.0, 1.0, 0.0, 0.0, 0.0, 0.0, 0.0, 1.0 ], [ 0.0, -1.0, 0.0, 0.0, 0.0, 0.0, -1.0, 0.0, 1.0, 0.0, 0.0, 0.0, 0.0, 0.0, 0.0, 1.0 ], [ -0.809017, -0.309017, -0.5, 0.0, -0.309017, -0.5, 0.809017, 0.0, -0.5, 0.809017, 0.309017, 0.0, 0.0, 0.0, 0.0, 1.0 ], [ 0.5, -0.809017, -0.309017, 0.0, -0.809017, -0.309017, -0.5, 0.0, 0.309017, 0.5, -0.809017, 0.0, 0.0, 0.0, 0.0, 1.0 ], [ -0.309017, -0.5, 0.809017, 0.0, 0.5, -0.809017, -0.309017, 0.0, 0.809017, 0.309017, 0.5, 0.0, 0.0, 0.0, 0.0, 1.0 ], [ -0.5, -0.809017, -0.309017, 0.0, -0.809017, 0.309017, 0.5, 0.0, -0.309017, 0.5, -0.809017, 0.0, 0.0, 0.0, 0.0, 1.0 ], [ 0.309017, -0.5, 0.809017, 0.0, -0.5, -0.809017, -0.309017, 0.0, 0.809017, -0.309017, -0.5, 0.0, 0.0, 0.0, 0.0, 1.0 ], [ -0.809017, 0.309017, 0.5, 0.0, 0.309017, -0.5, 0.809017, 0.0, 0.5, 0.809017, 0.309017, 0.0, 0.0, 0.0, 0.0, 1.0 ], [ -0.5, -0.809017, 0.309017, 0.0, -0.809017, 0.309017, -0.5, 0.0, 0.309017, -0.5, -0.809017, 0.0, 0.0, 0.0, 0.0, 1.0 ], [ -0.309017, 0.5, 0.809017, 0.0, -0.5, -0.809017, 0.309017, 0.0, 0.809017, -0.309017, 0.5, 0.0, 0.0, 0.0, 0.0, 1.0 ], [ -0.809017, 0.309017, -0.5, 0.0, -0.309017, 0.5, 0.809017, 0.0, 0.5, 0.809017, -0.309017, 0.0, 0.0, 0.0, 0.0, 1.0 ], [ -0.809017, -0.309017, 0.5, 0.0, -0.309017, -0.5, -0.809017, 0.0, 0.5, -0.809017, 0.309017, 0.0, 0.0, 0.0, 0.0, 1.0 ], [ -0.5, 0.809017, -0.309017, 0.0, -0.809017, -0.309017, 0.5, 0.0, 0.309017, 0.5, 0.809017, 0.0, 0.0, 0.0, 0.0, 1.0 ], [ -0.309017, -0.5, -0.809017, 0.0, -0.5, 0.809017, -0.309017, 0.0, 0.809017, 0.309017, -0.5, 0.0, 0.0, 0.0, 0.0, 1.0 ], [ -1.0, 0.0, 0.0, 0.0, 0.0, 1.0, 0.0, 0.0, 0.0, 0.0, -1.0, 0.0, 0.0, 0.0, 0.0, 1.0 ], [ 0.0, 0.0, -1.0, 0.0, 1.0, 0.0, 0.0, 0.0, 0.0, -1.0, 0.0, 0.0, 0.0, 0.0, 0.0, 1.0 ], [ 0.0, -1.0, 0.0, 0.0, 0.0, 0.0, 1.0, 0.0, -1.0, 0.0, 0.0, 0.0, 0.0, 0.0, 0.0, 1.0 ], [ -0.809017, -0.309017, -0.5, 0.0, 0.309017, 0.5, -0.809017, 0.0, 0.5, -0.809017, -0.309017, 0.0, 0.0, 0.0, 0.0, 1.0 ], [ 0.5, -0.809017, -0.309017, 0.0, 0.809017, 0.309017, 0.5, 0.0, -0.309017, -0.5, 0.809017, 0.0, 0.0, 0.0, 0.0, 1.0 ], [ -0.309017, -0.5, 0.809017, 0.0, -0.5, 0.809017, 0.309017, 0.0, -0.809017, -0.309017, -0.5, 0.0, 0.0, 0.0, 0.0, 1.0 ], [ -0.5, -0.809017, -0.309017, 0.0, 0.809017, -0.309017, -0.5, 0.0, 0.309017, -0.5, 0.809017, 0.0, 0.0, 0.0, 0.0, 1.0 ], [ 0.309017, -0.5, 0.809017, 0.0, 0.5, 0.809017, 0.309017, 0.0, -0.809017, 0.309017, 0.5, 0.0, 0.0, 0.0, 0.0, 1.0 ], [ -0.809017, 0.309017, 0.5, 0.0, -0.309017, 0.5, -0.809017, 0.0, -0.5, -0.809017, -0.309017, 0.0, 0.0, 0.0, 0.0, 1.0 ], [ -0.5, -0.809017, 0.309017, 0.0, 0.809017, -0.309017, 0.5, 0.0, -0.309017, 0.5, 0.809017, 0.0, 0.0, 0.0, 0.0, 1.0 ], [ -0.309017, 0.5, 0.809017, 0.0, 0.5, 0.809017, -0.309017, 0.0, -0.809017, 0.309017, -0.5, 0.0, 0.0, 0.0, 0.0, 1.0 ], [ -0.809017, 0.309017, -0.5, 0.0, 0.309017, -0.5, -0.809017, 0.0, -0.5, -0.809017, 0.309017, 0.0, 0.0, 0.0, 0.0, 1.0 ], [ -0.809017, -0.309017, 0.5, 0.0, 0.309017, 0.5, 0.809017, 0.0, -0.5, 0.809017, -0.309017, 0.0, 0.0, 0.0, 0.0, 1.0 ], [ -0.5, 0.809017, -0.309017, 0.0, 0.809017, 0.309017, -0.5, 0.0, -0.309017, -0.5, -0.809017, 0.0, 0.0, 0.0, 0.0, 1.0 ], [ -0.309017, -0.5, -0.809017, 0.0, 0.5, -0.809017, 0.309017, 0.0, -0.809017, -0.309017, 0.5, 0.0, 0.0, 0.0, 0.0, 1.0 ] ],
  "lights" : {
    "directionalLights" : [ {
      "direction" : [ 1.0, -1.0, -1.0 ],
      "color" : "#EBEBE4"
    }, {
      "direction" : [ -1.0, 0.0, 0.0 ],
      "color" : "#E4E4EB"
    }, {
      "direction" : [ 0.0, 0.0, -1.0 ],
      "color" : "#1E1E1E"
    } ],
    "ambientColor" : "#292929",
    "backgroundColor" : "#AFC8DC"
  },
  "camera" : {
    "width" : 47.960236,
    "stereo" : false,
    "perspective" : true,
    "viewDistance" : 106.578255,
    "nearClipDistance" : 0.266446,
    "farClipDistance" : 213.15623,
    "lookAtPoint" : {
      "x" : 0.0,
      "y" : -4.236068,
      "z" : -2.618034
    },
    "fieldOfView" : 0.44262907,
    "lookDirection" : {
      "x" : 0.57005674,
      "y" : -0.72074777,
      "z" : -0.39440086
    },
    "upDirection" : {
      "x" : 0.6259836,
      "y" : 0.69192797,
      "z" : -0.35966834
    },
    "position" : {
      "x" : -60.755653,
      "y" : 72.57997,
      "z" : 39.416523
    }
  },
  "embedding" : [ 1.0, 0.0, 0.0, 0.0, 0.0, 1.0, 0.0, 0.0, 0.0, 0.0, 1.0, 0.0, 0.0, 0.0, 0.0, 1.0 ],
  "shapes" : [ {
    "id" : "0b9b2898-0f64-42e0-8776-4a4e60dbf4cf",
    "vertices" : [ {
      "x" : 0.0,
      "y" : 0.0,
      "z" : 0.0
    }, {
      "x" : -1.0,
      "y" : 1.618034,
      "z" : -2.618034
    }, {
      "x" : 0.0,
      "y" : 3.236068,
      "z" : 0.0
    } ],
    "faces" : [ {
      "vertices" : [ 0, 1, 2 ]
    }, {
      "vertices" : [ 0, 2, 1 ]
    } ]
  }, {
    "id" : "6d4dee60-3602-43e8-8997-9f507dc164fb",
    "vertices" : [ {
      "x" : 0.0,
      "y" : 0.0,
      "z" : 0.0
    }, {
      "x" : 1.0,
      "y" : 6.854102,
      "z" : 2.618034
    }, {
      "x" : 1.618034,
      "y" : 2.618034,
      "z" : 4.236068
    } ],
    "faces" : [ {
      "vertices" : [ 0, 1, 2 ]
    }, {
      "vertices" : [ 0, 2, 1 ]
    } ]
  }, {
    "id" : "64708f69-a197-4314-a897-0a4a56d94ac9",
    "vertices" : [ {
      "x" : 0.0,
      "y" : 0.0,
      "z" : 0.0
    }, {
      "x" : -0.38196602,
      "y" : 0.618034,
      "z" : -1.0
    }, {
      "x" : 0.0,
      "y" : 3.236068,
      "z" : 0.0
    } ],
    "faces" : [ {
      "vertices" : [ 0, 1, 2 ]
    }, {
      "vertices" : [ 0, 2, 1 ]
    } ]
  }, {
    "id" : "3ad77155-3c06-4036-95c6-90565319b3e6",
    "vertices" : [ {
      "x" : 0.0,
      "y" : 0.0,
      "z" : 0.0
    }, {
      "x" : 1.0344418,
      "y" : -1.6737621,
      "z" : -2.708204
    }, {
      "x" : 0.2859127,
      "y" : -0.46261647,
      "z" : -7.09017
    }, {
      "x" : -2.4222913,
      "y" : 3.9193494,
      "z" : 0.0
    } ],
    "faces" : [ {
      "vertices" : [ 0, 1, 2, 3 ]
    }, {
      "vertices" : [ 0, 3, 2, 1 ]
    } ]
  }, {
    "id" : "f8ee97e8-b997-4d33-8f28-56f8b506ab5d",
    "vertices" : [ {
      "x" : 0.0,
      "y" : 0.0,
      "z" : 0.0
    }, {
      "x" : 0.0,
      "y" : -0.14589803,
      "z" : 0.27050984
    }, {
      "x" : 0.0,
      "y" : -0.14589803,
      "z" : -2.965558
    }, {
      "x" : 0.0,
      "y" : 0.0,
      "z" : -3.3475242
    } ],
    "faces" : [ {
      "vertices" : [ 0, 1, 2, 3 ]
    }, {
      "vertices" : [ 0, 3, 2, 1 ]
    } ]
  }, {
    "id" : "07cc17c4-b9fc-4d0e-87f3-bb789bfe21e3",
    "vertices" : [ {
      "x" : 0.0,
      "y" : 0.0,
      "z" : 0.0
    }, {
      "x" : 0.63932025,
      "y" : -1.0344418,
      "z" : -0.39512163
    }, {
      "x" : -1.0344418,
      "y" : 1.6737621,
      "z" : -2.708204
    } ],
    "faces" : [ {
      "vertices" : [ 0, 1, 2 ]
    }, {
      "vertices" : [ 0, 2, 1 ]
    } ]
  }, {
    "id" : "22b848cd-838c-4615-83da-4819e870d376",
    "vertices" : [ {
      "x" : 0.0,
      "y" : 0.0,
      "z" : 0.0
    }, {
      "x" : -0.63932025,
      "y" : -4.381966,
      "z" : -1.6737621
    }, {
      "x" : -1.6737621,
      "y" : -6.055728,
      "z" : -4.381966
    } ],
    "faces" : [ {
      "vertices" : [ 0, 1, 2 ]
    }, {
      "vertices" : [ 0, 2, 1 ]
    } ]
  }, {
    "id" : "b21a03d8-2f46-4adc-9309-6909eb5d1c82",
    "vertices" : [ {
      "x" : 0.0,
      "y" : 0.0,
      "z" : 0.0
    }, {
      "x" : 1.6737621,
      "y" : -2.708204,
      "z" : 4.381966
    }, {
      "x" : 0.0,
      "y" : -8.763932,
      "z" : 0.0
    } ],
    "faces" : [ {
      "vertices" : [ 0, 1, 2 ]
    }, {
      "vertices" : [ 0, 2, 1 ]
    } ]
  }, {
    "id" : "90793b83-d178-46a8-bc4b-6e1685ad20e4",
    "vertices" : [ {
      "x" : 0.0,
      "y" : 0.0,
      "z" : 0.0
    }, {
      "x" : 0.0,
      "y" : 0.14589803,
      "z" : -0.090169944
    }, {
      "x" : 3.236068,
      "y" : -3.09017,
      "z" : -0.090169944
    }, {
      "x" : 3.3475242,
      "y" : -3.3475242,
      "z" : 0.0
    } ],
    "faces" : [ {
      "vertices" : [ 0, 1, 2, 3 ]
    }, {
      "vertices" : [ 0, 3, 2, 1 ]
    } ]
  }, {
    "id" : "0585e4ab-588e-41c5-8224-5ecf5904d723",
    "vertices" : [ {
      "x" : 0.0,
      "y" : 0.0,
      "z" : 0.0
    }, {
      "x" : 0.2573542,
      "y" : 0.090169944,
      "z" : 0.11145618
    }, {
      "x" : 0.8753882,
      "y" : 1.0901699,
      "z" : -0.27050984
    }, {
      "x" : 0.63932025,
      "y" : 1.0344418,
      "z" : -0.39512163
    } ],
    "faces" : [ {
      "vertices" : [ 0, 1, 2, 3 ]
    }, {
      "vertices" : [ 0, 3, 2, 1 ]
    } ]
  }, {
    "id" : "ba222e32-6989-44a7-93f1-82d48fe4c7a6",
    "vertices" : [ {
      "x" : 0.0,
      "y" : 0.0,
      "z" : 0.0
    }, {
      "x" : -1.6737621,
      "y" : -0.63932025,
      "z" : -4.381966
    }, {
      "x" : -1.0344418,
      "y" : 1.6737621,
      "z" : -2.708204
    } ],
    "faces" : [ {
      "vertices" : [ 0, 1, 2 ]
    }, {
      "vertices" : [ 0, 2, 1 ]
    } ]
  }, {
    "id" : "503d7e76-fc88-43ce-aee8-b4110bfaf5d9",
    "vertices" : [ {
      "x" : 0.0,
      "y" : 0.0,
      "z" : 0.0
    }, {
      "x" : 0.0,
      "y" : -3.236068,
      "z" : 0.0
    }, {
      "x" : -1.0,
      "y" : -1.618034,
      "z" : -2.618034
    } ],
    "faces" : [ {
      "vertices" : [ 0, 1, 2 ]
    }, {
      "vertices" : [ 0, 2, 1 ]
    } ]
  }, {
    "id" : "e31d7255-04ba-4a8a-8f89-f386ba6d20b4",
    "vertices" : [ {
      "x" : 0.0,
      "y" : 0.0,
      "z" : 0.0
    }, {
      "x" : 0.0,
      "y" : 0.0,
      "z" : -3.236068
    }, {
      "x" : 0.0,
      "y" : 2.0,
      "z" : -3.236068
    } ],
    "faces" : [ {
      "vertices" : [ 0, 1, 2 ]
    }, {
      "vertices" : [ 0, 2, 1 ]
    } ]
  }, {
    "id" : "c8d89c63-9878-4224-a807-bc5453357d2f",
    "vertices" : [ {
      "x" : 0.0,
      "y" : 0.0,
      "z" : 0.0
    }, {
      "x" : -0.63932025,
      "y" : -2.3130822,
      "z" : -1.6737621
    }, {
      "x" : -0.63932025,
      "y" : 1.0344418,
      "z" : -1.6737621
    } ],
    "faces" : [ {
      "vertices" : [ 0, 1, 2 ]
    }, {
      "vertices" : [ 0, 2, 1 ]
    } ]
  }, {
    "id" : "7a5eb831-3d9e-4fd5-9369-bd17c70f26ed",
    "vertices" : [ {
      "x" : 0.0,
      "y" : 0.0,
      "z" : 0.0
    }, {
      "x" : -0.39512163,
      "y" : 2.708204,
      "z" : -1.0344418
    }, {
      "x" : 0.63932025,
      "y" : 1.0344418,
      "z" : 1.6737621
    } ],
    "faces" : [ {
      "vertices" : [ 0, 1, 2 ]
    }, {
      "vertices" : [ 0, 2, 1 ]
    } ]
  }, {
    "id" : "0e19d608-2c9e-4e23-8a70-f084d9d74f69",
    "vertices" : [ {
      "x" : 0.0,
      "y" : 0.0,
      "z" : 0.0
    }, {
      "x" : 0.63932025,
      "y" : 4.381966,
      "z" : 1.6737621
    }, {
      "x" : 1.0344418,
      "y" : 1.6737621,
      "z" : 2.708204
    } ],
    "faces" : [ {
      "vertices" : [ 0, 1, 2 ]
    }, {
      "vertices" : [ 0, 2, 1 ]
    } ]
  }, {
    "id" : "e5c078f5-c29a-4f33-8b5e-2ea44bfafcfa",
    "vertices" : [ {
      "x" : 0.0,
      "y" : 0.0,
      "z" : 0.0
    }, {
      "x" : -1.0,
      "y" : 1.618034,
      "z" : -2.618034
    }, {
      "x" : -1.618034,
      "y" : 5.854102,
      "z" : -4.236068
    } ],
    "faces" : [ {
      "vertices" : [ 0, 1, 2 ]
    }, {
      "vertices" : [ 0, 2, 1 ]
    } ]
  }, {
    "id" : "c2ef2982-6d99-4191-9e1d-072a7438b84c",
    "vertices" : [ {
      "x" : 0.0,
      "y" : 0.0,
      "z" : 0.0
    }, {
      "x" : -1.6737621,
      "y" : 2.708204,
      "z" : 1.0344418
    }, {
      "x" : -2.4222913,
      "y" : 3.9193494,
      "z" : 5.416408
    }, {
      "x" : 1.9596747,
      "y" : -3.1708205,
      "z" : 2.708204
    } ],
    "faces" : [ {
      "vertices" : [ 0, 1, 2, 3 ]
    }, {
      "vertices" : [ 0, 3, 2, 1 ]
    } ]
  }, {
    "id" : "262a934c-cbd4-48d7-b351-09c52e8c8be8",
    "vertices" : [ {
      "x" : 0.0,
      "y" : 0.0,
      "z" : 0.0
    }, {
      "x" : 0.23606798,
      "y" : 0.05572809,
      "z" : 0.124611795
    }, {
      "x" : 1.236068,
      "y" : -3.562306,
      "z" : -0.49342218
    }, {
      "x" : 1.0344418,
      "y" : -3.7426457,
      "z" : -0.63932025
    } ],
    "faces" : [ {
      "vertices" : [ 0, 1, 2, 3 ]
    }, {
      "vertices" : [ 0, 3, 2, 1 ]
    } ]
  }, {
    "id" : "24706348-e962-4c6c-bffa-918c21869a63",
    "vertices" : [ {
      "x" : 0.0,
      "y" : 0.0,
      "z" : 0.0
    }, {
      "x" : 1.0344418,
      "y" : -1.6737621,
      "z" : 2.708204
    }, {
      "x" : 0.0,
      "y" : -3.3475242,
      "z" : 0.0
    } ],
    "faces" : [ {
      "vertices" : [ 0, 1, 2 ]
    }, {
      "vertices" : [ 0, 2, 1 ]
    } ]
  }, {
    "id" : "b73d8260-fd90-49d1-ae47-d421596712c3",
    "vertices" : [ {
      "x" : 0.0,
      "y" : 0.0,
      "z" : 0.0
    }, {
      "x" : 0.38196602,
      "y" : 2.618034,
      "z" : 1.0
    }, {
      "x" : 1.0,
      "y" : -1.618034,
      "z" : 2.618034
    } ],
    "faces" : [ {
      "vertices" : [ 0, 1, 2 ]
    }, {
      "vertices" : [ 0, 2, 1 ]
    } ]
  }, {
    "id" : "f4bd3677-f757-4b72-8b50-4cb9115d01aa",
    "vertices" : [ {
      "x" : 0.0,
      "y" : 0.0,
      "z" : 0.0
    }, {
      "x" : -2.618034,
      "y" : -1.0,
      "z" : -6.854102
    }, {
      "x" : -1.618034,
      "y" : 2.618034,
      "z" : -4.236068
    } ],
    "faces" : [ {
      "vertices" : [ 0, 1, 2 ]
    }, {
      "vertices" : [ 0, 2, 1 ]
    } ]
  }, {
    "id" : "9d257317-10a7-4b34-a68a-7b0f19dca318",
    "vertices" : [ {
      "x" : 0.0,
      "y" : 0.0,
      "z" : 0.0
    }, {
      "x" : 0.0,
      "y" : -0.14589803,
      "z" : -0.090169944
    }, {
      "x" : 0.0,
      "y" : -0.14589803,
      "z" : -3.437694
    }, {
      "x" : 0.0,
      "y" : 0.0,
      "z" : -3.236068
    } ],
    "faces" : [ {
      "vertices" : [ 0, 1, 2, 3 ]
    }, {
      "vertices" : [ 0, 3, 2, 1 ]
    } ]
  }, {
    "id" : "e768540f-1db7-4e1c-b6a7-0c5127ed6116",
    "vertices" : [ {
      "x" : 0.0,
      "y" : 0.0,
      "z" : 0.0
    }, {
      "x" : 1.6737621,
      "y" : -2.708204,
      "z" : 1.0344418
    }, {
      "x" : 3.633437,
      "y" : -5.8790245,
      "z" : -1.6737621
    }, {
      "x" : -0.74852914,
      "y" : 1.2111456,
      "z" : -4.381966
    } ],
    "faces" : [ {
      "vertices" : [ 0, 1, 2, 3 ]
    }, {
      "vertices" : [ 0, 3, 2, 1 ]
    } ]
  }, {
    "id" : "619662db-5cd6-43ef-9302-fd1a0ca31734",
    "vertices" : [ {
      "x" : 0.0,
      "y" : 0.0,
      "z" : 0.0
    }, {
      "x" : 0.0,
      "y" : 0.0,
      "z" : -1.2786405
    }, {
      "x" : -1.6737621,
      "y" : 2.708204,
      "z" : 1.0344418
    } ],
    "faces" : [ {
      "vertices" : [ 0, 1, 2 ]
    }, {
      "vertices" : [ 0, 2, 1 ]
    } ]
  }, {
    "id" : "f5ad89d3-09ef-4643-87bd-793e2be0d69b",
    "vertices" : [ {
      "x" : 0.0,
      "y" : 0.0,
      "z" : 0.0
    }, {
      "x" : 1.0,
      "y" : 1.618034,
      "z" : 2.618034
    }, {
      "x" : 1.0,
      "y" : -1.618034,
      "z" : 2.618034
    } ],
    "faces" : [ {
      "vertices" : [ 0, 1, 2 ]
    }, {
      "vertices" : [ 0, 2, 1 ]
    } ]
  }, {
    "id" : "f8d9bd96-b132-43b1-9df3-4fcb99f319e1",
    "vertices" : [ {
      "x" : 0.0,
      "y" : 0.0,
      "z" : 0.0
    }, {
      "x" : 0.0,
      "y" : 0.14589803,
      "z" : 0.090169944
    }, {
      "x" : 0.0,
      "y" : 0.14589803,
      "z" : 3.437694
    }, {
      "x" : 0.0,
      "y" : 0.0,
      "z" : 3.236068
    } ],
    "faces" : [ {
      "vertices" : [ 0, 1, 2, 3 ]
    }, {
      "vertices" : [ 0, 3, 2, 1 ]
    } ]
  }, {
    "id" : "824fee86-f1d8-4923-8242-d4e85173b69c",
    "vertices" : [ {
      "x" : 0.0,
      "y" : 0.0,
      "z" : 0.0
    }, {
      "x" : 0.0,
      "y" : 3.236068,
      "z" : 0.0
    }, {
      "x" : 0.618034,
      "y" : -1.0,
      "z" : 1.618034
    } ],
    "faces" : [ {
      "vertices" : [ 0, 1, 2 ]
    }, {
      "vertices" : [ 0, 2, 1 ]
    } ]
  }, {
    "id" : "c217715a-194a-407b-bfcd-47e27c57ceab",
    "vertices" : [ {
      "x" : 0.0,
      "y" : 0.0,
      "z" : 0.0
    }, {
      "x" : 0.0,
      "y" : -3.3475242,
      "z" : 0.0
    }, {
      "x" : -0.63932025,
      "y" : -4.381966,
      "z" : -1.6737621
    } ],
    "faces" : [ {
      "vertices" : [ 0, 1, 2 ]
    }, {
      "vertices" : [ 0, 2, 1 ]
    } ]
  }, {
    "id" : "bd8af701-f524-4e06-9dc0-5cc4650d90dc",
    "vertices" : [ {
      "x" : 0.0,
      "y" : 0.0,
      "z" : 0.0
    }, {
      "x" : 1.0344418,
      "y" : 1.6737621,
      "z" : 2.708204
    }, {
      "x" : 1.6737621,
      "y" : 0.63932025,
      "z" : 4.381966
    } ],
    "faces" : [ {
      "vertices" : [ 0, 1, 2 ]
    }, {
      "vertices" : [ 0, 2, 1 ]
    } ]
  }, {
    "id" : "95868ff8-9940-48be-b052-711ff44f3d15",
    "vertices" : [ {
      "x" : 0.0,
      "y" : 0.0,
      "z" : 0.0
    }, {
      "x" : 0.0,
      "y" : -1.236068,
      "z" : 0.0
    }, {
      "x" : -1.0,
      "y" : -1.618034,
      "z" : -2.618034
    } ],
    "faces" : [ {
      "vertices" : [ 0, 1, 2 ]
    }, {
      "vertices" : [ 0, 2, 1 ]
    } ]
  }, {
    "id" : "32f79fe7-94ec-477e-be9b-65ef3bafafd9",
    "vertices" : [ {
      "x" : 0.0,
      "y" : 0.0,
      "z" : 0.0
    }, {
      "x" : 0.0,
      "y" : 0.14589803,
      "z" : -0.27050984
    }, {
      "x" : 0.0,
      "y" : 0.14589803,
      "z" : 2.965558
    }, {
      "x" : 0.0,
      "y" : 0.0,
      "z" : 3.3475242
    } ],
    "faces" : [ {
      "vertices" : [ 0, 1, 2, 3 ]
    }, {
      "vertices" : [ 0, 3, 2, 1 ]
    } ]
  }, {
    "id" : "409ca185-bae2-48b0-9671-22ef3f0b313d",
    "vertices" : [ {
      "x" : 0.0,
      "y" : 0.0,
      "z" : 0.0
    }, {
      "x" : 1.0,
      "y" : 6.854102,
      "z" : 2.618034
    }, {
      "x" : 1.0,
      "y" : 1.618034,
      "z" : 2.618034
    } ],
    "faces" : [ {
      "vertices" : [ 0, 1, 2 ]
    }, {
      "vertices" : [ 0, 2, 1 ]
    } ]
  }, {
    "id" : "39b38c66-85b2-4efe-8544-440877edf638",
    "vertices" : [ {
      "x" : 0.0,
      "y" : 0.0,
      "z" : 0.0
    }, {
      "x" : 1.0,
      "y" : 1.618034,
      "z" : 2.618034
    }, {
      "x" : 2.618034,
      "y" : 1.0,
      "z" : 6.854102
    } ],
    "faces" : [ {
      "vertices" : [ 0, 1, 2 ]
    }, {
      "vertices" : [ 0, 2, 1 ]
    } ]
  }, {
    "id" : "e7f261fa-314d-49c7-88f5-c75c7830d7f8",
    "vertices" : [ {
      "x" : 0.0,
      "y" : 0.0,
      "z" : 0.0
    }, {
      "x" : -0.39512163,
      "y" : 0.63932025,
      "z" : 1.0344418
    }, {
      "x" : 1.6737621,
      "y" : -2.708204,
      "z" : 1.0344418
    } ],
    "faces" : [ {
      "vertices" : [ 0, 1, 2 ]
    }, {
      "vertices" : [ 0, 2, 1 ]
    } ]
  }, {
    "id" : "c921e3a5-94ae-46a2-8ea1-106f299accee",
    "vertices" : [ {
      "x" : 0.0,
      "y" : 0.0,
      "z" : 0.0
    }, {
      "x" : 1.618034,
      "y" : -5.854102,
      "z" : 4.236068
    }, {
      "x" : 0.0,
      "y" : -3.236068,
      "z" : 0.0
    } ],
    "faces" : [ {
      "vertices" : [ 0, 1, 2 ]
    }, {
      "vertices" : [ 0, 2, 1 ]
    } ]
  }, {
    "id" : "471a10b3-e058-487e-9a39-95c5eaf58158",
    "vertices" : [ {
      "x" : 0.0,
      "y" : 0.0,
      "z" : 0.0
    }, {
      "x" : 1.618034,
      "y" : -5.854102,
      "z" : 4.236068
    }, {
      "x" : 0.0,
      "y" : -5.236068,
      "z" : 0.0
    } ],
    "faces" : [ {
      "vertices" : [ 0, 1, 2 ]
    }, {
      "vertices" : [ 0, 2, 1 ]
    } ]
  }, {
    "id" : "a1145cf3-c8f0-403e-b85a-9b56637955ee",
    "vertices" : [ {
      "x" : 0.0,
      "y" : 0.0,
      "z" : 0.0
    }, {
      "x" : 1.0344418,
      "y" : -3.7426457,
      "z" : 2.708204
    }, {
      "x" : 0.0,
      "y" : -3.3475242,
      "z" : 0.0
    } ],
    "faces" : [ {
      "vertices" : [ 0, 1, 2 ]
    }, {
      "vertices" : [ 0, 2, 1 ]
    } ]
  }, {
    "id" : "ec36b4e2-aad4-4fc0-b47b-7a0c54155e74",
    "vertices" : [ {
      "x" : 0.0,
      "y" : 0.0,
      "z" : 0.0
    }, {
      "x" : 0.0,
      "y" : 0.0,
      "z" : 3.236068
    }, {
      "x" : 0.0,
      "y" : -2.0,
      "z" : 3.236068
    } ],
    "faces" : [ {
      "vertices" : [ 0, 1, 2 ]
    }, {
      "vertices" : [ 0, 2, 1 ]
    } ]
  }, {
    "id" : "513ca9aa-8447-48da-85d3-7dd7e360009f",
    "name" : "ball",
    "vertices" : [ {
      "x" : -0.309017,
      "y" : -0.19098301,
      "z" : 0.0
    }, {
      "x" : -0.309017,
      "y" : 0.19098301,
      "z" : 0.0
    }, {
      "x" : -0.19098301,
      "y" : 0.0,
      "z" : -0.309017
    }, {
      "x" : -0.19098301,
      "y" : 0.0,
      "z" : 0.309017
    }, {
      "x" : 0.0,
      "y" : -0.309017,
      "z" : -0.19098301
    }, {
      "x" : 0.0,
      "y" : -0.309017,
      "z" : 0.19098301
    }, {
      "x" : 0.0,
      "y" : 0.309017,
      "z" : -0.19098301
    }, {
      "x" : 0.0,
      "y" : 0.309017,
      "z" : 0.19098301
    }, {
      "x" : 0.19098301,
      "y" : 0.0,
      "z" : -0.309017
    }, {
      "x" : 0.19098301,
      "y" : 0.0,
      "z" : 0.309017
    }, {
      "x" : 0.309017,
      "y" : -0.19098301,
      "z" : 0.0
    }, {
      "x" : 0.309017,
      "y" : 0.19098301,
      "z" : 0.0
    } ],
    "faces" : [ {
      "vertices" : [ 0, 1, 2 ]
    }, {
      "vertices" : [ 0, 3, 1 ]
    }, {
      "vertices" : [ 0, 2, 4 ]
    }, {
      "vertices" : [ 0, 5, 3 ]
    }, {
      "vertices" : [ 0, 4, 5 ]
    }, {
      "vertices" : [ 1, 6, 2 ]
    }, {
      "vertices" : [ 1, 3, 7 ]
    }, {
      "vertices" : [ 1, 7, 6 ]
    }, {
      "vertices" : [ 2, 8, 4 ]
    }, {
      "vertices" : [ 2, 6, 8 ]
    }, {
      "vertices" : [ 3, 5, 9 ]
    }, {
      "vertices" : [ 3, 9, 7 ]
    }, {
      "vertices" : [ 4, 10, 5 ]
    }, {
      "vertices" : [ 4, 8, 10 ]
    }, {
      "vertices" : [ 5, 10, 9 ]
    }, {
      "vertices" : [ 6, 7, 11 ]
    }, {
      "vertices" : [ 6, 11, 8 ]
    }, {
      "vertices" : [ 7, 9, 11 ]
    }, {
      "vertices" : [ 8, 11, 10 ]
    }, {
      "vertices" : [ 9, 10, 11 ]
    } ]
  }, {
    "id" : "e0108dbd-c676-4ace-98aa-8066ffb77078",
    "vertices" : [ {
      "x" : 0.0,
      "y" : 0.0,
      "z" : 0.0
    }, {
      "x" : 0.0,
      "y" : 2.4222913,
      "z" : 1.4970583
    }, {
      "x" : 1.0344418,
      "y" : 0.74852914,
      "z" : 4.205262
    }, {
      "x" : 1.0344418,
      "y" : -1.6737621,
      "z" : 2.708204
    } ],
    "faces" : [ {
      "vertices" : [ 0, 1, 2, 3 ]
    }, {
      "vertices" : [ 0, 3, 2, 1 ]
    } ]
  }, {
    "id" : "e32a1736-5514-4a92-9636-e58e3952ef22",
    "vertices" : [ {
      "x" : 0.0,
      "y" : 0.0,
      "z" : 0.0
    }, {
      "x" : 0.0,
      "y" : -0.14589803,
      "z" : -0.38196602
    }, {
      "x" : 0.0,
      "y" : -0.14589803,
      "z" : -5.618034
    }, {
      "x" : 0.0,
      "y" : 0.0,
      "z" : -5.416408
    } ],
    "faces" : [ {
      "vertices" : [ 0, 1, 2, 3 ]
    }, {
      "vertices" : [ 0, 3, 2, 1 ]
    } ]
  }, {
    "id" : "3db61b5a-cd5c-40e1-a9cd-d7e266ca4565",
    "vertices" : [ {
      "x" : 0.0,
      "y" : 0.0,
      "z" : 0.0
    }, {
      "x" : 0.0,
      "y" : 0.14589803,
      "z" : 0.38196602
    }, {
      "x" : 0.0,
      "y" : 0.14589803,
      "z" : 5.618034
    }, {
      "x" : 0.0,
      "y" : 0.0,
      "z" : 5.416408
    } ],
    "faces" : [ {
      "vertices" : [ 0, 1, 2, 3 ]
    }, {
      "vertices" : [ 0, 3, 2, 1 ]
    } ]
  }, {
    "id" : "a6459679-4148-4f27-86b3-2f7eab256d1b",
    "vertices" : [ {
      "x" : 0.0,
      "y" : 0.0,
      "z" : 0.0
    }, {
      "x" : 1.0,
      "y" : -1.618034,
      "z" : 2.618034
    }, {
      "x" : -0.618034,
      "y" : -1.0,
      "z" : -1.618034
    } ],
    "faces" : [ {
      "vertices" : [ 0, 1, 2 ]
    }, {
      "vertices" : [ 0, 2, 1 ]
    } ]
  }, {
    "id" : "844f6b8f-9646-4dd2-9e4b-7ed9efaaf46b",
    "vertices" : [ {
      "x" : 0.0,
      "y" : 0.0,
      "z" : 0.0
    }, {
      "x" : -1.0344418,
      "y" : -1.6737621,
      "z" : -2.708204
    }, {
      "x" : -1.0344418,
      "y" : 1.6737621,
      "z" : -2.708204
    } ],
    "faces" : [ {
      "vertices" : [ 0, 1, 2 ]
    }, {
      "vertices" : [ 0, 2, 1 ]
    } ]
  }, {
    "id" : "17b562f4-3e64-4a0c-9a0f-c7e68c856dd4",
    "vertices" : [ {
      "x" : 0.0,
      "y" : 0.0,
      "z" : 0.0
    }, {
      "x" : -1.0,
      "y" : -0.38196602,
      "z" : -2.618034
    }, {
      "x" : 0.0,
      "y" : 3.236068,
      "z" : 0.0
    } ],
    "faces" : [ {
      "vertices" : [ 0, 1, 2 ]
    }, {
      "vertices" : [ 0, 2, 1 ]
    } ]
  }, {
    "id" : "450fa460-42cf-4f54-98c3-89ffbc2e48ac",
    "vertices" : [ {
      "x" : 0.0,
      "y" : 0.0,
      "z" : 0.0
    }, {
      "x" : 0.0,
      "y" : -3.236068,
      "z" : 0.0
    }, {
      "x" : -1.0,
      "y" : -6.854102,
      "z" : -2.618034
    } ],
    "faces" : [ {
      "vertices" : [ 0, 1, 2 ]
    }, {
      "vertices" : [ 0, 2, 1 ]
    } ]
  }, {
    "id" : "e8047f99-b156-45d5-8cf9-2b618dfdacff",
    "vertices" : [ {
      "x" : 0.0,
      "y" : 0.0,
      "z" : 0.0
    }, {
      "x" : -1.0,
      "y" : -1.618034,
      "z" : -2.618034
    }, {
      "x" : 0.0,
      "y" : 2.0,
      "z" : 0.0
    } ],
    "faces" : [ {
      "vertices" : [ 0, 1, 2 ]
    }, {
      "vertices" : [ 0, 2, 1 ]
    } ]
  }, {
    "id" : "651719a4-f99c-44bf-9f93-ce9d56cb8902",
    "vertices" : [ {
      "x" : 0.0,
      "y" : 0.0,
      "z" : 0.0
    }, {
      "x" : 0.0,
      "y" : 0.0,
      "z" : 3.3475242
    }, {
      "x" : 1.9596747,
      "y" : -3.1708205,
      "z" : 6.055728
    }, {
      "x" : 1.9596747,
      "y" : -3.1708205,
      "z" : -2.708204
    } ],
    "faces" : [ {
      "vertices" : [ 0, 1, 2, 3 ]
    }, {
      "vertices" : [ 0, 3, 2, 1 ]
    } ]
  }, {
    "id" : "27e466e6-1cab-48d3-9507-285755789458",
    "vertices" : [ {
      "x" : 0.0,
      "y" : 0.0,
      "z" : 0.0
    }, {
      "x" : 0.39512163,
      "y" : -0.63932025,
      "z" : 1.0344418
    }, {
      "x" : 1.0344418,
      "y" : -1.6737621,
      "z" : -2.708204
    } ],
    "faces" : [ {
      "vertices" : [ 0, 1, 2 ]
    }, {
      "vertices" : [ 0, 2, 1 ]
    } ]
  }, {
    "id" : "24fc8ec8-61bf-4b8a-8956-2b4cb89ed8b8",
    "vertices" : [ {
      "x" : 0.0,
      "y" : 0.0,
      "z" : 0.0
    }, {
      "x" : -2.618034,
      "y" : -1.0,
      "z" : -6.854102
    }, {
      "x" : -1.0,
      "y" : 1.618034,
      "z" : -2.618034
    } ],
    "faces" : [ {
      "vertices" : [ 0, 1, 2 ]
    }, {
      "vertices" : [ 0, 2, 1 ]
    } ]
  }, {
    "id" : "00b24779-b240-4c13-a94f-9e7b03c12393",
    "vertices" : [ {
      "x" : 0.0,
      "y" : 0.0,
      "z" : 0.0
    }, {
      "x" : 0.38196602,
      "y" : 0.618034,
      "z" : 1.0
    }, {
      "x" : 1.0,
      "y" : -1.618034,
      "z" : 2.618034
    } ],
    "faces" : [ {
      "vertices" : [ 0, 1, 2 ]
    }, {
      "vertices" : [ 0, 2, 1 ]
    } ]
  }, {
    "id" : "82ed1775-d542-480d-869b-ea62ae6ee34a",
    "vertices" : [ {
      "x" : 0.0,
      "y" : 0.0,
      "z" : 0.0
    }, {
      "x" : -0.63932025,
      "y" : 1.0344418,
      "z" : -0.39512163
    }, {
      "x" : 0.0,
      "y" : 0.0,
      "z" : 3.3475242
    } ],
    "faces" : [ {
      "vertices" : [ 0, 1, 2 ]
    }, {
      "vertices" : [ 0, 2, 1 ]
    } ]
  }, {
    "id" : "315ff1a5-c68a-44e5-83d4-50497c7ba712",
    "vertices" : [ {
      "x" : 0.0,
      "y" : 0.0,
      "z" : 0.0
    }, {
      "x" : 1.0344418,
      "y" : -0.39512163,
      "z" : 2.708204
    }, {
      "x" : 0.0,
      "y" : -2.0688837,
      "z" : 0.0
    } ],
    "faces" : [ {
      "vertices" : [ 0, 1, 2 ]
    }, {
      "vertices" : [ 0, 2, 1 ]
    } ]
  }, {
    "id" : "2cf5ef82-a73c-4531-ba92-15fbba7d9cb4",
    "vertices" : [ {
      "x" : 0.0,
      "y" : 0.0,
      "z" : 0.0
    }, {
      "x" : -1.0344418,
      "y" : 1.6737621,
      "z" : -2.708204
    }, {
      "x" : -3.456733,
      "y" : 5.5931115,
      "z" : -2.708204
    }, {
      "x" : -0.74852914,
      "y" : 1.2111456,
      "z" : 4.381966
    } ],
    "faces" : [ {
      "vertices" : [ 0, 1, 2, 3 ]
    }, {
      "vertices" : [ 0, 3, 2, 1 ]
    } ]
  }, {
    "id" : "672d17a3-30ea-4c8b-b689-c5a793f197ae",
    "vertices" : [ {
      "x" : 0.0,
      "y" : 0.0,
      "z" : 0.0
    }, {
      "x" : 0.0,
      "y" : 3.3475242,
      "z" : 0.0
    }, {
      "x" : 1.0344418,
      "y" : 1.6737621,
      "z" : 2.708204
    } ],
    "faces" : [ {
      "vertices" : [ 0, 1, 2 ]
    }, {
      "vertices" : [ 0, 2, 1 ]
    } ]
  }, {
    "id" : "bcd4ece4-dbac-4d51-8bab-6a037978d5dc",
    "vertices" : [ {
      "x" : 0.0,
      "y" : 0.0,
      "z" : 0.0
    }, {
      "x" : 0.0,
      "y" : 5.416408,
      "z" : 0.0
    }, {
      "x" : 2.708204,
      "y" : 4.381966,
      "z" : 7.09017
    } ],
    "faces" : [ {
      "vertices" : [ 0, 1, 2 ]
    }, {
      "vertices" : [ 0, 2, 1 ]
    } ]
  }, {
    "id" : "6f2eb22d-73fc-451f-967a-fac8f1c67df4",
    "vertices" : [ {
      "x" : 0.0,
      "y" : 0.0,
      "z" : 0.0
    }, {
      "x" : 1.6737621,
      "y" : 0.63932025,
      "z" : 4.381966
    }, {
      "x" : 2.708204,
      "y" : -1.0344418,
      "z" : 7.09017
    } ],
    "faces" : [ {
      "vertices" : [ 0, 1, 2 ]
    }, {
      "vertices" : [ 0, 2, 1 ]
    } ]
  } ],
  "instances" : [ {
    "shape" : "0b9b2898-0f64-42e0-8776-4a4e60dbf4cf",
    "color" : "#0066FF",
    "position" : {
      "x" : -1.618034,
      "y" : -6.854102,
      "z" : -1.618034
    },
    "orientation" : 7
  }, {
    "shape" : "6d4dee60-3602-43e8-8997-9f507dc164fb",
    "color" : "#00CC00",
    "position" : {
      "x" : -4.236068,
      "y" : -11.09017,
      "z" : 0.0
    },
    "orientation" : 4
  }, {
    "shape" : "64708f69-a197-4314-a897-0a4a56d94ac9",
    "color" : "#FFFF00",
    "position" : {
      "x" : -4.236068,
      "y" : -5.854102,
      "z" : 3.236068
    },
    "orientation" : 9
  }, {
    "shape" : "3ad77155-3c06-4036-95c6-90565319b3e6",
    "color" : "#9999FF",
    "position" : {
      "x" : 0.0,
      "y" : -6.8042574,
      "z" : -7.5527864
    },
    "orientation" : 16
  }, {
    "shape" : "f8ee97e8-b997-4d33-8f28-56f8b506ab5d",
    "color" : "#000000",
    "position" : {
      "x" : -6.055728,
      "y" : -5.416408,
      "z" : -4.381966
    },
    "orientation" : 54
  }, {
    "shape" : "07cc17c4-b9fc-4d0e-87f3-bb789bfe21e3",
    "color" : "#000000",
    "position" : {
      "x" : -3.7426457,
      "y" : -7.09017,
      "z" : 3.7426457
    },
    "orientation" : 30
  }, {
    "shape" : "22b848cd-838c-4615-83da-4819e870d376",
    "color" : "#9999FF",
    "position" : {
      "x" : -4.381966,
      "y" : -6.055728,
      "z" : 0.0
    },
    "orientation" : 38
  }, {
    "shape" : "b21a03d8-2f46-4adc-9309-6909eb5d1c82",
    "color" : "#9999FF",
    "position" : {
      "x" : 4.381966,
      "y" : -11.472136,
      "z" : 0.0
    },
    "orientation" : 2
  }, {
    "shape" : "90793b83-d178-46a8-bc4b-6e1685ad20e4",
    "color" : "#000000",
    "position" : {
      "x" : -4.381966,
      "y" : -2.708204,
      "z" : 0.0
    },
    "orientation" : 17
  }, {
    "shape" : "0585e4ab-588e-41c5-8224-5ecf5904d723",
    "color" : "#000000",
    "position" : {
      "x" : -3.7426457,
      "y" : -7.09017,
      "z" : 3.7426457
    },
    "orientation" : 52
  }, {
    "shape" : "ba222e32-6989-44a7-93f1-82d48fe4c7a6",
    "color" : "#9999FF",
    "position" : {
      "x" : -2.708204,
      "y" : 0.0,
      "z" : -4.381966
    },
    "orientation" : 30
  }, {
    "shape" : "503d7e76-fc88-43ce-aee8-b4110bfaf5d9",
    "color" : "#0066FF",
    "position" : {
      "x" : 4.236068,
      "y" : -5.854102,
      "z" : 0.0
    },
    "orientation" : 30
  }, {
    "shape" : "f8ee97e8-b997-4d33-8f28-56f8b506ab5d",
    "color" : "#000000",
    "position" : {
      "x" : 4.381966,
      "y" : -8.124612,
      "z" : 0.0
    },
    "orientation" : 2
  }, {
    "shape" : "e31d7255-04ba-4a8a-8f89-f386ba6d20b4",
    "color" : "#000000",
    "position" : {
      "x" : 6.854102,
      "y" : -1.618034,
      "z" : -3.618034
    },
    "orientation" : 40
  }, {
    "shape" : "c8d89c63-9878-4224-a807-bc5453357d2f",
    "color" : "#9999FF",
    "position" : {
      "x" : -1.6737621,
      "y" : -1.6737621,
      "z" : -7.09017
    },
    "orientation" : 30
  }, {
    "shape" : "7a5eb831-3d9e-4fd5-9369-bd17c70f26ed",
    "color" : "#9999FF",
    "position" : {
      "x" : -5.416408,
      "y" : -4.381966,
      "z" : -2.708204
    },
    "orientation" : 39
  }, {
    "shape" : "0e19d608-2c9e-4e23-8a70-f084d9d74f69",
    "color" : "#9999FF",
    "position" : {
      "x" : -4.381966,
      "y" : -2.708204,
      "z" : 0.0
    },
    "orientation" : 39
  }, {
    "shape" : "0585e4ab-588e-41c5-8224-5ecf5904d723",
    "color" : "#000000",
    "position" : {
      "x" : -1.0344418,
      "y" : 0.63932025,
      "z" : -8.763932
    },
    "orientation" : 5
  }, {
    "shape" : "e5c078f5-c29a-4f33-8b5e-2ea44bfafcfa",
    "color" : "#FFFF00",
    "position" : {
      "x" : 6.854102,
      "y" : -6.854102,
      "z" : -6.854102
    },
    "orientation" : 39
  }, {
    "shape" : "c2ef2982-6d99-4191-9e1d-072a7438b84c",
    "color" : "#9999FF",
    "position" : {
      "x" : 1.6737621,
      "y" : -9.512461,
      "z" : -3.1708205
    },
    "orientation" : 16
  }, {
    "shape" : "6d4dee60-3602-43e8-8997-9f507dc164fb",
    "color" : "#CC0000",
    "position" : {
      "x" : -6.854102,
      "y" : -6.854102,
      "z" : -6.854102
    },
    "orientation" : 2
  }, {
    "shape" : "0585e4ab-588e-41c5-8224-5ecf5904d723",
    "color" : "#000000",
    "position" : {
      "x" : 7.09017,
      "y" : -1.6737621,
      "z" : -5.021286
    },
    "orientation" : 41
  }, {
    "shape" : "262a934c-cbd4-48d7-b351-09c52e8c8be8",
    "color" : "#000000",
    "position" : {
      "x" : -7.09017,
      "y" : -1.6737621,
      "z" : -3.7426457
    },
    "orientation" : 0
  }, {
    "shape" : "24706348-e962-4c6c-bffa-918c21869a63",
    "color" : "#9999FF",
    "position" : {
      "x" : 4.381966,
      "y" : -2.708204,
      "z" : 0.0
    },
    "orientation" : 8
  }, {
    "shape" : "22b848cd-838c-4615-83da-4819e870d376",
    "color" : "#9999FF",
    "position" : {
      "x" : 1.6737621,
      "y" : -7.09017,
      "z" : 1.6737621
    },
    "orientation" : 2
  }, {
    "shape" : "b73d8260-fd90-49d1-ae47-d421596712c3",
    "color" : "#CC0000",
    "position" : {
      "x" : 4.236068,
      "y" : -2.618034,
      "z" : -5.236068
    },
    "orientation" : 2
  }, {
    "shape" : "f4bd3677-f757-4b72-8b50-4cb9115d01aa",
    "color" : "#FF6600",
    "position" : {
      "x" : 0.0,
      "y" : -4.236068,
      "z" : -11.09017
    },
    "orientation" : 6
  }, {
    "shape" : "0b9b2898-0f64-42e0-8776-4a4e60dbf4cf",
    "color" : "#CC0000",
    "position" : {
      "x" : 0.0,
      "y" : -4.236068,
      "z" : -5.854102
    },
    "orientation" : 1
  }, {
    "shape" : "9d257317-10a7-4b34-a68a-7b0f19dca318",
    "color" : "#000000",
    "position" : {
      "x" : -2.618034,
      "y" : 0.0,
      "z" : -4.236068
    },
    "orientation" : 38
  }, {
    "shape" : "262a934c-cbd4-48d7-b351-09c52e8c8be8",
    "color" : "#000000",
    "position" : {
      "x" : 0.0,
      "y" : 1.0344418,
      "z" : -8.124612
    },
    "orientation" : 5
  }, {
    "shape" : "24706348-e962-4c6c-bffa-918c21869a63",
    "color" : "#9999FF",
    "position" : {
      "x" : 2.708204,
      "y" : -5.416408,
      "z" : -4.381966
    },
    "orientation" : 19
  }, {
    "shape" : "e768540f-1db7-4e1c-b6a7-0c5127ed6116",
    "color" : "#9999FF",
    "position" : {
      "x" : -2.708204,
      "y" : -7.838699,
      "z" : -5.8790245
    },
    "orientation" : 16
  }, {
    "shape" : "619662db-5cd6-43ef-9302-fd1a0ca31734",
    "color" : "#000000",
    "position" : {
      "x" : 7.09017,
      "y" : -1.6737621,
      "z" : -5.021286
    },
    "orientation" : 15
  }, {
    "shape" : "b73d8260-fd90-49d1-ae47-d421596712c3",
    "color" : "#FF6600",
    "position" : {
      "x" : 4.236068,
      "y" : -5.854102,
      "z" : 0.0
    },
    "orientation" : 38
  }, {
    "shape" : "f5ad89d3-09ef-4643-87bd-793e2be0d69b",
    "color" : "#FF6600",
    "position" : {
      "x" : -1.618034,
      "y" : -1.618034,
      "z" : -6.854102
    },
    "orientation" : 5
  }, {
    "shape" : "f8d9bd96-b132-43b1-9df3-4fcb99f319e1",
    "color" : "#000000",
    "position" : {
      "x" : 4.236068,
      "y" : -2.618034,
      "z" : 0.0
    },
    "orientation" : 6
  }, {
    "shape" : "824fee86-f1d8-4923-8242-d4e85173b69c",
    "color" : "#00CC00",
    "position" : {
      "x" : -1.618034,
      "y" : -6.854102,
      "z" : 1.618034
    },
    "orientation" : 17
  }, {
