{
  "field" : "golden",
  "symmetry" : "icosahedral",
  "orientations" : [ [ 1.0, 0.0, 0.0, 0.0, 0.0, 1.0, 0.0, 0.0, 0.0, 0.0, 1.0, 0.0, 0.0, 0.0, 0.0, 1.0 ], [ 0.0, 0.0, 1.0, 0.0, 1.0, 0.0, 0.0, 0.0, 0.0, 1.0, 0.0, 0.0, 0.0, 0.0, 0.0, 1.0 ], [ 0.0, 1.0, 0.0, 0.0, 0.0, 0.0, 1.0, 0.0, 1.0, 0.0, 0.0, 0.0, 0.0, 0.0, 0.0, 1.0 ], [ 0.809017, 0.309017, 0.5, 0.0, 0.309017, 0.5, -0.809017, 0.0, -0.5, 0.809017, 0.309017, 0.0, 0.0, 0.0, 0.0, 1.0 ], [ -0.5, 0.809017, 0.309017, 0.0, 0.809017, 0.309017, 0.5, 0.0, 0.309017, 0.5, -0.809017, 0.0, 0.0, 0.0, 0.0, 1.0 ], [ 0.309017, 0.5, -0.809017, 0.0, -0.5, 0.809017, 0.309017, 0.0, 0.809017, 0.309017, 0.5, 0.0, 0.0, 0.0, 0.0, 1.0 ], [ 0.5, 0.809017, 0.309017, 0.0, 0.809017, -0.309017, -0.5, 0.0, -0.309017, 0.5, -0.809017, 0.0, 0.0, 0.0, 0.0, 1.0 ], [ -0.309017, 0.5, -0.809017, 0.0, 0.5, 0.809017, 0.309017, 0.0, 0.809017, -0.309017, -0.5, 0.0, 0.0, 0.0, 0.0, 1.0 ], [ 0.809017, -0.309017, -0.5, 0.0, -0.309017, 0.5, -0.809017, 0.0, 0.5, 0.809017, 0.309017, 0.0, 0.0, 0.0, 0.0, 1.0 ], [ 0.5, 0.809017, -0.309017, 0.0, 0.809017, -0.309017, 0.5, 0.0, 0.309017, -0.5, -0.809017, 0.0, 0.0, 0.0, 0.0, 1.0 ], [ 0.309017, -0.5, -0.809017, 0.0, 0.5, 0.809017, -0.309017, 0.0, 0.809017, -0.309017, 0.5, 0.0, 0.0, 0.0, 0.0, 1.0 ], [ 0.809017, -0.309017, 0.5, 0.0, 0.309017, -0.5, -0.809017, 0.0, 0.5, 0.809017, -0.309017, 0.0, 0.0, 0.0, 0.0, 1.0 ], [ 0.809017, 0.309017, -0.5, 0.0, 0.309017, 0.5, 0.809017, 0.0, 0.5, -0.809017, 0.309017, 0.0, 0.0, 0.0, 0.0, 1.0 ], [ 0.5, -0.809017, 0.309017, 0.0, 0.809017, 0.309017, -0.5, 0.0, 0.309017, 0.5, 0.809017, 0.0, 0.0, 0.0, 0.0, 1.0 ], [ 0.309017, 0.5, 0.809017, 0.0, 0.5, -0.809017, 0.309017, 0.0, 0.809017, 0.309017, -0.5, 0.0, 0.0, 0.0, 0.0, 1.0 ], [ 1.0, 0.0, 0.0, 0.0, 0.0, -1.0, 0.0, 0.0, 0.0, 0.0, -1.0, 0.0, 0.0, 0.0, 0.0, 1.0 ], [ 0.0, 0.0, 1.0, 0.0, -1.0, 0.0, 0.0, 0.0, 0.0, -1.0, 0.0, 0.0, 0.0, 0.0, 0.0, 1.0 ], [ 0.0, 1.0, 0.0, 0.0, 0.0, 0.0, -1.0, 0.0, -1.0, 0.0, 0.0, 0.0, 0.0, 0.0, 0.0, 1.0 ], [ 0.809017, 0.309017, 0.5, 0.0, -0.309017, -0.5, 0.809017, 0.0, 0.5, -0.809017, -0.309017, 0.0, 0.0, 0.0, 0.0, 1.0 ], [ -0.5, 0.809017, 0.309017, 0.0, -0.809017, -0.309017, -0.5, 0.0, -0.309017, -0.5, 0.809017, 0.0, 0.0, 0.0, 0.0, 1.0 ], [ 0.309017, 0.5, -0.809017, 0.0, 0.5, -0.809017, -0.309017, 0.0, -0.809017, -0.309017, -0.5, 0.0, 0.0, 0.0, 0.0, 1.0 ], [ 0.5, 0.809017, 0.309017, 0.0, -0.809017, 0.309017, 0.5, 0.0, 0.309017, -0.5, 0.809017, 0.0, 0.0, 0.0, 0.0, 1.0 ], [ -0.309017, 0.5, -0.809017, 0.0, -0.5, -0.809017, -0.309017, 0.0, -0.809017, 0.309017, 0.5, 0.0, 0.0, 0.0, 0.0, 1.0 ], [ 0.809017, -0.309017, -0.5, 0.0, 0.309017, -0.5, 0.809017, 0.0, -0.5, -0.809017, -0.309017, 0.0, 0.0, 0.0, 0.0, 1.0 ], [ 0.5, 0.809017, -0.309017, 0.0, -0.809017, 0.309017, -0.5, 0.0, -0.309017, 0.5, 0.809017, 0.0, 0.0, 0.0, 0.0, 1.0 ], [ 0.309017, -0.5, -0.809017, 0.0, -0.5, -0.809017, 0.309017, 0.0, -0.809017, 0.309017, -0.5, 0.0, 0.0, 0.0, 0.0, 1.0 ], [ 0.809017, -0.309017, 0.5, 0.0, -0.309017, 0.5, 0.809017, 0.0, -0.5, -0.809017, 0.309017, 0.0, 0.0, 0.0, 0.0, 1.0 ], [ 0.809017, 0.309017, -0.5, 0.0, -0.309017, -0.5, -0.809017, 0.0, -0.5, 0.809017, -0.309017, 0.0, 0.0, 0.0, 0.0, 1.0 ], [ 0.5, -0.809017, 0.309017, 0.0, -0.809017, -0.309017, 0.5, 0.0, -0.309017, -0.5, -0.809017, 0.0, 0.0, 0.0, 0.0, 1.0 ], [ 0.309017, 0.5, 0.809017, 0.0, -0.5, 0.809017, -0.309017, 0.0, -0.809017, -0.309017, 0.5, 0.0, 0.0, 0.0, 0.0, 1.0 ], [ -1.0, 0.0, 0.0, 0.0, 0.0, -1.0, 0.0, 0.0, 0.0, 0.0, 1.0, 0.0, 0.0, 0.0, 0.0, 1.0 ], [ 0.0, 0.0, -1.0, 0.0, -1.0, 0.0, 0.0, 0.0, 0.0, 1.0, 0.0, 0.0, 0.0, 0.0, 0.0, 1.0 ], [ 0.0, -1.0, 0.0, 0.0, 0.0, 0.0, -1.0, 0.0, 1.0, 0.0, 0.0, 0.0, 0.0, 0.0, 0.0, 1.0 ], [ -0.809017, -0.309017, -0.5, 0.0, -0.309017, -0.5, 0.809017, 0.0, -0.5, 0.809017, 0.309017, 0.0, 0.0, 0.0, 0.0, 1.0 ], [ 0.5, -0.809017, -0.309017, 0.0, -0.809017, -0.309017, -0.5, 0.0, 0.309017, 0.5, -0.809017, 0.0, 0.0, 0.0, 0.0, 1.0 ], [ -0.309017, -0.5, 0.809017, 0.0, 0.5, -0.809017, -0.309017, 0.0, 0.809017, 0.309017, 0.5, 0.0, 0.0, 0.0, 0.0, 1.0 ], [ -0.5, -0.809017, -0.309017, 0.0, -0.809017, 0.309017, 0.5, 0.0, -0.309017, 0.5, -0.809017, 0.0, 0.0, 0.0, 0.0, 1.0 ], [ 0.309017, -0.5, 0.809017, 0.0, -0.5, -0.809017, -0.309017, 0.0, 0.809017, -0.309017, -0.5, 0.0, 0.0, 0.0, 0.0, 1.0 ], [ -0.809017, 0.309017, 0.5, 0.0, 0.309017, -0.5, 0.809017, 0.0, 0.5, 0.809017, 0.309017, 0.0, 0.0, 0.0, 0.0, 1.0 ], [ -0.5, -0.809017, 0.309017, 0.0, -0.809017, 0.309017, -0.5, 0.0, 0.309017, -0.5, -0.809017, 0.0, 0.0, 0.0, 0.0, 1.0 ], [ -0.309017, 0.5, 0.809017, 0.0, -0.5, -0.809017, 0.309017, 0.0, 0.809017, -0.309017, 0.5, 0.0, 0.0, 0.0, 0.0, 1.0 ], [ -0.809017, 0.309017, -0.5, 0.0, -0.309017, 0.5, 0.809017, 0.0, 0.5, 0.809017, -0.309017, 0.0, 0.0, 0.0, 0.0, 1.0 ], [ -0.809017, -0.309017, 0.5, 0.0, -0.309017, -0.5, -0.809017, 0.0, 0.5, -0.809017, 0.309017, 0.0, 0.0, 0.0, 0.0, 1.0 ], [ -0.5, 0.809017, -0.309017, 0.0, -0.809017, -0.309017, 0.5, 0.0, 0.309017, 0.5, 0.809017, 0.0, 0.0, 0.0, 0.0, 1.0 ], [ -0.309017, -0.5, -0.809017, 0.0, -0.5, 0.809017, -0.309017, 0.0, 0.809017, 0.309017, -0.5, 0.0, 0.0, 0.0, 0.0, 1.0 ], [ -1.0, 0.0, 0.0, 0.0, 0.0, 1.0, 0.0, 0.0, 0.0, 0.0, -1.0, 0.0, 0.0, 0.0, 0.0, 1.0 ], [ 0.0, 0.0, -1.0, 0.0, 1.0, 0.0, 0.0, 0.0, 0.0, -1.0, 0.0, 0.0, 0.0, 0.0, 0.0, 1.0 ], [ 0.0, -1.0, 0.0, 0.0, 0.0, 0.0, 1.0, 0.0, -1.0, 0.0, 0.0, 0.0, 0.0, 0.0, 0.0, 1.0 ], [ -0.809017, -0.309017, -0.5, 0.0, 0.309017, 0.5, -0.809017, 0.0, 0.5, -0.809017, -0.309017, 0.0, 0.0, 0.0, 0.0, 1.0 ], [ 0.5, -0.809017, -0.309017, 0.0, 0.809017, 0.309017, 0.5, 0.0, -0.309017, -0.5, 0.809017, 0.0, 0.0, 0.0, 0.0, 1.0 ], [ -0.309017, -0.5, 0.809017, 0.0, -0.5, 0.809017, 0.309017, 0.0, -0.809017, -0.309017, -0.5, 0.0, 0.0, 0.0, 0.0, 1.0 ], [ -0.5, -0.809017, -0.309017, 0.0, 0.809017, -0.309017, -0.5, 0.0, 0.309017, -0.5, 0.809017, 0.0, 0.0, 0.0, 0.0, 1.0 ], [ 0.309017, -0.5, 0.809017, 0.0, 0.5, 0.809017, 0.309017, 0.0, -0.809017, 0.309017, 0.5, 0.0, 0.0, 0.0, 0.0, 1.0 ], [ -0.809017, 0.309017, 0.5, 0.0, -0.309017, 0.5, -0.809017, 0.0, -0.5, -0.809017, -0.309017, 0.0, 0.0, 0.0, 0.0, 1.0 ], [ -0.5, -0.809017, 0.309017, 0.0, 0.809017, -0.309017, 0.5, 0.0, -0.309017, 0.5, 0.809017, 0.0, 0.0, 0.0, 0.0, 1.0 ], [ -0.309017, 0.5, 0.809017, 0.0, 0.5, 0.809017, -0.309017, 0.0, -0.809017, 0.309017, -0.5, 0.0, 0.0, 0.0, 0.0, 1.0 ], [ -0.809017, 0.309017, -0.5, 0.0, 0.309017, -0.5, -0.809017, 0.0, -0.5, -0.809017, 0.309017, 0.0, 0.0, 0.0, 0.0, 1.0 ], [ -0.809017, -0.309017, 0.5, 0.0, 0.309017, 0.5, 0.809017, 0.0, -0.5, 0.809017, -0.309017, 0.0, 0.0, 0.0, 0.0, 1.0 ], [ -0.5, 0.809017, -0.309017, 0.0, 0.809017, 0.309017, -0.5, 0.0, -0.309017, -0.5, -0.809017, 0.0, 0.0, 0.0, 0.0, 1.0 ], [ -0.309017, -0.5, -0.809017, 0.0, 0.5, -0.809017, 0.309017, 0.0, -0.809017, -0.309017, 0.5, 0.0, 0.0, 0.0, 0.0, 1.0 ] ],
  "lights" : {
    "backgroundColor" : "#AFC8DC",
    "ambientColor" : "#292929",
    "directionalLights" : [ {
      "direction" : {
        "x" : 1.0,
        "y" : -1.0,
        "z" : -1.0
      },
      "color" : "#EBEBE4"
    }, {
      "direction" : {
        "x" : -1.0,
        "y" : 0.0,
        "z" : 0.0
      },
      "color" : "#E4E4EB"
    }, {
      "direction" : {
        "x" : 0.0,
        "y" : 0.0,
        "z" : -1.0
      },
      "color" : "#1E1E1E"
    } ]
  },
  "camera" : {
    "lookDirection" : {
      "x" : 0.05265557,
      "y" : -0.63032293,
      "z" : -0.7745458
    },
    "upDirection" : {
      "x" : 0.18343885,
      "y" : 0.7685269,
      "z" : -0.61295563
    },
    "lookAtPoint" : {
      "x" : 0.0,
      "y" : 0.0,
      "z" : 0.0
    },
    "viewDistance" : 7.759201,
    "nearClipDistance" : 0.019397995,
    "farClipDistance" : 15.518382,
    "fieldOfView" : 0.44262895,
    "perspective" : true,
    "width" : 3.491641,
    "stereo" : false,
    "position" : {
      "x" : -0.40856516,
      "y" : 4.8908024,
      "z" : 6.0098567
    }
  },
  "embedding" : [ 1.0, 0.0, 0.0, 0.0, 0.0, 1.0, 0.0, 0.0, 0.0, 0.0, 1.0, 0.0, 0.0, 0.0, 0.0, 1.0 ],
  "shapes" : [ {
    "id" : "b9c4d444-f43d-4d47-8c7e-420163cc03b0",
    "vertices" : [ {
      "x" : -0.8576497,
      "y" : 0.0,
      "z" : 0.563661
    }, {
      "x" : -0.809017,
      "y" : 0.0,
      "z" : 0.690983
    }, {
      "x" : -1.0,
      "y" : 0.309017,
      "z" : 0.19098301
    }, {
      "x" : -0.9756837,
      "y" : 0.19098301,
      "z" : 0.254644
    } ],
    "faces" : [ {
      "vertices" : [ 0, 1, 2 ]
    }, {
      "vertices" : [ 0, 2, 3 ]
    }, {
      "vertices" : [ 0, 3, 2 ]
    }, {
      "vertices" : [ 0, 2, 1 ]
    } ]
  }, {
    "id" : "d6c16536-0292-4d39-a1e9-87af582abde0",
    "vertices" : [ {
      "x" : 0.5854102,
      "y" : -0.19098301,
      "z" : 0.8291796
    }, {
      "x" : 0.618034,
      "y" : -0.309017,
      "z" : 0.809017
    }, {
      "x" : 0.809017,
      "y" : 0.0,
      "z" : 0.690983
    }, {
      "x" : 0.7034442,
      "y" : 0.0,
      "z" : 0.7562306
    } ],
    "faces" : [ {
      "vertices" : [ 0, 1, 2 ]
    }, {
      "vertices" : [ 0, 2, 3 ]
    }, {
      "vertices" : [ 0, 3, 2 ]
    }, {
      "vertices" : [ 0, 2, 1 ]
    } ]
  }, {
    "id" : "f81609cb-7c26-45d0-a3a3-d5deaab86ecb",
    "vertices" : [ {
      "x" : 0.5,
      "y" : 0.0,
      "z" : 0.42705098
    }, {
      "x" : 0.52786404,
      "y" : 0.0,
      "z" : 0.40983006
    }, {
      "x" : 0.39057648,
      "y" : -0.22213596,
      "z" : 0.49467844
    }, {
      "x" : 0.38196602,
      "y" : -0.19098301,
      "z" : 0.5
    } ],
    "faces" : [ {
      "vertices" : [ 0, 1, 2 ]
    }, {
      "vertices" : [ 0, 2, 3 ]
    }, {
      "vertices" : [ 0, 3, 2 ]
    }, {
      "vertices" : [ 0, 2, 1 ]
    } ]
  }, {
    "id" : "b9b141b6-35f4-4039-b35c-6bf55610a01f",
    "vertices" : [ {
      "x" : -0.9756837,
      "y" : -0.19098301,
      "z" : 0.254644
    }, {
      "x" : -1.0,
      "y" : -0.309017,
      "z" : 0.19098301
    }, {
      "x" : -0.809017,
      "y" : 0.0,
      "z" : 0.690983
    }, {
      "x" : -0.8576497,
      "y" : 0.0,
      "z" : 0.563661
    } ],
    "faces" : [ {
      "vertices" : [ 0, 1, 2 ]
    }, {
      "vertices" : [ 0, 2, 3 ]
    }, {
      "vertices" : [ 0, 3, 2 ]
    }, {
      "vertices" : [ 0, 2, 1 ]
    } ]
  }, {
    "id" : "b2679fe1-db96-4574-bc3d-90fefa1172e1",
    "vertices" : [ {
      "x" : -0.27254248,
      "y" : -0.22213596,
      "z" : -0.30369544
    }, {
      "x" : -0.05040653,
      "y" : -0.13728757,
      "z" : -0.440983
    }, {
      "x" : -0.16844052,
      "y" : -0.13728757,
      "z" : -0.631966
    }, {
      "x" : -0.39057648,
      "y" : -0.22213596,
      "z" : -0.49467844
    } ],
    "faces" : [ {
      "vertices" : [ 0, 1, 2 ]
    }, {
      "vertices" : [ 0, 2, 3 ]
    }, {
      "vertices" : [ 0, 3, 2 ]
    }, {
      "vertices" : [ 0, 2, 1 ]
    } ]
  }, {
    "id" : "457fef5b-5317-43ce-aaf2-9342b86c6928",
    "vertices" : [ {
      "x" : -0.05040653,
      "y" : -0.13728757,
      "z" : -0.440983
    }, {
      "x" : -0.05040653,
      "y" : 0.13728757,
      "z" : -0.440983
    }, {
      "x" : -0.16844052,
      "y" : 0.13728757,
      "z" : -0.631966
    }, {
      "x" : -0.16844052,
      "y" : -0.13728757,
      "z" : -0.631966
    } ],
    "faces" : [ {
      "vertices" : [ 0, 1, 2 ]
    }, {
      "vertices" : [ 0, 2, 3 ]
    }, {
      "vertices" : [ 0, 3, 2 ]
    }, {
      "vertices" : [ 0, 2, 1 ]
    } ]
  }, {
    "id" : "739bfccc-51ca-41b1-99dc-66c1fe0434be",
    "vertices" : [ {
      "x" : -1.0,
      "y" : -0.309017,
      "z" : 0.19098301
    }, {
      "x" : -0.23606798,
      "y" : -0.19098301,
      "z" : 0.11803399
    }, {
      "x" : -0.059016995,
      "y" : 0.0,
      "z" : 0.4045085
    }, {
      "x" : -0.809017,
      "y" : 0.0,
      "z" : 0.690983
    } ],
    "faces" : [ {
      "vertices" : [ 0, 1, 2 ]
    }, {
      "vertices" : [ 0, 2, 3 ]
    }, {
      "vertices" : [ 0, 3, 2 ]
    }, {
      "vertices" : [ 0, 2, 1 ]
    } ]
  }, {
    "id" : "d4568033-a91f-4666-bbbd-6aa7b9585105",
    "vertices" : [ {
      "x" : -0.7034442,
      "y" : 0.0,
      "z" : -0.7562306
    }, {
      "x" : -0.809017,
      "y" : 0.0,
      "z" : -0.690983
    }, {
      "x" : -0.618034,
      "y" : 0.309017,
      "z" : -0.809017
    }, {
      "x" : -0.5854102,
      "y" : 0.19098301,
      "z" : -0.8291796
    } ],
    "faces" : [ {
      "vertices" : [ 0, 1, 2 ]
    }, {
      "vertices" : [ 0, 2, 3 ]
    }, {
      "vertices" : [ 0, 3, 2 ]
    }, {
      "vertices" : [ 0, 2, 1 ]
    } ]
  }, {
    "id" : "14c79662-0dac-4c63-89fd-b6f2c046b0d7",
    "vertices" : [ {
      "x" : -0.38196602,
      "y" : -0.19098301,
      "z" : -0.5
    }, {
      "x" : -0.39057648,
      "y" : -0.22213596,
      "z" : -0.49467844
    }, {
      "x" : -0.16844052,
      "y" : -0.13728757,
      "z" : -0.631966
    }, {
      "x" : -0.19098301,
      "y" : -0.11803399,
      "z" : -0.618034
    } ],
    "faces" : [ {
      "vertices" : [ 0, 1, 2 ]
    }, {
      "vertices" : [ 0, 2, 3 ]
    }, {
      "vertices" : [ 0, 3, 2 ]
    }, {
      "vertices" : [ 0, 2, 1 ]
    } ]
  }, {
    "id" : "742f5548-52b5-4cf3-8223-512213226d0e",
    "vertices" : [ {
      "x" : 0.19098301,
      "y" : -0.309017,
      "z" : 0.11803399
    }, {
      "x" : 0.4045085,
      "y" : 0.0,
      "z" : 0.036474507
    }, {
      "x" : 0.809017,
      "y" : 0.0,
      "z" : 0.690983
    }, {
      "x" : 0.618034,
      "y" : -0.309017,
      "z" : 0.809017
    } ],
    "faces" : [ {
      "vertices" : [ 0, 1, 2 ]
    }, {
      "vertices" : [ 0, 2, 3 ]
    }, {
      "vertices" : [ 0, 3, 2 ]
    }, {
      "vertices" : [ 0, 2, 1 ]
    } ]
  }, {
    "id" : "74daae6c-173d-4a6c-9ed8-72b2a2ce5784",
    "vertices" : [ {
      "x" : 0.19098301,
      "y" : 0.11803399,
      "z" : 0.618034
    }, {
      "x" : 0.16844052,
      "y" : 0.13728757,
      "z" : 0.631966
    }, {
      "x" : 0.39057648,
      "y" : 0.22213596,
      "z" : 0.49467844
    }, {
      "x" : 0.38196602,
      "y" : 0.19098301,
      "z" : 0.5
    } ],
    "faces" : [ {
      "vertices" : [ 0, 1, 2 ]
    }, {
      "vertices" : [ 0, 2, 3 ]
    }, {
      "vertices" : [ 0, 3, 2 ]
    }, {
      "vertices" : [ 0, 2, 1 ]
    } ]
  }, {
    "id" : "c3e411df-1ef5-4f2a-968d-7916855320ab",
    "vertices" : [ {
      "x" : 0.5854102,
      "y" : 0.19098301,
      "z" : 0.8291796
    }, {
      "x" : 0.618034,
      "y" : 0.309017,
      "z" : 0.809017
    }, {
      "x" : 0.309017,
      "y" : 0.19098301,
      "z" : 1.0
    }, {
      "x" : 0.39442718,
      "y" : 0.11803399,
      "z" : 0.9472136
    } ],
    "faces" : [ {
      "vertices" : [ 0, 1, 2 ]
    }, {
      "vertices" : [ 0, 2, 3 ]
    }, {
      "vertices" : [ 0, 3, 2 ]
    }, {
      "vertices" : [ 0, 2, 1 ]
    } ]
  }, {
    "id" : "81640903-2791-4ccd-b6fb-16c7782fa91d",
    "vertices" : [ {
      "x" : 0.809017,
      "y" : 0.0,
      "z" : -0.690983
    }, {
      "x" : 1.0,
      "y" : -0.309017,
      "z" : -0.19098301
    }, {
      "x" : 0.23606798,
      "y" : -0.19098301,
      "z" : -0.11803399
    }, {
      "x" : 0.059016995,
      "y" : 0.0,
      "z" : -0.4045085
    } ],
    "faces" : [ {
      "vertices" : [ 0, 1, 2 ]
    }, {
      "vertices" : [ 0, 2, 3 ]
    }, {
      "vertices" : [ 0, 3, 2 ]
    }, {
      "vertices" : [ 0, 2, 1 ]
    } ]
  }, {
    "id" : "d7fc291a-b11f-4d03-8b9e-1db84874a1e0",
    "vertices" : [ {
      "x" : -0.19098301,
      "y" : 0.309017,
      "z" : -0.11803399
    }, {
      "x" : -0.4045085,
      "y" : 0.0,
      "z" : -0.036474507
    }, {
      "x" : -1.0,
      "y" : -0.309017,
      "z" : 0.19098301
    }, {
      "x" : -1.0,
      "y" : 0.309017,
      "z" : 0.19098301
    } ],
    "faces" : [ {
      "vertices" : [ 0, 1, 2 ]
    }, {
      "vertices" : [ 0, 2, 3 ]
    }, {
      "vertices" : [ 0, 3, 2 ]
    }, {
      "vertices" : [ 0, 2, 1 ]
    } ]
  }, {
    "id" : "24a85845-62f6-49f4-a310-24261930242e",
    "vertices" : [ {
      "x" : 0.05040653,
      "y" : 0.13728757,
      "z" : 0.440983
    }, {
      "x" : 0.27254248,
      "y" : 0.22213596,
      "z" : 0.30369544
    }, {
      "x" : 0.39057648,
      "y" : 0.22213596,
      "z" : 0.49467844
    }, {
      "x" : 0.16844052,
      "y" : 0.13728757,
      "z" : 0.631966
    } ],
    "faces" : [ {
      "vertices" : [ 0, 1, 2 ]
    }, {
      "vertices" : [ 0, 2, 3 ]
    }, {
      "vertices" : [ 0, 3, 2 ]
    }, {
      "vertices" : [ 0, 2, 1 ]
    } ]
  }, {
    "id" : "ce2e77f7-0918-4a66-9974-16dbde84076a",
    "vertices" : [ {
      "x" : 0.62335557,
      "y" : 0.2168144,
      "z" : -0.10410196
    }, {
      "x" : 0.50532156,
      "y" : 0.2168144,
      "z" : -0.059016995
    }, {
      "x" : 0.3713229,
      "y" : 0.0,
      "z" : -0.40983006
    }, {
      "x" : 0.48935688,
      "y" : 0.0,
      "z" : -0.45491502
    } ],
    "faces" : [ {
      "vertices" : [ 0, 1, 2 ]
    }, {
      "vertices" : [ 0, 2, 3 ]
    }, {
      "vertices" : [ 0, 3, 2 ]
    }, {
      "vertices" : [ 0, 2, 1 ]
    } ]
  }, {
    "id" : "bbebaeee-0d02-48ff-8e9e-9ef16c90c3c8",
    "vertices" : [ {
      "x" : -0.618034,
      "y" : 0.19098301,
      "z" : 0.11803399
    }, {
      "x" : -0.62335557,
      "y" : 0.2168144,
      "z" : 0.10410196
    }, {
      "x" : -0.48935688,
      "y" : 0.0,
      "z" : 0.45491502
    }, {
      "x" : -0.5,
      "y" : 0.0,
      "z" : 0.42705098
    } ],
    "faces" : [ {
      "vertices" : [ 0, 1, 2 ]
    }, {
      "vertices" : [ 0, 2, 3 ]
    }, {
      "vertices" : [ 0, 3, 2 ]
    }, {
      "vertices" : [ 0, 2, 1 ]
    } ]
  }, {
    "id" : "b6bdc2df-78e0-4338-8657-eab01eb60947",
    "vertices" : [ {
      "x" : 0.5,
      "y" : 0.0,
      "z" : -0.42705098
    }, {
      "x" : 0.48935688,
      "y" : 0.0,
      "z" : -0.45491502
    }, {
      "x" : 0.62335557,
      "y" : -0.2168144,
      "z" : -0.10410196
    }, {
      "x" : 0.618034,
      "y" : -0.19098301,
      "z" : -0.11803399
    } ],
    "faces" : [ {
      "vertices" : [ 0, 1, 2 ]
    }, {
      "vertices" : [ 0, 2, 3 ]
    }, {
      "vertices" : [ 0, 3, 2 ]
    }, {
      "vertices" : [ 0, 2, 1 ]
    } ]
  }, {
    "id" : "b02fba27-207a-4d6b-b4cd-8e7b547346ed",
    "vertices" : [ {
      "x" : -0.23606798,
      "y" : -0.19098301,
      "z" : 0.11803399
    }, {
      "x" : 0.309017,
      "y" : -0.19098301,
      "z" : 1.0
    }, {
      "x" : 0.309017,
      "y" : 0.19098301,
      "z" : 1.0
    }, {
      "x" : -0.059016995,
      "y" : 0.0,
      "z" : 0.4045085
    } ],
    "faces" : [ {
      "vertices" : [ 0, 1, 2 ]
    }, {
      "vertices" : [ 0, 2, 3 ]
    }, {
      "vertices" : [ 0, 3, 2 ]
    }, {
      "vertices" : [ 0, 2, 1 ]
    } ]
  }, {
    "id" : "3ae80fd3-66f3-442b-8251-1965c52a3fee",
    "vertices" : [ {
      "x" : -0.19098301,
      "y" : 0.309017,
      "z" : -0.11803399
    }, {
      "x" : -0.23606798,
      "y" : 0.19098301,
      "z" : 0.11803399
    }, {
      "x" : 0.19098301,
      "y" : 0.309017,
      "z" : 0.11803399
    } ],
    "faces" : [ {
      "vertices" : [ 0, 1, 2 ]
    }, {
      "vertices" : [ 0, 2, 1 ]
    } ]
  }, {
    "id" : "08bd0b72-7b4c-42c1-96e2-e667d5515fff",
    "vertices" : [ {
      "x" : 0.39442718,
      "y" : 0.11803399,
      "z" : 0.9472136
    }, {
      "x" : 0.19098301,
      "y" : 0.11803399,
      "z" : 0.618034
    }, {
      "x" : 0.38196602,
      "y" : 0.19098301,
      "z" : 0.5
    }, {
      "x" : 0.5854102,
      "y" : 0.19098301,
      "z" : 0.8291796
    } ],
    "faces" : [ {
      "vertices" : [ 0, 1, 2 ]
    }, {
      "vertices" : [ 0, 2, 3 ]
    }, {
      "vertices" : [ 0, 3, 2 ]
    }, {
      "vertices" : [ 0, 2, 1 ]
    } ]
  }, {
    "id" : "e0f8485b-ebc5-47de-a167-c7e14aed7820",
    "vertices" : [ {
      "x" : 0.9756837,
      "y" : 0.19098301,
      "z" : -0.254644
    }, {
      "x" : 1.0,
      "y" : 0.309017,
      "z" : -0.19098301
    }, {
      "x" : 1.0,
      "y" : -0.309017,
      "z" : -0.19098301
    }, {
      "x" : 0.9756837,
      "y" : -0.19098301,
      "z" : -0.254644
    } ],
    "faces" : [ {
      "vertices" : [ 0, 1, 2 ]
    }, {
      "vertices" : [ 0, 2, 3 ]
    }, {
      "vertices" : [ 0, 3, 2 ]
    }, {
      "vertices" : [ 0, 2, 1 ]
    } ]
  }, {
    "id" : "ea649460-13ab-4801-a8c1-2372a87c5a83",
    "vertices" : [ {
      "x" : 0.5854102,
      "y" : -0.19098301,
      "z" : 0.8291796
    }, {
      "x" : 0.38196602,
      "y" : -0.19098301,
      "z" : 0.5
    }, {
      "x" : 0.19098301,
      "y" : -0.11803399,
      "z" : 0.618034
    }, {
      "x" : 0.39442718,
      "y" : -0.11803399,
      "z" : 0.9472136
    } ],
    "faces" : [ {
      "vertices" : [ 0, 1, 2 ]
    }, {
      "vertices" : [ 0, 2, 3 ]
    }, {
      "vertices" : [ 0, 3, 2 ]
    }, {
      "vertices" : [ 0, 2, 1 ]
    } ]
  }, {
    "id" : "f2fb71d3-77a5-4864-a790-b433a96e6702",
    "vertices" : [ {
      "x" : -0.059016995,
      "y" : 0.0,
      "z" : 0.4045085
    }, {
      "x" : -0.23606798,
      "y" : 0.19098301,
      "z" : 0.11803399
    }, {
      "x" : -1.0,
      "y" : 0.309017,
      "z" : 0.19098301
    }, {
      "x" : -0.809017,
      "y" : 0.0,
      "z" : 0.690983
    } ],
    "faces" : [ {
      "vertices" : [ 0, 1, 2 ]
    }, {
      "vertices" : [ 0, 2, 3 ]
    }, {
      "vertices" : [ 0, 3, 2 ]
    }, {
      "vertices" : [ 0, 2, 1 ]
    } ]
  }, {
    "id" : "9c640079-4d97-4cc4-a28f-6faae155a409",
    "vertices" : [ {
      "x" : -0.9756837,
      "y" : 0.19098301,
      "z" : 0.254644
    }, {
      "x" : -1.0,
      "y" : 0.309017,
      "z" : 0.19098301
    }, {
      "x" : -1.0,
      "y" : -0.309017,
      "z" : 0.19098301
    }, {
      "x" : -0.9756837,
      "y" : -0.19098301,
      "z" : 0.254644
    } ],
    "faces" : [ {
      "vertices" : [ 0, 1, 2 ]
    }, {
      "vertices" : [ 0, 2, 3 ]
    }, {
      "vertices" : [ 0, 3, 2 ]
    }, {
      "vertices" : [ 0, 2, 1 ]
    } ]
  }, {
    "id" : "ad365433-1828-48a5-85b4-1dba19bcc4cf",
    "vertices" : [ {
      "x" : 0.39442718,
      "y" : -0.11803399,
      "z" : 0.9472136
    }, {
      "x" : 0.309017,
      "y" : -0.19098301,
      "z" : 1.0
    }, {
      "x" : 0.618034,
      "y" : -0.309017,
      "z" : 0.809017
    }, {
      "x" : 0.5854102,
      "y" : -0.19098301,
      "z" : 0.8291796
    } ],
    "faces" : [ {
      "vertices" : [ 0, 1, 2 ]
    }, {
      "vertices" : [ 0, 2, 3 ]
    }, {
      "vertices" : [ 0, 3, 2 ]
    }, {
      "vertices" : [ 0, 2, 1 ]
    } ]
  }, {
    "id" : "c6945e91-892e-4920-bb08-1e509148f84b",
    "vertices" : [ {
      "x" : -0.5854102,
      "y" : 0.19098301,
      "z" : -0.8291796
    }, {
      "x" : -0.618034,
      "y" : 0.309017,
      "z" : -0.809017
    }, {
      "x" : -0.309017,
      "y" : 0.19098301,
      "z" : -1.0
    }, {
      "x" : -0.39442718,
      "y" : 0.11803399,
      "z" : -0.9472136
    } ],
    "faces" : [ {
      "vertices" : [ 0, 1, 2 ]
    }, {
      "vertices" : [ 0, 2, 3 ]
    }, {
      "vertices" : [ 0, 3, 2 ]
    }, {
      "vertices" : [ 0, 2, 1 ]
    } ]
  }, {
    "id" : "e6f836c7-f236-40d0-a9c4-c7c41abea0f4",
    "vertices" : [ {
      "x" : -0.27254248,
      "y" : 0.22213596,
      "z" : -0.30369544
    }, {
      "x" : -0.40983006,
      "y" : 0.0,
      "z" : -0.21884705
    }, {
      "x" : -0.52786404,
      "y" : 0.0,
      "z" : -0.40983006
    }, {
      "x" : -0.39057648,
      "y" : 0.22213596,
      "z" : -0.49467844
    } ],
    "faces" : [ {
      "vertices" : [ 0, 1, 2 ]
    }, {
      "vertices" : [ 0, 2, 3 ]
    }, {
      "vertices" : [ 0, 3, 2 ]
    }, {
      "vertices" : [ 0, 2, 1 ]
    } ]
  }, {
    "id" : "164b73a1-e4b1-4eaf-aa40-4e7279323eb5",
    "vertices" : [ {
      "x" : 0.19098301,
      "y" : -0.11803399,
      "z" : 0.618034
    }, {
      "x" : 0.16844052,
      "y" : -0.13728757,
      "z" : 0.631966
    }, {
      "x" : 0.16844052,
      "y" : 0.13728757,
      "z" : 0.631966
    }, {
      "x" : 0.19098301,
      "y" : 0.11803399,
      "z" : 0.618034
    } ],
    "faces" : [ {
      "vertices" : [ 0, 1, 2 ]
    }, {
      "vertices" : [ 0, 2, 3 ]
    }, {
      "vertices" : [ 0, 3, 2 ]
    }, {
      "vertices" : [ 0, 2, 1 ]
    } ]
  }, {
    "id" : "ff757684-6c59-4be9-99eb-e5e0410434a8",
    "vertices" : [ {
      "x" : 0.62335557,
      "y" : -0.2168144,
      "z" : -0.10410196
    }, {
      "x" : 0.50532156,
      "y" : -0.2168144,
      "z" : -0.059016995
    }, {
      "x" : 0.50532156,
      "y" : 0.2168144,
      "z" : -0.059016995
    }, {
      "x" : 0.62335557,
      "y" : 0.2168144,
      "z" : -0.10410196
    } ],
    "faces" : [ {
      "vertices" : [ 0, 1, 2 ]
    }, {
      "vertices" : [ 0, 2, 3 ]
    }, {
      "vertices" : [ 0, 3, 2 ]
    }, {
      "vertices" : [ 0, 2, 1 ]
    } ]
  }, {
    "id" : "9650ba2e-3942-4936-8731-a38d3ed089e5",
    "vertices" : [ {
      "x" : -0.5854102,
      "y" : 0.19098301,
      "z" : -0.8291796
    }, {
      "x" : -0.38196602,
      "y" : 0.19098301,
      "z" : -0.5
    }, {
      "x" : -0.5,
      "y" : 0.0,
      "z" : -0.42705098
    }, {
      "x" : -0.7034442,
      "y" : 0.0,
      "z" : -0.7562306
    } ],
    "faces" : [ {
      "vertices" : [ 0, 1, 2 ]
    }, {
      "vertices" : [ 0, 2, 3 ]
    }, {
      "vertices" : [ 0, 3, 2 ]
    }, {
      "vertices" : [ 0, 2, 1 ]
    } ]
  }, {
    "id" : "120e5ef5-8a0a-4d56-ac5f-b02292e524cb",
    "vertices" : [ {
      "x" : 0.7034442,
      "y" : 0.0,
      "z" : 0.7562306
    }, {
      "x" : 0.809017,
      "y" : 0.0,
      "z" : 0.690983
    }, {
      "x" : 0.618034,
      "y" : 0.309017,
      "z" : 0.809017
    }, {
      "x" : 0.5854102,
      "y" : 0.19098301,
      "z" : 0.8291796
    } ],
    "faces" : [ {
      "vertices" : [ 0, 1, 2 ]
    }, {
      "vertices" : [ 0, 2, 3 ]
    }, {
      "vertices" : [ 0, 3, 2 ]
    }, {
      "vertices" : [ 0, 2, 1 ]
    } ]
  }, {
    "id" : "4f21d756-ad97-4a9b-adb6-da31bfb7cf1d",
    "vertices" : [ {
      "x" : 0.7034442,
      "y" : 0.0,
      "z" : 0.7562306
    }, {
      "x" : 0.5,
      "y" : 0.0,
      "z" : 0.42705098
    }, {
      "x" : 0.38196602,
      "y" : -0.19098301,
      "z" : 0.5
    }, {
      "x" : 0.5854102,
      "y" : -0.19098301,
      "z" : 0.8291796
    } ],
    "faces" : [ {
      "vertices" : [ 0, 1, 2 ]
    }, {
      "vertices" : [ 0, 2, 3 ]
    }, {
      "vertices" : [ 0, 3, 2 ]
    }, {
      "vertices" : [ 0, 2, 1 ]
    } ]
  }, {
    "id" : "753bb201-f382-43c1-9f70-c6bba2f24e7e",
    "vertices" : [ {
      "x" : -0.39442718,
      "y" : 0.11803399,
      "z" : -0.9472136
    }, {
      "x" : -0.309017,
      "y" : 0.19098301,
      "z" : -1.0
    }, {
      "x" : -0.309017,
      "y" : -0.19098301,
      "z" : -1.0
    }, {
      "x" : -0.39442718,
      "y" : -0.11803399,
      "z" : -0.9472136
    } ],
    "faces" : [ {
      "vertices" : [ 0, 1, 2 ]
    }, {
      "vertices" : [ 0, 2, 3 ]
    }, {
      "vertices" : [ 0, 3, 2 ]
    }, {
      "vertices" : [ 0, 2, 1 ]
    } ]
  }, {
    "id" : "767b2e26-0ff0-4891-b67a-27918b8ce152",
    "vertices" : [ {
      "x" : 0.27254248,
      "y" : 0.22213596,
      "z" : 0.30369544
    }, {
      "x" : 0.05040653,
      "y" : 0.13728757,
      "z" : 0.440983
    }, {
      "x" : 0.05040653,
      "y" : -0.13728757,
      "z" : 0.440983
    }, {
      "x" : 0.27254248,
      "y" : -0.22213596,
      "z" : 0.30369544
    }, {
      "x" : 0.40983006,
      "y" : 0.0,
      "z" : 0.21884705
    } ],
    "faces" : [ {
      "vertices" : [ 0, 1, 2 ]
    }, {
      "vertices" : [ 0, 2, 3 ]
    }, {
      "vertices" : [ 0, 3, 4 ]
    }, {
      "vertices" : [ 0, 4, 3 ]
    }, {
      "vertices" : [ 0, 3, 2 ]
    }, {
      "vertices" : [ 0, 2, 1 ]
    } ]
  }, {
    "id" : "7d330fd8-1837-4304-a7fd-b2f1f68e1b9d",
    "vertices" : [ {
      "x" : -0.39442718,
      "y" : -0.11803399,
      "z" : -0.9472136
    }, {
      "x" : -0.19098301,
      "y" : -0.11803399,
      "z" : -0.618034
    }, {
      "x" : -0.19098301,
      "y" : 0.11803399,
      "z" : -0.618034
    }, {
      "x" : -0.39442718,
      "y" : 0.11803399,
      "z" : -0.9472136
    } ],
    "faces" : [ {
      "vertices" : [ 0, 1, 2 ]
    }, {
      "vertices" : [ 0, 2, 3 ]
    }, {
      "vertices" : [ 0, 3, 2 ]
    }, {
      "vertices" : [ 0, 2, 1 ]
    } ]
  }, {
    "id" : "cc5cbaf6-177f-4bf5-91db-a06f8e7edbf2",
    "vertices" : [ {
      "x" : -0.618034,
      "y" : 0.309017,
      "z" : -0.809017
    }, {
      "x" : -0.19098301,
      "y" : 0.309017,
      "z" : -0.11803399
    }, {
      "x" : 0.23606798,
      "y" : 0.19098301,
      "z" : -0.11803399
    }, {
      "x" : -0.309017,
      "y" : 0.19098301,
      "z" : -1.0
    } ],
    "faces" : [ {
      "vertices" : [ 0, 1, 2 ]
    }, {
      "vertices" : [ 0, 2, 3 ]
    }, {
      "vertices" : [ 0, 3, 2 ]
    }, {
      "vertices" : [ 0, 2, 1 ]
    } ]
  }, {
    "id" : "5a6eeecc-3717-4c55-a426-7bdf72624a63",
    "vertices" : [ {
      "x" : 0.39442718,
      "y" : -0.11803399,
      "z" : 0.9472136
    }, {
      "x" : 0.19098301,
      "y" : -0.11803399,
      "z" : 0.618034
    }, {
      "x" : 0.19098301,
      "y" : 0.11803399,
      "z" : 0.618034
    }, {
      "x" : 0.39442718,
      "y" : 0.11803399,
      "z" : 0.9472136
    } ],
    "faces" : [ {
      "vertices" : [ 0, 1, 2 ]
    }, {
      "vertices" : [ 0, 2, 3 ]
    }, {
      "vertices" : [ 0, 3, 2 ]
    }, {
      "vertices" : [ 0, 2, 1 ]
    } ]
  }, {
    "id" : "384bfead-7881-4ffb-b167-d0cb55415806",
    "vertices" : [ {
      "x" : 0.23606798,
      "y" : -0.19098301,
      "z" : -0.11803399
    }, {
      "x" : -0.19098301,
      "y" : -0.309017,
      "z" : -0.11803399
    }, {
      "x" : -0.618034,
      "y" : -0.309017,
      "z" : -0.809017
    }, {
      "x" : -0.309017,
      "y" : -0.19098301,
      "z" : -1.0
    } ],
    "faces" : [ {
      "vertices" : [ 0, 1, 2 ]
    }, {
      "vertices" : [ 0, 2, 3 ]
    }, {
      "vertices" : [ 0, 3, 2 ]
    }, {
      "vertices" : [ 0, 2, 1 ]
    } ]
  }, {
    "id" : "8aae67a8-b56c-4d71-93bc-63536a919182",
    "vertices" : [ {
      "x" : -0.19098301,
      "y" : 0.11803399,
      "z" : -0.618034
    }, {
      "x" : -0.16844052,
      "y" : 0.13728757,
      "z" : -0.631966
    }, {
      "x" : -0.39057648,
      "y" : 0.22213596,
      "z" : -0.49467844
    }, {
      "x" : -0.38196602,
      "y" : 0.19098301,
      "z" : -0.5
    } ],
    "faces" : [ {
      "vertices" : [ 0, 1, 2 ]
    }, {
      "vertices" : [ 0, 2, 3 ]
    }, {
      "vertices" : [ 0, 3, 2 ]
    }, {
      "vertices" : [ 0, 2, 1 ]
    } ]
  }, {
    "id" : "fd21ba22-ce60-41cd-b90e-35b78907ad38",
    "vertices" : [ {
      "x" : 0.19098301,
      "y" : 0.309017,
      "z" : 0.11803399
    }, {
      "x" : 0.23606798,
      "y" : 0.19098301,
      "z" : -0.11803399
    }, {
      "x" : -0.19098301,
      "y" : 0.309017,
      "z" : -0.11803399
    } ],
    "faces" : [ {
      "vertices" : [ 0, 1, 2 ]
    }, {
      "vertices" : [ 0, 2, 1 ]
    } ]
  }, {
    "id" : "3921c690-596f-463f-9684-5a074d8f6a78",
    "vertices" : [ {
      "x" : -0.19098301,
      "y" : -0.309017,
      "z" : -0.11803399
    }, {
      "x" : 0.19098301,
      "y" : -0.309017,
      "z" : 0.11803399
    }, {
      "x" : -0.23606798,
      "y" : -0.19098301,
      "z" : 0.11803399
    } ],
    "faces" : [ {
      "vertices" : [ 0, 1, 2 ]
    }, {
      "vertices" : [ 0, 2, 1 ]
    } ]
  }, {
    "id" : "4ba780bd-5f9f-49dc-8967-a7942efa4980",
    "vertices" : [ {
      "x" : 1.0,
      "y" : 0.309017,
      "z" : -0.19098301
    }, {
      "x" : 0.23606798,
      "y" : 0.19098301,
      "z" : -0.11803399
    }, {
      "x" : 0.19098301,
      "y" : 0.309017,
      "z" : 0.11803399
    } ],
    "faces" : [ {
      "vertices" : [ 0, 1, 2 ]
    }, {
      "vertices" : [ 0, 2, 1 ]
    } ]
  }, {
    "id" : "e9c5f26a-2d15-47f0-ba32-4736b8af6ad9",
    "vertices" : [ {
      "x" : -0.5854102,
      "y" : -0.19098301,
      "z" : -0.8291796
    }, {
      "x" : -0.38196602,
      "y" : -0.19098301,
      "z" : -0.5
    }, {
      "x" : -0.19098301,
      "y" : -0.11803399,
      "z" : -0.618034
    }, {
      "x" : -0.39442718,
      "y" : -0.11803399,
      "z" : -0.9472136
    } ],
    "faces" : [ {
      "vertices" : [ 0, 1, 2 ]
    }, {
      "vertices" : [ 0, 2, 3 ]
    }, {
      "vertices" : [ 0, 3, 2 ]
    }, {
      "vertices" : [ 0, 2, 1 ]
    } ]
  }, {
    "id" : "e1748743-ce74-4c49-918a-8484c6f8f801",
    "vertices" : [ {
      "x" : -0.618034,
      "y" : 0.19098301,
      "z" : 0.11803399
    }, {
      "x" : -0.5,
      "y" : 0.0,
      "z" : 0.42705098
    }, {
      "x" : -0.8576497,
      "y" : 0.0,
      "z" : 0.563661
    }, {
      "x" : -0.9756837,
      "y" : 0.19098301,
      "z" : 0.254644
    } ],
    "faces" : [ {
      "vertices" : [ 0, 1, 2 ]
    }, {
      "vertices" : [ 0, 2, 3 ]
    }, {
      "vertices" : [ 0, 3, 2 ]
    }, {
      "vertices" : [ 0, 2, 1 ]
    } ]
  }, {
    "id" : "b717fa6f-4b66-4b81-9bdf-d950a294efe2",
    "vertices" : [ {
      "x" : 0.5,
      "y" : 0.0,
      "z" : -0.42705098
    }, {
      "x" : 0.618034,
      "y" : -0.19098301,
      "z" : -0.11803399
    }, {
      "x" : 0.9756837,
      "y" : -0.19098301,
      "z" : -0.254644
    }, {
      "x" : 0.8576497,
      "y" : 0.0,
      "z" : -0.563661
    } ],
    "faces" : [ {
      "vertices" : [ 0, 1, 2 ]
    }, {
      "vertices" : [ 0, 2, 3 ]
    }, {
      "vertices" : [ 0, 3, 2 ]
    }, {
      "vertices" : [ 0, 2, 1 ]
    } ]
  }, {
    "id" : "a01f2ee1-0faf-4657-bd2e-5bb5f8979fdd",
    "vertices" : [ {
      "x" : 0.50532156,
      "y" : -0.2168144,
      "z" : -0.059016995
    }, {
      "x" : 0.3713229,
      "y" : 0.0,
      "z" : -0.40983006
    }, {
      "x" : 0.50532156,
      "y" : 0.2168144,
      "z" : -0.059016995
    } ],
    "faces" : [ {
      "vertices" : [ 0, 1, 2 ]
    }, {
      "vertices" : [ 0, 2, 1 ]
    } ]
  }, {
    "id" : "4bb3c534-cd90-4ec4-83cf-164d040d309b",
    "vertices" : [ {
      "x" : 0.40983006,
      "y" : 0.0,
      "z" : 0.21884705
    }, {
      "x" : 0.27254248,
      "y" : -0.22213596,
      "z" : 0.30369544
    }, {
      "x" : 0.39057648,
      "y" : -0.22213596,
      "z" : 0.49467844
    }, {
      "x" : 0.52786404,
      "y" : 0.0,
      "z" : 0.40983006
    } ],
    "faces" : [ {
      "vertices" : [ 0, 1, 2 ]
    }, {
      "vertices" : [ 0, 2, 3 ]
    }, {
      "vertices" : [ 0, 3, 2 ]
    }, {
      "vertices" : [ 0, 2, 1 ]
    } ]
  }, {
    "id" : "2e22e223-fbe9-4c11-90d5-2b13bbda69f3",
    "vertices" : [ {
      "x" : 0.38196602,
      "y" : -0.19098301,
      "z" : 0.5
    }, {
      "x" : 0.39057648,
      "y" : -0.22213596,
      "z" : 0.49467844
    }, {
      "x" : 0.16844052,
      "y" : -0.13728757,
      "z" : 0.631966
    }, {
      "x" : 0.19098301,
      "y" : -0.11803399,
      "z" : 0.618034
    } ],
    "faces" : [ {
      "vertices" : [ 0, 1, 2 ]
    }, {
      "vertices" : [ 0, 2, 3 ]
    }, {
      "vertices" : [ 0, 3, 2 ]
    }, {
      "vertices" : [ 0, 2, 1 ]
    } ]
  }, {
    "id" : "5a830a00-a9c2-42e1-8282-4f61c026cb4d",
    "vertices" : [ {
      "x" : -0.62335557,
      "y" : -0.2168144,
      "z" : 0.10410196
    }, {
      "x" : -0.50532156,
      "y" : -0.2168144,
      "z" : 0.059016995
    }, {
      "x" : -0.50532156,
      "y" : 0.2168144,
      "z" : 0.059016995
    }, {
      "x" : -0.62335557,
      "y" : 0.2168144,
      "z" : 0.10410196
    } ],
    "faces" : [ {
      "vertices" : [ 0, 1, 2 ]
    }, {
      "vertices" : [ 0, 2, 3 ]
    }, {
      "vertices" : [ 0, 3, 2 ]
    }, {
      "vertices" : [ 0, 2, 1 ]
    } ]
  }, {
    "id" : "1f51f96e-e655-47d4-859e-0980481ffe07",
    "vertices" : [ {
      "x" : -0.19098301,
      "y" : 0.309017,
      "z" : -0.11803399
    }, {
      "x" : -0.618034,
      "y" : 0.309017,
      "z" : -0.809017
    }, {
      "x" : -0.809017,
      "y" : 0.0,
      "z" : -0.690983
    }, {
      "x" : -0.4045085,
      "y" : 0.0,
      "z" : -0.036474507
    } ],
    "faces" : [ {
      "vertices" : [ 0, 1, 2 ]
    }, {
      "vertices" : [ 0, 2, 3 ]
    }, {
      "vertices" : [ 0, 3, 2 ]
    }, {
      "vertices" : [ 0, 2, 1 ]
    } ]
  }, {
    "id" : "9a017aed-3136-44e0-b5b8-07c16f1d0f9b",
    "vertices" : [ {
      "x" : -0.50532156,
      "y" : -0.2168144,
      "z" : 0.059016995
    }, {
      "x" : -0.3713229,
      "y" : 0.0,
      "z" : 0.40983006
    }, {
      "x" : -0.50532156,
      "y" : 0.2168144,
      "z" : 0.059016995
    } ],
    "faces" : [ {
      "vertices" : [ 0, 1, 2 ]
    }, {
      "vertices" : [ 0, 2, 1 ]
    } ]
  }, {
    "id" : "88f6bf77-a145-435d-b993-d2b05462be88",
    "vertices" : [ {
      "x" : -0.19098301,
      "y" : -0.11803399,
      "z" : -0.618034
    }, {
      "x" : -0.16844052,
      "y" : -0.13728757,
      "z" : -0.631966
    }, {
      "x" : -0.16844052,
      "y" : 0.13728757,
      "z" : -0.631966
    }, {
      "x" : -0.19098301,
      "y" : 0.11803399,
      "z" : -0.618034
    } ],
    "faces" : [ {
      "vertices" : [ 0, 1, 2 ]
    }, {
      "vertices" : [ 0, 2, 3 ]
    }, {
      "vertices" : [ 0, 3, 2 ]
    }, {
      "vertices" : [ 0, 2, 1 ]
    } ]
  }, {
    "id" : "3cc30ea0-4ec3-4dc9-82b2-17d61d2857ee",
    "vertices" : [ {
      "x" : -0.40983006,
      "y" : 0.0,
      "z" : -0.21884705
    }, {
      "x" : -0.27254248,
      "y" : -0.22213596,
      "z" : -0.30369544
    }, {
      "x" : -0.39057648,
      "y" : -0.22213596,
      "z" : -0.49467844
    }, {
      "x" : -0.52786404,
      "y" : 0.0,
      "z" : -0.40983006
    } ],
    "faces" : [ {
      "vertices" : [ 0, 1, 2 ]
    }, {
      "vertices" : [ 0, 2, 3 ]
    }, {
      "vertices" : [ 0, 3, 2 ]
    }, {
      "vertices" : [ 0, 2, 1 ]
    } ]
  }, {
    "id" : "c0d60e0c-e2ee-4860-9f41-10552edeabf5",
    "vertices" : [ {
      "x" : 0.27254248,
      "y" : -0.22213596,
      "z" : 0.30369544
    }, {
      "x" : 0.05040653,
      "y" : -0.13728757,
      "z" : 0.440983
    }, {
      "x" : 0.16844052,
      "y" : -0.13728757,
      "z" : 0.631966
    }, {
      "x" : 0.39057648,
      "y" : -0.22213596,
      "z" : 0.49467844
    } ],
    "faces" : [ {
      "vertices" : [ 0, 1, 2 ]
    }, {
      "vertices" : [ 0, 2, 3 ]
    }, {
      "vertices" : [ 0, 3, 2 ]
    }, {
      "vertices" : [ 0, 2, 1 ]
    } ]
  }, {
    "id" : "300b1da9-4261-4e91-9c84-7325989cdd7b",
    "vertices" : [ {
      "x" : 0.618034,
      "y" : 0.19098301,
      "z" : -0.11803399
    }, {
      "x" : 0.5,
      "y" : 0.0,
      "z" : -0.42705098
    }, {
      "x" : 0.8576497,
      "y" : 0.0,
      "z" : -0.563661
    }, {
      "x" : 0.9756837,
      "y" : 0.19098301,
      "z" : -0.254644
    } ],
    "faces" : [ {
      "vertices" : [ 0, 1, 2 ]
    }, {
      "vertices" : [ 0, 2, 3 ]
    }, {
      "vertices" : [ 0, 3, 2 ]
    }, {
      "vertices" : [ 0, 2, 1 ]
    } ]
  }, {
    "id" : "3888b4e8-0a42-4ff3-8416-a2e953472ae3",
    "vertices" : [ {
      "x" : -0.39442718,
      "y" : 0.11803399,
      "z" : -0.9472136
    }, {
      "x" : -0.19098301,
      "y" : 0.11803399,
      "z" : -0.618034
    }, {
      "x" : -0.38196602,
      "y" : 0.19098301,
      "z" : -0.5
    }, {
      "x" : -0.5854102,
      "y" : 0.19098301,
      "z" : -0.8291796
    } ],
    "faces" : [ {
      "vertices" : [ 0, 1, 2 ]
    }, {
      "vertices" : [ 0, 2, 3 ]
    }, {
      "vertices" : [ 0, 3, 2 ]
    }, {
      "vertices" : [ 0, 2, 1 ]
    } ]
  }, {
    "id" : "d2a29fd0-edb3-4e85-8ef8-8ed7e222a4e9",
    "vertices" : [ {
      "x" : 0.8576497,
      "y" : 0.0,
      "z" : -0.563661
    }, {
      "x" : 0.809017,
      "y" : 0.0,
      "z" : -0.690983
    }, {
      "x" : 1.0,
      "y" : 0.309017,
      "z" : -0.19098301
    }, {
      "x" : 0.9756837,
      "y" : 0.19098301,
      "z" : -0.254644
    } ],
    "faces" : [ {
      "vertices" : [ 0, 1, 2 ]
    }, {
      "vertices" : [ 0, 2, 3 ]
    }, {
      "vertices" : [ 0, 3, 2 ]
    }, {
      "vertices" : [ 0, 2, 1 ]
    } ]
  }, {
    "id" : "db7c1d9e-10ab-4e60-ae7a-1dca1f0d01e6",
    "vertices" : [ {
