{
  "polygons" : "true",
  "field" : "golden",
  "symmetry" : "icosahedral",
  "orientations" : [ [ 1.0, 0.0, 0.0, 0.0, 0.0, 1.0, 0.0, 0.0, 0.0, 0.0, 1.0, 0.0, 0.0, 0.0, 0.0, 1.0 ], [ 0.0, 0.0, 1.0, 0.0, 1.0, 0.0, 0.0, 0.0, 0.0, 1.0, 0.0, 0.0, 0.0, 0.0, 0.0, 1.0 ], [ 0.0, 1.0, 0.0, 0.0, 0.0, 0.0, 1.0, 0.0, 1.0, 0.0, 0.0, 0.0, 0.0, 0.0, 0.0, 1.0 ], [ 0.809017, 0.309017, 0.5, 0.0, 0.309017, 0.5, -0.809017, 0.0, -0.5, 0.809017, 0.309017, 0.0, 0.0, 0.0, 0.0, 1.0 ], [ -0.5, 0.809017, 0.309017, 0.0, 0.809017, 0.309017, 0.5, 0.0, 0.309017, 0.5, -0.809017, 0.0, 0.0, 0.0, 0.0, 1.0 ], [ 0.309017, 0.5, -0.809017, 0.0, -0.5, 0.809017, 0.309017, 0.0, 0.809017, 0.309017, 0.5, 0.0, 0.0, 0.0, 0.0, 1.0 ], [ 0.5, 0.809017, 0.309017, 0.0, 0.809017, -0.309017, -0.5, 0.0, -0.309017, 0.5, -0.809017, 0.0, 0.0, 0.0, 0.0, 1.0 ], [ -0.309017, 0.5, -0.809017, 0.0, 0.5, 0.809017, 0.309017, 0.0, 0.809017, -0.309017, -0.5, 0.0, 0.0, 0.0, 0.0, 1.0 ], [ 0.809017, -0.309017, -0.5, 0.0, -0.309017, 0.5, -0.809017, 0.0, 0.5, 0.809017, 0.309017, 0.0, 0.0, 0.0, 0.0, 1.0 ], [ 0.5, 0.809017, -0.309017, 0.0, 0.809017, -0.309017, 0.5, 0.0, 0.309017, -0.5, -0.809017, 0.0, 0.0, 0.0, 0.0, 1.0 ], [ 0.309017, -0.5, -0.809017, 0.0, 0.5, 0.809017, -0.309017, 0.0, 0.809017, -0.309017, 0.5, 0.0, 0.0, 0.0, 0.0, 1.0 ], [ 0.809017, -0.309017, 0.5, 0.0, 0.309017, -0.5, -0.809017, 0.0, 0.5, 0.809017, -0.309017, 0.0, 0.0, 0.0, 0.0, 1.0 ], [ 0.809017, 0.309017, -0.5, 0.0, 0.309017, 0.5, 0.809017, 0.0, 0.5, -0.809017, 0.309017, 0.0, 0.0, 0.0, 0.0, 1.0 ], [ 0.5, -0.809017, 0.309017, 0.0, 0.809017, 0.309017, -0.5, 0.0, 0.309017, 0.5, 0.809017, 0.0, 0.0, 0.0, 0.0, 1.0 ], [ 0.309017, 0.5, 0.809017, 0.0, 0.5, -0.809017, 0.309017, 0.0, 0.809017, 0.309017, -0.5, 0.0, 0.0, 0.0, 0.0, 1.0 ], [ 1.0, 0.0, 0.0, 0.0, 0.0, -1.0, 0.0, 0.0, 0.0, 0.0, -1.0, 0.0, 0.0, 0.0, 0.0, 1.0 ], [ 0.0, 0.0, 1.0, 0.0, -1.0, 0.0, 0.0, 0.0, 0.0, -1.0, 0.0, 0.0, 0.0, 0.0, 0.0, 1.0 ], [ 0.0, 1.0, 0.0, 0.0, 0.0, 0.0, -1.0, 0.0, -1.0, 0.0, 0.0, 0.0, 0.0, 0.0, 0.0, 1.0 ], [ 0.809017, 0.309017, 0.5, 0.0, -0.309017, -0.5, 0.809017, 0.0, 0.5, -0.809017, -0.309017, 0.0, 0.0, 0.0, 0.0, 1.0 ], [ -0.5, 0.809017, 0.309017, 0.0, -0.809017, -0.309017, -0.5, 0.0, -0.309017, -0.5, 0.809017, 0.0, 0.0, 0.0, 0.0, 1.0 ], [ 0.309017, 0.5, -0.809017, 0.0, 0.5, -0.809017, -0.309017, 0.0, -0.809017, -0.309017, -0.5, 0.0, 0.0, 0.0, 0.0, 1.0 ], [ 0.5, 0.809017, 0.309017, 0.0, -0.809017, 0.309017, 0.5, 0.0, 0.309017, -0.5, 0.809017, 0.0, 0.0, 0.0, 0.0, 1.0 ], [ -0.309017, 0.5, -0.809017, 0.0, -0.5, -0.809017, -0.309017, 0.0, -0.809017, 0.309017, 0.5, 0.0, 0.0, 0.0, 0.0, 1.0 ], [ 0.809017, -0.309017, -0.5, 0.0, 0.309017, -0.5, 0.809017, 0.0, -0.5, -0.809017, -0.309017, 0.0, 0.0, 0.0, 0.0, 1.0 ], [ 0.5, 0.809017, -0.309017, 0.0, -0.809017, 0.309017, -0.5, 0.0, -0.309017, 0.5, 0.809017, 0.0, 0.0, 0.0, 0.0, 1.0 ], [ 0.309017, -0.5, -0.809017, 0.0, -0.5, -0.809017, 0.309017, 0.0, -0.809017, 0.309017, -0.5, 0.0, 0.0, 0.0, 0.0, 1.0 ], [ 0.809017, -0.309017, 0.5, 0.0, -0.309017, 0.5, 0.809017, 0.0, -0.5, -0.809017, 0.309017, 0.0, 0.0, 0.0, 0.0, 1.0 ], [ 0.809017, 0.309017, -0.5, 0.0, -0.309017, -0.5, -0.809017, 0.0, -0.5, 0.809017, -0.309017, 0.0, 0.0, 0.0, 0.0, 1.0 ], [ 0.5, -0.809017, 0.309017, 0.0, -0.809017, -0.309017, 0.5, 0.0, -0.309017, -0.5, -0.809017, 0.0, 0.0, 0.0, 0.0, 1.0 ], [ 0.309017, 0.5, 0.809017, 0.0, -0.5, 0.809017, -0.309017, 0.0, -0.809017, -0.309017, 0.5, 0.0, 0.0, 0.0, 0.0, 1.0 ], [ -1.0, 0.0, 0.0, 0.0, 0.0, -1.0, 0.0, 0.0, 0.0, 0.0, 1.0, 0.0, 0.0, 0.0, 0.0, 1.0 ], [ 0.0, 0.0, -1.0, 0.0, -1.0, 0.0, 0.0, 0.0, 0.0, 1.0, 0.0, 0.0, 0.0, 0.0, 0.0, 1.0 ], [ 0.0, -1.0, 0.0, 0.0, 0.0, 0.0, -1.0, 0.0, 1.0, 0.0, 0.0, 0.0, 0.0, 0.0, 0.0, 1.0 ], [ -0.809017, -0.309017, -0.5, 0.0, -0.309017, -0.5, 0.809017, 0.0, -0.5, 0.809017, 0.309017, 0.0, 0.0, 0.0, 0.0, 1.0 ], [ 0.5, -0.809017, -0.309017, 0.0, -0.809017, -0.309017, -0.5, 0.0, 0.309017, 0.5, -0.809017, 0.0, 0.0, 0.0, 0.0, 1.0 ], [ -0.309017, -0.5, 0.809017, 0.0, 0.5, -0.809017, -0.309017, 0.0, 0.809017, 0.309017, 0.5, 0.0, 0.0, 0.0, 0.0, 1.0 ], [ -0.5, -0.809017, -0.309017, 0.0, -0.809017, 0.309017, 0.5, 0.0, -0.309017, 0.5, -0.809017, 0.0, 0.0, 0.0, 0.0, 1.0 ], [ 0.309017, -0.5, 0.809017, 0.0, -0.5, -0.809017, -0.309017, 0.0, 0.809017, -0.309017, -0.5, 0.0, 0.0, 0.0, 0.0, 1.0 ], [ -0.809017, 0.309017, 0.5, 0.0, 0.309017, -0.5, 0.809017, 0.0, 0.5, 0.809017, 0.309017, 0.0, 0.0, 0.0, 0.0, 1.0 ], [ -0.5, -0.809017, 0.309017, 0.0, -0.809017, 0.309017, -0.5, 0.0, 0.309017, -0.5, -0.809017, 0.0, 0.0, 0.0, 0.0, 1.0 ], [ -0.309017, 0.5, 0.809017, 0.0, -0.5, -0.809017, 0.309017, 0.0, 0.809017, -0.309017, 0.5, 0.0, 0.0, 0.0, 0.0, 1.0 ], [ -0.809017, 0.309017, -0.5, 0.0, -0.309017, 0.5, 0.809017, 0.0, 0.5, 0.809017, -0.309017, 0.0, 0.0, 0.0, 0.0, 1.0 ], [ -0.809017, -0.309017, 0.5, 0.0, -0.309017, -0.5, -0.809017, 0.0, 0.5, -0.809017, 0.309017, 0.0, 0.0, 0.0, 0.0, 1.0 ], [ -0.5, 0.809017, -0.309017, 0.0, -0.809017, -0.309017, 0.5, 0.0, 0.309017, 0.5, 0.809017, 0.0, 0.0, 0.0, 0.0, 1.0 ], [ -0.309017, -0.5, -0.809017, 0.0, -0.5, 0.809017, -0.309017, 0.0, 0.809017, 0.309017, -0.5, 0.0, 0.0, 0.0, 0.0, 1.0 ], [ -1.0, 0.0, 0.0, 0.0, 0.0, 1.0, 0.0, 0.0, 0.0, 0.0, -1.0, 0.0, 0.0, 0.0, 0.0, 1.0 ], [ 0.0, 0.0, -1.0, 0.0, 1.0, 0.0, 0.0, 0.0, 0.0, -1.0, 0.0, 0.0, 0.0, 0.0, 0.0, 1.0 ], [ 0.0, -1.0, 0.0, 0.0, 0.0, 0.0, 1.0, 0.0, -1.0, 0.0, 0.0, 0.0, 0.0, 0.0, 0.0, 1.0 ], [ -0.809017, -0.309017, -0.5, 0.0, 0.309017, 0.5, -0.809017, 0.0, 0.5, -0.809017, -0.309017, 0.0, 0.0, 0.0, 0.0, 1.0 ], [ 0.5, -0.809017, -0.309017, 0.0, 0.809017, 0.309017, 0.5, 0.0, -0.309017, -0.5, 0.809017, 0.0, 0.0, 0.0, 0.0, 1.0 ], [ -0.309017, -0.5, 0.809017, 0.0, -0.5, 0.809017, 0.309017, 0.0, -0.809017, -0.309017, -0.5, 0.0, 0.0, 0.0, 0.0, 1.0 ], [ -0.5, -0.809017, -0.309017, 0.0, 0.809017, -0.309017, -0.5, 0.0, 0.309017, -0.5, 0.809017, 0.0, 0.0, 0.0, 0.0, 1.0 ], [ 0.309017, -0.5, 0.809017, 0.0, 0.5, 0.809017, 0.309017, 0.0, -0.809017, 0.309017, 0.5, 0.0, 0.0, 0.0, 0.0, 1.0 ], [ -0.809017, 0.309017, 0.5, 0.0, -0.309017, 0.5, -0.809017, 0.0, -0.5, -0.809017, -0.309017, 0.0, 0.0, 0.0, 0.0, 1.0 ], [ -0.5, -0.809017, 0.309017, 0.0, 0.809017, -0.309017, 0.5, 0.0, -0.309017, 0.5, 0.809017, 0.0, 0.0, 0.0, 0.0, 1.0 ], [ -0.309017, 0.5, 0.809017, 0.0, 0.5, 0.809017, -0.309017, 0.0, -0.809017, 0.309017, -0.5, 0.0, 0.0, 0.0, 0.0, 1.0 ], [ -0.809017, 0.309017, -0.5, 0.0, 0.309017, -0.5, -0.809017, 0.0, -0.5, -0.809017, 0.309017, 0.0, 0.0, 0.0, 0.0, 1.0 ], [ -0.809017, -0.309017, 0.5, 0.0, 0.309017, 0.5, 0.809017, 0.0, -0.5, 0.809017, -0.309017, 0.0, 0.0, 0.0, 0.0, 1.0 ], [ -0.5, 0.809017, -0.309017, 0.0, 0.809017, 0.309017, -0.5, 0.0, -0.309017, -0.5, -0.809017, 0.0, 0.0, 0.0, 0.0, 1.0 ], [ -0.309017, -0.5, -0.809017, 0.0, 0.5, -0.809017, 0.309017, 0.0, -0.809017, -0.309017, 0.5, 0.0, 0.0, 0.0, 0.0, 1.0 ] ],
  "lights" : {
    "directionalLights" : [ {
      "direction" : [ 1.0, -1.0, -1.0 ],
      "color" : "#EBEBE4"
    }, {
      "direction" : [ -1.0, 0.0, 0.0 ],
      "color" : "#E4E4EB"
    }, {
      "direction" : [ 0.0, 0.0, -1.0 ],
      "color" : "#1E1E1E"
    } ],
    "ambientColor" : "#292929",
    "backgroundColor" : "#B2B296"
  },
  "camera" : {
    "position" : {
      "x" : -26.341507,
      "y" : 448.0054,
      "z" : -193.81276
    },
    "width" : 206.51471,
    "stereo" : false,
    "lookAtPoint" : {
      "x" : 71.277084,
      "y" : 27.225426,
      "z" : -38.815594
    },
    "lookDirection" : {
      "x" : 0.21271297,
      "y" : -0.9168885,
      "z" : 0.3377421
    },
    "upDirection" : {
      "x" : -0.24570936,
      "y" : 0.2843527,
      "z" : 0.9266987
    },
    "nearClipDistance" : 1.1473038,
    "farClipDistance" : 917.8428,
    "perspective" : true,
    "fieldOfView" : 0.44262883,
    "viewDistance" : 458.92166,
    "lookAtPointRV" : {
      "x" : 71.277084,
      "y" : 27.225426,
      "z" : -38.815594,
      "zero" : false
    },
    "lookDirectionRV" : {
      "x" : 0.21271297,
      "y" : -0.9168885,
      "z" : 0.3377421,
      "zero" : false
    },
    "upDirectionRV" : {
      "x" : -0.24570936,
      "y" : 0.2843527,
      "z" : 0.9266987,
      "zero" : false
    }
  },
  "embedding" : [ 1.0, 0.0, 0.0, 0.0, 0.0, 1.0, 0.0, 0.0, 0.0, 0.0, 1.0, 0.0, 0.0, 0.0, 0.0, 1.0 ],
  "shapes" : [ {
    "id" : "0bd83106-ed5f-425e-ab60-b6ff4d50641c",
    "vertices" : [ {
      "x" : 0.0,
      "y" : 0.0,
      "z" : 0.0
    }, {
      "x" : 0.23606798,
      "y" : -1.0,
      "z" : -1.0
    }, {
      "x" : -0.23606798,
      "y" : 0.23606798,
      "z" : -1.0
    } ],
    "faces" : [ {
      "vertices" : [ 0, 1, 2 ]
    }, {
      "vertices" : [ 0, 2, 1 ]
    } ]
  }, {
    "id" : "48bfae01-a092-42f5-86bc-4c46c4370300",
    "vertices" : [ {
      "x" : 0.0,
      "y" : 0.0,
      "z" : 0.0
    }, {
      "x" : 0.0,
      "y" : -0.47213596,
      "z" : -1.236068
    }, {
      "x" : 1.381966,
      "y" : 1.145898,
      "z" : -1.236068
    } ],
    "faces" : [ {
      "vertices" : [ 0, 1, 2 ]
    }, {
      "vertices" : [ 0, 2, 1 ]
    } ]
  }, {
    "id" : "55c20818-9bd1-4d36-a437-6eef7fdaea83",
    "vertices" : [ {
      "x" : 0.0,
      "y" : 0.0,
      "z" : 0.0
    }, {
      "x" : 0.0,
      "y" : -7.301316,
      "z" : -4.512461
    }, {
      "x" : -0.38196602,
      "y" : -6.0652475,
      "z" : -5.130495
    }, {
      "x" : -1.618034,
      "y" : 2.618034,
      "z" : -4.236068
    } ],
    "faces" : [ {
      "vertices" : [ 0, 1, 2, 3 ]
    }, {
      "vertices" : [ 0, 3, 2, 1 ]
    } ]
  }, {
    "id" : "e5e43890-c606-4609-bdbb-fed4452375d3",
    "vertices" : [ {
      "x" : 0.0,
      "y" : 0.0,
      "z" : 0.0
    }, {
      "x" : 0.0,
      "y" : 3.381966,
      "z" : 2.381966
    }, {
      "x" : -0.76393205,
      "y" : 0.76393205,
      "z" : 0.76393205
    } ],
    "faces" : [ {
      "vertices" : [ 0, 1, 2 ]
    }, {
      "vertices" : [ 0, 2, 1 ]
    } ]
  }, {
    "id" : "abc9fa6e-178f-4835-9964-cd1561acae05",
    "vertices" : [ {
      "x" : 0.0,
      "y" : 0.0,
      "z" : 0.0
    }, {
      "x" : -1.381966,
      "y" : 2.236068,
      "z" : 3.618034
    }, {
      "x" : -1.381966,
      "y" : -1.145898,
      "z" : 1.236068
    } ],
    "faces" : [ {
      "vertices" : [ 0, 1, 2 ]
    }, {
      "vertices" : [ 0, 2, 1 ]
    } ]
  }, {
    "id" : "f08699c6-40cd-4b13-a499-38330b773c43",
    "vertices" : [ {
      "x" : 0.0,
      "y" : 0.0,
      "z" : 0.0
    }, {
      "x" : 0.0,
      "y" : -0.47213596,
      "z" : -1.236068
    }, {
      "x" : -0.38196602,
      "y" : 0.76393205,
      "z" : -0.618034
    } ],
    "faces" : [ {
      "vertices" : [ 0, 1, 2 ]
    }, {
      "vertices" : [ 0, 2, 1 ]
    } ]
  }, {
    "id" : "519a209a-20be-47f9-a2e4-536532540b80",
    "vertices" : [ {
      "x" : 0.0,
      "y" : 0.0,
      "z" : 0.0
    }, {
      "x" : 0.76393205,
      "y" : 2.618034,
      "z" : 1.618034
    }, {
      "x" : -0.85410196,
      "y" : 1.381966,
      "z" : 2.236068
    } ],
    "faces" : [ {
      "vertices" : [ 0, 1, 2 ]
    }, {
      "vertices" : [ 0, 2, 1 ]
    } ]
  }, {
    "id" : "6c8f9fa2-6dbc-4811-9beb-706ce10d8670",
    "vertices" : [ {
      "x" : 0.0,
      "y" : 0.0,
      "z" : 0.0
    }, {
      "x" : -0.38196602,
      "y" : 0.0,
      "z" : -1.381966
    }, {
      "x" : -1.236068,
      "y" : 1.381966,
      "z" : -3.618034
    }, {
      "x" : -1.236068,
      "y" : 8.683282,
      "z" : 0.8944272
    } ],
    "faces" : [ {
      "vertices" : [ 0, 1, 2, 3 ]
    }, {
      "vertices" : [ 0, 3, 2, 1 ]
    } ]
  }, {
    "id" : "69874453-ef7c-4925-b446-c4c3f646bbea",
    "vertices" : [ {
      "x" : 0.0,
      "y" : 0.0,
      "z" : 0.0
    }, {
      "x" : 0.0,
      "y" : 0.0,
      "z" : -5.236068
    }, {
      "x" : -1.1708204,
      "y" : 1.8944272,
      "z" : -6.854102
    }, {
      "x" : -1.1708204,
      "y" : 1.8944272,
      "z" : 1.618034
    } ],
    "faces" : [ {
      "vertices" : [ 0, 1, 2, 3 ]
    }, {
      "vertices" : [ 0, 3, 2, 1 ]
    } ]
  }, {
    "id" : "1085695f-5059-47b2-b1be-0383d0074ddf",
    "vertices" : [ {
      "x" : 0.0,
      "y" : 0.0,
      "z" : 0.0
    }, {
      "x" : 0.0,
      "y" : 0.0,
      "z" : -13.708204
    }, {
      "x" : 0.0,
      "y" : 2.618034,
      "z" : -6.854102
    } ],
    "faces" : [ {
      "vertices" : [ 0, 1, 2 ]
    }, {
      "vertices" : [ 0, 2, 1 ]
    } ]
  }, {
    "id" : "485bef86-c243-4c49-83ec-da4596c81c7c",
    "vertices" : [ {
      "x" : 0.0,
      "y" : 0.0,
      "z" : 0.0
    }, {
      "x" : 6.854102,
      "y" : -19.562305,
      "z" : -4.236068
    }, {
      "x" : 4.236068,
      "y" : -15.326238,
      "z" : -11.09017
    } ],
    "faces" : [ {
      "vertices" : [ 0, 1, 2 ]
    }, {
      "vertices" : [ 0, 2, 1 ]
    } ]
  }, {
    "id" : "dcf6e9a2-03b2-4e7f-8e3c-0b7ced34c36f",
    "vertices" : [ {
      "x" : 0.0,
      "y" : 0.0,
      "z" : 0.0
    }, {
      "x" : -6.854102,
      "y" : 2.618034,
      "z" : -17.944271
    }, {
      "x" : -4.236068,
      "y" : 6.854102,
      "z" : -11.09017
    } ],
    "faces" : [ {
      "vertices" : [ 0, 1, 2 ]
    }, {
      "vertices" : [ 0, 2, 1 ]
    } ]
  }, {
    "id" : "5e9d968d-774c-488f-8101-385a517b357b",
    "vertices" : [ {
      "x" : 0.0,
      "y" : 0.0,
      "z" : 0.0
    }, {
      "x" : 0.0,
      "y" : -8.472136,
      "z" : 0.0
    }, {
      "x" : 0.0,
      "y" : -8.472136,
      "z" : -13.708204
    }, {
      "x" : 0.0,
      "y" : 0.0,
      "z" : -13.708204
    } ],
    "faces" : [ {
      "vertices" : [ 0, 1, 2, 3 ]
    }, {
      "vertices" : [ 0, 3, 2, 1 ]
    } ]
  }, {
    "id" : "e9fbd107-660d-4aba-a6c8-59d4dd6ab931",
    "vertices" : [ {
      "x" : 0.0,
      "y" : 0.0,
      "z" : 0.0
    }, {
      "x" : 0.0,
      "y" : 13.708204,
      "z" : 0.0
    }, {
      "x" : 2.618034,
      "y" : 17.944271,
      "z" : 6.854102
    } ],
    "faces" : [ {
      "vertices" : [ 0, 1, 2 ]
    }, {
      "vertices" : [ 0, 2, 1 ]
    } ]
  }, {
    "id" : "1ad6f10d-2348-4780-a96f-b6fae1e271de",
    "vertices" : [ {
      "x" : 0.0,
      "y" : 0.0,
      "z" : 0.0
    }, {
      "x" : 1.618034,
      "y" : -2.618034,
      "z" : 4.236068
    }, {
      "x" : 3.0652475,
      "y" : -4.959675,
      "z" : 4.236068
    }, {
      "x" : 0.4472136,
      "y" : -0.7236068,
      "z" : -2.618034
    } ],
    "faces" : [ {
      "vertices" : [ 0, 1, 2, 3 ]
    }, {
      "vertices" : [ 0, 3, 2, 1 ]
    } ]
  }, {
    "id" : "b5599c18-ea08-4683-9ede-a1a03ae9a86d",
    "vertices" : [ {
      "x" : 0.0,
      "y" : 0.0,
      "z" : 0.0
    }, {
      "x" : -1.618034,
      "y" : 2.618034,
      "z" : 4.236068
    }, {
      "x" : -1.1708204,
      "y" : 1.8944272,
      "z" : 6.854102
    }, {
      "x" : 1.4472136,
      "y" : -2.3416407,
      "z" : 0.0
    } ],
    "faces" : [ {
      "vertices" : [ 0, 1, 2, 3 ]
    }, {
      "vertices" : [ 0, 3, 2, 1 ]
    } ]
  }, {
    "id" : "e68d71fa-5d36-4c7c-b4fb-fb794fd5a699",
    "vertices" : [ {
      "x" : 0.0,
      "y" : 0.0,
      "z" : 0.0
    }, {
      "x" : -20.562305,
      "y" : -2.618034,
      "z" : 4.236068
    }, {
      "x" : 0.0,
      "y" : 0.0,
      "z" : 8.472136
    } ],
    "faces" : [ {
      "vertices" : [ 0, 1, 2 ]
    }, {
      "vertices" : [ 0, 2, 1 ]
    } ]
  }, {
    "id" : "59b55c58-9ca3-4927-937d-c7af69c10342",
    "vertices" : [ {
      "x" : 0.0,
      "y" : 0.0,
      "z" : 0.0
    }, {
      "x" : -1.381966,
      "y" : 2.236068,
      "z" : -3.618034
    }, {
      "x" : -3.618034,
      "y" : 5.854102,
      "z" : -2.236068
    }, {
      "x" : -3.618034,
      "y" : 5.854102,
      "z" : 2.236068
    }, {
      "x" : -1.381966,
      "y" : 2.236068,
      "z" : 3.618034
    } ],
    "faces" : [ {
      "vertices" : [ 0, 1, 2, 3, 4 ]
    }, {
      "vertices" : [ 0, 4, 3, 2, 1 ]
    } ]
  }, {
    "id" : "a2ccfd31-8e3a-40e4-aac0-97cced4c8173",
    "vertices" : [ {
      "x" : 0.0,
      "y" : 0.0,
      "z" : 0.0
    }, {
      "x" : 0.0,
      "y" : 0.0,
      "z" : -7.236068
    }, {
      "x" : 0.0,
      "y" : 13.708204,
      "z" : -7.236068
    }, {
      "x" : 0.0,
      "y" : 13.708204,
      "z" : 0.0
    } ],
    "faces" : [ {
      "vertices" : [ 0, 1, 2, 3 ]
    }, {
      "vertices" : [ 0, 3, 2, 1 ]
    } ]
  }, {
    "id" : "59aeafc8-ae53-4f29-9fb5-705adcbd0d2e",
    "vertices" : [ {
      "x" : 0.0,
      "y" : 0.0,
      "z" : 0.0
    }, {
      "x" : 0.0,
      "y" : 8.472136,
      "z" : 0.0
    }, {
      "x" : 30.652475,
      "y" : 8.472136,
      "z" : 80.24922
    }, {
      "x" : 30.652475,
      "y" : 0.0,
      "z" : 80.24922
    } ],
    "faces" : [ {
      "vertices" : [ 0, 1, 2, 3 ]
    }, {
      "vertices" : [ 0, 3, 2, 1 ]
    } ]
  }, {
    "id" : "9de014b3-7228-4370-a03e-ee45bb47b64d",
    "vertices" : [ {
      "x" : 0.0,
      "y" : 0.0,
      "z" : 0.0
    }, {
      "x" : 0.0,
      "y" : 0.0,
      "z" : -7.236068
    }, {
      "x" : -2.618034,
      "y" : 6.854102,
      "z" : -7.236068
    }, {
      "x" : -2.618034,
      "y" : 6.854102,
      "z" : 0.0
    } ],
    "faces" : [ {
      "vertices" : [ 0, 1, 2, 3 ]
    }, {
      "vertices" : [ 0, 3, 2, 1 ]
    } ]
  }, {
    "id" : "b43d8d22-87cd-4eaa-9d33-e29ab1b9b54d",
    "vertices" : [ {
      "x" : 0.0,
      "y" : 0.0,
      "z" : 0.0
    }, {
      "x" : 0.0,
      "y" : 2.618034,
      "z" : 6.854102
    }, {
      "x" : 0.0,
      "y" : -77.63119,
      "z" : 37.506577
    }, {
      "x" : 0.0,
      "y" : -77.63119,
      "z" : 23.798374
    } ],
    "faces" : [ {
      "vertices" : [ 0, 1, 2, 3 ]
    }, {
      "vertices" : [ 0, 3, 2, 1 ]
    } ]
  }, {
    "id" : "b1cbe704-91d0-4fef-9f69-7927bf2afd17",
    "vertices" : [ {
      "x" : 0.0,
      "y" : 0.0,
      "z" : 0.0
    }, {
      "x" : -2.618034,
      "y" : 4.236068,
      "z" : -1.618034
    }, {
      "x" : -3.7888544,
      "y" : 6.130495,
      "z" : 0.0
    }, {
      "x" : 0.4472136,
      "y" : -0.7236068,
      "z" : 2.618034
    } ],
    "faces" : [ {
      "vertices" : [ 0, 1, 2, 3 ]
    }, {
      "vertices" : [ 0, 3, 2, 1 ]
    } ]
  }, {
    "id" : "88ffe111-6d32-4e55-bc6f-27ca7de4f25d",
    "vertices" : [ {
      "x" : 0.0,
      "y" : 0.0,
      "z" : 0.0
    }, {
      "x" : 0.0,
      "y" : 0.0,
      "z" : 13.708204
    }, {
      "x" : 0.0,
      "y" : -8.472136,
      "z" : 13.708204
    }, {
      "x" : 0.0,
      "y" : -8.472136,
      "z" : 0.0
    } ],
    "faces" : [ {
      "vertices" : [ 0, 1, 2, 3 ]
    }, {
      "vertices" : [ 0, 3, 2, 1 ]
    } ]
  }, {
    "id" : "df537cba-d814-45fa-a6b6-ab46cfc17136",
    "vertices" : [ {
      "x" : 0.0,
      "y" : 0.0,
      "z" : 0.0
    }, {
      "x" : -4.236068,
      "y" : 6.854102,
      "z" : 11.09017
    }, {
      "x" : 13.708204,
      "y" : 0.0,
      "z" : 13.708204
    } ],
    "faces" : [ {
      "vertices" : [ 0, 1, 2 ]
    }, {
      "vertices" : [ 0, 2, 1 ]
    } ]
  }, {
    "id" : "2bb4caa4-42ca-46a6-92e7-6c47d2c94a32",
    "vertices" : [ {
      "x" : 0.0,
      "y" : 0.0,
      "z" : 0.0
    }, {
      "x" : 15.326238,
      "y" : 74.39512,
      "z" : 40.12461
    }, {
      "x" : 17.944271,
      "y" : 70.15905,
      "z" : 46.978714
    }, {
      "x" : 2.618034,
      "y" : -4.236068,
      "z" : 6.854102
    } ],
    "faces" : [ {
      "vertices" : [ 0, 1, 2, 3 ]
    }, {
      "vertices" : [ 0, 3, 2, 1 ]
    } ]
  }, {
    "id" : "a5385881-6c07-48c2-b0fe-f94a720d3f7a",
    "vertices" : [ {
      "x" : 0.0,
      "y" : 0.0,
      "z" : 0.0
    }, {
      "x" : 17.944271,
      "y" : -6.854102,
      "z" : 2.618034
    }, {
      "x" : 4.236068,
      "y" : -6.854102,
      "z" : -11.09017
    } ],
    "faces" : [ {
      "vertices" : [ 0, 1, 2 ]
    }, {
      "vertices" : [ 0, 2, 1 ]
    } ]
  }, {
    "id" : "cfe6543e-9271-457b-b384-5394f377bf8f",
    "vertices" : [ {
      "x" : 0.0,
      "y" : 0.0,
      "z" : 0.0
    }, {
      "x" : -2.618034,
      "y" : 4.236068,
      "z" : -6.854102
    }, {
      "x" : -6.854102,
      "y" : 19.562305,
      "z" : 4.236068
    } ],
    "faces" : [ {
      "vertices" : [ 0, 1, 2 ]
    }, {
      "vertices" : [ 0, 2, 1 ]
    } ]
  }, {
    "id" : "264e7515-e07b-461c-8023-a2927dc1a08e",
    "orbit" : "blue",
    "orbitC" : "[[0,0,1],[0,0,1]]",
    "length" : "[-3,2,1]",
    "name" : " :-3 +2*phi",
    "vertices" : [ {
      "x" : 1.0,
      "y" : 0.309017,
      "z" : 0.19098301
    }, {
      "x" : 1.0,
      "y" : 0.309017,
      "z" : -0.19098301
    }, {
      "x" : 1.0,
      "y" : 0.309017,
      "z" : -0.19098301
    }, {
      "x" : 1.0,
      "y" : 0.309017,
      "z" : 0.19098301
    }, {
      "x" : 1.0,
      "y" : -0.309017,
      "z" : 0.19098301
    }, {
      "x" : 1.0,
      "y" : -0.309017,
      "z" : 0.19098301
    }, {
      "x" : 1.0,
      "y" : -0.309017,
      "z" : -0.19098301
    }, {
      "x" : 1.0,
      "y" : -0.309017,
      "z" : -0.19098301
    }, {
      "x" : 2.0,
      "y" : 0.0,
      "z" : 0.0
    } ],
    "faces" : [ {
      "vertices" : [ 1, 7, 6, 2 ]
    }, {
      "vertices" : [ 0, 1, 2, 3 ]
    }, {
      "vertices" : [ 4, 5, 6, 7 ]
    }, {
      "vertices" : [ 0, 3, 5, 4 ]
    } ]
  }, {
    "id" : "93c78a27-e33d-4f4c-be14-726421589e39",
    "vertices" : [ {
      "x" : 0.0,
      "y" : 0.0,
      "z" : 0.0
    }, {
      "x" : 0.0,
      "y" : 2.618034,
      "z" : -6.854102
    }, {
      "x" : 0.0,
      "y" : 80.24922,
      "z" : 30.652475
    } ],
    "faces" : [ {
      "vertices" : [ 0, 1, 2 ]
    }, {
      "vertices" : [ 0, 2, 1 ]
    } ]
  }, {
    "id" : "4002d4e9-abf8-4628-9823-3182bf1f923c",
    "vertices" : [ {
      "x" : 0.0,
      "y" : 0.0,
      "z" : 0.0
    }, {
      "x" : -2.618034,
      "y" : 4.236068,
      "z" : -6.854102
    }, {
      "x" : -2.618034,
      "y" : 17.944271,
      "z" : -6.854102
    } ],
    "faces" : [ {
      "vertices" : [ 0, 1, 2 ]
    }, {
      "vertices" : [ 0, 2, 1 ]
    } ]
  }, {
    "id" : "c0255abb-e1d6-4958-966d-98f0c2767b7f",
    "vertices" : [ {
      "x" : 0.0,
      "y" : 0.0,
      "z" : 0.0
    }, {
      "x" : 0.0,
      "y" : -2.618034,
      "z" : -6.854102
    }, {
      "x" : 0.0,
      "y" : 77.63119,
      "z" : 23.798374
    }, {
      "x" : 0.0,
      "y" : 77.63119,
      "z" : 37.506577
    } ],
    "faces" : [ {
      "vertices" : [ 0, 1, 2, 3 ]
    }, {
      "vertices" : [ 0, 3, 2, 1 ]
    } ]
  }, {
    "id" : "117d3391-c3ed-40e6-a32f-c08ca425a188",
    "vertices" : [ {
      "x" : 0.0,
      "y" : 0.0,
      "z" : 0.0
    }, {
      "x" : 4.236068,
      "y" : -15.326238,
      "z" : -11.09017
    }, {
      "x" : 1.618034,
      "y" : -11.09017,
      "z" : -17.944271
    } ],
    "faces" : [ {
      "vertices" : [ 0, 1, 2 ]
    }, {
      "vertices" : [ 0, 2, 1 ]
    } ]
  }, {
    "id" : "fc00a1dc-faf1-42a0-8055-c2a9bef47d98",
    "vertices" : [ {
      "x" : 0.0,
      "y" : 0.0,
      "z" : 0.0
    }, {
      "x" : -13.708204,
      "y" : 0.0,
      "z" : -13.708204
    }, {
      "x" : -17.944271,
      "y" : 6.854102,
      "z" : -2.618034
    } ],
    "faces" : [ {
      "vertices" : [ 0, 1, 2 ]
    }, {
      "vertices" : [ 0, 2, 1 ]
    } ]
  }, {
    "id" : "f1e901b7-f4cd-4d7d-9e8c-f2944ce5e82e",
    "vertices" : [ {
      "x" : 0.0,
      "y" : 0.0,
      "z" : 0.0
    }, {
      "x" : -2.236068,
      "y" : 3.618034,
      "z" : 1.381966
    }, {
      "x" : -2.236068,
      "y" : 3.618034,
      "z" : 5.854102
    }, {
      "x" : 0.0,
      "y" : 0.0,
      "z" : 7.236068
    }, {
      "x" : 1.381966,
      "y" : -2.236068,
      "z" : 3.618034
    } ],
    "faces" : [ {
      "vertices" : [ 0, 1, 2, 3, 4 ]
    }, {
      "vertices" : [ 0, 4, 3, 2, 1 ]
    } ]
  }, {
    "id" : "4330cafd-535e-401b-8103-7dbeb3742dab",
    "vertices" : [ {
      "x" : 0.0,
      "y" : 0.0,
      "z" : 0.0
    }, {
      "x" : 20.562305,
      "y" : 2.618034,
      "z" : 4.236068
    }, {
      "x" : 20.562305,
      "y" : 2.618034,
      "z" : -4.236068
    } ],
    "faces" : [ {
      "vertices" : [ 0, 1, 2 ]
    }, {
      "vertices" : [ 0, 2, 1 ]
    } ]
  }, {
    "id" : "1f5970cc-49f0-446b-a659-a34ea6da6213",
    "vertices" : [ {
      "x" : 0.0,
      "y" : 0.0,
      "z" : 0.0
    }, {
      "x" : 4.236068,
      "y" : -6.854102,
      "z" : 11.09017
    }, {
      "x" : 4.236068,
      "y" : -15.326238,
      "z" : 11.09017
    } ],
    "faces" : [ {
      "vertices" : [ 0, 1, 2 ]
    }, {
      "vertices" : [ 0, 2, 1 ]
    } ]
  }, {
    "id" : "73e9719c-7471-4110-a4a5-4ddc66ff3eb4",
    "vertices" : [ {
      "x" : 0.0,
      "y" : 0.0,
      "z" : 0.0
    }, {
      "x" : 0.0,
      "y" : 0.0,
      "z" : 7.236068
    }, {
      "x" : 2.618034,
      "y" : -6.854102,
      "z" : 7.236068
    }, {
      "x" : 2.618034,
      "y" : -6.854102,
      "z" : 0.0
    } ],
    "faces" : [ {
      "vertices" : [ 0, 1, 2, 3 ]
    }, {
      "vertices" : [ 0, 3, 2, 1 ]
    } ]
  }, {
    "id" : "e1b900e1-5541-47af-9f54-b8c06316d8af",
    "vertices" : [ {
      "x" : 0.0,
      "y" : 0.0,
      "z" : 0.0
    }, {
      "x" : 0.0,
      "y" : -2.618034,
      "z" : 6.854102
    }, {
      "x" : 0.0,
      "y" : -80.24922,
      "z" : 30.652475
    } ],
    "faces" : [ {
      "vertices" : [ 0, 1, 2 ]
    }, {
      "vertices" : [ 0, 2, 1 ]
    } ]
  }, {
    "id" : "ff244951-2056-4c86-a938-f1e8d1269b78",
    "vertices" : [ {
      "x" : 0.0,
      "y" : 0.0,
      "z" : 0.0
    }, {
      "x" : 2.618034,
      "y" : -4.236068,
      "z" : -1.618034
    }, {
      "x" : 3.0652475,
      "y" : -4.959675,
      "z" : -4.236068
    }, {
      "x" : -1.1708204,
      "y" : 1.8944272,
      "z" : -1.618034
    } ],
    "faces" : [ {
      "vertices" : [ 0, 1, 2, 3 ]
    }, {
      "vertices" : [ 0, 3, 2, 1 ]
    } ]
  }, {
    "id" : "53a749cd-6676-4bc5-8759-e507d3d0c318",
    "vertices" : [ {
      "x" : 0.0,
      "y" : 0.0,
      "z" : 0.0
    }, {
      "x" : 0.0,
      "y" : 0.0,
      "z" : 13.708204
    }, {
      "x" : 0.0,
      "y" : -2.618034,
      "z" : 6.854102
    } ],
    "faces" : [ {
      "vertices" : [ 0, 1, 2 ]
    }, {
      "vertices" : [ 0, 2, 1 ]
    } ]
  }, {
    "id" : "ee2283b4-0819-43d2-ad82-da8901ac07f0",
    "vertices" : [ {
      "x" : 0.0,
      "y" : 0.0,
      "z" : 0.0
    }, {
      "x" : 0.0,
      "y" : 80.24922,
      "z" : 30.652475
    }, {
      "x" : 0.0,
      "y" : 80.24922,
      "z" : 44.36068
    }, {
      "x" : 0.0,
      "y" : 0.0,
      "z" : 13.708204
    } ],
    "faces" : [ {
      "vertices" : [ 0, 1, 2, 3 ]
    }, {
      "vertices" : [ 0, 3, 2, 1 ]
    } ]
  }, {
    "id" : "4c2ee345-05f5-403c-87f8-8837913c695e",
    "vertices" : [ {
      "x" : 0.0,
      "y" : 0.0,
      "z" : 0.0
    }, {
      "x" : 0.0,
      "y" : 0.0,
      "z" : -13.708204
    }, {
      "x" : 0.0,
      "y" : 80.24922,
      "z" : -44.36068
    }, {
      "x" : 0.0,
      "y" : 80.24922,
      "z" : -30.652475
    } ],
    "faces" : [ {
      "vertices" : [ 0, 1, 2, 3 ]
    }, {
      "vertices" : [ 0, 3, 2, 1 ]
    } ]
  } ],
  "instances" : [ {
    "shape" : "0bd83106-ed5f-425e-ab60-b6ff4d50641c",
    "color" : "#6C00C6",
    "position" : {
      "x" : 141.55417,
      "y" : 47.214783,
      "z" : -30.416409
    },
    "orientation" : 31
  }, {
    "shape" : "48bfae01-a092-42f5-86bc-4c46c4370300",
    "color" : "#6C00C6",
    "position" : {
      "x" : 10.326238,
      "y" : 9.236068,
      "z" : -3.472136
    },
    "orientation" : 33
  }, {
    "shape" : "0bd83106-ed5f-425e-ab60-b6ff4d50641c",
    "color" : "#6C00C6",
    "position" : {
      "x" : 13.708204,
      "y" : 5.618034,
      "z" : -65.83282
    },
    "orientation" : 26
  }, {
    "shape" : "55c20818-9bd1-4d36-a437-6eef7fdaea83",
    "color" : "#6C00C6",
    "position" : {
      "x" : 133.63483,
      "y" : 45.084286,
      "z" : -67.068886
    },
    "orientation" : 25
  }, {
    "shape" : "e5e43890-c606-4609-bdbb-fed4452375d3",
    "color" : "#6C00C6",
    "position" : {
      "x" : 13.708204,
      "y" : 3.763932,
      "z" : -30.034441
    },
    "orientation" : 39
  }, {
    "shape" : "abc9fa6e-178f-4835-9964-cd1561acae05",
    "color" : "#6C00C6",
    "position" : {
      "x" : 140.3181,
      "y" : 54.45085,
      "z" : -44.888542
    },
    "orientation" : 9
  }, {
    "shape" : "f08699c6-40cd-4b13-a499-38330b773c43",
    "color" : "#6C00C6",
    "position" : {
      "x" : 140.464,
      "y" : 50.832817,
      "z" : -74.304955
    },
    "orientation" : 35
  }, {
    "shape" : "519a209a-20be-47f9-a2e4-536532540b80",
    "color" : "#6C00C6",
    "position" : {
      "x" : 12.472136,
      "y" : 6.236068,
      "z" : -81.92299
    },
    "orientation" : 36
  }, {
    "shape" : "6c8f9fa2-6dbc-4811-9beb-706ce10d8670",
    "color" : "#6C00C6",
    "position" : {
      "x" : 140.70007,
      "y" : 48.59675,
      "z" : -18.944271
    },
    "orientation" : 25
  }, {
    "shape" : "6c8f9fa2-6dbc-4811-9beb-706ce10d8670",
    "color" : "#6C00C6",
    "position" : {
      "x" : 140.70007,
      "y" : 48.59675,
      "z" : -50.36068
    },
    "orientation" : 25
  }, {
    "shape" : "48bfae01-a092-42f5-86bc-4c46c4370300",
    "color" : "#6C00C6",
    "position" : {
      "x" : 13.708204,
      "y" : 3.763932,
      "z" : -77.15905
    },
    "orientation" : 39
  }, {
    "shape" : "69874453-ef7c-4925-b446-c4c3f646bbea",
    "color" : "#6C00C6",
    "position" : {
      "x" : 21.00952,
      "y" : 8.748529,
      "z" : 2.618034
    },
    "orientation" : 30
  }, {
    "shape" : "f08699c6-40cd-4b13-a499-38330b773c43",
    "color" : "#6C00C6",
    "position" : {
      "x" : 139.08205,
      "y" : 53.068882,
      "z" : -50.506577
    },
    "orientation" : 47
  }, {
    "shape" : "519a209a-20be-47f9-a2e4-536532540b80",
    "color" : "#6C00C6",
    "position" : {
      "x" : 12.326238,
      "y" : 6.472136,
      "z" : 3.472136
    },
    "orientation" : 42
  }, {
    "shape" : "48bfae01-a092-42f5-86bc-4c46c4370300",
    "color" : "#6C00C6",
    "position" : {
      "x" : 13.708204,
      "y" : 3.763932,
      "z" : -45.742645
    },
    "orientation" : 39
  }, {
    "shape" : "519a209a-20be-47f9-a2e4-536532540b80",
    "color" : "#6C00C6",
    "position" : {
      "x" : 10.326238,
      "y" : 9.708204,
      "z" : -33.652477
    },
    "orientation" : 33
  }, {
    "shape" : "e5e43890-c606-4609-bdbb-fed4452375d3",
    "color" : "#6C00C6",
    "position" : {
      "x" : 142.55417,
      "y" : 47.45085,
      "z" : -45.888542
    },
    "orientation" : 0
  }, {
    "shape" : "1085695f-5059-47b2-b1be-0383d0074ddf",
    "color" : "#6C00C6",
    "position" : {
      "x" : 35.888542,
      "y" : 20.562305,
      "z" : 4.236068
    },
    "orientation" : 2
  }, {
    "shape" : "48bfae01-a092-42f5-86bc-4c46c4370300",
    "color" : "#6C00C6",
    "position" : {
      "x" : 140.464,
      "y" : 50.832817,
      "z" : 4.236068
    },
    "orientation" : 12
  }, {
    "shape" : "48bfae01-a092-42f5-86bc-4c46c4370300",
    "color" : "#6C00C6",
    "position" : {
      "x" : 11.562305,
      "y" : 7.236068,
      "z" : -27.18034
    },
    "orientation" : 42
  }, {
    "shape" : "485bef86-c243-4c49-83ec-da4596c81c7c",
    "color" : "#6C00C6",
    "position" : {
      "x" : 116.137764,
      "y" : 37.506577,
      "z" : -11.472136
    },
    "orientation" : 34
  }, {
    "shape" : "519a209a-20be-47f9-a2e4-536532540b80",
    "color" : "#6C00C6",
    "position" : {
      "x" : 139.55417,
      "y" : 51.832817,
      "z" : -81.92299
    },
    "orientation" : 6
  }, {
    "shape" : "dcf6e9a2-03b2-4e7f-8e3c-0b7ced34c36f",
    "color" : "#6C00C6",
    "position" : {
      "x" : 116.137764,
      "y" : 51.214783,
      "z" : 4.236068
    },
    "orientation" : 7
  }, {
    "shape" : "5e9d968d-774c-488f-8101-385a517b357b",
    "color" : "#6C00C6",
    "position" : {
      "x" : 129.84598,
      "y" : 51.214783,
      "z" : -11.472136
    },
    "orientation" : 1
  }, {
    "shape" : "0bd83106-ed5f-425e-ab60-b6ff4d50641c",
    "color" : "#6C00C6",
    "position" : {
      "x" : 138.3181,
      "y" : 52.45085,
      "z" : -18.708204
    },
    "orientation" : 56
  }, {
    "shape" : "e5e43890-c606-4609-bdbb-fed4452375d3",
    "color" : "#6C00C6",
    "position" : {
      "x" : 9.472136,
      "y" : 10.618034,
      "z" : -77.304955
    },
    "orientation" : 30
  }, {
    "shape" : "e9fbd107-660d-4aba-a6c8-59d4dd6ab931",
    "color" : "#6C00C6",
    "position" : {
      "x" : 116.137764,
      "y" : 51.214783,
      "z" : -82.777084
    },
    "orientation" : 17
  }, {
    "shape" : "1ad6f10d-2348-4780-a96f-b6fae1e271de",
    "color" : "#6C00C6",
    "position" : {
      "x" : 18.391485,
      "y" : 12.984597,
      "z" : -82.777084
    },
    "orientation" : 30
  }, {
    "shape" : "b5599c18-ea08-4683-9ede-a1a03ae9a86d",
    "color" : "#6C00C6",
    "position" : {
      "x" : 135.25285,
      "y" : 42.46625,
      "z" : -62.832817
    },
    "orientation" : 0
  }, {
    "shape" : "48bfae01-a092-42f5-86bc-4c46c4370300",
    "color" : "#6C00C6",
    "position" : {
      "x" : 140.464,
      "y" : 50.832817,
      "z" : -11.472136
    },
    "orientation" : 12
  }, {
    "shape" : "e68d71fa-5d36-4c7c-b4fb-fb794fd5a699",
    "color" : "#6C00C6",
    "position" : {
      "x" : 35.888542,
      "y" : 20.562305,
      "z" : -4.236068
    },
    "orientation" : 0
  }, {
    "shape" : "55c20818-9bd1-4d36-a437-6eef7fdaea83",
    "color" : "#6C00C6",
    "position" : {
      "x" : 18.391485,
      "y" : 12.984597,
      "z" : -67.068886
    },
    "orientation" : 55
  }, {
    "shape" : "6c8f9fa2-6dbc-4811-9beb-706ce10d8670",
    "color" : "#6C00C6",
    "position" : {
      "x" : 10.472136,
      "y" : 10.854102,
      "z" : -77.54102
    },
    "orientation" : 4
  }, {
    "shape" : "59b55c58-9ca3-4927-937d-c7af69c10342",
    "color" : "#6C00C6",
    "position" : {
      "x" : 8.09017,
      "y" : 9.472136,
      "z" : -78.54102
    },
    "orientation" : 30
  }, {
    "shape" : "48bfae01-a092-42f5-86bc-4c46c4370300",
    "color" : "#6C00C6",
    "position" : {
      "x" : 139.08205,
      "y" : 53.068882,
      "z" : -66.21478
    },
    "orientation" : 6
  }, {
    "shape" : "55c20818-9bd1-4d36-a437-6eef7fdaea83",
    "color" : "#6C00C6",
    "position" : {
      "x" : 131.01678,
      "y" : 49.320354,
      "z" : -13.09017
    },
    "orientation" : 51
  }, {
    "shape" : "0bd83106-ed5f-425e-ab60-b6ff4d50641c",
    "color" : "#6C00C6",
    "position" : {
      "x" : 139.70007,
      "y" : 50.214783,
      "z" : -74.68692
    },
    "orientation" : 44
  }, {
    "shape" : "a2ccfd31-8e3a-40e4-aac0-97cced4c8173",
    "color" : "#6C00C6",
    "position" : {
      "x" : 35.888542,
      "y" : 6.854102,
      "z" : -27.18034
    },
    "orientation" : 45
  }, {
    "shape" : "59aeafc8-ae53-4f29-9fb5-705adcbd0d2e",
    "color" : "#6C00C6",
    "position" : {
      "x" : 35.888542,
      "y" : 20.562305,
      "z" : -51.36068
    },
    "orientation" : 1
  }, {
    "shape" : "abc9fa6e-178f-4835-9964-cd1561acae05",
    "color" : "#6C00C6",
    "position" : {
      "x" : 9.472136,
      "y" : 7.236068,
      "z" : -74.92299
    },
    "orientation" : 42
  }, {
    "shape" : "0bd83106-ed5f-425e-ab60-b6ff4d50641c",
    "color" : "#6C00C6",
    "position" : {
      "x" : 12.326238,
      "y" : 7.854102,
      "z" : -43.27051
    },
    "orientation" : 14
  }, {
    "shape" : "9de014b3-7228-4370-a03e-ee45bb47b64d",
    "color" : "#6C00C6",
    "position" : {
      "x" : 38.506577,
      "y" : 13.708204,
      "z" : -35.652477
    },
    "orientation" : 0
  }, {
    "shape" : "519a209a-20be-47f9-a2e4-536532540b80",
    "color" : "#6C00C6",
    "position" : {
      "x" : 141.70007,
      "y" : 48.36068,
      "z" : -33.652477
    },
    "orientation" : 3
  }, {
    "shape" : "0bd83106-ed5f-425e-ab60-b6ff4d50641c",
    "color" : "#6C00C6",
    "position" : {
      "x" : 137.70007,
      "y" : 53.45085,
      "z" : -14.326238
    },
    "orientation" : 48
  }, {
    "shape" : "abc9fa6e-178f-4835-9964-cd1561acae05",
    "color" : "#6C00C6",
    "position" : {
      "x" : 140.3181,
      "y" : 54.45085,
      "z" : -33.652477
    },
    "orientation" : 6
  }, {
    "shape" : "b43d8d22-87cd-4eaa-9d33-e29ab1b9b54d",
    "color" : "#6C00C6",
    "position" : {
      "x" : 38.506577,
      "y" : 13.708204,
      "z" : -82.777084
    },
    "orientation" : 47
  }, {
    "shape" : "1ad6f10d-2348-4780-a96f-b6fae1e271de",
    "color" : "#6C00C6",
    "position" : {
      "x" : 18.391485,
      "y" : 12.984597,
      "z" : -4.236068
    },
    "orientation" : 30
  }, {
    "shape" : "e5e43890-c606-4609-bdbb-fed4452375d3",
    "color" : "#6C00C6",
    "position" : {
      "x" : 138.3181,
      "y" : 54.30495,
      "z" : -30.034441
    },
    "orientation" : 9
  }, {
    "shape" : "abc9fa6e-178f-4835-9964-cd1561acae05",
    "color" : "#6C00C6",
    "position" : {
      "x" : 140.3181,
      "y" : 54.45085,
      "z" : -13.472136
    },
    "orientation" : 9
  }, {
    "shape" : "e5e43890-c606-4609-bdbb-fed4452375d3",
    "color" : "#6C00C6",
    "position" : {
      "x" : 13.708204,
      "y" : 3.763932,
      "z" : -14.326238
    },
    "orientation" : 39
  }, {
    "shape" : "e5e43890-c606-4609-bdbb-fed4452375d3",
    "color" : "#6C00C6",
    "position" : {
      "x" : 142.55417,
      "y" : 47.45085,
      "z" : -30.18034
    },
    "orientation" : 0
  }, {
    "shape" : "6c8f9fa2-6dbc-4811-9beb-706ce10d8670",
    "color" : "#6C00C6",
    "position" : {
      "x" : 141.55417,
      "y" : 47.214783,
      "z" : -61.832817
    },
    "orientation" : 34
  }, {
    "shape" : "55c20818-9bd1-4d36-a437-6eef7fdaea83",
    "color" : "#6C00C6",
    "position" : {
      "x" : 21.00952,
      "y" : 8.748529,
      "z" : -81.15905
    },
    "orientation" : 29
  }, {
    "shape" : "e5e43890-c606-4609-bdbb-fed4452375d3",
    "color" : "#6C00C6",
    "position" : {
      "x" : 141.70007,
      "y" : 48.832817,
      "z" : -50.59675
    },
    "orientation" : 3
  }, {
    "shape" : "b1cbe704-91d0-4fef-9f69-7927bf2afd17",
    "color" : "#6C00C6",
    "position" : {
      "x" : 18.391485,
      "y" : 12.984597,
      "z" : -42.888542
    },
    "orientation" : 30
  }, {
    "shape" : "88ffe111-6d32-4e55-bc6f-27ca7de4f25d",
    "color" : "#6C00C6",
    "position" : {
      "x" : 22.18034,
      "y" : 6.854102,
      "z" : -82.777084
    },
    "orientation" : 16
  }, {
    "shape" : "df537cba-d814-45fa-a6b6-ab46cfc17136",
    "color" : "#6C00C6",
    "position" : {
      "x" : 35.888542,
      "y" : 6.854102,
      "z" : -42.888542
    },
    "orientation" : 41
  }, {
    "shape" : "6c8f9fa2-6dbc-4811-9beb-706ce10d8670",
    "color" : "#6C00C6",
    "position" : {
      "x" : 139.70007,
      "y" : 50.214783,
      "z" : -58.978714
    },
    "orientation" : 32
  }, {
    "shape" : "e5e43890-c606-4609-bdbb-fed4452375d3",
    "color" : "#6C00C6",
    "position" : {
      "x" : 139.08205,
      "y" : 53.068882,
      "z" : -19.09017
    },
    "orientation" : 6
  }, {
    "shape" : "0bd83106-ed5f-425e-ab60-b6ff4d50641c",
    "color" : "#6C00C6",
    "position" : {
      "x" : 138.3181,
      "y" : 52.45085,
      "z" : -34.41641
    },
    "orientation" : 56
  }, {
    "shape" : "48bfae01-a092-42f5-86bc-4c46c4370300",
    "color" : "#6C00C6",
    "position" : {
      "x" : 11.562305,
      "y" : 7.236068,
      "z" : -58.59675
    },
    "orientation" : 42
  }, {
    "shape" : "59b55c58-9ca3-4927-937d-c7af69c10342",
    "color" : "#6C00C6",
    "position" : {
      "x" : 8.09017,
      "y" : 9.472136,
      "z" : -47.12461
    },
    "orientation" : 30
  }, {
    "shape" : "0bd83106-ed5f-425e-ab60-b6ff4d50641c",
    "color" : "#6C00C6",
    "position" : {
      "x" : 12.326238,
      "y" : 7.854102,
      "z" : -58.978714
    },
    "orientation" : 14
  }, {
    "shape" : "2bb4caa4-42ca-46a6-92e7-6c47d2c94a32",
    "color" : "#6C00C6",
    "position" : {
      "x" : 35.888542,
      "y" : 6.854102,
      "z" : -82.777084
    },
    "orientation" : 21
  }, {
