{
  "field" : "golden",
  "symmetry" : "icosahedral",
  "orientations" : [ [ 1.0, 0.0, 0.0, 0.0, 0.0, 1.0, 0.0, 0.0, 0.0, 0.0, 1.0, 0.0, 0.0, 0.0, 0.0, 1.0 ], [ 0.0, 0.0, 1.0, 0.0, 1.0, 0.0, 0.0, 0.0, 0.0, 1.0, 0.0, 0.0, 0.0, 0.0, 0.0, 1.0 ], [ 0.0, 1.0, 0.0, 0.0, 0.0, 0.0, 1.0, 0.0, 1.0, 0.0, 0.0, 0.0, 0.0, 0.0, 0.0, 1.0 ], [ 0.809017, 0.309017, 0.5, 0.0, 0.309017, 0.5, -0.809017, 0.0, -0.5, 0.809017, 0.309017, 0.0, 0.0, 0.0, 0.0, 1.0 ], [ -0.5, 0.809017, 0.309017, 0.0, 0.809017, 0.309017, 0.5, 0.0, 0.309017, 0.5, -0.809017, 0.0, 0.0, 0.0, 0.0, 1.0 ], [ 0.309017, 0.5, -0.809017, 0.0, -0.5, 0.809017, 0.309017, 0.0, 0.809017, 0.309017, 0.5, 0.0, 0.0, 0.0, 0.0, 1.0 ], [ 0.5, 0.809017, 0.309017, 0.0, 0.809017, -0.309017, -0.5, 0.0, -0.309017, 0.5, -0.809017, 0.0, 0.0, 0.0, 0.0, 1.0 ], [ -0.309017, 0.5, -0.809017, 0.0, 0.5, 0.809017, 0.309017, 0.0, 0.809017, -0.309017, -0.5, 0.0, 0.0, 0.0, 0.0, 1.0 ], [ 0.809017, -0.309017, -0.5, 0.0, -0.309017, 0.5, -0.809017, 0.0, 0.5, 0.809017, 0.309017, 0.0, 0.0, 0.0, 0.0, 1.0 ], [ 0.5, 0.809017, -0.309017, 0.0, 0.809017, -0.309017, 0.5, 0.0, 0.309017, -0.5, -0.809017, 0.0, 0.0, 0.0, 0.0, 1.0 ], [ 0.309017, -0.5, -0.809017, 0.0, 0.5, 0.809017, -0.309017, 0.0, 0.809017, -0.309017, 0.5, 0.0, 0.0, 0.0, 0.0, 1.0 ], [ 0.809017, -0.309017, 0.5, 0.0, 0.309017, -0.5, -0.809017, 0.0, 0.5, 0.809017, -0.309017, 0.0, 0.0, 0.0, 0.0, 1.0 ], [ 0.809017, 0.309017, -0.5, 0.0, 0.309017, 0.5, 0.809017, 0.0, 0.5, -0.809017, 0.309017, 0.0, 0.0, 0.0, 0.0, 1.0 ], [ 0.5, -0.809017, 0.309017, 0.0, 0.809017, 0.309017, -0.5, 0.0, 0.309017, 0.5, 0.809017, 0.0, 0.0, 0.0, 0.0, 1.0 ], [ 0.309017, 0.5, 0.809017, 0.0, 0.5, -0.809017, 0.309017, 0.0, 0.809017, 0.309017, -0.5, 0.0, 0.0, 0.0, 0.0, 1.0 ], [ 1.0, 0.0, 0.0, 0.0, 0.0, -1.0, 0.0, 0.0, 0.0, 0.0, -1.0, 0.0, 0.0, 0.0, 0.0, 1.0 ], [ 0.0, 0.0, 1.0, 0.0, -1.0, 0.0, 0.0, 0.0, 0.0, -1.0, 0.0, 0.0, 0.0, 0.0, 0.0, 1.0 ], [ 0.0, 1.0, 0.0, 0.0, 0.0, 0.0, -1.0, 0.0, -1.0, 0.0, 0.0, 0.0, 0.0, 0.0, 0.0, 1.0 ], [ 0.809017, 0.309017, 0.5, 0.0, -0.309017, -0.5, 0.809017, 0.0, 0.5, -0.809017, -0.309017, 0.0, 0.0, 0.0, 0.0, 1.0 ], [ -0.5, 0.809017, 0.309017, 0.0, -0.809017, -0.309017, -0.5, 0.0, -0.309017, -0.5, 0.809017, 0.0, 0.0, 0.0, 0.0, 1.0 ], [ 0.309017, 0.5, -0.809017, 0.0, 0.5, -0.809017, -0.309017, 0.0, -0.809017, -0.309017, -0.5, 0.0, 0.0, 0.0, 0.0, 1.0 ], [ 0.5, 0.809017, 0.309017, 0.0, -0.809017, 0.309017, 0.5, 0.0, 0.309017, -0.5, 0.809017, 0.0, 0.0, 0.0, 0.0, 1.0 ], [ -0.309017, 0.5, -0.809017, 0.0, -0.5, -0.809017, -0.309017, 0.0, -0.809017, 0.309017, 0.5, 0.0, 0.0, 0.0, 0.0, 1.0 ], [ 0.809017, -0.309017, -0.5, 0.0, 0.309017, -0.5, 0.809017, 0.0, -0.5, -0.809017, -0.309017, 0.0, 0.0, 0.0, 0.0, 1.0 ], [ 0.5, 0.809017, -0.309017, 0.0, -0.809017, 0.309017, -0.5, 0.0, -0.309017, 0.5, 0.809017, 0.0, 0.0, 0.0, 0.0, 1.0 ], [ 0.309017, -0.5, -0.809017, 0.0, -0.5, -0.809017, 0.309017, 0.0, -0.809017, 0.309017, -0.5, 0.0, 0.0, 0.0, 0.0, 1.0 ], [ 0.809017, -0.309017, 0.5, 0.0, -0.309017, 0.5, 0.809017, 0.0, -0.5, -0.809017, 0.309017, 0.0, 0.0, 0.0, 0.0, 1.0 ], [ 0.809017, 0.309017, -0.5, 0.0, -0.309017, -0.5, -0.809017, 0.0, -0.5, 0.809017, -0.309017, 0.0, 0.0, 0.0, 0.0, 1.0 ], [ 0.5, -0.809017, 0.309017, 0.0, -0.809017, -0.309017, 0.5, 0.0, -0.309017, -0.5, -0.809017, 0.0, 0.0, 0.0, 0.0, 1.0 ], [ 0.309017, 0.5, 0.809017, 0.0, -0.5, 0.809017, -0.309017, 0.0, -0.809017, -0.309017, 0.5, 0.0, 0.0, 0.0, 0.0, 1.0 ], [ -1.0, 0.0, 0.0, 0.0, 0.0, -1.0, 0.0, 0.0, 0.0, 0.0, 1.0, 0.0, 0.0, 0.0, 0.0, 1.0 ], [ 0.0, 0.0, -1.0, 0.0, -1.0, 0.0, 0.0, 0.0, 0.0, 1.0, 0.0, 0.0, 0.0, 0.0, 0.0, 1.0 ], [ 0.0, -1.0, 0.0, 0.0, 0.0, 0.0, -1.0, 0.0, 1.0, 0.0, 0.0, 0.0, 0.0, 0.0, 0.0, 1.0 ], [ -0.809017, -0.309017, -0.5, 0.0, -0.309017, -0.5, 0.809017, 0.0, -0.5, 0.809017, 0.309017, 0.0, 0.0, 0.0, 0.0, 1.0 ], [ 0.5, -0.809017, -0.309017, 0.0, -0.809017, -0.309017, -0.5, 0.0, 0.309017, 0.5, -0.809017, 0.0, 0.0, 0.0, 0.0, 1.0 ], [ -0.309017, -0.5, 0.809017, 0.0, 0.5, -0.809017, -0.309017, 0.0, 0.809017, 0.309017, 0.5, 0.0, 0.0, 0.0, 0.0, 1.0 ], [ -0.5, -0.809017, -0.309017, 0.0, -0.809017, 0.309017, 0.5, 0.0, -0.309017, 0.5, -0.809017, 0.0, 0.0, 0.0, 0.0, 1.0 ], [ 0.309017, -0.5, 0.809017, 0.0, -0.5, -0.809017, -0.309017, 0.0, 0.809017, -0.309017, -0.5, 0.0, 0.0, 0.0, 0.0, 1.0 ], [ -0.809017, 0.309017, 0.5, 0.0, 0.309017, -0.5, 0.809017, 0.0, 0.5, 0.809017, 0.309017, 0.0, 0.0, 0.0, 0.0, 1.0 ], [ -0.5, -0.809017, 0.309017, 0.0, -0.809017, 0.309017, -0.5, 0.0, 0.309017, -0.5, -0.809017, 0.0, 0.0, 0.0, 0.0, 1.0 ], [ -0.309017, 0.5, 0.809017, 0.0, -0.5, -0.809017, 0.309017, 0.0, 0.809017, -0.309017, 0.5, 0.0, 0.0, 0.0, 0.0, 1.0 ], [ -0.809017, 0.309017, -0.5, 0.0, -0.309017, 0.5, 0.809017, 0.0, 0.5, 0.809017, -0.309017, 0.0, 0.0, 0.0, 0.0, 1.0 ], [ -0.809017, -0.309017, 0.5, 0.0, -0.309017, -0.5, -0.809017, 0.0, 0.5, -0.809017, 0.309017, 0.0, 0.0, 0.0, 0.0, 1.0 ], [ -0.5, 0.809017, -0.309017, 0.0, -0.809017, -0.309017, 0.5, 0.0, 0.309017, 0.5, 0.809017, 0.0, 0.0, 0.0, 0.0, 1.0 ], [ -0.309017, -0.5, -0.809017, 0.0, -0.5, 0.809017, -0.309017, 0.0, 0.809017, 0.309017, -0.5, 0.0, 0.0, 0.0, 0.0, 1.0 ], [ -1.0, 0.0, 0.0, 0.0, 0.0, 1.0, 0.0, 0.0, 0.0, 0.0, -1.0, 0.0, 0.0, 0.0, 0.0, 1.0 ], [ 0.0, 0.0, -1.0, 0.0, 1.0, 0.0, 0.0, 0.0, 0.0, -1.0, 0.0, 0.0, 0.0, 0.0, 0.0, 1.0 ], [ 0.0, -1.0, 0.0, 0.0, 0.0, 0.0, 1.0, 0.0, -1.0, 0.0, 0.0, 0.0, 0.0, 0.0, 0.0, 1.0 ], [ -0.809017, -0.309017, -0.5, 0.0, 0.309017, 0.5, -0.809017, 0.0, 0.5, -0.809017, -0.309017, 0.0, 0.0, 0.0, 0.0, 1.0 ], [ 0.5, -0.809017, -0.309017, 0.0, 0.809017, 0.309017, 0.5, 0.0, -0.309017, -0.5, 0.809017, 0.0, 0.0, 0.0, 0.0, 1.0 ], [ -0.309017, -0.5, 0.809017, 0.0, -0.5, 0.809017, 0.309017, 0.0, -0.809017, -0.309017, -0.5, 0.0, 0.0, 0.0, 0.0, 1.0 ], [ -0.5, -0.809017, -0.309017, 0.0, 0.809017, -0.309017, -0.5, 0.0, 0.309017, -0.5, 0.809017, 0.0, 0.0, 0.0, 0.0, 1.0 ], [ 0.309017, -0.5, 0.809017, 0.0, 0.5, 0.809017, 0.309017, 0.0, -0.809017, 0.309017, 0.5, 0.0, 0.0, 0.0, 0.0, 1.0 ], [ -0.809017, 0.309017, 0.5, 0.0, -0.309017, 0.5, -0.809017, 0.0, -0.5, -0.809017, -0.309017, 0.0, 0.0, 0.0, 0.0, 1.0 ], [ -0.5, -0.809017, 0.309017, 0.0, 0.809017, -0.309017, 0.5, 0.0, -0.309017, 0.5, 0.809017, 0.0, 0.0, 0.0, 0.0, 1.0 ], [ -0.309017, 0.5, 0.809017, 0.0, 0.5, 0.809017, -0.309017, 0.0, -0.809017, 0.309017, -0.5, 0.0, 0.0, 0.0, 0.0, 1.0 ], [ -0.809017, 0.309017, -0.5, 0.0, 0.309017, -0.5, -0.809017, 0.0, -0.5, -0.809017, 0.309017, 0.0, 0.0, 0.0, 0.0, 1.0 ], [ -0.809017, -0.309017, 0.5, 0.0, 0.309017, 0.5, 0.809017, 0.0, -0.5, 0.809017, -0.309017, 0.0, 0.0, 0.0, 0.0, 1.0 ], [ -0.5, 0.809017, -0.309017, 0.0, 0.809017, 0.309017, -0.5, 0.0, -0.309017, -0.5, -0.809017, 0.0, 0.0, 0.0, 0.0, 1.0 ], [ -0.309017, -0.5, -0.809017, 0.0, 0.5, -0.809017, 0.309017, 0.0, -0.809017, -0.309017, 0.5, 0.0, 0.0, 0.0, 0.0, 1.0 ] ],
  "lights" : {
    "ambientColor" : "#292929",
    "backgroundColor" : "#AFC8DC",
    "directionalLights" : [ {
      "direction" : {
        "x" : 1.0,
        "y" : -1.0,
        "z" : -1.0
      },
      "color" : "#EBEBE4"
    }, {
      "direction" : {
        "x" : -1.0,
        "y" : 0.0,
        "z" : 0.0
      },
      "color" : "#E4E4EB"
    }, {
      "direction" : {
        "x" : 0.0,
        "y" : 0.0,
        "z" : -1.0
      },
      "color" : "#1E1E1E"
    } ]
  },
  "camera" : {
    "lookDirection" : {
      "x" : -0.13319325,
      "y" : 0.32159457,
      "z" : -0.93746316
    },
    "upDirection" : {
      "x" : -0.21856576,
      "y" : 0.9130726,
      "z" : 0.3442811
    },
    "lookAtPoint" : {
      "x" : 2.118034,
      "y" : 2.118034,
      "z" : 26.916409
    },
    "viewDistance" : 120.16664,
    "nearClipDistance" : 0.30041665,
    "farClipDistance" : 240.33307,
    "fieldOfView" : 0.44262877,
    "perspective" : true,
    "width" : 54.074974,
    "stereo" : false,
    "position" : {
      "x" : 18.12342,
      "y" : -36.526905,
      "z" : 139.5682
    }
  },
  "embedding" : [ 1.0, 0.0, 0.0, 0.0, 0.0, 1.0, 0.0, 0.0, 0.0, 0.0, 1.0, 0.0, 0.0, 0.0, 0.0, 1.0 ],
  "shapes" : [ {
    "id" : "87fa20b3-c46d-4172-9597-8141a83d7365",
    "vertices" : [ {
      "x" : 0.309017,
      "y" : -0.809017,
      "z" : 0.618034
    }, {
      "x" : 0.809017,
      "y" : -0.618034,
      "z" : 0.309017
    }, {
      "x" : 0.618034,
      "y" : -0.309017,
      "z" : 0.809017
    }, {
      "x" : 1.0,
      "y" : 0.309017,
      "z" : 0.19098301
    }, {
      "x" : 0.809017,
      "y" : 0.618034,
      "z" : 0.309017
    }, {
      "x" : 0.618034,
      "y" : 0.309017,
      "z" : 0.809017
    }, {
      "x" : 0.809017,
      "y" : 0.0,
      "z" : 0.690983
    }, {
      "x" : 0.19098301,
      "y" : -1.0,
      "z" : 0.309017
    }, {
      "x" : -0.19098301,
      "y" : -1.0,
      "z" : 0.309017
    }, {
      "x" : -0.19098301,
      "y" : -1.0,
      "z" : -0.309017
    }, {
      "x" : 0.19098301,
      "y" : -1.0,
      "z" : -0.309017
    }, {
      "x" : 1.0,
      "y" : -0.309017,
      "z" : -0.19098301
    }, {
      "x" : 0.809017,
      "y" : -0.618034,
      "z" : -0.309017
    }, {
      "x" : 0.618034,
      "y" : -0.309017,
      "z" : -0.809017
    }, {
      "x" : 0.809017,
      "y" : 0.0,
      "z" : -0.690983
    }, {
      "x" : 0.0,
      "y" : 0.690983,
      "z" : -0.809017
    }, {
      "x" : 0.309017,
      "y" : 0.809017,
      "z" : -0.618034
    }, {
      "x" : 0.618034,
      "y" : 0.309017,
      "z" : -0.809017
    }, {
      "x" : 0.309017,
      "y" : 0.19098301,
      "z" : -1.0
    }, {
      "x" : 1.0,
      "y" : 0.309017,
      "z" : -0.19098301
    }, {
      "x" : -0.309017,
      "y" : -0.809017,
      "z" : 0.618034
    }, {
      "x" : 0.0,
      "y" : -0.690983,
      "z" : 0.809017
    }, {
      "x" : 0.809017,
      "y" : 0.618034,
      "z" : -0.309017
    }, {
      "x" : 0.690983,
      "y" : 0.809017,
      "z" : 0.0
    }, {
      "x" : -0.690983,
      "y" : 0.809017,
      "z" : 0.0
    }, {
      "x" : -0.809017,
      "y" : 0.618034,
      "z" : 0.309017
    }, {
      "x" : -0.309017,
      "y" : 0.809017,
      "z" : 0.618034
    }, {
      "x" : -0.19098301,
      "y" : 1.0,
      "z" : 0.309017
    }, {
      "x" : 0.309017,
      "y" : -0.19098301,
      "z" : -1.0
    }, {
      "x" : 0.19098301,
      "y" : 1.0,
      "z" : 0.309017
    }, {
      "x" : 0.309017,
      "y" : 0.809017,
      "z" : 0.618034
    }, {
      "x" : -0.809017,
      "y" : -0.618034,
      "z" : 0.309017
    }, {
      "x" : -0.690983,
      "y" : -0.809017,
      "z" : 0.0
    }, {
      "x" : 0.0,
      "y" : 0.690983,
      "z" : 0.809017
    }, {
      "x" : 0.309017,
      "y" : -0.809017,
      "z" : -0.618034
    }, {
      "x" : 0.0,
      "y" : -0.690983,
      "z" : -0.809017
    }, {
      "x" : -1.0,
      "y" : 0.309017,
      "z" : 0.19098301
    }, {
      "x" : -0.809017,
      "y" : 0.0,
      "z" : 0.690983
    }, {
      "x" : -0.618034,
      "y" : 0.309017,
      "z" : 0.809017
    }, {
      "x" : 1.0,
      "y" : -0.309017,
      "z" : 0.19098301
    }, {
      "x" : -0.309017,
      "y" : -0.809017,
      "z" : -0.618034
    }, {
      "x" : -1.0,
      "y" : 0.309017,
      "z" : -0.19098301
    }, {
      "x" : -1.0,
      "y" : -0.309017,
      "z" : -0.19098301
    }, {
      "x" : -1.0,
      "y" : -0.309017,
      "z" : 0.19098301
    }, {
      "x" : 0.19098301,
      "y" : 1.0,
      "z" : -0.309017
    }, {
      "x" : -0.809017,
      "y" : 0.618034,
      "z" : -0.309017
    }, {
      "x" : -0.19098301,
      "y" : 1.0,
      "z" : -0.309017
    }, {
      "x" : -0.309017,
      "y" : 0.809017,
      "z" : -0.618034
    }, {
      "x" : -0.618034,
      "y" : -0.309017,
      "z" : 0.809017
    }, {
      "x" : 0.309017,
      "y" : 0.19098301,
      "z" : 1.0
    }, {
      "x" : -0.309017,
      "y" : 0.19098301,
      "z" : -1.0
    }, {
      "x" : -0.309017,
      "y" : 0.19098301,
      "z" : 1.0
    }, {
      "x" : -0.309017,
      "y" : -0.19098301,
      "z" : 1.0
    }, {
      "x" : 0.309017,
      "y" : -0.19098301,
      "z" : 1.0
    }, {
      "x" : 0.690983,
      "y" : -0.809017,
      "z" : 0.0
    }, {
      "x" : -0.809017,
      "y" : 0.0,
      "z" : -0.690983
    }, {
      "x" : -0.618034,
      "y" : -0.309017,
      "z" : -0.809017
    }, {
      "x" : -0.309017,
      "y" : -0.19098301,
      "z" : -1.0
    }, {
      "x" : -0.618034,
      "y" : 0.309017,
      "z" : -0.809017
    }, {
      "x" : -0.809017,
      "y" : -0.618034,
      "z" : -0.309017
    } ],
    "faces" : [ {
      "vertices" : [ 9, 40, 35 ]
    }, {
      "vertices" : [ 9, 35, 34 ]
    }, {
      "vertices" : [ 9, 34, 10 ]
    }, {
      "vertices" : [ 0, 1, 2 ]
    }, {
      "vertices" : [ 33, 51, 49 ]
    }, {
      "vertices" : [ 25, 36, 37 ]
    }, {
      "vertices" : [ 25, 37, 38 ]
    }, {
      "vertices" : [ 41, 55, 42 ]
    }, {
      "vertices" : [ 9, 32, 59 ]
    }, {
      "vertices" : [ 9, 59, 40 ]
    }, {
      "vertices" : [ 20, 21, 52 ]
    }, {
      "vertices" : [ 20, 52, 48 ]
    }, {
      "vertices" : [ 26, 33, 30 ]
    }, {
      "vertices" : [ 26, 30, 29 ]
    }, {
      "vertices" : [ 26, 29, 27 ]
    }, {
      "vertices" : [ 3, 4, 5 ]
    }, {
      "vertices" : [ 3, 5, 6 ]
    }, {
      "vertices" : [ 27, 29, 44 ]
    }, {
      "vertices" : [ 27, 44, 46 ]
    }, {
      "vertices" : [ 50, 57, 56 ]
    }, {
      "vertices" : [ 50, 56, 55 ]
    }, {
      "vertices" : [ 50, 55, 58 ]
    }, {
      "vertices" : [ 26, 38, 51 ]
    }, {
      "vertices" : [ 26, 51, 33 ]
    }, {
      "vertices" : [ 45, 47, 58 ]
    }, {
      "vertices" : [ 18, 28, 57 ]
    }, {
      "vertices" : [ 18, 57, 50 ]
    }, {
      "vertices" : [ 40, 59, 56 ]
    }, {
      "vertices" : [ 31, 48, 37 ]
    }, {
      "vertices" : [ 31, 37, 43 ]
    }, {
      "vertices" : [ 7, 8, 9 ]
    }, {
      "vertices" : [ 7, 9, 10 ]
    }, {
      "vertices" : [ 36, 41, 42 ]
    }, {
      "vertices" : [ 36, 42, 43 ]
    }, {
      "vertices" : [ 24, 46, 47 ]
    }, {
      "vertices" : [ 24, 47, 45 ]
    }, {
      "vertices" : [ 4, 30, 5 ]
    }, {
      "vertices" : [ 15, 47, 46 ]
    }, {
      "vertices" : [ 15, 46, 44 ]
    }, {
      "vertices" : [ 15, 44, 16 ]
    }, {
      "vertices" : [ 15, 50, 58 ]
    }, {
      "vertices" : [ 15, 58, 47 ]
    }, {
      "vertices" : [ 24, 45, 41 ]
    }, {
      "vertices" : [ 24, 41, 36 ]
    }, {
      "vertices" : [ 24, 36, 25 ]
    }, {
      "vertices" : [ 11, 14, 19 ]
    }, {
      "vertices" : [ 3, 6, 39 ]
    }, {
      "vertices" : [ 1, 39, 6 ]
    }, {
      "vertices" : [ 1, 6, 2 ]
    }, {
      "vertices" : [ 8, 32, 9 ]
    }, {
      "vertices" : [ 11, 12, 13 ]
    }, {
      "vertices" : [ 11, 13, 14 ]
    }, {
      "vertices" : [ 16, 22, 17 ]
    }, {
      "vertices" : [ 0, 21, 20 ]
    }, {
      "vertices" : [ 0, 20, 8 ]
    }, {
      "vertices" : [ 0, 8, 7 ]
    }, {
      "vertices" : [ 12, 34, 13 ]
    }, {
      "vertices" : [ 35, 40, 56 ]
    }, {
      "vertices" : [ 35, 56, 57 ]
    }, {
      "vertices" : [ 0, 7, 54 ]
    }, {
      "vertices" : [ 0, 54, 1 ]
    }, {
      "vertices" : [ 15, 16, 17 ]
    }, {
      "vertices" : [ 15, 17, 18 ]
    }, {
      "vertices" : [ 3, 19, 22 ]
    }, {
      "vertices" : [ 3, 22, 23 ]
    }, {
      "vertices" : [ 3, 23, 4 ]
    }, {
      "vertices" : [ 7, 10, 54 ]
    }, {
      "vertices" : [ 41, 45, 58 ]
    }, {
      "vertices" : [ 41, 58, 55 ]
    }, {
      "vertices" : [ 3, 39, 11 ]
    }, {
      "vertices" : [ 3, 11, 19 ]
    }, {
      "vertices" : [ 14, 17, 22 ]
    }, {
      "vertices" : [ 14, 22, 19 ]
    }, {
      "vertices" : [ 0, 2, 53 ]
    }, {
      "vertices" : [ 0, 53, 21 ]
    }, {
      "vertices" : [ 49, 51, 52 ]
    }, {
      "vertices" : [ 49, 52, 53 ]
    }, {
      "vertices" : [ 31, 43, 42 ]
    }, {
      "vertices" : [ 31, 42, 59 ]
    }, {
      "vertices" : [ 31, 59, 32 ]
    }, {
      "vertices" : [ 15, 18, 50 ]
    }, {
      "vertices" : [ 42, 55, 56 ]
    }, {
      "vertices" : [ 42, 56, 59 ]
    }, {
      "vertices" : [ 4, 23, 29 ]
    }, {
      "vertices" : [ 4, 29, 30 ]
    }, {
      "vertices" : [ 25, 38, 26 ]
    }, {
      "vertices" : [ 13, 28, 18 ]
    }, {
      "vertices" : [ 13, 18, 17 ]
    }, {
      "vertices" : [ 13, 17, 14 ]
    }, {
      "vertices" : [ 8, 20, 31 ]
    }, {
      "vertices" : [ 8, 31, 32 ]
    }, {
      "vertices" : [ 23, 44, 29 ]
    }, {
      "vertices" : [ 24, 27, 46 ]
    }, {
      "vertices" : [ 37, 48, 52 ]
    }, {
      "vertices" : [ 37, 52, 51 ]
    }, {
      "vertices" : [ 37, 51, 38 ]
    }, {
      "vertices" : [ 20, 48, 31 ]
    }, {
      "vertices" : [ 24, 25, 26 ]
    }, {
      "vertices" : [ 24, 26, 27 ]
    }, {
      "vertices" : [ 16, 44, 23 ]
    }, {
      "vertices" : [ 16, 23, 22 ]
    }, {
      "vertices" : [ 13, 34, 35 ]
    }, {
      "vertices" : [ 13, 35, 28 ]
    }, {
      "vertices" : [ 10, 34, 12 ]
    }, {
      "vertices" : [ 10, 12, 54 ]
    }, {
      "vertices" : [ 2, 6, 5 ]
    }, {
      "vertices" : [ 2, 5, 49 ]
    }, {
      "vertices" : [ 2, 49, 53 ]
    }, {
      "vertices" : [ 36, 43, 37 ]
    }, {
      "vertices" : [ 5, 30, 33 ]
    }, {
      "vertices" : [ 5, 33, 49 ]
    }, {
      "vertices" : [ 1, 54, 12 ]
    }, {
      "vertices" : [ 1, 12, 11 ]
    }, {
      "vertices" : [ 1, 11, 39 ]
    }, {
      "vertices" : [ 28, 35, 57 ]
    }, {
      "vertices" : [ 21, 53, 52 ]
    } ]
  }, {
    "id" : "668cf84f-1ac4-4392-abd5-44d6135e6e6a",
    "vertices" : [ {
      "x" : 1.0,
      "y" : -0.309017,
      "z" : -0.19098301
    }, {
      "x" : 0.809017,
      "y" : 0.0,
      "z" : -0.690983
    }, {
      "x" : 1.0,
      "y" : 0.309017,
      "z" : -0.19098301
    }, {
      "x" : 1.809017,
      "y" : 0.0,
      "z" : -0.309017
    }, {
      "x" : 1.618034,
      "y" : 0.309017,
      "z" : -0.809017
    }, {
      "x" : 2.0,
      "y" : 0.309017,
      "z" : -0.19098301
    }, {
      "x" : 1.809017,
      "y" : 0.618034,
      "z" : -0.690983
    }, {
      "x" : 10.59017,
      "y" : 1.5,
      "z" : -2.736068
    }, {
      "x" : 10.399187,
      "y" : 1.809017,
      "z" : -3.236068
    }, {
      "x" : 10.781153,
      "y" : 1.809017,
      "z" : -2.618034
    }, {
      "x" : 10.59017,
      "y" : 2.118034,
      "z" : -3.118034
    }, {
      "x" : 11.399187,
      "y" : 1.809017,
      "z" : -3.236068
    }, {
      "x" : 11.59017,
      "y" : 2.118034,
      "z" : -2.736068
    }, {
      "x" : 11.399187,
      "y" : 2.427051,
      "z" : -3.236068
    }, {
      "x" : 12.399187,
      "y" : 2.118034,
      "z" : -3.427051
    } ],
    "faces" : [ {
      "vertices" : [ 8, 13, 11 ]
    }, {
      "vertices" : [ 2, 5, 9 ]
    }, {
      "vertices" : [ 2, 9, 10 ]
    }, {
      "vertices" : [ 2, 10, 6 ]
    }, {
      "vertices" : [ 3, 4, 8 ]
    }, {
      "vertices" : [ 3, 8, 11 ]
    }, {
      "vertices" : [ 3, 11, 7 ]
    }, {
      "vertices" : [ 0, 2, 1 ]
    }, {
      "vertices" : [ 11, 13, 12 ]
    }, {
      "vertices" : [ 0, 5, 2 ]
    }, {
      "vertices" : [ 0, 3, 5 ]
    }, {
      "vertices" : [ 0, 1, 4 ]
    }, {
      "vertices" : [ 0, 4, 3 ]
    }, {
      "vertices" : [ 1, 2, 6 ]
    }, {
      "vertices" : [ 1, 6, 4 ]
    }, {
      "vertices" : [ 9, 12, 13 ]
    }, {
      "vertices" : [ 9, 13, 10 ]
    }, {
      "vertices" : [ 3, 7, 9 ]
    }, {
      "vertices" : [ 3, 9, 5 ]
    }, {
      "vertices" : [ 7, 12, 9 ]
    }, {
      "vertices" : [ 4, 6, 10 ]
    }, {
      "vertices" : [ 4, 10, 8 ]
    }, {
      "vertices" : [ 7, 11, 12 ]
    }, {
      "vertices" : [ 8, 10, 13 ]
    } ]
  }, {
    "id" : "43720dfc-4e63-4914-8ff5-5174955c6331",
    "vertices" : [ {
      "x" : 1.0,
      "y" : -0.309017,
      "z" : -0.19098301
    }, {
      "x" : 0.809017,
      "y" : 0.0,
      "z" : -0.690983
    }, {
      "x" : 1.0,
      "y" : 0.309017,
      "z" : -0.19098301
    }, {
      "x" : 1.809017,
      "y" : 0.0,
      "z" : -0.309017
    }, {
      "x" : 1.618034,
      "y" : 0.309017,
      "z" : -0.809017
    }, {
      "x" : 2.0,
      "y" : 0.309017,
      "z" : -0.19098301
    }, {
      "x" : 1.809017,
      "y" : 0.618034,
      "z" : -0.690983
    }, {
      "x" : 5.854102,
      "y" : 0.690983,
      "z" : -1.427051
    }, {
      "x" : 5.663119,
      "y" : 1.0,
      "z" : -1.927051
    }, {
      "x" : 6.045085,
      "y" : 1.0,
      "z" : -1.309017
    }, {
      "x" : 5.854102,
      "y" : 1.309017,
      "z" : -1.809017
    }, {
      "x" : 6.663119,
      "y" : 1.0,
      "z" : -1.927051
    }, {
      "x" : 6.854102,
      "y" : 1.309017,
      "z" : -1.427051
    }, {
      "x" : 6.663119,
      "y" : 1.618034,
      "z" : -1.927051
    }, {
      "x" : 7.663119,
      "y" : 1.309017,
      "z" : -2.118034
    } ],
    "faces" : [ {
      "vertices" : [ 8, 13, 11 ]
    }, {
      "vertices" : [ 2, 5, 9 ]
    }, {
      "vertices" : [ 2, 9, 10 ]
    }, {
      "vertices" : [ 2, 10, 6 ]
    }, {
      "vertices" : [ 3, 4, 8 ]
    }, {
      "vertices" : [ 3, 8, 11 ]
    }, {
      "vertices" : [ 3, 11, 7 ]
    }, {
      "vertices" : [ 0, 2, 1 ]
    }, {
      "vertices" : [ 11, 13, 12 ]
    }, {
      "vertices" : [ 0, 5, 2 ]
    }, {
      "vertices" : [ 0, 3, 5 ]
    }, {
      "vertices" : [ 0, 1, 4 ]
    }, {
      "vertices" : [ 0, 4, 3 ]
    }, {
      "vertices" : [ 1, 2, 6 ]
    }, {
      "vertices" : [ 1, 6, 4 ]
    }, {
      "vertices" : [ 9, 12, 13 ]
    }, {
      "vertices" : [ 9, 13, 10 ]
    }, {
      "vertices" : [ 3, 7, 9 ]
    }, {
      "vertices" : [ 3, 9, 5 ]
    }, {
      "vertices" : [ 7, 12, 9 ]
    }, {
      "vertices" : [ 4, 6, 10 ]
    }, {
      "vertices" : [ 4, 10, 8 ]
    }, {
      "vertices" : [ 7, 11, 12 ]
    }, {
      "vertices" : [ 8, 10, 13 ]
    } ]
  }, {
    "id" : "925da372-0e4f-44b3-af23-c3a9ab6bfc9e",
    "vertices" : [ {
      "x" : 3.8315594,
      "y" : 1.2725425,
      "z" : -0.677051
    }, {
      "x" : 4.854102,
      "y" : 1.309017,
      "z" : -0.809017
    }, {
      "x" : 3.8315594,
      "y" : 1.2725425,
      "z" : -0.29508498
    }, {
      "x" : 3.6405764,
      "y" : 1.5815595,
      "z" : -0.79508495
    }, {
      "x" : 3.6405764,
      "y" : 1.5815595,
      "z" : -0.41311896
    }, {
      "x" : 0.809017,
      "y" : 0.618034,
      "z" : 0.309017
    }, {
      "x" : 1.0,
      "y" : 0.309017,
      "z" : 0.19098301
    }, {
      "x" : 1.9045085,
      "y" : 0.5364745,
      "z" : -0.013932022
    }, {
      "x" : 4.545085,
      "y" : 1.809017,
      "z" : -1.0
    }, {
      "x" : 4.736068,
      "y" : 1.5,
      "z" : -1.118034
    }, {
      "x" : 4.736068,
      "y" : 1.5,
      "z" : -0.5
    }, {
      "x" : 4.545085,
      "y" : 1.809017,
      "z" : -0.618034
    }, {
      "x" : 1.7135255,
      "y" : 0.8454915,
      "z" : -0.13196601
    }, {
      "x" : 0.690983,
      "y" : 0.809017,
      "z" : 0.0
    }, {
      "x" : 1.9045085,
      "y" : 0.5364745,
      "z" : -0.39589804
    }, {
      "x" : 1.7135255,
      "y" : 0.8454915,
      "z" : -0.51393205
    }, {
      "x" : 0.809017,
      "y" : 0.618034,
      "z" : -0.309017
    }, {
      "x" : 1.0,
      "y" : 0.309017,
      "z" : -0.19098301
    }, {
      "x" : 5.545085,
      "y" : 2.118034,
      "z" : -0.809017
    } ],
    "faces" : [ {
      "vertices" : [ 0, 14, 15 ]
    }, {
      "vertices" : [ 0, 15, 3 ]
    }, {
      "vertices" : [ 3, 15, 12 ]
    }, {
      "vertices" : [ 3, 12, 4 ]
    }, {
      "vertices" : [ 0, 1, 2 ]
    }, {
      "vertices" : [ 12, 15, 13 ]
    }, {
      "vertices" : [ 0, 9, 1 ]
    }, {
      "vertices" : [ 0, 3, 9 ]
    }, {
      "vertices" : [ 13, 15, 16 ]
    }, {
      "vertices" : [ 6, 17, 14 ]
    }, {
      "vertices" : [ 6, 14, 7 ]
    }, {
      "vertices" : [ 1, 10, 2 ]
    }, {
      "vertices" : [ 5, 6, 7 ]
    }, {
      "vertices" : [ 3, 8, 9 ]
    }, {
      "vertices" : [ 0, 2, 7 ]
    }, {
      "vertices" : [ 0, 7, 14 ]
    }, {
      "vertices" : [ 5, 7, 12 ]
    }, {
      "vertices" : [ 2, 4, 12 ]
    }, {
      "vertices" : [ 2, 12, 7 ]
    }, {
      "vertices" : [ 3, 4, 11 ]
    }, {
      "vertices" : [ 3, 11, 8 ]
    }, {
      "vertices" : [ 2, 10, 11 ]
    }, {
      "vertices" : [ 2, 11, 4 ]
    }, {
      "vertices" : [ 5, 12, 13 ]
    }, {
      "vertices" : [ 14, 17, 16 ]
    }, {
      "vertices" : [ 14, 16, 15 ]
    } ]
  } ],
  "instances" : [ {
    "shape" : "87fa20b3-c46d-4172-9597-8141a83d7365",
    "color" : "#FFFFFF",
    "position" : {
      "x" : -7.663119,
      "y" : -11.09017,
      "z" : -23.489357
    }
  }, {
    "shape" : "87fa20b3-c46d-4172-9597-8141a83d7365",
    "color" : "#FFFFFF",
    "position" : {
      "x" : -12.399187,
      "y" : -21.371323,
      "z" : 11.09017
    }
  }, {
    "shape" : "668cf84f-1ac4-4392-abd5-44d6135e6e6a",
    "color" : "#DC4C00",
    "position" : {
      "x" : -23.489357,
      "y" : 14.5172205,
      "z" : 0.0
    },
    "orientation" : 16
  }, {
    "shape" : "43720dfc-4e63-4914-8ff5-5174955c6331",
    "color" : "#DC4C00",
    "position" : {
      "x" : -20.062305,
      "y" : -8.972136,
      "z" : -15.826238
    },
    "orientation" : 21
  }, {
    "shape" : "87fa20b3-c46d-4172-9597-8141a83d7365",
    "color" : "#FFFFFF",
    "position" : {
      "x" : 23.489357,
      "y" : 7.663119,
      "z" : -11.09017
    }
  }, {
    "shape" : "925da372-0e4f-44b3-af23-c3a9ab6bfc9e",
    "color" : "#008D36",
    "position" : {
      "x" : 14.5172205,
      "y" : 22.18034,
      "z" : 5.545085
    },
    "orientation" : 44
  }, {
    "shape" : "43720dfc-4e63-4914-8ff5-5174955c6331",
    "color" : "#DC4C00",
    "position" : {
      "x" : 20.062305,
      "y" : -8.972136,
      "z" : 15.826238
    },
    "orientation" : 36
  }, {
    "shape" : "43720dfc-4e63-4914-8ff5-5174955c6331",
    "color" : "#DC4C00",
    "position" : {
      "x" : 21.371323,
      "y" : 11.09017,
      "z" : 12.399187
    },
    "orientation" : 48
  }, {
    "shape" : "43720dfc-4e63-4914-8ff5-5174955c6331",
    "color" : "#DC4C00",
    "position" : {
      "x" : -23.489357,
      "y" : 7.663119,
      "z" : 11.09017
    },
    "orientation" : 16
  }, {
    "shape" : "668cf84f-1ac4-4392-abd5-44d6135e6e6a",
    "color" : "#DC4C00",
    "position" : {
      "x" : -14.5172205,
      "y" : 0.0,
      "z" : -23.489357
    },
    "orientation" : 40
  }, {
    "shape" : "668cf84f-1ac4-4392-abd5-44d6135e6e6a",
    "color" : "#DC4C00",
    "position" : {
      "x" : -14.5172205,
      "y" : 0.0,
      "z" : -23.489357
    },
    "orientation" : 0
  }, {
    "shape" : "668cf84f-1ac4-4392-abd5-44d6135e6e6a",
    "color" : "#DC4C00",
    "position" : {
      "x" : -23.489357,
      "y" : -14.5172205,
      "z" : 0.0
    },
    "orientation" : 1
  }, {
    "shape" : "43720dfc-4e63-4914-8ff5-5174955c6331",
    "color" : "#DC4C00",
    "position" : {
      "x" : -7.663119,
      "y" : 11.09017,
      "z" : 23.489357
    },
    "orientation" : 15
  }, {
    "shape" : "668cf84f-1ac4-4392-abd5-44d6135e6e6a",
    "color" : "#DC4C00",
    "position" : {
      "x" : 23.489357,
      "y" : 14.5172205,
      "z" : 0.0
    },
    "orientation" : 31
  }, {
    "shape" : "925da372-0e4f-44b3-af23-c3a9ab6bfc9e",
    "color" : "#008D36",
    "position" : {
      "x" : 20.062305,
      "y" : -8.972136,
      "z" : 15.826238
    },
    "orientation" : 20
  }, {
    "shape" : "668cf84f-1ac4-4392-abd5-44d6135e6e6a",
    "color" : "#DC4C00",
    "position" : {
      "x" : 14.5172205,
      "y" : 0.0,
      "z" : -23.489357
    },
    "orientation" : 5
  }, {
    "shape" : "43720dfc-4e63-4914-8ff5-5174955c6331",
    "color" : "#DC4C00",
    "position" : {
      "x" : 22.18034,
      "y" : 5.545085,
      "z" : 14.5172205
    },
    "orientation" : 25
  }, {
    "shape" : "925da372-0e4f-44b3-af23-c3a9ab6bfc9e",
    "color" : "#008D36",
    "position" : {
      "x" : -12.399187,
      "y" : 21.371323,
      "z" : -11.09017
    },
    "orientation" : 32
  }, {
    "shape" : "87fa20b3-c46d-4172-9597-8141a83d7365",
    "color" : "#FFFFFF",
    "position" : {
      "x" : 0.0,
      "y" : -23.489357,
      "z" : -14.5172205
    }
  }, {
    "shape" : "668cf84f-1ac4-4392-abd5-44d6135e6e6a",
    "color" : "#DC4C00",
    "position" : {
      "x" : 0.0,
      "y" : -23.489357,
      "z" : -14.5172205
    },
    "orientation" : 54
  }, {
    "shape" : "43720dfc-4e63-4914-8ff5-5174955c6331",
    "color" : "#DC4C00",
    "position" : {
      "x" : 11.09017,
      "y" : 12.399187,
      "z" : 21.371323
    },
    "orientation" : 20
  }, {
    "shape" : "87fa20b3-c46d-4172-9597-8141a83d7365",
    "color" : "#FFFFFF",
    "position" : {
      "x" : 21.371323,
      "y" : -11.09017,
      "z" : -12.399187
    }
  }, {
    "shape" : "43720dfc-4e63-4914-8ff5-5174955c6331",
    "color" : "#DC4C00",
    "position" : {
      "x" : -14.5172205,
      "y" : -22.18034,
      "z" : 5.545085
    },
    "orientation" : 26
  }, {
    "shape" : "43720dfc-4e63-4914-8ff5-5174955c6331",
    "color" : "#DC4C00",
    "position" : {
      "x" : 5.545085,
      "y" : 14.5172205,
      "z" : 22.18034
    },
    "orientation" : 39
  }, {
    "shape" : "668cf84f-1ac4-4392-abd5-44d6135e6e6a",
    "color" : "#DC4C00",
    "position" : {
      "x" : 23.489357,
      "y" : 14.5172205,
      "z" : 0.0
    },
    "orientation" : 56
  }, {
    "shape" : "43720dfc-4e63-4914-8ff5-5174955c6331",
    "color" : "#DC4C00",
    "position" : {
      "x" : 8.972136,
      "y" : -15.826238,
      "z" : 20.062305
    },
    "orientation" : 23
  }, {
    "shape" : "668cf84f-1ac4-4392-abd5-44d6135e6e6a",
    "color" : "#DC4C00",
    "position" : {
      "x" : -14.5172205,
      "y" : 0.0,
      "z" : 23.489357
    },
    "orientation" : 50
  }, {
    "shape" : "668cf84f-1ac4-4392-abd5-44d6135e6e6a",
    "color" : "#DC4C00",
    "position" : {
      "x" : 14.5172205,
      "y" : 0.0,
      "z" : -23.489357
    },
    "orientation" : 43
  }, {
    "shape" : "87fa20b3-c46d-4172-9597-8141a83d7365",
    "color" : "#FFFFFF",
    "position" : {
      "x" : -14.5172205,
      "y" : 0.0,
      "z" : -23.489357
    }
  }, {
    "shape" : "43720dfc-4e63-4914-8ff5-5174955c6331",
    "color" : "#DC4C00",
    "position" : {
      "x" : 12.399187,
      "y" : 21.371323,
      "z" : 11.09017
    },
    "orientation" : 34
  }, {
    "shape" : "925da372-0e4f-44b3-af23-c3a9ab6bfc9e",
    "color" : "#008D36",
    "position" : {
      "x" : -2.118034,
      "y" : -26.916409,
      "z" : 2.118034
    },
    "orientation" : 23
  }, {
    "shape" : "87fa20b3-c46d-4172-9597-8141a83d7365",
    "color" : "#FFFFFF",
    "position" : {
      "x" : 7.663119,
      "y" : 11.09017,
      "z" : -23.489357
    }
  }, {
    "shape" : "668cf84f-1ac4-4392-abd5-44d6135e6e6a",
    "color" : "#DC4C00",
    "position" : {
      "x" : 23.489357,
      "y" : -14.5172205,
      "z" : 0.0
    },
    "orientation" : 46
  }, {
    "shape" : "87fa20b3-c46d-4172-9597-8141a83d7365",
    "color" : "#FFFFFF",
    "position" : {
      "x" : -2.118034,
      "y" : 2.118034,
      "z" : -26.916409
    }
  }, {
    "shape" : "668cf84f-1ac4-4392-abd5-44d6135e6e6a",
    "color" : "#DC4C00",
    "position" : {
      "x" : 14.5172205,
      "y" : 0.0,
      "z" : 23.489357
    },
    "orientation" : 25
  }, {
    "shape" : "668cf84f-1ac4-4392-abd5-44d6135e6e6a",
    "color" : "#DC4C00",
    "position" : {
      "x" : 0.0,
      "y" : 23.489357,
      "z" : 14.5172205
    },
    "orientation" : 17
  }, {
    "shape" : "925da372-0e4f-44b3-af23-c3a9ab6bfc9e",
    "color" : "#008D36",
    "position" : {
      "x" : -2.118034,
      "y" : -2.118034,
      "z" : 26.916409
    },
    "orientation" : 6
  }, {
    "shape" : "87fa20b3-c46d-4172-9597-8141a83d7365",
    "color" : "#FFFFFF",
    "position" : {
      "x" : -11.09017,
      "y" : 23.489357,
      "z" : 7.663119
    }
  }, {
    "shape" : "87fa20b3-c46d-4172-9597-8141a83d7365",
    "color" : "#FFFFFF",
    "position" : {
      "x" : 14.5172205,
      "y" : 0.0,
      "z" : -23.489357
    }
  }, {
    "shape" : "925da372-0e4f-44b3-af23-c3a9ab6bfc9e",
    "color" : "#008D36",
    "position" : {
      "x" : -12.399187,
      "y" : -21.371323,
      "z" : 11.09017
    },
    "orientation" : 47
  }, {
    "shape" : "925da372-0e4f-44b3-af23-c3a9ab6bfc9e",
    "color" : "#008D36",
    "position" : {
      "x" : -8.972136,
      "y" : 15.826238,
      "z" : 20.062305
    },
    "orientation" : 34
  }, {
    "shape" : "43720dfc-4e63-4914-8ff5-5174955c6331",
    "color" : "#DC4C00",
    "position" : {
      "x" : 11.09017,
      "y" : 23.489357,
      "z" : -7.663119
    },
    "orientation" : 32
  }, {
    "shape" : "668cf84f-1ac4-4392-abd5-44d6135e6e6a",
    "color" : "#DC4C00",
    "position" : {
      "x" : 14.5172205,
      "y" : 0.0,
      "z" : -23.489357
    },
    "orientation" : 30
  }, {
    "shape" : "925da372-0e4f-44b3-af23-c3a9ab6bfc9e",
    "color" : "#008D36",
    "position" : {
      "x" : -11.09017,
      "y" : 23.489357,
      "z" : 7.663119
    },
    "orientation" : 39
  }, {
    "shape" : "668cf84f-1ac4-4392-abd5-44d6135e6e6a",
    "color" : "#DC4C00",
    "position" : {
      "x" : -23.489357,
      "y" : -14.5172205,
      "z" : 0.0
    },
    "orientation" : 14
  }, {
    "shape" : "87fa20b3-c46d-4172-9597-8141a83d7365",
    "color" : "#FFFFFF",
    "position" : {
      "x" : -9.781153,
      "y" : 25.607391,
      "z" : 0.0
    }
  }, {
    "shape" : "87fa20b3-c46d-4172-9597-8141a83d7365",
    "color" : "#FFFFFF",
    "position" : {
      "x" : -11.09017,
      "y" : -12.399187,
      "z" : 21.371323
    }
  }, {
    "shape" : "87fa20b3-c46d-4172-9597-8141a83d7365",
    "color" : "#FFFFFF",
    "position" : {
      "x" : -5.545085,
      "y" : -14.5172205,
      "z" : 22.18034
    }
  }, {
    "shape" : "43720dfc-4e63-4914-8ff5-5174955c6331",
    "color" : "#DC4C00",
    "position" : {
      "x" : 22.18034,
      "y" : -5.545085,
      "z" : -14.5172205
    },
    "orientation" : 10
  }, {
    "shape" : "925da372-0e4f-44b3-af23-c3a9ab6bfc9e",
    "color" : "#008D36",
    "position" : {
      "x" : 5.545085,
      "y" : -14.5172205,
      "z" : -22.18034
    },
    "orientation" : 12
  }, {
    "shape" : "43720dfc-4e63-4914-8ff5-5174955c6331",
    "color" : "#DC4C00",
    "position" : {
      "x" : 2.118034,
      "y" : 26.916409,
      "z" : 2.118034
    },
    "orientation" : 27
  }, {
    "shape" : "87fa20b3-c46d-4172-9597-8141a83d7365",
    "color" : "#FFFFFF",
    "position" : {
      "x" : -23.489357,
      "y" : -7.663119,
      "z" : -11.09017
    }
  }, {
    "shape" : "925da372-0e4f-44b3-af23-c3a9ab6bfc9e",
    "color" : "#008D36",
    "position" : {
      "x" : -8.972136,
      "y" : -15.826238,
      "z" : -20.062305
    },
    "orientation" : 49
  }, {
    "shape" : "668cf84f-1ac4-4392-abd5-44d6135e6e6a",
    "color" : "#DC4C00",
    "position" : {
      "x" : -23.489357,
      "y" : 14.5172205,
      "z" : 0.0
    },
    "orientation" : 29
  }, {
    "shape" : "87fa20b3-c46d-4172-9597-8141a83d7365",
    "color" : "#FFFFFF",
    "position" : {
      "x" : -23.489357,
      "y" : 7.663119,
      "z" : 11.09017
    }
  }, {
    "shape" : "87fa20b3-c46d-4172-9597-8141a83d7365",
    "color" : "#FFFFFF",
    "position" : {
      "x" : 21.371323,
      "y" : 11.09017,
      "z" : 12.399187
    }
  }, {
    "shape" : "668cf84f-1ac4-4392-abd5-44d6135e6e6a",
    "color" : "#DC4C00",
    "position" : {
      "x" : 14.5172205,
      "y" : 0.0,
      "z" : 23.489357
    },
    "orientation" : 58
  }, {
    "shape" : "925da372-0e4f-44b3-af23-c3a9ab6bfc9e",
    "color" : "#008D36",
    "position" : {
      "x" : -11.09017,
      "y" : -12.399187,
      "z" : 21.371323
    },
    "orientation" : 15
  }, {
    "shape" : "87fa20b3-c46d-4172-9597-8141a83d7365",
    "color" : "#FFFFFF",
    "position" : {
      "x" : 23.489357,
      "y" : -14.5172205,
      "z" : 0.0
    }
  }, {
    "shape" : "43720dfc-4e63-4914-8ff5-5174955c6331",
    "color" : "#DC4C00",
    "position" : {
      "x" : 14.5172205,
      "y" : -22.18034,
      "z" : -5.545085
    },
    "orientation" : 41
  }, {
    "shape" : "87fa20b3-c46d-4172-9597-8141a83d7365",
    "color" : "#FFFFFF",
    "position" : {
      "x" : -23.489357,
      "y" : 14.5172205,
      "z" : 0.0
    }
  }, {
    "shape" : "87fa20b3-c46d-4172-9597-8141a83d7365",
    "color" : "#FFFFFF",
    "position" : {
      "x" : 26.916409,
      "y" : -2.118034,
      "z" : -2.118034
    }
  }, {
    "shape" : "668cf84f-1ac4-4392-abd5-44d6135e6e6a",
    "color" : "#DC4C00",
    "position" : {
      "x" : 14.5172205,
      "y" : 0.0,
      "z" : 23.489357
    },
    "orientation" : 36
  }, {
    "shape" : "87fa20b3-c46d-4172-9597-8141a83d7365",
    "color" : "#FFFFFF",
    "position" : {
      "x" : 9.781153,
      "y" : -25.607391,
      "z" : 0.0
    }
  }, {
    "shape" : "925da372-0e4f-44b3-af23-c3a9ab6bfc9e",
    "color" : "#008D36",
    "position" : {
      "x" : 7.663119,
      "y" : 11.09017,
      "z" : -23.489357
    },
    "orientation" : 10
  }, {
    "shape" : "668cf84f-1ac4-4392-abd5-44d6135e6e6a",
    "color" : "#DC4C00",
    "position" : {
      "x" : 0.0,
      "y" : 23.489357,
      "z" : -14.5172205
    },
    "orientation" : 19
  }, {
    "shape" : "43720dfc-4e63-4914-8ff5-5174955c6331",
    "color" : "#DC4C00",
    "position" : {
      "x" : 7.663119,
      "y" : 11.09017,
      "z" : -23.489357
    },
    "orientation" : 30
  }, {
    "shape" : "43720dfc-4e63-4914-8ff5-5174955c6331",
    "color" : "#DC4C00",
    "position" : {
      "x" : -21.371323,
      "y" : -11.09017,
      "z" : 12.399187
    },
    "orientation" : 18
  }, {
    "shape" : "87fa20b3-c46d-4172-9597-8141a83d7365",
    "color" : "#FFFFFF",
    "position" : {
      "x" : 14.5172205,
      "y" : 22.18034,
      "z" : 5.545085
    }
  }, {
    "shape" : "925da372-0e4f-44b3-af23-c3a9ab6bfc9e",
    "color" : "#008D36",
    "position" : {
      "x" : 11.09017,
      "y" : -23.489357,
      "z" : 7.663119
    },
    "orientation" : 9
  }, {
    "shape" : "43720dfc-4e63-4914-8ff5-5174955c6331",
    "color" : "#DC4C00",
    "position" : {
      "x" : -5.545085,
      "y" : -14.5172205,
      "z" : 22.18034
    },
    "orientation" : 9
  }, {
    "shape" : "43720dfc-4e63-4914-8ff5-5174955c6331",
    "color" : "#DC4C00",
    "position" : {
      "x" : -23.489357,
      "y" : -7.663119,
      "z" : -11.09017
    },
    "orientation" : 1
  }, {
    "shape" : "668cf84f-1ac4-4392-abd5-44d6135e6e6a",
    "color" : "#DC4C00",
    "position" : {
      "x" : -23.489357,
      "y" : 14.5172205,
      "z" : 0.0
    },
    "orientation" : 11
  }, {
    "shape" : "87fa20b3-c46d-4172-9597-8141a83d7365",
    "color" : "#FFFFFF",
    "position" : {
      "x" : -11.09017,
      "y" : 12.399187,
      "z" : -21.371323
    }
  }, {
    "shape" : "43720dfc-4e63-4914-8ff5-5174955c6331",
    "color" : "#DC4C00",
    "position" : {
      "x" : 11.09017,
      "y" : -12.399187,
      "z" : -21.371323
    },
    "orientation" : 5
  }, {
    "shape" : "87fa20b3-c46d-4172-9597-8141a83d7365",
    "color" : "#FFFFFF",
    "position" : {
      "x" : 23.489357,
      "y" : 14.5172205,
      "z" : 0.0
    }
  }, {
    "shape" : "668cf84f-1ac4-4392-abd5-44d6135e6e6a",
    "color" : "#DC4C00",
    "position" : {
      "x" : 0.0,
      "y" : -23.489357,
      "z" : 14.5172205
    },
    "orientation" : 23
  }, {
    "shape" : "43720dfc-4e63-4914-8ff5-5174955c6331",
    "color" : "#DC4C00",
    "position" : {
      "x" : -22.18034,
      "y" : -5.545085,
      "z" : 14.5172205
    },
    "orientation" : 55
  }, {
    "shape" : "668cf84f-1ac4-4392-abd5-44d6135e6e6a",
    "color" : "#DC4C00",
    "position" : {
      "x" : 0.0,
      "y" : -23.489357,
      "z" : 14.5172205
    },
    "orientation" : 57
  }, {
    "shape" : "87fa20b3-c46d-4172-9597-8141a83d7365",
    "color" : "#FFFFFF",
    "position" : {
      "x" : -22.18034,
      "y" : 5.545085,
      "z" : -14.5172205
    }
  }, {
    "shape" : "87fa20b3-c46d-4172-9597-8141a83d7365",
    "color" : "#FFFFFF",
