{
  "polygons" : "true",
  "field" : "golden",
  "symmetry" : "icosahedral",
  "orientations" : [ [ 1.0, 0.0, 0.0, 0.0, 0.0, 1.0, 0.0, 0.0, 0.0, 0.0, 1.0, 0.0, 0.0, 0.0, 0.0, 1.0 ], [ 0.0, 0.0, 1.0, 0.0, 1.0, 0.0, 0.0, 0.0, 0.0, 1.0, 0.0, 0.0, 0.0, 0.0, 0.0, 1.0 ], [ 0.0, 1.0, 0.0, 0.0, 0.0, 0.0, 1.0, 0.0, 1.0, 0.0, 0.0, 0.0, 0.0, 0.0, 0.0, 1.0 ], [ 0.809017, 0.309017, 0.5, 0.0, 0.309017, 0.5, -0.809017, 0.0, -0.5, 0.809017, 0.309017, 0.0, 0.0, 0.0, 0.0, 1.0 ], [ -0.5, 0.809017, 0.309017, 0.0, 0.809017, 0.309017, 0.5, 0.0, 0.309017, 0.5, -0.809017, 0.0, 0.0, 0.0, 0.0, 1.0 ], [ 0.309017, 0.5, -0.809017, 0.0, -0.5, 0.809017, 0.309017, 0.0, 0.809017, 0.309017, 0.5, 0.0, 0.0, 0.0, 0.0, 1.0 ], [ 0.5, 0.809017, 0.309017, 0.0, 0.809017, -0.309017, -0.5, 0.0, -0.309017, 0.5, -0.809017, 0.0, 0.0, 0.0, 0.0, 1.0 ], [ -0.309017, 0.5, -0.809017, 0.0, 0.5, 0.809017, 0.309017, 0.0, 0.809017, -0.309017, -0.5, 0.0, 0.0, 0.0, 0.0, 1.0 ], [ 0.809017, -0.309017, -0.5, 0.0, -0.309017, 0.5, -0.809017, 0.0, 0.5, 0.809017, 0.309017, 0.0, 0.0, 0.0, 0.0, 1.0 ], [ 0.5, 0.809017, -0.309017, 0.0, 0.809017, -0.309017, 0.5, 0.0, 0.309017, -0.5, -0.809017, 0.0, 0.0, 0.0, 0.0, 1.0 ], [ 0.309017, -0.5, -0.809017, 0.0, 0.5, 0.809017, -0.309017, 0.0, 0.809017, -0.309017, 0.5, 0.0, 0.0, 0.0, 0.0, 1.0 ], [ 0.809017, -0.309017, 0.5, 0.0, 0.309017, -0.5, -0.809017, 0.0, 0.5, 0.809017, -0.309017, 0.0, 0.0, 0.0, 0.0, 1.0 ], [ 0.809017, 0.309017, -0.5, 0.0, 0.309017, 0.5, 0.809017, 0.0, 0.5, -0.809017, 0.309017, 0.0, 0.0, 0.0, 0.0, 1.0 ], [ 0.5, -0.809017, 0.309017, 0.0, 0.809017, 0.309017, -0.5, 0.0, 0.309017, 0.5, 0.809017, 0.0, 0.0, 0.0, 0.0, 1.0 ], [ 0.309017, 0.5, 0.809017, 0.0, 0.5, -0.809017, 0.309017, 0.0, 0.809017, 0.309017, -0.5, 0.0, 0.0, 0.0, 0.0, 1.0 ], [ 1.0, 0.0, 0.0, 0.0, 0.0, -1.0, 0.0, 0.0, 0.0, 0.0, -1.0, 0.0, 0.0, 0.0, 0.0, 1.0 ], [ 0.0, 0.0, 1.0, 0.0, -1.0, 0.0, 0.0, 0.0, 0.0, -1.0, 0.0, 0.0, 0.0, 0.0, 0.0, 1.0 ], [ 0.0, 1.0, 0.0, 0.0, 0.0, 0.0, -1.0, 0.0, -1.0, 0.0, 0.0, 0.0, 0.0, 0.0, 0.0, 1.0 ], [ 0.809017, 0.309017, 0.5, 0.0, -0.309017, -0.5, 0.809017, 0.0, 0.5, -0.809017, -0.309017, 0.0, 0.0, 0.0, 0.0, 1.0 ], [ -0.5, 0.809017, 0.309017, 0.0, -0.809017, -0.309017, -0.5, 0.0, -0.309017, -0.5, 0.809017, 0.0, 0.0, 0.0, 0.0, 1.0 ], [ 0.309017, 0.5, -0.809017, 0.0, 0.5, -0.809017, -0.309017, 0.0, -0.809017, -0.309017, -0.5, 0.0, 0.0, 0.0, 0.0, 1.0 ], [ 0.5, 0.809017, 0.309017, 0.0, -0.809017, 0.309017, 0.5, 0.0, 0.309017, -0.5, 0.809017, 0.0, 0.0, 0.0, 0.0, 1.0 ], [ -0.309017, 0.5, -0.809017, 0.0, -0.5, -0.809017, -0.309017, 0.0, -0.809017, 0.309017, 0.5, 0.0, 0.0, 0.0, 0.0, 1.0 ], [ 0.809017, -0.309017, -0.5, 0.0, 0.309017, -0.5, 0.809017, 0.0, -0.5, -0.809017, -0.309017, 0.0, 0.0, 0.0, 0.0, 1.0 ], [ 0.5, 0.809017, -0.309017, 0.0, -0.809017, 0.309017, -0.5, 0.0, -0.309017, 0.5, 0.809017, 0.0, 0.0, 0.0, 0.0, 1.0 ], [ 0.309017, -0.5, -0.809017, 0.0, -0.5, -0.809017, 0.309017, 0.0, -0.809017, 0.309017, -0.5, 0.0, 0.0, 0.0, 0.0, 1.0 ], [ 0.809017, -0.309017, 0.5, 0.0, -0.309017, 0.5, 0.809017, 0.0, -0.5, -0.809017, 0.309017, 0.0, 0.0, 0.0, 0.0, 1.0 ], [ 0.809017, 0.309017, -0.5, 0.0, -0.309017, -0.5, -0.809017, 0.0, -0.5, 0.809017, -0.309017, 0.0, 0.0, 0.0, 0.0, 1.0 ], [ 0.5, -0.809017, 0.309017, 0.0, -0.809017, -0.309017, 0.5, 0.0, -0.309017, -0.5, -0.809017, 0.0, 0.0, 0.0, 0.0, 1.0 ], [ 0.309017, 0.5, 0.809017, 0.0, -0.5, 0.809017, -0.309017, 0.0, -0.809017, -0.309017, 0.5, 0.0, 0.0, 0.0, 0.0, 1.0 ], [ -1.0, 0.0, 0.0, 0.0, 0.0, -1.0, 0.0, 0.0, 0.0, 0.0, 1.0, 0.0, 0.0, 0.0, 0.0, 1.0 ], [ 0.0, 0.0, -1.0, 0.0, -1.0, 0.0, 0.0, 0.0, 0.0, 1.0, 0.0, 0.0, 0.0, 0.0, 0.0, 1.0 ], [ 0.0, -1.0, 0.0, 0.0, 0.0, 0.0, -1.0, 0.0, 1.0, 0.0, 0.0, 0.0, 0.0, 0.0, 0.0, 1.0 ], [ -0.809017, -0.309017, -0.5, 0.0, -0.309017, -0.5, 0.809017, 0.0, -0.5, 0.809017, 0.309017, 0.0, 0.0, 0.0, 0.0, 1.0 ], [ 0.5, -0.809017, -0.309017, 0.0, -0.809017, -0.309017, -0.5, 0.0, 0.309017, 0.5, -0.809017, 0.0, 0.0, 0.0, 0.0, 1.0 ], [ -0.309017, -0.5, 0.809017, 0.0, 0.5, -0.809017, -0.309017, 0.0, 0.809017, 0.309017, 0.5, 0.0, 0.0, 0.0, 0.0, 1.0 ], [ -0.5, -0.809017, -0.309017, 0.0, -0.809017, 0.309017, 0.5, 0.0, -0.309017, 0.5, -0.809017, 0.0, 0.0, 0.0, 0.0, 1.0 ], [ 0.309017, -0.5, 0.809017, 0.0, -0.5, -0.809017, -0.309017, 0.0, 0.809017, -0.309017, -0.5, 0.0, 0.0, 0.0, 0.0, 1.0 ], [ -0.809017, 0.309017, 0.5, 0.0, 0.309017, -0.5, 0.809017, 0.0, 0.5, 0.809017, 0.309017, 0.0, 0.0, 0.0, 0.0, 1.0 ], [ -0.5, -0.809017, 0.309017, 0.0, -0.809017, 0.309017, -0.5, 0.0, 0.309017, -0.5, -0.809017, 0.0, 0.0, 0.0, 0.0, 1.0 ], [ -0.309017, 0.5, 0.809017, 0.0, -0.5, -0.809017, 0.309017, 0.0, 0.809017, -0.309017, 0.5, 0.0, 0.0, 0.0, 0.0, 1.0 ], [ -0.809017, 0.309017, -0.5, 0.0, -0.309017, 0.5, 0.809017, 0.0, 0.5, 0.809017, -0.309017, 0.0, 0.0, 0.0, 0.0, 1.0 ], [ -0.809017, -0.309017, 0.5, 0.0, -0.309017, -0.5, -0.809017, 0.0, 0.5, -0.809017, 0.309017, 0.0, 0.0, 0.0, 0.0, 1.0 ], [ -0.5, 0.809017, -0.309017, 0.0, -0.809017, -0.309017, 0.5, 0.0, 0.309017, 0.5, 0.809017, 0.0, 0.0, 0.0, 0.0, 1.0 ], [ -0.309017, -0.5, -0.809017, 0.0, -0.5, 0.809017, -0.309017, 0.0, 0.809017, 0.309017, -0.5, 0.0, 0.0, 0.0, 0.0, 1.0 ], [ -1.0, 0.0, 0.0, 0.0, 0.0, 1.0, 0.0, 0.0, 0.0, 0.0, -1.0, 0.0, 0.0, 0.0, 0.0, 1.0 ], [ 0.0, 0.0, -1.0, 0.0, 1.0, 0.0, 0.0, 0.0, 0.0, -1.0, 0.0, 0.0, 0.0, 0.0, 0.0, 1.0 ], [ 0.0, -1.0, 0.0, 0.0, 0.0, 0.0, 1.0, 0.0, -1.0, 0.0, 0.0, 0.0, 0.0, 0.0, 0.0, 1.0 ], [ -0.809017, -0.309017, -0.5, 0.0, 0.309017, 0.5, -0.809017, 0.0, 0.5, -0.809017, -0.309017, 0.0, 0.0, 0.0, 0.0, 1.0 ], [ 0.5, -0.809017, -0.309017, 0.0, 0.809017, 0.309017, 0.5, 0.0, -0.309017, -0.5, 0.809017, 0.0, 0.0, 0.0, 0.0, 1.0 ], [ -0.309017, -0.5, 0.809017, 0.0, -0.5, 0.809017, 0.309017, 0.0, -0.809017, -0.309017, -0.5, 0.0, 0.0, 0.0, 0.0, 1.0 ], [ -0.5, -0.809017, -0.309017, 0.0, 0.809017, -0.309017, -0.5, 0.0, 0.309017, -0.5, 0.809017, 0.0, 0.0, 0.0, 0.0, 1.0 ], [ 0.309017, -0.5, 0.809017, 0.0, 0.5, 0.809017, 0.309017, 0.0, -0.809017, 0.309017, 0.5, 0.0, 0.0, 0.0, 0.0, 1.0 ], [ -0.809017, 0.309017, 0.5, 0.0, -0.309017, 0.5, -0.809017, 0.0, -0.5, -0.809017, -0.309017, 0.0, 0.0, 0.0, 0.0, 1.0 ], [ -0.5, -0.809017, 0.309017, 0.0, 0.809017, -0.309017, 0.5, 0.0, -0.309017, 0.5, 0.809017, 0.0, 0.0, 0.0, 0.0, 1.0 ], [ -0.309017, 0.5, 0.809017, 0.0, 0.5, 0.809017, -0.309017, 0.0, -0.809017, 0.309017, -0.5, 0.0, 0.0, 0.0, 0.0, 1.0 ], [ -0.809017, 0.309017, -0.5, 0.0, 0.309017, -0.5, -0.809017, 0.0, -0.5, -0.809017, 0.309017, 0.0, 0.0, 0.0, 0.0, 1.0 ], [ -0.809017, -0.309017, 0.5, 0.0, 0.309017, 0.5, 0.809017, 0.0, -0.5, 0.809017, -0.309017, 0.0, 0.0, 0.0, 0.0, 1.0 ], [ -0.5, 0.809017, -0.309017, 0.0, 0.809017, 0.309017, -0.5, 0.0, -0.309017, -0.5, -0.809017, 0.0, 0.0, 0.0, 0.0, 1.0 ], [ -0.309017, -0.5, -0.809017, 0.0, 0.5, -0.809017, 0.309017, 0.0, -0.809017, -0.309017, 0.5, 0.0, 0.0, 0.0, 0.0, 1.0 ] ],
  "lights" : {
    "directionalLights" : [ {
      "direction" : [ 1.0, -1.0, -1.0 ],
      "color" : "#EBEBE4"
    }, {
      "direction" : [ -1.0, 0.0, 0.0 ],
      "color" : "#E4E4EB"
    }, {
      "direction" : [ 0.0, 0.0, -1.0 ],
      "color" : "#1E1E1E"
    } ],
    "ambientColor" : "#292929",
    "backgroundColor" : "#4C6579"
  },
  "camera" : {
    "position" : {
      "x" : -1.0803698,
      "y" : 1.537325,
      "z" : -10.093017
    },
    "width" : 4.619892,
    "stereo" : false,
    "upDirectionRV" : {
      "x" : -0.9943746,
      "y" : -0.003809993,
      "z" : 0.10585743,
      "zero" : false
    },
    "perspective" : false,
    "fieldOfView" : 0.44262868,
    "viewDistance" : 10.266432,
    "lookAtPointRV" : {
      "x" : 0.0,
      "y" : 0.0,
      "z" : 0.0,
      "zero" : true
    },
    "lookDirectionRV" : {
      "x" : 0.10523323,
      "y" : -0.14974287,
      "z" : 0.9831085,
      "zero" : false
    },
    "lookAtPoint" : {
      "x" : 0.0,
      "y" : 0.0,
      "z" : 0.0
    },
    "lookDirection" : {
      "x" : 0.10523323,
      "y" : -0.14974287,
      "z" : 0.9831085
    },
    "upDirection" : {
      "x" : -0.9943746,
      "y" : -0.003809993,
      "z" : 0.10585743
    },
    "nearClipDistance" : 0.025666097,
    "farClipDistance" : 20.532827
  },
  "embedding" : [ 1.0, 0.0, 0.0, 0.0, 0.0, 1.0, 0.0, 0.0, 0.0, 0.0, 1.0, 0.0, 0.0, 0.0, 0.0, 1.0 ],
  "shapes" : [ {
    "id" : "59919751-fd6f-43d4-af9c-c1cfb334bd9e",
    "vertices" : [ {
      "x" : 0.0,
      "y" : 0.0,
      "z" : 0.0
    }, {
      "x" : -0.053766966,
      "y" : 0.11671843,
      "z" : -0.14076374
    }, {
      "x" : 0.23802911,
      "y" : 0.005262247,
      "z" : 0.6231683
    }, {
      "x" : 0.17507765,
      "y" : -0.06687371,
      "z" : 0.4583592
    } ],
    "faces" : [ {
      "vertices" : [ 0, 1, 2, 3 ]
    }, {
      "vertices" : [ 0, 3, 2, 1 ]
    } ]
  }, {
    "id" : "abfd1a03-ccf4-492a-9422-e1c96e000c9d",
    "vertices" : [ {
      "x" : 0.0,
      "y" : 0.0,
      "z" : 0.0
    }, {
      "x" : -0.19453071,
      "y" : -0.19453071,
      "z" : 0.19453071
    }, {
      "x" : 0.15562457,
      "y" : -0.544686,
      "z" : 0.19453071
    }, {
      "x" : 0.3501553,
      "y" : -0.3501553,
      "z" : 0.0
    } ],
    "faces" : [ {
      "vertices" : [ 0, 1, 2, 3 ]
    }, {
      "vertices" : [ 0, 3, 2, 1 ]
    } ]
  }, {
    "id" : "d90ee04e-1a91-4239-902d-c1496578a054",
    "vertices" : [ {
      "x" : 0.0,
      "y" : 0.0,
      "z" : 0.0
    }, {
      "x" : 0.0,
      "y" : -0.3501553,
      "z" : 0.0
    }, {
      "x" : 0.0,
      "y" : -0.3501553,
      "z" : -0.3501553
    }, {
      "x" : 0.0,
      "y" : 0.0,
      "z" : -0.3501553
    } ],
    "faces" : [ {
      "vertices" : [ 0, 1, 2, 3 ]
    }, {
      "vertices" : [ 0, 3, 2, 1 ]
    } ]
  }, {
    "id" : "f9ced444-14b3-4400-8633-bd5f61c24a9f",
    "vertices" : [ {
      "x" : 0.0,
      "y" : 0.0,
      "z" : 0.0
    }, {
      "x" : 0.0,
      "y" : 0.0,
      "z" : 0.3501553
    }, {
      "x" : 0.0,
      "y" : -0.3501553,
      "z" : 0.3501553
    }, {
      "x" : 0.0,
      "y" : -0.3501553,
      "z" : 0.0
    } ],
    "faces" : [ {
      "vertices" : [ 0, 1, 2, 3 ]
    }, {
      "vertices" : [ 0, 3, 2, 1 ]
    } ]
  }, {
    "id" : "34b74327-9b1b-4f29-8dd4-df9be94b3e7e",
    "vertices" : [ {
      "x" : 0.0,
      "y" : 0.0,
      "z" : 0.0
    }, {
      "x" : -0.009184495,
      "y" : 0.18885438,
      "z" : -0.024045318
    }, {
      "x" : 0.1711554,
      "y" : -0.46362147,
      "z" : 0.44809064
    }, {
      "x" : 0.10820393,
      "y" : -0.3914855,
      "z" : 0.28328156
    } ],
    "faces" : [ {
      "vertices" : [ 0, 1, 2, 3 ]
    }, {
      "vertices" : [ 0, 3, 2, 1 ]
    } ]
  }, {
    "id" : "c6b67f1a-a5c6-4b6f-951b-a7c344f22ef6",
    "vertices" : [ {
      "x" : 0.0,
      "y" : 0.0,
      "z" : 0.0
    }, {
      "x" : 0.19453071,
      "y" : 0.19453071,
      "z" : -0.19453071
    }, {
      "x" : 0.544686,
      "y" : -0.15562457,
      "z" : -0.19453071
    }, {
      "x" : 0.3501553,
      "y" : -0.3501553,
      "z" : 0.0
    } ],
    "faces" : [ {
      "vertices" : [ 0, 1, 2, 3 ]
    }, {
      "vertices" : [ 0, 3, 2, 1 ]
    } ]
  }, {
    "id" : "2fe5e380-876e-4a7d-88b1-9f54f5224e07",
    "vertices" : [ {
      "x" : 0.0,
      "y" : 0.0,
      "z" : 0.0
    }, {
      "x" : 0.0,
      "y" : 0.072135955,
      "z" : 0.18885438
    }, {
      "x" : 0.18033989,
      "y" : -0.5803399,
      "z" : -0.28328156
    }, {
      "x" : 0.10820393,
      "y" : -0.3914855,
      "z" : -0.28328156
    } ],
    "faces" : [ {
      "vertices" : [ 0, 1, 2, 3 ]
    }, {
      "vertices" : [ 0, 3, 2, 1 ]
    } ]
  }, {
    "id" : "f6ad7353-fb95-4615-b047-2b1e5df2cd73",
    "vertices" : [ {
      "x" : 0.0,
      "y" : 0.0,
      "z" : 0.0
    }, {
      "x" : 0.072135955,
      "y" : -0.18885438,
      "z" : 0.0
    }, {
      "x" : -0.10820393,
      "y" : 0.102941684,
      "z" : -0.47213596
    }, {
      "x" : -0.10820393,
      "y" : 0.17507765,
      "z" : -0.28328156
    } ],
    "faces" : [ {
      "vertices" : [ 0, 1, 2, 3 ]
    }, {
      "vertices" : [ 0, 3, 2, 1 ]
    } ]
  }, {
    "id" : "5cb8985e-92be-43ee-87c3-362189de71cf",
    "vertices" : [ {
      "x" : 0.0,
      "y" : 0.0,
      "z" : 0.0
    }, {
      "x" : 0.0,
      "y" : -0.3501553,
      "z" : 0.3501553
    }, {
      "x" : 0.0,
      "y" : -0.5835921,
      "z" : 0.11671843
    }, {
      "x" : 0.0,
      "y" : -0.23343685,
      "z" : -0.23343685
    } ],
    "faces" : [ {
      "vertices" : [ 0, 1, 2, 3 ]
    }, {
      "vertices" : [ 0, 3, 2, 1 ]
    } ]
  }, {
    "id" : "61a3a66c-f443-4045-9745-21bdc0cf8d62",
    "vertices" : [ {
      "x" : 0.0,
      "y" : 0.0,
      "z" : 0.0
    }, {
      "x" : 0.072135955,
      "y" : -0.26099035,
      "z" : -0.18885438
    }, {
      "x" : -0.036067978,
      "y" : -0.0859127,
      "z" : -0.47213596
    }, {
      "x" : -0.10820393,
      "y" : 0.17507765,
      "z" : -0.28328156
    } ],
    "faces" : [ {
      "vertices" : [ 0, 1, 2, 3 ]
    }, {
      "vertices" : [ 0, 3, 2, 1 ]
    } ]
  }, {
    "id" : "43860ce0-3cc2-4f01-a851-b4089d6791cf",
    "vertices" : [ {
      "x" : 0.0,
      "y" : 0.0,
      "z" : 0.0
    }, {
      "x" : 0.0,
      "y" : -0.11671843,
      "z" : -0.11671843
    }, {
      "x" : 0.0,
      "y" : 0.4668737,
      "z" : -0.11671843
    }, {
      "x" : 0.0,
      "y" : 0.3501553,
      "z" : 0.0
    } ],
    "faces" : [ {
      "vertices" : [ 0, 1, 2, 3 ]
    }, {
      "vertices" : [ 0, 3, 2, 1 ]
    } ]
  }, {
    "id" : "e918159d-78c6-4265-9199-69ceb009b83d",
    "vertices" : [ {
      "x" : 0.0,
      "y" : 0.0,
      "z" : 0.0
    }, {
      "x" : -0.072135955,
      "y" : 0.18885438,
      "z" : 0.0
    }, {
      "x" : 0.10820393,
      "y" : -0.102941684,
      "z" : 0.47213596
    }, {
      "x" : 0.10820393,
      "y" : -0.17507765,
      "z" : 0.28328156
    } ],
    "faces" : [ {
      "vertices" : [ 0, 1, 2, 3 ]
    }, {
      "vertices" : [ 0, 3, 2, 1 ]
    } ]
  }, {
    "id" : "deebb076-ed42-439a-a96e-86268918fad9",
    "vertices" : [ {
      "x" : 0.0,
      "y" : 0.0,
      "z" : 0.0
    }, {
      "x" : 0.0,
      "y" : -0.072135955,
      "z" : -0.18885438
    }, {
      "x" : -0.18033989,
      "y" : 0.5803399,
      "z" : 0.28328156
    }, {
      "x" : -0.10820393,
      "y" : 0.3914855,
      "z" : 0.28328156
    } ],
    "faces" : [ {
      "vertices" : [ 0, 1, 2, 3 ]
    }, {
      "vertices" : [ 0, 3, 2, 1 ]
    } ]
  }, {
    "id" : "b89f7bff-4b38-4a42-8be7-edec39a27a66",
    "vertices" : [ {
      "x" : 0.0,
      "y" : 0.0,
      "z" : 0.0
    }, {
      "x" : -0.072135955,
      "y" : 0.26099035,
      "z" : 0.18885438
    }, {
      "x" : 0.036067978,
      "y" : 0.0859127,
      "z" : 0.47213596
    }, {
      "x" : 0.10820393,
      "y" : -0.17507765,
      "z" : 0.28328156
    } ],
    "faces" : [ {
      "vertices" : [ 0, 1, 2, 3 ]
    }, {
      "vertices" : [ 0, 3, 2, 1 ]
    } ]
  }, {
    "id" : "f8445e8a-3ca0-4e53-8983-eca99492a481",
    "vertices" : [ {
      "x" : 0.0,
      "y" : 0.0,
      "z" : 0.0
    }, {
      "x" : 0.0,
      "y" : 0.3501553,
      "z" : 0.3501553
    }, {
      "x" : 0.0,
      "y" : 0.11671843,
      "z" : 0.5835921
    }, {
      "x" : 0.0,
      "y" : -0.23343685,
      "z" : 0.23343685
    } ],
    "faces" : [ {
      "vertices" : [ 0, 1, 2, 3 ]
    }, {
      "vertices" : [ 0, 3, 2, 1 ]
    } ]
  }, {
    "id" : "b5f188aa-d3e6-4057-940c-bbbdc349587f",
    "vertices" : [ {
      "x" : 0.0,
      "y" : 0.0,
      "z" : 0.0
    }, {
      "x" : -0.009184495,
      "y" : -0.18885438,
      "z" : -0.024045318
    }, {
      "x" : -0.12064067,
      "y" : 0.57507765,
      "z" : -0.31584138
    }, {
      "x" : -0.06687371,
      "y" : 0.4583592,
      "z" : -0.17507765
    } ],
    "faces" : [ {
      "vertices" : [ 0, 1, 2, 3 ]
    }, {
      "vertices" : [ 0, 3, 2, 1 ]
    } ]
  }, {
    "id" : "7f7bee37-12c6-44d6-8aa4-1046bf6326e5",
    "vertices" : [ {
      "x" : 0.0,
      "y" : 0.0,
      "z" : 0.0
    }, {
      "x" : -0.053766966,
      "y" : -0.11671843,
      "z" : -0.14076374
    }, {
      "x" : 0.057689212,
      "y" : 0.6472136,
      "z" : 0.15103233
    }, {
      "x" : 0.06687371,
      "y" : 0.4583592,
      "z" : 0.17507765
    } ],
    "faces" : [ {
      "vertices" : [ 0, 1, 2, 3 ]
    }, {
      "vertices" : [ 0, 3, 2, 1 ]
    } ]
  }, {
    "id" : "fb035ee0-f4b7-490c-a76f-4567b65e2df2",
    "vertices" : [ {
      "x" : 0.0,
      "y" : 0.0,
      "z" : 0.0
    }, {
      "x" : 0.0,
      "y" : 0.3501553,
      "z" : 0.0
    }, {
      "x" : 0.0,
      "y" : 0.3501553,
      "z" : 0.3501553
    }, {
      "x" : 0.0,
      "y" : 0.0,
      "z" : 0.3501553
    } ],
    "faces" : [ {
      "vertices" : [ 0, 1, 2, 3 ]
    }, {
      "vertices" : [ 0, 3, 2, 1 ]
    } ]
  }, {
    "id" : "28f1e829-da61-4162-87a8-2f5b9d9a6f97",
    "vertices" : [ {
      "x" : 0.0,
      "y" : 0.0,
      "z" : 0.0
    }, {
      "x" : 0.0,
      "y" : -0.11671843,
      "z" : 0.11671843
    }, {
      "x" : 0.0,
      "y" : -0.11671843,
      "z" : -0.4668737
    }, {
      "x" : 0.0,
      "y" : 0.0,
      "z" : -0.3501553
    } ],
    "faces" : [ {
      "vertices" : [ 0, 1, 2, 3 ]
    }, {
      "vertices" : [ 0, 3, 2, 1 ]
    } ]
  }, {
    "id" : "5027afe7-222b-4fe4-bb1e-45ee98bd8d00",
    "vertices" : [ {
      "x" : 0.0,
      "y" : 0.0,
      "z" : 0.0
    }, {
      "x" : 0.0,
      "y" : 0.3501553,
      "z" : -0.3501553
    }, {
      "x" : 0.0,
      "y" : 0.5835921,
      "z" : -0.11671843
    }, {
      "x" : 0.0,
      "y" : 0.23343685,
      "z" : 0.23343685
    } ],
    "faces" : [ {
      "vertices" : [ 0, 1, 2, 3 ]
    }, {
      "vertices" : [ 0, 3, 2, 1 ]
    } ]
  }, {
    "id" : "7af8e094-ce4b-4902-96d5-b1c64ff1a046",
    "vertices" : [ {
      "x" : 0.0,
      "y" : 0.0,
      "z" : 0.0
    }, {
      "x" : 0.0,
      "y" : -0.3501553,
      "z" : -0.3501553
    }, {
      "x" : 0.0,
      "y" : -0.11671843,
      "z" : -0.5835921
    }, {
      "x" : 0.0,
      "y" : 0.23343685,
      "z" : -0.23343685
    } ],
    "faces" : [ {
      "vertices" : [ 0, 1, 2, 3 ]
    }, {
      "vertices" : [ 0, 3, 2, 1 ]
    } ]
  }, {
    "id" : "fc8494e8-499c-48ce-82b3-fd895432cd3e",
    "vertices" : [ {
      "x" : 0.0,
      "y" : 0.0,
      "z" : 0.0
    }, {
      "x" : 0.06295146,
      "y" : -0.072135955,
      "z" : 0.16480906
    }, {
      "x" : -0.22884461,
      "y" : -0.18359214,
      "z" : -0.59912294
    }, {
      "x" : -0.17507765,
      "y" : -0.06687371,
      "z" : -0.4583592
    } ],
    "faces" : [ {
      "vertices" : [ 0, 1, 2, 3 ]
    }, {
      "vertices" : [ 0, 3, 2, 1 ]
    } ]
  }, {
    "id" : "22825916-882e-4ce6-8d2d-58523bc7e176",
    "vertices" : [ {
      "x" : 0.0,
      "y" : 0.0,
      "z" : 0.0
    }, {
      "x" : 0.0,
      "y" : 0.11671843,
      "z" : -0.11671843
    }, {
      "x" : 0.0,
      "y" : 0.11671843,
      "z" : 0.4668737
    }, {
      "x" : 0.0,
      "y" : 0.0,
      "z" : 0.3501553
    } ],
    "faces" : [ {
      "vertices" : [ 0, 1, 2, 3 ]
    }, {
      "vertices" : [ 0, 3, 2, 1 ]
    } ]
  }, {
    "id" : "515fb861-740d-4be1-af83-6fdf7c0c4b30",
    "vertices" : [ {
      "x" : 0.0,
      "y" : 0.0,
      "z" : 0.0
    }, {
      "x" : 0.0,
      "y" : 0.0,
      "z" : -0.3501553
    }, {
      "x" : 0.0,
      "y" : 0.3501553,
      "z" : -0.3501553
    }, {
      "x" : 0.0,
      "y" : 0.3501553,
      "z" : 0.0
    } ],
    "faces" : [ {
      "vertices" : [ 0, 1, 2, 3 ]
    }, {
      "vertices" : [ 0, 3, 2, 1 ]
    } ]
  }, {
    "id" : "dadaca07-7c27-47cc-aac7-1a95a9d2adfe",
    "vertices" : [ {
      "x" : 0.0,
      "y" : 0.0,
      "z" : 0.0
    }, {
      "x" : 0.06295146,
      "y" : 0.072135955,
      "z" : 0.16480906
    }, {
      "x" : -0.11738843,
      "y" : -0.5803399,
      "z" : -0.30732688
    }, {
      "x" : -0.10820393,
      "y" : -0.3914855,
      "z" : -0.28328156
    } ],
    "faces" : [ {
      "vertices" : [ 0, 1, 2, 3 ]
    }, {
      "vertices" : [ 0, 3, 2, 1 ]
    } ]
  }, {
    "id" : "5001f2c5-45e5-47c6-b51b-511fdc3cfedb",
    "vertices" : [ {
      "x" : 0.0,
      "y" : 0.0,
      "z" : 0.0
    }, {
      "x" : 0.0,
      "y" : 0.11671843,
      "z" : 0.11671843
    }, {
      "x" : 0.0,
      "y" : -0.4668737,
      "z" : 0.11671843
    }, {
      "x" : 0.0,
      "y" : -0.3501553,
      "z" : 0.0
    } ],
    "faces" : [ {
      "vertices" : [ 0, 1, 2, 3 ]
    }, {
      "vertices" : [ 0, 3, 2, 1 ]
    } ]
  } ],
  "instances" : [ {
    "shape" : "59919751-fd6f-43d4-af9c-c1cfb334bd9e",
    "color" : "#FFFFFF",
    "position" : {
      "x" : 0.71976364,
      "y" : -0.36960834,
      "z" : 0.36960834
    },
    "orientation" : 5
  }, {
    "shape" : "59919751-fd6f-43d4-af9c-c1cfb334bd9e",
    "color" : "#FFFFFF",
    "position" : {
      "x" : -0.36960834,
      "y" : -0.36960834,
      "z" : -0.71976364
    },
    "orientation" : 19
  }, {
    "shape" : "abfd1a03-ccf4-492a-9422-e1c96e000c9d",
    "color" : "#FFFFFF",
    "position" : {
      "x" : 0.17507765,
      "y" : -0.17507765,
      "z" : -0.5252329
    },
    "orientation" : 32
  }, {
    "shape" : "d90ee04e-1a91-4239-902d-c1496578a054",
    "color" : "#FFFFFF",
    "position" : {
      "x" : 0.5252329,
      "y" : 0.17507765,
      "z" : 0.17507765
    },
    "orientation" : 47
  }, {
    "shape" : "f9ced444-14b3-4400-8633-bd5f61c24a9f",
    "color" : "#FFFFFF",
    "position" : {
      "x" : 0.17507765,
      "y" : 0.5252329,
      "z" : -0.17507765
    },
    "orientation" : 2
  }, {
    "shape" : "59919751-fd6f-43d4-af9c-c1cfb334bd9e",
    "color" : "#FFFFFF",
    "position" : {
      "x" : -0.36960834,
      "y" : 0.36960834,
      "z" : 0.71976364
    },
    "orientation" : 4
  }, {
    "shape" : "34b74327-9b1b-4f29-8dd4-df9be94b3e7e",
    "color" : "#FFFFFF",
    "position" : {
      "x" : -0.71976364,
      "y" : 0.36960834,
      "z" : -0.36960834
    },
    "orientation" : 54
  }, {
    "shape" : "d90ee04e-1a91-4239-902d-c1496578a054",
    "color" : "#FFFFFF",
    "position" : {
      "x" : -0.17507765,
      "y" : -0.5252329,
      "z" : 0.17507765
    },
    "orientation" : 0
  }, {
    "shape" : "c6b67f1a-a5c6-4b6f-951b-a7c344f22ef6",
    "color" : "#FFFFFF",
    "position" : {
      "x" : -0.17507765,
      "y" : 0.5252329,
      "z" : 0.17507765
    },
    "orientation" : 45
  }, {
    "shape" : "2fe5e380-876e-4a7d-88b1-9f54f5224e07",
    "color" : "#FFFFFF",
    "position" : {
      "x" : 0.7586698,
      "y" : -0.4085145,
      "z" : 0.17507765
    },
    "orientation" : 21
  }, {
    "shape" : "abfd1a03-ccf4-492a-9422-e1c96e000c9d",
    "color" : "#FFFFFF",
    "position" : {
      "x" : -0.5252329,
      "y" : 0.17507765,
      "z" : -0.17507765
    },
    "orientation" : 15
  }, {
    "shape" : "f6ad7353-fb95-4615-b047-2b1e5df2cd73",
    "color" : "#FFFFFF",
    "position" : {
      "x" : 0.7586698,
      "y" : -0.17507765,
      "z" : 0.4085145
    },
    "orientation" : 8
  }, {
    "shape" : "2fe5e380-876e-4a7d-88b1-9f54f5224e07",
    "color" : "#FFFFFF",
    "position" : {
      "x" : -0.17507765,
      "y" : 0.7586698,
      "z" : 0.4085145
    },
    "orientation" : 7
  }, {
    "shape" : "5cb8985e-92be-43ee-87c3-362189de71cf",
    "color" : "#FFFFFF",
    "position" : {
      "x" : 0.4085145,
      "y" : 0.17507765,
      "z" : -0.7586698
    },
    "orientation" : 16
  }, {
    "shape" : "d90ee04e-1a91-4239-902d-c1496578a054",
    "color" : "#FFFFFF",
    "position" : {
      "x" : 0.17507765,
      "y" : -0.5252329,
      "z" : -0.17507765
    },
    "orientation" : 45
  }, {
    "shape" : "61a3a66c-f443-4045-9745-21bdc0cf8d62",
    "color" : "#FFFFFF",
    "position" : {
      "x" : 0.5252329,
      "y" : 0.17507765,
      "z" : 0.17507765
    },
    "orientation" : 51
  }, {
    "shape" : "f6ad7353-fb95-4615-b047-2b1e5df2cd73",
    "color" : "#FFFFFF",
    "position" : {
      "x" : -0.7586698,
      "y" : -0.17507765,
      "z" : -0.4085145
    },
    "orientation" : 53
  }, {
    "shape" : "43860ce0-3cc2-4f01-a851-b4089d6791cf",
    "color" : "#FFFFFF",
    "position" : {
      "x" : -0.8753882,
      "y" : -0.17507765,
      "z" : 0.17507765
    },
    "orientation" : 45
  }, {
    "shape" : "2fe5e380-876e-4a7d-88b1-9f54f5224e07",
    "color" : "#FFFFFF",
    "position" : {
      "x" : -0.17507765,
      "y" : -0.7586698,
      "z" : -0.4085145
    },
    "orientation" : 22
  }, {
    "shape" : "e918159d-78c6-4265-9199-69ceb009b83d",
    "color" : "#FFFFFF",
    "position" : {
      "x" : 0.4085145,
      "y" : 0.17507765,
      "z" : 0.7586698
    },
    "orientation" : 8
  }, {
    "shape" : "deebb076-ed42-439a-a96e-86268918fad9",
    "color" : "#FFFFFF",
    "position" : {
      "x" : 0.17507765,
      "y" : -0.4085145,
      "z" : -0.7586698
    },
    "orientation" : 22
  }, {
    "shape" : "f6ad7353-fb95-4615-b047-2b1e5df2cd73",
    "color" : "#FFFFFF",
    "position" : {
      "x" : -0.4085145,
      "y" : 0.7586698,
      "z" : 0.17507765
    },
    "orientation" : 51
  }, {
    "shape" : "b89f7bff-4b38-4a42-8be7-edec39a27a66",
    "color" : "#FFFFFF",
    "position" : {
      "x" : 0.5252329,
      "y" : 0.17507765,
      "z" : -0.17507765
    },
    "orientation" : 53
  }, {
    "shape" : "f8445e8a-3ca0-4e53-8983-eca99492a481",
    "color" : "#FFFFFF",
    "position" : {
      "x" : -0.4085145,
      "y" : -0.7586698,
      "z" : 0.17507765
    },
    "orientation" : 47
  }, {
    "shape" : "b5f188aa-d3e6-4057-940c-bbbdc349587f",
    "color" : "#FFFFFF",
    "position" : {
      "x" : -0.71976364,
      "y" : 0.36960834,
      "z" : 0.36960834
    },
    "orientation" : 4
  }, {
    "shape" : "43860ce0-3cc2-4f01-a851-b4089d6791cf",
    "color" : "#FFFFFF",
    "position" : {
      "x" : -0.17507765,
      "y" : -0.8753882,
      "z" : 0.17507765
    },
    "orientation" : 16
  }, {
    "shape" : "deebb076-ed42-439a-a96e-86268918fad9",
    "color" : "#FFFFFF",
    "position" : {
      "x" : 0.4085145,
      "y" : -0.7586698,
      "z" : -0.17507765
    },
    "orientation" : 21
  }, {
    "shape" : "59919751-fd6f-43d4-af9c-c1cfb334bd9e",
    "color" : "#FFFFFF",
    "position" : {
      "x" : 0.36960834,
      "y" : 0.71976364,
      "z" : -0.36960834
    },
    "orientation" : 3
  }, {
    "shape" : "f9ced444-14b3-4400-8633-bd5f61c24a9f",
    "color" : "#FFFFFF",
    "position" : {
      "x" : -0.17507765,
      "y" : 0.17507765,
      "z" : 0.5252329
    },
    "orientation" : 0
  }, {
    "shape" : "d90ee04e-1a91-4239-902d-c1496578a054",
    "color" : "#FFFFFF",
    "position" : {
      "x" : 0.17507765,
      "y" : 0.17507765,
      "z" : 0.5252329
    },
    "orientation" : 16
  }, {
    "shape" : "2fe5e380-876e-4a7d-88b1-9f54f5224e07",
    "color" : "#FFFFFF",
    "position" : {
      "x" : -0.7586698,
      "y" : -0.4085145,
      "z" : -0.17507765
    },
    "orientation" : 36
  }, {
    "shape" : "abfd1a03-ccf4-492a-9422-e1c96e000c9d",
    "color" : "#FFFFFF",
    "position" : {
      "x" : 0.17507765,
      "y" : 0.5252329,
      "z" : 0.17507765
    },
    "orientation" : 16
  }, {
    "shape" : "deebb076-ed42-439a-a96e-86268918fad9",
    "color" : "#FFFFFF",
    "position" : {
      "x" : -0.17507765,
      "y" : 0.4085145,
      "z" : -0.7586698
    },
    "orientation" : 52
  }, {
    "shape" : "7f7bee37-12c6-44d6-8aa4-1046bf6326e5",
    "color" : "#FFFFFF",
    "position" : {
      "x" : -0.36960834,
      "y" : 0.36960834,
      "z" : -0.71976364
    },
    "orientation" : 54
  }, {
    "shape" : "c6b67f1a-a5c6-4b6f-951b-a7c344f22ef6",
    "color" : "#FFFFFF",
    "position" : {
      "x" : 0.17507765,
      "y" : -0.5252329,
      "z" : 0.17507765
    },
    "orientation" : 15
  }, {
    "shape" : "5cb8985e-92be-43ee-87c3-362189de71cf",
    "color" : "#FFFFFF",
    "position" : {
      "x" : 0.4085145,
      "y" : -0.17507765,
      "z" : 0.7586698
    },
    "orientation" : 1
  }, {
    "shape" : "34b74327-9b1b-4f29-8dd4-df9be94b3e7e",
    "color" : "#FFFFFF",
    "position" : {
      "x" : -0.71976364,
      "y" : -0.36960834,
      "z" : 0.36960834
    },
    "orientation" : 39
  }, {
    "shape" : "61a3a66c-f443-4045-9745-21bdc0cf8d62",
    "color" : "#FFFFFF",
    "position" : {
      "x" : -0.5252329,
      "y" : 0.17507765,
      "z" : -0.17507765
    },
    "orientation" : 6
  }, {
    "shape" : "c6b67f1a-a5c6-4b6f-951b-a7c344f22ef6",
    "color" : "#FFFFFF",
    "position" : {
      "x" : -0.17507765,
      "y" : 0.17507765,
      "z" : 0.5252329
    },
    "orientation" : 1
  }, {
    "shape" : "f6ad7353-fb95-4615-b047-2b1e5df2cd73",
    "color" : "#FFFFFF",
    "position" : {
      "x" : -0.17507765,
      "y" : 0.4085145,
      "z" : 0.7586698
    },
    "orientation" : 7
  }, {
    "shape" : "f6ad7353-fb95-4615-b047-2b1e5df2cd73",
    "color" : "#FFFFFF",
    "position" : {
      "x" : 0.17507765,
      "y" : -0.4085145,
      "z" : 0.7586698
    },
    "orientation" : 37
  }, {
    "shape" : "b5f188aa-d3e6-4057-940c-bbbdc349587f",
    "color" : "#FFFFFF",
    "position" : {
      "x" : 0.36960834,
      "y" : 0.36960834,
      "z" : -0.71976364
    },
    "orientation" : 3
  }, {
    "shape" : "fb035ee0-f4b7-490c-a76f-4567b65e2df2",
    "color" : "#FFFFFF",
    "position" : {
      "x" : 0.5252329,
      "y" : -0.17507765,
      "z" : -0.17507765
    },
    "orientation" : 2
  }, {
    "shape" : "d90ee04e-1a91-4239-902d-c1496578a054",
    "color" : "#FFFFFF",
    "position" : {
      "x" : -0.5252329,
      "y" : 0.17507765,
      "z" : -0.17507765
    },
    "orientation" : 2
  }, {
    "shape" : "f6ad7353-fb95-4615-b047-2b1e5df2cd73",
    "color" : "#FFFFFF",
    "position" : {
      "x" : -0.7586698,
      "y" : 0.17507765,
      "z" : 0.4085145
    },
    "orientation" : 38
  }, {
    "shape" : "28f1e829-da61-4162-87a8-2f5b9d9a6f97",
    "color" : "#FFFFFF",
    "position" : {
      "x" : 0.17507765,
      "y" : 0.8753882,
      "z" : -0.17507765
    },
    "orientation" : 1
  }, {
    "shape" : "7f7bee37-12c6-44d6-8aa4-1046bf6326e5",
    "color" : "#FFFFFF",
    "position" : {
      "x" : 0.36960834,
      "y" : 0.36960834,
      "z" : 0.71976364
    },
    "orientation" : 9
  }, {
    "shape" : "5cb8985e-92be-43ee-87c3-362189de71cf",
    "color" : "#FFFFFF",
    "position" : {
      "x" : 0.7586698,
      "y" : 0.4085145,
      "z" : -0.17507765
    },
    "orientation" : 2
  }, {
    "shape" : "b5f188aa-d3e6-4057-940c-bbbdc349587f",
    "color" : "#FFFFFF",
    "position" : {
      "x" : 0.36960834,
      "y" : -0.71976364,
      "z" : 0.36960834
    },
    "orientation" : 5
  }, {
    "shape" : "e918159d-78c6-4265-9199-69ceb009b83d",
    "color" : "#FFFFFF",
    "position" : {
      "x" : -0.7586698,
      "y" : 0.4085145,
      "z" : -0.17507765
    },
    "orientation" : 51
  }, {
    "shape" : "f6ad7353-fb95-4615-b047-2b1e5df2cd73",
    "color" : "#FFFFFF",
    "position" : {
      "x" : 0.4085145,
      "y" : -0.7586698,
      "z" : 0.17507765
    },
    "orientation" : 21
  }, {
    "shape" : "2fe5e380-876e-4a7d-88b1-9f54f5224e07",
    "color" : "#FFFFFF",
    "position" : {
      "x" : -0.4085145,
      "y" : -0.17507765,
      "z" : -0.7586698
    },
    "orientation" : 53
  }, {
    "shape" : "5027afe7-222b-4fe4-bb1e-45ee98bd8d00",
    "color" : "#FFFFFF",
    "position" : {
      "x" : -0.4085145,
      "y" : -0.17507765,
      "z" : -0.7586698
    },
    "orientation" : 1
  }, {
    "shape" : "b89f7bff-4b38-4a42-8be7-edec39a27a66",
    "color" : "#FFFFFF",
    "position" : {
      "x" : 0.17507765,
      "y" : 0.5252329,
      "z" : -0.17507765
    },
    "orientation" : 21
  }, {
    "shape" : "7af8e094-ce4b-4902-96d5-b1c64ff1a046",
    "color" : "#FFFFFF",
    "position" : {
      "x" : 0.7586698,
      "y" : -0.17507765,
      "z" : -0.4085145
    },
    "orientation" : 1
  }, {
    "shape" : "b89f7bff-4b38-4a42-8be7-edec39a27a66",
    "color" : "#FFFFFF",
    "position" : {
      "x" : -0.17507765,
      "y" : -0.5252329,
      "z" : -0.17507765
    },
    "orientation" : 51
  }, {
    "shape" : "c6b67f1a-a5c6-4b6f-951b-a7c344f22ef6",
    "color" : "#FFFFFF",
    "position" : {
      "x" : -0.5252329,
      "y" : -0.17507765,
      "z" : -0.17507765
    },
    "orientation" : 47
  }, {
    "shape" : "2fe5e380-876e-4a7d-88b1-9f54f5224e07",
    "color" : "#FFFFFF",
    "position" : {
      "x" : 0.4085145,
      "y" : 0.17507765,
      "z" : -0.7586698
    },
    "orientation" : 23
  }, {
    "shape" : "abfd1a03-ccf4-492a-9422-e1c96e000c9d",
    "color" : "#FFFFFF",
    "position" : {
      "x" : -0.5252329,
      "y" : -0.17507765,
      "z" : 0.17507765
    },
    "orientation" : 0
  }, {
    "shape" : "b89f7bff-4b38-4a42-8be7-edec39a27a66",
    "color" : "#FFFFFF",
    "position" : {
      "x" : -0.5252329,
      "y" : -0.17507765,
      "z" : -0.17507765
    },
    "orientation" : 23
  }, {
    "shape" : "e918159d-78c6-4265-9199-69ceb009b83d",
    "color" : "#FFFFFF",
    "position" : {
      "x" : 0.17507765,
      "y" : 0.7586698,
      "z" : 0.4085145
    },
    "orientation" : 7
  }, {
    "shape" : "fc8494e8-499c-48ce-82b3-fd895432cd3e",
    "color" : "#FFFFFF",
    "position" : {
      "x" : -0.36960834,
      "y" : -0.71976364,
      "z" : 0.36960834
    },
    "orientation" : 39
  }, {
    "shape" : "e918159d-78c6-4265-9199-69ceb009b83d",
    "color" : "#FFFFFF",
    "position" : {
      "x" : -0.7586698,
      "y" : -0.4085145,
      "z" : 0.17507765
    },
    "orientation" : 36
  }, {
    "shape" : "e918159d-78c6-4265-9199-69ceb009b83d",
    "color" : "#FFFFFF",
    "position" : {
      "x" : 0.7586698,
      "y" : -0.4085145,
      "z" : -0.17507765
    },
    "orientation" : 21
  }, {
    "shape" : "5027afe7-222b-4fe4-bb1e-45ee98bd8d00",
    "color" : "#FFFFFF",
    "position" : {
      "x" : 0.7586698,
      "y" : -0.4085145,
      "z" : 0.17507765
    },
    "orientation" : 47
  }, {
    "shape" : "deebb076-ed42-439a-a96e-86268918fad9",
    "color" : "#FFFFFF",
    "position" : {
      "x" : 0.7586698,
      "y" : -0.17507765,
      "z" : -0.4085145
    },
    "orientation" : 23
  }, {
    "shape" : "f9ced444-14b3-4400-8633-bd5f61c24a9f",
    "color" : "#FFFFFF",
    "position" : {
      "x" : 0.5252329,
      "y" : -0.17507765,
      "z" : 0.17507765
    },
    "orientation" : 1
  }, {
    "shape" : "2fe5e380-876e-4a7d-88b1-9f54f5224e07",
    "color" : "#FFFFFF",
    "position" : {
      "x" : -0.7586698,
      "y" : 0.4085145,
      "z" : 0.17507765
    },
    "orientation" : 51
  }, {
    "shape" : "22825916-882e-4ce6-8d2d-58523bc7e176",
    "color" : "#FFFFFF",
    "position" : {
      "x" : -0.17507765,
      "y" : -0.17507765,
      "z" : -0.8753882
    },
    "orientation" : 47
  }, {
    "shape" : "515fb861-740d-4be1-af83-6fdf7c0c4b30",
    "color" : "#FFFFFF",
    "position" : {
      "x" : 0.17507765,
      "y" : -0.5252329,
      "z" : 0.17507765
    },
    "orientation" : 47
  }, {
    "shape" : "dadaca07-7c27-47cc-aac7-1a95a9d2adfe",
    "color" : "#FFFFFF",
    "position" : {
      "x" : -0.36960834,
      "y" : -0.71976364,
      "z" : -0.36960834
    },
    "orientation" : 19
  }, {
    "shape" : "515fb861-740d-4be1-af83-6fdf7c0c4b30",
    "color" : "#FFFFFF",
    "position" : {
      "x" : -0.17507765,
      "y" : -0.5252329,
      "z" : -0.17507765
    },
    "orientation" : 2
  }, {
    "shape" : "22825916-882e-4ce6-8d2d-58523bc7e176",
    "color" : "#FFFFFF",
    "position" : {
      "x" : -0.8753882,
      "y" : 0.17507765,
      "z" : 0.17507765
    },
    "orientation" : 45
  }, {
    "shape" : "b5f188aa-d3e6-4057-940c-bbbdc349587f",
    "color" : "#FFFFFF",
    "position" : {
      "x" : -0.71976364,
      "y" : -0.36960834,
      "z" : -0.36960834
    },
    "orientation" : 19
  }, {
    "shape" : "22825916-882e-4ce6-8d2d-58523bc7e176",
    "color" : "#FFFFFF",
    "position" : {
      "x" : -0.17507765,
      "y" : 0.8753882,
      "z" : 0.17507765
    },
    "orientation" : 1
  }, {
    "shape" : "515fb861-740d-4be1-af83-6fdf7c0c4b30",
    "color" : "#FFFFFF",
    "position" : {
      "x" : -0.5252329,
      "y" : 0.17507765,
      "z" : 0.17507765
    },
    "orientation" : 16
  }, {
    "shape" : "dadaca07-7c27-47cc-aac7-1a95a9d2adfe",
    "color" : "#FFFFFF",
    "position" : {
      "x" : 0.36960834,
      "y" : -0.36960834,
      "z" : 0.71976364
    },
    "orientation" : 5
  }, {
    "shape" : "61a3a66c-f443-4045-9745-21bdc0cf8d62",
    "color" : "#FFFFFF",
    "position" : {
      "x" : 0.17507765,
      "y" : 0.17507765,
      "z" : 0.5252329
    },
    "orientation" : 23
  }, {
    "shape" : "b89f7bff-4b38-4a42-8be7-edec39a27a66",
    "color" : "#FFFFFF",
    "position" : {
      "x" : -0.17507765,
      "y" : -0.17507765,
      "z" : -0.5252329
    },
    "orientation" : 37
  }, {
    "shape" : "43860ce0-3cc2-4f01-a851-b4089d6791cf",
    "color" : "#FFFFFF",
    "position" : {
      "x" : 0.17507765,
      "y" : -0.17507765,
      "z" : -0.8753882
    },
    "orientation" : 47
  }, {
    "shape" : "e918159d-78c6-4265-9199-69ceb009b83d",
    "color" : "#FFFFFF",
    "position" : {
      "x" : -0.17507765,
      "y" : -0.7586698,
      "z" : 0.4085145
    },
    "orientation" : 37
  }, {
    "shape" : "f9ced444-14b3-4400-8633-bd5f61c24a9f",
    "color" : "#FFFFFF",
    "position" : {
      "x" : 0.5252329,
      "y" : 0.17507765,
      "z" : -0.17507765
    },
    "orientation" : 16
  }, {
    "shape" : "34b74327-9b1b-4f29-8dd4-df9be94b3e7e",
    "color" : "#FFFFFF",
    "position" : {
      "x" : 0.71976364,
      "y" : 0.36960834,
      "z" : 0.36960834
    },
    "orientation" : 9
  }, {
    "shape" : "5027afe7-222b-4fe4-bb1e-45ee98bd8d00",
    "color" : "#FFFFFF",
    "position" : {
      "x" : 0.17507765,
      "y" : -0.7586698,
      "z" : 0.4085145
    },
    "orientation" : 45
  }, {
    "shape" : "fc8494e8-499c-48ce-82b3-fd895432cd3e",
    "color" : "#FFFFFF",
    "position" : {
      "x" : 0.36960834,
      "y" : 0.71976364,
      "z" : 0.36960834
    },
    "orientation" : 9
  }, {
    "shape" : "f8445e8a-3ca0-4e53-8983-eca99492a481",
    "color" : "#FFFFFF",
    "position" : {
      "x" : -0.7586698,
      "y" : -0.17507765,
      "z" : 0.4085145
    },
    "orientation" : 1
  }, {
    "shape" : "e918159d-78c6-4265-9199-69ceb009b83d",
    "color" : "#FFFFFF",
    "position" : {
      "x" : -0.4085145,
      "y" : -0.17507765,
      "z" : 0.7586698
    },
    "orientation" : 38
  }, {
    "shape" : "7af8e094-ce4b-4902-96d5-b1c64ff1a046",
    "color" : "#FFFFFF",
    "position" : {
      "x" : 0.17507765,
      "y" : -0.4085145,
      "z" : -0.7586698
    },
    "orientation" : 45
  }, {
    "shape" : "f6ad7353-fb95-4615-b047-2b1e5df2cd73",
    "color" : "#FFFFFF",
    "position" : {
      "x" : 0.7586698,
      "y" : 0.17507765,
      "z" : -0.4085145
    },
    "orientation" : 23
  }, {
    "shape" : "abfd1a03-ccf4-492a-9422-e1c96e000c9d",
    "color" : "#FFFFFF",
    "position" : {
      "x" : -0.17507765,
      "y" : 0.17507765,
      "z" : -0.5252329
    },
    "orientation" : 2
  }, {
    "shape" : "c6b67f1a-a5c6-4b6f-951b-a7c344f22ef6",
    "color" : "#FFFFFF",
    "position" : {
      "x" : -0.17507765,
      "y" : -0.17507765,
      "z" : -0.5252329
    },
    "orientation" : 16
  }, {
    "shape" : "c6b67f1a-a5c6-4b6f-951b-a7c344f22ef6",
    "color" : "#FFFFFF",
    "position" : {
      "x" : 0.17507765,
      "y" : 0.5252329,
      "z" : -0.17507765
    },
    "orientation" : 0
  }, {
    "shape" : "43860ce0-3cc2-4f01-a851-b4089d6791cf",
    "color" : "#FFFFFF",
    "position" : {
      "x" : 0.8753882,
      "y" : -0.17507765,
      "z" : -0.17507765
    },
    "orientation" : 0
  }, {
    "shape" : "5001f2c5-45e5-47c6-b51b-511fdc3cfedb",
    "color" : "#FFFFFF",
    "position" : {
      "x" : -0.8753882,
      "y" : 0.17507765,
      "z" : -0.17507765
    },
    "orientation" : 45
  }, {
    "shape" : "e918159d-78c6-4265-9199-69ceb009b83d",
    "color" : "#FFFFFF",
    "position" : {
      "x" : -0.4085145,
      "y" : 0.17507765,
      "z" : -0.7586698
    },
    "orientation" : 53
