{
  "field" : "golden",
  "symmetry" : "icosahedral",
  "orientations" : [ [ 1.0, 0.0, 0.0, 0.0, 0.0, 1.0, 0.0, 0.0, 0.0, 0.0, 1.0, 0.0, 0.0, 0.0, 0.0, 1.0 ], [ 0.0, 0.0, 1.0, 0.0, 1.0, 0.0, 0.0, 0.0, 0.0, 1.0, 0.0, 0.0, 0.0, 0.0, 0.0, 1.0 ], [ 0.0, 1.0, 0.0, 0.0, 0.0, 0.0, 1.0, 0.0, 1.0, 0.0, 0.0, 0.0, 0.0, 0.0, 0.0, 1.0 ], [ 0.809017, 0.309017, 0.5, 0.0, 0.309017, 0.5, -0.809017, 0.0, -0.5, 0.809017, 0.309017, 0.0, 0.0, 0.0, 0.0, 1.0 ], [ -0.5, 0.809017, 0.309017, 0.0, 0.809017, 0.309017, 0.5, 0.0, 0.309017, 0.5, -0.809017, 0.0, 0.0, 0.0, 0.0, 1.0 ], [ 0.309017, 0.5, -0.809017, 0.0, -0.5, 0.809017, 0.309017, 0.0, 0.809017, 0.309017, 0.5, 0.0, 0.0, 0.0, 0.0, 1.0 ], [ 0.5, 0.809017, 0.309017, 0.0, 0.809017, -0.309017, -0.5, 0.0, -0.309017, 0.5, -0.809017, 0.0, 0.0, 0.0, 0.0, 1.0 ], [ -0.309017, 0.5, -0.809017, 0.0, 0.5, 0.809017, 0.309017, 0.0, 0.809017, -0.309017, -0.5, 0.0, 0.0, 0.0, 0.0, 1.0 ], [ 0.809017, -0.309017, -0.5, 0.0, -0.309017, 0.5, -0.809017, 0.0, 0.5, 0.809017, 0.309017, 0.0, 0.0, 0.0, 0.0, 1.0 ], [ 0.5, 0.809017, -0.309017, 0.0, 0.809017, -0.309017, 0.5, 0.0, 0.309017, -0.5, -0.809017, 0.0, 0.0, 0.0, 0.0, 1.0 ], [ 0.309017, -0.5, -0.809017, 0.0, 0.5, 0.809017, -0.309017, 0.0, 0.809017, -0.309017, 0.5, 0.0, 0.0, 0.0, 0.0, 1.0 ], [ 0.809017, -0.309017, 0.5, 0.0, 0.309017, -0.5, -0.809017, 0.0, 0.5, 0.809017, -0.309017, 0.0, 0.0, 0.0, 0.0, 1.0 ], [ 0.809017, 0.309017, -0.5, 0.0, 0.309017, 0.5, 0.809017, 0.0, 0.5, -0.809017, 0.309017, 0.0, 0.0, 0.0, 0.0, 1.0 ], [ 0.5, -0.809017, 0.309017, 0.0, 0.809017, 0.309017, -0.5, 0.0, 0.309017, 0.5, 0.809017, 0.0, 0.0, 0.0, 0.0, 1.0 ], [ 0.309017, 0.5, 0.809017, 0.0, 0.5, -0.809017, 0.309017, 0.0, 0.809017, 0.309017, -0.5, 0.0, 0.0, 0.0, 0.0, 1.0 ], [ 1.0, 0.0, 0.0, 0.0, 0.0, -1.0, 0.0, 0.0, 0.0, 0.0, -1.0, 0.0, 0.0, 0.0, 0.0, 1.0 ], [ 0.0, 0.0, 1.0, 0.0, -1.0, 0.0, 0.0, 0.0, 0.0, -1.0, 0.0, 0.0, 0.0, 0.0, 0.0, 1.0 ], [ 0.0, 1.0, 0.0, 0.0, 0.0, 0.0, -1.0, 0.0, -1.0, 0.0, 0.0, 0.0, 0.0, 0.0, 0.0, 1.0 ], [ 0.809017, 0.309017, 0.5, 0.0, -0.309017, -0.5, 0.809017, 0.0, 0.5, -0.809017, -0.309017, 0.0, 0.0, 0.0, 0.0, 1.0 ], [ -0.5, 0.809017, 0.309017, 0.0, -0.809017, -0.309017, -0.5, 0.0, -0.309017, -0.5, 0.809017, 0.0, 0.0, 0.0, 0.0, 1.0 ], [ 0.309017, 0.5, -0.809017, 0.0, 0.5, -0.809017, -0.309017, 0.0, -0.809017, -0.309017, -0.5, 0.0, 0.0, 0.0, 0.0, 1.0 ], [ 0.5, 0.809017, 0.309017, 0.0, -0.809017, 0.309017, 0.5, 0.0, 0.309017, -0.5, 0.809017, 0.0, 0.0, 0.0, 0.0, 1.0 ], [ -0.309017, 0.5, -0.809017, 0.0, -0.5, -0.809017, -0.309017, 0.0, -0.809017, 0.309017, 0.5, 0.0, 0.0, 0.0, 0.0, 1.0 ], [ 0.809017, -0.309017, -0.5, 0.0, 0.309017, -0.5, 0.809017, 0.0, -0.5, -0.809017, -0.309017, 0.0, 0.0, 0.0, 0.0, 1.0 ], [ 0.5, 0.809017, -0.309017, 0.0, -0.809017, 0.309017, -0.5, 0.0, -0.309017, 0.5, 0.809017, 0.0, 0.0, 0.0, 0.0, 1.0 ], [ 0.309017, -0.5, -0.809017, 0.0, -0.5, -0.809017, 0.309017, 0.0, -0.809017, 0.309017, -0.5, 0.0, 0.0, 0.0, 0.0, 1.0 ], [ 0.809017, -0.309017, 0.5, 0.0, -0.309017, 0.5, 0.809017, 0.0, -0.5, -0.809017, 0.309017, 0.0, 0.0, 0.0, 0.0, 1.0 ], [ 0.809017, 0.309017, -0.5, 0.0, -0.309017, -0.5, -0.809017, 0.0, -0.5, 0.809017, -0.309017, 0.0, 0.0, 0.0, 0.0, 1.0 ], [ 0.5, -0.809017, 0.309017, 0.0, -0.809017, -0.309017, 0.5, 0.0, -0.309017, -0.5, -0.809017, 0.0, 0.0, 0.0, 0.0, 1.0 ], [ 0.309017, 0.5, 0.809017, 0.0, -0.5, 0.809017, -0.309017, 0.0, -0.809017, -0.309017, 0.5, 0.0, 0.0, 0.0, 0.0, 1.0 ], [ -1.0, 0.0, 0.0, 0.0, 0.0, -1.0, 0.0, 0.0, 0.0, 0.0, 1.0, 0.0, 0.0, 0.0, 0.0, 1.0 ], [ 0.0, 0.0, -1.0, 0.0, -1.0, 0.0, 0.0, 0.0, 0.0, 1.0, 0.0, 0.0, 0.0, 0.0, 0.0, 1.0 ], [ 0.0, -1.0, 0.0, 0.0, 0.0, 0.0, -1.0, 0.0, 1.0, 0.0, 0.0, 0.0, 0.0, 0.0, 0.0, 1.0 ], [ -0.809017, -0.309017, -0.5, 0.0, -0.309017, -0.5, 0.809017, 0.0, -0.5, 0.809017, 0.309017, 0.0, 0.0, 0.0, 0.0, 1.0 ], [ 0.5, -0.809017, -0.309017, 0.0, -0.809017, -0.309017, -0.5, 0.0, 0.309017, 0.5, -0.809017, 0.0, 0.0, 0.0, 0.0, 1.0 ], [ -0.309017, -0.5, 0.809017, 0.0, 0.5, -0.809017, -0.309017, 0.0, 0.809017, 0.309017, 0.5, 0.0, 0.0, 0.0, 0.0, 1.0 ], [ -0.5, -0.809017, -0.309017, 0.0, -0.809017, 0.309017, 0.5, 0.0, -0.309017, 0.5, -0.809017, 0.0, 0.0, 0.0, 0.0, 1.0 ], [ 0.309017, -0.5, 0.809017, 0.0, -0.5, -0.809017, -0.309017, 0.0, 0.809017, -0.309017, -0.5, 0.0, 0.0, 0.0, 0.0, 1.0 ], [ -0.809017, 0.309017, 0.5, 0.0, 0.309017, -0.5, 0.809017, 0.0, 0.5, 0.809017, 0.309017, 0.0, 0.0, 0.0, 0.0, 1.0 ], [ -0.5, -0.809017, 0.309017, 0.0, -0.809017, 0.309017, -0.5, 0.0, 0.309017, -0.5, -0.809017, 0.0, 0.0, 0.0, 0.0, 1.0 ], [ -0.309017, 0.5, 0.809017, 0.0, -0.5, -0.809017, 0.309017, 0.0, 0.809017, -0.309017, 0.5, 0.0, 0.0, 0.0, 0.0, 1.0 ], [ -0.809017, 0.309017, -0.5, 0.0, -0.309017, 0.5, 0.809017, 0.0, 0.5, 0.809017, -0.309017, 0.0, 0.0, 0.0, 0.0, 1.0 ], [ -0.809017, -0.309017, 0.5, 0.0, -0.309017, -0.5, -0.809017, 0.0, 0.5, -0.809017, 0.309017, 0.0, 0.0, 0.0, 0.0, 1.0 ], [ -0.5, 0.809017, -0.309017, 0.0, -0.809017, -0.309017, 0.5, 0.0, 0.309017, 0.5, 0.809017, 0.0, 0.0, 0.0, 0.0, 1.0 ], [ -0.309017, -0.5, -0.809017, 0.0, -0.5, 0.809017, -0.309017, 0.0, 0.809017, 0.309017, -0.5, 0.0, 0.0, 0.0, 0.0, 1.0 ], [ -1.0, 0.0, 0.0, 0.0, 0.0, 1.0, 0.0, 0.0, 0.0, 0.0, -1.0, 0.0, 0.0, 0.0, 0.0, 1.0 ], [ 0.0, 0.0, -1.0, 0.0, 1.0, 0.0, 0.0, 0.0, 0.0, -1.0, 0.0, 0.0, 0.0, 0.0, 0.0, 1.0 ], [ 0.0, -1.0, 0.0, 0.0, 0.0, 0.0, 1.0, 0.0, -1.0, 0.0, 0.0, 0.0, 0.0, 0.0, 0.0, 1.0 ], [ -0.809017, -0.309017, -0.5, 0.0, 0.309017, 0.5, -0.809017, 0.0, 0.5, -0.809017, -0.309017, 0.0, 0.0, 0.0, 0.0, 1.0 ], [ 0.5, -0.809017, -0.309017, 0.0, 0.809017, 0.309017, 0.5, 0.0, -0.309017, -0.5, 0.809017, 0.0, 0.0, 0.0, 0.0, 1.0 ], [ -0.309017, -0.5, 0.809017, 0.0, -0.5, 0.809017, 0.309017, 0.0, -0.809017, -0.309017, -0.5, 0.0, 0.0, 0.0, 0.0, 1.0 ], [ -0.5, -0.809017, -0.309017, 0.0, 0.809017, -0.309017, -0.5, 0.0, 0.309017, -0.5, 0.809017, 0.0, 0.0, 0.0, 0.0, 1.0 ], [ 0.309017, -0.5, 0.809017, 0.0, 0.5, 0.809017, 0.309017, 0.0, -0.809017, 0.309017, 0.5, 0.0, 0.0, 0.0, 0.0, 1.0 ], [ -0.809017, 0.309017, 0.5, 0.0, -0.309017, 0.5, -0.809017, 0.0, -0.5, -0.809017, -0.309017, 0.0, 0.0, 0.0, 0.0, 1.0 ], [ -0.5, -0.809017, 0.309017, 0.0, 0.809017, -0.309017, 0.5, 0.0, -0.309017, 0.5, 0.809017, 0.0, 0.0, 0.0, 0.0, 1.0 ], [ -0.309017, 0.5, 0.809017, 0.0, 0.5, 0.809017, -0.309017, 0.0, -0.809017, 0.309017, -0.5, 0.0, 0.0, 0.0, 0.0, 1.0 ], [ -0.809017, 0.309017, -0.5, 0.0, 0.309017, -0.5, -0.809017, 0.0, -0.5, -0.809017, 0.309017, 0.0, 0.0, 0.0, 0.0, 1.0 ], [ -0.809017, -0.309017, 0.5, 0.0, 0.309017, 0.5, 0.809017, 0.0, -0.5, 0.809017, -0.309017, 0.0, 0.0, 0.0, 0.0, 1.0 ], [ -0.5, 0.809017, -0.309017, 0.0, 0.809017, 0.309017, -0.5, 0.0, -0.309017, -0.5, -0.809017, 0.0, 0.0, 0.0, 0.0, 1.0 ], [ -0.309017, -0.5, -0.809017, 0.0, 0.5, -0.809017, 0.309017, 0.0, -0.809017, -0.309017, 0.5, 0.0, 0.0, 0.0, 0.0, 1.0 ] ],
  "lights" : {
    "backgroundColor" : "#AFC8DC",
    "ambientColor" : "#292929",
    "directionalLights" : [ {
      "direction" : {
        "x" : 1.0,
        "y" : -1.0,
        "z" : -1.0
      },
      "color" : "#EBEBE4"
    }, {
      "direction" : {
        "x" : -1.0,
        "y" : 0.0,
        "z" : 0.0
      },
      "color" : "#E4E4EB"
    }, {
      "direction" : {
        "x" : 0.0,
        "y" : 0.0,
        "z" : -1.0
      },
      "color" : "#1E1E1E"
    } ]
  },
  "camera" : {
    "width" : 141.22743,
    "stereo" : false,
    "perspective" : true,
    "lookDirection" : {
      "x" : 0.70575994,
      "y" : 0.68264365,
      "z" : -0.18947695
    },
    "upDirection" : {
      "x" : -0.60699046,
      "y" : 0.44473162,
      "z" : -0.65861577
    },
    "lookAtPoint" : {
      "x" : 0.0,
      "y" : 0.0,
      "z" : 0.0
    },
    "viewDistance" : 313.83878,
    "nearClipDistance" : 0.7845969,
    "farClipDistance" : 627.6768,
    "fieldOfView" : 0.44262883,
    "position" : {
      "x" : -221.49484,
      "y" : -214.24005,
      "z" : 59.465214
    }
  },
  "embedding" : [ 1.0, 0.0, 0.0, 0.0, 0.0, 1.0, 0.0, 0.0, 0.0, 0.0, 1.0, 0.0, 0.0, 0.0, 0.0, 1.0 ],
  "shapes" : [ {
    "id" : "bdaaf45b-cb43-4d1d-9dfe-3c2818a58445",
    "vertices" : [ {
      "x" : 0.309017,
      "y" : -0.309017,
      "z" : -0.309017
    }, {
      "x" : 0.5,
      "y" : 0.0,
      "z" : -0.19098301
    }, {
      "x" : 0.5,
      "y" : 0.0,
      "z" : 0.19098301
    }, {
      "x" : 0.309017,
      "y" : -0.309017,
      "z" : 0.309017
    }, {
      "x" : 0.19098301,
      "y" : -0.5,
      "z" : 0.0
    }, {
      "x" : 0.0,
      "y" : 0.19098301,
      "z" : 0.5
    }, {
      "x" : 0.0,
      "y" : -0.19098301,
      "z" : 0.5
    }, {
      "x" : 0.309017,
      "y" : 0.309017,
      "z" : 0.309017
    }, {
      "x" : -0.309017,
      "y" : -0.309017,
      "z" : 0.309017
    }, {
      "x" : -0.309017,
      "y" : 0.309017,
      "z" : 0.309017
    }, {
      "x" : -0.5,
      "y" : 0.0,
      "z" : 0.19098301
    }, {
      "x" : 0.0,
      "y" : -0.19098301,
      "z" : -0.5
    }, {
      "x" : 0.0,
      "y" : 0.19098301,
      "z" : -0.5
    }, {
      "x" : 0.309017,
      "y" : 0.309017,
      "z" : -0.309017
    }, {
      "x" : -0.309017,
      "y" : -0.309017,
      "z" : -0.309017
    }, {
      "x" : -0.19098301,
      "y" : -0.5,
      "z" : 0.0
    }, {
      "x" : -0.5,
      "y" : 0.0,
      "z" : -0.19098301
    }, {
      "x" : 0.19098301,
      "y" : 0.5,
      "z" : 0.0
    }, {
      "x" : -0.309017,
      "y" : 0.309017,
      "z" : -0.309017
    }, {
      "x" : 0.0,
      "y" : 0.0,
      "z" : 0.0
    }, {
      "x" : -0.19098301,
      "y" : 0.5,
      "z" : 0.0
    } ],
    "faces" : [ {
      "vertices" : [ 12, 18, 20 ]
    }, {
      "vertices" : [ 12, 20, 17 ]
    }, {
      "vertices" : [ 12, 17, 13 ]
    }, {
      "vertices" : [ 3, 6, 8 ]
    }, {
      "vertices" : [ 3, 8, 15 ]
    }, {
      "vertices" : [ 3, 15, 4 ]
    }, {
      "vertices" : [ 0, 11, 12 ]
    }, {
      "vertices" : [ 0, 12, 13 ]
    }, {
      "vertices" : [ 0, 13, 1 ]
    }, {
      "vertices" : [ 5, 9, 10 ]
    }, {
      "vertices" : [ 5, 10, 8 ]
    }, {
      "vertices" : [ 5, 8, 6 ]
    }, {
      "vertices" : [ 2, 7, 5 ]
    }, {
      "vertices" : [ 2, 5, 6 ]
    }, {
      "vertices" : [ 2, 6, 3 ]
    }, {
      "vertices" : [ 11, 14, 16 ]
    }, {
      "vertices" : [ 11, 16, 18 ]
    }, {
      "vertices" : [ 11, 18, 12 ]
    }, {
      "vertices" : [ 1, 13, 17 ]
    }, {
      "vertices" : [ 1, 17, 7 ]
    }, {
      "vertices" : [ 1, 7, 2 ]
    }, {
      "vertices" : [ 9, 20, 18 ]
    }, {
      "vertices" : [ 9, 18, 16 ]
    }, {
      "vertices" : [ 9, 16, 10 ]
    }, {
      "vertices" : [ 0, 1, 2 ]
    }, {
      "vertices" : [ 0, 2, 3 ]
    }, {
      "vertices" : [ 0, 3, 4 ]
    }, {
      "vertices" : [ 5, 7, 17 ]
    }, {
      "vertices" : [ 5, 17, 20 ]
    }, {
      "vertices" : [ 5, 20, 9 ]
    }, {
      "vertices" : [ 0, 4, 15 ]
    }, {
      "vertices" : [ 0, 15, 14 ]
    }, {
      "vertices" : [ 0, 14, 11 ]
    }, {
      "vertices" : [ 8, 10, 16 ]
    }, {
      "vertices" : [ 8, 16, 14 ]
    }, {
      "vertices" : [ 8, 14, 15 ]
    } ]
  }, {
    "id" : "ef5ce453-8361-49a1-9118-1f594ffed454",
    "vertices" : [ {
      "x" : 1.0,
      "y" : 0.309017,
      "z" : 0.19098301
    }, {
      "x" : 1.0,
      "y" : -0.309017,
      "z" : 0.19098301
    }, {
      "x" : 21.18034,
      "y" : -0.309017,
      "z" : 0.19098301
    }, {
      "x" : 21.18034,
      "y" : 0.309017,
      "z" : 0.19098301
    }, {
      "x" : 21.18034,
      "y" : -0.309017,
      "z" : -0.19098301
    }, {
      "x" : 21.18034,
      "y" : 0.309017,
      "z" : -0.19098301
    }, {
      "x" : 21.798374,
      "y" : 0.0,
      "z" : 0.0
    }, {
      "x" : 0.38196602,
      "y" : 0.0,
      "z" : 0.0
    }, {
      "x" : 1.0,
      "y" : 0.309017,
      "z" : -0.19098301
    }, {
      "x" : 1.0,
      "y" : -0.309017,
      "z" : -0.19098301
    }, {
      "x" : 22.18034,
      "y" : 0.0,
      "z" : 0.0
    } ],
    "faces" : [ {
      "vertices" : [ 1, 9, 4 ]
    }, {
      "vertices" : [ 1, 4, 2 ]
    }, {
      "vertices" : [ 0, 3, 5 ]
    }, {
      "vertices" : [ 0, 5, 8 ]
    }, {
      "vertices" : [ 1, 7, 9 ]
    }, {
      "vertices" : [ 0, 1, 2 ]
    }, {
      "vertices" : [ 0, 2, 3 ]
    }, {
      "vertices" : [ 7, 8, 9 ]
    }, {
      "vertices" : [ 0, 7, 1 ]
    }, {
      "vertices" : [ 4, 9, 8 ]
    }, {
      "vertices" : [ 4, 8, 5 ]
    }, {
      "vertices" : [ 2, 6, 3 ]
    }, {
      "vertices" : [ 2, 4, 6 ]
    }, {
      "vertices" : [ 3, 6, 5 ]
    }, {
      "vertices" : [ 4, 5, 6 ]
    }, {
      "vertices" : [ 0, 8, 7 ]
    } ]
  }, {
    "id" : "bc309aa5-412c-4572-a040-83e672a88b7b",
    "vertices" : [ {
      "x" : 1.0,
      "y" : 0.309017,
      "z" : 0.19098301
    }, {
      "x" : 1.0,
      "y" : -0.309017,
      "z" : 0.19098301
    }, {
      "x" : 12.708204,
      "y" : -0.309017,
      "z" : 0.19098301
    }, {
      "x" : 12.708204,
      "y" : 0.309017,
      "z" : 0.19098301
    }, {
      "x" : 12.708204,
      "y" : -0.309017,
      "z" : -0.19098301
    }, {
      "x" : 12.708204,
      "y" : 0.309017,
      "z" : -0.19098301
    }, {
      "x" : 13.326238,
      "y" : 0.0,
      "z" : 0.0
    }, {
      "x" : 0.38196602,
      "y" : 0.0,
      "z" : 0.0
    }, {
      "x" : 1.0,
      "y" : 0.309017,
      "z" : -0.19098301
    }, {
      "x" : 1.0,
      "y" : -0.309017,
      "z" : -0.19098301
    }, {
      "x" : 13.708204,
      "y" : 0.0,
      "z" : 0.0
    } ],
    "faces" : [ {
      "vertices" : [ 1, 9, 4 ]
    }, {
      "vertices" : [ 1, 4, 2 ]
    }, {
      "vertices" : [ 0, 3, 5 ]
    }, {
      "vertices" : [ 0, 5, 8 ]
    }, {
      "vertices" : [ 1, 7, 9 ]
    }, {
      "vertices" : [ 0, 1, 2 ]
    }, {
      "vertices" : [ 0, 2, 3 ]
    }, {
      "vertices" : [ 7, 8, 9 ]
    }, {
      "vertices" : [ 0, 7, 1 ]
    }, {
      "vertices" : [ 4, 9, 8 ]
    }, {
      "vertices" : [ 4, 8, 5 ]
    }, {
      "vertices" : [ 2, 6, 3 ]
    }, {
      "vertices" : [ 2, 4, 6 ]
    }, {
      "vertices" : [ 3, 6, 5 ]
    }, {
      "vertices" : [ 4, 5, 6 ]
    }, {
      "vertices" : [ 0, 8, 7 ]
    } ]
  } ],
  "instances" : [ {
    "shape" : "bdaaf45b-cb43-4d1d-9dfe-3c2818a58445",
    "color" : "#FFFFFF",
    "position" : {
      "x" : -17.944271,
      "y" : 17.944271,
      "z" : 17.944271
    }
  }, {
    "shape" : "ef5ce453-8361-49a1-9118-1f594ffed454",
    "color" : "#FFFF00",
    "position" : {
      "x" : 0.0,
      "y" : 69.15905,
      "z" : 6.854102
    },
    "orientation" : 7
  }, {
    "shape" : "bc309aa5-412c-4572-a040-83e672a88b7b",
    "color" : "#333333",
    "position" : {
      "x" : 11.09017,
      "y" : 64.92299,
      "z" : -35.888542
    },
    "orientation" : 38
  }, {
    "shape" : "ef5ce453-8361-49a1-9118-1f594ffed454",
    "color" : "#0066FF",
    "position" : {
      "x" : 11.09017,
      "y" : 64.92299,
      "z" : -35.888542
    },
    "orientation" : 41
  }, {
    "shape" : "bdaaf45b-cb43-4d1d-9dfe-3c2818a58445",
    "color" : "#FFFFFF",
    "position" : {
      "x" : 29.034441,
      "y" : 80.24922,
      "z" : 46.978714
    }
  }, {
    "shape" : "bc309aa5-412c-4572-a040-83e672a88b7b",
    "color" : "#333333",
    "position" : {
      "x" : 11.09017,
      "y" : 51.214783,
      "z" : 35.888542
    },
    "orientation" : 55
  }, {
    "shape" : "ef5ce453-8361-49a1-9118-1f594ffed454",
    "color" : "#0066FF",
    "position" : {
      "x" : 6.854102,
      "y" : 58.068882,
      "z" : -46.978714
    },
    "orientation" : 24
  }, {
    "shape" : "bdaaf45b-cb43-4d1d-9dfe-3c2818a58445",
    "color" : "#FFFFFF",
    "position" : {
      "x" : 58.068882,
      "y" : 11.09017,
      "z" : 29.034441
    }
  }, {
    "shape" : "bdaaf45b-cb43-4d1d-9dfe-3c2818a58445",
    "color" : "#FFFFFF",
    "position" : {
      "x" : -6.854102,
      "y" : 80.24922,
      "z" : 11.09017
    }
  }, {
    "shape" : "bc309aa5-412c-4572-a040-83e672a88b7b",
    "color" : "#FFFFFF",
    "position" : {
      "x" : -17.944271,
      "y" : 40.12461,
      "z" : 17.944271
    },
    "orientation" : 56
  }, {
    "shape" : "bdaaf45b-cb43-4d1d-9dfe-3c2818a58445",
    "color" : "#FFFFFF",
    "position" : {
      "x" : 53.832817,
      "y" : 4.236068,
      "z" : -40.12461
    }
  }, {
    "shape" : "bc309aa5-412c-4572-a040-83e672a88b7b",
    "color" : "#FFFFFF",
    "position" : {
      "x" : 17.944271,
      "y" : 4.236068,
      "z" : -4.236068
    },
    "orientation" : 53
  }, {
    "shape" : "bc309aa5-412c-4572-a040-83e672a88b7b",
    "color" : "#FFFFFF",
    "position" : {
      "x" : 58.068882,
      "y" : 69.15905,
      "z" : 29.034441
    },
    "orientation" : 8
  }, {
    "shape" : "bc309aa5-412c-4572-a040-83e672a88b7b",
    "color" : "#FFFFFF",
    "position" : {
      "x" : 24.798374,
      "y" : -6.854102,
      "z" : 22.18034
    },
    "orientation" : 45
  }, {
    "shape" : "bc309aa5-412c-4572-a040-83e672a88b7b",
    "color" : "#FFFFFF",
    "position" : {
      "x" : 58.068882,
      "y" : 46.978714,
      "z" : -29.034441
    },
    "orientation" : 25
  }, {
    "shape" : "bc309aa5-412c-4572-a040-83e672a88b7b",
    "color" : "#333333",
    "position" : {
      "x" : -6.854102,
      "y" : 58.068882,
      "z" : -11.09017
    },
    "orientation" : 16
  }, {
    "shape" : "bc309aa5-412c-4572-a040-83e672a88b7b",
    "color" : "#FFFFFF",
    "position" : {
      "x" : 17.944271,
      "y" : 4.236068,
      "z" : -17.944271
    },
    "orientation" : 25
  }, {
    "shape" : "bc309aa5-412c-4572-a040-83e672a88b7b",
    "color" : "#FFFFFF",
    "position" : {
      "x" : -6.854102,
      "y" : 58.068882,
      "z" : 11.09017
    },
    "orientation" : 16
  }, {
    "shape" : "ef5ce453-8361-49a1-9118-1f594ffed454",
    "color" : "#D62323",
    "position" : {
      "x" : 29.034441,
      "y" : 58.068882,
      "z" : -46.978714
    },
    "orientation" : 26
  }, {
    "shape" : "bc309aa5-412c-4572-a040-83e672a88b7b",
    "color" : "#FFFFFF",
    "position" : {
      "x" : 22.18034,
      "y" : 11.09017,
      "z" : 51.214783
    },
    "orientation" : 24
  }, {
    "shape" : "bc309aa5-412c-4572-a040-83e672a88b7b",
    "color" : "#333333",
    "position" : {
      "x" : 40.12461,
      "y" : 4.236068,
      "z" : 17.944271
    },
    "orientation" : 0
  }, {
    "shape" : "bc309aa5-412c-4572-a040-83e672a88b7b",
    "color" : "#333333",
    "position" : {
      "x" : -6.854102,
      "y" : 80.24922,
      "z" : -11.09017
    },
    "orientation" : 47
  }, {
    "shape" : "bc309aa5-412c-4572-a040-83e672a88b7b",
    "color" : "#FFFFFF",
    "position" : {
      "x" : -6.854102,
      "y" : 58.068882,
      "z" : 11.09017
    },
    "orientation" : 54
  }, {
    "shape" : "bc309aa5-412c-4572-a040-83e672a88b7b",
    "color" : "#333333",
    "position" : {
      "x" : 0.0,
      "y" : 46.978714,
      "z" : 29.034441
    },
    "orientation" : 56
  }, {
    "shape" : "bc309aa5-412c-4572-a040-83e672a88b7b",
    "color" : "#333333",
    "position" : {
      "x" : 29.034441,
      "y" : 80.24922,
      "z" : -11.09017
    },
    "orientation" : 10
  }, {
    "shape" : "bdaaf45b-cb43-4d1d-9dfe-3c2818a58445",
    "color" : "#FFFFFF",
    "position" : {
      "x" : 69.15905,
      "y" : -6.854102,
      "z" : 0.0
    }
  }, {
    "shape" : "bc309aa5-412c-4572-a040-83e672a88b7b",
    "color" : "#333333",
    "position" : {
      "x" : 64.92299,
      "y" : 58.068882,
      "z" : 24.798374
    },
    "orientation" : 45
  }, {
    "shape" : "bdaaf45b-cb43-4d1d-9dfe-3c2818a58445",
    "color" : "#FFFFFF",
    "position" : {
      "x" : 29.034441,
      "y" : -13.708204,
      "z" : -11.09017
    }
  }, {
    "shape" : "bc309aa5-412c-4572-a040-83e672a88b7b",
    "color" : "#333333",
    "position" : {
      "x" : 17.944271,
      "y" : 76.01315,
      "z" : -40.12461
    },
    "orientation" : 45
  }, {
    "shape" : "bc309aa5-412c-4572-a040-83e672a88b7b",
    "color" : "#FFFFFF",
    "position" : {
      "x" : 35.888542,
      "y" : 11.09017,
      "z" : -29.034441
    },
    "orientation" : 52
  }, {
    "shape" : "bdaaf45b-cb43-4d1d-9dfe-3c2818a58445",
    "color" : "#FFFFFF",
    "position" : {
      "x" : 51.214783,
      "y" : 22.18034,
      "z" : 24.798374
    }
  }, {
    "shape" : "bdaaf45b-cb43-4d1d-9dfe-3c2818a58445",
    "color" : "#FFFFFF",
    "position" : {
      "x" : 58.068882,
      "y" : 69.15905,
      "z" : -6.854102
    }
  }, {
    "shape" : "bc309aa5-412c-4572-a040-83e672a88b7b",
    "color" : "#FFFFFF",
    "position" : {
      "x" : -29.034441,
      "y" : 44.36068,
      "z" : -11.09017
    },
    "orientation" : 1
  }, {
    "shape" : "bc309aa5-412c-4572-a040-83e672a88b7b",
    "color" : "#333333",
    "position" : {
      "x" : 40.12461,
      "y" : 76.01315,
      "z" : 40.12461
    },
    "orientation" : 6
  }, {
    "shape" : "ef5ce453-8361-49a1-9118-1f594ffed454",
    "color" : "#FFFF00",
    "position" : {
      "x" : 35.888542,
      "y" : 69.15905,
      "z" : 29.034441
    },
    "orientation" : 2
  }, {
    "shape" : "bc309aa5-412c-4572-a040-83e672a88b7b",
    "color" : "#FFFFFF",
    "position" : {
      "x" : 17.944271,
      "y" : 40.12461,
      "z" : 53.832817
    },
    "orientation" : 21
  }, {
    "shape" : "bc309aa5-412c-4572-a040-83e672a88b7b",
    "color" : "#FFFFFF",
    "position" : {
      "x" : 58.068882,
      "y" : 11.09017,
      "z" : 6.854102
    },
    "orientation" : 7
  }, {
    "shape" : "bc309aa5-412c-4572-a040-83e672a88b7b",
    "color" : "#FFFFFF",
    "position" : {
      "x" : 76.01315,
      "y" : 40.12461,
      "z" : 17.944271
    },
    "orientation" : 26
  }, {
    "shape" : "bdaaf45b-cb43-4d1d-9dfe-3c2818a58445",
    "color" : "#FFFFFF",
    "position" : {
      "x" : -17.944271,
      "y" : 4.236068,
      "z" : 17.944271
    }
  }, {
    "shape" : "bc309aa5-412c-4572-a040-83e672a88b7b",
    "color" : "#333333",
    "position" : {
      "x" : -6.854102,
      "y" : 22.18034,
      "z" : 11.09017
    },
    "orientation" : 7
  }, {
    "shape" : "bdaaf45b-cb43-4d1d-9dfe-3c2818a58445",
    "color" : "#FFFFFF",
    "position" : {
      "x" : 80.24922,
      "y" : 46.978714,
      "z" : -29.034441
    }
  }, {
    "shape" : "bc309aa5-412c-4572-a040-83e672a88b7b",
    "color" : "#333333",
    "position" : {
      "x" : 33.27051,
      "y" : 87.103325,
      "z" : 22.18034
    },
    "orientation" : 55
  }, {
    "shape" : "bc309aa5-412c-4572-a040-83e672a88b7b",
    "color" : "#FFFFFF",
    "position" : {
      "x" : -17.944271,
      "y" : 17.944271,
      "z" : -4.236068
    },
    "orientation" : 51
  }, {
    "shape" : "bc309aa5-412c-4572-a040-83e672a88b7b",
    "color" : "#FFFFFF",
    "position" : {
      "x" : 71.777084,
      "y" : 69.15905,
      "z" : 29.034441
    },
    "orientation" : 52
  }, {
    "shape" : "bc309aa5-412c-4572-a040-83e672a88b7b",
    "color" : "#FFFFFF",
    "position" : {
      "x" : 40.12461,
      "y" : 4.236068,
      "z" : 17.944271
    },
    "orientation" : 40
  }, {
    "shape" : "bc309aa5-412c-4572-a040-83e672a88b7b",
    "color" : "#333333",
    "position" : {
      "x" : -13.708204,
      "y" : 11.09017,
      "z" : 29.034441
    },
    "orientation" : 0
  }, {
    "shape" : "ef5ce453-8361-49a1-9118-1f594ffed454",
    "color" : "#FFFF00",
    "position" : {
      "x" : 0.0,
      "y" : 69.15905,
      "z" : 42.742645
    },
    "orientation" : 24
  }, {
    "shape" : "bc309aa5-412c-4572-a040-83e672a88b7b",
    "color" : "#FFFFFF",
    "position" : {
      "x" : 29.034441,
      "y" : 35.888542,
      "z" : -46.978714
    },
    "orientation" : 22
  }, {
    "shape" : "bc309aa5-412c-4572-a040-83e672a88b7b",
    "color" : "#FFFFFF",
    "position" : {
      "x" : 6.854102,
      "y" : 58.068882,
      "z" : 24.798374
    },
    "orientation" : 45
  }, {
    "shape" : "bc309aa5-412c-4572-a040-83e672a88b7b",
    "color" : "#333333",
    "position" : {
      "x" : 17.944271,
      "y" : 4.236068,
      "z" : -17.944271
    },
    "orientation" : 36
  }, {
    "shape" : "ef5ce453-8361-49a1-9118-1f594ffed454",
    "color" : "#FFFF00",
    "position" : {
      "x" : 17.944271,
      "y" : 98.1935,
      "z" : 4.236068
    },
    "orientation" : 21
  }, {
    "shape" : "bdaaf45b-cb43-4d1d-9dfe-3c2818a58445",
    "color" : "#FFFFFF",
    "position" : {
      "x" : 6.854102,
      "y" : 22.18034,
      "z" : -24.798374
    }
  }, {
    "shape" : "bc309aa5-412c-4572-a040-83e672a88b7b",
    "color" : "#FFFFFF",
    "position" : {
      "x" : 29.034441,
      "y" : 22.18034,
      "z" : 33.27051
    },
    "orientation" : 41
  }, {
    "shape" : "bc309aa5-412c-4572-a040-83e672a88b7b",
    "color" : "#FFFFFF",
    "position" : {
      "x" : 71.777084,
      "y" : 11.09017,
      "z" : 6.854102
    },
    "orientation" : 10
  }, {
    "shape" : "bc309aa5-412c-4572-a040-83e672a88b7b",
    "color" : "#FFFFFF",
    "position" : {
      "x" : 17.944271,
      "y" : 40.12461,
      "z" : 40.12461
    },
    "orientation" : 24
  }, {
    "shape" : "bc309aa5-412c-4572-a040-83e672a88b7b",
    "color" : "#FFFFFF",
    "position" : {
      "x" : 24.798374,
      "y" : 51.214783,
      "z" : -35.888542
    },
    "orientation" : 25
  }, {
    "shape" : "bc309aa5-412c-4572-a040-83e672a88b7b",
    "color" : "#333333",
    "position" : {
      "x" : 11.09017,
      "y" : 51.214783,
      "z" : 35.888542
    },
    "orientation" : 7
  }, {
    "shape" : "ef5ce453-8361-49a1-9118-1f594ffed454",
    "color" : "#0066FF",
    "position" : {
      "x" : 17.944271,
      "y" : 4.236068,
      "z" : -40.12461
    },
    "orientation" : 0
  }, {
    "shape" : "bc309aa5-412c-4572-a040-83e672a88b7b",
    "color" : "#FFFFFF",
    "position" : {
      "x" : 51.214783,
      "y" : 80.24922,
      "z" : 11.09017
    },
    "orientation" : 1
  }, {
    "shape" : "bc309aa5-412c-4572-a040-83e672a88b7b",
    "color" : "#333333",
    "position" : {
      "x" : 40.12461,
      "y" : 40.12461,
      "z" : 40.12461
    },
    "orientation" : 11
  }, {
    "shape" : "bdaaf45b-cb43-4d1d-9dfe-3c2818a58445",
    "color" : "#FFFFFF",
    "position" : {
      "x" : 17.944271,
      "y" : 17.944271,
      "z" : 53.832817
    }
  }, {
    "shape" : "bc309aa5-412c-4572-a040-83e672a88b7b",
    "color" : "#333333",
    "position" : {
      "x" : 29.034441,
      "y" : 35.888542,
      "z" : -46.978714
    },
    "orientation" : 16
  }, {
    "shape" : "bc309aa5-412c-4572-a040-83e672a88b7b",
    "color" : "#FFFFFF",
    "position" : {
      "x" : 51.214783,
      "y" : -13.708204,
      "z" : 11.09017
    },
    "orientation" : 41
  }, {
    "shape" : "ef5ce453-8361-49a1-9118-1f594ffed454",
    "color" : "#0066FF",
    "position" : {
      "x" : -17.944271,
      "y" : 17.944271,
      "z" : 17.944271
    },
    "orientation" : 55
  }, {
    "shape" : "bc309aa5-412c-4572-a040-83e672a88b7b",
    "color" : "#FFFFFF",
    "position" : {
      "x" : 58.068882,
      "y" : 11.09017,
      "z" : 29.034441
    },
    "orientation" : 16
  }, {
    "shape" : "bc309aa5-412c-4572-a040-83e672a88b7b",
    "color" : "#FFFFFF",
    "position" : {
      "x" : 29.034441,
      "y" : 0.0,
      "z" : 11.09017
    },
    "orientation" : 22
  }, {
    "shape" : "bc309aa5-412c-4572-a040-83e672a88b7b",
    "color" : "#333333",
    "position" : {
      "x" : -6.854102,
      "y" : 0.0,
      "z" : 11.09017
    },
    "orientation" : 38
  }, {
    "shape" : "ef5ce453-8361-49a1-9118-1f594ffed454",
    "color" : "#0066FF",
    "position" : {
      "x" : 51.214783,
      "y" : 22.18034,
      "z" : 46.978714
    },
    "orientation" : 23
  }, {
    "shape" : "bc309aa5-412c-4572-a040-83e672a88b7b",
    "color" : "#333333",
    "position" : {
      "x" : 0.0,
      "y" : 46.978714,
      "z" : 29.034441
    },
    "orientation" : 38
  }, {
    "shape" : "ef5ce453-8361-49a1-9118-1f594ffed454",
    "color" : "#D62323",
    "position" : {
      "x" : 51.214783,
      "y" : 22.18034,
      "z" : 24.798374
    },
    "orientation" : 10
  }, {
    "shape" : "bdaaf45b-cb43-4d1d-9dfe-3c2818a58445",
    "color" : "#FFFFFF",
    "position" : {
      "x" : 6.854102,
      "y" : 44.36068,
      "z" : -46.978714
    }
  }, {
    "shape" : "bdaaf45b-cb43-4d1d-9dfe-3c2818a58445",
    "color" : "#FFFFFF",
    "position" : {
      "x" : -6.854102,
      "y" : 80.24922,
      "z" : 24.798374
    }
  }, {
    "shape" : "ef5ce453-8361-49a1-9118-1f594ffed454",
    "color" : "#D62323",
    "position" : {
      "x" : 53.832817,
      "y" : 17.944271,
      "z" : -17.944271
    },
    "orientation" : 8
  }, {
    "shape" : "bc309aa5-412c-4572-a040-83e672a88b7b",
    "color" : "#333333",
    "position" : {
      "x" : 58.068882,
      "y" : 46.978714,
      "z" : -29.034441
    },
    "orientation" : 11
  }, {
    "shape" : "bc309aa5-412c-4572-a040-83e672a88b7b",
    "color" : "#FFFFFF",
    "position" : {
      "x" : 69.15905,
      "y" : 29.034441,
      "z" : 0.0
    },
    "orientation" : 55
  }, {
    "shape" : "bc309aa5-412c-4572-a040-83e672a88b7b",
    "color" : "#333333",
    "position" : {
      "x" : -11.09017,
      "y" : 51.214783,
      "z" : 35.888542
    },
    "orientation" : 53
  }, {
    "shape" : "ef5ce453-8361-49a1-9118-1f594ffed454",
    "color" : "#D62323",
    "position" : {
      "x" : 40.12461,
      "y" : 76.01315,
      "z" : -4.236068
    },
    "orientation" : 55
  }, {
    "shape" : "bc309aa5-412c-4572-a040-83e672a88b7b",
    "color" : "#FFFFFF",
    "position" : {
      "x" : 29.034441,
      "y" : 80.24922,
      "z" : -33.27051
    },
    "orientation" : 26
  }, {
    "shape" : "bc309aa5-412c-4572-a040-83e672a88b7b",
    "color" : "#FFFFFF",
    "position" : {
      "x" : 6.854102,
      "y" : 22.18034,
      "z" : 46.978714
    },
    "orientation" : 36
  }, {
    "shape" : "bdaaf45b-cb43-4d1d-9dfe-3c2818a58445",
    "color" : "#FFFFFF",
    "position" : {
      "x" : 17.944271,
      "y" : 98.1935,
      "z" : 17.944271
    }
  }, {
    "shape" : "bc309aa5-412c-4572-a040-83e672a88b7b",
    "color" : "#333333",
    "position" : {
      "x" : 29.034441,
      "y" : 80.24922,
      "z" : 11.09017
    },
    "orientation" : 1
  }, {
    "shape" : "bc309aa5-412c-4572-a040-83e672a88b7b",
    "color" : "#333333",
    "position" : {
      "x" : 0.0,
      "y" : 46.978714,
      "z" : 29.034441
    },
    "orientation" : 2
  }, {
    "shape" : "bdaaf45b-cb43-4d1d-9dfe-3c2818a58445",
    "color" : "#FFFFFF",
    "position" : {
      "x" : 51.214783,
      "y" : 58.068882,
      "z" : 46.978714
    }
  }, {
    "shape" : "bc309aa5-412c-4572-a040-83e672a88b7b",
    "color" : "#333333",
    "position" : {
      "x" : 87.103325,
      "y" : 22.18034,
      "z" : 11.09017
    },
    "orientation" : 1
  }, {
    "shape" : "bc309aa5-412c-4572-a040-83e672a88b7b",
    "color" : "#FFFFFF",
    "position" : {
      "x" : 58.068882,
      "y" : -2.618034,
      "z" : -29.034441
    },
    "orientation" : 53
  }, {
    "shape" : "bc309aa5-412c-4572-a040-83e672a88b7b",
    "color" : "#FFFFFF",
    "position" : {
      "x" : 35.888542,
      "y" : 69.15905,
      "z" : 29.034441
    },
    "orientation" : 37
  }, {
    "shape" : "bc309aa5-412c-4572-a040-83e672a88b7b",
    "color" : "#333333",
    "position" : {
      "x" : 69.15905,
      "y" : 51.214783,
      "z" : -22.18034
    },
    "orientation" : 21
  }, {
    "shape" : "bc309aa5-412c-4572-a040-83e672a88b7b",
    "color" : "#333333",
    "position" : {
      "x" : -6.854102,
      "y" : 58.068882,
      "z" : 11.09017
    },
    "orientation" : 38
  }, {
    "shape" : "bdaaf45b-cb43-4d1d-9dfe-3c2818a58445",
    "color" : "#FFFFFF",
    "position" : {
      "x" : 53.832817,
      "y" : 76.01315,
      "z" : -17.944271
    }
  }, {
    "shape" : "bc309aa5-412c-4572-a040-83e672a88b7b",
    "color" : "#FFFFFF",
    "position" : {
      "x" : 76.01315,
      "y" : 62.30495,
      "z" : 4.236068
    },
    "orientation" : 2
  }, {
    "shape" : "bc309aa5-412c-4572-a040-83e672a88b7b",
    "color" : "#FFFFFF",
    "position" : {
      "x" : 0.0,
      "y" : 11.09017,
      "z" : -29.034441
    },
    "orientation" : 16
  }, {
    "shape" : "bc309aa5-412c-4572-a040-83e672a88b7b",
    "color" : "#FFFFFF",
    "position" : {
      "x" : 76.01315,
      "y" : 17.944271,
      "z" : -17.944271
    },
    "orientation" : 16
  }, {
    "shape" : "bc309aa5-412c-4572-a040-83e672a88b7b",
    "color" : "#333333",
    "position" : {
      "x" : 69.15905,
      "y" : 29.034441,
      "z" : -35.888542
    },
    "orientation" : 16
  }, {
    "shape" : "bc309aa5-412c-4572-a040-83e672a88b7b",
    "color" : "#333333",
    "position" : {
      "x" : 11.09017,
      "y" : 29.034441,
      "z" : -35.888542
    },
    "orientation" : 22
  }, {
    "shape" : "bc309aa5-412c-4572-a040-83e672a88b7b",
    "color" : "#FFFFFF",
    "position" : {
      "x" : 6.854102,
      "y" : 58.068882,
      "z" : 46.978714
    },
    "orientation" : 11
  }, {
    "shape" : "bdaaf45b-cb43-4d1d-9dfe-3c2818a58445",
    "color" : "#FFFFFF",
    "position" : {
      "x" : 0.0,
      "y" : 11.09017,
      "z" : -6.854102
    }
  }, {
    "shape" : "bdaaf45b-cb43-4d1d-9dfe-3c2818a58445",
    "color" : "#FFFFFF",
    "position" : {
      "x" : 4.236068,
      "y" : 4.236068,
      "z" : 40.12461
    }
  }, {
    "shape" : "bc309aa5-412c-4572-a040-83e672a88b7b",
    "color" : "#FFFFFF",
    "position" : {
      "x" : -17.944271,
      "y" : 40.12461,
      "z" : -4.236068
    },
    "orientation" : 53
  }, {
    "shape" : "bc309aa5-412c-4572-a040-83e672a88b7b",
    "color" : "#333333",
    "position" : {
      "x" : 22.18034,
      "y" : 82.867256,
      "z" : -29.034441
    },
    "orientation" : 38
  }, {
    "shape" : "ef5ce453-8361-49a1-9118-1f594ffed454",
    "color" : "#FFFF00",
    "position" : {
      "x" : 17.944271,
      "y" : -17.944271,
      "z" : -4.236068
    },
    "orientation" : 6
  }, {
    "shape" : "bdaaf45b-cb43-4d1d-9dfe-3c2818a58445",
    "color" : "#FFFFFF",
    "position" : {
      "x" : 11.09017,
      "y" : 73.39512,
      "z" : 0.0
    }
  }, {
    "shape" : "bc309aa5-412c-4572-a040-83e672a88b7b",
    "color" : "#333333",
    "position" : {
      "x" : 76.01315,
      "y" : 40.12461,
      "z" : 40.12461
    },
    "orientation" : 25
  }, {
    "shape" : "ef5ce453-8361-49a1-9118-1f594ffed454",
    "color" : "#0066FF",
    "position" : {
      "x" : 6.854102,
      "y" : 58.068882,
      "z" : 46.978714
    },
    "orientation" : 53
  }, {
    "shape" : "bc309aa5-412c-4572-a040-83e672a88b7b",
    "color" : "#333333",
    "position" : {
      "x" : 46.978714,
      "y" : 51.214783,
      "z" : 35.888542
    },
    "orientation" : 45
  }, {
    "shape" : "bc309aa5-412c-4572-a040-83e672a88b7b",
    "color" : "#333333",
    "position" : {
      "x" : 82.867256,
      "y" : 51.214783,
      "z" : 0.0
    },
    "orientation" : 52
  }, {
    "shape" : "bc309aa5-412c-4572-a040-83e672a88b7b",
    "color" : "#FFFFFF",
    "position" : {
      "x" : -13.708204,
      "y" : 69.15905,
      "z" : -29.034441
    },
    "orientation" : 7
  }, {
    "shape" : "bc309aa5-412c-4572-a040-83e672a88b7b",
    "color" : "#333333",
    "position" : {
      "x" : 11.09017,
      "y" : -6.854102,
      "z" : -35.888542
    },
    "orientation" : 38
  }, {
    "shape" : "bdaaf45b-cb43-4d1d-9dfe-3c2818a58445",
    "color" : "#FFFFFF",
    "position" : {
      "x" : 4.236068,
      "y" : 4.236068,
      "z" : -40.12461
    }
  }, {
    "shape" : "bc309aa5-412c-4572-a040-83e672a88b7b",
    "color" : "#333333",
    "position" : {
      "x" : 58.068882,
      "y" : 33.27051,
      "z" : 42.742645
    },
    "orientation" : 26
  }, {
    "shape" : "bdaaf45b-cb43-4d1d-9dfe-3c2818a58445",
    "color" : "#FFFFFF",
    "position" : {
      "x" : 40.12461,
      "y" : 62.30495,
      "z" : -40.12461
    }
  }, {
    "shape" : "ef5ce453-8361-49a1-9118-1f594ffed454",
    "color" : "#D62323",
    "position" : {
      "x" : 29.034441,
      "y" : 22.18034,
      "z" : 46.978714
    },
    "orientation" : 11
  }, {
    "shape" : "bdaaf45b-cb43-4d1d-9dfe-3c2818a58445",
    "color" : "#FFFFFF",
    "position" : {
      "x" : 4.236068,
      "y" : 4.236068,
      "z" : -17.944271
    }
  }, {
    "shape" : "bc309aa5-412c-4572-a040-83e672a88b7b",
    "color" : "#333333",
    "position" : {
      "x" : 76.01315,
      "y" : 62.30495,
      "z" : -17.944271
    },
    "orientation" : 1
  }, {
    "shape" : "ef5ce453-8361-49a1-9118-1f594ffed454",
    "color" : "#FFFF00",
    "position" : {
      "x" : 6.854102,
      "y" : 93.95743,
      "z" : -11.09017
    },
    "orientation" : 24
  }, {
    "shape" : "bc309aa5-412c-4572-a040-83e672a88b7b",
    "color" : "#333333",
    "position" : {
      "x" : 64.92299,
      "y" : 22.18034,
      "z" : 11.09017
    },
    "orientation" : 26
  }, {
    "shape" : "bc309aa5-412c-4572-a040-83e672a88b7b",
    "color" : "#333333",
    "position" : {
      "x" : -6.854102,
      "y" : 80.24922,
      "z" : 24.798374
    },
    "orientation" : 26
  }, {
    "shape" : "bc309aa5-412c-4572-a040-83e672a88b7b",
    "color" : "#333333",
    "position" : {
      "x" : 29.034441,
      "y" : 0.0,
      "z" : -33.27051
    },
    "orientation" : 23
  }, {
    "shape" : "bc309aa5-412c-4572-a040-83e672a88b7b",
    "color" : "#FFFFFF",
    "position" : {
      "x" : 58.068882,
      "y" : 11.09017,
      "z" : -6.854102
    },
    "orientation" : 36
  }, {
    "shape" : "bc309aa5-412c-4572-a040-83e672a88b7b",
    "color" : "#333333",
    "position" : {
      "x" : 6.854102,
      "y" : 80.24922,
      "z" : -11.09017
    },
    "orientation" : 8
  }, {
    "shape" : "bc309aa5-412c-4572-a040-83e672a88b7b",
    "color" : "#FFFFFF",
    "position" : {
      "x" : 0.0,
      "y" : 11.09017,
      "z" : -6.854102
    },
    "orientation" : 52
  }, {
    "shape" : "bc309aa5-412c-4572-a040-83e672a88b7b",
    "color" : "#FFFFFF",
    "position" : {
      "x" : 76.01315,
      "y" : 62.30495,
      "z" : -17.944271
    },
    "orientation" : 8
  }, {
    "shape" : "bc309aa5-412c-4572-a040-83e672a88b7b",
    "color" : "#FFFFFF",
    "position" : {
      "x" : 46.978714,
      "y" : 87.103325,
      "z" : 0.0
    },
    "orientation" : 54
  }, {
    "shape" : "bc309aa5-412c-4572-a040-83e672a88b7b",
    "color" : "#FFFFFF",
    "position" : {
      "x" : 22.18034,
      "y" : 11.09017,
      "z" : 29.034441
    },
    "orientation" : 7
  }, {
    "shape" : "ef5ce453-8361-49a1-9118-1f594ffed454",
    "color" : "#0066FF",
    "position" : {
      "x" : 64.92299,
      "y" : 58.068882,
      "z" : 24.798374
    },
    "orientation" : 54
  }, {
    "shape" : "bc309aa5-412c-4572-a040-83e672a88b7b",
    "color" : "#FFFFFF",
    "position" : {
      "x" : 46.978714,
      "y" : -6.854102,
      "z" : 22.18034
    },
    "orientation" : 25
  }, {
    "shape" : "bdaaf45b-cb43-4d1d-9dfe-3c2818a58445",
    "color" : "#FFFFFF",
    "position" : {
      "x" : 76.01315,
      "y" : 17.944271,
      "z" : -4.236068
    }
  }, {
    "shape" : "bc309aa5-412c-4572-a040-83e672a88b7b",
    "color" : "#FFFFFF",
    "position" : {
      "x" : 0.0,
      "y" : 11.09017,
      "z" : 6.854102
    },
    "orientation" : 45
  }, {
    "shape" : "bdaaf45b-cb43-4d1d-9dfe-3c2818a58445",
    "color" : "#FFFFFF",
    "position" : {
      "x" : -6.854102,
      "y" : 80.24922,
      "z" : -24.798374
    }
  }, {
    "shape" : "ef5ce453-8361-49a1-9118-1f594ffed454",
    "color" : "#FFFF00",
    "position" : {
      "x" : 4.236068,
      "y" : 76.01315,
      "z" : -40.12461
    },
    "orientation" : 8
  }, {
    "shape" : "bc309aa5-412c-4572-a040-83e672a88b7b",
    "color" : "#333333",
    "position" : {
      "x" : 64.92299,
      "y" : 58.068882,
      "z" : 11.09017
    },
    "orientation" : 16
  }, {
    "shape" : "bdaaf45b-cb43-4d1d-9dfe-3c2818a58445",
    "color" : "#FFFFFF",
    "position" : {
      "x" : 64.92299,
      "y" : 0.0,
      "z" : 11.09017
    }
  }, {
    "shape" : "bdaaf45b-cb43-4d1d-9dfe-3c2818a58445",
    "color" : "#FFFFFF",
    "position" : {
      "x" : 51.214783,
      "y" : 44.36068,
      "z" : -46.978714
