{
  "polygons" : "true",
  "field" : "golden",
  "symmetry" : "icosahedral",
  "orientations" : [ [ 1.0, 0.0, 0.0, 0.0, 0.0, 1.0, 0.0, 0.0, 0.0, 0.0, 1.0, 0.0, 0.0, 0.0, 0.0, 1.0 ], [ 0.0, 0.0, 1.0, 0.0, 1.0, 0.0, 0.0, 0.0, 0.0, 1.0, 0.0, 0.0, 0.0, 0.0, 0.0, 1.0 ], [ 0.0, 1.0, 0.0, 0.0, 0.0, 0.0, 1.0, 0.0, 1.0, 0.0, 0.0, 0.0, 0.0, 0.0, 0.0, 1.0 ], [ 0.809017, 0.309017, 0.5, 0.0, 0.309017, 0.5, -0.809017, 0.0, -0.5, 0.809017, 0.309017, 0.0, 0.0, 0.0, 0.0, 1.0 ], [ -0.5, 0.809017, 0.309017, 0.0, 0.809017, 0.309017, 0.5, 0.0, 0.309017, 0.5, -0.809017, 0.0, 0.0, 0.0, 0.0, 1.0 ], [ 0.309017, 0.5, -0.809017, 0.0, -0.5, 0.809017, 0.309017, 0.0, 0.809017, 0.309017, 0.5, 0.0, 0.0, 0.0, 0.0, 1.0 ], [ 0.5, 0.809017, 0.309017, 0.0, 0.809017, -0.309017, -0.5, 0.0, -0.309017, 0.5, -0.809017, 0.0, 0.0, 0.0, 0.0, 1.0 ], [ -0.309017, 0.5, -0.809017, 0.0, 0.5, 0.809017, 0.309017, 0.0, 0.809017, -0.309017, -0.5, 0.0, 0.0, 0.0, 0.0, 1.0 ], [ 0.809017, -0.309017, -0.5, 0.0, -0.309017, 0.5, -0.809017, 0.0, 0.5, 0.809017, 0.309017, 0.0, 0.0, 0.0, 0.0, 1.0 ], [ 0.5, 0.809017, -0.309017, 0.0, 0.809017, -0.309017, 0.5, 0.0, 0.309017, -0.5, -0.809017, 0.0, 0.0, 0.0, 0.0, 1.0 ], [ 0.309017, -0.5, -0.809017, 0.0, 0.5, 0.809017, -0.309017, 0.0, 0.809017, -0.309017, 0.5, 0.0, 0.0, 0.0, 0.0, 1.0 ], [ 0.809017, -0.309017, 0.5, 0.0, 0.309017, -0.5, -0.809017, 0.0, 0.5, 0.809017, -0.309017, 0.0, 0.0, 0.0, 0.0, 1.0 ], [ 0.809017, 0.309017, -0.5, 0.0, 0.309017, 0.5, 0.809017, 0.0, 0.5, -0.809017, 0.309017, 0.0, 0.0, 0.0, 0.0, 1.0 ], [ 0.5, -0.809017, 0.309017, 0.0, 0.809017, 0.309017, -0.5, 0.0, 0.309017, 0.5, 0.809017, 0.0, 0.0, 0.0, 0.0, 1.0 ], [ 0.309017, 0.5, 0.809017, 0.0, 0.5, -0.809017, 0.309017, 0.0, 0.809017, 0.309017, -0.5, 0.0, 0.0, 0.0, 0.0, 1.0 ], [ 1.0, 0.0, 0.0, 0.0, 0.0, -1.0, 0.0, 0.0, 0.0, 0.0, -1.0, 0.0, 0.0, 0.0, 0.0, 1.0 ], [ 0.0, 0.0, 1.0, 0.0, -1.0, 0.0, 0.0, 0.0, 0.0, -1.0, 0.0, 0.0, 0.0, 0.0, 0.0, 1.0 ], [ 0.0, 1.0, 0.0, 0.0, 0.0, 0.0, -1.0, 0.0, -1.0, 0.0, 0.0, 0.0, 0.0, 0.0, 0.0, 1.0 ], [ 0.809017, 0.309017, 0.5, 0.0, -0.309017, -0.5, 0.809017, 0.0, 0.5, -0.809017, -0.309017, 0.0, 0.0, 0.0, 0.0, 1.0 ], [ -0.5, 0.809017, 0.309017, 0.0, -0.809017, -0.309017, -0.5, 0.0, -0.309017, -0.5, 0.809017, 0.0, 0.0, 0.0, 0.0, 1.0 ], [ 0.309017, 0.5, -0.809017, 0.0, 0.5, -0.809017, -0.309017, 0.0, -0.809017, -0.309017, -0.5, 0.0, 0.0, 0.0, 0.0, 1.0 ], [ 0.5, 0.809017, 0.309017, 0.0, -0.809017, 0.309017, 0.5, 0.0, 0.309017, -0.5, 0.809017, 0.0, 0.0, 0.0, 0.0, 1.0 ], [ -0.309017, 0.5, -0.809017, 0.0, -0.5, -0.809017, -0.309017, 0.0, -0.809017, 0.309017, 0.5, 0.0, 0.0, 0.0, 0.0, 1.0 ], [ 0.809017, -0.309017, -0.5, 0.0, 0.309017, -0.5, 0.809017, 0.0, -0.5, -0.809017, -0.309017, 0.0, 0.0, 0.0, 0.0, 1.0 ], [ 0.5, 0.809017, -0.309017, 0.0, -0.809017, 0.309017, -0.5, 0.0, -0.309017, 0.5, 0.809017, 0.0, 0.0, 0.0, 0.0, 1.0 ], [ 0.309017, -0.5, -0.809017, 0.0, -0.5, -0.809017, 0.309017, 0.0, -0.809017, 0.309017, -0.5, 0.0, 0.0, 0.0, 0.0, 1.0 ], [ 0.809017, -0.309017, 0.5, 0.0, -0.309017, 0.5, 0.809017, 0.0, -0.5, -0.809017, 0.309017, 0.0, 0.0, 0.0, 0.0, 1.0 ], [ 0.809017, 0.309017, -0.5, 0.0, -0.309017, -0.5, -0.809017, 0.0, -0.5, 0.809017, -0.309017, 0.0, 0.0, 0.0, 0.0, 1.0 ], [ 0.5, -0.809017, 0.309017, 0.0, -0.809017, -0.309017, 0.5, 0.0, -0.309017, -0.5, -0.809017, 0.0, 0.0, 0.0, 0.0, 1.0 ], [ 0.309017, 0.5, 0.809017, 0.0, -0.5, 0.809017, -0.309017, 0.0, -0.809017, -0.309017, 0.5, 0.0, 0.0, 0.0, 0.0, 1.0 ], [ -1.0, 0.0, 0.0, 0.0, 0.0, -1.0, 0.0, 0.0, 0.0, 0.0, 1.0, 0.0, 0.0, 0.0, 0.0, 1.0 ], [ 0.0, 0.0, -1.0, 0.0, -1.0, 0.0, 0.0, 0.0, 0.0, 1.0, 0.0, 0.0, 0.0, 0.0, 0.0, 1.0 ], [ 0.0, -1.0, 0.0, 0.0, 0.0, 0.0, -1.0, 0.0, 1.0, 0.0, 0.0, 0.0, 0.0, 0.0, 0.0, 1.0 ], [ -0.809017, -0.309017, -0.5, 0.0, -0.309017, -0.5, 0.809017, 0.0, -0.5, 0.809017, 0.309017, 0.0, 0.0, 0.0, 0.0, 1.0 ], [ 0.5, -0.809017, -0.309017, 0.0, -0.809017, -0.309017, -0.5, 0.0, 0.309017, 0.5, -0.809017, 0.0, 0.0, 0.0, 0.0, 1.0 ], [ -0.309017, -0.5, 0.809017, 0.0, 0.5, -0.809017, -0.309017, 0.0, 0.809017, 0.309017, 0.5, 0.0, 0.0, 0.0, 0.0, 1.0 ], [ -0.5, -0.809017, -0.309017, 0.0, -0.809017, 0.309017, 0.5, 0.0, -0.309017, 0.5, -0.809017, 0.0, 0.0, 0.0, 0.0, 1.0 ], [ 0.309017, -0.5, 0.809017, 0.0, -0.5, -0.809017, -0.309017, 0.0, 0.809017, -0.309017, -0.5, 0.0, 0.0, 0.0, 0.0, 1.0 ], [ -0.809017, 0.309017, 0.5, 0.0, 0.309017, -0.5, 0.809017, 0.0, 0.5, 0.809017, 0.309017, 0.0, 0.0, 0.0, 0.0, 1.0 ], [ -0.5, -0.809017, 0.309017, 0.0, -0.809017, 0.309017, -0.5, 0.0, 0.309017, -0.5, -0.809017, 0.0, 0.0, 0.0, 0.0, 1.0 ], [ -0.309017, 0.5, 0.809017, 0.0, -0.5, -0.809017, 0.309017, 0.0, 0.809017, -0.309017, 0.5, 0.0, 0.0, 0.0, 0.0, 1.0 ], [ -0.809017, 0.309017, -0.5, 0.0, -0.309017, 0.5, 0.809017, 0.0, 0.5, 0.809017, -0.309017, 0.0, 0.0, 0.0, 0.0, 1.0 ], [ -0.809017, -0.309017, 0.5, 0.0, -0.309017, -0.5, -0.809017, 0.0, 0.5, -0.809017, 0.309017, 0.0, 0.0, 0.0, 0.0, 1.0 ], [ -0.5, 0.809017, -0.309017, 0.0, -0.809017, -0.309017, 0.5, 0.0, 0.309017, 0.5, 0.809017, 0.0, 0.0, 0.0, 0.0, 1.0 ], [ -0.309017, -0.5, -0.809017, 0.0, -0.5, 0.809017, -0.309017, 0.0, 0.809017, 0.309017, -0.5, 0.0, 0.0, 0.0, 0.0, 1.0 ], [ -1.0, 0.0, 0.0, 0.0, 0.0, 1.0, 0.0, 0.0, 0.0, 0.0, -1.0, 0.0, 0.0, 0.0, 0.0, 1.0 ], [ 0.0, 0.0, -1.0, 0.0, 1.0, 0.0, 0.0, 0.0, 0.0, -1.0, 0.0, 0.0, 0.0, 0.0, 0.0, 1.0 ], [ 0.0, -1.0, 0.0, 0.0, 0.0, 0.0, 1.0, 0.0, -1.0, 0.0, 0.0, 0.0, 0.0, 0.0, 0.0, 1.0 ], [ -0.809017, -0.309017, -0.5, 0.0, 0.309017, 0.5, -0.809017, 0.0, 0.5, -0.809017, -0.309017, 0.0, 0.0, 0.0, 0.0, 1.0 ], [ 0.5, -0.809017, -0.309017, 0.0, 0.809017, 0.309017, 0.5, 0.0, -0.309017, -0.5, 0.809017, 0.0, 0.0, 0.0, 0.0, 1.0 ], [ -0.309017, -0.5, 0.809017, 0.0, -0.5, 0.809017, 0.309017, 0.0, -0.809017, -0.309017, -0.5, 0.0, 0.0, 0.0, 0.0, 1.0 ], [ -0.5, -0.809017, -0.309017, 0.0, 0.809017, -0.309017, -0.5, 0.0, 0.309017, -0.5, 0.809017, 0.0, 0.0, 0.0, 0.0, 1.0 ], [ 0.309017, -0.5, 0.809017, 0.0, 0.5, 0.809017, 0.309017, 0.0, -0.809017, 0.309017, 0.5, 0.0, 0.0, 0.0, 0.0, 1.0 ], [ -0.809017, 0.309017, 0.5, 0.0, -0.309017, 0.5, -0.809017, 0.0, -0.5, -0.809017, -0.309017, 0.0, 0.0, 0.0, 0.0, 1.0 ], [ -0.5, -0.809017, 0.309017, 0.0, 0.809017, -0.309017, 0.5, 0.0, -0.309017, 0.5, 0.809017, 0.0, 0.0, 0.0, 0.0, 1.0 ], [ -0.309017, 0.5, 0.809017, 0.0, 0.5, 0.809017, -0.309017, 0.0, -0.809017, 0.309017, -0.5, 0.0, 0.0, 0.0, 0.0, 1.0 ], [ -0.809017, 0.309017, -0.5, 0.0, 0.309017, -0.5, -0.809017, 0.0, -0.5, -0.809017, 0.309017, 0.0, 0.0, 0.0, 0.0, 1.0 ], [ -0.809017, -0.309017, 0.5, 0.0, 0.309017, 0.5, 0.809017, 0.0, -0.5, 0.809017, -0.309017, 0.0, 0.0, 0.0, 0.0, 1.0 ], [ -0.5, 0.809017, -0.309017, 0.0, 0.809017, 0.309017, -0.5, 0.0, -0.309017, -0.5, -0.809017, 0.0, 0.0, 0.0, 0.0, 1.0 ], [ -0.309017, -0.5, -0.809017, 0.0, 0.5, -0.809017, 0.309017, 0.0, -0.809017, -0.309017, 0.5, 0.0, 0.0, 0.0, 0.0, 1.0 ] ],
  "lights" : {
    "ambientColor" : "#292929",
    "backgroundColor" : "#AFC8DC",
    "directionalLights" : [ {
      "direction" : [ 1.0, -1.0, -1.0 ],
      "color" : "#EBEBE4"
    }, {
      "direction" : [ -1.0, 0.0, 0.0 ],
      "color" : "#E4E4EB"
    }, {
      "direction" : [ 0.0, 0.0, -1.0 ],
      "color" : "#1E1E1E"
    } ]
  },
  "camera" : {
    "perspective" : false,
    "lookDirection" : {
      "x" : -0.809017,
      "y" : -0.309017,
      "z" : 0.5
    },
    "upDirection" : {
      "x" : -0.5257311,
      "y" : 0.0,
      "z" : -0.8506508
    },
    "lookAtPoint" : {
      "x" : 0.0,
      "y" : 0.0,
      "z" : 0.0
    },
    "viewDistance" : 206.20677,
    "nearClipDistance" : 0.5155168,
    "farClipDistance" : 412.41266,
    "fieldOfView" : 0.4426278,
    "stereo" : false,
    "width" : 92.79281,
    "position" : {
      "x" : 166.82478,
      "y" : 63.721397,
      "z" : -103.103386
    }
  },
  "embedding" : [ 1.0, 0.0, 0.0, 0.0, 0.0, 1.0, 0.0, 0.0, 0.0, 0.0, 1.0, 0.0, 0.0, 0.0, 0.0, 1.0 ],
  "shapes" : [ {
    "id" : "fac39c9c-48c5-4d47-a540-75c4bd367c9e",
    "vertices" : [ {
      "x" : 9.472136,
      "y" : 0.309017,
      "z" : 0.19098301
    }, {
      "x" : 9.472136,
      "y" : 0.309017,
      "z" : -0.19098301
    }, {
      "x" : 1.0,
      "y" : 0.309017,
      "z" : -0.19098301
    }, {
      "x" : 1.0,
      "y" : 0.309017,
      "z" : 0.19098301
    }, {
      "x" : 9.472136,
      "y" : -0.309017,
      "z" : 0.19098301
    }, {
      "x" : 1.0,
      "y" : -0.309017,
      "z" : 0.19098301
    }, {
      "x" : 1.0,
      "y" : -0.309017,
      "z" : -0.19098301
    }, {
      "x" : 9.472136,
      "y" : -0.309017,
      "z" : -0.19098301
    }, {
      "x" : 10.472136,
      "y" : 0.0,
      "z" : 0.0
    } ],
    "faces" : [ {
      "vertices" : [ 1, 7, 6, 2 ]
    }, {
      "vertices" : [ 0, 1, 2, 3 ]
    }, {
      "vertices" : [ 4, 5, 6, 7 ]
    }, {
      "vertices" : [ 0, 3, 5, 4 ]
    } ]
  }, {
    "id" : "059e34bf-1b9e-4fb2-bff7-cbcf2913d015",
    "vertices" : [ {
      "x" : 0.309017,
      "y" : -0.809017,
      "z" : 0.618034
    }, {
      "x" : 0.809017,
      "y" : -0.618034,
      "z" : 0.309017
    }, {
      "x" : 0.618034,
      "y" : -0.309017,
      "z" : 0.809017
    }, {
      "x" : 1.0,
      "y" : 0.309017,
      "z" : 0.19098301
    }, {
      "x" : 0.809017,
      "y" : 0.618034,
      "z" : 0.309017
    }, {
      "x" : 0.618034,
      "y" : 0.309017,
      "z" : 0.809017
    }, {
      "x" : 0.809017,
      "y" : 0.0,
      "z" : 0.690983
    }, {
      "x" : 0.19098301,
      "y" : -1.0,
      "z" : 0.309017
    }, {
      "x" : -0.19098301,
      "y" : -1.0,
      "z" : 0.309017
    }, {
      "x" : -0.19098301,
      "y" : -1.0,
      "z" : -0.309017
    }, {
      "x" : 0.19098301,
      "y" : -1.0,
      "z" : -0.309017
    }, {
      "x" : 1.0,
      "y" : -0.309017,
      "z" : -0.19098301
    }, {
      "x" : 0.809017,
      "y" : -0.618034,
      "z" : -0.309017
    }, {
      "x" : 0.618034,
      "y" : -0.309017,
      "z" : -0.809017
    }, {
      "x" : 0.809017,
      "y" : 0.0,
      "z" : -0.690983
    }, {
      "x" : 0.0,
      "y" : 0.690983,
      "z" : -0.809017
    }, {
      "x" : 0.309017,
      "y" : 0.809017,
      "z" : -0.618034
    }, {
      "x" : 0.618034,
      "y" : 0.309017,
      "z" : -0.809017
    }, {
      "x" : 0.309017,
      "y" : 0.19098301,
      "z" : -1.0
    }, {
      "x" : 1.0,
      "y" : 0.309017,
      "z" : -0.19098301
    }, {
      "x" : -0.309017,
      "y" : -0.809017,
      "z" : 0.618034
    }, {
      "x" : 0.0,
      "y" : -0.690983,
      "z" : 0.809017
    }, {
      "x" : 0.809017,
      "y" : 0.618034,
      "z" : -0.309017
    }, {
      "x" : 0.690983,
      "y" : 0.809017,
      "z" : 0.0
    }, {
      "x" : -0.690983,
      "y" : 0.809017,
      "z" : 0.0
    }, {
      "x" : -0.809017,
      "y" : 0.618034,
      "z" : 0.309017
    }, {
      "x" : -0.309017,
      "y" : 0.809017,
      "z" : 0.618034
    }, {
      "x" : -0.19098301,
      "y" : 1.0,
      "z" : 0.309017
    }, {
      "x" : 0.309017,
      "y" : -0.19098301,
      "z" : -1.0
    }, {
      "x" : 0.19098301,
      "y" : 1.0,
      "z" : 0.309017
    }, {
      "x" : 0.309017,
      "y" : 0.809017,
      "z" : 0.618034
    }, {
      "x" : -0.809017,
      "y" : -0.618034,
      "z" : 0.309017
    }, {
      "x" : -0.690983,
      "y" : -0.809017,
      "z" : 0.0
    }, {
      "x" : 0.0,
      "y" : 0.690983,
      "z" : 0.809017
    }, {
      "x" : 0.309017,
      "y" : -0.809017,
      "z" : -0.618034
    }, {
      "x" : 0.0,
      "y" : -0.690983,
      "z" : -0.809017
    }, {
      "x" : -1.0,
      "y" : 0.309017,
      "z" : 0.19098301
    }, {
      "x" : -0.809017,
      "y" : 0.0,
      "z" : 0.690983
    }, {
      "x" : -0.618034,
      "y" : 0.309017,
      "z" : 0.809017
    }, {
      "x" : 1.0,
      "y" : -0.309017,
      "z" : 0.19098301
    }, {
      "x" : -0.309017,
      "y" : -0.809017,
      "z" : -0.618034
    }, {
      "x" : -1.0,
      "y" : 0.309017,
      "z" : -0.19098301
    }, {
      "x" : -1.0,
      "y" : -0.309017,
      "z" : -0.19098301
    }, {
      "x" : -1.0,
      "y" : -0.309017,
      "z" : 0.19098301
    }, {
      "x" : 0.19098301,
      "y" : 1.0,
      "z" : -0.309017
    }, {
      "x" : -0.809017,
      "y" : 0.618034,
      "z" : -0.309017
    }, {
      "x" : -0.19098301,
      "y" : 1.0,
      "z" : -0.309017
    }, {
      "x" : -0.309017,
      "y" : 0.809017,
      "z" : -0.618034
    }, {
      "x" : -0.618034,
      "y" : -0.309017,
      "z" : 0.809017
    }, {
      "x" : 0.309017,
      "y" : 0.19098301,
      "z" : 1.0
    }, {
      "x" : -0.309017,
      "y" : 0.19098301,
      "z" : -1.0
    }, {
      "x" : -0.309017,
      "y" : 0.19098301,
      "z" : 1.0
    }, {
      "x" : -0.309017,
      "y" : -0.19098301,
      "z" : 1.0
    }, {
      "x" : 0.309017,
      "y" : -0.19098301,
      "z" : 1.0
    }, {
      "x" : 0.690983,
      "y" : -0.809017,
      "z" : 0.0
    }, {
      "x" : -0.809017,
      "y" : 0.0,
      "z" : -0.690983
    }, {
      "x" : -0.618034,
      "y" : -0.309017,
      "z" : -0.809017
    }, {
      "x" : -0.309017,
      "y" : -0.19098301,
      "z" : -1.0
    }, {
      "x" : -0.618034,
      "y" : 0.309017,
      "z" : -0.809017
    }, {
      "x" : -0.809017,
      "y" : -0.618034,
      "z" : -0.309017
    } ],
    "faces" : [ {
      "vertices" : [ 9, 40, 35, 34, 10 ]
    }, {
      "vertices" : [ 0, 1, 2 ]
    }, {
      "vertices" : [ 33, 51, 49 ]
    }, {
      "vertices" : [ 25, 36, 37, 38 ]
    }, {
      "vertices" : [ 41, 55, 42 ]
    }, {
      "vertices" : [ 9, 32, 59, 40 ]
    }, {
      "vertices" : [ 20, 21, 52, 48 ]
    }, {
      "vertices" : [ 26, 33, 30, 29, 27 ]
    }, {
      "vertices" : [ 3, 4, 5, 6 ]
    }, {
      "vertices" : [ 27, 29, 44, 46 ]
    }, {
      "vertices" : [ 50, 57, 56, 55, 58 ]
    }, {
      "vertices" : [ 26, 38, 51, 33 ]
    }, {
      "vertices" : [ 45, 47, 58 ]
    }, {
      "vertices" : [ 18, 28, 57, 50 ]
    }, {
      "vertices" : [ 40, 59, 56 ]
    }, {
      "vertices" : [ 31, 48, 37, 43 ]
    }, {
      "vertices" : [ 7, 8, 9, 10 ]
    }, {
      "vertices" : [ 36, 41, 42, 43 ]
    }, {
      "vertices" : [ 24, 46, 47, 45 ]
    }, {
      "vertices" : [ 4, 30, 5 ]
    }, {
      "vertices" : [ 15, 47, 46, 44, 16 ]
    }, {
      "vertices" : [ 15, 50, 58, 47 ]
    }, {
      "vertices" : [ 24, 45, 41, 36, 25 ]
    }, {
      "vertices" : [ 11, 14, 19 ]
    }, {
      "vertices" : [ 3, 6, 39 ]
    }, {
      "vertices" : [ 1, 39, 6, 2 ]
    }, {
      "vertices" : [ 8, 32, 9 ]
    }, {
      "vertices" : [ 11, 12, 13, 14 ]
    }, {
      "vertices" : [ 16, 22, 17 ]
    }, {
      "vertices" : [ 0, 21, 20, 8, 7 ]
    }, {
      "vertices" : [ 12, 34, 13 ]
    }, {
      "vertices" : [ 35, 40, 56, 57 ]
    }, {
      "vertices" : [ 0, 7, 54, 1 ]
    }, {
      "vertices" : [ 15, 16, 17, 18 ]
    }, {
      "vertices" : [ 3, 19, 22, 23, 4 ]
    }, {
      "vertices" : [ 7, 10, 54 ]
    }, {
      "vertices" : [ 41, 45, 58, 55 ]
    }, {
      "vertices" : [ 3, 39, 11, 19 ]
    }, {
      "vertices" : [ 14, 17, 22, 19 ]
    }, {
      "vertices" : [ 0, 2, 53, 21 ]
    }, {
      "vertices" : [ 49, 51, 52, 53 ]
    }, {
      "vertices" : [ 31, 43, 42, 59, 32 ]
    }, {
      "vertices" : [ 15, 18, 50 ]
    }, {
      "vertices" : [ 42, 55, 56, 59 ]
    }, {
      "vertices" : [ 4, 23, 29, 30 ]
    }, {
      "vertices" : [ 25, 38, 26 ]
    }, {
      "vertices" : [ 13, 28, 18, 17, 14 ]
    }, {
      "vertices" : [ 8, 20, 31, 32 ]
    }, {
      "vertices" : [ 23, 44, 29 ]
    }, {
      "vertices" : [ 24, 27, 46 ]
    }, {
      "vertices" : [ 37, 48, 52, 51, 38 ]
    }, {
      "vertices" : [ 20, 48, 31 ]
    }, {
      "vertices" : [ 24, 25, 26, 27 ]
    }, {
      "vertices" : [ 16, 44, 23, 22 ]
    }, {
      "vertices" : [ 13, 34, 35, 28 ]
    }, {
      "vertices" : [ 10, 34, 12, 54 ]
    }, {
      "vertices" : [ 2, 6, 5, 49, 53 ]
    }, {
      "vertices" : [ 36, 43, 37 ]
    }, {
      "vertices" : [ 5, 30, 33, 49 ]
    }, {
      "vertices" : [ 1, 54, 12, 11, 39 ]
    }, {
      "vertices" : [ 28, 35, 57 ]
    }, {
      "vertices" : [ 21, 53, 52 ]
    } ]
  }, {
    "id" : "632a444d-dbdf-4f3f-a714-19c5902fbbf2",
    "vertices" : [ {
      "x" : 5.472136,
      "y" : 0.309017,
      "z" : 0.19098301
    }, {
      "x" : 5.472136,
      "y" : 0.309017,
      "z" : -0.19098301
    }, {
      "x" : 1.0,
      "y" : 0.309017,
      "z" : -0.19098301
    }, {
      "x" : 1.0,
      "y" : 0.309017,
      "z" : 0.19098301
    }, {
      "x" : 5.472136,
      "y" : -0.309017,
      "z" : 0.19098301
    }, {
      "x" : 1.0,
      "y" : -0.309017,
      "z" : 0.19098301
    }, {
      "x" : 1.0,
      "y" : -0.309017,
      "z" : -0.19098301
    }, {
      "x" : 5.472136,
      "y" : -0.309017,
      "z" : -0.19098301
    }, {
      "x" : 6.472136,
      "y" : 0.0,
      "z" : 0.0
    } ],
    "faces" : [ {
      "vertices" : [ 1, 7, 6, 2 ]
    }, {
      "vertices" : [ 0, 1, 2, 3 ]
    }, {
      "vertices" : [ 4, 5, 6, 7 ]
    }, {
      "vertices" : [ 0, 3, 5, 4 ]
    } ]
  }, {
    "id" : "2e7520ba-0171-4ad4-addb-bc3bc96d2bc4",
    "vertices" : [ {
      "x" : 11.9946785,
      "y" : 4.3905764,
      "z" : -1.868034
    }, {
      "x" : 13.0172205,
      "y" : 4.427051,
      "z" : -2.0
    }, {
      "x" : 11.9946785,
      "y" : 4.3905764,
      "z" : -1.486068
    }, {
      "x" : 11.803696,
      "y" : 4.6995935,
      "z" : -1.986068
    }, {
      "x" : 11.803696,
      "y" : 4.6995935,
      "z" : -1.604102
    }, {
      "x" : 0.809017,
      "y" : 0.618034,
      "z" : 0.309017
    }, {
      "x" : 1.0,
      "y" : 0.309017,
      "z" : 0.19098301
    }, {
      "x" : 1.9045085,
      "y" : 0.5364745,
      "z" : -0.013932022
    }, {
      "x" : 12.708204,
      "y" : 4.927051,
      "z" : -2.190983
    }, {
      "x" : 12.899187,
      "y" : 4.618034,
      "z" : -2.309017
    }, {
      "x" : 12.899187,
      "y" : 4.618034,
      "z" : -1.690983
    }, {
      "x" : 12.708204,
      "y" : 4.927051,
      "z" : -1.809017
    }, {
      "x" : 1.7135255,
      "y" : 0.8454915,
      "z" : -0.13196601
    }, {
      "x" : 0.690983,
      "y" : 0.809017,
      "z" : 0.0
    }, {
      "x" : 1.9045085,
      "y" : 0.5364745,
      "z" : -0.39589804
    }, {
      "x" : 1.7135255,
      "y" : 0.8454915,
      "z" : -0.51393205
    }, {
      "x" : 0.809017,
      "y" : 0.618034,
      "z" : -0.309017
    }, {
      "x" : 1.0,
      "y" : 0.309017,
      "z" : -0.19098301
    }, {
      "x" : 13.708204,
      "y" : 5.236068,
      "z" : -2.0
    } ],
    "faces" : [ {
      "vertices" : [ 0, 14, 15, 3 ]
    }, {
      "vertices" : [ 3, 15, 12, 4 ]
    }, {
      "vertices" : [ 0, 1, 2 ]
    }, {
      "vertices" : [ 12, 15, 13 ]
    }, {
      "vertices" : [ 0, 9, 1 ]
    }, {
      "vertices" : [ 0, 3, 9 ]
    }, {
      "vertices" : [ 13, 15, 16 ]
    }, {
      "vertices" : [ 6, 17, 14, 7 ]
    }, {
      "vertices" : [ 1, 10, 2 ]
    }, {
      "vertices" : [ 5, 6, 7 ]
    }, {
      "vertices" : [ 3, 8, 9 ]
    }, {
      "vertices" : [ 0, 2, 7, 14 ]
    }, {
      "vertices" : [ 5, 7, 12 ]
    }, {
      "vertices" : [ 2, 4, 12, 7 ]
    }, {
      "vertices" : [ 3, 4, 11, 8 ]
    }, {
      "vertices" : [ 2, 10, 11, 4 ]
    }, {
      "vertices" : [ 5, 12, 13 ]
    }, {
      "vertices" : [ 14, 17, 16, 15 ]
    } ]
  }, {
    "id" : "70d7ce23-f3ce-4cc1-a432-79f356801e26",
    "vertices" : [ {
      "x" : 92.95743,
      "y" : 0.309017,
      "z" : 0.19098301
    }, {
      "x" : 92.95743,
      "y" : 0.309017,
      "z" : -0.19098301
    }, {
      "x" : 1.0,
      "y" : 0.309017,
      "z" : -0.19098301
    }, {
      "x" : 1.0,
      "y" : 0.309017,
      "z" : 0.19098301
    }, {
      "x" : 92.95743,
      "y" : -0.309017,
      "z" : 0.19098301
    }, {
      "x" : 1.0,
      "y" : -0.309017,
      "z" : 0.19098301
    }, {
      "x" : 1.0,
      "y" : -0.309017,
      "z" : -0.19098301
    }, {
      "x" : 92.95743,
      "y" : -0.309017,
      "z" : -0.19098301
    }, {
      "x" : 93.95743,
      "y" : 0.0,
      "z" : 0.0
    } ],
    "faces" : [ {
      "vertices" : [ 1, 7, 6, 2 ]
    }, {
      "vertices" : [ 0, 1, 2, 3 ]
    }, {
      "vertices" : [ 4, 5, 6, 7 ]
    }, {
      "vertices" : [ 0, 3, 5, 4 ]
    } ]
  }, {
    "id" : "2727ca04-228e-4247-bf73-36c4d4f043b6",
    "vertices" : [ {
      "x" : 15.944272,
      "y" : 0.309017,
      "z" : 0.19098301
    }, {
      "x" : 15.944272,
      "y" : 0.309017,
      "z" : -0.19098301
    }, {
      "x" : 1.0,
      "y" : 0.309017,
      "z" : -0.19098301
    }, {
      "x" : 1.0,
      "y" : 0.309017,
      "z" : 0.19098301
    }, {
      "x" : 15.944272,
      "y" : -0.309017,
      "z" : 0.19098301
    }, {
      "x" : 1.0,
      "y" : -0.309017,
      "z" : 0.19098301
    }, {
      "x" : 1.0,
      "y" : -0.309017,
      "z" : -0.19098301
    }, {
      "x" : 15.944272,
      "y" : -0.309017,
      "z" : -0.19098301
    }, {
      "x" : 16.944271,
      "y" : 0.0,
      "z" : 0.0
    } ],
    "faces" : [ {
      "vertices" : [ 1, 7, 6, 2 ]
    }, {
      "vertices" : [ 0, 1, 2, 3 ]
    }, {
      "vertices" : [ 4, 5, 6, 7 ]
    }, {
      "vertices" : [ 0, 3, 5, 4 ]
    } ]
  }, {
    "id" : "6e423688-662f-4b62-9b09-d868ebaa2e1b",
    "vertices" : [ {
      "x" : 0.809017,
      "y" : 0.0,
      "z" : -0.690983
    }, {
      "x" : 1.0,
      "y" : 0.309017,
      "z" : -0.19098301
    }, {
      "x" : 7.663119,
      "y" : 0.309017,
      "z" : -2.736068
    }, {
      "x" : 7.472136,
      "y" : 0.0,
      "z" : -3.236068
    }, {
      "x" : 15.944272,
      "y" : 0.309017,
      "z" : -6.2811527
    }, {
      "x" : 1.0,
      "y" : -0.309017,
      "z" : -0.19098301
    }, {
      "x" : 7.663119,
      "y" : -0.309017,
      "z" : -2.736068
    }, {
      "x" : 9.281153,
      "y" : 0.309017,
      "z" : -3.736068
    }, {
      "x" : 9.472136,
      "y" : 0.0,
      "z" : -3.236068
    }, {
      "x" : 16.944271,
      "y" : 0.0,
      "z" : -6.472136
    }, {
      "x" : 9.281153,
      "y" : -0.309017,
      "z" : -3.736068
    }, {
      "x" : 16.135256,
      "y" : 0.0,
      "z" : -5.7811527
    }, {
      "x" : 15.944272,
      "y" : -0.309017,
      "z" : -6.2811527
    } ],
    "faces" : [ {
      "vertices" : [ 2, 6, 8 ]
    }, {
      "vertices" : [ 4, 12, 10, 7 ]
    }, {
      "vertices" : [ 2, 8, 7 ]
    }, {
      "vertices" : [ 3, 10, 6 ]
    }, {
      "vertices" : [ 3, 7, 10 ]
    }, {
      "vertices" : [ 0, 1, 2, 3 ]
    }, {
      "vertices" : [ 6, 10, 8 ]
    }, {
      "vertices" : [ 8, 10, 12, 11 ]
    }, {
      "vertices" : [ 2, 7, 3 ]
    }, {
      "vertices" : [ 0, 3, 6, 5 ]
    }, {
      "vertices" : [ 1, 5, 6, 2 ]
    }, {
      "vertices" : [ 4, 7, 8, 11 ]
    } ]
  } ],
  "instances" : [ {
    "shape" : "fac39c9c-48c5-4d47-a540-75c4bd367c9e",
    "color" : "#007695",
    "position" : {
      "x" : -20.944271,
      "y" : -4.0,
      "z" : -6.472136
    },
    "orientation" : 39
  }, {
    "shape" : "059e34bf-1b9e-4fb2-bff7-cbcf2913d015",
    "color" : "#FFFFFF",
    "position" : {
      "x" : 31.416409,
      "y" : 10.472136,
      "z" : -10.472136
    }
  }, {
    "shape" : "059e34bf-1b9e-4fb2-bff7-cbcf2913d015",
    "color" : "#FFFFFF",
    "position" : {
      "x" : 20.944271,
      "y" : 4.0,
      "z" : -4.0
    }
  }, {
    "shape" : "059e34bf-1b9e-4fb2-bff7-cbcf2913d015",
    "color" : "#FFFFFF",
    "position" : {
      "x" : 0.0,
      "y" : 10.472136,
      "z" : -20.944271
    }
  }, {
    "shape" : "632a444d-dbdf-4f3f-a714-19c5902fbbf2",
    "color" : "#007695",
    "position" : {
      "x" : -10.472136,
      "y" : -27.416409,
      "z" : 27.416409
    },
    "orientation" : 53
  }, {
    "shape" : "2e7520ba-0171-4ad4-addb-bc3bc96d2bc4",
    "color" : "#008D36",
    "position" : {
      "x" : -20.944271,
      "y" : 6.472136,
      "z" : 4.0
    },
    "orientation" : 6
  }, {
    "shape" : "059e34bf-1b9e-4fb2-bff7-cbcf2913d015",
    "color" : "#FFFFFF",
    "position" : {
      "x" : -15.708204,
      "y" : -29.416409,
      "z" : 24.18034
    }
  }, {
    "shape" : "059e34bf-1b9e-4fb2-bff7-cbcf2913d015",
    "color" : "#FFFFFF",
    "position" : {
      "x" : -20.944271,
      "y" : -4.0,
      "z" : 4.0
    }
  }, {
    "shape" : "fac39c9c-48c5-4d47-a540-75c4bd367c9e",
    "color" : "#007695",
    "position" : {
      "x" : -10.472136,
      "y" : -4.0,
      "z" : 4.0
    },
    "orientation" : 45
  }, {
    "shape" : "059e34bf-1b9e-4fb2-bff7-cbcf2913d015",
    "color" : "#FFFFFF",
    "position" : {
      "x" : 10.472136,
      "y" : -10.472136,
      "z" : -20.944271
    }
  }, {
    "shape" : "059e34bf-1b9e-4fb2-bff7-cbcf2913d015",
    "color" : "#FFFFFF",
    "position" : {
      "x" : -10.472136,
      "y" : -6.472136,
      "z" : 27.416409
    }
  }, {
    "shape" : "70d7ce23-f3ce-4cc1-a432-79f356801e26",
    "color" : "#007695",
    "position" : {
      "x" : 0.0,
      "y" : 0.0,
      "z" : 0.0
    },
    "orientation" : 41
  }, {
    "shape" : "2727ca04-228e-4247-bf73-36c4d4f043b6",
    "color" : "#007695",
    "position" : {
      "x" : -5.236068,
      "y" : -2.0,
      "z" : 17.708204
    },
    "orientation" : 52
  }, {
    "shape" : "6e423688-662f-4b62-9b09-d868ebaa2e1b",
    "color" : "#F0A000",
    "position" : {
      "x" : -10.472136,
      "y" : -6.472136,
      "z" : 6.472136
    },
    "orientation" : 39
  }, {
    "shape" : "632a444d-dbdf-4f3f-a714-19c5902fbbf2",
    "color" : "#007695",
    "position" : {
      "x" : 10.472136,
      "y" : 27.416409,
      "z" : -27.416409
    },
    "orientation" : 11
  }, {
    "shape" : "fac39c9c-48c5-4d47-a540-75c4bd367c9e",
    "color" : "#007695",
    "position" : {
      "x" : -15.708204,
      "y" : 2.0,
      "z" : 24.18034
    },
    "orientation" : 6
  }, {
    "shape" : "2e7520ba-0171-4ad4-addb-bc3bc96d2bc4",
    "color" : "#008D36",
    "position" : {
      "x" : 10.472136,
      "y" : 6.472136,
      "z" : -6.472136
    },
    "orientation" : 38
  }, {
    "shape" : "632a444d-dbdf-4f3f-a714-19c5902fbbf2",
    "color" : "#007695",
    "position" : {
      "x" : 0.0,
      "y" : -27.416409,
      "z" : 6.472136
    },
    "orientation" : 53
  }, {
    "shape" : "059e34bf-1b9e-4fb2-bff7-cbcf2913d015",
    "color" : "#FFFFFF",
    "position" : {
      "x" : 0.0,
      "y" : 0.0,
      "z" : 0.0
    }
  }, {
    "shape" : "059e34bf-1b9e-4fb2-bff7-cbcf2913d015",
    "color" : "#FFFFFF",
    "position" : {
      "x" : 31.416409,
      "y" : 20.944271,
      "z" : -10.472136
    }
  }, {
    "shape" : "fac39c9c-48c5-4d47-a540-75c4bd367c9e",
    "color" : "#007695",
    "position" : {
      "x" : 10.472136,
      "y" : 4.0,
      "z" : -4.0
    },
    "orientation" : 0
  }, {
    "shape" : "fac39c9c-48c5-4d47-a540-75c4bd367c9e",
    "color" : "#007695",
    "position" : {
      "x" : 5.236068,
      "y" : 2.0,
      "z" : -17.708204
    },
    "orientation" : 16
  }, {
    "shape" : "059e34bf-1b9e-4fb2-bff7-cbcf2913d015",
    "color" : "#FFFFFF",
    "position" : {
      "x" : -31.416409,
      "y" : -10.472136,
      "z" : 10.472136
    }
  }, {
    "shape" : "fac39c9c-48c5-4d47-a540-75c4bd367c9e",
    "color" : "#007695",
    "position" : {
      "x" : 26.18034,
      "y" : 2.0,
      "z" : 3.236068
    },
    "orientation" : 1
  }, {
    "shape" : "70d7ce23-f3ce-4cc1-a432-79f356801e26",
    "color" : "#007695",
    "position" : {
      "x" : 0.0,
      "y" : 0.0,
      "z" : 0.0
    },
    "orientation" : 25
  }, {
    "shape" : "059e34bf-1b9e-4fb2-bff7-cbcf2913d015",
    "color" : "#FFFFFF",
    "position" : {
      "x" : -15.708204,
      "y" : 2.0,
      "z" : 3.236068
    }
  }, {
    "shape" : "059e34bf-1b9e-4fb2-bff7-cbcf2913d015",
    "color" : "#FFFFFF",
    "position" : {
      "x" : -10.472136,
      "y" : 10.472136,
      "z" : 20.944271
    }
  }, {
    "shape" : "059e34bf-1b9e-4fb2-bff7-cbcf2913d015",
    "color" : "#FFFFFF",
    "position" : {
      "x" : 0.0,
      "y" : 4.0,
      "z" : 6.472136
    }
  }, {
    "shape" : "2727ca04-228e-4247-bf73-36c4d4f043b6",
    "color" : "#007695",
    "position" : {
      "x" : 5.236068,
      "y" : -12.472136,
      "z" : -3.236068
    },
    "orientation" : 40
  }, {
    "shape" : "fac39c9c-48c5-4d47-a540-75c4bd367c9e",
    "color" : "#007695",
    "position" : {
      "x" : 0.0,
      "y" : -4.0,
      "z" : -16.944271
    },
    "orientation" : 45
  }, {
    "shape" : "fac39c9c-48c5-4d47-a540-75c4bd367c9e",
    "color" : "#007695",
    "position" : {
      "x" : 31.416409,
      "y" : 10.472136,
      "z" : -20.944271
    },
    "orientation" : 39
  }, {
    "shape" : "fac39c9c-48c5-4d47-a540-75c4bd367c9e",
    "color" : "#007695",
    "position" : {
      "x" : 31.416409,
      "y" : 10.472136,
      "z" : -20.944271
    },
    "orientation" : 2
  }, {
    "shape" : "059e34bf-1b9e-4fb2-bff7-cbcf2913d015",
    "color" : "#FFFFFF",
    "position" : {
      "x" : 26.18034,
      "y" : 8.472136,
      "z" : -24.18034
    }
  }, {
    "shape" : "059e34bf-1b9e-4fb2-bff7-cbcf2913d015",
    "color" : "#FFFFFF",
    "position" : {
      "x" : 20.944271,
      "y" : 27.416409,
      "z" : -16.944271
    }
  }, {
    "shape" : "2727ca04-228e-4247-bf73-36c4d4f043b6",
    "color" : "#007695",
    "position" : {
      "x" : -15.708204,
      "y" : 8.472136,
      "z" : 17.708204
    },
    "orientation" : 52
  }, {
    "shape" : "fac39c9c-48c5-4d47-a540-75c4bd367c9e",
    "color" : "#007695",
    "position" : {
      "x" : 0.0,
      "y" : 4.0,
      "z" : 16.944271
    },
    "orientation" : 54
  }, {
    "shape" : "6e423688-662f-4b62-9b09-d868ebaa2e1b",
    "color" : "#F0A000",
    "position" : {
      "x" : 0.0,
      "y" : 20.944271,
      "z" : 10.472136
    },
    "orientation" : 39
  }, {
    "shape" : "059e34bf-1b9e-4fb2-bff7-cbcf2913d015",
    "color" : "#FFFFFF",
    "position" : {
      "x" : -10.472136,
      "y" : -27.416409,
      "z" : 6.472136
    }
  }, {
    "shape" : "059e34bf-1b9e-4fb2-bff7-cbcf2913d015",
    "color" : "#FFFFFF",
    "position" : {
      "x" : 10.472136,
      "y" : -16.944271,
      "z" : 16.944271
    }
  }, {
    "shape" : "fac39c9c-48c5-4d47-a540-75c4bd367c9e",
    "color" : "#007695",
    "position" : {
      "x" : 5.236068,
      "y" : 29.416409,
      "z" : -13.708204
    },
    "orientation" : 2
  }, {
    "shape" : "fac39c9c-48c5-4d47-a540-75c4bd367c9e",
    "color" : "#007695",
    "position" : {
      "x" : 0.0,
      "y" : 20.944271,
      "z" : 10.472136
    },
    "orientation" : 39
  }, {
    "shape" : "2e7520ba-0171-4ad4-addb-bc3bc96d2bc4",
    "color" : "#008D36",
    "position" : {
      "x" : 10.472136,
      "y" : 27.416409,
      "z" : -27.416409
    },
    "orientation" : 38
  }, {
    "shape" : "fac39c9c-48c5-4d47-a540-75c4bd367c9e",
    "color" : "#007695",
    "position" : {
      "x" : -5.236068,
      "y" : -2.0,
      "z" : 17.708204
    },
    "orientation" : 21
  }, {
    "shape" : "70d7ce23-f3ce-4cc1-a432-79f356801e26",
    "color" : "#007695",
    "position" : {
      "x" : 0.0,
      "y" : 0.0,
      "z" : 0.0
    },
    "orientation" : 23
  }, {
    "shape" : "059e34bf-1b9e-4fb2-bff7-cbcf2913d015",
    "color" : "#FFFFFF",
    "position" : {
      "x" : 20.944271,
      "y" : 27.416409,
      "z" : -27.416409
    }
  }, {
    "shape" : "fac39c9c-48c5-4d47-a540-75c4bd367c9e",
    "color" : "#007695",
    "position" : {
      "x" : 5.236068,
      "y" : 2.0,
      "z" : -17.708204
    },
    "orientation" : 54
  }, {
    "shape" : "fac39c9c-48c5-4d47-a540-75c4bd367c9e",
    "color" : "#007695",
    "position" : {
      "x" : 0.0,
      "y" : -16.944271,
      "z" : -4.0
    },
    "orientation" : 0
  }, {
    "shape" : "fac39c9c-48c5-4d47-a540-75c4bd367c9e",
    "color" : "#007695",
    "position" : {
      "x" : 31.416409,
      "y" : 20.944271,
      "z" : -10.472136
    },
    "orientation" : 54
  }, {
    "shape" : "6e423688-662f-4b62-9b09-d868ebaa2e1b",
    "color" : "#F0A000",
    "position" : {
      "x" : 15.708204,
      "y" : -2.0,
      "z" : -24.18034
    },
    "orientation" : 39
  }, {
    "shape" : "6e423688-662f-4b62-9b09-d868ebaa2e1b",
    "color" : "#F0A000",
    "position" : {
      "x" : 0.0,
      "y" : -16.944271,
      "z" : -4.0
    },
    "orientation" : 39
  }, {
    "shape" : "6e423688-662f-4b62-9b09-d868ebaa2e1b",
    "color" : "#F0A000",
    "position" : {
      "x" : 0.0,
      "y" : 6.472136,
      "z" : -27.416409
    },
    "orientation" : 39
  }, {
    "shape" : "fac39c9c-48c5-4d47-a540-75c4bd367c9e",
    "color" : "#007695",
    "position" : {
      "x" : -26.18034,
      "y" : -29.416409,
      "z" : 24.18034
    },
    "orientation" : 54
  }, {
    "shape" : "059e34bf-1b9e-4fb2-bff7-cbcf2913d015",
    "color" : "#FFFFFF",
    "position" : {
      "x" : -26.18034,
      "y" : -8.472136,
      "z" : 24.18034
    }
  }, {
    "shape" : "2e7520ba-0171-4ad4-addb-bc3bc96d2bc4",
    "color" : "#008D36",
    "position" : {
      "x" : 15.708204,
      "y" : 29.416409,
      "z" : -3.236068
    },
    "orientation" : 23
  }, {
    "shape" : "059e34bf-1b9e-4fb2-bff7-cbcf2913d015",
    "color" : "#FFFFFF",
    "position" : {
      "x" : -10.472136,
      "y" : -4.0,
      "z" : 4.0
    }
  }, {
    "shape" : "059e34bf-1b9e-4fb2-bff7-cbcf2913d015",
    "color" : "#FFFFFF",
    "position" : {
      "x" : 5.236068,
      "y" : 29.416409,
      "z" : -3.236068
    }
  }, {
    "shape" : "059e34bf-1b9e-4fb2-bff7-cbcf2913d015",
    "color" : "#FFFFFF",
    "position" : {
      "x" : 5.236068,
      "y" : 29.416409,
      "z" : -13.708204
    }
  }, {
    "shape" : "059e34bf-1b9e-4fb2-bff7-cbcf2913d015",
    "color" : "#FFFFFF",
    "position" : {
      "x" : 0.0,
      "y" : 27.416409,
      "z" : -6.472136
    }
  }, {
    "shape" : "2727ca04-228e-4247-bf73-36c4d4f043b6",
    "color" : "#007695",
    "position" : {
      "x" : 0.0,
      "y" : -20.944271,
      "z" : -10.472136
    },
    "orientation" : 40
  }, {
    "shape" : "6e423688-662f-4b62-9b09-d868ebaa2e1b",
    "color" : "#F0A000",
    "position" : {
      "x" : 0.0,
      "y" : -20.944271,
      "z" : -10.472136
    },
    "orientation" : 3
  }, {
    "shape" : "059e34bf-1b9e-4fb2-bff7-cbcf2913d015",
    "color" : "#FFFFFF",
    "position" : {
      "x" : 0.0,
      "y" : -6.472136,
      "z" : 27.416409
    }
  }, {
    "shape" : "fac39c9c-48c5-4d47-a540-75c4bd367c9e",
    "color" : "#007695",
    "position" : {
      "x" : 10.472136,
      "y" : -16.944271,
      "z" : 16.944271
    },
    "orientation" : 6
  }, {
    "shape" : "059e34bf-1b9e-4fb2-bff7-cbcf2913d015",
    "color" : "#FFFFFF",
    "position" : {
      "x" : -20.944271,
      "y" : -4.0,
      "z" : -6.472136
    }
  }, {
    "shape" : "632a444d-dbdf-4f3f-a714-19c5902fbbf2",
    "color" : "#007695",
    "position" : {
      "x" : -15.708204,
      "y" : 8.472136,
      "z" : 17.708204
    },
    "orientation" : 11
  }, {
    "shape" : "2727ca04-228e-4247-bf73-36c4d4f043b6",
    "color" : "#007695",
    "position" : {
      "x" : 10.472136,
      "y" : -10.472136,
      "z" : 10.472136
    },
    "orientation" : 52
  }, {
    "shape" : "fac39c9c-48c5-4d47-a540-75c4bd367c9e",
    "color" : "#007695",
    "position" : {
      "x" : -26.18034,
      "y" : -29.416409,
      "z" : 24.18034
    },
    "orientation" : 0
  }, {
    "shape" : "059e34bf-1b9e-4fb2-bff7-cbcf2913d015",
    "color" : "#FFFFFF",
    "position" : {
      "x" : -15.708204,
      "y" : -12.472136,
      "z" : 17.708204
    }
  }, {
    "shape" : "2727ca04-228e-4247-bf73-36c4d4f043b6",
    "color" : "#007695",
    "position" : {
      "x" : 5.236068,
      "y" : 2.0,
      "z" : -17.708204
    },
    "orientation" : 40
  }, {
    "shape" : "059e34bf-1b9e-4fb2-bff7-cbcf2913d015",
    "color" : "#FFFFFF",
    "position" : {
      "x" : -5.236068,
      "y" : 8.472136,
      "z" : 17.708204
    }
  }, {
    "shape" : "059e34bf-1b9e-4fb2-bff7-cbcf2913d015",
    "color" : "#FFFFFF",
    "position" : {
      "x" : -31.416409,
      "y" : -20.944271,
      "z" : 10.472136
    }
  }, {
    "shape" : "2e7520ba-0171-4ad4-addb-bc3bc96d2bc4",
    "color" : "#008D36",
    "position" : {
      "x" : -20.944271,
      "y" : -4.0,
      "z" : -6.472136
    },
    "orientation" : 23
  }, {
    "shape" : "059e34bf-1b9e-4fb2-bff7-cbcf2913d015",
    "color" : "#FFFFFF",
    "position" : {
      "x" : 15.708204,
      "y" : -8.472136,
      "z" : 13.708204
    }
  }, {
    "shape" : "fac39c9c-48c5-4d47-a540-75c4bd367c9e",
    "color" : "#007695",
    "position" : {
      "x" : -15.708204,
      "y" : -29.416409,
      "z" : 3.236068
    },
    "orientation" : 0
  }, {
    "shape" : "fac39c9c-48c5-4d47-a540-75c4bd367c9e",
    "color" : "#007695",
    "position" : {
      "x" : 0.0,
      "y" : -10.472136,
      "z" : -20.944271
    },
    "orientation" : 0
  }, {
    "shape" : "059e34bf-1b9e-4fb2-bff7-cbcf2913d015",
    "color" : "#FFFFFF",
    "position" : {
      "x" : -10.472136,
      "y" : -4.0,
      "z" : -16.944271
    }
  }, {
    "shape" : "059e34bf-1b9e-4fb2-bff7-cbcf2913d015",
    "color" : "#FFFFFF",
    "position" : {
      "x" : -10.472136,
      "y" : -20.944271,
      "z" : -10.472136
    }
  }, {
    "shape" : "fac39c9c-48c5-4d47-a540-75c4bd367c9e",
    "color" : "#007695",
    "position" : {
      "x" : -20.944271,
      "y" : -4.0,
      "z" : -6.472136
    },
    "orientation" : 1
  }, {
    "shape" : "fac39c9c-48c5-4d47-a540-75c4bd367c9e",
    "color" : "#007695",
    "position" : {
      "x" : 5.236068,
      "y" : -8.472136,
      "z" : 24.18034
    },
    "orientation" : 39
  }, {
    "shape" : "059e34bf-1b9e-4fb2-bff7-cbcf2913d015",
    "color" : "#FFFFFF",
    "position" : {
      "x" : -15.708204,
      "y" : 2.0,
      "z" : 24.18034
    }
  }, {
    "shape" : "6e423688-662f-4b62-9b09-d868ebaa2e1b",
    "color" : "#F0A000",
    "position" : {
      "x" : 0.0,
      "y" : -4.0,
      "z" : -16.944271
    },
    "orientation" : 3
  }, {
    "shape" : "059e34bf-1b9e-4fb2-bff7-cbcf2913d015",
    "color" : "#FFFFFF",
    "position" : {
      "x" : -10.472136,
      "y" : 16.944271,
      "z" : 4.0
    }
  }, {
    "shape" : "2e7520ba-0171-4ad4-addb-bc3bc96d2bc4",
    "color" : "#008D36",
    "position" : {
      "x" : 15.708204,
      "y" : 12.472136,
      "z" : 13.708204
    },
    "orientation" : 23
  }, {
    "shape" : "6e423688-662f-4b62-9b09-d868ebaa2e1b",
    "color" : "#F0A000",
    "position" : {
      "x" : 0.0,
      "y" : 4.0,
      "z" : 16.944271
    },
    "orientation" : 39
  }, {
    "shape" : "2e7520ba-0171-4ad4-addb-bc3bc96d2bc4",
    "color" : "#008D36",
    "position" : {
      "x" : -15.708204,
      "y" : -29.416409,
      "z" : 3.236068
    },
    "orientation" : 38
  }, {
    "shape" : "059e34bf-1b9e-4fb2-bff7-cbcf2913d015",
    "color" : "#FFFFFF",
    "position" : {
      "x" : 26.18034,
      "y" : 2.0,
      "z" : 3.236068
    }
  }, {
    "shape" : "059e34bf-1b9e-4fb2-bff7-cbcf2913d015",
    "color" : "#FFFFFF",
    "position" : {
      "x" : 76.01315,
      "y" : 29.034441,
      "z" : -46.978714
    }
  }, {
    "shape" : "fac39c9c-48c5-4d47-a540-75c4bd367c9e",
    "color" : "#007695",
    "position" : {
      "x" : -10.472136,
      "y" : -20.944271,
      "z" : 20.944271
    },
    "orientation" : 39
  }, {
    "shape" : "2727ca04-228e-4247-bf73-36c4d4f043b6",
    "color" : "#007695",
    "position" : {
      "x" : -20.944271,
      "y" : 6.472136,
      "z" : 4.0
    },
    "orientation" : 40
  }, {
    "shape" : "fac39c9c-48c5-4d47-a540-75c4bd367c9e",
    "color" : "#007695",
    "position" : {
      "x" : 20.944271,
      "y" : 16.944271,
      "z" : -27.416409
    },
    "orientation" : 2
  }, {
    "shape" : "2727ca04-228e-4247-bf73-36c4d4f043b6",
    "color" : "#007695",
    "position" : {
      "x" : 20.944271,
      "y" : -6.472136,
      "z" : -4.0
    },
    "orientation" : 52
  }, {
    "shape" : "2727ca04-228e-4247-bf73-36c4d4f043b6",
    "color" : "#007695",
    "position" : {
      "x" : -10.472136,
