{
  "field" : "golden",
  "symmetry" : "icosahedral",
  "orientations" : [ [ 1.0, 0.0, 0.0, 0.0, 0.0, 1.0, 0.0, 0.0, 0.0, 0.0, 1.0, 0.0, 0.0, 0.0, 0.0, 1.0 ], [ 0.0, 0.0, 1.0, 0.0, 1.0, 0.0, 0.0, 0.0, 0.0, 1.0, 0.0, 0.0, 0.0, 0.0, 0.0, 1.0 ], [ 0.0, 1.0, 0.0, 0.0, 0.0, 0.0, 1.0, 0.0, 1.0, 0.0, 0.0, 0.0, 0.0, 0.0, 0.0, 1.0 ], [ 0.809017, 0.309017, 0.5, 0.0, 0.309017, 0.5, -0.809017, 0.0, -0.5, 0.809017, 0.309017, 0.0, 0.0, 0.0, 0.0, 1.0 ], [ -0.5, 0.809017, 0.309017, 0.0, 0.809017, 0.309017, 0.5, 0.0, 0.309017, 0.5, -0.809017, 0.0, 0.0, 0.0, 0.0, 1.0 ], [ 0.309017, 0.5, -0.809017, 0.0, -0.5, 0.809017, 0.309017, 0.0, 0.809017, 0.309017, 0.5, 0.0, 0.0, 0.0, 0.0, 1.0 ], [ 0.5, 0.809017, 0.309017, 0.0, 0.809017, -0.309017, -0.5, 0.0, -0.309017, 0.5, -0.809017, 0.0, 0.0, 0.0, 0.0, 1.0 ], [ -0.309017, 0.5, -0.809017, 0.0, 0.5, 0.809017, 0.309017, 0.0, 0.809017, -0.309017, -0.5, 0.0, 0.0, 0.0, 0.0, 1.0 ], [ 0.809017, -0.309017, -0.5, 0.0, -0.309017, 0.5, -0.809017, 0.0, 0.5, 0.809017, 0.309017, 0.0, 0.0, 0.0, 0.0, 1.0 ], [ 0.5, 0.809017, -0.309017, 0.0, 0.809017, -0.309017, 0.5, 0.0, 0.309017, -0.5, -0.809017, 0.0, 0.0, 0.0, 0.0, 1.0 ], [ 0.309017, -0.5, -0.809017, 0.0, 0.5, 0.809017, -0.309017, 0.0, 0.809017, -0.309017, 0.5, 0.0, 0.0, 0.0, 0.0, 1.0 ], [ 0.809017, -0.309017, 0.5, 0.0, 0.309017, -0.5, -0.809017, 0.0, 0.5, 0.809017, -0.309017, 0.0, 0.0, 0.0, 0.0, 1.0 ], [ 0.809017, 0.309017, -0.5, 0.0, 0.309017, 0.5, 0.809017, 0.0, 0.5, -0.809017, 0.309017, 0.0, 0.0, 0.0, 0.0, 1.0 ], [ 0.5, -0.809017, 0.309017, 0.0, 0.809017, 0.309017, -0.5, 0.0, 0.309017, 0.5, 0.809017, 0.0, 0.0, 0.0, 0.0, 1.0 ], [ 0.309017, 0.5, 0.809017, 0.0, 0.5, -0.809017, 0.309017, 0.0, 0.809017, 0.309017, -0.5, 0.0, 0.0, 0.0, 0.0, 1.0 ], [ 1.0, 0.0, 0.0, 0.0, 0.0, -1.0, 0.0, 0.0, 0.0, 0.0, -1.0, 0.0, 0.0, 0.0, 0.0, 1.0 ], [ 0.0, 0.0, 1.0, 0.0, -1.0, 0.0, 0.0, 0.0, 0.0, -1.0, 0.0, 0.0, 0.0, 0.0, 0.0, 1.0 ], [ 0.0, 1.0, 0.0, 0.0, 0.0, 0.0, -1.0, 0.0, -1.0, 0.0, 0.0, 0.0, 0.0, 0.0, 0.0, 1.0 ], [ 0.809017, 0.309017, 0.5, 0.0, -0.309017, -0.5, 0.809017, 0.0, 0.5, -0.809017, -0.309017, 0.0, 0.0, 0.0, 0.0, 1.0 ], [ -0.5, 0.809017, 0.309017, 0.0, -0.809017, -0.309017, -0.5, 0.0, -0.309017, -0.5, 0.809017, 0.0, 0.0, 0.0, 0.0, 1.0 ], [ 0.309017, 0.5, -0.809017, 0.0, 0.5, -0.809017, -0.309017, 0.0, -0.809017, -0.309017, -0.5, 0.0, 0.0, 0.0, 0.0, 1.0 ], [ 0.5, 0.809017, 0.309017, 0.0, -0.809017, 0.309017, 0.5, 0.0, 0.309017, -0.5, 0.809017, 0.0, 0.0, 0.0, 0.0, 1.0 ], [ -0.309017, 0.5, -0.809017, 0.0, -0.5, -0.809017, -0.309017, 0.0, -0.809017, 0.309017, 0.5, 0.0, 0.0, 0.0, 0.0, 1.0 ], [ 0.809017, -0.309017, -0.5, 0.0, 0.309017, -0.5, 0.809017, 0.0, -0.5, -0.809017, -0.309017, 0.0, 0.0, 0.0, 0.0, 1.0 ], [ 0.5, 0.809017, -0.309017, 0.0, -0.809017, 0.309017, -0.5, 0.0, -0.309017, 0.5, 0.809017, 0.0, 0.0, 0.0, 0.0, 1.0 ], [ 0.309017, -0.5, -0.809017, 0.0, -0.5, -0.809017, 0.309017, 0.0, -0.809017, 0.309017, -0.5, 0.0, 0.0, 0.0, 0.0, 1.0 ], [ 0.809017, -0.309017, 0.5, 0.0, -0.309017, 0.5, 0.809017, 0.0, -0.5, -0.809017, 0.309017, 0.0, 0.0, 0.0, 0.0, 1.0 ], [ 0.809017, 0.309017, -0.5, 0.0, -0.309017, -0.5, -0.809017, 0.0, -0.5, 0.809017, -0.309017, 0.0, 0.0, 0.0, 0.0, 1.0 ], [ 0.5, -0.809017, 0.309017, 0.0, -0.809017, -0.309017, 0.5, 0.0, -0.309017, -0.5, -0.809017, 0.0, 0.0, 0.0, 0.0, 1.0 ], [ 0.309017, 0.5, 0.809017, 0.0, -0.5, 0.809017, -0.309017, 0.0, -0.809017, -0.309017, 0.5, 0.0, 0.0, 0.0, 0.0, 1.0 ], [ -1.0, 0.0, 0.0, 0.0, 0.0, -1.0, 0.0, 0.0, 0.0, 0.0, 1.0, 0.0, 0.0, 0.0, 0.0, 1.0 ], [ 0.0, 0.0, -1.0, 0.0, -1.0, 0.0, 0.0, 0.0, 0.0, 1.0, 0.0, 0.0, 0.0, 0.0, 0.0, 1.0 ], [ 0.0, -1.0, 0.0, 0.0, 0.0, 0.0, -1.0, 0.0, 1.0, 0.0, 0.0, 0.0, 0.0, 0.0, 0.0, 1.0 ], [ -0.809017, -0.309017, -0.5, 0.0, -0.309017, -0.5, 0.809017, 0.0, -0.5, 0.809017, 0.309017, 0.0, 0.0, 0.0, 0.0, 1.0 ], [ 0.5, -0.809017, -0.309017, 0.0, -0.809017, -0.309017, -0.5, 0.0, 0.309017, 0.5, -0.809017, 0.0, 0.0, 0.0, 0.0, 1.0 ], [ -0.309017, -0.5, 0.809017, 0.0, 0.5, -0.809017, -0.309017, 0.0, 0.809017, 0.309017, 0.5, 0.0, 0.0, 0.0, 0.0, 1.0 ], [ -0.5, -0.809017, -0.309017, 0.0, -0.809017, 0.309017, 0.5, 0.0, -0.309017, 0.5, -0.809017, 0.0, 0.0, 0.0, 0.0, 1.0 ], [ 0.309017, -0.5, 0.809017, 0.0, -0.5, -0.809017, -0.309017, 0.0, 0.809017, -0.309017, -0.5, 0.0, 0.0, 0.0, 0.0, 1.0 ], [ -0.809017, 0.309017, 0.5, 0.0, 0.309017, -0.5, 0.809017, 0.0, 0.5, 0.809017, 0.309017, 0.0, 0.0, 0.0, 0.0, 1.0 ], [ -0.5, -0.809017, 0.309017, 0.0, -0.809017, 0.309017, -0.5, 0.0, 0.309017, -0.5, -0.809017, 0.0, 0.0, 0.0, 0.0, 1.0 ], [ -0.309017, 0.5, 0.809017, 0.0, -0.5, -0.809017, 0.309017, 0.0, 0.809017, -0.309017, 0.5, 0.0, 0.0, 0.0, 0.0, 1.0 ], [ -0.809017, 0.309017, -0.5, 0.0, -0.309017, 0.5, 0.809017, 0.0, 0.5, 0.809017, -0.309017, 0.0, 0.0, 0.0, 0.0, 1.0 ], [ -0.809017, -0.309017, 0.5, 0.0, -0.309017, -0.5, -0.809017, 0.0, 0.5, -0.809017, 0.309017, 0.0, 0.0, 0.0, 0.0, 1.0 ], [ -0.5, 0.809017, -0.309017, 0.0, -0.809017, -0.309017, 0.5, 0.0, 0.309017, 0.5, 0.809017, 0.0, 0.0, 0.0, 0.0, 1.0 ], [ -0.309017, -0.5, -0.809017, 0.0, -0.5, 0.809017, -0.309017, 0.0, 0.809017, 0.309017, -0.5, 0.0, 0.0, 0.0, 0.0, 1.0 ], [ -1.0, 0.0, 0.0, 0.0, 0.0, 1.0, 0.0, 0.0, 0.0, 0.0, -1.0, 0.0, 0.0, 0.0, 0.0, 1.0 ], [ 0.0, 0.0, -1.0, 0.0, 1.0, 0.0, 0.0, 0.0, 0.0, -1.0, 0.0, 0.0, 0.0, 0.0, 0.0, 1.0 ], [ 0.0, -1.0, 0.0, 0.0, 0.0, 0.0, 1.0, 0.0, -1.0, 0.0, 0.0, 0.0, 0.0, 0.0, 0.0, 1.0 ], [ -0.809017, -0.309017, -0.5, 0.0, 0.309017, 0.5, -0.809017, 0.0, 0.5, -0.809017, -0.309017, 0.0, 0.0, 0.0, 0.0, 1.0 ], [ 0.5, -0.809017, -0.309017, 0.0, 0.809017, 0.309017, 0.5, 0.0, -0.309017, -0.5, 0.809017, 0.0, 0.0, 0.0, 0.0, 1.0 ], [ -0.309017, -0.5, 0.809017, 0.0, -0.5, 0.809017, 0.309017, 0.0, -0.809017, -0.309017, -0.5, 0.0, 0.0, 0.0, 0.0, 1.0 ], [ -0.5, -0.809017, -0.309017, 0.0, 0.809017, -0.309017, -0.5, 0.0, 0.309017, -0.5, 0.809017, 0.0, 0.0, 0.0, 0.0, 1.0 ], [ 0.309017, -0.5, 0.809017, 0.0, 0.5, 0.809017, 0.309017, 0.0, -0.809017, 0.309017, 0.5, 0.0, 0.0, 0.0, 0.0, 1.0 ], [ -0.809017, 0.309017, 0.5, 0.0, -0.309017, 0.5, -0.809017, 0.0, -0.5, -0.809017, -0.309017, 0.0, 0.0, 0.0, 0.0, 1.0 ], [ -0.5, -0.809017, 0.309017, 0.0, 0.809017, -0.309017, 0.5, 0.0, -0.309017, 0.5, 0.809017, 0.0, 0.0, 0.0, 0.0, 1.0 ], [ -0.309017, 0.5, 0.809017, 0.0, 0.5, 0.809017, -0.309017, 0.0, -0.809017, 0.309017, -0.5, 0.0, 0.0, 0.0, 0.0, 1.0 ], [ -0.809017, 0.309017, -0.5, 0.0, 0.309017, -0.5, -0.809017, 0.0, -0.5, -0.809017, 0.309017, 0.0, 0.0, 0.0, 0.0, 1.0 ], [ -0.809017, -0.309017, 0.5, 0.0, 0.309017, 0.5, 0.809017, 0.0, -0.5, 0.809017, -0.309017, 0.0, 0.0, 0.0, 0.0, 1.0 ], [ -0.5, 0.809017, -0.309017, 0.0, 0.809017, 0.309017, -0.5, 0.0, -0.309017, -0.5, -0.809017, 0.0, 0.0, 0.0, 0.0, 1.0 ], [ -0.309017, -0.5, -0.809017, 0.0, 0.5, -0.809017, 0.309017, 0.0, -0.809017, -0.309017, 0.5, 0.0, 0.0, 0.0, 0.0, 1.0 ] ],
  "lights" : {
    "ambientColor" : "#292929",
    "backgroundColor" : "#AFC8DC",
    "directionalLights" : [ {
      "direction" : [ 1.0, -1.0, -1.0 ],
      "color" : "#EBEBE4"
    }, {
      "direction" : [ -1.0, 0.0, 0.0 ],
      "color" : "#E4E4EB"
    }, {
      "direction" : [ 0.0, 0.0, -1.0 ],
      "color" : "#1E1E1E"
    } ]
  },
  "camera" : {
    "lookDirection" : {
      "x" : -0.4750185,
      "y" : -0.037318263,
      "z" : 0.879179
    },
    "upDirection" : {
      "x" : 0.59315866,
      "y" : -0.7515852,
      "z" : 0.28857598
    },
    "lookAtPoint" : {
      "x" : 0.0,
      "y" : 0.0,
      "z" : 0.0
    },
    "viewDistance" : 339.97745,
    "nearClipDistance" : 0.8499436,
    "farClipDistance" : 679.9544,
    "fieldOfView" : 0.4426291,
    "perspective" : true,
    "width" : 152.98993,
    "stereo" : false,
    "position" : {
      "x" : 161.49557,
      "y" : 12.687367,
      "z" : -298.90103
    }
  },
  "embedding" : [ 1.0, 0.0, 0.0, 0.0, 0.0, 1.0, 0.0, 0.0, 0.0, 0.0, 1.0, 0.0, 0.0, 0.0, 0.0, 1.0 ],
  "shapes" : [ {
    "id" : "f40e4f06-6db9-48cd-99d6-8b1713f8904b",
    "vertices" : [ {
      "x" : 0.309017,
      "y" : -0.809017,
      "z" : 0.618034
    }, {
      "x" : 0.809017,
      "y" : -0.618034,
      "z" : 0.309017
    }, {
      "x" : 0.618034,
      "y" : -0.309017,
      "z" : 0.809017
    }, {
      "x" : 1.0,
      "y" : 0.309017,
      "z" : 0.19098301
    }, {
      "x" : 0.809017,
      "y" : 0.618034,
      "z" : 0.309017
    }, {
      "x" : 0.618034,
      "y" : 0.309017,
      "z" : 0.809017
    }, {
      "x" : 0.809017,
      "y" : 0.0,
      "z" : 0.690983
    }, {
      "x" : 0.19098301,
      "y" : -1.0,
      "z" : 0.309017
    }, {
      "x" : -0.19098301,
      "y" : -1.0,
      "z" : 0.309017
    }, {
      "x" : -0.19098301,
      "y" : -1.0,
      "z" : -0.309017
    }, {
      "x" : 0.19098301,
      "y" : -1.0,
      "z" : -0.309017
    }, {
      "x" : 1.0,
      "y" : -0.309017,
      "z" : -0.19098301
    }, {
      "x" : 0.809017,
      "y" : -0.618034,
      "z" : -0.309017
    }, {
      "x" : 0.618034,
      "y" : -0.309017,
      "z" : -0.809017
    }, {
      "x" : 0.809017,
      "y" : 0.0,
      "z" : -0.690983
    }, {
      "x" : 0.0,
      "y" : 0.690983,
      "z" : -0.809017
    }, {
      "x" : 0.309017,
      "y" : 0.809017,
      "z" : -0.618034
    }, {
      "x" : 0.618034,
      "y" : 0.309017,
      "z" : -0.809017
    }, {
      "x" : 0.309017,
      "y" : 0.19098301,
      "z" : -1.0
    }, {
      "x" : 1.0,
      "y" : 0.309017,
      "z" : -0.19098301
    }, {
      "x" : -0.309017,
      "y" : -0.809017,
      "z" : 0.618034
    }, {
      "x" : 0.0,
      "y" : -0.690983,
      "z" : 0.809017
    }, {
      "x" : 0.809017,
      "y" : 0.618034,
      "z" : -0.309017
    }, {
      "x" : 0.690983,
      "y" : 0.809017,
      "z" : 0.0
    }, {
      "x" : -0.690983,
      "y" : 0.809017,
      "z" : 0.0
    }, {
      "x" : -0.809017,
      "y" : 0.618034,
      "z" : 0.309017
    }, {
      "x" : -0.309017,
      "y" : 0.809017,
      "z" : 0.618034
    }, {
      "x" : -0.19098301,
      "y" : 1.0,
      "z" : 0.309017
    }, {
      "x" : 0.309017,
      "y" : -0.19098301,
      "z" : -1.0
    }, {
      "x" : 0.19098301,
      "y" : 1.0,
      "z" : 0.309017
    }, {
      "x" : 0.309017,
      "y" : 0.809017,
      "z" : 0.618034
    }, {
      "x" : -0.809017,
      "y" : -0.618034,
      "z" : 0.309017
    }, {
      "x" : -0.690983,
      "y" : -0.809017,
      "z" : 0.0
    }, {
      "x" : 0.0,
      "y" : 0.690983,
      "z" : 0.809017
    }, {
      "x" : 0.309017,
      "y" : -0.809017,
      "z" : -0.618034
    }, {
      "x" : 0.0,
      "y" : -0.690983,
      "z" : -0.809017
    }, {
      "x" : -1.0,
      "y" : 0.309017,
      "z" : 0.19098301
    }, {
      "x" : -0.809017,
      "y" : 0.0,
      "z" : 0.690983
    }, {
      "x" : -0.618034,
      "y" : 0.309017,
      "z" : 0.809017
    }, {
      "x" : 1.0,
      "y" : -0.309017,
      "z" : 0.19098301
    }, {
      "x" : -0.309017,
      "y" : -0.809017,
      "z" : -0.618034
    }, {
      "x" : -1.0,
      "y" : 0.309017,
      "z" : -0.19098301
    }, {
      "x" : -1.0,
      "y" : -0.309017,
      "z" : -0.19098301
    }, {
      "x" : -1.0,
      "y" : -0.309017,
      "z" : 0.19098301
    }, {
      "x" : 0.19098301,
      "y" : 1.0,
      "z" : -0.309017
    }, {
      "x" : -0.809017,
      "y" : 0.618034,
      "z" : -0.309017
    }, {
      "x" : -0.19098301,
      "y" : 1.0,
      "z" : -0.309017
    }, {
      "x" : -0.309017,
      "y" : 0.809017,
      "z" : -0.618034
    }, {
      "x" : -0.618034,
      "y" : -0.309017,
      "z" : 0.809017
    }, {
      "x" : 0.309017,
      "y" : 0.19098301,
      "z" : 1.0
    }, {
      "x" : -0.309017,
      "y" : 0.19098301,
      "z" : -1.0
    }, {
      "x" : -0.309017,
      "y" : 0.19098301,
      "z" : 1.0
    }, {
      "x" : -0.309017,
      "y" : -0.19098301,
      "z" : 1.0
    }, {
      "x" : 0.309017,
      "y" : -0.19098301,
      "z" : 1.0
    }, {
      "x" : 0.690983,
      "y" : -0.809017,
      "z" : 0.0
    }, {
      "x" : -0.809017,
      "y" : 0.0,
      "z" : -0.690983
    }, {
      "x" : -0.618034,
      "y" : -0.309017,
      "z" : -0.809017
    }, {
      "x" : -0.309017,
      "y" : -0.19098301,
      "z" : -1.0
    }, {
      "x" : -0.618034,
      "y" : 0.309017,
      "z" : -0.809017
    }, {
      "x" : -0.809017,
      "y" : -0.618034,
      "z" : -0.309017
    } ],
    "faces" : [ {
      "vertices" : [ 9, 40, 35 ]
    }, {
      "vertices" : [ 9, 35, 34 ]
    }, {
      "vertices" : [ 9, 34, 10 ]
    }, {
      "vertices" : [ 0, 1, 2 ]
    }, {
      "vertices" : [ 33, 51, 49 ]
    }, {
      "vertices" : [ 25, 36, 37 ]
    }, {
      "vertices" : [ 25, 37, 38 ]
    }, {
      "vertices" : [ 41, 55, 42 ]
    }, {
      "vertices" : [ 9, 32, 59 ]
    }, {
      "vertices" : [ 9, 59, 40 ]
    }, {
      "vertices" : [ 20, 21, 52 ]
    }, {
      "vertices" : [ 20, 52, 48 ]
    }, {
      "vertices" : [ 26, 33, 30 ]
    }, {
      "vertices" : [ 26, 30, 29 ]
    }, {
      "vertices" : [ 26, 29, 27 ]
    }, {
      "vertices" : [ 3, 4, 5 ]
    }, {
      "vertices" : [ 3, 5, 6 ]
    }, {
      "vertices" : [ 27, 29, 44 ]
    }, {
      "vertices" : [ 27, 44, 46 ]
    }, {
      "vertices" : [ 50, 57, 56 ]
    }, {
      "vertices" : [ 50, 56, 55 ]
    }, {
      "vertices" : [ 50, 55, 58 ]
    }, {
      "vertices" : [ 26, 38, 51 ]
    }, {
      "vertices" : [ 26, 51, 33 ]
    }, {
      "vertices" : [ 45, 47, 58 ]
    }, {
      "vertices" : [ 18, 28, 57 ]
    }, {
      "vertices" : [ 18, 57, 50 ]
    }, {
      "vertices" : [ 40, 59, 56 ]
    }, {
      "vertices" : [ 31, 48, 37 ]
    }, {
      "vertices" : [ 31, 37, 43 ]
    }, {
      "vertices" : [ 7, 8, 9 ]
    }, {
      "vertices" : [ 7, 9, 10 ]
    }, {
      "vertices" : [ 36, 41, 42 ]
    }, {
      "vertices" : [ 36, 42, 43 ]
    }, {
      "vertices" : [ 24, 46, 47 ]
    }, {
      "vertices" : [ 24, 47, 45 ]
    }, {
      "vertices" : [ 4, 30, 5 ]
    }, {
      "vertices" : [ 15, 47, 46 ]
    }, {
      "vertices" : [ 15, 46, 44 ]
    }, {
      "vertices" : [ 15, 44, 16 ]
    }, {
      "vertices" : [ 15, 50, 58 ]
    }, {
      "vertices" : [ 15, 58, 47 ]
    }, {
      "vertices" : [ 24, 45, 41 ]
    }, {
      "vertices" : [ 24, 41, 36 ]
    }, {
      "vertices" : [ 24, 36, 25 ]
    }, {
      "vertices" : [ 11, 14, 19 ]
    }, {
      "vertices" : [ 3, 6, 39 ]
    }, {
      "vertices" : [ 1, 39, 6 ]
    }, {
      "vertices" : [ 1, 6, 2 ]
    }, {
      "vertices" : [ 8, 32, 9 ]
    }, {
      "vertices" : [ 11, 12, 13 ]
    }, {
      "vertices" : [ 11, 13, 14 ]
    }, {
      "vertices" : [ 16, 22, 17 ]
    }, {
      "vertices" : [ 0, 21, 20 ]
    }, {
      "vertices" : [ 0, 20, 8 ]
    }, {
      "vertices" : [ 0, 8, 7 ]
    }, {
      "vertices" : [ 12, 34, 13 ]
    }, {
      "vertices" : [ 35, 40, 56 ]
    }, {
      "vertices" : [ 35, 56, 57 ]
    }, {
      "vertices" : [ 0, 7, 54 ]
    }, {
      "vertices" : [ 0, 54, 1 ]
    }, {
      "vertices" : [ 15, 16, 17 ]
    }, {
      "vertices" : [ 15, 17, 18 ]
    }, {
      "vertices" : [ 3, 19, 22 ]
    }, {
      "vertices" : [ 3, 22, 23 ]
    }, {
      "vertices" : [ 3, 23, 4 ]
    }, {
      "vertices" : [ 7, 10, 54 ]
    }, {
      "vertices" : [ 41, 45, 58 ]
    }, {
      "vertices" : [ 41, 58, 55 ]
    }, {
      "vertices" : [ 3, 39, 11 ]
    }, {
      "vertices" : [ 3, 11, 19 ]
    }, {
      "vertices" : [ 14, 17, 22 ]
    }, {
      "vertices" : [ 14, 22, 19 ]
    }, {
      "vertices" : [ 0, 2, 53 ]
    }, {
      "vertices" : [ 0, 53, 21 ]
    }, {
      "vertices" : [ 49, 51, 52 ]
    }, {
      "vertices" : [ 49, 52, 53 ]
    }, {
      "vertices" : [ 31, 43, 42 ]
    }, {
      "vertices" : [ 31, 42, 59 ]
    }, {
      "vertices" : [ 31, 59, 32 ]
    }, {
      "vertices" : [ 15, 18, 50 ]
    }, {
      "vertices" : [ 42, 55, 56 ]
    }, {
      "vertices" : [ 42, 56, 59 ]
    }, {
      "vertices" : [ 4, 23, 29 ]
    }, {
      "vertices" : [ 4, 29, 30 ]
    }, {
      "vertices" : [ 25, 38, 26 ]
    }, {
      "vertices" : [ 13, 28, 18 ]
    }, {
      "vertices" : [ 13, 18, 17 ]
    }, {
      "vertices" : [ 13, 17, 14 ]
    }, {
      "vertices" : [ 8, 20, 31 ]
    }, {
      "vertices" : [ 8, 31, 32 ]
    }, {
      "vertices" : [ 23, 44, 29 ]
    }, {
      "vertices" : [ 24, 27, 46 ]
    }, {
      "vertices" : [ 37, 48, 52 ]
    }, {
      "vertices" : [ 37, 52, 51 ]
    }, {
      "vertices" : [ 37, 51, 38 ]
    }, {
      "vertices" : [ 20, 48, 31 ]
    }, {
      "vertices" : [ 24, 25, 26 ]
    }, {
      "vertices" : [ 24, 26, 27 ]
    }, {
      "vertices" : [ 16, 44, 23 ]
    }, {
      "vertices" : [ 16, 23, 22 ]
    }, {
      "vertices" : [ 13, 34, 35 ]
    }, {
      "vertices" : [ 13, 35, 28 ]
    }, {
      "vertices" : [ 10, 34, 12 ]
    }, {
      "vertices" : [ 10, 12, 54 ]
    }, {
      "vertices" : [ 2, 6, 5 ]
    }, {
      "vertices" : [ 2, 5, 49 ]
    }, {
      "vertices" : [ 2, 49, 53 ]
    }, {
      "vertices" : [ 36, 43, 37 ]
    }, {
      "vertices" : [ 5, 30, 33 ]
    }, {
      "vertices" : [ 5, 33, 49 ]
    }, {
      "vertices" : [ 1, 54, 12 ]
    }, {
      "vertices" : [ 1, 12, 11 ]
    }, {
      "vertices" : [ 1, 11, 39 ]
    }, {
      "vertices" : [ 28, 35, 57 ]
    }, {
      "vertices" : [ 21, 53, 52 ]
    } ]
  }, {
    "id" : "2b0bc840-3f70-4e70-8535-95488ba8de14",
    "vertices" : [ {
      "x" : 16.230747,
      "y" : 6.0086102,
      "z" : -2.486068
    }, {
      "x" : 17.253288,
      "y" : 6.045085,
      "z" : -2.618034
    }, {
      "x" : 16.230747,
      "y" : 6.0086102,
      "z" : -2.104102
    }, {
      "x" : 16.039762,
      "y" : 6.3176274,
      "z" : -2.604102
    }, {
      "x" : 16.039762,
      "y" : 6.3176274,
      "z" : -2.222136
    }, {
      "x" : 0.809017,
      "y" : 0.618034,
      "z" : 0.309017
    }, {
      "x" : 1.0,
      "y" : 0.309017,
      "z" : 0.19098301
    }, {
      "x" : 1.9045085,
      "y" : 0.5364745,
      "z" : -0.013932022
    }, {
      "x" : 16.944271,
      "y" : 6.545085,
      "z" : -2.809017
    }, {
      "x" : 17.135256,
      "y" : 6.236068,
      "z" : -2.927051
    }, {
      "x" : 17.135256,
      "y" : 6.236068,
      "z" : -2.309017
    }, {
      "x" : 16.944271,
      "y" : 6.545085,
      "z" : -2.427051
    }, {
      "x" : 1.7135255,
      "y" : 0.8454915,
      "z" : -0.13196601
    }, {
      "x" : 0.690983,
      "y" : 0.809017,
      "z" : 0.0
    }, {
      "x" : 1.9045085,
      "y" : 0.5364745,
      "z" : -0.39589804
    }, {
      "x" : 1.7135255,
      "y" : 0.8454915,
      "z" : -0.51393205
    }, {
      "x" : 0.809017,
      "y" : 0.618034,
      "z" : -0.309017
    }, {
      "x" : 1.0,
      "y" : 0.309017,
      "z" : -0.19098301
    }, {
      "x" : 17.944271,
      "y" : 6.854102,
      "z" : -2.618034
    } ],
    "faces" : [ {
      "vertices" : [ 0, 14, 15 ]
    }, {
      "vertices" : [ 0, 15, 3 ]
    }, {
      "vertices" : [ 3, 15, 12 ]
    }, {
      "vertices" : [ 3, 12, 4 ]
    }, {
      "vertices" : [ 0, 1, 2 ]
    }, {
      "vertices" : [ 12, 15, 13 ]
    }, {
      "vertices" : [ 0, 9, 1 ]
    }, {
      "vertices" : [ 0, 3, 9 ]
    }, {
      "vertices" : [ 13, 15, 16 ]
    }, {
      "vertices" : [ 6, 17, 14 ]
    }, {
      "vertices" : [ 6, 14, 7 ]
    }, {
      "vertices" : [ 1, 10, 2 ]
    }, {
      "vertices" : [ 5, 6, 7 ]
    }, {
      "vertices" : [ 3, 8, 9 ]
    }, {
      "vertices" : [ 0, 2, 7 ]
    }, {
      "vertices" : [ 0, 7, 14 ]
    }, {
      "vertices" : [ 5, 7, 12 ]
    }, {
      "vertices" : [ 2, 4, 12 ]
    }, {
      "vertices" : [ 2, 12, 7 ]
    }, {
      "vertices" : [ 3, 4, 11 ]
    }, {
      "vertices" : [ 3, 11, 8 ]
    }, {
      "vertices" : [ 2, 10, 11 ]
    }, {
      "vertices" : [ 2, 11, 4 ]
    }, {
      "vertices" : [ 5, 12, 13 ]
    }, {
      "vertices" : [ 14, 17, 16 ]
    }, {
      "vertices" : [ 14, 16, 15 ]
    } ]
  }, {
    "id" : "ee7172ce-d7b4-475c-83e2-3eb3886b3545",
    "vertices" : [ {
      "x" : 0.559017,
      "y" : 0.4045085,
      "z" : 0.7725425
    }, {
      "x" : 0.5,
      "y" : 0.38196602,
      "z" : 0.809017
    }, {
      "x" : 0.309017,
      "y" : 0.309017,
      "z" : 0.927051
    }, {
      "x" : 0.25,
      "y" : 0.2864745,
      "z" : 0.9635255
    }, {
      "x" : 0.309017,
      "y" : 0.809017,
      "z" : 0.618034
    }, {
      "x" : 0.0,
      "y" : 0.690983,
      "z" : 0.809017
    }, {
      "x" : 0.042572472,
      "y" : 0.5570832,
      "z" : 1.7245873
    }, {
      "x" : 0.6101011,
      "y" : 0.8590048,
      "z" : 1.5278641
    }, {
      "x" : 0.46420303,
      "y" : 0.80327666,
      "z" : 1.618034
    }, {
      "x" : 0.14589803,
      "y" : 0.681695,
      "z" : 1.8147573
    }, {
      "x" : 0.14589803,
      "y" : 1.318305,
      "z" : 1.4213107
    }, {
      "x" : -0.17240697,
      "y" : 1.1967233,
      "z" : 1.618034
    }, {
      "x" : 1.7904409,
      "y" : 9.893447,
      "z" : 16.326239
    }, {
      "x" : 1.4721359,
      "y" : 9.771865,
      "z" : 16.52296
    }, {
      "x" : 1.4721359,
      "y" : 10.408475,
      "z" : 16.129515
    }, {
      "x" : 1.153831,
      "y" : 10.286893,
      "z" : 16.326239
    }, {
      "x" : 1.618034,
      "y" : 10.399187,
      "z" : 17.135256
    }, {
      "x" : 1.309017,
      "y" : 10.281153,
      "z" : 17.326239
    }, {
      "x" : 1.368034,
      "y" : 10.803696,
      "z" : 16.980747
    }, {
      "x" : 1.059017,
      "y" : 10.685661,
      "z" : 17.17173
    }, {
      "x" : 1.618034,
      "y" : 11.09017,
      "z" : 17.944271
    } ],
    "faces" : [ {
      "vertices" : [ 13, 17, 19 ]
    }, {
      "vertices" : [ 13, 19, 15 ]
    }, {
      "vertices" : [ 14, 15, 19 ]
    }, {
      "vertices" : [ 14, 19, 18 ]
    }, {
      "vertices" : [ 16, 18, 19 ]
    }, {
      "vertices" : [ 16, 19, 17 ]
    }, {
      "vertices" : [ 0, 7, 1 ]
    }, {
      "vertices" : [ 8, 12, 13 ]
    }, {
      "vertices" : [ 8, 13, 9 ]
    }, {
      "vertices" : [ 0, 4, 7 ]
    }, {
      "vertices" : [ 2, 6, 3 ]
    }, {
      "vertices" : [ 0, 3, 5 ]
    }, {
      "vertices" : [ 0, 5, 4 ]
    }, {
      "vertices" : [ 8, 10, 14 ]
    }, {
      "vertices" : [ 8, 14, 12 ]
    }, {
      "vertices" : [ 3, 6, 5 ]
    }, {
      "vertices" : [ 1, 7, 8 ]
    }, {
      "vertices" : [ 9, 13, 15 ]
    }, {
      "vertices" : [ 9, 15, 11 ]
    }, {
      "vertices" : [ 2, 9, 6 ]
    }, {
      "vertices" : [ 10, 11, 15 ]
    }, {
      "vertices" : [ 10, 15, 14 ]
    }, {
      "vertices" : [ 1, 8, 9 ]
    }, {
      "vertices" : [ 1, 9, 2 ]
    }, {
      "vertices" : [ 4, 10, 7 ]
    }, {
      "vertices" : [ 5, 6, 11 ]
    }, {
      "vertices" : [ 7, 10, 8 ]
    }, {
      "vertices" : [ 6, 9, 11 ]
    }, {
      "vertices" : [ 12, 16, 17 ]
    }, {
      "vertices" : [ 12, 17, 13 ]
    }, {
      "vertices" : [ 12, 14, 18 ]
    }, {
      "vertices" : [ 12, 18, 16 ]
    }, {
      "vertices" : [ 4, 5, 11 ]
    }, {
      "vertices" : [ 4, 11, 10 ]
    } ]
  }, {
    "id" : "125da68c-a655-4d88-8e20-337832bd1462",
    "vertices" : [ {
      "x" : 17.944271,
      "y" : 0.0,
      "z" : -6.854102
    }, {
      "x" : 24.798374,
      "y" : 4.236068,
      "z" : -6.854102
    }, {
      "x" : 17.944271,
      "y" : 15.326238,
      "z" : -11.09017
    }, {
      "x" : 11.09017,
      "y" : 11.09017,
      "z" : -11.09017
    } ],
    "faces" : [ {
      "vertices" : [ 0, 1, 2 ]
    }, {
      "vertices" : [ 0, 2, 3 ]
    }, {
      "vertices" : [ 0, 3, 2 ]
    }, {
      "vertices" : [ 0, 2, 1 ]
    } ]
  }, {
    "id" : "1ab55037-8c68-4d24-8d9d-805b94396677",
    "vertices" : [ {
      "x" : 9.376644,
      "y" : 3.3905764,
      "z" : -1.486068
    }, {
      "x" : 10.399187,
      "y" : 3.427051,
      "z" : -1.618034
    }, {
      "x" : 9.376644,
      "y" : 3.3905764,
      "z" : -1.104102
    }, {
      "x" : 9.185661,
      "y" : 3.6995935,
      "z" : -1.604102
    }, {
      "x" : 9.185661,
      "y" : 3.6995935,
      "z" : -1.2221359
    }, {
      "x" : 0.809017,
      "y" : 0.618034,
      "z" : 0.309017
    }, {
      "x" : 1.0,
      "y" : 0.309017,
      "z" : 0.19098301
    }, {
      "x" : 1.9045085,
      "y" : 0.5364745,
      "z" : -0.013932022
    }, {
      "x" : 10.09017,
      "y" : 3.927051,
      "z" : -1.809017
    }, {
      "x" : 10.281153,
      "y" : 3.618034,
      "z" : -1.927051
    }, {
      "x" : 10.281153,
      "y" : 3.618034,
      "z" : -1.309017
    }, {
      "x" : 10.09017,
      "y" : 3.927051,
      "z" : -1.427051
    }, {
      "x" : 1.7135255,
      "y" : 0.8454915,
      "z" : -0.13196601
    }, {
      "x" : 0.690983,
      "y" : 0.809017,
      "z" : 0.0
    }, {
      "x" : 1.9045085,
      "y" : 0.5364745,
      "z" : -0.39589804
    }, {
      "x" : 1.7135255,
      "y" : 0.8454915,
      "z" : -0.51393205
    }, {
      "x" : 0.809017,
      "y" : 0.618034,
      "z" : -0.309017
    }, {
      "x" : 1.0,
      "y" : 0.309017,
      "z" : -0.19098301
    }, {
      "x" : 11.09017,
      "y" : 4.236068,
      "z" : -1.618034
    } ],
    "faces" : [ {
      "vertices" : [ 0, 14, 15 ]
    }, {
      "vertices" : [ 0, 15, 3 ]
    }, {
      "vertices" : [ 3, 15, 12 ]
    }, {
      "vertices" : [ 3, 12, 4 ]
    }, {
      "vertices" : [ 0, 1, 2 ]
    }, {
      "vertices" : [ 12, 15, 13 ]
    }, {
      "vertices" : [ 0, 9, 1 ]
    }, {
      "vertices" : [ 0, 3, 9 ]
    }, {
      "vertices" : [ 13, 15, 16 ]
    }, {
      "vertices" : [ 6, 17, 14 ]
    }, {
      "vertices" : [ 6, 14, 7 ]
    }, {
      "vertices" : [ 1, 10, 2 ]
    }, {
      "vertices" : [ 5, 6, 7 ]
    }, {
      "vertices" : [ 3, 8, 9 ]
    }, {
      "vertices" : [ 0, 2, 7 ]
    }, {
      "vertices" : [ 0, 7, 14 ]
    }, {
      "vertices" : [ 5, 7, 12 ]
    }, {
      "vertices" : [ 2, 4, 12 ]
    }, {
      "vertices" : [ 2, 12, 7 ]
    }, {
      "vertices" : [ 3, 4, 11 ]
    }, {
      "vertices" : [ 3, 11, 8 ]
    }, {
      "vertices" : [ 2, 10, 11 ]
    }, {
      "vertices" : [ 2, 11, 4 ]
    }, {
      "vertices" : [ 5, 12, 13 ]
    }, {
      "vertices" : [ 14, 17, 16 ]
    }, {
      "vertices" : [ 14, 16, 15 ]
    } ]
  }, {
    "id" : "de142759-2809-4ebe-b9a8-b2af3af5b71b",
    "vertices" : [ {
      "x" : -4.236068,
      "y" : -6.854102,
      "z" : 24.798374
    }, {
      "x" : 0.0,
      "y" : -10.472136,
      "z" : 27.416409
    }, {
      "x" : 0.0,
      "y" : 10.472136,
      "z" : 27.416409
    }, {
      "x" : -4.236068,
      "y" : 6.854102,
      "z" : 24.798374
    } ],
    "faces" : [ {
      "vertices" : [ 0, 1, 2 ]
    }, {
      "vertices" : [ 0, 2, 3 ]
    }, {
      "vertices" : [ 0, 3, 2 ]
    }, {
      "vertices" : [ 0, 2, 1 ]
    } ]
  }, {
    "id" : "b3f75bb2-0745-425d-beaa-01031e7db337",
    "vertices" : [ {
      "x" : 24.798374,
      "y" : 4.236068,
      "z" : 6.854102
    }, {
      "x" : 27.416409,
      "y" : 0.0,
      "z" : 10.472136
    }, {
      "x" : 27.416409,
      "y" : 0.0,
      "z" : -10.472136
    }, {
      "x" : 24.798374,
      "y" : 4.236068,
      "z" : -6.854102
    } ],
    "faces" : [ {
      "vertices" : [ 0, 1, 2 ]
    }, {
      "vertices" : [ 0, 2, 3 ]
    }, {
      "vertices" : [ 0, 3, 2 ]
    }, {
      "vertices" : [ 0, 2, 1 ]
    } ]
  }, {
    "id" : "eb79a71b-d660-44b8-bf61-3d45a8ef1e79",
    "vertices" : [ {
      "x" : 11.09017,
      "y" : 17.944271,
      "z" : 15.326238
    }, {
      "x" : 16.944271,
      "y" : 16.944271,
      "z" : 16.944271
    }, {
      "x" : 10.472136,
      "y" : 27.416409,
      "z" : 0.0
    }, {
      "x" : 6.854102,
      "y" : 24.798374,
      "z" : 4.236068
    } ],
    "faces" : [ {
      "vertices" : [ 0, 1, 2 ]
    }, {
      "vertices" : [ 0, 2, 3 ]
    }, {
      "vertices" : [ 0, 3, 2 ]
    }, {
      "vertices" : [ 0, 2, 1 ]
    } ]
  }, {
    "id" : "e4b825f1-8129-487c-bf8f-115382efa294",
    "vertices" : [ {
      "x" : -6.854102,
      "y" : 17.944271,
      "z" : 0.0
    }, {
      "x" : -6.854102,
      "y" : 24.798374,
      "z" : 4.236068
    }, {
      "x" : -11.09017,
      "y" : 17.944271,
      "z" : 15.326238
    }, {
      "x" : -11.09017,
      "y" : 11.09017,
      "z" : 11.09017
    } ],
    "faces" : [ {
      "vertices" : [ 0, 1, 2 ]
    }, {
      "vertices" : [ 0, 2, 3 ]
    }, {
      "vertices" : [ 0, 3, 2 ]
    }, {
      "vertices" : [ 0, 2, 1 ]
    } ]
  }, {
    "id" : "24805d11-3d1e-47a5-af94-703816954e1d",
    "vertices" : [ {
      "x" : -15.326238,
      "y" : -11.09017,
      "z" : 17.944271
    }, {
      "x" : -16.944271,
      "y" : -16.944271,
      "z" : 16.944271
    }, {
      "x" : 0.0,
      "y" : -10.472136,
      "z" : 27.416409
    }, {
      "x" : -4.236068,
      "y" : -6.854102,
      "z" : 24.798374
    } ],
    "faces" : [ {
      "vertices" : [ 0, 1, 2 ]
    }, {
      "vertices" : [ 0, 2, 3 ]
    }, {
      "vertices" : [ 0, 3, 2 ]
    }, {
      "vertices" : [ 0, 2, 1 ]
    } ]
  }, {
    "id" : "8a2419da-490f-49e3-8066-7ae1059e542c",
    "vertices" : [ {
      "x" : -11.09017,
      "y" : -11.09017,
      "z" : -11.09017
    }, {
      "x" : -17.944271,
      "y" : -15.326238,
      "z" : -11.09017
    }, {
      "x" : -13.708204,
      "y" : -22.18034,
      "z" : 0.0
    }, {
      "x" : -6.854102,
      "y" : -17.944271,
      "z" : 0.0
    } ],
    "faces" : [ {
      "vertices" : [ 0, 1, 2 ]
    }, {
      "vertices" : [ 0, 2, 3 ]
    }, {
      "vertices" : [ 0, 3, 2 ]
    }, {
      "vertices" : [ 0, 2, 1 ]
    } ]
  }, {
    "id" : "fbed4a07-407f-46e6-90a8-98f32e466783",
    "vertices" : [ {
      "x" : 17.944271,
      "y" : 15.326238,
      "z" : -11.09017
    }, {
      "x" : 16.944271,
      "y" : 16.944271,
      "z" : -16.944271
    }, {
      "x" : 10.472136,
      "y" : 27.416409,
      "z" : 0.0
    }, {
      "x" : 13.708204,
      "y" : 22.18034,
      "z" : 0.0
    } ],
    "faces" : [ {
      "vertices" : [ 0, 1, 2 ]
    }, {
      "vertices" : [ 0, 2, 3 ]
    }, {
      "vertices" : [ 0, 3, 2 ]
    }, {
      "vertices" : [ 0, 2, 1 ]
    } ]
  }, {
    "id" : "c5dda43c-2e31-4392-8368-b133fac3a3d1",
    "vertices" : [ {
      "x" : -11.09017,
      "y" : 11.09017,
      "z" : 11.09017
    }, {
      "x" : -17.944271,
      "y" : 15.326238,
      "z" : 11.09017
    }, {
      "x" : -13.708204,
      "y" : 22.18034,
      "z" : 0.0
    }, {
      "x" : -6.854102,
      "y" : 17.944271,
      "z" : 0.0
    } ],
    "faces" : [ {
      "vertices" : [ 0, 1, 2 ]
    }, {
      "vertices" : [ 0, 2, 3 ]
    }, {
      "vertices" : [ 0, 3, 2 ]
    }, {
      "vertices" : [ 0, 2, 1 ]
    } ]
  }, {
    "id" : "7b8a301a-880e-423c-85f1-f1823cbe9477",
    "vertices" : [ {
      "x" : -6.854102,
      "y" : -17.944271,
      "z" : 0.0
    }, {
      "x" : -6.854102,
      "y" : -24.798374,
      "z" : -4.236068
    }, {
      "x" : -11.09017,
      "y" : -17.944271,
      "z" : -15.326238
    }, {
      "x" : -11.09017,
      "y" : -11.09017,
      "z" : -11.09017
    } ],
    "faces" : [ {
      "vertices" : [ 0, 1, 2 ]
    }, {
      "vertices" : [ 0, 2, 3 ]
    }, {
      "vertices" : [ 0, 3, 2 ]
    }, {
      "vertices" : [ 0, 2, 1 ]
    } ]
  }, {
    "id" : "4672f3d6-3eda-44ec-8947-ef28a3e0a25c",
    "vertices" : [ {
      "x" : 6.854102,
      "y" : 17.944271,
      "z" : 0.0
    }, {
      "x" : 13.708204,
      "y" : 22.18034,
      "z" : 0.0
    }, {
      "x" : 17.944271,
      "y" : 15.326238,
      "z" : 11.09017
    }, {
      "x" : 11.09017,
      "y" : 11.09017,
      "z" : 11.09017
    } ],
    "faces" : [ {
      "vertices" : [ 0, 1, 2 ]
    }, {
      "vertices" : [ 0, 2, 3 ]
    }, {
      "vertices" : [ 0, 3, 2 ]
    }, {
      "vertices" : [ 0, 2, 1 ]
    } ]
  }, {
    "id" : "34b984be-d1e6-48e7-87dd-dba727b85475",
    "vertices" : [ {
      "x" : -24.798374,
      "y" : -4.236068,
      "z" : -6.854102
    }, {
      "x" : -27.416409,
      "y" : 0.0,
      "z" : -10.472136
    }, {
      "x" : -16.944271,
      "y" : -16.944271,
      "z" : -16.944271
    }, {
      "x" : -17.944271,
      "y" : -15.326238,
      "z" : -11.09017
    } ],
    "faces" : [ {
      "vertices" : [ 0, 1, 2 ]
    }, {
      "vertices" : [ 0, 2, 3 ]
    }, {
      "vertices" : [ 0, 3, 2 ]
    }, {
      "vertices" : [ 0, 2, 1 ]
    } ]
  }, {
    "id" : "af65c384-1abd-4958-a326-f46910d20721",
    "vertices" : [ {
      "x" : -17.944271,
      "y" : 0.0,
      "z" : -6.854102
    }, {
      "x" : -22.18034,
      "y" : 0.0,
      "z" : -13.708204
    }, {
      "x" : -15.326238,
      "y" : 11.09017,
      "z" : -17.944271
    }, {
      "x" : -11.09017,
      "y" : 11.09017,
      "z" : -11.09017
    } ],
    "faces" : [ {
      "vertices" : [ 0, 1, 2 ]
    }, {
      "vertices" : [ 0, 2, 3 ]
    }, {
      "vertices" : [ 0, 3, 2 ]
    }, {
      "vertices" : [ 0, 2, 1 ]
    } ]
  }, {
    "id" : "70d580dc-2e1e-49f3-994e-02686e42e420",
    "vertices" : [ {
      "x" : 0.0,
      "y" : 13.708204,
      "z" : 22.18034
    }, {
      "x" : 0.0,
      "y" : 10.472136,
      "z" : 27.416409
    }, {
      "x" : 16.944271,
      "y" : 16.944271,
      "z" : 16.944271
    }, {
      "x" : 11.09017,
      "y" : 17.944271,
      "z" : 15.326238
    } ],
    "faces" : [ {
      "vertices" : [ 0, 1, 2 ]
    }, {
      "vertices" : [ 0, 2, 3 ]
    }, {
      "vertices" : [ 0, 3, 2 ]
    }, {
      "vertices" : [ 0, 2, 1 ]
    } ]
  }, {
    "id" : "48c0e93f-e5d0-4f2e-b90f-fe56450e7c65",
    "vertices" : [ {
      "x" : 6.854102,
      "y" : -24.798374,
      "z" : 4.236068
    }, {
      "x" : 10.472136,
      "y" : -27.416409,
      "z" : 0.0
    }, {
      "x" : 16.944271,
      "y" : -16.944271,
      "z" : 16.944271
    }, {
      "x" : 11.09017,
      "y" : -17.944271,
      "z" : 15.326238
    } ],
    "faces" : [ {
      "vertices" : [ 0, 1, 2 ]
    }, {
      "vertices" : [ 0, 2, 3 ]
    }, {
      "vertices" : [ 0, 3, 2 ]
    }, {
      "vertices" : [ 0, 2, 1 ]
    } ]
  }, {
    "id" : "8bf44542-8f31-4525-9082-fe38b0ba4751",
    "vertices" : [ {
      "x" : 11.09017,
      "y" : -11.09017,
      "z" : 11.09017
    }, {
      "x" : 11.09017,
      "y" : -17.944271,
      "z" : 15.326238
    }, {
      "x" : 0.0,
      "y" : -13.708204,
      "z" : 22.18034
    }, {
      "x" : 0.0,
      "y" : -6.854102,
      "z" : 17.944271
    } ],
    "faces" : [ {
      "vertices" : [ 0, 1, 2 ]
    }, {
      "vertices" : [ 0, 2, 3 ]
    }, {
      "vertices" : [ 0, 3, 2 ]
    }, {
      "vertices" : [ 0, 2, 1 ]
    } ]
  }, {
    "id" : "54a1f5b4-edea-4460-a3ea-7842db136527",
    "vertices" : [ {
      "x" : 0.0,
      "y" : -6.854102,
      "z" : -17.944271
    }, {
      "x" : 0.0,
      "y" : -13.708204,
      "z" : -22.18034
    }, {
      "x" : 11.09017,
      "y" : -17.944271,
      "z" : -15.326238
    }, {
      "x" : 11.09017,
      "y" : -11.09017,
      "z" : -11.09017
    } ],
    "faces" : [ {
      "vertices" : [ 0, 1, 2 ]
    }, {
      "vertices" : [ 0, 2, 3 ]
    }, {
      "vertices" : [ 0, 3, 2 ]
    }, {
      "vertices" : [ 0, 2, 1 ]
    } ]
  }, {
    "id" : "2890e572-a913-4d63-a540-a61337e211d5",
    "vertices" : [ {
      "x" : -24.798374,
      "y" : 4.236068,
      "z" : 6.854102
    }, {
      "x" : -27.416409,
      "y" : 0.0,
      "z" : 10.472136
    }, {
      "x" : -16.944271,
      "y" : 16.944271,
      "z" : 16.944271
    }, {
      "x" : -17.944271,
      "y" : 15.326238,
      "z" : 11.09017
    } ],
    "faces" : [ {
      "vertices" : [ 0, 1, 2 ]
    }, {
      "vertices" : [ 0, 2, 3 ]
    }, {
      "vertices" : [ 0, 3, 2 ]
    }, {
      "vertices" : [ 0, 2, 1 ]
    } ]
  }, {
    "id" : "3453bbad-4f90-4384-9da6-8533906759c4",
    "vertices" : [ {
      "x" : -4.236068,
      "y" : 6.854102,
      "z" : -24.798374
    }, {
      "x" : 0.0,
      "y" : 10.472136,
      "z" : -27.416409
    }, {
      "x" : 0.0,
      "y" : -10.472136,
      "z" : -27.416409
    }, {
      "x" : -4.236068,
      "y" : -6.854102,
      "z" : -24.798374
    } ],
    "faces" : [ {
      "vertices" : [ 0, 1, 2 ]
    }, {
      "vertices" : [ 0, 2, 3 ]
    }, {
      "vertices" : [ 0, 3, 2 ]
    }, {
      "vertices" : [ 0, 2, 1 ]
    } ]
  }, {
    "id" : "9878f57f-8ba6-4fb6-b443-53f3ed972c3e",
    "vertices" : [ {
      "x" : 13.708204,
      "y" : 22.18034,
      "z" : 0.0
    }, {
      "x" : 10.472136,
      "y" : 27.416409,
      "z" : 0.0
    }, {
      "x" : 16.944271,
      "y" : 16.944271,
      "z" : 16.944271
    }, {
      "x" : 17.944271,
      "y" : 15.326238,
      "z" : 11.09017
    } ],
    "faces" : [ {
      "vertices" : [ 0, 1, 2 ]
    }, {
      "vertices" : [ 0, 2, 3 ]
    }, {
      "vertices" : [ 0, 3, 2 ]
    }, {
      "vertices" : [ 0, 2, 1 ]
    } ]
  }, {
    "id" : "2d04d19c-a132-44d3-95a8-dbc569145f94",
    "vertices" : [ {
      "x" : -11.09017,
      "y" : 11.09017,
      "z" : -11.09017
    }, {
      "x" : -15.326238,
      "y" : 11.09017,
      "z" : -17.944271
    }, {
      "x" : -4.236068,
      "y" : 6.854102,
      "z" : -24.798374
    }, {
      "x" : 0.0,
      "y" : 6.854102,
      "z" : -17.944271
    } ],
    "faces" : [ {
      "vertices" : [ 0, 1, 2 ]
    }, {
      "vertices" : [ 0, 2, 3 ]
    }, {
      "vertices" : [ 0, 3, 2 ]
    }, {
      "vertices" : [ 0, 2, 1 ]
    } ]
  }, {
    "id" : "9ba8251d-0ea5-42b7-bce3-4ad93ae2df71",
    "vertices" : [ {
      "x" : 22.18034,
      "y" : 0.0,
      "z" : 13.708204
    }, {
      "x" : 27.416409,
      "y" : 0.0,
      "z" : 10.472136
    }, {
      "x" : 16.944271,
      "y" : 16.944271,
      "z" : 16.944271
    }, {
      "x" : 15.326238,
      "y" : 11.09017,
      "z" : 17.944271
    } ],
    "faces" : [ {
      "vertices" : [ 0, 1, 2 ]
    }, {
      "vertices" : [ 0, 2, 3 ]
    }, {
      "vertices" : [ 0, 3, 2 ]
    }, {
      "vertices" : [ 0, 2, 1 ]
    } ]
  }, {
    "id" : "03e5a01c-3976-4d91-83c0-3fe2439def8a",
    "vertices" : [ {
      "x" : -24.798374,
      "y" : 4.236068,
      "z" : -6.854102
    }, {
      "x" : -27.416409,
      "y" : 0.0,
      "z" : -10.472136
    }, {
      "x" : -27.416409,
      "y" : 0.0,
      "z" : 10.472136
    }, {
      "x" : -24.798374,
      "y" : 4.236068,
      "z" : 6.854102
    } ],
    "faces" : [ {
      "vertices" : [ 0, 1, 2 ]
    }, {
      "vertices" : [ 0, 2, 3 ]
    }, {
      "vertices" : [ 0, 3, 2 ]
    }, {
      "vertices" : [ 0, 2, 1 ]
    } ]
  }, {
    "id" : "40ad8723-237c-44df-9f5f-cf6a65282419",
    "vertices" : [ {
      "x" : -13.708204,
      "y" : -22.18034,
      "z" : 0.0
    }, {
      "x" : -10.472136,
      "y" : -27.416409,
      "z" : 0.0
    }, {
      "x" : -16.944271,
      "y" : -16.944271,
      "z" : 16.944271
    }, {
      "x" : -17.944271,
      "y" : -15.326238,
      "z" : 11.09017
    } ],
    "faces" : [ {
      "vertices" : [ 0, 1, 2 ]
    }, {
      "vertices" : [ 0, 2, 3 ]
    }, {
      "vertices" : [ 0, 3, 2 ]
    }, {
      "vertices" : [ 0, 2, 1 ]
    } ]
  }, {
    "id" : "20bd7e4c-0074-41be-9e74-ecfb58eea966",
    "vertices" : [ {
      "x" : 0.0,
      "y" : -6.854102,
      "z" : 17.944271
    }, {
      "x" : 4.236068,
      "y" : -6.854102,
      "z" : 24.798374
    }, {
      "x" : 15.326238,
      "y" : -11.09017,
      "z" : 17.944271
    }, {
      "x" : 11.09017,
      "y" : -11.09017,
      "z" : 11.09017
    } ],
    "faces" : [ {
      "vertices" : [ 0, 1, 2 ]
    }, {
      "vertices" : [ 0, 2, 3 ]
    }, {
      "vertices" : [ 0, 3, 2 ]
    }, {
      "vertices" : [ 0, 2, 1 ]
    } ]
  }, {
    "id" : "1dbca4f5-998c-4be8-8dfe-da4b697ebe34",
    "vertices" : [ {
      "x" : 15.326238,
      "y" : 11.09017,
      "z" : -17.944271
    }, {
      "x" : 16.944271,
      "y" : 16.944271,
      "z" : -16.944271
    }, {
      "x" : 27.416409,
      "y" : 0.0,
      "z" : -10.472136
    }, {
      "x" : 22.18034,
      "y" : 0.0,
      "z" : -13.708204
    } ],
    "faces" : [ {
      "vertices" : [ 0, 1, 2 ]
    }, {
      "vertices" : [ 0, 2, 3 ]
    }, {
      "vertices" : [ 0, 3, 2 ]
    }, {
      "vertices" : [ 0, 2, 1 ]
    } ]
  }, {
