{
  "polygons" : "true",
  "field" : "golden",
  "symmetry" : "icosahedral",
  "orientations" : [ [ 1.0, 0.0, 0.0, 0.0, 0.0, 1.0, 0.0, 0.0, 0.0, 0.0, 1.0, 0.0, 0.0, 0.0, 0.0, 1.0 ], [ 0.0, 0.0, 1.0, 0.0, 1.0, 0.0, 0.0, 0.0, 0.0, 1.0, 0.0, 0.0, 0.0, 0.0, 0.0, 1.0 ], [ 0.0, 1.0, 0.0, 0.0, 0.0, 0.0, 1.0, 0.0, 1.0, 0.0, 0.0, 0.0, 0.0, 0.0, 0.0, 1.0 ], [ 0.809017, 0.309017, 0.5, 0.0, 0.309017, 0.5, -0.809017, 0.0, -0.5, 0.809017, 0.309017, 0.0, 0.0, 0.0, 0.0, 1.0 ], [ -0.5, 0.809017, 0.309017, 0.0, 0.809017, 0.309017, 0.5, 0.0, 0.309017, 0.5, -0.809017, 0.0, 0.0, 0.0, 0.0, 1.0 ], [ 0.309017, 0.5, -0.809017, 0.0, -0.5, 0.809017, 0.309017, 0.0, 0.809017, 0.309017, 0.5, 0.0, 0.0, 0.0, 0.0, 1.0 ], [ 0.5, 0.809017, 0.309017, 0.0, 0.809017, -0.309017, -0.5, 0.0, -0.309017, 0.5, -0.809017, 0.0, 0.0, 0.0, 0.0, 1.0 ], [ -0.309017, 0.5, -0.809017, 0.0, 0.5, 0.809017, 0.309017, 0.0, 0.809017, -0.309017, -0.5, 0.0, 0.0, 0.0, 0.0, 1.0 ], [ 0.809017, -0.309017, -0.5, 0.0, -0.309017, 0.5, -0.809017, 0.0, 0.5, 0.809017, 0.309017, 0.0, 0.0, 0.0, 0.0, 1.0 ], [ 0.5, 0.809017, -0.309017, 0.0, 0.809017, -0.309017, 0.5, 0.0, 0.309017, -0.5, -0.809017, 0.0, 0.0, 0.0, 0.0, 1.0 ], [ 0.309017, -0.5, -0.809017, 0.0, 0.5, 0.809017, -0.309017, 0.0, 0.809017, -0.309017, 0.5, 0.0, 0.0, 0.0, 0.0, 1.0 ], [ 0.809017, -0.309017, 0.5, 0.0, 0.309017, -0.5, -0.809017, 0.0, 0.5, 0.809017, -0.309017, 0.0, 0.0, 0.0, 0.0, 1.0 ], [ 0.809017, 0.309017, -0.5, 0.0, 0.309017, 0.5, 0.809017, 0.0, 0.5, -0.809017, 0.309017, 0.0, 0.0, 0.0, 0.0, 1.0 ], [ 0.5, -0.809017, 0.309017, 0.0, 0.809017, 0.309017, -0.5, 0.0, 0.309017, 0.5, 0.809017, 0.0, 0.0, 0.0, 0.0, 1.0 ], [ 0.309017, 0.5, 0.809017, 0.0, 0.5, -0.809017, 0.309017, 0.0, 0.809017, 0.309017, -0.5, 0.0, 0.0, 0.0, 0.0, 1.0 ], [ 1.0, 0.0, 0.0, 0.0, 0.0, -1.0, 0.0, 0.0, 0.0, 0.0, -1.0, 0.0, 0.0, 0.0, 0.0, 1.0 ], [ 0.0, 0.0, 1.0, 0.0, -1.0, 0.0, 0.0, 0.0, 0.0, -1.0, 0.0, 0.0, 0.0, 0.0, 0.0, 1.0 ], [ 0.0, 1.0, 0.0, 0.0, 0.0, 0.0, -1.0, 0.0, -1.0, 0.0, 0.0, 0.0, 0.0, 0.0, 0.0, 1.0 ], [ 0.809017, 0.309017, 0.5, 0.0, -0.309017, -0.5, 0.809017, 0.0, 0.5, -0.809017, -0.309017, 0.0, 0.0, 0.0, 0.0, 1.0 ], [ -0.5, 0.809017, 0.309017, 0.0, -0.809017, -0.309017, -0.5, 0.0, -0.309017, -0.5, 0.809017, 0.0, 0.0, 0.0, 0.0, 1.0 ], [ 0.309017, 0.5, -0.809017, 0.0, 0.5, -0.809017, -0.309017, 0.0, -0.809017, -0.309017, -0.5, 0.0, 0.0, 0.0, 0.0, 1.0 ], [ 0.5, 0.809017, 0.309017, 0.0, -0.809017, 0.309017, 0.5, 0.0, 0.309017, -0.5, 0.809017, 0.0, 0.0, 0.0, 0.0, 1.0 ], [ -0.309017, 0.5, -0.809017, 0.0, -0.5, -0.809017, -0.309017, 0.0, -0.809017, 0.309017, 0.5, 0.0, 0.0, 0.0, 0.0, 1.0 ], [ 0.809017, -0.309017, -0.5, 0.0, 0.309017, -0.5, 0.809017, 0.0, -0.5, -0.809017, -0.309017, 0.0, 0.0, 0.0, 0.0, 1.0 ], [ 0.5, 0.809017, -0.309017, 0.0, -0.809017, 0.309017, -0.5, 0.0, -0.309017, 0.5, 0.809017, 0.0, 0.0, 0.0, 0.0, 1.0 ], [ 0.309017, -0.5, -0.809017, 0.0, -0.5, -0.809017, 0.309017, 0.0, -0.809017, 0.309017, -0.5, 0.0, 0.0, 0.0, 0.0, 1.0 ], [ 0.809017, -0.309017, 0.5, 0.0, -0.309017, 0.5, 0.809017, 0.0, -0.5, -0.809017, 0.309017, 0.0, 0.0, 0.0, 0.0, 1.0 ], [ 0.809017, 0.309017, -0.5, 0.0, -0.309017, -0.5, -0.809017, 0.0, -0.5, 0.809017, -0.309017, 0.0, 0.0, 0.0, 0.0, 1.0 ], [ 0.5, -0.809017, 0.309017, 0.0, -0.809017, -0.309017, 0.5, 0.0, -0.309017, -0.5, -0.809017, 0.0, 0.0, 0.0, 0.0, 1.0 ], [ 0.309017, 0.5, 0.809017, 0.0, -0.5, 0.809017, -0.309017, 0.0, -0.809017, -0.309017, 0.5, 0.0, 0.0, 0.0, 0.0, 1.0 ], [ -1.0, 0.0, 0.0, 0.0, 0.0, -1.0, 0.0, 0.0, 0.0, 0.0, 1.0, 0.0, 0.0, 0.0, 0.0, 1.0 ], [ 0.0, 0.0, -1.0, 0.0, -1.0, 0.0, 0.0, 0.0, 0.0, 1.0, 0.0, 0.0, 0.0, 0.0, 0.0, 1.0 ], [ 0.0, -1.0, 0.0, 0.0, 0.0, 0.0, -1.0, 0.0, 1.0, 0.0, 0.0, 0.0, 0.0, 0.0, 0.0, 1.0 ], [ -0.809017, -0.309017, -0.5, 0.0, -0.309017, -0.5, 0.809017, 0.0, -0.5, 0.809017, 0.309017, 0.0, 0.0, 0.0, 0.0, 1.0 ], [ 0.5, -0.809017, -0.309017, 0.0, -0.809017, -0.309017, -0.5, 0.0, 0.309017, 0.5, -0.809017, 0.0, 0.0, 0.0, 0.0, 1.0 ], [ -0.309017, -0.5, 0.809017, 0.0, 0.5, -0.809017, -0.309017, 0.0, 0.809017, 0.309017, 0.5, 0.0, 0.0, 0.0, 0.0, 1.0 ], [ -0.5, -0.809017, -0.309017, 0.0, -0.809017, 0.309017, 0.5, 0.0, -0.309017, 0.5, -0.809017, 0.0, 0.0, 0.0, 0.0, 1.0 ], [ 0.309017, -0.5, 0.809017, 0.0, -0.5, -0.809017, -0.309017, 0.0, 0.809017, -0.309017, -0.5, 0.0, 0.0, 0.0, 0.0, 1.0 ], [ -0.809017, 0.309017, 0.5, 0.0, 0.309017, -0.5, 0.809017, 0.0, 0.5, 0.809017, 0.309017, 0.0, 0.0, 0.0, 0.0, 1.0 ], [ -0.5, -0.809017, 0.309017, 0.0, -0.809017, 0.309017, -0.5, 0.0, 0.309017, -0.5, -0.809017, 0.0, 0.0, 0.0, 0.0, 1.0 ], [ -0.309017, 0.5, 0.809017, 0.0, -0.5, -0.809017, 0.309017, 0.0, 0.809017, -0.309017, 0.5, 0.0, 0.0, 0.0, 0.0, 1.0 ], [ -0.809017, 0.309017, -0.5, 0.0, -0.309017, 0.5, 0.809017, 0.0, 0.5, 0.809017, -0.309017, 0.0, 0.0, 0.0, 0.0, 1.0 ], [ -0.809017, -0.309017, 0.5, 0.0, -0.309017, -0.5, -0.809017, 0.0, 0.5, -0.809017, 0.309017, 0.0, 0.0, 0.0, 0.0, 1.0 ], [ -0.5, 0.809017, -0.309017, 0.0, -0.809017, -0.309017, 0.5, 0.0, 0.309017, 0.5, 0.809017, 0.0, 0.0, 0.0, 0.0, 1.0 ], [ -0.309017, -0.5, -0.809017, 0.0, -0.5, 0.809017, -0.309017, 0.0, 0.809017, 0.309017, -0.5, 0.0, 0.0, 0.0, 0.0, 1.0 ], [ -1.0, 0.0, 0.0, 0.0, 0.0, 1.0, 0.0, 0.0, 0.0, 0.0, -1.0, 0.0, 0.0, 0.0, 0.0, 1.0 ], [ 0.0, 0.0, -1.0, 0.0, 1.0, 0.0, 0.0, 0.0, 0.0, -1.0, 0.0, 0.0, 0.0, 0.0, 0.0, 1.0 ], [ 0.0, -1.0, 0.0, 0.0, 0.0, 0.0, 1.0, 0.0, -1.0, 0.0, 0.0, 0.0, 0.0, 0.0, 0.0, 1.0 ], [ -0.809017, -0.309017, -0.5, 0.0, 0.309017, 0.5, -0.809017, 0.0, 0.5, -0.809017, -0.309017, 0.0, 0.0, 0.0, 0.0, 1.0 ], [ 0.5, -0.809017, -0.309017, 0.0, 0.809017, 0.309017, 0.5, 0.0, -0.309017, -0.5, 0.809017, 0.0, 0.0, 0.0, 0.0, 1.0 ], [ -0.309017, -0.5, 0.809017, 0.0, -0.5, 0.809017, 0.309017, 0.0, -0.809017, -0.309017, -0.5, 0.0, 0.0, 0.0, 0.0, 1.0 ], [ -0.5, -0.809017, -0.309017, 0.0, 0.809017, -0.309017, -0.5, 0.0, 0.309017, -0.5, 0.809017, 0.0, 0.0, 0.0, 0.0, 1.0 ], [ 0.309017, -0.5, 0.809017, 0.0, 0.5, 0.809017, 0.309017, 0.0, -0.809017, 0.309017, 0.5, 0.0, 0.0, 0.0, 0.0, 1.0 ], [ -0.809017, 0.309017, 0.5, 0.0, -0.309017, 0.5, -0.809017, 0.0, -0.5, -0.809017, -0.309017, 0.0, 0.0, 0.0, 0.0, 1.0 ], [ -0.5, -0.809017, 0.309017, 0.0, 0.809017, -0.309017, 0.5, 0.0, -0.309017, 0.5, 0.809017, 0.0, 0.0, 0.0, 0.0, 1.0 ], [ -0.309017, 0.5, 0.809017, 0.0, 0.5, 0.809017, -0.309017, 0.0, -0.809017, 0.309017, -0.5, 0.0, 0.0, 0.0, 0.0, 1.0 ], [ -0.809017, 0.309017, -0.5, 0.0, 0.309017, -0.5, -0.809017, 0.0, -0.5, -0.809017, 0.309017, 0.0, 0.0, 0.0, 0.0, 1.0 ], [ -0.809017, -0.309017, 0.5, 0.0, 0.309017, 0.5, 0.809017, 0.0, -0.5, 0.809017, -0.309017, 0.0, 0.0, 0.0, 0.0, 1.0 ], [ -0.5, 0.809017, -0.309017, 0.0, 0.809017, 0.309017, -0.5, 0.0, -0.309017, -0.5, -0.809017, 0.0, 0.0, 0.0, 0.0, 1.0 ], [ -0.309017, -0.5, -0.809017, 0.0, 0.5, -0.809017, 0.309017, 0.0, -0.809017, -0.309017, 0.5, 0.0, 0.0, 0.0, 0.0, 1.0 ] ],
  "lights" : {
    "directionalLights" : [ {
      "direction" : [ 1.0, -1.0, -1.0 ],
      "color" : "#EBEBE4"
    }, {
      "direction" : [ -1.0, 0.0, 0.0 ],
      "color" : "#E4E4EB"
    }, {
      "direction" : [ 0.0, 0.0, -1.0 ],
      "color" : "#1E1E1E"
    } ],
    "ambientColor" : "#292929",
    "backgroundColor" : "#AFC8DC"
  },
  "camera" : {
    "position" : {
      "x" : 32.029327,
      "y" : -0.028899528,
      "z" : -115.81903
    },
    "lookAtPoint" : {
      "x" : 0.0,
      "y" : 0.0,
      "z" : 0.0
    },
    "lookDirection" : {
      "x" : -0.2665409,
      "y" : 2.4049543E-4,
      "z" : 0.96382016
    },
    "upDirection" : {
      "x" : 0.02077887,
      "y" : 0.99975795,
      "z" : 0.0054961294
    },
    "nearClipDistance" : 0.30041668,
    "farClipDistance" : 240.33334,
    "perspective" : true,
    "fieldOfView" : 0.44262886,
    "viewDistance" : 120.16664,
    "lookAtPointRV" : {
      "x" : 0.0,
      "y" : 0.0,
      "z" : 0.0,
      "zero" : true
    },
    "lookDirectionRV" : {
      "x" : -0.2665409,
      "y" : 2.4049543E-4,
      "z" : 0.96382016,
      "zero" : false
    },
    "upDirectionRV" : {
      "x" : 0.02077887,
      "y" : 0.99975795,
      "z" : 0.0054961294,
      "zero" : false
    },
    "width" : 54.074986,
    "stereo" : false
  },
  "embedding" : [ 1.0, 0.0, 0.0, 0.0, 0.0, 1.0, 0.0, 0.0, 0.0, 0.0, 1.0, 0.0, 0.0, 0.0, 0.0, 1.0 ],
  "shapes" : [ {
    "id" : "9cac69f2-4254-4a68-afc2-28b7b6446fe7",
    "orbit" : "blue",
    "orbitC" : "[[0,0,1],[0,0,1]]",
    "length" : "[0,1,2]",
    "name" : " :1/2*phi",
    "vertices" : [ {
      "x" : 1.0,
      "y" : 0.309017,
      "z" : 0.19098301
    }, {
      "x" : 1.0,
      "y" : -0.309017,
      "z" : 0.19098301
    }, {
      "x" : 5.854102,
      "y" : -0.309017,
      "z" : 0.19098301
    }, {
      "x" : 5.854102,
      "y" : 0.309017,
      "z" : 0.19098301
    }, {
      "x" : 5.854102,
      "y" : -0.309017,
      "z" : -0.19098301
    }, {
      "x" : 5.854102,
      "y" : 0.309017,
      "z" : -0.19098301
    }, {
      "x" : 6.472136,
      "y" : 0.0,
      "z" : 0.0
    }, {
      "x" : 0.38196602,
      "y" : 0.0,
      "z" : 0.0
    }, {
      "x" : 1.0,
      "y" : 0.309017,
      "z" : -0.19098301
    }, {
      "x" : 1.0,
      "y" : -0.309017,
      "z" : -0.19098301
    }, {
      "x" : 6.854102,
      "y" : 0.0,
      "z" : 0.0
    } ],
    "faces" : [ {
      "vertices" : [ 1, 9, 4, 2 ]
    }, {
      "vertices" : [ 0, 3, 5, 8 ]
    }, {
      "vertices" : [ 1, 7, 9 ]
    }, {
      "vertices" : [ 0, 1, 2, 3 ]
    }, {
      "vertices" : [ 7, 8, 9 ]
    }, {
      "vertices" : [ 0, 7, 1 ]
    }, {
      "vertices" : [ 4, 9, 8, 5 ]
    }, {
      "vertices" : [ 2, 6, 3 ]
    }, {
      "vertices" : [ 2, 4, 6 ]
    }, {
      "vertices" : [ 3, 6, 5 ]
    }, {
      "vertices" : [ 4, 5, 6 ]
    }, {
      "vertices" : [ 0, 8, 7 ]
    } ]
  }, {
    "id" : "b3b7bcce-15ef-4b92-bcab-fe4b612cc699",
    "name" : "ball",
    "vertices" : [ {
      "x" : -0.309017,
      "y" : -0.19098301,
      "z" : 0.0
    }, {
      "x" : -0.309017,
      "y" : 0.19098301,
      "z" : 0.0
    }, {
      "x" : -0.19098301,
      "y" : 0.0,
      "z" : -0.309017
    }, {
      "x" : -0.19098301,
      "y" : 0.0,
      "z" : 0.309017
    }, {
      "x" : 0.0,
      "y" : -0.309017,
      "z" : -0.19098301
    }, {
      "x" : 0.0,
      "y" : -0.309017,
      "z" : 0.19098301
    }, {
      "x" : 0.0,
      "y" : 0.309017,
      "z" : -0.19098301
    }, {
      "x" : 0.0,
      "y" : 0.309017,
      "z" : 0.19098301
    }, {
      "x" : 0.19098301,
      "y" : 0.0,
      "z" : -0.309017
    }, {
      "x" : 0.19098301,
      "y" : 0.0,
      "z" : 0.309017
    }, {
      "x" : 0.309017,
      "y" : -0.19098301,
      "z" : 0.0
    }, {
      "x" : 0.309017,
      "y" : 0.19098301,
      "z" : 0.0
    } ],
    "faces" : [ {
      "vertices" : [ 0, 1, 2 ]
    }, {
      "vertices" : [ 0, 3, 1 ]
    }, {
      "vertices" : [ 0, 2, 4 ]
    }, {
      "vertices" : [ 0, 5, 3 ]
    }, {
      "vertices" : [ 0, 4, 5 ]
    }, {
      "vertices" : [ 1, 6, 2 ]
    }, {
      "vertices" : [ 1, 3, 7 ]
    }, {
      "vertices" : [ 1, 7, 6 ]
    }, {
      "vertices" : [ 2, 8, 4 ]
    }, {
      "vertices" : [ 2, 6, 8 ]
    }, {
      "vertices" : [ 3, 5, 9 ]
    }, {
      "vertices" : [ 3, 9, 7 ]
    }, {
      "vertices" : [ 4, 10, 5 ]
    }, {
      "vertices" : [ 4, 8, 10 ]
    }, {
      "vertices" : [ 5, 10, 9 ]
    }, {
      "vertices" : [ 6, 7, 11 ]
    }, {
      "vertices" : [ 6, 11, 8 ]
    }, {
      "vertices" : [ 7, 9, 11 ]
    }, {
      "vertices" : [ 8, 11, 10 ]
    }, {
      "vertices" : [ 9, 10, 11 ]
    } ]
  }, {
    "id" : "8f136173-8569-452f-b599-b5f7b362b845",
    "vertices" : [ {
      "x" : 0.0,
      "y" : 0.0,
      "z" : 0.0
    }, {
      "x" : 0.0,
      "y" : -6.854102,
      "z" : 0.0
    }, {
      "x" : 0.0,
      "y" : -6.854102,
      "z" : -4.236068
    }, {
      "x" : 0.0,
      "y" : 0.0,
      "z" : -4.236068
    } ],
    "faces" : [ {
      "vertices" : [ 0, 1, 2, 3 ]
    }, {
      "vertices" : [ 0, 3, 2, 1 ]
    } ]
  }, {
    "id" : "44ade89f-3454-4f7d-8efe-c135db2a7fe6",
    "orbit" : "green",
    "orbitC" : "[[2,-1,1],[5,-3,1]]",
    "length" : "[-1,3,4]",
    "name" : " :-1/4 +3/4*phi",
    "vertices" : [ {
      "x" : 10.376644,
      "y" : 3.9635255,
      "z" : -1.513932
    }, {
      "x" : 9.9946785,
      "y" : 3.5086105,
      "z" : -1.322949
    }, {
      "x" : 9.831559,
      "y" : 3.7725425,
      "z" : -1.75
    }, {
      "x" : 9.758611,
      "y" : 4.0364747,
      "z" : -1.559017
    }, {
      "x" : 0.85410196,
      "y" : 0.309017,
      "z" : 0.19098301
    }, {
      "x" : 0.690983,
      "y" : 0.572949,
      "z" : -0.23606798
    }, {
      "x" : 0.309017,
      "y" : 0.11803399,
      "z" : -0.045084972
    }, {
      "x" : 0.76393205,
      "y" : 0.309017,
      "z" : -0.42705098
    }, {
      "x" : 0.927051,
      "y" : 0.045084972,
      "z" : 0.0
    }, {
      "x" : 9.921729,
      "y" : 3.7725425,
      "z" : -1.131966
    }, {
      "x" : 10.685661,
      "y" : 4.0815597,
      "z" : -1.559017
    } ],
    "faces" : [ {
      "vertices" : [ 2, 7, 5, 3 ]
    }, {
      "vertices" : [ 1, 8, 7, 2 ]
    }, {
      "vertices" : [ 4, 6, 8 ]
    }, {
      "vertices" : [ 5, 7, 6 ]
    }, {
      "vertices" : [ 0, 1, 2 ]
    }, {
      "vertices" : [ 0, 2, 3 ]
    }, {
      "vertices" : [ 6, 7, 8 ]
    }, {
      "vertices" : [ 3, 5, 4, 9 ]
    }, {
      "vertices" : [ 1, 9, 4, 8 ]
    }, {
      "vertices" : [ 0, 9, 1 ]
    }, {
      "vertices" : [ 0, 3, 9 ]
    }, {
      "vertices" : [ 4, 5, 6 ]
    } ]
  }, {
    "id" : "2cbf3678-f5cd-425b-b38f-960429403edd",
    "orbit" : "green",
    "orbitC" : "[[2,-1,1],[5,-3,1]]",
    "length" : "[3,-1,4]",
    "name" : " :3/4 -1/4*phi",
    "vertices" : [ {
      "x" : 3.5225425,
      "y" : 1.3454915,
      "z" : -0.51393205
    }, {
      "x" : 3.1405764,
      "y" : 0.8905765,
      "z" : -0.32294902
    }, {
      "x" : 2.9774575,
      "y" : 1.1545085,
      "z" : -0.75
    }, {
      "x" : 2.9045086,
      "y" : 1.4184405,
      "z" : -0.559017
    }, {
      "x" : 0.85410196,
      "y" : 0.309017,
      "z" : 0.19098301
    }, {
      "x" : 0.690983,
      "y" : 0.572949,
      "z" : -0.23606798
    }, {
      "x" : 0.309017,
      "y" : 0.11803399,
      "z" : -0.045084972
    }, {
      "x" : 0.76393205,
      "y" : 0.309017,
      "z" : -0.42705098
    }, {
      "x" : 0.927051,
      "y" : 0.045084972,
      "z" : 0.0
    }, {
      "x" : 3.0676274,
      "y" : 1.1545085,
      "z" : -0.13196601
    }, {
      "x" : 3.8315594,
      "y" : 1.4635255,
      "z" : -0.559017
    } ],
    "faces" : [ {
      "vertices" : [ 2, 7, 5, 3 ]
    }, {
      "vertices" : [ 1, 8, 7, 2 ]
    }, {
      "vertices" : [ 4, 6, 8 ]
    }, {
      "vertices" : [ 5, 7, 6 ]
    }, {
      "vertices" : [ 0, 1, 2 ]
    }, {
      "vertices" : [ 0, 2, 3 ]
    }, {
      "vertices" : [ 6, 7, 8 ]
    }, {
      "vertices" : [ 3, 5, 4, 9 ]
    }, {
      "vertices" : [ 1, 9, 4, 8 ]
    }, {
      "vertices" : [ 0, 9, 1 ]
    }, {
      "vertices" : [ 0, 3, 9 ]
    }, {
      "vertices" : [ 4, 5, 6 ]
    } ]
  }, {
    "id" : "91313ca4-5ef1-4d2a-89ff-df904a4bf00a",
    "vertices" : [ {
      "x" : 0.0,
      "y" : 0.0,
      "z" : 0.0
    }, {
      "x" : 0.0,
      "y" : -6.854102,
      "z" : 0.0
    }, {
      "x" : -2.118034,
      "y" : -3.427051,
      "z" : -5.545085
    } ],
    "faces" : [ {
      "vertices" : [ 0, 1, 2 ]
    }, {
      "vertices" : [ 0, 2, 1 ]
    } ]
  }, {
    "id" : "8b511838-ae73-4dbf-aba0-ead4ceeebdf5",
    "vertices" : [ {
      "x" : 0.0,
      "y" : 0.0,
      "z" : 0.0
    }, {
      "x" : 0.0,
      "y" : 0.0,
      "z" : -4.236068
    }, {
      "x" : 0.0,
      "y" : 6.854102,
      "z" : -4.236068
    }, {
      "x" : 0.0,
      "y" : 6.854102,
      "z" : 0.0
    } ],
    "faces" : [ {
      "vertices" : [ 0, 1, 2, 3 ]
    }, {
      "vertices" : [ 0, 3, 2, 1 ]
    } ]
  }, {
    "id" : "77451314-c33f-482e-b700-a09e2e443811",
    "orbit" : "blue",
    "orbitC" : "[[0,0,1],[0,0,1]]",
    "length" : "[1,0,2]",
    "name" : " :1/2",
    "vertices" : [ {
      "x" : 1.0,
      "y" : 0.309017,
      "z" : 0.19098301
    }, {
      "x" : 1.0,
      "y" : -0.309017,
      "z" : 0.19098301
    }, {
      "x" : 3.236068,
      "y" : -0.309017,
      "z" : 0.19098301
    }, {
      "x" : 3.236068,
      "y" : 0.309017,
      "z" : 0.19098301
    }, {
      "x" : 3.236068,
      "y" : -0.309017,
      "z" : -0.19098301
    }, {
      "x" : 3.236068,
      "y" : 0.309017,
      "z" : -0.19098301
    }, {
      "x" : 3.854102,
      "y" : 0.0,
      "z" : 0.0
    }, {
      "x" : 0.38196602,
      "y" : 0.0,
      "z" : 0.0
    }, {
      "x" : 1.0,
      "y" : 0.309017,
      "z" : -0.19098301
    }, {
      "x" : 1.0,
      "y" : -0.309017,
      "z" : -0.19098301
    }, {
      "x" : 4.236068,
      "y" : 0.0,
      "z" : 0.0
    } ],
    "faces" : [ {
      "vertices" : [ 1, 9, 4, 2 ]
    }, {
      "vertices" : [ 0, 3, 5, 8 ]
    }, {
      "vertices" : [ 1, 7, 9 ]
    }, {
      "vertices" : [ 0, 1, 2, 3 ]
    }, {
      "vertices" : [ 7, 8, 9 ]
    }, {
      "vertices" : [ 0, 7, 1 ]
    }, {
      "vertices" : [ 4, 9, 8, 5 ]
    }, {
      "vertices" : [ 2, 6, 3 ]
    }, {
      "vertices" : [ 2, 4, 6 ]
    }, {
      "vertices" : [ 3, 6, 5 ]
    }, {
      "vertices" : [ 4, 5, 6 ]
    }, {
      "vertices" : [ 0, 8, 7 ]
    } ]
  }, {
    "id" : "0882ac19-f8be-4d35-9264-aaec2a983fbc",
    "vertices" : [ {
      "x" : 0.0,
      "y" : 0.0,
      "z" : 0.0
    }, {
      "x" : -2.118034,
      "y" : 3.427051,
      "z" : -5.545085
    }, {
      "x" : 0.0,
      "y" : 6.854102,
      "z" : 0.0
    } ],
    "faces" : [ {
      "vertices" : [ 0, 1, 2 ]
    }, {
      "vertices" : [ 0, 2, 1 ]
    } ]
  }, {
    "id" : "feffd83e-3397-4a0f-8965-c21da97e1839",
    "vertices" : [ {
      "x" : 0.0,
      "y" : 0.0,
      "z" : 0.0
    }, {
      "x" : 0.0,
      "y" : 0.0,
      "z" : 4.236068
    }, {
      "x" : 0.0,
      "y" : -6.854102,
      "z" : 4.236068
    }, {
      "x" : 0.0,
      "y" : -6.854102,
      "z" : 0.0
    } ],
    "faces" : [ {
      "vertices" : [ 0, 1, 2, 3 ]
    }, {
      "vertices" : [ 0, 3, 2, 1 ]
    } ]
  }, {
    "id" : "2bc6707b-d568-4ca5-b041-6d30b113ee31",
    "vertices" : [ {
      "x" : 0.0,
      "y" : 0.0,
      "z" : 0.0
    }, {
      "x" : 2.118034,
      "y" : 3.427051,
      "z" : 5.545085
    }, {
      "x" : 2.118034,
      "y" : -3.427051,
      "z" : 5.545085
    } ],
    "faces" : [ {
      "vertices" : [ 0, 1, 2 ]
    }, {
      "vertices" : [ 0, 2, 1 ]
    } ]
  } ],
  "instances" : [ {
    "shape" : "9cac69f2-4254-4a68-afc2-28b7b6446fe7",
    "color" : "#008EC2",
    "position" : {
      "x" : 6.854102,
      "y" : -3.427051,
      "z" : -8.972136
    },
    "orientation" : 39
  }, {
    "shape" : "9cac69f2-4254-4a68-afc2-28b7b6446fe7",
    "color" : "#008EC2",
    "position" : {
      "x" : -6.854102,
      "y" : 3.427051,
      "z" : -8.972136
    },
    "orientation" : 9
  }, {
    "shape" : "9cac69f2-4254-4a68-afc2-28b7b6446fe7",
    "color" : "#008EC2",
    "position" : {
      "x" : 2.118034,
      "y" : -11.09017,
      "z" : -3.427051
    },
    "orientation" : 2
  }, {
    "shape" : "b3b7bcce-15ef-4b92-bcab-fe4b612cc699",
    "color" : "#F2F2F2",
    "position" : {
      "x" : 6.854102,
      "y" : -3.427051,
      "z" : -8.972136
    }
  }, {
    "shape" : "8f136173-8569-452f-b599-b5f7b362b845",
    "color" : "#7FC6E0",
    "position" : {
      "x" : 3.427051,
      "y" : 2.118034,
      "z" : 11.09017
    },
    "orientation" : 2
  }, {
    "shape" : "b3b7bcce-15ef-4b92-bcab-fe4b612cc699",
    "color" : "#F2F2F2",
    "position" : {
      "x" : 3.427051,
      "y" : 2.118034,
      "z" : -11.09017
    }
  }, {
    "shape" : "44ade89f-3454-4f7d-8efe-c135db2a7fe6",
    "color" : "#00993F",
    "position" : {
      "x" : 11.09017,
      "y" : 8.163119,
      "z" : 0.0
    },
    "orientation" : 37
  }, {
    "shape" : "9cac69f2-4254-4a68-afc2-28b7b6446fe7",
    "color" : "#008EC2",
    "position" : {
      "x" : 3.427051,
      "y" : 8.972136,
      "z" : 6.854102
    },
    "orientation" : 26
  }, {
    "shape" : "44ade89f-3454-4f7d-8efe-c135db2a7fe6",
    "color" : "#00993F",
    "position" : {
      "x" : 8.163119,
      "y" : -11.09017,
      "z" : 0.0
    },
    "orientation" : 38
  }, {
    "shape" : "2cbf3678-f5cd-425b-b38f-960429403edd",
    "color" : "#00993F",
    "position" : {
      "x" : 0.0,
      "y" : -8.163119,
      "z" : 11.09017
    },
    "orientation" : 22
  }, {
    "shape" : "b3b7bcce-15ef-4b92-bcab-fe4b612cc699",
    "color" : "#F2F2F2",
    "position" : {
      "x" : 3.427051,
      "y" : 2.118034,
      "z" : 11.09017
    }
  }, {
    "shape" : "b3b7bcce-15ef-4b92-bcab-fe4b612cc699",
    "color" : "#F2F2F2",
    "position" : {
      "x" : 11.09017,
      "y" : 8.163119,
      "z" : 0.0
    }
  }, {
    "shape" : "b3b7bcce-15ef-4b92-bcab-fe4b612cc699",
    "color" : "#F2F2F2",
    "position" : {
      "x" : 0.0,
      "y" : 11.09017,
      "z" : 8.163119
    }
  }, {
    "shape" : "b3b7bcce-15ef-4b92-bcab-fe4b612cc699",
    "color" : "#F2F2F2",
    "position" : {
      "x" : 8.163119,
      "y" : 0.0,
      "z" : -11.09017
    }
  }, {
    "shape" : "2cbf3678-f5cd-425b-b38f-960429403edd",
    "color" : "#00993F",
    "position" : {
      "x" : -8.163119,
      "y" : -11.09017,
      "z" : 0.0
    },
    "orientation" : 51
  }, {
    "shape" : "44ade89f-3454-4f7d-8efe-c135db2a7fe6",
    "color" : "#00993F",
    "position" : {
      "x" : 8.163119,
      "y" : -11.09017,
      "z" : 0.0
    },
    "orientation" : 53
  }, {
    "shape" : "b3b7bcce-15ef-4b92-bcab-fe4b612cc699",
    "color" : "#F2F2F2",
    "position" : {
      "x" : 3.427051,
      "y" : -2.118034,
      "z" : 11.09017
    }
  }, {
    "shape" : "44ade89f-3454-4f7d-8efe-c135db2a7fe6",
    "color" : "#00993F",
    "position" : {
      "x" : -8.163119,
      "y" : -11.09017,
      "z" : 0.0
    },
    "orientation" : 8
  }, {
    "shape" : "91313ca4-5ef1-4d2a-89ff-df904a4bf00a",
    "color" : "#FFD98C",
    "position" : {
      "x" : 8.972136,
      "y" : -6.854102,
      "z" : -3.427051
    },
    "orientation" : 24
  }, {
    "shape" : "44ade89f-3454-4f7d-8efe-c135db2a7fe6",
    "color" : "#00993F",
    "position" : {
      "x" : 0.0,
      "y" : 8.163119,
      "z" : 11.09017
    },
    "orientation" : 21
  }, {
    "shape" : "44ade89f-3454-4f7d-8efe-c135db2a7fe6",
    "color" : "#00993F",
    "position" : {
      "x" : 0.0,
      "y" : 8.163119,
      "z" : -11.09017
    },
    "orientation" : 21
  }, {
    "shape" : "9cac69f2-4254-4a68-afc2-28b7b6446fe7",
    "color" : "#008EC2",
    "position" : {
      "x" : -3.427051,
      "y" : -8.972136,
      "z" : 6.854102
    },
    "orientation" : 56
  }, {
    "shape" : "8b511838-ae73-4dbf-aba0-ead4ceeebdf5",
    "color" : "#7FC6E0",
    "position" : {
      "x" : 3.427051,
      "y" : 2.118034,
      "z" : -11.09017
    },
    "orientation" : 47
  }, {
    "shape" : "b3b7bcce-15ef-4b92-bcab-fe4b612cc699",
    "color" : "#F2F2F2",
    "position" : {
      "x" : -8.972136,
      "y" : -6.854102,
      "z" : -3.427051
    }
  }, {
    "shape" : "b3b7bcce-15ef-4b92-bcab-fe4b612cc699",
    "color" : "#F2F2F2",
    "position" : {
      "x" : -11.09017,
      "y" : 3.427051,
      "z" : -2.118034
    }
  }, {
    "shape" : "b3b7bcce-15ef-4b92-bcab-fe4b612cc699",
    "color" : "#F2F2F2",
    "position" : {
      "x" : 8.972136,
      "y" : 6.854102,
      "z" : -3.427051
    }
  }, {
    "shape" : "44ade89f-3454-4f7d-8efe-c135db2a7fe6",
    "color" : "#00993F",
    "position" : {
      "x" : 11.09017,
      "y" : 8.163119,
      "z" : 0.0
    },
    "orientation" : 22
  }, {
    "shape" : "b3b7bcce-15ef-4b92-bcab-fe4b612cc699",
    "color" : "#F2F2F2",
    "position" : {
      "x" : 0.0,
      "y" : -11.09017,
      "z" : 8.163119
    }
  }, {
    "shape" : "b3b7bcce-15ef-4b92-bcab-fe4b612cc699",
    "color" : "#F2F2F2",
    "position" : {
      "x" : -3.427051,
      "y" : 8.972136,
      "z" : 6.854102
    }
  }, {
    "shape" : "44ade89f-3454-4f7d-8efe-c135db2a7fe6",
    "color" : "#00993F",
    "position" : {
      "x" : 0.0,
      "y" : 11.09017,
      "z" : 8.163119
    },
    "orientation" : 53
  }, {
    "shape" : "9cac69f2-4254-4a68-afc2-28b7b6446fe7",
    "color" : "#008EC2",
    "position" : {
      "x" : -8.972136,
      "y" : 6.854102,
      "z" : -3.427051
    },
    "orientation" : 25
  }, {
    "shape" : "b3b7bcce-15ef-4b92-bcab-fe4b612cc699",
    "color" : "#F2F2F2",
    "position" : {
      "x" : -6.854102,
      "y" : -3.427051,
      "z" : 8.972136
    }
  }, {
    "shape" : "b3b7bcce-15ef-4b92-bcab-fe4b612cc699",
    "color" : "#F2F2F2",
    "position" : {
      "x" : -11.09017,
      "y" : 8.163119,
      "z" : 0.0
    }
  }, {
    "shape" : "9cac69f2-4254-4a68-afc2-28b7b6446fe7",
    "color" : "#008EC2",
    "position" : {
      "x" : 3.427051,
      "y" : 8.972136,
      "z" : -6.854102
    },
    "orientation" : 8
  }, {
    "shape" : "b3b7bcce-15ef-4b92-bcab-fe4b612cc699",
    "color" : "#F2F2F2",
    "position" : {
      "x" : -11.09017,
      "y" : 0.0,
      "z" : -8.163119
    }
  }, {
    "shape" : "b3b7bcce-15ef-4b92-bcab-fe4b612cc699",
    "color" : "#F2F2F2",
    "position" : {
      "x" : -8.163119,
      "y" : 0.0,
      "z" : 11.09017
    }
  }, {
    "shape" : "9cac69f2-4254-4a68-afc2-28b7b6446fe7",
    "color" : "#008EC2",
    "position" : {
      "x" : -6.854102,
      "y" : -3.427051,
      "z" : -8.972136
    },
    "orientation" : 21
  }, {
    "shape" : "9cac69f2-4254-4a68-afc2-28b7b6446fe7",
    "color" : "#008EC2",
    "position" : {
      "x" : 3.427051,
      "y" : -8.972136,
      "z" : -6.854102
    },
    "orientation" : 11
  }, {
    "shape" : "77451314-c33f-482e-b700-a09e2e443811",
    "color" : "#008EC2",
    "position" : {
      "x" : -2.118034,
      "y" : 11.09017,
      "z" : 3.427051
    },
    "orientation" : 0
  }, {
    "shape" : "b3b7bcce-15ef-4b92-bcab-fe4b612cc699",
    "color" : "#F2F2F2",
    "position" : {
      "x" : 6.854102,
      "y" : -3.427051,
      "z" : 8.972136
    }
  }, {
    "shape" : "77451314-c33f-482e-b700-a09e2e443811",
    "color" : "#008EC2",
    "position" : {
      "x" : -3.427051,
      "y" : 2.118034,
      "z" : 11.09017
    },
    "orientation" : 16
  }, {
    "shape" : "9cac69f2-4254-4a68-afc2-28b7b6446fe7",
    "color" : "#008EC2",
    "position" : {
      "x" : -2.118034,
      "y" : 11.09017,
      "z" : -3.427051
    },
    "orientation" : 2
  }, {
    "shape" : "8f136173-8569-452f-b599-b5f7b362b845",
    "color" : "#7FC6E0",
    "position" : {
      "x" : 11.09017,
      "y" : 3.427051,
      "z" : 2.118034
    },
    "orientation" : 0
  }, {
    "shape" : "b3b7bcce-15ef-4b92-bcab-fe4b612cc699",
    "color" : "#F2F2F2",
    "position" : {
      "x" : -11.09017,
      "y" : -3.427051,
      "z" : 2.118034
    }
  }, {
    "shape" : "b3b7bcce-15ef-4b92-bcab-fe4b612cc699",
    "color" : "#F2F2F2",
    "position" : {
      "x" : 8.163119,
      "y" : 0.0,
      "z" : 11.09017
    }
  }, {
    "shape" : "9cac69f2-4254-4a68-afc2-28b7b6446fe7",
    "color" : "#008EC2",
    "position" : {
      "x" : -11.09017,
      "y" : -3.427051,
      "z" : 2.118034
    },
    "orientation" : 1
  }, {
    "shape" : "8b511838-ae73-4dbf-aba0-ead4ceeebdf5",
    "color" : "#7FC6E0",
    "position" : {
      "x" : 2.118034,
      "y" : -11.09017,
      "z" : 3.427051
    },
    "orientation" : 16
  }, {
    "shape" : "2cbf3678-f5cd-425b-b38f-960429403edd",
    "color" : "#00993F",
    "position" : {
      "x" : 0.0,
      "y" : 11.09017,
      "z" : 8.163119
    },
    "orientation" : 37
  }, {
    "shape" : "0882ac19-f8be-4d35-9264-aaec2a983fbc",
    "color" : "#FFD98C",
    "position" : {
      "x" : -8.972136,
      "y" : 6.854102,
      "z" : 3.427051
    },
    "orientation" : 4
  }, {
    "shape" : "b3b7bcce-15ef-4b92-bcab-fe4b612cc699",
    "color" : "#F2F2F2",
    "position" : {
      "x" : -11.09017,
      "y" : -3.427051,
      "z" : -2.118034
    }
  }, {
    "shape" : "9cac69f2-4254-4a68-afc2-28b7b6446fe7",
    "color" : "#008EC2",
    "position" : {
      "x" : -3.427051,
      "y" : 8.972136,
      "z" : -6.854102
    },
    "orientation" : 41
  }, {
    "shape" : "b3b7bcce-15ef-4b92-bcab-fe4b612cc699",
    "color" : "#F2F2F2",
    "position" : {
      "x" : 8.972136,
      "y" : -6.854102,
      "z" : -3.427051
    }
  }, {
    "shape" : "b3b7bcce-15ef-4b92-bcab-fe4b612cc699",
    "color" : "#F2F2F2",
    "position" : {
      "x" : -6.854102,
      "y" : -3.427051,
      "z" : -8.972136
    }
  }, {
    "shape" : "b3b7bcce-15ef-4b92-bcab-fe4b612cc699",
    "color" : "#F2F2F2",
    "position" : {
      "x" : -6.854102,
      "y" : 3.427051,
      "z" : 8.972136
    }
  }, {
    "shape" : "2cbf3678-f5cd-425b-b38f-960429403edd",
    "color" : "#00993F",
    "position" : {
      "x" : -8.163119,
      "y" : 11.09017,
      "z" : 0.0
    },
    "orientation" : 36
  }, {
    "shape" : "b3b7bcce-15ef-4b92-bcab-fe4b612cc699",
    "color" : "#F2F2F2",
    "position" : {
      "x" : 0.0,
      "y" : 11.09017,
      "z" : -8.163119
    }
  }, {
    "shape" : "44ade89f-3454-4f7d-8efe-c135db2a7fe6",
    "color" : "#00993F",
    "position" : {
      "x" : 0.0,
      "y" : -8.163119,
      "z" : 11.09017
    },
    "orientation" : 51
  }, {
    "shape" : "b3b7bcce-15ef-4b92-bcab-fe4b612cc699",
    "color" : "#F2F2F2",
    "position" : {
      "x" : 3.427051,
      "y" : 8.972136,
      "z" : 6.854102
    }
  }, {
    "shape" : "b3b7bcce-15ef-4b92-bcab-fe4b612cc699",
    "color" : "#F2F2F2",
    "position" : {
      "x" : 3.427051,
      "y" : -8.972136,
      "z" : -6.854102
    }
  }, {
    "shape" : "44ade89f-3454-4f7d-8efe-c135db2a7fe6",
    "color" : "#00993F",
    "position" : {
      "x" : 0.0,
      "y" : -8.163119,
      "z" : -11.09017
    },
    "orientation" : 51
  }, {
    "shape" : "9cac69f2-4254-4a68-afc2-28b7b6446fe7",
    "color" : "#008EC2",
    "position" : {
      "x" : 8.972136,
      "y" : 6.854102,
      "z" : -3.427051
    },
    "orientation" : 22
  }, {
    "shape" : "9cac69f2-4254-4a68-afc2-28b7b6446fe7",
    "color" : "#008EC2",
    "position" : {
      "x" : 8.972136,
      "y" : 6.854102,
      "z" : 3.427051
    },
    "orientation" : 40
  }, {
    "shape" : "feffd83e-3397-4a0f-8965-c21da97e1839",
    "color" : "#7FC6E0",
    "position" : {
      "x" : -11.09017,
      "y" : 3.427051,
      "z" : 2.118034
    },
    "orientation" : 45
  }, {
    "shape" : "9cac69f2-4254-4a68-afc2-28b7b6446fe7",
    "color" : "#008EC2",
    "position" : {
      "x" : -3.427051,
      "y" : 2.118034,
      "z" : -11.09017
    },
    "orientation" : 0
  }, {
    "shape" : "2cbf3678-f5cd-425b-b38f-960429403edd",
    "color" : "#00993F",
    "position" : {
      "x" : 11.09017,
      "y" : 8.163119,
      "z" : 0.0
    },
    "orientation" : 51
  }, {
    "shape" : "44ade89f-3454-4f7d-8efe-c135db2a7fe6",
    "color" : "#00993F",
    "position" : {
      "x" : 0.0,
      "y" : 11.09017,
      "z" : 8.163119
    },
    "orientation" : 23
  }, {
    "shape" : "9cac69f2-4254-4a68-afc2-28b7b6446fe7",
    "color" : "#008EC2",
    "position" : {
      "x" : -3.427051,
      "y" : -8.972136,
      "z" : -6.854102
    },
    "orientation" : 38
  }, {
    "shape" : "77451314-c33f-482e-b700-a09e2e443811",
    "color" : "#008EC2",
    "position" : {
      "x" : -3.427051,
      "y" : -2.118034,
      "z" : -11.09017
    },
    "orientation" : 1
  }, {
    "shape" : "b3b7bcce-15ef-4b92-bcab-fe4b612cc699",
    "color" : "#F2F2F2",
    "position" : {
      "x" : 6.854102,
      "y" : 3.427051,
      "z" : 8.972136
    }
  }, {
    "shape" : "0882ac19-f8be-4d35-9264-aaec2a983fbc",
    "color" : "#FFD98C",
    "position" : {
      "x" : 3.427051,
      "y" : -8.972136,
      "z" : 6.854102
    },
    "orientation" : 5
  }, {
    "shape" : "b3b7bcce-15ef-4b92-bcab-fe4b612cc699",
    "color" : "#F2F2F2",
    "position" : {
      "x" : -3.427051,
      "y" : 2.118034,
      "z" : -11.09017
    }
  }, {
    "shape" : "b3b7bcce-15ef-4b92-bcab-fe4b612cc699",
    "color" : "#F2F2F2",
    "position" : {
      "x" : 11.09017,
      "y" : 3.427051,
      "z" : -2.118034
    }
  }, {
    "shape" : "b3b7bcce-15ef-4b92-bcab-fe4b612cc699",
    "color" : "#F2F2F2",
    "position" : {
      "x" : -8.972136,
      "y" : -6.854102,
      "z" : 3.427051
    }
  }, {
    "shape" : "b3b7bcce-15ef-4b92-bcab-fe4b612cc699",
    "color" : "#F2F2F2",
    "position" : {
      "x" : -8.163119,
      "y" : 0.0,
      "z" : -11.09017
    }
  }, {
    "shape" : "9cac69f2-4254-4a68-afc2-28b7b6446fe7",
    "color" : "#008EC2",
    "position" : {
      "x" : -6.854102,
      "y" : -3.427051,
      "z" : 8.972136
    },
    "orientation" : 24
  }, {
    "shape" : "77451314-c33f-482e-b700-a09e2e443811",
    "color" : "#008EC2",
    "position" : {
      "x" : 11.09017,
      "y" : 3.427051,
      "z" : -2.118034
    },
    "orientation" : 2
  }, {
    "shape" : "2cbf3678-f5cd-425b-b38f-960429403edd",
    "color" : "#00993F",
    "position" : {
      "x" : 8.163119,
      "y" : 0.0,
      "z" : 11.09017
    },
    "orientation" : 23
  }, {
    "shape" : "44ade89f-3454-4f7d-8efe-c135db2a7fe6",
    "color" : "#00993F",
    "position" : {
      "x" : -11.09017,
      "y" : 0.0,
      "z" : 8.163119
    },
    "orientation" : 22
  }, {
    "shape" : "b3b7bcce-15ef-4b92-bcab-fe4b612cc699",
    "color" : "#F2F2F2",
    "position" : {
      "x" : -3.427051,
      "y" : 8.972136,
      "z" : -6.854102
    }
  }, {
    "shape" : "44ade89f-3454-4f7d-8efe-c135db2a7fe6",
    "color" : "#00993F",
    "position" : {
      "x" : -8.163119,
      "y" : -11.09017,
      "z" : 0.0
    },
    "orientation" : 23
  }, {
    "shape" : "b3b7bcce-15ef-4b92-bcab-fe4b612cc699",
    "color" : "#F2F2F2",
    "position" : {
      "x" : 3.427051,
      "y" : -8.972136,
      "z" : 6.854102
    }
  }, {
    "shape" : "44ade89f-3454-4f7d-8efe-c135db2a7fe6",
    "color" : "#00993F",
    "position" : {
      "x" : 0.0,
      "y" : -8.163119,
      "z" : 11.09017
    },
    "orientation" : 6
  }, {
    "shape" : "b3b7bcce-15ef-4b92-bcab-fe4b612cc699",
    "color" : "#F2F2F2",
    "position" : {
      "x" : 3.427051,
      "y" : -2.118034,
      "z" : -11.09017
    }
  }, {
    "shape" : "b3b7bcce-15ef-4b92-bcab-fe4b612cc699",
    "color" : "#F2F2F2",
    "position" : {
      "x" : 8.972136,
      "y" : 6.854102,
      "z" : 3.427051
    }
  }, {
    "shape" : "b3b7bcce-15ef-4b92-bcab-fe4b612cc699",
    "color" : "#F2F2F2",
    "position" : {
      "x" : -3.427051,
      "y" : -8.972136,
      "z" : -6.854102
    }
  }, {
    "shape" : "9cac69f2-4254-4a68-afc2-28b7b6446fe7",
    "color" : "#008EC2",
    "position" : {
      "x" : 3.427051,
      "y" : -8.972136,
      "z" : 6.854102
    },
    "orientation" : 23
  }, {
    "shape" : "9cac69f2-4254-4a68-afc2-28b7b6446fe7",
    "color" : "#008EC2",
    "position" : {
      "x" : 11.09017,
      "y" : 3.427051,
      "z" : 2.118034
    },
    "orientation" : 16
  }, {
    "shape" : "77451314-c33f-482e-b700-a09e2e443811",
    "color" : "#008EC2",
    "position" : {
      "x" : -11.09017,
      "y" : 3.427051,
      "z" : 2.118034
    },
    "orientation" : 47
  }, {
    "shape" : "b3b7bcce-15ef-4b92-bcab-fe4b612cc699",
    "color" : "#F2F2F2",
    "position" : {
      "x" : 2.118034,
      "y" : -11.09017,
      "z" : 3.427051
    }
  }, {
    "shape" : "b3b7bcce-15ef-4b92-bcab-fe4b612cc699",
    "color" : "#F2F2F2",
    "position" : {
      "x" : -8.972136,
      "y" : 6.854102,
      "z" : 3.427051
    }
  }, {
    "shape" : "9cac69f2-4254-4a68-afc2-28b7b6446fe7",
    "color" : "#008EC2",
    "position" : {
      "x" : 8.972136,
      "y" : -6.854102,
      "z" : -3.427051
    },
    "orientation" : 55
  }, {
    "shape" : "9cac69f2-4254-4a68-afc2-28b7b6446fe7",
    "color" : "#008EC2",
    "position" : {
      "x" : 6.854102,
      "y" : 3.427051,
      "z" : 8.972136
    },
    "orientation" : 54
  }, {
    "shape" : "9cac69f2-4254-4a68-afc2-28b7b6446fe7",
    "color" : "#008EC2",
    "position" : {
      "x" : -8.972136,
      "y" : -6.854102,
      "z" : -3.427051
    },
    "orientation" : 52
  }, {
    "shape" : "77451314-c33f-482e-b700-a09e2e443811",
    "color" : "#008EC2",
    "position" : {
      "x" : 2.118034,
      "y" : -11.09017,
      "z" : 3.427051
    },
    "orientation" : 45
  }, {
    "shape" : "44ade89f-3454-4f7d-8efe-c135db2a7fe6",
    "color" : "#00993F",
    "position" : {
      "x" : 11.09017,
      "y" : -8.163119,
      "z" : 0.0
    },
    "orientation" : 52
  }, {
    "shape" : "b3b7bcce-15ef-4b92-bcab-fe4b612cc699",
    "color" : "#F2F2F2",
    "position" : {
      "x" : 11.09017,
      "y" : 0.0,
      "z" : 8.163119
    }
  }, {
    "shape" : "77451314-c33f-482e-b700-a09e2e443811",
    "color" : "#008EC2",
    "position" : {
      "x" : 3.427051,
      "y" : -2.118034,
      "z" : 11.09017
    },
    "orientation" : 1
  }, {
    "shape" : "9cac69f2-4254-4a68-afc2-28b7b6446fe7",
    "color" : "#008EC2",
    "position" : {
      "x" : 3.427051,
      "y" : -2.118034,
      "z" : -11.09017
    },
    "orientation" : 45
  }, {
    "shape" : "b3b7bcce-15ef-4b92-bcab-fe4b612cc699",
    "color" : "#F2F2F2",
    "position" : {
      "x" : 2.118034,
      "y" : 11.09017,
      "z" : -3.427051
    }
  }, {
    "shape" : "b3b7bcce-15ef-4b92-bcab-fe4b612cc699",
    "color" : "#F2F2F2",
    "position" : {
      "x" : 3.427051,
      "y" : 8.972136,
      "z" : -6.854102
    }
  }, {
    "shape" : "91313ca4-5ef1-4d2a-89ff-df904a4bf00a",
    "color" : "#FFD98C",
    "position" : {
      "x" : -8.972136,
      "y" : 6.854102,
      "z" : -3.427051
    },
    "orientation" : 54
  }, {
    "shape" : "b3b7bcce-15ef-4b92-bcab-fe4b612cc699",
    "color" : "#F2F2F2",
    "position" : {
      "x" : 11.09017,
      "y" : 3.427051,
      "z" : 2.118034
    }
  }, {
    "shape" : "9cac69f2-4254-4a68-afc2-28b7b6446fe7",
    "color" : "#008EC2",
    "position" : {
      "x" : 6.854102,
      "y" : -3.427051,
      "z" : 8.972136
    },
    "orientation" : 36
  }, {
    "shape" : "77451314-c33f-482e-b700-a09e2e443811",
    "color" : "#008EC2",
    "position" : {
      "x" : 3.427051,
      "y" : 2.118034,
      "z" : -11.09017
    },
    "orientation" : 16
  }, {
    "shape" : "b3b7bcce-15ef-4b92-bcab-fe4b612cc699",
    "color" : "#F2F2F2",
    "position" : {
      "x" : 0.0,
      "y" : -8.163119,
      "z" : -11.09017
    }
  }, {
    "shape" : "9cac69f2-4254-4a68-afc2-28b7b6446fe7",
    "color" : "#008EC2",
    "position" : {
      "x" : 11.09017,
      "y" : -3.427051,
      "z" : -2.118034
    },
    "orientation" : 1
  }, {
    "shape" : "b3b7bcce-15ef-4b92-bcab-fe4b612cc699",
    "color" : "#F2F2F2",
    "position" : {
      "x" : -11.09017,
      "y" : -8.163119,
      "z" : 0.0
    }
  }, {
    "shape" : "44ade89f-3454-4f7d-8efe-c135db2a7fe6",
    "color" : "#00993F",
    "position" : {
      "x" : -11.09017,
      "y" : 0.0,
      "z" : -8.163119
    },
    "orientation" : 7
  }, {
    "shape" : "44ade89f-3454-4f7d-8efe-c135db2a7fe6",
    "color" : "#00993F",
    "position" : {
      "x" : 0.0,
      "y" : -8.163119,
      "z" : -11.09017
    },
    "orientation" : 6
  }, {
    "shape" : "b3b7bcce-15ef-4b92-bcab-fe4b612cc699",
    "color" : "#F2F2F2",
    "position" : {
      "x" : -2.118034,
      "y" : 11.09017,
      "z" : 3.427051
    }
  }, {
    "shape" : "b3b7bcce-15ef-4b92-bcab-fe4b612cc699",
    "color" : "#F2F2F2",
    "position" : {
      "x" : -3.427051,
      "y" : -8.972136,
      "z" : 6.854102
    }
  }, {
    "shape" : "b3b7bcce-15ef-4b92-bcab-fe4b612cc699",
    "color" : "#F2F2F2",
    "position" : {
      "x" : 2.118034,
      "y" : 11.09017,
      "z" : 3.427051
    }
  }, {
    "shape" : "44ade89f-3454-4f7d-8efe-c135db2a7fe6",
    "color" : "#00993F",
    "position" : {
      "x" : -11.09017,
      "y" : 0.0,
      "z" : 8.163119
    },
    "orientation" : 52
  }, {
