{
  "field" : "golden",
  "symmetry" : "icosahedral",
  "orientations" : [ [ 1.0, 0.0, 0.0, 0.0, 0.0, 1.0, 0.0, 0.0, 0.0, 0.0, 1.0, 0.0, 0.0, 0.0, 0.0, 1.0 ], [ 0.0, 0.0, 1.0, 0.0, 1.0, 0.0, 0.0, 0.0, 0.0, 1.0, 0.0, 0.0, 0.0, 0.0, 0.0, 1.0 ], [ 0.0, 1.0, 0.0, 0.0, 0.0, 0.0, 1.0, 0.0, 1.0, 0.0, 0.0, 0.0, 0.0, 0.0, 0.0, 1.0 ], [ 0.809017, 0.309017, 0.5, 0.0, 0.309017, 0.5, -0.809017, 0.0, -0.5, 0.809017, 0.309017, 0.0, 0.0, 0.0, 0.0, 1.0 ], [ -0.5, 0.809017, 0.309017, 0.0, 0.809017, 0.309017, 0.5, 0.0, 0.309017, 0.5, -0.809017, 0.0, 0.0, 0.0, 0.0, 1.0 ], [ 0.309017, 0.5, -0.809017, 0.0, -0.5, 0.809017, 0.309017, 0.0, 0.809017, 0.309017, 0.5, 0.0, 0.0, 0.0, 0.0, 1.0 ], [ 0.5, 0.809017, 0.309017, 0.0, 0.809017, -0.309017, -0.5, 0.0, -0.309017, 0.5, -0.809017, 0.0, 0.0, 0.0, 0.0, 1.0 ], [ -0.309017, 0.5, -0.809017, 0.0, 0.5, 0.809017, 0.309017, 0.0, 0.809017, -0.309017, -0.5, 0.0, 0.0, 0.0, 0.0, 1.0 ], [ 0.809017, -0.309017, -0.5, 0.0, -0.309017, 0.5, -0.809017, 0.0, 0.5, 0.809017, 0.309017, 0.0, 0.0, 0.0, 0.0, 1.0 ], [ 0.5, 0.809017, -0.309017, 0.0, 0.809017, -0.309017, 0.5, 0.0, 0.309017, -0.5, -0.809017, 0.0, 0.0, 0.0, 0.0, 1.0 ], [ 0.309017, -0.5, -0.809017, 0.0, 0.5, 0.809017, -0.309017, 0.0, 0.809017, -0.309017, 0.5, 0.0, 0.0, 0.0, 0.0, 1.0 ], [ 0.809017, -0.309017, 0.5, 0.0, 0.309017, -0.5, -0.809017, 0.0, 0.5, 0.809017, -0.309017, 0.0, 0.0, 0.0, 0.0, 1.0 ], [ 0.809017, 0.309017, -0.5, 0.0, 0.309017, 0.5, 0.809017, 0.0, 0.5, -0.809017, 0.309017, 0.0, 0.0, 0.0, 0.0, 1.0 ], [ 0.5, -0.809017, 0.309017, 0.0, 0.809017, 0.309017, -0.5, 0.0, 0.309017, 0.5, 0.809017, 0.0, 0.0, 0.0, 0.0, 1.0 ], [ 0.309017, 0.5, 0.809017, 0.0, 0.5, -0.809017, 0.309017, 0.0, 0.809017, 0.309017, -0.5, 0.0, 0.0, 0.0, 0.0, 1.0 ], [ 1.0, 0.0, 0.0, 0.0, 0.0, -1.0, 0.0, 0.0, 0.0, 0.0, -1.0, 0.0, 0.0, 0.0, 0.0, 1.0 ], [ 0.0, 0.0, 1.0, 0.0, -1.0, 0.0, 0.0, 0.0, 0.0, -1.0, 0.0, 0.0, 0.0, 0.0, 0.0, 1.0 ], [ 0.0, 1.0, 0.0, 0.0, 0.0, 0.0, -1.0, 0.0, -1.0, 0.0, 0.0, 0.0, 0.0, 0.0, 0.0, 1.0 ], [ 0.809017, 0.309017, 0.5, 0.0, -0.309017, -0.5, 0.809017, 0.0, 0.5, -0.809017, -0.309017, 0.0, 0.0, 0.0, 0.0, 1.0 ], [ -0.5, 0.809017, 0.309017, 0.0, -0.809017, -0.309017, -0.5, 0.0, -0.309017, -0.5, 0.809017, 0.0, 0.0, 0.0, 0.0, 1.0 ], [ 0.309017, 0.5, -0.809017, 0.0, 0.5, -0.809017, -0.309017, 0.0, -0.809017, -0.309017, -0.5, 0.0, 0.0, 0.0, 0.0, 1.0 ], [ 0.5, 0.809017, 0.309017, 0.0, -0.809017, 0.309017, 0.5, 0.0, 0.309017, -0.5, 0.809017, 0.0, 0.0, 0.0, 0.0, 1.0 ], [ -0.309017, 0.5, -0.809017, 0.0, -0.5, -0.809017, -0.309017, 0.0, -0.809017, 0.309017, 0.5, 0.0, 0.0, 0.0, 0.0, 1.0 ], [ 0.809017, -0.309017, -0.5, 0.0, 0.309017, -0.5, 0.809017, 0.0, -0.5, -0.809017, -0.309017, 0.0, 0.0, 0.0, 0.0, 1.0 ], [ 0.5, 0.809017, -0.309017, 0.0, -0.809017, 0.309017, -0.5, 0.0, -0.309017, 0.5, 0.809017, 0.0, 0.0, 0.0, 0.0, 1.0 ], [ 0.309017, -0.5, -0.809017, 0.0, -0.5, -0.809017, 0.309017, 0.0, -0.809017, 0.309017, -0.5, 0.0, 0.0, 0.0, 0.0, 1.0 ], [ 0.809017, -0.309017, 0.5, 0.0, -0.309017, 0.5, 0.809017, 0.0, -0.5, -0.809017, 0.309017, 0.0, 0.0, 0.0, 0.0, 1.0 ], [ 0.809017, 0.309017, -0.5, 0.0, -0.309017, -0.5, -0.809017, 0.0, -0.5, 0.809017, -0.309017, 0.0, 0.0, 0.0, 0.0, 1.0 ], [ 0.5, -0.809017, 0.309017, 0.0, -0.809017, -0.309017, 0.5, 0.0, -0.309017, -0.5, -0.809017, 0.0, 0.0, 0.0, 0.0, 1.0 ], [ 0.309017, 0.5, 0.809017, 0.0, -0.5, 0.809017, -0.309017, 0.0, -0.809017, -0.309017, 0.5, 0.0, 0.0, 0.0, 0.0, 1.0 ], [ -1.0, 0.0, 0.0, 0.0, 0.0, -1.0, 0.0, 0.0, 0.0, 0.0, 1.0, 0.0, 0.0, 0.0, 0.0, 1.0 ], [ 0.0, 0.0, -1.0, 0.0, -1.0, 0.0, 0.0, 0.0, 0.0, 1.0, 0.0, 0.0, 0.0, 0.0, 0.0, 1.0 ], [ 0.0, -1.0, 0.0, 0.0, 0.0, 0.0, -1.0, 0.0, 1.0, 0.0, 0.0, 0.0, 0.0, 0.0, 0.0, 1.0 ], [ -0.809017, -0.309017, -0.5, 0.0, -0.309017, -0.5, 0.809017, 0.0, -0.5, 0.809017, 0.309017, 0.0, 0.0, 0.0, 0.0, 1.0 ], [ 0.5, -0.809017, -0.309017, 0.0, -0.809017, -0.309017, -0.5, 0.0, 0.309017, 0.5, -0.809017, 0.0, 0.0, 0.0, 0.0, 1.0 ], [ -0.309017, -0.5, 0.809017, 0.0, 0.5, -0.809017, -0.309017, 0.0, 0.809017, 0.309017, 0.5, 0.0, 0.0, 0.0, 0.0, 1.0 ], [ -0.5, -0.809017, -0.309017, 0.0, -0.809017, 0.309017, 0.5, 0.0, -0.309017, 0.5, -0.809017, 0.0, 0.0, 0.0, 0.0, 1.0 ], [ 0.309017, -0.5, 0.809017, 0.0, -0.5, -0.809017, -0.309017, 0.0, 0.809017, -0.309017, -0.5, 0.0, 0.0, 0.0, 0.0, 1.0 ], [ -0.809017, 0.309017, 0.5, 0.0, 0.309017, -0.5, 0.809017, 0.0, 0.5, 0.809017, 0.309017, 0.0, 0.0, 0.0, 0.0, 1.0 ], [ -0.5, -0.809017, 0.309017, 0.0, -0.809017, 0.309017, -0.5, 0.0, 0.309017, -0.5, -0.809017, 0.0, 0.0, 0.0, 0.0, 1.0 ], [ -0.309017, 0.5, 0.809017, 0.0, -0.5, -0.809017, 0.309017, 0.0, 0.809017, -0.309017, 0.5, 0.0, 0.0, 0.0, 0.0, 1.0 ], [ -0.809017, 0.309017, -0.5, 0.0, -0.309017, 0.5, 0.809017, 0.0, 0.5, 0.809017, -0.309017, 0.0, 0.0, 0.0, 0.0, 1.0 ], [ -0.809017, -0.309017, 0.5, 0.0, -0.309017, -0.5, -0.809017, 0.0, 0.5, -0.809017, 0.309017, 0.0, 0.0, 0.0, 0.0, 1.0 ], [ -0.5, 0.809017, -0.309017, 0.0, -0.809017, -0.309017, 0.5, 0.0, 0.309017, 0.5, 0.809017, 0.0, 0.0, 0.0, 0.0, 1.0 ], [ -0.309017, -0.5, -0.809017, 0.0, -0.5, 0.809017, -0.309017, 0.0, 0.809017, 0.309017, -0.5, 0.0, 0.0, 0.0, 0.0, 1.0 ], [ -1.0, 0.0, 0.0, 0.0, 0.0, 1.0, 0.0, 0.0, 0.0, 0.0, -1.0, 0.0, 0.0, 0.0, 0.0, 1.0 ], [ 0.0, 0.0, -1.0, 0.0, 1.0, 0.0, 0.0, 0.0, 0.0, -1.0, 0.0, 0.0, 0.0, 0.0, 0.0, 1.0 ], [ 0.0, -1.0, 0.0, 0.0, 0.0, 0.0, 1.0, 0.0, -1.0, 0.0, 0.0, 0.0, 0.0, 0.0, 0.0, 1.0 ], [ -0.809017, -0.309017, -0.5, 0.0, 0.309017, 0.5, -0.809017, 0.0, 0.5, -0.809017, -0.309017, 0.0, 0.0, 0.0, 0.0, 1.0 ], [ 0.5, -0.809017, -0.309017, 0.0, 0.809017, 0.309017, 0.5, 0.0, -0.309017, -0.5, 0.809017, 0.0, 0.0, 0.0, 0.0, 1.0 ], [ -0.309017, -0.5, 0.809017, 0.0, -0.5, 0.809017, 0.309017, 0.0, -0.809017, -0.309017, -0.5, 0.0, 0.0, 0.0, 0.0, 1.0 ], [ -0.5, -0.809017, -0.309017, 0.0, 0.809017, -0.309017, -0.5, 0.0, 0.309017, -0.5, 0.809017, 0.0, 0.0, 0.0, 0.0, 1.0 ], [ 0.309017, -0.5, 0.809017, 0.0, 0.5, 0.809017, 0.309017, 0.0, -0.809017, 0.309017, 0.5, 0.0, 0.0, 0.0, 0.0, 1.0 ], [ -0.809017, 0.309017, 0.5, 0.0, -0.309017, 0.5, -0.809017, 0.0, -0.5, -0.809017, -0.309017, 0.0, 0.0, 0.0, 0.0, 1.0 ], [ -0.5, -0.809017, 0.309017, 0.0, 0.809017, -0.309017, 0.5, 0.0, -0.309017, 0.5, 0.809017, 0.0, 0.0, 0.0, 0.0, 1.0 ], [ -0.309017, 0.5, 0.809017, 0.0, 0.5, 0.809017, -0.309017, 0.0, -0.809017, 0.309017, -0.5, 0.0, 0.0, 0.0, 0.0, 1.0 ], [ -0.809017, 0.309017, -0.5, 0.0, 0.309017, -0.5, -0.809017, 0.0, -0.5, -0.809017, 0.309017, 0.0, 0.0, 0.0, 0.0, 1.0 ], [ -0.809017, -0.309017, 0.5, 0.0, 0.309017, 0.5, 0.809017, 0.0, -0.5, 0.809017, -0.309017, 0.0, 0.0, 0.0, 0.0, 1.0 ], [ -0.5, 0.809017, -0.309017, 0.0, 0.809017, 0.309017, -0.5, 0.0, -0.309017, -0.5, -0.809017, 0.0, 0.0, 0.0, 0.0, 1.0 ], [ -0.309017, -0.5, -0.809017, 0.0, 0.5, -0.809017, 0.309017, 0.0, -0.809017, -0.309017, 0.5, 0.0, 0.0, 0.0, 0.0, 1.0 ] ],
  "lights" : {
    "ambientColor" : "#292929",
    "backgroundColor" : "#AFC8DC",
    "directionalLights" : [ {
      "direction" : [ 1.0, -1.0, -1.0 ],
      "color" : "#EBEBE4"
    }, {
      "direction" : [ -1.0, 0.0, 0.0 ],
      "color" : "#E4E4EB"
    }, {
      "direction" : [ 0.0, 0.0, -1.0 ],
      "color" : "#1E1E1E"
    } ]
  },
  "camera" : {
    "viewDistance" : 102.399254,
    "nearClipDistance" : 0.25599825,
    "farClipDistance" : 204.79878,
    "lookAtPoint" : {
      "x" : 0.0,
      "y" : 0.0,
      "z" : 0.0
    },
    "fieldOfView" : 0.4426289,
    "perspective" : true,
    "lookDirection" : {
      "x" : -0.6312512,
      "y" : 0.77157116,
      "z" : -0.07871822
    },
    "upDirection" : {
      "x" : -0.5649,
      "y" : -0.5269487,
      "z" : -0.6349939
    },
    "stereo" : false,
    "width" : 46.079666,
    "position" : {
      "x" : 64.639656,
      "y" : -79.00831,
      "z" : 8.060687
    }
  },
  "embedding" : [ 1.0, 0.0, 0.0, 0.0, 0.0, 1.0, 0.0, 0.0, 0.0, 0.0, 1.0, 0.0, 0.0, 0.0, 0.0, 1.0 ],
  "shapes" : [ {
    "id" : "c9a0f53e-3e9b-481f-8087-b19698496929",
    "vertices" : [ {
      "x" : -3.2129343,
      "y" : -2.9462676,
      "z" : 1.2564671
    }, {
      "x" : -3.112934,
      "y" : -2.8462675,
      "z" : 1.6564671
    }, {
      "x" : -0.2777778,
      "y" : -0.54444444,
      "z" : 0.4888889
    }, {
      "x" : -0.37777779,
      "y" : -0.64444447,
      "z" : 0.08888889
    }, {
      "x" : -2.8796008,
      "y" : -3.1462677,
      "z" : 1.7898004
    }, {
      "x" : -2.979601,
      "y" : -3.2462676,
      "z" : 1.3898004
    }, {
      "x" : -0.6111111,
      "y" : -0.34444445,
      "z" : -0.044444446
    }, {
      "x" : -0.51111114,
      "y" : -0.24444444,
      "z" : 0.35555556
    } ],
    "faces" : [ {
      "vertices" : [ 2, 3, 6 ]
    }, {
      "vertices" : [ 2, 6, 7 ]
    }, {
      "vertices" : [ 0, 5, 4 ]
    }, {
      "vertices" : [ 0, 4, 1 ]
    }, {
      "vertices" : [ 2, 4, 5 ]
    }, {
      "vertices" : [ 2, 5, 3 ]
    }, {
      "vertices" : [ 0, 6, 3 ]
    }, {
      "vertices" : [ 0, 3, 5 ]
    }, {
      "vertices" : [ 0, 1, 7 ]
    }, {
      "vertices" : [ 0, 7, 6 ]
    }, {
      "vertices" : [ 1, 4, 2 ]
    }, {
      "vertices" : [ 1, 2, 7 ]
    } ]
  }, {
    "id" : "99e1d0c9-263b-4db0-88f6-4c9e108e5b17",
    "vertices" : [ {
      "x" : 1.927051,
      "y" : 0.809017,
      "z" : 0.0
    }, {
      "x" : 3.118034,
      "y" : 1.118034,
      "z" : -0.11803399
    }, {
      "x" : 3.118034,
      "y" : 1.118034,
      "z" : -0.5
    }, {
      "x" : 1.927051,
      "y" : 0.809017,
      "z" : -0.38196602
    }, {
      "x" : 4.045085,
      "y" : 1.0,
      "z" : -0.690983
    }, {
      "x" : 3.118034,
      "y" : 0.5,
      "z" : -0.11803399
    }, {
      "x" : 4.045085,
      "y" : 1.0,
      "z" : -0.309017
    }, {
      "x" : 4.045085,
      "y" : 1.618034,
      "z" : -0.309017
    }, {
      "x" : 1.0,
      "y" : -0.309017,
      "z" : 0.19098301
    }, {
      "x" : 1.927051,
      "y" : 0.19098301,
      "z" : 0.0
    }, {
      "x" : 1.0,
      "y" : 0.309017,
      "z" : 0.19098301
    }, {
      "x" : 3.118034,
      "y" : 0.5,
      "z" : -0.5
    }, {
      "x" : 4.045085,
      "y" : 1.618034,
      "z" : -0.690983
    }, {
      "x" : 1.927051,
      "y" : 0.19098301,
      "z" : -0.38196602
    }, {
      "x" : 5.045085,
      "y" : 1.309017,
      "z" : -0.5
    }, {
      "x" : 1.0,
      "y" : -0.309017,
      "z" : -0.19098301
    }, {
      "x" : 1.0,
      "y" : 0.309017,
      "z" : -0.19098301
    } ],
    "faces" : [ {
      "vertices" : [ 1, 5, 6 ]
    }, {
      "vertices" : [ 1, 6, 7 ]
    }, {
      "vertices" : [ 0, 1, 2 ]
    }, {
      "vertices" : [ 0, 2, 3 ]
    }, {
      "vertices" : [ 5, 9, 13 ]
    }, {
      "vertices" : [ 5, 13, 11 ]
    }, {
      "vertices" : [ 1, 7, 12 ]
    }, {
      "vertices" : [ 1, 12, 2 ]
    }, {
      "vertices" : [ 4, 6, 5 ]
    }, {
      "vertices" : [ 4, 5, 11 ]
    }, {
      "vertices" : [ 0, 10, 8 ]
    }, {
      "vertices" : [ 0, 8, 9 ]
    }, {
      "vertices" : [ 2, 12, 4 ]
    }, {
      "vertices" : [ 2, 4, 11 ]
    }, {
      "vertices" : [ 2, 11, 13 ]
    }, {
      "vertices" : [ 2, 13, 3 ]
    }, {
      "vertices" : [ 8, 15, 13 ]
    }, {
      "vertices" : [ 8, 13, 9 ]
    }, {
      "vertices" : [ 0, 3, 16 ]
    }, {
      "vertices" : [ 0, 16, 10 ]
    }, {
      "vertices" : [ 3, 13, 15 ]
    }, {
      "vertices" : [ 3, 15, 16 ]
    }, {
      "vertices" : [ 0, 9, 5 ]
    }, {
      "vertices" : [ 0, 5, 1 ]
    } ]
  }, {
    "id" : "edeb6f2c-42d2-4734-823a-828c2ad4ab83",
    "vertices" : [ {
      "x" : 0.309017,
      "y" : -0.809017,
      "z" : 0.618034
    }, {
      "x" : 0.809017,
      "y" : -0.618034,
      "z" : 0.309017
    }, {
      "x" : 0.618034,
      "y" : -0.309017,
      "z" : 0.809017
    }, {
      "x" : 1.0,
      "y" : 0.309017,
      "z" : 0.19098301
    }, {
      "x" : 0.809017,
      "y" : 0.618034,
      "z" : 0.309017
    }, {
      "x" : 0.618034,
      "y" : 0.309017,
      "z" : 0.809017
    }, {
      "x" : 0.809017,
      "y" : 0.0,
      "z" : 0.690983
    }, {
      "x" : 0.19098301,
      "y" : -1.0,
      "z" : 0.309017
    }, {
      "x" : -0.19098301,
      "y" : -1.0,
      "z" : 0.309017
    }, {
      "x" : -0.19098301,
      "y" : -1.0,
      "z" : -0.309017
    }, {
      "x" : 0.19098301,
      "y" : -1.0,
      "z" : -0.309017
    }, {
      "x" : 1.0,
      "y" : -0.309017,
      "z" : -0.19098301
    }, {
      "x" : 0.809017,
      "y" : -0.618034,
      "z" : -0.309017
    }, {
      "x" : 0.618034,
      "y" : -0.309017,
      "z" : -0.809017
    }, {
      "x" : 0.809017,
      "y" : 0.0,
      "z" : -0.690983
    }, {
      "x" : 0.0,
      "y" : 0.690983,
      "z" : -0.809017
    }, {
      "x" : 0.309017,
      "y" : 0.809017,
      "z" : -0.618034
    }, {
      "x" : 0.618034,
      "y" : 0.309017,
      "z" : -0.809017
    }, {
      "x" : 0.309017,
      "y" : 0.19098301,
      "z" : -1.0
    }, {
      "x" : 1.0,
      "y" : 0.309017,
      "z" : -0.19098301
    }, {
      "x" : -0.309017,
      "y" : -0.809017,
      "z" : 0.618034
    }, {
      "x" : 0.0,
      "y" : -0.690983,
      "z" : 0.809017
    }, {
      "x" : 0.809017,
      "y" : 0.618034,
      "z" : -0.309017
    }, {
      "x" : 0.690983,
      "y" : 0.809017,
      "z" : 0.0
    }, {
      "x" : -0.690983,
      "y" : 0.809017,
      "z" : 0.0
    }, {
      "x" : -0.809017,
      "y" : 0.618034,
      "z" : 0.309017
    }, {
      "x" : -0.309017,
      "y" : 0.809017,
      "z" : 0.618034
    }, {
      "x" : -0.19098301,
      "y" : 1.0,
      "z" : 0.309017
    }, {
      "x" : 0.309017,
      "y" : -0.19098301,
      "z" : -1.0
    }, {
      "x" : 0.19098301,
      "y" : 1.0,
      "z" : 0.309017
    }, {
      "x" : 0.309017,
      "y" : 0.809017,
      "z" : 0.618034
    }, {
      "x" : -0.809017,
      "y" : -0.618034,
      "z" : 0.309017
    }, {
      "x" : -0.690983,
      "y" : -0.809017,
      "z" : 0.0
    }, {
      "x" : 0.0,
      "y" : 0.690983,
      "z" : 0.809017
    }, {
      "x" : 0.309017,
      "y" : -0.809017,
      "z" : -0.618034
    }, {
      "x" : 0.0,
      "y" : -0.690983,
      "z" : -0.809017
    }, {
      "x" : -1.0,
      "y" : 0.309017,
      "z" : 0.19098301
    }, {
      "x" : -0.809017,
      "y" : 0.0,
      "z" : 0.690983
    }, {
      "x" : -0.618034,
      "y" : 0.309017,
      "z" : 0.809017
    }, {
      "x" : 1.0,
      "y" : -0.309017,
      "z" : 0.19098301
    }, {
      "x" : -0.309017,
      "y" : -0.809017,
      "z" : -0.618034
    }, {
      "x" : -1.0,
      "y" : 0.309017,
      "z" : -0.19098301
    }, {
      "x" : -1.0,
      "y" : -0.309017,
      "z" : -0.19098301
    }, {
      "x" : -1.0,
      "y" : -0.309017,
      "z" : 0.19098301
    }, {
      "x" : 0.19098301,
      "y" : 1.0,
      "z" : -0.309017
    }, {
      "x" : -0.809017,
      "y" : 0.618034,
      "z" : -0.309017
    }, {
      "x" : -0.19098301,
      "y" : 1.0,
      "z" : -0.309017
    }, {
      "x" : -0.309017,
      "y" : 0.809017,
      "z" : -0.618034
    }, {
      "x" : -0.618034,
      "y" : -0.309017,
      "z" : 0.809017
    }, {
      "x" : 0.309017,
      "y" : 0.19098301,
      "z" : 1.0
    }, {
      "x" : -0.309017,
      "y" : 0.19098301,
      "z" : -1.0
    }, {
      "x" : -0.309017,
      "y" : 0.19098301,
      "z" : 1.0
    }, {
      "x" : -0.309017,
      "y" : -0.19098301,
      "z" : 1.0
    }, {
      "x" : 0.309017,
      "y" : -0.19098301,
      "z" : 1.0
    }, {
      "x" : 0.690983,
      "y" : -0.809017,
      "z" : 0.0
    }, {
      "x" : -0.809017,
      "y" : 0.0,
      "z" : -0.690983
    }, {
      "x" : -0.618034,
      "y" : -0.309017,
      "z" : -0.809017
    }, {
      "x" : -0.309017,
      "y" : -0.19098301,
      "z" : -1.0
    }, {
      "x" : -0.618034,
      "y" : 0.309017,
      "z" : -0.809017
    }, {
      "x" : -0.809017,
      "y" : -0.618034,
      "z" : -0.309017
    } ],
    "faces" : [ {
      "vertices" : [ 9, 40, 35 ]
    }, {
      "vertices" : [ 9, 35, 34 ]
    }, {
      "vertices" : [ 9, 34, 10 ]
    }, {
      "vertices" : [ 0, 1, 2 ]
    }, {
      "vertices" : [ 33, 51, 49 ]
    }, {
      "vertices" : [ 25, 36, 37 ]
    }, {
      "vertices" : [ 25, 37, 38 ]
    }, {
      "vertices" : [ 41, 55, 42 ]
    }, {
      "vertices" : [ 9, 32, 59 ]
    }, {
      "vertices" : [ 9, 59, 40 ]
    }, {
      "vertices" : [ 20, 21, 52 ]
    }, {
      "vertices" : [ 20, 52, 48 ]
    }, {
      "vertices" : [ 26, 33, 30 ]
    }, {
      "vertices" : [ 26, 30, 29 ]
    }, {
      "vertices" : [ 26, 29, 27 ]
    }, {
      "vertices" : [ 3, 4, 5 ]
    }, {
      "vertices" : [ 3, 5, 6 ]
    }, {
      "vertices" : [ 27, 29, 44 ]
    }, {
      "vertices" : [ 27, 44, 46 ]
    }, {
      "vertices" : [ 50, 57, 56 ]
    }, {
      "vertices" : [ 50, 56, 55 ]
    }, {
      "vertices" : [ 50, 55, 58 ]
    }, {
      "vertices" : [ 26, 38, 51 ]
    }, {
      "vertices" : [ 26, 51, 33 ]
    }, {
      "vertices" : [ 45, 47, 58 ]
    }, {
      "vertices" : [ 18, 28, 57 ]
    }, {
      "vertices" : [ 18, 57, 50 ]
    }, {
      "vertices" : [ 40, 59, 56 ]
    }, {
      "vertices" : [ 31, 48, 37 ]
    }, {
      "vertices" : [ 31, 37, 43 ]
    }, {
      "vertices" : [ 7, 8, 9 ]
    }, {
      "vertices" : [ 7, 9, 10 ]
    }, {
      "vertices" : [ 36, 41, 42 ]
    }, {
      "vertices" : [ 36, 42, 43 ]
    }, {
      "vertices" : [ 24, 46, 47 ]
    }, {
      "vertices" : [ 24, 47, 45 ]
    }, {
      "vertices" : [ 4, 30, 5 ]
    }, {
      "vertices" : [ 15, 47, 46 ]
    }, {
      "vertices" : [ 15, 46, 44 ]
    }, {
      "vertices" : [ 15, 44, 16 ]
    }, {
      "vertices" : [ 15, 50, 58 ]
    }, {
      "vertices" : [ 15, 58, 47 ]
    }, {
      "vertices" : [ 24, 45, 41 ]
    }, {
      "vertices" : [ 24, 41, 36 ]
    }, {
      "vertices" : [ 24, 36, 25 ]
    }, {
      "vertices" : [ 11, 14, 19 ]
    }, {
      "vertices" : [ 3, 6, 39 ]
    }, {
      "vertices" : [ 1, 39, 6 ]
    }, {
      "vertices" : [ 1, 6, 2 ]
    }, {
      "vertices" : [ 8, 32, 9 ]
    }, {
      "vertices" : [ 11, 12, 13 ]
    }, {
      "vertices" : [ 11, 13, 14 ]
    }, {
      "vertices" : [ 16, 22, 17 ]
    }, {
      "vertices" : [ 0, 21, 20 ]
    }, {
      "vertices" : [ 0, 20, 8 ]
    }, {
      "vertices" : [ 0, 8, 7 ]
    }, {
      "vertices" : [ 12, 34, 13 ]
    }, {
      "vertices" : [ 35, 40, 56 ]
    }, {
      "vertices" : [ 35, 56, 57 ]
    }, {
      "vertices" : [ 0, 7, 54 ]
    }, {
      "vertices" : [ 0, 54, 1 ]
    }, {
      "vertices" : [ 15, 16, 17 ]
    }, {
      "vertices" : [ 15, 17, 18 ]
    }, {
      "vertices" : [ 3, 19, 22 ]
    }, {
      "vertices" : [ 3, 22, 23 ]
    }, {
      "vertices" : [ 3, 23, 4 ]
    }, {
      "vertices" : [ 7, 10, 54 ]
    }, {
      "vertices" : [ 41, 45, 58 ]
    }, {
      "vertices" : [ 41, 58, 55 ]
    }, {
      "vertices" : [ 3, 39, 11 ]
    }, {
      "vertices" : [ 3, 11, 19 ]
    }, {
      "vertices" : [ 14, 17, 22 ]
    }, {
      "vertices" : [ 14, 22, 19 ]
    }, {
      "vertices" : [ 0, 2, 53 ]
    }, {
      "vertices" : [ 0, 53, 21 ]
    }, {
      "vertices" : [ 49, 51, 52 ]
    }, {
      "vertices" : [ 49, 52, 53 ]
    }, {
      "vertices" : [ 31, 43, 42 ]
    }, {
      "vertices" : [ 31, 42, 59 ]
    }, {
      "vertices" : [ 31, 59, 32 ]
    }, {
      "vertices" : [ 15, 18, 50 ]
    }, {
      "vertices" : [ 42, 55, 56 ]
    }, {
      "vertices" : [ 42, 56, 59 ]
    }, {
      "vertices" : [ 4, 23, 29 ]
    }, {
      "vertices" : [ 4, 29, 30 ]
    }, {
      "vertices" : [ 25, 38, 26 ]
    }, {
      "vertices" : [ 13, 28, 18 ]
    }, {
      "vertices" : [ 13, 18, 17 ]
    }, {
      "vertices" : [ 13, 17, 14 ]
    }, {
      "vertices" : [ 8, 20, 31 ]
    }, {
      "vertices" : [ 8, 31, 32 ]
    }, {
      "vertices" : [ 23, 44, 29 ]
    }, {
      "vertices" : [ 24, 27, 46 ]
    }, {
      "vertices" : [ 37, 48, 52 ]
    }, {
      "vertices" : [ 37, 52, 51 ]
    }, {
      "vertices" : [ 37, 51, 38 ]
    }, {
      "vertices" : [ 20, 48, 31 ]
    }, {
      "vertices" : [ 24, 25, 26 ]
    }, {
      "vertices" : [ 24, 26, 27 ]
    }, {
      "vertices" : [ 16, 44, 23 ]
    }, {
      "vertices" : [ 16, 23, 22 ]
    }, {
      "vertices" : [ 13, 34, 35 ]
    }, {
      "vertices" : [ 13, 35, 28 ]
    }, {
      "vertices" : [ 10, 34, 12 ]
    }, {
      "vertices" : [ 10, 12, 54 ]
    }, {
      "vertices" : [ 2, 6, 5 ]
    }, {
      "vertices" : [ 2, 5, 49 ]
    }, {
      "vertices" : [ 2, 49, 53 ]
    }, {
      "vertices" : [ 36, 43, 37 ]
    }, {
      "vertices" : [ 5, 30, 33 ]
    }, {
      "vertices" : [ 5, 33, 49 ]
    }, {
      "vertices" : [ 1, 54, 12 ]
    }, {
      "vertices" : [ 1, 12, 11 ]
    }, {
      "vertices" : [ 1, 11, 39 ]
    }, {
      "vertices" : [ 28, 35, 57 ]
    }, {
      "vertices" : [ 21, 53, 52 ]
    } ]
  }, {
    "id" : "5ecb102e-dc90-4e11-848a-35f925ea6703",
    "vertices" : [ {
      "x" : 3.5939796,
      "y" : 1.3692082,
      "z" : 2.4520614
    }, {
      "x" : 3.6939795,
      "y" : 0.9692082,
      "z" : 2.5520616
    }, {
      "x" : 0.4360771,
      "y" : 0.04281446,
      "z" : 0.5779952
    }, {
      "x" : 0.3360771,
      "y" : 0.44281447,
      "z" : 0.47799522
    }, {
      "x" : 3.4606462,
      "y" : 1.1025416,
      "z" : 2.8520615
    }, {
      "x" : 3.3606462,
      "y" : 1.5025415,
      "z" : 2.7520614
    }, {
      "x" : 0.56941044,
      "y" : 0.3094811,
      "z" : 0.1779952
    }, {
      "x" : 0.6694104,
      "y" : -0.09051888,
      "z" : 0.2779952
    } ],
    "faces" : [ {
      "vertices" : [ 2, 3, 6 ]
    }, {
      "vertices" : [ 2, 6, 7 ]
    }, {
      "vertices" : [ 0, 5, 4 ]
    }, {
      "vertices" : [ 0, 4, 1 ]
    }, {
      "vertices" : [ 2, 4, 5 ]
    }, {
      "vertices" : [ 2, 5, 3 ]
    }, {
      "vertices" : [ 0, 6, 3 ]
    }, {
      "vertices" : [ 0, 3, 5 ]
    }, {
      "vertices" : [ 0, 1, 7 ]
    }, {
      "vertices" : [ 0, 7, 6 ]
    }, {
      "vertices" : [ 1, 4, 2 ]
    }, {
      "vertices" : [ 1, 2, 7 ]
    } ]
  }, {
    "id" : "11f5f823-2aa2-4b8a-91e7-7a0c6867018f",
    "vertices" : [ {
      "x" : 16.009768,
      "y" : -2.0448105,
      "z" : 2.6063247
    }, {
      "x" : 15.909766,
      "y" : -2.4448104,
      "z" : 2.5063245
    }, {
      "x" : 0.5224827,
      "y" : -0.3672122,
      "z" : 0.21772076
    }, {
      "x" : 0.62248266,
      "y" : 0.0327878,
      "z" : 0.31772077
    }, {
      "x" : 15.676434,
      "y" : -2.5781438,
      "z" : 2.8063245
    }, {
      "x" : 15.776433,
      "y" : -2.1781437,
      "z" : 2.9063246
    }, {
      "x" : 0.855816,
      "y" : 0.16612114,
      "z" : 0.017720759
    }, {
      "x" : 0.755816,
      "y" : -0.23387887,
      "z" : -0.08227924
    } ],
    "faces" : [ {
      "vertices" : [ 2, 3, 6 ]
    }, {
      "vertices" : [ 2, 6, 7 ]
    }, {
      "vertices" : [ 0, 5, 4 ]
    }, {
      "vertices" : [ 0, 4, 1 ]
    }, {
      "vertices" : [ 2, 4, 5 ]
    }, {
      "vertices" : [ 2, 5, 3 ]
    }, {
      "vertices" : [ 0, 6, 3 ]
    }, {
      "vertices" : [ 0, 3, 5 ]
    }, {
      "vertices" : [ 0, 1, 7 ]
    }, {
      "vertices" : [ 0, 7, 6 ]
    }, {
      "vertices" : [ 1, 4, 2 ]
    }, {
      "vertices" : [ 1, 2, 7 ]
    } ]
  }, {
    "id" : "eda5f054-c6b7-4b11-858a-0cae36ee9904",
    "vertices" : [ {
      "x" : -5.3703127,
      "y" : -5.1036463,
      "z" : 2.3351564
    }, {
      "x" : -5.270313,
      "y" : -5.0036464,
      "z" : 2.7351565
    }, {
      "x" : -0.2777778,
      "y" : -0.54444444,
      "z" : 0.4888889
    }, {
      "x" : -0.37777779,
      "y" : -0.64444447,
      "z" : 0.08888889
    }, {
      "x" : -5.0369797,
      "y" : -5.303646,
      "z" : 2.8684897
    }, {
      "x" : -5.1369796,
      "y" : -5.403646,
      "z" : 2.4684896
    }, {
      "x" : -0.6111111,
      "y" : -0.34444445,
      "z" : -0.044444446
    }, {
      "x" : -0.51111114,
      "y" : -0.24444444,
      "z" : 0.35555556
    } ],
    "faces" : [ {
      "vertices" : [ 2, 3, 6 ]
    }, {
      "vertices" : [ 2, 6, 7 ]
    }, {
      "vertices" : [ 0, 5, 4 ]
    }, {
      "vertices" : [ 0, 4, 1 ]
    }, {
      "vertices" : [ 2, 4, 5 ]
    }, {
      "vertices" : [ 2, 5, 3 ]
    }, {
      "vertices" : [ 0, 6, 3 ]
    }, {
      "vertices" : [ 0, 3, 5 ]
    }, {
      "vertices" : [ 0, 1, 7 ]
    }, {
      "vertices" : [ 0, 7, 6 ]
    }, {
      "vertices" : [ 1, 4, 2 ]
    }, {
      "vertices" : [ 1, 2, 7 ]
    } ]
  }, {
    "id" : "f217dc74-d5cd-45d7-9c6a-ba5b9e4cb8f4",
    "vertices" : [ {
      "x" : -1.8095244,
      "y" : 6.2602115,
      "z" : -14.907834
    }, {
      "x" : -1.4095244,
      "y" : 6.3602114,
      "z" : -15.0078335
    }, {
      "x" : 0.064168446,
      "y" : 0.46656853,
      "z" : -0.5457263
    }, {
      "x" : -0.33583155,
      "y" : 0.3665685,
      "z" : -0.44572628
    }, {
      "x" : -1.5428578,
      "y" : 6.6602116,
      "z" : -14.7745
    }, {
      "x" : -1.9428577,
      "y" : 6.5602117,
      "z" : -14.6745
    }, {
      "x" : -0.20249821,
      "y" : 0.066568516,
      "z" : -0.6790596
    }, {
      "x" : 0.19750178,
      "y" : 0.16656852,
      "z" : -0.7790596
    } ],
    "faces" : [ {
      "vertices" : [ 2, 3, 6 ]
    }, {
      "vertices" : [ 2, 6, 7 ]
    }, {
      "vertices" : [ 0, 5, 4 ]
    }, {
      "vertices" : [ 0, 4, 1 ]
    }, {
      "vertices" : [ 2, 4, 5 ]
    }, {
      "vertices" : [ 2, 5, 3 ]
    }, {
      "vertices" : [ 0, 6, 3 ]
    }, {
      "vertices" : [ 0, 3, 5 ]
    }, {
      "vertices" : [ 0, 1, 7 ]
    }, {
      "vertices" : [ 0, 7, 6 ]
    }, {
      "vertices" : [ 1, 4, 2 ]
    }, {
      "vertices" : [ 1, 2, 7 ]
    } ]
  }, {
    "id" : "a5f03859-15d5-438e-8ab5-4bea3ca638ad",
    "vertices" : [ {
      "x" : 4.586263,
      "y" : -0.3781438,
      "z" : 0.65495723
    }, {
      "x" : 4.4862633,
      "y" : -0.7781438,
      "z" : 0.5549572
    }, {
      "x" : 0.5224827,
      "y" : -0.3672122,
      "z" : 0.21772076
    }, {
      "x" : 0.62248266,
      "y" : 0.0327878,
      "z" : 0.31772077
    }, {
      "x" : 4.25293,
      "y" : -0.91147715,
      "z" : 0.8549572
    }, {
      "x" : 4.35293,
      "y" : -0.5114771,
      "z" : 0.95495725
    }, {
      "x" : 0.855816,
      "y" : 0.16612114,
      "z" : 0.017720759
    }, {
      "x" : 0.755816,
      "y" : -0.23387887,
      "z" : -0.08227924
    } ],
    "faces" : [ {
      "vertices" : [ 2, 3, 6 ]
    }, {
      "vertices" : [ 2, 6, 7 ]
    }, {
      "vertices" : [ 0, 5, 4 ]
    }, {
      "vertices" : [ 0, 4, 1 ]
    }, {
      "vertices" : [ 2, 4, 5 ]
    }, {
      "vertices" : [ 2, 5, 3 ]
    }, {
      "vertices" : [ 0, 6, 3 ]
    }, {
      "vertices" : [ 0, 3, 5 ]
    }, {
      "vertices" : [ 0, 1, 7 ]
    }, {
      "vertices" : [ 0, 7, 6 ]
    }, {
      "vertices" : [ 1, 4, 2 ]
    }, {
      "vertices" : [ 1, 2, 7 ]
    } ]
  }, {
    "id" : "fde4d3d9-2b78-4b4c-9a62-0783ca574114",
    "vertices" : [ {
      "x" : -0.6035131,
      "y" : 1.6121209,
      "z" : -4.2296863
    }, {
      "x" : -0.20351312,
      "y" : 1.7121208,
      "z" : -4.329686
    }, {
      "x" : 0.064168446,
      "y" : 0.46656853,
      "z" : -0.5457263
    }, {
      "x" : -0.33583155,
      "y" : 0.3665685,
      "z" : -0.44572628
    }, {
      "x" : -0.33684644,
      "y" : 2.0121207,
      "z" : -4.096353
    }, {
      "x" : -0.73684645,
      "y" : 1.9121208,
      "z" : -3.9963531
    }, {
      "x" : -0.20249821,
      "y" : 0.066568516,
      "z" : -0.6790596
    }, {
      "x" : 0.19750178,
      "y" : 0.16656852,
      "z" : -0.7790596
    } ],
    "faces" : [ {
      "vertices" : [ 2, 3, 6 ]
    }, {
      "vertices" : [ 2, 6, 7 ]
    }, {
      "vertices" : [ 0, 5, 4 ]
    }, {
      "vertices" : [ 0, 4, 1 ]
    }, {
      "vertices" : [ 2, 4, 5 ]
    }, {
      "vertices" : [ 2, 5, 3 ]
    }, {
      "vertices" : [ 0, 6, 3 ]
    }, {
      "vertices" : [ 0, 3, 5 ]
    }, {
      "vertices" : [ 0, 1, 7 ]
    }, {
      "vertices" : [ 0, 7, 6 ]
    }, {
      "vertices" : [ 1, 4, 2 ]
    }, {
      "vertices" : [ 1, 2, 7 ]
    } ]
  }, {
    "id" : "a5a9e9a2-7bd2-4b61-94e3-026f158e374f",
    "vertices" : [ {
      "x" : 12.60546,
      "y" : 4.526587,
      "z" : 9.227474
    }, {
      "x" : 12.705461,
      "y" : 4.126587,
      "z" : 9.327474
    }, {
      "x" : 0.4360771,
      "y" : 0.04281446,
      "z" : 0.5779952
    }, {
      "x" : 0.3360771,
      "y" : 0.44281447,
      "z" : 0.47799522
    }, {
      "x" : 12.472127,
      "y" : 4.25992,
      "z" : 9.627474
    }, {
      "x" : 12.372127,
      "y" : 4.65992,
      "z" : 9.527474
    }, {
      "x" : 0.56941044,
      "y" : 0.3094811,
      "z" : 0.1779952
    }, {
      "x" : 0.6694104,
      "y" : -0.09051888,
      "z" : 0.2779952
    } ],
    "faces" : [ {
      "vertices" : [ 2, 3, 6 ]
    }, {
      "vertices" : [ 2, 6, 7 ]
    }, {
      "vertices" : [ 0, 5, 4 ]
    }, {
      "vertices" : [ 0, 4, 1 ]
    }, {
      "vertices" : [ 2, 4, 5 ]
    }, {
      "vertices" : [ 2, 5, 3 ]
    }, {
      "vertices" : [ 0, 6, 3 ]
    }, {
      "vertices" : [ 0, 3, 5 ]
    }, {
      "vertices" : [ 0, 1, 7 ]
    }, {
      "vertices" : [ 0, 7, 6 ]
    }, {
      "vertices" : [ 1, 4, 2 ]
    }, {
      "vertices" : [ 1, 2, 7 ]
    } ]
  }, {
    "id" : "8348772c-46ef-4cec-89e3-5baa1cf41988",
    "vertices" : [ {
      "x" : 1.927051,
      "y" : 0.809017,
      "z" : 0.0
    }, {
      "x" : 14.399187,
      "y" : 4.045085,
      "z" : -1.236068
    }, {
      "x" : 14.399187,
      "y" : 4.045085,
      "z" : -1.618034
    }, {
      "x" : 1.927051,
      "y" : 0.809017,
      "z" : -0.38196602
    }, {
      "x" : 15.326238,
      "y" : 3.927051,
      "z" : -1.809017
    }, {
      "x" : 14.399187,
      "y" : 3.427051,
      "z" : -1.236068
    }, {
      "x" : 15.326238,
      "y" : 3.927051,
      "z" : -1.427051
    }, {
      "x" : 15.326238,
      "y" : 4.545085,
      "z" : -1.427051
    }, {
      "x" : 1.0,
      "y" : -0.309017,
      "z" : 0.19098301
    }, {
      "x" : 1.927051,
      "y" : 0.19098301,
      "z" : 0.0
    }, {
      "x" : 1.0,
      "y" : 0.309017,
      "z" : 0.19098301
    }, {
      "x" : 14.399187,
      "y" : 3.427051,
      "z" : -1.618034
    }, {
      "x" : 15.326238,
      "y" : 4.545085,
      "z" : -1.809017
    }, {
      "x" : 1.927051,
      "y" : 0.19098301,
      "z" : -0.38196602
    }, {
      "x" : 16.326239,
      "y" : 4.236068,
      "z" : -1.618034
    }, {
      "x" : 1.0,
      "y" : -0.309017,
      "z" : -0.19098301
    }, {
      "x" : 1.0,
      "y" : 0.309017,
      "z" : -0.19098301
    } ],
    "faces" : [ {
      "vertices" : [ 1, 5, 6 ]
    }, {
      "vertices" : [ 1, 6, 7 ]
    }, {
      "vertices" : [ 0, 1, 2 ]
    }, {
      "vertices" : [ 0, 2, 3 ]
    }, {
      "vertices" : [ 5, 9, 13 ]
    }, {
      "vertices" : [ 5, 13, 11 ]
    }, {
      "vertices" : [ 1, 7, 12 ]
    }, {
      "vertices" : [ 1, 12, 2 ]
    }, {
      "vertices" : [ 4, 6, 5 ]
    }, {
      "vertices" : [ 4, 5, 11 ]
    }, {
      "vertices" : [ 0, 10, 8 ]
    }, {
      "vertices" : [ 0, 8, 9 ]
    }, {
      "vertices" : [ 2, 12, 4 ]
    }, {
      "vertices" : [ 2, 4, 11 ]
    }, {
      "vertices" : [ 2, 11, 13 ]
    }, {
      "vertices" : [ 2, 13, 3 ]
    }, {
      "vertices" : [ 8, 15, 13 ]
    }, {
      "vertices" : [ 8, 13, 9 ]
    }, {
      "vertices" : [ 0, 3, 16 ]
    }, {
      "vertices" : [ 0, 16, 10 ]
    }, {
      "vertices" : [ 3, 13, 15 ]
    }, {
      "vertices" : [ 3, 15, 16 ]
    }, {
      "vertices" : [ 0, 9, 5 ]
    }, {
      "vertices" : [ 0, 5, 1 ]
    } ]
  } ],
  "instances" : [ {
    "shape" : "c9a0f53e-3e9b-481f-8087-b19698496929",
    "color" : "#223B64",
    "position" : {
      "x" : 12.629515,
      "y" : -1.0786893,
      "z" : 7.3934464
    },
    "orientation" : 0
  }, {
    "shape" : "99e1d0c9-263b-4db0-88f6-4c9e108e5b17",
    "color" : "#1E1E1E",
    "position" : {
      "x" : 2.8240454,
      "y" : -14.120227,
      "z" : 2.8240454
    },
    "orientation" : 20
  }, {
    "shape" : "edeb6f2c-42d2-4734-823a-828c2ad4ab83",
    "color" : "#FFFFFF",
    "position" : {
      "x" : -9.138803,
      "y" : 4.5694013,
      "z" : -9.138803
    }
  }, {
    "shape" : "edeb6f2c-42d2-4734-823a-828c2ad4ab83",
    "color" : "#FFFFFF",
    "position" : {
      "x" : -1.0786893,
      "y" : 7.3934464,
      "z" : 12.629515
    }
  }, {
    "shape" : "5ecb102e-dc90-4e11-848a-35f925ea6703",
    "color" : "#FFFFFF",
    "position" : {
      "x" : 2.8240454,
      "y" : -14.120227,
      "z" : 2.8240454
    },
    "orientation" : 2
  }, {
    "shape" : "edeb6f2c-42d2-4734-823a-828c2ad4ab83",
    "color" : "#FFFFFF",
    "position" : {
      "x" : 5.4420795,
      "y" : -12.5021925,
      "z" : -1.4120227
    }
  }, {
    "shape" : "11f5f823-2aa2-4b8a-91e7-7a0c6867018f",
    "color" : "#FFFFFF",
    "position" : {
      "x" : 3.490712,
      "y" : 11.962848,
      "z" : -10.217492
    },
    "orientation" : 2
  }, {
    "shape" : "eda5f054-c6b7-4b11-858a-0cae36ee9904",
    "color" : "#223B64",
    "position" : {
      "x" : 0.0,
      "y" : 0.0,
      "z" : 0.0
    },
    "orientation" : 2
  }, {
    "shape" : "edeb6f2c-42d2-4734-823a-828c2ad4ab83",
    "color" : "#FFFFFF",
    "position" : {
      "x" : 2.8240454,
      "y" : -14.120227,
      "z" : 2.8240454
    }
  }, {
    "shape" : "edeb6f2c-42d2-4734-823a-828c2ad4ab83",
    "color" : "#FFFFFF",
    "position" : {
      "x" : 9.138803,
      "y" : -4.5694013,
      "z" : 9.138803
    }
  }, {
    "shape" : "eda5f054-c6b7-4b11-858a-0cae36ee9904",
    "color" : "#223B64",
    "position" : {
      "x" : -11.296182,
      "y" : -2.8240454,
      "z" : -2.8240454
    },
    "orientation" : 1
  }, {
    "shape" : "c9a0f53e-3e9b-481f-8087-b19698496929",
    "color" : "#223B64",
    "position" : {
      "x" : -9.138803,
      "y" : 4.5694013,
      "z" : -9.138803
    },
    "orientation" : 0
  }, {
    "shape" : "c9a0f53e-3e9b-481f-8087-b19698496929",
    "color" : "#223B64",
    "position" : {
      "x" : 2.8240454,
      "y" : -5.648091,
      "z" : -5.648091
    },
    "orientation" : 1
  }, {
    "shape" : "f217dc74-d5cd-45d7-9c6a-ba5b9e4cb8f4",
    "color" : "#FFFFFF",
    "position" : {
      "x" : 3.490712,
      "y" : 11.962848,
      "z" : -10.217492
    },
    "orientation" : 1
  }, {
    "shape" : "c9a0f53e-3e9b-481f-8087-b19698496929",
    "color" : "#223B64",
    "position" : {
      "x" : 8.060113,
      "y" : -10.884159,
      "z" : -5.648091
    },
    "orientation" : 2
  }, {
    "shape" : "99e1d0c9-263b-4db0-88f6-4c9e108e5b17",
    "color" : "#1E1E1E",
    "position" : {
      "x" : -14.120227,
      "y" : 2.8240454,
      "z" : 2.8240454
    },
    "orientation" : 34
  }, {
    "shape" : "eda5f054-c6b7-4b11-858a-0cae36ee9904",
    "color" : "#223B64",
    "position" : {
      "x" : -11.962848,
      "y" : 10.217492,
      "z" : -3.490712
    },
    "orientation" : 1
  }, {
    "shape" : "f217dc74-d5cd-45d7-9c6a-ba5b9e4cb8f4",
    "color" : "#FFFFFF",
    "position" : {
      "x" : 3.490712,
      "y" : 11.962848,
      "z" : -10.217492
    },
    "orientation" : 2
  }, {
    "shape" : "eda5f054-c6b7-4b11-858a-0cae36ee9904",
    "color" : "#223B64",
    "position" : {
      "x" : 9.138803,
      "y" : -4.5694013,
      "z" : 9.138803
    },
    "orientation" : 1
  }, {
    "shape" : "edeb6f2c-42d2-4734-823a-828c2ad4ab83",
    "color" : "#FFFFFF",
    "position" : {
      "x" : -4.236068,
      "y" : 11.09017,
      "z" : -6.854102
    }
  }, {
    "shape" : "eda5f054-c6b7-4b11-858a-0cae36ee9904",
    "color" : "#223B64",
    "position" : {
      "x" : -5.648091,
      "y" : -5.648091,
      "z" : 2.8240454
    },
    "orientation" : 2
  }, {
    "shape" : "99e1d0c9-263b-4db0-88f6-4c9e108e5b17",
    "color" : "#1E1E1E",
    "position" : {
      "x" : 12.5021925,
      "y" : 1.4120227,
      "z" : -5.4420795
    },
    "orientation" : 34
  }, {
    "shape" : "edeb6f2c-42d2-4734-823a-828c2ad4ab83",
    "color" : "#FFFFFF",
    "position" : {
      "x" : -6.854102,
      "y" : -4.236068,
      "z" : 11.09017
    }
  }, {
    "shape" : "edeb6f2c-42d2-4734-823a-828c2ad4ab83",
    "color" : "#FFFFFF",
    "position" : {
      "x" : -1.4120227,
      "y" : 5.4420795,
      "z" : -12.5021925
    }
  }, {
    "shape" : "99e1d0c9-263b-4db0-88f6-4c9e108e5b17",
    "color" : "#1E1E1E",
    "position" : {
      "x" : 1.4120227,
      "y" : -5.4420795,
      "z" : 12.5021925
    },
    "orientation" : 48
  }, {
    "shape" : "edeb6f2c-42d2-4734-823a-828c2ad4ab83",
    "color" : "#FFFFFF",
    "position" : {
      "x" : -2.8240454,
      "y" : 14.120227,
      "z" : -2.8240454
    }
  }, {
    "shape" : "a5f03859-15d5-438e-8ab5-4bea3ca638ad",
    "color" : "#FFFFFF",
    "position" : {
      "x" : -7.3934464,
      "y" : -12.629515,
      "z" : 1.0786893
    },
    "orientation" : 0
  }, {
    "shape" : "fde4d3d9-2b78-4b4c-9a62-0783ca574114",
    "color" : "#FFFFFF",
    "position" : {
      "x" : 8.472136,
      "y" : 8.472136,
      "z" : 8.472136
    },
    "orientation" : 1
  }, {
    "shape" : "99e1d0c9-263b-4db0-88f6-4c9e108e5b17",
    "color" : "#1E1E1E",
    "position" : {
      "x" : 5.4420795,
      "y" : -12.5021925,
      "z" : -1.4120227
    },
    "orientation" : 20
  }, {
    "shape" : "c9a0f53e-3e9b-481f-8087-b19698496929",
    "color" : "#223B64",
    "position" : {
      "x" : -9.138803,
      "y" : -9.138803,
      "z" : 4.5694013
    },
    "orientation" : 1
  }, {
    "shape" : "edeb6f2c-42d2-4734-823a-828c2ad4ab83",
    "color" : "#FFFFFF",
    "position" : {
      "x" : 8.060113,
      "y" : -10.884159,
      "z" : -5.648091
    }
  }, {
    "shape" : "edeb6f2c-42d2-4734-823a-828c2ad4ab83",
    "color" : "#FFFFFF",
    "position" : {
      "x" : -11.296182,
      "y" : -11.296182,
      "z" : 5.648091
    }
  }, {
    "shape" : "eda5f054-c6b7-4b11-858a-0cae36ee9904",
    "color" : "#223B64",
    "position" : {
      "x" : -5.648091,
      "y" : -5.648091,
      "z" : 2.8240454
    },
    "orientation" : 0
  }, {
    "shape" : "a5f03859-15d5-438e-8ab5-4bea3ca638ad",
    "color" : "#FFFFFF",
    "position" : {
      "x" : 2.2847006,
      "y" : 13.37487,
      "z" : -1.9513674
    },
    "orientation" : 0
  }, {
    "shape" : "c9a0f53e-3e9b-481f-8087-b19698496929",
    "color" : "#223B64",
    "position" : {
      "x" : -5.648091,
      "y" : 8.060113,
      "z" : -10.884159
    },
    "orientation" : 0
  }, {
    "shape" : "edeb6f2c-42d2-4734-823a-828c2ad4ab83",
    "color" : "#FFFFFF",
    "position" : {
      "x" : 7.932791,
      "y" : 10.550825,
      "z" : 3.6967232
    }
  }, {
    "shape" : "edeb6f2c-42d2-4734-823a-828c2ad4ab83",
    "color" : "#FFFFFF",
    "position" : {
      "x" : 14.786893,
      "y" : 6.3147573,
      "z" : 1.0786893
    }
  }, {
    "shape" : "c9a0f53e-3e9b-481f-8087-b19698496929",
    "color" : "#223B64",
    "position" : {
      "x" : 4.5694013,
      "y" : -9.138803,
      "z" : -9.138803
    },
    "orientation" : 2
  }, {
    "shape" : "99e1d0c9-263b-4db0-88f6-4c9e108e5b17",
    "color" : "#1E1E1E",
    "position" : {
      "x" : -1.4120227,
      "y" : 5.4420795,
      "z" : -12.5021925
    },
    "orientation" : 48
  }, {
    "shape" : "a5a9e9a2-7bd2-4b61-94e3-026f158e374f",
    "color" : "#FFFFFF",
    "position" : {
      "x" : -1.0786893,
      "y" : -14.786893,
      "z" : -6.3147573
    },
    "orientation" : 0
  }, {
    "shape" : "edeb6f2c-42d2-4734-823a-828c2ad4ab83",
    "color" : "#FFFFFF",
    "position" : {
      "x" : -14.786893,
      "y" : -6.3147573,
      "z" : -1.0786893
    }
  }, {
    "shape" : "edeb6f2c-42d2-4734-823a-828c2ad4ab83",
    "color" : "#FFFFFF",
    "position" : {
      "x" : 14.120227,
      "y" : -2.8240454,
      "z" : -2.8240454
    }
  }, {
    "shape" : "5ecb102e-dc90-4e11-848a-35f925ea6703",
    "color" : "#FFFFFF",
    "position" : {
      "x" : 4.236068,
      "y" : -11.09017,
      "z" : 6.854102
    },
    "orientation" : 2
  }, {
