{
  "field" : "golden",
  "symmetry" : "icosahedral",
  "orientations" : [ [ 1.0, 0.0, 0.0, 0.0, 0.0, 1.0, 0.0, 0.0, 0.0, 0.0, 1.0, 0.0, 0.0, 0.0, 0.0, 1.0 ], [ 0.0, 0.0, 1.0, 0.0, 1.0, 0.0, 0.0, 0.0, 0.0, 1.0, 0.0, 0.0, 0.0, 0.0, 0.0, 1.0 ], [ 0.0, 1.0, 0.0, 0.0, 0.0, 0.0, 1.0, 0.0, 1.0, 0.0, 0.0, 0.0, 0.0, 0.0, 0.0, 1.0 ], [ 0.809017, 0.309017, 0.5, 0.0, 0.309017, 0.5, -0.809017, 0.0, -0.5, 0.809017, 0.309017, 0.0, 0.0, 0.0, 0.0, 1.0 ], [ -0.5, 0.809017, 0.309017, 0.0, 0.809017, 0.309017, 0.5, 0.0, 0.309017, 0.5, -0.809017, 0.0, 0.0, 0.0, 0.0, 1.0 ], [ 0.309017, 0.5, -0.809017, 0.0, -0.5, 0.809017, 0.309017, 0.0, 0.809017, 0.309017, 0.5, 0.0, 0.0, 0.0, 0.0, 1.0 ], [ 0.5, 0.809017, 0.309017, 0.0, 0.809017, -0.309017, -0.5, 0.0, -0.309017, 0.5, -0.809017, 0.0, 0.0, 0.0, 0.0, 1.0 ], [ -0.309017, 0.5, -0.809017, 0.0, 0.5, 0.809017, 0.309017, 0.0, 0.809017, -0.309017, -0.5, 0.0, 0.0, 0.0, 0.0, 1.0 ], [ 0.809017, -0.309017, -0.5, 0.0, -0.309017, 0.5, -0.809017, 0.0, 0.5, 0.809017, 0.309017, 0.0, 0.0, 0.0, 0.0, 1.0 ], [ 0.5, 0.809017, -0.309017, 0.0, 0.809017, -0.309017, 0.5, 0.0, 0.309017, -0.5, -0.809017, 0.0, 0.0, 0.0, 0.0, 1.0 ], [ 0.309017, -0.5, -0.809017, 0.0, 0.5, 0.809017, -0.309017, 0.0, 0.809017, -0.309017, 0.5, 0.0, 0.0, 0.0, 0.0, 1.0 ], [ 0.809017, -0.309017, 0.5, 0.0, 0.309017, -0.5, -0.809017, 0.0, 0.5, 0.809017, -0.309017, 0.0, 0.0, 0.0, 0.0, 1.0 ], [ 0.809017, 0.309017, -0.5, 0.0, 0.309017, 0.5, 0.809017, 0.0, 0.5, -0.809017, 0.309017, 0.0, 0.0, 0.0, 0.0, 1.0 ], [ 0.5, -0.809017, 0.309017, 0.0, 0.809017, 0.309017, -0.5, 0.0, 0.309017, 0.5, 0.809017, 0.0, 0.0, 0.0, 0.0, 1.0 ], [ 0.309017, 0.5, 0.809017, 0.0, 0.5, -0.809017, 0.309017, 0.0, 0.809017, 0.309017, -0.5, 0.0, 0.0, 0.0, 0.0, 1.0 ], [ 1.0, 0.0, 0.0, 0.0, 0.0, -1.0, 0.0, 0.0, 0.0, 0.0, -1.0, 0.0, 0.0, 0.0, 0.0, 1.0 ], [ 0.0, 0.0, 1.0, 0.0, -1.0, 0.0, 0.0, 0.0, 0.0, -1.0, 0.0, 0.0, 0.0, 0.0, 0.0, 1.0 ], [ 0.0, 1.0, 0.0, 0.0, 0.0, 0.0, -1.0, 0.0, -1.0, 0.0, 0.0, 0.0, 0.0, 0.0, 0.0, 1.0 ], [ 0.809017, 0.309017, 0.5, 0.0, -0.309017, -0.5, 0.809017, 0.0, 0.5, -0.809017, -0.309017, 0.0, 0.0, 0.0, 0.0, 1.0 ], [ -0.5, 0.809017, 0.309017, 0.0, -0.809017, -0.309017, -0.5, 0.0, -0.309017, -0.5, 0.809017, 0.0, 0.0, 0.0, 0.0, 1.0 ], [ 0.309017, 0.5, -0.809017, 0.0, 0.5, -0.809017, -0.309017, 0.0, -0.809017, -0.309017, -0.5, 0.0, 0.0, 0.0, 0.0, 1.0 ], [ 0.5, 0.809017, 0.309017, 0.0, -0.809017, 0.309017, 0.5, 0.0, 0.309017, -0.5, 0.809017, 0.0, 0.0, 0.0, 0.0, 1.0 ], [ -0.309017, 0.5, -0.809017, 0.0, -0.5, -0.809017, -0.309017, 0.0, -0.809017, 0.309017, 0.5, 0.0, 0.0, 0.0, 0.0, 1.0 ], [ 0.809017, -0.309017, -0.5, 0.0, 0.309017, -0.5, 0.809017, 0.0, -0.5, -0.809017, -0.309017, 0.0, 0.0, 0.0, 0.0, 1.0 ], [ 0.5, 0.809017, -0.309017, 0.0, -0.809017, 0.309017, -0.5, 0.0, -0.309017, 0.5, 0.809017, 0.0, 0.0, 0.0, 0.0, 1.0 ], [ 0.309017, -0.5, -0.809017, 0.0, -0.5, -0.809017, 0.309017, 0.0, -0.809017, 0.309017, -0.5, 0.0, 0.0, 0.0, 0.0, 1.0 ], [ 0.809017, -0.309017, 0.5, 0.0, -0.309017, 0.5, 0.809017, 0.0, -0.5, -0.809017, 0.309017, 0.0, 0.0, 0.0, 0.0, 1.0 ], [ 0.809017, 0.309017, -0.5, 0.0, -0.309017, -0.5, -0.809017, 0.0, -0.5, 0.809017, -0.309017, 0.0, 0.0, 0.0, 0.0, 1.0 ], [ 0.5, -0.809017, 0.309017, 0.0, -0.809017, -0.309017, 0.5, 0.0, -0.309017, -0.5, -0.809017, 0.0, 0.0, 0.0, 0.0, 1.0 ], [ 0.309017, 0.5, 0.809017, 0.0, -0.5, 0.809017, -0.309017, 0.0, -0.809017, -0.309017, 0.5, 0.0, 0.0, 0.0, 0.0, 1.0 ], [ -1.0, 0.0, 0.0, 0.0, 0.0, -1.0, 0.0, 0.0, 0.0, 0.0, 1.0, 0.0, 0.0, 0.0, 0.0, 1.0 ], [ 0.0, 0.0, -1.0, 0.0, -1.0, 0.0, 0.0, 0.0, 0.0, 1.0, 0.0, 0.0, 0.0, 0.0, 0.0, 1.0 ], [ 0.0, -1.0, 0.0, 0.0, 0.0, 0.0, -1.0, 0.0, 1.0, 0.0, 0.0, 0.0, 0.0, 0.0, 0.0, 1.0 ], [ -0.809017, -0.309017, -0.5, 0.0, -0.309017, -0.5, 0.809017, 0.0, -0.5, 0.809017, 0.309017, 0.0, 0.0, 0.0, 0.0, 1.0 ], [ 0.5, -0.809017, -0.309017, 0.0, -0.809017, -0.309017, -0.5, 0.0, 0.309017, 0.5, -0.809017, 0.0, 0.0, 0.0, 0.0, 1.0 ], [ -0.309017, -0.5, 0.809017, 0.0, 0.5, -0.809017, -0.309017, 0.0, 0.809017, 0.309017, 0.5, 0.0, 0.0, 0.0, 0.0, 1.0 ], [ -0.5, -0.809017, -0.309017, 0.0, -0.809017, 0.309017, 0.5, 0.0, -0.309017, 0.5, -0.809017, 0.0, 0.0, 0.0, 0.0, 1.0 ], [ 0.309017, -0.5, 0.809017, 0.0, -0.5, -0.809017, -0.309017, 0.0, 0.809017, -0.309017, -0.5, 0.0, 0.0, 0.0, 0.0, 1.0 ], [ -0.809017, 0.309017, 0.5, 0.0, 0.309017, -0.5, 0.809017, 0.0, 0.5, 0.809017, 0.309017, 0.0, 0.0, 0.0, 0.0, 1.0 ], [ -0.5, -0.809017, 0.309017, 0.0, -0.809017, 0.309017, -0.5, 0.0, 0.309017, -0.5, -0.809017, 0.0, 0.0, 0.0, 0.0, 1.0 ], [ -0.309017, 0.5, 0.809017, 0.0, -0.5, -0.809017, 0.309017, 0.0, 0.809017, -0.309017, 0.5, 0.0, 0.0, 0.0, 0.0, 1.0 ], [ -0.809017, 0.309017, -0.5, 0.0, -0.309017, 0.5, 0.809017, 0.0, 0.5, 0.809017, -0.309017, 0.0, 0.0, 0.0, 0.0, 1.0 ], [ -0.809017, -0.309017, 0.5, 0.0, -0.309017, -0.5, -0.809017, 0.0, 0.5, -0.809017, 0.309017, 0.0, 0.0, 0.0, 0.0, 1.0 ], [ -0.5, 0.809017, -0.309017, 0.0, -0.809017, -0.309017, 0.5, 0.0, 0.309017, 0.5, 0.809017, 0.0, 0.0, 0.0, 0.0, 1.0 ], [ -0.309017, -0.5, -0.809017, 0.0, -0.5, 0.809017, -0.309017, 0.0, 0.809017, 0.309017, -0.5, 0.0, 0.0, 0.0, 0.0, 1.0 ], [ -1.0, 0.0, 0.0, 0.0, 0.0, 1.0, 0.0, 0.0, 0.0, 0.0, -1.0, 0.0, 0.0, 0.0, 0.0, 1.0 ], [ 0.0, 0.0, -1.0, 0.0, 1.0, 0.0, 0.0, 0.0, 0.0, -1.0, 0.0, 0.0, 0.0, 0.0, 0.0, 1.0 ], [ 0.0, -1.0, 0.0, 0.0, 0.0, 0.0, 1.0, 0.0, -1.0, 0.0, 0.0, 0.0, 0.0, 0.0, 0.0, 1.0 ], [ -0.809017, -0.309017, -0.5, 0.0, 0.309017, 0.5, -0.809017, 0.0, 0.5, -0.809017, -0.309017, 0.0, 0.0, 0.0, 0.0, 1.0 ], [ 0.5, -0.809017, -0.309017, 0.0, 0.809017, 0.309017, 0.5, 0.0, -0.309017, -0.5, 0.809017, 0.0, 0.0, 0.0, 0.0, 1.0 ], [ -0.309017, -0.5, 0.809017, 0.0, -0.5, 0.809017, 0.309017, 0.0, -0.809017, -0.309017, -0.5, 0.0, 0.0, 0.0, 0.0, 1.0 ], [ -0.5, -0.809017, -0.309017, 0.0, 0.809017, -0.309017, -0.5, 0.0, 0.309017, -0.5, 0.809017, 0.0, 0.0, 0.0, 0.0, 1.0 ], [ 0.309017, -0.5, 0.809017, 0.0, 0.5, 0.809017, 0.309017, 0.0, -0.809017, 0.309017, 0.5, 0.0, 0.0, 0.0, 0.0, 1.0 ], [ -0.809017, 0.309017, 0.5, 0.0, -0.309017, 0.5, -0.809017, 0.0, -0.5, -0.809017, -0.309017, 0.0, 0.0, 0.0, 0.0, 1.0 ], [ -0.5, -0.809017, 0.309017, 0.0, 0.809017, -0.309017, 0.5, 0.0, -0.309017, 0.5, 0.809017, 0.0, 0.0, 0.0, 0.0, 1.0 ], [ -0.309017, 0.5, 0.809017, 0.0, 0.5, 0.809017, -0.309017, 0.0, -0.809017, 0.309017, -0.5, 0.0, 0.0, 0.0, 0.0, 1.0 ], [ -0.809017, 0.309017, -0.5, 0.0, 0.309017, -0.5, -0.809017, 0.0, -0.5, -0.809017, 0.309017, 0.0, 0.0, 0.0, 0.0, 1.0 ], [ -0.809017, -0.309017, 0.5, 0.0, 0.309017, 0.5, 0.809017, 0.0, -0.5, 0.809017, -0.309017, 0.0, 0.0, 0.0, 0.0, 1.0 ], [ -0.5, 0.809017, -0.309017, 0.0, 0.809017, 0.309017, -0.5, 0.0, -0.309017, -0.5, -0.809017, 0.0, 0.0, 0.0, 0.0, 1.0 ], [ -0.309017, -0.5, -0.809017, 0.0, 0.5, -0.809017, 0.309017, 0.0, -0.809017, -0.309017, 0.5, 0.0, 0.0, 0.0, 0.0, 1.0 ] ],
  "lights" : {
    "ambientColor" : "#292929",
    "backgroundColor" : "#AFC8DC",
    "directionalLights" : [ {
      "direction" : [ 1.0, -1.0, -1.0 ],
      "color" : "#EBEBE4"
    }, {
      "direction" : [ -1.0, 0.0, 0.0 ],
      "color" : "#E4E4EB"
    }, {
      "direction" : [ 0.0, 0.0, -1.0 ],
      "color" : "#1E1E1E"
    } ]
  },
  "camera" : {
    "lookDirection" : {
      "x" : -0.5200616,
      "y" : 0.015302217,
      "z" : 0.8539896
    },
    "upDirection" : {
      "x" : 0.8255792,
      "y" : -0.24733268,
      "z" : 0.5071891
    },
    "lookAtPoint" : {
      "x" : 0.0,
      "y" : 0.0,
      "z" : 0.0
    },
    "viewDistance" : 246.87433,
    "nearClipDistance" : 0.6171857,
    "farClipDistance" : 493.74847,
    "fieldOfView" : 0.44262892,
    "perspective" : true,
    "width" : 111.09346,
    "stereo" : false,
    "position" : {
      "x" : 128.38986,
      "y" : -3.7777245,
      "z" : -210.82811
    }
  },
  "embedding" : [ 1.0, 0.0, 0.0, 0.0, 0.0, 1.0, 0.0, 0.0, 0.0, 0.0, 1.0, 0.0, 0.0, 0.0, 0.0, 1.0 ],
  "shapes" : [ {
    "id" : "125da68c-a655-4d88-8e20-337832bd1462",
    "vertices" : [ {
      "x" : 17.944271,
      "y" : 0.0,
      "z" : -6.854102
    }, {
      "x" : 24.798374,
      "y" : 4.236068,
      "z" : -6.854102
    }, {
      "x" : 17.944271,
      "y" : 15.326238,
      "z" : -11.09017
    }, {
      "x" : 11.09017,
      "y" : 11.09017,
      "z" : -11.09017
    } ],
    "faces" : [ {
      "vertices" : [ 0, 1, 2 ]
    }, {
      "vertices" : [ 0, 2, 3 ]
    }, {
      "vertices" : [ 0, 3, 2 ]
    }, {
      "vertices" : [ 0, 2, 1 ]
    } ]
  }, {
    "id" : "de142759-2809-4ebe-b9a8-b2af3af5b71b",
    "vertices" : [ {
      "x" : -4.236068,
      "y" : -6.854102,
      "z" : 24.798374
    }, {
      "x" : 0.0,
      "y" : -10.472136,
      "z" : 27.416409
    }, {
      "x" : 0.0,
      "y" : 10.472136,
      "z" : 27.416409
    }, {
      "x" : -4.236068,
      "y" : 6.854102,
      "z" : 24.798374
    } ],
    "faces" : [ {
      "vertices" : [ 0, 1, 2 ]
    }, {
      "vertices" : [ 0, 2, 3 ]
    }, {
      "vertices" : [ 0, 3, 2 ]
    }, {
      "vertices" : [ 0, 2, 1 ]
    } ]
  }, {
    "id" : "b3f75bb2-0745-425d-beaa-01031e7db337",
    "vertices" : [ {
      "x" : 24.798374,
      "y" : 4.236068,
      "z" : 6.854102
    }, {
      "x" : 27.416409,
      "y" : 0.0,
      "z" : 10.472136
    }, {
      "x" : 27.416409,
      "y" : 0.0,
      "z" : -10.472136
    }, {
      "x" : 24.798374,
      "y" : 4.236068,
      "z" : -6.854102
    } ],
    "faces" : [ {
      "vertices" : [ 0, 1, 2 ]
    }, {
      "vertices" : [ 0, 2, 3 ]
    }, {
      "vertices" : [ 0, 3, 2 ]
    }, {
      "vertices" : [ 0, 2, 1 ]
    } ]
  }, {
    "id" : "eb79a71b-d660-44b8-bf61-3d45a8ef1e79",
    "vertices" : [ {
      "x" : 11.09017,
      "y" : 17.944271,
      "z" : 15.326238
    }, {
      "x" : 16.944271,
      "y" : 16.944271,
      "z" : 16.944271
    }, {
      "x" : 10.472136,
      "y" : 27.416409,
      "z" : 0.0
    }, {
      "x" : 6.854102,
      "y" : 24.798374,
      "z" : 4.236068
    } ],
    "faces" : [ {
      "vertices" : [ 0, 1, 2 ]
    }, {
      "vertices" : [ 0, 2, 3 ]
    }, {
      "vertices" : [ 0, 3, 2 ]
    }, {
      "vertices" : [ 0, 2, 1 ]
    } ]
  }, {
    "id" : "e4b825f1-8129-487c-bf8f-115382efa294",
    "vertices" : [ {
      "x" : -6.854102,
      "y" : 17.944271,
      "z" : 0.0
    }, {
      "x" : -6.854102,
      "y" : 24.798374,
      "z" : 4.236068
    }, {
      "x" : -11.09017,
      "y" : 17.944271,
      "z" : 15.326238
    }, {
      "x" : -11.09017,
      "y" : 11.09017,
      "z" : 11.09017
    } ],
    "faces" : [ {
      "vertices" : [ 0, 1, 2 ]
    }, {
      "vertices" : [ 0, 2, 3 ]
    }, {
      "vertices" : [ 0, 3, 2 ]
    }, {
      "vertices" : [ 0, 2, 1 ]
    } ]
  }, {
    "id" : "24805d11-3d1e-47a5-af94-703816954e1d",
    "vertices" : [ {
      "x" : -15.326238,
      "y" : -11.09017,
      "z" : 17.944271
    }, {
      "x" : -16.944271,
      "y" : -16.944271,
      "z" : 16.944271
    }, {
      "x" : 0.0,
      "y" : -10.472136,
      "z" : 27.416409
    }, {
      "x" : -4.236068,
      "y" : -6.854102,
      "z" : 24.798374
    } ],
    "faces" : [ {
      "vertices" : [ 0, 1, 2 ]
    }, {
      "vertices" : [ 0, 2, 3 ]
    }, {
      "vertices" : [ 0, 3, 2 ]
    }, {
      "vertices" : [ 0, 2, 1 ]
    } ]
  }, {
    "id" : "8a2419da-490f-49e3-8066-7ae1059e542c",
    "vertices" : [ {
      "x" : -11.09017,
      "y" : -11.09017,
      "z" : -11.09017
    }, {
      "x" : -17.944271,
      "y" : -15.326238,
      "z" : -11.09017
    }, {
      "x" : -13.708204,
      "y" : -22.18034,
      "z" : 0.0
    }, {
      "x" : -6.854102,
      "y" : -17.944271,
      "z" : 0.0
    } ],
    "faces" : [ {
      "vertices" : [ 0, 1, 2 ]
    }, {
      "vertices" : [ 0, 2, 3 ]
    }, {
      "vertices" : [ 0, 3, 2 ]
    }, {
      "vertices" : [ 0, 2, 1 ]
    } ]
  }, {
    "id" : "fbed4a07-407f-46e6-90a8-98f32e466783",
    "vertices" : [ {
      "x" : 17.944271,
      "y" : 15.326238,
      "z" : -11.09017
    }, {
      "x" : 16.944271,
      "y" : 16.944271,
      "z" : -16.944271
    }, {
      "x" : 10.472136,
      "y" : 27.416409,
      "z" : 0.0
    }, {
      "x" : 13.708204,
      "y" : 22.18034,
      "z" : 0.0
    } ],
    "faces" : [ {
      "vertices" : [ 0, 1, 2 ]
    }, {
      "vertices" : [ 0, 2, 3 ]
    }, {
      "vertices" : [ 0, 3, 2 ]
    }, {
      "vertices" : [ 0, 2, 1 ]
    } ]
  }, {
    "id" : "c5dda43c-2e31-4392-8368-b133fac3a3d1",
    "vertices" : [ {
      "x" : -11.09017,
      "y" : 11.09017,
      "z" : 11.09017
    }, {
      "x" : -17.944271,
      "y" : 15.326238,
      "z" : 11.09017
    }, {
      "x" : -13.708204,
      "y" : 22.18034,
      "z" : 0.0
    }, {
      "x" : -6.854102,
      "y" : 17.944271,
      "z" : 0.0
    } ],
    "faces" : [ {
      "vertices" : [ 0, 1, 2 ]
    }, {
      "vertices" : [ 0, 2, 3 ]
    }, {
      "vertices" : [ 0, 3, 2 ]
    }, {
      "vertices" : [ 0, 2, 1 ]
    } ]
  }, {
    "id" : "7b8a301a-880e-423c-85f1-f1823cbe9477",
    "vertices" : [ {
      "x" : -6.854102,
      "y" : -17.944271,
      "z" : 0.0
    }, {
      "x" : -6.854102,
      "y" : -24.798374,
      "z" : -4.236068
    }, {
      "x" : -11.09017,
      "y" : -17.944271,
      "z" : -15.326238
    }, {
      "x" : -11.09017,
      "y" : -11.09017,
      "z" : -11.09017
    } ],
    "faces" : [ {
      "vertices" : [ 0, 1, 2 ]
    }, {
      "vertices" : [ 0, 2, 3 ]
    }, {
      "vertices" : [ 0, 3, 2 ]
    }, {
      "vertices" : [ 0, 2, 1 ]
    } ]
  }, {
    "id" : "4672f3d6-3eda-44ec-8947-ef28a3e0a25c",
    "vertices" : [ {
      "x" : 6.854102,
      "y" : 17.944271,
      "z" : 0.0
    }, {
      "x" : 13.708204,
      "y" : 22.18034,
      "z" : 0.0
    }, {
      "x" : 17.944271,
      "y" : 15.326238,
      "z" : 11.09017
    }, {
      "x" : 11.09017,
      "y" : 11.09017,
      "z" : 11.09017
    } ],
    "faces" : [ {
      "vertices" : [ 0, 1, 2 ]
    }, {
      "vertices" : [ 0, 2, 3 ]
    }, {
      "vertices" : [ 0, 3, 2 ]
    }, {
      "vertices" : [ 0, 2, 1 ]
    } ]
  }, {
    "id" : "34b984be-d1e6-48e7-87dd-dba727b85475",
    "vertices" : [ {
      "x" : -24.798374,
      "y" : -4.236068,
      "z" : -6.854102
    }, {
      "x" : -27.416409,
      "y" : 0.0,
      "z" : -10.472136
    }, {
      "x" : -16.944271,
      "y" : -16.944271,
      "z" : -16.944271
    }, {
      "x" : -17.944271,
      "y" : -15.326238,
      "z" : -11.09017
    } ],
    "faces" : [ {
      "vertices" : [ 0, 1, 2 ]
    }, {
      "vertices" : [ 0, 2, 3 ]
    }, {
      "vertices" : [ 0, 3, 2 ]
    }, {
      "vertices" : [ 0, 2, 1 ]
    } ]
  }, {
    "id" : "af65c384-1abd-4958-a326-f46910d20721",
    "vertices" : [ {
      "x" : -17.944271,
      "y" : 0.0,
      "z" : -6.854102
    }, {
      "x" : -22.18034,
      "y" : 0.0,
      "z" : -13.708204
    }, {
      "x" : -15.326238,
      "y" : 11.09017,
      "z" : -17.944271
    }, {
      "x" : -11.09017,
      "y" : 11.09017,
      "z" : -11.09017
    } ],
    "faces" : [ {
      "vertices" : [ 0, 1, 2 ]
    }, {
      "vertices" : [ 0, 2, 3 ]
    }, {
      "vertices" : [ 0, 3, 2 ]
    }, {
      "vertices" : [ 0, 2, 1 ]
    } ]
  }, {
    "id" : "70d580dc-2e1e-49f3-994e-02686e42e420",
    "vertices" : [ {
      "x" : 0.0,
      "y" : 13.708204,
      "z" : 22.18034
    }, {
      "x" : 0.0,
      "y" : 10.472136,
      "z" : 27.416409
    }, {
      "x" : 16.944271,
      "y" : 16.944271,
      "z" : 16.944271
    }, {
      "x" : 11.09017,
      "y" : 17.944271,
      "z" : 15.326238
    } ],
    "faces" : [ {
      "vertices" : [ 0, 1, 2 ]
    }, {
      "vertices" : [ 0, 2, 3 ]
    }, {
      "vertices" : [ 0, 3, 2 ]
    }, {
      "vertices" : [ 0, 2, 1 ]
    } ]
  }, {
    "id" : "48c0e93f-e5d0-4f2e-b90f-fe56450e7c65",
    "vertices" : [ {
      "x" : 6.854102,
      "y" : -24.798374,
      "z" : 4.236068
    }, {
      "x" : 10.472136,
      "y" : -27.416409,
      "z" : 0.0
    }, {
      "x" : 16.944271,
      "y" : -16.944271,
      "z" : 16.944271
    }, {
      "x" : 11.09017,
      "y" : -17.944271,
      "z" : 15.326238
    } ],
    "faces" : [ {
      "vertices" : [ 0, 1, 2 ]
    }, {
      "vertices" : [ 0, 2, 3 ]
    }, {
      "vertices" : [ 0, 3, 2 ]
    }, {
      "vertices" : [ 0, 2, 1 ]
    } ]
  }, {
    "id" : "8bf44542-8f31-4525-9082-fe38b0ba4751",
    "vertices" : [ {
      "x" : 11.09017,
      "y" : -11.09017,
      "z" : 11.09017
    }, {
      "x" : 11.09017,
      "y" : -17.944271,
      "z" : 15.326238
    }, {
      "x" : 0.0,
      "y" : -13.708204,
      "z" : 22.18034
    }, {
      "x" : 0.0,
      "y" : -6.854102,
      "z" : 17.944271
    } ],
    "faces" : [ {
      "vertices" : [ 0, 1, 2 ]
    }, {
      "vertices" : [ 0, 2, 3 ]
    }, {
      "vertices" : [ 0, 3, 2 ]
    }, {
      "vertices" : [ 0, 2, 1 ]
    } ]
  }, {
    "id" : "54a1f5b4-edea-4460-a3ea-7842db136527",
    "vertices" : [ {
      "x" : 0.0,
      "y" : -6.854102,
      "z" : -17.944271
    }, {
      "x" : 0.0,
      "y" : -13.708204,
      "z" : -22.18034
    }, {
      "x" : 11.09017,
      "y" : -17.944271,
      "z" : -15.326238
    }, {
      "x" : 11.09017,
      "y" : -11.09017,
      "z" : -11.09017
    } ],
    "faces" : [ {
      "vertices" : [ 0, 1, 2 ]
    }, {
      "vertices" : [ 0, 2, 3 ]
    }, {
      "vertices" : [ 0, 3, 2 ]
    }, {
      "vertices" : [ 0, 2, 1 ]
    } ]
  }, {
    "id" : "2890e572-a913-4d63-a540-a61337e211d5",
    "vertices" : [ {
      "x" : -24.798374,
      "y" : 4.236068,
      "z" : 6.854102
    }, {
      "x" : -27.416409,
      "y" : 0.0,
      "z" : 10.472136
    }, {
      "x" : -16.944271,
      "y" : 16.944271,
      "z" : 16.944271
    }, {
      "x" : -17.944271,
      "y" : 15.326238,
      "z" : 11.09017
    } ],
    "faces" : [ {
      "vertices" : [ 0, 1, 2 ]
    }, {
      "vertices" : [ 0, 2, 3 ]
    }, {
      "vertices" : [ 0, 3, 2 ]
    }, {
      "vertices" : [ 0, 2, 1 ]
    } ]
  }, {
    "id" : "3453bbad-4f90-4384-9da6-8533906759c4",
    "vertices" : [ {
      "x" : -4.236068,
      "y" : 6.854102,
      "z" : -24.798374
    }, {
      "x" : 0.0,
      "y" : 10.472136,
      "z" : -27.416409
    }, {
      "x" : 0.0,
      "y" : -10.472136,
      "z" : -27.416409
    }, {
      "x" : -4.236068,
      "y" : -6.854102,
      "z" : -24.798374
    } ],
    "faces" : [ {
      "vertices" : [ 0, 1, 2 ]
    }, {
      "vertices" : [ 0, 2, 3 ]
    }, {
      "vertices" : [ 0, 3, 2 ]
    }, {
      "vertices" : [ 0, 2, 1 ]
    } ]
  }, {
    "id" : "9878f57f-8ba6-4fb6-b443-53f3ed972c3e",
    "vertices" : [ {
      "x" : 13.708204,
      "y" : 22.18034,
      "z" : 0.0
    }, {
      "x" : 10.472136,
      "y" : 27.416409,
      "z" : 0.0
    }, {
      "x" : 16.944271,
      "y" : 16.944271,
      "z" : 16.944271
    }, {
      "x" : 17.944271,
      "y" : 15.326238,
      "z" : 11.09017
    } ],
    "faces" : [ {
      "vertices" : [ 0, 1, 2 ]
    }, {
      "vertices" : [ 0, 2, 3 ]
    }, {
      "vertices" : [ 0, 3, 2 ]
    }, {
      "vertices" : [ 0, 2, 1 ]
    } ]
  }, {
    "id" : "2d04d19c-a132-44d3-95a8-dbc569145f94",
    "vertices" : [ {
      "x" : -11.09017,
      "y" : 11.09017,
      "z" : -11.09017
    }, {
      "x" : -15.326238,
      "y" : 11.09017,
      "z" : -17.944271
    }, {
      "x" : -4.236068,
      "y" : 6.854102,
      "z" : -24.798374
    }, {
      "x" : 0.0,
      "y" : 6.854102,
      "z" : -17.944271
    } ],
    "faces" : [ {
      "vertices" : [ 0, 1, 2 ]
    }, {
      "vertices" : [ 0, 2, 3 ]
    }, {
      "vertices" : [ 0, 3, 2 ]
    }, {
      "vertices" : [ 0, 2, 1 ]
    } ]
  }, {
    "id" : "9ba8251d-0ea5-42b7-bce3-4ad93ae2df71",
    "vertices" : [ {
      "x" : 22.18034,
      "y" : 0.0,
      "z" : 13.708204
    }, {
      "x" : 27.416409,
      "y" : 0.0,
      "z" : 10.472136
    }, {
      "x" : 16.944271,
      "y" : 16.944271,
      "z" : 16.944271
    }, {
      "x" : 15.326238,
      "y" : 11.09017,
      "z" : 17.944271
    } ],
    "faces" : [ {
      "vertices" : [ 0, 1, 2 ]
    }, {
      "vertices" : [ 0, 2, 3 ]
    }, {
      "vertices" : [ 0, 3, 2 ]
    }, {
      "vertices" : [ 0, 2, 1 ]
    } ]
  }, {
    "id" : "03e5a01c-3976-4d91-83c0-3fe2439def8a",
    "vertices" : [ {
      "x" : -24.798374,
      "y" : 4.236068,
      "z" : -6.854102
    }, {
      "x" : -27.416409,
      "y" : 0.0,
      "z" : -10.472136
    }, {
      "x" : -27.416409,
      "y" : 0.0,
      "z" : 10.472136
    }, {
      "x" : -24.798374,
      "y" : 4.236068,
      "z" : 6.854102
    } ],
    "faces" : [ {
      "vertices" : [ 0, 1, 2 ]
    }, {
      "vertices" : [ 0, 2, 3 ]
    }, {
      "vertices" : [ 0, 3, 2 ]
    }, {
      "vertices" : [ 0, 2, 1 ]
    } ]
  }, {
    "id" : "40ad8723-237c-44df-9f5f-cf6a65282419",
    "vertices" : [ {
      "x" : -13.708204,
      "y" : -22.18034,
      "z" : 0.0
    }, {
      "x" : -10.472136,
      "y" : -27.416409,
      "z" : 0.0
    }, {
      "x" : -16.944271,
      "y" : -16.944271,
      "z" : 16.944271
    }, {
      "x" : -17.944271,
      "y" : -15.326238,
      "z" : 11.09017
    } ],
    "faces" : [ {
      "vertices" : [ 0, 1, 2 ]
    }, {
      "vertices" : [ 0, 2, 3 ]
    }, {
      "vertices" : [ 0, 3, 2 ]
    }, {
      "vertices" : [ 0, 2, 1 ]
    } ]
  }, {
    "id" : "20bd7e4c-0074-41be-9e74-ecfb58eea966",
    "vertices" : [ {
      "x" : 0.0,
      "y" : -6.854102,
      "z" : 17.944271
    }, {
      "x" : 4.236068,
      "y" : -6.854102,
      "z" : 24.798374
    }, {
      "x" : 15.326238,
      "y" : -11.09017,
      "z" : 17.944271
    }, {
      "x" : 11.09017,
      "y" : -11.09017,
      "z" : 11.09017
    } ],
    "faces" : [ {
      "vertices" : [ 0, 1, 2 ]
    }, {
      "vertices" : [ 0, 2, 3 ]
    }, {
      "vertices" : [ 0, 3, 2 ]
    }, {
      "vertices" : [ 0, 2, 1 ]
    } ]
  }, {
    "id" : "1dbca4f5-998c-4be8-8dfe-da4b697ebe34",
    "vertices" : [ {
      "x" : 15.326238,
      "y" : 11.09017,
      "z" : -17.944271
    }, {
      "x" : 16.944271,
      "y" : 16.944271,
      "z" : -16.944271
    }, {
      "x" : 27.416409,
      "y" : 0.0,
      "z" : -10.472136
    }, {
      "x" : 22.18034,
      "y" : 0.0,
      "z" : -13.708204
    } ],
    "faces" : [ {
      "vertices" : [ 0, 1, 2 ]
    }, {
      "vertices" : [ 0, 2, 3 ]
    }, {
      "vertices" : [ 0, 3, 2 ]
    }, {
      "vertices" : [ 0, 2, 1 ]
    } ]
  }, {
    "id" : "7446b22f-045b-4abb-98ae-e8adc7fe2a93",
    "vertices" : [ {
      "x" : 11.09017,
      "y" : -17.944271,
      "z" : 15.326238
    }, {
      "x" : 16.944271,
      "y" : -16.944271,
      "z" : 16.944271
    }, {
      "x" : 0.0,
      "y" : -10.472136,
      "z" : 27.416409
    }, {
      "x" : 0.0,
      "y" : -13.708204,
      "z" : 22.18034
    } ],
    "faces" : [ {
      "vertices" : [ 0, 1, 2 ]
    }, {
      "vertices" : [ 0, 2, 3 ]
    }, {
      "vertices" : [ 0, 3, 2 ]
    }, {
      "vertices" : [ 0, 2, 1 ]
    } ]
  }, {
    "id" : "b79d0439-0b09-404c-ad9c-e717f90954d7",
    "vertices" : [ {
      "x" : 6.854102,
      "y" : 17.944271,
      "z" : 0.0
    }, {
      "x" : 6.854102,
      "y" : 24.798374,
      "z" : -4.236068
    }, {
      "x" : 11.09017,
      "y" : 17.944271,
      "z" : -15.326238
    }, {
      "x" : 11.09017,
      "y" : 11.09017,
      "z" : -11.09017
    } ],
    "faces" : [ {
      "vertices" : [ 0, 1, 2 ]
    }, {
      "vertices" : [ 0, 2, 3 ]
    }, {
      "vertices" : [ 0, 3, 2 ]
    }, {
      "vertices" : [ 0, 2, 1 ]
    } ]
  }, {
    "id" : "be261ac1-9acd-461a-b818-da2bb380bee2",
    "vertices" : [ {
      "x" : -22.18034,
      "y" : 0.0,
      "z" : -13.708204
    }, {
      "x" : -27.416409,
      "y" : 0.0,
      "z" : -10.472136
    }, {
      "x" : -16.944271,
      "y" : 16.944271,
      "z" : -16.944271
    }, {
      "x" : -15.326238,
      "y" : 11.09017,
      "z" : -17.944271
    } ],
    "faces" : [ {
      "vertices" : [ 0, 1, 2 ]
    }, {
      "vertices" : [ 0, 2, 3 ]
    }, {
      "vertices" : [ 0, 3, 2 ]
    }, {
      "vertices" : [ 0, 2, 1 ]
    } ]
  }, {
    "id" : "2db93404-e47a-41ed-bc5e-d7b78a5987f5",
    "vertices" : [ {
      "x" : -11.09017,
      "y" : 11.09017,
      "z" : 11.09017
    }, {
      "x" : -15.326238,
      "y" : 11.09017,
      "z" : 17.944271
    }, {
      "x" : -22.18034,
      "y" : 0.0,
      "z" : 13.708204
    }, {
      "x" : -17.944271,
      "y" : 0.0,
      "z" : 6.854102
    } ],
    "faces" : [ {
      "vertices" : [ 0, 1, 2 ]
    }, {
      "vertices" : [ 0, 2, 3 ]
    }, {
      "vertices" : [ 0, 3, 2 ]
    }, {
      "vertices" : [ 0, 2, 1 ]
    } ]
  }, {
    "id" : "08fd5934-8c3c-45e2-8986-efa375c29de3",
    "vertices" : [ {
      "x" : 6.854102,
      "y" : -17.944271,
      "z" : 0.0
    }, {
      "x" : 6.854102,
      "y" : -24.798374,
      "z" : 4.236068
    }, {
      "x" : 11.09017,
      "y" : -17.944271,
      "z" : 15.326238
    }, {
      "x" : 11.09017,
      "y" : -11.09017,
      "z" : 11.09017
    } ],
    "faces" : [ {
      "vertices" : [ 0, 1, 2 ]
    }, {
      "vertices" : [ 0, 2, 3 ]
    }, {
      "vertices" : [ 0, 3, 2 ]
    }, {
      "vertices" : [ 0, 2, 1 ]
    } ]
  }, {
    "id" : "b5168195-fd01-466b-9eca-40ed00630341",
    "vertices" : [ {
      "x" : -15.326238,
      "y" : 11.09017,
      "z" : -17.944271
    }, {
      "x" : -16.944271,
      "y" : 16.944271,
      "z" : -16.944271
    }, {
      "x" : 0.0,
      "y" : 10.472136,
      "z" : -27.416409
    }, {
      "x" : -4.236068,
      "y" : 6.854102,
      "z" : -24.798374
    } ],
    "faces" : [ {
      "vertices" : [ 0, 1, 2 ]
    }, {
      "vertices" : [ 0, 2, 3 ]
    }, {
      "vertices" : [ 0, 3, 2 ]
    }, {
      "vertices" : [ 0, 2, 1 ]
    } ]
  }, {
    "id" : "84d6e906-4a90-4cb0-b8c2-ac8457d56109",
    "vertices" : [ {
      "x" : 0.0,
      "y" : 6.854102,
      "z" : -17.944271
    }, {
      "x" : -4.236068,
      "y" : 6.854102,
      "z" : -24.798374
    }, {
      "x" : -4.236068,
      "y" : -6.854102,
      "z" : -24.798374
    }, {
      "x" : 0.0,
      "y" : -6.854102,
      "z" : -17.944271
    } ],
    "faces" : [ {
      "vertices" : [ 0, 1, 2 ]
    }, {
      "vertices" : [ 0, 2, 3 ]
    }, {
      "vertices" : [ 0, 3, 2 ]
    }, {
      "vertices" : [ 0, 2, 1 ]
    } ]
  }, {
    "id" : "a8f73989-3d33-4af3-9c6b-ea611a68712c",
    "vertices" : [ {
      "x" : 0.0,
      "y" : 13.708204,
      "z" : -22.18034
    }, {
      "x" : 0.0,
      "y" : 10.472136,
      "z" : -27.416409
    }, {
      "x" : -16.944271,
      "y" : 16.944271,
      "z" : -16.944271
    }, {
      "x" : -11.09017,
      "y" : 17.944271,
      "z" : -15.326238
    } ],
    "faces" : [ {
      "vertices" : [ 0, 1, 2 ]
    }, {
      "vertices" : [ 0, 2, 3 ]
    }, {
      "vertices" : [ 0, 3, 2 ]
    }, {
      "vertices" : [ 0, 2, 1 ]
    } ]
  }, {
    "id" : "19675883-ce22-4c3a-9abd-82e4be17d775",
    "vertices" : [ {
      "x" : -11.09017,
      "y" : 17.944271,
      "z" : 15.326238
    }, {
      "x" : -16.944271,
      "y" : 16.944271,
      "z" : 16.944271
    }, {
      "x" : 0.0,
      "y" : 10.472136,
      "z" : 27.416409
    }, {
      "x" : 0.0,
      "y" : 13.708204,
      "z" : 22.18034
    } ],
    "faces" : [ {
      "vertices" : [ 0, 1, 2 ]
    }, {
      "vertices" : [ 0, 2, 3 ]
    }, {
      "vertices" : [ 0, 3, 2 ]
    }, {
      "vertices" : [ 0, 2, 1 ]
    } ]
  }, {
    "id" : "dbb4a0d7-b77a-45ce-8a4a-dbb6929a9c9e",
    "vertices" : [ {
      "x" : 6.854102,
      "y" : -17.944271,
      "z" : 0.0
    }, {
      "x" : 6.854102,
      "y" : -24.798374,
      "z" : -4.236068
    }, {
      "x" : -6.854102,
      "y" : -24.798374,
      "z" : -4.236068
    }, {
      "x" : -6.854102,
      "y" : -17.944271,
      "z" : 0.0
    } ],
    "faces" : [ {
      "vertices" : [ 0, 1, 2 ]
    }, {
      "vertices" : [ 0, 2, 3 ]
    }, {
      "vertices" : [ 0, 3, 2 ]
    }, {
      "vertices" : [ 0, 2, 1 ]
    } ]
  }, {
    "id" : "8ee3d180-ac23-4300-9095-d1004b1502c7",
    "vertices" : [ {
      "x" : 4.236068,
      "y" : -6.854102,
      "z" : 24.798374
    }, {
      "x" : 0.0,
      "y" : -10.472136,
      "z" : 27.416409
    }, {
      "x" : 16.944271,
      "y" : -16.944271,
      "z" : 16.944271
    }, {
      "x" : 15.326238,
      "y" : -11.09017,
      "z" : 17.944271
    } ],
    "faces" : [ {
      "vertices" : [ 0, 1, 2 ]
    }, {
      "vertices" : [ 0, 2, 3 ]
    }, {
      "vertices" : [ 0, 3, 2 ]
    }, {
      "vertices" : [ 0, 2, 1 ]
    } ]
  }, {
    "id" : "9f002b3a-341b-4cae-93d9-7da1c605bd01",
    "vertices" : [ {
      "x" : -17.944271,
      "y" : 15.326238,
      "z" : 11.09017
    }, {
      "x" : -16.944271,
      "y" : 16.944271,
      "z" : 16.944271
    }, {
      "x" : -10.472136,
      "y" : 27.416409,
      "z" : 0.0
    }, {
      "x" : -13.708204,
      "y" : 22.18034,
      "z" : 0.0
    } ],
    "faces" : [ {
      "vertices" : [ 0, 1, 2 ]
    }, {
      "vertices" : [ 0, 2, 3 ]
    }, {
      "vertices" : [ 0, 3, 2 ]
    }, {
      "vertices" : [ 0, 2, 1 ]
    } ]
  }, {
    "id" : "04099948-64a9-436f-a89e-927284056314",
    "vertices" : [ {
      "x" : -11.09017,
      "y" : -17.944271,
      "z" : 15.326238
    }, {
      "x" : -16.944271,
      "y" : -16.944271,
      "z" : 16.944271
    }, {
      "x" : -10.472136,
      "y" : -27.416409,
      "z" : 0.0
    }, {
      "x" : -6.854102,
      "y" : -24.798374,
      "z" : 4.236068
    } ],
    "faces" : [ {
      "vertices" : [ 0, 1, 2 ]
    }, {
      "vertices" : [ 0, 2, 3 ]
    }, {
      "vertices" : [ 0, 3, 2 ]
    }, {
      "vertices" : [ 0, 2, 1 ]
    } ]
  }, {
    "id" : "94c93ff1-3e56-4db5-ae20-2a71905e8749",
    "vertices" : [ {
      "x" : -6.854102,
      "y" : -17.944271,
      "z" : 0.0
    }, {
      "x" : -13.708204,
      "y" : -22.18034,
      "z" : 0.0
    }, {
      "x" : -17.944271,
      "y" : -15.326238,
      "z" : 11.09017
    }, {
      "x" : -11.09017,
      "y" : -11.09017,
      "z" : 11.09017
    } ],
    "faces" : [ {
      "vertices" : [ 0, 1, 2 ]
    }, {
      "vertices" : [ 0, 2, 3 ]
    }, {
      "vertices" : [ 0, 3, 2 ]
    }, {
      "vertices" : [ 0, 2, 1 ]
    } ]
  }, {
    "id" : "ab34f255-6117-4afb-8f75-1e4164f858df",
    "vertices" : [ {
      "x" : 11.09017,
      "y" : 11.09017,
      "z" : -11.09017
    }, {
      "x" : 17.944271,
      "y" : 15.326238,
      "z" : -11.09017
    }, {
      "x" : 13.708204,
      "y" : 22.18034,
      "z" : 0.0
    }, {
      "x" : 6.854102,
      "y" : 17.944271,
      "z" : 0.0
    } ],
    "faces" : [ {
      "vertices" : [ 0, 1, 2 ]
    }, {
      "vertices" : [ 0, 2, 3 ]
    }, {
      "vertices" : [ 0, 3, 2 ]
    }, {
      "vertices" : [ 0, 2, 1 ]
    } ]
  }, {
    "id" : "a671c7ce-a5cc-4ae5-9ce0-74ab3ee5d037",
    "vertices" : [ {
      "x" : -17.944271,
      "y" : 15.326238,
      "z" : -11.09017
    }, {
      "x" : -16.944271,
      "y" : 16.944271,
      "z" : -16.944271
    }, {
      "x" : -27.416409,
      "y" : 0.0,
      "z" : -10.472136
    }, {
      "x" : -24.798374,
      "y" : 4.236068,
      "z" : -6.854102
    } ],
    "faces" : [ {
      "vertices" : [ 0, 1, 2 ]
    }, {
      "vertices" : [ 0, 2, 3 ]
    }, {
      "vertices" : [ 0, 3, 2 ]
    }, {
      "vertices" : [ 0, 2, 1 ]
    } ]
  }, {
    "id" : "56ff1753-9a36-4168-8d20-c15ebe9507fa",
    "vertices" : [ {
      "x" : 24.798374,
      "y" : -4.236068,
      "z" : -6.854102
    }, {
      "x" : 27.416409,
      "y" : 0.0,
      "z" : -10.472136
    }, {
      "x" : 27.416409,
      "y" : 0.0,
      "z" : 10.472136
    }, {
      "x" : 24.798374,
      "y" : -4.236068,
      "z" : 6.854102
    } ],
    "faces" : [ {
      "vertices" : [ 0, 1, 2 ]
    }, {
      "vertices" : [ 0, 2, 3 ]
    }, {
      "vertices" : [ 0, 3, 2 ]
    }, {
      "vertices" : [ 0, 2, 1 ]
    } ]
  }, {
    "id" : "f4bc9048-5ebb-4f4b-8593-107bfd2ec4bc",
    "vertices" : [ {
      "x" : 11.09017,
      "y" : -11.09017,
      "z" : -11.09017
    }, {
      "x" : 15.326238,
      "y" : -11.09017,
      "z" : -17.944271
    }, {
      "x" : 4.236068,
      "y" : -6.854102,
      "z" : -24.798374
    }, {
      "x" : 0.0,
      "y" : -6.854102,
      "z" : -17.944271
    } ],
    "faces" : [ {
      "vertices" : [ 0, 1, 2 ]
    }, {
      "vertices" : [ 0, 2, 3 ]
    }, {
      "vertices" : [ 0, 3, 2 ]
    }, {
      "vertices" : [ 0, 2, 1 ]
    } ]
  }, {
    "id" : "44dfcc4f-7647-4467-baa3-4521ed2292d6",
    "vertices" : [ {
      "x" : 6.854102,
      "y" : 17.944271,
      "z" : 0.0
    }, {
      "x" : 6.854102,
      "y" : 24.798374,
      "z" : 4.236068
    }, {
      "x" : -6.854102,
      "y" : 24.798374,
      "z" : 4.236068
    }, {
      "x" : -6.854102,
      "y" : 17.944271,
      "z" : 0.0
    } ],
    "faces" : [ {
      "vertices" : [ 0, 1, 2 ]
    }, {
      "vertices" : [ 0, 2, 3 ]
    }, {
      "vertices" : [ 0, 3, 2 ]
    }, {
      "vertices" : [ 0, 2, 1 ]
    } ]
  }, {
    "id" : "cd9bd282-6b33-43c6-ad71-e9b833933cf1",
    "vertices" : [ {
      "x" : -17.944271,
      "y" : -15.326238,
      "z" : 11.09017
    }, {
      "x" : -16.944271,
      "y" : -16.944271,
      "z" : 16.944271
    }, {
      "x" : -27.416409,
      "y" : 0.0,
      "z" : 10.472136
    }, {
      "x" : -24.798374,
      "y" : -4.236068,
      "z" : 6.854102
    } ],
    "faces" : [ {
      "vertices" : [ 0, 1, 2 ]
    }, {
      "vertices" : [ 0, 2, 3 ]
    }, {
      "vertices" : [ 0, 3, 2 ]
    }, {
      "vertices" : [ 0, 2, 1 ]
    } ]
  }, {
    "id" : "06e2d7e5-3d51-4eda-8536-f65aacd4532c",
    "vertices" : [ {
      "x" : 0.0,
      "y" : 6.854102,
      "z" : 17.944271
    }, {
      "x" : 0.0,
      "y" : 13.708204,
      "z" : 22.18034
    }, {
      "x" : 11.09017,
      "y" : 17.944271,
      "z" : 15.326238
    }, {
      "x" : 11.09017,
      "y" : 11.09017,
      "z" : 11.09017
    } ],
    "faces" : [ {
      "vertices" : [ 0, 1, 2 ]
    }, {
      "vertices" : [ 0, 2, 3 ]
    }, {
      "vertices" : [ 0, 3, 2 ]
    }, {
      "vertices" : [ 0, 2, 1 ]
    } ]
  }, {
    "id" : "1c558b04-f2d1-4a37-8499-3c2f73b9bd95",
    "vertices" : [ {
      "x" : -11.09017,
      "y" : -11.09017,
      "z" : -11.09017
    }, {
      "x" : -11.09017,
      "y" : -17.944271,
      "z" : -15.326238
    }, {
      "x" : 0.0,
      "y" : -13.708204,
      "z" : -22.18034
    }, {
      "x" : 0.0,
      "y" : -6.854102,
      "z" : -17.944271
    } ],
    "faces" : [ {
      "vertices" : [ 0, 1, 2 ]
    }, {
      "vertices" : [ 0, 2, 3 ]
    }, {
      "vertices" : [ 0, 3, 2 ]
    }, {
      "vertices" : [ 0, 2, 1 ]
    } ]
  }, {
    "id" : "e2cd65aa-311f-4b5d-8f77-df60c95f7916",
    "vertices" : [ {
      "x" : -6.854102,
      "y" : -17.944271,
      "z" : 0.0
    }, {
      "x" : -6.854102,
      "y" : -24.798374,
      "z" : 4.236068
    }, {
      "x" : 6.854102,
      "y" : -24.798374,
      "z" : 4.236068
    }, {
      "x" : 6.854102,
      "y" : -17.944271,
      "z" : 0.0
    } ],
    "faces" : [ {
      "vertices" : [ 0, 1, 2 ]
    }, {
      "vertices" : [ 0, 2, 3 ]
    }, {
      "vertices" : [ 0, 3, 2 ]
    }, {
      "vertices" : [ 0, 2, 1 ]
    } ]
  }, {
    "id" : "090acd24-fb6e-4a31-8ae2-48809d8f328c",
    "vertices" : [ {
      "x" : 11.09017,
      "y" : -11.09017,
      "z" : -11.09017
    }, {
      "x" : 11.09017,
      "y" : -17.944271,
      "z" : -15.326238
    }, {
      "x" : 6.854102,
      "y" : -24.798374,
      "z" : -4.236068
    }, {
      "x" : 6.854102,
      "y" : -17.944271,
      "z" : 0.0
    } ],
    "faces" : [ {
      "vertices" : [ 0, 1, 2 ]
    }, {
      "vertices" : [ 0, 2, 3 ]
    }, {
      "vertices" : [ 0, 3, 2 ]
    }, {
      "vertices" : [ 0, 2, 1 ]
    } ]
  }, {
    "id" : "ddbfbc30-ce94-438e-9040-d221e064d376",
    "vertices" : [ {
      "x" : -6.854102,
      "y" : 17.944271,
      "z" : 0.0
    }, {
      "x" : -6.854102,
      "y" : 24.798374,
      "z" : -4.236068
    }, {
      "x" : 6.854102,
      "y" : 24.798374,
      "z" : -4.236068
    }, {
      "x" : 6.854102,
      "y" : 17.944271,
      "z" : 0.0
    } ],
    "faces" : [ {
      "vertices" : [ 0, 1, 2 ]
    }, {
      "vertices" : [ 0, 2, 3 ]
    }, {
      "vertices" : [ 0, 3, 2 ]
    }, {
      "vertices" : [ 0, 2, 1 ]
    } ]
  }, {
    "id" : "00d81ddf-fb1a-441c-b11d-2d10f1990315",
    "vertices" : [ {
      "x" : -15.326238,
      "y" : 11.09017,
      "z" : 17.944271
    }, {
      "x" : -16.944271,
      "y" : 16.944271,
      "z" : 16.944271
    }, {
      "x" : -27.416409,
      "y" : 0.0,
      "z" : 10.472136
    }, {
      "x" : -22.18034,
      "y" : 0.0,
      "z" : 13.708204
    } ],
    "faces" : [ {
      "vertices" : [ 0, 1, 2 ]
    }, {
      "vertices" : [ 0, 2, 3 ]
    }, {
      "vertices" : [ 0, 3, 2 ]
    }, {
      "vertices" : [ 0, 2, 1 ]
    } ]
  }, {
    "id" : "f40e4f06-6db9-48cd-99d6-8b1713f8904b",
    "vertices" : [ {
      "x" : 0.309017,
      "y" : -0.809017,
      "z" : 0.618034
    }, {
      "x" : 0.809017,
      "y" : -0.618034,
      "z" : 0.309017
    }, {
      "x" : 0.618034,
      "y" : -0.309017,
      "z" : 0.809017
    }, {
      "x" : 1.0,
      "y" : 0.309017,
      "z" : 0.19098301
    }, {
      "x" : 0.809017,
      "y" : 0.618034,
      "z" : 0.309017
    }, {
      "x" : 0.618034,
      "y" : 0.309017,
      "z" : 0.809017
    }, {
      "x" : 0.809017,
      "y" : 0.0,
      "z" : 0.690983
    }, {
      "x" : 0.19098301,
      "y" : -1.0,
      "z" : 0.309017
    }, {
      "x" : -0.19098301,
      "y" : -1.0,
      "z" : 0.309017
    }, {
      "x" : -0.19098301,
      "y" : -1.0,
      "z" : -0.309017
    }, {
      "x" : 0.19098301,
      "y" : -1.0,
      "z" : -0.309017
    }, {
      "x" : 1.0,
      "y" : -0.309017,
      "z" : -0.19098301
    }, {
      "x" : 0.809017,
      "y" : -0.618034,
      "z" : -0.309017
    }, {
      "x" : 0.618034,
      "y" : -0.309017,
      "z" : -0.809017
    }, {
      "x" : 0.809017,
      "y" : 0.0,
      "z" : -0.690983
    }, {
      "x" : 0.0,
      "y" : 0.690983,
      "z" : -0.809017
    }, {
      "x" : 0.309017,
      "y" : 0.809017,
      "z" : -0.618034
    }, {
      "x" : 0.618034,
      "y" : 0.309017,
      "z" : -0.809017
    }, {
      "x" : 0.309017,
      "y" : 0.19098301,
      "z" : -1.0
    }, {
      "x" : 1.0,
      "y" : 0.309017,
      "z" : -0.19098301
    }, {
      "x" : -0.309017,
      "y" : -0.809017,
      "z" : 0.618034
    }, {
      "x" : 0.0,
      "y" : -0.690983,
      "z" : 0.809017
    }, {
      "x" : 0.809017,
      "y" : 0.618034,
      "z" : -0.309017
    }, {
      "x" : 0.690983,
      "y" : 0.809017,
      "z" : 0.0
    }, {
      "x" : -0.690983,
      "y" : 0.809017,
      "z" : 0.0
    }, {
      "x" : -0.809017,
      "y" : 0.618034,
      "z" : 0.309017
    }, {
      "x" : -0.309017,
      "y" : 0.809017,
      "z" : 0.618034
    }, {
      "x" : -0.19098301,
      "y" : 1.0,
      "z" : 0.309017
    }, {
      "x" : 0.309017,
      "y" : -0.19098301,
      "z" : -1.0
    }, {
      "x" : 0.19098301,
      "y" : 1.0,
      "z" : 0.309017
    }, {
      "x" : 0.309017,
      "y" : 0.809017,
      "z" : 0.618034
    }, {
      "x" : -0.809017,
      "y" : -0.618034,
      "z" : 0.309017
    }, {
      "x" : -0.690983,
      "y" : -0.809017,
      "z" : 0.0
    }, {
      "x" : 0.0,
      "y" : 0.690983,
      "z" : 0.809017
    }, {
      "x" : 0.309017,
      "y" : -0.809017,
      "z" : -0.618034
    }, {
      "x" : 0.0,
      "y" : -0.690983,
      "z" : -0.809017
    }, {
      "x" : -1.0,
      "y" : 0.309017,
      "z" : 0.19098301
    }, {
      "x" : -0.809017,
      "y" : 0.0,
      "z" : 0.690983
    }, {
      "x" : -0.618034,
      "y" : 0.309017,
      "z" : 0.809017
    }, {
      "x" : 1.0,
      "y" : -0.309017,
      "z" : 0.19098301
    }, {
      "x" : -0.309017,
      "y" : -0.809017,
      "z" : -0.618034
    }, {
      "x" : -1.0,
      "y" : 0.309017,
      "z" : -0.19098301
    }, {
      "x" : -1.0,
      "y" : -0.309017,
      "z" : -0.19098301
    }, {
      "x" : -1.0,
      "y" : -0.309017,
      "z" : 0.19098301
    }, {
