{
  "field" : "golden",
  "symmetry" : "icosahedral",
  "orientations" : [ [ 1.0, 0.0, 0.0, 0.0, 0.0, 1.0, 0.0, 0.0, 0.0, 0.0, 1.0, 0.0, 0.0, 0.0, 0.0, 1.0 ], [ 0.0, 0.0, 1.0, 0.0, 1.0, 0.0, 0.0, 0.0, 0.0, 1.0, 0.0, 0.0, 0.0, 0.0, 0.0, 1.0 ], [ 0.0, 1.0, 0.0, 0.0, 0.0, 0.0, 1.0, 0.0, 1.0, 0.0, 0.0, 0.0, 0.0, 0.0, 0.0, 1.0 ], [ 0.809017, 0.309017, 0.5, 0.0, 0.309017, 0.5, -0.809017, 0.0, -0.5, 0.809017, 0.309017, 0.0, 0.0, 0.0, 0.0, 1.0 ], [ -0.5, 0.809017, 0.309017, 0.0, 0.809017, 0.309017, 0.5, 0.0, 0.309017, 0.5, -0.809017, 0.0, 0.0, 0.0, 0.0, 1.0 ], [ 0.309017, 0.5, -0.809017, 0.0, -0.5, 0.809017, 0.309017, 0.0, 0.809017, 0.309017, 0.5, 0.0, 0.0, 0.0, 0.0, 1.0 ], [ 0.5, 0.809017, 0.309017, 0.0, 0.809017, -0.309017, -0.5, 0.0, -0.309017, 0.5, -0.809017, 0.0, 0.0, 0.0, 0.0, 1.0 ], [ -0.309017, 0.5, -0.809017, 0.0, 0.5, 0.809017, 0.309017, 0.0, 0.809017, -0.309017, -0.5, 0.0, 0.0, 0.0, 0.0, 1.0 ], [ 0.809017, -0.309017, -0.5, 0.0, -0.309017, 0.5, -0.809017, 0.0, 0.5, 0.809017, 0.309017, 0.0, 0.0, 0.0, 0.0, 1.0 ], [ 0.5, 0.809017, -0.309017, 0.0, 0.809017, -0.309017, 0.5, 0.0, 0.309017, -0.5, -0.809017, 0.0, 0.0, 0.0, 0.0, 1.0 ], [ 0.309017, -0.5, -0.809017, 0.0, 0.5, 0.809017, -0.309017, 0.0, 0.809017, -0.309017, 0.5, 0.0, 0.0, 0.0, 0.0, 1.0 ], [ 0.809017, -0.309017, 0.5, 0.0, 0.309017, -0.5, -0.809017, 0.0, 0.5, 0.809017, -0.309017, 0.0, 0.0, 0.0, 0.0, 1.0 ], [ 0.809017, 0.309017, -0.5, 0.0, 0.309017, 0.5, 0.809017, 0.0, 0.5, -0.809017, 0.309017, 0.0, 0.0, 0.0, 0.0, 1.0 ], [ 0.5, -0.809017, 0.309017, 0.0, 0.809017, 0.309017, -0.5, 0.0, 0.309017, 0.5, 0.809017, 0.0, 0.0, 0.0, 0.0, 1.0 ], [ 0.309017, 0.5, 0.809017, 0.0, 0.5, -0.809017, 0.309017, 0.0, 0.809017, 0.309017, -0.5, 0.0, 0.0, 0.0, 0.0, 1.0 ], [ 1.0, 0.0, 0.0, 0.0, 0.0, -1.0, 0.0, 0.0, 0.0, 0.0, -1.0, 0.0, 0.0, 0.0, 0.0, 1.0 ], [ 0.0, 0.0, 1.0, 0.0, -1.0, 0.0, 0.0, 0.0, 0.0, -1.0, 0.0, 0.0, 0.0, 0.0, 0.0, 1.0 ], [ 0.0, 1.0, 0.0, 0.0, 0.0, 0.0, -1.0, 0.0, -1.0, 0.0, 0.0, 0.0, 0.0, 0.0, 0.0, 1.0 ], [ 0.809017, 0.309017, 0.5, 0.0, -0.309017, -0.5, 0.809017, 0.0, 0.5, -0.809017, -0.309017, 0.0, 0.0, 0.0, 0.0, 1.0 ], [ -0.5, 0.809017, 0.309017, 0.0, -0.809017, -0.309017, -0.5, 0.0, -0.309017, -0.5, 0.809017, 0.0, 0.0, 0.0, 0.0, 1.0 ], [ 0.309017, 0.5, -0.809017, 0.0, 0.5, -0.809017, -0.309017, 0.0, -0.809017, -0.309017, -0.5, 0.0, 0.0, 0.0, 0.0, 1.0 ], [ 0.5, 0.809017, 0.309017, 0.0, -0.809017, 0.309017, 0.5, 0.0, 0.309017, -0.5, 0.809017, 0.0, 0.0, 0.0, 0.0, 1.0 ], [ -0.309017, 0.5, -0.809017, 0.0, -0.5, -0.809017, -0.309017, 0.0, -0.809017, 0.309017, 0.5, 0.0, 0.0, 0.0, 0.0, 1.0 ], [ 0.809017, -0.309017, -0.5, 0.0, 0.309017, -0.5, 0.809017, 0.0, -0.5, -0.809017, -0.309017, 0.0, 0.0, 0.0, 0.0, 1.0 ], [ 0.5, 0.809017, -0.309017, 0.0, -0.809017, 0.309017, -0.5, 0.0, -0.309017, 0.5, 0.809017, 0.0, 0.0, 0.0, 0.0, 1.0 ], [ 0.309017, -0.5, -0.809017, 0.0, -0.5, -0.809017, 0.309017, 0.0, -0.809017, 0.309017, -0.5, 0.0, 0.0, 0.0, 0.0, 1.0 ], [ 0.809017, -0.309017, 0.5, 0.0, -0.309017, 0.5, 0.809017, 0.0, -0.5, -0.809017, 0.309017, 0.0, 0.0, 0.0, 0.0, 1.0 ], [ 0.809017, 0.309017, -0.5, 0.0, -0.309017, -0.5, -0.809017, 0.0, -0.5, 0.809017, -0.309017, 0.0, 0.0, 0.0, 0.0, 1.0 ], [ 0.5, -0.809017, 0.309017, 0.0, -0.809017, -0.309017, 0.5, 0.0, -0.309017, -0.5, -0.809017, 0.0, 0.0, 0.0, 0.0, 1.0 ], [ 0.309017, 0.5, 0.809017, 0.0, -0.5, 0.809017, -0.309017, 0.0, -0.809017, -0.309017, 0.5, 0.0, 0.0, 0.0, 0.0, 1.0 ], [ -1.0, 0.0, 0.0, 0.0, 0.0, -1.0, 0.0, 0.0, 0.0, 0.0, 1.0, 0.0, 0.0, 0.0, 0.0, 1.0 ], [ 0.0, 0.0, -1.0, 0.0, -1.0, 0.0, 0.0, 0.0, 0.0, 1.0, 0.0, 0.0, 0.0, 0.0, 0.0, 1.0 ], [ 0.0, -1.0, 0.0, 0.0, 0.0, 0.0, -1.0, 0.0, 1.0, 0.0, 0.0, 0.0, 0.0, 0.0, 0.0, 1.0 ], [ -0.809017, -0.309017, -0.5, 0.0, -0.309017, -0.5, 0.809017, 0.0, -0.5, 0.809017, 0.309017, 0.0, 0.0, 0.0, 0.0, 1.0 ], [ 0.5, -0.809017, -0.309017, 0.0, -0.809017, -0.309017, -0.5, 0.0, 0.309017, 0.5, -0.809017, 0.0, 0.0, 0.0, 0.0, 1.0 ], [ -0.309017, -0.5, 0.809017, 0.0, 0.5, -0.809017, -0.309017, 0.0, 0.809017, 0.309017, 0.5, 0.0, 0.0, 0.0, 0.0, 1.0 ], [ -0.5, -0.809017, -0.309017, 0.0, -0.809017, 0.309017, 0.5, 0.0, -0.309017, 0.5, -0.809017, 0.0, 0.0, 0.0, 0.0, 1.0 ], [ 0.309017, -0.5, 0.809017, 0.0, -0.5, -0.809017, -0.309017, 0.0, 0.809017, -0.309017, -0.5, 0.0, 0.0, 0.0, 0.0, 1.0 ], [ -0.809017, 0.309017, 0.5, 0.0, 0.309017, -0.5, 0.809017, 0.0, 0.5, 0.809017, 0.309017, 0.0, 0.0, 0.0, 0.0, 1.0 ], [ -0.5, -0.809017, 0.309017, 0.0, -0.809017, 0.309017, -0.5, 0.0, 0.309017, -0.5, -0.809017, 0.0, 0.0, 0.0, 0.0, 1.0 ], [ -0.309017, 0.5, 0.809017, 0.0, -0.5, -0.809017, 0.309017, 0.0, 0.809017, -0.309017, 0.5, 0.0, 0.0, 0.0, 0.0, 1.0 ], [ -0.809017, 0.309017, -0.5, 0.0, -0.309017, 0.5, 0.809017, 0.0, 0.5, 0.809017, -0.309017, 0.0, 0.0, 0.0, 0.0, 1.0 ], [ -0.809017, -0.309017, 0.5, 0.0, -0.309017, -0.5, -0.809017, 0.0, 0.5, -0.809017, 0.309017, 0.0, 0.0, 0.0, 0.0, 1.0 ], [ -0.5, 0.809017, -0.309017, 0.0, -0.809017, -0.309017, 0.5, 0.0, 0.309017, 0.5, 0.809017, 0.0, 0.0, 0.0, 0.0, 1.0 ], [ -0.309017, -0.5, -0.809017, 0.0, -0.5, 0.809017, -0.309017, 0.0, 0.809017, 0.309017, -0.5, 0.0, 0.0, 0.0, 0.0, 1.0 ], [ -1.0, 0.0, 0.0, 0.0, 0.0, 1.0, 0.0, 0.0, 0.0, 0.0, -1.0, 0.0, 0.0, 0.0, 0.0, 1.0 ], [ 0.0, 0.0, -1.0, 0.0, 1.0, 0.0, 0.0, 0.0, 0.0, -1.0, 0.0, 0.0, 0.0, 0.0, 0.0, 1.0 ], [ 0.0, -1.0, 0.0, 0.0, 0.0, 0.0, 1.0, 0.0, -1.0, 0.0, 0.0, 0.0, 0.0, 0.0, 0.0, 1.0 ], [ -0.809017, -0.309017, -0.5, 0.0, 0.309017, 0.5, -0.809017, 0.0, 0.5, -0.809017, -0.309017, 0.0, 0.0, 0.0, 0.0, 1.0 ], [ 0.5, -0.809017, -0.309017, 0.0, 0.809017, 0.309017, 0.5, 0.0, -0.309017, -0.5, 0.809017, 0.0, 0.0, 0.0, 0.0, 1.0 ], [ -0.309017, -0.5, 0.809017, 0.0, -0.5, 0.809017, 0.309017, 0.0, -0.809017, -0.309017, -0.5, 0.0, 0.0, 0.0, 0.0, 1.0 ], [ -0.5, -0.809017, -0.309017, 0.0, 0.809017, -0.309017, -0.5, 0.0, 0.309017, -0.5, 0.809017, 0.0, 0.0, 0.0, 0.0, 1.0 ], [ 0.309017, -0.5, 0.809017, 0.0, 0.5, 0.809017, 0.309017, 0.0, -0.809017, 0.309017, 0.5, 0.0, 0.0, 0.0, 0.0, 1.0 ], [ -0.809017, 0.309017, 0.5, 0.0, -0.309017, 0.5, -0.809017, 0.0, -0.5, -0.809017, -0.309017, 0.0, 0.0, 0.0, 0.0, 1.0 ], [ -0.5, -0.809017, 0.309017, 0.0, 0.809017, -0.309017, 0.5, 0.0, -0.309017, 0.5, 0.809017, 0.0, 0.0, 0.0, 0.0, 1.0 ], [ -0.309017, 0.5, 0.809017, 0.0, 0.5, 0.809017, -0.309017, 0.0, -0.809017, 0.309017, -0.5, 0.0, 0.0, 0.0, 0.0, 1.0 ], [ -0.809017, 0.309017, -0.5, 0.0, 0.309017, -0.5, -0.809017, 0.0, -0.5, -0.809017, 0.309017, 0.0, 0.0, 0.0, 0.0, 1.0 ], [ -0.809017, -0.309017, 0.5, 0.0, 0.309017, 0.5, 0.809017, 0.0, -0.5, 0.809017, -0.309017, 0.0, 0.0, 0.0, 0.0, 1.0 ], [ -0.5, 0.809017, -0.309017, 0.0, 0.809017, 0.309017, -0.5, 0.0, -0.309017, -0.5, -0.809017, 0.0, 0.0, 0.0, 0.0, 1.0 ], [ -0.309017, -0.5, -0.809017, 0.0, 0.5, -0.809017, 0.309017, 0.0, -0.809017, -0.309017, 0.5, 0.0, 0.0, 0.0, 0.0, 1.0 ] ],
  "lights" : {
    "backgroundColor" : "#AFC8DC",
    "ambientColor" : "#292929",
    "directionalLights" : [ {
      "direction" : {
        "x" : 1.0,
        "y" : -1.0,
        "z" : -1.0
      },
      "color" : "#EBEBE4"
    }, {
      "direction" : {
        "x" : -1.0,
        "y" : 0.0,
        "z" : 0.0
      },
      "color" : "#E4E4EB"
    }, {
      "direction" : {
        "x" : 0.0,
        "y" : 0.0,
        "z" : -1.0
      },
      "color" : "#1E1E1E"
    } ]
  },
  "camera" : {
    "stereo" : false,
    "width" : 144.08006,
    "viewDistance" : 320.17874,
    "nearClipDistance" : 0.8004465,
    "farClipDistance" : 640.356,
    "lookAtPoint" : {
      "x" : 0.0,
      "y" : 0.0,
      "z" : 0.0
    },
    "fieldOfView" : 0.4426278,
    "perspective" : true,
    "lookDirection" : {
      "x" : 0.70710677,
      "y" : 0.70710677,
      "z" : 0.0
    },
    "upDirection" : {
      "x" : 0.40824828,
      "y" : -0.40824828,
      "z" : 0.81649655
    },
    "position" : {
      "x" : -226.40056,
      "y" : -226.40056,
      "z" : 0.0
    }
  },
  "embedding" : [ 1.0, 0.0, 0.0, 0.0, 0.0, 1.0, 0.0, 0.0, 0.0, 0.0, 1.0, 0.0, 0.0, 0.0, 0.0, 1.0 ],
  "shapes" : [ {
    "id" : "f0eae695-b090-4047-bb23-b515ddb592fa",
    "vertices" : [ {
      "x" : 0.809017,
      "y" : 0.0,
      "z" : -0.690983
    }, {
      "x" : 1.0,
      "y" : 0.309017,
      "z" : -0.19098301
    }, {
      "x" : 2.618034,
      "y" : 0.309017,
      "z" : -0.809017
    }, {
      "x" : 2.427051,
      "y" : 0.0,
      "z" : -1.309017
    }, {
      "x" : 5.854102,
      "y" : 0.309017,
      "z" : -2.427051
    }, {
      "x" : 1.0,
      "y" : -0.309017,
      "z" : -0.19098301
    }, {
      "x" : 2.618034,
      "y" : -0.309017,
      "z" : -0.809017
    }, {
      "x" : 4.236068,
      "y" : 0.309017,
      "z" : -1.809017
    }, {
      "x" : 4.427051,
      "y" : 0.0,
      "z" : -1.309017
    }, {
      "x" : 6.854102,
      "y" : 0.0,
      "z" : -2.618034
    }, {
      "x" : 4.236068,
      "y" : -0.309017,
      "z" : -1.809017
    }, {
      "x" : 6.045085,
      "y" : 0.0,
      "z" : -1.927051
    }, {
      "x" : 5.854102,
      "y" : -0.309017,
      "z" : -2.427051
    } ],
    "faces" : [ {
      "vertices" : [ 2, 6, 8 ]
    }, {
      "vertices" : [ 4, 12, 10 ]
    }, {
      "vertices" : [ 4, 10, 7 ]
    }, {
      "vertices" : [ 2, 8, 7 ]
    }, {
      "vertices" : [ 3, 10, 6 ]
    }, {
      "vertices" : [ 3, 7, 10 ]
    }, {
      "vertices" : [ 0, 1, 2 ]
    }, {
      "vertices" : [ 0, 2, 3 ]
    }, {
      "vertices" : [ 6, 10, 8 ]
    }, {
      "vertices" : [ 8, 10, 12 ]
    }, {
      "vertices" : [ 8, 12, 11 ]
    }, {
      "vertices" : [ 2, 7, 3 ]
    }, {
      "vertices" : [ 0, 3, 6 ]
    }, {
      "vertices" : [ 0, 6, 5 ]
    }, {
      "vertices" : [ 1, 5, 6 ]
    }, {
      "vertices" : [ 1, 6, 2 ]
    }, {
      "vertices" : [ 4, 7, 8 ]
    }, {
      "vertices" : [ 4, 8, 11 ]
    } ]
  }, {
    "id" : "bcca41e9-a3a1-40ce-a1e2-88026170fc24",
    "vertices" : [ {
      "x" : 9.376644,
      "y" : 3.3905764,
      "z" : -1.486068
    }, {
      "x" : 10.399187,
      "y" : 3.427051,
      "z" : -1.618034
    }, {
      "x" : 9.376644,
      "y" : 3.3905764,
      "z" : -1.104102
    }, {
      "x" : 9.185661,
      "y" : 3.6995935,
      "z" : -1.604102
    }, {
      "x" : 9.185661,
      "y" : 3.6995935,
      "z" : -1.2221359
    }, {
      "x" : 0.809017,
      "y" : 0.618034,
      "z" : 0.309017
    }, {
      "x" : 1.0,
      "y" : 0.309017,
      "z" : 0.19098301
    }, {
      "x" : 1.9045085,
      "y" : 0.5364745,
      "z" : -0.013932022
    }, {
      "x" : 10.09017,
      "y" : 3.927051,
      "z" : -1.809017
    }, {
      "x" : 10.281153,
      "y" : 3.618034,
      "z" : -1.927051
    }, {
      "x" : 10.281153,
      "y" : 3.618034,
      "z" : -1.309017
    }, {
      "x" : 10.09017,
      "y" : 3.927051,
      "z" : -1.427051
    }, {
      "x" : 1.7135255,
      "y" : 0.8454915,
      "z" : -0.13196601
    }, {
      "x" : 0.690983,
      "y" : 0.809017,
      "z" : 0.0
    }, {
      "x" : 1.9045085,
      "y" : 0.5364745,
      "z" : -0.39589804
    }, {
      "x" : 1.7135255,
      "y" : 0.8454915,
      "z" : -0.51393205
    }, {
      "x" : 0.809017,
      "y" : 0.618034,
      "z" : -0.309017
    }, {
      "x" : 1.0,
      "y" : 0.309017,
      "z" : -0.19098301
    }, {
      "x" : 11.09017,
      "y" : 4.236068,
      "z" : -1.618034
    } ],
    "faces" : [ {
      "vertices" : [ 0, 14, 15 ]
    }, {
      "vertices" : [ 0, 15, 3 ]
    }, {
      "vertices" : [ 3, 15, 12 ]
    }, {
      "vertices" : [ 3, 12, 4 ]
    }, {
      "vertices" : [ 0, 1, 2 ]
    }, {
      "vertices" : [ 12, 15, 13 ]
    }, {
      "vertices" : [ 0, 9, 1 ]
    }, {
      "vertices" : [ 0, 3, 9 ]
    }, {
      "vertices" : [ 13, 15, 16 ]
    }, {
      "vertices" : [ 6, 17, 14 ]
    }, {
      "vertices" : [ 6, 14, 7 ]
    }, {
      "vertices" : [ 1, 10, 2 ]
    }, {
      "vertices" : [ 5, 6, 7 ]
    }, {
      "vertices" : [ 3, 8, 9 ]
    }, {
      "vertices" : [ 0, 2, 7 ]
    }, {
      "vertices" : [ 0, 7, 14 ]
    }, {
      "vertices" : [ 5, 7, 12 ]
    }, {
      "vertices" : [ 2, 4, 12 ]
    }, {
      "vertices" : [ 2, 12, 7 ]
    }, {
      "vertices" : [ 3, 4, 11 ]
    }, {
      "vertices" : [ 3, 11, 8 ]
    }, {
      "vertices" : [ 2, 10, 11 ]
    }, {
      "vertices" : [ 2, 11, 4 ]
    }, {
      "vertices" : [ 5, 12, 13 ]
    }, {
      "vertices" : [ 14, 17, 16 ]
    }, {
      "vertices" : [ 14, 16, 15 ]
    } ]
  }, {
    "id" : "8673d31a-3e7e-4146-ae4c-359e758d3d34",
    "vertices" : [ {
      "x" : 1.0,
      "y" : 0.309017,
      "z" : -0.19098301
    }, {
      "x" : 1.0,
      "y" : 0.309017,
      "z" : 0.19098301
    }, {
      "x" : 1.0,
      "y" : -0.309017,
      "z" : -0.19098301
    }, {
      "x" : 1.0,
      "y" : -0.309017,
      "z" : 0.19098301
    }, {
      "x" : 2.236068,
      "y" : 0.618034,
      "z" : -0.045084972
    }, {
      "x" : 2.236068,
      "y" : 0.23606798,
      "z" : -0.045084972
    }, {
      "x" : 2.236068,
      "y" : 0.618034,
      "z" : 0.572949
    }, {
      "x" : 2.236068,
      "y" : 0.23606798,
      "z" : 0.572949
    }, {
      "x" : 11.472136,
      "y" : 2.381966,
      "z" : 1.045085
    }, {
      "x" : 11.472136,
      "y" : 2.0,
      "z" : 1.045085
    }, {
      "x" : 11.472136,
      "y" : 2.381966,
      "z" : 1.663119
    }, {
      "x" : 11.652476,
      "y" : 2.6393201,
      "z" : 1.6844052
    }, {
      "x" : 11.472136,
      "y" : 2.0,
      "z" : 1.663119
    }, {
      "x" : 11.763932,
      "y" : 1.8328158,
      "z" : 1.6975608
    }, {
      "x" : 12.708204,
      "y" : 2.927051,
      "z" : 1.427051
    }, {
      "x" : 12.708204,
      "y" : 2.927051,
      "z" : 1.809017
    }, {
      "x" : 12.708204,
      "y" : 2.309017,
      "z" : 1.427051
    }, {
      "x" : 12.708204,
      "y" : 2.309017,
      "z" : 1.809017
    }, {
      "x" : 13.708204,
      "y" : 2.618034,
      "z" : 1.618034
    } ],
    "faces" : [ {
      "vertices" : [ 8, 11, 14 ]
    }, {
      "vertices" : [ 5, 9, 12 ]
    }, {
      "vertices" : [ 5, 12, 7 ]
    }, {
      "vertices" : [ 9, 13, 12 ]
    }, {
      "vertices" : [ 6, 7, 12 ]
    }, {
      "vertices" : [ 6, 12, 10 ]
    }, {
      "vertices" : [ 10, 15, 11 ]
    }, {
      "vertices" : [ 9, 16, 13 ]
    }, {
      "vertices" : [ 11, 15, 14 ]
    }, {
      "vertices" : [ 12, 13, 17 ]
    }, {
      "vertices" : [ 0, 1, 6 ]
    }, {
      "vertices" : [ 0, 6, 4 ]
    }, {
      "vertices" : [ 0, 4, 5 ]
    }, {
      "vertices" : [ 0, 5, 2 ]
    }, {
      "vertices" : [ 13, 16, 17 ]
    }, {
      "vertices" : [ 8, 14, 16 ]
    }, {
      "vertices" : [ 8, 16, 9 ]
    }, {
      "vertices" : [ 1, 3, 7 ]
    }, {
      "vertices" : [ 1, 7, 6 ]
    }, {
      "vertices" : [ 2, 5, 7 ]
    }, {
      "vertices" : [ 2, 7, 3 ]
    }, {
      "vertices" : [ 10, 12, 17 ]
    }, {
      "vertices" : [ 10, 17, 15 ]
    }, {
      "vertices" : [ 4, 8, 9 ]
    }, {
      "vertices" : [ 4, 9, 5 ]
    }, {
      "vertices" : [ 4, 6, 10 ]
    }, {
      "vertices" : [ 4, 10, 8 ]
    }, {
      "vertices" : [ 8, 10, 11 ]
    } ]
  }, {
    "id" : "0b2aac54-21ad-44b7-8af5-148725e7d626",
    "vertices" : [ {
      "x" : 0.309017,
      "y" : -0.809017,
      "z" : 0.618034
    }, {
      "x" : 0.809017,
      "y" : -0.618034,
      "z" : 0.309017
    }, {
      "x" : 0.618034,
      "y" : -0.309017,
      "z" : 0.809017
    }, {
      "x" : 1.0,
      "y" : 0.309017,
      "z" : 0.19098301
    }, {
      "x" : 0.809017,
      "y" : 0.618034,
      "z" : 0.309017
    }, {
      "x" : 0.618034,
      "y" : 0.309017,
      "z" : 0.809017
    }, {
      "x" : 0.809017,
      "y" : 0.0,
      "z" : 0.690983
    }, {
      "x" : 0.19098301,
      "y" : -1.0,
      "z" : 0.309017
    }, {
      "x" : -0.19098301,
      "y" : -1.0,
      "z" : 0.309017
    }, {
      "x" : -0.19098301,
      "y" : -1.0,
      "z" : -0.309017
    }, {
      "x" : 0.19098301,
      "y" : -1.0,
      "z" : -0.309017
    }, {
      "x" : 1.0,
      "y" : -0.309017,
      "z" : -0.19098301
    }, {
      "x" : 0.809017,
      "y" : -0.618034,
      "z" : -0.309017
    }, {
      "x" : 0.618034,
      "y" : -0.309017,
      "z" : -0.809017
    }, {
      "x" : 0.809017,
      "y" : 0.0,
      "z" : -0.690983
    }, {
      "x" : 0.0,
      "y" : 0.690983,
      "z" : -0.809017
    }, {
      "x" : 0.309017,
      "y" : 0.809017,
      "z" : -0.618034
    }, {
      "x" : 0.618034,
      "y" : 0.309017,
      "z" : -0.809017
    }, {
      "x" : 0.309017,
      "y" : 0.19098301,
      "z" : -1.0
    }, {
      "x" : 1.0,
      "y" : 0.309017,
      "z" : -0.19098301
    }, {
      "x" : -0.309017,
      "y" : -0.809017,
      "z" : 0.618034
    }, {
      "x" : 0.0,
      "y" : -0.690983,
      "z" : 0.809017
    }, {
      "x" : 0.809017,
      "y" : 0.618034,
      "z" : -0.309017
    }, {
      "x" : 0.690983,
      "y" : 0.809017,
      "z" : 0.0
    }, {
      "x" : -0.690983,
      "y" : 0.809017,
      "z" : 0.0
    }, {
      "x" : -0.809017,
      "y" : 0.618034,
      "z" : 0.309017
    }, {
      "x" : -0.309017,
      "y" : 0.809017,
      "z" : 0.618034
    }, {
      "x" : -0.19098301,
      "y" : 1.0,
      "z" : 0.309017
    }, {
      "x" : 0.309017,
      "y" : -0.19098301,
      "z" : -1.0
    }, {
      "x" : 0.19098301,
      "y" : 1.0,
      "z" : 0.309017
    }, {
      "x" : 0.309017,
      "y" : 0.809017,
      "z" : 0.618034
    }, {
      "x" : -0.809017,
      "y" : -0.618034,
      "z" : 0.309017
    }, {
      "x" : -0.690983,
      "y" : -0.809017,
      "z" : 0.0
    }, {
      "x" : 0.0,
      "y" : 0.690983,
      "z" : 0.809017
    }, {
      "x" : 0.309017,
      "y" : -0.809017,
      "z" : -0.618034
    }, {
      "x" : 0.0,
      "y" : -0.690983,
      "z" : -0.809017
    }, {
      "x" : -1.0,
      "y" : 0.309017,
      "z" : 0.19098301
    }, {
      "x" : -0.809017,
      "y" : 0.0,
      "z" : 0.690983
    }, {
      "x" : -0.618034,
      "y" : 0.309017,
      "z" : 0.809017
    }, {
      "x" : 1.0,
      "y" : -0.309017,
      "z" : 0.19098301
    }, {
      "x" : -0.309017,
      "y" : -0.809017,
      "z" : -0.618034
    }, {
      "x" : -1.0,
      "y" : 0.309017,
      "z" : -0.19098301
    }, {
      "x" : -1.0,
      "y" : -0.309017,
      "z" : -0.19098301
    }, {
      "x" : -1.0,
      "y" : -0.309017,
      "z" : 0.19098301
    }, {
      "x" : 0.19098301,
      "y" : 1.0,
      "z" : -0.309017
    }, {
      "x" : -0.809017,
      "y" : 0.618034,
      "z" : -0.309017
    }, {
      "x" : -0.19098301,
      "y" : 1.0,
      "z" : -0.309017
    }, {
      "x" : -0.309017,
      "y" : 0.809017,
      "z" : -0.618034
    }, {
      "x" : -0.618034,
      "y" : -0.309017,
      "z" : 0.809017
    }, {
      "x" : 0.309017,
      "y" : 0.19098301,
      "z" : 1.0
    }, {
      "x" : -0.309017,
      "y" : 0.19098301,
      "z" : -1.0
    }, {
      "x" : -0.309017,
      "y" : 0.19098301,
      "z" : 1.0
    }, {
      "x" : -0.309017,
      "y" : -0.19098301,
      "z" : 1.0
    }, {
      "x" : 0.309017,
      "y" : -0.19098301,
      "z" : 1.0
    }, {
      "x" : 0.690983,
      "y" : -0.809017,
      "z" : 0.0
    }, {
      "x" : -0.809017,
      "y" : 0.0,
      "z" : -0.690983
    }, {
      "x" : -0.618034,
      "y" : -0.309017,
      "z" : -0.809017
    }, {
      "x" : -0.309017,
      "y" : -0.19098301,
      "z" : -1.0
    }, {
      "x" : -0.618034,
      "y" : 0.309017,
      "z" : -0.809017
    }, {
      "x" : -0.809017,
      "y" : -0.618034,
      "z" : -0.309017
    } ],
    "faces" : [ {
      "vertices" : [ 9, 40, 35 ]
    }, {
      "vertices" : [ 9, 35, 34 ]
    }, {
      "vertices" : [ 9, 34, 10 ]
    }, {
      "vertices" : [ 0, 1, 2 ]
    }, {
      "vertices" : [ 33, 51, 49 ]
    }, {
      "vertices" : [ 25, 36, 37 ]
    }, {
      "vertices" : [ 25, 37, 38 ]
    }, {
      "vertices" : [ 41, 55, 42 ]
    }, {
      "vertices" : [ 9, 32, 59 ]
    }, {
      "vertices" : [ 9, 59, 40 ]
    }, {
      "vertices" : [ 20, 21, 52 ]
    }, {
      "vertices" : [ 20, 52, 48 ]
    }, {
      "vertices" : [ 26, 33, 30 ]
    }, {
      "vertices" : [ 26, 30, 29 ]
    }, {
      "vertices" : [ 26, 29, 27 ]
    }, {
      "vertices" : [ 3, 4, 5 ]
    }, {
      "vertices" : [ 3, 5, 6 ]
    }, {
      "vertices" : [ 27, 29, 44 ]
    }, {
      "vertices" : [ 27, 44, 46 ]
    }, {
      "vertices" : [ 50, 57, 56 ]
    }, {
      "vertices" : [ 50, 56, 55 ]
    }, {
      "vertices" : [ 50, 55, 58 ]
    }, {
      "vertices" : [ 26, 38, 51 ]
    }, {
      "vertices" : [ 26, 51, 33 ]
    }, {
      "vertices" : [ 45, 47, 58 ]
    }, {
      "vertices" : [ 18, 28, 57 ]
    }, {
      "vertices" : [ 18, 57, 50 ]
    }, {
      "vertices" : [ 40, 59, 56 ]
    }, {
      "vertices" : [ 31, 48, 37 ]
    }, {
      "vertices" : [ 31, 37, 43 ]
    }, {
      "vertices" : [ 7, 8, 9 ]
    }, {
      "vertices" : [ 7, 9, 10 ]
    }, {
      "vertices" : [ 36, 41, 42 ]
    }, {
      "vertices" : [ 36, 42, 43 ]
    }, {
      "vertices" : [ 24, 46, 47 ]
    }, {
      "vertices" : [ 24, 47, 45 ]
    }, {
      "vertices" : [ 4, 30, 5 ]
    }, {
      "vertices" : [ 15, 47, 46 ]
    }, {
      "vertices" : [ 15, 46, 44 ]
    }, {
      "vertices" : [ 15, 44, 16 ]
    }, {
      "vertices" : [ 15, 50, 58 ]
    }, {
      "vertices" : [ 15, 58, 47 ]
    }, {
      "vertices" : [ 24, 45, 41 ]
    }, {
      "vertices" : [ 24, 41, 36 ]
    }, {
      "vertices" : [ 24, 36, 25 ]
    }, {
      "vertices" : [ 11, 14, 19 ]
    }, {
      "vertices" : [ 3, 6, 39 ]
    }, {
      "vertices" : [ 1, 39, 6 ]
    }, {
      "vertices" : [ 1, 6, 2 ]
    }, {
      "vertices" : [ 8, 32, 9 ]
    }, {
      "vertices" : [ 11, 12, 13 ]
    }, {
      "vertices" : [ 11, 13, 14 ]
    }, {
      "vertices" : [ 16, 22, 17 ]
    }, {
      "vertices" : [ 0, 21, 20 ]
    }, {
      "vertices" : [ 0, 20, 8 ]
    }, {
      "vertices" : [ 0, 8, 7 ]
    }, {
      "vertices" : [ 12, 34, 13 ]
    }, {
      "vertices" : [ 35, 40, 56 ]
    }, {
      "vertices" : [ 35, 56, 57 ]
    }, {
      "vertices" : [ 0, 7, 54 ]
    }, {
      "vertices" : [ 0, 54, 1 ]
    }, {
      "vertices" : [ 15, 16, 17 ]
    }, {
      "vertices" : [ 15, 17, 18 ]
    }, {
      "vertices" : [ 3, 19, 22 ]
    }, {
      "vertices" : [ 3, 22, 23 ]
    }, {
      "vertices" : [ 3, 23, 4 ]
    }, {
      "vertices" : [ 7, 10, 54 ]
    }, {
      "vertices" : [ 41, 45, 58 ]
    }, {
      "vertices" : [ 41, 58, 55 ]
    }, {
      "vertices" : [ 3, 39, 11 ]
    }, {
      "vertices" : [ 3, 11, 19 ]
    }, {
      "vertices" : [ 14, 17, 22 ]
    }, {
      "vertices" : [ 14, 22, 19 ]
    }, {
      "vertices" : [ 0, 2, 53 ]
    }, {
      "vertices" : [ 0, 53, 21 ]
    }, {
      "vertices" : [ 49, 51, 52 ]
    }, {
      "vertices" : [ 49, 52, 53 ]
    }, {
      "vertices" : [ 31, 43, 42 ]
    }, {
      "vertices" : [ 31, 42, 59 ]
    }, {
      "vertices" : [ 31, 59, 32 ]
    }, {
      "vertices" : [ 15, 18, 50 ]
    }, {
      "vertices" : [ 42, 55, 56 ]
    }, {
      "vertices" : [ 42, 56, 59 ]
    }, {
      "vertices" : [ 4, 23, 29 ]
    }, {
      "vertices" : [ 4, 29, 30 ]
    }, {
      "vertices" : [ 25, 38, 26 ]
    }, {
      "vertices" : [ 13, 28, 18 ]
    }, {
      "vertices" : [ 13, 18, 17 ]
    }, {
      "vertices" : [ 13, 17, 14 ]
    }, {
      "vertices" : [ 8, 20, 31 ]
    }, {
      "vertices" : [ 8, 31, 32 ]
    }, {
      "vertices" : [ 23, 44, 29 ]
    }, {
      "vertices" : [ 24, 27, 46 ]
    }, {
      "vertices" : [ 37, 48, 52 ]
    }, {
      "vertices" : [ 37, 52, 51 ]
    }, {
      "vertices" : [ 37, 51, 38 ]
    }, {
      "vertices" : [ 20, 48, 31 ]
    }, {
      "vertices" : [ 24, 25, 26 ]
    }, {
      "vertices" : [ 24, 26, 27 ]
    }, {
      "vertices" : [ 16, 44, 23 ]
    }, {
      "vertices" : [ 16, 23, 22 ]
    }, {
      "vertices" : [ 13, 34, 35 ]
    }, {
      "vertices" : [ 13, 35, 28 ]
    }, {
      "vertices" : [ 10, 34, 12 ]
    }, {
      "vertices" : [ 10, 12, 54 ]
    }, {
      "vertices" : [ 2, 6, 5 ]
    }, {
      "vertices" : [ 2, 5, 49 ]
    }, {
      "vertices" : [ 2, 49, 53 ]
    }, {
      "vertices" : [ 36, 43, 37 ]
    }, {
      "vertices" : [ 5, 30, 33 ]
    }, {
      "vertices" : [ 5, 33, 49 ]
    }, {
      "vertices" : [ 1, 54, 12 ]
    }, {
      "vertices" : [ 1, 12, 11 ]
    }, {
      "vertices" : [ 1, 11, 39 ]
    }, {
      "vertices" : [ 28, 35, 57 ]
    }, {
      "vertices" : [ 21, 53, 52 ]
    } ]
  }, {
    "id" : "b27eb1dc-13ee-42c0-ad6e-10634229ab62",
    "vertices" : [ {
      "x" : 0.809017,
      "y" : 0.0,
      "z" : -0.690983
    }, {
      "x" : 1.0,
      "y" : 0.309017,
      "z" : -0.19098301
    }, {
      "x" : 6.045085,
      "y" : 0.309017,
      "z" : -2.118034
    }, {
      "x" : 5.854102,
      "y" : 0.0,
      "z" : -2.618034
    }, {
      "x" : 12.708204,
      "y" : 0.309017,
      "z" : -5.045085
    }, {
      "x" : 1.0,
      "y" : -0.309017,
      "z" : -0.19098301
    }, {
      "x" : 6.045085,
      "y" : -0.309017,
      "z" : -2.118034
    }, {
      "x" : 7.663119,
      "y" : 0.309017,
      "z" : -3.118034
    }, {
      "x" : 7.854102,
      "y" : 0.0,
      "z" : -2.618034
    }, {
      "x" : 13.708204,
      "y" : 0.0,
      "z" : -5.236068
    }, {
      "x" : 7.663119,
      "y" : -0.309017,
      "z" : -3.118034
    }, {
      "x" : 12.899187,
      "y" : 0.0,
      "z" : -4.545085
    }, {
      "x" : 12.708204,
      "y" : -0.309017,
      "z" : -5.045085
    } ],
    "faces" : [ {
      "vertices" : [ 2, 6, 8 ]
    }, {
      "vertices" : [ 4, 12, 10 ]
    }, {
      "vertices" : [ 4, 10, 7 ]
    }, {
      "vertices" : [ 2, 8, 7 ]
    }, {
      "vertices" : [ 3, 10, 6 ]
    }, {
      "vertices" : [ 3, 7, 10 ]
    }, {
      "vertices" : [ 0, 1, 2 ]
    }, {
      "vertices" : [ 0, 2, 3 ]
    }, {
      "vertices" : [ 6, 10, 8 ]
    }, {
      "vertices" : [ 8, 10, 12 ]
    }, {
      "vertices" : [ 8, 12, 11 ]
    }, {
      "vertices" : [ 2, 7, 3 ]
    }, {
      "vertices" : [ 0, 3, 6 ]
    }, {
      "vertices" : [ 0, 6, 5 ]
    }, {
      "vertices" : [ 1, 5, 6 ]
    }, {
      "vertices" : [ 1, 6, 2 ]
    }, {
      "vertices" : [ 4, 7, 8 ]
    }, {
      "vertices" : [ 4, 8, 11 ]
    } ]
  } ],
  "instances" : [ {
    "shape" : "f0eae695-b090-4047-bb23-b515ddb592fa",
    "color" : "#F0A000",
    "position" : {
      "x" : 16.944271,
      "y" : 16.944271,
      "z" : -25.416409
    },
    "orientation" : 24
  }, {
    "shape" : "bcca41e9-a3a1-40ce-a1e2-88026170fc24",
    "color" : "#008D36",
    "position" : {
      "x" : 29.652475,
      "y" : -21.18034,
      "z" : -12.708204
    },
    "orientation" : 52
  }, {
    "shape" : "8673d31a-3e7e-4146-ae4c-359e758d3d34",
    "color" : "#12CD94",
    "position" : {
      "x" : 25.416409,
      "y" : 16.944271,
      "z" : -16.944271
    },
    "orientation" : 34
  }, {
    "shape" : "8673d31a-3e7e-4146-ae4c-359e758d3d34",
    "color" : "#12CD94",
    "position" : {
      "x" : 0.0,
      "y" : -8.472136,
      "z" : 33.888542
    },
    "orientation" : 19
  }, {
    "shape" : "0b2aac54-21ad-44b7-8af5-148725e7d626",
    "color" : "#FFFFFF",
    "position" : {
      "x" : 21.18034,
      "y" : 4.236068,
      "z" : 29.652475
    }
  }, {
    "shape" : "bcca41e9-a3a1-40ce-a1e2-88026170fc24",
    "color" : "#008D36",
    "position" : {
      "x" : 29.652475,
      "y" : -4.236068,
      "z" : 21.18034
    },
    "orientation" : 52
  }, {
    "shape" : "8673d31a-3e7e-4146-ae4c-359e758d3d34",
    "color" : "#12CD94",
    "position" : {
      "x" : 8.472136,
      "y" : -33.888542,
      "z" : 16.944271
    },
    "orientation" : 3
  }, {
    "shape" : "b27eb1dc-13ee-42c0-ad6e-10634229ab62",
    "color" : "#F0A000",
    "position" : {
      "x" : -12.708204,
      "y" : -21.18034,
      "z" : 21.18034
    },
    "orientation" : 24
  }, {
    "shape" : "b27eb1dc-13ee-42c0-ad6e-10634229ab62",
    "color" : "#F0A000",
    "position" : {
      "x" : -29.652475,
      "y" : -12.708204,
      "z" : -4.236068
    },
    "orientation" : 24
  }, {
    "shape" : "f0eae695-b090-4047-bb23-b515ddb592fa",
    "color" : "#F0A000",
    "position" : {
      "x" : -21.18034,
      "y" : 21.18034,
      "z" : 21.18034
    },
    "orientation" : 24
  }, {
    "shape" : "f0eae695-b090-4047-bb23-b515ddb592fa",
    "color" : "#F0A000",
    "position" : {
      "x" : -8.472136,
      "y" : 0.0,
      "z" : -33.888542
    },
    "orientation" : 24
  }, {
    "shape" : "b27eb1dc-13ee-42c0-ad6e-10634229ab62",
    "color" : "#F0A000",
    "position" : {
      "x" : 12.708204,
      "y" : -4.236068,
      "z" : 29.652475
    },
    "orientation" : 24
  }, {
    "shape" : "8673d31a-3e7e-4146-ae4c-359e758d3d34",
    "color" : "#12CD94",
    "position" : {
      "x" : 16.944271,
      "y" : -33.888542,
      "z" : 0.0
    },
    "orientation" : 20
  }, {
    "shape" : "bcca41e9-a3a1-40ce-a1e2-88026170fc24",
    "color" : "#008D36",
    "position" : {
      "x" : -12.708204,
      "y" : -29.652475,
      "z" : 4.236068
    },
    "orientation" : 53
  }, {
    "shape" : "0b2aac54-21ad-44b7-8af5-148725e7d626",
    "color" : "#FFFFFF",
    "position" : {
      "x" : 16.944271,
      "y" : 33.888542,
      "z" : 8.472136
    }
  }, {
    "shape" : "8673d31a-3e7e-4146-ae4c-359e758d3d34",
    "color" : "#12CD94",
    "position" : {
      "x" : -12.708204,
      "y" : -29.652475,
      "z" : 4.236068
    },
    "orientation" : 18
  }, {
    "shape" : "bcca41e9-a3a1-40ce-a1e2-88026170fc24",
    "color" : "#008D36",
    "position" : {
      "x" : -12.708204,
      "y" : 4.236068,
      "z" : 21.18034
    },
    "orientation" : 37
  }, {
    "shape" : "f0eae695-b090-4047-bb23-b515ddb592fa",
    "color" : "#F0A000",
    "position" : {
      "x" : -16.944271,
      "y" : 33.888542,
      "z" : 0.0
    },
    "orientation" : 24
  }, {
    "shape" : "8673d31a-3e7e-4146-ae4c-359e758d3d34",
    "color" : "#12CD94",
    "position" : {
      "x" : 21.18034,
      "y" : -12.708204,
      "z" : 21.18034
    },
    "orientation" : 19
  }, {
    "shape" : "bcca41e9-a3a1-40ce-a1e2-88026170fc24",
    "color" : "#008D36",
    "position" : {
      "x" : 29.652475,
      "y" : 21.18034,
      "z" : -4.236068
    },
    "orientation" : 53
  }, {
    "shape" : "bcca41e9-a3a1-40ce-a1e2-88026170fc24",
    "color" : "#008D36",
    "position" : {
      "x" : -21.18034,
      "y" : -21.18034,
      "z" : 12.708204
    },
    "orientation" : 53
  }, {
    "shape" : "bcca41e9-a3a1-40ce-a1e2-88026170fc24",
    "color" : "#008D36",
    "position" : {
      "x" : 21.18034,
      "y" : -29.652475,
      "z" : -12.708204
    },
    "orientation" : 53
  }, {
    "shape" : "0b2aac54-21ad-44b7-8af5-148725e7d626",
    "color" : "#FFFFFF",
    "position" : {
      "x" : 0.0,
      "y" : 16.944271,
      "z" : 8.472136
    }
  }, {
    "shape" : "f0eae695-b090-4047-bb23-b515ddb592fa",
    "color" : "#F0A000",
    "position" : {
      "x" : 0.0,
      "y" : -8.472136,
      "z" : 33.888542
    },
    "orientation" : 4
  }, {
    "shape" : "0b2aac54-21ad-44b7-8af5-148725e7d626",
    "color" : "#FFFFFF",
    "position" : {
      "x" : -4.236068,
      "y" : 4.236068,
      "z" : 4.236068
    }
  }, {
    "shape" : "8673d31a-3e7e-4146-ae4c-359e758d3d34",
    "color" : "#12CD94",
    "position" : {
      "x" : 4.236068,
      "y" : -4.236068,
      "z" : -4.236068
    },
    "orientation" : 3
  }, {
    "shape" : "8673d31a-3e7e-4146-ae4c-359e758d3d34",
    "color" : "#12CD94",
    "position" : {
      "x" : 38.12461,
      "y" : -4.236068,
      "z" : 4.236068
    },
    "orientation" : 19
  }, {
    "shape" : "8673d31a-3e7e-4146-ae4c-359e758d3d34",
    "color" : "#12CD94",
    "position" : {
      "x" : -29.652475,
      "y" : 12.708204,
      "z" : 21.18034
    },
    "orientation" : 19
  }, {
    "shape" : "bcca41e9-a3a1-40ce-a1e2-88026170fc24",
    "color" : "#008D36",
    "position" : {
      "x" : 21.18034,
      "y" : 12.708204,
      "z" : -4.236068
    },
    "orientation" : 52
  }, {
    "shape" : "b27eb1dc-13ee-42c0-ad6e-10634229ab62",
    "color" : "#F0A000",
    "position" : {
      "x" : -4.236068,
      "y" : 21.18034,
      "z" : -12.708204
    },
    "orientation" : 24
  }, {
    "shape" : "8673d31a-3e7e-4146-ae4c-359e758d3d34",
    "color" : "#12CD94",
    "position" : {
      "x" : 0.0,
      "y" : 16.944271,
      "z" : 8.472136
    },
    "orientation" : 19
  }, {
    "shape" : "0b2aac54-21ad-44b7-8af5-148725e7d626",
    "color" : "#FFFFFF",
    "position" : {
      "x" : -25.416409,
      "y" : -16.944271,
      "z" : 16.944271
    }
  }, {
    "shape" : "8673d31a-3e7e-4146-ae4c-359e758d3d34",
    "color" : "#12CD94",
    "position" : {
      "x" : -21.18034,
      "y" : -21.18034,
      "z" : -12.708204
    },
    "orientation" : 20
  }, {
    "shape" : "0b2aac54-21ad-44b7-8af5-148725e7d626",
    "color" : "#FFFFFF",
    "position" : {
      "x" : -12.708204,
      "y" : 29.652475,
      "z" : 21.18034
    }
  }, {
    "shape" : "0b2aac54-21ad-44b7-8af5-148725e7d626",
    "color" : "#FFFFFF",
    "position" : {
      "x" : -16.944271,
      "y" : -33.888542,
      "z" : -8.472136
    }
  }, {
    "shape" : "8673d31a-3e7e-4146-ae4c-359e758d3d34",
    "color" : "#12CD94",
    "position" : {
      "x" : -33.888542,
      "y" : 0.0,
      "z" : 16.944271
    },
    "orientation" : 34
  }, {
    "shape" : "8673d31a-3e7e-4146-ae4c-359e758d3d34",
    "color" : "#12CD94",
    "position" : {
      "x" : -29.652475,
      "y" : 12.708204,
      "z" : -4.236068
    },
    "orientation" : 20
  }, {
    "shape" : "0b2aac54-21ad-44b7-8af5-148725e7d626",
    "color" : "#FFFFFF",
    "position" : {
      "x" : 12.708204,
      "y" : -4.236068,
      "z" : 29.652475
    }
  }, {
    "shape" : "8673d31a-3e7e-4146-ae4c-359e758d3d34",
    "color" : "#12CD94",
    "position" : {
      "x" : 33.888542,
      "y" : 0.0,
      "z" : 8.472136
    },
    "orientation" : 19
  }, {
    "shape" : "bcca41e9-a3a1-40ce-a1e2-88026170fc24",
    "color" : "#008D36",
    "position" : {
      "x" : -29.652475,
      "y" : 12.708204,
      "z" : 21.18034
    },
    "orientation" : 6
  }, {
    "shape" : "0b2aac54-21ad-44b7-8af5-148725e7d626",
    "color" : "#FFFFFF",
    "position" : {
      "x" : 21.18034,
      "y" : -29.652475,
      "z" : -12.708204
    }
  }, {
    "shape" : "8673d31a-3e7e-4146-ae4c-359e758d3d34",
    "color" : "#12CD94",
    "position" : {
      "x" : -12.708204,
      "y" : -4.236068,
      "z" : 29.652475
    },
    "orientation" : 18
  }, {
    "shape" : "8673d31a-3e7e-4146-ae4c-359e758d3d34",
    "color" : "#12CD94",
    "position" : {
      "x" : -29.652475,
      "y" : 21.18034,
      "z" : 12.708204
    },
    "orientation" : 50
  }, {
    "shape" : "0b2aac54-21ad-44b7-8af5-148725e7d626",
    "color" : "#FFFFFF",
    "position" : {
      "x" : -4.236068,
      "y" : 38.12461,
      "z" : -4.236068
    }
  }, {
    "shape" : "bcca41e9-a3a1-40ce-a1e2-88026170fc24",
    "color" : "#008D36",
    "position" : {
      "x" : -4.236068,
      "y" : 12.708204,
      "z" : -29.652475
    },
    "orientation" : 6
  }, {
    "shape" : "b27eb1dc-13ee-42c0-ad6e-10634229ab62",
    "color" : "#F0A000",
    "position" : {
      "x" : 21.18034,
      "y" : 12.708204,
      "z" : 21.18034
    },
    "orientation" : 24
  }, {
    "shape" : "0b2aac54-21ad-44b7-8af5-148725e7d626",
    "color" : "#FFFFFF",
    "position" : {
      "x" : 0.0,
      "y" : -16.944271,
      "z" : -8.472136
    }
  }, {
    "shape" : "bcca41e9-a3a1-40ce-a1e2-88026170fc24",
    "color" : "#008D36",
    "position" : {
      "x" : -21.18034,
      "y" : 12.708204,
      "z" : 29.652475
    },
    "orientation" : 53
  }, {
    "shape" : "bcca41e9-a3a1-40ce-a1e2-88026170fc24",
    "color" : "#008D36",
    "position" : {
      "x" : 21.18034,
      "y" : -21.18034,
      "z" : -21.18034
    },
    "orientation" : 52
  }, {
    "shape" : "8673d31a-3e7e-4146-ae4c-359e758d3d34",
    "color" : "#12CD94",
    "position" : {
      "x" : 21.18034,
      "y" : -4.236068,
      "z" : 12.708204
    },
    "orientation" : 50
  }, {
    "shape" : "b27eb1dc-13ee-42c0-ad6e-10634229ab62",
    "color" : "#F0A000",
    "position" : {
      "x" : -21.18034,
      "y" : -12.708204,
      "z" : 4.236068
    },
    "orientation" : 24
  }, {
    "shape" : "8673d31a-3e7e-4146-ae4c-359e758d3d34",
    "color" : "#12CD94",
    "position" : {
      "x" : 4.236068,
      "y" : 29.652475,
      "z" : 12.708204
    },
    "orientation" : 18
  }, {
    "shape" : "bcca41e9-a3a1-40ce-a1e2-88026170fc24",
    "color" : "#008D36",
    "position" : {
      "x" : 21.18034,
      "y" : -4.236068,
      "z" : 12.708204
    },
    "orientation" : 6
  }, {
    "shape" : "0b2aac54-21ad-44b7-8af5-148725e7d626",
    "color" : "#FFFFFF",
    "position" : {
      "x" : 12.708204,
      "y" : -29.652475,
      "z" : 4.236068
    }
  }, {
    "shape" : "8673d31a-3e7e-4146-ae4c-359e758d3d34",
    "color" : "#12CD94",
    "position" : {
      "x" : 0.0,
      "y" : -16.944271,
      "z" : -33.888542
    },
    "orientation" : 18
  }, {
    "shape" : "8673d31a-3e7e-4146-ae4c-359e758d3d34",
    "color" : "#12CD94",
    "position" : {
      "x" : -29.652475,
      "y" : 12.708204,
      "z" : -4.236068
    },
    "orientation" : 19
  }, {
    "shape" : "bcca41e9-a3a1-40ce-a1e2-88026170fc24",
    "color" : "#008D36",
    "position" : {
      "x" : 4.236068,
      "y" : -29.652475,
      "z" : 21.18034
    },
    "orientation" : 53
  }, {
    "shape" : "0b2aac54-21ad-44b7-8af5-148725e7d626",
    "color" : "#FFFFFF",
    "position" : {
      "x" : 8.472136,
      "y" : 33.888542,
      "z" : 0.0
    }
  }, {
    "shape" : "8673d31a-3e7e-4146-ae4c-359e758d3d34",
    "color" : "#12CD94",
    "position" : {
      "x" : -16.944271,
      "y" : 33.888542,
      "z" : 0.0
    },
    "orientation" : 50
  }, {
    "shape" : "8673d31a-3e7e-4146-ae4c-359e758d3d34",
    "color" : "#12CD94",
    "position" : {
      "x" : -21.18034,
      "y" : 4.236068,
      "z" : 12.708204
    },
    "orientation" : 20
  }, {
    "shape" : "8673d31a-3e7e-4146-ae4c-359e758d3d34",
    "color" : "#12CD94",
    "position" : {
      "x" : -25.416409,
      "y" : -16.944271,
      "z" : 16.944271
    },
    "orientation" : 50
  }, {
    "shape" : "bcca41e9-a3a1-40ce-a1e2-88026170fc24",
    "color" : "#008D36",
    "position" : {
      "x" : -38.12461,
      "y" : 4.236068,
      "z" : -4.236068
    },
    "orientation" : 37
  }, {
    "shape" : "0b2aac54-21ad-44b7-8af5-148725e7d626",
    "color" : "#FFFFFF",
    "position" : {
      "x" : 21.18034,
      "y" : -12.708204,
      "z" : -4.236068
    }
  }, {
    "shape" : "b27eb1dc-13ee-42c0-ad6e-10634229ab62",
    "color" : "#F0A000",
    "position" : {
      "x" : -4.236068,
      "y" : 29.652475,
      "z" : -21.18034
    },
    "orientation" : 24
  }, {
    "shape" : "0b2aac54-21ad-44b7-8af5-148725e7d626",
    "color" : "#FFFFFF",
    "position" : {
      "x" : -16.944271,
      "y" : 25.416409,
      "z" : -16.944271
    }
  }, {
    "shape" : "8673d31a-3e7e-4146-ae4c-359e758d3d34",
    "color" : "#12CD94",
    "position" : {
      "x" : -21.18034,
      "y" : 29.652475,
      "z" : -12.708204
    },
    "orientation" : 3
  }, {
    "shape" : "f0eae695-b090-4047-bb23-b515ddb592fa",
    "color" : "#F0A000",
    "position" : {
      "x" : 0.0,
      "y" : 33.888542,
      "z" : -8.472136
    },
    "orientation" : 4
  }, {
    "shape" : "bcca41e9-a3a1-40ce-a1e2-88026170fc24",
    "color" : "#008D36",
    "position" : {
      "x" : 21.18034,
      "y" : 21.18034,
      "z" : 12.708204
    },
    "orientation" : 53
  }, {
    "shape" : "8673d31a-3e7e-4146-ae4c-359e758d3d34",
    "color" : "#12CD94",
    "position" : {
      "x" : 4.236068,
      "y" : 21.18034,
      "z" : -29.652475
    },
    "orientation" : 18
  }, {
    "shape" : "8673d31a-3e7e-4146-ae4c-359e758d3d34",
    "color" : "#12CD94",
    "position" : {
      "x" : -12.708204,
      "y" : -21.18034,
      "z" : -4.236068
    },
    "orientation" : 3
  }, {
