{
  "polygons" : "true",
  "field" : "golden",
  "symmetry" : "icosahedral",
  "orientations" : [ [ 1.0, 0.0, 0.0, 0.0, 0.0, 1.0, 0.0, 0.0, 0.0, 0.0, 1.0, 0.0, 0.0, 0.0, 0.0, 1.0 ], [ 0.0, 0.0, 1.0, 0.0, 1.0, 0.0, 0.0, 0.0, 0.0, 1.0, 0.0, 0.0, 0.0, 0.0, 0.0, 1.0 ], [ 0.0, 1.0, 0.0, 0.0, 0.0, 0.0, 1.0, 0.0, 1.0, 0.0, 0.0, 0.0, 0.0, 0.0, 0.0, 1.0 ], [ 0.809017, 0.309017, 0.5, 0.0, 0.309017, 0.5, -0.809017, 0.0, -0.5, 0.809017, 0.309017, 0.0, 0.0, 0.0, 0.0, 1.0 ], [ -0.5, 0.809017, 0.309017, 0.0, 0.809017, 0.309017, 0.5, 0.0, 0.309017, 0.5, -0.809017, 0.0, 0.0, 0.0, 0.0, 1.0 ], [ 0.309017, 0.5, -0.809017, 0.0, -0.5, 0.809017, 0.309017, 0.0, 0.809017, 0.309017, 0.5, 0.0, 0.0, 0.0, 0.0, 1.0 ], [ 0.5, 0.809017, 0.309017, 0.0, 0.809017, -0.309017, -0.5, 0.0, -0.309017, 0.5, -0.809017, 0.0, 0.0, 0.0, 0.0, 1.0 ], [ -0.309017, 0.5, -0.809017, 0.0, 0.5, 0.809017, 0.309017, 0.0, 0.809017, -0.309017, -0.5, 0.0, 0.0, 0.0, 0.0, 1.0 ], [ 0.809017, -0.309017, -0.5, 0.0, -0.309017, 0.5, -0.809017, 0.0, 0.5, 0.809017, 0.309017, 0.0, 0.0, 0.0, 0.0, 1.0 ], [ 0.5, 0.809017, -0.309017, 0.0, 0.809017, -0.309017, 0.5, 0.0, 0.309017, -0.5, -0.809017, 0.0, 0.0, 0.0, 0.0, 1.0 ], [ 0.309017, -0.5, -0.809017, 0.0, 0.5, 0.809017, -0.309017, 0.0, 0.809017, -0.309017, 0.5, 0.0, 0.0, 0.0, 0.0, 1.0 ], [ 0.809017, -0.309017, 0.5, 0.0, 0.309017, -0.5, -0.809017, 0.0, 0.5, 0.809017, -0.309017, 0.0, 0.0, 0.0, 0.0, 1.0 ], [ 0.809017, 0.309017, -0.5, 0.0, 0.309017, 0.5, 0.809017, 0.0, 0.5, -0.809017, 0.309017, 0.0, 0.0, 0.0, 0.0, 1.0 ], [ 0.5, -0.809017, 0.309017, 0.0, 0.809017, 0.309017, -0.5, 0.0, 0.309017, 0.5, 0.809017, 0.0, 0.0, 0.0, 0.0, 1.0 ], [ 0.309017, 0.5, 0.809017, 0.0, 0.5, -0.809017, 0.309017, 0.0, 0.809017, 0.309017, -0.5, 0.0, 0.0, 0.0, 0.0, 1.0 ], [ 1.0, 0.0, 0.0, 0.0, 0.0, -1.0, 0.0, 0.0, 0.0, 0.0, -1.0, 0.0, 0.0, 0.0, 0.0, 1.0 ], [ 0.0, 0.0, 1.0, 0.0, -1.0, 0.0, 0.0, 0.0, 0.0, -1.0, 0.0, 0.0, 0.0, 0.0, 0.0, 1.0 ], [ 0.0, 1.0, 0.0, 0.0, 0.0, 0.0, -1.0, 0.0, -1.0, 0.0, 0.0, 0.0, 0.0, 0.0, 0.0, 1.0 ], [ 0.809017, 0.309017, 0.5, 0.0, -0.309017, -0.5, 0.809017, 0.0, 0.5, -0.809017, -0.309017, 0.0, 0.0, 0.0, 0.0, 1.0 ], [ -0.5, 0.809017, 0.309017, 0.0, -0.809017, -0.309017, -0.5, 0.0, -0.309017, -0.5, 0.809017, 0.0, 0.0, 0.0, 0.0, 1.0 ], [ 0.309017, 0.5, -0.809017, 0.0, 0.5, -0.809017, -0.309017, 0.0, -0.809017, -0.309017, -0.5, 0.0, 0.0, 0.0, 0.0, 1.0 ], [ 0.5, 0.809017, 0.309017, 0.0, -0.809017, 0.309017, 0.5, 0.0, 0.309017, -0.5, 0.809017, 0.0, 0.0, 0.0, 0.0, 1.0 ], [ -0.309017, 0.5, -0.809017, 0.0, -0.5, -0.809017, -0.309017, 0.0, -0.809017, 0.309017, 0.5, 0.0, 0.0, 0.0, 0.0, 1.0 ], [ 0.809017, -0.309017, -0.5, 0.0, 0.309017, -0.5, 0.809017, 0.0, -0.5, -0.809017, -0.309017, 0.0, 0.0, 0.0, 0.0, 1.0 ], [ 0.5, 0.809017, -0.309017, 0.0, -0.809017, 0.309017, -0.5, 0.0, -0.309017, 0.5, 0.809017, 0.0, 0.0, 0.0, 0.0, 1.0 ], [ 0.309017, -0.5, -0.809017, 0.0, -0.5, -0.809017, 0.309017, 0.0, -0.809017, 0.309017, -0.5, 0.0, 0.0, 0.0, 0.0, 1.0 ], [ 0.809017, -0.309017, 0.5, 0.0, -0.309017, 0.5, 0.809017, 0.0, -0.5, -0.809017, 0.309017, 0.0, 0.0, 0.0, 0.0, 1.0 ], [ 0.809017, 0.309017, -0.5, 0.0, -0.309017, -0.5, -0.809017, 0.0, -0.5, 0.809017, -0.309017, 0.0, 0.0, 0.0, 0.0, 1.0 ], [ 0.5, -0.809017, 0.309017, 0.0, -0.809017, -0.309017, 0.5, 0.0, -0.309017, -0.5, -0.809017, 0.0, 0.0, 0.0, 0.0, 1.0 ], [ 0.309017, 0.5, 0.809017, 0.0, -0.5, 0.809017, -0.309017, 0.0, -0.809017, -0.309017, 0.5, 0.0, 0.0, 0.0, 0.0, 1.0 ], [ -1.0, 0.0, 0.0, 0.0, 0.0, -1.0, 0.0, 0.0, 0.0, 0.0, 1.0, 0.0, 0.0, 0.0, 0.0, 1.0 ], [ 0.0, 0.0, -1.0, 0.0, -1.0, 0.0, 0.0, 0.0, 0.0, 1.0, 0.0, 0.0, 0.0, 0.0, 0.0, 1.0 ], [ 0.0, -1.0, 0.0, 0.0, 0.0, 0.0, -1.0, 0.0, 1.0, 0.0, 0.0, 0.0, 0.0, 0.0, 0.0, 1.0 ], [ -0.809017, -0.309017, -0.5, 0.0, -0.309017, -0.5, 0.809017, 0.0, -0.5, 0.809017, 0.309017, 0.0, 0.0, 0.0, 0.0, 1.0 ], [ 0.5, -0.809017, -0.309017, 0.0, -0.809017, -0.309017, -0.5, 0.0, 0.309017, 0.5, -0.809017, 0.0, 0.0, 0.0, 0.0, 1.0 ], [ -0.309017, -0.5, 0.809017, 0.0, 0.5, -0.809017, -0.309017, 0.0, 0.809017, 0.309017, 0.5, 0.0, 0.0, 0.0, 0.0, 1.0 ], [ -0.5, -0.809017, -0.309017, 0.0, -0.809017, 0.309017, 0.5, 0.0, -0.309017, 0.5, -0.809017, 0.0, 0.0, 0.0, 0.0, 1.0 ], [ 0.309017, -0.5, 0.809017, 0.0, -0.5, -0.809017, -0.309017, 0.0, 0.809017, -0.309017, -0.5, 0.0, 0.0, 0.0, 0.0, 1.0 ], [ -0.809017, 0.309017, 0.5, 0.0, 0.309017, -0.5, 0.809017, 0.0, 0.5, 0.809017, 0.309017, 0.0, 0.0, 0.0, 0.0, 1.0 ], [ -0.5, -0.809017, 0.309017, 0.0, -0.809017, 0.309017, -0.5, 0.0, 0.309017, -0.5, -0.809017, 0.0, 0.0, 0.0, 0.0, 1.0 ], [ -0.309017, 0.5, 0.809017, 0.0, -0.5, -0.809017, 0.309017, 0.0, 0.809017, -0.309017, 0.5, 0.0, 0.0, 0.0, 0.0, 1.0 ], [ -0.809017, 0.309017, -0.5, 0.0, -0.309017, 0.5, 0.809017, 0.0, 0.5, 0.809017, -0.309017, 0.0, 0.0, 0.0, 0.0, 1.0 ], [ -0.809017, -0.309017, 0.5, 0.0, -0.309017, -0.5, -0.809017, 0.0, 0.5, -0.809017, 0.309017, 0.0, 0.0, 0.0, 0.0, 1.0 ], [ -0.5, 0.809017, -0.309017, 0.0, -0.809017, -0.309017, 0.5, 0.0, 0.309017, 0.5, 0.809017, 0.0, 0.0, 0.0, 0.0, 1.0 ], [ -0.309017, -0.5, -0.809017, 0.0, -0.5, 0.809017, -0.309017, 0.0, 0.809017, 0.309017, -0.5, 0.0, 0.0, 0.0, 0.0, 1.0 ], [ -1.0, 0.0, 0.0, 0.0, 0.0, 1.0, 0.0, 0.0, 0.0, 0.0, -1.0, 0.0, 0.0, 0.0, 0.0, 1.0 ], [ 0.0, 0.0, -1.0, 0.0, 1.0, 0.0, 0.0, 0.0, 0.0, -1.0, 0.0, 0.0, 0.0, 0.0, 0.0, 1.0 ], [ 0.0, -1.0, 0.0, 0.0, 0.0, 0.0, 1.0, 0.0, -1.0, 0.0, 0.0, 0.0, 0.0, 0.0, 0.0, 1.0 ], [ -0.809017, -0.309017, -0.5, 0.0, 0.309017, 0.5, -0.809017, 0.0, 0.5, -0.809017, -0.309017, 0.0, 0.0, 0.0, 0.0, 1.0 ], [ 0.5, -0.809017, -0.309017, 0.0, 0.809017, 0.309017, 0.5, 0.0, -0.309017, -0.5, 0.809017, 0.0, 0.0, 0.0, 0.0, 1.0 ], [ -0.309017, -0.5, 0.809017, 0.0, -0.5, 0.809017, 0.309017, 0.0, -0.809017, -0.309017, -0.5, 0.0, 0.0, 0.0, 0.0, 1.0 ], [ -0.5, -0.809017, -0.309017, 0.0, 0.809017, -0.309017, -0.5, 0.0, 0.309017, -0.5, 0.809017, 0.0, 0.0, 0.0, 0.0, 1.0 ], [ 0.309017, -0.5, 0.809017, 0.0, 0.5, 0.809017, 0.309017, 0.0, -0.809017, 0.309017, 0.5, 0.0, 0.0, 0.0, 0.0, 1.0 ], [ -0.809017, 0.309017, 0.5, 0.0, -0.309017, 0.5, -0.809017, 0.0, -0.5, -0.809017, -0.309017, 0.0, 0.0, 0.0, 0.0, 1.0 ], [ -0.5, -0.809017, 0.309017, 0.0, 0.809017, -0.309017, 0.5, 0.0, -0.309017, 0.5, 0.809017, 0.0, 0.0, 0.0, 0.0, 1.0 ], [ -0.309017, 0.5, 0.809017, 0.0, 0.5, 0.809017, -0.309017, 0.0, -0.809017, 0.309017, -0.5, 0.0, 0.0, 0.0, 0.0, 1.0 ], [ -0.809017, 0.309017, -0.5, 0.0, 0.309017, -0.5, -0.809017, 0.0, -0.5, -0.809017, 0.309017, 0.0, 0.0, 0.0, 0.0, 1.0 ], [ -0.809017, -0.309017, 0.5, 0.0, 0.309017, 0.5, 0.809017, 0.0, -0.5, 0.809017, -0.309017, 0.0, 0.0, 0.0, 0.0, 1.0 ], [ -0.5, 0.809017, -0.309017, 0.0, 0.809017, 0.309017, -0.5, 0.0, -0.309017, -0.5, -0.809017, 0.0, 0.0, 0.0, 0.0, 1.0 ], [ -0.309017, -0.5, -0.809017, 0.0, 0.5, -0.809017, 0.309017, 0.0, -0.809017, -0.309017, 0.5, 0.0, 0.0, 0.0, 0.0, 1.0 ] ],
  "lights" : {
    "ambientColor" : "#292929",
    "backgroundColor" : "#AFC8DC",
    "directionalLights" : [ {
      "direction" : [ 1.0, -1.0, -1.0 ],
      "color" : "#EBEBE4"
    }, {
      "direction" : [ -1.0, 0.0, 0.0 ],
      "color" : "#E4E4EB"
    }, {
      "direction" : [ 0.0, 0.0, -1.0 ],
      "color" : "#1E1E1E"
    } ]
  },
  "camera" : {
    "viewDistance" : 698.4612,
    "nearClipDistance" : 1.7461553,
    "farClipDistance" : 1396.9255,
    "lookAtPoint" : {
      "x" : 64.92299,
      "y" : -24.798374,
      "z" : 40.12461
    },
    "fieldOfView" : 0.44262782,
    "perspective" : true,
    "lookDirection" : {
      "x" : 0.7416197,
      "y" : 0.13149843,
      "z" : 0.65780616
    },
    "upDirection" : {
      "x" : -0.12479795,
      "y" : -0.936433,
      "z" : 0.3278967
    },
    "width" : 314.30676,
    "stereo" : false,
    "position" : {
      "x" : -453.06958,
      "y" : -116.64491,
      "z" : -419.32745
    }
  },
  "embedding" : [ 1.0, 0.0, 0.0, 0.0, 0.0, 1.0, 0.0, 0.0, 0.0, 0.0, 1.0, 0.0, 0.0, 0.0, 0.0, 1.0 ],
  "shapes" : [ {
    "id" : "869f1cf4-eb8b-404e-b1c9-42e67ddf01cb",
    "orbit" : "yellow",
    "name" : " :1 +2*phi",
    "vertices" : [ {
      "x" : 29.034441,
      "y" : 0.0,
      "z" : -11.09017
    }, {
      "x" : 28.725426,
      "y" : 0.0,
      "z" : -10.972136
    }, {
      "x" : 28.320917,
      "y" : -0.1545085,
      "z" : -10.531153
    }, {
      "x" : 28.129932,
      "y" : -0.1545085,
      "z" : -11.031153
    }, {
      "x" : 0.9045085,
      "y" : -0.1545085,
      "z" : -0.059016995
    }, {
      "x" : 0.809017,
      "y" : 0.309017,
      "z" : -0.309017
    }, {
      "x" : 0.309017,
      "y" : 0.0,
      "z" : -0.11803399
    }, {
      "x" : 28.225426,
      "y" : 0.309017,
      "z" : -10.781153
    }, {
      "x" : 0.7135255,
      "y" : -0.1545085,
      "z" : -0.559017
    } ],
    "faces" : [ {
      "vertices" : [ 2, 4, 8, 3 ]
    }, {
      "vertices" : [ 2, 7, 5, 4 ]
    }, {
      "vertices" : [ 4, 6, 8 ]
    }, {
      "vertices" : [ 5, 8, 6 ]
    }, {
      "vertices" : [ 1, 2, 3 ]
    }, {
      "vertices" : [ 3, 8, 5, 7 ]
    }, {
      "vertices" : [ 1, 7, 2 ]
    }, {
      "vertices" : [ 1, 3, 7 ]
    }, {
      "vertices" : [ 4, 5, 6 ]
    } ]
  }, {
    "id" : "d300a0fa-19bc-455f-a4e4-32a846d6b35d",
    "name" : "ball",
    "vertices" : [ {
      "x" : -0.309017,
      "y" : -0.19098301,
      "z" : 0.0
    }, {
      "x" : -0.309017,
      "y" : 0.19098301,
      "z" : 0.0
    }, {
      "x" : -0.19098301,
      "y" : 0.0,
      "z" : -0.309017
    }, {
      "x" : -0.19098301,
      "y" : 0.0,
      "z" : 0.309017
    }, {
      "x" : 0.0,
      "y" : -0.309017,
      "z" : -0.19098301
    }, {
      "x" : 0.0,
      "y" : -0.309017,
      "z" : 0.19098301
    }, {
      "x" : 0.0,
      "y" : 0.309017,
      "z" : -0.19098301
    }, {
      "x" : 0.0,
      "y" : 0.309017,
      "z" : 0.19098301
    }, {
      "x" : 0.19098301,
      "y" : 0.0,
      "z" : -0.309017
    }, {
      "x" : 0.19098301,
      "y" : 0.0,
      "z" : 0.309017
    }, {
      "x" : 0.309017,
      "y" : -0.19098301,
      "z" : 0.0
    }, {
      "x" : 0.309017,
      "y" : 0.19098301,
      "z" : 0.0
    } ],
    "faces" : [ {
      "vertices" : [ 0, 1, 2 ]
    }, {
      "vertices" : [ 0, 3, 1 ]
    }, {
      "vertices" : [ 0, 2, 4 ]
    }, {
      "vertices" : [ 0, 5, 3 ]
    }, {
      "vertices" : [ 0, 4, 5 ]
    }, {
      "vertices" : [ 1, 6, 2 ]
    }, {
      "vertices" : [ 1, 3, 7 ]
    }, {
      "vertices" : [ 1, 7, 6 ]
    }, {
      "vertices" : [ 2, 8, 4 ]
    }, {
      "vertices" : [ 2, 6, 8 ]
    }, {
      "vertices" : [ 3, 5, 9 ]
    }, {
      "vertices" : [ 3, 9, 7 ]
    }, {
      "vertices" : [ 4, 10, 5 ]
    }, {
      "vertices" : [ 4, 8, 10 ]
    }, {
      "vertices" : [ 5, 10, 9 ]
    }, {
      "vertices" : [ 6, 7, 11 ]
    }, {
      "vertices" : [ 6, 11, 8 ]
    }, {
      "vertices" : [ 7, 9, 11 ]
    }, {
      "vertices" : [ 8, 11, 10 ]
    }, {
      "vertices" : [ 9, 10, 11 ]
    } ]
  } ],
  "instances" : [ {
    "shape" : "869f1cf4-eb8b-404e-b1c9-42e67ddf01cb",
    "color" : "#F0A000",
    "position" : {
      "x" : 122.99187,
      "y" : -6.854102,
      "z" : -6.854102
    },
    "orientation" : 5
  }, {
    "shape" : "d300a0fa-19bc-455f-a4e4-32a846d6b35d",
    "color" : "#FFFFFF",
    "position" : {
      "x" : 82.867256,
      "y" : -2.618034,
      "z" : 46.978714
    }
  }, {
    "shape" : "869f1cf4-eb8b-404e-b1c9-42e67ddf01cb",
    "color" : "#F0A000",
    "position" : {
      "x" : 58.068882,
      "y" : -53.832817,
      "z" : 11.09017
    },
    "orientation" : 5
  }, {
    "shape" : "869f1cf4-eb8b-404e-b1c9-42e67ddf01cb",
    "color" : "#F0A000",
    "position" : {
      "x" : 71.777084,
      "y" : -53.832817,
      "z" : 46.978714
    },
    "orientation" : 3
  }, {
    "shape" : "869f1cf4-eb8b-404e-b1c9-42e67ddf01cb",
    "color" : "#F0A000",
    "position" : {
      "x" : 82.867256,
      "y" : -35.888542,
      "z" : 40.12461
    },
    "orientation" : 1
  }, {
    "shape" : "869f1cf4-eb8b-404e-b1c9-42e67ddf01cb",
    "color" : "#F0A000",
    "position" : {
      "x" : 17.944271,
      "y" : 22.18034,
      "z" : 29.034441
    },
    "orientation" : 5
  }, {
    "shape" : "869f1cf4-eb8b-404e-b1c9-42e67ddf01cb",
    "color" : "#F0A000",
    "position" : {
      "x" : 64.92299,
      "y" : 4.236068,
      "z" : 93.95743
    },
    "orientation" : 24
  }, {
    "shape" : "869f1cf4-eb8b-404e-b1c9-42e67ddf01cb",
    "color" : "#F0A000",
    "position" : {
      "x" : 6.854102,
      "y" : -42.742645,
      "z" : 51.214783
    },
    "orientation" : 17
  }, {
    "shape" : "869f1cf4-eb8b-404e-b1c9-42e67ddf01cb",
    "color" : "#F0A000",
    "position" : {
      "x" : 29.034441,
      "y" : -6.854102,
      "z" : 51.214783
    },
    "orientation" : 17
  }, {
    "shape" : "869f1cf4-eb8b-404e-b1c9-42e67ddf01cb",
    "color" : "#F0A000",
    "position" : {
      "x" : 76.01315,
      "y" : -46.978714,
      "z" : 22.18034
    },
    "orientation" : 6
  }, {
    "shape" : "869f1cf4-eb8b-404e-b1c9-42e67ddf01cb",
    "color" : "#F0A000",
    "position" : {
      "x" : 93.95743,
      "y" : -17.944271,
      "z" : 69.15905
    },
    "orientation" : 0
  }, {
    "shape" : "869f1cf4-eb8b-404e-b1c9-42e67ddf01cb",
    "color" : "#F0A000",
    "position" : {
      "x" : 6.854102,
      "y" : 4.236068,
      "z" : 22.18034
    },
    "orientation" : 6
  }, {
    "shape" : "869f1cf4-eb8b-404e-b1c9-42e67ddf01cb",
    "color" : "#F0A000",
    "position" : {
      "x" : 35.888542,
      "y" : 4.236068,
      "z" : 33.27051
    },
    "orientation" : 17
  }, {
    "shape" : "869f1cf4-eb8b-404e-b1c9-42e67ddf01cb",
    "color" : "#F0A000",
    "position" : {
      "x" : 29.034441,
      "y" : -42.742645,
      "z" : 51.214783
    },
    "orientation" : 1
  }, {
    "shape" : "869f1cf4-eb8b-404e-b1c9-42e67ddf01cb",
    "color" : "#F0A000",
    "position" : {
      "x" : 76.01315,
      "y" : -24.798374,
      "z" : -35.888542
    },
    "orientation" : 7
  }, {
    "shape" : "869f1cf4-eb8b-404e-b1c9-42e67ddf01cb",
    "color" : "#F0A000",
    "position" : {
      "x" : 111.9017,
      "y" : -71.777084,
      "z" : 29.034441
    },
    "orientation" : 3
  }, {
    "shape" : "869f1cf4-eb8b-404e-b1c9-42e67ddf01cb",
    "color" : "#F0A000",
    "position" : {
      "x" : 76.01315,
      "y" : -24.798374,
      "z" : 44.36068
    },
    "orientation" : 9
  }, {
    "shape" : "869f1cf4-eb8b-404e-b1c9-42e67ddf01cb",
    "color" : "#F0A000",
    "position" : {
      "x" : 46.978714,
      "y" : -24.798374,
      "z" : 11.09017
    },
    "orientation" : 1
  }, {
    "shape" : "869f1cf4-eb8b-404e-b1c9-42e67ddf01cb",
    "color" : "#F0A000",
    "position" : {
      "x" : 58.068882,
      "y" : -42.742645,
      "z" : 98.1935
    },
    "orientation" : 9
  }, {
    "shape" : "869f1cf4-eb8b-404e-b1c9-42e67ddf01cb",
    "color" : "#F0A000",
    "position" : {
      "x" : 111.9017,
      "y" : -13.708204,
      "z" : 51.214783
    },
    "orientation" : 0
  }, {
    "shape" : "869f1cf4-eb8b-404e-b1c9-42e67ddf01cb",
    "color" : "#F0A000",
    "position" : {
      "x" : 46.978714,
      "y" : -60.686916,
      "z" : 46.978714
    },
    "orientation" : 6
  }, {
    "shape" : "869f1cf4-eb8b-404e-b1c9-42e67ddf01cb",
    "color" : "#F0A000",
    "position" : {
      "x" : 71.777084,
      "y" : -17.944271,
      "z" : 46.978714
    },
    "orientation" : 7
  }, {
    "shape" : "869f1cf4-eb8b-404e-b1c9-42e67ddf01cb",
    "color" : "#F0A000",
    "position" : {
      "x" : 82.867256,
      "y" : 22.18034,
      "z" : 98.1935
    },
    "orientation" : 0
  }, {
    "shape" : "869f1cf4-eb8b-404e-b1c9-42e67ddf01cb",
    "color" : "#F0A000",
    "position" : {
      "x" : 40.12461,
      "y" : -35.888542,
      "z" : 51.214783
    },
    "orientation" : 3
  }, {
    "shape" : "869f1cf4-eb8b-404e-b1c9-42e67ddf01cb",
    "color" : "#F0A000",
    "position" : {
      "x" : 46.978714,
      "y" : 22.18034,
      "z" : 98.1935
    },
    "orientation" : 17
  }, {
    "shape" : "869f1cf4-eb8b-404e-b1c9-42e67ddf01cb",
    "color" : "#F0A000",
    "position" : {
      "x" : 93.95743,
      "y" : -42.742645,
      "z" : 76.01315
    },
    "orientation" : 1
  }, {
    "shape" : "d300a0fa-19bc-455f-a4e4-32a846d6b35d",
    "color" : "#FFFFFF",
    "position" : {
      "x" : 35.888542,
      "y" : -64.92299,
      "z" : 76.01315
    }
  }, {
    "shape" : "869f1cf4-eb8b-404e-b1c9-42e67ddf01cb",
    "color" : "#F0A000",
    "position" : {
      "x" : 69.15905,
      "y" : -24.798374,
      "z" : 11.09017
    },
    "orientation" : 5
  }, {
    "shape" : "869f1cf4-eb8b-404e-b1c9-42e67ddf01cb",
    "color" : "#F0A000",
    "position" : {
      "x" : 46.978714,
      "y" : -2.618034,
      "z" : 11.09017
    },
    "orientation" : 9
  }, {
    "shape" : "869f1cf4-eb8b-404e-b1c9-42e67ddf01cb",
    "color" : "#F0A000",
    "position" : {
      "x" : 64.92299,
      "y" : -31.652475,
      "z" : 22.18034
    },
    "orientation" : 3
  }, {
    "shape" : "869f1cf4-eb8b-404e-b1c9-42e67ddf01cb",
    "color" : "#F0A000",
    "position" : {
      "x" : 82.867256,
      "y" : -2.618034,
      "z" : 46.978714
    },
    "orientation" : 3
  }, {
    "shape" : "869f1cf4-eb8b-404e-b1c9-42e67ddf01cb",
    "color" : "#F0A000",
    "position" : {
      "x" : 93.95743,
      "y" : -29.034441,
      "z" : 40.12461
    },
    "orientation" : 6
  }, {
    "shape" : "869f1cf4-eb8b-404e-b1c9-42e67ddf01cb",
    "color" : "#F0A000",
    "position" : {
      "x" : 42.742645,
      "y" : -17.944271,
      "z" : 22.18034
    },
    "orientation" : 17
  }, {
    "shape" : "869f1cf4-eb8b-404e-b1c9-42e67ddf01cb",
    "color" : "#F0A000",
    "position" : {
      "x" : 53.832817,
      "y" : -24.798374,
      "z" : 58.068882
    },
    "orientation" : 8
  }, {
    "shape" : "869f1cf4-eb8b-404e-b1c9-42e67ddf01cb",
    "color" : "#F0A000",
    "position" : {
      "x" : 42.742645,
      "y" : -53.832817,
      "z" : 58.068882
    },
    "orientation" : 17
  }, {
    "shape" : "869f1cf4-eb8b-404e-b1c9-42e67ddf01cb",
    "color" : "#F0A000",
    "position" : {
      "x" : 35.888542,
      "y" : 15.326238,
      "z" : 76.01315
    },
    "orientation" : 3
  }, {
    "shape" : "869f1cf4-eb8b-404e-b1c9-42e67ddf01cb",
    "color" : "#F0A000",
    "position" : {
      "x" : 64.92299,
      "y" : 4.236068,
      "z" : 22.18034
    },
    "orientation" : 7
  }, {
    "shape" : "869f1cf4-eb8b-404e-b1c9-42e67ddf01cb",
    "color" : "#F0A000",
    "position" : {
      "x" : 42.742645,
      "y" : -31.652475,
      "z" : 22.18034
    },
    "orientation" : 0
  }, {
    "shape" : "869f1cf4-eb8b-404e-b1c9-42e67ddf01cb",
    "color" : "#F0A000",
    "position" : {
      "x" : 76.01315,
      "y" : -35.888542,
      "z" : 29.034441
    },
    "orientation" : 3
  }, {
    "shape" : "869f1cf4-eb8b-404e-b1c9-42e67ddf01cb",
    "color" : "#F0A000",
    "position" : {
      "x" : 105.0476,
      "y" : -60.686916,
      "z" : 11.09017
    },
    "orientation" : 1
  }, {
    "shape" : "d300a0fa-19bc-455f-a4e4-32a846d6b35d",
    "color" : "#FFFFFF",
    "position" : {
      "x" : 0.0,
      "y" : 15.326238,
      "z" : 40.12461
    }
  }, {
    "shape" : "869f1cf4-eb8b-404e-b1c9-42e67ddf01cb",
    "color" : "#F0A000",
    "position" : {
      "x" : 53.832817,
      "y" : 33.27051,
      "z" : 22.18034
    },
    "orientation" : 8
  }, {
    "shape" : "869f1cf4-eb8b-404e-b1c9-42e67ddf01cb",
    "color" : "#F0A000",
    "position" : {
      "x" : 24.798374,
      "y" : -60.686916,
      "z" : 69.15905
    },
    "orientation" : 6
  }, {
    "shape" : "869f1cf4-eb8b-404e-b1c9-42e67ddf01cb",
    "color" : "#F0A000",
    "position" : {
      "x" : 64.92299,
      "y" : 4.236068,
      "z" : 116.137764
    },
    "orientation" : 17
  }, {
    "shape" : "d300a0fa-19bc-455f-a4e4-32a846d6b35d",
    "color" : "#FFFFFF",
    "position" : {
      "x" : 93.95743,
      "y" : -42.742645,
      "z" : 17.944271
    }
  }, {
    "shape" : "869f1cf4-eb8b-404e-b1c9-42e67ddf01cb",
    "color" : "#F0A000",
    "position" : {
      "x" : 111.9017,
      "y" : -24.798374,
      "z" : 0.0
    },
    "orientation" : 8
  }, {
    "shape" : "d300a0fa-19bc-455f-a4e4-32a846d6b35d",
    "color" : "#FFFFFF",
    "position" : {
      "x" : 93.95743,
      "y" : -17.944271,
      "z" : 46.978714
    }
  }, {
    "shape" : "869f1cf4-eb8b-404e-b1c9-42e67ddf01cb",
    "color" : "#F0A000",
    "position" : {
      "x" : 42.742645,
      "y" : -6.854102,
      "z" : 51.214783
    },
    "orientation" : 6
  }, {
    "shape" : "869f1cf4-eb8b-404e-b1c9-42e67ddf01cb",
    "color" : "#F0A000",
    "position" : {
      "x" : 53.832817,
      "y" : -82.867256,
      "z" : 58.068882
    },
    "orientation" : 17
  }, {
    "shape" : "869f1cf4-eb8b-404e-b1c9-42e67ddf01cb",
    "color" : "#F0A000",
    "position" : {
      "x" : 64.92299,
      "y" : 40.12461,
      "z" : 58.068882
    },
    "orientation" : 24
  }, {
    "shape" : "869f1cf4-eb8b-404e-b1c9-42e67ddf01cb",
    "color" : "#F0A000",
    "position" : {
      "x" : 111.9017,
      "y" : -13.708204,
      "z" : 51.214783
    },
    "orientation" : 17
  }, {
    "shape" : "869f1cf4-eb8b-404e-b1c9-42e67ddf01cb",
    "color" : "#F0A000",
    "position" : {
      "x" : 105.0476,
      "y" : -24.798374,
      "z" : 69.15905
    },
    "orientation" : 24
  }, {
    "shape" : "869f1cf4-eb8b-404e-b1c9-42e67ddf01cb",
    "color" : "#F0A000",
    "position" : {
      "x" : 46.978714,
      "y" : -46.978714,
      "z" : 33.27051
    },
    "orientation" : 9
  }, {
    "shape" : "869f1cf4-eb8b-404e-b1c9-42e67ddf01cb",
    "color" : "#F0A000",
    "position" : {
      "x" : 17.944271,
      "y" : -35.888542,
      "z" : -6.854102
    },
    "orientation" : 1
  }, {
    "shape" : "869f1cf4-eb8b-404e-b1c9-42e67ddf01cb",
    "color" : "#F0A000",
    "position" : {
      "x" : 82.867256,
      "y" : -2.618034,
      "z" : 69.15905
    },
    "orientation" : 3
  }, {
    "shape" : "869f1cf4-eb8b-404e-b1c9-42e67ddf01cb",
    "color" : "#F0A000",
    "position" : {
      "x" : 46.978714,
      "y" : -13.708204,
      "z" : 17.944271
    },
    "orientation" : 24
  }, {
    "shape" : "869f1cf4-eb8b-404e-b1c9-42e67ddf01cb",
    "color" : "#F0A000",
    "position" : {
      "x" : 46.978714,
      "y" : -60.686916,
      "z" : 11.09017
    },
    "orientation" : 9
  }, {
    "shape" : "869f1cf4-eb8b-404e-b1c9-42e67ddf01cb",
    "color" : "#F0A000",
    "position" : {
      "x" : 82.867256,
      "y" : 11.09017,
      "z" : 11.09017
    },
    "orientation" : 5
  }, {
    "shape" : "869f1cf4-eb8b-404e-b1c9-42e67ddf01cb",
    "color" : "#F0A000",
    "position" : {
      "x" : 40.12461,
      "y" : -13.708204,
      "z" : 29.034441
    },
    "orientation" : 8
  }, {
    "shape" : "869f1cf4-eb8b-404e-b1c9-42e67ddf01cb",
    "color" : "#F0A000",
    "position" : {
      "x" : 35.888542,
      "y" : 15.326238,
      "z" : 76.01315
    },
    "orientation" : 8
  }, {
    "shape" : "869f1cf4-eb8b-404e-b1c9-42e67ddf01cb",
    "color" : "#F0A000",
    "position" : {
      "x" : 64.92299,
      "y" : 40.12461,
      "z" : 80.24922
    },
    "orientation" : 17
  }, {
    "shape" : "869f1cf4-eb8b-404e-b1c9-42e67ddf01cb",
    "color" : "#F0A000",
    "position" : {
      "x" : 35.888542,
      "y" : 40.12461,
      "z" : 11.09017
    },
    "orientation" : 24
  }, {
    "shape" : "869f1cf4-eb8b-404e-b1c9-42e67ddf01cb",
    "color" : "#F0A000",
    "position" : {
      "x" : 0.0,
      "y" : -42.742645,
      "z" : 40.12461
    },
    "orientation" : 3
  }, {
    "shape" : "869f1cf4-eb8b-404e-b1c9-42e67ddf01cb",
    "color" : "#F0A000",
    "position" : {
      "x" : 35.888542,
      "y" : 4.236068,
      "z" : -24.798374
    },
    "orientation" : 9
  }, {
    "shape" : "869f1cf4-eb8b-404e-b1c9-42e67ddf01cb",
    "color" : "#F0A000",
    "position" : {
      "x" : 87.103325,
      "y" : -6.854102,
      "z" : 29.034441
    },
    "orientation" : 5
  }, {
    "shape" : "869f1cf4-eb8b-404e-b1c9-42e67ddf01cb",
    "color" : "#F0A000",
    "position" : {
      "x" : 46.978714,
      "y" : 22.18034,
      "z" : 4.236068
    },
    "orientation" : 5
  }, {
    "shape" : "869f1cf4-eb8b-404e-b1c9-42e67ddf01cb",
    "color" : "#F0A000",
    "position" : {
      "x" : 35.888542,
      "y" : -17.944271,
      "z" : 69.15905
    },
    "orientation" : 6
  }, {
    "shape" : "869f1cf4-eb8b-404e-b1c9-42e67ddf01cb",
    "color" : "#F0A000",
    "position" : {
      "x" : 122.99187,
      "y" : -17.944271,
      "z" : 58.068882
    },
    "orientation" : 17
  }, {
    "shape" : "869f1cf4-eb8b-404e-b1c9-42e67ddf01cb",
    "color" : "#F0A000",
    "position" : {
      "x" : 122.99187,
      "y" : -42.742645,
      "z" : -6.854102
    },
    "orientation" : 9
  }, {
    "shape" : "d300a0fa-19bc-455f-a4e4-32a846d6b35d",
    "color" : "#FFFFFF",
    "position" : {
      "x" : 82.867256,
      "y" : -35.888542,
      "z" : 40.12461
    }
  }, {
    "shape" : "869f1cf4-eb8b-404e-b1c9-42e67ddf01cb",
    "color" : "#F0A000",
    "position" : {
      "x" : 17.944271,
      "y" : -24.798374,
      "z" : 22.18034
    },
    "orientation" : 5
  }, {
    "shape" : "869f1cf4-eb8b-404e-b1c9-42e67ddf01cb",
    "color" : "#F0A000",
    "position" : {
      "x" : 35.888542,
      "y" : 4.236068,
      "z" : 46.978714
    },
    "orientation" : 6
  }, {
    "shape" : "869f1cf4-eb8b-404e-b1c9-42e67ddf01cb",
    "color" : "#F0A000",
    "position" : {
      "x" : 6.854102,
      "y" : -6.854102,
      "z" : 51.214783
    },
    "orientation" : 6
  }, {
    "shape" : "869f1cf4-eb8b-404e-b1c9-42e67ddf01cb",
    "color" : "#F0A000",
    "position" : {
      "x" : 69.15905,
      "y" : -24.798374,
      "z" : 69.15905
    },
    "orientation" : 1
  }, {
    "shape" : "869f1cf4-eb8b-404e-b1c9-42e67ddf01cb",
    "color" : "#F0A000",
    "position" : {
      "x" : 40.12461,
      "y" : -35.888542,
      "z" : 29.034441
    },
    "orientation" : 5
  }, {
    "shape" : "869f1cf4-eb8b-404e-b1c9-42e67ddf01cb",
    "color" : "#F0A000",
    "position" : {
      "x" : 100.81153,
      "y" : 4.236068,
      "z" : 0.0
    },
    "orientation" : 7
  }, {
    "shape" : "869f1cf4-eb8b-404e-b1c9-42e67ddf01cb",
    "color" : "#F0A000",
    "position" : {
      "x" : 58.068882,
      "y" : -53.832817,
      "z" : 46.978714
    },
    "orientation" : 3
  }, {
    "shape" : "869f1cf4-eb8b-404e-b1c9-42e67ddf01cb",
    "color" : "#F0A000",
    "position" : {
      "x" : 105.0476,
      "y" : -35.888542,
      "z" : 4.236068
    },
    "orientation" : 5
  }, {
    "shape" : "869f1cf4-eb8b-404e-b1c9-42e67ddf01cb",
    "color" : "#F0A000",
    "position" : {
      "x" : 64.92299,
      "y" : -17.944271,
      "z" : 80.24922
    },
    "orientation" : 24
  }, {
    "shape" : "869f1cf4-eb8b-404e-b1c9-42e67ddf01cb",
    "color" : "#F0A000",
    "position" : {
      "x" : 93.95743,
      "y" : -42.742645,
      "z" : 40.12461
    },
    "orientation" : 0
  }, {
    "shape" : "869f1cf4-eb8b-404e-b1c9-42e67ddf01cb",
    "color" : "#F0A000",
    "position" : {
      "x" : 17.944271,
      "y" : -71.777084,
      "z" : 51.214783
    },
    "orientation" : 5
  }, {
    "shape" : "869f1cf4-eb8b-404e-b1c9-42e67ddf01cb",
    "color" : "#F0A000",
    "position" : {
      "x" : 24.798374,
      "y" : -13.708204,
      "z" : 76.01315
    },
    "orientation" : 6
  }, {
    "shape" : "869f1cf4-eb8b-404e-b1c9-42e67ddf01cb",
    "color" : "#F0A000",
    "position" : {
      "x" : 64.92299,
      "y" : 4.236068,
      "z" : 58.068882
    },
    "orientation" : 5
  }, {
    "shape" : "869f1cf4-eb8b-404e-b1c9-42e67ddf01cb",
    "color" : "#F0A000",
    "position" : {
      "x" : 100.81153,
      "y" : -6.854102,
      "z" : -6.854102
    },
    "orientation" : 5
  }, {
    "shape" : "869f1cf4-eb8b-404e-b1c9-42e67ddf01cb",
    "color" : "#F0A000",
    "position" : {
      "x" : 46.978714,
      "y" : -46.978714,
      "z" : 46.978714
    },
    "orientation" : 1
  }, {
    "shape" : "d300a0fa-19bc-455f-a4e4-32a846d6b35d",
    "color" : "#FFFFFF",
    "position" : {
      "x" : 6.854102,
      "y" : -6.854102,
      "z" : 29.034441
    }
  }, {
    "shape" : "869f1cf4-eb8b-404e-b1c9-42e67ddf01cb",
    "color" : "#F0A000",
    "position" : {
      "x" : 111.9017,
      "y" : -60.686916,
      "z" : 22.18034
    },
    "orientation" : 6
  }, {
    "shape" : "869f1cf4-eb8b-404e-b1c9-42e67ddf01cb",
    "color" : "#F0A000",
    "position" : {
      "x" : 53.832817,
      "y" : -24.798374,
      "z" : 22.18034
    },
    "orientation" : 7
  }, {
    "shape" : "869f1cf4-eb8b-404e-b1c9-42e67ddf01cb",
    "color" : "#F0A000",
    "position" : {
      "x" : 24.798374,
      "y" : -24.798374,
      "z" : 105.0476
    },
    "orientation" : 3
  }, {
    "shape" : "d300a0fa-19bc-455f-a4e4-32a846d6b35d",
    "color" : "#FFFFFF",
    "position" : {
      "x" : 111.9017,
      "y" : -13.708204,
      "z" : -6.854102
    }
  }, {
    "shape" : "d300a0fa-19bc-455f-a4e4-32a846d6b35d",
    "color" : "#FFFFFF",
    "position" : {
      "x" : 82.867256,
      "y" : -35.888542,
      "z" : 76.01315
    }
  }, {
    "shape" : "d300a0fa-19bc-455f-a4e4-32a846d6b35d",
    "color" : "#FFFFFF",
    "position" : {
      "x" : 46.978714,
      "y" : -35.888542,
      "z" : -17.944271
    }
  }, {
    "shape" : "869f1cf4-eb8b-404e-b1c9-42e67ddf01cb",
    "color" : "#F0A000",
    "position" : {
      "x" : 35.888542,
      "y" : 4.236068,
      "z" : 11.09017
    },
    "orientation" : 24
  }, {
    "shape" : "869f1cf4-eb8b-404e-b1c9-42e67ddf01cb",
    "color" : "#F0A000",
    "position" : {
      "x" : 17.944271,
      "y" : 11.09017,
      "z" : 22.18034
    },
    "orientation" : 9
  }, {
    "shape" : "d300a0fa-19bc-455f-a4e4-32a846d6b35d",
    "color" : "#FFFFFF",
    "position" : {
      "x" : 64.92299,
      "y" : -64.92299,
      "z" : 51.214783
    }
  }, {
    "shape" : "869f1cf4-eb8b-404e-b1c9-42e67ddf01cb",
    "color" : "#F0A000",
    "position" : {
      "x" : 6.854102,
      "y" : -17.944271,
      "z" : 58.068882
    },
    "orientation" : 6
  }, {
    "shape" : "d300a0fa-19bc-455f-a4e4-32a846d6b35d",
    "color" : "#FFFFFF",
    "position" : {
      "x" : 58.068882,
      "y" : -42.742645,
      "z" : -17.944271
    }
  }, {
    "shape" : "d300a0fa-19bc-455f-a4e4-32a846d6b35d",
    "color" : "#FFFFFF",
    "position" : {
      "x" : 46.978714,
      "y" : 11.09017,
      "z" : 11.09017
    }
  }, {
    "shape" : "869f1cf4-eb8b-404e-b1c9-42e67ddf01cb",
    "color" : "#F0A000",
    "position" : {
      "x" : 64.92299,
      "y" : -53.832817,
      "z" : 80.24922
    },
    "orientation" : 24
  }, {
    "shape" : "869f1cf4-eb8b-404e-b1c9-42e67ddf01cb",
    "color" : "#F0A000",
    "position" : {
      "x" : 93.95743,
      "y" : -53.832817,
      "z" : 11.09017
    },
    "orientation" : 6
  }, {
    "shape" : "869f1cf4-eb8b-404e-b1c9-42e67ddf01cb",
    "color" : "#F0A000",
    "position" : {
      "x" : 71.777084,
      "y" : -17.944271,
      "z" : 33.27051
    },
    "orientation" : 7
  }, {
    "shape" : "869f1cf4-eb8b-404e-b1c9-42e67ddf01cb",
    "color" : "#F0A000",
    "position" : {
      "x" : 60.686916,
      "y" : -24.798374,
      "z" : 11.09017
    },
    "orientation" : 6
  }, {
    "shape" : "869f1cf4-eb8b-404e-b1c9-42e67ddf01cb",
    "color" : "#F0A000",
    "position" : {
      "x" : 17.944271,
      "y" : -24.798374,
      "z" : 0.0
    },
    "orientation" : 9
  }, {
    "shape" : "869f1cf4-eb8b-404e-b1c9-42e67ddf01cb",
    "color" : "#F0A000",
    "position" : {
      "x" : 76.01315,
      "y" : -35.888542,
      "z" : 15.326238
    },
    "orientation" : 17
  }, {
    "shape" : "869f1cf4-eb8b-404e-b1c9-42e67ddf01cb",
    "color" : "#F0A000",
    "position" : {
      "x" : 82.867256,
      "y" : 33.27051,
      "z" : 46.978714
    },
    "orientation" : 24
  }, {
    "shape" : "869f1cf4-eb8b-404e-b1c9-42e67ddf01cb",
    "color" : "#F0A000",
    "position" : {
      "x" : 58.068882,
      "y" : -6.854102,
      "z" : 40.12461
    },
    "orientation" : 24
  }, {
    "shape" : "869f1cf4-eb8b-404e-b1c9-42e67ddf01cb",
    "color" : "#F0A000",
    "position" : {
      "x" : 35.888542,
      "y" : -53.832817,
      "z" : 11.09017
    },
    "orientation" : 3
  }, {
    "shape" : "d300a0fa-19bc-455f-a4e4-32a846d6b35d",
    "color" : "#FFFFFF",
    "position" : {
      "x" : 46.978714,
      "y" : -2.618034,
      "z" : 46.978714
    }
  }, {
    "shape" : "869f1cf4-eb8b-404e-b1c9-42e67ddf01cb",
    "color" : "#F0A000",
    "position" : {
      "x" : 46.978714,
      "y" : 11.09017,
      "z" : 11.09017
    },
    "orientation" : 0
  }, {
    "shape" : "869f1cf4-eb8b-404e-b1c9-42e67ddf01cb",
    "color" : "#F0A000",
    "position" : {
      "x" : 64.92299,
      "y" : 4.236068,
      "z" : 35.888542
    },
    "orientation" : 24
  }, {
    "shape" : "869f1cf4-eb8b-404e-b1c9-42e67ddf01cb",
    "color" : "#F0A000",
    "position" : {
      "x" : 76.01315,
      "y" : -60.686916,
      "z" : 22.18034
    },
    "orientation" : 0
  }, {
    "shape" : "869f1cf4-eb8b-404e-b1c9-42e67ddf01cb",
    "color" : "#F0A000",
    "position" : {
      "x" : 53.832817,
      "y" : -24.798374,
      "z" : 22.18034
    },
    "orientation" : 24
  }, {
    "shape" : "869f1cf4-eb8b-404e-b1c9-42e67ddf01cb",
    "color" : "#F0A000",
    "position" : {
      "x" : 64.92299,
      "y" : 15.326238,
      "z" : 64.92299
    },
    "orientation" : 3
  }, {
    "shape" : "869f1cf4-eb8b-404e-b1c9-42e67ddf01cb",
    "color" : "#F0A000",
    "position" : {
      "x" : 87.103325,
      "y" : -17.944271,
      "z" : 58.068882
    },
    "orientation" : 17
  }, {
    "shape" : "869f1cf4-eb8b-404e-b1c9-42e67ddf01cb",
    "color" : "#F0A000",
    "position" : {
      "x" : 111.9017,
      "y" : -24.798374,
      "z" : 22.18034
    },
    "orientation" : 6
  }, {
    "shape" : "d300a0fa-19bc-455f-a4e4-32a846d6b35d",
    "color" : "#FFFFFF",
    "position" : {
      "x" : 82.867256,
      "y" : -46.978714,
      "z" : 33.27051
    }
  }, {
    "shape" : "869f1cf4-eb8b-404e-b1c9-42e67ddf01cb",
    "color" : "#F0A000",
    "position" : {
      "x" : 53.832817,
      "y" : -35.888542,
      "z" : -6.854102
    },
    "orientation" : 0
  }, {
    "shape" : "869f1cf4-eb8b-404e-b1c9-42e67ddf01cb",
    "color" : "#F0A000",
    "position" : {
      "x" : 35.888542,
      "y" : -53.832817,
      "z" : 33.27051
    },
    "orientation" : 5
  }, {
    "shape" : "869f1cf4-eb8b-404e-b1c9-42e67ddf01cb",
    "color" : "#F0A000",
    "position" : {
      "x" : 87.103325,
      "y" : 4.236068,
      "z" : 22.18034
    },
    "orientation" : 24
  }, {
    "shape" : "869f1cf4-eb8b-404e-b1c9-42e67ddf01cb",
    "color" : "#F0A000",
    "position" : {
      "x" : 93.95743,
      "y" : -31.652475,
      "z" : 33.27051
    },
    "orientation" : 1
  }, {
    "shape" : "869f1cf4-eb8b-404e-b1c9-42e67ddf01cb",
    "color" : "#F0A000",
    "position" : {
      "x" : 42.742645,
      "y" : -31.652475,
      "z" : 22.18034
    },
    "orientation" : 6
  }, {
    "shape" : "869f1cf4-eb8b-404e-b1c9-42e67ddf01cb",
    "color" : "#F0A000",
    "position" : {
      "x" : 64.92299,
      "y" : -17.944271,
      "z" : 58.068882
    },
    "orientation" : 3
  }, {
    "shape" : "869f1cf4-eb8b-404e-b1c9-42e67ddf01cb",
    "color" : "#F0A000",
    "position" : {
      "x" : 53.832817,
      "y" : -24.798374,
      "z" : 93.95743
    },
    "orientation" : 8
  }, {
    "shape" : "869f1cf4-eb8b-404e-b1c9-42e67ddf01cb",
    "color" : "#F0A000",
    "position" : {
      "x" : 87.103325,
      "y" : -42.742645,
      "z" : 87.103325
    },
    "orientation" : 9
  }, {
    "shape" : "869f1cf4-eb8b-404e-b1c9-42e67ddf01cb",
    "color" : "#F0A000",
    "position" : {
      "x" : 35.888542,
      "y" : -6.854102,
      "z" : 76.01315
    },
    "orientation" : 17
  }, {
    "shape" : "869f1cf4-eb8b-404e-b1c9-42e67ddf01cb",
    "color" : "#F0A000",
    "position" : {
      "x" : 76.01315,
      "y" : -13.708204,
      "z" : 87.103325
    },
    "orientation" : 24
  }, {
    "shape" : "869f1cf4-eb8b-404e-b1c9-42e67ddf01cb",
    "color" : "#F0A000",
    "position" : {
      "x" : 46.978714,
      "y" : -24.798374,
      "z" : 105.0476
    },
    "orientation" : 1
  }, {
    "shape" : "869f1cf4-eb8b-404e-b1c9-42e67ddf01cb",
    "color" : "#F0A000",
    "position" : {
      "x" : 29.034441,
      "y" : -31.652475,
      "z" : 22.18034
    },
    "orientation" : 0
  }, {
    "shape" : "d300a0fa-19bc-455f-a4e4-32a846d6b35d",
    "color" : "#FFFFFF",
    "position" : {
      "x" : 64.92299,
      "y" : -31.652475,
      "z" : 22.18034
    }
  }, {
    "shape" : "869f1cf4-eb8b-404e-b1c9-42e67ddf01cb",
    "color" : "#F0A000",
    "position" : {
      "x" : 105.0476,
      "y" : -35.888542,
      "z" : 40.12461
    },
    "orientation" : 9
  }, {
    "shape" : "869f1cf4-eb8b-404e-b1c9-42e67ddf01cb",
    "color" : "#F0A000",
    "position" : {
      "x" : 129.84598,
      "y" : -6.854102,
      "z" : 40.12461
    },
    "orientation" : 7
  }, {
    "shape" : "869f1cf4-eb8b-404e-b1c9-42e67ddf01cb",
    "color" : "#F0A000",
    "position" : {
      "x" : 64.92299,
      "y" : 40.12461,
      "z" : 0.0
    },
    "orientation" : 7
  }, {
    "shape" : "869f1cf4-eb8b-404e-b1c9-42e67ddf01cb",
    "color" : "#F0A000",
    "position" : {
      "x" : 71.777084,
      "y" : -6.854102,
      "z" : 40.12461
    },
    "orientation" : 5
  }, {
    "shape" : "869f1cf4-eb8b-404e-b1c9-42e67ddf01cb",
    "color" : "#F0A000",
    "position" : {
      "x" : 35.888542,
      "y" : -53.832817,
      "z" : 11.09017
    },
    "orientation" : 5
  }, {
    "shape" : "869f1cf4-eb8b-404e-b1c9-42e67ddf01cb",
    "color" : "#F0A000",
    "position" : {
      "x" : 35.888542,
      "y" : -17.944271,
      "z" : 11.09017
    },
    "orientation" : 8
  }, {
    "shape" : "869f1cf4-eb8b-404e-b1c9-42e67ddf01cb",
    "color" : "#F0A000",
    "position" : {
      "x" : 46.978714,
      "y" : -82.867256,
      "z" : 11.09017
    },
    "orientation" : 6
  }, {
    "shape" : "869f1cf4-eb8b-404e-b1c9-42e67ddf01cb",
    "color" : "#F0A000",
    "position" : {
      "x" : 58.068882,
      "y" : -53.832817,
      "z" : 11.09017
    },
    "orientation" : 17
  }, {
    "shape" : "869f1cf4-eb8b-404e-b1c9-42e67ddf01cb",
    "color" : "#F0A000",
    "position" : {
      "x" : 71.777084,
      "y" : -42.742645,
      "z" : -17.944271
    },
    "orientation" : 8
  }, {
    "shape" : "869f1cf4-eb8b-404e-b1c9-42e67ddf01cb",
    "color" : "#F0A000",
    "position" : {
      "x" : 53.832817,
      "y" : 11.09017,
      "z" : 22.18034
    },
    "orientation" : 24
  }, {
    "shape" : "869f1cf4-eb8b-404e-b1c9-42e67ddf01cb",
    "color" : "#F0A000",
    "position" : {
      "x" : 46.978714,
      "y" : -24.798374,
      "z" : 46.978714
    },
    "orientation" : 9
  }, {
    "shape" : "869f1cf4-eb8b-404e-b1c9-42e67ddf01cb",
    "color" : "#F0A000",
    "position" : {
      "x" : 111.9017,
      "y" : -24.798374,
      "z" : 58.068882
    },
    "orientation" : 7
  }, {
    "shape" : "869f1cf4-eb8b-404e-b1c9-42e67ddf01cb",
    "color" : "#F0A000",
    "position" : {
      "x" : 53.832817,
      "y" : 22.18034,
      "z" : 51.214783
    },
    "orientation" : 8
  }, {
    "shape" : "869f1cf4-eb8b-404e-b1c9-42e67ddf01cb",
    "color" : "#F0A000",
    "position" : {
      "x" : 82.867256,
      "y" : 22.18034,
      "z" : 40.12461
    },
    "orientation" : 8
  }, {
    "shape" : "869f1cf4-eb8b-404e-b1c9-42e67ddf01cb",
    "color" : "#F0A000",
    "position" : {
      "x" : 105.0476,
      "y" : -35.888542,
      "z" : 4.236068
    },
    "orientation" : 17
  }, {
    "shape" : "869f1cf4-eb8b-404e-b1c9-42e67ddf01cb",
    "color" : "#F0A000",
    "position" : {
      "x" : 58.068882,
      "y" : -53.832817,
      "z" : 11.09017
    },
    "orientation" : 8
  }, {
    "shape" : "869f1cf4-eb8b-404e-b1c9-42e67ddf01cb",
    "color" : "#F0A000",
    "position" : {
      "x" : 35.888542,
      "y" : -64.92299,
      "z" : 40.12461
    },
    "orientation" : 0
  }, {
