{
  "lighting": {
    "backgroundColor": "#afc8dc",
    "ambientColor": "#333333",
    "directionalLights": [
      {
        "direction": [
          1,
          -1,
          -0.3
        ],
        "color": "#FDFDFD"
      },
      {
        "direction": [
          -1,
          0,
          -0.2
        ],
        "color": "#B5B5B5"
      },
      {
        "direction": [
          0,
          0,
          -1
        ],
        "color": "#303030"
      }
    ]
  },
  "camera": {
    "near": 0.06440363979941038,
    "far": 51.52291107177714,
    "width": 11.592654991149944,
    "distance": 25.761455535888672,
    "up": [
      0.6711430076829412,
      -0.6753851958413402,
      -0.30564996397298716
    ],
    "lookAt": [
      5.23606797749979,
      0,
      0
    ],
    "lookDir": [
      -0.22669656818772074,
      -0.5795281065499669,
      0.7827872250430163
    ],
    "perspective": true
  },
  "embedding": [
    1,
    0,
    0,
    0,
    0,
    1,
    0,
    0,
    0,
    0,
    1,
    0,
    0,
    0,
    0,
    1
  ],
  "orientations": [
    [
      1,
      0,
      0,
      0,
      0,
      1,
      0,
      0,
      0,
      0,
      1,
      0,
      0,
      0,
      0,
      1
    ],
    [
      0,
      0,
      1,
      0,
      1,
      0,
      0,
      0,
      0,
      1,
      0,
      0,
      0,
      0,
      0,
      1
    ],
    [
      0,
      1,
      0,
      0,
      0,
      0,
      1,
      0,
      1,
      0,
      0,
      0,
      0,
      0,
      0,
      1
    ],
    [
      0.8090169943749475,
      0.30901699437494745,
      0.5,
      0,
      0.30901699437494745,
      0.5,
      -0.8090169943749475,
      0,
      -0.5,
      0.8090169943749475,
      0.30901699437494745,
      0,
      0,
      0,
      0,
      1
    ],
    [
      -0.5,
      0.8090169943749475,
      0.30901699437494745,
      0,
      0.8090169943749475,
      0.30901699437494745,
      0.5,
      0,
      0.30901699437494745,
      0.5,
      -0.8090169943749475,
      0,
      0,
      0,
      0,
      1
    ],
    [
      0.30901699437494745,
      0.5,
      -0.8090169943749475,
      0,
      -0.5,
      0.8090169943749475,
      0.30901699437494745,
      0,
      0.8090169943749475,
      0.30901699437494745,
      0.5,
      0,
      0,
      0,
      0,
      1
    ],
    [
      0.5,
      0.8090169943749475,
      0.30901699437494745,
      0,
      0.8090169943749475,
      -0.30901699437494745,
      -0.5,
      0,
      -0.30901699437494745,
      0.5,
      -0.8090169943749475,
      0,
      0,
      0,
      0,
      1
    ],
    [
      -0.30901699437494745,
      0.5,
      -0.8090169943749475,
      0,
      0.5,
      0.8090169943749475,
      0.30901699437494745,
      0,
      0.8090169943749475,
      -0.30901699437494745,
      -0.5,
      0,
      0,
      0,
      0,
      1
    ],
    [
      0.8090169943749475,
      -0.30901699437494745,
      -0.5,
      0,
      -0.30901699437494745,
      0.5,
      -0.8090169943749475,
      0,
      0.5,
      0.8090169943749475,
      0.30901699437494745,
      0,
      0,
      0,
      0,
      1
    ],
    [
      0.5,
      0.8090169943749475,
      -0.30901699437494745,
      0,
      0.8090169943749475,
      -0.30901699437494745,
      0.5,
      0,
      0.30901699437494745,
      -0.5,
      -0.8090169943749475,
      0,
      0,
      0,
      0,
      1
    ],
    [
      0.30901699437494745,
      -0.5,
      -0.8090169943749475,
      0,
      0.5,
      0.8090169943749475,
      -0.30901699437494745,
      0,
      0.8090169943749475,
      -0.30901699437494745,
      0.5,
      0,
      0,
      0,
      0,
      1
    ],
    [
      0.8090169943749475,
      -0.30901699437494745,
      0.5,
      0,
      0.30901699437494745,
      -0.5,
      -0.8090169943749475,
      0,
      0.5,
      0.8090169943749475,
      -0.30901699437494745,
      0,
      0,
      0,
      0,
      1
    ],
    [
      0.8090169943749475,
      0.30901699437494745,
      -0.5,
      0,
      0.30901699437494745,
      0.5,
      0.8090169943749475,
      0,
      0.5,
      -0.8090169943749475,
      0.30901699437494745,
      0,
      0,
      0,
      0,
      1
    ],
    [
      0.5,
      -0.8090169943749475,
      0.30901699437494745,
      0,
      0.8090169943749475,
      0.30901699437494745,
      -0.5,
      0,
      0.30901699437494745,
      0.5,
      0.8090169943749475,
      0,
      0,
      0,
      0,
      1
    ],
    [
      0.30901699437494745,
      0.5,
      0.8090169943749475,
      0,
      0.5,
      -0.8090169943749475,
      0.30901699437494745,
      0,
      0.8090169943749475,
      0.30901699437494745,
      -0.5,
      0,
      0,
      0,
      0,
      1
    ],
    [
      1,
      0,
      0,
      0,
      0,
      -1,
      0,
      0,
      0,
      0,
      -1,
      0,
      0,
      0,
      0,
      1
    ],
    [
      0,
      0,
      1,
      0,
      -1,
      0,
      0,
      0,
      0,
      -1,
      0,
      0,
      0,
      0,
      0,
      1
    ],
    [
      0,
      1,
      0,
      0,
      0,
      0,
      -1,
      0,
      -1,
      0,
      0,
      0,
      0,
      0,
      0,
      1
    ],
    [
      0.8090169943749475,
      0.30901699437494745,
      0.5,
      0,
      -0.30901699437494745,
      -0.5,
      0.8090169943749475,
      0,
      0.5,
      -0.8090169943749475,
      -0.30901699437494745,
      0,
      0,
      0,
      0,
      1
    ],
    [
      -0.5,
      0.8090169943749475,
      0.30901699437494745,
      0,
      -0.8090169943749475,
      -0.30901699437494745,
      -0.5,
      0,
      -0.30901699437494745,
      -0.5,
      0.8090169943749475,
      0,
      0,
      0,
      0,
      1
    ],
    [
      0.30901699437494745,
      0.5,
      -0.8090169943749475,
      0,
      0.5,
      -0.8090169943749475,
      -0.30901699437494745,
      0,
      -0.8090169943749475,
      -0.30901699437494745,
      -0.5,
      0,
      0,
      0,
      0,
      1
    ],
    [
      0.5,
      0.8090169943749475,
      0.30901699437494745,
      0,
      -0.8090169943749475,
      0.30901699437494745,
      0.5,
      0,
      0.30901699437494745,
      -0.5,
      0.8090169943749475,
      0,
      0,
      0,
      0,
      1
    ],
    [
      -0.30901699437494745,
      0.5,
      -0.8090169943749475,
      0,
      -0.5,
      -0.8090169943749475,
      -0.30901699437494745,
      0,
      -0.8090169943749475,
      0.30901699437494745,
      0.5,
      0,
      0,
      0,
      0,
      1
    ],
    [
      0.8090169943749475,
      -0.30901699437494745,
      -0.5,
      0,
      0.30901699437494745,
      -0.5,
      0.8090169943749475,
      0,
      -0.5,
      -0.8090169943749475,
      -0.30901699437494745,
      0,
      0,
      0,
      0,
      1
    ],
    [
      0.5,
      0.8090169943749475,
      -0.30901699437494745,
      0,
      -0.8090169943749475,
      0.30901699437494745,
      -0.5,
      0,
      -0.30901699437494745,
      0.5,
      0.8090169943749475,
      0,
      0,
      0,
      0,
      1
    ],
    [
      0.30901699437494745,
      -0.5,
      -0.8090169943749475,
      0,
      -0.5,
      -0.8090169943749475,
      0.30901699437494745,
      0,
      -0.8090169943749475,
      0.30901699437494745,
      -0.5,
      0,
      0,
      0,
      0,
      1
    ],
    [
      0.8090169943749475,
      -0.30901699437494745,
      0.5,
      0,
      -0.30901699437494745,
      0.5,
      0.8090169943749475,
      0,
      -0.5,
      -0.8090169943749475,
      0.30901699437494745,
      0,
      0,
      0,
      0,
      1
    ],
    [
      0.8090169943749475,
      0.30901699437494745,
      -0.5,
      0,
      -0.30901699437494745,
      -0.5,
      -0.8090169943749475,
      0,
      -0.5,
      0.8090169943749475,
      -0.30901699437494745,
      0,
      0,
      0,
      0,
      1
    ],
    [
      0.5,
      -0.8090169943749475,
      0.30901699437494745,
      0,
      -0.8090169943749475,
      -0.30901699437494745,
      0.5,
      0,
      -0.30901699437494745,
      -0.5,
      -0.8090169943749475,
      0,
      0,
      0,
      0,
      1
    ],
    [
      0.30901699437494745,
      0.5,
      0.8090169943749475,
      0,
      -0.5,
      0.8090169943749475,
      -0.30901699437494745,
      0,
      -0.8090169943749475,
      -0.30901699437494745,
      0.5,
      0,
      0,
      0,
      0,
      1
    ],
    [
      -1,
      0,
      0,
      0,
      0,
      -1,
      0,
      0,
      0,
      0,
      1,
      0,
      0,
      0,
      0,
      1
    ],
    [
      0,
      0,
      -1,
      0,
      -1,
      0,
      0,
      0,
      0,
      1,
      0,
      0,
      0,
      0,
      0,
      1
    ],
    [
      0,
      -1,
      0,
      0,
      0,
      0,
      -1,
      0,
      1,
      0,
      0,
      0,
      0,
      0,
      0,
      1
    ],
    [
      -0.8090169943749475,
      -0.30901699437494745,
      -0.5,
      0,
      -0.30901699437494745,
      -0.5,
      0.8090169943749475,
      0,
      -0.5,
      0.8090169943749475,
      0.30901699437494745,
      0,
      0,
      0,
      0,
      1
    ],
    [
      0.5,
      -0.8090169943749475,
      -0.30901699437494745,
      0,
      -0.8090169943749475,
      -0.30901699437494745,
      -0.5,
      0,
      0.30901699437494745,
      0.5,
      -0.8090169943749475,
      0,
      0,
      0,
      0,
      1
    ],
    [
      -0.30901699437494745,
      -0.5,
      0.8090169943749475,
      0,
      0.5,
      -0.8090169943749475,
      -0.30901699437494745,
      0,
      0.8090169943749475,
      0.30901699437494745,
      0.5,
      0,
      0,
      0,
      0,
      1
    ],
    [
      -0.5,
      -0.8090169943749475,
      -0.30901699437494745,
      0,
      -0.8090169943749475,
      0.30901699437494745,
      0.5,
      0,
      -0.30901699437494745,
      0.5,
      -0.8090169943749475,
      0,
      0,
      0,
      0,
      1
    ],
    [
      0.30901699437494745,
      -0.5,
      0.8090169943749475,
      0,
      -0.5,
      -0.8090169943749475,
      -0.30901699437494745,
      0,
      0.8090169943749475,
      -0.30901699437494745,
      -0.5,
      0,
      0,
      0,
      0,
      1
    ],
    [
      -0.8090169943749475,
      0.30901699437494745,
      0.5,
      0,
      0.30901699437494745,
      -0.5,
      0.8090169943749475,
      0,
      0.5,
      0.8090169943749475,
      0.30901699437494745,
      0,
      0,
      0,
      0,
      1
    ],
    [
      -0.5,
      -0.8090169943749475,
      0.30901699437494745,
      0,
      -0.8090169943749475,
      0.30901699437494745,
      -0.5,
      0,
      0.30901699437494745,
      -0.5,
      -0.8090169943749475,
      0,
      0,
      0,
      0,
      1
    ],
    [
      -0.30901699437494745,
      0.5,
      0.8090169943749475,
      0,
      -0.5,
      -0.8090169943749475,
      0.30901699437494745,
      0,
      0.8090169943749475,
      -0.30901699437494745,
      0.5,
      0,
      0,
      0,
      0,
      1
    ],
    [
      -0.8090169943749475,
      0.30901699437494745,
      -0.5,
      0,
      -0.30901699437494745,
      0.5,
      0.8090169943749475,
      0,
      0.5,
      0.8090169943749475,
      -0.30901699437494745,
      0,
      0,
      0,
      0,
      1
    ],
    [
      -0.8090169943749475,
      -0.30901699437494745,
      0.5,
      0,
      -0.30901699437494745,
      -0.5,
      -0.8090169943749475,
      0,
      0.5,
      -0.8090169943749475,
      0.30901699437494745,
      0,
      0,
      0,
      0,
      1
    ],
    [
      -0.5,
      0.8090169943749475,
      -0.30901699437494745,
      0,
      -0.8090169943749475,
      -0.30901699437494745,
      0.5,
      0,
      0.30901699437494745,
      0.5,
      0.8090169943749475,
      0,
      0,
      0,
      0,
      1
    ],
    [
      -0.30901699437494745,
      -0.5,
      -0.8090169943749475,
      0,
      -0.5,
      0.8090169943749475,
      -0.30901699437494745,
      0,
      0.8090169943749475,
      0.30901699437494745,
      -0.5,
      0,
      0,
      0,
      0,
      1
    ],
    [
      -1,
      0,
      0,
      0,
      0,
      1,
      0,
      0,
      0,
      0,
      -1,
      0,
      0,
      0,
      0,
      1
    ],
    [
      0,
      0,
      -1,
      0,
      1,
      0,
      0,
      0,
      0,
      -1,
      0,
      0,
      0,
      0,
      0,
      1
    ],
    [
      0,
      -1,
      0,
      0,
      0,
      0,
      1,
      0,
      -1,
      0,
      0,
      0,
      0,
      0,
      0,
      1
    ],
    [
      -0.8090169943749475,
      -0.30901699437494745,
      -0.5,
      0,
      0.30901699437494745,
      0.5,
      -0.8090169943749475,
      0,
      0.5,
      -0.8090169943749475,
      -0.30901699437494745,
      0,
      0,
      0,
      0,
      1
    ],
    [
      0.5,
      -0.8090169943749475,
      -0.30901699437494745,
      0,
      0.8090169943749475,
      0.30901699437494745,
      0.5,
      0,
      -0.30901699437494745,
      -0.5,
      0.8090169943749475,
      0,
      0,
      0,
      0,
      1
    ],
    [
      -0.30901699437494745,
      -0.5,
      0.8090169943749475,
      0,
      -0.5,
      0.8090169943749475,
      0.30901699437494745,
      0,
      -0.8090169943749475,
      -0.30901699437494745,
      -0.5,
      0,
      0,
      0,
      0,
      1
    ],
    [
      -0.5,
      -0.8090169943749475,
      -0.30901699437494745,
      0,
      0.8090169943749475,
      -0.30901699437494745,
      -0.5,
      0,
      0.30901699437494745,
      -0.5,
      0.8090169943749475,
      0,
      0,
      0,
      0,
      1
    ],
    [
      0.30901699437494745,
      -0.5,
      0.8090169943749475,
      0,
      0.5,
      0.8090169943749475,
      0.30901699437494745,
      0,
      -0.8090169943749475,
      0.30901699437494745,
      0.5,
      0,
      0,
      0,
      0,
      1
    ],
    [
      -0.8090169943749475,
      0.30901699437494745,
      0.5,
      0,
      -0.30901699437494745,
      0.5,
      -0.8090169943749475,
      0,
      -0.5,
      -0.8090169943749475,
      -0.30901699437494745,
      0,
      0,
      0,
      0,
      1
    ],
    [
      -0.5,
      -0.8090169943749475,
      0.30901699437494745,
      0,
      0.8090169943749475,
      -0.30901699437494745,
      0.5,
      0,
      -0.30901699437494745,
      0.5,
      0.8090169943749475,
      0,
      0,
      0,
      0,
      1
    ],
    [
      -0.30901699437494745,
      0.5,
      0.8090169943749475,
      0,
      0.5,
      0.8090169943749475,
      -0.30901699437494745,
      0,
      -0.8090169943749475,
      0.30901699437494745,
      -0.5,
      0,
      0,
      0,
      0,
      1
    ],
    [
      -0.8090169943749475,
      0.30901699437494745,
      -0.5,
      0,
      0.30901699437494745,
      -0.5,
      -0.8090169943749475,
      0,
      -0.5,
      -0.8090169943749475,
      0.30901699437494745,
      0,
      0,
      0,
      0,
      1
    ],
    [
      -0.8090169943749475,
      -0.30901699437494745,
      0.5,
      0,
      0.30901699437494745,
      0.5,
      0.8090169943749475,
      0,
      -0.5,
      0.8090169943749475,
      -0.30901699437494745,
      0,
      0,
      0,
      0,
      1
    ],
    [
      -0.5,
      0.8090169943749475,
      -0.30901699437494745,
      0,
      0.8090169943749475,
      0.30901699437494745,
      -0.5,
      0,
      -0.30901699437494745,
      -0.5,
      -0.8090169943749475,
      0,
      0,
      0,
      0,
      1
    ],
    [
      -0.30901699437494745,
      -0.5,
      -0.8090169943749475,
      0,
      0.5,
      -0.8090169943749475,
      0.30901699437494745,
      0,
      -0.8090169943749475,
      -0.30901699437494745,
      0.5,
      0,
      0,
      0,
      0,
      1
    ]
  ],
  "polygons": true,
  "shapes": {
    "s8677019772321228": {
      "id": "s8677019772321228",
      "name": "ball",
      "vertices": [
        {
          "x": 0.30901700258255005,
          "y": -0.80901700258255,
          "z": 0.6180340051651001
        },
        {
          "x": 0.80901700258255,
          "y": -0.6180340051651001,
          "z": 0.30901700258255005
        },
        {
          "x": 0.6180340051651001,
          "y": -0.30901700258255005,
          "z": 0.80901700258255
        },
        {
          "x": 1,
          "y": 0.30901700258255005,
          "z": 0.19098301231861115
        },
        {
          "x": 0.80901700258255,
          "y": 0.6180340051651001,
          "z": 0.30901700258255005
        },
        {
          "x": 0.6180340051651001,
          "y": 0.30901700258255005,
          "z": 0.80901700258255
        },
        {
          "x": 0.80901700258255,
          "y": 0,
          "z": 0.69098299741745
        },
        {
          "x": 0.19098301231861115,
          "y": -1,
          "z": 0.30901700258255005
        },
        {
          "x": -0.19098301231861115,
          "y": -1,
          "z": 0.30901700258255005
        },
        {
          "x": -0.19098301231861115,
          "y": -1,
          "z": -0.30901700258255005
        },
        {
          "x": 0.19098301231861115,
          "y": -1,
          "z": -0.30901700258255005
        },
        {
          "x": 1,
          "y": -0.30901700258255005,
          "z": -0.19098301231861115
        },
        {
          "x": 0.80901700258255,
          "y": -0.6180340051651001,
          "z": -0.30901700258255005
        },
        {
          "x": 0.6180340051651001,
          "y": -0.30901700258255005,
          "z": -0.80901700258255
        },
        {
          "x": 0.80901700258255,
          "y": 0,
          "z": -0.69098299741745
        },
        {
          "x": 0,
          "y": 0.69098299741745,
          "z": -0.80901700258255
        },
        {
          "x": 0.30901700258255005,
          "y": 0.80901700258255,
          "z": -0.6180340051651001
        },
        {
          "x": 0.6180340051651001,
          "y": 0.30901700258255005,
          "z": -0.80901700258255
        },
        {
          "x": 0.30901700258255005,
          "y": 0.19098301231861115,
          "z": -1
        },
        {
          "x": 1,
          "y": 0.30901700258255005,
          "z": -0.19098301231861115
        },
        {
          "x": -0.30901700258255005,
          "y": -0.80901700258255,
          "z": 0.6180340051651001
        },
        {
          "x": 0,
          "y": -0.69098299741745,
          "z": 0.80901700258255
        },
        {
          "x": 0.80901700258255,
          "y": 0.6180340051651001,
          "z": -0.30901700258255005
        },
        {
          "x": 0.69098299741745,
          "y": 0.80901700258255,
          "z": 0
        },
        {
          "x": -0.69098299741745,
          "y": 0.80901700258255,
          "z": 0
        },
        {
          "x": -0.80901700258255,
          "y": 0.6180340051651001,
          "z": 0.30901700258255005
        },
        {
          "x": -0.30901700258255005,
          "y": 0.80901700258255,
          "z": 0.6180340051651001
        },
        {
          "x": -0.19098301231861115,
          "y": 1,
          "z": 0.30901700258255005
        },
        {
          "x": 0.30901700258255005,
          "y": -0.19098301231861115,
          "z": -1
        },
        {
          "x": 0.19098301231861115,
          "y": 1,
          "z": 0.30901700258255005
        },
        {
          "x": 0.30901700258255005,
          "y": 0.80901700258255,
          "z": 0.6180340051651001
        },
        {
          "x": -0.80901700258255,
          "y": -0.6180340051651001,
          "z": 0.30901700258255005
        },
        {
          "x": -0.69098299741745,
          "y": -0.80901700258255,
          "z": 0
        },
        {
          "x": 0,
          "y": 0.69098299741745,
          "z": 0.80901700258255
        },
        {
          "x": 0.30901700258255005,
          "y": -0.80901700258255,
          "z": -0.6180340051651001
        },
        {
          "x": 0,
          "y": -0.69098299741745,
          "z": -0.80901700258255
        },
        {
          "x": -1,
          "y": 0.30901700258255005,
          "z": 0.19098301231861115
        },
        {
          "x": -0.80901700258255,
          "y": 0,
          "z": 0.69098299741745
        },
        {
          "x": -0.6180340051651001,
          "y": 0.30901700258255005,
          "z": 0.80901700258255
        },
        {
          "x": 1,
          "y": -0.30901700258255005,
          "z": 0.19098301231861115
        },
        {
          "x": -0.30901700258255005,
          "y": -0.80901700258255,
          "z": -0.6180340051651001
        },
        {
          "x": -1,
          "y": 0.30901700258255005,
          "z": -0.19098301231861115
        },
        {
          "x": -1,
          "y": -0.30901700258255005,
          "z": -0.19098301231861115
        },
        {
          "x": -1,
          "y": -0.30901700258255005,
          "z": 0.19098301231861115
        },
        {
          "x": 0.19098301231861115,
          "y": 1,
          "z": -0.30901700258255005
        },
        {
          "x": -0.80901700258255,
          "y": 0.6180340051651001,
          "z": -0.30901700258255005
        },
        {
          "x": -0.19098301231861115,
          "y": 1,
          "z": -0.30901700258255005
        },
        {
          "x": -0.30901700258255005,
          "y": 0.80901700258255,
          "z": -0.6180340051651001
        },
        {
          "x": -0.6180340051651001,
          "y": -0.30901700258255005,
          "z": 0.80901700258255
        },
        {
          "x": 0.30901700258255005,
          "y": 0.19098301231861115,
          "z": 1
        },
        {
          "x": -0.30901700258255005,
          "y": 0.19098301231861115,
          "z": -1
        },
        {
          "x": -0.30901700258255005,
          "y": 0.19098301231861115,
          "z": 1
        },
        {
          "x": -0.30901700258255005,
          "y": -0.19098301231861115,
          "z": 1
        },
        {
          "x": 0.30901700258255005,
          "y": -0.19098301231861115,
          "z": 1
        },
        {
          "x": 0.69098299741745,
          "y": -0.80901700258255,
          "z": 0
        },
        {
          "x": -0.80901700258255,
          "y": 0,
          "z": -0.69098299741745
        },
        {
          "x": -0.6180340051651001,
          "y": -0.30901700258255005,
          "z": -0.80901700258255
        },
        {
          "x": -0.30901700258255005,
          "y": -0.19098301231861115,
          "z": -1
        },
        {
          "x": -0.6180340051651001,
          "y": 0.30901700258255005,
          "z": -0.80901700258255
        },
        {
          "x": -0.80901700258255,
          "y": -0.6180340051651001,
          "z": -0.30901700258255005
        }
      ],
      "faces": [
        {
          "vertices": [
            0,
            1,
            2
          ]
        },
        {
          "vertices": [
            3,
            4,
            5,
            6
          ]
        },
        {
          "vertices": [
            7,
            8,
            9,
            10
          ]
        },
        {
          "vertices": [
            11,
            12,
            13,
            14
          ]
        },
        {
          "vertices": [
            15,
            16,
            17,
            18
          ]
        },
        {
          "vertices": [
            11,
            14,
            19
          ]
        },
        {
          "vertices": [
            0,
            21,
            20,
            8,
            7
          ]
        },
        {
          "vertices": [
            3,
            19,
            22,
            23,
            4
          ]
        },
        {
          "vertices": [
            7,
            10,
            54
          ]
        },
        {
          "vertices": [
            24,
            25,
            26,
            27
          ]
        },
        {
          "vertices": [
            13,
            28,
            18,
            17,
            14
          ]
        },
        {
          "vertices": [
            4,
            23,
            29,
            30
          ]
        },
        {
          "vertices": [
            8,
            20,
            31,
            32
          ]
        },
        {
          "vertices": [
            26,
            33,
            30,
            29,
            27
          ]
        },
        {
          "vertices": [
            13,
            34,
            35,
            28
          ]
        },
        {
          "vertices": [
            10,
            34,
            12,
            54
          ]
        },
        {
          "vertices": [
            25,
            36,
            37,
            38
          ]
        },
        {
          "vertices": [
            3,
            6,
            39
          ]
        },
        {
          "vertices": [
            1,
            39,
            6,
            2
          ]
        },
        {
          "vertices": [
            9,
            40,
            35,
            34,
            10
          ]
        },
        {
          "vertices": [
            36,
            41,
            42,
            43
          ]
        },
        {
          "vertices": [
            24,
            46,
            47,
            45
          ]
        },
        {
          "vertices": [
            23,
            44,
            29
          ]
        },
        {
          "vertices": [
            24,
            45,
            41,
            36,
            25
          ]
        },
        {
          "vertices": [
            20,
            48,
            31
          ]
        },
        {
          "vertices": [
            5,
            30,
            33,
            49
          ]
        },
        {
          "vertices": [
            1,
            54,
            12,
            11,
            39
          ]
        },
        {
          "vertices": [
            15,
            18,
            50
          ]
        },
        {
          "vertices": [
            49,
            51,
            52,
            53
          ]
        },
        {
          "vertices": [
            33,
            51,
            49
          ]
        },
        {
          "vertices": [
            15,
            47,
            46,
            44,
            16
          ]
        },
        {
          "vertices": [
            12,
            34,
            13
          ]
        },
        {
          "vertices": [
            27,
            29,
            44,
            46
          ]
        },
        {
          "vertices": [
            4,
            30,
            5
          ]
        },
        {
          "vertices": [
            2,
            6,
            5,
            49,
            53
          ]
        },
        {
          "vertices": [
            41,
            55,
            42
          ]
        },
        {
          "vertices": [
            35,
            40,
            56,
            57
          ]
        },
        {
          "vertices": [
            18,
            28,
            57,
            50
          ]
        },
        {
          "vertices": [
            50,
            57,
            56,
            55,
            58
          ]
        },
        {
          "vertices": [
            0,
            7,
            54,
            1
          ]
        },
        {
          "vertices": [
            15,
            50,
            58,
            47
          ]
        },
        {
          "vertices": [
            24,
            27,
            46
          ]
        },
        {
          "vertices": [
            21,
            53,
            52
          ]
        },
        {
          "vertices": [
            45,
            47,
            58
          ]
        },
        {
          "vertices": [
            3,
            39,
            11,
            19
          ]
        },
        {
          "vertices": [
            14,
            17,
            22,
            19
          ]
        },
        {
          "vertices": [
            37,
            48,
            52,
            51,
            38
          ]
        },
        {
          "vertices": [
            16,
            44,
            23,
            22
          ]
        },
        {
          "vertices": [
            9,
            32,
            59,
            40
          ]
        },
        {
          "vertices": [
            26,
            38,
            51,
            33
          ]
        },
        {
          "vertices": [
            0,
            2,
            53,
            21
          ]
        },
        {
          "vertices": [
            41,
            45,
            58,
            55
          ]
        },
        {
          "vertices": [
            8,
            32,
            9
          ]
        },
        {
          "vertices": [
            16,
            22,
            17
          ]
        },
        {
          "vertices": [
            28,
            35,
            57
          ]
        },
        {
          "vertices": [
            40,
            59,
            56
          ]
        },
        {
          "vertices": [
            25,
            38,
            26
          ]
        },
        {
          "vertices": [
            20,
            21,
            52,
            48
          ]
        },
        {
          "vertices": [
            42,
            55,
            56,
            59
          ]
        },
        {
          "vertices": [
            31,
            48,
            37,
            43
          ]
        },
        {
          "vertices": [
            31,
            43,
            42,
            59,
            32
          ]
        },
        {
          "vertices": [
            36,
            43,
            37
          ]
        }
      ]
    },
    "s43752552673305956": {
      "id": "s43752552673305956",
      "orbit": "[[0,0,1],[0,0,1]]",
      "length": "[-3,2,1]",
      "vertices": [
        {
          "x": 1,
          "y": 0.30901700258255005,
          "z": 0.19098301231861115
        },
        {
          "x": 1,
          "y": 0.30901700258255005,
          "z": -0.19098301231861115
        },
        {
          "x": 1,
          "y": 0.30901700258255005,
          "z": -0.19098301231861115
        },
        {
          "x": 1,
          "y": 0.30901700258255005,
          "z": 0.19098301231861115
        },
        {
          "x": 1,
          "y": -0.30901700258255005,
          "z": 0.19098301231861115
        },
        {
          "x": 1,
          "y": -0.30901700258255005,
          "z": 0.19098301231861115
        },
        {
          "x": 1,
          "y": -0.30901700258255005,
          "z": -0.19098301231861115
        },
        {
          "x": 1,
          "y": -0.30901700258255005,
          "z": -0.19098301231861115
        },
        {
          "x": 2,
          "y": 0,
          "z": 0
        }
      ],
      "faces": [
        {
          "vertices": [
            0,
            1,
            2,
            3
          ]
        },
        {
          "vertices": [
            4,
            5,
            6,
            7
          ]
        },
        {
          "vertices": [
            0,
            3,
            5,
            4
          ]
        },
        {
          "vertices": [
            1,
            7,
            6,
            2
          ]
        }
      ]
    },
    "s11609012597472246": {
      "id": "s11609012597472246",
      "orbit": "[[0,0,1],[0,0,1]]",
      "length": "[1,1,1]",
      "vertices": [
        {
          "x": 21.180339813232422,
          "y": 0.30901700258255005,
          "z": 0.19098301231861115
        },
        {
          "x": 21.180339813232422,
          "y": 0.30901700258255005,
          "z": -0.19098301231861115
        },
        {
          "x": 1,
          "y": 0.30901700258255005,
          "z": -0.19098301231861115
        },
        {
          "x": 1,
          "y": 0.30901700258255005,
          "z": 0.19098301231861115
        },
        {
          "x": 21.180339813232422,
          "y": -0.30901700258255005,
          "z": 0.19098301231861115
        },
        {
          "x": 1,
          "y": -0.30901700258255005,
          "z": 0.19098301231861115
        },
        {
          "x": 1,
          "y": -0.30901700258255005,
          "z": -0.19098301231861115
        },
        {
          "x": 21.180339813232422,
          "y": -0.30901700258255005,
          "z": -0.19098301231861115
        },
        {
          "x": 22.180339813232422,
          "y": 0,
          "z": 0
        }
      ],
      "faces": [
        {
          "vertices": [
            0,
            1,
            2,
            3
          ]
        },
        {
          "vertices": [
            4,
            5,
            6,
            7
          ]
        },
        {
          "vertices": [
            0,
            3,
            5,
            4
          ]
        },
        {
          "vertices": [
            1,
            7,
            6,
            2
          ]
        }
      ]
    },
    "s349584822449712": {
      "id": "s349584822449712",
      "orbit": "[[0,0,1],[0,0,1]]",
      "length": "[2,2,1]",
      "vertices": [
        {
          "x": 43.360679626464844,
          "y": 0.30901700258255005,
          "z": 0.19098301231861115
        },
        {
          "x": 43.360679626464844,
          "y": 0.30901700258255005,
          "z": -0.19098301231861115
        },
        {
          "x": 1,
          "y": 0.30901700258255005,
          "z": -0.19098301231861115
        },
        {
          "x": 1,
          "y": 0.30901700258255005,
          "z": 0.19098301231861115
        },
        {
          "x": 43.360679626464844,
          "y": -0.30901700258255005,
          "z": 0.19098301231861115
        },
        {
          "x": 1,
          "y": -0.30901700258255005,
          "z": 0.19098301231861115
        },
        {
          "x": 1,
          "y": -0.30901700258255005,
          "z": -0.19098301231861115
        },
        {
          "x": 43.360679626464844,
          "y": -0.30901700258255005,
          "z": -0.19098301231861115
        },
        {
          "x": 44.360679626464844,
          "y": 0,
          "z": 0
        }
      ],
      "faces": [
        {
          "vertices": [
            0,
            1,
            2,
            3
          ]
        },
        {
          "vertices": [
            4,
            5,
            6,
            7
          ]
        },
        {
          "vertices": [
            0,
            3,
            5,
            4
          ]
        },
        {
          "vertices": [
            1,
            7,
            6,
            2
          ]
        }
      ]
    },
    "s4705047776213873": {
      "id": "s4705047776213873",
      "vertices": [
        {
          "x": 0,
          "y": 0,
          "z": 0
        },
        {
          "x": -0.04508497193455696,
          "y": 0.07294901460409164,
          "z": -0.027864044532179832
        },
        {
          "x": -0.01722092740237713,
          "y": 0.027864044532179832,
          "z": 0.04508497193455696
        }
      ],
      "faces": [
        {
          "vertices": [
            0,
            1,
            2
          ]
        },
        {
          "vertices": [
            0,
            2,
            1
          ]
        }
      ]
    },
    "s19331265197285186": {
      "id": "s19331265197285186",
      "vertices": [
        {
          "x": 0,
          "y": 0,
          "z": 0
        },
        {
          "x": -0.01722092740237713,
          "y": 0.027864044532179832,
          "z": -0.04508497193455696
        },
        {
          "x": -0.01722092740237713,
          "y": 0.21884705126285553,
          "z": 0.07294901460409164
        }
      ],
      "faces": [
        {
          "vertices": [
            0,
            1,
            2
          ]
        },
        {
          "vertices": [
            0,
            2,
            1
          ]
        }
      ]
    },
    "s23577093569565788": {
      "id": "s23577093569565788",
      "vertices": [
        {
          "x": 0,
          "y": 0,
          "z": 0
        },
        {
          "x": -0.06230589747428894,
          "y": 0.10081306099891663,
          "z": -0.16311895847320557
        },
        {
          "x": -0.04508497193455696,
          "y": 0.07294901460409164,
          "z": -0.027864044532179832
        }
      ],
      "faces": [
        {
          "vertices": [
            0,
            1,
            2
          ]
        },
        {
          "vertices": [
            0,
            2,
            1
          ]
        }
      ]
    },
    "s4161220844425657": {
      "id": "s4161220844425657",
      "vertices": [
        {
          "x": 0,
          "y": 0,
          "z": 0
        },
        {
          "x": 0.06230589747428894,
          "y": -0.10081306099891663,
          "z": 0.16311895847320557
        },
        {
          "x": 0.06230589747428894,
          "y": 0.05166278034448624,
          "z": 0.055728089064359665
        }
      ],
      "faces": [
        {
          "vertices": [
            0,
            1,
            2
          ]
        },
        {
          "vertices": [
            0,
            2,
            1
          ]
        }
      ]
    },
    "s07162735800060749": {
      "id": "s07162735800060749",
      "vertices": [
        {
          "x": 0,
          "y": 0,
          "z": 0
        },
        {
          "x": 0,
          "y": -0.15247584879398346,
          "z": 0.1073908731341362
        },
        {
          "x": 0.03444185480475426,
          "y": -0.03444185480475426,
          "z": 0.03444185480475426
        }
      ],
      "faces": [
        {
          "vertices": [
            0,
            1,
            2
          ]
        },
        {
          "vertices": [
            0,
            2,
            1
          ]
        }
      ]
    },
    "s01722367313331974": {
      "id": "s01722367313331974",
      "vertices": [
        {
          "x": 0,
          "y": 0,
          "z": 0
        },
        {
          "x": 0,
          "y": 0.021286236122250557,
          "z": -0.055728089064359665
        },
        {
          "x": -0.06230589747428894,
          "y": -0.05166278034448624,
          "z": -0.055728089064359665
        }
      ],
      "faces": [
        {
          "vertices": [
            0,
            1,
            2
          ]
        },
        {
          "vertices": [
            0,
            2,
            1
          ]
        }
      ]
    },
    "s5442998093790743": {
      "id": "s5442998093790743",
      "vertices": [
        {
          "x": 0,
          "y": 0,
          "z": 0
        },
        {
          "x": 0,
          "y": -0.021286236122250557,
          "z": -0.055728089064359665
        },
        {
          "x": -0.01722092740237713,
          "y": 0.03444185480475426,
          "z": -0.027864044532179832
        }
      ],
      "faces": [
        {
          "vertices": [
            0,
            1,
            2
          ]
        },
        {
          "vertices": [
            0,
            2,
            1
          ]
        }
      ]
    },
    "s6609101612368617": {
      "id": "s6609101612368617",
