{
  "field" : "snubDodec",
  "symmetry" : "icosahedral",
  "orientations" : [ [ 1.0, 0.0, 0.0, 0.0, 0.0, 1.0, 0.0, 0.0, 0.0, 0.0, 1.0, 0.0, 0.0, 0.0, 0.0, 1.0 ], [ 0.0, 0.0, 1.0, 0.0, 1.0, 0.0, 0.0, 0.0, 0.0, 1.0, 0.0, 0.0, 0.0, 0.0, 0.0, 1.0 ], [ 0.0, 1.0, 0.0, 0.0, 0.0, 0.0, 1.0, 0.0, 1.0, 0.0, 0.0, 0.0, 0.0, 0.0, 0.0, 1.0 ], [ 0.809017, 0.309017, 0.5, 0.0, 0.309017, 0.5, -0.809017, 0.0, -0.5, 0.809017, 0.309017, 0.0, 0.0, 0.0, 0.0, 1.0 ], [ -0.5, 0.809017, 0.309017, 0.0, 0.809017, 0.309017, 0.5, 0.0, 0.309017, 0.5, -0.809017, 0.0, 0.0, 0.0, 0.0, 1.0 ], [ 0.309017, 0.5, -0.809017, 0.0, -0.5, 0.809017, 0.309017, 0.0, 0.809017, 0.309017, 0.5, 0.0, 0.0, 0.0, 0.0, 1.0 ], [ 0.5, 0.809017, 0.309017, 0.0, 0.809017, -0.309017, -0.5, 0.0, -0.309017, 0.5, -0.809017, 0.0, 0.0, 0.0, 0.0, 1.0 ], [ -0.309017, 0.5, -0.809017, 0.0, 0.5, 0.809017, 0.309017, 0.0, 0.809017, -0.309017, -0.5, 0.0, 0.0, 0.0, 0.0, 1.0 ], [ 0.809017, -0.309017, -0.5, 0.0, -0.309017, 0.5, -0.809017, 0.0, 0.5, 0.809017, 0.309017, 0.0, 0.0, 0.0, 0.0, 1.0 ], [ 0.5, 0.809017, -0.309017, 0.0, 0.809017, -0.309017, 0.5, 0.0, 0.309017, -0.5, -0.809017, 0.0, 0.0, 0.0, 0.0, 1.0 ], [ 0.309017, -0.5, -0.809017, 0.0, 0.5, 0.809017, -0.309017, 0.0, 0.809017, -0.309017, 0.5, 0.0, 0.0, 0.0, 0.0, 1.0 ], [ 0.809017, -0.309017, 0.5, 0.0, 0.309017, -0.5, -0.809017, 0.0, 0.5, 0.809017, -0.309017, 0.0, 0.0, 0.0, 0.0, 1.0 ], [ 0.809017, 0.309017, -0.5, 0.0, 0.309017, 0.5, 0.809017, 0.0, 0.5, -0.809017, 0.309017, 0.0, 0.0, 0.0, 0.0, 1.0 ], [ 0.5, -0.809017, 0.309017, 0.0, 0.809017, 0.309017, -0.5, 0.0, 0.309017, 0.5, 0.809017, 0.0, 0.0, 0.0, 0.0, 1.0 ], [ 0.309017, 0.5, 0.809017, 0.0, 0.5, -0.809017, 0.309017, 0.0, 0.809017, 0.309017, -0.5, 0.0, 0.0, 0.0, 0.0, 1.0 ], [ 1.0, 0.0, 0.0, 0.0, 0.0, -1.0, 0.0, 0.0, 0.0, 0.0, -1.0, 0.0, 0.0, 0.0, 0.0, 1.0 ], [ 0.0, 0.0, 1.0, 0.0, -1.0, 0.0, 0.0, 0.0, 0.0, -1.0, 0.0, 0.0, 0.0, 0.0, 0.0, 1.0 ], [ 0.0, 1.0, 0.0, 0.0, 0.0, 0.0, -1.0, 0.0, -1.0, 0.0, 0.0, 0.0, 0.0, 0.0, 0.0, 1.0 ], [ 0.809017, 0.309017, 0.5, 0.0, -0.309017, -0.5, 0.809017, 0.0, 0.5, -0.809017, -0.309017, 0.0, 0.0, 0.0, 0.0, 1.0 ], [ -0.5, 0.809017, 0.309017, 0.0, -0.809017, -0.309017, -0.5, 0.0, -0.309017, -0.5, 0.809017, 0.0, 0.0, 0.0, 0.0, 1.0 ], [ 0.309017, 0.5, -0.809017, 0.0, 0.5, -0.809017, -0.309017, 0.0, -0.809017, -0.309017, -0.5, 0.0, 0.0, 0.0, 0.0, 1.0 ], [ 0.5, 0.809017, 0.309017, 0.0, -0.809017, 0.309017, 0.5, 0.0, 0.309017, -0.5, 0.809017, 0.0, 0.0, 0.0, 0.0, 1.0 ], [ -0.309017, 0.5, -0.809017, 0.0, -0.5, -0.809017, -0.309017, 0.0, -0.809017, 0.309017, 0.5, 0.0, 0.0, 0.0, 0.0, 1.0 ], [ 0.809017, -0.309017, -0.5, 0.0, 0.309017, -0.5, 0.809017, 0.0, -0.5, -0.809017, -0.309017, 0.0, 0.0, 0.0, 0.0, 1.0 ], [ 0.5, 0.809017, -0.309017, 0.0, -0.809017, 0.309017, -0.5, 0.0, -0.309017, 0.5, 0.809017, 0.0, 0.0, 0.0, 0.0, 1.0 ], [ 0.309017, -0.5, -0.809017, 0.0, -0.5, -0.809017, 0.309017, 0.0, -0.809017, 0.309017, -0.5, 0.0, 0.0, 0.0, 0.0, 1.0 ], [ 0.809017, -0.309017, 0.5, 0.0, -0.309017, 0.5, 0.809017, 0.0, -0.5, -0.809017, 0.309017, 0.0, 0.0, 0.0, 0.0, 1.0 ], [ 0.809017, 0.309017, -0.5, 0.0, -0.309017, -0.5, -0.809017, 0.0, -0.5, 0.809017, -0.309017, 0.0, 0.0, 0.0, 0.0, 1.0 ], [ 0.5, -0.809017, 0.309017, 0.0, -0.809017, -0.309017, 0.5, 0.0, -0.309017, -0.5, -0.809017, 0.0, 0.0, 0.0, 0.0, 1.0 ], [ 0.309017, 0.5, 0.809017, 0.0, -0.5, 0.809017, -0.309017, 0.0, -0.809017, -0.309017, 0.5, 0.0, 0.0, 0.0, 0.0, 1.0 ], [ -1.0, 0.0, 0.0, 0.0, 0.0, -1.0, 0.0, 0.0, 0.0, 0.0, 1.0, 0.0, 0.0, 0.0, 0.0, 1.0 ], [ 0.0, 0.0, -1.0, 0.0, -1.0, 0.0, 0.0, 0.0, 0.0, 1.0, 0.0, 0.0, 0.0, 0.0, 0.0, 1.0 ], [ 0.0, -1.0, 0.0, 0.0, 0.0, 0.0, -1.0, 0.0, 1.0, 0.0, 0.0, 0.0, 0.0, 0.0, 0.0, 1.0 ], [ -0.809017, -0.309017, -0.5, 0.0, -0.309017, -0.5, 0.809017, 0.0, -0.5, 0.809017, 0.309017, 0.0, 0.0, 0.0, 0.0, 1.0 ], [ 0.5, -0.809017, -0.309017, 0.0, -0.809017, -0.309017, -0.5, 0.0, 0.309017, 0.5, -0.809017, 0.0, 0.0, 0.0, 0.0, 1.0 ], [ -0.309017, -0.5, 0.809017, 0.0, 0.5, -0.809017, -0.309017, 0.0, 0.809017, 0.309017, 0.5, 0.0, 0.0, 0.0, 0.0, 1.0 ], [ -0.5, -0.809017, -0.309017, 0.0, -0.809017, 0.309017, 0.5, 0.0, -0.309017, 0.5, -0.809017, 0.0, 0.0, 0.0, 0.0, 1.0 ], [ 0.309017, -0.5, 0.809017, 0.0, -0.5, -0.809017, -0.309017, 0.0, 0.809017, -0.309017, -0.5, 0.0, 0.0, 0.0, 0.0, 1.0 ], [ -0.809017, 0.309017, 0.5, 0.0, 0.309017, -0.5, 0.809017, 0.0, 0.5, 0.809017, 0.309017, 0.0, 0.0, 0.0, 0.0, 1.0 ], [ -0.5, -0.809017, 0.309017, 0.0, -0.809017, 0.309017, -0.5, 0.0, 0.309017, -0.5, -0.809017, 0.0, 0.0, 0.0, 0.0, 1.0 ], [ -0.309017, 0.5, 0.809017, 0.0, -0.5, -0.809017, 0.309017, 0.0, 0.809017, -0.309017, 0.5, 0.0, 0.0, 0.0, 0.0, 1.0 ], [ -0.809017, 0.309017, -0.5, 0.0, -0.309017, 0.5, 0.809017, 0.0, 0.5, 0.809017, -0.309017, 0.0, 0.0, 0.0, 0.0, 1.0 ], [ -0.809017, -0.309017, 0.5, 0.0, -0.309017, -0.5, -0.809017, 0.0, 0.5, -0.809017, 0.309017, 0.0, 0.0, 0.0, 0.0, 1.0 ], [ -0.5, 0.809017, -0.309017, 0.0, -0.809017, -0.309017, 0.5, 0.0, 0.309017, 0.5, 0.809017, 0.0, 0.0, 0.0, 0.0, 1.0 ], [ -0.309017, -0.5, -0.809017, 0.0, -0.5, 0.809017, -0.309017, 0.0, 0.809017, 0.309017, -0.5, 0.0, 0.0, 0.0, 0.0, 1.0 ], [ -1.0, 0.0, 0.0, 0.0, 0.0, 1.0, 0.0, 0.0, 0.0, 0.0, -1.0, 0.0, 0.0, 0.0, 0.0, 1.0 ], [ 0.0, 0.0, -1.0, 0.0, 1.0, 0.0, 0.0, 0.0, 0.0, -1.0, 0.0, 0.0, 0.0, 0.0, 0.0, 1.0 ], [ 0.0, -1.0, 0.0, 0.0, 0.0, 0.0, 1.0, 0.0, -1.0, 0.0, 0.0, 0.0, 0.0, 0.0, 0.0, 1.0 ], [ -0.809017, -0.309017, -0.5, 0.0, 0.309017, 0.5, -0.809017, 0.0, 0.5, -0.809017, -0.309017, 0.0, 0.0, 0.0, 0.0, 1.0 ], [ 0.5, -0.809017, -0.309017, 0.0, 0.809017, 0.309017, 0.5, 0.0, -0.309017, -0.5, 0.809017, 0.0, 0.0, 0.0, 0.0, 1.0 ], [ -0.309017, -0.5, 0.809017, 0.0, -0.5, 0.809017, 0.309017, 0.0, -0.809017, -0.309017, -0.5, 0.0, 0.0, 0.0, 0.0, 1.0 ], [ -0.5, -0.809017, -0.309017, 0.0, 0.809017, -0.309017, -0.5, 0.0, 0.309017, -0.5, 0.809017, 0.0, 0.0, 0.0, 0.0, 1.0 ], [ 0.309017, -0.5, 0.809017, 0.0, 0.5, 0.809017, 0.309017, 0.0, -0.809017, 0.309017, 0.5, 0.0, 0.0, 0.0, 0.0, 1.0 ], [ -0.809017, 0.309017, 0.5, 0.0, -0.309017, 0.5, -0.809017, 0.0, -0.5, -0.809017, -0.309017, 0.0, 0.0, 0.0, 0.0, 1.0 ], [ -0.5, -0.809017, 0.309017, 0.0, 0.809017, -0.309017, 0.5, 0.0, -0.309017, 0.5, 0.809017, 0.0, 0.0, 0.0, 0.0, 1.0 ], [ -0.309017, 0.5, 0.809017, 0.0, 0.5, 0.809017, -0.309017, 0.0, -0.809017, 0.309017, -0.5, 0.0, 0.0, 0.0, 0.0, 1.0 ], [ -0.809017, 0.309017, -0.5, 0.0, 0.309017, -0.5, -0.809017, 0.0, -0.5, -0.809017, 0.309017, 0.0, 0.0, 0.0, 0.0, 1.0 ], [ -0.809017, -0.309017, 0.5, 0.0, 0.309017, 0.5, 0.809017, 0.0, -0.5, 0.809017, -0.309017, 0.0, 0.0, 0.0, 0.0, 1.0 ], [ -0.5, 0.809017, -0.309017, 0.0, 0.809017, 0.309017, -0.5, 0.0, -0.309017, -0.5, -0.809017, 0.0, 0.0, 0.0, 0.0, 1.0 ], [ -0.309017, -0.5, -0.809017, 0.0, 0.5, -0.809017, 0.309017, 0.0, -0.809017, -0.309017, 0.5, 0.0, 0.0, 0.0, 0.0, 1.0 ] ],
  "lights" : {
    "backgroundColor" : "#AFC8DC",
    "ambientColor" : "#292929",
    "directionalLights" : [ {
      "direction" : {
        "x" : 1.0,
        "y" : -1.0,
        "z" : -1.0
      },
      "color" : "#EBEBE4"
    }, {
      "direction" : {
        "x" : -1.0,
        "y" : 0.0,
        "z" : 0.0
      },
      "color" : "#E4E4EB"
    }, {
      "direction" : {
        "x" : 0.0,
        "y" : 0.0,
        "z" : -1.0
      },
      "color" : "#1E1E1E"
    } ]
  },
  "camera" : {
    "lookDirection" : {
      "x" : 0.5257311,
      "y" : 0.0,
      "z" : -0.8506508
    },
    "upDirection" : {
      "x" : -0.18925557,
      "y" : 0.9749364,
      "z" : -0.116966374
    },
    "lookAtPoint" : {
      "x" : 0.0,
      "y" : 0.0,
      "z" : 0.0
    },
    "perspective" : true,
    "viewDistance" : 175.71783,
    "nearClipDistance" : 0.43929455,
    "farClipDistance" : 351.43564,
    "fieldOfView" : 0.4426287,
    "width" : 79.07299,
    "stereo" : false,
    "position" : {
      "x" : -92.380325,
      "y" : 0.0,
      "z" : 149.47452
    }
  },
  "embedding" : [ 1.0, 0.0, 0.0, 0.0, 0.0, 1.0, 0.0, 0.0, 0.0, 0.0, 1.0, 0.0, 0.0, 0.0, 0.0, 1.0 ],
  "shapes" : [ {
    "id" : "6097ddeb-fb92-4072-a5c2-33b267f0ff72",
    "vertices" : [ {
      "x" : -0.072386645,
      "y" : -1.5919402,
      "z" : -1.1643268
    }, {
      "x" : -0.19098301,
      "y" : -1.0,
      "z" : -0.309017
    }, {
      "x" : -0.38140365,
      "y" : -1.0919402,
      "z" : -1.3553097
    }, {
      "x" : -0.35843801,
      "y" : -5.661686,
      "z" : -5.90209
    }, {
      "x" : 0.022965636,
      "y" : -5.260729,
      "z" : -5.3557973
    }, {
      "x" : -0.28605136,
      "y" : -4.760729,
      "z" : -5.54678
    }, {
      "x" : -0.072386645,
      "y" : -0.97390616,
      "z" : -1.5462928
    }, {
      "x" : 0.23663035,
      "y" : -1.4739062,
      "z" : -1.3553097
    }, {
      "x" : -0.049421012,
      "y" : -5.543652,
      "z" : -6.093073
    }, {
      "x" : -0.28605136,
      "y" : -5.3787627,
      "z" : -5.164814
    }, {
      "x" : -0.549421,
      "y" : -5.352669,
      "z" : -6.40209
    }, {
      "x" : -0.59506834,
      "y" : -4.8787627,
      "z" : -5.3557973
    }, {
      "x" : 0.309017,
      "y" : -0.809017,
      "z" : -0.618034
    }, {
      "x" : 0.19098301,
      "y" : -1.0,
      "z" : -0.309017
    }, {
      "x" : -0.35843801,
      "y" : -6.352669,
      "z" : -6.711107
    }, {
      "x" : -0.667455,
      "y" : -5.543652,
      "z" : -6.093073
    }, {
      "x" : -0.167455,
      "y" : -5.352669,
      "z" : -6.40209
    }, {
      "x" : -0.309017,
      "y" : -0.809017,
      "z" : -0.618034
    }, {
      "x" : 0.0,
      "y" : -0.690983,
      "z" : -0.809017
    } ],
    "faces" : [ {
      "vertices" : [ 7, 12, 13 ]
    }, {
      "vertices" : [ 0, 1, 2 ]
    }, {
      "vertices" : [ 9, 11, 15 ]
    }, {
      "vertices" : [ 6, 18, 12 ]
    }, {
      "vertices" : [ 10, 15, 11 ]
    }, {
      "vertices" : [ 2, 17, 18 ]
    }, {
      "vertices" : [ 2, 18, 6 ]
    }, {
      "vertices" : [ 0, 13, 1 ]
    }, {
      "vertices" : [ 0, 7, 13 ]
    }, {
      "vertices" : [ 1, 17, 2 ]
    }, {
      "vertices" : [ 0, 9, 4 ]
    }, {
      "vertices" : [ 0, 4, 7 ]
    }, {
      "vertices" : [ 4, 5, 6 ]
    }, {
      "vertices" : [ 4, 6, 7 ]
    }, {
      "vertices" : [ 0, 2, 11 ]
    }, {
      "vertices" : [ 0, 11, 9 ]
    }, {
      "vertices" : [ 3, 8, 4 ]
    }, {
      "vertices" : [ 3, 4, 9 ]
    }, {
      "vertices" : [ 2, 6, 5 ]
    }, {
      "vertices" : [ 2, 5, 11 ]
    }, {
      "vertices" : [ 6, 12, 7 ]
    }, {
      "vertices" : [ 4, 16, 5 ]
    }, {
      "vertices" : [ 5, 10, 11 ]
    }, {
      "vertices" : [ 3, 9, 15 ]
    }, {
      "vertices" : [ 4, 8, 16 ]
    }, {
      "vertices" : [ 5, 16, 10 ]
    } ]
  }, {
    "id" : "1f3f5b39-4441-4008-9a48-8e52f3ac8096",
    "vertices" : [ {
      "x" : 0.309017,
      "y" : -0.809017,
      "z" : 0.618034
    }, {
      "x" : 0.809017,
      "y" : -0.618034,
      "z" : 0.309017
    }, {
      "x" : 0.618034,
      "y" : -0.309017,
      "z" : 0.809017
    }, {
      "x" : 1.0,
      "y" : 0.309017,
      "z" : 0.19098301
    }, {
      "x" : 0.809017,
      "y" : 0.618034,
      "z" : 0.309017
    }, {
      "x" : 0.618034,
      "y" : 0.309017,
      "z" : 0.809017
    }, {
      "x" : 0.809017,
      "y" : 0.0,
      "z" : 0.690983
    }, {
      "x" : 0.19098301,
      "y" : -1.0,
      "z" : 0.309017
    }, {
      "x" : -0.19098301,
      "y" : -1.0,
      "z" : 0.309017
    }, {
      "x" : -0.19098301,
      "y" : -1.0,
      "z" : -0.309017
    }, {
      "x" : 0.19098301,
      "y" : -1.0,
      "z" : -0.309017
    }, {
      "x" : 1.0,
      "y" : -0.309017,
      "z" : -0.19098301
    }, {
      "x" : 0.809017,
      "y" : -0.618034,
      "z" : -0.309017
    }, {
      "x" : 0.618034,
      "y" : -0.309017,
      "z" : -0.809017
    }, {
      "x" : 0.809017,
      "y" : 0.0,
      "z" : -0.690983
    }, {
      "x" : 0.0,
      "y" : 0.690983,
      "z" : -0.809017
    }, {
      "x" : 0.309017,
      "y" : 0.809017,
      "z" : -0.618034
    }, {
      "x" : 0.618034,
      "y" : 0.309017,
      "z" : -0.809017
    }, {
      "x" : 0.309017,
      "y" : 0.19098301,
      "z" : -1.0
    }, {
      "x" : 1.0,
      "y" : 0.309017,
      "z" : -0.19098301
    }, {
      "x" : -0.309017,
      "y" : -0.809017,
      "z" : 0.618034
    }, {
      "x" : 0.0,
      "y" : -0.690983,
      "z" : 0.809017
    }, {
      "x" : 0.809017,
      "y" : 0.618034,
      "z" : -0.309017
    }, {
      "x" : 0.690983,
      "y" : 0.809017,
      "z" : 0.0
    }, {
      "x" : -0.690983,
      "y" : 0.809017,
      "z" : 0.0
    }, {
      "x" : -0.809017,
      "y" : 0.618034,
      "z" : 0.309017
    }, {
      "x" : -0.309017,
      "y" : 0.809017,
      "z" : 0.618034
    }, {
      "x" : -0.19098301,
      "y" : 1.0,
      "z" : 0.309017
    }, {
      "x" : 0.309017,
      "y" : -0.19098301,
      "z" : -1.0
    }, {
      "x" : 0.19098301,
      "y" : 1.0,
      "z" : 0.309017
    }, {
      "x" : 0.309017,
      "y" : 0.809017,
      "z" : 0.618034
    }, {
      "x" : -0.809017,
      "y" : -0.618034,
      "z" : 0.309017
    }, {
      "x" : -0.690983,
      "y" : -0.809017,
      "z" : 0.0
    }, {
      "x" : 0.0,
      "y" : 0.690983,
      "z" : 0.809017
    }, {
      "x" : 0.309017,
      "y" : -0.809017,
      "z" : -0.618034
    }, {
      "x" : 0.0,
      "y" : -0.690983,
      "z" : -0.809017
    }, {
      "x" : -1.0,
      "y" : 0.309017,
      "z" : 0.19098301
    }, {
      "x" : -0.809017,
      "y" : 0.0,
      "z" : 0.690983
    }, {
      "x" : -0.618034,
      "y" : 0.309017,
      "z" : 0.809017
    }, {
      "x" : 1.0,
      "y" : -0.309017,
      "z" : 0.19098301
    }, {
      "x" : -0.309017,
      "y" : -0.809017,
      "z" : -0.618034
    }, {
      "x" : -1.0,
      "y" : 0.309017,
      "z" : -0.19098301
    }, {
      "x" : -1.0,
      "y" : -0.309017,
      "z" : -0.19098301
    }, {
      "x" : -1.0,
      "y" : -0.309017,
      "z" : 0.19098301
    }, {
      "x" : 0.19098301,
      "y" : 1.0,
      "z" : -0.309017
    }, {
      "x" : -0.809017,
      "y" : 0.618034,
      "z" : -0.309017
    }, {
      "x" : -0.19098301,
      "y" : 1.0,
      "z" : -0.309017
    }, {
      "x" : -0.309017,
      "y" : 0.809017,
      "z" : -0.618034
    }, {
      "x" : -0.618034,
      "y" : -0.309017,
      "z" : 0.809017
    }, {
      "x" : 0.309017,
      "y" : 0.19098301,
      "z" : 1.0
    }, {
      "x" : -0.309017,
      "y" : 0.19098301,
      "z" : -1.0
    }, {
      "x" : -0.309017,
      "y" : 0.19098301,
      "z" : 1.0
    }, {
      "x" : -0.309017,
      "y" : -0.19098301,
      "z" : 1.0
    }, {
      "x" : 0.309017,
      "y" : -0.19098301,
      "z" : 1.0
    }, {
      "x" : 0.690983,
      "y" : -0.809017,
      "z" : 0.0
    }, {
      "x" : -0.809017,
      "y" : 0.0,
      "z" : -0.690983
    }, {
      "x" : -0.618034,
      "y" : -0.309017,
      "z" : -0.809017
    }, {
      "x" : -0.309017,
      "y" : -0.19098301,
      "z" : -1.0
    }, {
      "x" : -0.618034,
      "y" : 0.309017,
      "z" : -0.809017
    }, {
      "x" : -0.809017,
      "y" : -0.618034,
      "z" : -0.309017
    } ],
    "faces" : [ {
      "vertices" : [ 9, 40, 35 ]
    }, {
      "vertices" : [ 9, 35, 34 ]
    }, {
      "vertices" : [ 9, 34, 10 ]
    }, {
      "vertices" : [ 0, 1, 2 ]
    }, {
      "vertices" : [ 33, 51, 49 ]
    }, {
      "vertices" : [ 25, 36, 37 ]
    }, {
      "vertices" : [ 25, 37, 38 ]
    }, {
      "vertices" : [ 41, 55, 42 ]
    }, {
      "vertices" : [ 9, 32, 59 ]
    }, {
      "vertices" : [ 9, 59, 40 ]
    }, {
      "vertices" : [ 20, 21, 52 ]
    }, {
      "vertices" : [ 20, 52, 48 ]
    }, {
      "vertices" : [ 26, 33, 30 ]
    }, {
      "vertices" : [ 26, 30, 29 ]
    }, {
      "vertices" : [ 26, 29, 27 ]
    }, {
      "vertices" : [ 3, 4, 5 ]
    }, {
      "vertices" : [ 3, 5, 6 ]
    }, {
      "vertices" : [ 27, 29, 44 ]
    }, {
      "vertices" : [ 27, 44, 46 ]
    }, {
      "vertices" : [ 50, 57, 56 ]
    }, {
      "vertices" : [ 50, 56, 55 ]
    }, {
      "vertices" : [ 50, 55, 58 ]
    }, {
      "vertices" : [ 26, 38, 51 ]
    }, {
      "vertices" : [ 26, 51, 33 ]
    }, {
      "vertices" : [ 45, 47, 58 ]
    }, {
      "vertices" : [ 18, 28, 57 ]
    }, {
      "vertices" : [ 18, 57, 50 ]
    }, {
      "vertices" : [ 40, 59, 56 ]
    }, {
      "vertices" : [ 31, 48, 37 ]
    }, {
      "vertices" : [ 31, 37, 43 ]
    }, {
      "vertices" : [ 7, 8, 9 ]
    }, {
      "vertices" : [ 7, 9, 10 ]
    }, {
      "vertices" : [ 36, 41, 42 ]
    }, {
      "vertices" : [ 36, 42, 43 ]
    }, {
      "vertices" : [ 24, 46, 47 ]
    }, {
      "vertices" : [ 24, 47, 45 ]
    }, {
      "vertices" : [ 4, 30, 5 ]
    }, {
      "vertices" : [ 15, 47, 46 ]
    }, {
      "vertices" : [ 15, 46, 44 ]
    }, {
      "vertices" : [ 15, 44, 16 ]
    }, {
      "vertices" : [ 15, 50, 58 ]
    }, {
      "vertices" : [ 15, 58, 47 ]
    }, {
      "vertices" : [ 24, 45, 41 ]
    }, {
      "vertices" : [ 24, 41, 36 ]
    }, {
      "vertices" : [ 24, 36, 25 ]
    }, {
      "vertices" : [ 11, 14, 19 ]
    }, {
      "vertices" : [ 3, 6, 39 ]
    }, {
      "vertices" : [ 1, 39, 6 ]
    }, {
      "vertices" : [ 1, 6, 2 ]
    }, {
      "vertices" : [ 8, 32, 9 ]
    }, {
      "vertices" : [ 11, 12, 13 ]
    }, {
      "vertices" : [ 11, 13, 14 ]
    }, {
      "vertices" : [ 16, 22, 17 ]
    }, {
      "vertices" : [ 0, 21, 20 ]
    }, {
      "vertices" : [ 0, 20, 8 ]
    }, {
      "vertices" : [ 0, 8, 7 ]
    }, {
      "vertices" : [ 12, 34, 13 ]
    }, {
      "vertices" : [ 35, 40, 56 ]
    }, {
      "vertices" : [ 35, 56, 57 ]
    }, {
      "vertices" : [ 0, 7, 54 ]
    }, {
      "vertices" : [ 0, 54, 1 ]
    }, {
      "vertices" : [ 15, 16, 17 ]
    }, {
      "vertices" : [ 15, 17, 18 ]
    }, {
      "vertices" : [ 3, 19, 22 ]
    }, {
      "vertices" : [ 3, 22, 23 ]
    }, {
      "vertices" : [ 3, 23, 4 ]
    }, {
      "vertices" : [ 7, 10, 54 ]
    }, {
      "vertices" : [ 41, 45, 58 ]
    }, {
      "vertices" : [ 41, 58, 55 ]
    }, {
      "vertices" : [ 3, 39, 11 ]
    }, {
      "vertices" : [ 3, 11, 19 ]
    }, {
      "vertices" : [ 14, 17, 22 ]
    }, {
      "vertices" : [ 14, 22, 19 ]
    }, {
      "vertices" : [ 0, 2, 53 ]
    }, {
      "vertices" : [ 0, 53, 21 ]
    }, {
      "vertices" : [ 49, 51, 52 ]
    }, {
      "vertices" : [ 49, 52, 53 ]
    }, {
      "vertices" : [ 31, 43, 42 ]
    }, {
      "vertices" : [ 31, 42, 59 ]
    }, {
      "vertices" : [ 31, 59, 32 ]
    }, {
      "vertices" : [ 15, 18, 50 ]
    }, {
      "vertices" : [ 42, 55, 56 ]
    }, {
      "vertices" : [ 42, 56, 59 ]
    }, {
      "vertices" : [ 4, 23, 29 ]
    }, {
      "vertices" : [ 4, 29, 30 ]
    }, {
      "vertices" : [ 25, 38, 26 ]
    }, {
      "vertices" : [ 13, 28, 18 ]
    }, {
      "vertices" : [ 13, 18, 17 ]
    }, {
      "vertices" : [ 13, 17, 14 ]
    }, {
      "vertices" : [ 8, 20, 31 ]
    }, {
      "vertices" : [ 8, 31, 32 ]
    }, {
      "vertices" : [ 23, 44, 29 ]
    }, {
      "vertices" : [ 24, 27, 46 ]
    }, {
      "vertices" : [ 37, 48, 52 ]
    }, {
      "vertices" : [ 37, 52, 51 ]
    }, {
      "vertices" : [ 37, 51, 38 ]
    }, {
      "vertices" : [ 20, 48, 31 ]
    }, {
      "vertices" : [ 24, 25, 26 ]
    }, {
      "vertices" : [ 24, 26, 27 ]
    }, {
      "vertices" : [ 16, 44, 23 ]
    }, {
      "vertices" : [ 16, 23, 22 ]
    }, {
      "vertices" : [ 13, 34, 35 ]
    }, {
      "vertices" : [ 13, 35, 28 ]
    }, {
      "vertices" : [ 10, 34, 12 ]
    }, {
      "vertices" : [ 10, 12, 54 ]
    }, {
      "vertices" : [ 2, 6, 5 ]
    }, {
      "vertices" : [ 2, 5, 49 ]
    }, {
      "vertices" : [ 2, 49, 53 ]
    }, {
      "vertices" : [ 36, 43, 37 ]
    }, {
      "vertices" : [ 5, 30, 33 ]
    }, {
      "vertices" : [ 5, 33, 49 ]
    }, {
      "vertices" : [ 1, 54, 12 ]
    }, {
      "vertices" : [ 1, 12, 11 ]
    }, {
      "vertices" : [ 1, 11, 39 ]
    }, {
      "vertices" : [ 28, 35, 57 ]
    }, {
      "vertices" : [ 21, 53, 52 ]
    } ]
  }, {
    "id" : "b31d198e-2422-4677-9fbf-136bfd640767",
    "vertices" : [ {
      "x" : 6.1236167,
      "y" : -5.5026217,
      "z" : 0.309017
    }, {
      "x" : 1.5910302,
      "y" : -1.145898,
      "z" : -0.309017
    }, {
      "x" : 1.0,
      "y" : -0.309017,
      "z" : -0.19098301
    }, {
      "x" : 1.0,
      "y" : -0.309017,
      "z" : 0.19098301
    }, {
      "x" : 1.5910302,
      "y" : -1.145898,
      "z" : 0.309017
    }, {
      "x" : 6.2416506,
      "y" : -5.3116384,
      "z" : 0.0
    }, {
      "x" : 5.7235694,
      "y" : -4.794418,
      "z" : -0.309017
    }, {
      "x" : 5.7235694,
      "y" : -4.794418,
      "z" : 0.309017
    }, {
      "x" : 6.1236167,
      "y" : -5.5026217,
      "z" : -0.309017
    }, {
      "x" : 5.3416038,
      "y" : -4.9747577,
      "z" : -0.309017
    }, {
      "x" : 0.690983,
      "y" : -0.809017,
      "z" : 0.0
    }, {
      "x" : 1.2090641,
      "y" : -1.3262379,
      "z" : 0.309017
    }, {
      "x" : 0.809017,
      "y" : -0.618034,
      "z" : 0.309017
    }, {
      "x" : 5.932634,
      "y" : -5.8116384,
      "z" : -0.19098301
    }, {
      "x" : 1.2090641,
      "y" : -1.3262379,
      "z" : -0.309017
    }, {
      "x" : 5.932634,
      "y" : -5.8116384,
      "z" : 0.19098301
    }, {
      "x" : 5.3416038,
      "y" : -4.9747577,
      "z" : 0.309017
    }, {
      "x" : 0.809017,
      "y" : -0.618034,
      "z" : -0.309017
    }, {
      "x" : 6.932634,
      "y" : -6.1206555,
      "z" : 0.0
    } ],
    "faces" : [ {
      "vertices" : [ 1, 14, 17 ]
    }, {
      "vertices" : [ 10, 11, 12 ]
    }, {
      "vertices" : [ 10, 14, 11 ]
    }, {
      "vertices" : [ 4, 11, 16 ]
    }, {
      "vertices" : [ 4, 16, 7 ]
    }, {
      "vertices" : [ 10, 17, 14 ]
    }, {
      "vertices" : [ 1, 2, 3 ]
    }, {
      "vertices" : [ 1, 3, 4 ]
    }, {
      "vertices" : [ 0, 5, 7 ]
    }, {
      "vertices" : [ 5, 6, 7 ]
    }, {
      "vertices" : [ 9, 16, 11 ]
    }, {
      "vertices" : [ 9, 11, 14 ]
    }, {
      "vertices" : [ 1, 4, 7 ]
    }, {
      "vertices" : [ 1, 7, 6 ]
    }, {
      "vertices" : [ 5, 8, 6 ]
    }, {
      "vertices" : [ 9, 13, 15 ]
    }, {
      "vertices" : [ 9, 15, 16 ]
    }, {
      "vertices" : [ 6, 8, 9 ]
    }, {
      "vertices" : [ 0, 7, 16 ]
    }, {
      "vertices" : [ 4, 12, 11 ]
    }, {
      "vertices" : [ 1, 6, 9 ]
    }, {
      "vertices" : [ 1, 9, 14 ]
    } ]
  }, {
    "id" : "6a48dfc9-2665-46bf-9523-727217978355",
    "vertices" : [ {
      "x" : 0.5316648,
      "y" : 0.5512347,
      "z" : 1.8189675
    }, {
      "x" : 0.0,
      "y" : 0.690983,
      "z" : 0.809017
    }, {
      "x" : -0.08636919,
      "y" : 0.5512347,
      "z" : 1.8189675
    }, {
      "x" : 1.4115053,
      "y" : 1.5928806,
      "z" : 8.007008
    }, {
      "x" : 1.1024884,
      "y" : 1.0928806,
      "z" : 8.19799
    }, {
      "x" : 0.7934714,
      "y" : 1.5928806,
      "z" : 8.007008
    }, {
      "x" : 1.1888576,
      "y" : 1.232629,
      "z" : 7.1880403
    }, {
      "x" : 1.1888576,
      "y" : 1.6145949,
      "z" : 7.1880403
    }, {
      "x" : 1.1024884,
      "y" : 1.7838637,
      "z" : 9.007008
    }, {
      "x" : 0.57082355,
      "y" : 1.232629,
      "z" : 7.1880403
    }, {
      "x" : 0.57082355,
      "y" : 1.6145949,
      "z" : 7.1880403
    }, {
      "x" : -0.08636919,
      "y" : 0.16926871,
      "z" : 1.8189675
    }, {
      "x" : 0.5316648,
      "y" : 0.16926871,
      "z" : 1.8189675
    }, {
      "x" : 0.309017,
      "y" : 0.19098301,
      "z" : 1.0
    }, {
      "x" : -0.309017,
      "y" : 0.19098301,
      "z" : 1.0
    } ],
    "faces" : [ {
      "vertices" : [ 2, 11, 9 ]
    }, {
      "vertices" : [ 2, 9, 10 ]
    }, {
      "vertices" : [ 0, 1, 2 ]
    }, {
      "vertices" : [ 6, 9, 11 ]
    }, {
      "vertices" : [ 6, 11, 12 ]
    }, {
      "vertices" : [ 3, 4, 6 ]
    }, {
      "vertices" : [ 0, 13, 1 ]
    }, {
      "vertices" : [ 3, 6, 7 ]
    }, {
      "vertices" : [ 1, 14, 2 ]
    }, {
      "vertices" : [ 11, 14, 13 ]
    }, {
      "vertices" : [ 11, 13, 12 ]
    }, {
      "vertices" : [ 4, 5, 9 ]
    }, {
      "vertices" : [ 4, 9, 6 ]
    }, {
      "vertices" : [ 0, 2, 10 ]
    }, {
      "vertices" : [ 0, 10, 7 ]
    }, {
      "vertices" : [ 5, 10, 9 ]
    }, {
      "vertices" : [ 0, 12, 13 ]
    }, {
      "vertices" : [ 3, 7, 10 ]
    }, {
      "vertices" : [ 3, 10, 5 ]
    }, {
      "vertices" : [ 0, 7, 6 ]
    }, {
      "vertices" : [ 0, 6, 12 ]
    }, {
      "vertices" : [ 2, 14, 11 ]
    } ]
  } ],
  "instances" : [ {
    "shape" : "6097ddeb-fb92-4072-a5c2-33b267f0ff72",
    "color" : "#57BC30",
    "position" : {
      "x" : 5.2501807,
      "y" : 5.9466796,
      "z" : 18.290876
    },
    "orientation" : 19
  }, {
    "shape" : "6097ddeb-fb92-4072-a5c2-33b267f0ff72",
    "color" : "#57BC30",
    "position" : {
      "x" : 7.8380666,
      "y" : 15.230549,
      "z" : -10.201895
    },
    "orientation" : 36
  }, {
    "shape" : "6097ddeb-fb92-4072-a5c2-33b267f0ff72",
    "color" : "#57BC30",
    "position" : {
      "x" : -16.148575,
      "y" : 1.7838637,
      "z" : 11.555298
    },
    "orientation" : 24
  }, {
    "shape" : "1f3f5b39-4441-4008-9a48-8e52f3ac8096",
    "color" : "#FFFFFF",
    "position" : {
      "x" : 7.8380666,
      "y" : 15.230549,
      "z" : -10.201895
    }
  }, {
    "shape" : "1f3f5b39-4441-4008-9a48-8e52f3ac8096",
    "color" : "#FFFFFF",
    "position" : {
      "x" : -11.555298,
      "y" : 16.148575,
      "z" : 1.7838637
    }
  }, {
    "shape" : "6097ddeb-fb92-4072-a5c2-33b267f0ff72",
    "color" : "#57BC30",
    "position" : {
      "x" : 15.230549,
      "y" : 10.201895,
      "z" : -7.8380666
    },
    "orientation" : 38
  }, {
    "shape" : "6097ddeb-fb92-4072-a5c2-33b267f0ff72",
    "color" : "#57BC30",
    "position" : {
      "x" : 5.2501807,
      "y" : -5.9466796,
      "z" : -18.290876
    },
    "orientation" : 4
  }, {
    "shape" : "6097ddeb-fb92-4072-a5c2-33b267f0ff72",
    "color" : "#57BC30",
    "position" : {
      "x" : -11.555298,
      "y" : -16.148575,
      "z" : -1.7838637
    },
    "orientation" : 10
  }, {
    "shape" : "1f3f5b39-4441-4008-9a48-8e52f3ac8096",
    "color" : "#FFFFFF",
    "position" : {
      "x" : 10.201895,
      "y" : -7.8380666,
      "z" : 15.230549
    }
  }, {
    "shape" : "6097ddeb-fb92-4072-a5c2-33b267f0ff72",
    "color" : "#57BC30",
    "position" : {
      "x" : 6.735578,
      "y" : 13.446685,
      "z" : 13.088247
    },
    "orientation" : 47
  }, {
    "shape" : "b31d198e-2422-4677-9fbf-136bfd640767",
    "color" : "#B2B27F",
    "position" : {
      "x" : 3.0603278,
      "y" : -19.393364,
      "z" : 3.466317
    },
    "orientation" : 17
  }, {
    "shape" : "1f3f5b39-4441-4008-9a48-8e52f3ac8096",
    "color" : "#FFFFFF",
    "position" : {
      "x" : -6.735578,
      "y" : 13.446685,
      "z" : -13.088247
    }
  }, {
    "shape" : "6a48dfc9-2665-46bf-9523-727217978355",
    "color" : "#BB3930",
    "position" : {
      "x" : -7.8380666,
      "y" : 15.230549,
      "z" : 10.201895
    },
    "orientation" : 35
  }, {
    "shape" : "6a48dfc9-2665-46bf-9523-727217978355",
    "color" : "#BB3930",
    "position" : {
      "x" : -3.466317,
      "y" : -3.0603278,
      "z" : -19.393364
    },
    "orientation" : 22
  }, {
    "shape" : "6a48dfc9-2665-46bf-9523-727217978355",
    "color" : "#BB3930",
    "position" : {
      "x" : -13.088247,
      "y" : 6.735578,
      "z" : -13.446685
    },
    "orientation" : 55
  }, {
    "shape" : "6a48dfc9-2665-46bf-9523-727217978355",
    "color" : "#BB3930",
    "position" : {
      "x" : 13.088247,
      "y" : 6.735578,
      "z" : 13.446685
    },
    "orientation" : 10
  }, {
    "shape" : "6a48dfc9-2665-46bf-9523-727217978355",
    "color" : "#BB3930",
    "position" : {
      "x" : -16.148575,
      "y" : 1.7838637,
      "z" : 11.555298
    },
    "orientation" : 42
  }, {
    "shape" : "1f3f5b39-4441-4008-9a48-8e52f3ac8096",
    "color" : "#FFFFFF",
    "position" : {
      "x" : 13.088247,
      "y" : -6.735578,
      "z" : -13.446685
    }
  }, {
    "shape" : "6097ddeb-fb92-4072-a5c2-33b267f0ff72",
    "color" : "#57BC30",
    "position" : {
      "x" : 19.393364,
      "y" : 3.466317,
      "z" : -3.0603278
    },
    "orientation" : 57
  }, {
    "shape" : "1f3f5b39-4441-4008-9a48-8e52f3ac8096",
    "color" : "#FFFFFF",
    "position" : {
      "x" : -16.148575,
      "y" : -1.7838637,
      "z" : -11.555298
    }
  }, {
    "shape" : "b31d198e-2422-4677-9fbf-136bfd640767",
    "color" : "#B2B27F",
    "position" : {
      "x" : 13.446685,
      "y" : 13.088247,
      "z" : 6.735578
    },
    "orientation" : 38
  }, {
    "shape" : "6a48dfc9-2665-46bf-9523-727217978355",
    "color" : "#BB3930",
    "position" : {
      "x" : 5.9466796,
      "y" : 18.290876,
      "z" : 5.2501807
    },
    "orientation" : 46
  }, {
    "shape" : "1f3f5b39-4441-4008-9a48-8e52f3ac8096",
    "color" : "#FFFFFF",
    "position" : {
      "x" : 13.088247,
      "y" : 6.735578,
      "z" : 13.446685
    }
  }, {
    "shape" : "1f3f5b39-4441-4008-9a48-8e52f3ac8096",
    "color" : "#FFFFFF",
    "position" : {
      "x" : -13.088247,
      "y" : 6.735578,
      "z" : -13.446685
    }
  }, {
    "shape" : "b31d198e-2422-4677-9fbf-136bfd640767",
    "color" : "#B2B27F",
    "position" : {
      "x" : 18.290876,
      "y" : -5.2501807,
      "z" : -5.9466796
    },
    "orientation" : 55
  }, {
    "shape" : "1f3f5b39-4441-4008-9a48-8e52f3ac8096",
    "color" : "#FFFFFF",
    "position" : {
      "x" : -7.8380666,
      "y" : 15.230549,
      "z" : 10.201895
    }
  }, {
    "shape" : "1f3f5b39-4441-4008-9a48-8e52f3ac8096",
    "color" : "#FFFFFF",
    "position" : {
      "x" : -10.201895,
      "y" : -7.8380666,
      "z" : -15.230549
    }
  }, {
    "shape" : "6a48dfc9-2665-46bf-9523-727217978355",
    "color" : "#BB3930",
    "position" : {
      "x" : 18.290876,
      "y" : 5.2501807,
      "z" : 5.9466796
    },
    "orientation" : 15
  }, {
    "shape" : "6a48dfc9-2665-46bf-9523-727217978355",
    "color" : "#BB3930",
    "position" : {
      "x" : 13.446685,
      "y" : -13.088247,
      "z" : -6.735578
    },
    "orientation" : 26
  }, {
    "shape" : "1f3f5b39-4441-4008-9a48-8e52f3ac8096",
    "color" : "#FFFFFF",
    "position" : {
      "x" : -5.2501807,
      "y" : -5.9466796,
      "z" : 18.290876
    }
  }, {
    "shape" : "b31d198e-2422-4677-9fbf-136bfd640767",
    "color" : "#B2B27F",
    "position" : {
      "x" : -5.9466796,
      "y" : 18.290876,
      "z" : -5.2501807
    },
    "orientation" : 41
  }, {
    "shape" : "6097ddeb-fb92-4072-a5c2-33b267f0ff72",
    "color" : "#57BC30",
    "position" : {
      "x" : -5.2501807,
      "y" : 5.9466796,
      "z" : -18.290876
    },
    "orientation" : 34
  }, {
    "shape" : "1f3f5b39-4441-4008-9a48-8e52f3ac8096",
    "color" : "#FFFFFF",
    "position" : {
      "x" : -6.735578,
      "y" : -13.446685,
      "z" : 13.088247
    }
  }, {
    "shape" : "b31d198e-2422-4677-9fbf-136bfd640767",
    "color" : "#B2B27F",
    "position" : {
      "x" : -5.9466796,
      "y" : -18.290876,
      "z" : 5.2501807
    },
    "orientation" : 56
  }, {
    "shape" : "b31d198e-2422-4677-9fbf-136bfd640767",
    "color" : "#B2B27F",
    "position" : {
      "x" : -1.7838637,
      "y" : 11.555298,
      "z" : 16.148575
    },
    "orientation" : 43
  }, {
    "shape" : "6a48dfc9-2665-46bf-9523-727217978355",
    "color" : "#BB3930",
    "position" : {
      "x" : -3.0603278,
      "y" : 19.393364,
      "z" : 3.466317
    },
    "orientation" : 51
  }, {
    "shape" : "b31d198e-2422-4677-9fbf-136bfd640767",
    "color" : "#B2B27F",
    "position" : {
      "x" : 13.088247,
      "y" : 6.735578,
      "z" : 13.446685
    },
    "orientation" : 52
  }, {
    "shape" : "1f3f5b39-4441-4008-9a48-8e52f3ac8096",
    "color" : "#FFFFFF",
    "position" : {
      "x" : -3.466317,
      "y" : -3.0603278,
      "z" : -19.393364
    }
  }, {
    "shape" : "6a48dfc9-2665-46bf-9523-727217978355",
    "color" : "#BB3930",
    "position" : {
      "x" : 10.201895,
      "y" : 7.8380666,
      "z" : -15.230549
    },
    "orientation" : 3
  }, {
    "shape" : "b31d198e-2422-4677-9fbf-136bfd640767",
    "color" : "#B2B27F",
    "position" : {
      "x" : -3.466317,
      "y" : 3.0603278,
      "z" : 19.393364
    },
    "orientation" : 0
  }, {
    "shape" : "1f3f5b39-4441-4008-9a48-8e52f3ac8096",
    "color" : "#FFFFFF",
    "position" : {
      "x" : -19.393364,
      "y" : 3.466317,
      "z" : 3.0603278
    }
  }, {
    "shape" : "1f3f5b39-4441-4008-9a48-8e52f3ac8096",
    "color" : "#FFFFFF",
    "position" : {
      "x" : -13.088247,
      "y" : -6.735578,
      "z" : 13.446685
    }
  }, {
    "shape" : "1f3f5b39-4441-4008-9a48-8e52f3ac8096",
    "color" : "#FFFFFF",
    "position" : {
      "x" : -15.230549,
      "y" : 10.201895,
      "z" : 7.8380666
    }
  }, {
    "shape" : "6a48dfc9-2665-46bf-9523-727217978355",
    "color" : "#BB3930",
    "position" : {
      "x" : -19.393364,
      "y" : 3.466317,
      "z" : 3.0603278
    },
    "orientation" : 38
  }, {
    "shape" : "1f3f5b39-4441-4008-9a48-8e52f3ac8096",
    "color" : "#FFFFFF",
    "position" : {
      "x" : -1.7838637,
      "y" : 11.555298,
      "z" : 16.148575
    }
  }, {
    "shape" : "b31d198e-2422-4677-9fbf-136bfd640767",
    "color" : "#B2B27F",
    "position" : {
      "x" : -13.088247,
      "y" : -6.735578,
      "z" : 13.446685
    },
    "orientation" : 22
  }, {
    "shape" : "6097ddeb-fb92-4072-a5c2-33b267f0ff72",
    "color" : "#57BC30",
    "position" : {
      "x" : 10.201895,
      "y" : 7.8380666,
      "z" : -15.230549
    },
    "orientation" : 37
  }, {
    "shape" : "6a48dfc9-2665-46bf-9523-727217978355",
    "color" : "#BB3930",
    "position" : {
      "x" : 3.0603278,
      "y" : 19.393364,
      "z" : -3.466317
    },
    "orientation" : 6
  }, {
    "shape" : "b31d198e-2422-4677-9fbf-136bfd640767",
    "color" : "#B2B27F",
    "position" : {
      "x" : -11.555298,
      "y" : -16.148575,
      "z" : -1.7838637
    },
    "orientation" : 27
  }, {
    "shape" : "b31d198e-2422-4677-9fbf-136bfd640767",
    "color" : "#B2B27F",
    "position" : {
      "x" : -1.7838637,
      "y" : -11.555298,
      "z" : -16.148575
    },
    "orientation" : 58
  }, {
    "shape" : "6a48dfc9-2665-46bf-9523-727217978355",
    "color" : "#BB3930",
    "position" : {
      "x" : -6.735578,
      "y" : 13.446685,
      "z" : -13.088247
    },
    "orientation" : 54
  }, {
    "shape" : "6097ddeb-fb92-4072-a5c2-33b267f0ff72",
    "color" : "#57BC30",
    "position" : {
      "x" : 3.466317,
      "y" : -3.0603278,
      "z" : 19.393364
    },
    "orientation" : 29
  }, {
    "shape" : "b31d198e-2422-4677-9fbf-136bfd640767",
    "color" : "#B2B27F",
    "position" : {
      "x" : 3.0603278,
      "y" : 19.393364,
      "z" : -3.466317
    },
    "orientation" : 2
  }, {
    "shape" : "6097ddeb-fb92-4072-a5c2-33b267f0ff72",
    "color" : "#57BC30",
    "position" : {
      "x" : -18.290876,
      "y" : -5.2501807,
      "z" : 5.9466796
    },
    "orientation" : 20
  }, {
    "shape" : "6a48dfc9-2665-46bf-9523-727217978355",
    "color" : "#BB3930",
    "position" : {
      "x" : -16.148575,
      "y" : -1.7838637,
      "z" : -11.555298
    },
    "orientation" : 57
  }, {
    "shape" : "1f3f5b39-4441-4008-9a48-8e52f3ac8096",
    "color" : "#FFFFFF",
    "position" : {
      "x" : 11.555298,
      "y" : -16.148575,
      "z" : 1.7838637
    }
  }, {
    "shape" : "1f3f5b39-4441-4008-9a48-8e52f3ac8096",
    "color" : "#FFFFFF",
    "position" : {
      "x" : 6.735578,
      "y" : -13.446685,
      "z" : -13.088247
    }
  }, {
    "shape" : "6097ddeb-fb92-4072-a5c2-33b267f0ff72",
    "color" : "#57BC30",
    "position" : {
      "x" : 6.735578,
      "y" : -13.446685,
      "z" : -13.088247
    },
    "orientation" : 32
  }, {
    "shape" : "6097ddeb-fb92-4072-a5c2-33b267f0ff72",
    "color" : "#57BC30",
    "position" : {
      "x" : 1.7838637,
      "y" : 11.555298,
      "z" : -16.148575
    },
    "orientation" : 41
  }, {
    "shape" : "6097ddeb-fb92-4072-a5c2-33b267f0ff72",
    "color" : "#57BC30",
    "position" : {
      "x" : 3.0603278,
      "y" : -19.393364,
      "z" : 3.466317
    },
    "orientation" : 13
  }, {
    "shape" : "6a48dfc9-2665-46bf-9523-727217978355",
    "color" : "#BB3930",
    "position" : {
      "x" : 3.466317,
      "y" : 3.0603278,
      "z" : -19.393364
    },
    "orientation" : 52
  }, {
    "shape" : "6097ddeb-fb92-4072-a5c2-33b267f0ff72",
    "color" : "#57BC30",
    "position" : {
      "x" : -10.201895,
      "y" : -7.8380666,
      "z" : -15.230549
    },
    "orientation" : 7
  }, {
    "shape" : "6097ddeb-fb92-4072-a5c2-33b267f0ff72",
    "color" : "#57BC30",
    "position" : {
      "x" : -7.8380666,
      "y" : -15.230549,
      "z" : -10.201895
    },
    "orientation" : 6
  }, {
    "shape" : "6a48dfc9-2665-46bf-9523-727217978355",
    "color" : "#BB3930",
    "position" : {
      "x" : -5.9466796,
      "y" : 18.290876,
      "z" : -5.2501807
    },
    "orientation" : 1
  }, {
    "shape" : "1f3f5b39-4441-4008-9a48-8e52f3ac8096",
    "color" : "#FFFFFF",
    "position" : {
      "x" : -16.148575,
      "y" : 1.7838637,
      "z" : 11.555298
    }
  }, {
    "shape" : "6097ddeb-fb92-4072-a5c2-33b267f0ff72",
    "color" : "#57BC30",
    "position" : {
      "x" : 18.290876,
      "y" : 5.2501807,
      "z" : 5.9466796
    },
    "orientation" : 50
  }, {
    "shape" : "1f3f5b39-4441-4008-9a48-8e52f3ac8096",
    "color" : "#FFFFFF",
    "position" : {
      "x" : -3.466317,
      "y" : 3.0603278,
      "z" : 19.393364
    }
  }, {
    "shape" : "6097ddeb-fb92-4072-a5c2-33b267f0ff72",
    "color" : "#57BC30",
    "position" : {
      "x" : -3.0603278,
      "y" : -19.393364,
      "z" : -3.466317
    },
    "orientation" : 58
  }, {
    "shape" : "1f3f5b39-4441-4008-9a48-8e52f3ac8096",
    "color" : "#FFFFFF",
    "position" : {
      "x" : -1.7838637,
      "y" : -11.555298,
      "z" : -16.148575
    }
  }, {
    "shape" : "1f3f5b39-4441-4008-9a48-8e52f3ac8096",
    "color" : "#FFFFFF",
    "position" : {
      "x" : -15.230549,
      "y" : -10.201895,
      "z" : -7.8380666
    }
  }, {
    "shape" : "b31d198e-2422-4677-9fbf-136bfd640767",
    "color" : "#B2B27F",
    "position" : {
      "x" : -3.466317,
      "y" : -3.0603278,
      "z" : -19.393364
    },
    "orientation" : 15
  }, {
    "shape" : "6097ddeb-fb92-4072-a5c2-33b267f0ff72",
    "color" : "#57BC30",
    "position" : {
      "x" : -5.9466796,
      "y" : -18.290876,
      "z" : 5.2501807
    },
    "orientation" : 3
  }, {
    "shape" : "1f3f5b39-4441-4008-9a48-8e52f3ac8096",
    "color" : "#FFFFFF",
    "position" : {
      "x" : 3.466317,
      "y" : -3.0603278,
      "z" : 19.393364
    }
  }, {
    "shape" : "b31d198e-2422-4677-9fbf-136bfd640767",
    "color" : "#B2B27F",
    "position" : {
      "x" : -5.2501807,
      "y" : -5.9466796,
      "z" : 18.290876
    },
    "orientation" : 24
  }, {
    "shape" : "b31d198e-2422-4677-9fbf-136bfd640767",
    "color" : "#B2B27F",
    "position" : {
      "x" : 7.8380666,
      "y" : -15.230549,
      "z" : 10.201895
    },
    "orientation" : 3
  }, {
    "shape" : "6097ddeb-fb92-4072-a5c2-33b267f0ff72",
    "color" : "#57BC30",
    "position" : {
      "x" : -5.2501807,
      "y" : -5.9466796,
      "z" : 18.290876
    },
    "orientation" : 49
  }, {
    "shape" : "6a48dfc9-2665-46bf-9523-727217978355",
    "color" : "#BB3930",
    "position" : {
      "x" : 3.466317,
      "y" : -3.0603278,
      "z" : 19.393364
    },
    "orientation" : 37
  }, {
    "shape" : "b31d198e-2422-4677-9fbf-136bfd640767",
    "color" : "#B2B27F",
    "position" : {
      "x" : -15.230549,
      "y" : 10.201895,
      "z" : 7.8380666
    },
    "orientation" : 5
  }, {
