{
  "field" : "golden",
  "symmetry" : "icosahedral",
  "orientations" : [ [ 1.0, 0.0, 0.0, 0.0, 0.0, 1.0, 0.0, 0.0, 0.0, 0.0, 1.0, 0.0, 0.0, 0.0, 0.0, 1.0 ], [ 0.0, 0.0, 1.0, 0.0, 1.0, 0.0, 0.0, 0.0, 0.0, 1.0, 0.0, 0.0, 0.0, 0.0, 0.0, 1.0 ], [ 0.0, 1.0, 0.0, 0.0, 0.0, 0.0, 1.0, 0.0, 1.0, 0.0, 0.0, 0.0, 0.0, 0.0, 0.0, 1.0 ], [ 0.809017, 0.309017, 0.5, 0.0, 0.309017, 0.5, -0.809017, 0.0, -0.5, 0.809017, 0.309017, 0.0, 0.0, 0.0, 0.0, 1.0 ], [ -0.5, 0.809017, 0.309017, 0.0, 0.809017, 0.309017, 0.5, 0.0, 0.309017, 0.5, -0.809017, 0.0, 0.0, 0.0, 0.0, 1.0 ], [ 0.309017, 0.5, -0.809017, 0.0, -0.5, 0.809017, 0.309017, 0.0, 0.809017, 0.309017, 0.5, 0.0, 0.0, 0.0, 0.0, 1.0 ], [ 0.5, 0.809017, 0.309017, 0.0, 0.809017, -0.309017, -0.5, 0.0, -0.309017, 0.5, -0.809017, 0.0, 0.0, 0.0, 0.0, 1.0 ], [ -0.309017, 0.5, -0.809017, 0.0, 0.5, 0.809017, 0.309017, 0.0, 0.809017, -0.309017, -0.5, 0.0, 0.0, 0.0, 0.0, 1.0 ], [ 0.809017, -0.309017, -0.5, 0.0, -0.309017, 0.5, -0.809017, 0.0, 0.5, 0.809017, 0.309017, 0.0, 0.0, 0.0, 0.0, 1.0 ], [ 0.5, 0.809017, -0.309017, 0.0, 0.809017, -0.309017, 0.5, 0.0, 0.309017, -0.5, -0.809017, 0.0, 0.0, 0.0, 0.0, 1.0 ], [ 0.309017, -0.5, -0.809017, 0.0, 0.5, 0.809017, -0.309017, 0.0, 0.809017, -0.309017, 0.5, 0.0, 0.0, 0.0, 0.0, 1.0 ], [ 0.809017, -0.309017, 0.5, 0.0, 0.309017, -0.5, -0.809017, 0.0, 0.5, 0.809017, -0.309017, 0.0, 0.0, 0.0, 0.0, 1.0 ], [ 0.809017, 0.309017, -0.5, 0.0, 0.309017, 0.5, 0.809017, 0.0, 0.5, -0.809017, 0.309017, 0.0, 0.0, 0.0, 0.0, 1.0 ], [ 0.5, -0.809017, 0.309017, 0.0, 0.809017, 0.309017, -0.5, 0.0, 0.309017, 0.5, 0.809017, 0.0, 0.0, 0.0, 0.0, 1.0 ], [ 0.309017, 0.5, 0.809017, 0.0, 0.5, -0.809017, 0.309017, 0.0, 0.809017, 0.309017, -0.5, 0.0, 0.0, 0.0, 0.0, 1.0 ], [ 1.0, 0.0, 0.0, 0.0, 0.0, -1.0, 0.0, 0.0, 0.0, 0.0, -1.0, 0.0, 0.0, 0.0, 0.0, 1.0 ], [ 0.0, 0.0, 1.0, 0.0, -1.0, 0.0, 0.0, 0.0, 0.0, -1.0, 0.0, 0.0, 0.0, 0.0, 0.0, 1.0 ], [ 0.0, 1.0, 0.0, 0.0, 0.0, 0.0, -1.0, 0.0, -1.0, 0.0, 0.0, 0.0, 0.0, 0.0, 0.0, 1.0 ], [ 0.809017, 0.309017, 0.5, 0.0, -0.309017, -0.5, 0.809017, 0.0, 0.5, -0.809017, -0.309017, 0.0, 0.0, 0.0, 0.0, 1.0 ], [ -0.5, 0.809017, 0.309017, 0.0, -0.809017, -0.309017, -0.5, 0.0, -0.309017, -0.5, 0.809017, 0.0, 0.0, 0.0, 0.0, 1.0 ], [ 0.309017, 0.5, -0.809017, 0.0, 0.5, -0.809017, -0.309017, 0.0, -0.809017, -0.309017, -0.5, 0.0, 0.0, 0.0, 0.0, 1.0 ], [ 0.5, 0.809017, 0.309017, 0.0, -0.809017, 0.309017, 0.5, 0.0, 0.309017, -0.5, 0.809017, 0.0, 0.0, 0.0, 0.0, 1.0 ], [ -0.309017, 0.5, -0.809017, 0.0, -0.5, -0.809017, -0.309017, 0.0, -0.809017, 0.309017, 0.5, 0.0, 0.0, 0.0, 0.0, 1.0 ], [ 0.809017, -0.309017, -0.5, 0.0, 0.309017, -0.5, 0.809017, 0.0, -0.5, -0.809017, -0.309017, 0.0, 0.0, 0.0, 0.0, 1.0 ], [ 0.5, 0.809017, -0.309017, 0.0, -0.809017, 0.309017, -0.5, 0.0, -0.309017, 0.5, 0.809017, 0.0, 0.0, 0.0, 0.0, 1.0 ], [ 0.309017, -0.5, -0.809017, 0.0, -0.5, -0.809017, 0.309017, 0.0, -0.809017, 0.309017, -0.5, 0.0, 0.0, 0.0, 0.0, 1.0 ], [ 0.809017, -0.309017, 0.5, 0.0, -0.309017, 0.5, 0.809017, 0.0, -0.5, -0.809017, 0.309017, 0.0, 0.0, 0.0, 0.0, 1.0 ], [ 0.809017, 0.309017, -0.5, 0.0, -0.309017, -0.5, -0.809017, 0.0, -0.5, 0.809017, -0.309017, 0.0, 0.0, 0.0, 0.0, 1.0 ], [ 0.5, -0.809017, 0.309017, 0.0, -0.809017, -0.309017, 0.5, 0.0, -0.309017, -0.5, -0.809017, 0.0, 0.0, 0.0, 0.0, 1.0 ], [ 0.309017, 0.5, 0.809017, 0.0, -0.5, 0.809017, -0.309017, 0.0, -0.809017, -0.309017, 0.5, 0.0, 0.0, 0.0, 0.0, 1.0 ], [ -1.0, 0.0, 0.0, 0.0, 0.0, -1.0, 0.0, 0.0, 0.0, 0.0, 1.0, 0.0, 0.0, 0.0, 0.0, 1.0 ], [ 0.0, 0.0, -1.0, 0.0, -1.0, 0.0, 0.0, 0.0, 0.0, 1.0, 0.0, 0.0, 0.0, 0.0, 0.0, 1.0 ], [ 0.0, -1.0, 0.0, 0.0, 0.0, 0.0, -1.0, 0.0, 1.0, 0.0, 0.0, 0.0, 0.0, 0.0, 0.0, 1.0 ], [ -0.809017, -0.309017, -0.5, 0.0, -0.309017, -0.5, 0.809017, 0.0, -0.5, 0.809017, 0.309017, 0.0, 0.0, 0.0, 0.0, 1.0 ], [ 0.5, -0.809017, -0.309017, 0.0, -0.809017, -0.309017, -0.5, 0.0, 0.309017, 0.5, -0.809017, 0.0, 0.0, 0.0, 0.0, 1.0 ], [ -0.309017, -0.5, 0.809017, 0.0, 0.5, -0.809017, -0.309017, 0.0, 0.809017, 0.309017, 0.5, 0.0, 0.0, 0.0, 0.0, 1.0 ], [ -0.5, -0.809017, -0.309017, 0.0, -0.809017, 0.309017, 0.5, 0.0, -0.309017, 0.5, -0.809017, 0.0, 0.0, 0.0, 0.0, 1.0 ], [ 0.309017, -0.5, 0.809017, 0.0, -0.5, -0.809017, -0.309017, 0.0, 0.809017, -0.309017, -0.5, 0.0, 0.0, 0.0, 0.0, 1.0 ], [ -0.809017, 0.309017, 0.5, 0.0, 0.309017, -0.5, 0.809017, 0.0, 0.5, 0.809017, 0.309017, 0.0, 0.0, 0.0, 0.0, 1.0 ], [ -0.5, -0.809017, 0.309017, 0.0, -0.809017, 0.309017, -0.5, 0.0, 0.309017, -0.5, -0.809017, 0.0, 0.0, 0.0, 0.0, 1.0 ], [ -0.309017, 0.5, 0.809017, 0.0, -0.5, -0.809017, 0.309017, 0.0, 0.809017, -0.309017, 0.5, 0.0, 0.0, 0.0, 0.0, 1.0 ], [ -0.809017, 0.309017, -0.5, 0.0, -0.309017, 0.5, 0.809017, 0.0, 0.5, 0.809017, -0.309017, 0.0, 0.0, 0.0, 0.0, 1.0 ], [ -0.809017, -0.309017, 0.5, 0.0, -0.309017, -0.5, -0.809017, 0.0, 0.5, -0.809017, 0.309017, 0.0, 0.0, 0.0, 0.0, 1.0 ], [ -0.5, 0.809017, -0.309017, 0.0, -0.809017, -0.309017, 0.5, 0.0, 0.309017, 0.5, 0.809017, 0.0, 0.0, 0.0, 0.0, 1.0 ], [ -0.309017, -0.5, -0.809017, 0.0, -0.5, 0.809017, -0.309017, 0.0, 0.809017, 0.309017, -0.5, 0.0, 0.0, 0.0, 0.0, 1.0 ], [ -1.0, 0.0, 0.0, 0.0, 0.0, 1.0, 0.0, 0.0, 0.0, 0.0, -1.0, 0.0, 0.0, 0.0, 0.0, 1.0 ], [ 0.0, 0.0, -1.0, 0.0, 1.0, 0.0, 0.0, 0.0, 0.0, -1.0, 0.0, 0.0, 0.0, 0.0, 0.0, 1.0 ], [ 0.0, -1.0, 0.0, 0.0, 0.0, 0.0, 1.0, 0.0, -1.0, 0.0, 0.0, 0.0, 0.0, 0.0, 0.0, 1.0 ], [ -0.809017, -0.309017, -0.5, 0.0, 0.309017, 0.5, -0.809017, 0.0, 0.5, -0.809017, -0.309017, 0.0, 0.0, 0.0, 0.0, 1.0 ], [ 0.5, -0.809017, -0.309017, 0.0, 0.809017, 0.309017, 0.5, 0.0, -0.309017, -0.5, 0.809017, 0.0, 0.0, 0.0, 0.0, 1.0 ], [ -0.309017, -0.5, 0.809017, 0.0, -0.5, 0.809017, 0.309017, 0.0, -0.809017, -0.309017, -0.5, 0.0, 0.0, 0.0, 0.0, 1.0 ], [ -0.5, -0.809017, -0.309017, 0.0, 0.809017, -0.309017, -0.5, 0.0, 0.309017, -0.5, 0.809017, 0.0, 0.0, 0.0, 0.0, 1.0 ], [ 0.309017, -0.5, 0.809017, 0.0, 0.5, 0.809017, 0.309017, 0.0, -0.809017, 0.309017, 0.5, 0.0, 0.0, 0.0, 0.0, 1.0 ], [ -0.809017, 0.309017, 0.5, 0.0, -0.309017, 0.5, -0.809017, 0.0, -0.5, -0.809017, -0.309017, 0.0, 0.0, 0.0, 0.0, 1.0 ], [ -0.5, -0.809017, 0.309017, 0.0, 0.809017, -0.309017, 0.5, 0.0, -0.309017, 0.5, 0.809017, 0.0, 0.0, 0.0, 0.0, 1.0 ], [ -0.309017, 0.5, 0.809017, 0.0, 0.5, 0.809017, -0.309017, 0.0, -0.809017, 0.309017, -0.5, 0.0, 0.0, 0.0, 0.0, 1.0 ], [ -0.809017, 0.309017, -0.5, 0.0, 0.309017, -0.5, -0.809017, 0.0, -0.5, -0.809017, 0.309017, 0.0, 0.0, 0.0, 0.0, 1.0 ], [ -0.809017, -0.309017, 0.5, 0.0, 0.309017, 0.5, 0.809017, 0.0, -0.5, 0.809017, -0.309017, 0.0, 0.0, 0.0, 0.0, 1.0 ], [ -0.5, 0.809017, -0.309017, 0.0, 0.809017, 0.309017, -0.5, 0.0, -0.309017, -0.5, -0.809017, 0.0, 0.0, 0.0, 0.0, 1.0 ], [ -0.309017, -0.5, -0.809017, 0.0, 0.5, -0.809017, 0.309017, 0.0, -0.809017, -0.309017, 0.5, 0.0, 0.0, 0.0, 0.0, 1.0 ] ],
  "lights" : {
    "ambientColor" : "#292929",
    "backgroundColor" : "#2B3842",
    "directionalLights" : [ {
      "direction" : {
        "x" : 1.0,
        "y" : -1.0,
        "z" : -1.0
      },
      "color" : "#EBEBE4"
    }, {
      "direction" : {
        "x" : -1.0,
        "y" : 0.0,
        "z" : 0.0
      },
      "color" : "#E4E4EB"
    }, {
      "direction" : {
        "x" : 0.0,
        "y" : 0.0,
        "z" : -1.0
      },
      "color" : "#1E1E1E"
    } ]
  },
  "camera" : {
    "lookDirection" : {
      "x" : -0.04580438,
      "y" : -0.18613555,
      "z" : -0.9814554
    },
    "upDirection" : {
      "x" : -0.8774068,
      "y" : 0.4771809,
      "z" : -0.049550544
    },
    "lookAtPoint" : {
      "x" : 0.0,
      "y" : 0.0,
      "z" : 0.0
    },
    "stereo" : false,
    "viewDistance" : 361.00055,
    "nearClipDistance" : 0.9025014,
    "farClipDistance" : 722.0013,
    "fieldOfView" : 0.44262907,
    "perspective" : true,
    "width" : 162.45032,
    "position" : {
      "x" : 16.535406,
      "y" : 67.19504,
      "z" : 354.30594
    }
  },
  "embedding" : [ 1.0, 0.0, 0.0, 0.0, 0.0, 1.0, 0.0, 0.0, 0.0, 0.0, 1.0, 0.0, 0.0, 0.0, 0.0, 1.0 ],
  "shapes" : [ {
    "id" : "dcff7861-2e3d-4561-89dc-cd3bd677297a",
    "vertices" : [ {
      "x" : 26.416409,
      "y" : 0.309017,
      "z" : 0.19098301
    }, {
      "x" : 26.416409,
      "y" : 0.309017,
      "z" : -0.19098301
    }, {
      "x" : 1.0,
      "y" : 0.309017,
      "z" : -0.19098301
    }, {
      "x" : 1.0,
      "y" : 0.309017,
      "z" : 0.19098301
    }, {
      "x" : 26.416409,
      "y" : -0.309017,
      "z" : 0.19098301
    }, {
      "x" : 1.0,
      "y" : -0.309017,
      "z" : 0.19098301
    }, {
      "x" : 1.0,
      "y" : -0.309017,
      "z" : -0.19098301
    }, {
      "x" : 26.416409,
      "y" : -0.309017,
      "z" : -0.19098301
    }, {
      "x" : 27.416409,
      "y" : 0.0,
      "z" : 0.0
    } ],
    "faces" : [ {
      "vertices" : [ 1, 7, 6 ]
    }, {
      "vertices" : [ 1, 6, 2 ]
    }, {
      "vertices" : [ 0, 1, 2 ]
    }, {
      "vertices" : [ 0, 2, 3 ]
    }, {
      "vertices" : [ 4, 5, 6 ]
    }, {
      "vertices" : [ 4, 6, 7 ]
    }, {
      "vertices" : [ 0, 3, 5 ]
    }, {
      "vertices" : [ 0, 5, 4 ]
    } ]
  }, {
    "id" : "b8cdb2e9-0115-4696-a36d-5c0b231d518a",
    "vertices" : [ {
      "x" : 0.309017,
      "y" : -0.809017,
      "z" : 0.618034
    }, {
      "x" : 0.809017,
      "y" : -0.618034,
      "z" : 0.309017
    }, {
      "x" : 0.618034,
      "y" : -0.309017,
      "z" : 0.809017
    }, {
      "x" : 1.0,
      "y" : 0.309017,
      "z" : 0.19098301
    }, {
      "x" : 0.809017,
      "y" : 0.618034,
      "z" : 0.309017
    }, {
      "x" : 0.618034,
      "y" : 0.309017,
      "z" : 0.809017
    }, {
      "x" : 0.809017,
      "y" : 0.0,
      "z" : 0.690983
    }, {
      "x" : 0.19098301,
      "y" : -1.0,
      "z" : 0.309017
    }, {
      "x" : -0.19098301,
      "y" : -1.0,
      "z" : 0.309017
    }, {
      "x" : -0.19098301,
      "y" : -1.0,
      "z" : -0.309017
    }, {
      "x" : 0.19098301,
      "y" : -1.0,
      "z" : -0.309017
    }, {
      "x" : 1.0,
      "y" : -0.309017,
      "z" : -0.19098301
    }, {
      "x" : 0.809017,
      "y" : -0.618034,
      "z" : -0.309017
    }, {
      "x" : 0.618034,
      "y" : -0.309017,
      "z" : -0.809017
    }, {
      "x" : 0.809017,
      "y" : 0.0,
      "z" : -0.690983
    }, {
      "x" : 0.0,
      "y" : 0.690983,
      "z" : -0.809017
    }, {
      "x" : 0.309017,
      "y" : 0.809017,
      "z" : -0.618034
    }, {
      "x" : 0.618034,
      "y" : 0.309017,
      "z" : -0.809017
    }, {
      "x" : 0.309017,
      "y" : 0.19098301,
      "z" : -1.0
    }, {
      "x" : 1.0,
      "y" : 0.309017,
      "z" : -0.19098301
    }, {
      "x" : -0.309017,
      "y" : -0.809017,
      "z" : 0.618034
    }, {
      "x" : 0.0,
      "y" : -0.690983,
      "z" : 0.809017
    }, {
      "x" : 0.809017,
      "y" : 0.618034,
      "z" : -0.309017
    }, {
      "x" : 0.690983,
      "y" : 0.809017,
      "z" : 0.0
    }, {
      "x" : -0.690983,
      "y" : 0.809017,
      "z" : 0.0
    }, {
      "x" : -0.809017,
      "y" : 0.618034,
      "z" : 0.309017
    }, {
      "x" : -0.309017,
      "y" : 0.809017,
      "z" : 0.618034
    }, {
      "x" : -0.19098301,
      "y" : 1.0,
      "z" : 0.309017
    }, {
      "x" : 0.309017,
      "y" : -0.19098301,
      "z" : -1.0
    }, {
      "x" : 0.19098301,
      "y" : 1.0,
      "z" : 0.309017
    }, {
      "x" : 0.309017,
      "y" : 0.809017,
      "z" : 0.618034
    }, {
      "x" : -0.809017,
      "y" : -0.618034,
      "z" : 0.309017
    }, {
      "x" : -0.690983,
      "y" : -0.809017,
      "z" : 0.0
    }, {
      "x" : 0.0,
      "y" : 0.690983,
      "z" : 0.809017
    }, {
      "x" : 0.309017,
      "y" : -0.809017,
      "z" : -0.618034
    }, {
      "x" : 0.0,
      "y" : -0.690983,
      "z" : -0.809017
    }, {
      "x" : -1.0,
      "y" : 0.309017,
      "z" : 0.19098301
    }, {
      "x" : -0.809017,
      "y" : 0.0,
      "z" : 0.690983
    }, {
      "x" : -0.618034,
      "y" : 0.309017,
      "z" : 0.809017
    }, {
      "x" : 1.0,
      "y" : -0.309017,
      "z" : 0.19098301
    }, {
      "x" : -0.309017,
      "y" : -0.809017,
      "z" : -0.618034
    }, {
      "x" : -1.0,
      "y" : 0.309017,
      "z" : -0.19098301
    }, {
      "x" : -1.0,
      "y" : -0.309017,
      "z" : -0.19098301
    }, {
      "x" : -1.0,
      "y" : -0.309017,
      "z" : 0.19098301
    }, {
      "x" : 0.19098301,
      "y" : 1.0,
      "z" : -0.309017
    }, {
      "x" : -0.809017,
      "y" : 0.618034,
      "z" : -0.309017
    }, {
      "x" : -0.19098301,
      "y" : 1.0,
      "z" : -0.309017
    }, {
      "x" : -0.309017,
      "y" : 0.809017,
      "z" : -0.618034
    }, {
      "x" : -0.618034,
      "y" : -0.309017,
      "z" : 0.809017
    }, {
      "x" : 0.309017,
      "y" : 0.19098301,
      "z" : 1.0
    }, {
      "x" : -0.309017,
      "y" : 0.19098301,
      "z" : -1.0
    }, {
      "x" : -0.309017,
      "y" : 0.19098301,
      "z" : 1.0
    }, {
      "x" : -0.309017,
      "y" : -0.19098301,
      "z" : 1.0
    }, {
      "x" : 0.309017,
      "y" : -0.19098301,
      "z" : 1.0
    }, {
      "x" : 0.690983,
      "y" : -0.809017,
      "z" : 0.0
    }, {
      "x" : -0.809017,
      "y" : 0.0,
      "z" : -0.690983
    }, {
      "x" : -0.618034,
      "y" : -0.309017,
      "z" : -0.809017
    }, {
      "x" : -0.309017,
      "y" : -0.19098301,
      "z" : -1.0
    }, {
      "x" : -0.618034,
      "y" : 0.309017,
      "z" : -0.809017
    }, {
      "x" : -0.809017,
      "y" : -0.618034,
      "z" : -0.309017
    } ],
    "faces" : [ {
      "vertices" : [ 9, 40, 35 ]
    }, {
      "vertices" : [ 9, 35, 34 ]
    }, {
      "vertices" : [ 9, 34, 10 ]
    }, {
      "vertices" : [ 0, 1, 2 ]
    }, {
      "vertices" : [ 33, 51, 49 ]
    }, {
      "vertices" : [ 25, 36, 37 ]
    }, {
      "vertices" : [ 25, 37, 38 ]
    }, {
      "vertices" : [ 41, 55, 42 ]
    }, {
      "vertices" : [ 9, 32, 59 ]
    }, {
      "vertices" : [ 9, 59, 40 ]
    }, {
      "vertices" : [ 20, 21, 52 ]
    }, {
      "vertices" : [ 20, 52, 48 ]
    }, {
      "vertices" : [ 26, 33, 30 ]
    }, {
      "vertices" : [ 26, 30, 29 ]
    }, {
      "vertices" : [ 26, 29, 27 ]
    }, {
      "vertices" : [ 3, 4, 5 ]
    }, {
      "vertices" : [ 3, 5, 6 ]
    }, {
      "vertices" : [ 27, 29, 44 ]
    }, {
      "vertices" : [ 27, 44, 46 ]
    }, {
      "vertices" : [ 50, 57, 56 ]
    }, {
      "vertices" : [ 50, 56, 55 ]
    }, {
      "vertices" : [ 50, 55, 58 ]
    }, {
      "vertices" : [ 26, 38, 51 ]
    }, {
      "vertices" : [ 26, 51, 33 ]
    }, {
      "vertices" : [ 45, 47, 58 ]
    }, {
      "vertices" : [ 18, 28, 57 ]
    }, {
      "vertices" : [ 18, 57, 50 ]
    }, {
      "vertices" : [ 40, 59, 56 ]
    }, {
      "vertices" : [ 31, 48, 37 ]
    }, {
      "vertices" : [ 31, 37, 43 ]
    }, {
      "vertices" : [ 7, 8, 9 ]
    }, {
      "vertices" : [ 7, 9, 10 ]
    }, {
      "vertices" : [ 36, 41, 42 ]
    }, {
      "vertices" : [ 36, 42, 43 ]
    }, {
      "vertices" : [ 24, 46, 47 ]
    }, {
      "vertices" : [ 24, 47, 45 ]
    }, {
      "vertices" : [ 4, 30, 5 ]
    }, {
      "vertices" : [ 15, 47, 46 ]
    }, {
      "vertices" : [ 15, 46, 44 ]
    }, {
      "vertices" : [ 15, 44, 16 ]
    }, {
      "vertices" : [ 15, 50, 58 ]
    }, {
      "vertices" : [ 15, 58, 47 ]
    }, {
      "vertices" : [ 24, 45, 41 ]
    }, {
      "vertices" : [ 24, 41, 36 ]
    }, {
      "vertices" : [ 24, 36, 25 ]
    }, {
      "vertices" : [ 11, 14, 19 ]
    }, {
      "vertices" : [ 3, 6, 39 ]
    }, {
      "vertices" : [ 1, 39, 6 ]
    }, {
      "vertices" : [ 1, 6, 2 ]
    }, {
      "vertices" : [ 8, 32, 9 ]
    }, {
      "vertices" : [ 11, 12, 13 ]
    }, {
      "vertices" : [ 11, 13, 14 ]
    }, {
      "vertices" : [ 16, 22, 17 ]
    }, {
      "vertices" : [ 0, 21, 20 ]
    }, {
      "vertices" : [ 0, 20, 8 ]
    }, {
      "vertices" : [ 0, 8, 7 ]
    }, {
      "vertices" : [ 12, 34, 13 ]
    }, {
      "vertices" : [ 35, 40, 56 ]
    }, {
      "vertices" : [ 35, 56, 57 ]
    }, {
      "vertices" : [ 0, 7, 54 ]
    }, {
      "vertices" : [ 0, 54, 1 ]
    }, {
      "vertices" : [ 15, 16, 17 ]
    }, {
      "vertices" : [ 15, 17, 18 ]
    }, {
      "vertices" : [ 3, 19, 22 ]
    }, {
      "vertices" : [ 3, 22, 23 ]
    }, {
      "vertices" : [ 3, 23, 4 ]
    }, {
      "vertices" : [ 7, 10, 54 ]
    }, {
      "vertices" : [ 41, 45, 58 ]
    }, {
      "vertices" : [ 41, 58, 55 ]
    }, {
      "vertices" : [ 3, 39, 11 ]
    }, {
      "vertices" : [ 3, 11, 19 ]
    }, {
      "vertices" : [ 14, 17, 22 ]
    }, {
      "vertices" : [ 14, 22, 19 ]
    }, {
      "vertices" : [ 0, 2, 53 ]
    }, {
      "vertices" : [ 0, 53, 21 ]
    }, {
      "vertices" : [ 49, 51, 52 ]
    }, {
      "vertices" : [ 49, 52, 53 ]
    }, {
      "vertices" : [ 31, 43, 42 ]
    }, {
      "vertices" : [ 31, 42, 59 ]
    }, {
      "vertices" : [ 31, 59, 32 ]
    }, {
      "vertices" : [ 15, 18, 50 ]
    }, {
      "vertices" : [ 42, 55, 56 ]
    }, {
      "vertices" : [ 42, 56, 59 ]
    }, {
      "vertices" : [ 4, 23, 29 ]
    }, {
      "vertices" : [ 4, 29, 30 ]
    }, {
      "vertices" : [ 25, 38, 26 ]
    }, {
      "vertices" : [ 13, 28, 18 ]
    }, {
      "vertices" : [ 13, 18, 17 ]
    }, {
      "vertices" : [ 13, 17, 14 ]
    }, {
      "vertices" : [ 8, 20, 31 ]
    }, {
      "vertices" : [ 8, 31, 32 ]
    }, {
      "vertices" : [ 23, 44, 29 ]
    }, {
      "vertices" : [ 24, 27, 46 ]
    }, {
      "vertices" : [ 37, 48, 52 ]
    }, {
      "vertices" : [ 37, 52, 51 ]
    }, {
      "vertices" : [ 37, 51, 38 ]
    }, {
      "vertices" : [ 20, 48, 31 ]
    }, {
      "vertices" : [ 24, 25, 26 ]
    }, {
      "vertices" : [ 24, 26, 27 ]
    }, {
      "vertices" : [ 16, 44, 23 ]
    }, {
      "vertices" : [ 16, 23, 22 ]
    }, {
      "vertices" : [ 13, 34, 35 ]
    }, {
      "vertices" : [ 13, 35, 28 ]
    }, {
      "vertices" : [ 10, 34, 12 ]
    }, {
      "vertices" : [ 10, 12, 54 ]
    }, {
      "vertices" : [ 2, 6, 5 ]
    }, {
      "vertices" : [ 2, 5, 49 ]
    }, {
      "vertices" : [ 2, 49, 53 ]
    }, {
      "vertices" : [ 36, 43, 37 ]
    }, {
      "vertices" : [ 5, 30, 33 ]
    }, {
      "vertices" : [ 5, 33, 49 ]
    }, {
      "vertices" : [ 1, 54, 12 ]
    }, {
      "vertices" : [ 1, 12, 11 ]
    }, {
      "vertices" : [ 1, 11, 39 ]
    }, {
      "vertices" : [ 28, 35, 57 ]
    }, {
      "vertices" : [ 21, 53, 52 ]
    } ]
  }, {
    "id" : "3572a4c7-1240-47f0-9243-27c7ff1ed282",
    "vertices" : [ {
      "x" : 6.045085,
      "y" : 3.854102,
      "z" : 0.309017
    }, {
      "x" : 7.663119,
      "y" : 4.618034,
      "z" : 0.309017
    }, {
      "x" : 7.472136,
      "y" : 4.927051,
      "z" : 0.19098301
    }, {
      "x" : 0.809017,
      "y" : 0.618034,
      "z" : -0.309017
    }, {
      "x" : 0.690983,
      "y" : 0.809017,
      "z" : 0.0
    }, {
      "x" : 5.927051,
      "y" : 4.045085,
      "z" : 0.0
    }, {
      "x" : 6.045085,
      "y" : 3.854102,
      "z" : -0.309017
    }, {
      "x" : 12.899187,
      "y" : 7.854102,
      "z" : 0.309017
    }, {
      "x" : 6.236068,
      "y" : 3.545085,
      "z" : 0.19098301
    }, {
      "x" : 6.236068,
      "y" : 3.545085,
      "z" : -0.19098301
    }, {
      "x" : 7.7811527,
      "y" : 4.427051,
      "z" : 0.0
    }, {
      "x" : 7.663119,
      "y" : 4.618034,
      "z" : -0.309017
    }, {
      "x" : 13.0172205,
      "y" : 7.663119,
      "z" : 0.0
    }, {
      "x" : 1.0,
      "y" : 0.309017,
      "z" : 0.19098301
    }, {
      "x" : 1.0,
      "y" : 0.309017,
      "z" : -0.19098301
    }, {
      "x" : 0.809017,
      "y" : 0.618034,
      "z" : 0.309017
    }, {
      "x" : 12.708204,
      "y" : 8.163119,
      "z" : 0.19098301
    }, {
      "x" : 12.899187,
      "y" : 7.854102,
      "z" : -0.309017
    }, {
      "x" : 12.708204,
      "y" : 8.163119,
      "z" : -0.19098301
    }, {
      "x" : 13.708204,
      "y" : 8.472136,
      "z" : 0.0
    }, {
      "x" : 7.472136,
      "y" : 4.927051,
      "z" : -0.19098301
    } ],
    "faces" : [ {
      "vertices" : [ 3, 6, 9 ]
    }, {
      "vertices" : [ 3, 9, 14 ]
    }, {
      "vertices" : [ 11, 20, 18 ]
    }, {
      "vertices" : [ 11, 18, 17 ]
    }, {
      "vertices" : [ 0, 1, 2 ]
    }, {
      "vertices" : [ 0, 15, 13 ]
    }, {
      "vertices" : [ 0, 13, 8 ]
    }, {
      "vertices" : [ 6, 20, 11 ]
    }, {
      "vertices" : [ 0, 2, 5 ]
    }, {
      "vertices" : [ 0, 8, 1 ]
    }, {
      "vertices" : [ 8, 13, 14 ]
    }, {
      "vertices" : [ 8, 14, 9 ]
    }, {
      "vertices" : [ 3, 4, 5 ]
    }, {
      "vertices" : [ 3, 5, 6 ]
    }, {
      "vertices" : [ 10, 11, 17 ]
    }, {
      "vertices" : [ 10, 17, 12 ]
    }, {
      "vertices" : [ 1, 8, 10 ]
    }, {
      "vertices" : [ 0, 5, 4 ]
    }, {
      "vertices" : [ 0, 4, 15 ]
    }, {
      "vertices" : [ 2, 16, 18 ]
    }, {
      "vertices" : [ 2, 18, 20 ]
    }, {
      "vertices" : [ 1, 7, 16 ]
    }, {
      "vertices" : [ 1, 16, 2 ]
    }, {
      "vertices" : [ 6, 11, 9 ]
    }, {
      "vertices" : [ 8, 9, 10 ]
    }, {
      "vertices" : [ 2, 20, 5 ]
    }, {
      "vertices" : [ 9, 11, 10 ]
    }, {
      "vertices" : [ 1, 10, 12 ]
    }, {
      "vertices" : [ 1, 12, 7 ]
    }, {
      "vertices" : [ 5, 20, 6 ]
    } ]
  }, {
    "id" : "17fd0d0d-3ef2-4efe-af7e-8f7f69e78094",
    "vertices" : [ {
      "x" : 0.809017,
      "y" : 0.0,
      "z" : -0.690983
    }, {
      "x" : 1.0,
      "y" : 0.309017,
      "z" : -0.19098301
    }, {
      "x" : 10.281153,
      "y" : 0.309017,
      "z" : -3.736068
    }, {
      "x" : 10.09017,
      "y" : 0.0,
      "z" : -4.236068
    }, {
      "x" : 21.18034,
      "y" : 0.309017,
      "z" : -8.281153
    }, {
      "x" : 1.0,
      "y" : -0.309017,
      "z" : -0.19098301
    }, {
      "x" : 10.281153,
      "y" : -0.309017,
      "z" : -3.736068
    }, {
      "x" : 11.899187,
      "y" : 0.309017,
      "z" : -4.736068
    }, {
      "x" : 12.09017,
      "y" : 0.0,
      "z" : -4.236068
    }, {
      "x" : 22.18034,
      "y" : 0.0,
      "z" : -8.472136
    }, {
      "x" : 11.899187,
      "y" : -0.309017,
      "z" : -4.736068
    }, {
      "x" : 21.371323,
      "y" : 0.0,
      "z" : -7.7811527
    }, {
      "x" : 21.18034,
      "y" : -0.309017,
      "z" : -8.281153
    } ],
    "faces" : [ {
      "vertices" : [ 2, 6, 8 ]
    }, {
      "vertices" : [ 4, 12, 10 ]
    }, {
      "vertices" : [ 4, 10, 7 ]
    }, {
      "vertices" : [ 2, 8, 7 ]
    }, {
      "vertices" : [ 3, 10, 6 ]
    }, {
      "vertices" : [ 3, 7, 10 ]
    }, {
      "vertices" : [ 0, 1, 2 ]
    }, {
      "vertices" : [ 0, 2, 3 ]
    }, {
      "vertices" : [ 6, 10, 8 ]
    }, {
      "vertices" : [ 8, 10, 12 ]
    }, {
      "vertices" : [ 8, 12, 11 ]
    }, {
      "vertices" : [ 2, 7, 3 ]
    }, {
      "vertices" : [ 0, 3, 6 ]
    }, {
      "vertices" : [ 0, 6, 5 ]
    }, {
      "vertices" : [ 1, 5, 6 ]
    }, {
      "vertices" : [ 1, 6, 2 ]
    }, {
      "vertices" : [ 4, 7, 8 ]
    }, {
      "vertices" : [ 4, 8, 11 ]
    } ]
  }, {
    "id" : "ac06a196-e85a-476e-9a1f-6d877fce6a16",
    "vertices" : [ {
      "x" : 10.281153,
      "y" : 6.472136,
      "z" : 0.309017
    }, {
      "x" : 11.899187,
      "y" : 7.236068,
      "z" : 0.309017
    }, {
      "x" : 11.708204,
      "y" : 7.545085,
      "z" : 0.19098301
    }, {
      "x" : 0.809017,
      "y" : 0.618034,
      "z" : -0.309017
    }, {
      "x" : 0.690983,
      "y" : 0.809017,
      "z" : 0.0
    }, {
      "x" : 10.163119,
      "y" : 6.663119,
      "z" : 0.0
    }, {
      "x" : 10.281153,
      "y" : 6.472136,
      "z" : -0.309017
    }, {
      "x" : 21.371323,
      "y" : 13.09017,
      "z" : 0.309017
    }, {
      "x" : 10.472136,
      "y" : 6.163119,
      "z" : 0.19098301
    }, {
      "x" : 10.472136,
      "y" : 6.163119,
      "z" : -0.19098301
    }, {
      "x" : 12.0172205,
      "y" : 7.045085,
      "z" : 0.0
    }, {
      "x" : 11.899187,
      "y" : 7.236068,
      "z" : -0.309017
    }, {
      "x" : 21.489357,
      "y" : 12.899187,
      "z" : 0.0
    }, {
      "x" : 1.0,
      "y" : 0.309017,
      "z" : 0.19098301
    }, {
      "x" : 1.0,
      "y" : 0.309017,
      "z" : -0.19098301
    }, {
      "x" : 0.809017,
      "y" : 0.618034,
      "z" : 0.309017
    }, {
      "x" : 21.18034,
      "y" : 13.399187,
      "z" : 0.19098301
    }, {
      "x" : 21.371323,
      "y" : 13.09017,
      "z" : -0.309017
    }, {
      "x" : 21.18034,
      "y" : 13.399187,
      "z" : -0.19098301
    }, {
      "x" : 22.18034,
      "y" : 13.708204,
      "z" : 0.0
    }, {
      "x" : 11.708204,
      "y" : 7.545085,
      "z" : -0.19098301
    } ],
    "faces" : [ {
      "vertices" : [ 3, 6, 9 ]
    }, {
      "vertices" : [ 3, 9, 14 ]
    }, {
      "vertices" : [ 11, 20, 18 ]
    }, {
      "vertices" : [ 11, 18, 17 ]
    }, {
      "vertices" : [ 0, 1, 2 ]
    }, {
      "vertices" : [ 0, 15, 13 ]
    }, {
      "vertices" : [ 0, 13, 8 ]
    }, {
      "vertices" : [ 6, 20, 11 ]
    }, {
      "vertices" : [ 0, 2, 5 ]
    }, {
      "vertices" : [ 0, 8, 1 ]
    }, {
      "vertices" : [ 8, 13, 14 ]
    }, {
      "vertices" : [ 8, 14, 9 ]
    }, {
      "vertices" : [ 3, 4, 5 ]
    }, {
      "vertices" : [ 3, 5, 6 ]
    }, {
      "vertices" : [ 10, 11, 17 ]
    }, {
      "vertices" : [ 10, 17, 12 ]
    }, {
      "vertices" : [ 1, 8, 10 ]
    }, {
      "vertices" : [ 0, 5, 4 ]
    }, {
      "vertices" : [ 0, 4, 15 ]
    }, {
      "vertices" : [ 2, 16, 18 ]
    }, {
      "vertices" : [ 2, 18, 20 ]
    }, {
      "vertices" : [ 1, 7, 16 ]
    }, {
      "vertices" : [ 1, 16, 2 ]
    }, {
      "vertices" : [ 6, 11, 9 ]
    }, {
      "vertices" : [ 8, 9, 10 ]
    }, {
      "vertices" : [ 2, 20, 5 ]
    }, {
      "vertices" : [ 9, 11, 10 ]
    }, {
      "vertices" : [ 1, 10, 12 ]
    }, {
      "vertices" : [ 1, 12, 7 ]
    }, {
      "vertices" : [ 5, 20, 6 ]
    } ]
  } ],
  "instances" : [ {
    "shape" : "dcff7861-2e3d-4561-89dc-cd3bd677297a",
    "color" : "#00A0E4",
    "position" : {
      "x" : -44.36068,
      "y" : 0.0,
      "z" : 0.0
    },
    "orientation" : 52
  }, {
    "shape" : "b8cdb2e9-0115-4696-a36d-5c0b231d518a",
    "color" : "#FFFFFF",
    "position" : {
      "x" : 22.18034,
      "y" : 22.18034,
      "z" : 22.18034
    }
  }, {
    "shape" : "b8cdb2e9-0115-4696-a36d-5c0b231d518a",
    "color" : "#FFFFFF",
    "position" : {
      "x" : 0.0,
      "y" : 35.888542,
      "z" : -22.18034
    }
  }, {
    "shape" : "3572a4c7-1240-47f0-9243-27c7ff1ed282",
    "color" : "#AF0000",
    "position" : {
      "x" : 0.0,
      "y" : 44.36068,
      "z" : 0.0
    },
    "orientation" : 30
  }, {
    "shape" : "dcff7861-2e3d-4561-89dc-cd3bd677297a",
    "color" : "#00A0E4",
    "position" : {
      "x" : -22.18034,
      "y" : 35.888542,
      "z" : -13.708204
    },
    "orientation" : 36
  }, {
    "shape" : "dcff7861-2e3d-4561-89dc-cd3bd677297a",
    "color" : "#00A0E4",
    "position" : {
      "x" : 0.0,
      "y" : -44.36068,
      "z" : 0.0
    },
    "orientation" : 11
  }, {
    "shape" : "b8cdb2e9-0115-4696-a36d-5c0b231d518a",
    "color" : "#FFFFFF",
    "position" : {
      "x" : -22.18034,
      "y" : 35.888542,
      "z" : 13.708204
    }
  }, {
    "shape" : "dcff7861-2e3d-4561-89dc-cd3bd677297a",
    "color" : "#00A0E4",
    "position" : {
      "x" : 13.708204,
      "y" : -35.888542,
      "z" : 0.0
    },
    "orientation" : 52
  }, {
    "shape" : "17fd0d0d-3ef2-4efe-af7e-8f7f69e78094",
    "color" : "#F0A000",
    "position" : {
      "x" : 0.0,
      "y" : 35.888542,
      "z" : 22.18034
    },
    "orientation" : 30
  }, {
    "shape" : "17fd0d0d-3ef2-4efe-af7e-8f7f69e78094",
    "color" : "#F0A000",
    "position" : {
      "x" : 22.18034,
      "y" : -22.18034,
      "z" : -22.18034
    },
    "orientation" : 1
  }, {
    "shape" : "17fd0d0d-3ef2-4efe-af7e-8f7f69e78094",
    "color" : "#F0A000",
    "position" : {
      "x" : 22.18034,
      "y" : 13.708204,
      "z" : 0.0
    },
    "orientation" : 1
  }, {
    "shape" : "dcff7861-2e3d-4561-89dc-cd3bd677297a",
    "color" : "#00A0E4",
    "position" : {
      "x" : 0.0,
      "y" : 44.36068,
      "z" : 0.0
    },
    "orientation" : 53
  }, {
    "shape" : "ac06a196-e85a-476e-9a1f-6d877fce6a16",
    "color" : "#AF0000",
    "position" : {
      "x" : 35.888542,
      "y" : 0.0,
      "z" : 13.708204
    },
    "orientation" : 32
  }, {
    "shape" : "dcff7861-2e3d-4561-89dc-cd3bd677297a",
    "color" : "#00A0E4",
    "position" : {
      "x" : -35.888542,
      "y" : -13.708204,
      "z" : 22.18034
    },
    "orientation" : 55
  }, {
    "shape" : "b8cdb2e9-0115-4696-a36d-5c0b231d518a",
    "color" : "#FFFFFF",
    "position" : {
      "x" : 0.0,
      "y" : 22.18034,
      "z" : 13.708204
    }
  }, {
    "shape" : "3572a4c7-1240-47f0-9243-27c7ff1ed282",
    "color" : "#AF0000",
    "position" : {
      "x" : 44.36068,
      "y" : 0.0,
      "z" : 0.0
    },
    "orientation" : 47
  }, {
    "shape" : "17fd0d0d-3ef2-4efe-af7e-8f7f69e78094",
    "color" : "#F0A000",
    "position" : {
      "x" : 0.0,
      "y" : -35.888542,
      "z" : -22.18034
    },
    "orientation" : 3
  }, {
    "shape" : "17fd0d0d-3ef2-4efe-af7e-8f7f69e78094",
    "color" : "#F0A000",
    "position" : {
      "x" : -22.18034,
      "y" : 0.0,
      "z" : -35.888542
    },
    "orientation" : 4
  }, {
    "shape" : "b8cdb2e9-0115-4696-a36d-5c0b231d518a",
    "color" : "#FFFFFF",
    "position" : {
      "x" : 44.36068,
      "y" : 0.0,
      "z" : 0.0
    }
  }, {
    "shape" : "b8cdb2e9-0115-4696-a36d-5c0b231d518a",
    "color" : "#FFFFFF",
    "position" : {
      "x" : 22.18034,
      "y" : -35.888542,
      "z" : 13.708204
    }
  }, {
    "shape" : "dcff7861-2e3d-4561-89dc-cd3bd677297a",
    "color" : "#00A0E4",
    "position" : {
      "x" : -35.888542,
      "y" : 13.708204,
      "z" : 22.18034
    },
    "orientation" : 6
  }, {
    "shape" : "17fd0d0d-3ef2-4efe-af7e-8f7f69e78094",
    "color" : "#F0A000",
    "position" : {
      "x" : 22.18034,
      "y" : -35.888542,
      "z" : 13.708204
    },
    "orientation" : 38
  }, {
    "shape" : "dcff7861-2e3d-4561-89dc-cd3bd677297a",
    "color" : "#00A0E4",
    "position" : {
      "x" : -22.18034,
      "y" : 22.18034,
      "z" : -22.18034
    },
    "orientation" : 10
  }, {
    "shape" : "b8cdb2e9-0115-4696-a36d-5c0b231d518a",
    "color" : "#FFFFFF",
    "position" : {
      "x" : -35.888542,
      "y" : 0.0,
      "z" : -13.708204
    }
  }, {
    "shape" : "3572a4c7-1240-47f0-9243-27c7ff1ed282",
    "color" : "#AF0000",
    "position" : {
      "x" : 35.888542,
      "y" : -13.708204,
      "z" : -22.18034
    },
    "orientation" : 1
  }, {
    "shape" : "3572a4c7-1240-47f0-9243-27c7ff1ed282",
    "color" : "#AF0000",
    "position" : {
      "x" : -13.708204,
      "y" : 0.0,
      "z" : -22.18034
    },
    "orientation" : 47
  }, {
    "shape" : "ac06a196-e85a-476e-9a1f-6d877fce6a16",
    "color" : "#AF0000",
    "position" : {
      "x" : -22.18034,
      "y" : 0.0,
      "z" : 35.888542
    },
    "orientation" : 47
  }, {
    "shape" : "b8cdb2e9-0115-4696-a36d-5c0b231d518a",
    "color" : "#FFFFFF",
    "position" : {
      "x" : 0.0,
      "y" : -35.888542,
      "z" : 22.18034
    }
  }, {
    "shape" : "17fd0d0d-3ef2-4efe-af7e-8f7f69e78094",
    "color" : "#F0A000",
    "position" : {
      "x" : 22.18034,
      "y" : 22.18034,
      "z" : -22.18034
    },
    "orientation" : 2
  }, {
    "shape" : "b8cdb2e9-0115-4696-a36d-5c0b231d518a",
    "color" : "#FFFFFF",
    "position" : {
      "x" : 0.0,
      "y" : 44.36068,
      "z" : 0.0
    }
  }, {
    "shape" : "17fd0d0d-3ef2-4efe-af7e-8f7f69e78094",
    "color" : "#F0A000",
    "position" : {
      "x" : 0.0,
      "y" : -35.888542,
      "z" : -22.18034
    },
    "orientation" : 8
  }, {
    "shape" : "3572a4c7-1240-47f0-9243-27c7ff1ed282",
    "color" : "#AF0000",
    "position" : {
      "x" : 35.888542,
      "y" : 13.708204,
      "z" : 22.18034
    },
    "orientation" : 16
  }, {
    "shape" : "3572a4c7-1240-47f0-9243-27c7ff1ed282",
    "color" : "#AF0000",
    "position" : {
      "x" : -22.18034,
      "y" : 35.888542,
      "z" : -13.708204
    },
    "orientation" : 2
  }, {
    "shape" : "b8cdb2e9-0115-4696-a36d-5c0b231d518a",
    "color" : "#FFFFFF",
    "position" : {
      "x" : 0.0,
      "y" : -22.18034,
      "z" : 13.708204
    }
  }, {
    "shape" : "b8cdb2e9-0115-4696-a36d-5c0b231d518a",
    "color" : "#FFFFFF",
    "position" : {
      "x" : 13.708204,
      "y" : 35.888542,
      "z" : 0.0
    }
  }, {
    "shape" : "17fd0d0d-3ef2-4efe-af7e-8f7f69e78094",
    "color" : "#F0A000",
    "position" : {
      "x" : 22.18034,
      "y" : 22.18034,
      "z" : -22.18034
    },
    "orientation" : 38
  }, {
    "shape" : "3572a4c7-1240-47f0-9243-27c7ff1ed282",
    "color" : "#AF0000",
    "position" : {
      "x" : 22.18034,
      "y" : -35.888542,
      "z" : -13.708204
    },
    "orientation" : 46
  }, {
    "shape" : "3572a4c7-1240-47f0-9243-27c7ff1ed282",
    "color" : "#AF0000",
    "position" : {
      "x" : 13.708204,
      "y" : -22.18034,
      "z" : 35.888542
    },
    "orientation" : 45
  }, {
    "shape" : "b8cdb2e9-0115-4696-a36d-5c0b231d518a",
    "color" : "#FFFFFF",
    "position" : {
      "x" : 0.0,
      "y" : 35.888542,
      "z" : 22.18034
    }
  }, {
    "shape" : "17fd0d0d-3ef2-4efe-af7e-8f7f69e78094",
    "color" : "#F0A000",
    "position" : {
      "x" : -13.708204,
      "y" : 0.0,
      "z" : -22.18034
    },
    "orientation" : 1
  }, {
    "shape" : "b8cdb2e9-0115-4696-a36d-5c0b231d518a",
    "color" : "#FFFFFF",
    "position" : {
      "x" : -22.18034,
      "y" : 22.18034,
      "z" : 22.18034
    }
  }, {
    "shape" : "b8cdb2e9-0115-4696-a36d-5c0b231d518a",
    "color" : "#FFFFFF",
    "position" : {
      "x" : 35.888542,
      "y" : -13.708204,
      "z" : -22.18034
    }
  }, {
    "shape" : "ac06a196-e85a-476e-9a1f-6d877fce6a16",
    "color" : "#AF0000",
    "position" : {
      "x" : 35.888542,
      "y" : 22.18034,
      "z" : 0.0
    },
    "orientation" : 31
  }, {
    "shape" : "3572a4c7-1240-47f0-9243-27c7ff1ed282",
    "color" : "#AF0000",
    "position" : {
      "x" : -35.888542,
      "y" : 13.708204,
      "z" : -22.18034
    },
    "orientation" : 0
  }, {
    "shape" : "ac06a196-e85a-476e-9a1f-6d877fce6a16",
    "color" : "#AF0000",
    "position" : {
      "x" : 22.18034,
      "y" : 22.18034,
      "z" : -22.18034
    },
    "orientation" : 2
  }, {
    "shape" : "3572a4c7-1240-47f0-9243-27c7ff1ed282",
    "color" : "#AF0000",
    "position" : {
      "x" : -13.708204,
      "y" : 35.888542,
      "z" : 0.0
    },
    "orientation" : 32
  }, {
    "shape" : "dcff7861-2e3d-4561-89dc-cd3bd677297a",
    "color" : "#00A0E4",
    "position" : {
      "x" : 35.888542,
      "y" : 13.708204,
      "z" : -22.18034
    },
    "orientation" : 37
  }, {
    "shape" : "dcff7861-2e3d-4561-89dc-cd3bd677297a",
    "color" : "#00A0E4",
    "position" : {
      "x" : 22.18034,
      "y" : -22.18034,
      "z" : -22.18034
    },
    "orientation" : 9
  }, {
    "shape" : "ac06a196-e85a-476e-9a1f-6d877fce6a16",
    "color" : "#AF0000",
    "position" : {
      "x" : 22.18034,
      "y" : 22.18034,
      "z" : 22.18034
    },
    "orientation" : 45
  }, {
    "shape" : "b8cdb2e9-0115-4696-a36d-5c0b231d518a",
    "color" : "#FFFFFF",
    "position" : {
      "x" : -22.18034,
      "y" : -13.708204,
      "z" : 0.0
    }
  }, {
    "shape" : "ac06a196-e85a-476e-9a1f-6d877fce6a16",
    "color" : "#AF0000",
    "position" : {
      "x" : 35.888542,
      "y" : 22.18034,
      "z" : 0.0
    },
    "orientation" : 45
  }, {
    "shape" : "dcff7861-2e3d-4561-89dc-cd3bd677297a",
    "color" : "#00A0E4",
    "position" : {
      "x" : 0.0,
      "y" : -13.708204,
      "z" : -35.888542
    },
    "orientation" : 1
  }, {
    "shape" : "b8cdb2e9-0115-4696-a36d-5c0b231d518a",
    "color" : "#FFFFFF",
    "position" : {
      "x" : -22.18034,
      "y" : 0.0,
      "z" : 35.888542
    }
  }, {
    "shape" : "17fd0d0d-3ef2-4efe-af7e-8f7f69e78094",
    "color" : "#F0A000",
    "position" : {
      "x" : 0.0,
      "y" : -44.36068,
      "z" : 0.0
    },
    "orientation" : 17
  }, {
    "shape" : "dcff7861-2e3d-4561-89dc-cd3bd677297a",
    "color" : "#00A0E4",
    "position" : {
      "x" : 35.888542,
      "y" : -13.708204,
      "z" : -22.18034
    },
    "orientation" : 10
  }, {
    "shape" : "17fd0d0d-3ef2-4efe-af7e-8f7f69e78094",
    "color" : "#F0A000",
    "position" : {
      "x" : 0.0,
      "y" : 35.888542,
      "z" : -22.18034
    },
    "orientation" : 7
  }, {
    "shape" : "b8cdb2e9-0115-4696-a36d-5c0b231d518a",
    "color" : "#FFFFFF",
    "position" : {
      "x" : 35.888542,
      "y" : 0.0,
      "z" : -13.708204
    }
  }, {
    "shape" : "17fd0d0d-3ef2-4efe-af7e-8f7f69e78094",
    "color" : "#F0A000",
    "position" : {
      "x" : 13.708204,
      "y" : -22.18034,
      "z" : -35.888542
    },
    "orientation" : 6
  }, {
    "shape" : "dcff7861-2e3d-4561-89dc-cd3bd677297a",
    "color" : "#00A0E4",
    "position" : {
      "x" : 0.0,
      "y" : 13.708204,
      "z" : -35.888542
    },
    "orientation" : 11
  }, {
    "shape" : "dcff7861-2e3d-4561-89dc-cd3bd677297a",
    "color" : "#00A0E4",
    "position" : {
      "x" : 22.18034,
      "y" : 22.18034,
      "z" : -22.18034
    },
    "orientation" : 7
  }, {
    "shape" : "17fd0d0d-3ef2-4efe-af7e-8f7f69e78094",
    "color" : "#F0A000",
    "position" : {
      "x" : 22.18034,
      "y" : 0.0,
      "z" : -35.888542
    },
    "orientation" : 9
  }, {
    "shape" : "dcff7861-2e3d-4561-89dc-cd3bd677297a",
    "color" : "#00A0E4",
    "position" : {
      "x" : -22.18034,
      "y" : -13.708204,
      "z" : 0.0
    },
    "orientation" : 26
  }, {
    "shape" : "b8cdb2e9-0115-4696-a36d-5c0b231d518a",
    "color" : "#FFFFFF",
    "position" : {
      "x" : 0.0,
      "y" : 22.18034,
      "z" : -13.708204
    }
  }, {
    "shape" : "ac06a196-e85a-476e-9a1f-6d877fce6a16",
    "color" : "#AF0000",
    "position" : {
      "x" : -13.708204,
      "y" : 35.888542,
      "z" : 0.0
    },
    "orientation" : 2
  }, {
    "shape" : "17fd0d0d-3ef2-4efe-af7e-8f7f69e78094",
    "color" : "#F0A000",
    "position" : {
      "x" : -22.18034,
      "y" : 22.18034,
      "z" : -22.18034
    },
    "orientation" : 8
  }, {
    "shape" : "3572a4c7-1240-47f0-9243-27c7ff1ed282",
    "color" : "#AF0000",
    "position" : {
      "x" : 22.18034,
      "y" : 13.708204,
      "z" : 0.0
    },
    "orientation" : 0
  }, {
    "shape" : "dcff7861-2e3d-4561-89dc-cd3bd677297a",
    "color" : "#00A0E4",
    "position" : {
      "x" : -13.708204,
      "y" : 35.888542,
      "z" : 0.0
    },
    "orientation" : 40
  }, {
    "shape" : "ac06a196-e85a-476e-9a1f-6d877fce6a16",
    "color" : "#AF0000",
    "position" : {
      "x" : 22.18034,
      "y" : -22.18034,
      "z" : 22.18034
    },
    "orientation" : 30
  }, {
    "shape" : "dcff7861-2e3d-4561-89dc-cd3bd677297a",
    "color" : "#00A0E4",
    "position" : {
      "x" : 13.708204,
      "y" : 0.0,
      "z" : 22.18034
    },
    "orientation" : 36
  }, {
    "shape" : "17fd0d0d-3ef2-4efe-af7e-8f7f69e78094",
    "color" : "#F0A000",
    "position" : {
      "x" : 0.0,
      "y" : 22.18034,
      "z" : 13.708204
    },
    "orientation" : 8
  }, {
    "shape" : "ac06a196-e85a-476e-9a1f-6d877fce6a16",
    "color" : "#AF0000",
    "position" : {
      "x" : 0.0,
      "y" : 13.708204,
      "z" : 35.888542
    },
    "orientation" : 15
  }, {
    "shape" : "dcff7861-2e3d-4561-89dc-cd3bd677297a",
    "color" : "#00A0E4",
    "position" : {
      "x" : 0.0,
      "y" : -22.18034,
      "z" : -13.708204
    },
    "orientation" : 2
  }, {
    "shape" : "ac06a196-e85a-476e-9a1f-6d877fce6a16",
    "color" : "#AF0000",
