{
  "polygons" : "true",
  "field" : "golden",
  "symmetry" : "icosahedral",
  "orientations" : [ [ 1.0, 0.0, 0.0, 0.0, 0.0, 1.0, 0.0, 0.0, 0.0, 0.0, 1.0, 0.0, 0.0, 0.0, 0.0, 1.0 ], [ 0.0, 0.0, 1.0, 0.0, 1.0, 0.0, 0.0, 0.0, 0.0, 1.0, 0.0, 0.0, 0.0, 0.0, 0.0, 1.0 ], [ 0.0, 1.0, 0.0, 0.0, 0.0, 0.0, 1.0, 0.0, 1.0, 0.0, 0.0, 0.0, 0.0, 0.0, 0.0, 1.0 ], [ 0.809017, 0.309017, 0.5, 0.0, 0.309017, 0.5, -0.809017, 0.0, -0.5, 0.809017, 0.309017, 0.0, 0.0, 0.0, 0.0, 1.0 ], [ -0.5, 0.809017, 0.309017, 0.0, 0.809017, 0.309017, 0.5, 0.0, 0.309017, 0.5, -0.809017, 0.0, 0.0, 0.0, 0.0, 1.0 ], [ 0.309017, 0.5, -0.809017, 0.0, -0.5, 0.809017, 0.309017, 0.0, 0.809017, 0.309017, 0.5, 0.0, 0.0, 0.0, 0.0, 1.0 ], [ 0.5, 0.809017, 0.309017, 0.0, 0.809017, -0.309017, -0.5, 0.0, -0.309017, 0.5, -0.809017, 0.0, 0.0, 0.0, 0.0, 1.0 ], [ -0.309017, 0.5, -0.809017, 0.0, 0.5, 0.809017, 0.309017, 0.0, 0.809017, -0.309017, -0.5, 0.0, 0.0, 0.0, 0.0, 1.0 ], [ 0.809017, -0.309017, -0.5, 0.0, -0.309017, 0.5, -0.809017, 0.0, 0.5, 0.809017, 0.309017, 0.0, 0.0, 0.0, 0.0, 1.0 ], [ 0.5, 0.809017, -0.309017, 0.0, 0.809017, -0.309017, 0.5, 0.0, 0.309017, -0.5, -0.809017, 0.0, 0.0, 0.0, 0.0, 1.0 ], [ 0.309017, -0.5, -0.809017, 0.0, 0.5, 0.809017, -0.309017, 0.0, 0.809017, -0.309017, 0.5, 0.0, 0.0, 0.0, 0.0, 1.0 ], [ 0.809017, -0.309017, 0.5, 0.0, 0.309017, -0.5, -0.809017, 0.0, 0.5, 0.809017, -0.309017, 0.0, 0.0, 0.0, 0.0, 1.0 ], [ 0.809017, 0.309017, -0.5, 0.0, 0.309017, 0.5, 0.809017, 0.0, 0.5, -0.809017, 0.309017, 0.0, 0.0, 0.0, 0.0, 1.0 ], [ 0.5, -0.809017, 0.309017, 0.0, 0.809017, 0.309017, -0.5, 0.0, 0.309017, 0.5, 0.809017, 0.0, 0.0, 0.0, 0.0, 1.0 ], [ 0.309017, 0.5, 0.809017, 0.0, 0.5, -0.809017, 0.309017, 0.0, 0.809017, 0.309017, -0.5, 0.0, 0.0, 0.0, 0.0, 1.0 ], [ 1.0, 0.0, 0.0, 0.0, 0.0, -1.0, 0.0, 0.0, 0.0, 0.0, -1.0, 0.0, 0.0, 0.0, 0.0, 1.0 ], [ 0.0, 0.0, 1.0, 0.0, -1.0, 0.0, 0.0, 0.0, 0.0, -1.0, 0.0, 0.0, 0.0, 0.0, 0.0, 1.0 ], [ 0.0, 1.0, 0.0, 0.0, 0.0, 0.0, -1.0, 0.0, -1.0, 0.0, 0.0, 0.0, 0.0, 0.0, 0.0, 1.0 ], [ 0.809017, 0.309017, 0.5, 0.0, -0.309017, -0.5, 0.809017, 0.0, 0.5, -0.809017, -0.309017, 0.0, 0.0, 0.0, 0.0, 1.0 ], [ -0.5, 0.809017, 0.309017, 0.0, -0.809017, -0.309017, -0.5, 0.0, -0.309017, -0.5, 0.809017, 0.0, 0.0, 0.0, 0.0, 1.0 ], [ 0.309017, 0.5, -0.809017, 0.0, 0.5, -0.809017, -0.309017, 0.0, -0.809017, -0.309017, -0.5, 0.0, 0.0, 0.0, 0.0, 1.0 ], [ 0.5, 0.809017, 0.309017, 0.0, -0.809017, 0.309017, 0.5, 0.0, 0.309017, -0.5, 0.809017, 0.0, 0.0, 0.0, 0.0, 1.0 ], [ -0.309017, 0.5, -0.809017, 0.0, -0.5, -0.809017, -0.309017, 0.0, -0.809017, 0.309017, 0.5, 0.0, 0.0, 0.0, 0.0, 1.0 ], [ 0.809017, -0.309017, -0.5, 0.0, 0.309017, -0.5, 0.809017, 0.0, -0.5, -0.809017, -0.309017, 0.0, 0.0, 0.0, 0.0, 1.0 ], [ 0.5, 0.809017, -0.309017, 0.0, -0.809017, 0.309017, -0.5, 0.0, -0.309017, 0.5, 0.809017, 0.0, 0.0, 0.0, 0.0, 1.0 ], [ 0.309017, -0.5, -0.809017, 0.0, -0.5, -0.809017, 0.309017, 0.0, -0.809017, 0.309017, -0.5, 0.0, 0.0, 0.0, 0.0, 1.0 ], [ 0.809017, -0.309017, 0.5, 0.0, -0.309017, 0.5, 0.809017, 0.0, -0.5, -0.809017, 0.309017, 0.0, 0.0, 0.0, 0.0, 1.0 ], [ 0.809017, 0.309017, -0.5, 0.0, -0.309017, -0.5, -0.809017, 0.0, -0.5, 0.809017, -0.309017, 0.0, 0.0, 0.0, 0.0, 1.0 ], [ 0.5, -0.809017, 0.309017, 0.0, -0.809017, -0.309017, 0.5, 0.0, -0.309017, -0.5, -0.809017, 0.0, 0.0, 0.0, 0.0, 1.0 ], [ 0.309017, 0.5, 0.809017, 0.0, -0.5, 0.809017, -0.309017, 0.0, -0.809017, -0.309017, 0.5, 0.0, 0.0, 0.0, 0.0, 1.0 ], [ -1.0, 0.0, 0.0, 0.0, 0.0, -1.0, 0.0, 0.0, 0.0, 0.0, 1.0, 0.0, 0.0, 0.0, 0.0, 1.0 ], [ 0.0, 0.0, -1.0, 0.0, -1.0, 0.0, 0.0, 0.0, 0.0, 1.0, 0.0, 0.0, 0.0, 0.0, 0.0, 1.0 ], [ 0.0, -1.0, 0.0, 0.0, 0.0, 0.0, -1.0, 0.0, 1.0, 0.0, 0.0, 0.0, 0.0, 0.0, 0.0, 1.0 ], [ -0.809017, -0.309017, -0.5, 0.0, -0.309017, -0.5, 0.809017, 0.0, -0.5, 0.809017, 0.309017, 0.0, 0.0, 0.0, 0.0, 1.0 ], [ 0.5, -0.809017, -0.309017, 0.0, -0.809017, -0.309017, -0.5, 0.0, 0.309017, 0.5, -0.809017, 0.0, 0.0, 0.0, 0.0, 1.0 ], [ -0.309017, -0.5, 0.809017, 0.0, 0.5, -0.809017, -0.309017, 0.0, 0.809017, 0.309017, 0.5, 0.0, 0.0, 0.0, 0.0, 1.0 ], [ -0.5, -0.809017, -0.309017, 0.0, -0.809017, 0.309017, 0.5, 0.0, -0.309017, 0.5, -0.809017, 0.0, 0.0, 0.0, 0.0, 1.0 ], [ 0.309017, -0.5, 0.809017, 0.0, -0.5, -0.809017, -0.309017, 0.0, 0.809017, -0.309017, -0.5, 0.0, 0.0, 0.0, 0.0, 1.0 ], [ -0.809017, 0.309017, 0.5, 0.0, 0.309017, -0.5, 0.809017, 0.0, 0.5, 0.809017, 0.309017, 0.0, 0.0, 0.0, 0.0, 1.0 ], [ -0.5, -0.809017, 0.309017, 0.0, -0.809017, 0.309017, -0.5, 0.0, 0.309017, -0.5, -0.809017, 0.0, 0.0, 0.0, 0.0, 1.0 ], [ -0.309017, 0.5, 0.809017, 0.0, -0.5, -0.809017, 0.309017, 0.0, 0.809017, -0.309017, 0.5, 0.0, 0.0, 0.0, 0.0, 1.0 ], [ -0.809017, 0.309017, -0.5, 0.0, -0.309017, 0.5, 0.809017, 0.0, 0.5, 0.809017, -0.309017, 0.0, 0.0, 0.0, 0.0, 1.0 ], [ -0.809017, -0.309017, 0.5, 0.0, -0.309017, -0.5, -0.809017, 0.0, 0.5, -0.809017, 0.309017, 0.0, 0.0, 0.0, 0.0, 1.0 ], [ -0.5, 0.809017, -0.309017, 0.0, -0.809017, -0.309017, 0.5, 0.0, 0.309017, 0.5, 0.809017, 0.0, 0.0, 0.0, 0.0, 1.0 ], [ -0.309017, -0.5, -0.809017, 0.0, -0.5, 0.809017, -0.309017, 0.0, 0.809017, 0.309017, -0.5, 0.0, 0.0, 0.0, 0.0, 1.0 ], [ -1.0, 0.0, 0.0, 0.0, 0.0, 1.0, 0.0, 0.0, 0.0, 0.0, -1.0, 0.0, 0.0, 0.0, 0.0, 1.0 ], [ 0.0, 0.0, -1.0, 0.0, 1.0, 0.0, 0.0, 0.0, 0.0, -1.0, 0.0, 0.0, 0.0, 0.0, 0.0, 1.0 ], [ 0.0, -1.0, 0.0, 0.0, 0.0, 0.0, 1.0, 0.0, -1.0, 0.0, 0.0, 0.0, 0.0, 0.0, 0.0, 1.0 ], [ -0.809017, -0.309017, -0.5, 0.0, 0.309017, 0.5, -0.809017, 0.0, 0.5, -0.809017, -0.309017, 0.0, 0.0, 0.0, 0.0, 1.0 ], [ 0.5, -0.809017, -0.309017, 0.0, 0.809017, 0.309017, 0.5, 0.0, -0.309017, -0.5, 0.809017, 0.0, 0.0, 0.0, 0.0, 1.0 ], [ -0.309017, -0.5, 0.809017, 0.0, -0.5, 0.809017, 0.309017, 0.0, -0.809017, -0.309017, -0.5, 0.0, 0.0, 0.0, 0.0, 1.0 ], [ -0.5, -0.809017, -0.309017, 0.0, 0.809017, -0.309017, -0.5, 0.0, 0.309017, -0.5, 0.809017, 0.0, 0.0, 0.0, 0.0, 1.0 ], [ 0.309017, -0.5, 0.809017, 0.0, 0.5, 0.809017, 0.309017, 0.0, -0.809017, 0.309017, 0.5, 0.0, 0.0, 0.0, 0.0, 1.0 ], [ -0.809017, 0.309017, 0.5, 0.0, -0.309017, 0.5, -0.809017, 0.0, -0.5, -0.809017, -0.309017, 0.0, 0.0, 0.0, 0.0, 1.0 ], [ -0.5, -0.809017, 0.309017, 0.0, 0.809017, -0.309017, 0.5, 0.0, -0.309017, 0.5, 0.809017, 0.0, 0.0, 0.0, 0.0, 1.0 ], [ -0.309017, 0.5, 0.809017, 0.0, 0.5, 0.809017, -0.309017, 0.0, -0.809017, 0.309017, -0.5, 0.0, 0.0, 0.0, 0.0, 1.0 ], [ -0.809017, 0.309017, -0.5, 0.0, 0.309017, -0.5, -0.809017, 0.0, -0.5, -0.809017, 0.309017, 0.0, 0.0, 0.0, 0.0, 1.0 ], [ -0.809017, -0.309017, 0.5, 0.0, 0.309017, 0.5, 0.809017, 0.0, -0.5, 0.809017, -0.309017, 0.0, 0.0, 0.0, 0.0, 1.0 ], [ -0.5, 0.809017, -0.309017, 0.0, 0.809017, 0.309017, -0.5, 0.0, -0.309017, -0.5, -0.809017, 0.0, 0.0, 0.0, 0.0, 1.0 ], [ -0.309017, -0.5, -0.809017, 0.0, 0.5, -0.809017, 0.309017, 0.0, -0.809017, -0.309017, 0.5, 0.0, 0.0, 0.0, 0.0, 1.0 ] ],
  "lights" : {
    "directionalLights" : [ {
      "direction" : [ 1.0, -1.0, -1.0 ],
      "color" : "#EBEBE4"
    }, {
      "direction" : [ -1.0, 0.0, 0.0 ],
      "color" : "#E4E4EB"
    }, {
      "direction" : [ 0.0, 0.0, -1.0 ],
      "color" : "#1E1E1E"
    } ],
    "ambientColor" : "#292929",
    "backgroundColor" : "#8CC2E7"
  },
  "camera" : {
    "position" : {
      "x" : 110.37978,
      "y" : -6.8173895,
      "z" : 42.253605
    },
    "width" : 53.274265,
    "perspective" : true,
    "fieldOfView" : 0.4426289,
    "lookAtPoint" : {
      "x" : 0.0,
      "y" : 0.0,
      "z" : 0.0
    },
    "upDirection" : {
      "x" : 0.3605708,
      "y" : 0.07640803,
      "z" : -0.92959696
    },
    "stereo" : false,
    "lookDirection" : {
      "x" : -0.9323621,
      "y" : 0.057585504,
      "z" : -0.35691008
    },
    "nearClipDistance" : 0.10961783,
    "farClipDistance" : 236.7745,
    "viewDistance" : 118.38725,
    "lookAtPointRV" : {
      "x" : 0.0,
      "y" : 0.0,
      "z" : 0.0,
      "zero" : true
    },
    "lookDirectionRV" : {
      "x" : -0.9323621,
      "y" : 0.057585504,
      "z" : -0.35691008,
      "zero" : false
    },
    "upDirectionRV" : {
      "x" : 0.3605708,
      "y" : 0.07640803,
      "z" : -0.92959696,
      "zero" : false
    }
  },
  "embedding" : [ 1.0, 0.0, 0.0, 0.0, 0.0, 1.0, 0.0, 0.0, 0.0, 0.0, 1.0, 0.0, 0.0, 0.0, 0.0, 1.0 ],
  "shapes" : [ {
    "id" : "abe8f8da-4057-42ca-98ab-4835d0f9e2c9",
    "orbit" : "blue",
    "orbitC" : "[[0,0,1],[0,0,1]]",
    "length" : "[1,0,1]",
    "name" : "b1",
    "vertices" : [ {
      "x" : 7.472136,
      "y" : 0.309017,
      "z" : 0.19098301
    }, {
      "x" : 7.472136,
      "y" : 0.309017,
      "z" : -0.19098301
    }, {
      "x" : 1.0,
      "y" : 0.309017,
      "z" : -0.19098301
    }, {
      "x" : 1.0,
      "y" : 0.309017,
      "z" : 0.19098301
    }, {
      "x" : 7.472136,
      "y" : -0.309017,
      "z" : 0.19098301
    }, {
      "x" : 1.0,
      "y" : -0.309017,
      "z" : 0.19098301
    }, {
      "x" : 1.0,
      "y" : -0.309017,
      "z" : -0.19098301
    }, {
      "x" : 7.472136,
      "y" : -0.309017,
      "z" : -0.19098301
    }, {
      "x" : 8.472136,
      "y" : 0.0,
      "z" : 0.0
    } ],
    "faces" : [ {
      "vertices" : [ 1, 7, 6, 2 ]
    }, {
      "vertices" : [ 0, 1, 2, 3 ]
    }, {
      "vertices" : [ 4, 5, 6, 7 ]
    }, {
      "vertices" : [ 0, 3, 5, 4 ]
    } ]
  }, {
    "id" : "9c668202-bb5b-4004-9219-0bbc41ff3d86",
    "name" : "ball",
    "vertices" : [ {
      "x" : 0.309017,
      "y" : -0.809017,
      "z" : 0.618034
    }, {
      "x" : 0.809017,
      "y" : -0.618034,
      "z" : 0.309017
    }, {
      "x" : 0.618034,
      "y" : -0.309017,
      "z" : 0.809017
    }, {
      "x" : 1.0,
      "y" : 0.309017,
      "z" : 0.19098301
    }, {
      "x" : 0.809017,
      "y" : 0.618034,
      "z" : 0.309017
    }, {
      "x" : 0.618034,
      "y" : 0.309017,
      "z" : 0.809017
    }, {
      "x" : 0.809017,
      "y" : 0.0,
      "z" : 0.690983
    }, {
      "x" : 0.19098301,
      "y" : -1.0,
      "z" : 0.309017
    }, {
      "x" : -0.19098301,
      "y" : -1.0,
      "z" : 0.309017
    }, {
      "x" : -0.19098301,
      "y" : -1.0,
      "z" : -0.309017
    }, {
      "x" : 0.19098301,
      "y" : -1.0,
      "z" : -0.309017
    }, {
      "x" : 1.0,
      "y" : -0.309017,
      "z" : -0.19098301
    }, {
      "x" : 0.809017,
      "y" : -0.618034,
      "z" : -0.309017
    }, {
      "x" : 0.618034,
      "y" : -0.309017,
      "z" : -0.809017
    }, {
      "x" : 0.809017,
      "y" : 0.0,
      "z" : -0.690983
    }, {
      "x" : 0.0,
      "y" : 0.690983,
      "z" : -0.809017
    }, {
      "x" : 0.309017,
      "y" : 0.809017,
      "z" : -0.618034
    }, {
      "x" : 0.618034,
      "y" : 0.309017,
      "z" : -0.809017
    }, {
      "x" : 0.309017,
      "y" : 0.19098301,
      "z" : -1.0
    }, {
      "x" : 1.0,
      "y" : 0.309017,
      "z" : -0.19098301
    }, {
      "x" : -0.309017,
      "y" : -0.809017,
      "z" : 0.618034
    }, {
      "x" : 0.0,
      "y" : -0.690983,
      "z" : 0.809017
    }, {
      "x" : 0.809017,
      "y" : 0.618034,
      "z" : -0.309017
    }, {
      "x" : 0.690983,
      "y" : 0.809017,
      "z" : 0.0
    }, {
      "x" : -0.690983,
      "y" : 0.809017,
      "z" : 0.0
    }, {
      "x" : -0.809017,
      "y" : 0.618034,
      "z" : 0.309017
    }, {
      "x" : -0.309017,
      "y" : 0.809017,
      "z" : 0.618034
    }, {
      "x" : -0.19098301,
      "y" : 1.0,
      "z" : 0.309017
    }, {
      "x" : 0.309017,
      "y" : -0.19098301,
      "z" : -1.0
    }, {
      "x" : 0.19098301,
      "y" : 1.0,
      "z" : 0.309017
    }, {
      "x" : 0.309017,
      "y" : 0.809017,
      "z" : 0.618034
    }, {
      "x" : -0.809017,
      "y" : -0.618034,
      "z" : 0.309017
    }, {
      "x" : -0.690983,
      "y" : -0.809017,
      "z" : 0.0
    }, {
      "x" : 0.0,
      "y" : 0.690983,
      "z" : 0.809017
    }, {
      "x" : 0.309017,
      "y" : -0.809017,
      "z" : -0.618034
    }, {
      "x" : 0.0,
      "y" : -0.690983,
      "z" : -0.809017
    }, {
      "x" : -1.0,
      "y" : 0.309017,
      "z" : 0.19098301
    }, {
      "x" : -0.809017,
      "y" : 0.0,
      "z" : 0.690983
    }, {
      "x" : -0.618034,
      "y" : 0.309017,
      "z" : 0.809017
    }, {
      "x" : 1.0,
      "y" : -0.309017,
      "z" : 0.19098301
    }, {
      "x" : -0.309017,
      "y" : -0.809017,
      "z" : -0.618034
    }, {
      "x" : -1.0,
      "y" : 0.309017,
      "z" : -0.19098301
    }, {
      "x" : -1.0,
      "y" : -0.309017,
      "z" : -0.19098301
    }, {
      "x" : -1.0,
      "y" : -0.309017,
      "z" : 0.19098301
    }, {
      "x" : 0.19098301,
      "y" : 1.0,
      "z" : -0.309017
    }, {
      "x" : -0.809017,
      "y" : 0.618034,
      "z" : -0.309017
    }, {
      "x" : -0.19098301,
      "y" : 1.0,
      "z" : -0.309017
    }, {
      "x" : -0.309017,
      "y" : 0.809017,
      "z" : -0.618034
    }, {
      "x" : -0.618034,
      "y" : -0.309017,
      "z" : 0.809017
    }, {
      "x" : 0.309017,
      "y" : 0.19098301,
      "z" : 1.0
    }, {
      "x" : -0.309017,
      "y" : 0.19098301,
      "z" : -1.0
    }, {
      "x" : -0.309017,
      "y" : 0.19098301,
      "z" : 1.0
    }, {
      "x" : -0.309017,
      "y" : -0.19098301,
      "z" : 1.0
    }, {
      "x" : 0.309017,
      "y" : -0.19098301,
      "z" : 1.0
    }, {
      "x" : 0.690983,
      "y" : -0.809017,
      "z" : 0.0
    }, {
      "x" : -0.809017,
      "y" : 0.0,
      "z" : -0.690983
    }, {
      "x" : -0.618034,
      "y" : -0.309017,
      "z" : -0.809017
    }, {
      "x" : -0.309017,
      "y" : -0.19098301,
      "z" : -1.0
    }, {
      "x" : -0.618034,
      "y" : 0.309017,
      "z" : -0.809017
    }, {
      "x" : -0.809017,
      "y" : -0.618034,
      "z" : -0.309017
    } ],
    "faces" : [ {
      "vertices" : [ 9, 40, 35, 34, 10 ]
    }, {
      "vertices" : [ 0, 1, 2 ]
    }, {
      "vertices" : [ 33, 51, 49 ]
    }, {
      "vertices" : [ 25, 36, 37, 38 ]
    }, {
      "vertices" : [ 41, 55, 42 ]
    }, {
      "vertices" : [ 9, 32, 59, 40 ]
    }, {
      "vertices" : [ 20, 21, 52, 48 ]
    }, {
      "vertices" : [ 26, 33, 30, 29, 27 ]
    }, {
      "vertices" : [ 3, 4, 5, 6 ]
    }, {
      "vertices" : [ 27, 29, 44, 46 ]
    }, {
      "vertices" : [ 50, 57, 56, 55, 58 ]
    }, {
      "vertices" : [ 26, 38, 51, 33 ]
    }, {
      "vertices" : [ 45, 47, 58 ]
    }, {
      "vertices" : [ 18, 28, 57, 50 ]
    }, {
      "vertices" : [ 40, 59, 56 ]
    }, {
      "vertices" : [ 31, 48, 37, 43 ]
    }, {
      "vertices" : [ 7, 8, 9, 10 ]
    }, {
      "vertices" : [ 36, 41, 42, 43 ]
    }, {
      "vertices" : [ 24, 46, 47, 45 ]
    }, {
      "vertices" : [ 4, 30, 5 ]
    }, {
      "vertices" : [ 15, 47, 46, 44, 16 ]
    }, {
      "vertices" : [ 15, 50, 58, 47 ]
    }, {
      "vertices" : [ 24, 45, 41, 36, 25 ]
    }, {
      "vertices" : [ 11, 14, 19 ]
    }, {
      "vertices" : [ 3, 6, 39 ]
    }, {
      "vertices" : [ 1, 39, 6, 2 ]
    }, {
      "vertices" : [ 8, 32, 9 ]
    }, {
      "vertices" : [ 11, 12, 13, 14 ]
    }, {
      "vertices" : [ 16, 22, 17 ]
    }, {
      "vertices" : [ 0, 21, 20, 8, 7 ]
    }, {
      "vertices" : [ 12, 34, 13 ]
    }, {
      "vertices" : [ 35, 40, 56, 57 ]
    }, {
      "vertices" : [ 0, 7, 54, 1 ]
    }, {
      "vertices" : [ 15, 16, 17, 18 ]
    }, {
      "vertices" : [ 3, 19, 22, 23, 4 ]
    }, {
      "vertices" : [ 7, 10, 54 ]
    }, {
      "vertices" : [ 41, 45, 58, 55 ]
    }, {
      "vertices" : [ 3, 39, 11, 19 ]
    }, {
      "vertices" : [ 14, 17, 22, 19 ]
    }, {
      "vertices" : [ 0, 2, 53, 21 ]
    }, {
      "vertices" : [ 49, 51, 52, 53 ]
    }, {
      "vertices" : [ 31, 43, 42, 59, 32 ]
    }, {
      "vertices" : [ 15, 18, 50 ]
    }, {
      "vertices" : [ 42, 55, 56, 59 ]
    }, {
      "vertices" : [ 4, 23, 29, 30 ]
    }, {
      "vertices" : [ 25, 38, 26 ]
    }, {
      "vertices" : [ 13, 28, 18, 17, 14 ]
    }, {
      "vertices" : [ 8, 20, 31, 32 ]
    }, {
      "vertices" : [ 23, 44, 29 ]
    }, {
      "vertices" : [ 24, 27, 46 ]
    }, {
      "vertices" : [ 37, 48, 52, 51, 38 ]
    }, {
      "vertices" : [ 20, 48, 31 ]
    }, {
      "vertices" : [ 24, 25, 26, 27 ]
    }, {
      "vertices" : [ 16, 44, 23, 22 ]
    }, {
      "vertices" : [ 13, 34, 35, 28 ]
    }, {
      "vertices" : [ 10, 34, 12, 54 ]
    }, {
      "vertices" : [ 2, 6, 5, 49, 53 ]
    }, {
      "vertices" : [ 36, 43, 37 ]
    }, {
      "vertices" : [ 5, 30, 33, 49 ]
    }, {
      "vertices" : [ 1, 54, 12, 11, 39 ]
    }, {
      "vertices" : [ 28, 35, 57 ]
    }, {
      "vertices" : [ 21, 53, 52 ]
    } ]
  } ],
  "instances" : [ {
    "shape" : "abe8f8da-4057-42ca-98ab-4835d0f9e2c9",
    "color" : "#FEE901",
    "position" : {
      "x" : 4.236068,
      "y" : 0.0,
      "z" : 6.854102
    },
    "orientation" : 45
  }, {
    "shape" : "abe8f8da-4057-42ca-98ab-4835d0f9e2c9",
    "color" : "#FEE901",
    "position" : {
      "x" : 6.854102,
      "y" : 4.236068,
      "z" : 0.0
    },
    "orientation" : 22
  }, {
    "shape" : "abe8f8da-4057-42ca-98ab-4835d0f9e2c9",
    "color" : "#FEE901",
    "position" : {
      "x" : -4.236068,
      "y" : 0.0,
      "z" : -6.854102
    },
    "orientation" : 40
  }, {
    "shape" : "abe8f8da-4057-42ca-98ab-4835d0f9e2c9",
    "color" : "#F57905",
    "position" : {
      "x" : -6.854102,
      "y" : 4.236068,
      "z" : 0.0
    },
    "orientation" : 16
  }, {
    "shape" : "abe8f8da-4057-42ca-98ab-4835d0f9e2c9",
    "color" : "#F57905",
    "position" : {
      "x" : 6.854102,
      "y" : 4.236068,
      "z" : 0.0
    },
    "orientation" : 16
  }, {
    "shape" : "abe8f8da-4057-42ca-98ab-4835d0f9e2c9",
    "color" : "#FEE901",
    "position" : {
      "x" : 4.236068,
      "y" : 0.0,
      "z" : -6.854102
    },
    "orientation" : 45
  }, {
    "shape" : "abe8f8da-4057-42ca-98ab-4835d0f9e2c9",
    "color" : "#FEE901",
    "position" : {
      "x" : 6.854102,
      "y" : 4.236068,
      "z" : 0.0
    },
    "orientation" : 38
  }, {
    "shape" : "abe8f8da-4057-42ca-98ab-4835d0f9e2c9",
    "color" : "#FEE901",
    "position" : {
      "x" : 0.0,
      "y" : -6.854102,
      "z" : -4.236068
    },
    "orientation" : 11
  }, {
    "shape" : "9c668202-bb5b-4004-9219-0bbc41ff3d86",
    "color" : "#F51505",
    "position" : {
      "x" : 6.854102,
      "y" : -4.236068,
      "z" : 0.0
    }
  }, {
    "shape" : "abe8f8da-4057-42ca-98ab-4835d0f9e2c9",
    "color" : "#F57905",
    "position" : {
      "x" : 0.0,
      "y" : 6.854102,
      "z" : -4.236068
    },
    "orientation" : 36
  }, {
    "shape" : "abe8f8da-4057-42ca-98ab-4835d0f9e2c9",
    "color" : "#F51505",
    "position" : {
      "x" : 0.0,
      "y" : 6.854102,
      "z" : -4.236068
    },
    "orientation" : 24
  }, {
    "shape" : "abe8f8da-4057-42ca-98ab-4835d0f9e2c9",
    "color" : "#F51505",
    "position" : {
      "x" : 0.0,
      "y" : 6.854102,
      "z" : 4.236068
    },
    "orientation" : 39
  }, {
    "shape" : "abe8f8da-4057-42ca-98ab-4835d0f9e2c9",
    "color" : "#F51505",
    "position" : {
      "x" : -4.236068,
      "y" : 0.0,
      "z" : -6.854102
    },
    "orientation" : 21
  }, {
    "shape" : "abe8f8da-4057-42ca-98ab-4835d0f9e2c9",
    "color" : "#F57905",
    "position" : {
      "x" : 0.0,
      "y" : 6.854102,
      "z" : 4.236068
    },
    "orientation" : 21
  }, {
    "shape" : "9c668202-bb5b-4004-9219-0bbc41ff3d86",
    "color" : "#F51505",
    "position" : {
      "x" : 6.854102,
      "y" : 4.236068,
      "z" : 0.0
    }
  }, {
    "shape" : "9c668202-bb5b-4004-9219-0bbc41ff3d86",
    "color" : "#F57905",
    "position" : {
      "x" : -4.236068,
      "y" : 0.0,
      "z" : 6.854102
    }
  }, {
    "shape" : "abe8f8da-4057-42ca-98ab-4835d0f9e2c9",
    "color" : "#F57905",
    "position" : {
      "x" : 0.0,
      "y" : -6.854102,
      "z" : 4.236068
    },
    "orientation" : 51
  }, {
    "shape" : "abe8f8da-4057-42ca-98ab-4835d0f9e2c9",
    "color" : "#F51505",
    "position" : {
      "x" : 4.236068,
      "y" : 0.0,
      "z" : -6.854102
    },
    "orientation" : 37
  }, {
    "shape" : "abe8f8da-4057-42ca-98ab-4835d0f9e2c9",
    "color" : "#F57905",
    "position" : {
      "x" : 0.0,
      "y" : -6.854102,
      "z" : 4.236068
    },
    "orientation" : 23
  }, {
    "shape" : "abe8f8da-4057-42ca-98ab-4835d0f9e2c9",
    "color" : "#FEE901",
    "position" : {
      "x" : 4.236068,
      "y" : 0.0,
      "z" : 6.854102
    },
    "orientation" : 25
  }, {
    "shape" : "abe8f8da-4057-42ca-98ab-4835d0f9e2c9",
    "color" : "#F57905",
    "position" : {
      "x" : -6.854102,
      "y" : -4.236068,
      "z" : 0.0
    },
    "orientation" : 26
  }, {
    "shape" : "abe8f8da-4057-42ca-98ab-4835d0f9e2c9",
    "color" : "#F57905",
    "position" : {
      "x" : 0.0,
      "y" : 6.854102,
      "z" : -4.236068
    },
    "orientation" : 8
  }, {
    "shape" : "abe8f8da-4057-42ca-98ab-4835d0f9e2c9",
    "color" : "#F51505",
    "position" : {
      "x" : 0.0,
      "y" : 6.854102,
      "z" : -4.236068
    },
    "orientation" : 2
  }, {
    "shape" : "abe8f8da-4057-42ca-98ab-4835d0f9e2c9",
    "color" : "#F57905",
    "position" : {
      "x" : 4.236068,
      "y" : 0.0,
      "z" : -6.854102
    },
    "orientation" : 39
  }, {
    "shape" : "9c668202-bb5b-4004-9219-0bbc41ff3d86",
    "color" : "#F51505",
    "position" : {
      "x" : -6.854102,
      "y" : 4.236068,
      "z" : 0.0
    }
  }, {
    "shape" : "9c668202-bb5b-4004-9219-0bbc41ff3d86",
    "color" : "#FEE901",
    "position" : {
      "x" : 0.0,
      "y" : -6.854102,
      "z" : -4.236068
    }
  }, {
    "shape" : "abe8f8da-4057-42ca-98ab-4835d0f9e2c9",
    "color" : "#FEE901",
    "position" : {
      "x" : -6.854102,
      "y" : -4.236068,
      "z" : 0.0
    },
    "orientation" : 8
  }, {
    "shape" : "abe8f8da-4057-42ca-98ab-4835d0f9e2c9",
    "color" : "#F51505",
    "position" : {
      "x" : 6.854102,
      "y" : 4.236068,
      "z" : 0.0
    },
    "orientation" : 40
  }, {
    "shape" : "abe8f8da-4057-42ca-98ab-4835d0f9e2c9",
    "color" : "#F51505",
    "position" : {
      "x" : 4.236068,
      "y" : 0.0,
      "z" : 6.854102
    },
    "orientation" : 36
  }, {
    "shape" : "abe8f8da-4057-42ca-98ab-4835d0f9e2c9",
    "color" : "#F57905",
    "position" : {
      "x" : -6.854102,
      "y" : 4.236068,
      "z" : 0.0
    },
    "orientation" : 11
  }, {
    "shape" : "abe8f8da-4057-42ca-98ab-4835d0f9e2c9",
    "color" : "#F51505",
    "position" : {
      "x" : -6.854102,
      "y" : 4.236068,
      "z" : 0.0
    },
    "orientation" : 25
  }, {
    "shape" : "9c668202-bb5b-4004-9219-0bbc41ff3d86",
    "color" : "#F57905",
    "position" : {
      "x" : 4.236068,
      "y" : 0.0,
      "z" : 6.854102
    }
  }, {
    "shape" : "9c668202-bb5b-4004-9219-0bbc41ff3d86",
    "color" : "#F51505",
    "position" : {
      "x" : -6.854102,
      "y" : -4.236068,
      "z" : 0.0
    }
  }, {
    "shape" : "9c668202-bb5b-4004-9219-0bbc41ff3d86",
    "color" : "#FEE901",
    "position" : {
      "x" : 0.0,
      "y" : 6.854102,
      "z" : -4.236068
    }
  }, {
    "shape" : "abe8f8da-4057-42ca-98ab-4835d0f9e2c9",
    "color" : "#FEE901",
    "position" : {
      "x" : 0.0,
      "y" : 6.854102,
      "z" : -4.236068
    },
    "orientation" : 41
  }, {
    "shape" : "9c668202-bb5b-4004-9219-0bbc41ff3d86",
    "color" : "#F57905",
    "position" : {
      "x" : -4.236068,
      "y" : 0.0,
      "z" : -6.854102
    }
  }, {
    "shape" : "abe8f8da-4057-42ca-98ab-4835d0f9e2c9",
    "color" : "#FEE901",
    "position" : {
      "x" : -6.854102,
      "y" : 4.236068,
      "z" : 0.0
    },
    "orientation" : 37
  }, {
    "shape" : "9c668202-bb5b-4004-9219-0bbc41ff3d86",
    "color" : "#FEE901",
    "position" : {
      "x" : 0.0,
      "y" : 6.854102,
      "z" : 4.236068
    }
  }, {
    "shape" : "9c668202-bb5b-4004-9219-0bbc41ff3d86",
    "color" : "#F57905",
    "position" : {
      "x" : 4.236068,
      "y" : 0.0,
      "z" : -6.854102
    }
  }, {
    "shape" : "9c668202-bb5b-4004-9219-0bbc41ff3d86",
    "color" : "#FEE901",
    "position" : {
      "x" : 0.0,
      "y" : -6.854102,
      "z" : 4.236068
    }
  }, {
    "shape" : "abe8f8da-4057-42ca-98ab-4835d0f9e2c9",
    "color" : "#F51505",
    "position" : {
      "x" : -6.854102,
      "y" : -4.236068,
      "z" : 0.0
    },
    "orientation" : 10
  }, {
    "shape" : "abe8f8da-4057-42ca-98ab-4835d0f9e2c9",
    "color" : "#F51505",
    "position" : {
      "x" : 0.0,
      "y" : -6.854102,
      "z" : 4.236068
    },
    "orientation" : 47
  } ],
  "scenes" : [ ],
  "snapshots" : [ [ ], [ ], [ ], [ ], [ ], [ ], [ ], [ ] ]
}