{
  "asset": {
    "version": "2.0",
    "generator": "THREE.GLTFExporter"
  },
  "scenes": [
    {
      "nodes": [
        5520,
        5525
      ]
    }
  ],
  "scene": 0,
  "nodes": [
    {
      "matrix": [
        -0.30901699437494745,
        0.5,
        0.8090169943749475,
        0,
        0.5,
        0.8090169943749475,
        -0.30901699437494745,
        0,
        -0.8090169943749475,
        0.30901699437494745,
        -0.5,
        0,
        0,
        0,
        0,
        1
      ],
      "mesh": 0
    },
    {
      "matrix": [
        -0.30901699437494745,
        0.5,
        0.8090169943749475,
        0,
        0.5,
        0.8090169943749475,
        -0.30901699437494745,
        0,
        -0.8090169943749475,
        0.30901699437494745,
        -0.5,
        0,
        0,
        0,
        0,
        1
      ],
      "mesh": 1
    },
    {
      "matrix": [
        1,
        0,
        0,
        0,
        0,
        1,
        0,
        0,
        0,
        0,
        1,
        0,
        4.236067771911621,
        4.236067771911621,
        -12.70820426940918,
        1
      ],
      "name": "06361323058708179",
      "children": [
        0,
        1
      ]
    },
    {
      "matrix": [
        -0.5,
        -0.8090169943749475,
        -0.30901699437494745,
        0,
        -0.8090169943749475,
        0.30901699437494745,
        0.5,
        0,
        -0.30901699437494745,
        0.5,
        -0.8090169943749475,
        0,
        0,
        0,
        0,
        1
      ],
      "mesh": 2
    },
    {
      "matrix": [
        -0.5,
        -0.8090169943749475,
        -0.30901699437494745,
        0,
        -0.8090169943749475,
        0.30901699437494745,
        0.5,
        0,
        -0.30901699437494745,
        0.5,
        -0.8090169943749475,
        0,
        0,
        0,
        0,
        1
      ],
      "mesh": 3
    },
    {
      "matrix": [
        1,
        0,
        0,
        0,
        0,
        1,
        0,
        0,
        0,
        0,
        1,
        0,
        4.236067771911621,
        4.236067771911621,
        -12.70820426940918,
        1
      ],
      "name": "9249778450040742",
      "children": [
        3,
        4
      ]
    },
    {
      "matrix": [
        0.8090169943749475,
        -0.30901699437494745,
        0.5,
        0,
        -0.30901699437494745,
        0.5,
        0.8090169943749475,
        0,
        -0.5,
        -0.8090169943749475,
        0.30901699437494745,
        0,
        0,
        0,
        0,
        1
      ],
      "mesh": 4
    },
    {
      "matrix": [
        0.8090169943749475,
        -0.30901699437494745,
        0.5,
        0,
        -0.30901699437494745,
        0.5,
        0.8090169943749475,
        0,
        -0.5,
        -0.8090169943749475,
        0.30901699437494745,
        0,
        0,
        0,
        0,
        1
      ],
      "mesh": 5
    },
    {
      "matrix": [
        1,
        0,
        0,
        0,
        0,
        1,
        0,
        0,
        0,
        0,
        1,
        0,
        -12.70820426940918,
        4.236067771911621,
        4.236067771911621,
        1
      ],
      "name": "33304443809636364",
      "children": [
        6,
        7
      ]
    },
    {
      "matrix": [
        -0.30901699437494745,
        -0.5,
        -0.8090169943749475,
        0,
        0.5,
        -0.8090169943749475,
        0.30901699437494745,
        0,
        -0.8090169943749475,
        -0.30901699437494745,
        0.5,
        0,
        0,
        0,
        0,
        1
      ],
      "mesh": 6
    },
    {
      "matrix": [
        -0.30901699437494745,
        -0.5,
        -0.8090169943749475,
        0,
        0.5,
        -0.8090169943749475,
        0.30901699437494745,
        0,
        -0.8090169943749475,
        -0.30901699437494745,
        0.5,
        0,
        0,
        0,
        0,
        1
      ],
      "mesh": 7
    },
    {
      "matrix": [
        1,
        0,
        0,
        0,
        0,
        1,
        0,
        0,
        0,
        0,
        1,
        0,
        -12.70820426940918,
        4.236067771911621,
        4.236067771911621,
        1
      ],
      "name": "0036698360437267263",
      "children": [
        9,
        10
      ]
    },
    {
      "matrix": [
        0.5,
        0.8090169943749475,
        -0.30901699437494745,
        0,
        0.8090169943749475,
        -0.30901699437494745,
        0.5,
        0,
        0.30901699437494745,
        -0.5,
        -0.8090169943749475,
        0,
        0,
        0,
        0,
        1
      ],
      "mesh": 8
    },
    {
      "matrix": [
        0.5,
        0.8090169943749475,
        -0.30901699437494745,
        0,
        0.8090169943749475,
        -0.30901699437494745,
        0.5,
        0,
        0.30901699437494745,
        -0.5,
        -0.8090169943749475,
        0,
        0,
        0,
        0,
        1
      ],
      "mesh": 9
    },
    {
      "matrix": [
        1,
        0,
        0,
        0,
        0,
        1,
        0,
        0,
        0,
        0,
        1,
        0,
        4.236067771911621,
        -12.70820426940918,
        4.236067771911621,
        1
      ],
      "name": "3516846392935704",
      "children": [
        12,
        13
      ]
    },
    {
      "matrix": [
        -0.8090169943749475,
        -0.30901699437494745,
        -0.5,
        0,
        0.30901699437494745,
        0.5,
        -0.8090169943749475,
        0,
        0.5,
        -0.8090169943749475,
        -0.30901699437494745,
        0,
        0,
        0,
        0,
        1
      ],
      "mesh": 10
    },
    {
      "matrix": [
        -0.8090169943749475,
        -0.30901699437494745,
        -0.5,
        0,
        0.30901699437494745,
        0.5,
        -0.8090169943749475,
        0,
        0.5,
        -0.8090169943749475,
        -0.30901699437494745,
        0,
        0,
        0,
        0,
        1
      ],
      "mesh": 11
    },
    {
      "matrix": [
        1,
        0,
        0,
        0,
        0,
        1,
        0,
        0,
        0,
        0,
        1,
        0,
        4.236067771911621,
        -12.70820426940918,
        4.236067771911621,
        1
      ],
      "name": "7580662177691891",
      "children": [
        15,
        16
      ]
    },
    {
      "matrix": [
        -0.30901699437494745,
        -0.5,
        -0.8090169943749475,
        0,
        0.5,
        -0.8090169943749475,
        0.30901699437494745,
        0,
        -0.8090169943749475,
        -0.30901699437494745,
        0.5,
        0,
        0,
        0,
        0,
        1
      ],
      "mesh": 12
    },
    {
      "matrix": [
        -0.30901699437494745,
        -0.5,
        -0.8090169943749475,
        0,
        0.5,
        -0.8090169943749475,
        0.30901699437494745,
        0,
        -0.8090169943749475,
        -0.30901699437494745,
        0.5,
        0,
        0,
        0,
        0,
        1
      ],
      "mesh": 13
    },
    {
      "matrix": [
        1,
        0,
        0,
        0,
        0,
        1,
        0,
        0,
        0,
        0,
        1,
        0,
        4.236067771911621,
        -4.236067771911621,
        12.70820426940918,
        1
      ],
      "name": "8519663040502649",
      "children": [
        18,
        19
      ]
    },
    {
      "matrix": [
        -0.5,
        0.8090169943749475,
        0.30901699437494745,
        0,
        -0.8090169943749475,
        -0.30901699437494745,
        -0.5,
        0,
        -0.30901699437494745,
        -0.5,
        0.8090169943749475,
        0,
        0,
        0,
        0,
        1
      ],
      "mesh": 14
    },
    {
      "matrix": [
        -0.5,
        0.8090169943749475,
        0.30901699437494745,
        0,
        -0.8090169943749475,
        -0.30901699437494745,
        -0.5,
        0,
        -0.30901699437494745,
        -0.5,
        0.8090169943749475,
        0,
        0,
        0,
        0,
        1
      ],
      "mesh": 15
    },
    {
      "matrix": [
        1,
        0,
        0,
        0,
        0,
        1,
        0,
        0,
        0,
        0,
        1,
        0,
        4.236067771911621,
        -4.236067771911621,
        12.70820426940918,
        1
      ],
      "name": "9100308942127637",
      "children": [
        21,
        22
      ]
    },
    {
      "matrix": [
        0.8090169943749475,
        0.30901699437494745,
        -0.5,
        0,
        -0.30901699437494745,
        -0.5,
        -0.8090169943749475,
        0,
        -0.5,
        0.8090169943749475,
        -0.30901699437494745,
        0,
        0,
        0,
        0,
        1
      ],
      "mesh": 16
    },
    {
      "matrix": [
        0.8090169943749475,
        0.30901699437494745,
        -0.5,
        0,
        -0.30901699437494745,
        -0.5,
        -0.8090169943749475,
        0,
        -0.5,
        0.8090169943749475,
        -0.30901699437494745,
        0,
        0,
        0,
        0,
        1
      ],
      "mesh": 17
    },
    {
      "matrix": [
        1,
        0,
        0,
        0,
        0,
        1,
        0,
        0,
        0,
        0,
        1,
        0,
        -12.70820426940918,
        -4.236067771911621,
        -4.236067771911621,
        1
      ],
      "name": "1855811942576705",
      "children": [
        24,
        25
      ]
    },
    {
      "matrix": [
        0.5,
        -0.8090169943749475,
        0.30901699437494745,
        0,
        0.8090169943749475,
        0.30901699437494745,
        -0.5,
        0,
        0.30901699437494745,
        0.5,
        0.8090169943749475,
        0,
        0,
        0,
        0,
        1
      ],
      "mesh": 18
    },
    {
      "matrix": [
        0.5,
        -0.8090169943749475,
        0.30901699437494745,
        0,
        0.8090169943749475,
        0.30901699437494745,
        -0.5,
        0,
        0.30901699437494745,
        0.5,
        0.8090169943749475,
        0,
        0,
        0,
        0,
        1
      ],
      "mesh": 19
    },
    {
      "matrix": [
        1,
        0,
        0,
        0,
        0,
        1,
        0,
        0,
        0,
        0,
        1,
        0,
        4.236067771911621,
        12.70820426940918,
        -4.236067771911621,
        1
      ],
      "name": "8379514137041626",
      "children": [
        27,
        28
      ]
    },
    {
      "matrix": [
        -0.8090169943749475,
        0.30901699437494745,
        0.5,
        0,
        0.30901699437494745,
        -0.5,
        0.8090169943749475,
        0,
        0.5,
        0.8090169943749475,
        0.30901699437494745,
        0,
        0,
        0,
        0,
        1
      ],
      "mesh": 20
    },
    {
      "matrix": [
        -0.8090169943749475,
        0.30901699437494745,
        0.5,
        0,
        0.30901699437494745,
        -0.5,
        0.8090169943749475,
        0,
        0.5,
        0.8090169943749475,
        0.30901699437494745,
        0,
        0,
        0,
        0,
        1
      ],
      "mesh": 21
    },
    {
      "matrix": [
        1,
        0,
        0,
        0,
        0,
        1,
        0,
        0,
        0,
        0,
        1,
        0,
        4.236067771911621,
        12.70820426940918,
        -4.236067771911621,
        1
      ],
      "name": "013183207429753208",
      "children": [
        30,
        31
      ]
    },
    {
      "matrix": [
        0.30901699437494745,
        -0.5,
        0.8090169943749475,
        0,
        -0.5,
        -0.8090169943749475,
        -0.30901699437494745,
        0,
        0.8090169943749475,
        -0.30901699437494745,
        -0.5,
        0,
        0,
        0,
        0,
        1
      ],
      "mesh": 22
    },
    {
      "matrix": [
        0.30901699437494745,
        -0.5,
        0.8090169943749475,
        0,
        -0.5,
        -0.8090169943749475,
        -0.30901699437494745,
        0,
        0.8090169943749475,
        -0.30901699437494745,
        -0.5,
        0,
        0,
        0,
        0,
        1
      ],
      "mesh": 23
    },
    {
      "matrix": [
        1,
        0,
        0,
        0,
        0,
        1,
        0,
        0,
        0,
        0,
        1,
        0,
        -4.236067771911621,
        -4.236067771911621,
        -12.70820426940918,
        1
      ],
      "name": "8234860089555944",
      "children": [
        33,
        34
      ]
    },
    {
      "matrix": [
        -0.8090169943749475,
        0.30901699437494745,
        0.5,
        0,
        0.30901699437494745,
        -0.5,
        0.8090169943749475,
        0,
        0.5,
        0.8090169943749475,
        0.30901699437494745,
        0,
        0,
        0,
        0,
        1
      ],
      "mesh": 24
    },
    {
      "matrix": [
        -0.8090169943749475,
        0.30901699437494745,
        0.5,
        0,
        0.30901699437494745,
        -0.5,
        0.8090169943749475,
        0,
        0.5,
        0.8090169943749475,
        0.30901699437494745,
        0,
        0,
        0,
        0,
        1
      ],
      "mesh": 25
    },
    {
      "matrix": [
        1,
        0,
        0,
        0,
        0,
        1,
        0,
        0,
        0,
        0,
        1,
        0,
        12.70820426940918,
        -4.236067771911621,
        4.236067771911621,
        1
      ],
      "name": "8870591498808296",
      "children": [
        36,
        37
      ]
    },
    {
      "matrix": [
        0.30901699437494745,
        -0.5,
        0.8090169943749475,
        0,
        -0.5,
        -0.8090169943749475,
        -0.30901699437494745,
        0,
        0.8090169943749475,
        -0.30901699437494745,
        -0.5,
        0,
        0,
        0,
        0,
        1
      ],
      "mesh": 26
    },
    {
      "matrix": [
        0.30901699437494745,
        -0.5,
        0.8090169943749475,
        0,
        -0.5,
        -0.8090169943749475,
        -0.30901699437494745,
        0,
        0.8090169943749475,
        -0.30901699437494745,
        -0.5,
        0,
        0,
        0,
        0,
        1
      ],
      "mesh": 27
    },
    {
      "matrix": [
        1,
        0,
        0,
        0,
        0,
        1,
        0,
        0,
        0,
        0,
        1,
        0,
        12.70820426940918,
        4.236067771911621,
        -4.236067771911621,
        1
      ],
      "name": "22659749718173694",
      "children": [
        39,
        40
      ]
    },
    {
      "matrix": [
        -0.5,
        -0.8090169943749475,
        -0.30901699437494745,
        0,
        -0.8090169943749475,
        0.30901699437494745,
        0.5,
        0,
        -0.30901699437494745,
        0.5,
        -0.8090169943749475,
        0,
        0,
        0,
        0,
        1
      ],
      "mesh": 28
    },
    {
      "matrix": [
        -0.5,
        -0.8090169943749475,
        -0.30901699437494745,
        0,
        -0.8090169943749475,
        0.30901699437494745,
        0.5,
        0,
        -0.30901699437494745,
        0.5,
        -0.8090169943749475,
        0,
        0,
        0,
        0,
        1
      ],
      "mesh": 29
    },
    {
      "matrix": [
        1,
        0,
        0,
        0,
        0,
        1,
        0,
        0,
        0,
        0,
        1,
        0,
        -4.236067771911621,
        12.70820426940918,
        4.236067771911621,
        1
      ],
      "name": "5936328674606265",
      "children": [
        42,
        43
      ]
    },
    {
      "matrix": [
        0.30901699437494745,
        0.5,
        -0.8090169943749475,
        0,
        -0.5,
        0.8090169943749475,
        0.30901699437494745,
        0,
        0.8090169943749475,
        0.30901699437494745,
        0.5,
        0,
        0,
        0,
        0,
        1
      ],
      "mesh": 30
    },
    {
      "matrix": [
        0.30901699437494745,
        0.5,
        -0.8090169943749475,
        0,
        -0.5,
        0.8090169943749475,
        0.30901699437494745,
        0,
        0.8090169943749475,
        0.30901699437494745,
        0.5,
        0,
        0,
        0,
        0,
        1
      ],
      "mesh": 31
    },
    {
      "matrix": [
        1,
        0,
        0,
        0,
        0,
        1,
        0,
        0,
        0,
        0,
        1,
        0,
        -4.236067771911621,
        4.236067771911621,
        12.70820426940918,
        1
      ],
      "name": "1681956800700899",
      "children": [
        45,
        46
      ]
    },
    {
      "matrix": [
        -0.8090169943749475,
        -0.30901699437494745,
        -0.5,
        0,
        0.30901699437494745,
        0.5,
        -0.8090169943749475,
        0,
        0.5,
        -0.8090169943749475,
        -0.30901699437494745,
        0,
        0,
        0,
        0,
        1
      ],
      "mesh": 32
    },
    {
      "matrix": [
        -0.8090169943749475,
        -0.30901699437494745,
        -0.5,
        0,
        0.30901699437494745,
        0.5,
        -0.8090169943749475,
        0,
        0.5,
        -0.8090169943749475,
        -0.30901699437494745,
        0,
        0,
        0,
        0,
        1
      ],
      "mesh": 33
    },
    {
      "matrix": [
        1,
        0,
        0,
        0,
        0,
        1,
        0,
        0,
        0,
        0,
        1,
        0,
        12.70820426940918,
        4.236067771911621,
        -4.236067771911621,
        1
      ],
      "name": "5834821709528936",
      "children": [
        48,
        49
      ]
    },
    {
      "matrix": [
        -0.5,
        0.8090169943749475,
        0.30901699437494745,
        0,
        -0.8090169943749475,
        -0.30901699437494745,
        -0.5,
        0,
        -0.30901699437494745,
        -0.5,
        0.8090169943749475,
        0,
        0,
        0,
        0,
        1
      ],
      "mesh": 34
    },
    {
      "matrix": [
        -0.5,
        0.8090169943749475,
        0.30901699437494745,
        0,
        -0.8090169943749475,
        -0.30901699437494745,
        -0.5,
        0,
        -0.30901699437494745,
        -0.5,
        0.8090169943749475,
        0,
        0,
        0,
        0,
        1
      ],
      "mesh": 35
    },
    {
      "matrix": [
        1,
        0,
        0,
        0,
        0,
        1,
        0,
        0,
        0,
        0,
        1,
        0,
        -4.236067771911621,
        -12.70820426940918,
        -4.236067771911621,
        1
      ],
      "name": "6329907997105462",
      "children": [
        51,
        52
      ]
    },
    {
      "matrix": [
        0.8090169943749475,
        0.30901699437494745,
        -0.5,
        0,
        -0.30901699437494745,
        -0.5,
        -0.8090169943749475,
        0,
        -0.5,
        0.8090169943749475,
        -0.30901699437494745,
        0,
        0,
        0,
        0,
        1
      ],
      "mesh": 36
    },
    {
      "matrix": [
        0.8090169943749475,
        0.30901699437494745,
        -0.5,
        0,
        -0.30901699437494745,
        -0.5,
        -0.8090169943749475,
        0,
        -0.5,
        0.8090169943749475,
        -0.30901699437494745,
        0,
        0,
        0,
        0,
        1
      ],
      "mesh": 37
    },
    {
      "matrix": [
        1,
        0,
        0,
        0,
        0,
        1,
        0,
        0,
        0,
        0,
        1,
        0,
        -8.472135543823242,
        22.180339813232422,
        0,
        1
      ],
      "name": "8242044395005412",
      "children": [
        54,
        55
      ]
    },
    {
      "matrix": [
        -0.5,
        0.8090169943749475,
        0.30901699437494745,
        0,
        -0.8090169943749475,
        -0.30901699437494745,
        -0.5,
        0,
        -0.30901699437494745,
        -0.5,
        0.8090169943749475,
        0,
        0,
        0,
        0,
        1
      ],
      "mesh": 38
    },
    {
      "matrix": [
        -0.5,
        0.8090169943749475,
        0.30901699437494745,
        0,
        -0.8090169943749475,
        -0.30901699437494745,
        -0.5,
        0,
        -0.30901699437494745,
        -0.5,
        0.8090169943749475,
        0,
        0,
        0,
        0,
        1
      ],
      "mesh": 39
    },
    {
      "matrix": [
        1,
        0,
        0,
        0,
        0,
        1,
        0,
        0,
        0,
        0,
        1,
        0,
        0,
        -8.472135543823242,
        22.180339813232422,
        1
      ],
      "name": "5857950550849492",
      "children": [
        57,
        58
      ]
    },
    {
      "matrix": [
        0.30901699437494745,
        -0.5,
        0.8090169943749475,
        0,
        -0.5,
        -0.8090169943749475,
        -0.30901699437494745,
        0,
        0.8090169943749475,
        -0.30901699437494745,
        -0.5,
        0,
        0,
        0,
        0,
        1
      ],
      "mesh": 40
    },
    {
      "matrix": [
        0.30901699437494745,
        -0.5,
        0.8090169943749475,
        0,
        -0.5,
        -0.8090169943749475,
        -0.30901699437494745,
        0,
        0.8090169943749475,
        -0.30901699437494745,
        -0.5,
        0,
        0,
        0,
        0,
        1
      ],
      "mesh": 41
    },
    {
      "matrix": [
        1,
        0,
        0,
        0,
        0,
        1,
        0,
        0,
        0,
        0,
        1,
        0,
        22.180339813232422,
        0,
        -8.472135543823242,
        1
      ],
      "name": "3954882781094834",
      "children": [
        60,
        61
      ]
    },
    {
      "matrix": [
        0.8090169943749475,
        -0.30901699437494745,
        0.5,
        0,
        -0.30901699437494745,
        0.5,
        0.8090169943749475,
        0,
        -0.5,
        -0.8090169943749475,
        0.30901699437494745,
        0,
        0,
        0,
        0,
        1
      ],
      "mesh": 42
    },
    {
      "matrix": [
        0.8090169943749475,
        -0.30901699437494745,
        0.5,
        0,
        -0.30901699437494745,
        0.5,
        0.8090169943749475,
        0,
        -0.5,
        -0.8090169943749475,
        0.30901699437494745,
        0,
        0,
        0,
        0,
        1
      ],
      "mesh": 43
    },
    {
      "matrix": [
        1,
        0,
        0,
        0,
        0,
        1,
        0,
        0,
        0,
        0,
        1,
        0,
        -8.472135543823242,
        -22.180339813232422,
        0,
        1
      ],
      "name": "3489845588908853",
      "children": [
        63,
        64
      ]
    },
    {
      "matrix": [
        -0.5,
        -0.8090169943749475,
        -0.30901699437494745,
        0,
        -0.8090169943749475,
        0.30901699437494745,
        0.5,
        0,
        -0.30901699437494745,
        0.5,
        -0.8090169943749475,
        0,
        0,
        0,
        0,
        1
      ],
      "mesh": 44
    },
    {
      "matrix": [
        -0.5,
        -0.8090169943749475,
        -0.30901699437494745,
        0,
        -0.8090169943749475,
        0.30901699437494745,
        0.5,
        0,
        -0.30901699437494745,
        0.5,
        -0.8090169943749475,
        0,
        0,
        0,
        0,
        1
      ],
      "mesh": 45
    },
    {
      "matrix": [
        1,
        0,
        0,
        0,
        0,
        1,
        0,
        0,
        0,
        0,
        1,
        0,
        0,
        8.472135543823242,
        -22.180339813232422,
        1
      ],
      "name": "47750273641615393",
      "children": [
        66,
        67
      ]
    },
    {
      "matrix": [
        0.30901699437494745,
        0.5,
        -0.8090169943749475,
        0,
        -0.5,
        0.8090169943749475,
        0.30901699437494745,
        0,
        0.8090169943749475,
        0.30901699437494745,
        0.5,
        0,
        0,
        0,
        0,
        1
      ],
      "mesh": 46
    },
    {
      "matrix": [
        0.30901699437494745,
        0.5,
        -0.8090169943749475,
        0,
        -0.5,
        0.8090169943749475,
        0.30901699437494745,
        0,
        0.8090169943749475,
        0.30901699437494745,
        0.5,
        0,
        0,
        0,
        0,
        1
      ],
      "mesh": 47
    },
    {
      "matrix": [
        1,
        0,
        0,
        0,
        0,
        1,
        0,
        0,
        0,
        0,
        1,
        0,
        22.180339813232422,
        0,
        8.472135543823242,
        1
      ],
      "name": "026946919765551303",
      "children": [
        69,
        70
      ]
    },
    {
      "matrix": [
        -0.8090169943749475,
        -0.30901699437494745,
        -0.5,
        0,
        0.30901699437494745,
        0.5,
        -0.8090169943749475,
        0,
        0.5,
        -0.8090169943749475,
        -0.30901699437494745,
        0,
        0,
        0,
        0,
        1
      ],
      "mesh": 48
    },
    {
      "matrix": [
        -0.8090169943749475,
        -0.30901699437494745,
        -0.5,
        0,
        0.30901699437494745,
        0.5,
        -0.8090169943749475,
        0,
        0.5,
        -0.8090169943749475,
        -0.30901699437494745,
        0,
        0,
        0,
        0,
        1
      ],
      "mesh": 49
    },
    {
      "matrix": [
        1,
        0,
        0,
        0,
        0,
        1,
        0,
        0,
        0,
        0,
        1,
        0,
        8.472135543823242,
        -22.180339813232422,
        0,
        1
      ],
      "name": "29079451722257066",
      "children": [
        72,
        73
      ]
    },
    {
      "matrix": [
        0.5,
        -0.8090169943749475,
        0.30901699437494745,
        0,
        0.8090169943749475,
        0.30901699437494745,
        -0.5,
        0,
        0.30901699437494745,
        0.5,
        0.8090169943749475,
        0,
        0,
        0,
        0,
        1
      ],
      "mesh": 50
    },
    {
      "matrix": [
        0.5,
        -0.8090169943749475,
        0.30901699437494745,
        0,
        0.8090169943749475,
        0.30901699437494745,
        -0.5,
        0,
        0.30901699437494745,
        0.5,
        0.8090169943749475,
        0,
        0,
        0,
        0,
        1
      ],
      "mesh": 51
    },
    {
      "matrix": [
        1,
        0,
        0,
        0,
        0,
        1,
        0,
        0,
        0,
        0,
        1,
        0,
        0,
        8.472135543823242,
        22.180339813232422,
        1
      ],
      "name": "963471737781781",
      "children": [
        75,
        76
      ]
    },
    {
      "matrix": [
        -0.30901699437494745,
        0.5,
        0.8090169943749475,
        0,
        0.5,
        0.8090169943749475,
        -0.30901699437494745,
        0,
        -0.8090169943749475,
        0.30901699437494745,
        -0.5,
        0,
        0,
        0,
        0,
        1
      ],
      "mesh": 52
    },
    {
      "matrix": [
        -0.30901699437494745,
        0.5,
        0.8090169943749475,
        0,
        0.5,
        0.8090169943749475,
        -0.30901699437494745,
        0,
        -0.8090169943749475,
        0.30901699437494745,
        -0.5,
        0,
        0,
        0,
        0,
        1
      ],
      "mesh": 53
    },
    {
      "matrix": [
        1,
        0,
        0,
        0,
        0,
        1,
        0,
        0,
        0,
        0,
        1,
        0,
        -22.180339813232422,
        0,
        -8.472135543823242,
        1
      ],
      "name": "27187800095636827",
      "children": [
        78,
        79
      ]
    },
    {
      "matrix": [
        -0.8090169943749475,
        0.30901699437494745,
        0.5,
        0,
        0.30901699437494745,
        -0.5,
        0.8090169943749475,
        0,
        0.5,
        0.8090169943749475,
        0.30901699437494745,
        0,
        0,
        0,
        0,
        1
      ],
      "mesh": 54
    },
    {
      "matrix": [
        -0.8090169943749475,
        0.30901699437494745,
        0.5,
        0,
        0.30901699437494745,
        -0.5,
        0.8090169943749475,
        0,
        0.5,
        0.8090169943749475,
        0.30901699437494745,
        0,
        0,
        0,
        0,
        1
      ],
      "mesh": 55
    },
    {
      "matrix": [
        1,
        0,
        0,
        0,
        0,
        1,
        0,
        0,
        0,
        0,
        1,
        0,
        8.472135543823242,
        22.180339813232422,
        0,
        1
      ],
      "name": "3443938396334748",
      "children": [
        81,
        82
      ]
    },
    {
      "matrix": [
        0.5,
        0.8090169943749475,
        -0.30901699437494745,
        0,
        0.8090169943749475,
        -0.30901699437494745,
        0.5,
        0,
        0.30901699437494745,
        -0.5,
        -0.8090169943749475,
        0,
        0,
        0,
        0,
        1
      ],
      "mesh": 56
    },
    {
      "matrix": [
        0.5,
        0.8090169943749475,
        -0.30901699437494745,
        0,
        0.8090169943749475,
        -0.30901699437494745,
        0.5,
        0,
        0.30901699437494745,
        -0.5,
        -0.8090169943749475,
        0,
        0,
        0,
        0,
        1
      ],
      "mesh": 57
    },
    {
      "matrix": [
        1,
        0,
        0,
        0,
        0,
        1,
        0,
        0,
        0,
        0,
        1,
        0,
        0,
        -8.472135543823242,
        -22.180339813232422,
        1
      ],
      "name": "17298486176020256",
      "children": [
        84,
        85
      ]
    },
    {
      "matrix": [
        -0.30901699437494745,
        -0.5,
        -0.8090169943749475,
        0,
        0.5,
        -0.8090169943749475,
        0.30901699437494745,
        0,
        -0.8090169943749475,
        -0.30901699437494745,
        0.5,
        0,
        0,
        0,
        0,
        1
      ],
      "mesh": 58
    },
    {
      "matrix": [
        -0.30901699437494745,
        -0.5,
        -0.8090169943749475,
        0,
        0.5,
        -0.8090169943749475,
        0.30901699437494745,
        0,
        -0.8090169943749475,
        -0.30901699437494745,
        0.5,
        0,
        0,
        0,
        0,
        1
      ],
      "mesh": 59
    },
    {
      "matrix": [
        1,
        0,
        0,
        0,
        0,
        1,
        0,
        0,
        0,
        0,
        1,
        0,
        -22.180339813232422,
        0,
        8.472135543823242,
        1
      ],
      "name": "6736906580996037",
      "children": [
        87,
        88
      ]
    },
    {
      "matrix": [
        -0.30901699437494745,
        0.5,
        0.8090169943749475,
        0,
        0.5,
        0.8090169943749475,
        -0.30901699437494745,
        0,
        -0.8090169943749475,
        0.30901699437494745,
        -0.5,
        0,
        0,
        0,
        0,
        1
      ],
      "mesh": 60
    },
    {
      "matrix": [
        -0.30901699437494745,
        0.5,
        0.8090169943749475,
        0,
        0.5,
        0.8090169943749475,
        -0.30901699437494745,
        0,
        -0.8090169943749475,
        0.30901699437494745,
        -0.5,
        0,
        0,
        0,
        0,
        1
      ],
      "mesh": 61
    },
    {
      "matrix": [
        1,
        0,
        0,
        0,
        0,
        1,
        0,
        0,
        0,
        0,
        1,
        0,
        -11.090169906616211,
        11.090169906616211,
        -19.562305450439453,
        1
      ],
      "name": "2776915195214005",
      "children": [
        90,
        91
      ]
    },
    {
      "matrix": [
        0.8090169943749475,
        -0.30901699437494745,
        0.5,
        0,
        -0.30901699437494745,
        0.5,
        0.8090169943749475,
        0,
        -0.5,
        -0.8090169943749475,
        0.30901699437494745,
        0,
        0,
        0,
        0,
        1
      ],
      "mesh": 62
    },
    {
      "matrix": [
        0.8090169943749475,
        -0.30901699437494745,
        0.5,
        0,
        -0.30901699437494745,
        0.5,
        0.8090169943749475,
        0,
        -0.5,
        -0.8090169943749475,
        0.30901699437494745,
        0,
        0,
        0,
        0,
        1
      ],
      "mesh": 63
    },
    {
      "matrix": [
        1,
        0,
        0,
        0,
        0,
        1,
        0,
        0,
        0,
        0,
        1,
        0,
        -19.562305450439453,
        -11.090169906616211,
        11.090169906616211,
        1
      ],
      "name": "19740080185452458",
      "children": [
        93,
        94
      ]
    },
    {
      "matrix": [
        0.5,
        0.8090169943749475,
        -0.30901699437494745,
        0,
        0.8090169943749475,
        -0.30901699437494745,
        0.5,
        0,
        0.30901699437494745,
        -0.5,
        -0.8090169943749475,
        0,
        0,
        0,
        0,
        1
      ],
      "mesh": 64
    },
    {
      "matrix": [
        0.5,
        0.8090169943749475,
        -0.30901699437494745,
        0,
        0.8090169943749475,
        -0.30901699437494745,
        0.5,
        0,
        0.30901699437494745,
        -0.5,
        -0.8090169943749475,
        0,
        0,
        0,
        0,
        1
      ],
      "mesh": 65
    },
    {
      "matrix": [
        1,
        0,
        0,
        0,
        0,
        1,
        0,
        0,
        0,
        0,
        1,
        0,
        11.090169906616211,
        -19.562305450439453,
        -11.090169906616211,
        1
      ],
      "name": "9049788257777062",
      "children": [
        96,
        97
      ]
    },
    {
      "matrix": [
        -0.30901699437494745,
        -0.5,
        -0.8090169943749475,
        0,
        0.5,
        -0.8090169943749475,
        0.30901699437494745,
        0,
        -0.8090169943749475,
        -0.30901699437494745,
        0.5,
        0,
        0,
        0,
        0,
        1
      ],
      "mesh": 66
    },
    {
      "matrix": [
        -0.30901699437494745,
        -0.5,
        -0.8090169943749475,
        0,
        0.5,
        -0.8090169943749475,
        0.30901699437494745,
        0,
        -0.8090169943749475,
        -0.30901699437494745,
        0.5,
        0,
        0,
        0,
        0,
        1
      ],
      "mesh": 67
    },
    {
      "matrix": [
        1,
        0,
        0,
        0,
        0,
        1,
        0,
        0,
        0,
        0,
        1,
        0,
        -11.090169906616211,
        -11.090169906616211,
        19.562305450439453,
        1
      ],
      "name": "9607371393370603",
      "children": [
        99,
        100
      ]
    },
    {
      "matrix": [
        0.8090169943749475,
        0.30901699437494745,
        -0.5,
        0,
        -0.30901699437494745,
        -0.5,
        -0.8090169943749475,
        0,
        -0.5,
        0.8090169943749475,
        -0.30901699437494745,
        0,
        0,
        0,
        0,
        1
      ],
      "mesh": 68
    },
    {
      "matrix": [
        0.8090169943749475,
        0.30901699437494745,
        -0.5,
        0,
        -0.30901699437494745,
        -0.5,
        -0.8090169943749475,
        0,
        -0.5,
        0.8090169943749475,
        -0.30901699437494745,
        0,
        0,
        0,
        0,
        1
      ],
      "mesh": 69
    },
    {
      "matrix": [
        1,
        0,
        0,
        0,
        0,
        1,
        0,
        0,
        0,
        0,
        1,
        0,
        -19.562305450439453,
        11.090169906616211,
        -11.090169906616211,
        1
      ],
      "name": "004960065383858847",
      "children": [
        102,
        103
      ]
    },
    {
      "matrix": [
        0.5,
        -0.8090169943749475,
        0.30901699437494745,
        0,
        0.8090169943749475,
        0.30901699437494745,
        -0.5,
        0,
        0.30901699437494745,
        0.5,
        0.8090169943749475,
        0,
        0,
        0,
        0,
        1
      ],
      "mesh": 70
    },
    {
      "matrix": [
        0.5,
        -0.8090169943749475,
        0.30901699437494745,
        0,
        0.8090169943749475,
        0.30901699437494745,
        -0.5,
        0,
        0.30901699437494745,
        0.5,
        0.8090169943749475,
        0,
        0,
        0,
        0,
        1
      ],
      "mesh": 71
    },
    {
      "matrix": [
        1,
        0,
        0,
        0,
        0,
        1,
        0,
        0,
        0,
        0,
        1,
        0,
        11.090169906616211,
        19.562305450439453,
        11.090169906616211,
        1
      ],
      "name": "07864988385582539",
      "children": [
        105,
        106
      ]
    },
    {
      "matrix": [
        0.30901699437494745,
        -0.5,
        0.8090169943749475,
        0,
        -0.5,
        -0.8090169943749475,
        -0.30901699437494745,
        0,
        0.8090169943749475,
        -0.30901699437494745,
        -0.5,
        0,
        0,
        0,
        0,
        1
      ],
      "mesh": 72
    },
    {
      "matrix": [
        0.30901699437494745,
        -0.5,
        0.8090169943749475,
        0,
        -0.5,
        -0.8090169943749475,
        -0.30901699437494745,
        0,
        0.8090169943749475,
        -0.30901699437494745,
        -0.5,
        0,
        0,
        0,
        0,
        1
      ],
      "mesh": 73
    },
    {
      "matrix": [
        1,
        0,
        0,
        0,
        0,
        1,
        0,
        0,
        0,
        0,
        1,
        0,
        11.090169906616211,
        -11.090169906616211,
        -19.562305450439453,
        1
      ],
      "name": "5457913992084736",
      "children": [
        108,
        109
      ]
    },
    {
      "matrix": [
        -0.8090169943749475,
        0.30901699437494745,
        0.5,
        0,
        0.30901699437494745,
        -0.5,
        0.8090169943749475,
        0,
        0.5,
        0.8090169943749475,
        0.30901699437494745,
        0,
        0,
        0,
        0,
        1
      ],
      "mesh": 74
    },
    {
      "matrix": [
        -0.8090169943749475,
        0.30901699437494745,
        0.5,
        0,
        0.30901699437494745,
        -0.5,
        0.8090169943749475,
        0,
        0.5,
        0.8090169943749475,
        0.30901699437494745,
        0,
        0,
        0,
        0,
        1
      ],
      "mesh": 75
    },
    {
      "matrix": [
        1,
        0,
        0,
        0,
        0,
        1,
        0,
        0,
        0,
        0,
        1,
        0,
        19.562305450439453,
        11.090169906616211,
        11.090169906616211,
        1
      ],
      "name": "112856944467977",
      "children": [
        111,
        112
      ]
    },
    {
      "matrix": [
        -0.5,
        -0.8090169943749475,
        -0.30901699437494745,
        0,
        -0.8090169943749475,
        0.30901699437494745,
        0.5,
        0,
        -0.30901699437494745,
        0.5,
        -0.8090169943749475,
