{
  "field" : "plasticPhi",
  "symmetry" : "icosahedral",
  "orientations" : [ [ 1.0, 0.0, 0.0, 0.0, 0.0, 1.0, 0.0, 0.0, 0.0, 0.0, 1.0, 0.0, 0.0, 0.0, 0.0, 1.0 ], [ 0.0, 0.0, 1.0, 0.0, 1.0, 0.0, 0.0, 0.0, 0.0, 1.0, 0.0, 0.0, 0.0, 0.0, 0.0, 1.0 ], [ 0.0, 1.0, 0.0, 0.0, 0.0, 0.0, 1.0, 0.0, 1.0, 0.0, 0.0, 0.0, 0.0, 0.0, 0.0, 1.0 ], [ 0.809017, 0.309017, 0.5, 0.0, 0.309017, 0.5, -0.809017, 0.0, -0.5, 0.809017, 0.309017, 0.0, 0.0, 0.0, 0.0, 1.0 ], [ -0.5, 0.809017, 0.309017, 0.0, 0.809017, 0.309017, 0.5, 0.0, 0.309017, 0.5, -0.809017, 0.0, 0.0, 0.0, 0.0, 1.0 ], [ 0.309017, 0.5, -0.809017, 0.0, -0.5, 0.809017, 0.309017, 0.0, 0.809017, 0.309017, 0.5, 0.0, 0.0, 0.0, 0.0, 1.0 ], [ 0.5, 0.809017, 0.309017, 0.0, 0.809017, -0.309017, -0.5, 0.0, -0.309017, 0.5, -0.809017, 0.0, 0.0, 0.0, 0.0, 1.0 ], [ -0.309017, 0.5, -0.809017, 0.0, 0.5, 0.809017, 0.309017, 0.0, 0.809017, -0.309017, -0.5, 0.0, 0.0, 0.0, 0.0, 1.0 ], [ 0.809017, -0.309017, -0.5, 0.0, -0.309017, 0.5, -0.809017, 0.0, 0.5, 0.809017, 0.309017, 0.0, 0.0, 0.0, 0.0, 1.0 ], [ 0.5, 0.809017, -0.309017, 0.0, 0.809017, -0.309017, 0.5, 0.0, 0.309017, -0.5, -0.809017, 0.0, 0.0, 0.0, 0.0, 1.0 ], [ 0.309017, -0.5, -0.809017, 0.0, 0.5, 0.809017, -0.309017, 0.0, 0.809017, -0.309017, 0.5, 0.0, 0.0, 0.0, 0.0, 1.0 ], [ 0.809017, -0.309017, 0.5, 0.0, 0.309017, -0.5, -0.809017, 0.0, 0.5, 0.809017, -0.309017, 0.0, 0.0, 0.0, 0.0, 1.0 ], [ 0.809017, 0.309017, -0.5, 0.0, 0.309017, 0.5, 0.809017, 0.0, 0.5, -0.809017, 0.309017, 0.0, 0.0, 0.0, 0.0, 1.0 ], [ 0.5, -0.809017, 0.309017, 0.0, 0.809017, 0.309017, -0.5, 0.0, 0.309017, 0.5, 0.809017, 0.0, 0.0, 0.0, 0.0, 1.0 ], [ 0.309017, 0.5, 0.809017, 0.0, 0.5, -0.809017, 0.309017, 0.0, 0.809017, 0.309017, -0.5, 0.0, 0.0, 0.0, 0.0, 1.0 ], [ 1.0, 0.0, 0.0, 0.0, 0.0, -1.0, 0.0, 0.0, 0.0, 0.0, -1.0, 0.0, 0.0, 0.0, 0.0, 1.0 ], [ 0.0, 0.0, 1.0, 0.0, -1.0, 0.0, 0.0, 0.0, 0.0, -1.0, 0.0, 0.0, 0.0, 0.0, 0.0, 1.0 ], [ 0.0, 1.0, 0.0, 0.0, 0.0, 0.0, -1.0, 0.0, -1.0, 0.0, 0.0, 0.0, 0.0, 0.0, 0.0, 1.0 ], [ 0.809017, 0.309017, 0.5, 0.0, -0.309017, -0.5, 0.809017, 0.0, 0.5, -0.809017, -0.309017, 0.0, 0.0, 0.0, 0.0, 1.0 ], [ -0.5, 0.809017, 0.309017, 0.0, -0.809017, -0.309017, -0.5, 0.0, -0.309017, -0.5, 0.809017, 0.0, 0.0, 0.0, 0.0, 1.0 ], [ 0.309017, 0.5, -0.809017, 0.0, 0.5, -0.809017, -0.309017, 0.0, -0.809017, -0.309017, -0.5, 0.0, 0.0, 0.0, 0.0, 1.0 ], [ 0.5, 0.809017, 0.309017, 0.0, -0.809017, 0.309017, 0.5, 0.0, 0.309017, -0.5, 0.809017, 0.0, 0.0, 0.0, 0.0, 1.0 ], [ -0.309017, 0.5, -0.809017, 0.0, -0.5, -0.809017, -0.309017, 0.0, -0.809017, 0.309017, 0.5, 0.0, 0.0, 0.0, 0.0, 1.0 ], [ 0.809017, -0.309017, -0.5, 0.0, 0.309017, -0.5, 0.809017, 0.0, -0.5, -0.809017, -0.309017, 0.0, 0.0, 0.0, 0.0, 1.0 ], [ 0.5, 0.809017, -0.309017, 0.0, -0.809017, 0.309017, -0.5, 0.0, -0.309017, 0.5, 0.809017, 0.0, 0.0, 0.0, 0.0, 1.0 ], [ 0.309017, -0.5, -0.809017, 0.0, -0.5, -0.809017, 0.309017, 0.0, -0.809017, 0.309017, -0.5, 0.0, 0.0, 0.0, 0.0, 1.0 ], [ 0.809017, -0.309017, 0.5, 0.0, -0.309017, 0.5, 0.809017, 0.0, -0.5, -0.809017, 0.309017, 0.0, 0.0, 0.0, 0.0, 1.0 ], [ 0.809017, 0.309017, -0.5, 0.0, -0.309017, -0.5, -0.809017, 0.0, -0.5, 0.809017, -0.309017, 0.0, 0.0, 0.0, 0.0, 1.0 ], [ 0.5, -0.809017, 0.309017, 0.0, -0.809017, -0.309017, 0.5, 0.0, -0.309017, -0.5, -0.809017, 0.0, 0.0, 0.0, 0.0, 1.0 ], [ 0.309017, 0.5, 0.809017, 0.0, -0.5, 0.809017, -0.309017, 0.0, -0.809017, -0.309017, 0.5, 0.0, 0.0, 0.0, 0.0, 1.0 ], [ -1.0, 0.0, 0.0, 0.0, 0.0, -1.0, 0.0, 0.0, 0.0, 0.0, 1.0, 0.0, 0.0, 0.0, 0.0, 1.0 ], [ 0.0, 0.0, -1.0, 0.0, -1.0, 0.0, 0.0, 0.0, 0.0, 1.0, 0.0, 0.0, 0.0, 0.0, 0.0, 1.0 ], [ 0.0, -1.0, 0.0, 0.0, 0.0, 0.0, -1.0, 0.0, 1.0, 0.0, 0.0, 0.0, 0.0, 0.0, 0.0, 1.0 ], [ -0.809017, -0.309017, -0.5, 0.0, -0.309017, -0.5, 0.809017, 0.0, -0.5, 0.809017, 0.309017, 0.0, 0.0, 0.0, 0.0, 1.0 ], [ 0.5, -0.809017, -0.309017, 0.0, -0.809017, -0.309017, -0.5, 0.0, 0.309017, 0.5, -0.809017, 0.0, 0.0, 0.0, 0.0, 1.0 ], [ -0.309017, -0.5, 0.809017, 0.0, 0.5, -0.809017, -0.309017, 0.0, 0.809017, 0.309017, 0.5, 0.0, 0.0, 0.0, 0.0, 1.0 ], [ -0.5, -0.809017, -0.309017, 0.0, -0.809017, 0.309017, 0.5, 0.0, -0.309017, 0.5, -0.809017, 0.0, 0.0, 0.0, 0.0, 1.0 ], [ 0.309017, -0.5, 0.809017, 0.0, -0.5, -0.809017, -0.309017, 0.0, 0.809017, -0.309017, -0.5, 0.0, 0.0, 0.0, 0.0, 1.0 ], [ -0.809017, 0.309017, 0.5, 0.0, 0.309017, -0.5, 0.809017, 0.0, 0.5, 0.809017, 0.309017, 0.0, 0.0, 0.0, 0.0, 1.0 ], [ -0.5, -0.809017, 0.309017, 0.0, -0.809017, 0.309017, -0.5, 0.0, 0.309017, -0.5, -0.809017, 0.0, 0.0, 0.0, 0.0, 1.0 ], [ -0.309017, 0.5, 0.809017, 0.0, -0.5, -0.809017, 0.309017, 0.0, 0.809017, -0.309017, 0.5, 0.0, 0.0, 0.0, 0.0, 1.0 ], [ -0.809017, 0.309017, -0.5, 0.0, -0.309017, 0.5, 0.809017, 0.0, 0.5, 0.809017, -0.309017, 0.0, 0.0, 0.0, 0.0, 1.0 ], [ -0.809017, -0.309017, 0.5, 0.0, -0.309017, -0.5, -0.809017, 0.0, 0.5, -0.809017, 0.309017, 0.0, 0.0, 0.0, 0.0, 1.0 ], [ -0.5, 0.809017, -0.309017, 0.0, -0.809017, -0.309017, 0.5, 0.0, 0.309017, 0.5, 0.809017, 0.0, 0.0, 0.0, 0.0, 1.0 ], [ -0.309017, -0.5, -0.809017, 0.0, -0.5, 0.809017, -0.309017, 0.0, 0.809017, 0.309017, -0.5, 0.0, 0.0, 0.0, 0.0, 1.0 ], [ -1.0, 0.0, 0.0, 0.0, 0.0, 1.0, 0.0, 0.0, 0.0, 0.0, -1.0, 0.0, 0.0, 0.0, 0.0, 1.0 ], [ 0.0, 0.0, -1.0, 0.0, 1.0, 0.0, 0.0, 0.0, 0.0, -1.0, 0.0, 0.0, 0.0, 0.0, 0.0, 1.0 ], [ 0.0, -1.0, 0.0, 0.0, 0.0, 0.0, 1.0, 0.0, -1.0, 0.0, 0.0, 0.0, 0.0, 0.0, 0.0, 1.0 ], [ -0.809017, -0.309017, -0.5, 0.0, 0.309017, 0.5, -0.809017, 0.0, 0.5, -0.809017, -0.309017, 0.0, 0.0, 0.0, 0.0, 1.0 ], [ 0.5, -0.809017, -0.309017, 0.0, 0.809017, 0.309017, 0.5, 0.0, -0.309017, -0.5, 0.809017, 0.0, 0.0, 0.0, 0.0, 1.0 ], [ -0.309017, -0.5, 0.809017, 0.0, -0.5, 0.809017, 0.309017, 0.0, -0.809017, -0.309017, -0.5, 0.0, 0.0, 0.0, 0.0, 1.0 ], [ -0.5, -0.809017, -0.309017, 0.0, 0.809017, -0.309017, -0.5, 0.0, 0.309017, -0.5, 0.809017, 0.0, 0.0, 0.0, 0.0, 1.0 ], [ 0.309017, -0.5, 0.809017, 0.0, 0.5, 0.809017, 0.309017, 0.0, -0.809017, 0.309017, 0.5, 0.0, 0.0, 0.0, 0.0, 1.0 ], [ -0.809017, 0.309017, 0.5, 0.0, -0.309017, 0.5, -0.809017, 0.0, -0.5, -0.809017, -0.309017, 0.0, 0.0, 0.0, 0.0, 1.0 ], [ -0.5, -0.809017, 0.309017, 0.0, 0.809017, -0.309017, 0.5, 0.0, -0.309017, 0.5, 0.809017, 0.0, 0.0, 0.0, 0.0, 1.0 ], [ -0.309017, 0.5, 0.809017, 0.0, 0.5, 0.809017, -0.309017, 0.0, -0.809017, 0.309017, -0.5, 0.0, 0.0, 0.0, 0.0, 1.0 ], [ -0.809017, 0.309017, -0.5, 0.0, 0.309017, -0.5, -0.809017, 0.0, -0.5, -0.809017, 0.309017, 0.0, 0.0, 0.0, 0.0, 1.0 ], [ -0.809017, -0.309017, 0.5, 0.0, 0.309017, 0.5, 0.809017, 0.0, -0.5, 0.809017, -0.309017, 0.0, 0.0, 0.0, 0.0, 1.0 ], [ -0.5, 0.809017, -0.309017, 0.0, 0.809017, 0.309017, -0.5, 0.0, -0.309017, -0.5, -0.809017, 0.0, 0.0, 0.0, 0.0, 1.0 ], [ -0.309017, -0.5, -0.809017, 0.0, 0.5, -0.809017, 0.309017, 0.0, -0.809017, -0.309017, 0.5, 0.0, 0.0, 0.0, 0.0, 1.0 ] ],
  "lights" : {
    "directionalLights" : [ {
      "direction" : {
        "x" : 1.0,
        "y" : -1.0,
        "z" : -1.0
      },
      "color" : "#EBEBE4"
    }, {
      "direction" : {
        "x" : -1.0,
        "y" : 0.0,
        "z" : 0.0
      },
      "color" : "#E4E4EB"
    }, {
      "direction" : {
        "x" : 0.0,
        "y" : 0.0,
        "z" : -1.0
      },
      "color" : "#1E1E1E"
    } ],
    "ambientColor" : "#292929",
    "backgroundColor" : "#AFC8DC"
  },
  "camera" : {
    "width" : 98.53112,
    "position" : {
      "x" : 15.153416,
      "y" : -218.43317,
      "z" : -0.6161109
    },
    "viewDistance" : 218.9579,
    "nearClipDistance" : 0.5473942,
    "farClipDistance" : 437.91464,
    "lookAtPoint" : {
      "x" : 0.0,
      "y" : 0.0,
      "z" : 0.0
    },
    "fieldOfView" : 0.44262916,
    "perspective" : true,
    "lookDirection" : {
      "x" : -0.06920698,
      "y" : 0.9976035,
      "z" : 0.0028138328
    },
    "upDirection" : {
      "x" : 0.8139185,
      "y" : 0.05483363,
      "z" : 0.57839006
    },
    "stereo" : false
  },
  "embedding" : [ 1.0, 0.0, 0.0, 0.0, 0.0, 1.0, 0.0, 0.0, 0.0, 0.0, 1.0, 0.0, 0.0, 0.0, 0.0, 1.0 ],
  "shapes" : [ {
    "id" : "6bf35b39-112f-4590-9111-6ce4a7bc4fda",
    "vertices" : [ {
      "x" : -2.472136,
      "y" : -4.3382964,
      "z" : -25.955551
    }, {
      "x" : -10.294394,
      "y" : 16.318382,
      "z" : -18.065401
    }, {
      "x" : -22.403698,
      "y" : -3.2748828,
      "z" : -13.637168
    } ],
    "faces" : [ {
      "vertices" : [ 0, 1, 2 ]
    }, {
      "vertices" : [ 0, 2, 1 ]
    } ]
  }, {
    "id" : "ed5af62e-c68d-4dc0-a778-5181e9191dfb",
    "vertices" : [ {
      "x" : 5.91605,
      "y" : 14.708571,
      "z" : -16.35323
    }, {
      "x" : 6.31605,
      "y" : 14.608571,
      "z" : -16.25323
    }, {
      "x" : 0.44623503,
      "y" : 0.53009427,
      "z" : -0.30344942
    }, {
      "x" : 0.046235036,
      "y" : 0.6300943,
      "z" : -0.40344942
    }, {
      "x" : 6.4493833,
      "y" : 14.908571,
      "z" : -16.019896
    }, {
      "x" : 6.0493836,
      "y" : 15.008572,
      "z" : -16.119896
    }, {
      "x" : -0.0870983,
      "y" : 0.33009425,
      "z" : -0.63678277
    }, {
      "x" : 0.3129017,
      "y" : 0.23009425,
      "z" : -0.53678274
    } ],
    "faces" : [ {
      "vertices" : [ 2, 3, 6 ]
    }, {
      "vertices" : [ 2, 6, 7 ]
    }, {
      "vertices" : [ 0, 5, 4 ]
    }, {
      "vertices" : [ 0, 4, 1 ]
    }, {
      "vertices" : [ 2, 4, 5 ]
    }, {
      "vertices" : [ 2, 5, 3 ]
    }, {
      "vertices" : [ 0, 6, 3 ]
    }, {
      "vertices" : [ 0, 3, 5 ]
    }, {
      "vertices" : [ 0, 1, 7 ]
    }, {
      "vertices" : [ 0, 7, 6 ]
    }, {
      "vertices" : [ 1, 4, 2 ]
    }, {
      "vertices" : [ 1, 2, 7 ]
    } ]
  }, {
    "id" : "97bc0f26-dfc5-4a56-baea-01a9bd18841d",
    "vertices" : [ {
      "x" : -12.318382,
      "y" : -19.593266,
      "z" : -12.766529
    }, {
      "x" : -3.9321084,
      "y" : -21.250347,
      "z" : -10.085315
    }, {
      "x" : -3.6810706,
      "y" : -18.342371,
      "z" : -14.790519
    } ],
    "faces" : [ {
      "vertices" : [ 0, 1, 2 ]
    }, {
      "vertices" : [ 0, 2, 1 ]
    } ]
  }, {
    "id" : "0b807309-cd52-499e-b6db-654180776a49",
    "vertices" : [ {
      "x" : 0.309017,
      "y" : -0.309017,
      "z" : -0.309017
    }, {
      "x" : 0.5,
      "y" : 0.0,
      "z" : -0.19098301
    }, {
      "x" : 0.5,
      "y" : 0.0,
      "z" : 0.19098301
    }, {
      "x" : 0.309017,
      "y" : -0.309017,
      "z" : 0.309017
    }, {
      "x" : 0.19098301,
      "y" : -0.5,
      "z" : 0.0
    }, {
      "x" : 0.0,
      "y" : 0.19098301,
      "z" : 0.5
    }, {
      "x" : 0.0,
      "y" : -0.19098301,
      "z" : 0.5
    }, {
      "x" : 0.309017,
      "y" : 0.309017,
      "z" : 0.309017
    }, {
      "x" : -0.309017,
      "y" : -0.309017,
      "z" : 0.309017
    }, {
      "x" : -0.309017,
      "y" : 0.309017,
      "z" : 0.309017
    }, {
      "x" : -0.5,
      "y" : 0.0,
      "z" : 0.19098301
    }, {
      "x" : 0.0,
      "y" : -0.19098301,
      "z" : -0.5
    }, {
      "x" : 0.0,
      "y" : 0.19098301,
      "z" : -0.5
    }, {
      "x" : 0.309017,
      "y" : 0.309017,
      "z" : -0.309017
    }, {
      "x" : -0.309017,
      "y" : -0.309017,
      "z" : -0.309017
    }, {
      "x" : -0.19098301,
      "y" : -0.5,
      "z" : 0.0
    }, {
      "x" : -0.5,
      "y" : 0.0,
      "z" : -0.19098301
    }, {
      "x" : 0.19098301,
      "y" : 0.5,
      "z" : 0.0
    }, {
      "x" : -0.309017,
      "y" : 0.309017,
      "z" : -0.309017
    }, {
      "x" : 0.0,
      "y" : 0.0,
      "z" : 0.0
    }, {
      "x" : -0.19098301,
      "y" : 0.5,
      "z" : 0.0
    } ],
    "faces" : [ {
      "vertices" : [ 12, 18, 20 ]
    }, {
      "vertices" : [ 12, 20, 17 ]
    }, {
      "vertices" : [ 12, 17, 13 ]
    }, {
      "vertices" : [ 3, 6, 8 ]
    }, {
      "vertices" : [ 3, 8, 15 ]
    }, {
      "vertices" : [ 3, 15, 4 ]
    }, {
      "vertices" : [ 0, 11, 12 ]
    }, {
      "vertices" : [ 0, 12, 13 ]
    }, {
      "vertices" : [ 0, 13, 1 ]
    }, {
      "vertices" : [ 5, 9, 10 ]
    }, {
      "vertices" : [ 5, 10, 8 ]
    }, {
      "vertices" : [ 5, 8, 6 ]
    }, {
      "vertices" : [ 2, 7, 5 ]
    }, {
      "vertices" : [ 2, 5, 6 ]
    }, {
      "vertices" : [ 2, 6, 3 ]
    }, {
      "vertices" : [ 11, 14, 16 ]
    }, {
      "vertices" : [ 11, 16, 18 ]
    }, {
      "vertices" : [ 11, 18, 12 ]
    }, {
      "vertices" : [ 1, 13, 17 ]
    }, {
      "vertices" : [ 1, 17, 7 ]
    }, {
      "vertices" : [ 1, 7, 2 ]
    }, {
      "vertices" : [ 9, 20, 18 ]
    }, {
      "vertices" : [ 9, 18, 16 ]
    }, {
      "vertices" : [ 9, 16, 10 ]
    }, {
      "vertices" : [ 0, 1, 2 ]
    }, {
      "vertices" : [ 0, 2, 3 ]
    }, {
      "vertices" : [ 0, 3, 4 ]
    }, {
      "vertices" : [ 5, 7, 17 ]
    }, {
      "vertices" : [ 5, 17, 20 ]
    }, {
      "vertices" : [ 5, 20, 9 ]
    }, {
      "vertices" : [ 0, 4, 15 ]
    }, {
      "vertices" : [ 0, 15, 14 ]
    }, {
      "vertices" : [ 0, 14, 11 ]
    }, {
      "vertices" : [ 8, 10, 16 ]
    }, {
      "vertices" : [ 8, 16, 14 ]
    }, {
      "vertices" : [ 8, 14, 15 ]
    } ]
  }, {
    "id" : "e67df732-999f-4757-9069-deaa2e3d9fd4",
    "vertices" : [ {
      "x" : 1.6130164,
      "y" : -2.1941776,
      "z" : -22.60705
    }, {
      "x" : 1.2130164,
      "y" : -2.2941775,
      "z" : -22.70705
    }, {
      "x" : -0.08515238,
      "y" : -0.27795842,
      "z" : -0.6672859
    }, {
      "x" : 0.31484762,
      "y" : -0.17795843,
      "z" : -0.5672859
    }, {
      "x" : 1.3463497,
      "y" : -2.5941775,
      "z" : -22.473717
    }, {
      "x" : 1.7463498,
      "y" : -2.4941776,
      "z" : -22.373716
    }, {
      "x" : 0.1815143,
      "y" : 0.122041576,
      "z" : -0.80061924
    }, {
      "x" : -0.21848571,
      "y" : 0.022041578,
      "z" : -0.9006192
    } ],
    "faces" : [ {
      "vertices" : [ 2, 3, 6 ]
    }, {
      "vertices" : [ 2, 6, 7 ]
    }, {
      "vertices" : [ 0, 5, 4 ]
    }, {
      "vertices" : [ 0, 4, 1 ]
    }, {
      "vertices" : [ 2, 4, 5 ]
    }, {
      "vertices" : [ 2, 5, 3 ]
    }, {
      "vertices" : [ 0, 6, 3 ]
    }, {
      "vertices" : [ 0, 3, 5 ]
    }, {
      "vertices" : [ 0, 1, 7 ]
    }, {
      "vertices" : [ 0, 7, 6 ]
    }, {
      "vertices" : [ 1, 4, 2 ]
    }, {
      "vertices" : [ 1, 2, 7 ]
    } ]
  }, {
    "id" : "a2e5269f-b5bc-4672-9826-e016ea05d3a0",
    "vertices" : [ {
      "x" : 3.6810706,
      "y" : -18.342371,
      "z" : 14.790519
    }, {
      "x" : 3.9321084,
      "y" : -21.250347,
      "z" : 10.085315
    }, {
      "x" : -1.250894,
      "y" : -22.27448,
      "z" : 8.428233
    }, {
      "x" : -4.7052035,
      "y" : -19.999453,
      "z" : 12.109304
    }, {
      "x" : -1.6570817,
      "y" : -17.569277,
      "z" : 16.041412
    } ],
    "faces" : [ {
      "vertices" : [ 0, 1, 2 ]
    }, {
      "vertices" : [ 0, 2, 3 ]
    }, {
      "vertices" : [ 0, 3, 4 ]
    }, {
      "vertices" : [ 0, 4, 3 ]
    }, {
      "vertices" : [ 0, 3, 2 ]
    }, {
      "vertices" : [ 0, 2, 1 ]
    } ]
  }, {
    "id" : "83c16c7e-da96-4d30-bd91-edba4c9ff6fc",
    "vertices" : [ {
      "x" : -12.318382,
      "y" : 19.593266,
      "z" : 12.766529
    }, {
      "x" : 4.3382964,
      "y" : 25.955551,
      "z" : -2.472136
    }, {
      "x" : 10.294394,
      "y" : 16.318382,
      "z" : 18.065401
    } ],
    "faces" : [ {
      "vertices" : [ 0, 1, 2 ]
    }, {
      "vertices" : [ 0, 2, 1 ]
    } ]
  }, {
    "id" : "c1a1eca1-de6f-4ed6-bec3-fe2eb8f94dbc",
    "vertices" : [ {
      "x" : 15.318005,
      "y" : 14.117986,
      "z" : 9.097375
    }, {
      "x" : 15.218005,
      "y" : 14.017986,
      "z" : 9.4973755
    }, {
      "x" : 0.27526066,
      "y" : 0.51470375,
      "z" : 0.5397928
    }, {
      "x" : 0.37526065,
      "y" : 0.6147037,
      "z" : 0.13979277
    }, {
      "x" : 14.984672,
      "y" : 14.317986,
      "z" : 9.630709
    }, {
      "x" : 15.084671,
      "y" : 14.417986,
      "z" : 9.230708
    }, {
      "x" : 0.608594,
      "y" : 0.31470373,
      "z" : 0.0064594373
    }, {
      "x" : 0.508594,
      "y" : 0.21470374,
      "z" : 0.40645945
    } ],
    "faces" : [ {
      "vertices" : [ 2, 3, 6 ]
    }, {
      "vertices" : [ 2, 6, 7 ]
    }, {
      "vertices" : [ 0, 5, 4 ]
    }, {
      "vertices" : [ 0, 4, 1 ]
    }, {
      "vertices" : [ 2, 4, 5 ]
    }, {
      "vertices" : [ 2, 5, 3 ]
    }, {
      "vertices" : [ 0, 6, 3 ]
    }, {
      "vertices" : [ 0, 3, 5 ]
    }, {
      "vertices" : [ 0, 1, 7 ]
    }, {
      "vertices" : [ 0, 7, 6 ]
    }, {
      "vertices" : [ 1, 4, 2 ]
    }, {
      "vertices" : [ 1, 2, 7 ]
    } ]
  }, {
    "id" : "72027dc3-b9ab-425e-be6a-6850ebce9a1d",
    "vertices" : [ {
      "x" : -5.747019,
      "y" : 9.637168,
      "z" : -23.931562
    }, {
      "x" : -23.931562,
      "y" : 5.747019,
      "z" : -9.637168
    }, {
      "x" : -12.766529,
      "y" : -12.318382,
      "z" : -19.593266
    } ],
    "faces" : [ {
      "vertices" : [ 0, 1, 2 ]
    }, {
      "vertices" : [ 0, 2, 1 ]
    } ]
  }, {
    "id" : "1fc4931a-8f73-4824-8669-39f3d6550654",
    "vertices" : [ {
      "x" : 23.931562,
      "y" : -5.747019,
      "z" : -9.637168
    }, {
      "x" : 19.999453,
      "y" : -12.109304,
      "z" : -4.7052035
    }, {
      "x" : 22.27448,
      "y" : -8.428233,
      "z" : -1.250894
    } ],
    "faces" : [ {
      "vertices" : [ 0, 1, 2 ]
    }, {
      "vertices" : [ 0, 2, 1 ]
    } ]
  }, {
    "id" : "1d834af9-626a-4359-8545-991d783c1d34",
    "vertices" : [ {
      "x" : 22.403698,
      "y" : 3.2748828,
      "z" : -13.637168
    }, {
      "x" : 14.790519,
      "y" : 3.6810706,
      "z" : -18.342371
    }, {
      "x" : 16.041412,
      "y" : -1.6570817,
      "z" : -17.569277
    } ],
    "faces" : [ {
      "vertices" : [ 0, 1, 2 ]
    }, {
      "vertices" : [ 0, 2, 1 ]
    } ]
  }, {
    "id" : "d4353ba4-0253-4190-b605-e7c8cd586b17",
    "vertices" : [ {
      "x" : 25.955551,
      "y" : 2.472136,
      "z" : -4.3382964
    }, {
      "x" : 18.065401,
      "y" : 10.294394,
      "z" : 16.318382
    }, {
      "x" : 13.637168,
      "y" : 22.403698,
      "z" : -3.2748828
    } ],
    "faces" : [ {
      "vertices" : [ 0, 1, 2 ]
    }, {
      "vertices" : [ 0, 2, 1 ]
    } ]
  }, {
    "id" : "4a782cc6-e50f-4e2e-b9c9-f1361e0875d7",
    "vertices" : [ {
      "x" : 2.472136,
      "y" : -4.3382964,
      "z" : 25.955551
    }, {
      "x" : 19.593266,
      "y" : -12.766529,
      "z" : 12.318382
    }, {
      "x" : 9.637168,
      "y" : -23.931562,
      "z" : -5.747019
    }, {
      "x" : -13.637168,
      "y" : -22.403698,
      "z" : -3.2748828
    }, {
      "x" : -18.065401,
      "y" : -10.294394,
      "z" : 16.318382
    } ],
    "faces" : [ {
      "vertices" : [ 0, 1, 2 ]
    }, {
      "vertices" : [ 0, 2, 3 ]
    }, {
      "vertices" : [ 0, 3, 4 ]
    }, {
      "vertices" : [ 0, 4, 3 ]
    }, {
      "vertices" : [ 0, 3, 2 ]
    }, {
      "vertices" : [ 0, 2, 1 ]
    } ]
  }, {
    "id" : "e7fc1be3-5e0c-4093-a766-eb36d96d85b6",
    "vertices" : [ {
      "x" : -12.766529,
      "y" : 12.318382,
      "z" : 19.593266
    }, {
      "x" : -10.085315,
      "y" : 3.9321084,
      "z" : 21.250347
    }, {
      "x" : -14.790519,
      "y" : 3.6810706,
      "z" : 18.342371
    } ],
    "faces" : [ {
      "vertices" : [ 0, 1, 2 ]
    }, {
      "vertices" : [ 0, 2, 1 ]
    } ]
  }, {
    "id" : "47b2f8b2-9d4d-4f0e-b9f7-d90b64f99c56",
    "vertices" : [ {
      "x" : -3.2748828,
      "y" : 13.637168,
      "z" : 22.403698
    }, {
      "x" : -3.6810706,
      "y" : 18.342371,
      "z" : 14.790519
    }, {
      "x" : 1.6570817,
      "y" : 17.569277,
      "z" : 16.041412
    } ],
    "faces" : [ {
      "vertices" : [ 0, 1, 2 ]
    }, {
      "vertices" : [ 0, 2, 1 ]
    } ]
  }, {
    "id" : "78bc4556-0c8d-4d41-97f9-f9cdcf112bae",
    "vertices" : [ {
      "x" : -23.931562,
      "y" : 5.747019,
      "z" : -9.637168
    }, {
      "x" : -19.999453,
      "y" : 12.109304,
      "z" : -4.7052035
    }, {
      "x" : -22.27448,
      "y" : 8.428233,
      "z" : -1.250894
    } ],
    "faces" : [ {
      "vertices" : [ 0, 1, 2 ]
    }, {
      "vertices" : [ 0, 2, 1 ]
    } ]
  }, {
    "id" : "c364a6f5-0f9e-4b47-a4bd-fb58a3c3f3a1",
    "vertices" : [ {
      "x" : 2.472136,
      "y" : 4.3382964,
      "z" : -25.955551
    }, {
      "x" : 8.428233,
      "y" : -1.250894,
      "z" : -22.27448
    }, {
      "x" : 10.085315,
      "y" : 3.9321084,
      "z" : -21.250347
    } ],
    "faces" : [ {
      "vertices" : [ 0, 1, 2 ]
    }, {
      "vertices" : [ 0, 2, 1 ]
    } ]
  }, {
    "id" : "3f6923df-6275-465d-9038-d3df83af1253",
    "vertices" : [ {
      "x" : 5.747019,
      "y" : -9.637168,
      "z" : -23.931562
    }, {
      "x" : 9.637168,
      "y" : -23.931562,
      "z" : -5.747019
    }, {
      "x" : 23.931562,
      "y" : -5.747019,
      "z" : -9.637168
    } ],
    "faces" : [ {
      "vertices" : [ 0, 1, 2 ]
    }, {
      "vertices" : [ 0, 2, 1 ]
    } ]
  }, {
    "id" : "81279b35-3ed5-4bee-86bc-b7803bc6cf6c",
    "vertices" : [ {
      "x" : 5.747019,
      "y" : 9.637168,
      "z" : 23.931562
    }, {
      "x" : 9.637168,
      "y" : 23.931562,
      "z" : 5.747019
    }, {
      "x" : 23.931562,
      "y" : 5.747019,
      "z" : 9.637168
    } ],
    "faces" : [ {
      "vertices" : [ 0, 1, 2 ]
    }, {
      "vertices" : [ 0, 2, 1 ]
    } ]
  }, {
    "id" : "9933c0d9-0210-44cf-a547-45ff42dfbbc3",
    "vertices" : [ {
      "x" : -14.790519,
      "y" : -3.6810706,
      "z" : -18.342371
    }, {
      "x" : -10.085315,
      "y" : -3.9321084,
      "z" : -21.250347
    }, {
      "x" : -8.428233,
      "y" : 1.250894,
      "z" : -22.27448
    }, {
      "x" : -12.109304,
      "y" : 4.7052035,
      "z" : -19.999453
    }, {
      "x" : -16.041412,
      "y" : 1.6570817,
      "z" : -17.569277
    } ],
    "faces" : [ {
      "vertices" : [ 0, 1, 2 ]
    }, {
      "vertices" : [ 0, 2, 3 ]
    }, {
      "vertices" : [ 0, 3, 4 ]
    }, {
      "vertices" : [ 0, 4, 3 ]
    }, {
      "vertices" : [ 0, 3, 2 ]
    }, {
      "vertices" : [ 0, 2, 1 ]
    } ]
  }, {
    "id" : "3e36cdb6-1edb-46cb-bea2-9aa817599b51",
    "vertices" : [ {
      "x" : 19.593266,
      "y" : -12.766529,
      "z" : 12.318382
    }, {
      "x" : 25.955551,
      "y" : 2.472136,
      "z" : -4.3382964
    }, {
      "x" : 16.318382,
      "y" : -18.065401,
      "z" : -10.294394
    } ],
    "faces" : [ {
      "vertices" : [ 0, 1, 2 ]
    }, {
      "vertices" : [ 0, 2, 1 ]
    } ]
  }, {
    "id" : "0b31b818-44e5-4b2d-add4-21b48cae3abb",
    "vertices" : [ {
      "x" : -12.766529,
      "y" : 12.318382,
      "z" : 19.593266
    }, {
      "x" : 2.472136,
      "y" : -4.3382964,
      "z" : 25.955551
    }, {
      "x" : -18.065401,
      "y" : -10.294394,
      "z" : 16.318382
    } ],
    "faces" : [ {
      "vertices" : [ 0, 1, 2 ]
    }, {
      "vertices" : [ 0, 2, 1 ]
    } ]
  }, {
    "id" : "ee957efa-b576-4d54-a2fb-fddd3843b920",
    "vertices" : [ {
      "x" : 4.3382964,
      "y" : 25.955551,
      "z" : -2.472136
    }, {
      "x" : 12.766529,
      "y" : 12.318382,
      "z" : -19.593266
    }, {
      "x" : 23.931562,
      "y" : -5.747019,
      "z" : -9.637168
    }, {
      "x" : 22.403698,
      "y" : -3.2748828,
      "z" : 13.637168
    }, {
      "x" : 10.294394,
      "y" : 16.318382,
      "z" : 18.065401
    } ],
    "faces" : [ {
      "vertices" : [ 0, 1, 2 ]
    }, {
      "vertices" : [ 0, 2, 3 ]
    }, {
      "vertices" : [ 0, 3, 4 ]
    }, {
      "vertices" : [ 0, 4, 3 ]
    }, {
      "vertices" : [ 0, 3, 2 ]
    }, {
      "vertices" : [ 0, 2, 1 ]
    } ]
  }, {
    "id" : "f89e3fdb-8dc1-426e-af1e-64963fc47c72",
    "vertices" : [ {
      "x" : 5.747019,
      "y" : 9.637168,
      "z" : 23.931562
    }, {
      "x" : 12.109304,
      "y" : 4.7052035,
      "z" : 19.999453
    }, {
      "x" : 8.428233,
      "y" : 1.250894,
      "z" : 22.27448
    } ],
    "faces" : [ {
      "vertices" : [ 0, 1, 2 ]
    }, {
      "vertices" : [ 0, 2, 1 ]
    } ]
  }, {
    "id" : "f45fb824-b91c-4efc-9c5b-9830cd50f0ae",
    "vertices" : [ {
      "x" : -13.637168,
      "y" : -22.403698,
      "z" : -3.2748828
    }, {
      "x" : -18.342371,
      "y" : -14.790519,
      "z" : -3.6810706
    }, {
      "x" : -17.569277,
      "y" : -16.041412,
      "z" : 1.6570817
    } ],
    "faces" : [ {
      "vertices" : [ 0, 1, 2 ]
    }, {
      "vertices" : [ 0, 2, 1 ]
    } ]
  }, {
    "id" : "86eecd31-f611-4a7d-9148-81b5c045e0e7",
    "vertices" : [ {
      "x" : -12.766529,
      "y" : 12.318382,
      "z" : 19.593266
    }, {
      "x" : 10.294394,
      "y" : 16.318382,
      "z" : 18.065401
    }, {
      "x" : 2.472136,
      "y" : -4.3382964,
      "z" : 25.955551
    } ],
    "faces" : [ {
      "vertices" : [ 0, 1, 2 ]
    }, {
      "vertices" : [ 0, 2, 1 ]
    } ]
  }, {
    "id" : "0a814764-6628-4891-a6eb-9a1468582ee4",
    "vertices" : [ {
      "x" : 3.2748828,
      "y" : 13.637168,
      "z" : -22.403698
    }, {
      "x" : 22.403698,
      "y" : 3.2748828,
      "z" : -13.637168
    }, {
      "x" : 13.637168,
      "y" : 22.403698,
      "z" : -3.2748828
    } ],
    "faces" : [ {
      "vertices" : [ 0, 1, 2 ]
    }, {
      "vertices" : [ 0, 2, 1 ]
    } ]
  }, {
    "id" : "f7b2f564-0559-4f1d-b66d-e752db115a41",
    "vertices" : [ {
      "x" : 18.065401,
      "y" : -10.294394,
      "z" : -16.318382
    }, {
      "x" : 25.955551,
      "y" : -2.472136,
      "z" : 4.3382964
    }, {
      "x" : 19.593266,
      "y" : 12.766529,
      "z" : -12.318382
    } ],
    "faces" : [ {
      "vertices" : [ 0, 1, 2 ]
    }, {
      "vertices" : [ 0, 2, 1 ]
    } ]
  }, {
    "id" : "cf698fd7-2724-4ac2-9b5a-7dc68b9b8abd",
    "vertices" : [ {
      "x" : -3.6810706,
      "y" : 18.342371,
      "z" : 14.790519
    }, {
      "x" : -3.9321084,
      "y" : 21.250347,
      "z" : 10.085315
    }, {
      "x" : 1.250894,
      "y" : 22.27448,
      "z" : 8.428233
    }, {
      "x" : 4.7052035,
      "y" : 19.999453,
      "z" : 12.109304
    }, {
      "x" : 1.6570817,
      "y" : 17.569277,
      "z" : 16.041412
    } ],
    "faces" : [ {
      "vertices" : [ 0, 1, 2 ]
    }, {
      "vertices" : [ 0, 2, 3 ]
    }, {
      "vertices" : [ 0, 3, 4 ]
    }, {
      "vertices" : [ 0, 4, 3 ]
    }, {
      "vertices" : [ 0, 3, 2 ]
    }, {
      "vertices" : [ 0, 2, 1 ]
    } ]
  }, {
    "id" : "30af8e9a-251a-499e-a992-67c7b769c244",
    "vertices" : [ {
      "x" : 14.790519,
      "y" : 3.6810706,
      "z" : -18.342371
    }, {
      "x" : 10.085315,
      "y" : 3.9321084,
      "z" : -21.250347
    }, {
      "x" : 8.428233,
      "y" : -1.250894,
      "z" : -22.27448
    }, {
      "x" : 12.109304,
      "y" : -4.7052035,
      "z" : -19.999453
    }, {
      "x" : 16.041412,
      "y" : -1.6570817,
      "z" : -17.569277
    } ],
    "faces" : [ {
      "vertices" : [ 0, 1, 2 ]
    }, {
      "vertices" : [ 0, 2, 3 ]
    }, {
      "vertices" : [ 0, 3, 4 ]
    }, {
      "vertices" : [ 0, 4, 3 ]
    }, {
      "vertices" : [ 0, 3, 2 ]
    }, {
      "vertices" : [ 0, 2, 1 ]
    } ]
  }, {
    "id" : "0882c7ed-4c39-4e23-8e49-0fc72b11625b",
    "vertices" : [ {
      "x" : -23.931562,
      "y" : 5.747019,
      "z" : -9.637168
    }, {
      "x" : -9.637168,
      "y" : 23.931562,
      "z" : -5.747019
    }, {
      "x" : -19.593266,
      "y" : 12.766529,
      "z" : 12.318382
    } ],
    "faces" : [ {
      "vertices" : [ 0, 1, 2 ]
    }, {
      "vertices" : [ 0, 2, 1 ]
    } ]
  }, {
    "id" : "88506abe-ff69-4273-b7a6-ac4138558d83",
    "vertices" : [ {
      "x" : -13.637168,
      "y" : 22.403698,
      "z" : 3.2748828
    }, {
      "x" : -22.403698,
      "y" : 3.2748828,
      "z" : 13.637168
    }, {
      "x" : -23.931562,
      "y" : 5.747019,
      "z" : -9.637168
    } ],
    "faces" : [ {
      "vertices" : [ 0, 1, 2 ]
    }, {
      "vertices" : [ 0, 2, 1 ]
    } ]
  }, {
    "id" : "2adc73ff-57b0-4f66-b941-8cf6a00253cc",
    "vertices" : [ {
      "x" : -4.3382964,
      "y" : -25.955551,
      "z" : -2.472136
    }, {
      "x" : 1.250894,
      "y" : -22.27448,
      "z" : -8.428233
    }, {
      "x" : -3.9321084,
      "y" : -21.250347,
      "z" : -10.085315
    } ],
    "faces" : [ {
      "vertices" : [ 0, 1, 2 ]
    }, {
      "vertices" : [ 0, 2, 1 ]
    } ]
  }, {
    "id" : "700ee440-7a9f-4e25-8a45-90b8eff28776",
    "vertices" : [ {
      "x" : -2.472136,
      "y" : -4.3382964,
      "z" : -25.955551
    }, {
      "x" : -8.428233,
      "y" : 1.250894,
      "z" : -22.27448
    }, {
      "x" : -10.085315,
      "y" : -3.9321084,
      "z" : -21.250347
    } ],
    "faces" : [ {
      "vertices" : [ 0, 1, 2 ]
    }, {
      "vertices" : [ 0, 2, 1 ]
    } ]
  }, {
    "id" : "82c43b30-3e4a-4057-aa95-b7d02238c276",
    "vertices" : [ {
      "x" : 9.637168,
      "y" : 23.931562,
      "z" : 5.747019
    }, {
      "x" : 4.7052035,
      "y" : 19.999453,
      "z" : 12.109304
    }, {
      "x" : 1.250894,
      "y" : 22.27448,
      "z" : 8.428233
    } ],
    "faces" : [ {
      "vertices" : [ 0, 1, 2 ]
    }, {
      "vertices" : [ 0, 2, 1 ]
    } ]
  }, {
    "id" : "a61f2564-207c-4355-8a8f-6fdc23a50594",
    "vertices" : [ {
      "x" : 10.294394,
      "y" : 16.318382,
      "z" : 18.065401
    }, {
      "x" : 1.6570817,
      "y" : 17.569277,
      "z" : 16.041412
    }, {
      "x" : 4.7052035,
      "y" : 19.999453,
      "z" : 12.109304
    } ],
    "faces" : [ {
      "vertices" : [ 0, 1, 2 ]
    }, {
      "vertices" : [ 0, 2, 1 ]
    } ]
  }, {
    "id" : "79d8981c-548f-4efd-80d7-1479c5a5c8ff",
    "vertices" : [ {
      "x" : 12.318382,
      "y" : 19.593266,
      "z" : -12.766529
    }, {
      "x" : -4.3382964,
      "y" : 25.955551,
      "z" : 2.472136
    }, {
      "x" : -10.294394,
      "y" : 16.318382,
      "z" : -18.065401
    } ],
    "faces" : [ {
      "vertices" : [ 0, 1, 2 ]
    }, {
      "vertices" : [ 0, 2, 1 ]
    } ]
  }, {
    "id" : "e9e8b6c8-2431-41dd-b9d4-bb23ad8b64c6",
    "vertices" : [ {
      "x" : 2.472136,
      "y" : 4.3382964,
      "z" : -25.955551
    }, {
      "x" : 19.593266,
      "y" : 12.766529,
      "z" : -12.318382
    }, {
      "x" : 9.637168,
      "y" : 23.931562,
      "z" : 5.747019
    }, {
      "x" : -13.637168,
      "y" : 22.403698,
      "z" : 3.2748828
    }, {
      "x" : -18.065401,
      "y" : 10.294394,
      "z" : -16.318382
    } ],
    "faces" : [ {
      "vertices" : [ 0, 1, 2 ]
    }, {
      "vertices" : [ 0, 2, 3 ]
    }, {
      "vertices" : [ 0, 3, 4 ]
    }, {
      "vertices" : [ 0, 4, 3 ]
    }, {
      "vertices" : [ 0, 3, 2 ]
    }, {
      "vertices" : [ 0, 2, 1 ]
    } ]
  }, {
    "id" : "99f3b787-b92f-4d19-a053-7ac2ff6936d0",
    "vertices" : [ {
      "x" : 3.2748828,
      "y" : 13.637168,
      "z" : -22.403698
    }, {
      "x" : 13.637168,
      "y" : 22.403698,
      "z" : -3.2748828
    }, {
      "x" : -9.637168,
      "y" : 23.931562,
      "z" : -5.747019
    } ],
    "faces" : [ {
      "vertices" : [ 0, 1, 2 ]
    }, {
      "vertices" : [ 0, 2, 1 ]
    } ]
  }, {
    "id" : "feb987cd-d952-4e77-8751-4baf15d642c1",
    "vertices" : [ {
      "x" : 12.766529,
      "y" : 12.318382,
      "z" : -19.593266
    }, {
      "x" : 10.085315,
      "y" : 3.9321084,
      "z" : -21.250347
    }, {
      "x" : 14.790519,
      "y" : 3.6810706,
      "z" : -18.342371
    } ],
    "faces" : [ {
      "vertices" : [ 0, 1, 2 ]
    }, {
      "vertices" : [ 0, 2, 1 ]
    } ]
  }, {
    "id" : "2fb3c06e-2c48-49af-a5b2-fb39c560550d",
    "vertices" : [ {
      "x" : -16.318382,
      "y" : 18.065401,
      "z" : -10.294394
    }, {
      "x" : 4.3382964,
      "y" : 25.955551,
      "z" : -2.472136
    }, {
      "x" : -12.318382,
      "y" : 19.593266,
      "z" : 12.766529
    } ],
    "faces" : [ {
      "vertices" : [ 0, 1, 2 ]
    }, {
      "vertices" : [ 0, 2, 1 ]
    } ]
  }, {
    "id" : "01adf005-fdc9-4d7d-9166-23a53c540688",
    "vertices" : [ {
      "x" : -2.472136,
      "y" : 4.3382964,
      "z" : 25.955551
    }, {
      "x" : -19.593266,
      "y" : 12.766529,
      "z" : 12.318382
    }, {
      "x" : -9.637168,
      "y" : 23.931562,
      "z" : -5.747019
    }, {
      "x" : 13.637168,
      "y" : 22.403698,
      "z" : -3.2748828
    }, {
      "x" : 18.065401,
      "y" : 10.294394,
      "z" : 16.318382
    } ],
    "faces" : [ {
      "vertices" : [ 0, 1, 2 ]
    }, {
      "vertices" : [ 0, 2, 3 ]
    }, {
      "vertices" : [ 0, 3, 4 ]
    }, {
      "vertices" : [ 0, 4, 3 ]
    }, {
      "vertices" : [ 0, 3, 2 ]
    }, {
      "vertices" : [ 0, 2, 1 ]
    } ]
  }, {
    "id" : "8d5e2478-fc72-4747-82b8-43213ae8cd30",
    "vertices" : [ {
      "x" : 12.766529,
      "y" : -12.318382,
      "z" : 19.593266
    }, {
      "x" : -2.472136,
      "y" : 4.3382964,
      "z" : 25.955551
    }, {
      "x" : 18.065401,
      "y" : 10.294394,
      "z" : 16.318382
    } ],
    "faces" : [ {
      "vertices" : [ 0, 1, 2 ]
    }, {
      "vertices" : [ 0, 2, 1 ]
    } ]
  }, {
    "id" : "dae56cc0-7856-4dee-a100-d5fc22f20bd2",
    "vertices" : [ {
      "x" : -25.955551,
      "y" : -2.472136,
      "z" : -4.3382964
    }, {
      "x" : -18.065401,
      "y" : -10.294394,
      "z" : 16.318382
    }, {
      "x" : -13.637168,
      "y" : -22.403698,
      "z" : -3.2748828
    } ],
    "faces" : [ {
      "vertices" : [ 0, 1, 2 ]
    }, {
      "vertices" : [ 0, 2, 1 ]
    } ]
  }, {
    "id" : "3999f641-ab89-4474-8965-fbffc7bc42e8",
    "vertices" : [ {
      "x" : -9.637168,
      "y" : 23.931562,
      "z" : -5.747019
    }, {
      "x" : -4.7052035,
      "y" : 19.999453,
      "z" : -12.109304
    }, {
      "x" : -1.250894,
      "y" : 22.27448,
      "z" : -8.428233
    } ],
    "faces" : [ {
      "vertices" : [ 0, 1, 2 ]
    }, {
      "vertices" : [ 0, 2, 1 ]
    } ]
  }, {
    "id" : "79bfab15-3403-4dd8-9811-5536a5d743f3",
    "vertices" : [ {
      "x" : -10.294394,
      "y" : -16.318382,
      "z" : 18.065401
    }, {
      "x" : -2.472136,
      "y" : 4.3382964,
      "z" : 25.955551
    }, {
      "x" : 12.766529,
      "y" : -12.318382,
      "z" : 19.593266
    } ],
    "faces" : [ {
      "vertices" : [ 0, 1, 2 ]
    }, {
      "vertices" : [ 0, 2, 1 ]
    } ]
  }, {
    "id" : "54817e5c-5a42-44d5-9569-1b926ed20198",
    "vertices" : [ {
      "x" : -16.318382,
      "y" : -18.065401,
      "z" : 10.294394
    }, {
      "x" : 4.3382964,
      "y" : -25.955551,
      "z" : 2.472136
    }, {
      "x" : -12.318382,
      "y" : -19.593266,
      "z" : -12.766529
    } ],
    "faces" : [ {
      "vertices" : [ 0, 1, 2 ]
    }, {
      "vertices" : [ 0, 2, 1 ]
    } ]
  }, {
    "id" : "42ca1086-f7f9-4945-b0ea-a4a5772690e0",
    "vertices" : [ {
      "x" : 10.294394,
      "y" : -16.318382,
      "z" : -18.065401
    }, {
      "x" : -12.766529,
      "y" : -12.318382,
      "z" : -19.593266
    }, {
      "x" : -4.3382964,
      "y" : -25.955551,
      "z" : -2.472136
    } ],
    "faces" : [ {
      "vertices" : [ 0, 1, 2 ]
    }, {
      "vertices" : [ 0, 2, 1 ]
    } ]
  }, {
    "id" : "51f27c91-9842-4c58-a2c1-6d510caf8df8",
    "vertices" : [ {
      "x" : 25.955551,
      "y" : 2.472136,
      "z" : -4.3382964
    }, {
      "x" : 22.27448,
      "y" : 8.428233,
      "z" : 1.250894
    }, {
      "x" : 21.250347,
      "y" : 10.085315,
      "z" : -3.9321084
    } ],
    "faces" : [ {
      "vertices" : [ 0, 1, 2 ]
    }, {
      "vertices" : [ 0, 2, 1 ]
    } ]
  }, {
    "id" : "41f1cbae-0a48-49f1-b15e-6a548fa4bd75",
    "vertices" : [ {
      "x" : -18.342371,
      "y" : 14.790519,
      "z" : 3.6810706
    }, {
      "x" : -21.250347,
      "y" : 10.085315,
      "z" : 3.9321084
    }, {
      "x" : -22.27448,
      "y" : 8.428233,
      "z" : -1.250894
    }, {
      "x" : -19.999453,
      "y" : 12.109304,
      "z" : -4.7052035
    }, {
      "x" : -17.569277,
      "y" : 16.041412,
      "z" : -1.6570817
    } ],
    "faces" : [ {
      "vertices" : [ 0, 1, 2 ]
    }, {
      "vertices" : [ 0, 2, 3 ]
    }, {
      "vertices" : [ 0, 3, 4 ]
    }, {
      "vertices" : [ 0, 4, 3 ]
    }, {
      "vertices" : [ 0, 3, 2 ]
    }, {
      "vertices" : [ 0, 2, 1 ]
    } ]
  }, {
    "id" : "ebd633b5-0b8a-481d-b270-7281e3812390",
    "vertices" : [ {
      "x" : 18.342371,
      "y" : 14.790519,
      "z" : -3.6810706
    }, {
      "x" : 21.250347,
      "y" : 10.085315,
      "z" : -3.9321084
    }, {
      "x" : 22.27448,
      "y" : 8.428233,
      "z" : 1.250894
    }, {
      "x" : 19.999453,
      "y" : 12.109304,
      "z" : 4.7052035
    }, {
      "x" : 17.569277,
      "y" : 16.041412,
      "z" : 1.6570817
    } ],
    "faces" : [ {
      "vertices" : [ 0, 1, 2 ]
    }, {
      "vertices" : [ 0, 2, 3 ]
    }, {
      "vertices" : [ 0, 3, 4 ]
    }, {
      "vertices" : [ 0, 4, 3 ]
    }, {
      "vertices" : [ 0, 3, 2 ]
    }, {
      "vertices" : [ 0, 2, 1 ]
    } ]
  }, {
    "id" : "fe8aaff6-78ec-4ddf-bd43-968eab2b57e3",
    "vertices" : [ {
      "x" : -18.342371,
      "y" : -14.790519,
      "z" : -3.6810706
    }, {
      "x" : -21.250347,
      "y" : -10.085315,
      "z" : -3.9321084
    }, {
      "x" : -22.27448,
      "y" : -8.428233,
      "z" : 1.250894
    }, {
      "x" : -19.999453,
      "y" : -12.109304,
      "z" : 4.7052035
    }, {
      "x" : -17.569277,
      "y" : -16.041412,
      "z" : 1.6570817
    } ],
    "faces" : [ {
      "vertices" : [ 0, 1, 2 ]
    }, {
      "vertices" : [ 0, 2, 3 ]
    }, {
      "vertices" : [ 0, 3, 4 ]
    }, {
      "vertices" : [ 0, 4, 3 ]
    }, {
      "vertices" : [ 0, 3, 2 ]
    }, {
      "vertices" : [ 0, 2, 1 ]
    } ]
  }, {
    "id" : "86067561-5c46-45ac-b22c-76943031b3a8",
    "vertices" : [ {
      "x" : -10.294394,
      "y" : -16.318382,
      "z" : 18.065401
    }, {
      "x" : 12.766529,
      "y" : -12.318382,
      "z" : 19.593266
    }, {
      "x" : 4.3382964,
      "y" : -25.955551,
      "z" : 2.472136
    } ],
    "faces" : [ {
      "vertices" : [ 0, 1, 2 ]
    }, {
      "vertices" : [ 0, 2, 1 ]
    } ]
  }, {
    "id" : "31c12ef3-449a-4b63-a2a0-87c783ea57b6",
    "vertices" : [ {
      "x" : 16.318382,
      "y" : -18.065401,
      "z" : -10.294394
    }, {
      "x" : 17.569277,
      "y" : -16.041412,
      "z" : -1.6570817
    }, {
      "x" : 19.999453,
      "y" : -12.109304,
      "z" : -4.7052035
    } ],
    "faces" : [ {
      "vertices" : [ 0, 1, 2 ]
    }, {
      "vertices" : [ 0, 2, 1 ]
    } ]
  }, {
    "id" : "5809d8ef-faae-47c1-9f97-66449a6e44a8",
    "vertices" : [ {
      "x" : 23.931562,
      "y" : -5.747019,
      "z" : -9.637168
    }, {
      "x" : 9.637168,
      "y" : -23.931562,
      "z" : -5.747019
    }, {
      "x" : 19.593266,
      "y" : -12.766529,
      "z" : 12.318382
    } ],
    "faces" : [ {
      "vertices" : [ 0, 1, 2 ]
    }, {
      "vertices" : [ 0, 2, 1 ]
    } ]
  }, {
    "id" : "6ff24a53-8a81-463a-a832-4ad0e33288ce",
    "vertices" : [ {
      "x" : -5.747019,
      "y" : -9.637168,
      "z" : 23.931562
    }, {
      "x" : -23.931562,
      "y" : -5.747019,
      "z" : 9.637168
    }, {
      "x" : -12.766529,
      "y" : 12.318382,
      "z" : 19.593266
    } ],
    "faces" : [ {
      "vertices" : [ 0, 1, 2 ]
    }, {
      "vertices" : [ 0, 2, 1 ]
    } ]
  }, {
    "id" : "779ca277-1846-4f56-8b88-4fd6b32ef68a",
    "vertices" : [ {
      "x" : -19.593266,
      "y" : 12.766529,
      "z" : 12.318382
    }, {
      "x" : -25.955551,
      "y" : -2.472136,
      "z" : -4.3382964
    }, {
      "x" : -16.318382,
      "y" : 18.065401,
      "z" : -10.294394
    } ],
    "faces" : [ {
      "vertices" : [ 0, 1, 2 ]
    }, {
      "vertices" : [ 0, 2, 1 ]
    } ]
  }, {
    "id" : "ec3b30fa-295d-4270-9684-a76678138e77",
    "vertices" : [ {
      "x" : -25.955551,
      "y" : 2.472136,
      "z" : 4.3382964
    }, {
