{
  "field" : "golden",
  "symmetry" : "icosahedral",
  "orientations" : [ [ 1.0, 0.0, 0.0, 0.0, 0.0, 1.0, 0.0, 0.0, 0.0, 0.0, 1.0, 0.0, 0.0, 0.0, 0.0, 1.0 ], [ 0.0, 0.0, 1.0, 0.0, 1.0, 0.0, 0.0, 0.0, 0.0, 1.0, 0.0, 0.0, 0.0, 0.0, 0.0, 1.0 ], [ 0.0, 1.0, 0.0, 0.0, 0.0, 0.0, 1.0, 0.0, 1.0, 0.0, 0.0, 0.0, 0.0, 0.0, 0.0, 1.0 ], [ 0.809017, 0.309017, 0.5, 0.0, 0.309017, 0.5, -0.809017, 0.0, -0.5, 0.809017, 0.309017, 0.0, 0.0, 0.0, 0.0, 1.0 ], [ -0.5, 0.809017, 0.309017, 0.0, 0.809017, 0.309017, 0.5, 0.0, 0.309017, 0.5, -0.809017, 0.0, 0.0, 0.0, 0.0, 1.0 ], [ 0.309017, 0.5, -0.809017, 0.0, -0.5, 0.809017, 0.309017, 0.0, 0.809017, 0.309017, 0.5, 0.0, 0.0, 0.0, 0.0, 1.0 ], [ 0.5, 0.809017, 0.309017, 0.0, 0.809017, -0.309017, -0.5, 0.0, -0.309017, 0.5, -0.809017, 0.0, 0.0, 0.0, 0.0, 1.0 ], [ -0.309017, 0.5, -0.809017, 0.0, 0.5, 0.809017, 0.309017, 0.0, 0.809017, -0.309017, -0.5, 0.0, 0.0, 0.0, 0.0, 1.0 ], [ 0.809017, -0.309017, -0.5, 0.0, -0.309017, 0.5, -0.809017, 0.0, 0.5, 0.809017, 0.309017, 0.0, 0.0, 0.0, 0.0, 1.0 ], [ 0.5, 0.809017, -0.309017, 0.0, 0.809017, -0.309017, 0.5, 0.0, 0.309017, -0.5, -0.809017, 0.0, 0.0, 0.0, 0.0, 1.0 ], [ 0.309017, -0.5, -0.809017, 0.0, 0.5, 0.809017, -0.309017, 0.0, 0.809017, -0.309017, 0.5, 0.0, 0.0, 0.0, 0.0, 1.0 ], [ 0.809017, -0.309017, 0.5, 0.0, 0.309017, -0.5, -0.809017, 0.0, 0.5, 0.809017, -0.309017, 0.0, 0.0, 0.0, 0.0, 1.0 ], [ 0.809017, 0.309017, -0.5, 0.0, 0.309017, 0.5, 0.809017, 0.0, 0.5, -0.809017, 0.309017, 0.0, 0.0, 0.0, 0.0, 1.0 ], [ 0.5, -0.809017, 0.309017, 0.0, 0.809017, 0.309017, -0.5, 0.0, 0.309017, 0.5, 0.809017, 0.0, 0.0, 0.0, 0.0, 1.0 ], [ 0.309017, 0.5, 0.809017, 0.0, 0.5, -0.809017, 0.309017, 0.0, 0.809017, 0.309017, -0.5, 0.0, 0.0, 0.0, 0.0, 1.0 ], [ 1.0, 0.0, 0.0, 0.0, 0.0, -1.0, 0.0, 0.0, 0.0, 0.0, -1.0, 0.0, 0.0, 0.0, 0.0, 1.0 ], [ 0.0, 0.0, 1.0, 0.0, -1.0, 0.0, 0.0, 0.0, 0.0, -1.0, 0.0, 0.0, 0.0, 0.0, 0.0, 1.0 ], [ 0.0, 1.0, 0.0, 0.0, 0.0, 0.0, -1.0, 0.0, -1.0, 0.0, 0.0, 0.0, 0.0, 0.0, 0.0, 1.0 ], [ 0.809017, 0.309017, 0.5, 0.0, -0.309017, -0.5, 0.809017, 0.0, 0.5, -0.809017, -0.309017, 0.0, 0.0, 0.0, 0.0, 1.0 ], [ -0.5, 0.809017, 0.309017, 0.0, -0.809017, -0.309017, -0.5, 0.0, -0.309017, -0.5, 0.809017, 0.0, 0.0, 0.0, 0.0, 1.0 ], [ 0.309017, 0.5, -0.809017, 0.0, 0.5, -0.809017, -0.309017, 0.0, -0.809017, -0.309017, -0.5, 0.0, 0.0, 0.0, 0.0, 1.0 ], [ 0.5, 0.809017, 0.309017, 0.0, -0.809017, 0.309017, 0.5, 0.0, 0.309017, -0.5, 0.809017, 0.0, 0.0, 0.0, 0.0, 1.0 ], [ -0.309017, 0.5, -0.809017, 0.0, -0.5, -0.809017, -0.309017, 0.0, -0.809017, 0.309017, 0.5, 0.0, 0.0, 0.0, 0.0, 1.0 ], [ 0.809017, -0.309017, -0.5, 0.0, 0.309017, -0.5, 0.809017, 0.0, -0.5, -0.809017, -0.309017, 0.0, 0.0, 0.0, 0.0, 1.0 ], [ 0.5, 0.809017, -0.309017, 0.0, -0.809017, 0.309017, -0.5, 0.0, -0.309017, 0.5, 0.809017, 0.0, 0.0, 0.0, 0.0, 1.0 ], [ 0.309017, -0.5, -0.809017, 0.0, -0.5, -0.809017, 0.309017, 0.0, -0.809017, 0.309017, -0.5, 0.0, 0.0, 0.0, 0.0, 1.0 ], [ 0.809017, -0.309017, 0.5, 0.0, -0.309017, 0.5, 0.809017, 0.0, -0.5, -0.809017, 0.309017, 0.0, 0.0, 0.0, 0.0, 1.0 ], [ 0.809017, 0.309017, -0.5, 0.0, -0.309017, -0.5, -0.809017, 0.0, -0.5, 0.809017, -0.309017, 0.0, 0.0, 0.0, 0.0, 1.0 ], [ 0.5, -0.809017, 0.309017, 0.0, -0.809017, -0.309017, 0.5, 0.0, -0.309017, -0.5, -0.809017, 0.0, 0.0, 0.0, 0.0, 1.0 ], [ 0.309017, 0.5, 0.809017, 0.0, -0.5, 0.809017, -0.309017, 0.0, -0.809017, -0.309017, 0.5, 0.0, 0.0, 0.0, 0.0, 1.0 ], [ -1.0, 0.0, 0.0, 0.0, 0.0, -1.0, 0.0, 0.0, 0.0, 0.0, 1.0, 0.0, 0.0, 0.0, 0.0, 1.0 ], [ 0.0, 0.0, -1.0, 0.0, -1.0, 0.0, 0.0, 0.0, 0.0, 1.0, 0.0, 0.0, 0.0, 0.0, 0.0, 1.0 ], [ 0.0, -1.0, 0.0, 0.0, 0.0, 0.0, -1.0, 0.0, 1.0, 0.0, 0.0, 0.0, 0.0, 0.0, 0.0, 1.0 ], [ -0.809017, -0.309017, -0.5, 0.0, -0.309017, -0.5, 0.809017, 0.0, -0.5, 0.809017, 0.309017, 0.0, 0.0, 0.0, 0.0, 1.0 ], [ 0.5, -0.809017, -0.309017, 0.0, -0.809017, -0.309017, -0.5, 0.0, 0.309017, 0.5, -0.809017, 0.0, 0.0, 0.0, 0.0, 1.0 ], [ -0.309017, -0.5, 0.809017, 0.0, 0.5, -0.809017, -0.309017, 0.0, 0.809017, 0.309017, 0.5, 0.0, 0.0, 0.0, 0.0, 1.0 ], [ -0.5, -0.809017, -0.309017, 0.0, -0.809017, 0.309017, 0.5, 0.0, -0.309017, 0.5, -0.809017, 0.0, 0.0, 0.0, 0.0, 1.0 ], [ 0.309017, -0.5, 0.809017, 0.0, -0.5, -0.809017, -0.309017, 0.0, 0.809017, -0.309017, -0.5, 0.0, 0.0, 0.0, 0.0, 1.0 ], [ -0.809017, 0.309017, 0.5, 0.0, 0.309017, -0.5, 0.809017, 0.0, 0.5, 0.809017, 0.309017, 0.0, 0.0, 0.0, 0.0, 1.0 ], [ -0.5, -0.809017, 0.309017, 0.0, -0.809017, 0.309017, -0.5, 0.0, 0.309017, -0.5, -0.809017, 0.0, 0.0, 0.0, 0.0, 1.0 ], [ -0.309017, 0.5, 0.809017, 0.0, -0.5, -0.809017, 0.309017, 0.0, 0.809017, -0.309017, 0.5, 0.0, 0.0, 0.0, 0.0, 1.0 ], [ -0.809017, 0.309017, -0.5, 0.0, -0.309017, 0.5, 0.809017, 0.0, 0.5, 0.809017, -0.309017, 0.0, 0.0, 0.0, 0.0, 1.0 ], [ -0.809017, -0.309017, 0.5, 0.0, -0.309017, -0.5, -0.809017, 0.0, 0.5, -0.809017, 0.309017, 0.0, 0.0, 0.0, 0.0, 1.0 ], [ -0.5, 0.809017, -0.309017, 0.0, -0.809017, -0.309017, 0.5, 0.0, 0.309017, 0.5, 0.809017, 0.0, 0.0, 0.0, 0.0, 1.0 ], [ -0.309017, -0.5, -0.809017, 0.0, -0.5, 0.809017, -0.309017, 0.0, 0.809017, 0.309017, -0.5, 0.0, 0.0, 0.0, 0.0, 1.0 ], [ -1.0, 0.0, 0.0, 0.0, 0.0, 1.0, 0.0, 0.0, 0.0, 0.0, -1.0, 0.0, 0.0, 0.0, 0.0, 1.0 ], [ 0.0, 0.0, -1.0, 0.0, 1.0, 0.0, 0.0, 0.0, 0.0, -1.0, 0.0, 0.0, 0.0, 0.0, 0.0, 1.0 ], [ 0.0, -1.0, 0.0, 0.0, 0.0, 0.0, 1.0, 0.0, -1.0, 0.0, 0.0, 0.0, 0.0, 0.0, 0.0, 1.0 ], [ -0.809017, -0.309017, -0.5, 0.0, 0.309017, 0.5, -0.809017, 0.0, 0.5, -0.809017, -0.309017, 0.0, 0.0, 0.0, 0.0, 1.0 ], [ 0.5, -0.809017, -0.309017, 0.0, 0.809017, 0.309017, 0.5, 0.0, -0.309017, -0.5, 0.809017, 0.0, 0.0, 0.0, 0.0, 1.0 ], [ -0.309017, -0.5, 0.809017, 0.0, -0.5, 0.809017, 0.309017, 0.0, -0.809017, -0.309017, -0.5, 0.0, 0.0, 0.0, 0.0, 1.0 ], [ -0.5, -0.809017, -0.309017, 0.0, 0.809017, -0.309017, -0.5, 0.0, 0.309017, -0.5, 0.809017, 0.0, 0.0, 0.0, 0.0, 1.0 ], [ 0.309017, -0.5, 0.809017, 0.0, 0.5, 0.809017, 0.309017, 0.0, -0.809017, 0.309017, 0.5, 0.0, 0.0, 0.0, 0.0, 1.0 ], [ -0.809017, 0.309017, 0.5, 0.0, -0.309017, 0.5, -0.809017, 0.0, -0.5, -0.809017, -0.309017, 0.0, 0.0, 0.0, 0.0, 1.0 ], [ -0.5, -0.809017, 0.309017, 0.0, 0.809017, -0.309017, 0.5, 0.0, -0.309017, 0.5, 0.809017, 0.0, 0.0, 0.0, 0.0, 1.0 ], [ -0.309017, 0.5, 0.809017, 0.0, 0.5, 0.809017, -0.309017, 0.0, -0.809017, 0.309017, -0.5, 0.0, 0.0, 0.0, 0.0, 1.0 ], [ -0.809017, 0.309017, -0.5, 0.0, 0.309017, -0.5, -0.809017, 0.0, -0.5, -0.809017, 0.309017, 0.0, 0.0, 0.0, 0.0, 1.0 ], [ -0.809017, -0.309017, 0.5, 0.0, 0.309017, 0.5, 0.809017, 0.0, -0.5, 0.809017, -0.309017, 0.0, 0.0, 0.0, 0.0, 1.0 ], [ -0.5, 0.809017, -0.309017, 0.0, 0.809017, 0.309017, -0.5, 0.0, -0.309017, -0.5, -0.809017, 0.0, 0.0, 0.0, 0.0, 1.0 ], [ -0.309017, -0.5, -0.809017, 0.0, 0.5, -0.809017, 0.309017, 0.0, -0.809017, -0.309017, 0.5, 0.0, 0.0, 0.0, 0.0, 1.0 ] ],
  "lights" : {
    "ambientColor" : "#292929",
    "backgroundColor" : "#B2CDE6",
    "directionalLights" : [ {
      "direction" : {
        "x" : 1.0,
        "y" : -1.0,
        "z" : -1.0
      },
      "color" : "#EBEBE4"
    }, {
      "direction" : {
        "x" : -1.0,
        "y" : 0.0,
        "z" : 0.0
      },
      "color" : "#E4E4EB"
    }, {
      "direction" : {
        "x" : 0.0,
        "y" : 0.0,
        "z" : -1.0
      },
      "color" : "#1E1E1E"
    } ]
  },
  "camera" : {
    "stereo" : false,
    "width" : 5.873038,
    "lookDirection" : {
      "x" : 0.95638716,
      "y" : 0.27554923,
      "z" : 0.09691808
    },
    "upDirection" : {
      "x" : 0.06528567,
      "y" : 0.12175718,
      "z" : -0.9904104
    },
    "lookAtPoint" : {
      "x" : 2.618034,
      "y" : 3.0,
      "z" : 0.0
    },
    "perspective" : true,
    "viewDistance" : 13.051193,
    "nearClipDistance" : 0.032627977,
    "farClipDistance" : 26.102371,
    "fieldOfView" : 0.44262895,
    "position" : {
      "x" : -9.86396,
      "y" : -0.59624624,
      "z" : -1.2648965
    }
  },
  "embedding" : [ 1.0, 0.0, 0.0, 0.0, 0.0, 1.0, 0.0, 0.0, 0.0, 0.0, 1.0, 0.0, 0.0, 0.0, 0.0, 1.0 ],
  "shapes" : [ {
    "id" : "2cfdaac6-8f0f-4b3b-a585-0bdb2fff78cc",
    "vertices" : [ {
      "x" : 6.3672576,
      "y" : 2.2147818,
      "z" : -0.15654115
    }, {
      "x" : 6.4402065,
      "y" : 2.2705097,
      "z" : -0.1286771
    }, {
      "x" : 6.489357,
      "y" : 2.190983,
      "z" : 0.0
    }, {
      "x" : 6.427051,
      "y" : 2.118034,
      "z" : 0.0
    } ],
    "faces" : [ {
      "vertices" : [ 0, 1, 2 ]
    }, {
      "vertices" : [ 0, 2, 3 ]
    }, {
      "vertices" : [ 0, 3, 2 ]
    }, {
      "vertices" : [ 0, 2, 1 ]
    } ]
  }, {
    "id" : "48aca3e1-4d84-40da-b607-0a048e368f7d",
    "vertices" : [ {
      "x" : -0.3511603,
      "y" : 3.67558,
      "z" : 0.19098301
    }, {
      "x" : -0.6803399,
      "y" : 3.472136,
      "z" : 0.19098301
    }, {
      "x" : -0.5623059,
      "y" : 3.281153,
      "z" : 0.11803399
    }, {
      "x" : -0.2331263,
      "y" : 3.4845972,
      "z" : 0.11803399
    } ],
    "faces" : [ {
      "vertices" : [ 0, 1, 2 ]
    }, {
      "vertices" : [ 0, 2, 3 ]
    }, {
      "vertices" : [ 0, 3, 2 ]
    }, {
      "vertices" : [ 0, 2, 1 ]
    } ]
  }, {
    "id" : "3e0d8dd5-9783-40bb-ad24-ea547487f9c0",
    "vertices" : [ {
      "x" : 4.055728,
      "y" : 5.2811527,
      "z" : 0.309017
    }, {
      "x" : 0.4376941,
      "y" : 3.8991868,
      "z" : 0.309017
    }, {
      "x" : 0.4376941,
      "y" : 3.517221,
      "z" : 0.309017
    }, {
      "x" : 4.055728,
      "y" : 4.899187,
      "z" : 0.309017
    } ],
    "faces" : [ {
      "vertices" : [ 0, 1, 2 ]
    }, {
      "vertices" : [ 0, 2, 3 ]
    }, {
      "vertices" : [ 0, 3, 2 ]
    }, {
      "vertices" : [ 0, 2, 1 ]
    } ]
  }, {
    "id" : "434da669-9c51-463e-a7b0-d7d8a454b47c",
    "vertices" : [ {
      "x" : 5.854102,
      "y" : 2.309017,
      "z" : -0.19098301
    }, {
      "x" : 6.045085,
      "y" : 2.0,
      "z" : -0.309017
    }, {
      "x" : 5.236068,
      "y" : 2.190983,
      "z" : -0.309017
    } ],
    "faces" : [ {
      "vertices" : [ 0, 1, 2 ]
    }, {
      "vertices" : [ 0, 2, 1 ]
    } ]
  }, {
    "id" : "b5507099-e642-43e8-ab94-de4fcb68d4a5",
    "vertices" : [ {
      "x" : 4.763932,
      "y" : 3.045085,
      "z" : 0.309017
    }, {
      "x" : 5.690983,
      "y" : 3.045085,
      "z" : 0.0
    }, {
      "x" : 5.572949,
      "y" : 3.236068,
      "z" : 0.309017
    } ],
    "faces" : [ {
      "vertices" : [ 0, 1, 2 ]
    }, {
      "vertices" : [ 0, 2, 1 ]
    } ]
  }, {
    "id" : "76cb7752-c07f-4566-92ba-1dc4f624de81",
    "vertices" : [ {
      "x" : 0.2507764,
      "y" : 1.0212862,
      "z" : -0.15654115
    }, {
      "x" : 0.17782739,
      "y" : 0.9655582,
      "z" : -0.1286771
    }, {
      "x" : 0.1286771,
      "y" : 1.045085,
      "z" : 0.0
    }, {
      "x" : 0.19098301,
      "y" : 1.118034,
      "z" : 0.0
    } ],
    "faces" : [ {
      "vertices" : [ 0, 1, 2 ]
    }, {
      "vertices" : [ 0, 2, 3 ]
    }, {
      "vertices" : [ 0, 3, 2 ]
    }, {
      "vertices" : [ 0, 2, 1 ]
    } ]
  }, {
    "id" : "461d859b-d61b-4434-b684-1d524f057c36",
    "vertices" : [ {
      "x" : 4.763932,
      "y" : 3.427051,
      "z" : 0.309017
    }, {
      "x" : 5.572949,
      "y" : 3.236068,
      "z" : 0.309017
    }, {
      "x" : 5.381966,
      "y" : 3.545085,
      "z" : 0.19098301
    } ],
    "faces" : [ {
      "vertices" : [ 0, 1, 2 ]
    }, {
      "vertices" : [ 0, 2, 1 ]
    } ]
  }, {
    "id" : "bc84330f-db31-4dc9-8708-60a52c25b5fe",
    "vertices" : [ {
      "x" : 1.381966,
      "y" : 1.045085,
      "z" : 0.309017
    }, {
      "x" : 0.76393205,
      "y" : 0.927051,
      "z" : 0.19098301
    }, {
      "x" : 0.76393205,
      "y" : 0.927051,
      "z" : -0.19098301
    }, {
      "x" : 1.381966,
      "y" : 1.045085,
      "z" : -0.309017
    } ],
    "faces" : [ {
      "vertices" : [ 0, 1, 2 ]
    }, {
      "vertices" : [ 0, 2, 3 ]
    }, {
      "vertices" : [ 0, 3, 2 ]
    }, {
      "vertices" : [ 0, 2, 1 ]
    } ]
  }, {
    "id" : "1a4a6349-d94d-4541-804b-8f257d6639d5",
    "vertices" : [ {
      "x" : 1.381966,
      "y" : 1.427051,
      "z" : -0.309017
    }, {
      "x" : 1.381966,
      "y" : 1.045085,
      "z" : -0.309017
    }, {
      "x" : 0.572949,
      "y" : 1.236068,
      "z" : -0.309017
    } ],
    "faces" : [ {
      "vertices" : [ 0, 1, 2 ]
    }, {
      "vertices" : [ 0, 2, 1 ]
    } ]
  }, {
    "id" : "1d2c22fd-6d49-4d89-9e15-fc2dd48f5ac8",
    "vertices" : [ {
      "x" : 0.9472136,
      "y" : 0.39442718,
      "z" : -0.09172276
    }, {
      "x" : 1.0,
      "y" : 0.309017,
      "z" : -0.19098301
    }, {
      "x" : 1.0,
      "y" : 0.309017,
      "z" : 0.19098301
    }, {
      "x" : 0.9472136,
      "y" : 0.39442718,
      "z" : 0.11803399
    } ],
    "faces" : [ {
      "vertices" : [ 0, 1, 2 ]
    }, {
      "vertices" : [ 0, 2, 3 ]
    }, {
      "vertices" : [ 0, 3, 2 ]
    }, {
      "vertices" : [ 0, 2, 1 ]
    } ]
  }, {
    "id" : "b0be4410-56d2-47d6-879e-70b03a5df7e1",
    "vertices" : [ {
      "x" : 6.236068,
      "y" : 2.427051,
      "z" : 0.11803399
    }, {
      "x" : 6.326238,
      "y" : 2.454915,
      "z" : 0.10081306
    }, {
      "x" : 6.326238,
      "y" : 2.454915,
      "z" : -0.07450183
    }, {
      "x" : 6.236068,
      "y" : 2.427051,
      "z" : -0.09172276
    } ],
    "faces" : [ {
      "vertices" : [ 0, 1, 2 ]
    }, {
      "vertices" : [ 0, 2, 3 ]
    }, {
      "vertices" : [ 0, 3, 2 ]
    }, {
      "vertices" : [ 0, 2, 1 ]
    } ]
  }, {
    "id" : "a894d369-10c3-4e98-a67a-b4ba8c81f7ea",
    "vertices" : [ {
      "x" : 5.7188473,
      "y" : 3.972136,
      "z" : 0.0
    }, {
      "x" : 5.3896675,
      "y" : 3.7686918,
      "z" : 0.0
    }, {
      "x" : 5.329874,
      "y" : 3.8654394,
      "z" : -0.15654115
    }, {
      "x" : 5.659054,
      "y" : 4.068884,
      "z" : -0.15654115
    } ],
    "faces" : [ {
      "vertices" : [ 0, 1, 2 ]
    }, {
      "vertices" : [ 0, 2, 3 ]
    }, {
      "vertices" : [ 0, 3, 2 ]
    }, {
      "vertices" : [ 0, 2, 1 ]
    } ]
  }, {
    "id" : "fa08d6fa-288c-492f-80ce-3a4fbb1c4ef2",
    "vertices" : [ {
      "x" : 5.0,
      "y" : 2.427051,
      "z" : -0.309017
    }, {
      "x" : 5.0,
      "y" : 2.427051,
      "z" : 0.309017
    }, {
      "x" : 1.381966,
      "y" : 1.045085,
      "z" : 0.309017
    }, {
      "x" : 1.381966,
      "y" : 1.045085,
      "z" : -0.309017
    } ],
    "faces" : [ {
      "vertices" : [ 0, 1, 2 ]
    }, {
      "vertices" : [ 0, 2, 3 ]
    }, {
      "vertices" : [ 0, 3, 2 ]
    }, {
      "vertices" : [ 0, 2, 1 ]
    } ]
  }, {
    "id" : "8d1da1a1-5300-49e1-b9fb-4ffbdd3014e0",
    "vertices" : [ {
      "x" : 1.145898,
      "y" : 1.663119,
      "z" : 0.309017
    }, {
      "x" : 0.52786404,
      "y" : 1.545085,
      "z" : 0.19098301
    }, {
      "x" : 0.52786404,
      "y" : 1.545085,
      "z" : -0.19098301
    }, {
      "x" : 1.145898,
      "y" : 1.663119,
      "z" : -0.309017
    } ],
    "faces" : [ {
      "vertices" : [ 0, 1, 2 ]
    }, {
      "vertices" : [ 0, 2, 3 ]
    }, {
      "vertices" : [ 0, 3, 2 ]
    }, {
      "vertices" : [ 0, 2, 1 ]
    } ]
  }, {
    "id" : "1adda57d-3c05-47bf-9a71-a269b7125830",
    "vertices" : [ {
      "x" : -0.45742753,
      "y" : 2.8753881,
      "z" : -0.15654115
    }, {
      "x" : -0.53037655,
      "y" : 2.8196602,
      "z" : -0.1286771
    }, {
      "x" : -0.57952684,
      "y" : 2.8991868,
      "z" : 0.0
    }, {
      "x" : -0.5172209,
      "y" : 2.972136,
      "z" : 0.0
    } ],
    "faces" : [ {
      "vertices" : [ 0, 1, 2 ]
    }, {
      "vertices" : [ 0, 2, 3 ]
    }, {
      "vertices" : [ 0, 3, 2 ]
    }, {
      "vertices" : [ 0, 2, 1 ]
    } ]
  }, {
    "id" : "c3a21b2c-36ee-4bd1-a4a6-b2a80c4a81ec",
    "vertices" : [ {
      "x" : 5.8618035,
      "y" : 2.5326238,
      "z" : 0.0
    }, {
      "x" : 5.927051,
      "y" : 2.427051,
      "z" : 0.0
    }, {
      "x" : 5.809017,
      "y" : 2.618034,
      "z" : -0.309017
    }, {
      "x" : 5.80201,
      "y" : 2.6293716,
      "z" : -0.15654115
    } ],
    "faces" : [ {
      "vertices" : [ 0, 1, 2 ]
    }, {
      "vertices" : [ 0, 2, 3 ]
    }, {
      "vertices" : [ 0, 3, 2 ]
    }, {
      "vertices" : [ 0, 2, 1 ]
    } ]
  }, {
    "id" : "819dbb69-3fbd-4132-9341-7dc17c3d0f29",
    "vertices" : [ {
      "x" : 5.690983,
      "y" : 3.045085,
      "z" : 0.0
    }, {
      "x" : 5.6257353,
      "y" : 3.150658,
      "z" : 0.0
    }, {
      "x" : 5.5527864,
      "y" : 3.2686918,
      "z" : 0.19098301
    }, {
      "x" : 5.572949,
      "y" : 3.236068,
      "z" : 0.309017
    } ],
    "faces" : [ {
      "vertices" : [ 0, 1, 2 ]
    }, {
      "vertices" : [ 0, 2, 3 ]
    }, {
      "vertices" : [ 0, 3, 2 ]
    }, {
      "vertices" : [ 0, 2, 1 ]
    } ]
  }, {
    "id" : "e61f3086-aad7-406d-91fe-b95c0c442ba0",
    "vertices" : [ {
      "x" : 0.52786404,
      "y" : 0.16311896,
      "z" : -0.07450183
    }, {
      "x" : 0.4868444,
      "y" : 0.40325224,
      "z" : -0.15654115
    }, {
      "x" : 0.618034,
      "y" : 0.19098301,
      "z" : -0.09172276
    } ],
    "faces" : [ {
      "vertices" : [ 0, 1, 2 ]
    }, {
      "vertices" : [ 0, 2, 1 ]
    } ]
  }, {
    "id" : "ff04828a-a857-463f-b5ca-a2051dc2894c",
    "vertices" : [ {
      "x" : 0.05572809,
      "y" : 2.781153,
      "z" : -0.19098301
    }, {
      "x" : -0.13525492,
      "y" : 3.09017,
      "z" : -0.309017
    }, {
      "x" : 0.6737621,
      "y" : 2.8991868,
      "z" : -0.309017
    } ],
    "faces" : [ {
      "vertices" : [ 0, 1, 2 ]
    }, {
      "vertices" : [ 0, 2, 1 ]
    } ]
  }, {
    "id" : "dc24d9b1-baa7-41fc-8682-1161a62b2e9a",
    "vertices" : [ {
      "x" : 1.381966,
      "y" : 1.427051,
      "z" : 0.309017
    }, {
      "x" : 0.572949,
      "y" : 1.236068,
      "z" : 0.309017
    }, {
      "x" : 1.381966,
      "y" : 1.045085,
      "z" : 0.309017
    } ],
    "faces" : [ {
      "vertices" : [ 0, 1, 2 ]
    }, {
      "vertices" : [ 0, 2, 1 ]
    } ]
  }, {
    "id" : "5f391fe4-3af7-4de6-bda9-a05dcdb45eb6",
    "vertices" : [ {
      "x" : 4.291796,
      "y" : 4.2811527,
      "z" : 0.309017
    }, {
      "x" : 5.2188473,
      "y" : 4.2811527,
      "z" : 0.0
    }, {
      "x" : 5.100813,
      "y" : 4.472136,
      "z" : 0.309017
    } ],
    "faces" : [ {
      "vertices" : [ 0, 1, 2 ]
    }, {
      "vertices" : [ 0, 2, 1 ]
    } ]
  }, {
    "id" : "28730a92-ba49-4495-8e62-e7f99e145ee6",
    "vertices" : [ {
      "x" : -0.6803399,
      "y" : 3.472136,
      "z" : 0.19098301
    }, {
      "x" : -0.7532889,
      "y" : 3.4164078,
      "z" : 0.16311896
    }, {
      "x" : -0.65247583,
      "y" : 3.253289,
      "z" : 0.10081306
    }, {
      "x" : -0.5623059,
      "y" : 3.281153,
      "z" : 0.11803399
    } ],
    "faces" : [ {
      "vertices" : [ 0, 1, 2 ]
    }, {
      "vertices" : [ 0, 2, 3 ]
    }, {
      "vertices" : [ 0, 3, 2 ]
    }, {
      "vertices" : [ 0, 2, 1 ]
    } ]
  }, {
    "id" : "7ea98301-f75b-4a26-8a47-bb0624a22c11",
    "vertices" : [ {
      "x" : 5.9680705,
      "y" : 3.5065777,
      "z" : -0.1286771
    }, {
      "x" : 5.854102,
      "y" : 3.690983,
      "z" : -0.07450183
    }, {
      "x" : 5.854102,
      "y" : 3.690983,
      "z" : 0.10081306
    }, {
      "x" : 5.954915,
      "y" : 3.527864,
      "z" : 0.16311896
    }, {
      "x" : 6.017221,
      "y" : 3.427051,
      "z" : 0.0
    } ],
    "faces" : [ {
      "vertices" : [ 0, 1, 2 ]
    }, {
      "vertices" : [ 0, 2, 3 ]
    }, {
      "vertices" : [ 0, 3, 4 ]
    }, {
      "vertices" : [ 0, 4, 3 ]
    }, {
      "vertices" : [ 0, 3, 2 ]
    }, {
      "vertices" : [ 0, 2, 1 ]
    } ]
  }, {
    "id" : "b01d3ab7-c96b-4cdc-931a-f3db457f648c",
    "vertices" : [ {
      "x" : 5.572949,
      "y" : 3.236068,
      "z" : 0.309017
    }, {
      "x" : 5.5527864,
      "y" : 3.2686918,
      "z" : 0.19098301
    }, {
      "x" : 5.4347525,
      "y" : 3.4596748,
      "z" : 0.11803399
    }, {
      "x" : 5.381966,
      "y" : 3.545085,
      "z" : 0.19098301
    } ],
    "faces" : [ {
      "vertices" : [ 0, 1, 2 ]
    }, {
      "vertices" : [ 0, 2, 3 ]
    }, {
      "vertices" : [ 0, 3, 2 ]
    }, {
      "vertices" : [ 0, 2, 1 ]
    } ]
  }, {
    "id" : "d6a42eba-8f1d-417d-b5e8-544b54a8137a",
    "vertices" : [ {
      "x" : 5.236068,
      "y" : 1.809017,
      "z" : -0.309017
    }, {
      "x" : 5.236068,
      "y" : 1.809017,
      "z" : 0.309017
    }, {
      "x" : 1.618034,
      "y" : 0.42705098,
      "z" : 0.309017
    }, {
      "x" : 1.618034,
      "y" : 0.42705098,
      "z" : -0.309017
    } ],
    "faces" : [ {
      "vertices" : [ 0, 1, 2 ]
    }, {
      "vertices" : [ 0, 2, 3 ]
    }, {
      "vertices" : [ 0, 3, 2 ]
    }, {
      "vertices" : [ 0, 2, 1 ]
    } ]
  }, {
    "id" : "b6d89ddc-6218-4f21-beba-5f16aa8d71b2",
    "vertices" : [ {
      "x" : 0.28409463,
      "y" : 1.9395121,
      "z" : 0.0
    }, {
      "x" : -0.045084972,
      "y" : 1.736068,
      "z" : 0.0
    }, {
      "x" : 0.027864045,
      "y" : 1.618034,
      "z" : 0.19098301
    }, {
      "x" : 0.35704365,
      "y" : 1.8214781,
      "z" : 0.19098301
    } ],
    "faces" : [ {
      "vertices" : [ 0, 1, 2 ]
    }, {
      "vertices" : [ 0, 2, 3 ]
    }, {
      "vertices" : [ 0, 3, 2 ]
    }, {
      "vertices" : [ 0, 2, 1 ]
    } ]
  }, {
    "id" : "397f4f45-22b7-4dbf-9f6b-0d6b71d68c1a",
    "vertices" : [ {
      "x" : 5.6257353,
      "y" : 3.150658,
      "z" : 0.0
    }, {
      "x" : 5.690983,
      "y" : 3.045085,
      "z" : 0.0
    }, {
      "x" : 5.572949,
      "y" : 3.236068,
      "z" : -0.309017
    }, {
      "x" : 5.565942,
      "y" : 3.2474055,
      "z" : -0.15654115
    } ],
    "faces" : [ {
      "vertices" : [ 0, 1, 2 ]
    }, {
      "vertices" : [ 0, 2, 3 ]
    }, {
      "vertices" : [ 0, 3, 2 ]
    }, {
      "vertices" : [ 0, 2, 1 ]
    } ]
  }, {
    "id" : "fb2c4cba-4a65-4a27-828e-05651fb1ceaa",
    "vertices" : [ {
      "x" : 5.1535993,
      "y" : 4.386726,
      "z" : 0.0
    }, {
      "x" : 5.2188473,
      "y" : 4.2811527,
      "z" : 0.0
    }, {
      "x" : 5.100813,
      "y" : 4.472136,
      "z" : -0.309017
    }, {
      "x" : 5.0938063,
      "y" : 4.4834733,
      "z" : -0.15654115
    } ],
    "faces" : [ {
      "vertices" : [ 0, 1, 2 ]
    }, {
      "vertices" : [ 0, 2, 3 ]
    }, {
      "vertices" : [ 0, 3, 2 ]
    }, {
      "vertices" : [ 0, 2, 1 ]
    } ]
  }, {
    "id" : "f6350490-963d-4afe-89a7-6074798199cd",
    "vertices" : [ {
      "x" : 5.145898,
      "y" : 5.545085,
      "z" : -0.07450183
    }, {
      "x" : 5.2598667,
      "y" : 5.3606796,
      "z" : -0.1286771
    }, {
      "x" : 5.186918,
      "y" : 5.3049517,
      "z" : -0.15654115
    } ],
    "faces" : [ {
      "vertices" : [ 0, 1, 2 ]
    }, {
      "vertices" : [ 0, 2, 1 ]
    } ]
  }, {
    "id" : "dc437a4f-4601-4905-badd-eff78647229d",
    "vertices" : [ {
      "x" : -0.13525492,
      "y" : 3.09017,
      "z" : 0.309017
    }, {
      "x" : -0.1150923,
      "y" : 3.0575461,
      "z" : 0.19098301
    }, {
      "x" : 0.0029416855,
      "y" : 2.866563,
      "z" : 0.11803399
    }, {
      "x" : 0.05572809,
      "y" : 2.781153,
      "z" : 0.19098301
    } ],
    "faces" : [ {
      "vertices" : [ 0, 1, 2 ]
    }, {
      "vertices" : [ 0, 2, 3 ]
    }, {
      "vertices" : [ 0, 3, 2 ]
    }, {
      "vertices" : [ 0, 2, 1 ]
    } ]
  }, {
    "id" : "58259564-f17e-45ca-9e45-4b4a5f879fce",
    "vertices" : [ {
      "x" : 5.236068,
      "y" : 1.809017,
      "z" : -0.309017
    }, {
      "x" : 6.045085,
      "y" : 2.0,
      "z" : -0.309017
    }, {
      "x" : 6.163119,
      "y" : 1.809017,
      "z" : 0.0
    } ],
    "faces" : [ {
      "vertices" : [ 0, 1, 2 ]
    }, {
      "vertices" : [ 0, 2, 1 ]
    } ]
  }, {
    "id" : "cc386c2e-ec09-48c9-98bc-beaa4982b690",
    "vertices" : [ {
      "x" : 5.0,
      "y" : 2.427051,
      "z" : -0.309017
    }, {
      "x" : 5.0,
      "y" : 2.809017,
      "z" : -0.309017
    }, {
      "x" : 5.809017,
      "y" : 2.618034,
      "z" : -0.309017
    } ],
    "faces" : [ {
      "vertices" : [ 0, 1, 2 ]
    }, {
      "vertices" : [ 0, 2, 1 ]
    } ]
  }, {
    "id" : "bfd0955c-abec-4ab9-864a-2bcf52e5f85b",
    "vertices" : [ {
      "x" : 1.145898,
      "y" : 2.045085,
      "z" : 0.309017
    }, {
      "x" : 0.33688104,
      "y" : 1.854102,
      "z" : 0.309017
    }, {
      "x" : 1.145898,
      "y" : 1.663119,
      "z" : 0.309017
    } ],
    "faces" : [ {
      "vertices" : [ 0, 1, 2 ]
    }, {
      "vertices" : [ 0, 2, 1 ]
    } ]
  }, {
    "id" : "14d94280-9ea9-4cc0-8cf6-1c9cef39bcb1",
    "vertices" : [ {
      "x" : 5.236068,
      "y" : 2.190983,
      "z" : 0.309017
    }, {
      "x" : 5.854102,
      "y" : 2.309017,
      "z" : 0.19098301
    }, {
      "x" : 5.854102,
      "y" : 2.309017,
      "z" : -0.19098301
    }, {
      "x" : 5.236068,
      "y" : 2.190983,
      "z" : -0.309017
    } ],
    "faces" : [ {
      "vertices" : [ 0, 1, 2 ]
    }, {
      "vertices" : [ 0, 2, 3 ]
    }, {
      "vertices" : [ 0, 3, 2 ]
    }, {
      "vertices" : [ 0, 2, 1 ]
    } ]
  }, {
    "id" : "8f06d889-f1b3-4f31-ac4c-180b424ffdbb",
    "vertices" : [ {
      "x" : -0.20820393,
      "y" : 2.236068,
      "z" : 0.19098301
    }, {
      "x" : -0.28115296,
      "y" : 2.1803398,
      "z" : 0.16311896
    }, {
      "x" : -0.18033989,
      "y" : 2.017221,
      "z" : 0.10081306
    }, {
      "x" : -0.090169944,
      "y" : 2.045085,
      "z" : 0.11803399
    } ],
    "faces" : [ {
      "vertices" : [ 0, 1, 2 ]
    }, {
      "vertices" : [ 0, 2, 3 ]
    }, {
      "vertices" : [ 0, 3, 2 ]
    }, {
      "vertices" : [ 0, 2, 1 ]
    } ]
  }, {
    "id" : "778b03f6-6ba0-4b8d-8a5a-856fcd106e09",
    "vertices" : [ {
      "x" : -0.017220927,
      "y" : 2.663119,
      "z" : 0.0
    }, {
      "x" : 0.04802666,
      "y" : 2.5575461,
      "z" : 0.0
    }, {
      "x" : 0.12097567,
      "y" : 2.4395123,
      "z" : 0.19098301
    }, {
      "x" : 0.10081306,
      "y" : 2.472136,
      "z" : 0.309017
    } ],
    "faces" : [ {
      "vertices" : [ 0, 1, 2 ]
    }, {
      "vertices" : [ 0, 2, 3 ]
    }, {
      "vertices" : [ 0, 3, 2 ]
    }, {
      "vertices" : [ 0, 2, 1 ]
    } ]
  }, {
    "id" : "e8e518b5-2f80-4777-b1d0-32d97b10e62d",
    "vertices" : [ {
      "x" : -0.7532889,
      "y" : 3.59017,
      "z" : 0.0
    }, {
      "x" : -0.4241093,
      "y" : 3.7936141,
      "z" : 0.0
    }, {
      "x" : -0.3643159,
      "y" : 3.6968663,
      "z" : -0.15654115
    }, {
      "x" : -0.6934955,
      "y" : 3.4934223,
      "z" : -0.15654115
    } ],
    "faces" : [ {
      "vertices" : [ 0, 1, 2 ]
    }, {
      "vertices" : [ 0, 2, 3 ]
    }, {
      "vertices" : [ 0, 3, 2 ]
    }, {
      "vertices" : [ 0, 2, 1 ]
    } ]
  }, {
    "id" : "121bc5cb-bc60-49c1-92ad-0d60cffe0421",
    "vertices" : [ {
      "x" : -0.6934955,
      "y" : 3.4934223,
      "z" : -0.15654115
    }, {
      "x" : -0.7664445,
      "y" : 3.437694,
      "z" : -0.1286771
    }, {
      "x" : -0.8155948,
      "y" : 3.517221,
      "z" : 0.0
    }, {
      "x" : -0.7532889,
      "y" : 3.59017,
      "z" : 0.0
    } ],
    "faces" : [ {
      "vertices" : [ 0, 1, 2 ]
    }, {
      "vertices" : [ 0, 2, 3 ]
    }, {
      "vertices" : [ 0, 3, 2 ]
    }, {
      "vertices" : [ 0, 2, 1 ]
    } ]
  }, {
    "id" : "1509a0e0-caa2-41b2-bfab-54a701814f38",
    "vertices" : [ {
      "x" : 4.90983,
      "y" : 4.7811527,
      "z" : -0.19098301
    }, {
      "x" : 5.100813,
      "y" : 4.472136,
      "z" : -0.309017
    }, {
      "x" : 4.291796,
      "y" : 4.663119,
      "z" : -0.309017
    } ],
    "faces" : [ {
      "vertices" : [ 0, 1, 2 ]
    }, {
      "vertices" : [ 0, 2, 1 ]
    } ]
  }, {
    "id" : "243877d8-d681-4e96-bca7-d62cbd2a3963",
    "vertices" : [ {
      "x" : 0.4376941,
      "y" : 3.517221,
      "z" : 0.309017
    }, {
      "x" : -0.18033989,
      "y" : 3.3991868,
      "z" : 0.19098301
    }, {
      "x" : -0.18033989,
      "y" : 3.3991868,
      "z" : -0.19098301
    }, {
      "x" : 0.4376941,
      "y" : 3.517221,
      "z" : -0.309017
    } ],
    "faces" : [ {
      "vertices" : [ 0, 1, 2 ]
    }, {
      "vertices" : [ 0, 2, 3 ]
    }, {
      "vertices" : [ 0, 3, 2 ]
    }, {
      "vertices" : [ 0, 2, 1 ]
    } ]
  }, {
    "id" : "4ed7ade2-cc1e-40bd-abdf-4794e45abc3f",
    "vertices" : [ {
      "x" : 5.0,
      "y" : 2.427051,
      "z" : 0.309017
    }, {
      "x" : 5.927051,
      "y" : 2.427051,
      "z" : 0.0
    }, {
      "x" : 5.809017,
      "y" : 2.618034,
      "z" : 0.309017
    } ],
    "faces" : [ {
      "vertices" : [ 0, 1, 2 ]
    }, {
      "vertices" : [ 0, 2, 1 ]
    } ]
  }, {
    "id" : "d29809e9-3995-4304-b218-81e8d38b4f28",
    "vertices" : [ {
      "x" : -0.1150923,
      "y" : 3.0575461,
      "z" : 0.19098301
    }, {
      "x" : -0.44427192,
      "y" : 2.854102,
      "z" : 0.19098301
    }, {
      "x" : -0.32623792,
      "y" : 2.663119,
      "z" : 0.11803399
    }, {
      "x" : 0.0029416855,
      "y" : 2.866563,
      "z" : 0.11803399
    } ],
    "faces" : [ {
      "vertices" : [ 0, 1, 2 ]
    }, {
      "vertices" : [ 0, 2, 3 ]
    }, {
      "vertices" : [ 0, 3, 2 ]
    }, {
      "vertices" : [ 0, 2, 1 ]
    } ]
  }, {
    "id" : "3d48ed2d-15c7-4520-9072-19215f99a18f",
    "vertices" : [ {
      "x" : 6.09017,
      "y" : 3.072949,
      "z" : -0.07450183
    }, {
      "x" : 6.2041388,
      "y" : 2.8885438,
      "z" : -0.1286771
    }, {
      "x" : 6.13119,
      "y" : 2.8328156,
      "z" : -0.15654115
    } ],
    "faces" : [ {
      "vertices" : [ 0, 1, 2 ]
    }, {
      "vertices" : [ 0, 2, 1 ]
    } ]
  }, {
    "id" : "1c6f8ec4-aac7-42fb-9e83-29a96f83e981",
    "vertices" : [ {
      "x" : 5.763932,
      "y" : 3.663119,
      "z" : 0.11803399
    }, {
      "x" : 5.854102,
      "y" : 3.690983,
      "z" : 0.10081306
    }, {
      "x" : 5.854102,
      "y" : 3.690983,
      "z" : -0.07450183
    }, {
      "x" : 5.763932,
      "y" : 3.663119,
      "z" : -0.09172276
    } ],
    "faces" : [ {
      "vertices" : [ 0, 1, 2 ]
    }, {
      "vertices" : [ 0, 2, 3 ]
    }, {
      "vertices" : [ 0, 3, 2 ]
    }, {
      "vertices" : [ 0, 2, 1 ]
    } ]
  }, {
    "id" : "05233622-1292-43b4-b05e-88cf2167b888",
    "vertices" : [ {
      "x" : -0.28115296,
      "y" : 2.354102,
      "z" : 0.0
    }, {
      "x" : 0.04802666,
      "y" : 2.5575461,
      "z" : 0.0
    }, {
      "x" : 0.10782006,
      "y" : 2.4607985,
      "z" : -0.15654115
    }, {
      "x" : -0.22135955,
      "y" : 2.2573543,
      "z" : -0.15654115
    } ],
    "faces" : [ {
      "vertices" : [ 0, 1, 2 ]
    }, {
      "vertices" : [ 0, 2, 3 ]
    }, {
      "vertices" : [ 0, 3, 2 ]
    }, {
      "vertices" : [ 0, 2, 1 ]
    } ]
  }, {
    "id" : "39361ee2-c005-41b3-b249-f619610df39b",
    "vertices" : [ {
      "x" : -0.32623792,
      "y" : 2.663119,
      "z" : -0.09172276
    }, {
      "x" : -0.45742753,
      "y" : 2.8753881,
      "z" : -0.15654115
    }, {
      "x" : -0.12824792,
      "y" : 3.0788324,
      "z" : -0.15654115
    }, {
      "x" : 0.0029416855,
      "y" : 2.866563,
      "z" : -0.09172276
    } ],
    "faces" : [ {
      "vertices" : [ 0, 1, 2 ]
    }, {
      "vertices" : [ 0, 2, 3 ]
    }, {
      "vertices" : [ 0, 3, 2 ]
    }, {
      "vertices" : [ 0, 2, 1 ]
    } ]
  }, {
    "id" : "ddfb37f1-d631-431b-9929-e32f620b0c03",
    "vertices" : [ {
      "x" : 4.9626164,
      "y" : 4.6957426,
      "z" : 0.11803399
    }, {
      "x" : 5.291796,
      "y" : 4.899187,
      "z" : 0.11803399
    }, {
      "x" : 5.291796,
      "y" : 4.899187,
      "z" : -0.09172276
    }, {
      "x" : 4.9626164,
      "y" : 4.6957426,
      "z" : -0.09172276
    } ],
    "faces" : [ {
      "vertices" : [ 0, 1, 2 ]
    }, {
      "vertices" : [ 0, 2, 3 ]
    }, {
      "vertices" : [ 0, 3, 2 ]
    }, {
      "vertices" : [ 0, 2, 1 ]
    } ]
  }, {
    "id" : "631a7370-7155-4494-af71-e813938c6ca8",
    "vertices" : [ {
      "x" : 4.055728,
      "y" : 5.2811527,
      "z" : 0.309017
    }, {
      "x" : 4.673762,
      "y" : 5.399187,
      "z" : 0.19098301
    }, {
      "x" : 4.673762,
      "y" : 5.399187,
      "z" : -0.19098301
    }, {
      "x" : 4.055728,
      "y" : 5.2811527,
      "z" : -0.309017
    } ],
    "faces" : [ {
      "vertices" : [ 0, 1, 2 ]
    }, {
      "vertices" : [ 0, 2, 3 ]
    }, {
      "vertices" : [ 0, 3, 2 ]
    }, {
      "vertices" : [ 0, 2, 1 ]
    } ]
  }, {
    "id" : "7f7f7c9f-d091-47ef-81dc-20a3ddd18d00",
    "vertices" : [ {
      "x" : 4.864745,
      "y" : 5.09017,
      "z" : 0.309017
    }, {
      "x" : 4.8445826,
      "y" : 5.1227937,
      "z" : 0.19098301
    }, {
      "x" : 4.7265487,
      "y" : 5.313777,
      "z" : 0.11803399
    }, {
      "x" : 4.673762,
      "y" : 5.399187,
      "z" : 0.19098301
    } ],
    "faces" : [ {
      "vertices" : [ 0, 1, 2 ]
    }, {
      "vertices" : [ 0, 2, 3 ]
    }, {
      "vertices" : [ 0, 3, 2 ]
    }, {
      "vertices" : [ 0, 2, 1 ]
    } ]
  }, {
    "id" : "84e18fb1-cfc4-4991-9e2e-1fcd42d590b7",
    "vertices" : [ {
      "x" : 5.291796,
      "y" : 4.899187,
      "z" : -0.09172276
    }, {
      "x" : 5.4229856,
      "y" : 4.686918,
      "z" : -0.15654115
    }, {
      "x" : 5.0938063,
      "y" : 4.4834733,
      "z" : -0.15654115
    }, {
      "x" : 4.9626164,
      "y" : 4.6957426,
      "z" : -0.09172276
    } ],
    "faces" : [ {
      "vertices" : [ 0, 1, 2 ]
    }, {
      "vertices" : [ 0, 2, 3 ]
    }, {
      "vertices" : [ 0, 3, 2 ]
    }, {
      "vertices" : [ 0, 2, 1 ]
    } ]
  }, {
    "id" : "999060be-f3d2-4062-9667-29db5c9f9e0d",
    "vertices" : [ {
      "x" : 0.29179606,
      "y" : 2.163119,
      "z" : -0.19098301
    }, {
      "x" : 0.10081306,
      "y" : 2.472136,
      "z" : -0.309017
    }, {
      "x" : 0.90983003,
      "y" : 2.281153,
      "z" : -0.309017
    } ],
    "faces" : [ {
      "vertices" : [ 0, 1, 2 ]
    }, {
      "vertices" : [ 0, 2, 1 ]
    } ]
  }, {
    "id" : "a660234d-8786-4307-8f17-29233cfa78b6",
    "vertices" : [ {
      "x" : -0.4241093,
      "y" : 3.7936141,
      "z" : 0.0
    }, {
      "x" : -0.48935688,
      "y" : 3.8991868,
      "z" : 0.0
    }, {
      "x" : -0.3713229,
      "y" : 3.708204,
      "z" : -0.309017
    }, {
      "x" : -0.3643159,
      "y" : 3.6968663,
      "z" : -0.15654115
    } ],
    "faces" : [ {
      "vertices" : [ 0, 1, 2 ]
    }, {
      "vertices" : [ 0, 2, 3 ]
    }, {
      "vertices" : [ 0, 3, 2 ]
    }, {
      "vertices" : [ 0, 2, 1 ]
    } ]
  }, {
    "id" : "517f0c13-dac5-4ec4-8aaa-da090f509252",
    "vertices" : [ {
      "x" : 0.41389537,
      "y" : 0.34752417,
      "z" : -0.1286771
    }, {
      "x" : 0.52786404,
      "y" : 0.16311896,
      "z" : -0.07450183
    }, {
      "x" : 0.52786404,
      "y" : 0.16311896,
      "z" : 0.10081306
    }, {
      "x" : 0.42705098,
      "y" : 0.32623792,
      "z" : 0.16311896
    }, {
      "x" : 0.36474508,
      "y" : 0.42705098,
      "z" : 0.0
    } ],
    "faces" : [ {
      "vertices" : [ 0, 1, 2 ]
    }, {
      "vertices" : [ 0, 2, 3 ]
    }, {
      "vertices" : [ 0, 3, 4 ]
    }, {
      "vertices" : [ 0, 4, 3 ]
    }, {
      "vertices" : [ 0, 3, 2 ]
    }, {
      "vertices" : [ 0, 2, 1 ]
    } ]
  }, {
    "id" : "9eac07d8-9db8-4d1d-a412-1335ce0f0b86",
    "vertices" : [ {
      "x" : 0.76393205,
      "y" : 0.927051,
      "z" : -0.19098301
    }, {
      "x" : 0.572949,
      "y" : 1.236068,
      "z" : -0.309017
    }, {
      "x" : 1.381966,
      "y" : 1.045085,
      "z" : -0.309017
    } ],
    "faces" : [ {
      "vertices" : [ 0, 1, 2 ]
    }, {
      "vertices" : [ 0, 2, 1 ]
    } ]
  }, {
    "id" : "a965cf7d-0b7c-4ac1-8a20-f15f344572df",
    "vertices" : [ {
      "x" : 5.482779,
      "y" : 4.59017,
      "z" : 0.0
    }, {
      "x" : 5.1535993,
      "y" : 4.386726,
      "z" : 0.0
    }, {
      "x" : 5.0938063,
      "y" : 4.4834733,
      "z" : -0.15654115
    }, {
      "x" : 5.4229856,
      "y" : 4.686918,
      "z" : -0.15654115
    } ],
    "faces" : [ {
      "vertices" : [ 0, 1, 2 ]
    }, {
      "vertices" : [ 0, 2, 3 ]
    }, {
      "vertices" : [ 0, 3, 2 ]
    }, {
      "vertices" : [ 0, 2, 1 ]
    } ]
  }, {
    "id" : "e52e8712-f79c-42d7-8387-589f0ddb107c",
    "vertices" : [ {
      "x" : 0.19098301,
      "y" : 1.118034,
      "z" : 0.0
    }, {
      "x" : 0.52016264,
      "y" : 1.3214781,
      "z" : 0.0
    }, {
      "x" : 0.579956,
      "y" : 1.2247304,
      "z" : -0.15654115
    }, {
      "x" : 0.2507764,
      "y" : 1.0212862,
      "z" : -0.15654115
    } ],
    "faces" : [ {
      "vertices" : [ 0, 1, 2 ]
    }, {
      "vertices" : [ 0, 2, 3 ]
    }, {
      "vertices" : [ 0, 3, 2 ]
    }, {
      "vertices" : [ 0, 2, 1 ]
    } ]
  }, {
    "id" : "1a93529c-7180-4edb-8127-afeb7ad9a740",
    "vertices" : [ {
      "x" : 5.927051,
      "y" : 2.427051,
      "z" : 0.0
    }, {
      "x" : 5.8618035,
      "y" : 2.5326238,
      "z" : 0.0
    }, {
      "x" : 5.7888546,
      "y" : 2.650658,
      "z" : 0.19098301
    }, {
      "x" : 5.809017,
      "y" : 2.618034,
      "z" : 0.309017
    } ],
    "faces" : [ {
      "vertices" : [ 0, 1, 2 ]
    }, {
      "vertices" : [ 0, 2, 3 ]
    }, {
      "vertices" : [ 0, 3, 2 ]
    }, {
      "vertices" : [ 0, 2, 1 ]
    } ]
  }, {
    "id" : "928eac4b-e924-4e91-8fb8-4e938fe42ba4",
    "vertices" : [ {
      "x" : 1.145898,
      "y" : 2.045085,
      "z" : -0.309017
    }, {
      "x" : 1.145898,
      "y" : 1.663119,
      "z" : -0.309017
    }, {
      "x" : 0.33688104,
      "y" : 1.854102,
      "z" : -0.309017
    } ],
    "faces" : [ {
      "vertices" : [ 0, 1, 2 ]
    }, {
      "vertices" : [ 0, 2, 1 ]
    } ]
  }, {
    "id" : "9ab29914-a658-4e61-8099-26e19f331abf",
    "vertices" : [ {
      "x" : 5.9068885,
      "y" : 2.2236068,
      "z" : -0.09172276
    }, {
      "x" : 5.854102,
      "y" : 2.309017,
      "z" : -0.19098301
    }, {
      "x" : 5.854102,
      "y" : 2.309017,
      "z" : 0.19098301
    }, {
      "x" : 5.9068885,
      "y" : 2.2236068,
      "z" : 0.11803399
    } ],
    "faces" : [ {
      "vertices" : [ 0, 1, 2 ]
    }, {
      "vertices" : [ 0, 2, 3 ]
    }, {
      "vertices" : [ 0, 3, 2 ]
    }, {
      "vertices" : [ 0, 2, 1 ]
    } ]
  }, {
    "id" : "f57af024-d7f8-4dca-8940-898bee71af45",
    "vertices" : [ {
      "x" : 0.05572809,
      "y" : 1.399187,
      "z" : -0.07450183
    }, {
      "x" : 0.014708428,
      "y" : 1.6393203,
      "z" : -0.15654115
    }, {
      "x" : 0.14589803,
      "y" : 1.427051,
      "z" : -0.09172276
    } ],
    "faces" : [ {
      "vertices" : [ 0, 1, 2 ]
    }, {
      "vertices" : [ 0, 2, 1 ]
    } ]
  }, {
    "id" : "a7419c52-ecf0-4dbc-96a3-3e5bc7d19b7b",
    "vertices" : [ {
      "x" : 5.881966,
      "y" : 3.472136,
      "z" : 0.19098301
    }, {
      "x" : 5.954915,
      "y" : 3.527864,
      "z" : 0.16311896
    }, {
      "x" : 5.854102,
      "y" : 3.690983,
      "z" : 0.10081306
    }, {
      "x" : 5.763932,
      "y" : 3.663119,
      "z" : 0.11803399
    } ],
    "faces" : [ {
      "vertices" : [ 0, 1, 2 ]
    }, {
      "vertices" : [ 0, 2, 3 ]
    }, {
      "vertices" : [ 0, 3, 2 ]
    }, {
      "vertices" : [ 0, 2, 1 ]
    } ]
  }, {
    "id" : "fac1cdbe-2927-45e1-9212-8fe9d7470a9b",
    "vertices" : [ {
      "x" : 1.145898,
      "y" : 2.045085,
      "z" : 0.309017
    }, {
      "x" : 0.21884705,
      "y" : 2.045085,
      "z" : 0.0
    }, {
      "x" : 0.33688104,
      "y" : 1.854102,
      "z" : 0.309017
    } ],
    "faces" : [ {
      "vertices" : [ 0, 1, 2 ]
    }, {
      "vertices" : [ 0, 2, 1 ]
    } ]
  }, {
    "id" : "90634165-d0bc-47ee-884e-768689301cc6",
    "vertices" : [ {
      "x" : 0.38196602,
      "y" : 0.809017,
      "z" : -0.09172276
