{
  "field" : "golden",
  "symmetry" : "icosahedral",
  "orientations" : [ [ 1.0, 0.0, 0.0, 0.0, 0.0, 1.0, 0.0, 0.0, 0.0, 0.0, 1.0, 0.0, 0.0, 0.0, 0.0, 1.0 ], [ 0.0, 0.0, 1.0, 0.0, 1.0, 0.0, 0.0, 0.0, 0.0, 1.0, 0.0, 0.0, 0.0, 0.0, 0.0, 1.0 ], [ 0.0, 1.0, 0.0, 0.0, 0.0, 0.0, 1.0, 0.0, 1.0, 0.0, 0.0, 0.0, 0.0, 0.0, 0.0, 1.0 ], [ 0.809017, 0.309017, 0.5, 0.0, 0.309017, 0.5, -0.809017, 0.0, -0.5, 0.809017, 0.309017, 0.0, 0.0, 0.0, 0.0, 1.0 ], [ -0.5, 0.809017, 0.309017, 0.0, 0.809017, 0.309017, 0.5, 0.0, 0.309017, 0.5, -0.809017, 0.0, 0.0, 0.0, 0.0, 1.0 ], [ 0.309017, 0.5, -0.809017, 0.0, -0.5, 0.809017, 0.309017, 0.0, 0.809017, 0.309017, 0.5, 0.0, 0.0, 0.0, 0.0, 1.0 ], [ 0.5, 0.809017, 0.309017, 0.0, 0.809017, -0.309017, -0.5, 0.0, -0.309017, 0.5, -0.809017, 0.0, 0.0, 0.0, 0.0, 1.0 ], [ -0.309017, 0.5, -0.809017, 0.0, 0.5, 0.809017, 0.309017, 0.0, 0.809017, -0.309017, -0.5, 0.0, 0.0, 0.0, 0.0, 1.0 ], [ 0.809017, -0.309017, -0.5, 0.0, -0.309017, 0.5, -0.809017, 0.0, 0.5, 0.809017, 0.309017, 0.0, 0.0, 0.0, 0.0, 1.0 ], [ 0.5, 0.809017, -0.309017, 0.0, 0.809017, -0.309017, 0.5, 0.0, 0.309017, -0.5, -0.809017, 0.0, 0.0, 0.0, 0.0, 1.0 ], [ 0.309017, -0.5, -0.809017, 0.0, 0.5, 0.809017, -0.309017, 0.0, 0.809017, -0.309017, 0.5, 0.0, 0.0, 0.0, 0.0, 1.0 ], [ 0.809017, -0.309017, 0.5, 0.0, 0.309017, -0.5, -0.809017, 0.0, 0.5, 0.809017, -0.309017, 0.0, 0.0, 0.0, 0.0, 1.0 ], [ 0.809017, 0.309017, -0.5, 0.0, 0.309017, 0.5, 0.809017, 0.0, 0.5, -0.809017, 0.309017, 0.0, 0.0, 0.0, 0.0, 1.0 ], [ 0.5, -0.809017, 0.309017, 0.0, 0.809017, 0.309017, -0.5, 0.0, 0.309017, 0.5, 0.809017, 0.0, 0.0, 0.0, 0.0, 1.0 ], [ 0.309017, 0.5, 0.809017, 0.0, 0.5, -0.809017, 0.309017, 0.0, 0.809017, 0.309017, -0.5, 0.0, 0.0, 0.0, 0.0, 1.0 ], [ 1.0, 0.0, 0.0, 0.0, 0.0, -1.0, 0.0, 0.0, 0.0, 0.0, -1.0, 0.0, 0.0, 0.0, 0.0, 1.0 ], [ 0.0, 0.0, 1.0, 0.0, -1.0, 0.0, 0.0, 0.0, 0.0, -1.0, 0.0, 0.0, 0.0, 0.0, 0.0, 1.0 ], [ 0.0, 1.0, 0.0, 0.0, 0.0, 0.0, -1.0, 0.0, -1.0, 0.0, 0.0, 0.0, 0.0, 0.0, 0.0, 1.0 ], [ 0.809017, 0.309017, 0.5, 0.0, -0.309017, -0.5, 0.809017, 0.0, 0.5, -0.809017, -0.309017, 0.0, 0.0, 0.0, 0.0, 1.0 ], [ -0.5, 0.809017, 0.309017, 0.0, -0.809017, -0.309017, -0.5, 0.0, -0.309017, -0.5, 0.809017, 0.0, 0.0, 0.0, 0.0, 1.0 ], [ 0.309017, 0.5, -0.809017, 0.0, 0.5, -0.809017, -0.309017, 0.0, -0.809017, -0.309017, -0.5, 0.0, 0.0, 0.0, 0.0, 1.0 ], [ 0.5, 0.809017, 0.309017, 0.0, -0.809017, 0.309017, 0.5, 0.0, 0.309017, -0.5, 0.809017, 0.0, 0.0, 0.0, 0.0, 1.0 ], [ -0.309017, 0.5, -0.809017, 0.0, -0.5, -0.809017, -0.309017, 0.0, -0.809017, 0.309017, 0.5, 0.0, 0.0, 0.0, 0.0, 1.0 ], [ 0.809017, -0.309017, -0.5, 0.0, 0.309017, -0.5, 0.809017, 0.0, -0.5, -0.809017, -0.309017, 0.0, 0.0, 0.0, 0.0, 1.0 ], [ 0.5, 0.809017, -0.309017, 0.0, -0.809017, 0.309017, -0.5, 0.0, -0.309017, 0.5, 0.809017, 0.0, 0.0, 0.0, 0.0, 1.0 ], [ 0.309017, -0.5, -0.809017, 0.0, -0.5, -0.809017, 0.309017, 0.0, -0.809017, 0.309017, -0.5, 0.0, 0.0, 0.0, 0.0, 1.0 ], [ 0.809017, -0.309017, 0.5, 0.0, -0.309017, 0.5, 0.809017, 0.0, -0.5, -0.809017, 0.309017, 0.0, 0.0, 0.0, 0.0, 1.0 ], [ 0.809017, 0.309017, -0.5, 0.0, -0.309017, -0.5, -0.809017, 0.0, -0.5, 0.809017, -0.309017, 0.0, 0.0, 0.0, 0.0, 1.0 ], [ 0.5, -0.809017, 0.309017, 0.0, -0.809017, -0.309017, 0.5, 0.0, -0.309017, -0.5, -0.809017, 0.0, 0.0, 0.0, 0.0, 1.0 ], [ 0.309017, 0.5, 0.809017, 0.0, -0.5, 0.809017, -0.309017, 0.0, -0.809017, -0.309017, 0.5, 0.0, 0.0, 0.0, 0.0, 1.0 ], [ -1.0, 0.0, 0.0, 0.0, 0.0, -1.0, 0.0, 0.0, 0.0, 0.0, 1.0, 0.0, 0.0, 0.0, 0.0, 1.0 ], [ 0.0, 0.0, -1.0, 0.0, -1.0, 0.0, 0.0, 0.0, 0.0, 1.0, 0.0, 0.0, 0.0, 0.0, 0.0, 1.0 ], [ 0.0, -1.0, 0.0, 0.0, 0.0, 0.0, -1.0, 0.0, 1.0, 0.0, 0.0, 0.0, 0.0, 0.0, 0.0, 1.0 ], [ -0.809017, -0.309017, -0.5, 0.0, -0.309017, -0.5, 0.809017, 0.0, -0.5, 0.809017, 0.309017, 0.0, 0.0, 0.0, 0.0, 1.0 ], [ 0.5, -0.809017, -0.309017, 0.0, -0.809017, -0.309017, -0.5, 0.0, 0.309017, 0.5, -0.809017, 0.0, 0.0, 0.0, 0.0, 1.0 ], [ -0.309017, -0.5, 0.809017, 0.0, 0.5, -0.809017, -0.309017, 0.0, 0.809017, 0.309017, 0.5, 0.0, 0.0, 0.0, 0.0, 1.0 ], [ -0.5, -0.809017, -0.309017, 0.0, -0.809017, 0.309017, 0.5, 0.0, -0.309017, 0.5, -0.809017, 0.0, 0.0, 0.0, 0.0, 1.0 ], [ 0.309017, -0.5, 0.809017, 0.0, -0.5, -0.809017, -0.309017, 0.0, 0.809017, -0.309017, -0.5, 0.0, 0.0, 0.0, 0.0, 1.0 ], [ -0.809017, 0.309017, 0.5, 0.0, 0.309017, -0.5, 0.809017, 0.0, 0.5, 0.809017, 0.309017, 0.0, 0.0, 0.0, 0.0, 1.0 ], [ -0.5, -0.809017, 0.309017, 0.0, -0.809017, 0.309017, -0.5, 0.0, 0.309017, -0.5, -0.809017, 0.0, 0.0, 0.0, 0.0, 1.0 ], [ -0.309017, 0.5, 0.809017, 0.0, -0.5, -0.809017, 0.309017, 0.0, 0.809017, -0.309017, 0.5, 0.0, 0.0, 0.0, 0.0, 1.0 ], [ -0.809017, 0.309017, -0.5, 0.0, -0.309017, 0.5, 0.809017, 0.0, 0.5, 0.809017, -0.309017, 0.0, 0.0, 0.0, 0.0, 1.0 ], [ -0.809017, -0.309017, 0.5, 0.0, -0.309017, -0.5, -0.809017, 0.0, 0.5, -0.809017, 0.309017, 0.0, 0.0, 0.0, 0.0, 1.0 ], [ -0.5, 0.809017, -0.309017, 0.0, -0.809017, -0.309017, 0.5, 0.0, 0.309017, 0.5, 0.809017, 0.0, 0.0, 0.0, 0.0, 1.0 ], [ -0.309017, -0.5, -0.809017, 0.0, -0.5, 0.809017, -0.309017, 0.0, 0.809017, 0.309017, -0.5, 0.0, 0.0, 0.0, 0.0, 1.0 ], [ -1.0, 0.0, 0.0, 0.0, 0.0, 1.0, 0.0, 0.0, 0.0, 0.0, -1.0, 0.0, 0.0, 0.0, 0.0, 1.0 ], [ 0.0, 0.0, -1.0, 0.0, 1.0, 0.0, 0.0, 0.0, 0.0, -1.0, 0.0, 0.0, 0.0, 0.0, 0.0, 1.0 ], [ 0.0, -1.0, 0.0, 0.0, 0.0, 0.0, 1.0, 0.0, -1.0, 0.0, 0.0, 0.0, 0.0, 0.0, 0.0, 1.0 ], [ -0.809017, -0.309017, -0.5, 0.0, 0.309017, 0.5, -0.809017, 0.0, 0.5, -0.809017, -0.309017, 0.0, 0.0, 0.0, 0.0, 1.0 ], [ 0.5, -0.809017, -0.309017, 0.0, 0.809017, 0.309017, 0.5, 0.0, -0.309017, -0.5, 0.809017, 0.0, 0.0, 0.0, 0.0, 1.0 ], [ -0.309017, -0.5, 0.809017, 0.0, -0.5, 0.809017, 0.309017, 0.0, -0.809017, -0.309017, -0.5, 0.0, 0.0, 0.0, 0.0, 1.0 ], [ -0.5, -0.809017, -0.309017, 0.0, 0.809017, -0.309017, -0.5, 0.0, 0.309017, -0.5, 0.809017, 0.0, 0.0, 0.0, 0.0, 1.0 ], [ 0.309017, -0.5, 0.809017, 0.0, 0.5, 0.809017, 0.309017, 0.0, -0.809017, 0.309017, 0.5, 0.0, 0.0, 0.0, 0.0, 1.0 ], [ -0.809017, 0.309017, 0.5, 0.0, -0.309017, 0.5, -0.809017, 0.0, -0.5, -0.809017, -0.309017, 0.0, 0.0, 0.0, 0.0, 1.0 ], [ -0.5, -0.809017, 0.309017, 0.0, 0.809017, -0.309017, 0.5, 0.0, -0.309017, 0.5, 0.809017, 0.0, 0.0, 0.0, 0.0, 1.0 ], [ -0.309017, 0.5, 0.809017, 0.0, 0.5, 0.809017, -0.309017, 0.0, -0.809017, 0.309017, -0.5, 0.0, 0.0, 0.0, 0.0, 1.0 ], [ -0.809017, 0.309017, -0.5, 0.0, 0.309017, -0.5, -0.809017, 0.0, -0.5, -0.809017, 0.309017, 0.0, 0.0, 0.0, 0.0, 1.0 ], [ -0.809017, -0.309017, 0.5, 0.0, 0.309017, 0.5, 0.809017, 0.0, -0.5, 0.809017, -0.309017, 0.0, 0.0, 0.0, 0.0, 1.0 ], [ -0.5, 0.809017, -0.309017, 0.0, 0.809017, 0.309017, -0.5, 0.0, -0.309017, -0.5, -0.809017, 0.0, 0.0, 0.0, 0.0, 1.0 ], [ -0.309017, -0.5, -0.809017, 0.0, 0.5, -0.809017, 0.309017, 0.0, -0.809017, -0.309017, 0.5, 0.0, 0.0, 0.0, 0.0, 1.0 ] ],
  "lights" : {
    "ambientColor" : "#292929",
    "backgroundColor" : "#AFC8DC",
    "directionalLights" : [ {
      "direction" : [ 1.0, -1.0, -1.0 ],
      "color" : "#EBEBE4"
    }, {
      "direction" : [ -1.0, 0.0, 0.0 ],
      "color" : "#E4E4EB"
    }, {
      "direction" : [ 0.0, 0.0, -1.0 ],
      "color" : "#1E1E1E"
    } ]
  },
  "camera" : {
    "viewDistance" : 803.42145,
    "nearClipDistance" : 2.008552,
    "farClipDistance" : 1606.8397,
    "lookAtPoint" : {
      "x" : 0.0,
      "y" : 0.0,
      "z" : 0.0
    },
    "fieldOfView" : 0.4426282,
    "perspective" : true,
    "lookDirection" : {
      "x" : 0.19281797,
      "y" : 0.8414253,
      "z" : 0.5048046
    },
    "upDirection" : {
      "x" : 0.95422554,
      "y" : -0.040908705,
      "z" : -0.29628548
    },
    "stereo" : false,
    "width" : 361.53906,
    "position" : {
      "x" : -154.9141,
      "y" : -676.0191,
      "z" : -405.57086
    }
  },
  "embedding" : [ 1.0, 0.0, 0.0, 0.0, 0.0, 1.0, 0.0, 0.0, 0.0, 0.0, 1.0, 0.0, 0.0, 0.0, 0.0, 1.0 ],
  "shapes" : [ {
    "id" : "1140a266-60ca-4d17-9cb4-7d504356a913",
    "vertices" : [ {
      "x" : -0.309017,
      "y" : -0.19098301,
      "z" : 0.0
    }, {
      "x" : -0.309017,
      "y" : 0.19098301,
      "z" : 0.0
    }, {
      "x" : -0.19098301,
      "y" : 0.0,
      "z" : -0.309017
    }, {
      "x" : -0.19098301,
      "y" : 0.0,
      "z" : 0.309017
    }, {
      "x" : 0.0,
      "y" : -0.309017,
      "z" : -0.19098301
    }, {
      "x" : 0.0,
      "y" : -0.309017,
      "z" : 0.19098301
    }, {
      "x" : 0.0,
      "y" : 0.309017,
      "z" : -0.19098301
    }, {
      "x" : 0.0,
      "y" : 0.309017,
      "z" : 0.19098301
    }, {
      "x" : 0.19098301,
      "y" : 0.0,
      "z" : -0.309017
    }, {
      "x" : 0.19098301,
      "y" : 0.0,
      "z" : 0.309017
    }, {
      "x" : 0.309017,
      "y" : -0.19098301,
      "z" : 0.0
    }, {
      "x" : 0.309017,
      "y" : 0.19098301,
      "z" : 0.0
    } ],
    "faces" : [ {
      "vertices" : [ 0, 1, 2 ]
    }, {
      "vertices" : [ 0, 3, 1 ]
    }, {
      "vertices" : [ 0, 2, 4 ]
    }, {
      "vertices" : [ 0, 5, 3 ]
    }, {
      "vertices" : [ 0, 4, 5 ]
    }, {
      "vertices" : [ 1, 6, 2 ]
    }, {
      "vertices" : [ 1, 3, 7 ]
    }, {
      "vertices" : [ 1, 7, 6 ]
    }, {
      "vertices" : [ 2, 8, 4 ]
    }, {
      "vertices" : [ 2, 6, 8 ]
    }, {
      "vertices" : [ 3, 5, 9 ]
    }, {
      "vertices" : [ 3, 9, 7 ]
    }, {
      "vertices" : [ 4, 10, 5 ]
    }, {
      "vertices" : [ 4, 8, 10 ]
    }, {
      "vertices" : [ 5, 10, 9 ]
    }, {
      "vertices" : [ 6, 7, 11 ]
    }, {
      "vertices" : [ 6, 11, 8 ]
    }, {
      "vertices" : [ 7, 9, 11 ]
    }, {
      "vertices" : [ 8, 11, 10 ]
    }, {
      "vertices" : [ 9, 10, 11 ]
    } ]
  }, {
    "id" : "7fe98e02-7cd7-4cc3-8184-f8bfb79f3f2c",
    "vertices" : [ {
      "x" : -33.798378,
      "y" : 97.77145,
      "z" : -35.573376
    }, {
      "x" : -34.198376,
      "y" : 97.67145,
      "z" : -35.473377
    }, {
      "x" : -0.47213334,
      "y" : 0.42204618,
      "z" : -0.3151675
    }, {
      "x" : -0.072133325,
      "y" : 0.5220462,
      "z" : -0.41516748
    }, {
      "x" : -34.33171,
      "y" : 97.43812,
      "z" : -35.773376
    }, {
      "x" : -33.93171,
      "y" : 97.53812,
      "z" : -35.873375
    }, {
      "x" : 0.061200008,
      "y" : 0.7553795,
      "z" : -0.115167476
    }, {
      "x" : -0.33879998,
      "y" : 0.65537953,
      "z" : -0.015167479
    } ],
    "faces" : [ {
      "vertices" : [ 2, 3, 6 ]
    }, {
      "vertices" : [ 2, 6, 7 ]
    }, {
      "vertices" : [ 0, 5, 4 ]
    }, {
      "vertices" : [ 0, 4, 1 ]
    }, {
      "vertices" : [ 2, 4, 5 ]
    }, {
      "vertices" : [ 2, 5, 3 ]
    }, {
      "vertices" : [ 0, 6, 3 ]
    }, {
      "vertices" : [ 0, 3, 5 ]
    }, {
      "vertices" : [ 0, 1, 7 ]
    }, {
      "vertices" : [ 0, 7, 6 ]
    }, {
      "vertices" : [ 1, 4, 2 ]
    }, {
      "vertices" : [ 1, 2, 7 ]
    } ]
  }, {
    "id" : "04196d83-7421-4235-96d2-471d7d5d3fbb",
    "vertices" : [ {
      "x" : -9.013518,
      "y" : 28.612732,
      "z" : -10.76543
    }, {
      "x" : -9.413519,
      "y" : 28.512733,
      "z" : -10.66543
    }, {
      "x" : -0.45861724,
      "y" : 0.42170933,
      "z" : -0.32473963
    }, {
      "x" : -0.058617227,
      "y" : 0.5217093,
      "z" : -0.42473963
    }, {
      "x" : -9.546852,
      "y" : 28.2794,
      "z" : -10.96543
    }, {
      "x" : -9.1468525,
      "y" : 28.379398,
      "z" : -11.065431
    }, {
      "x" : 0.074716106,
      "y" : 0.7550427,
      "z" : -0.12473963
    }, {
      "x" : -0.32528389,
      "y" : 0.65504265,
      "z" : -0.024739632
    } ],
    "faces" : [ {
      "vertices" : [ 2, 3, 6 ]
    }, {
      "vertices" : [ 2, 6, 7 ]
    }, {
      "vertices" : [ 0, 5, 4 ]
    }, {
      "vertices" : [ 0, 4, 1 ]
    }, {
      "vertices" : [ 2, 4, 5 ]
    }, {
      "vertices" : [ 2, 5, 3 ]
    }, {
      "vertices" : [ 0, 6, 3 ]
    }, {
      "vertices" : [ 0, 3, 5 ]
    }, {
      "vertices" : [ 0, 1, 7 ]
    }, {
      "vertices" : [ 0, 7, 6 ]
    }, {
      "vertices" : [ 1, 4, 2 ]
    }, {
      "vertices" : [ 1, 2, 7 ]
    } ]
  }, {
    "id" : "9f55234d-861d-4955-938b-a3f4a93bb858",
    "vertices" : [ {
      "x" : 62.38893,
      "y" : 791.2235,
      "z" : -321.5418
    }, {
      "x" : 61.98893,
      "y" : 791.3235,
      "z" : -321.6418
    }, {
      "x" : -0.08397819,
      "y" : 0.56054854,
      "z" : -0.45507124
    }, {
      "x" : 0.3160218,
      "y" : 0.46054852,
      "z" : -0.35507125
    }, {
      "x" : 62.122265,
      "y" : 791.09015,
      "z" : -321.94183
    }, {
      "x" : 62.522263,
      "y" : 790.9902,
      "z" : -321.84183
    }, {
      "x" : 0.18268847,
      "y" : 0.69388187,
      "z" : -0.055071253
    }, {
      "x" : -0.21731153,
      "y" : 0.79388183,
      "z" : -0.15507126
    } ],
    "faces" : [ {
      "vertices" : [ 2, 3, 6 ]
    }, {
      "vertices" : [ 2, 6, 7 ]
    }, {
      "vertices" : [ 0, 5, 4 ]
    }, {
      "vertices" : [ 0, 4, 1 ]
    }, {
      "vertices" : [ 2, 4, 5 ]
    }, {
      "vertices" : [ 2, 5, 3 ]
    }, {
      "vertices" : [ 0, 6, 3 ]
    }, {
      "vertices" : [ 0, 3, 5 ]
    }, {
      "vertices" : [ 0, 1, 7 ]
    }, {
      "vertices" : [ 0, 7, 6 ]
    }, {
      "vertices" : [ 1, 4, 2 ]
    }, {
      "vertices" : [ 1, 2, 7 ]
    } ]
  }, {
    "id" : "e4c63c58-26af-4883-bde8-278de2e3b724",
    "vertices" : [ {
      "x" : 136.32472,
      "y" : 278.85843,
      "z" : -89.27397
    }, {
      "x" : 136.22472,
      "y" : 278.75842,
      "z" : -89.673965
    }, {
      "x" : 0.3753532,
      "y" : 0.39583158,
      "z" : -0.44739124
    }, {
      "x" : 0.4753532,
      "y" : 0.49583158,
      "z" : -0.047391247
    }, {
      "x" : 136.52472,
      "y" : 278.5251,
      "z" : -89.807304
    }, {
      "x" : 136.62473,
      "y" : 278.6251,
      "z" : -89.4073
    }, {
      "x" : 0.1753532,
      "y" : 0.7291649,
      "z" : 0.08594208
    }, {
      "x" : 0.075353205,
      "y" : 0.62916493,
      "z" : -0.31405792
    } ],
    "faces" : [ {
      "vertices" : [ 2, 3, 6 ]
    }, {
      "vertices" : [ 2, 6, 7 ]
    }, {
      "vertices" : [ 0, 5, 4 ]
    }, {
      "vertices" : [ 0, 4, 1 ]
    }, {
      "vertices" : [ 2, 4, 5 ]
    }, {
      "vertices" : [ 2, 5, 3 ]
    }, {
      "vertices" : [ 0, 6, 3 ]
    }, {
      "vertices" : [ 0, 3, 5 ]
    }, {
      "vertices" : [ 0, 1, 7 ]
    }, {
      "vertices" : [ 0, 7, 6 ]
    }, {
      "vertices" : [ 1, 4, 2 ]
    }, {
      "vertices" : [ 1, 2, 7 ]
    } ]
  }, {
    "id" : "b9f219e6-6b0c-4566-be70-38ad54d2a378",
    "vertices" : [ {
      "x" : -88.277176,
      "y" : 296.77054,
      "z" : -111.5778
    }, {
      "x" : -88.67718,
      "y" : 296.67053,
      "z" : -111.4778
    }, {
      "x" : -0.44418567,
      "y" : 0.42798594,
      "z" : -0.32389963
    }, {
      "x" : -0.044185683,
      "y" : 0.52798593,
      "z" : -0.42389962
    }, {
      "x" : -88.81051,
      "y" : 296.4372,
      "z" : -111.7778
    }, {
      "x" : -88.41051,
      "y" : 296.5372,
      "z" : -111.8778
    }, {
      "x" : 0.08914765,
      "y" : 0.7613193,
      "z" : -0.12389963
    }, {
      "x" : -0.31085235,
      "y" : 0.66131926,
      "z" : -0.023899628
    } ],
    "faces" : [ {
      "vertices" : [ 2, 3, 6 ]
    }, {
      "vertices" : [ 2, 6, 7 ]
    }, {
      "vertices" : [ 0, 5, 4 ]
    }, {
      "vertices" : [ 0, 4, 1 ]
    }, {
      "vertices" : [ 2, 4, 5 ]
    }, {
      "vertices" : [ 2, 5, 3 ]
    }, {
      "vertices" : [ 0, 6, 3 ]
    }, {
      "vertices" : [ 0, 3, 5 ]
    }, {
      "vertices" : [ 0, 1, 7 ]
    }, {
      "vertices" : [ 0, 7, 6 ]
    }, {
      "vertices" : [ 1, 4, 2 ]
    }, {
      "vertices" : [ 1, 2, 7 ]
    } ]
  }, {
    "id" : "039801fe-2c39-4a99-838d-3c5993937fc1",
    "vertices" : [ {
      "x" : -58.068882,
      "y" : 24.798374,
      "z" : 42.742645
    }, {
      "x" : -87.103325,
      "y" : 40.12461,
      "z" : 58.068882
    }, {
      "x" : -310.90674,
      "y" : 145.17221,
      "z" : 216.9493
    }, {
      "x" : -420.1904,
      "y" : 194.76895,
      "z" : 299.81656
    }, {
      "x" : -263.928,
      "y" : 120.37383,
      "z" : 192.15092
    } ],
    "faces" : [ {
      "vertices" : [ 0, 1, 2 ]
    }, {
      "vertices" : [ 0, 2, 3 ]
    }, {
      "vertices" : [ 0, 3, 4 ]
    }, {
      "vertices" : [ 0, 4, 3 ]
    }, {
      "vertices" : [ 0, 3, 2 ]
    }, {
      "vertices" : [ 0, 2, 1 ]
    } ]
  }, {
    "id" : "acaeaf26-fef2-4f60-b3ec-ffa60173683b",
    "vertices" : [ {
      "x" : 9.523977,
      "y" : 71.22623,
      "z" : -28.584648
    }, {
      "x" : 9.123977,
      "y" : 71.326225,
      "z" : -28.684647
    }, {
      "x" : -0.051840857,
      "y" : 0.5508596,
      "z" : -0.44979462
    }, {
      "x" : 0.34815913,
      "y" : 0.45085958,
      "z" : -0.34979463
    }, {
      "x" : 9.25731,
      "y" : 71.092896,
      "z" : -28.984648
    }, {
      "x" : 9.6573105,
      "y" : 70.9929,
      "z" : -28.884647
    }, {
      "x" : 0.21482581,
      "y" : 0.6841929,
      "z" : -0.04979461
    }, {
      "x" : -0.1851742,
      "y" : 0.7841929,
      "z" : -0.14979461
    } ],
    "faces" : [ {
      "vertices" : [ 2, 3, 6 ]
    }, {
      "vertices" : [ 2, 6, 7 ]
    }, {
      "vertices" : [ 0, 5, 4 ]
    }, {
      "vertices" : [ 0, 4, 1 ]
    }, {
      "vertices" : [ 2, 4, 5 ]
    }, {
      "vertices" : [ 2, 5, 3 ]
    }, {
      "vertices" : [ 0, 6, 3 ]
    }, {
      "vertices" : [ 0, 3, 5 ]
    }, {
      "vertices" : [ 0, 1, 7 ]
    }, {
      "vertices" : [ 0, 7, 6 ]
    }, {
      "vertices" : [ 1, 4, 2 ]
    }, {
      "vertices" : [ 1, 2, 7 ]
    } ]
  }, {
    "id" : "64d51293-9189-475c-9966-4244e113b792",
    "vertices" : [ {
      "x" : -211.23257,
      "y" : 422.31458,
      "z" : -134.03763
    }, {
      "x" : -211.33257,
      "y" : 422.41458,
      "z" : -133.63762
    }, {
      "x" : -0.48066154,
      "y" : 0.4938371,
      "z" : -0.044414986
    }, {
      "x" : -0.38066152,
      "y" : 0.3938371,
      "z" : -0.44441497
    }, {
      "x" : -211.63257,
      "y" : 422.18124,
      "z" : -133.77095
    }, {
      "x" : -211.53256,
      "y" : 422.08127,
      "z" : -134.17096
    }, {
      "x" : -0.08066153,
      "y" : 0.62717044,
      "z" : -0.31108165
    }, {
      "x" : -0.18066153,
      "y" : 0.7271704,
      "z" : 0.08891835
    } ],
    "faces" : [ {
      "vertices" : [ 2, 3, 6 ]
    }, {
      "vertices" : [ 2, 6, 7 ]
    }, {
      "vertices" : [ 0, 5, 4 ]
    }, {
      "vertices" : [ 0, 4, 1 ]
    }, {
      "vertices" : [ 2, 4, 5 ]
    }, {
      "vertices" : [ 2, 5, 3 ]
    }, {
      "vertices" : [ 0, 6, 3 ]
    }, {
      "vertices" : [ 0, 3, 5 ]
    }, {
      "vertices" : [ 0, 1, 7 ]
    }, {
      "vertices" : [ 0, 7, 6 ]
    }, {
      "vertices" : [ 1, 4, 2 ]
    }, {
      "vertices" : [ 1, 2, 7 ]
    } ]
  }, {
    "id" : "7b0e85c6-9dc7-44e7-b13b-0d28c78afc08",
    "vertices" : [ {
      "x" : -44.011726,
      "y" : 332.63586,
      "z" : -133.73332
    }, {
      "x" : -44.411728,
      "y" : 332.5359,
      "z" : -133.63333
    }, {
      "x" : -0.3489531,
      "y" : 0.4511902,
      "z" : -0.34871426
    }, {
      "x" : 0.05104689,
      "y" : 0.5511902,
      "z" : -0.4487143
    }, {
      "x" : -44.54506,
      "y" : 332.30255,
      "z" : -133.93332
    }, {
      "x" : -44.14506,
      "y" : 332.40253,
      "z" : -134.03333
    }, {
      "x" : 0.18438022,
      "y" : 0.78452355,
      "z" : -0.14871427
    }, {
      "x" : -0.21561977,
      "y" : 0.6845235,
      "z" : -0.048714273
    } ],
    "faces" : [ {
      "vertices" : [ 2, 3, 6 ]
    }, {
      "vertices" : [ 2, 6, 7 ]
    }, {
      "vertices" : [ 0, 5, 4 ]
    }, {
      "vertices" : [ 0, 4, 1 ]
    }, {
      "vertices" : [ 2, 4, 5 ]
    }, {
      "vertices" : [ 2, 5, 3 ]
    }, {
      "vertices" : [ 0, 6, 3 ]
    }, {
      "vertices" : [ 0, 3, 5 ]
    }, {
      "vertices" : [ 0, 1, 7 ]
    }, {
      "vertices" : [ 0, 7, 6 ]
    }, {
      "vertices" : [ 1, 4, 2 ]
    }, {
      "vertices" : [ 1, 2, 7 ]
    } ]
  }, {
    "id" : "5596222b-a542-45c9-b02d-fa00c5227714",
    "vertices" : [ {
      "x" : 17.944271,
      "y" : 210.0952,
      "z" : -87.103325
    }, {
      "x" : 93.95743,
      "y" : 1064.1842,
      "z" : -433.8986
    }, {
      "x" : 203.24109,
      "y" : 2383.8242,
      "z" : -970.22675
    }, {
      "x" : 194.76895,
      "y" : 2345.3176,
      "z" : -954.9005
    }, {
      "x" : 80.24922,
      "y" : 1001.8792,
      "z" : -409.10022
    } ],
    "faces" : [ {
      "vertices" : [ 0, 1, 2 ]
    }, {
      "vertices" : [ 0, 2, 3 ]
    }, {
      "vertices" : [ 0, 3, 4 ]
    }, {
      "vertices" : [ 0, 4, 3 ]
    }, {
      "vertices" : [ 0, 3, 2 ]
    }, {
      "vertices" : [ 0, 2, 1 ]
    } ]
  }, {
    "id" : "245bb4b2-915f-4e95-9f58-6637a51e02bb",
    "vertices" : [ {
      "x" : -13.260727,
      "y" : 31.147715,
      "z" : -11.023291
    }, {
      "x" : -13.360727,
      "y" : 31.247713,
      "z" : -10.62329
    }, {
      "x" : -0.44747698,
      "y" : 0.50476193,
      "z" : -0.06687976
    }, {
      "x" : -0.347477,
      "y" : 0.4047619,
      "z" : -0.46687976
    }, {
      "x" : -13.660727,
      "y" : 31.014381,
      "z" : -10.756623
    }, {
      "x" : -13.560727,
      "y" : 30.914381,
      "z" : -11.156624
    }, {
      "x" : -0.04747699,
      "y" : 0.63809526,
      "z" : -0.33354643
    }, {
      "x" : -0.14747699,
      "y" : 0.7380952,
      "z" : 0.066453576
    } ],
    "faces" : [ {
      "vertices" : [ 2, 3, 6 ]
    }, {
      "vertices" : [ 2, 6, 7 ]
    }, {
      "vertices" : [ 0, 5, 4 ]
    }, {
      "vertices" : [ 0, 4, 1 ]
    }, {
      "vertices" : [ 2, 4, 5 ]
    }, {
      "vertices" : [ 2, 5, 3 ]
    }, {
      "vertices" : [ 0, 6, 3 ]
    }, {
      "vertices" : [ 0, 3, 5 ]
    }, {
      "vertices" : [ 0, 1, 7 ]
    }, {
      "vertices" : [ 0, 7, 6 ]
    }, {
      "vertices" : [ 1, 4, 2 ]
    }, {
      "vertices" : [ 1, 2, 7 ]
    } ]
  }, {
    "id" : "49fe93b3-7e87-4293-b741-793e67c791d1",
    "vertices" : [ {
      "x" : -95.22648,
      "y" : 716.9377,
      "z" : -288.37772
    }, {
      "x" : -95.62648,
      "y" : 716.8377,
      "z" : -288.2777
    }, {
      "x" : -0.34898347,
      "y" : 0.45120284,
      "z" : -0.34867296
    }, {
      "x" : 0.05101653,
      "y" : 0.55120283,
      "z" : -0.44867295
    }, {
      "x" : -95.75981,
      "y" : 716.6044,
      "z" : -288.5777
    }, {
      "x" : -95.35981,
      "y" : 716.70435,
      "z" : -288.6777
    }, {
      "x" : 0.18434986,
      "y" : 0.7845362,
      "z" : -0.14867297
    }, {
      "x" : -0.21565014,
      "y" : 0.68453616,
      "z" : -0.048672963
    } ],
    "faces" : [ {
      "vertices" : [ 2, 3, 6 ]
    }, {
      "vertices" : [ 2, 6, 7 ]
    }, {
      "vertices" : [ 0, 5, 4 ]
    }, {
      "vertices" : [ 0, 4, 1 ]
    }, {
      "vertices" : [ 2, 4, 5 ]
    }, {
      "vertices" : [ 2, 5, 3 ]
    }, {
      "vertices" : [ 0, 6, 3 ]
    }, {
      "vertices" : [ 0, 3, 5 ]
    }, {
      "vertices" : [ 0, 1, 7 ]
    }, {
      "vertices" : [ 0, 7, 6 ]
    }, {
      "vertices" : [ 1, 4, 2 ]
    }, {
      "vertices" : [ 1, 2, 7 ]
    } ]
  }, {
    "id" : "5eb32ac0-b153-41a8-abef-e35c021d9071",
    "vertices" : [ {
      "x" : -60.686916,
      "y" : 80.24922,
      "z" : -17.944271
    }, {
      "x" : -297.19852,
      "y" : 393.774,
      "z" : -80.24922
    }, {
      "x" : -503.05765,
      "y" : 659.32,
      "z" : -129.84598
    }, {
      "x" : -393.774,
      "y" : 509.91174,
      "z" : -98.1935
    }, {
      "x" : -120.37383,
      "y" : 152.0263,
      "z" : -29.034441
    } ],
    "faces" : [ {
      "vertices" : [ 0, 1, 2 ]
    }, {
      "vertices" : [ 0, 2, 3 ]
    }, {
      "vertices" : [ 0, 3, 4 ]
    }, {
      "vertices" : [ 0, 4, 3 ]
    }, {
      "vertices" : [ 0, 3, 2 ]
    }, {
      "vertices" : [ 0, 2, 1 ]
    } ]
  }, {
    "id" : "97500bc3-d5f3-493e-950d-1b9789654a71",
    "vertices" : [ {
      "x" : -17.944271,
      "y" : 210.0952,
      "z" : -87.103325
    }, {
      "x" : -80.24922,
      "y" : 1001.8792,
      "z" : -409.10022
    }, {
      "x" : -194.76895,
      "y" : 2345.3176,
      "z" : -954.9005
    }, {
      "x" : -203.24109,
      "y" : 2383.8242,
      "z" : -970.22675
    }, {
      "x" : -93.95743,
      "y" : 1064.1842,
      "z" : -433.8986
    } ],
    "faces" : [ {
      "vertices" : [ 0, 1, 2 ]
    }, {
      "vertices" : [ 0, 2, 3 ]
    }, {
      "vertices" : [ 0, 3, 4 ]
    }, {
      "vertices" : [ 0, 4, 3 ]
    }, {
      "vertices" : [ 0, 3, 2 ]
    }, {
      "vertices" : [ 0, 2, 1 ]
    } ]
  }, {
    "id" : "0ba20c24-fab8-4510-a144-8389285a450a",
    "vertices" : [ {
      "x" : -1.2869228,
      "y" : -14.882477,
      "z" : 6.4811106
    }, {
      "x" : -1.6869228,
      "y" : -14.782477,
      "z" : 6.3811107
    }, {
      "x" : -0.3311112,
      "y" : -0.44376066,
      "z" : 0.3729914
    }, {
      "x" : 0.068888806,
      "y" : -0.54376066,
      "z" : 0.4729914
    }, {
      "x" : -1.8202561,
      "y" : -14.549144,
      "z" : 6.6811104
    }, {
      "x" : -1.4202561,
      "y" : -14.649144,
      "z" : 6.781111
    }, {
      "x" : 0.20222214,
      "y" : -0.777094,
      "z" : 0.17299141
    }, {
      "x" : -0.19777787,
      "y" : -0.677094,
      "z" : 0.07299141
    } ],
    "faces" : [ {
      "vertices" : [ 2, 3, 6 ]
    }, {
      "vertices" : [ 2, 6, 7 ]
    }, {
      "vertices" : [ 0, 5, 4 ]
    }, {
      "vertices" : [ 0, 4, 1 ]
    }, {
      "vertices" : [ 2, 4, 5 ]
    }, {
      "vertices" : [ 2, 5, 3 ]
    }, {
      "vertices" : [ 0, 6, 3 ]
    }, {
      "vertices" : [ 0, 3, 5 ]
    }, {
      "vertices" : [ 0, 1, 7 ]
    }, {
      "vertices" : [ 0, 7, 6 ]
    }, {
      "vertices" : [ 1, 4, 2 ]
    }, {
      "vertices" : [ 1, 2, 7 ]
    } ]
  }, {
    "id" : "b9f602aa-05fb-4183-b9b9-a0566aa9e0c7",
    "vertices" : [ {
      "x" : -13.390988,
      "y" : 169.51048,
      "z" : -68.80403
    }, {
      "x" : -13.790988,
      "y" : 169.41048,
      "z" : -68.70403
    }, {
      "x" : -0.31721562,
      "y" : 0.46009943,
      "z" : -0.35502383
    }, {
      "x" : 0.08278436,
      "y" : 0.5600994,
      "z" : -0.45502385
    }, {
      "x" : -13.924321,
      "y" : 169.17715,
      "z" : -69.00403
    }, {
      "x" : -13.524322,
      "y" : 169.27715,
      "z" : -69.10403
    }, {
      "x" : 0.2161177,
      "y" : 0.7934328,
      "z" : -0.15502384
    }, {
      "x" : -0.1838823,
      "y" : 0.69343275,
      "z" : -0.05502384
    } ],
    "faces" : [ {
      "vertices" : [ 2, 3, 6 ]
    }, {
      "vertices" : [ 2, 6, 7 ]
    }, {
      "vertices" : [ 0, 5, 4 ]
    }, {
      "vertices" : [ 0, 4, 1 ]
    }, {
      "vertices" : [ 2, 4, 5 ]
    }, {
      "vertices" : [ 2, 5, 3 ]
    }, {
      "vertices" : [ 0, 6, 3 ]
    }, {
      "vertices" : [ 0, 3, 5 ]
    }, {
      "vertices" : [ 0, 1, 7 ]
    }, {
      "vertices" : [ 0, 7, 6 ]
    }, {
      "vertices" : [ 1, 4, 2 ]
    }, {
      "vertices" : [ 1, 2, 7 ]
    } ]
  }, {
    "id" : "3696444b-a9ed-454d-b4c1-1706b969c2c8",
    "vertices" : [ {
      "x" : -1.3322722,
      "y" : 53.364178,
      "z" : -21.818579
    }, {
      "x" : -1.7322721,
      "y" : 53.264175,
      "z" : -21.71858
    }, {
      "x" : -0.28576183,
      "y" : 0.46863905,
      "z" : -0.36176035
    }, {
      "x" : 0.11423817,
      "y" : 0.56863904,
      "z" : -0.46176034
    }, {
      "x" : -1.8656055,
      "y" : 53.03084,
      "z" : -22.01858
    }, {
      "x" : -1.4656055,
      "y" : 53.130844,
      "z" : -22.11858
    }, {
      "x" : 0.24757151,
      "y" : 0.8019724,
      "z" : -0.16176036
    }, {
      "x" : -0.1524285,
      "y" : 0.70197237,
      "z" : -0.061760355
    } ],
    "faces" : [ {
      "vertices" : [ 2, 3, 6 ]
    }, {
      "vertices" : [ 2, 6, 7 ]
    }, {
      "vertices" : [ 0, 5, 4 ]
    }, {
      "vertices" : [ 0, 4, 1 ]
    }, {
      "vertices" : [ 2, 4, 5 ]
    }, {
      "vertices" : [ 2, 5, 3 ]
    }, {
      "vertices" : [ 0, 6, 3 ]
    }, {
      "vertices" : [ 0, 3, 5 ]
    }, {
      "vertices" : [ 0, 1, 7 ]
    }, {
      "vertices" : [ 0, 7, 6 ]
    }, {
      "vertices" : [ 1, 4, 2 ]
    }, {
      "vertices" : [ 1, 2, 7 ]
    } ]
  }, {
    "id" : "8796001f-e0b8-499e-8a87-f65ee13b53ed",
    "vertices" : [ {
      "x" : -24.798374,
      "y" : 6.854102,
      "z" : 71.777084
    }, {
      "x" : -134.08205,
      "y" : 44.36068,
      "z" : 391.15594
    }, {
      "x" : -263.928,
      "y" : 89.72136,
      "z" : 791.78406
    }, {
      "x" : -234.89357,
      "y" : 80.24922,
      "z" : 720.00696
    }, {
      "x" : -87.103325,
      "y" : 29.034441,
      "z" : 275.0182
    } ],
    "faces" : [ {
      "vertices" : [ 0, 1, 2 ]
    }, {
      "vertices" : [ 0, 2, 3 ]
    }, {
      "vertices" : [ 0, 3, 4 ]
    }, {
      "vertices" : [ 0, 4, 3 ]
    }, {
      "vertices" : [ 0, 3, 2 ]
    }, {
      "vertices" : [ 0, 2, 1 ]
    } ]
  }, {
    "id" : "181afbfb-34e1-4fa4-9964-c280aa2a6fd3",
    "vertices" : [ {
      "x" : 66.6274,
      "y" : 889.41626,
      "z" : -361.66602
    }, {
      "x" : 66.2274,
      "y" : 889.5163,
      "z" : -361.76602
    }, {
      "x" : -0.0863853,
      "y" : 0.5612572,
      "z" : -0.4554949
    }, {
      "x" : 0.3136147,
      "y" : 0.4612572,
      "z" : -0.35549492
    }, {
      "x" : 66.36074,
      "y" : 889.28296,
      "z" : -362.066
    }, {
      "x" : 66.760735,
      "y" : 889.1829,
      "z" : -361.966
    }, {
      "x" : 0.18028137,
      "y" : 0.6945905,
      "z" : -0.05549491
    }, {
      "x" : -0.21971864,
      "y" : 0.79459053,
      "z" : -0.15549491
    } ],
    "faces" : [ {
      "vertices" : [ 2, 3, 6 ]
    }, {
      "vertices" : [ 2, 6, 7 ]
    }, {
      "vertices" : [ 0, 5, 4 ]
    }, {
      "vertices" : [ 0, 4, 1 ]
    }, {
      "vertices" : [ 2, 4, 5 ]
    }, {
      "vertices" : [ 2, 5, 3 ]
    }, {
      "vertices" : [ 0, 6, 3 ]
    }, {
      "vertices" : [ 0, 3, 5 ]
    }, {
      "vertices" : [ 0, 1, 7 ]
    }, {
      "vertices" : [ 0, 7, 6 ]
    }, {
      "vertices" : [ 1, 4, 2 ]
    }, {
      "vertices" : [ 1, 2, 7 ]
    } ]
  }, {
    "id" : "f484e007-a834-4bd3-9441-2391391afe6e",
    "vertices" : [ {
      "x" : -156.9177,
      "y" : 1247.4105,
      "z" : -502.7081
    }, {
      "x" : -157.3177,
      "y" : 1247.3105,
      "z" : -502.6081
    }, {
      "x" : -0.34468335,
      "y" : 0.4523888,
      "z" : -0.34956312
    }, {
      "x" : 0.055316646,
      "y" : 0.5523888,
      "z" : -0.44956312
    }, {
      "x" : -157.45103,
      "y" : 1247.0773,
      "z" : -502.90808
    }, {
      "x" : -157.05103,
      "y" : 1247.1772,
      "z" : -503.0081
    }, {
      "x" : 0.18864998,
      "y" : 0.78572214,
      "z" : -0.14956312
    }, {
      "x" : -0.21135002,
      "y" : 0.6857221,
      "z" : -0.049563125
    } ],
    "faces" : [ {
      "vertices" : [ 2, 3, 6 ]
    }, {
      "vertices" : [ 2, 6, 7 ]
    }, {
      "vertices" : [ 0, 5, 4 ]
    }, {
      "vertices" : [ 0, 4, 1 ]
    }, {
      "vertices" : [ 2, 4, 5 ]
    }, {
      "vertices" : [ 2, 5, 3 ]
    }, {
      "vertices" : [ 0, 6, 3 ]
    }, {
      "vertices" : [ 0, 3, 5 ]
    }, {
      "vertices" : [ 0, 1, 7 ]
    }, {
      "vertices" : [ 0, 7, 6 ]
    }, {
      "vertices" : [ 1, 4, 2 ]
    }, {
      "vertices" : [ 1, 2, 7 ]
    } ]
  }, {
    "id" : "cc9ab522-c6af-4512-9a58-917c19f02b29",
    "vertices" : [ {
      "x" : 2.618034,
      "y" : 0.0,
      "z" : 17.944271
    }, {
      "x" : 4.236068,
      "y" : 4.236068,
      "z" : 76.01315
    }, {
      "x" : 0.0,
      "y" : 6.854102,
      "z" : 111.9017
    }, {
      "x" : -4.236068,
      "y" : 4.236068,
      "z" : 76.01315
    }, {
      "x" : -2.618034,
      "y" : 0.0,
      "z" : 17.944271
    } ],
    "faces" : [ {
      "vertices" : [ 0, 1, 2 ]
    }, {
      "vertices" : [ 0, 2, 3 ]
    }, {
      "vertices" : [ 0, 3, 4 ]
    }, {
      "vertices" : [ 0, 4, 3 ]
    }, {
      "vertices" : [ 0, 3, 2 ]
    }, {
      "vertices" : [ 0, 2, 1 ]
    } ]
  }, {
    "id" : "2a9b480e-29a3-4cdc-8997-3f3da846720f",
    "vertices" : [ {
      "x" : -20.271538,
      "y" : 541.09607,
      "z" : -220.8261
    }, {
      "x" : -20.671537,
      "y" : 540.9961,
      "z" : -220.7261
    }, {
      "x" : -0.29076898,
      "y" : 0.46813354,
      "z" : -0.35926476
    }, {
      "x" : 0.10923101,
      "y" : 0.56813353,
      "z" : -0.45926476
    }, {
      "x" : -20.80487,
      "y" : 540.76276,
      "z" : -221.0261
    }, {
      "x" : -20.404871,
      "y" : 540.86273,
      "z" : -221.1261
    }, {
      "x" : 0.24256435,
      "y" : 0.8014669,
      "z" : -0.15926476
    }, {
      "x" : -0.15743566,
      "y" : 0.70146686,
      "z" : -0.059264757
    } ],
    "faces" : [ {
      "vertices" : [ 2, 3, 6 ]
    }, {
      "vertices" : [ 2, 6, 7 ]
    }, {
      "vertices" : [ 0, 5, 4 ]
    }, {
      "vertices" : [ 0, 4, 1 ]
    }, {
      "vertices" : [ 2, 4, 5 ]
    }, {
      "vertices" : [ 2, 5, 3 ]
    }, {
      "vertices" : [ 0, 6, 3 ]
    }, {
      "vertices" : [ 0, 3, 5 ]
    }, {
      "vertices" : [ 0, 1, 7 ]
    }, {
      "vertices" : [ 0, 7, 6 ]
    }, {
      "vertices" : [ 1, 4, 2 ]
    }, {
      "vertices" : [ 1, 2, 7 ]
    } ]
  }, {
    "id" : "2990d03b-0495-4b23-88c7-c6b44c7d0a6e",
    "vertices" : [ {
      "x" : 29.11821,
      "y" : 366.79712,
      "z" : -148.95322
    }, {
      "x" : 28.718208,
      "y" : 366.8971,
      "z" : -149.0532
    }, {
      "x" : -0.083767086,
      "y" : 0.5604691,
      "z" : -0.45506287
    }, {
      "x" : 0.31623292,
      "y" : 0.46046913,
      "z" : -0.35506287
    }, {
      "x" : 28.851542,
      "y" : 366.66376,
      "z" : -149.35321
    }, {
      "x" : 29.251543,
      "y" : 366.56378,
      "z" : -149.25322
    }, {
      "x" : 0.18289958,
      "y" : 0.6938024,
      "z" : -0.055062868
    }, {
      "x" : -0.21710041,
      "y" : 0.79380244,
      "z" : -0.15506287
    } ],
    "faces" : [ {
      "vertices" : [ 2, 3, 6 ]
    }, {
      "vertices" : [ 2, 6, 7 ]
    }, {
      "vertices" : [ 0, 5, 4 ]
    }, {
      "vertices" : [ 0, 4, 1 ]
    }, {
      "vertices" : [ 2, 4, 5 ]
    }, {
      "vertices" : [ 2, 5, 3 ]
    }, {
      "vertices" : [ 0, 6, 3 ]
    }, {
      "vertices" : [ 0, 3, 5 ]
    }, {
      "vertices" : [ 0, 1, 7 ]
    }, {
      "vertices" : [ 0, 7, 6 ]
    }, {
      "vertices" : [ 1, 4, 2 ]
    }, {
      "vertices" : [ 1, 2, 7 ]
    } ]
  }, {
    "id" : "942a1085-ef97-4a81-8971-954736ec9e56",
    "vertices" : [ {
      "x" : 75.961975,
      "y" : 243.8392,
      "z" : -90.91768
    }, {
      "x" : 75.56197,
      "y" : 243.93921,
      "z" : -91.01768
    }, {
      "x" : 0.051178835,
      "y" : 0.5264997,
      "z" : -0.42171463
    }, {
      "x" : 0.45117885,
      "y" : 0.4264997,
      "z" : -0.32171464
    }, {
      "x" : 75.69531,
      "y" : 243.70587,
      "z" : -91.31768
    }, {
      "x" : 76.09531,
      "y" : 243.60587,
      "z" : -91.21768
    }, {
      "x" : 0.3178455,
      "y" : 0.659833,
      "z" : -0.02171464
    }, {
      "x" : -0.0821545,
      "y" : 0.75983304,
      "z" : -0.121714644
    } ],
    "faces" : [ {
      "vertices" : [ 2, 3, 6 ]
    }, {
      "vertices" : [ 2, 6, 7 ]
    }, {
      "vertices" : [ 0, 5, 4 ]
    }, {
      "vertices" : [ 0, 4, 1 ]
    }, {
      "vertices" : [ 2, 4, 5 ]
    }, {
      "vertices" : [ 2, 5, 3 ]
    }, {
      "vertices" : [ 0, 6, 3 ]
    }, {
      "vertices" : [ 0, 3, 5 ]
    }, {
      "vertices" : [ 0, 1, 7 ]
    }, {
      "vertices" : [ 0, 7, 6 ]
    }, {
      "vertices" : [ 1, 4, 2 ]
    }, {
      "vertices" : [ 1, 2, 7 ]
    } ]
  }, {
    "id" : "acd6ab52-a161-4e1b-a509-cbe048fc53e9",
    "vertices" : [ {
      "x" : -129.38103,
      "y" : 277.13638,
      "z" : -91.286354
    }, {
      "x" : -129.48103,
      "y" : 277.2364,
      "z" : -90.88636
    }, {
      "x" : -0.464938,
      "y" : 0.49982288,
      "z" : -0.05303577
    }, {
      "x" : -0.36493802,
      "y" : 0.3998229,
      "z" : -0.45303577
    }, {
      "x" : -129.78104,
      "y" : 277.00305,
      "z" : -91.01969
    }, {
      "x" : -129.68103,
      "y" : 276.90305,
      "z" : -91.41969
    }, {
      "x" : -0.06493801,
      "y" : 0.63315624,
      "z" : -0.31970245
    }, {
      "x" : -0.164938,
      "y" : 0.7331562,
      "z" : 0.08029757
    } ],
    "faces" : [ {
      "vertices" : [ 2, 3, 6 ]
    }, {
      "vertices" : [ 2, 6, 7 ]
    }, {
      "vertices" : [ 0, 5, 4 ]
    }, {
      "vertices" : [ 0, 4, 1 ]
    }, {
      "vertices" : [ 2, 4, 5 ]
    }, {
      "vertices" : [ 2, 5, 3 ]
    }, {
      "vertices" : [ 0, 6, 3 ]
    }, {
      "vertices" : [ 0, 3, 5 ]
    }, {
      "vertices" : [ 0, 1, 7 ]
    }, {
      "vertices" : [ 0, 7, 6 ]
    }, {
      "vertices" : [ 1, 4, 2 ]
    }, {
      "vertices" : [ 1, 2, 7 ]
    } ]
  }, {
    "id" : "93ef72b8-0d1d-40e3-92d8-cbd72b197521",
    "vertices" : [ {
      "x" : 61.92656,
      "y" : 125.21532,
      "z" : -39.67866
    }, {
      "x" : 61.82656,
      "y" : 125.11532,
      "z" : -40.07866
    }, {
      "x" : 0.37839144,
      "y" : 0.39458442,
      "z" : -0.44595176
    }, {
      "x" : 0.47839144,
      "y" : 0.49458444,
      "z" : -0.045951754
    }, {
      "x" : 62.12656,
      "y" : 124.88199,
      "z" : -40.211994
    }, {
      "x" : 62.22656,
      "y" : 124.98199,
      "z" : -39.811993
    }, {
      "x" : 0.17839144,
      "y" : 0.7279178,
      "z" : 0.08738158
    }, {
      "x" : 0.07839145,
      "y" : 0.62791777,
      "z" : -0.31261843
    } ],
    "faces" : [ {
      "vertices" : [ 2, 3, 6 ]
    }, {
      "vertices" : [ 2, 6, 7 ]
    }, {
      "vertices" : [ 0, 5, 4 ]
    }, {
      "vertices" : [ 0, 4, 1 ]
    }, {
      "vertices" : [ 2, 4, 5 ]
    }, {
      "vertices" : [ 2, 5, 3 ]
    }, {
      "vertices" : [ 0, 6, 3 ]
    }, {
      "vertices" : [ 0, 3, 5 ]
    }, {
      "vertices" : [ 0, 1, 7 ]
    }, {
      "vertices" : [ 0, 7, 6 ]
    }, {
      "vertices" : [ 1, 4, 2 ]
    }, {
      "vertices" : [ 1, 2, 7 ]
    } ]
  }, {
    "id" : "82e9e0f3-96bf-48ae-9c49-148a0d4f8c82",
    "vertices" : [ {
      "x" : 0.0,
      "y" : 0.0,
      "z" : 0.0
    }, {
      "x" : 4.236068,
      "y" : 0.0,
      "z" : 6.854102
    }, {
      "x" : 2.618034,
      "y" : 0.0,
      "z" : 17.944271
    }, {
      "x" : -2.618034,
      "y" : 0.0,
      "z" : 17.944271
    }, {
      "x" : -4.236068,
      "y" : 0.0,
      "z" : 6.854102
    } ],
    "faces" : [ {
      "vertices" : [ 0, 1, 2 ]
    }, {
      "vertices" : [ 0, 2, 3 ]
    }, {
      "vertices" : [ 0, 3, 4 ]
    }, {
      "vertices" : [ 0, 4, 3 ]
    }, {
      "vertices" : [ 0, 3, 2 ]
    }, {
      "vertices" : [ 0, 2, 1 ]
    } ]
  }, {
    "id" : "05ec23b6-01d9-4984-bb36-88376a65b4f0",
    "vertices" : [ {
      "x" : 13.826855,
      "y" : 594.826,
      "z" : -242.90504
    }, {
      "x" : 13.426854,
      "y" : 594.92596,
      "z" : -243.00504
    }, {
      "x" : -0.118650556,
      "y" : 0.57105964,
      "z" : -0.4606676
    }, {
      "x" : 0.28134945,
      "y" : 0.47105965,
      "z" : -0.3606676
    }, {
      "x" : 13.560188,
      "y" : 594.6926,
      "z" : -243.30504
    }, {
      "x" : 13.960188,
      "y" : 594.59265,
      "z" : -243.20503
    }, {
      "x" : 0.14801611,
      "y" : 0.70439297,
      "z" : -0.0606676
    }, {
      "x" : -0.25198388,
      "y" : 0.804393,
      "z" : -0.1606676
    } ],
    "faces" : [ {
      "vertices" : [ 2, 3, 6 ]
    }, {
      "vertices" : [ 2, 6, 7 ]
    }, {
      "vertices" : [ 0, 5, 4 ]
    }, {
      "vertices" : [ 0, 4, 1 ]
    }, {
      "vertices" : [ 2, 4, 5 ]
    }, {
      "vertices" : [ 2, 5, 3 ]
    }, {
      "vertices" : [ 0, 6, 3 ]
    }, {
      "vertices" : [ 0, 3, 5 ]
    }, {
      "vertices" : [ 0, 1, 7 ]
    }, {
      "vertices" : [ 0, 7, 6 ]
    }, {
      "vertices" : [ 1, 4, 2 ]
    }, {
      "vertices" : [ 1, 2, 7 ]
    } ]
  }, {
