{
  "field" : "golden",
  "symmetry" : "icosahedral",
  "orientations" : [ [ 1.0, 0.0, 0.0, 0.0, 0.0, 1.0, 0.0, 0.0, 0.0, 0.0, 1.0, 0.0, 0.0, 0.0, 0.0, 1.0 ], [ 0.0, 0.0, 1.0, 0.0, 1.0, 0.0, 0.0, 0.0, 0.0, 1.0, 0.0, 0.0, 0.0, 0.0, 0.0, 1.0 ], [ 0.0, 1.0, 0.0, 0.0, 0.0, 0.0, 1.0, 0.0, 1.0, 0.0, 0.0, 0.0, 0.0, 0.0, 0.0, 1.0 ], [ 0.809017, 0.309017, 0.5, 0.0, 0.309017, 0.5, -0.809017, 0.0, -0.5, 0.809017, 0.309017, 0.0, 0.0, 0.0, 0.0, 1.0 ], [ -0.5, 0.809017, 0.309017, 0.0, 0.809017, 0.309017, 0.5, 0.0, 0.309017, 0.5, -0.809017, 0.0, 0.0, 0.0, 0.0, 1.0 ], [ 0.309017, 0.5, -0.809017, 0.0, -0.5, 0.809017, 0.309017, 0.0, 0.809017, 0.309017, 0.5, 0.0, 0.0, 0.0, 0.0, 1.0 ], [ 0.5, 0.809017, 0.309017, 0.0, 0.809017, -0.309017, -0.5, 0.0, -0.309017, 0.5, -0.809017, 0.0, 0.0, 0.0, 0.0, 1.0 ], [ -0.309017, 0.5, -0.809017, 0.0, 0.5, 0.809017, 0.309017, 0.0, 0.809017, -0.309017, -0.5, 0.0, 0.0, 0.0, 0.0, 1.0 ], [ 0.809017, -0.309017, -0.5, 0.0, -0.309017, 0.5, -0.809017, 0.0, 0.5, 0.809017, 0.309017, 0.0, 0.0, 0.0, 0.0, 1.0 ], [ 0.5, 0.809017, -0.309017, 0.0, 0.809017, -0.309017, 0.5, 0.0, 0.309017, -0.5, -0.809017, 0.0, 0.0, 0.0, 0.0, 1.0 ], [ 0.309017, -0.5, -0.809017, 0.0, 0.5, 0.809017, -0.309017, 0.0, 0.809017, -0.309017, 0.5, 0.0, 0.0, 0.0, 0.0, 1.0 ], [ 0.809017, -0.309017, 0.5, 0.0, 0.309017, -0.5, -0.809017, 0.0, 0.5, 0.809017, -0.309017, 0.0, 0.0, 0.0, 0.0, 1.0 ], [ 0.809017, 0.309017, -0.5, 0.0, 0.309017, 0.5, 0.809017, 0.0, 0.5, -0.809017, 0.309017, 0.0, 0.0, 0.0, 0.0, 1.0 ], [ 0.5, -0.809017, 0.309017, 0.0, 0.809017, 0.309017, -0.5, 0.0, 0.309017, 0.5, 0.809017, 0.0, 0.0, 0.0, 0.0, 1.0 ], [ 0.309017, 0.5, 0.809017, 0.0, 0.5, -0.809017, 0.309017, 0.0, 0.809017, 0.309017, -0.5, 0.0, 0.0, 0.0, 0.0, 1.0 ], [ 1.0, 0.0, 0.0, 0.0, 0.0, -1.0, 0.0, 0.0, 0.0, 0.0, -1.0, 0.0, 0.0, 0.0, 0.0, 1.0 ], [ 0.0, 0.0, 1.0, 0.0, -1.0, 0.0, 0.0, 0.0, 0.0, -1.0, 0.0, 0.0, 0.0, 0.0, 0.0, 1.0 ], [ 0.0, 1.0, 0.0, 0.0, 0.0, 0.0, -1.0, 0.0, -1.0, 0.0, 0.0, 0.0, 0.0, 0.0, 0.0, 1.0 ], [ 0.809017, 0.309017, 0.5, 0.0, -0.309017, -0.5, 0.809017, 0.0, 0.5, -0.809017, -0.309017, 0.0, 0.0, 0.0, 0.0, 1.0 ], [ -0.5, 0.809017, 0.309017, 0.0, -0.809017, -0.309017, -0.5, 0.0, -0.309017, -0.5, 0.809017, 0.0, 0.0, 0.0, 0.0, 1.0 ], [ 0.309017, 0.5, -0.809017, 0.0, 0.5, -0.809017, -0.309017, 0.0, -0.809017, -0.309017, -0.5, 0.0, 0.0, 0.0, 0.0, 1.0 ], [ 0.5, 0.809017, 0.309017, 0.0, -0.809017, 0.309017, 0.5, 0.0, 0.309017, -0.5, 0.809017, 0.0, 0.0, 0.0, 0.0, 1.0 ], [ -0.309017, 0.5, -0.809017, 0.0, -0.5, -0.809017, -0.309017, 0.0, -0.809017, 0.309017, 0.5, 0.0, 0.0, 0.0, 0.0, 1.0 ], [ 0.809017, -0.309017, -0.5, 0.0, 0.309017, -0.5, 0.809017, 0.0, -0.5, -0.809017, -0.309017, 0.0, 0.0, 0.0, 0.0, 1.0 ], [ 0.5, 0.809017, -0.309017, 0.0, -0.809017, 0.309017, -0.5, 0.0, -0.309017, 0.5, 0.809017, 0.0, 0.0, 0.0, 0.0, 1.0 ], [ 0.309017, -0.5, -0.809017, 0.0, -0.5, -0.809017, 0.309017, 0.0, -0.809017, 0.309017, -0.5, 0.0, 0.0, 0.0, 0.0, 1.0 ], [ 0.809017, -0.309017, 0.5, 0.0, -0.309017, 0.5, 0.809017, 0.0, -0.5, -0.809017, 0.309017, 0.0, 0.0, 0.0, 0.0, 1.0 ], [ 0.809017, 0.309017, -0.5, 0.0, -0.309017, -0.5, -0.809017, 0.0, -0.5, 0.809017, -0.309017, 0.0, 0.0, 0.0, 0.0, 1.0 ], [ 0.5, -0.809017, 0.309017, 0.0, -0.809017, -0.309017, 0.5, 0.0, -0.309017, -0.5, -0.809017, 0.0, 0.0, 0.0, 0.0, 1.0 ], [ 0.309017, 0.5, 0.809017, 0.0, -0.5, 0.809017, -0.309017, 0.0, -0.809017, -0.309017, 0.5, 0.0, 0.0, 0.0, 0.0, 1.0 ], [ -1.0, 0.0, 0.0, 0.0, 0.0, -1.0, 0.0, 0.0, 0.0, 0.0, 1.0, 0.0, 0.0, 0.0, 0.0, 1.0 ], [ 0.0, 0.0, -1.0, 0.0, -1.0, 0.0, 0.0, 0.0, 0.0, 1.0, 0.0, 0.0, 0.0, 0.0, 0.0, 1.0 ], [ 0.0, -1.0, 0.0, 0.0, 0.0, 0.0, -1.0, 0.0, 1.0, 0.0, 0.0, 0.0, 0.0, 0.0, 0.0, 1.0 ], [ -0.809017, -0.309017, -0.5, 0.0, -0.309017, -0.5, 0.809017, 0.0, -0.5, 0.809017, 0.309017, 0.0, 0.0, 0.0, 0.0, 1.0 ], [ 0.5, -0.809017, -0.309017, 0.0, -0.809017, -0.309017, -0.5, 0.0, 0.309017, 0.5, -0.809017, 0.0, 0.0, 0.0, 0.0, 1.0 ], [ -0.309017, -0.5, 0.809017, 0.0, 0.5, -0.809017, -0.309017, 0.0, 0.809017, 0.309017, 0.5, 0.0, 0.0, 0.0, 0.0, 1.0 ], [ -0.5, -0.809017, -0.309017, 0.0, -0.809017, 0.309017, 0.5, 0.0, -0.309017, 0.5, -0.809017, 0.0, 0.0, 0.0, 0.0, 1.0 ], [ 0.309017, -0.5, 0.809017, 0.0, -0.5, -0.809017, -0.309017, 0.0, 0.809017, -0.309017, -0.5, 0.0, 0.0, 0.0, 0.0, 1.0 ], [ -0.809017, 0.309017, 0.5, 0.0, 0.309017, -0.5, 0.809017, 0.0, 0.5, 0.809017, 0.309017, 0.0, 0.0, 0.0, 0.0, 1.0 ], [ -0.5, -0.809017, 0.309017, 0.0, -0.809017, 0.309017, -0.5, 0.0, 0.309017, -0.5, -0.809017, 0.0, 0.0, 0.0, 0.0, 1.0 ], [ -0.309017, 0.5, 0.809017, 0.0, -0.5, -0.809017, 0.309017, 0.0, 0.809017, -0.309017, 0.5, 0.0, 0.0, 0.0, 0.0, 1.0 ], [ -0.809017, 0.309017, -0.5, 0.0, -0.309017, 0.5, 0.809017, 0.0, 0.5, 0.809017, -0.309017, 0.0, 0.0, 0.0, 0.0, 1.0 ], [ -0.809017, -0.309017, 0.5, 0.0, -0.309017, -0.5, -0.809017, 0.0, 0.5, -0.809017, 0.309017, 0.0, 0.0, 0.0, 0.0, 1.0 ], [ -0.5, 0.809017, -0.309017, 0.0, -0.809017, -0.309017, 0.5, 0.0, 0.309017, 0.5, 0.809017, 0.0, 0.0, 0.0, 0.0, 1.0 ], [ -0.309017, -0.5, -0.809017, 0.0, -0.5, 0.809017, -0.309017, 0.0, 0.809017, 0.309017, -0.5, 0.0, 0.0, 0.0, 0.0, 1.0 ], [ -1.0, 0.0, 0.0, 0.0, 0.0, 1.0, 0.0, 0.0, 0.0, 0.0, -1.0, 0.0, 0.0, 0.0, 0.0, 1.0 ], [ 0.0, 0.0, -1.0, 0.0, 1.0, 0.0, 0.0, 0.0, 0.0, -1.0, 0.0, 0.0, 0.0, 0.0, 0.0, 1.0 ], [ 0.0, -1.0, 0.0, 0.0, 0.0, 0.0, 1.0, 0.0, -1.0, 0.0, 0.0, 0.0, 0.0, 0.0, 0.0, 1.0 ], [ -0.809017, -0.309017, -0.5, 0.0, 0.309017, 0.5, -0.809017, 0.0, 0.5, -0.809017, -0.309017, 0.0, 0.0, 0.0, 0.0, 1.0 ], [ 0.5, -0.809017, -0.309017, 0.0, 0.809017, 0.309017, 0.5, 0.0, -0.309017, -0.5, 0.809017, 0.0, 0.0, 0.0, 0.0, 1.0 ], [ -0.309017, -0.5, 0.809017, 0.0, -0.5, 0.809017, 0.309017, 0.0, -0.809017, -0.309017, -0.5, 0.0, 0.0, 0.0, 0.0, 1.0 ], [ -0.5, -0.809017, -0.309017, 0.0, 0.809017, -0.309017, -0.5, 0.0, 0.309017, -0.5, 0.809017, 0.0, 0.0, 0.0, 0.0, 1.0 ], [ 0.309017, -0.5, 0.809017, 0.0, 0.5, 0.809017, 0.309017, 0.0, -0.809017, 0.309017, 0.5, 0.0, 0.0, 0.0, 0.0, 1.0 ], [ -0.809017, 0.309017, 0.5, 0.0, -0.309017, 0.5, -0.809017, 0.0, -0.5, -0.809017, -0.309017, 0.0, 0.0, 0.0, 0.0, 1.0 ], [ -0.5, -0.809017, 0.309017, 0.0, 0.809017, -0.309017, 0.5, 0.0, -0.309017, 0.5, 0.809017, 0.0, 0.0, 0.0, 0.0, 1.0 ], [ -0.309017, 0.5, 0.809017, 0.0, 0.5, 0.809017, -0.309017, 0.0, -0.809017, 0.309017, -0.5, 0.0, 0.0, 0.0, 0.0, 1.0 ], [ -0.809017, 0.309017, -0.5, 0.0, 0.309017, -0.5, -0.809017, 0.0, -0.5, -0.809017, 0.309017, 0.0, 0.0, 0.0, 0.0, 1.0 ], [ -0.809017, -0.309017, 0.5, 0.0, 0.309017, 0.5, 0.809017, 0.0, -0.5, 0.809017, -0.309017, 0.0, 0.0, 0.0, 0.0, 1.0 ], [ -0.5, 0.809017, -0.309017, 0.0, 0.809017, 0.309017, -0.5, 0.0, -0.309017, -0.5, -0.809017, 0.0, 0.0, 0.0, 0.0, 1.0 ], [ -0.309017, -0.5, -0.809017, 0.0, 0.5, -0.809017, 0.309017, 0.0, -0.809017, -0.309017, 0.5, 0.0, 0.0, 0.0, 0.0, 1.0 ] ],
  "lights" : {
    "ambientColor" : "#292929",
    "backgroundColor" : "#6DB0E7",
    "directionalLights" : [ {
      "direction" : [ 1.0, -1.0, -1.0 ],
      "color" : "#EBEBE4"
    }, {
      "direction" : [ -1.0, 0.0, 0.0 ],
      "color" : "#E4E4EB"
    }, {
      "direction" : [ 0.0, 0.0, -1.0 ],
      "color" : "#1E1E1E"
    } ]
  },
  "camera" : {
    "perspective" : false,
    "viewDistance" : 106.30026,
    "nearClipDistance" : 0.1,
    "farClipDistance" : 2000.0,
    "lookAtPoint" : {
      "x" : -0.72961044,
      "y" : -0.6110805,
      "z" : -1.3654485
    },
    "fieldOfView" : 0.66691434,
    "lookDirection" : {
      "x" : -0.3962016,
      "y" : 0.58266056,
      "z" : 0.70960045
    },
    "upDirection" : {
      "x" : 0.2318752,
      "y" : 0.81129307,
      "z" : -0.5366926
    },
    "stereo" : false,
    "width" : 73.64317,
    "position" : {
      "x" : 41.386726,
      "y" : -62.54805,
      "z" : -76.796165
    }
  },
  "embedding" : [ 1.0, 0.0, 0.0, 0.0, 0.0, 1.0, 0.0, 0.0, 0.0, 0.0, 1.0, 0.0, 0.0, 0.0, 0.0, 1.0 ],
  "shapes" : [ {
    "id" : "2e826f25-7a83-4dd2-bc11-f8764c7dd0c8",
    "vertices" : [ {
      "x" : 0.309017,
      "y" : -0.809017,
      "z" : 0.618034
    }, {
      "x" : 0.809017,
      "y" : -0.618034,
      "z" : 0.309017
    }, {
      "x" : 0.618034,
      "y" : -0.309017,
      "z" : 0.809017
    }, {
      "x" : 1.0,
      "y" : 0.309017,
      "z" : 0.19098301
    }, {
      "x" : 0.809017,
      "y" : 0.618034,
      "z" : 0.309017
    }, {
      "x" : 0.618034,
      "y" : 0.309017,
      "z" : 0.809017
    }, {
      "x" : 0.809017,
      "y" : 0.0,
      "z" : 0.690983
    }, {
      "x" : 0.19098301,
      "y" : -1.0,
      "z" : 0.309017
    }, {
      "x" : -0.19098301,
      "y" : -1.0,
      "z" : 0.309017
    }, {
      "x" : -0.19098301,
      "y" : -1.0,
      "z" : -0.309017
    }, {
      "x" : 0.19098301,
      "y" : -1.0,
      "z" : -0.309017
    }, {
      "x" : 1.0,
      "y" : -0.309017,
      "z" : -0.19098301
    }, {
      "x" : 0.809017,
      "y" : -0.618034,
      "z" : -0.309017
    }, {
      "x" : 0.618034,
      "y" : -0.309017,
      "z" : -0.809017
    }, {
      "x" : 0.809017,
      "y" : 0.0,
      "z" : -0.690983
    }, {
      "x" : 0.0,
      "y" : 0.690983,
      "z" : -0.809017
    }, {
      "x" : 0.309017,
      "y" : 0.809017,
      "z" : -0.618034
    }, {
      "x" : 0.618034,
      "y" : 0.309017,
      "z" : -0.809017
    }, {
      "x" : 0.309017,
      "y" : 0.19098301,
      "z" : -1.0
    }, {
      "x" : 1.0,
      "y" : 0.309017,
      "z" : -0.19098301
    }, {
      "x" : -0.309017,
      "y" : -0.809017,
      "z" : 0.618034
    }, {
      "x" : 0.0,
      "y" : -0.690983,
      "z" : 0.809017
    }, {
      "x" : 0.809017,
      "y" : 0.618034,
      "z" : -0.309017
    }, {
      "x" : 0.690983,
      "y" : 0.809017,
      "z" : 0.0
    }, {
      "x" : -0.690983,
      "y" : 0.809017,
      "z" : 0.0
    }, {
      "x" : -0.809017,
      "y" : 0.618034,
      "z" : 0.309017
    }, {
      "x" : -0.309017,
      "y" : 0.809017,
      "z" : 0.618034
    }, {
      "x" : -0.19098301,
      "y" : 1.0,
      "z" : 0.309017
    }, {
      "x" : 0.309017,
      "y" : -0.19098301,
      "z" : -1.0
    }, {
      "x" : 0.19098301,
      "y" : 1.0,
      "z" : 0.309017
    }, {
      "x" : 0.309017,
      "y" : 0.809017,
      "z" : 0.618034
    }, {
      "x" : -0.809017,
      "y" : -0.618034,
      "z" : 0.309017
    }, {
      "x" : -0.690983,
      "y" : -0.809017,
      "z" : 0.0
    }, {
      "x" : 0.0,
      "y" : 0.690983,
      "z" : 0.809017
    }, {
      "x" : 0.309017,
      "y" : -0.809017,
      "z" : -0.618034
    }, {
      "x" : 0.0,
      "y" : -0.690983,
      "z" : -0.809017
    }, {
      "x" : -1.0,
      "y" : 0.309017,
      "z" : 0.19098301
    }, {
      "x" : -0.809017,
      "y" : 0.0,
      "z" : 0.690983
    }, {
      "x" : -0.618034,
      "y" : 0.309017,
      "z" : 0.809017
    }, {
      "x" : 1.0,
      "y" : -0.309017,
      "z" : 0.19098301
    }, {
      "x" : -0.309017,
      "y" : -0.809017,
      "z" : -0.618034
    }, {
      "x" : -1.0,
      "y" : 0.309017,
      "z" : -0.19098301
    }, {
      "x" : -1.0,
      "y" : -0.309017,
      "z" : -0.19098301
    }, {
      "x" : -1.0,
      "y" : -0.309017,
      "z" : 0.19098301
    }, {
      "x" : 0.19098301,
      "y" : 1.0,
      "z" : -0.309017
    }, {
      "x" : -0.809017,
      "y" : 0.618034,
      "z" : -0.309017
    }, {
      "x" : -0.19098301,
      "y" : 1.0,
      "z" : -0.309017
    }, {
      "x" : -0.309017,
      "y" : 0.809017,
      "z" : -0.618034
    }, {
      "x" : -0.618034,
      "y" : -0.309017,
      "z" : 0.809017
    }, {
      "x" : 0.309017,
      "y" : 0.19098301,
      "z" : 1.0
    }, {
      "x" : -0.309017,
      "y" : 0.19098301,
      "z" : -1.0
    }, {
      "x" : -0.309017,
      "y" : 0.19098301,
      "z" : 1.0
    }, {
      "x" : -0.309017,
      "y" : -0.19098301,
      "z" : 1.0
    }, {
      "x" : 0.309017,
      "y" : -0.19098301,
      "z" : 1.0
    }, {
      "x" : 0.690983,
      "y" : -0.809017,
      "z" : 0.0
    }, {
      "x" : -0.809017,
      "y" : 0.0,
      "z" : -0.690983
    }, {
      "x" : -0.618034,
      "y" : -0.309017,
      "z" : -0.809017
    }, {
      "x" : -0.309017,
      "y" : -0.19098301,
      "z" : -1.0
    }, {
      "x" : -0.618034,
      "y" : 0.309017,
      "z" : -0.809017
    }, {
      "x" : -0.809017,
      "y" : -0.618034,
      "z" : -0.309017
    } ],
    "faces" : [ {
      "vertices" : [ 9, 40, 35 ]
    }, {
      "vertices" : [ 9, 35, 34 ]
    }, {
      "vertices" : [ 9, 34, 10 ]
    }, {
      "vertices" : [ 0, 1, 2 ]
    }, {
      "vertices" : [ 33, 51, 49 ]
    }, {
      "vertices" : [ 25, 36, 37 ]
    }, {
      "vertices" : [ 25, 37, 38 ]
    }, {
      "vertices" : [ 41, 55, 42 ]
    }, {
      "vertices" : [ 9, 32, 59 ]
    }, {
      "vertices" : [ 9, 59, 40 ]
    }, {
      "vertices" : [ 20, 21, 52 ]
    }, {
      "vertices" : [ 20, 52, 48 ]
    }, {
      "vertices" : [ 26, 33, 30 ]
    }, {
      "vertices" : [ 26, 30, 29 ]
    }, {
      "vertices" : [ 26, 29, 27 ]
    }, {
      "vertices" : [ 3, 4, 5 ]
    }, {
      "vertices" : [ 3, 5, 6 ]
    }, {
      "vertices" : [ 27, 29, 44 ]
    }, {
      "vertices" : [ 27, 44, 46 ]
    }, {
      "vertices" : [ 50, 57, 56 ]
    }, {
      "vertices" : [ 50, 56, 55 ]
    }, {
      "vertices" : [ 50, 55, 58 ]
    }, {
      "vertices" : [ 26, 38, 51 ]
    }, {
      "vertices" : [ 26, 51, 33 ]
    }, {
      "vertices" : [ 45, 47, 58 ]
    }, {
      "vertices" : [ 18, 28, 57 ]
    }, {
      "vertices" : [ 18, 57, 50 ]
    }, {
      "vertices" : [ 40, 59, 56 ]
    }, {
      "vertices" : [ 31, 48, 37 ]
    }, {
      "vertices" : [ 31, 37, 43 ]
    }, {
      "vertices" : [ 7, 8, 9 ]
    }, {
      "vertices" : [ 7, 9, 10 ]
    }, {
      "vertices" : [ 36, 41, 42 ]
    }, {
      "vertices" : [ 36, 42, 43 ]
    }, {
      "vertices" : [ 24, 46, 47 ]
    }, {
      "vertices" : [ 24, 47, 45 ]
    }, {
      "vertices" : [ 4, 30, 5 ]
    }, {
      "vertices" : [ 15, 47, 46 ]
    }, {
      "vertices" : [ 15, 46, 44 ]
    }, {
      "vertices" : [ 15, 44, 16 ]
    }, {
      "vertices" : [ 15, 50, 58 ]
    }, {
      "vertices" : [ 15, 58, 47 ]
    }, {
      "vertices" : [ 24, 45, 41 ]
    }, {
      "vertices" : [ 24, 41, 36 ]
    }, {
      "vertices" : [ 24, 36, 25 ]
    }, {
      "vertices" : [ 11, 14, 19 ]
    }, {
      "vertices" : [ 3, 6, 39 ]
    }, {
      "vertices" : [ 1, 39, 6 ]
    }, {
      "vertices" : [ 1, 6, 2 ]
    }, {
      "vertices" : [ 8, 32, 9 ]
    }, {
      "vertices" : [ 11, 12, 13 ]
    }, {
      "vertices" : [ 11, 13, 14 ]
    }, {
      "vertices" : [ 16, 22, 17 ]
    }, {
      "vertices" : [ 0, 21, 20 ]
    }, {
      "vertices" : [ 0, 20, 8 ]
    }, {
      "vertices" : [ 0, 8, 7 ]
    }, {
      "vertices" : [ 12, 34, 13 ]
    }, {
      "vertices" : [ 35, 40, 56 ]
    }, {
      "vertices" : [ 35, 56, 57 ]
    }, {
      "vertices" : [ 0, 7, 54 ]
    }, {
      "vertices" : [ 0, 54, 1 ]
    }, {
      "vertices" : [ 15, 16, 17 ]
    }, {
      "vertices" : [ 15, 17, 18 ]
    }, {
      "vertices" : [ 3, 19, 22 ]
    }, {
      "vertices" : [ 3, 22, 23 ]
    }, {
      "vertices" : [ 3, 23, 4 ]
    }, {
      "vertices" : [ 7, 10, 54 ]
    }, {
      "vertices" : [ 41, 45, 58 ]
    }, {
      "vertices" : [ 41, 58, 55 ]
    }, {
      "vertices" : [ 3, 39, 11 ]
    }, {
      "vertices" : [ 3, 11, 19 ]
    }, {
      "vertices" : [ 14, 17, 22 ]
    }, {
      "vertices" : [ 14, 22, 19 ]
    }, {
      "vertices" : [ 0, 2, 53 ]
    }, {
      "vertices" : [ 0, 53, 21 ]
    }, {
      "vertices" : [ 49, 51, 52 ]
    }, {
      "vertices" : [ 49, 52, 53 ]
    }, {
      "vertices" : [ 31, 43, 42 ]
    }, {
      "vertices" : [ 31, 42, 59 ]
    }, {
      "vertices" : [ 31, 59, 32 ]
    }, {
      "vertices" : [ 15, 18, 50 ]
    }, {
      "vertices" : [ 42, 55, 56 ]
    }, {
      "vertices" : [ 42, 56, 59 ]
    }, {
      "vertices" : [ 4, 23, 29 ]
    }, {
      "vertices" : [ 4, 29, 30 ]
    }, {
      "vertices" : [ 25, 38, 26 ]
    }, {
      "vertices" : [ 13, 28, 18 ]
    }, {
      "vertices" : [ 13, 18, 17 ]
    }, {
      "vertices" : [ 13, 17, 14 ]
    }, {
      "vertices" : [ 8, 20, 31 ]
    }, {
      "vertices" : [ 8, 31, 32 ]
    }, {
      "vertices" : [ 23, 44, 29 ]
    }, {
      "vertices" : [ 24, 27, 46 ]
    }, {
      "vertices" : [ 37, 48, 52 ]
    }, {
      "vertices" : [ 37, 52, 51 ]
    }, {
      "vertices" : [ 37, 51, 38 ]
    }, {
      "vertices" : [ 20, 48, 31 ]
    }, {
      "vertices" : [ 24, 25, 26 ]
    }, {
      "vertices" : [ 24, 26, 27 ]
    }, {
      "vertices" : [ 16, 44, 23 ]
    }, {
      "vertices" : [ 16, 23, 22 ]
    }, {
      "vertices" : [ 13, 34, 35 ]
    }, {
      "vertices" : [ 13, 35, 28 ]
    }, {
      "vertices" : [ 10, 34, 12 ]
    }, {
      "vertices" : [ 10, 12, 54 ]
    }, {
      "vertices" : [ 2, 6, 5 ]
    }, {
      "vertices" : [ 2, 5, 49 ]
    }, {
      "vertices" : [ 2, 49, 53 ]
    }, {
      "vertices" : [ 36, 43, 37 ]
    }, {
      "vertices" : [ 5, 30, 33 ]
    }, {
      "vertices" : [ 5, 33, 49 ]
    }, {
      "vertices" : [ 1, 54, 12 ]
    }, {
      "vertices" : [ 1, 12, 11 ]
    }, {
      "vertices" : [ 1, 11, 39 ]
    }, {
      "vertices" : [ 28, 35, 57 ]
    }, {
      "vertices" : [ 21, 53, 52 ]
    } ]
  }, {
    "id" : "919d971d-443d-459c-ab34-e2cd57d8f472",
    "vertices" : [ {
      "x" : 7.472136,
      "y" : 0.309017,
      "z" : 0.19098301
    }, {
      "x" : 7.472136,
      "y" : 0.309017,
      "z" : -0.19098301
    }, {
      "x" : 1.0,
      "y" : 0.309017,
      "z" : -0.19098301
    }, {
      "x" : 1.0,
      "y" : 0.309017,
      "z" : 0.19098301
    }, {
      "x" : 7.472136,
      "y" : -0.309017,
      "z" : 0.19098301
    }, {
      "x" : 1.0,
      "y" : -0.309017,
      "z" : 0.19098301
    }, {
      "x" : 1.0,
      "y" : -0.309017,
      "z" : -0.19098301
    }, {
      "x" : 7.472136,
      "y" : -0.309017,
      "z" : -0.19098301
    }, {
      "x" : 8.472136,
      "y" : 0.0,
      "z" : 0.0
    } ],
    "faces" : [ {
      "vertices" : [ 1, 7, 6 ]
    }, {
      "vertices" : [ 1, 6, 2 ]
    }, {
      "vertices" : [ 0, 1, 2 ]
    }, {
      "vertices" : [ 0, 2, 3 ]
    }, {
      "vertices" : [ 4, 5, 6 ]
    }, {
      "vertices" : [ 4, 6, 7 ]
    }, {
      "vertices" : [ 0, 3, 5 ]
    }, {
      "vertices" : [ 0, 5, 4 ]
    } ]
  }, {
    "id" : "af97f2ca-274a-48c9-9ca1-81668a51aa8c",
    "vertices" : [ {
      "x" : 1.0,
      "y" : -0.309017,
      "z" : -0.19098301
    }, {
      "x" : 0.809017,
      "y" : 0.0,
      "z" : -0.690983
    }, {
      "x" : 1.0,
      "y" : 0.309017,
      "z" : -0.19098301
    }, {
      "x" : 1.809017,
      "y" : 0.0,
      "z" : -0.309017
    }, {
      "x" : 1.618034,
      "y" : 0.309017,
      "z" : -0.809017
    }, {
      "x" : 2.0,
      "y" : 0.309017,
      "z" : -0.19098301
    }, {
      "x" : 1.809017,
      "y" : 0.618034,
      "z" : -0.690983
    }, {
      "x" : 4.045085,
      "y" : 0.38196602,
      "z" : -0.927051
    }, {
      "x" : 3.854102,
      "y" : 0.690983,
      "z" : -1.427051
    }, {
      "x" : 4.236068,
      "y" : 0.690983,
      "z" : -0.809017
    }, {
      "x" : 4.045085,
      "y" : 1.0,
      "z" : -1.309017
    }, {
      "x" : 4.854102,
      "y" : 0.690983,
      "z" : -1.427051
    }, {
      "x" : 5.045085,
      "y" : 1.0,
      "z" : -0.927051
    }, {
      "x" : 4.854102,
      "y" : 1.309017,
      "z" : -1.427051
    }, {
      "x" : 5.854102,
      "y" : 1.0,
      "z" : -1.618034
    } ],
    "faces" : [ {
      "vertices" : [ 8, 13, 11 ]
    }, {
      "vertices" : [ 2, 5, 9 ]
    }, {
      "vertices" : [ 2, 9, 10 ]
    }, {
      "vertices" : [ 2, 10, 6 ]
    }, {
      "vertices" : [ 3, 4, 8 ]
    }, {
      "vertices" : [ 3, 8, 11 ]
    }, {
      "vertices" : [ 3, 11, 7 ]
    }, {
      "vertices" : [ 0, 2, 1 ]
    }, {
      "vertices" : [ 11, 13, 12 ]
    }, {
      "vertices" : [ 0, 5, 2 ]
    }, {
      "vertices" : [ 0, 3, 5 ]
    }, {
      "vertices" : [ 0, 1, 4 ]
    }, {
      "vertices" : [ 0, 4, 3 ]
    }, {
      "vertices" : [ 1, 2, 6 ]
    }, {
      "vertices" : [ 1, 6, 4 ]
    }, {
      "vertices" : [ 9, 12, 13 ]
    }, {
      "vertices" : [ 9, 13, 10 ]
    }, {
      "vertices" : [ 3, 7, 9 ]
    }, {
      "vertices" : [ 3, 9, 5 ]
    }, {
      "vertices" : [ 7, 12, 9 ]
    }, {
      "vertices" : [ 4, 6, 10 ]
    }, {
      "vertices" : [ 4, 10, 8 ]
    }, {
      "vertices" : [ 7, 11, 12 ]
    }, {
      "vertices" : [ 8, 10, 13 ]
    } ]
  }, {
    "id" : "785dfe27-da24-4b32-b89a-32015d127cfb",
    "vertices" : [ {
      "x" : 0.809017,
      "y" : 0.0,
      "z" : -0.690983
    }, {
      "x" : 1.0,
      "y" : 0.309017,
      "z" : -0.19098301
    }, {
      "x" : 2.618034,
      "y" : 0.309017,
      "z" : -0.809017
    }, {
      "x" : 2.427051,
      "y" : 0.0,
      "z" : -1.309017
    }, {
      "x" : 5.854102,
      "y" : 0.309017,
      "z" : -2.427051
    }, {
      "x" : 1.0,
      "y" : -0.309017,
      "z" : -0.19098301
    }, {
      "x" : 2.618034,
      "y" : -0.309017,
      "z" : -0.809017
    }, {
      "x" : 4.236068,
      "y" : 0.309017,
      "z" : -1.809017
    }, {
      "x" : 4.427051,
      "y" : 0.0,
      "z" : -1.309017
    }, {
      "x" : 6.854102,
      "y" : 0.0,
      "z" : -2.618034
    }, {
      "x" : 4.236068,
      "y" : -0.309017,
      "z" : -1.809017
    }, {
      "x" : 6.045085,
      "y" : 0.0,
      "z" : -1.927051
    }, {
      "x" : 5.854102,
      "y" : -0.309017,
      "z" : -2.427051
    } ],
    "faces" : [ {
      "vertices" : [ 2, 6, 8 ]
    }, {
      "vertices" : [ 4, 12, 10 ]
    }, {
      "vertices" : [ 4, 10, 7 ]
    }, {
      "vertices" : [ 2, 8, 7 ]
    }, {
      "vertices" : [ 3, 10, 6 ]
    }, {
      "vertices" : [ 3, 7, 10 ]
    }, {
      "vertices" : [ 0, 1, 2 ]
    }, {
      "vertices" : [ 0, 2, 3 ]
    }, {
      "vertices" : [ 6, 10, 8 ]
    }, {
      "vertices" : [ 8, 10, 12 ]
    }, {
      "vertices" : [ 8, 12, 11 ]
    }, {
      "vertices" : [ 2, 7, 3 ]
    }, {
      "vertices" : [ 0, 3, 6 ]
    }, {
      "vertices" : [ 0, 6, 5 ]
    }, {
      "vertices" : [ 1, 5, 6 ]
    }, {
      "vertices" : [ 1, 6, 2 ]
    }, {
      "vertices" : [ 4, 7, 8 ]
    }, {
      "vertices" : [ 4, 8, 11 ]
    } ]
  }, {
    "id" : "0e03d498-dd10-4665-bbca-65b14c920219",
    "vertices" : [ {
      "x" : 2.618034,
      "y" : 1.736068,
      "z" : 0.309017
    }, {
      "x" : 4.236068,
      "y" : 2.5,
      "z" : 0.309017
    }, {
      "x" : 4.045085,
      "y" : 2.809017,
      "z" : 0.19098301
    }, {
      "x" : 0.809017,
      "y" : 0.618034,
      "z" : -0.309017
    }, {
      "x" : 0.690983,
      "y" : 0.809017,
      "z" : 0.0
    }, {
      "x" : 2.5,
      "y" : 1.927051,
      "z" : 0.0
    }, {
      "x" : 2.618034,
      "y" : 1.736068,
      "z" : -0.309017
    }, {
      "x" : 6.045085,
      "y" : 3.618034,
      "z" : 0.309017
    }, {
      "x" : 2.809017,
      "y" : 1.427051,
      "z" : 0.19098301
    }, {
      "x" : 2.809017,
      "y" : 1.427051,
      "z" : -0.19098301
    }, {
      "x" : 4.354102,
      "y" : 2.309017,
      "z" : 0.0
    }, {
      "x" : 4.236068,
      "y" : 2.5,
      "z" : -0.309017
    }, {
      "x" : 6.163119,
      "y" : 3.427051,
      "z" : 0.0
    }, {
      "x" : 1.0,
      "y" : 0.309017,
      "z" : 0.19098301
    }, {
      "x" : 1.0,
      "y" : 0.309017,
      "z" : -0.19098301
    }, {
      "x" : 0.809017,
      "y" : 0.618034,
      "z" : 0.309017
    }, {
      "x" : 5.854102,
      "y" : 3.927051,
      "z" : 0.19098301
    }, {
      "x" : 6.045085,
      "y" : 3.618034,
      "z" : -0.309017
    }, {
      "x" : 5.854102,
      "y" : 3.927051,
      "z" : -0.19098301
    }, {
      "x" : 6.854102,
      "y" : 4.236068,
      "z" : 0.0
    }, {
      "x" : 4.045085,
      "y" : 2.809017,
      "z" : -0.19098301
    } ],
    "faces" : [ {
      "vertices" : [ 3, 6, 9 ]
    }, {
      "vertices" : [ 3, 9, 14 ]
    }, {
      "vertices" : [ 11, 20, 18 ]
    }, {
      "vertices" : [ 11, 18, 17 ]
    }, {
      "vertices" : [ 0, 1, 2 ]
    }, {
      "vertices" : [ 0, 15, 13 ]
    }, {
      "vertices" : [ 0, 13, 8 ]
    }, {
      "vertices" : [ 6, 20, 11 ]
    }, {
      "vertices" : [ 0, 2, 5 ]
    }, {
      "vertices" : [ 0, 8, 1 ]
    }, {
      "vertices" : [ 8, 13, 14 ]
    }, {
      "vertices" : [ 8, 14, 9 ]
    }, {
      "vertices" : [ 3, 4, 5 ]
    }, {
      "vertices" : [ 3, 5, 6 ]
    }, {
      "vertices" : [ 10, 11, 17 ]
    }, {
      "vertices" : [ 10, 17, 12 ]
    }, {
      "vertices" : [ 1, 8, 10 ]
    }, {
      "vertices" : [ 0, 5, 4 ]
    }, {
      "vertices" : [ 0, 4, 15 ]
    }, {
      "vertices" : [ 2, 16, 18 ]
    }, {
      "vertices" : [ 2, 18, 20 ]
    }, {
      "vertices" : [ 1, 7, 16 ]
    }, {
      "vertices" : [ 1, 16, 2 ]
    }, {
      "vertices" : [ 6, 11, 9 ]
    }, {
      "vertices" : [ 8, 9, 10 ]
    }, {
      "vertices" : [ 2, 20, 5 ]
    }, {
      "vertices" : [ 9, 11, 10 ]
    }, {
      "vertices" : [ 1, 10, 12 ]
    }, {
      "vertices" : [ 1, 12, 7 ]
    }, {
      "vertices" : [ 5, 20, 6 ]
    } ]
  } ],
  "instances" : [ {
    "shape" : "2e826f25-7a83-4dd2-bc11-f8764c7dd0c8",
    "color" : "#FFFFFF",
    "position" : {
      "x" : 15.326238,
      "y" : -11.09017,
      "z" : -1.0
    }
  }, {
    "shape" : "919d971d-443d-459c-ab34-e2cd57d8f472",
    "color" : "#007695",
    "position" : {
      "x" : 13.708204,
      "y" : -5.236068,
      "z" : 8.472136
    },
    "orientation" : 25
  }, {
    "shape" : "919d971d-443d-459c-ab34-e2cd57d8f472",
    "color" : "#007695",
    "position" : {
      "x" : -8.472136,
      "y" : -13.708204,
      "z" : 5.236068
    },
    "orientation" : 8
  }, {
    "shape" : "2e826f25-7a83-4dd2-bc11-f8764c7dd0c8",
    "color" : "#FFFFFF",
    "position" : {
      "x" : 6.854102,
      "y" : -21.18034,
      "z" : 0.0
    }
  }, {
    "shape" : "2e826f25-7a83-4dd2-bc11-f8764c7dd0c8",
    "color" : "#FFFFFF",
    "position" : {
      "x" : 0.0,
      "y" : 16.944271,
      "z" : 0.0
    }
  }, {
    "shape" : "af97f2ca-274a-48c9-9ca1-81668a51aa8c",
    "color" : "#DC4C00",
    "position" : {
      "x" : 4.236068,
      "y" : 4.236068,
      "z" : -12.708204
    },
    "orientation" : 8
  }, {
    "shape" : "af97f2ca-274a-48c9-9ca1-81668a51aa8c",
    "color" : "#DC4C00",
    "position" : {
      "x" : 6.854102,
      "y" : 5.236068,
      "z" : 11.09017
    },
    "orientation" : 39
  }, {
    "shape" : "919d971d-443d-459c-ab34-e2cd57d8f472",
    "color" : "#007695",
    "position" : {
      "x" : 5.236068,
      "y" : 8.472136,
      "z" : 13.708204
    },
    "orientation" : 21
  }, {
    "shape" : "785dfe27-da24-4b32-b89a-32015d127cfb",
    "color" : "#F0A000",
    "position" : {
      "x" : 8.472136,
      "y" : -13.708204,
      "z" : 5.236068
    },
    "orientation" : 4
  }, {
    "shape" : "919d971d-443d-459c-ab34-e2cd57d8f472",
    "color" : "#007695",
    "position" : {
      "x" : 16.944271,
      "y" : 0.0,
      "z" : 0.0
    },
    "orientation" : 16
  }, {
    "shape" : "919d971d-443d-459c-ab34-e2cd57d8f472",
    "color" : "#007695",
    "position" : {
      "x" : 5.236068,
      "y" : 8.472136,
      "z" : -13.708204
    },
    "orientation" : 51
  }, {
    "shape" : "2e826f25-7a83-4dd2-bc11-f8764c7dd0c8",
    "color" : "#FFFFFF",
    "position" : {
      "x" : -4.236068,
      "y" : 4.236068,
      "z" : 12.708204
    }
  }, {
    "shape" : "785dfe27-da24-4b32-b89a-32015d127cfb",
    "color" : "#F0A000",
    "position" : {
      "x" : 13.708204,
      "y" : -5.236068,
      "z" : -8.472136
    },
    "orientation" : 7
  }, {
    "shape" : "af97f2ca-274a-48c9-9ca1-81668a51aa8c",
    "color" : "#DC4C00",
    "position" : {
      "x" : 4.236068,
      "y" : -12.708204,
      "z" : 4.236068
    },
    "orientation" : 7
  }, {
    "shape" : "785dfe27-da24-4b32-b89a-32015d127cfb",
    "color" : "#F0A000",
    "position" : {
      "x" : -5.236068,
      "y" : -8.472136,
      "z" : -13.708204
    },
    "orientation" : 8
  }, {
    "shape" : "0e03d498-dd10-4665-bbca-65b14c920219",
    "color" : "#AF0000",
    "position" : {
      "x" : -8.472136,
      "y" : 13.708204,
      "z" : 5.236068
    },
    "orientation" : 46
  }, {
    "shape" : "2e826f25-7a83-4dd2-bc11-f8764c7dd0c8",
    "color" : "#FFFFFF",
    "position" : {
      "x" : 13.708204,
      "y" : 12.09017,
      "z" : -12.708204
    }
  }, {
    "shape" : "919d971d-443d-459c-ab34-e2cd57d8f472",
    "color" : "#007695",
    "position" : {
      "x" : -13.708204,
      "y" : 5.236068,
      "z" : -8.472136
    },
    "orientation" : 7
  }, {
    "shape" : "0e03d498-dd10-4665-bbca-65b14c920219",
    "color" : "#AF0000",
    "position" : {
      "x" : -5.236068,
      "y" : 8.472136,
      "z" : 13.708204
    },
    "orientation" : 45
  }, {
    "shape" : "919d971d-443d-459c-ab34-e2cd57d8f472",
    "color" : "#007695",
    "position" : {
      "x" : 5.236068,
      "y" : -8.472136,
      "z" : -13.708204
    },
    "orientation" : 6
  }, {
    "shape" : "2e826f25-7a83-4dd2-bc11-f8764c7dd0c8",
    "color" : "#FFFFFF",
    "position" : {
      "x" : -6.854102,
      "y" : 21.18034,
      "z" : 0.0
    }
  }, {
    "shape" : "2e826f25-7a83-4dd2-bc11-f8764c7dd0c8",
    "color" : "#FFFFFF",
    "position" : {
      "x" : -1.618034,
      "y" : 16.326239,
      "z" : -9.472136
    }
  }, {
    "shape" : "919d971d-443d-459c-ab34-e2cd57d8f472",
    "color" : "#007695",
    "position" : {
      "x" : 8.472136,
      "y" : 13.708204,
      "z" : -5.236068
    },
    "orientation" : 8
  }, {
    "shape" : "785dfe27-da24-4b32-b89a-32015d127cfb",
    "color" : "#F0A000",
    "position" : {
      "x" : 13.708204,
      "y" : 5.236068,
      "z" : -8.472136
    },
    "orientation" : 16
  }, {
    "shape" : "2e826f25-7a83-4dd2-bc11-f8764c7dd0c8",
    "color" : "#FFFFFF",
    "position" : {
      "x" : 13.708204,
      "y" : -12.09017,
      "z" : -12.708204
    }
  }, {
    "shape" : "2e826f25-7a83-4dd2-bc11-f8764c7dd0c8",
    "color" : "#FFFFFF",
    "position" : {
      "x" : 16.326239,
      "y" : 9.472136,
      "z" : -1.618034
    }
  }, {
    "shape" : "0e03d498-dd10-4665-bbca-65b14c920219",
    "color" : "#AF0000",
    "position" : {
      "x" : -13.708204,
      "y" : -5.236068,
      "z" : 8.472136
    },
    "orientation" : 45
  }, {
    "shape" : "785dfe27-da24-4b32-b89a-32015d127cfb",
    "color" : "#F0A000",
    "position" : {
      "x" : 5.236068,
      "y" : -8.472136,
      "z" : 13.708204
    },
    "orientation" : 3
  }, {
    "shape" : "af97f2ca-274a-48c9-9ca1-81668a51aa8c",
    "color" : "#DC4C00",
    "position" : {
      "x" : -11.09017,
      "y" : -1.618034,
      "z" : 8.472136
    },
    "orientation" : 18
  }, {
    "shape" : "2e826f25-7a83-4dd2-bc11-f8764c7dd0c8",
    "color" : "#FFFFFF",
    "position" : {
      "x" : 8.472136,
      "y" : -20.562305,
      "z" : 1.0
    }
  }, {
    "shape" : "2e826f25-7a83-4dd2-bc11-f8764c7dd0c8",
    "color" : "#FFFFFF",
    "position" : {
      "x" : -15.326238,
      "y" : -11.09017,
      "z" : 1.0
    }
  }, {
    "shape" : "2e826f25-7a83-4dd2-bc11-f8764c7dd0c8",
    "color" : "#FFFFFF",
    "position" : {
      "x" : 5.236068,
      "y" : 11.09017,
      "z" : 6.854102
    }
  }, {
    "shape" : "2e826f25-7a83-4dd2-bc11-f8764c7dd0c8",
    "color" : "#FFFFFF",
    "position" : {
      "x" : -11.09017,
      "y" : -1.618034,
      "z" : 8.472136
    }
  }, {
    "shape" : "2e826f25-7a83-4dd2-bc11-f8764c7dd0c8",
    "color" : "#FFFFFF",
    "position" : {
      "x" : 11.09017,
      "y" : 6.854102,
      "z" : 5.236068
    }
  }, {
    "shape" : "2e826f25-7a83-4dd2-bc11-f8764c7dd0c8",
    "color" : "#FFFFFF",
    "position" : {
      "x" : -8.472136,
      "y" : 0.0,
      "z" : 16.944271
    }
  }, {
    "shape" : "2e826f25-7a83-4dd2-bc11-f8764c7dd0c8",
    "color" : "#FFFFFF",
    "position" : {
      "x" : -13.708204,
      "y" : -5.236068,
      "z" : -8.472136
    }
  }, {
    "shape" : "2e826f25-7a83-4dd2-bc11-f8764c7dd0c8",
    "color" : "#FFFFFF",
    "position" : {
      "x" : 20.562305,
      "y" : 1.0,
      "z" : 8.472136
    }
  }, {
    "shape" : "919d971d-443d-459c-ab34-e2cd57d8f472",
    "color" : "#007695",
    "position" : {
      "x" : -13.708204,
      "y" : 5.236068,
      "z" : 8.472136
    },
    "orientation" : 55
  }, {
    "shape" : "2e826f25-7a83-4dd2-bc11-f8764c7dd0c8",
    "color" : "#FFFFFF",
    "position" : {
      "x" : 8.472136,
      "y" : -13.708204,
      "z" : -5.236068
    }
  }, {
    "shape" : "2e826f25-7a83-4dd2-bc11-f8764c7dd0c8",
    "color" : "#FFFFFF",
    "position" : {
      "x" : 0.0,
      "y" : 16.944271,
      "z" : -8.472136
    }
  }, {
    "shape" : "785dfe27-da24-4b32-b89a-32015d127cfb",
    "color" : "#F0A000",
    "position" : {
      "x" : -5.236068,
      "y" : 8.472136,
      "z" : -13.708204
    },
    "orientation" : 7
  }, {
    "shape" : "0e03d498-dd10-4665-bbca-65b14c920219",
    "color" : "#AF0000",
    "position" : {
      "x" : 13.708204,
      "y" : 5.236068,
      "z" : -8.472136
    },
    "orientation" : 46
  }, {
    "shape" : "af97f2ca-274a-48c9-9ca1-81668a51aa8c",
    "color" : "#DC4C00",
    "position" : {
      "x" : 4.236068,
      "y" : 12.708204,
      "z" : -4.236068
    },
    "orientation" : 22
  }, {
    "shape" : "919d971d-443d-459c-ab34-e2cd57d8f472",
    "color" : "#007695",
    "position" : {
      "x" : 8.472136,
      "y" : 13.708204,
      "z" : 5.236068
    },
    "orientation" : 26
  }, {
    "shape" : "af97f2ca-274a-48c9-9ca1-81668a51aa8c",
    "color" : "#DC4C00",
    "position" : {
      "x" : -11.09017,
      "y" : 6.854102,
      "z" : -5.236068
    },
    "orientation" : 40
  }, {
    "shape" : "2e826f25-7a83-4dd2-bc11-f8764c7dd0c8",
    "color" : "#FFFFFF",
    "position" : {
      "x" : -20.562305,
      "y" : 1.0,
      "z" : -8.472136
    }
  }, {
    "shape" : "785dfe27-da24-4b32-b89a-32015d127cfb",
    "color" : "#F0A000",
    "position" : {
      "x" : 8.472136,
      "y" : -13.708204,
      "z" : -5.236068
    },
    "orientation" : 6
  }, {
    "shape" : "2e826f25-7a83-4dd2-bc11-f8764c7dd0c8",
    "color" : "#FFFFFF",
    "position" : {
      "x" : 11.09017,
      "y" : -1.0,
      "z" : -15.326238
    }
  }, {
    "shape" : "785dfe27-da24-4b32-b89a-32015d127cfb",
    "color" : "#F0A000",
    "position" : {
      "x" : 5.236068,
      "y" : -8.472136,
      "z" : -13.708204
    },
    "orientation" : 2
  }, {
    "shape" : "919d971d-443d-459c-ab34-e2cd57d8f472",
    "color" : "#007695",
    "position" : {
      "x" : 13.708204,
      "y" : 5.236068,
      "z" : 8.472136
    },
    "orientation" : 40
  }, {
    "shape" : "2e826f25-7a83-4dd2-bc11-f8764c7dd0c8",
    "color" : "#FFFFFF",
    "position" : {
      "x" : -12.09017,
      "y" : 12.708204,
      "z" : 13.708204
    }
  }, {
    "shape" : "0e03d498-dd10-4665-bbca-65b14c920219",
    "color" : "#AF0000",
    "position" : {
      "x" : 13.708204,
      "y" : -5.236068,
      "z" : 8.472136
    },
    "orientation" : 31
  }, {
    "shape" : "af97f2ca-274a-48c9-9ca1-81668a51aa8c",
    "color" : "#DC4C00",
    "position" : {
      "x" : -1.618034,
      "y" : 13.708204,
      "z" : -2.618034
    },
    "orientation" : 27
  }, {
    "shape" : "af97f2ca-274a-48c9-9ca1-81668a51aa8c",
    "color" : "#DC4C00",
    "position" : {
      "x" : 6.854102,
      "y" : -5.236068,
      "z" : -11.09017
    },
    "orientation" : 54
  }, {
    "shape" : "919d971d-443d-459c-ab34-e2cd57d8f472",
    "color" : "#007695",
    "position" : {
      "x" : 8.472136,
      "y" : -13.708204,
      "z" : 5.236068
    },
    "orientation" : 23
  }, {
    "shape" : "2e826f25-7a83-4dd2-bc11-f8764c7dd0c8",
    "color" : "#FFFFFF",
    "position" : {
      "x" : -1.0,
      "y" : -8.472136,
      "z" : 20.562305
    }
  }, {
    "shape" : "0e03d498-dd10-4665-bbca-65b14c920219",
    "color" : "#AF0000",
    "position" : {
      "x" : 13.708204,
      "y" : 5.236068,
      "z" : 8.472136
    },
    "orientation" : 15
  }, {
    "shape" : "919d971d-443d-459c-ab34-e2cd57d8f472",
    "color" : "#007695",
    "position" : {
      "x" : 0.0,
      "y" : -16.944271,
      "z" : 0.0
    },
    "orientation" : 47
  }, {
    "shape" : "785dfe27-da24-4b32-b89a-32015d127cfb",
    "color" : "#F0A000",
    "position" : {
      "x" : -16.944271,
      "y" : 0.0,
      "z" : 0.0
    },
    "orientation" : 9
  }, {
    "shape" : "2e826f25-7a83-4dd2-bc11-f8764c7dd0c8",
    "color" : "#FFFFFF",
    "position" : {
      "x" : 9.472136,
      "y" : -4.236068,
      "z" : 9.472136
    }
  }, {
    "shape" : "2e826f25-7a83-4dd2-bc11-f8764c7dd0c8",
    "color" : "#FFFFFF",
    "position" : {
      "x" : 1.0,
      "y" : 8.472136,
      "z" : -20.562305
    }
  }, {
    "shape" : "2e826f25-7a83-4dd2-bc11-f8764c7dd0c8",
    "color" : "#FFFFFF",
    "position" : {
      "x" : 12.708204,
      "y" : 13.708204,
      "z" : 12.09017
    }
  }, {
    "shape" : "919d971d-443d-459c-ab34-e2cd57d8f472",
    "color" : "#007695",
    "position" : {
      "x" : 0.0,
      "y" : 0.0,
      "z" : -16.944271
    },
    "orientation" : 0
  }, {
    "shape" : "785dfe27-da24-4b32-b89a-32015d127cfb",
    "color" : "#F0A000",
    "position" : {
      "x" : 0.0,
      "y" : 0.0,
      "z" : -16.944271
    },
    "orientation" : 39
  }, {
    "shape" : "af97f2ca-274a-48c9-9ca1-81668a51aa8c",
    "color" : "#DC4C00",
    "position" : {
      "x" : 1.618034,
      "y" : 8.472136,
      "z" : 11.09017
    },
    "orientation" : 20
  }, {
    "shape" : "2e826f25-7a83-4dd2-bc11-f8764c7dd0c8",
    "color" : "#FFFFFF",
    "position" : {
      "x" : 16.944271,
      "y" : 0.0,
      "z" : 0.0
    }
  }, {
    "shape" : "0e03d498-dd10-4665-bbca-65b14c920219",
    "color" : "#AF0000",
    "position" : {
      "x" : 0.0,
      "y" : 16.944271,
      "z" : 0.0
    },
    "orientation" : 0
  }, {
    "shape" : "919d971d-443d-459c-ab34-e2cd57d8f472",
    "color" : "#007695",
    "position" : {
      "x" : 0.0,
      "y" : 16.944271,
      "z" : 0.0
    },
    "orientation" : 47
  }, {
    "shape" : "2e826f25-7a83-4dd2-bc11-f8764c7dd0c8",
    "color" : "#FFFFFF",
    "position" : {
      "x" : 1.0,
      "y" : 8.472136,
      "z" : 20.562305
    }
  }, {
    "shape" : "2e826f25-7a83-4dd2-bc11-f8764c7dd0c8",
    "color" : "#FFFFFF",
    "position" : {
      "x" : 9.472136,
      "y" : 1.618034,
      "z" : 16.326239
    }
  }, {
    "shape" : "2e826f25-7a83-4dd2-bc11-f8764c7dd0c8",
    "color" : "#FFFFFF",
    "position" : {
      "x" : -9.472136,
      "y" : -4.236068,
      "z" : -9.472136
    }
  }, {
    "shape" : "2e826f25-7a83-4dd2-bc11-f8764c7dd0c8",
    "color" : "#FFFFFF",
    "position" : {
      "x" : 9.472136,
      "y" : -1.618034,
      "z" : -16.326239
    }
  }, {
    "shape" : "785dfe27-da24-4b32-b89a-32015d127cfb",
    "color" : "#F0A000",
    "position" : {
      "x" : 5.236068,
      "y" : 8.472136,
      "z" : 13.708204
    },
    "orientation" : 16
  }, {
    "shape" : "2e826f25-7a83-4dd2-bc11-f8764c7dd0c8",
    "color" : "#FFFFFF",
    "position" : {
      "x" : -5.236068,
      "y" : -8.472136,
      "z" : 13.708204
    }
  }, {
    "shape" : "2e826f25-7a83-4dd2-bc11-f8764c7dd0c8",
    "color" : "#FFFFFF",
    "position" : {
      "x" : 1.0,
      "y" : -15.326238,
      "z" : -11.09017
    }
  }, {
    "shape" : "af97f2ca-274a-48c9-9ca1-81668a51aa8c",
    "color" : "#DC4C00",
    "position" : {
      "x" : -4.236068,
      "y" : -9.472136,
      "z" : -9.472136
    },
    "orientation" : 0
  }, {
    "shape" : "af97f2ca-274a-48c9-9ca1-81668a51aa8c",
    "color" : "#DC4C00",
    "position" : {
      "x" : 13.708204,
      "y" : 2.618034,
      "z" : 1.618034
    },
    "orientation" : 59
  }, {
    "shape" : "2e826f25-7a83-4dd2-bc11-f8764c7dd0c8",
    "color" : "#FFFFFF",
    "position" : {
      "x" : 11.09017,
      "y" : 1.0,
      "z" : 15.326238
    }
  }, {
    "shape" : "785dfe27-da24-4b32-b89a-32015d127cfb",
