{
  "polygons" : "true",
  "field" : "golden",
  "symmetry" : "icosahedral",
  "orientations" : [ [ 1.0, 0.0, 0.0, 0.0, 0.0, 1.0, 0.0, 0.0, 0.0, 0.0, 1.0, 0.0, 0.0, 0.0, 0.0, 1.0 ], [ 0.0, 0.0, 1.0, 0.0, 1.0, 0.0, 0.0, 0.0, 0.0, 1.0, 0.0, 0.0, 0.0, 0.0, 0.0, 1.0 ], [ 0.0, 1.0, 0.0, 0.0, 0.0, 0.0, 1.0, 0.0, 1.0, 0.0, 0.0, 0.0, 0.0, 0.0, 0.0, 1.0 ], [ 0.809017, 0.309017, 0.5, 0.0, 0.309017, 0.5, -0.809017, 0.0, -0.5, 0.809017, 0.309017, 0.0, 0.0, 0.0, 0.0, 1.0 ], [ -0.5, 0.809017, 0.309017, 0.0, 0.809017, 0.309017, 0.5, 0.0, 0.309017, 0.5, -0.809017, 0.0, 0.0, 0.0, 0.0, 1.0 ], [ 0.309017, 0.5, -0.809017, 0.0, -0.5, 0.809017, 0.309017, 0.0, 0.809017, 0.309017, 0.5, 0.0, 0.0, 0.0, 0.0, 1.0 ], [ 0.5, 0.809017, 0.309017, 0.0, 0.809017, -0.309017, -0.5, 0.0, -0.309017, 0.5, -0.809017, 0.0, 0.0, 0.0, 0.0, 1.0 ], [ -0.309017, 0.5, -0.809017, 0.0, 0.5, 0.809017, 0.309017, 0.0, 0.809017, -0.309017, -0.5, 0.0, 0.0, 0.0, 0.0, 1.0 ], [ 0.809017, -0.309017, -0.5, 0.0, -0.309017, 0.5, -0.809017, 0.0, 0.5, 0.809017, 0.309017, 0.0, 0.0, 0.0, 0.0, 1.0 ], [ 0.5, 0.809017, -0.309017, 0.0, 0.809017, -0.309017, 0.5, 0.0, 0.309017, -0.5, -0.809017, 0.0, 0.0, 0.0, 0.0, 1.0 ], [ 0.309017, -0.5, -0.809017, 0.0, 0.5, 0.809017, -0.309017, 0.0, 0.809017, -0.309017, 0.5, 0.0, 0.0, 0.0, 0.0, 1.0 ], [ 0.809017, -0.309017, 0.5, 0.0, 0.309017, -0.5, -0.809017, 0.0, 0.5, 0.809017, -0.309017, 0.0, 0.0, 0.0, 0.0, 1.0 ], [ 0.809017, 0.309017, -0.5, 0.0, 0.309017, 0.5, 0.809017, 0.0, 0.5, -0.809017, 0.309017, 0.0, 0.0, 0.0, 0.0, 1.0 ], [ 0.5, -0.809017, 0.309017, 0.0, 0.809017, 0.309017, -0.5, 0.0, 0.309017, 0.5, 0.809017, 0.0, 0.0, 0.0, 0.0, 1.0 ], [ 0.309017, 0.5, 0.809017, 0.0, 0.5, -0.809017, 0.309017, 0.0, 0.809017, 0.309017, -0.5, 0.0, 0.0, 0.0, 0.0, 1.0 ], [ 1.0, 0.0, 0.0, 0.0, 0.0, -1.0, 0.0, 0.0, 0.0, 0.0, -1.0, 0.0, 0.0, 0.0, 0.0, 1.0 ], [ 0.0, 0.0, 1.0, 0.0, -1.0, 0.0, 0.0, 0.0, 0.0, -1.0, 0.0, 0.0, 0.0, 0.0, 0.0, 1.0 ], [ 0.0, 1.0, 0.0, 0.0, 0.0, 0.0, -1.0, 0.0, -1.0, 0.0, 0.0, 0.0, 0.0, 0.0, 0.0, 1.0 ], [ 0.809017, 0.309017, 0.5, 0.0, -0.309017, -0.5, 0.809017, 0.0, 0.5, -0.809017, -0.309017, 0.0, 0.0, 0.0, 0.0, 1.0 ], [ -0.5, 0.809017, 0.309017, 0.0, -0.809017, -0.309017, -0.5, 0.0, -0.309017, -0.5, 0.809017, 0.0, 0.0, 0.0, 0.0, 1.0 ], [ 0.309017, 0.5, -0.809017, 0.0, 0.5, -0.809017, -0.309017, 0.0, -0.809017, -0.309017, -0.5, 0.0, 0.0, 0.0, 0.0, 1.0 ], [ 0.5, 0.809017, 0.309017, 0.0, -0.809017, 0.309017, 0.5, 0.0, 0.309017, -0.5, 0.809017, 0.0, 0.0, 0.0, 0.0, 1.0 ], [ -0.309017, 0.5, -0.809017, 0.0, -0.5, -0.809017, -0.309017, 0.0, -0.809017, 0.309017, 0.5, 0.0, 0.0, 0.0, 0.0, 1.0 ], [ 0.809017, -0.309017, -0.5, 0.0, 0.309017, -0.5, 0.809017, 0.0, -0.5, -0.809017, -0.309017, 0.0, 0.0, 0.0, 0.0, 1.0 ], [ 0.5, 0.809017, -0.309017, 0.0, -0.809017, 0.309017, -0.5, 0.0, -0.309017, 0.5, 0.809017, 0.0, 0.0, 0.0, 0.0, 1.0 ], [ 0.309017, -0.5, -0.809017, 0.0, -0.5, -0.809017, 0.309017, 0.0, -0.809017, 0.309017, -0.5, 0.0, 0.0, 0.0, 0.0, 1.0 ], [ 0.809017, -0.309017, 0.5, 0.0, -0.309017, 0.5, 0.809017, 0.0, -0.5, -0.809017, 0.309017, 0.0, 0.0, 0.0, 0.0, 1.0 ], [ 0.809017, 0.309017, -0.5, 0.0, -0.309017, -0.5, -0.809017, 0.0, -0.5, 0.809017, -0.309017, 0.0, 0.0, 0.0, 0.0, 1.0 ], [ 0.5, -0.809017, 0.309017, 0.0, -0.809017, -0.309017, 0.5, 0.0, -0.309017, -0.5, -0.809017, 0.0, 0.0, 0.0, 0.0, 1.0 ], [ 0.309017, 0.5, 0.809017, 0.0, -0.5, 0.809017, -0.309017, 0.0, -0.809017, -0.309017, 0.5, 0.0, 0.0, 0.0, 0.0, 1.0 ], [ -1.0, 0.0, 0.0, 0.0, 0.0, -1.0, 0.0, 0.0, 0.0, 0.0, 1.0, 0.0, 0.0, 0.0, 0.0, 1.0 ], [ 0.0, 0.0, -1.0, 0.0, -1.0, 0.0, 0.0, 0.0, 0.0, 1.0, 0.0, 0.0, 0.0, 0.0, 0.0, 1.0 ], [ 0.0, -1.0, 0.0, 0.0, 0.0, 0.0, -1.0, 0.0, 1.0, 0.0, 0.0, 0.0, 0.0, 0.0, 0.0, 1.0 ], [ -0.809017, -0.309017, -0.5, 0.0, -0.309017, -0.5, 0.809017, 0.0, -0.5, 0.809017, 0.309017, 0.0, 0.0, 0.0, 0.0, 1.0 ], [ 0.5, -0.809017, -0.309017, 0.0, -0.809017, -0.309017, -0.5, 0.0, 0.309017, 0.5, -0.809017, 0.0, 0.0, 0.0, 0.0, 1.0 ], [ -0.309017, -0.5, 0.809017, 0.0, 0.5, -0.809017, -0.309017, 0.0, 0.809017, 0.309017, 0.5, 0.0, 0.0, 0.0, 0.0, 1.0 ], [ -0.5, -0.809017, -0.309017, 0.0, -0.809017, 0.309017, 0.5, 0.0, -0.309017, 0.5, -0.809017, 0.0, 0.0, 0.0, 0.0, 1.0 ], [ 0.309017, -0.5, 0.809017, 0.0, -0.5, -0.809017, -0.309017, 0.0, 0.809017, -0.309017, -0.5, 0.0, 0.0, 0.0, 0.0, 1.0 ], [ -0.809017, 0.309017, 0.5, 0.0, 0.309017, -0.5, 0.809017, 0.0, 0.5, 0.809017, 0.309017, 0.0, 0.0, 0.0, 0.0, 1.0 ], [ -0.5, -0.809017, 0.309017, 0.0, -0.809017, 0.309017, -0.5, 0.0, 0.309017, -0.5, -0.809017, 0.0, 0.0, 0.0, 0.0, 1.0 ], [ -0.309017, 0.5, 0.809017, 0.0, -0.5, -0.809017, 0.309017, 0.0, 0.809017, -0.309017, 0.5, 0.0, 0.0, 0.0, 0.0, 1.0 ], [ -0.809017, 0.309017, -0.5, 0.0, -0.309017, 0.5, 0.809017, 0.0, 0.5, 0.809017, -0.309017, 0.0, 0.0, 0.0, 0.0, 1.0 ], [ -0.809017, -0.309017, 0.5, 0.0, -0.309017, -0.5, -0.809017, 0.0, 0.5, -0.809017, 0.309017, 0.0, 0.0, 0.0, 0.0, 1.0 ], [ -0.5, 0.809017, -0.309017, 0.0, -0.809017, -0.309017, 0.5, 0.0, 0.309017, 0.5, 0.809017, 0.0, 0.0, 0.0, 0.0, 1.0 ], [ -0.309017, -0.5, -0.809017, 0.0, -0.5, 0.809017, -0.309017, 0.0, 0.809017, 0.309017, -0.5, 0.0, 0.0, 0.0, 0.0, 1.0 ], [ -1.0, 0.0, 0.0, 0.0, 0.0, 1.0, 0.0, 0.0, 0.0, 0.0, -1.0, 0.0, 0.0, 0.0, 0.0, 1.0 ], [ 0.0, 0.0, -1.0, 0.0, 1.0, 0.0, 0.0, 0.0, 0.0, -1.0, 0.0, 0.0, 0.0, 0.0, 0.0, 1.0 ], [ 0.0, -1.0, 0.0, 0.0, 0.0, 0.0, 1.0, 0.0, -1.0, 0.0, 0.0, 0.0, 0.0, 0.0, 0.0, 1.0 ], [ -0.809017, -0.309017, -0.5, 0.0, 0.309017, 0.5, -0.809017, 0.0, 0.5, -0.809017, -0.309017, 0.0, 0.0, 0.0, 0.0, 1.0 ], [ 0.5, -0.809017, -0.309017, 0.0, 0.809017, 0.309017, 0.5, 0.0, -0.309017, -0.5, 0.809017, 0.0, 0.0, 0.0, 0.0, 1.0 ], [ -0.309017, -0.5, 0.809017, 0.0, -0.5, 0.809017, 0.309017, 0.0, -0.809017, -0.309017, -0.5, 0.0, 0.0, 0.0, 0.0, 1.0 ], [ -0.5, -0.809017, -0.309017, 0.0, 0.809017, -0.309017, -0.5, 0.0, 0.309017, -0.5, 0.809017, 0.0, 0.0, 0.0, 0.0, 1.0 ], [ 0.309017, -0.5, 0.809017, 0.0, 0.5, 0.809017, 0.309017, 0.0, -0.809017, 0.309017, 0.5, 0.0, 0.0, 0.0, 0.0, 1.0 ], [ -0.809017, 0.309017, 0.5, 0.0, -0.309017, 0.5, -0.809017, 0.0, -0.5, -0.809017, -0.309017, 0.0, 0.0, 0.0, 0.0, 1.0 ], [ -0.5, -0.809017, 0.309017, 0.0, 0.809017, -0.309017, 0.5, 0.0, -0.309017, 0.5, 0.809017, 0.0, 0.0, 0.0, 0.0, 1.0 ], [ -0.309017, 0.5, 0.809017, 0.0, 0.5, 0.809017, -0.309017, 0.0, -0.809017, 0.309017, -0.5, 0.0, 0.0, 0.0, 0.0, 1.0 ], [ -0.809017, 0.309017, -0.5, 0.0, 0.309017, -0.5, -0.809017, 0.0, -0.5, -0.809017, 0.309017, 0.0, 0.0, 0.0, 0.0, 1.0 ], [ -0.809017, -0.309017, 0.5, 0.0, 0.309017, 0.5, 0.809017, 0.0, -0.5, 0.809017, -0.309017, 0.0, 0.0, 0.0, 0.0, 1.0 ], [ -0.5, 0.809017, -0.309017, 0.0, 0.809017, 0.309017, -0.5, 0.0, -0.309017, -0.5, -0.809017, 0.0, 0.0, 0.0, 0.0, 1.0 ], [ -0.309017, -0.5, -0.809017, 0.0, 0.5, -0.809017, 0.309017, 0.0, -0.809017, -0.309017, 0.5, 0.0, 0.0, 0.0, 0.0, 1.0 ] ],
  "lights" : {
    "directionalLights" : [ {
      "direction" : [ 1.0, -1.0, -1.0 ],
      "color" : "#EBEBE4"
    }, {
      "direction" : [ -1.0, 0.0, 0.0 ],
      "color" : "#E4E4EB"
    }, {
      "direction" : [ 0.0, 0.0, -1.0 ],
      "color" : "#1E1E1E"
    } ],
    "ambientColor" : "#292929",
    "backgroundColor" : "#AFC8DC"
  },
  "camera" : {
    "width" : 27.39532,
    "stereo" : false,
    "perspective" : true,
    "viewDistance" : 60.878464,
    "nearClipDistance" : 0.15219636,
    "farClipDistance" : 121.75675,
    "lookAtPoint" : {
      "x" : 0.0,
      "y" : -4.236068,
      "z" : -2.618034
    },
    "fieldOfView" : 0.44262907,
    "lookDirection" : {
      "x" : 0.3125441,
      "y" : -0.023446925,
      "z" : -0.9496108
    },
    "upDirection" : {
      "x" : 0.34126025,
      "y" : 0.9357147,
      "z" : 0.0892207
    },
    "position" : {
      "x" : -19.027205,
      "y" : -2.808655,
      "z" : 55.192814
    }
  },
  "embedding" : [ 1.0, 0.0, 0.0, 0.0, 0.0, 1.0, 0.0, 0.0, 0.0, 0.0, 1.0, 0.0, 0.0, 0.0, 0.0, 1.0 ],
  "shapes" : [ {
    "id" : "4cba5b47-929e-40af-8a42-1246d7314200",
    "vertices" : [ {
      "x" : 0.0,
      "y" : 0.0,
      "z" : 0.0
    }, {
      "x" : 0.0,
      "y" : -1.236068,
      "z" : 0.0
    }, {
      "x" : -1.0,
      "y" : -1.618034,
      "z" : -2.618034
    } ],
    "faces" : [ {
      "vertices" : [ 0, 1, 2 ]
    }, {
      "vertices" : [ 0, 2, 1 ]
    } ]
  }, {
    "id" : "0a0d16b4-89fd-4d38-bc4d-352235810a8a",
    "vertices" : [ {
      "x" : 0.0,
      "y" : 0.0,
      "z" : 0.0
    }, {
      "x" : 0.63932025,
      "y" : -1.0344418,
      "z" : -0.39512163
    }, {
      "x" : -1.0344418,
      "y" : 1.6737621,
      "z" : -2.708204
    } ],
    "faces" : [ {
      "vertices" : [ 0, 1, 2 ]
    }, {
      "vertices" : [ 0, 2, 1 ]
    } ]
  }, {
    "id" : "cce331a7-7dad-403a-a69e-35a25396c33c",
    "vertices" : [ {
      "x" : 0.0,
      "y" : 0.0,
      "z" : 0.0
    }, {
      "x" : -2.618034,
      "y" : -1.0,
      "z" : -6.854102
    }, {
      "x" : -1.0,
      "y" : 1.618034,
      "z" : -2.618034
    } ],
    "faces" : [ {
      "vertices" : [ 0, 1, 2 ]
    }, {
      "vertices" : [ 0, 2, 1 ]
    } ]
  }, {
    "id" : "ba60d54b-6751-4a80-b7cb-67e5db0b8565",
    "vertices" : [ {
      "x" : 0.0,
      "y" : 0.0,
      "z" : 0.0
    }, {
      "x" : 0.0,
      "y" : 0.14589803,
      "z" : -0.090169944
    }, {
      "x" : 3.236068,
      "y" : -3.09017,
      "z" : -0.090169944
    }, {
      "x" : 3.3475242,
      "y" : -3.3475242,
      "z" : 0.0
    } ],
    "faces" : [ {
      "vertices" : [ 0, 1, 2, 3 ]
    }, {
      "vertices" : [ 0, 3, 2, 1 ]
    } ]
  }, {
    "id" : "add41361-6992-455f-925e-7a3a8b24cea1",
    "vertices" : [ {
      "x" : 0.0,
      "y" : 0.0,
      "z" : 0.0
    }, {
      "x" : -1.0,
      "y" : 1.618034,
      "z" : -2.618034
    }, {
      "x" : 0.0,
      "y" : 3.236068,
      "z" : 0.0
    } ],
    "faces" : [ {
      "vertices" : [ 0, 1, 2 ]
    }, {
      "vertices" : [ 0, 2, 1 ]
    } ]
  }, {
    "id" : "8f219b49-bedb-49fb-b597-9c8beb5e5991",
    "vertices" : [ {
      "x" : 0.0,
      "y" : 0.0,
      "z" : 0.0
    }, {
      "x" : 0.0,
      "y" : -0.14589803,
      "z" : -0.090169944
    }, {
      "x" : 0.0,
      "y" : -0.14589803,
      "z" : -3.437694
    }, {
      "x" : 0.0,
      "y" : 0.0,
      "z" : -3.236068
    } ],
    "faces" : [ {
      "vertices" : [ 0, 1, 2, 3 ]
    }, {
      "vertices" : [ 0, 3, 2, 1 ]
    } ]
  }, {
    "id" : "0bbea04d-62a1-4175-98c2-0aaac1f16e6d",
    "vertices" : [ {
      "x" : 0.0,
      "y" : 0.0,
      "z" : 0.0
    }, {
      "x" : 0.2573542,
      "y" : 0.090169944,
      "z" : 0.11145618
    }, {
      "x" : 0.8753882,
      "y" : 1.0901699,
      "z" : -0.27050984
    }, {
      "x" : 0.63932025,
      "y" : 1.0344418,
      "z" : -0.39512163
    } ],
    "faces" : [ {
      "vertices" : [ 0, 1, 2, 3 ]
    }, {
      "vertices" : [ 0, 3, 2, 1 ]
    } ]
  }, {
    "id" : "b9a486db-3071-4d8f-a650-5a2262893259",
    "vertices" : [ {
      "x" : 0.0,
      "y" : 0.0,
      "z" : 0.0
    }, {
      "x" : 0.38196602,
      "y" : 2.618034,
      "z" : 1.0
    }, {
      "x" : 1.0,
      "y" : -1.618034,
      "z" : 2.618034
    } ],
    "faces" : [ {
      "vertices" : [ 0, 1, 2 ]
    }, {
      "vertices" : [ 0, 2, 1 ]
    } ]
  }, {
    "id" : "daaab1c2-22fd-4854-b29f-10bdad0a8a5b",
    "vertices" : [ {
      "x" : 0.0,
      "y" : 0.0,
      "z" : 0.0
    }, {
      "x" : 0.0,
      "y" : 0.14589803,
      "z" : 0.090169944
    }, {
      "x" : 0.0,
      "y" : 0.14589803,
      "z" : 3.437694
    }, {
      "x" : 0.0,
      "y" : 0.0,
      "z" : 3.236068
    } ],
    "faces" : [ {
      "vertices" : [ 0, 1, 2, 3 ]
    }, {
      "vertices" : [ 0, 3, 2, 1 ]
    } ]
  }, {
    "id" : "d79e5082-bb2a-417e-8534-0265e108d081",
    "vertices" : [ {
      "x" : 0.0,
      "y" : 0.0,
      "z" : 0.0
    }, {
      "x" : 0.0,
      "y" : 0.0,
      "z" : 3.236068
    }, {
      "x" : 0.0,
      "y" : -2.0,
      "z" : 3.236068
    } ],
    "faces" : [ {
      "vertices" : [ 0, 1, 2 ]
    }, {
      "vertices" : [ 0, 2, 1 ]
    } ]
  }, {
    "id" : "b13ea956-2052-4266-9cf3-70d60900aab7",
    "vertices" : [ {
      "x" : 0.0,
      "y" : 0.0,
      "z" : 0.0
    }, {
      "x" : 1.0,
      "y" : 1.618034,
      "z" : 2.618034
    }, {
      "x" : 1.0,
      "y" : -1.618034,
      "z" : 2.618034
    } ],
    "faces" : [ {
      "vertices" : [ 0, 1, 2 ]
    }, {
      "vertices" : [ 0, 2, 1 ]
    } ]
  }, {
    "id" : "98500bda-9bc8-494f-afbb-696f97628e75",
    "vertices" : [ {
      "x" : 0.0,
      "y" : 0.0,
      "z" : 0.0
    }, {
      "x" : 1.6737621,
      "y" : -2.708204,
      "z" : 4.381966
    }, {
      "x" : 0.0,
      "y" : -8.763932,
      "z" : 0.0
    } ],
    "faces" : [ {
      "vertices" : [ 0, 1, 2 ]
    }, {
      "vertices" : [ 0, 2, 1 ]
    } ]
  }, {
    "id" : "acdfdfff-aa46-4363-9bcf-1850a3332cd6",
    "vertices" : [ {
      "x" : 0.0,
      "y" : 0.0,
      "z" : 0.0
    }, {
      "x" : -0.38196602,
      "y" : 0.618034,
      "z" : -1.0
    }, {
      "x" : 0.0,
      "y" : 3.236068,
      "z" : 0.0
    } ],
    "faces" : [ {
      "vertices" : [ 0, 1, 2 ]
    }, {
      "vertices" : [ 0, 2, 1 ]
    } ]
  }, {
    "id" : "b8e6fb57-5089-482f-9c91-be7c68d719bb",
    "vertices" : [ {
      "x" : 0.0,
      "y" : 0.0,
      "z" : 0.0
    }, {
      "x" : -2.618034,
      "y" : -1.0,
      "z" : -6.854102
    }, {
      "x" : -1.618034,
      "y" : 2.618034,
      "z" : -4.236068
    } ],
    "faces" : [ {
      "vertices" : [ 0, 1, 2 ]
    }, {
      "vertices" : [ 0, 2, 1 ]
    } ]
  }, {
    "id" : "beec5591-1786-4628-b89f-92a820c80761",
    "vertices" : [ {
      "x" : 0.0,
      "y" : 0.0,
      "z" : 0.0
    }, {
      "x" : 0.0,
      "y" : 0.14589803,
      "z" : -0.27050984
    }, {
      "x" : 0.0,
      "y" : 0.14589803,
      "z" : 2.965558
    }, {
      "x" : 0.0,
      "y" : 0.0,
      "z" : 3.3475242
    } ],
    "faces" : [ {
      "vertices" : [ 0, 1, 2, 3 ]
    }, {
      "vertices" : [ 0, 3, 2, 1 ]
    } ]
  }, {
    "id" : "ad73b748-fa68-4fc6-9214-49783edf2666",
    "vertices" : [ {
      "x" : 0.0,
      "y" : 0.0,
      "z" : 0.0
    }, {
      "x" : -1.0,
      "y" : -0.38196602,
      "z" : -2.618034
    }, {
      "x" : 0.0,
      "y" : 3.236068,
      "z" : 0.0
    } ],
    "faces" : [ {
      "vertices" : [ 0, 1, 2 ]
    }, {
      "vertices" : [ 0, 2, 1 ]
    } ]
  }, {
    "id" : "21c4005a-94c5-451c-98e6-2657e79a2aa0",
    "vertices" : [ {
      "x" : 0.0,
      "y" : 0.0,
      "z" : 0.0
    }, {
      "x" : 0.0,
      "y" : 0.14589803,
      "z" : 0.38196602
    }, {
      "x" : 0.0,
      "y" : 0.14589803,
      "z" : 5.618034
    }, {
      "x" : 0.0,
      "y" : 0.0,
      "z" : 5.416408
    } ],
    "faces" : [ {
      "vertices" : [ 0, 1, 2, 3 ]
    }, {
      "vertices" : [ 0, 3, 2, 1 ]
    } ]
  }, {
    "id" : "9d60d4cd-7d54-4d37-92f3-96fc3893b7d0",
    "vertices" : [ {
      "x" : 0.0,
      "y" : 0.0,
      "z" : 0.0
    }, {
      "x" : 1.0344418,
      "y" : -1.6737621,
      "z" : 2.708204
    }, {
      "x" : 0.0,
      "y" : -3.3475242,
      "z" : 0.0
    } ],
    "faces" : [ {
      "vertices" : [ 0, 1, 2 ]
    }, {
      "vertices" : [ 0, 2, 1 ]
    } ]
  }, {
    "id" : "a7b35a76-0d16-4050-b75e-9739ef2a57d7",
    "vertices" : [ {
      "x" : 0.0,
      "y" : 0.0,
      "z" : 0.0
    }, {
      "x" : -0.63932025,
      "y" : -4.381966,
      "z" : -1.6737621
    }, {
      "x" : -1.6737621,
      "y" : -6.055728,
      "z" : -4.381966
    } ],
    "faces" : [ {
      "vertices" : [ 0, 1, 2 ]
    }, {
      "vertices" : [ 0, 2, 1 ]
    } ]
  }, {
    "id" : "c33b8fe2-0083-4824-97db-5d9793bb0e54",
    "vertices" : [ {
      "x" : 0.0,
      "y" : 0.0,
      "z" : 0.0
    }, {
      "x" : 0.0,
      "y" : 0.0,
      "z" : 3.3475242
    }, {
      "x" : 1.9596747,
      "y" : -3.1708205,
      "z" : 6.055728
    }, {
      "x" : 1.9596747,
      "y" : -3.1708205,
      "z" : -2.708204
    } ],
    "faces" : [ {
      "vertices" : [ 0, 1, 2, 3 ]
    }, {
      "vertices" : [ 0, 3, 2, 1 ]
    } ]
  }, {
    "id" : "fb2af57e-6aff-4935-ae44-f898469b2b2f",
    "vertices" : [ {
      "x" : 0.0,
      "y" : 0.0,
      "z" : 0.0
    }, {
      "x" : 0.0,
      "y" : -3.236068,
      "z" : 0.0
    }, {
      "x" : -1.0,
      "y" : -1.618034,
      "z" : -2.618034
    } ],
    "faces" : [ {
      "vertices" : [ 0, 1, 2 ]
    }, {
      "vertices" : [ 0, 2, 1 ]
    } ]
  }, {
    "id" : "18a182a3-7832-4934-9bce-7aebd3ce7c3d",
    "vertices" : [ {
      "x" : 0.0,
      "y" : 0.0,
      "z" : 0.0
    }, {
      "x" : 1.0344418,
      "y" : -0.39512163,
      "z" : 2.708204
    }, {
      "x" : 0.0,
      "y" : -2.0688837,
      "z" : 0.0
    } ],
    "faces" : [ {
      "vertices" : [ 0, 1, 2 ]
    }, {
      "vertices" : [ 0, 2, 1 ]
    } ]
  }, {
    "id" : "93e94746-469d-48d2-88d8-13352ac25f90",
    "vertices" : [ {
      "x" : 0.0,
      "y" : 0.0,
      "z" : 0.0
    }, {
      "x" : 0.63932025,
      "y" : 4.381966,
      "z" : 1.6737621
    }, {
      "x" : 1.0344418,
      "y" : 1.6737621,
      "z" : 2.708204
    } ],
    "faces" : [ {
      "vertices" : [ 0, 1, 2 ]
    }, {
      "vertices" : [ 0, 2, 1 ]
    } ]
  }, {
    "id" : "4ffa6a85-800f-4bec-85f2-4bf6f9ef354d",
    "vertices" : [ {
      "x" : 0.0,
      "y" : 0.0,
      "z" : 0.0
    }, {
      "x" : 1.0,
      "y" : 1.618034,
      "z" : 2.618034
    }, {
      "x" : 2.618034,
      "y" : 1.0,
      "z" : 6.854102
    } ],
    "faces" : [ {
      "vertices" : [ 0, 1, 2 ]
    }, {
      "vertices" : [ 0, 2, 1 ]
    } ]
  }, {
    "id" : "d91d63a8-71b8-4e41-b2cf-24f4779058fa",
    "vertices" : [ {
      "x" : 0.0,
      "y" : 0.0,
      "z" : 0.0
    }, {
      "x" : 0.0,
      "y" : 0.0,
      "z" : -3.236068
    }, {
      "x" : 0.0,
      "y" : 2.0,
      "z" : -3.236068
    } ],
    "faces" : [ {
      "vertices" : [ 0, 1, 2 ]
    }, {
      "vertices" : [ 0, 2, 1 ]
    } ]
  }, {
    "id" : "61b25631-dc6a-41eb-97c4-3e3d99e6f179",
    "vertices" : [ {
      "x" : 0.0,
      "y" : 0.0,
      "z" : 0.0
    }, {
      "x" : 0.0,
      "y" : 2.4222913,
      "z" : 1.4970583
    }, {
      "x" : 1.0344418,
      "y" : 0.74852914,
      "z" : 4.205262
    }, {
      "x" : 1.0344418,
      "y" : -1.6737621,
      "z" : 2.708204
    } ],
    "faces" : [ {
      "vertices" : [ 0, 1, 2, 3 ]
    }, {
      "vertices" : [ 0, 3, 2, 1 ]
    } ]
  }, {
    "id" : "c6c0ad3b-4c08-4aff-9b67-ca648e077cbb",
    "vertices" : [ {
      "x" : 0.0,
      "y" : 0.0,
      "z" : 0.0
    }, {
      "x" : 1.618034,
      "y" : -5.854102,
      "z" : 4.236068
    }, {
      "x" : 0.0,
      "y" : -3.236068,
      "z" : 0.0
    } ],
    "faces" : [ {
      "vertices" : [ 0, 1, 2 ]
    }, {
      "vertices" : [ 0, 2, 1 ]
    } ]
  }, {
    "id" : "451fc830-dc1c-4b58-857c-99d3d2725b8f",
    "vertices" : [ {
      "x" : 0.0,
      "y" : 0.0,
      "z" : 0.0
    }, {
      "x" : 1.0,
      "y" : -1.618034,
      "z" : 2.618034
    }, {
      "x" : -0.618034,
      "y" : -1.0,
      "z" : -1.618034
    } ],
    "faces" : [ {
      "vertices" : [ 0, 1, 2 ]
    }, {
      "vertices" : [ 0, 2, 1 ]
    } ]
  }, {
    "id" : "811aea90-c301-43f3-8eaf-0c2585b64cef",
    "vertices" : [ {
      "x" : 0.0,
      "y" : 0.0,
      "z" : 0.0
    }, {
      "x" : 0.0,
      "y" : -3.236068,
      "z" : 0.0
    }, {
      "x" : -1.0,
      "y" : -6.854102,
      "z" : -2.618034
    } ],
    "faces" : [ {
      "vertices" : [ 0, 1, 2 ]
    }, {
      "vertices" : [ 0, 2, 1 ]
    } ]
  }, {
    "id" : "8628ed5f-8631-4dfa-aeae-e5b0d15fb6f8",
    "vertices" : [ {
      "x" : 0.0,
      "y" : 0.0,
      "z" : 0.0
    }, {
      "x" : 1.0344418,
      "y" : -1.6737621,
      "z" : -2.708204
    }, {
      "x" : 0.2859127,
      "y" : -0.46261647,
      "z" : -7.09017
    }, {
      "x" : -2.4222913,
      "y" : 3.9193494,
      "z" : 0.0
    } ],
    "faces" : [ {
      "vertices" : [ 0, 1, 2, 3 ]
    }, {
      "vertices" : [ 0, 3, 2, 1 ]
    } ]
  }, {
    "id" : "2bb3b640-4ab5-4fd2-b560-11863f870945",
    "vertices" : [ {
      "x" : 0.0,
      "y" : 0.0,
      "z" : 0.0
    }, {
      "x" : 1.0,
      "y" : 6.854102,
      "z" : 2.618034
    }, {
      "x" : 1.618034,
      "y" : 2.618034,
      "z" : 4.236068
    } ],
    "faces" : [ {
      "vertices" : [ 0, 1, 2 ]
    }, {
      "vertices" : [ 0, 2, 1 ]
    } ]
  }, {
    "id" : "090f9bfa-1a5e-4056-9ed9-e04a2dd3f9c3",
    "vertices" : [ {
      "x" : 0.0,
      "y" : 0.0,
      "z" : 0.0
    }, {
      "x" : -1.0344418,
      "y" : -1.6737621,
      "z" : -2.708204
    }, {
      "x" : -1.0344418,
      "y" : 1.6737621,
      "z" : -2.708204
    } ],
    "faces" : [ {
      "vertices" : [ 0, 1, 2 ]
    }, {
      "vertices" : [ 0, 2, 1 ]
    } ]
  }, {
    "id" : "304fdcac-741a-4c67-9a19-7813dc4d576e",
    "vertices" : [ {
      "x" : 0.0,
      "y" : 0.0,
      "z" : 0.0
    }, {
      "x" : -1.6737621,
      "y" : 2.708204,
      "z" : 1.0344418
    }, {
      "x" : -2.4222913,
      "y" : 3.9193494,
      "z" : 5.416408
    }, {
      "x" : 1.9596747,
      "y" : -3.1708205,
      "z" : 2.708204
    } ],
    "faces" : [ {
      "vertices" : [ 0, 1, 2, 3 ]
    }, {
      "vertices" : [ 0, 3, 2, 1 ]
    } ]
  }, {
    "id" : "37362e18-354d-4aee-b31e-552e1a0e7349",
    "vertices" : [ {
      "x" : 0.0,
      "y" : 0.0,
      "z" : 0.0
    }, {
      "x" : -0.39512163,
      "y" : 2.708204,
      "z" : -1.0344418
    }, {
      "x" : 0.63932025,
      "y" : 1.0344418,
      "z" : 1.6737621
    } ],
    "faces" : [ {
      "vertices" : [ 0, 1, 2 ]
    }, {
      "vertices" : [ 0, 2, 1 ]
    } ]
  }, {
    "id" : "24818e52-6c5b-47d9-b954-124e7785eb5b",
    "vertices" : [ {
      "x" : 0.0,
      "y" : 0.0,
      "z" : 0.0
    }, {
      "x" : -0.39512163,
      "y" : 0.63932025,
      "z" : 1.0344418
    }, {
      "x" : 1.6737621,
      "y" : -2.708204,
      "z" : 1.0344418
    } ],
    "faces" : [ {
      "vertices" : [ 0, 1, 2 ]
    }, {
      "vertices" : [ 0, 2, 1 ]
    } ]
  }, {
    "id" : "67aedc41-c4a6-4362-8599-74f959710ca5",
    "name" : "ball",
    "vertices" : [ {
      "x" : -0.309017,
      "y" : -0.19098301,
      "z" : 0.0
    }, {
      "x" : -0.309017,
      "y" : 0.19098301,
      "z" : 0.0
    }, {
      "x" : -0.19098301,
      "y" : 0.0,
      "z" : -0.309017
    }, {
      "x" : -0.19098301,
      "y" : 0.0,
      "z" : 0.309017
    }, {
      "x" : 0.0,
      "y" : -0.309017,
      "z" : -0.19098301
    }, {
      "x" : 0.0,
      "y" : -0.309017,
      "z" : 0.19098301
    }, {
      "x" : 0.0,
      "y" : 0.309017,
      "z" : -0.19098301
    }, {
      "x" : 0.0,
      "y" : 0.309017,
      "z" : 0.19098301
    }, {
      "x" : 0.19098301,
      "y" : 0.0,
      "z" : -0.309017
    }, {
      "x" : 0.19098301,
      "y" : 0.0,
      "z" : 0.309017
    }, {
      "x" : 0.309017,
      "y" : -0.19098301,
      "z" : 0.0
    }, {
      "x" : 0.309017,
      "y" : 0.19098301,
      "z" : 0.0
    } ],
    "faces" : [ {
      "vertices" : [ 0, 1, 2 ]
    }, {
      "vertices" : [ 0, 3, 1 ]
    }, {
      "vertices" : [ 0, 2, 4 ]
    }, {
      "vertices" : [ 0, 5, 3 ]
    }, {
      "vertices" : [ 0, 4, 5 ]
    }, {
      "vertices" : [ 1, 6, 2 ]
    }, {
      "vertices" : [ 1, 3, 7 ]
    }, {
      "vertices" : [ 1, 7, 6 ]
    }, {
      "vertices" : [ 2, 8, 4 ]
    }, {
      "vertices" : [ 2, 6, 8 ]
    }, {
      "vertices" : [ 3, 5, 9 ]
    }, {
      "vertices" : [ 3, 9, 7 ]
    }, {
      "vertices" : [ 4, 10, 5 ]
    }, {
      "vertices" : [ 4, 8, 10 ]
    }, {
      "vertices" : [ 5, 10, 9 ]
    }, {
      "vertices" : [ 6, 7, 11 ]
    }, {
      "vertices" : [ 6, 11, 8 ]
    }, {
      "vertices" : [ 7, 9, 11 ]
    }, {
      "vertices" : [ 8, 11, 10 ]
    }, {
      "vertices" : [ 9, 10, 11 ]
    } ]
  }, {
    "id" : "f1277804-1e0a-4b95-b10d-145fd0a7f650",
    "vertices" : [ {
      "x" : 0.0,
      "y" : 0.0,
      "z" : 0.0
    }, {
      "x" : 0.0,
      "y" : 3.3475242,
      "z" : 0.0
    }, {
      "x" : 1.0344418,
      "y" : 1.6737621,
      "z" : 2.708204
    } ],
    "faces" : [ {
      "vertices" : [ 0, 1, 2 ]
    }, {
      "vertices" : [ 0, 2, 1 ]
    } ]
  }, {
    "id" : "6142c0de-32be-494d-b5ce-e0dd7a2a61be",
    "vertices" : [ {
      "x" : 0.0,
      "y" : 0.0,
      "z" : 0.0
    }, {
      "x" : 0.0,
      "y" : -3.3475242,
      "z" : 0.0
    }, {
      "x" : -0.63932025,
      "y" : -4.381966,
      "z" : -1.6737621
    } ],
    "faces" : [ {
      "vertices" : [ 0, 1, 2 ]
    }, {
      "vertices" : [ 0, 2, 1 ]
    } ]
  }, {
    "id" : "e506b830-b6eb-4ba3-8493-22e82cde8509",
    "vertices" : [ {
      "x" : 0.0,
      "y" : 0.0,
      "z" : 0.0
    }, {
      "x" : 0.0,
      "y" : 5.416408,
      "z" : 0.0
    }, {
      "x" : 2.708204,
      "y" : 4.381966,
      "z" : 7.09017
    } ],
    "faces" : [ {
      "vertices" : [ 0, 1, 2 ]
    }, {
      "vertices" : [ 0, 2, 1 ]
    } ]
  }, {
    "id" : "0e6bf9cb-e9f0-4585-a044-f33855180f66",
    "vertices" : [ {
      "x" : 0.0,
      "y" : 0.0,
      "z" : 0.0
    }, {
      "x" : -1.0,
      "y" : -1.618034,
      "z" : -2.618034
    }, {
      "x" : 0.0,
      "y" : 2.0,
      "z" : 0.0
    } ],
    "faces" : [ {
      "vertices" : [ 0, 1, 2 ]
    }, {
      "vertices" : [ 0, 2, 1 ]
    } ]
  }, {
    "id" : "340f6ced-273f-420e-ba9a-005a8ec52291",
    "vertices" : [ {
      "x" : 0.0,
      "y" : 0.0,
      "z" : 0.0
    }, {
      "x" : -1.6737621,
      "y" : -0.63932025,
      "z" : -4.381966
    }, {
      "x" : -1.0344418,
      "y" : 1.6737621,
      "z" : -2.708204
    } ],
    "faces" : [ {
      "vertices" : [ 0, 1, 2 ]
    }, {
      "vertices" : [ 0, 2, 1 ]
    } ]
  }, {
    "id" : "856be3c3-3876-43e4-ba94-e084f2f6727b",
    "vertices" : [ {
      "x" : 0.0,
      "y" : 0.0,
      "z" : 0.0
    }, {
      "x" : 1.6737621,
      "y" : 0.63932025,
      "z" : 4.381966
    }, {
      "x" : 2.708204,
      "y" : -1.0344418,
      "z" : 7.09017
    } ],
    "faces" : [ {
      "vertices" : [ 0, 1, 2 ]
    }, {
      "vertices" : [ 0, 2, 1 ]
    } ]
  }, {
    "id" : "a5563103-d951-4c31-93c4-d6609d955fd1",
    "vertices" : [ {
      "x" : 0.0,
      "y" : 0.0,
      "z" : 0.0
    }, {
      "x" : 0.0,
      "y" : 3.236068,
      "z" : 0.0
    }, {
      "x" : 0.618034,
      "y" : -1.0,
      "z" : 1.618034
    } ],
    "faces" : [ {
      "vertices" : [ 0, 1, 2 ]
    }, {
      "vertices" : [ 0, 2, 1 ]
    } ]
  }, {
    "id" : "9cea1bcc-363e-4a6a-85eb-7f67f8d8c5f2",
    "vertices" : [ {
      "x" : 0.0,
      "y" : 0.0,
      "z" : 0.0
    }, {
      "x" : 0.0,
      "y" : -0.14589803,
      "z" : -0.38196602
    }, {
      "x" : 0.0,
      "y" : -0.14589803,
      "z" : -5.618034
    }, {
      "x" : 0.0,
      "y" : 0.0,
      "z" : -5.416408
    } ],
    "faces" : [ {
      "vertices" : [ 0, 1, 2, 3 ]
    }, {
      "vertices" : [ 0, 3, 2, 1 ]
    } ]
  }, {
    "id" : "bbb10581-3e25-4716-8f61-a6fd17370bd5",
    "vertices" : [ {
      "x" : 0.0,
      "y" : 0.0,
      "z" : 0.0
    }, {
      "x" : 0.23606798,
      "y" : 0.05572809,
      "z" : 0.124611795
    }, {
      "x" : 1.236068,
      "y" : -3.562306,
      "z" : -0.49342218
    }, {
      "x" : 1.0344418,
      "y" : -3.7426457,
      "z" : -0.63932025
    } ],
    "faces" : [ {
      "vertices" : [ 0, 1, 2, 3 ]
    }, {
      "vertices" : [ 0, 3, 2, 1 ]
    } ]
  }, {
    "id" : "dc150ae0-a7e3-4978-b911-38e2fcada616",
    "vertices" : [ {
      "x" : 0.0,
      "y" : 0.0,
      "z" : 0.0
    }, {
      "x" : 0.0,
      "y" : -0.14589803,
      "z" : 0.27050984
    }, {
      "x" : 0.0,
      "y" : -0.14589803,
      "z" : -2.965558
    }, {
      "x" : 0.0,
      "y" : 0.0,
      "z" : -3.3475242
    } ],
    "faces" : [ {
      "vertices" : [ 0, 1, 2, 3 ]
    }, {
      "vertices" : [ 0, 3, 2, 1 ]
    } ]
  }, {
    "id" : "70a04f5c-9092-456d-869c-1b28d9e1a0b4",
    "vertices" : [ {
      "x" : 0.0,
      "y" : 0.0,
      "z" : 0.0
    }, {
      "x" : 1.0344418,
      "y" : 1.6737621,
      "z" : 2.708204
    }, {
      "x" : 1.6737621,
      "y" : 0.63932025,
      "z" : 4.381966
    } ],
    "faces" : [ {
      "vertices" : [ 0, 1, 2 ]
    }, {
      "vertices" : [ 0, 2, 1 ]
    } ]
  }, {
    "id" : "1a5cc850-08d6-493b-aeec-a1c906e23202",
    "vertices" : [ {
      "x" : 0.0,
      "y" : 0.0,
      "z" : 0.0
    }, {
      "x" : 0.0,
      "y" : 0.0,
      "z" : -1.2786405
    }, {
      "x" : -1.6737621,
      "y" : 2.708204,
      "z" : 1.0344418
    } ],
    "faces" : [ {
      "vertices" : [ 0, 1, 2 ]
    }, {
      "vertices" : [ 0, 2, 1 ]
    } ]
  }, {
    "id" : "4022a3ae-31fa-4945-a55e-1100097a653d",
    "vertices" : [ {
      "x" : 0.0,
      "y" : 0.0,
      "z" : 0.0
    }, {
      "x" : 1.0344418,
      "y" : -3.7426457,
      "z" : 2.708204
    }, {
      "x" : 0.0,
      "y" : -3.3475242,
      "z" : 0.0
    } ],
    "faces" : [ {
      "vertices" : [ 0, 1, 2 ]
    }, {
      "vertices" : [ 0, 2, 1 ]
    } ]
  }, {
    "id" : "845614b6-430a-46c2-8edf-edd8436eeefd",
    "vertices" : [ {
      "x" : 0.0,
      "y" : 0.0,
      "z" : 0.0
    }, {
      "x" : 0.38196602,
      "y" : 0.618034,
      "z" : 1.0
    }, {
      "x" : 1.0,
      "y" : -1.618034,
      "z" : 2.618034
    } ],
    "faces" : [ {
      "vertices" : [ 0, 1, 2 ]
    }, {
      "vertices" : [ 0, 2, 1 ]
    } ]
  }, {
    "id" : "06df590b-642d-4ceb-abab-18cde93cc988",
    "vertices" : [ {
      "x" : 0.0,
      "y" : 0.0,
      "z" : 0.0
    }, {
      "x" : 1.0,
      "y" : 6.854102,
      "z" : 2.618034
    }, {
      "x" : 1.0,
      "y" : 1.618034,
      "z" : 2.618034
    } ],
    "faces" : [ {
      "vertices" : [ 0, 1, 2 ]
    }, {
      "vertices" : [ 0, 2, 1 ]
    } ]
  }, {
    "id" : "f05d492a-b8c6-4492-af24-219690456a7b",
    "vertices" : [ {
      "x" : 0.0,
      "y" : 0.0,
      "z" : 0.0
    }, {
      "x" : -0.63932025,
      "y" : -2.3130822,
      "z" : -1.6737621
    }, {
      "x" : -0.63932025,
      "y" : 1.0344418,
      "z" : -1.6737621
    } ],
    "faces" : [ {
      "vertices" : [ 0, 1, 2 ]
    }, {
      "vertices" : [ 0, 2, 1 ]
    } ]
  }, {
    "id" : "ab2c7cba-5dcf-493c-bd64-1e2eb0fc42f6",
    "vertices" : [ {
      "x" : 0.0,
      "y" : 0.0,
      "z" : 0.0
    }, {
      "x" : 1.6737621,
      "y" : -2.708204,
      "z" : 1.0344418
    }, {
      "x" : 3.633437,
      "y" : -5.8790245,
      "z" : -1.6737621
    }, {
      "x" : -0.74852914,
      "y" : 1.2111456,
      "z" : -4.381966
    } ],
    "faces" : [ {
      "vertices" : [ 0, 1, 2, 3 ]
    }, {
      "vertices" : [ 0, 3, 2, 1 ]
    } ]
  }, {
    "id" : "4a8d0cd9-59b3-4bd9-a05d-f83eaaf757a9",
    "vertices" : [ {
      "x" : 0.0,
      "y" : 0.0,
      "z" : 0.0
    }, {
      "x" : -1.0,
      "y" : 1.618034,
      "z" : -2.618034
    }, {
      "x" : -1.618034,
      "y" : 5.854102,
      "z" : -4.236068
    } ],
    "faces" : [ {
      "vertices" : [ 0, 1, 2 ]
    }, {
      "vertices" : [ 0, 2, 1 ]
    } ]
  }, {
    "id" : "adf17dd8-37bb-41ad-8811-250ed6158138",
    "vertices" : [ {
      "x" : 0.0,
      "y" : 0.0,
      "z" : 0.0
    }, {
      "x" : 0.39512163,
      "y" : -0.63932025,
      "z" : 1.0344418
    }, {
      "x" : 1.0344418,
      "y" : -1.6737621,
      "z" : -2.708204
    } ],
    "faces" : [ {
      "vertices" : [ 0, 1, 2 ]
    }, {
      "vertices" : [ 0, 2, 1 ]
    } ]
  }, {
    "id" : "d62856de-5d61-4813-b512-be0fc0a3202c",
    "vertices" : [ {
      "x" : 0.0,
      "y" : 0.0,
      "z" : 0.0
    }, {
      "x" : -0.63932025,
      "y" : 1.0344418,
      "z" : -0.39512163
    }, {
      "x" : 0.0,
      "y" : 0.0,
      "z" : 3.3475242
    } ],
    "faces" : [ {
      "vertices" : [ 0, 1, 2 ]
    }, {
      "vertices" : [ 0, 2, 1 ]
    } ]
  }, {
    "id" : "4957fac0-fe26-40fc-b1fe-54eaea610c61",
    "vertices" : [ {
      "x" : 0.0,
      "y" : 0.0,
      "z" : 0.0
    }, {
      "x" : -1.0344418,
      "y" : 1.6737621,
      "z" : -2.708204
    }, {
      "x" : -3.456733,
      "y" : 5.5931115,
      "z" : -2.708204
    }, {
      "x" : -0.74852914,
      "y" : 1.2111456,
      "z" : 4.381966
    } ],
    "faces" : [ {
      "vertices" : [ 0, 1, 2, 3 ]
    }, {
      "vertices" : [ 0, 3, 2, 1 ]
    } ]
  }, {
    "id" : "855351f8-5c74-481f-9423-7b9c3c0f3bb0",
    "vertices" : [ {
      "x" : 0.0,
      "y" : 0.0,
      "z" : 0.0
    }, {
      "x" : 1.618034,
      "y" : -5.854102,
      "z" : 4.236068
    }, {
      "x" : 0.0,
      "y" : -5.236068,
      "z" : 0.0
    } ],
    "faces" : [ {
      "vertices" : [ 0, 1, 2 ]
    }, {
      "vertices" : [ 0, 2, 1 ]
    } ]
  } ],
  "instances" : [ {
    "shape" : "4cba5b47-929e-40af-8a42-1246d7314200",
    "color" : "#0066FF",
    "position" : {
      "x" : -6.854102,
      "y" : -1.618034,
      "z" : -3.618034
    },
    "orientation" : 7
  }, {
    "shape" : "0a0d16b4-89fd-4d38-bc4d-352235810a8a",
    "color" : "#000000",
    "position" : {
      "x" : -3.7426457,
      "y" : -7.09017,
      "z" : 3.7426457
    },
    "orientation" : 30
  }, {
    "shape" : "cce331a7-7dad-403a-a69e-35a25396c33c",
    "color" : "#00CC00",
    "position" : {
      "x" : -2.618034,
      "y" : -5.236068,
      "z" : -4.236068
    },
    "orientation" : 4
  }, {
    "shape" : "ba60d54b-6751-4a80-b7cb-67e5db0b8565",
    "color" : "#000000",
    "position" : {
      "x" : -4.381966,
      "y" : -2.708204,
      "z" : 0.0
    },
    "orientation" : 17
  }, {
    "shape" : "add41361-6992-455f-925e-7a3a8b24cea1",
    "color" : "#0066FF",
    "position" : {
      "x" : -1.618034,
      "y" : -6.854102,
      "z" : -1.618034
    },
    "orientation" : 7
  }, {
    "shape" : "8f219b49-bedb-49fb-b597-9c8beb5e5991",
    "color" : "#000000",
    "position" : {
      "x" : -4.236068,
      "y" : -2.618034,
      "z" : 0.0
    },
    "orientation" : 2
  }, {
    "shape" : "0bbea04d-62a1-4175-98c2-0aaac1f16e6d",
    "color" : "#000000",
    "position" : {
      "x" : -1.0344418,
      "y" : 0.63932025,
      "z" : -8.763932
    },
    "orientation" : 5
  }, {
    "shape" : "ba60d54b-6751-4a80-b7cb-67e5db0b8565",
    "color" : "#000000",
    "position" : {
      "x" : 4.381966,
      "y" : -2.708204,
      "z" : 0.0
    },
    "orientation" : 39
  }, {
    "shape" : "cce331a7-7dad-403a-a69e-35a25396c33c",
    "color" : "#0066FF",
    "position" : {
      "x" : -1.618034,
      "y" : -6.854102,
      "z" : -1.618034
    },
    "orientation" : 7
  }, {
    "shape" : "b9a486db-3071-4d8f-a650-5a2262893259",
    "color" : "#FFFF00",
    "position" : {
      "x" : -1.618034,
      "y" : -6.854102,
      "z" : 1.618034
    },
    "orientation" : 54
  }, {
    "shape" : "daaab1c2-22fd-4854-b29f-10bdad0a8a5b",
    "color" : "#000000",
    "position" : {
      "x" : 4.236068,
      "y" : -2.618034,
      "z" : 0.0
    },
    "orientation" : 6
  }, {
    "shape" : "d79e5082-bb2a-417e-8534-0265e108d081",
    "color" : "#000000",
    "position" : {
      "x" : 4.236068,
      "y" : -5.854102,
      "z" : 3.236068
    },
    "orientation" : 45
  }, {
    "shape" : "d79e5082-bb2a-417e-8534-0265e108d081",
    "color" : "#000000",
    "position" : {
      "x" : 0.0,
      "y" : 1.0,
      "z" : -7.854102
    },
    "orientation" : 8
  }, {
    "shape" : "b13ea956-2052-4266-9cf3-70d60900aab7",
    "color" : "#FFFF00",
    "position" : {
      "x" : 1.618034,
      "y" : -6.854102,
      "z" : -1.618034
    },
    "orientation" : 9
  }, {
    "shape" : "98500bda-9bc8-494f-afbb-696f97628e75",
    "color" : "#669900",
    "position" : {
      "x" : 4.381966,
      "y" : -11.472136,
      "z" : 0.0
    },
    "orientation" : 2
  }, {
    "shape" : "b9a486db-3071-4d8f-a650-5a2262893259",
    "color" : "#FF6600",
    "position" : {
      "x" : 4.236068,
      "y" : -5.854102,
      "z" : 0.0
    },
    "orientation" : 38
  }, {
    "shape" : "acdfdfff-aa46-4363-9bcf-1850a3332cd6",
    "color" : "#FFFF00",
    "position" : {
      "x" : -4.236068,
      "y" : -5.854102,
      "z" : 3.236068
    },
    "orientation" : 9
  }, {
    "shape" : "b8e6fb57-5089-482f-9c91-be7c68d719bb",
    "color" : "#FF6600",
    "position" : {
      "x" : 0.0,
      "y" : -4.236068,
      "z" : -11.09017
    },
    "orientation" : 6
  }, {
    "shape" : "beec5591-1786-4628-b89f-92a820c80761",
    "color" : "#000000",
    "position" : {
      "x" : -1.0344418,
      "y" : -2.708204,
      "z" : -8.763932
    },
    "orientation" : 6
  }, {
    "shape" : "ad73b748-fa68-4fc6-9214-49783edf2666",
    "color" : "#00CC00",
    "position" : {
      "x" : -1.618034,
      "y" : -1.618034,
      "z" : -6.854102
    },
    "orientation" : 8
  }, {
    "shape" : "21c4005a-94c5-451c-98e6-2657e79a2aa0",
    "color" : "#000000",
    "position" : {
      "x" : -7.09017,
      "y" : -7.09017,
      "z" : -7.09017
    },
    "orientation" : 38
  }, {
    "shape" : "9d60d4cd-7d54-4d37-92f3-96fc3893b7d0",
    "color" : "#9999FF",
    "position" : {
      "x" : 0.0,
      "y" : -4.381966,
      "z" : -6.055728
    },
    "orientation" : 16
  }, {
    "shape" : "a7b35a76-0d16-4050-b75e-9739ef2a57d7",
    "color" : "#669900",
    "position" : {
      "x" : -4.381966,
      "y" : -6.055728,
      "z" : 0.0
    },
    "orientation" : 38
  }, {
    "shape" : "c33b8fe2-0083-4824-97db-5d9793bb0e54",
    "color" : "#9999FF",
    "position" : {
      "x" : -1.6737621,
      "y" : -9.512461,
      "z" : -3.1708205
    },
    "orientation" : 16
  }, {
    "shape" : "fb2af57e-6aff-4935-ae44-f898469b2b2f",
    "color" : "#0066FF",
    "position" : {
      "x" : 4.236068,
      "y" : -5.854102,
      "z" : 0.0
    },
    "orientation" : 30
  }, {
    "shape" : "18a182a3-7832-4934-9bce-7aebd3ce7c3d",
    "color" : "#669900",
    "position" : {
      "x" : -1.6737621,
      "y" : -7.09017,
      "z" : 1.6737621
    },
    "orientation" : 5
  }, {
    "shape" : "0bbea04d-62a1-4175-98c2-0aaac1f16e6d",
    "color" : "#000000",
    "position" : {
      "x" : 5.416408,
      "y" : -6.4508495,
      "z" : 2.708204
    },
    "orientation" : 57
  }, {
    "shape" : "93e94746-469d-48d2-88d8-13352ac25f90",
    "color" : "#669900",
    "position" : {
      "x" : -4.381966,
      "y" : -2.708204,
      "z" : 0.0
    },
    "orientation" : 39
  }, {
    "shape" : "4ffa6a85-800f-4bec-85f2-4bf6f9ef354d",
    "color" : "#FF6600",
    "position" : {
      "x" : 0.0,
      "y" : -4.236068,
      "z" : -11.09017
    },
    "orientation" : 5
  }, {
    "shape" : "d91d63a8-71b8-4e41-b2cf-24f4779058fa",
    "color" : "#000000",
    "position" : {
      "x" : -6.854102,
      "y" : -1.618034,
      "z" : -3.618034
    },
    "orientation" : 23
  }, {
    "shape" : "61b25631-dc6a-41eb-97c4-3e3d99e6f179",
    "color" : "#9999FF",
    "position" : {
      "x" : 0.0,
      "y" : -6.8042574,
      "z" : -7.5527864
    },
    "orientation" : 5
  }, {
    "shape" : "fb2af57e-6aff-4935-ae44-f898469b2b2f",
    "color" : "#FF6600",
    "position" : {
      "x" : 2.618034,
      "y" : -5.236068,
      "z" : -4.236068
    },
    "orientation" : 6
  }, {
    "shape" : "0bbea04d-62a1-4175-98c2-0aaac1f16e6d",
    "color" : "#000000",
    "position" : {
      "x" : -7.7294903,
      "y" : -2.708204,
      "z" : -3.3475242
    },
    "orientation" : 0
  }, {
    "shape" : "9d60d4cd-7d54-4d37-92f3-96fc3893b7d0",
    "color" : "#669900",
    "position" : {
      "x" : 4.381966,
      "y" : -2.708204,
      "z" : 0.0
    },
    "orientation" : 8
  }, {
    "shape" : "c6c0ad3b-4c08-4aff-9b67-ca648e077cbb",
    "color" : "#FF6600",
    "position" : {
      "x" : 2.618034,
      "y" : -5.236068,
      "z" : -4.236068
    },
    "orientation" : 6
  }, {
    "shape" : "ba60d54b-6751-4a80-b7cb-67e5db0b8565",
    "color" : "#000000",
    "position" : {
      "x" : 2.708204,
      "y" : 0.0,
      "z" : -4.381966
    },
    "orientation" : 34
  }, {
    "shape" : "451fc830-dc1c-4b58-857c-99d3d2725b8f",
    "color" : "#CC0000",
    "position" : {
      "x" : -5.236068,
      "y" : -4.236068,
      "z" : -2.618034
    },
    "orientation" : 0
  }, {
