{
  "lighting": {
    "backgroundColor": "#afc8dc",
    "ambientColor": "#333333",
    "directionalLights": [
      {
        "direction": [
          1,
          -1,
          -0.3
        ],
        "color": "#FDFDFD"
      },
      {
        "direction": [
          -1,
          0,
          -0.2
        ],
        "color": "#B5B5B5"
      },
      {
        "direction": [
          0,
          0,
          -1
        ],
        "color": "#303030"
      }
    ]
  },
  "camera": {
    "near": 0.106183722615242,
    "far": 84.94677734375,
    "width": 19.11306381225586,
    "distance": 42.47346115112305,
    "up": [
      -0.8694102168083191,
      0.48692211508750916,
      -0.08376217633485794
    ],
    "lookAt": [
      0,
      0,
      0
    ],
    "lookDir": [
      0.43658649921417236,
      0.6777690052986145,
      -0.5916140079498291
    ],
    "perspective": true
  },
  "embedding": [
    1,
    0,
    0,
    0,
    0,
    1,
    0,
    0,
    0,
    0,
    1,
    0,
    0,
    0,
    0,
    1
  ],
  "orientations": [
    [
      1,
      0,
      0,
      0,
      0,
      1,
      0,
      0,
      0,
      0,
      1,
      0,
      0,
      0,
      0,
      1
    ],
    [
      0,
      0,
      1,
      0,
      1,
      0,
      0,
      0,
      0,
      1,
      0,
      0,
      0,
      0,
      0,
      1
    ],
    [
      0,
      1,
      0,
      0,
      0,
      0,
      1,
      0,
      1,
      0,
      0,
      0,
      0,
      0,
      0,
      1
    ],
    [
      0.8090169943749475,
      0.30901699437494745,
      0.5,
      0,
      0.30901699437494745,
      0.5,
      -0.8090169943749475,
      0,
      -0.5,
      0.8090169943749475,
      0.30901699437494745,
      0,
      0,
      0,
      0,
      1
    ],
    [
      -0.5,
      0.8090169943749475,
      0.30901699437494745,
      0,
      0.8090169943749475,
      0.30901699437494745,
      0.5,
      0,
      0.30901699437494745,
      0.5,
      -0.8090169943749475,
      0,
      0,
      0,
      0,
      1
    ],
    [
      0.30901699437494745,
      0.5,
      -0.8090169943749475,
      0,
      -0.5,
      0.8090169943749475,
      0.30901699437494745,
      0,
      0.8090169943749475,
      0.30901699437494745,
      0.5,
      0,
      0,
      0,
      0,
      1
    ],
    [
      0.5,
      0.8090169943749475,
      0.30901699437494745,
      0,
      0.8090169943749475,
      -0.30901699437494745,
      -0.5,
      0,
      -0.30901699437494745,
      0.5,
      -0.8090169943749475,
      0,
      0,
      0,
      0,
      1
    ],
    [
      -0.30901699437494745,
      0.5,
      -0.8090169943749475,
      0,
      0.5,
      0.8090169943749475,
      0.30901699437494745,
      0,
      0.8090169943749475,
      -0.30901699437494745,
      -0.5,
      0,
      0,
      0,
      0,
      1
    ],
    [
      0.8090169943749475,
      -0.30901699437494745,
      -0.5,
      0,
      -0.30901699437494745,
      0.5,
      -0.8090169943749475,
      0,
      0.5,
      0.8090169943749475,
      0.30901699437494745,
      0,
      0,
      0,
      0,
      1
    ],
    [
      0.5,
      0.8090169943749475,
      -0.30901699437494745,
      0,
      0.8090169943749475,
      -0.30901699437494745,
      0.5,
      0,
      0.30901699437494745,
      -0.5,
      -0.8090169943749475,
      0,
      0,
      0,
      0,
      1
    ],
    [
      0.30901699437494745,
      -0.5,
      -0.8090169943749475,
      0,
      0.5,
      0.8090169943749475,
      -0.30901699437494745,
      0,
      0.8090169943749475,
      -0.30901699437494745,
      0.5,
      0,
      0,
      0,
      0,
      1
    ],
    [
      0.8090169943749475,
      -0.30901699437494745,
      0.5,
      0,
      0.30901699437494745,
      -0.5,
      -0.8090169943749475,
      0,
      0.5,
      0.8090169943749475,
      -0.30901699437494745,
      0,
      0,
      0,
      0,
      1
    ],
    [
      0.8090169943749475,
      0.30901699437494745,
      -0.5,
      0,
      0.30901699437494745,
      0.5,
      0.8090169943749475,
      0,
      0.5,
      -0.8090169943749475,
      0.30901699437494745,
      0,
      0,
      0,
      0,
      1
    ],
    [
      0.5,
      -0.8090169943749475,
      0.30901699437494745,
      0,
      0.8090169943749475,
      0.30901699437494745,
      -0.5,
      0,
      0.30901699437494745,
      0.5,
      0.8090169943749475,
      0,
      0,
      0,
      0,
      1
    ],
    [
      0.30901699437494745,
      0.5,
      0.8090169943749475,
      0,
      0.5,
      -0.8090169943749475,
      0.30901699437494745,
      0,
      0.8090169943749475,
      0.30901699437494745,
      -0.5,
      0,
      0,
      0,
      0,
      1
    ],
    [
      1,
      0,
      0,
      0,
      0,
      -1,
      0,
      0,
      0,
      0,
      -1,
      0,
      0,
      0,
      0,
      1
    ],
    [
      0,
      0,
      1,
      0,
      -1,
      0,
      0,
      0,
      0,
      -1,
      0,
      0,
      0,
      0,
      0,
      1
    ],
    [
      0,
      1,
      0,
      0,
      0,
      0,
      -1,
      0,
      -1,
      0,
      0,
      0,
      0,
      0,
      0,
      1
    ],
    [
      0.8090169943749475,
      0.30901699437494745,
      0.5,
      0,
      -0.30901699437494745,
      -0.5,
      0.8090169943749475,
      0,
      0.5,
      -0.8090169943749475,
      -0.30901699437494745,
      0,
      0,
      0,
      0,
      1
    ],
    [
      -0.5,
      0.8090169943749475,
      0.30901699437494745,
      0,
      -0.8090169943749475,
      -0.30901699437494745,
      -0.5,
      0,
      -0.30901699437494745,
      -0.5,
      0.8090169943749475,
      0,
      0,
      0,
      0,
      1
    ],
    [
      0.30901699437494745,
      0.5,
      -0.8090169943749475,
      0,
      0.5,
      -0.8090169943749475,
      -0.30901699437494745,
      0,
      -0.8090169943749475,
      -0.30901699437494745,
      -0.5,
      0,
      0,
      0,
      0,
      1
    ],
    [
      0.5,
      0.8090169943749475,
      0.30901699437494745,
      0,
      -0.8090169943749475,
      0.30901699437494745,
      0.5,
      0,
      0.30901699437494745,
      -0.5,
      0.8090169943749475,
      0,
      0,
      0,
      0,
      1
    ],
    [
      -0.30901699437494745,
      0.5,
      -0.8090169943749475,
      0,
      -0.5,
      -0.8090169943749475,
      -0.30901699437494745,
      0,
      -0.8090169943749475,
      0.30901699437494745,
      0.5,
      0,
      0,
      0,
      0,
      1
    ],
    [
      0.8090169943749475,
      -0.30901699437494745,
      -0.5,
      0,
      0.30901699437494745,
      -0.5,
      0.8090169943749475,
      0,
      -0.5,
      -0.8090169943749475,
      -0.30901699437494745,
      0,
      0,
      0,
      0,
      1
    ],
    [
      0.5,
      0.8090169943749475,
      -0.30901699437494745,
      0,
      -0.8090169943749475,
      0.30901699437494745,
      -0.5,
      0,
      -0.30901699437494745,
      0.5,
      0.8090169943749475,
      0,
      0,
      0,
      0,
      1
    ],
    [
      0.30901699437494745,
      -0.5,
      -0.8090169943749475,
      0,
      -0.5,
      -0.8090169943749475,
      0.30901699437494745,
      0,
      -0.8090169943749475,
      0.30901699437494745,
      -0.5,
      0,
      0,
      0,
      0,
      1
    ],
    [
      0.8090169943749475,
      -0.30901699437494745,
      0.5,
      0,
      -0.30901699437494745,
      0.5,
      0.8090169943749475,
      0,
      -0.5,
      -0.8090169943749475,
      0.30901699437494745,
      0,
      0,
      0,
      0,
      1
    ],
    [
      0.8090169943749475,
      0.30901699437494745,
      -0.5,
      0,
      -0.30901699437494745,
      -0.5,
      -0.8090169943749475,
      0,
      -0.5,
      0.8090169943749475,
      -0.30901699437494745,
      0,
      0,
      0,
      0,
      1
    ],
    [
      0.5,
      -0.8090169943749475,
      0.30901699437494745,
      0,
      -0.8090169943749475,
      -0.30901699437494745,
      0.5,
      0,
      -0.30901699437494745,
      -0.5,
      -0.8090169943749475,
      0,
      0,
      0,
      0,
      1
    ],
    [
      0.30901699437494745,
      0.5,
      0.8090169943749475,
      0,
      -0.5,
      0.8090169943749475,
      -0.30901699437494745,
      0,
      -0.8090169943749475,
      -0.30901699437494745,
      0.5,
      0,
      0,
      0,
      0,
      1
    ],
    [
      -1,
      0,
      0,
      0,
      0,
      -1,
      0,
      0,
      0,
      0,
      1,
      0,
      0,
      0,
      0,
      1
    ],
    [
      0,
      0,
      -1,
      0,
      -1,
      0,
      0,
      0,
      0,
      1,
      0,
      0,
      0,
      0,
      0,
      1
    ],
    [
      0,
      -1,
      0,
      0,
      0,
      0,
      -1,
      0,
      1,
      0,
      0,
      0,
      0,
      0,
      0,
      1
    ],
    [
      -0.8090169943749475,
      -0.30901699437494745,
      -0.5,
      0,
      -0.30901699437494745,
      -0.5,
      0.8090169943749475,
      0,
      -0.5,
      0.8090169943749475,
      0.30901699437494745,
      0,
      0,
      0,
      0,
      1
    ],
    [
      0.5,
      -0.8090169943749475,
      -0.30901699437494745,
      0,
      -0.8090169943749475,
      -0.30901699437494745,
      -0.5,
      0,
      0.30901699437494745,
      0.5,
      -0.8090169943749475,
      0,
      0,
      0,
      0,
      1
    ],
    [
      -0.30901699437494745,
      -0.5,
      0.8090169943749475,
      0,
      0.5,
      -0.8090169943749475,
      -0.30901699437494745,
      0,
      0.8090169943749475,
      0.30901699437494745,
      0.5,
      0,
      0,
      0,
      0,
      1
    ],
    [
      -0.5,
      -0.8090169943749475,
      -0.30901699437494745,
      0,
      -0.8090169943749475,
      0.30901699437494745,
      0.5,
      0,
      -0.30901699437494745,
      0.5,
      -0.8090169943749475,
      0,
      0,
      0,
      0,
      1
    ],
    [
      0.30901699437494745,
      -0.5,
      0.8090169943749475,
      0,
      -0.5,
      -0.8090169943749475,
      -0.30901699437494745,
      0,
      0.8090169943749475,
      -0.30901699437494745,
      -0.5,
      0,
      0,
      0,
      0,
      1
    ],
    [
      -0.8090169943749475,
      0.30901699437494745,
      0.5,
      0,
      0.30901699437494745,
      -0.5,
      0.8090169943749475,
      0,
      0.5,
      0.8090169943749475,
      0.30901699437494745,
      0,
      0,
      0,
      0,
      1
    ],
    [
      -0.5,
      -0.8090169943749475,
      0.30901699437494745,
      0,
      -0.8090169943749475,
      0.30901699437494745,
      -0.5,
      0,
      0.30901699437494745,
      -0.5,
      -0.8090169943749475,
      0,
      0,
      0,
      0,
      1
    ],
    [
      -0.30901699437494745,
      0.5,
      0.8090169943749475,
      0,
      -0.5,
      -0.8090169943749475,
      0.30901699437494745,
      0,
      0.8090169943749475,
      -0.30901699437494745,
      0.5,
      0,
      0,
      0,
      0,
      1
    ],
    [
      -0.8090169943749475,
      0.30901699437494745,
      -0.5,
      0,
      -0.30901699437494745,
      0.5,
      0.8090169943749475,
      0,
      0.5,
      0.8090169943749475,
      -0.30901699437494745,
      0,
      0,
      0,
      0,
      1
    ],
    [
      -0.8090169943749475,
      -0.30901699437494745,
      0.5,
      0,
      -0.30901699437494745,
      -0.5,
      -0.8090169943749475,
      0,
      0.5,
      -0.8090169943749475,
      0.30901699437494745,
      0,
      0,
      0,
      0,
      1
    ],
    [
      -0.5,
      0.8090169943749475,
      -0.30901699437494745,
      0,
      -0.8090169943749475,
      -0.30901699437494745,
      0.5,
      0,
      0.30901699437494745,
      0.5,
      0.8090169943749475,
      0,
      0,
      0,
      0,
      1
    ],
    [
      -0.30901699437494745,
      -0.5,
      -0.8090169943749475,
      0,
      -0.5,
      0.8090169943749475,
      -0.30901699437494745,
      0,
      0.8090169943749475,
      0.30901699437494745,
      -0.5,
      0,
      0,
      0,
      0,
      1
    ],
    [
      -1,
      0,
      0,
      0,
      0,
      1,
      0,
      0,
      0,
      0,
      -1,
      0,
      0,
      0,
      0,
      1
    ],
    [
      0,
      0,
      -1,
      0,
      1,
      0,
      0,
      0,
      0,
      -1,
      0,
      0,
      0,
      0,
      0,
      1
    ],
    [
      0,
      -1,
      0,
      0,
      0,
      0,
      1,
      0,
      -1,
      0,
      0,
      0,
      0,
      0,
      0,
      1
    ],
    [
      -0.8090169943749475,
      -0.30901699437494745,
      -0.5,
      0,
      0.30901699437494745,
      0.5,
      -0.8090169943749475,
      0,
      0.5,
      -0.8090169943749475,
      -0.30901699437494745,
      0,
      0,
      0,
      0,
      1
    ],
    [
      0.5,
      -0.8090169943749475,
      -0.30901699437494745,
      0,
      0.8090169943749475,
      0.30901699437494745,
      0.5,
      0,
      -0.30901699437494745,
      -0.5,
      0.8090169943749475,
      0,
      0,
      0,
      0,
      1
    ],
    [
      -0.30901699437494745,
      -0.5,
      0.8090169943749475,
      0,
      -0.5,
      0.8090169943749475,
      0.30901699437494745,
      0,
      -0.8090169943749475,
      -0.30901699437494745,
      -0.5,
      0,
      0,
      0,
      0,
      1
    ],
    [
      -0.5,
      -0.8090169943749475,
      -0.30901699437494745,
      0,
      0.8090169943749475,
      -0.30901699437494745,
      -0.5,
      0,
      0.30901699437494745,
      -0.5,
      0.8090169943749475,
      0,
      0,
      0,
      0,
      1
    ],
    [
      0.30901699437494745,
      -0.5,
      0.8090169943749475,
      0,
      0.5,
      0.8090169943749475,
      0.30901699437494745,
      0,
      -0.8090169943749475,
      0.30901699437494745,
      0.5,
      0,
      0,
      0,
      0,
      1
    ],
    [
      -0.8090169943749475,
      0.30901699437494745,
      0.5,
      0,
      -0.30901699437494745,
      0.5,
      -0.8090169943749475,
      0,
      -0.5,
      -0.8090169943749475,
      -0.30901699437494745,
      0,
      0,
      0,
      0,
      1
    ],
    [
      -0.5,
      -0.8090169943749475,
      0.30901699437494745,
      0,
      0.8090169943749475,
      -0.30901699437494745,
      0.5,
      0,
      -0.30901699437494745,
      0.5,
      0.8090169943749475,
      0,
      0,
      0,
      0,
      1
    ],
    [
      -0.30901699437494745,
      0.5,
      0.8090169943749475,
      0,
      0.5,
      0.8090169943749475,
      -0.30901699437494745,
      0,
      -0.8090169943749475,
      0.30901699437494745,
      -0.5,
      0,
      0,
      0,
      0,
      1
    ],
    [
      -0.8090169943749475,
      0.30901699437494745,
      -0.5,
      0,
      0.30901699437494745,
      -0.5,
      -0.8090169943749475,
      0,
      -0.5,
      -0.8090169943749475,
      0.30901699437494745,
      0,
      0,
      0,
      0,
      1
    ],
    [
      -0.8090169943749475,
      -0.30901699437494745,
      0.5,
      0,
      0.30901699437494745,
      0.5,
      0.8090169943749475,
      0,
      -0.5,
      0.8090169943749475,
      -0.30901699437494745,
      0,
      0,
      0,
      0,
      1
    ],
    [
      -0.5,
      0.8090169943749475,
      -0.30901699437494745,
      0,
      0.8090169943749475,
      0.30901699437494745,
      -0.5,
      0,
      -0.30901699437494745,
      -0.5,
      -0.8090169943749475,
      0,
      0,
      0,
      0,
      1
    ],
    [
      -0.30901699437494745,
      -0.5,
      -0.8090169943749475,
      0,
      0.5,
      -0.8090169943749475,
      0.30901699437494745,
      0,
      -0.8090169943749475,
      -0.30901699437494745,
      0.5,
      0,
      0,
      0,
      0,
      1
    ]
  ],
  "polygons": true,
  "shapes": {
    "s5732986401441618": {
      "id": "s5732986401441618",
      "name": "ball",
      "vertices": [
        {
          "x": -0.30901700258255005,
          "y": -0.19098301231861115,
          "z": 0
        },
        {
          "x": -0.30901700258255005,
          "y": 0.19098301231861115,
          "z": 0
        },
        {
          "x": -0.19098301231861115,
          "y": 0,
          "z": -0.30901700258255005
        },
        {
          "x": -0.19098301231861115,
          "y": 0,
          "z": 0.30901700258255005
        },
        {
          "x": 0,
          "y": -0.30901700258255005,
          "z": -0.19098301231861115
        },
        {
          "x": 0,
          "y": -0.30901700258255005,
          "z": 0.19098301231861115
        },
        {
          "x": 0,
          "y": 0.30901700258255005,
          "z": -0.19098301231861115
        },
        {
          "x": 0,
          "y": 0.30901700258255005,
          "z": 0.19098301231861115
        },
        {
          "x": 0.19098301231861115,
          "y": 0,
          "z": -0.30901700258255005
        },
        {
          "x": 0.19098301231861115,
          "y": 0,
          "z": 0.30901700258255005
        },
        {
          "x": 0.30901700258255005,
          "y": -0.19098301231861115,
          "z": 0
        },
        {
          "x": 0.30901700258255005,
          "y": 0.19098301231861115,
          "z": 0
        }
      ],
      "faces": [
        {
          "vertices": [
            0,
            3,
            1
          ]
        },
        {
          "vertices": [
            0,
            1,
            2
          ]
        },
        {
          "vertices": [
            0,
            5,
            3
          ]
        },
        {
          "vertices": [
            0,
            2,
            4
          ]
        },
        {
          "vertices": [
            0,
            4,
            5
          ]
        },
        {
          "vertices": [
            1,
            6,
            2
          ]
        },
        {
          "vertices": [
            1,
            3,
            7
          ]
        },
        {
          "vertices": [
            3,
            9,
            7
          ]
        },
        {
          "vertices": [
            4,
            10,
            5
          ]
        },
        {
          "vertices": [
            1,
            7,
            6
          ]
        },
        {
          "vertices": [
            2,
            8,
            4
          ]
        },
        {
          "vertices": [
            2,
            6,
            8
          ]
        },
        {
          "vertices": [
            3,
            5,
            9
          ]
        },
        {
          "vertices": [
            4,
            8,
            10
          ]
        },
        {
          "vertices": [
            5,
            10,
            9
          ]
        },
        {
          "vertices": [
            6,
            7,
            11
          ]
        },
        {
          "vertices": [
            7,
            9,
            11
          ]
        },
        {
          "vertices": [
            6,
            11,
            8
          ]
        },
        {
          "vertices": [
            9,
            10,
            11
          ]
        },
        {
          "vertices": [
            8,
            11,
            10
          ]
        }
      ]
    },
    "s9673827597658784": {
      "id": "s9673827597658784",
      "orbit": "[[0,0,1],[0,0,1]]",
      "length": "[1,0,1]",
      "vertices": [
        {
          "x": 1,
          "y": 0.30901700258255005,
          "z": 0.19098301231861115
        },
        {
          "x": 1,
          "y": -0.30901700258255005,
          "z": 0.19098301231861115
        },
        {
          "x": 7.4721360206604,
          "y": -0.30901700258255005,
          "z": 0.19098301231861115
        },
        {
          "x": 7.4721360206604,
          "y": 0.30901700258255005,
          "z": 0.19098301231861115
        },
        {
          "x": 7.4721360206604,
          "y": -0.30901700258255005,
          "z": -0.19098301231861115
        },
        {
          "x": 7.4721360206604,
          "y": 0.30901700258255005,
          "z": -0.19098301231861115
        },
        {
          "x": 8.090169906616211,
          "y": 0,
          "z": 0
        },
        {
          "x": 0.3819660246372223,
          "y": 0,
          "z": 0
        },
        {
          "x": 1,
          "y": 0.30901700258255005,
          "z": -0.19098301231861115
        },
        {
          "x": 1,
          "y": -0.30901700258255005,
          "z": -0.19098301231861115
        },
        {
          "x": 8.472135543823242,
          "y": 0,
          "z": 0
        }
      ],
      "faces": [
        {
          "vertices": [
            0,
            1,
            2,
            3
          ]
        },
        {
          "vertices": [
            2,
            4,
            6
          ]
        },
        {
          "vertices": [
            7,
            8,
            9
          ]
        },
        {
          "vertices": [
            4,
            9,
            8,
            5
          ]
        },
        {
          "vertices": [
            1,
            9,
            4,
            2
          ]
        },
        {
          "vertices": [
            0,
            3,
            5,
            8
          ]
        },
        {
          "vertices": [
            1,
            7,
            9
          ]
        },
        {
          "vertices": [
            2,
            6,
            3
          ]
        },
        {
          "vertices": [
            0,
            7,
            1
          ]
        },
        {
          "vertices": [
            4,
            5,
            6
          ]
        },
        {
          "vertices": [
            0,
            8,
            7
          ]
        },
        {
          "vertices": [
            3,
            6,
            5
          ]
        }
      ]
    },
    "s6678968329098509": {
      "id": "s6678968329098509",
      "orbit": "[[-1,1,1],[0,0,1]]",
      "length": "[1,0,1]",
      "vertices": [
        {
          "x": 0.9045084714889526,
          "y": 0.345491498708725,
          "z": 0.25
        },
        {
          "x": 6.140576362609863,
          "y": 3.581559419631958,
          "z": 0.25
        },
        {
          "x": 5.949593544006348,
          "y": 3.8905763626098633,
          "z": 0.25
        },
        {
          "x": 0.7135254740715027,
          "y": 0.6545084714889526,
          "z": 0.25
        },
        {
          "x": 0.80901700258255,
          "y": 0.5,
          "z": -0.30901700258255005
        },
        {
          "x": 0.9635254740715027,
          "y": 0.25,
          "z": -0.09549150615930557
        },
        {
          "x": 0.30901700258255005,
          "y": 0.19098301231861115,
          "z": 0
        },
        {
          "x": 6.5450849533081055,
          "y": 4.0450849533081055,
          "z": 0
        },
        {
          "x": 5.890576362609863,
          "y": 3.9860680103302,
          "z": -0.09549150615930557
        },
        {
          "x": 6.0450849533081055,
          "y": 3.7360680103302,
          "z": -0.30901700258255005
        },
        {
          "x": 6.85410213470459,
          "y": 4.236067771911621,
          "z": 0
        },
        {
          "x": 0.6545084714889526,
          "y": 0.75,
          "z": -0.09549150615930557
        },
        {
          "x": 6.199593544006348,
          "y": 3.4860680103302,
          "z": -0.09549150615930557
        }
      ],
      "faces": [
        {
          "vertices": [
            0,
            1,
            2,
            3
          ]
        },
        {
          "vertices": [
            4,
            5,
            6
          ]
        },
        {
          "vertices": [
            2,
            7,
            8
          ]
        },
        {
          "vertices": [
            0,
            6,
            5
          ]
        },
        {
          "vertices": [
            7,
            9,
            8
          ]
        },
        {
          "vertices": [
            2,
            8,
            11,
            3
          ]
        },
        {
          "vertices": [
            4,
            9,
            12,
            5
          ]
        },
        {
          "vertices": [
            7,
            12,
            9
          ]
        },
        {
          "vertices": [
            4,
            6,
            11
          ]
        },
        {
          "vertices": [
            0,
            3,
            6
          ]
        },
        {
          "vertices": [
            1,
            12,
            7
          ]
        },
        {
          "vertices": [
            3,
            11,
            6
          ]
        },
        {
          "vertices": [
            1,
            7,
            2
          ]
        },
        {
          "vertices": [
            4,
            11,
            8,
            9
          ]
        },
        {
          "vertices": [
            0,
            5,
            12,
            1
          ]
        }
      ]
    },
    "s835712821737288": {
      "id": "s835712821737288",
      "orbit": "[[-1,1,2],[2,-1,2]]",
      "length": "[0,1,1]",
      "vertices": [
        {
          "x": 9.14589786529541,
          "y": 10.70820426940918,
          "z": 0
        },
        {
          "x": 8.427050590515137,
          "y": 10.090169906616211,
          "z": 0.30901700258255005
        },
        {
          "x": 8.927050590515137,
          "y": 9.899187088012695,
          "z": 0
        },
        {
          "x": 8.809017181396484,
          "y": 10.090169906616211,
          "z": -0.30901700258255005
        },
        {
          "x": 8.309017181396484,
          "y": 10.281152725219727,
          "z": 0
        },
        {
          "x": 0.5450849533081055,
          "y": 1.1909830570220947,
          "z": 0
        },
        {
          "x": 0.6631189584732056,
          "y": 1,
          "z": 0.30901700258255005
        },
        {
          "x": 1.1631189584732056,
          "y": 0.80901700258255,
          "z": 0
        },
        {
          "x": 1.0450849533081055,
          "y": 1,
          "z": -0.30901700258255005
        },
        {
          "x": 0.32623791694641113,
          "y": 0.3819660246372223,
          "z": 0
        },
        {
          "x": 9.472135543823242,
          "y": 11.090169906616211,
          "z": 0
        }
      ],
      "faces": [
        {
          "vertices": [
            0,
            1,
            2
          ]
        },
        {
          "vertices": [
            1,
            4,
            5,
            6
          ]
        },
        {
          "vertices": [
            1,
            6,
            7,
            2
          ]
        },
        {
          "vertices": [
            2,
            7,
            8,
            3
          ]
        },
        {
          "vertices": [
            5,
            9,
            6
          ]
        },
        {
          "vertices": [
            3,
            8,
            5,
            4
          ]
        },
        {
          "vertices": [
            0,
            2,
            3
          ]
        },
        {
          "vertices": [
            0,
            4,
            1
          ]
        },
        {
          "vertices": [
            0,
            3,
            4
          ]
        },
        {
          "vertices": [
            6,
            9,
            7
          ]
        },
        {
          "vertices": [
            5,
            8,
            9
          ]
        },
        {
          "vertices": [
            7,
            9,
            8
          ]
        }
      ]
    },
    "s07446084269998332": {
      "id": "s07446084269998332",
      "orbit": "[[-1,1,2],[2,-1,2]]",
      "length": "[1,1,1]",
      "vertices": [
        {
          "x": 15,
          "y": 17.562305450439453,
          "z": 0
        },
        {
          "x": 14.281152725219727,
          "y": 16.944271087646484,
          "z": 0.30901700258255005
        },
        {
          "x": 14.781152725219727,
          "y": 16.75328826904297,
          "z": 0
        },
        {
          "x": 14.663119316101074,
          "y": 16.944271087646484,
          "z": -0.30901700258255005
        },
        {
          "x": 14.163119316101074,
          "y": 17.135255813598633,
          "z": 0
        },
        {
          "x": 0.5450849533081055,
          "y": 1.1909830570220947,
          "z": 0
        },
        {
          "x": 0.6631189584732056,
          "y": 1,
          "z": 0.30901700258255005
        },
        {
          "x": 1.1631189584732056,
          "y": 0.80901700258255,
          "z": 0
        },
        {
          "x": 1.0450849533081055,
          "y": 1,
          "z": -0.30901700258255005
        },
        {
          "x": 0.32623791694641113,
          "y": 0.3819660246372223,
          "z": 0
        },
        {
          "x": 15.326237678527832,
          "y": 17.944271087646484,
          "z": 0
        }
      ],
      "faces": [
        {
          "vertices": [
            0,
            1,
            2
          ]
        },
        {
          "vertices": [
            1,
            4,
            5,
            6
          ]
        },
        {
          "vertices": [
            1,
            6,
            7,
            2
          ]
        },
        {
          "vertices": [
            2,
            7,
            8,
            3
          ]
        },
        {
          "vertices": [
            5,
            9,
            6
          ]
        },
        {
          "vertices": [
            3,
            8,
            5,
            4
          ]
        },
        {
          "vertices": [
            0,
            2,
            3
          ]
        },
        {
          "vertices": [
            0,
            4,
            1
          ]
        },
        {
          "vertices": [
            0,
            3,
            4
          ]
        },
        {
          "vertices": [
            6,
            9,
            7
          ]
        },
        {
          "vertices": [
            5,
            8,
            9
          ]
        },
        {
          "vertices": [
            7,
            9,
            8
          ]
        }
      ]
    },
    "s11064037683217665": {
      "id": "s11064037683217665",
      "vertices": [
        {
          "x": 0,
          "y": 0,
          "z": 0
        },
        {
          "x": -4.236067771911621,
          "y": 6.85410213470459,
          "z": -2.6180338859558105
        },
        {
          "x": -4.236067771911621,
          "y": 6.85410213470459,
          "z": 11.090169906616211
        }
      ],
      "faces": [
        {
          "vertices": [
            0,
            1,
            2
          ]
        },
        {
          "vertices": [
            0,
            2,
            1
          ]
        }
      ]
    },
    "s2960266311030566": {
      "id": "s2960266311030566",
      "orbit": "[[-1,1,1],[0,0,1]]",
      "length": "[0,1,1]",
      "vertices": [
        {
          "x": 0.9045084714889526,
          "y": 0.345491498708725,
          "z": 0.25
        },
        {
          "x": 10.376644134521484,
          "y": 6.199593544006348,
          "z": 0.25
        },
        {
          "x": 10.185661315917969,
          "y": 6.508610248565674,
          "z": 0.25
        },
        {
          "x": 0.7135254740715027,
          "y": 0.6545084714889526,
          "z": 0.25
        },
        {
          "x": 0.80901700258255,
          "y": 0.5,
          "z": -0.30901700258255005
        },
        {
          "x": 0.9635254740715027,
          "y": 0.25,
          "z": -0.09549150615930557
        },
        {
          "x": 0.30901700258255005,
          "y": 0.19098301231861115,
          "z": 0
        },
        {
          "x": 10.781152725219727,
          "y": 6.663118839263916,
          "z": 0
        },
        {
          "x": 10.126644134521484,
          "y": 6.60410213470459,
          "z": -0.09549150615930557
        },
        {
          "x": 10.281152725219727,
          "y": 6.35410213470459,
          "z": -0.30901700258255005
        },
        {
          "x": 11.090169906616211,
          "y": 6.85410213470459,
          "z": 0
        },
        {
          "x": 0.6545084714889526,
          "y": 0.75,
          "z": -0.09549150615930557
        },
        {
          "x": 10.435661315917969,
          "y": 6.10410213470459,
          "z": -0.09549150615930557
        }
      ],
      "faces": [
        {
          "vertices": [
            0,
            1,
            2,
            3
          ]
        },
        {
          "vertices": [
            4,
            5,
            6
          ]
        },
        {
          "vertices": [
            2,
            7,
            8
          ]
        },
        {
          "vertices": [
            0,
            6,
            5
          ]
        },
        {
          "vertices": [
            7,
            9,
            8
          ]
        },
        {
          "vertices": [
            2,
            8,
            11,
            3
          ]
        },
        {
          "vertices": [
            4,
            9,
            12,
            5
          ]
        },
        {
          "vertices": [
            7,
            12,
            9
          ]
        },
        {
          "vertices": [
            4,
            6,
            11
          ]
        },
        {
          "vertices": [
            0,
            3,
            6
          ]
        },
        {
          "vertices": [
            1,
            12,
            7
          ]
        },
        {
          "vertices": [
            3,
            11,
            6
          ]
        },
        {
          "vertices": [
            1,
            7,
            2
          ]
        },
        {
          "vertices": [
            4,
            11,
            8,
            9
          ]
        },
        {
          "vertices": [
            0,
            5,
            12,
            1
          ]
        }
      ]
    },
    "s6328809285124142": {
      "id": "s6328809285124142",
      "orbit": "[[-4,3,5],[3,-1,5]]",
      "length": "[-8,5,1]",
      "vertices": [
        {
          "x": 0.20943763852119446,
          "y": -0.25936052203178406,
          "z": 0.08817838877439499
        },
        {
          "x": 0.10943764448165894,
          "y": 0.14063948392868042,
          "z": 0.1881783902645111
        },
        {
          "x": 0.4815453588962555,
          "y": 0.37739449739456177,
          "z": -0.27916139364242554
        },
        {
          "x": 0.581545352935791,
          "y": -0.022605499252676964,
          "z": -0.37916138768196106
        },
        {
          "x": -0.12389568984508514,
          "y": 0.2739728093147278,
          "z": -0.11182160675525665
        },
        {
          "x": -0.023895688354969025,
          "y": -0.1260271817445755,
          "z": -0.21182160079479218
        },
        {
          "x": 0.8148787021636963,
          "y": -0.15593883395195007,
          "z": -0.0791613981127739
        },
        {
          "x": 0.7148786783218384,
          "y": 0.2440611720085144,
          "z": 0.020838601514697075
        }
      ],
      "faces": [
        {
          "vertices": [
            2,
            4,
            5,
            3
          ]
        },
        {
          "vertices": [
            0,
            6,
            3,
            5
          ]
        },
        {
          "vertices": [
            0,
            1,
            7,
            6
          ]
        },
        {
          "vertices": [
            1,
            4,
            2,
            7
          ]
        },
        {
          "vertices": [
            2,
            3,
            6,
            7
          ]
        },
        {
          "vertices": [
            0,
            5,
            4,
            1
          ]
        }
      ]
    },
    "s7413284264849749": {
      "id": "s7413284264849749",
      "orbit": "[[-1,1,1],[0,0,1]]",
      "length": "[-1,1,1]",
      "vertices": [
        {
          "x": 0.9045084714889526,
          "y": 0.345491498708725,
          "z": 0.25
        },
        {
          "x": 3.5225424766540527,
          "y": 1.9635255336761475,
          "z": 0.25
        },
        {
          "x": 3.331559419631958,
          "y": 2.2725424766540527,
          "z": 0.25
        },
        {
          "x": 0.7135254740715027,
          "y": 0.6545084714889526,
          "z": 0.25
        },
        {
          "x": 0.80901700258255,
          "y": 0.5,
          "z": -0.30901700258255005
        },
        {
          "x": 0.9635254740715027,
          "y": 0.25,
          "z": -0.09549150615930557
        },
        {
          "x": 0.30901700258255005,
          "y": 0.19098301231861115,
          "z": 0
        },
        {
          "x": 3.927051067352295,
          "y": 2.427051067352295,
          "z": 0
        },
        {
          "x": 3.2725424766540527,
          "y": 2.3680338859558105,
          "z": -0.09549150615930557
        },
        {
          "x": 3.427051067352295,
          "y": 2.1180338859558105,
          "z": -0.30901700258255005
        },
        {
          "x": 4.236067771911621,
          "y": 2.6180338859558105,
          "z": 0
        },
        {
          "x": 0.6545084714889526,
          "y": 0.75,
          "z": -0.09549150615930557
        },
        {
          "x": 3.581559419631958,
          "y": 1.8680340051651,
          "z": -0.09549150615930557
        }
      ],
      "faces": [
        {
          "vertices": [
            0,
            1,
            2,
            3
          ]
        },
        {
          "vertices": [
            4,
            5,
            6
          ]
        },
        {
          "vertices": [
            2,
            7,
            8
          ]
        },
        {
          "vertices": [
            0,
            6,
            5
          ]
        },
        {
          "vertices": [
            7,
            9,
            8
          ]
        },
        {
          "vertices": [
            2,
            8,
            11,
            3
          ]
        },
        {
          "vertices": [
            4,
            9,
            12,
            5
          ]
        },
        {
          "vertices": [
            7,
            12,
            9
          ]
        },
        {
          "vertices": [
            4,
            6,
            11
          ]
        },
        {
          "vertices": [
            0,
            3,
            6
          ]
        },
        {
          "vertices": [
            1,
            12,
            7
          ]
        },
        {
          "vertices": [
            3,
            11,
            6
          ]
        },
        {
          "vertices": [
            1,
            7,
            2
          ]
        },
        {
          "vertices": [
            4,
            11,
            8,
            9
          ]
        },
        {
          "vertices": [
            0,
            5,
            12,
            1
          ]
        }
      ]
    },
    "s3846104738840148": {
      "id": "s3846104738840148",
      "vertices": [
        {
          "x": 0,
          "y": 0,
          "z": 0
        },
