{
  "field" : "golden",
  "symmetry" : "icosahedral",
  "orientations" : [ [ 1.0, 0.0, 0.0, 0.0, 0.0, 1.0, 0.0, 0.0, 0.0, 0.0, 1.0, 0.0, 0.0, 0.0, 0.0, 1.0 ], [ 0.0, 0.0, 1.0, 0.0, 1.0, 0.0, 0.0, 0.0, 0.0, 1.0, 0.0, 0.0, 0.0, 0.0, 0.0, 1.0 ], [ 0.0, 1.0, 0.0, 0.0, 0.0, 0.0, 1.0, 0.0, 1.0, 0.0, 0.0, 0.0, 0.0, 0.0, 0.0, 1.0 ], [ 0.809017, 0.309017, 0.5, 0.0, 0.309017, 0.5, -0.809017, 0.0, -0.5, 0.809017, 0.309017, 0.0, 0.0, 0.0, 0.0, 1.0 ], [ -0.5, 0.809017, 0.309017, 0.0, 0.809017, 0.309017, 0.5, 0.0, 0.309017, 0.5, -0.809017, 0.0, 0.0, 0.0, 0.0, 1.0 ], [ 0.309017, 0.5, -0.809017, 0.0, -0.5, 0.809017, 0.309017, 0.0, 0.809017, 0.309017, 0.5, 0.0, 0.0, 0.0, 0.0, 1.0 ], [ 0.5, 0.809017, 0.309017, 0.0, 0.809017, -0.309017, -0.5, 0.0, -0.309017, 0.5, -0.809017, 0.0, 0.0, 0.0, 0.0, 1.0 ], [ -0.309017, 0.5, -0.809017, 0.0, 0.5, 0.809017, 0.309017, 0.0, 0.809017, -0.309017, -0.5, 0.0, 0.0, 0.0, 0.0, 1.0 ], [ 0.809017, -0.309017, -0.5, 0.0, -0.309017, 0.5, -0.809017, 0.0, 0.5, 0.809017, 0.309017, 0.0, 0.0, 0.0, 0.0, 1.0 ], [ 0.5, 0.809017, -0.309017, 0.0, 0.809017, -0.309017, 0.5, 0.0, 0.309017, -0.5, -0.809017, 0.0, 0.0, 0.0, 0.0, 1.0 ], [ 0.309017, -0.5, -0.809017, 0.0, 0.5, 0.809017, -0.309017, 0.0, 0.809017, -0.309017, 0.5, 0.0, 0.0, 0.0, 0.0, 1.0 ], [ 0.809017, -0.309017, 0.5, 0.0, 0.309017, -0.5, -0.809017, 0.0, 0.5, 0.809017, -0.309017, 0.0, 0.0, 0.0, 0.0, 1.0 ], [ 0.809017, 0.309017, -0.5, 0.0, 0.309017, 0.5, 0.809017, 0.0, 0.5, -0.809017, 0.309017, 0.0, 0.0, 0.0, 0.0, 1.0 ], [ 0.5, -0.809017, 0.309017, 0.0, 0.809017, 0.309017, -0.5, 0.0, 0.309017, 0.5, 0.809017, 0.0, 0.0, 0.0, 0.0, 1.0 ], [ 0.309017, 0.5, 0.809017, 0.0, 0.5, -0.809017, 0.309017, 0.0, 0.809017, 0.309017, -0.5, 0.0, 0.0, 0.0, 0.0, 1.0 ], [ 1.0, 0.0, 0.0, 0.0, 0.0, -1.0, 0.0, 0.0, 0.0, 0.0, -1.0, 0.0, 0.0, 0.0, 0.0, 1.0 ], [ 0.0, 0.0, 1.0, 0.0, -1.0, 0.0, 0.0, 0.0, 0.0, -1.0, 0.0, 0.0, 0.0, 0.0, 0.0, 1.0 ], [ 0.0, 1.0, 0.0, 0.0, 0.0, 0.0, -1.0, 0.0, -1.0, 0.0, 0.0, 0.0, 0.0, 0.0, 0.0, 1.0 ], [ 0.809017, 0.309017, 0.5, 0.0, -0.309017, -0.5, 0.809017, 0.0, 0.5, -0.809017, -0.309017, 0.0, 0.0, 0.0, 0.0, 1.0 ], [ -0.5, 0.809017, 0.309017, 0.0, -0.809017, -0.309017, -0.5, 0.0, -0.309017, -0.5, 0.809017, 0.0, 0.0, 0.0, 0.0, 1.0 ], [ 0.309017, 0.5, -0.809017, 0.0, 0.5, -0.809017, -0.309017, 0.0, -0.809017, -0.309017, -0.5, 0.0, 0.0, 0.0, 0.0, 1.0 ], [ 0.5, 0.809017, 0.309017, 0.0, -0.809017, 0.309017, 0.5, 0.0, 0.309017, -0.5, 0.809017, 0.0, 0.0, 0.0, 0.0, 1.0 ], [ -0.309017, 0.5, -0.809017, 0.0, -0.5, -0.809017, -0.309017, 0.0, -0.809017, 0.309017, 0.5, 0.0, 0.0, 0.0, 0.0, 1.0 ], [ 0.809017, -0.309017, -0.5, 0.0, 0.309017, -0.5, 0.809017, 0.0, -0.5, -0.809017, -0.309017, 0.0, 0.0, 0.0, 0.0, 1.0 ], [ 0.5, 0.809017, -0.309017, 0.0, -0.809017, 0.309017, -0.5, 0.0, -0.309017, 0.5, 0.809017, 0.0, 0.0, 0.0, 0.0, 1.0 ], [ 0.309017, -0.5, -0.809017, 0.0, -0.5, -0.809017, 0.309017, 0.0, -0.809017, 0.309017, -0.5, 0.0, 0.0, 0.0, 0.0, 1.0 ], [ 0.809017, -0.309017, 0.5, 0.0, -0.309017, 0.5, 0.809017, 0.0, -0.5, -0.809017, 0.309017, 0.0, 0.0, 0.0, 0.0, 1.0 ], [ 0.809017, 0.309017, -0.5, 0.0, -0.309017, -0.5, -0.809017, 0.0, -0.5, 0.809017, -0.309017, 0.0, 0.0, 0.0, 0.0, 1.0 ], [ 0.5, -0.809017, 0.309017, 0.0, -0.809017, -0.309017, 0.5, 0.0, -0.309017, -0.5, -0.809017, 0.0, 0.0, 0.0, 0.0, 1.0 ], [ 0.309017, 0.5, 0.809017, 0.0, -0.5, 0.809017, -0.309017, 0.0, -0.809017, -0.309017, 0.5, 0.0, 0.0, 0.0, 0.0, 1.0 ], [ -1.0, 0.0, 0.0, 0.0, 0.0, -1.0, 0.0, 0.0, 0.0, 0.0, 1.0, 0.0, 0.0, 0.0, 0.0, 1.0 ], [ 0.0, 0.0, -1.0, 0.0, -1.0, 0.0, 0.0, 0.0, 0.0, 1.0, 0.0, 0.0, 0.0, 0.0, 0.0, 1.0 ], [ 0.0, -1.0, 0.0, 0.0, 0.0, 0.0, -1.0, 0.0, 1.0, 0.0, 0.0, 0.0, 0.0, 0.0, 0.0, 1.0 ], [ -0.809017, -0.309017, -0.5, 0.0, -0.309017, -0.5, 0.809017, 0.0, -0.5, 0.809017, 0.309017, 0.0, 0.0, 0.0, 0.0, 1.0 ], [ 0.5, -0.809017, -0.309017, 0.0, -0.809017, -0.309017, -0.5, 0.0, 0.309017, 0.5, -0.809017, 0.0, 0.0, 0.0, 0.0, 1.0 ], [ -0.309017, -0.5, 0.809017, 0.0, 0.5, -0.809017, -0.309017, 0.0, 0.809017, 0.309017, 0.5, 0.0, 0.0, 0.0, 0.0, 1.0 ], [ -0.5, -0.809017, -0.309017, 0.0, -0.809017, 0.309017, 0.5, 0.0, -0.309017, 0.5, -0.809017, 0.0, 0.0, 0.0, 0.0, 1.0 ], [ 0.309017, -0.5, 0.809017, 0.0, -0.5, -0.809017, -0.309017, 0.0, 0.809017, -0.309017, -0.5, 0.0, 0.0, 0.0, 0.0, 1.0 ], [ -0.809017, 0.309017, 0.5, 0.0, 0.309017, -0.5, 0.809017, 0.0, 0.5, 0.809017, 0.309017, 0.0, 0.0, 0.0, 0.0, 1.0 ], [ -0.5, -0.809017, 0.309017, 0.0, -0.809017, 0.309017, -0.5, 0.0, 0.309017, -0.5, -0.809017, 0.0, 0.0, 0.0, 0.0, 1.0 ], [ -0.309017, 0.5, 0.809017, 0.0, -0.5, -0.809017, 0.309017, 0.0, 0.809017, -0.309017, 0.5, 0.0, 0.0, 0.0, 0.0, 1.0 ], [ -0.809017, 0.309017, -0.5, 0.0, -0.309017, 0.5, 0.809017, 0.0, 0.5, 0.809017, -0.309017, 0.0, 0.0, 0.0, 0.0, 1.0 ], [ -0.809017, -0.309017, 0.5, 0.0, -0.309017, -0.5, -0.809017, 0.0, 0.5, -0.809017, 0.309017, 0.0, 0.0, 0.0, 0.0, 1.0 ], [ -0.5, 0.809017, -0.309017, 0.0, -0.809017, -0.309017, 0.5, 0.0, 0.309017, 0.5, 0.809017, 0.0, 0.0, 0.0, 0.0, 1.0 ], [ -0.309017, -0.5, -0.809017, 0.0, -0.5, 0.809017, -0.309017, 0.0, 0.809017, 0.309017, -0.5, 0.0, 0.0, 0.0, 0.0, 1.0 ], [ -1.0, 0.0, 0.0, 0.0, 0.0, 1.0, 0.0, 0.0, 0.0, 0.0, -1.0, 0.0, 0.0, 0.0, 0.0, 1.0 ], [ 0.0, 0.0, -1.0, 0.0, 1.0, 0.0, 0.0, 0.0, 0.0, -1.0, 0.0, 0.0, 0.0, 0.0, 0.0, 1.0 ], [ 0.0, -1.0, 0.0, 0.0, 0.0, 0.0, 1.0, 0.0, -1.0, 0.0, 0.0, 0.0, 0.0, 0.0, 0.0, 1.0 ], [ -0.809017, -0.309017, -0.5, 0.0, 0.309017, 0.5, -0.809017, 0.0, 0.5, -0.809017, -0.309017, 0.0, 0.0, 0.0, 0.0, 1.0 ], [ 0.5, -0.809017, -0.309017, 0.0, 0.809017, 0.309017, 0.5, 0.0, -0.309017, -0.5, 0.809017, 0.0, 0.0, 0.0, 0.0, 1.0 ], [ -0.309017, -0.5, 0.809017, 0.0, -0.5, 0.809017, 0.309017, 0.0, -0.809017, -0.309017, -0.5, 0.0, 0.0, 0.0, 0.0, 1.0 ], [ -0.5, -0.809017, -0.309017, 0.0, 0.809017, -0.309017, -0.5, 0.0, 0.309017, -0.5, 0.809017, 0.0, 0.0, 0.0, 0.0, 1.0 ], [ 0.309017, -0.5, 0.809017, 0.0, 0.5, 0.809017, 0.309017, 0.0, -0.809017, 0.309017, 0.5, 0.0, 0.0, 0.0, 0.0, 1.0 ], [ -0.809017, 0.309017, 0.5, 0.0, -0.309017, 0.5, -0.809017, 0.0, -0.5, -0.809017, -0.309017, 0.0, 0.0, 0.0, 0.0, 1.0 ], [ -0.5, -0.809017, 0.309017, 0.0, 0.809017, -0.309017, 0.5, 0.0, -0.309017, 0.5, 0.809017, 0.0, 0.0, 0.0, 0.0, 1.0 ], [ -0.309017, 0.5, 0.809017, 0.0, 0.5, 0.809017, -0.309017, 0.0, -0.809017, 0.309017, -0.5, 0.0, 0.0, 0.0, 0.0, 1.0 ], [ -0.809017, 0.309017, -0.5, 0.0, 0.309017, -0.5, -0.809017, 0.0, -0.5, -0.809017, 0.309017, 0.0, 0.0, 0.0, 0.0, 1.0 ], [ -0.809017, -0.309017, 0.5, 0.0, 0.309017, 0.5, 0.809017, 0.0, -0.5, 0.809017, -0.309017, 0.0, 0.0, 0.0, 0.0, 1.0 ], [ -0.5, 0.809017, -0.309017, 0.0, 0.809017, 0.309017, -0.5, 0.0, -0.309017, -0.5, -0.809017, 0.0, 0.0, 0.0, 0.0, 1.0 ], [ -0.309017, -0.5, -0.809017, 0.0, 0.5, -0.809017, 0.309017, 0.0, -0.809017, -0.309017, 0.5, 0.0, 0.0, 0.0, 0.0, 1.0 ] ],
  "lights" : {
    "ambientColor" : "#292929",
    "backgroundColor" : "#AFC8DC",
    "directionalLights" : [ {
      "direction" : {
        "x" : 1.0,
        "y" : -1.0,
        "z" : -1.0
      },
      "color" : "#EBEBE4"
    }, {
      "direction" : {
        "x" : -1.0,
        "y" : 0.0,
        "z" : 0.0
      },
      "color" : "#E4E4EB"
    }, {
      "direction" : {
        "x" : 0.0,
        "y" : 0.0,
        "z" : -1.0
      },
      "color" : "#1E1E1E"
    } ]
  },
  "camera" : {
    "stereo" : false,
    "width" : 30.27651,
    "lookDirection" : {
      "x" : -0.5744975,
      "y" : 0.57627404,
      "z" : -0.58125716
    },
    "upDirection" : {
      "x" : 0.01195867,
      "y" : 0.71597815,
      "z" : 0.69801885
    },
    "lookAtPoint" : {
      "x" : 0.0,
      "y" : 0.0,
      "z" : 0.0
    },
    "perspective" : true,
    "viewDistance" : 67.281105,
    "nearClipDistance" : 0.16820285,
    "farClipDistance" : 134.56236,
    "fieldOfView" : 0.44262907,
    "position" : {
      "x" : 38.65283,
      "y" : -38.772354,
      "z" : 39.107624
    }
  },
  "embedding" : [ 1.0, 0.0, 0.0, 0.0, 0.0, 1.0, 0.0, 0.0, 0.0, 0.0, 1.0, 0.0, 0.0, 0.0, 0.0, 1.0 ],
  "shapes" : [ {
    "id" : "ded85718-53b5-4fb0-b28a-a018e0ada818",
    "vertices" : [ {
      "x" : 0.309017,
      "y" : -0.809017,
      "z" : 0.618034
    }, {
      "x" : 0.809017,
      "y" : -0.618034,
      "z" : 0.309017
    }, {
      "x" : 0.618034,
      "y" : -0.309017,
      "z" : 0.809017
    }, {
      "x" : 1.0,
      "y" : 0.309017,
      "z" : 0.19098301
    }, {
      "x" : 0.809017,
      "y" : 0.618034,
      "z" : 0.309017
    }, {
      "x" : 0.618034,
      "y" : 0.309017,
      "z" : 0.809017
    }, {
      "x" : 0.809017,
      "y" : 0.0,
      "z" : 0.690983
    }, {
      "x" : 0.19098301,
      "y" : -1.0,
      "z" : 0.309017
    }, {
      "x" : -0.19098301,
      "y" : -1.0,
      "z" : 0.309017
    }, {
      "x" : -0.19098301,
      "y" : -1.0,
      "z" : -0.309017
    }, {
      "x" : 0.19098301,
      "y" : -1.0,
      "z" : -0.309017
    }, {
      "x" : 1.0,
      "y" : -0.309017,
      "z" : -0.19098301
    }, {
      "x" : 0.809017,
      "y" : -0.618034,
      "z" : -0.309017
    }, {
      "x" : 0.618034,
      "y" : -0.309017,
      "z" : -0.809017
    }, {
      "x" : 0.809017,
      "y" : 0.0,
      "z" : -0.690983
    }, {
      "x" : 0.0,
      "y" : 0.690983,
      "z" : -0.809017
    }, {
      "x" : 0.309017,
      "y" : 0.809017,
      "z" : -0.618034
    }, {
      "x" : 0.618034,
      "y" : 0.309017,
      "z" : -0.809017
    }, {
      "x" : 0.309017,
      "y" : 0.19098301,
      "z" : -1.0
    }, {
      "x" : 1.0,
      "y" : 0.309017,
      "z" : -0.19098301
    }, {
      "x" : -0.309017,
      "y" : -0.809017,
      "z" : 0.618034
    }, {
      "x" : 0.0,
      "y" : -0.690983,
      "z" : 0.809017
    }, {
      "x" : 0.809017,
      "y" : 0.618034,
      "z" : -0.309017
    }, {
      "x" : 0.690983,
      "y" : 0.809017,
      "z" : 0.0
    }, {
      "x" : -0.690983,
      "y" : 0.809017,
      "z" : 0.0
    }, {
      "x" : -0.809017,
      "y" : 0.618034,
      "z" : 0.309017
    }, {
      "x" : -0.309017,
      "y" : 0.809017,
      "z" : 0.618034
    }, {
      "x" : -0.19098301,
      "y" : 1.0,
      "z" : 0.309017
    }, {
      "x" : 0.309017,
      "y" : -0.19098301,
      "z" : -1.0
    }, {
      "x" : 0.19098301,
      "y" : 1.0,
      "z" : 0.309017
    }, {
      "x" : 0.309017,
      "y" : 0.809017,
      "z" : 0.618034
    }, {
      "x" : -0.809017,
      "y" : -0.618034,
      "z" : 0.309017
    }, {
      "x" : -0.690983,
      "y" : -0.809017,
      "z" : 0.0
    }, {
      "x" : 0.0,
      "y" : 0.690983,
      "z" : 0.809017
    }, {
      "x" : 0.309017,
      "y" : -0.809017,
      "z" : -0.618034
    }, {
      "x" : 0.0,
      "y" : -0.690983,
      "z" : -0.809017
    }, {
      "x" : -1.0,
      "y" : 0.309017,
      "z" : 0.19098301
    }, {
      "x" : -0.809017,
      "y" : 0.0,
      "z" : 0.690983
    }, {
      "x" : -0.618034,
      "y" : 0.309017,
      "z" : 0.809017
    }, {
      "x" : 1.0,
      "y" : -0.309017,
      "z" : 0.19098301
    }, {
      "x" : -0.309017,
      "y" : -0.809017,
      "z" : -0.618034
    }, {
      "x" : -1.0,
      "y" : 0.309017,
      "z" : -0.19098301
    }, {
      "x" : -1.0,
      "y" : -0.309017,
      "z" : -0.19098301
    }, {
      "x" : -1.0,
      "y" : -0.309017,
      "z" : 0.19098301
    }, {
      "x" : 0.19098301,
      "y" : 1.0,
      "z" : -0.309017
    }, {
      "x" : -0.809017,
      "y" : 0.618034,
      "z" : -0.309017
    }, {
      "x" : -0.19098301,
      "y" : 1.0,
      "z" : -0.309017
    }, {
      "x" : -0.309017,
      "y" : 0.809017,
      "z" : -0.618034
    }, {
      "x" : -0.618034,
      "y" : -0.309017,
      "z" : 0.809017
    }, {
      "x" : 0.309017,
      "y" : 0.19098301,
      "z" : 1.0
    }, {
      "x" : -0.309017,
      "y" : 0.19098301,
      "z" : -1.0
    }, {
      "x" : -0.309017,
      "y" : 0.19098301,
      "z" : 1.0
    }, {
      "x" : -0.309017,
      "y" : -0.19098301,
      "z" : 1.0
    }, {
      "x" : 0.309017,
      "y" : -0.19098301,
      "z" : 1.0
    }, {
      "x" : 0.690983,
      "y" : -0.809017,
      "z" : 0.0
    }, {
      "x" : -0.809017,
      "y" : 0.0,
      "z" : -0.690983
    }, {
      "x" : -0.618034,
      "y" : -0.309017,
      "z" : -0.809017
    }, {
      "x" : -0.309017,
      "y" : -0.19098301,
      "z" : -1.0
    }, {
      "x" : -0.618034,
      "y" : 0.309017,
      "z" : -0.809017
    }, {
      "x" : -0.809017,
      "y" : -0.618034,
      "z" : -0.309017
    } ],
    "faces" : [ {
      "vertices" : [ 9, 40, 35 ]
    }, {
      "vertices" : [ 9, 35, 34 ]
    }, {
      "vertices" : [ 9, 34, 10 ]
    }, {
      "vertices" : [ 0, 1, 2 ]
    }, {
      "vertices" : [ 33, 51, 49 ]
    }, {
      "vertices" : [ 25, 36, 37 ]
    }, {
      "vertices" : [ 25, 37, 38 ]
    }, {
      "vertices" : [ 41, 55, 42 ]
    }, {
      "vertices" : [ 9, 32, 59 ]
    }, {
      "vertices" : [ 9, 59, 40 ]
    }, {
      "vertices" : [ 20, 21, 52 ]
    }, {
      "vertices" : [ 20, 52, 48 ]
    }, {
      "vertices" : [ 26, 33, 30 ]
    }, {
      "vertices" : [ 26, 30, 29 ]
    }, {
      "vertices" : [ 26, 29, 27 ]
    }, {
      "vertices" : [ 3, 4, 5 ]
    }, {
      "vertices" : [ 3, 5, 6 ]
    }, {
      "vertices" : [ 27, 29, 44 ]
    }, {
      "vertices" : [ 27, 44, 46 ]
    }, {
      "vertices" : [ 50, 57, 56 ]
    }, {
      "vertices" : [ 50, 56, 55 ]
    }, {
      "vertices" : [ 50, 55, 58 ]
    }, {
      "vertices" : [ 26, 38, 51 ]
    }, {
      "vertices" : [ 26, 51, 33 ]
    }, {
      "vertices" : [ 45, 47, 58 ]
    }, {
      "vertices" : [ 18, 28, 57 ]
    }, {
      "vertices" : [ 18, 57, 50 ]
    }, {
      "vertices" : [ 40, 59, 56 ]
    }, {
      "vertices" : [ 31, 48, 37 ]
    }, {
      "vertices" : [ 31, 37, 43 ]
    }, {
      "vertices" : [ 7, 8, 9 ]
    }, {
      "vertices" : [ 7, 9, 10 ]
    }, {
      "vertices" : [ 36, 41, 42 ]
    }, {
      "vertices" : [ 36, 42, 43 ]
    }, {
      "vertices" : [ 24, 46, 47 ]
    }, {
      "vertices" : [ 24, 47, 45 ]
    }, {
      "vertices" : [ 4, 30, 5 ]
    }, {
      "vertices" : [ 15, 47, 46 ]
    }, {
      "vertices" : [ 15, 46, 44 ]
    }, {
      "vertices" : [ 15, 44, 16 ]
    }, {
      "vertices" : [ 15, 50, 58 ]
    }, {
      "vertices" : [ 15, 58, 47 ]
    }, {
      "vertices" : [ 24, 45, 41 ]
    }, {
      "vertices" : [ 24, 41, 36 ]
    }, {
      "vertices" : [ 24, 36, 25 ]
    }, {
      "vertices" : [ 11, 14, 19 ]
    }, {
      "vertices" : [ 3, 6, 39 ]
    }, {
      "vertices" : [ 1, 39, 6 ]
    }, {
      "vertices" : [ 1, 6, 2 ]
    }, {
      "vertices" : [ 8, 32, 9 ]
    }, {
      "vertices" : [ 11, 12, 13 ]
    }, {
      "vertices" : [ 11, 13, 14 ]
    }, {
      "vertices" : [ 16, 22, 17 ]
    }, {
      "vertices" : [ 0, 21, 20 ]
    }, {
      "vertices" : [ 0, 20, 8 ]
    }, {
      "vertices" : [ 0, 8, 7 ]
    }, {
      "vertices" : [ 12, 34, 13 ]
    }, {
      "vertices" : [ 35, 40, 56 ]
    }, {
      "vertices" : [ 35, 56, 57 ]
    }, {
      "vertices" : [ 0, 7, 54 ]
    }, {
      "vertices" : [ 0, 54, 1 ]
    }, {
      "vertices" : [ 15, 16, 17 ]
    }, {
      "vertices" : [ 15, 17, 18 ]
    }, {
      "vertices" : [ 3, 19, 22 ]
    }, {
      "vertices" : [ 3, 22, 23 ]
    }, {
      "vertices" : [ 3, 23, 4 ]
    }, {
      "vertices" : [ 7, 10, 54 ]
    }, {
      "vertices" : [ 41, 45, 58 ]
    }, {
      "vertices" : [ 41, 58, 55 ]
    }, {
      "vertices" : [ 3, 39, 11 ]
    }, {
      "vertices" : [ 3, 11, 19 ]
    }, {
      "vertices" : [ 14, 17, 22 ]
    }, {
      "vertices" : [ 14, 22, 19 ]
    }, {
      "vertices" : [ 0, 2, 53 ]
    }, {
      "vertices" : [ 0, 53, 21 ]
    }, {
      "vertices" : [ 49, 51, 52 ]
    }, {
      "vertices" : [ 49, 52, 53 ]
    }, {
      "vertices" : [ 31, 43, 42 ]
    }, {
      "vertices" : [ 31, 42, 59 ]
    }, {
      "vertices" : [ 31, 59, 32 ]
    }, {
      "vertices" : [ 15, 18, 50 ]
    }, {
      "vertices" : [ 42, 55, 56 ]
    }, {
      "vertices" : [ 42, 56, 59 ]
    }, {
      "vertices" : [ 4, 23, 29 ]
    }, {
      "vertices" : [ 4, 29, 30 ]
    }, {
      "vertices" : [ 25, 38, 26 ]
    }, {
      "vertices" : [ 13, 28, 18 ]
    }, {
      "vertices" : [ 13, 18, 17 ]
    }, {
      "vertices" : [ 13, 17, 14 ]
    }, {
      "vertices" : [ 8, 20, 31 ]
    }, {
      "vertices" : [ 8, 31, 32 ]
    }, {
      "vertices" : [ 23, 44, 29 ]
    }, {
      "vertices" : [ 24, 27, 46 ]
    }, {
      "vertices" : [ 37, 48, 52 ]
    }, {
      "vertices" : [ 37, 52, 51 ]
    }, {
      "vertices" : [ 37, 51, 38 ]
    }, {
      "vertices" : [ 20, 48, 31 ]
    }, {
      "vertices" : [ 24, 25, 26 ]
    }, {
      "vertices" : [ 24, 26, 27 ]
    }, {
      "vertices" : [ 16, 44, 23 ]
    }, {
      "vertices" : [ 16, 23, 22 ]
    }, {
      "vertices" : [ 13, 34, 35 ]
    }, {
      "vertices" : [ 13, 35, 28 ]
    }, {
      "vertices" : [ 10, 34, 12 ]
    }, {
      "vertices" : [ 10, 12, 54 ]
    }, {
      "vertices" : [ 2, 6, 5 ]
    }, {
      "vertices" : [ 2, 5, 49 ]
    }, {
      "vertices" : [ 2, 49, 53 ]
    }, {
      "vertices" : [ 36, 43, 37 ]
    }, {
      "vertices" : [ 5, 30, 33 ]
    }, {
      "vertices" : [ 5, 33, 49 ]
    }, {
      "vertices" : [ 1, 54, 12 ]
    }, {
      "vertices" : [ 1, 12, 11 ]
    }, {
      "vertices" : [ 1, 11, 39 ]
    }, {
      "vertices" : [ 28, 35, 57 ]
    }, {
      "vertices" : [ 21, 53, 52 ]
    } ]
  }, {
    "id" : "970beb70-45e4-4c71-8397-49ba7d5119d1",
    "vertices" : [ {
      "x" : 0.690983,
      "y" : 0.809017,
      "z" : 0.0
    }, {
      "x" : 0.809017,
      "y" : 0.618034,
      "z" : -0.309017
    }, {
      "x" : 0.809017,
      "y" : 0.618034,
      "z" : 0.309017
    }, {
      "x" : 1.0,
      "y" : 0.309017,
      "z" : -0.19098301
    }, {
      "x" : 1.0,
      "y" : 0.309017,
      "z" : 0.19098301
    }, {
      "x" : 1.618034,
      "y" : 0.42705098,
      "z" : -0.309017
    }, {
      "x" : 1.618034,
      "y" : 0.42705098,
      "z" : 0.309017
    }, {
      "x" : 1.618034,
      "y" : 0.809017,
      "z" : -0.309017
    }, {
      "x" : 1.618034,
      "y" : 0.809017,
      "z" : 0.309017
    }, {
      "x" : 5.236068,
      "y" : 1.809017,
      "z" : -0.309017
    }, {
      "x" : 5.236068,
      "y" : 1.809017,
      "z" : 0.309017
    }, {
      "x" : 5.236068,
      "y" : 2.190983,
      "z" : -0.309017
    }, {
      "x" : 5.236068,
      "y" : 2.190983,
      "z" : 0.309017
    }, {
      "x" : 5.854102,
      "y" : 2.309017,
      "z" : -0.19098301
    }, {
      "x" : 5.854102,
      "y" : 2.309017,
      "z" : 0.19098301
    }, {
      "x" : 6.045085,
      "y" : 2.0,
      "z" : -0.309017
    }, {
      "x" : 6.045085,
      "y" : 2.0,
      "z" : 0.309017
    }, {
      "x" : 6.163119,
      "y" : 1.809017,
      "z" : 0.0
    }, {
      "x" : 6.854102,
      "y" : 2.618034,
      "z" : 0.0
    } ],
    "faces" : [ {
      "vertices" : [ 5, 7, 11 ]
    }, {
      "vertices" : [ 5, 11, 9 ]
    }, {
      "vertices" : [ 9, 11, 15 ]
    }, {
      "vertices" : [ 9, 17, 10 ]
    }, {
      "vertices" : [ 6, 10, 12 ]
    }, {
      "vertices" : [ 6, 12, 8 ]
    }, {
      "vertices" : [ 10, 16, 12 ]
    }, {
      "vertices" : [ 7, 8, 12 ]
    }, {
      "vertices" : [ 7, 12, 11 ]
    }, {
      "vertices" : [ 11, 13, 15 ]
    }, {
      "vertices" : [ 0, 7, 1 ]
    }, {
      "vertices" : [ 1, 5, 3 ]
    }, {
      "vertices" : [ 9, 15, 17 ]
    }, {
      "vertices" : [ 0, 2, 8 ]
    }, {
      "vertices" : [ 12, 16, 14 ]
    }, {
      "vertices" : [ 0, 1, 3 ]
    }, {
      "vertices" : [ 0, 3, 4 ]
    }, {
      "vertices" : [ 0, 4, 2 ]
    }, {
      "vertices" : [ 10, 17, 16 ]
    }, {
      "vertices" : [ 13, 14, 16 ]
    }, {
      "vertices" : [ 13, 16, 17 ]
    }, {
      "vertices" : [ 13, 17, 15 ]
    }, {
      "vertices" : [ 2, 4, 6 ]
    }, {
      "vertices" : [ 1, 7, 5 ]
    }, {
      "vertices" : [ 0, 8, 7 ]
    }, {
      "vertices" : [ 2, 6, 8 ]
    }, {
      "vertices" : [ 3, 5, 6 ]
    }, {
      "vertices" : [ 3, 6, 4 ]
    }, {
      "vertices" : [ 11, 12, 14 ]
    }, {
      "vertices" : [ 11, 14, 13 ]
    }, {
      "vertices" : [ 5, 9, 10 ]
    }, {
      "vertices" : [ 5, 10, 6 ]
    } ]
  } ],
  "instances" : [ {
    "shape" : "ded85718-53b5-4fb0-b28a-a018e0ada818",
    "color" : "#FFFFFF",
    "position" : {
      "x" : 0.0,
      "y" : -11.09017,
      "z" : 0.0
    }
  }, {
    "shape" : "970beb70-45e4-4c71-8397-49ba7d5119d1",
    "color" : "#6C00C6",
    "position" : {
      "x" : -10.281153,
      "y" : 5.545085,
      "z" : -4.736068
    },
    "orientation" : 11
  }, {
    "shape" : "ded85718-53b5-4fb0-b28a-a018e0ada818",
    "color" : "#FFFFFF",
    "position" : {
      "x" : -4.736068,
      "y" : 10.281153,
      "z" : -5.545085
    }
  }, {
    "shape" : "ded85718-53b5-4fb0-b28a-a018e0ada818",
    "color" : "#FFFFFF",
    "position" : {
      "x" : 6.354102,
      "y" : 0.809017,
      "z" : -5.545085
    }
  }, {
    "shape" : "970beb70-45e4-4c71-8397-49ba7d5119d1",
    "color" : "#6C00C6",
    "position" : {
      "x" : 6.354102,
      "y" : -0.809017,
      "z" : 5.545085
    },
    "orientation" : 39
  }, {
    "shape" : "ded85718-53b5-4fb0-b28a-a018e0ada818",
    "color" : "#FFFFFF",
    "position" : {
      "x" : -5.545085,
      "y" : -4.736068,
      "z" : 10.281153
    }
  }, {
    "shape" : "970beb70-45e4-4c71-8397-49ba7d5119d1",
    "color" : "#6C00C6",
    "position" : {
      "x" : 4.736068,
      "y" : -10.281153,
      "z" : -5.545085
    },
    "orientation" : 41
  }, {
    "shape" : "970beb70-45e4-4c71-8397-49ba7d5119d1",
    "color" : "#6C00C6",
    "position" : {
      "x" : 4.736068,
      "y" : 10.281153,
      "z" : 5.545085
    },
    "orientation" : 24
  }, {
    "shape" : "ded85718-53b5-4fb0-b28a-a018e0ada818",
    "color" : "#FFFFFF",
    "position" : {
      "x" : 4.736068,
      "y" : 10.281153,
      "z" : 5.545085
    }
  }, {
    "shape" : "970beb70-45e4-4c71-8397-49ba7d5119d1",
    "color" : "#6C00C6",
    "position" : {
      "x" : -11.09017,
      "y" : 0.0,
      "z" : 0.0
    },
    "orientation" : 26
  }, {
    "shape" : "ded85718-53b5-4fb0-b28a-a018e0ada818",
    "color" : "#FFFFFF",
    "position" : {
      "x" : 0.0,
      "y" : 0.0,
      "z" : 11.09017
    }
  }, {
    "shape" : "970beb70-45e4-4c71-8397-49ba7d5119d1",
    "color" : "#6C00C6",
    "position" : {
      "x" : 10.281153,
      "y" : 5.545085,
      "z" : 4.736068
    },
    "orientation" : 56
  }, {
    "shape" : "ded85718-53b5-4fb0-b28a-a018e0ada818",
    "color" : "#FFFFFF",
    "position" : {
      "x" : 5.545085,
      "y" : 6.354102,
      "z" : -0.809017
    }
  }, {
    "shape" : "970beb70-45e4-4c71-8397-49ba7d5119d1",
    "color" : "#6C00C6",
    "position" : {
      "x" : 10.281153,
      "y" : -5.545085,
      "z" : -4.736068
    },
    "orientation" : 56
  }, {
    "shape" : "970beb70-45e4-4c71-8397-49ba7d5119d1",
    "color" : "#6C00C6",
    "position" : {
      "x" : -0.809017,
      "y" : 5.545085,
      "z" : 6.354102
    },
    "orientation" : 56
  }, {
    "shape" : "970beb70-45e4-4c71-8397-49ba7d5119d1",
    "color" : "#6C00C6",
    "position" : {
      "x" : -4.736068,
      "y" : -10.281153,
      "z" : 5.545085
    },
    "orientation" : 9
  }, {
    "shape" : "970beb70-45e4-4c71-8397-49ba7d5119d1",
    "color" : "#6C00C6",
    "position" : {
      "x" : -11.09017,
      "y" : 0.0,
      "z" : 0.0
    },
    "orientation" : 11
  }, {
    "shape" : "970beb70-45e4-4c71-8397-49ba7d5119d1",
    "color" : "#6C00C6",
    "position" : {
      "x" : -5.545085,
      "y" : 6.354102,
      "z" : 0.809017
    },
    "orientation" : 40
  }, {
    "shape" : "ded85718-53b5-4fb0-b28a-a018e0ada818",
    "color" : "#FFFFFF",
    "position" : {
      "x" : -0.809017,
      "y" : 5.545085,
      "z" : 6.354102
    }
  }, {
    "shape" : "970beb70-45e4-4c71-8397-49ba7d5119d1",
    "color" : "#6C00C6",
    "position" : {
      "x" : -10.281153,
      "y" : 5.545085,
      "z" : -4.736068
    },
    "orientation" : 40
  }, {
    "shape" : "970beb70-45e4-4c71-8397-49ba7d5119d1",
    "color" : "#6C00C6",
    "position" : {
      "x" : -10.281153,
      "y" : 5.545085,
      "z" : -4.736068
    },
    "orientation" : 26
  }, {
    "shape" : "970beb70-45e4-4c71-8397-49ba7d5119d1",
    "color" : "#6C00C6",
    "position" : {
      "x" : -5.545085,
      "y" : 4.736068,
      "z" : -10.281153
    },
    "orientation" : 10
  }, {
    "shape" : "970beb70-45e4-4c71-8397-49ba7d5119d1",
    "color" : "#6C00C6",
    "position" : {
      "x" : 0.0,
      "y" : 0.0,
      "z" : -11.09017
    },
    "orientation" : 40
  }, {
    "shape" : "970beb70-45e4-4c71-8397-49ba7d5119d1",
    "color" : "#6C00C6",
    "position" : {
      "x" : -10.281153,
      "y" : -5.545085,
      "z" : 4.736068
    },
    "orientation" : 26
  }, {
    "shape" : "ded85718-53b5-4fb0-b28a-a018e0ada818",
    "color" : "#FFFFFF",
    "position" : {
      "x" : 11.09017,
      "y" : 0.0,
      "z" : 0.0
    }
  }, {
    "shape" : "970beb70-45e4-4c71-8397-49ba7d5119d1",
    "color" : "#6C00C6",
    "position" : {
      "x" : 0.0,
      "y" : 11.09017,
      "z" : 0.0
    },
    "orientation" : 24
  }, {
    "shape" : "970beb70-45e4-4c71-8397-49ba7d5119d1",
    "color" : "#6C00C6",
    "position" : {
      "x" : -4.736068,
      "y" : 10.281153,
      "z" : -5.545085
    },
    "orientation" : 24
  }, {
    "shape" : "ded85718-53b5-4fb0-b28a-a018e0ada818",
    "color" : "#FFFFFF",
    "position" : {
      "x" : -6.354102,
      "y" : 0.809017,
      "z" : 5.545085
    }
  }, {
    "shape" : "ded85718-53b5-4fb0-b28a-a018e0ada818",
    "color" : "#FFFFFF",
    "position" : {
      "x" : -5.545085,
      "y" : -6.354102,
      "z" : -0.809017
    }
  }, {
    "shape" : "970beb70-45e4-4c71-8397-49ba7d5119d1",
    "color" : "#6C00C6",
    "position" : {
      "x" : 5.545085,
      "y" : 4.736068,
      "z" : 10.281153
    },
    "orientation" : 39
  }, {
    "shape" : "ded85718-53b5-4fb0-b28a-a018e0ada818",
    "color" : "#FFFFFF",
    "position" : {
      "x" : -10.281153,
      "y" : -5.545085,
      "z" : 4.736068
    }
  }, {
    "shape" : "970beb70-45e4-4c71-8397-49ba7d5119d1",
    "color" : "#6C00C6",
    "position" : {
      "x" : 4.736068,
      "y" : 10.281153,
      "z" : 5.545085
    },
    "orientation" : 39
  }, {
    "shape" : "ded85718-53b5-4fb0-b28a-a018e0ada818",
    "color" : "#FFFFFF",
    "position" : {
      "x" : 4.736068,
      "y" : -10.281153,
      "z" : -5.545085
    }
  }, {
    "shape" : "ded85718-53b5-4fb0-b28a-a018e0ada818",
    "color" : "#FFFFFF",
    "position" : {
      "x" : -0.809017,
      "y" : -5.545085,
      "z" : -6.354102
    }
  }, {
    "shape" : "970beb70-45e4-4c71-8397-49ba7d5119d1",
    "color" : "#6C00C6",
    "position" : {
      "x" : -10.281153,
      "y" : -5.545085,
      "z" : 4.736068
    },
    "orientation" : 55
  }, {
    "shape" : "ded85718-53b5-4fb0-b28a-a018e0ada818",
    "color" : "#FFFFFF",
    "position" : {
      "x" : 10.281153,
      "y" : -5.545085,
      "z" : -4.736068
    }
  }, {
    "shape" : "970beb70-45e4-4c71-8397-49ba7d5119d1",
    "color" : "#6C00C6",
    "position" : {
      "x" : -6.354102,
      "y" : -0.809017,
      "z" : -5.545085
    },
    "orientation" : 24
  }, {
    "shape" : "970beb70-45e4-4c71-8397-49ba7d5119d1",
    "color" : "#6C00C6",
    "position" : {
      "x" : 10.281153,
      "y" : 5.545085,
      "z" : 4.736068
    },
    "orientation" : 25
  }, {
    "shape" : "970beb70-45e4-4c71-8397-49ba7d5119d1",
    "color" : "#6C00C6",
    "position" : {
      "x" : 0.0,
      "y" : -11.09017,
      "z" : 0.0
    },
    "orientation" : 54
  }, {
    "shape" : "ded85718-53b5-4fb0-b28a-a018e0ada818",
    "color" : "#FFFFFF",
    "position" : {
      "x" : 5.545085,
      "y" : -4.736068,
      "z" : -10.281153
    }
  }, {
    "shape" : "970beb70-45e4-4c71-8397-49ba7d5119d1",
    "color" : "#6C00C6",
    "position" : {
      "x" : -4.736068,
      "y" : -10.281153,
      "z" : 5.545085
    },
    "orientation" : 54
  }, {
    "shape" : "ded85718-53b5-4fb0-b28a-a018e0ada818",
    "color" : "#FFFFFF",
    "position" : {
      "x" : 0.0,
      "y" : 0.0,
      "z" : -11.09017
    }
  }, {
    "shape" : "970beb70-45e4-4c71-8397-49ba7d5119d1",
    "color" : "#6C00C6",
    "position" : {
      "x" : 5.545085,
      "y" : 6.354102,
      "z" : -0.809017
    },
    "orientation" : 25
  }, {
    "shape" : "970beb70-45e4-4c71-8397-49ba7d5119d1",
    "color" : "#6C00C6",
    "position" : {
      "x" : 5.545085,
      "y" : -6.354102,
      "z" : 0.809017
    },
    "orientation" : 10
  }, {
    "shape" : "970beb70-45e4-4c71-8397-49ba7d5119d1",
    "color" : "#6C00C6",
    "position" : {
      "x" : 5.545085,
      "y" : -4.736068,
      "z" : -10.281153
    },
    "orientation" : 40
  }, {
    "shape" : "ded85718-53b5-4fb0-b28a-a018e0ada818",
    "color" : "#FFFFFF",
    "position" : {
      "x" : -4.736068,
      "y" : -10.281153,
      "z" : 5.545085
    }
  }, {
    "shape" : "ded85718-53b5-4fb0-b28a-a018e0ada818",
    "color" : "#FFFFFF",
    "position" : {
      "x" : -5.545085,
      "y" : 4.736068,
      "z" : -10.281153
    }
  }, {
    "shape" : "970beb70-45e4-4c71-8397-49ba7d5119d1",
    "color" : "#6C00C6",
    "position" : {
      "x" : -0.809017,
      "y" : -5.545085,
      "z" : -6.354102
    },
    "orientation" : 41
  }, {
    "shape" : "970beb70-45e4-4c71-8397-49ba7d5119d1",
    "color" : "#6C00C6",
    "position" : {
      "x" : -4.736068,
      "y" : -10.281153,
      "z" : 5.545085
    },
    "orientation" : 26
  }, {
    "shape" : "970beb70-45e4-4c71-8397-49ba7d5119d1",
    "color" : "#6C00C6",
    "position" : {
      "x" : 0.0,
      "y" : 0.0,
      "z" : -11.09017
    },
    "orientation" : 10
  }, {
    "shape" : "970beb70-45e4-4c71-8397-49ba7d5119d1",
    "color" : "#6C00C6",
    "position" : {
      "x" : -4.736068,
      "y" : 10.281153,
      "z" : -5.545085
    },
    "orientation" : 39
  }, {
    "shape" : "970beb70-45e4-4c71-8397-49ba7d5119d1",
    "color" : "#6C00C6",
    "position" : {
      "x" : -5.545085,
      "y" : -4.736068,
      "z" : 10.281153
    },
    "orientation" : 55
  }, {
    "shape" : "970beb70-45e4-4c71-8397-49ba7d5119d1",
    "color" : "#6C00C6",
    "position" : {
      "x" : 10.281153,
      "y" : 5.545085,
      "z" : 4.736068
    },
    "orientation" : 41
  }, {
    "shape" : "970beb70-45e4-4c71-8397-49ba7d5119d1",
    "color" : "#6C00C6",
    "position" : {
      "x" : -5.545085,
      "y" : 4.736068,
      "z" : -10.281153
    },
    "orientation" : 40
  }, {
    "shape" : "970beb70-45e4-4c71-8397-49ba7d5119d1",
    "color" : "#6C00C6",
    "position" : {
      "x" : 11.09017,
      "y" : 0.0,
      "z" : 0.0
    },
    "orientation" : 41
  }, {
    "shape" : "970beb70-45e4-4c71-8397-49ba7d5119d1",
    "color" : "#6C00C6",
    "position" : {
      "x" : 4.736068,
      "y" : -10.281153,
      "z" : -5.545085
    },
    "orientation" : 9
  }, {
    "shape" : "970beb70-45e4-4c71-8397-49ba7d5119d1",
    "color" : "#6C00C6",
    "position" : {
      "x" : 10.281153,
      "y" : -5.545085,
      "z" : -4.736068
    },
    "orientation" : 10
  }, {
    "shape" : "970beb70-45e4-4c71-8397-49ba7d5119d1",
    "color" : "#6C00C6",
    "position" : {
      "x" : 0.0,
      "y" : 0.0,
      "z" : 11.09017
    },
    "orientation" : 25
  }, {
    "shape" : "ded85718-53b5-4fb0-b28a-a018e0ada818",
    "color" : "#FFFFFF",
    "position" : {
      "x" : -5.545085,
      "y" : 6.354102,
      "z" : 0.809017
    }
  }, {
    "shape" : "970beb70-45e4-4c71-8397-49ba7d5119d1",
    "color" : "#6C00C6",
    "position" : {
      "x" : 0.0,
      "y" : -11.09017,
      "z" : 0.0
    },
    "orientation" : 9
  }, {
    "shape" : "970beb70-45e4-4c71-8397-49ba7d5119d1",
    "color" : "#6C00C6",
    "position" : {
      "x" : 0.809017,
      "y" : 5.545085,
      "z" : -6.354102
    },
    "orientation" : 11
  }, {
    "shape" : "970beb70-45e4-4c71-8397-49ba7d5119d1",
    "color" : "#6C00C6",
    "position" : {
      "x" : 5.545085,
      "y" : -4.736068,
      "z" : -10.281153
    },
    "orientation" : 10
  }, {
    "shape" : "ded85718-53b5-4fb0-b28a-a018e0ada818",
    "color" : "#FFFFFF",
    "position" : {
      "x" : 6.354102,
      "y" : -0.809017,
      "z" : 5.545085
    }
  }, {
    "shape" : "ded85718-53b5-4fb0-b28a-a018e0ada818",
    "color" : "#FFFFFF",
    "position" : {
      "x" : 5.545085,
      "y" : -6.354102,
      "z" : 0.809017
    }
  }, {
    "shape" : "ded85718-53b5-4fb0-b28a-a018e0ada818",
    "color" : "#FFFFFF",
    "position" : {
      "x" : -10.281153,
      "y" : 5.545085,
      "z" : -4.736068
    }
  }, {
    "shape" : "970beb70-45e4-4c71-8397-49ba7d5119d1",
    "color" : "#6C00C6",
    "position" : {
      "x" : 0.0,
      "y" : 0.0,
      "z" : 11.09017
    },
    "orientation" : 55
  }, {
    "shape" : "ded85718-53b5-4fb0-b28a-a018e0ada818",
    "color" : "#FFFFFF",
    "position" : {
      "x" : 5.545085,
      "y" : 4.736068,
      "z" : 10.281153
    }
  }, {
    "shape" : "ded85718-53b5-4fb0-b28a-a018e0ada818",
    "color" : "#FFFFFF",
    "position" : {
      "x" : 0.809017,
      "y" : 5.545085,
      "z" : -6.354102
    }
  }, {
    "shape" : "ded85718-53b5-4fb0-b28a-a018e0ada818",
    "color" : "#FFFFFF",
    "position" : {
      "x" : -11.09017,
      "y" : 0.0,
      "z" : 0.0
    }
  }, {
    "shape" : "970beb70-45e4-4c71-8397-49ba7d5119d1",
    "color" : "#6C00C6",
    "position" : {
      "x" : 5.545085,
      "y" : -4.736068,
      "z" : -10.281153
    },
    "orientation" : 54
  }, {
    "shape" : "970beb70-45e4-4c71-8397-49ba7d5119d1",
    "color" : "#6C00C6",
    "position" : {
      "x" : 6.354102,
      "y" : 0.809017,
      "z" : -5.545085
    },
    "orientation" : 54
  }, {
    "shape" : "970beb70-45e4-4c71-8397-49ba7d5119d1",
    "color" : "#6C00C6",
    "position" : {
      "x" : -6.354102,
      "y" : 0.809017,
      "z" : 5.545085
    },
    "orientation" : 9
  }, {
    "shape" : "970beb70-45e4-4c71-8397-49ba7d5119d1",
    "color" : "#6C00C6",
    "position" : {
      "x" : -5.545085,
      "y" : 4.736068,
      "z" : -10.281153
    },
    "orientation" : 24
  }, {
    "shape" : "970beb70-45e4-4c71-8397-49ba7d5119d1",
    "color" : "#6C00C6",
    "position" : {
      "x" : 4.736068,
      "y" : -10.281153,
      "z" : -5.545085
    },
    "orientation" : 54
  }, {
    "shape" : "970beb70-45e4-4c71-8397-49ba7d5119d1",
    "color" : "#6C00C6",
    "position" : {
      "x" : -5.545085,
      "y" : -4.736068,
      "z" : 10.281153
    },
    "orientation" : 9
  }, {
    "shape" : "970beb70-45e4-4c71-8397-49ba7d5119d1",
    "color" : "#6C00C6",
    "position" : {
      "x" : -10.281153,
      "y" : -5.545085,
      "z" : 4.736068
    },
    "orientation" : 11
  }, {
    "shape" : "970beb70-45e4-4c71-8397-49ba7d5119d1",
    "color" : "#6C00C6",
    "position" : {
      "x" : 0.0,
      "y" : 11.09017,
      "z" : 0.0
    },
    "orientation" : 39
  }, {
    "shape" : "970beb70-45e4-4c71-8397-49ba7d5119d1",
    "color" : "#6C00C6",
    "position" : {
      "x" : 10.281153,
      "y" : -5.545085,
      "z" : -4.736068
    },
    "orientation" : 41
  }, {
    "shape" : "970beb70-45e4-4c71-8397-49ba7d5119d1",
    "color" : "#6C00C6",
    "position" : {
      "x" : -5.545085,
      "y" : -6.354102,
      "z" : -0.809017
    },
    "orientation" : 55
  }, {
    "shape" : "970beb70-45e4-4c71-8397-49ba7d5119d1",
    "color" : "#6C00C6",
    "position" : {
      "x" : -5.545085,
      "y" : -4.736068,
      "z" : 10.281153
    },
    "orientation" : 25
  }, {
    "shape" : "970beb70-45e4-4c71-8397-49ba7d5119d1",
    "color" : "#6C00C6",
    "position" : {
      "x" : -4.736068,
      "y" : 10.281153,
      "z" : -5.545085
    },
    "orientation" : 11
  }, {
    "shape" : "ded85718-53b5-4fb0-b28a-a018e0ada818",
    "color" : "#FFFFFF",
    "position" : {
      "x" : 0.809017,
      "y" : -5.545085,
      "z" : 6.354102
    }
  }, {
    "shape" : "970beb70-45e4-4c71-8397-49ba7d5119d1",
    "color" : "#6C00C6",
    "position" : {
      "x" : 5.545085,
      "y" : 4.736068,
      "z" : 10.281153
    },
    "orientation" : 55
  }, {
    "shape" : "970beb70-45e4-4c71-8397-49ba7d5119d1",
    "color" : "#6C00C6",
    "position" : {
      "x" : 5.545085,
      "y" : 4.736068,
      "z" : 10.281153
    },
    "orientation" : 25
  }, {
    "shape" : "970beb70-45e4-4c71-8397-49ba7d5119d1",
    "color" : "#6C00C6",
    "position" : {
      "x" : 4.736068,
      "y" : 10.281153,
      "z" : 5.545085
    },
    "orientation" : 56
  }, {
    "shape" : "970beb70-45e4-4c71-8397-49ba7d5119d1",
    "color" : "#6C00C6",
    "position" : {
      "x" : 11.09017,
      "y" : 0.0,
      "z" : 0.0
    },
    "orientation" : 56
  }, {
    "shape" : "ded85718-53b5-4fb0-b28a-a018e0ada818",
    "color" : "#FFFFFF",
    "position" : {
      "x" : 10.281153,
      "y" : 5.545085,
      "z" : 4.736068
    }
  }, {
    "shape" : "ded85718-53b5-4fb0-b28a-a018e0ada818",
    "color" : "#FFFFFF",
    "position" : {
      "x" : 0.0,
      "y" : 11.09017,
      "z" : 0.0
    }
  }, {
    "shape" : "ded85718-53b5-4fb0-b28a-a018e0ada818",
    "color" : "#FFFFFF",
    "position" : {
      "x" : -6.354102,
      "y" : -0.809017,
      "z" : -5.545085
    }
  }, {
    "shape" : "970beb70-45e4-4c71-8397-49ba7d5119d1",
    "color" : "#6C00C6",
    "position" : {
      "x" : 0.809017,
      "y" : -5.545085,
      "z" : 6.354102
    },
    "orientation" : 26
  } ]
}