{
  "field" : "golden",
  "symmetry" : "icosahedral",
  "orientations" : [ [ 1.0, 0.0, 0.0, 0.0, 0.0, 1.0, 0.0, 0.0, 0.0, 0.0, 1.0, 0.0, 0.0, 0.0, 0.0, 1.0 ], [ 0.0, 0.0, 1.0, 0.0, 1.0, 0.0, 0.0, 0.0, 0.0, 1.0, 0.0, 0.0, 0.0, 0.0, 0.0, 1.0 ], [ 0.0, 1.0, 0.0, 0.0, 0.0, 0.0, 1.0, 0.0, 1.0, 0.0, 0.0, 0.0, 0.0, 0.0, 0.0, 1.0 ], [ 0.809017, 0.309017, 0.5, 0.0, 0.309017, 0.5, -0.809017, 0.0, -0.5, 0.809017, 0.309017, 0.0, 0.0, 0.0, 0.0, 1.0 ], [ -0.5, 0.809017, 0.309017, 0.0, 0.809017, 0.309017, 0.5, 0.0, 0.309017, 0.5, -0.809017, 0.0, 0.0, 0.0, 0.0, 1.0 ], [ 0.309017, 0.5, -0.809017, 0.0, -0.5, 0.809017, 0.309017, 0.0, 0.809017, 0.309017, 0.5, 0.0, 0.0, 0.0, 0.0, 1.0 ], [ 0.5, 0.809017, 0.309017, 0.0, 0.809017, -0.309017, -0.5, 0.0, -0.309017, 0.5, -0.809017, 0.0, 0.0, 0.0, 0.0, 1.0 ], [ -0.309017, 0.5, -0.809017, 0.0, 0.5, 0.809017, 0.309017, 0.0, 0.809017, -0.309017, -0.5, 0.0, 0.0, 0.0, 0.0, 1.0 ], [ 0.809017, -0.309017, -0.5, 0.0, -0.309017, 0.5, -0.809017, 0.0, 0.5, 0.809017, 0.309017, 0.0, 0.0, 0.0, 0.0, 1.0 ], [ 0.5, 0.809017, -0.309017, 0.0, 0.809017, -0.309017, 0.5, 0.0, 0.309017, -0.5, -0.809017, 0.0, 0.0, 0.0, 0.0, 1.0 ], [ 0.309017, -0.5, -0.809017, 0.0, 0.5, 0.809017, -0.309017, 0.0, 0.809017, -0.309017, 0.5, 0.0, 0.0, 0.0, 0.0, 1.0 ], [ 0.809017, -0.309017, 0.5, 0.0, 0.309017, -0.5, -0.809017, 0.0, 0.5, 0.809017, -0.309017, 0.0, 0.0, 0.0, 0.0, 1.0 ], [ 0.809017, 0.309017, -0.5, 0.0, 0.309017, 0.5, 0.809017, 0.0, 0.5, -0.809017, 0.309017, 0.0, 0.0, 0.0, 0.0, 1.0 ], [ 0.5, -0.809017, 0.309017, 0.0, 0.809017, 0.309017, -0.5, 0.0, 0.309017, 0.5, 0.809017, 0.0, 0.0, 0.0, 0.0, 1.0 ], [ 0.309017, 0.5, 0.809017, 0.0, 0.5, -0.809017, 0.309017, 0.0, 0.809017, 0.309017, -0.5, 0.0, 0.0, 0.0, 0.0, 1.0 ], [ 1.0, 0.0, 0.0, 0.0, 0.0, -1.0, 0.0, 0.0, 0.0, 0.0, -1.0, 0.0, 0.0, 0.0, 0.0, 1.0 ], [ 0.0, 0.0, 1.0, 0.0, -1.0, 0.0, 0.0, 0.0, 0.0, -1.0, 0.0, 0.0, 0.0, 0.0, 0.0, 1.0 ], [ 0.0, 1.0, 0.0, 0.0, 0.0, 0.0, -1.0, 0.0, -1.0, 0.0, 0.0, 0.0, 0.0, 0.0, 0.0, 1.0 ], [ 0.809017, 0.309017, 0.5, 0.0, -0.309017, -0.5, 0.809017, 0.0, 0.5, -0.809017, -0.309017, 0.0, 0.0, 0.0, 0.0, 1.0 ], [ -0.5, 0.809017, 0.309017, 0.0, -0.809017, -0.309017, -0.5, 0.0, -0.309017, -0.5, 0.809017, 0.0, 0.0, 0.0, 0.0, 1.0 ], [ 0.309017, 0.5, -0.809017, 0.0, 0.5, -0.809017, -0.309017, 0.0, -0.809017, -0.309017, -0.5, 0.0, 0.0, 0.0, 0.0, 1.0 ], [ 0.5, 0.809017, 0.309017, 0.0, -0.809017, 0.309017, 0.5, 0.0, 0.309017, -0.5, 0.809017, 0.0, 0.0, 0.0, 0.0, 1.0 ], [ -0.309017, 0.5, -0.809017, 0.0, -0.5, -0.809017, -0.309017, 0.0, -0.809017, 0.309017, 0.5, 0.0, 0.0, 0.0, 0.0, 1.0 ], [ 0.809017, -0.309017, -0.5, 0.0, 0.309017, -0.5, 0.809017, 0.0, -0.5, -0.809017, -0.309017, 0.0, 0.0, 0.0, 0.0, 1.0 ], [ 0.5, 0.809017, -0.309017, 0.0, -0.809017, 0.309017, -0.5, 0.0, -0.309017, 0.5, 0.809017, 0.0, 0.0, 0.0, 0.0, 1.0 ], [ 0.309017, -0.5, -0.809017, 0.0, -0.5, -0.809017, 0.309017, 0.0, -0.809017, 0.309017, -0.5, 0.0, 0.0, 0.0, 0.0, 1.0 ], [ 0.809017, -0.309017, 0.5, 0.0, -0.309017, 0.5, 0.809017, 0.0, -0.5, -0.809017, 0.309017, 0.0, 0.0, 0.0, 0.0, 1.0 ], [ 0.809017, 0.309017, -0.5, 0.0, -0.309017, -0.5, -0.809017, 0.0, -0.5, 0.809017, -0.309017, 0.0, 0.0, 0.0, 0.0, 1.0 ], [ 0.5, -0.809017, 0.309017, 0.0, -0.809017, -0.309017, 0.5, 0.0, -0.309017, -0.5, -0.809017, 0.0, 0.0, 0.0, 0.0, 1.0 ], [ 0.309017, 0.5, 0.809017, 0.0, -0.5, 0.809017, -0.309017, 0.0, -0.809017, -0.309017, 0.5, 0.0, 0.0, 0.0, 0.0, 1.0 ], [ -1.0, 0.0, 0.0, 0.0, 0.0, -1.0, 0.0, 0.0, 0.0, 0.0, 1.0, 0.0, 0.0, 0.0, 0.0, 1.0 ], [ 0.0, 0.0, -1.0, 0.0, -1.0, 0.0, 0.0, 0.0, 0.0, 1.0, 0.0, 0.0, 0.0, 0.0, 0.0, 1.0 ], [ 0.0, -1.0, 0.0, 0.0, 0.0, 0.0, -1.0, 0.0, 1.0, 0.0, 0.0, 0.0, 0.0, 0.0, 0.0, 1.0 ], [ -0.809017, -0.309017, -0.5, 0.0, -0.309017, -0.5, 0.809017, 0.0, -0.5, 0.809017, 0.309017, 0.0, 0.0, 0.0, 0.0, 1.0 ], [ 0.5, -0.809017, -0.309017, 0.0, -0.809017, -0.309017, -0.5, 0.0, 0.309017, 0.5, -0.809017, 0.0, 0.0, 0.0, 0.0, 1.0 ], [ -0.309017, -0.5, 0.809017, 0.0, 0.5, -0.809017, -0.309017, 0.0, 0.809017, 0.309017, 0.5, 0.0, 0.0, 0.0, 0.0, 1.0 ], [ -0.5, -0.809017, -0.309017, 0.0, -0.809017, 0.309017, 0.5, 0.0, -0.309017, 0.5, -0.809017, 0.0, 0.0, 0.0, 0.0, 1.0 ], [ 0.309017, -0.5, 0.809017, 0.0, -0.5, -0.809017, -0.309017, 0.0, 0.809017, -0.309017, -0.5, 0.0, 0.0, 0.0, 0.0, 1.0 ], [ -0.809017, 0.309017, 0.5, 0.0, 0.309017, -0.5, 0.809017, 0.0, 0.5, 0.809017, 0.309017, 0.0, 0.0, 0.0, 0.0, 1.0 ], [ -0.5, -0.809017, 0.309017, 0.0, -0.809017, 0.309017, -0.5, 0.0, 0.309017, -0.5, -0.809017, 0.0, 0.0, 0.0, 0.0, 1.0 ], [ -0.309017, 0.5, 0.809017, 0.0, -0.5, -0.809017, 0.309017, 0.0, 0.809017, -0.309017, 0.5, 0.0, 0.0, 0.0, 0.0, 1.0 ], [ -0.809017, 0.309017, -0.5, 0.0, -0.309017, 0.5, 0.809017, 0.0, 0.5, 0.809017, -0.309017, 0.0, 0.0, 0.0, 0.0, 1.0 ], [ -0.809017, -0.309017, 0.5, 0.0, -0.309017, -0.5, -0.809017, 0.0, 0.5, -0.809017, 0.309017, 0.0, 0.0, 0.0, 0.0, 1.0 ], [ -0.5, 0.809017, -0.309017, 0.0, -0.809017, -0.309017, 0.5, 0.0, 0.309017, 0.5, 0.809017, 0.0, 0.0, 0.0, 0.0, 1.0 ], [ -0.309017, -0.5, -0.809017, 0.0, -0.5, 0.809017, -0.309017, 0.0, 0.809017, 0.309017, -0.5, 0.0, 0.0, 0.0, 0.0, 1.0 ], [ -1.0, 0.0, 0.0, 0.0, 0.0, 1.0, 0.0, 0.0, 0.0, 0.0, -1.0, 0.0, 0.0, 0.0, 0.0, 1.0 ], [ 0.0, 0.0, -1.0, 0.0, 1.0, 0.0, 0.0, 0.0, 0.0, -1.0, 0.0, 0.0, 0.0, 0.0, 0.0, 1.0 ], [ 0.0, -1.0, 0.0, 0.0, 0.0, 0.0, 1.0, 0.0, -1.0, 0.0, 0.0, 0.0, 0.0, 0.0, 0.0, 1.0 ], [ -0.809017, -0.309017, -0.5, 0.0, 0.309017, 0.5, -0.809017, 0.0, 0.5, -0.809017, -0.309017, 0.0, 0.0, 0.0, 0.0, 1.0 ], [ 0.5, -0.809017, -0.309017, 0.0, 0.809017, 0.309017, 0.5, 0.0, -0.309017, -0.5, 0.809017, 0.0, 0.0, 0.0, 0.0, 1.0 ], [ -0.309017, -0.5, 0.809017, 0.0, -0.5, 0.809017, 0.309017, 0.0, -0.809017, -0.309017, -0.5, 0.0, 0.0, 0.0, 0.0, 1.0 ], [ -0.5, -0.809017, -0.309017, 0.0, 0.809017, -0.309017, -0.5, 0.0, 0.309017, -0.5, 0.809017, 0.0, 0.0, 0.0, 0.0, 1.0 ], [ 0.309017, -0.5, 0.809017, 0.0, 0.5, 0.809017, 0.309017, 0.0, -0.809017, 0.309017, 0.5, 0.0, 0.0, 0.0, 0.0, 1.0 ], [ -0.809017, 0.309017, 0.5, 0.0, -0.309017, 0.5, -0.809017, 0.0, -0.5, -0.809017, -0.309017, 0.0, 0.0, 0.0, 0.0, 1.0 ], [ -0.5, -0.809017, 0.309017, 0.0, 0.809017, -0.309017, 0.5, 0.0, -0.309017, 0.5, 0.809017, 0.0, 0.0, 0.0, 0.0, 1.0 ], [ -0.309017, 0.5, 0.809017, 0.0, 0.5, 0.809017, -0.309017, 0.0, -0.809017, 0.309017, -0.5, 0.0, 0.0, 0.0, 0.0, 1.0 ], [ -0.809017, 0.309017, -0.5, 0.0, 0.309017, -0.5, -0.809017, 0.0, -0.5, -0.809017, 0.309017, 0.0, 0.0, 0.0, 0.0, 1.0 ], [ -0.809017, -0.309017, 0.5, 0.0, 0.309017, 0.5, 0.809017, 0.0, -0.5, 0.809017, -0.309017, 0.0, 0.0, 0.0, 0.0, 1.0 ], [ -0.5, 0.809017, -0.309017, 0.0, 0.809017, 0.309017, -0.5, 0.0, -0.309017, -0.5, -0.809017, 0.0, 0.0, 0.0, 0.0, 1.0 ], [ -0.309017, -0.5, -0.809017, 0.0, 0.5, -0.809017, 0.309017, 0.0, -0.809017, -0.309017, 0.5, 0.0, 0.0, 0.0, 0.0, 1.0 ] ],
  "lights" : {
    "ambientColor" : "#292929",
    "backgroundColor" : "#AFC8DC",
    "directionalLights" : [ {
      "direction" : {
        "x" : 1.0,
        "y" : -1.0,
        "z" : -1.0
      },
      "color" : "#EBEBE4"
    }, {
      "direction" : {
        "x" : -1.0,
        "y" : 0.0,
        "z" : 0.0
      },
      "color" : "#E4E4EB"
    }, {
      "direction" : {
        "x" : 0.0,
        "y" : 0.0,
        "z" : -1.0
      },
      "color" : "#1E1E1E"
    } ]
  },
  "camera" : {
    "width" : 59.76212,
    "stereo" : false,
    "lookDirection" : {
      "x" : -0.44405282,
      "y" : 8.3705294E-4,
      "z" : -0.8959999
    },
    "upDirection" : {
      "x" : -0.19671981,
      "y" : 0.97550863,
      "z" : 0.09840438
    },
    "lookAtPoint" : {
      "x" : 0.0,
      "y" : 0.0,
      "z" : 0.0
    },
    "viewDistance" : 132.80469,
    "nearClipDistance" : 0.33201176,
    "farClipDistance" : 265.60938,
    "fieldOfView" : 0.44262895,
    "perspective" : true,
    "position" : {
      "x" : 58.972294,
      "y" : -0.111164555,
      "z" : 118.99299
    }
  },
  "embedding" : [ 1.0, 0.0, 0.0, 0.0, 0.0, 1.0, 0.0, 0.0, 0.0, 0.0, 1.0, 0.0, 0.0, 0.0, 0.0, 1.0 ],
  "shapes" : [ {
    "id" : "93adf27c-0194-4f0a-9292-d88b19f690df",
    "vertices" : [ {
      "x" : 1.0,
      "y" : -0.309017,
      "z" : -0.19098301
    }, {
      "x" : 0.809017,
      "y" : 0.0,
      "z" : -0.690983
    }, {
      "x" : 1.0,
      "y" : 0.309017,
      "z" : -0.19098301
    }, {
      "x" : 1.809017,
      "y" : 0.0,
      "z" : -0.309017
    }, {
      "x" : 1.618034,
      "y" : 0.309017,
      "z" : -0.809017
    }, {
      "x" : 2.0,
      "y" : 0.309017,
      "z" : -0.19098301
    }, {
      "x" : 1.809017,
      "y" : 0.618034,
      "z" : -0.690983
    }, {
      "x" : 5.854102,
      "y" : 0.690983,
      "z" : -1.427051
    }, {
      "x" : 5.663119,
      "y" : 1.0,
      "z" : -1.927051
    }, {
      "x" : 6.045085,
      "y" : 1.0,
      "z" : -1.309017
    }, {
      "x" : 5.854102,
      "y" : 1.309017,
      "z" : -1.809017
    }, {
      "x" : 6.663119,
      "y" : 1.0,
      "z" : -1.927051
    }, {
      "x" : 6.854102,
      "y" : 1.309017,
      "z" : -1.427051
    }, {
      "x" : 6.663119,
      "y" : 1.618034,
      "z" : -1.927051
    }, {
      "x" : 7.663119,
      "y" : 1.309017,
      "z" : -2.118034
    } ],
    "faces" : [ {
      "vertices" : [ 8, 13, 11 ]
    }, {
      "vertices" : [ 2, 5, 9 ]
    }, {
      "vertices" : [ 2, 9, 10 ]
    }, {
      "vertices" : [ 2, 10, 6 ]
    }, {
      "vertices" : [ 3, 4, 8 ]
    }, {
      "vertices" : [ 3, 8, 11 ]
    }, {
      "vertices" : [ 3, 11, 7 ]
    }, {
      "vertices" : [ 0, 2, 1 ]
    }, {
      "vertices" : [ 11, 13, 12 ]
    }, {
      "vertices" : [ 0, 5, 2 ]
    }, {
      "vertices" : [ 0, 3, 5 ]
    }, {
      "vertices" : [ 0, 1, 4 ]
    }, {
      "vertices" : [ 0, 4, 3 ]
    }, {
      "vertices" : [ 1, 2, 6 ]
    }, {
      "vertices" : [ 1, 6, 4 ]
    }, {
      "vertices" : [ 9, 12, 13 ]
    }, {
      "vertices" : [ 9, 13, 10 ]
    }, {
      "vertices" : [ 3, 7, 9 ]
    }, {
      "vertices" : [ 3, 9, 5 ]
    }, {
      "vertices" : [ 7, 12, 9 ]
    }, {
      "vertices" : [ 4, 6, 10 ]
    }, {
      "vertices" : [ 4, 10, 8 ]
    }, {
      "vertices" : [ 7, 11, 12 ]
    }, {
      "vertices" : [ 8, 10, 13 ]
    } ]
  }, {
    "id" : "6f1018f9-216e-467d-a0cb-29beaa56d9b5",
    "vertices" : [ {
      "x" : 0.309017,
      "y" : -0.809017,
      "z" : 0.618034
    }, {
      "x" : 0.809017,
      "y" : -0.618034,
      "z" : 0.309017
    }, {
      "x" : 0.618034,
      "y" : -0.309017,
      "z" : 0.809017
    }, {
      "x" : 1.0,
      "y" : 0.309017,
      "z" : 0.19098301
    }, {
      "x" : 0.809017,
      "y" : 0.618034,
      "z" : 0.309017
    }, {
      "x" : 0.618034,
      "y" : 0.309017,
      "z" : 0.809017
    }, {
      "x" : 0.809017,
      "y" : 0.0,
      "z" : 0.690983
    }, {
      "x" : 0.19098301,
      "y" : -1.0,
      "z" : 0.309017
    }, {
      "x" : -0.19098301,
      "y" : -1.0,
      "z" : 0.309017
    }, {
      "x" : -0.19098301,
      "y" : -1.0,
      "z" : -0.309017
    }, {
      "x" : 0.19098301,
      "y" : -1.0,
      "z" : -0.309017
    }, {
      "x" : 1.0,
      "y" : -0.309017,
      "z" : -0.19098301
    }, {
      "x" : 0.809017,
      "y" : -0.618034,
      "z" : -0.309017
    }, {
      "x" : 0.618034,
      "y" : -0.309017,
      "z" : -0.809017
    }, {
      "x" : 0.809017,
      "y" : 0.0,
      "z" : -0.690983
    }, {
      "x" : 0.0,
      "y" : 0.690983,
      "z" : -0.809017
    }, {
      "x" : 0.309017,
      "y" : 0.809017,
      "z" : -0.618034
    }, {
      "x" : 0.618034,
      "y" : 0.309017,
      "z" : -0.809017
    }, {
      "x" : 0.309017,
      "y" : 0.19098301,
      "z" : -1.0
    }, {
      "x" : 1.0,
      "y" : 0.309017,
      "z" : -0.19098301
    }, {
      "x" : -0.309017,
      "y" : -0.809017,
      "z" : 0.618034
    }, {
      "x" : 0.0,
      "y" : -0.690983,
      "z" : 0.809017
    }, {
      "x" : 0.809017,
      "y" : 0.618034,
      "z" : -0.309017
    }, {
      "x" : 0.690983,
      "y" : 0.809017,
      "z" : 0.0
    }, {
      "x" : -0.690983,
      "y" : 0.809017,
      "z" : 0.0
    }, {
      "x" : -0.809017,
      "y" : 0.618034,
      "z" : 0.309017
    }, {
      "x" : -0.309017,
      "y" : 0.809017,
      "z" : 0.618034
    }, {
      "x" : -0.19098301,
      "y" : 1.0,
      "z" : 0.309017
    }, {
      "x" : 0.309017,
      "y" : -0.19098301,
      "z" : -1.0
    }, {
      "x" : 0.19098301,
      "y" : 1.0,
      "z" : 0.309017
    }, {
      "x" : 0.309017,
      "y" : 0.809017,
      "z" : 0.618034
    }, {
      "x" : -0.809017,
      "y" : -0.618034,
      "z" : 0.309017
    }, {
      "x" : -0.690983,
      "y" : -0.809017,
      "z" : 0.0
    }, {
      "x" : 0.0,
      "y" : 0.690983,
      "z" : 0.809017
    }, {
      "x" : 0.309017,
      "y" : -0.809017,
      "z" : -0.618034
    }, {
      "x" : 0.0,
      "y" : -0.690983,
      "z" : -0.809017
    }, {
      "x" : -1.0,
      "y" : 0.309017,
      "z" : 0.19098301
    }, {
      "x" : -0.809017,
      "y" : 0.0,
      "z" : 0.690983
    }, {
      "x" : -0.618034,
      "y" : 0.309017,
      "z" : 0.809017
    }, {
      "x" : 1.0,
      "y" : -0.309017,
      "z" : 0.19098301
    }, {
      "x" : -0.309017,
      "y" : -0.809017,
      "z" : -0.618034
    }, {
      "x" : -1.0,
      "y" : 0.309017,
      "z" : -0.19098301
    }, {
      "x" : -1.0,
      "y" : -0.309017,
      "z" : -0.19098301
    }, {
      "x" : -1.0,
      "y" : -0.309017,
      "z" : 0.19098301
    }, {
      "x" : 0.19098301,
      "y" : 1.0,
      "z" : -0.309017
    }, {
      "x" : -0.809017,
      "y" : 0.618034,
      "z" : -0.309017
    }, {
      "x" : -0.19098301,
      "y" : 1.0,
      "z" : -0.309017
    }, {
      "x" : -0.309017,
      "y" : 0.809017,
      "z" : -0.618034
    }, {
      "x" : -0.618034,
      "y" : -0.309017,
      "z" : 0.809017
    }, {
      "x" : 0.309017,
      "y" : 0.19098301,
      "z" : 1.0
    }, {
      "x" : -0.309017,
      "y" : 0.19098301,
      "z" : -1.0
    }, {
      "x" : -0.309017,
      "y" : 0.19098301,
      "z" : 1.0
    }, {
      "x" : -0.309017,
      "y" : -0.19098301,
      "z" : 1.0
    }, {
      "x" : 0.309017,
      "y" : -0.19098301,
      "z" : 1.0
    }, {
      "x" : 0.690983,
      "y" : -0.809017,
      "z" : 0.0
    }, {
      "x" : -0.809017,
      "y" : 0.0,
      "z" : -0.690983
    }, {
      "x" : -0.618034,
      "y" : -0.309017,
      "z" : -0.809017
    }, {
      "x" : -0.309017,
      "y" : -0.19098301,
      "z" : -1.0
    }, {
      "x" : -0.618034,
      "y" : 0.309017,
      "z" : -0.809017
    }, {
      "x" : -0.809017,
      "y" : -0.618034,
      "z" : -0.309017
    } ],
    "faces" : [ {
      "vertices" : [ 9, 40, 35 ]
    }, {
      "vertices" : [ 9, 35, 34 ]
    }, {
      "vertices" : [ 9, 34, 10 ]
    }, {
      "vertices" : [ 0, 1, 2 ]
    }, {
      "vertices" : [ 33, 51, 49 ]
    }, {
      "vertices" : [ 25, 36, 37 ]
    }, {
      "vertices" : [ 25, 37, 38 ]
    }, {
      "vertices" : [ 41, 55, 42 ]
    }, {
      "vertices" : [ 9, 32, 59 ]
    }, {
      "vertices" : [ 9, 59, 40 ]
    }, {
      "vertices" : [ 20, 21, 52 ]
    }, {
      "vertices" : [ 20, 52, 48 ]
    }, {
      "vertices" : [ 26, 33, 30 ]
    }, {
      "vertices" : [ 26, 30, 29 ]
    }, {
      "vertices" : [ 26, 29, 27 ]
    }, {
      "vertices" : [ 3, 4, 5 ]
    }, {
      "vertices" : [ 3, 5, 6 ]
    }, {
      "vertices" : [ 27, 29, 44 ]
    }, {
      "vertices" : [ 27, 44, 46 ]
    }, {
      "vertices" : [ 50, 57, 56 ]
    }, {
      "vertices" : [ 50, 56, 55 ]
    }, {
      "vertices" : [ 50, 55, 58 ]
    }, {
      "vertices" : [ 26, 38, 51 ]
    }, {
      "vertices" : [ 26, 51, 33 ]
    }, {
      "vertices" : [ 45, 47, 58 ]
    }, {
      "vertices" : [ 18, 28, 57 ]
    }, {
      "vertices" : [ 18, 57, 50 ]
    }, {
      "vertices" : [ 40, 59, 56 ]
    }, {
      "vertices" : [ 31, 48, 37 ]
    }, {
      "vertices" : [ 31, 37, 43 ]
    }, {
      "vertices" : [ 7, 8, 9 ]
    }, {
      "vertices" : [ 7, 9, 10 ]
    }, {
      "vertices" : [ 36, 41, 42 ]
    }, {
      "vertices" : [ 36, 42, 43 ]
    }, {
      "vertices" : [ 24, 46, 47 ]
    }, {
      "vertices" : [ 24, 47, 45 ]
    }, {
      "vertices" : [ 4, 30, 5 ]
    }, {
      "vertices" : [ 15, 47, 46 ]
    }, {
      "vertices" : [ 15, 46, 44 ]
    }, {
      "vertices" : [ 15, 44, 16 ]
    }, {
      "vertices" : [ 15, 50, 58 ]
    }, {
      "vertices" : [ 15, 58, 47 ]
    }, {
      "vertices" : [ 24, 45, 41 ]
    }, {
      "vertices" : [ 24, 41, 36 ]
    }, {
      "vertices" : [ 24, 36, 25 ]
    }, {
      "vertices" : [ 11, 14, 19 ]
    }, {
      "vertices" : [ 3, 6, 39 ]
    }, {
      "vertices" : [ 1, 39, 6 ]
    }, {
      "vertices" : [ 1, 6, 2 ]
    }, {
      "vertices" : [ 8, 32, 9 ]
    }, {
      "vertices" : [ 11, 12, 13 ]
    }, {
      "vertices" : [ 11, 13, 14 ]
    }, {
      "vertices" : [ 16, 22, 17 ]
    }, {
      "vertices" : [ 0, 21, 20 ]
    }, {
      "vertices" : [ 0, 20, 8 ]
    }, {
      "vertices" : [ 0, 8, 7 ]
    }, {
      "vertices" : [ 12, 34, 13 ]
    }, {
      "vertices" : [ 35, 40, 56 ]
    }, {
      "vertices" : [ 35, 56, 57 ]
    }, {
      "vertices" : [ 0, 7, 54 ]
    }, {
      "vertices" : [ 0, 54, 1 ]
    }, {
      "vertices" : [ 15, 16, 17 ]
    }, {
      "vertices" : [ 15, 17, 18 ]
    }, {
      "vertices" : [ 3, 19, 22 ]
    }, {
      "vertices" : [ 3, 22, 23 ]
    }, {
      "vertices" : [ 3, 23, 4 ]
    }, {
      "vertices" : [ 7, 10, 54 ]
    }, {
      "vertices" : [ 41, 45, 58 ]
    }, {
      "vertices" : [ 41, 58, 55 ]
    }, {
      "vertices" : [ 3, 39, 11 ]
    }, {
      "vertices" : [ 3, 11, 19 ]
    }, {
      "vertices" : [ 14, 17, 22 ]
    }, {
      "vertices" : [ 14, 22, 19 ]
    }, {
      "vertices" : [ 0, 2, 53 ]
    }, {
      "vertices" : [ 0, 53, 21 ]
    }, {
      "vertices" : [ 49, 51, 52 ]
    }, {
      "vertices" : [ 49, 52, 53 ]
    }, {
      "vertices" : [ 31, 43, 42 ]
    }, {
      "vertices" : [ 31, 42, 59 ]
    }, {
      "vertices" : [ 31, 59, 32 ]
    }, {
      "vertices" : [ 15, 18, 50 ]
    }, {
      "vertices" : [ 42, 55, 56 ]
    }, {
      "vertices" : [ 42, 56, 59 ]
    }, {
      "vertices" : [ 4, 23, 29 ]
    }, {
      "vertices" : [ 4, 29, 30 ]
    }, {
      "vertices" : [ 25, 38, 26 ]
    }, {
      "vertices" : [ 13, 28, 18 ]
    }, {
      "vertices" : [ 13, 18, 17 ]
    }, {
      "vertices" : [ 13, 17, 14 ]
    }, {
      "vertices" : [ 8, 20, 31 ]
    }, {
      "vertices" : [ 8, 31, 32 ]
    }, {
      "vertices" : [ 23, 44, 29 ]
    }, {
      "vertices" : [ 24, 27, 46 ]
    }, {
      "vertices" : [ 37, 48, 52 ]
    }, {
      "vertices" : [ 37, 52, 51 ]
    }, {
      "vertices" : [ 37, 51, 38 ]
    }, {
      "vertices" : [ 20, 48, 31 ]
    }, {
      "vertices" : [ 24, 25, 26 ]
    }, {
      "vertices" : [ 24, 26, 27 ]
    }, {
      "vertices" : [ 16, 44, 23 ]
    }, {
      "vertices" : [ 16, 23, 22 ]
    }, {
      "vertices" : [ 13, 34, 35 ]
    }, {
      "vertices" : [ 13, 35, 28 ]
    }, {
      "vertices" : [ 10, 34, 12 ]
    }, {
      "vertices" : [ 10, 12, 54 ]
    }, {
      "vertices" : [ 2, 6, 5 ]
    }, {
      "vertices" : [ 2, 5, 49 ]
    }, {
      "vertices" : [ 2, 49, 53 ]
    }, {
      "vertices" : [ 36, 43, 37 ]
    }, {
      "vertices" : [ 5, 30, 33 ]
    }, {
      "vertices" : [ 5, 33, 49 ]
    }, {
      "vertices" : [ 1, 54, 12 ]
    }, {
      "vertices" : [ 1, 12, 11 ]
    }, {
      "vertices" : [ 1, 11, 39 ]
    }, {
      "vertices" : [ 28, 35, 57 ]
    }, {
      "vertices" : [ 21, 53, 52 ]
    } ]
  }, {
    "id" : "33761e53-343f-4944-a9fc-cb4a5b984b6e",
    "vertices" : [ {
      "x" : 5.854102,
      "y" : 2.309017,
      "z" : -0.19098301
    }, {
      "x" : 6.163119,
      "y" : 1.809017,
      "z" : 0.0
    }, {
      "x" : 5.236068,
      "y" : 1.690983,
      "z" : 0.19098301
    }, {
      "x" : 5.236068,
      "y" : 1.690983,
      "z" : -0.19098301
    }, {
      "x" : 5.236068,
      "y" : 2.309017,
      "z" : 0.19098301
    }, {
      "x" : 6.045085,
      "y" : 2.0,
      "z" : -0.309017
    }, {
      "x" : 1.618034,
      "y" : 0.309017,
      "z" : 0.19098301
    }, {
      "x" : 1.618034,
      "y" : 0.927051,
      "z" : 0.19098301
    }, {
      "x" : 0.809017,
      "y" : 0.618034,
      "z" : 0.309017
    }, {
      "x" : 5.854102,
      "y" : 2.309017,
      "z" : 0.19098301
    }, {
      "x" : 1.0,
      "y" : 0.309017,
      "z" : -0.19098301
    }, {
      "x" : 1.618034,
      "y" : 0.309017,
      "z" : -0.19098301
    }, {
      "x" : 1.0,
      "y" : 0.309017,
      "z" : 0.19098301
    }, {
      "x" : 6.045085,
      "y" : 2.0,
      "z" : 0.309017
    }, {
      "x" : 5.236068,
      "y" : 2.309017,
      "z" : -0.19098301
    }, {
      "x" : 1.618034,
      "y" : 0.927051,
      "z" : -0.19098301
    }, {
      "x" : 0.690983,
      "y" : 0.809017,
      "z" : 0.0
    }, {
      "x" : 0.809017,
      "y" : 0.618034,
      "z" : -0.309017
    }, {
      "x" : 6.854102,
      "y" : 2.618034,
      "z" : 0.0
    } ],
    "faces" : [ {
      "vertices" : [ 1, 2, 3 ]
    }, {
      "vertices" : [ 7, 15, 16 ]
    }, {
      "vertices" : [ 10, 17, 11 ]
    }, {
      "vertices" : [ 6, 12, 10 ]
    }, {
      "vertices" : [ 6, 10, 11 ]
    }, {
      "vertices" : [ 4, 14, 15 ]
    }, {
      "vertices" : [ 4, 15, 7 ]
    }, {
      "vertices" : [ 1, 3, 5 ]
    }, {
      "vertices" : [ 3, 11, 15 ]
    }, {
      "vertices" : [ 3, 15, 14 ]
    }, {
      "vertices" : [ 11, 17, 15 ]
    }, {
      "vertices" : [ 1, 13, 2 ]
    }, {
      "vertices" : [ 15, 17, 16 ]
    }, {
      "vertices" : [ 2, 4, 7 ]
    }, {
      "vertices" : [ 2, 7, 6 ]
    }, {
      "vertices" : [ 0, 5, 14 ]
    }, {
      "vertices" : [ 2, 13, 4 ]
    }, {
      "vertices" : [ 6, 7, 8 ]
    }, {
      "vertices" : [ 2, 6, 11 ]
    }, {
      "vertices" : [ 2, 11, 3 ]
    }, {
      "vertices" : [ 3, 14, 5 ]
    }, {
      "vertices" : [ 4, 13, 9 ]
    }, {
      "vertices" : [ 6, 8, 12 ]
    }, {
      "vertices" : [ 0, 14, 4 ]
    }, {
      "vertices" : [ 0, 4, 9 ]
    }, {
      "vertices" : [ 7, 16, 8 ]
    } ]
  }, {
    "id" : "10aa3e50-a527-47a8-b58b-0bcc013a0912",
    "vertices" : [ {
      "x" : 3.8315594,
      "y" : 1.2725425,
      "z" : -0.677051
    }, {
      "x" : 4.854102,
      "y" : 1.309017,
      "z" : -0.809017
    }, {
      "x" : 3.8315594,
      "y" : 1.2725425,
      "z" : -0.29508498
    }, {
      "x" : 3.6405764,
      "y" : 1.5815595,
      "z" : -0.79508495
    }, {
      "x" : 3.6405764,
      "y" : 1.5815595,
      "z" : -0.41311896
    }, {
      "x" : 0.809017,
      "y" : 0.618034,
      "z" : 0.309017
    }, {
      "x" : 1.0,
      "y" : 0.309017,
      "z" : 0.19098301
    }, {
      "x" : 1.9045085,
      "y" : 0.5364745,
      "z" : -0.013932022
    }, {
      "x" : 4.545085,
      "y" : 1.809017,
      "z" : -1.0
    }, {
      "x" : 4.736068,
      "y" : 1.5,
      "z" : -1.118034
    }, {
      "x" : 4.736068,
      "y" : 1.5,
      "z" : -0.5
    }, {
      "x" : 4.545085,
      "y" : 1.809017,
      "z" : -0.618034
    }, {
      "x" : 1.7135255,
      "y" : 0.8454915,
      "z" : -0.13196601
    }, {
      "x" : 0.690983,
      "y" : 0.809017,
      "z" : 0.0
    }, {
      "x" : 1.9045085,
      "y" : 0.5364745,
      "z" : -0.39589804
    }, {
      "x" : 1.7135255,
      "y" : 0.8454915,
      "z" : -0.51393205
    }, {
      "x" : 0.809017,
      "y" : 0.618034,
      "z" : -0.309017
    }, {
      "x" : 1.0,
      "y" : 0.309017,
      "z" : -0.19098301
    }, {
      "x" : 5.545085,
      "y" : 2.118034,
      "z" : -0.809017
    } ],
    "faces" : [ {
      "vertices" : [ 0, 14, 15 ]
    }, {
      "vertices" : [ 0, 15, 3 ]
    }, {
      "vertices" : [ 3, 15, 12 ]
    }, {
      "vertices" : [ 3, 12, 4 ]
    }, {
      "vertices" : [ 0, 1, 2 ]
    }, {
      "vertices" : [ 12, 15, 13 ]
    }, {
      "vertices" : [ 0, 9, 1 ]
    }, {
      "vertices" : [ 0, 3, 9 ]
    }, {
      "vertices" : [ 13, 15, 16 ]
    }, {
      "vertices" : [ 6, 17, 14 ]
    }, {
      "vertices" : [ 6, 14, 7 ]
    }, {
      "vertices" : [ 1, 10, 2 ]
    }, {
      "vertices" : [ 5, 6, 7 ]
    }, {
      "vertices" : [ 3, 8, 9 ]
    }, {
      "vertices" : [ 0, 2, 7 ]
    }, {
      "vertices" : [ 0, 7, 14 ]
    }, {
      "vertices" : [ 5, 7, 12 ]
    }, {
      "vertices" : [ 2, 4, 12 ]
    }, {
      "vertices" : [ 2, 12, 7 ]
    }, {
      "vertices" : [ 3, 4, 11 ]
    }, {
      "vertices" : [ 3, 11, 8 ]
    }, {
      "vertices" : [ 2, 10, 11 ]
    }, {
      "vertices" : [ 2, 11, 4 ]
    }, {
      "vertices" : [ 5, 12, 13 ]
    }, {
      "vertices" : [ 14, 17, 16 ]
    }, {
      "vertices" : [ 14, 16, 15 ]
    } ]
  } ],
  "instances" : [ {
    "shape" : "93adf27c-0194-4f0a-9292-d88b19f690df",
    "color" : "#DC4C00",
    "position" : {
      "x" : 11.09017,
      "y" : -5.545085,
      "z" : -10.281153
    },
    "orientation" : 13
  }, {
    "shape" : "6f1018f9-216e-467d-a0cb-29beaa56d9b5",
    "color" : "#FFFFFF",
    "position" : {
      "x" : 4.236068,
      "y" : 5.545085,
      "z" : 14.5172205
    }
  }, {
    "shape" : "93adf27c-0194-4f0a-9292-d88b19f690df",
    "color" : "#DC4C00",
    "position" : {
      "x" : 7.663119,
      "y" : 6.854102,
      "z" : -12.399187
    },
    "orientation" : 33
  }, {
    "shape" : "6f1018f9-216e-467d-a0cb-29beaa56d9b5",
    "color" : "#FFFFFF",
    "position" : {
      "x" : 13.208204,
      "y" : 2.118034,
      "z" : -8.972136
    }
  }, {
    "shape" : "33761e53-343f-4944-a9fc-cb4a5b984b6e",
    "color" : "#6C00C6",
    "position" : {
      "x" : -13.208204,
      "y" : -2.118034,
      "z" : -8.972136
    },
    "orientation" : 32
  }, {
    "shape" : "33761e53-343f-4944-a9fc-cb4a5b984b6e",
    "color" : "#6C00C6",
    "position" : {
      "x" : 14.5172205,
      "y" : -4.236068,
      "z" : -5.545085
    },
    "orientation" : 58
  }, {
    "shape" : "93adf27c-0194-4f0a-9292-d88b19f690df",
    "color" : "#DC4C00",
    "position" : {
      "x" : 6.854102,
      "y" : -12.399187,
      "z" : 7.663119
    },
    "orientation" : 35
  }, {
    "shape" : "33761e53-343f-4944-a9fc-cb4a5b984b6e",
    "color" : "#6C00C6",
    "position" : {
      "x" : -2.118034,
      "y" : 8.972136,
      "z" : 13.208204
    },
    "orientation" : 31
  }, {
    "shape" : "93adf27c-0194-4f0a-9292-d88b19f690df",
    "color" : "#DC4C00",
    "position" : {
      "x" : 5.545085,
      "y" : 10.281153,
      "z" : 11.09017
    },
    "orientation" : 42
  }, {
    "shape" : "10aa3e50-a527-47a8-b58b-0bcc013a0912",
    "color" : "#008D36",
    "position" : {
      "x" : -13.208204,
      "y" : -2.118034,
      "z" : -8.972136
    },
    "orientation" : 31
  }, {
    "shape" : "6f1018f9-216e-467d-a0cb-29beaa56d9b5",
    "color" : "#FFFFFF",
    "position" : {
      "x" : 10.281153,
      "y" : -11.09017,
      "z" : -5.545085
    }
  }, {
    "shape" : "6f1018f9-216e-467d-a0cb-29beaa56d9b5",
    "color" : "#FFFFFF",
    "position" : {
      "x" : -5.545085,
      "y" : 10.281153,
      "z" : -11.09017
    }
  }, {
    "shape" : "93adf27c-0194-4f0a-9292-d88b19f690df",
    "color" : "#DC4C00",
    "position" : {
      "x" : -2.118034,
      "y" : 15.826238,
      "z" : 2.118034
    },
    "orientation" : 41
  }, {
    "shape" : "93adf27c-0194-4f0a-9292-d88b19f690df",
    "color" : "#DC4C00",
    "position" : {
      "x" : -10.281153,
      "y" : -11.09017,
      "z" : 5.545085
    },
    "orientation" : 51
  }, {
    "shape" : "33761e53-343f-4944-a9fc-cb4a5b984b6e",
    "color" : "#6C00C6",
    "position" : {
      "x" : -5.545085,
      "y" : -14.5172205,
      "z" : 4.236068
    },
    "orientation" : 59
  }, {
    "shape" : "93adf27c-0194-4f0a-9292-d88b19f690df",
    "color" : "#DC4C00",
    "position" : {
      "x" : 5.545085,
      "y" : -10.281153,
      "z" : -11.09017
    },
    "orientation" : 57
  }, {
    "shape" : "93adf27c-0194-4f0a-9292-d88b19f690df",
    "color" : "#DC4C00",
    "position" : {
      "x" : -10.281153,
      "y" : 11.09017,
      "z" : -5.545085
    },
    "orientation" : 36
  }, {
    "shape" : "6f1018f9-216e-467d-a0cb-29beaa56d9b5",
    "color" : "#FFFFFF",
    "position" : {
      "x" : -13.208204,
      "y" : -2.118034,
      "z" : -8.972136
    }
  }, {
    "shape" : "93adf27c-0194-4f0a-9292-d88b19f690df",
    "color" : "#DC4C00",
    "position" : {
      "x" : 2.118034,
      "y" : 15.826238,
      "z" : -2.118034
    },
    "orientation" : 30
  }, {
    "shape" : "6f1018f9-216e-467d-a0cb-29beaa56d9b5",
    "color" : "#FFFFFF",
    "position" : {
      "x" : 5.545085,
      "y" : -14.5172205,
      "z" : -4.236068
    }
  }, {
    "shape" : "33761e53-343f-4944-a9fc-cb4a5b984b6e",
    "color" : "#6C00C6",
    "position" : {
      "x" : -2.118034,
      "y" : -2.118034,
      "z" : -15.826238
    },
    "orientation" : 31
  }, {
    "shape" : "33761e53-343f-4944-a9fc-cb4a5b984b6e",
    "color" : "#6C00C6",
    "position" : {
      "x" : 10.281153,
      "y" : 11.09017,
      "z" : 5.545085
    },
    "orientation" : 37
  }, {
    "shape" : "93adf27c-0194-4f0a-9292-d88b19f690df",
    "color" : "#DC4C00",
    "position" : {
      "x" : 5.545085,
      "y" : -14.5172205,
      "z" : -4.236068
    },
    "orientation" : 42
  }, {
    "shape" : "33761e53-343f-4944-a9fc-cb4a5b984b6e",
    "color" : "#6C00C6",
    "position" : {
      "x" : 10.281153,
      "y" : -11.09017,
      "z" : -5.545085
    },
    "orientation" : 52
  }, {
    "shape" : "10aa3e50-a527-47a8-b58b-0bcc013a0912",
    "color" : "#008D36",
    "position" : {
      "x" : -7.663119,
      "y" : -6.854102,
      "z" : -12.399187
    },
    "orientation" : 27
  }, {
    "shape" : "6f1018f9-216e-467d-a0cb-29beaa56d9b5",
    "color" : "#FFFFFF",
    "position" : {
      "x" : -6.854102,
      "y" : 12.399187,
      "z" : 7.663119
    }
  }, {
    "shape" : "6f1018f9-216e-467d-a0cb-29beaa56d9b5",
    "color" : "#FFFFFF",
    "position" : {
      "x" : 5.545085,
      "y" : -10.281153,
      "z" : -11.09017
    }
  }, {
    "shape" : "6f1018f9-216e-467d-a0cb-29beaa56d9b5",
    "color" : "#FFFFFF",
    "position" : {
      "x" : 10.281153,
      "y" : 11.09017,
      "z" : 5.545085
    }
  }, {
    "shape" : "10aa3e50-a527-47a8-b58b-0bcc013a0912",
    "color" : "#008D36",
    "position" : {
      "x" : 5.545085,
      "y" : 10.281153,
      "z" : 11.09017
    },
    "orientation" : 40
  }, {
    "shape" : "6f1018f9-216e-467d-a0cb-29beaa56d9b5",
    "color" : "#FFFFFF",
    "position" : {
      "x" : 2.118034,
      "y" : 15.826238,
      "z" : -2.118034
    }
  }, {
    "shape" : "93adf27c-0194-4f0a-9292-d88b19f690df",
    "color" : "#DC4C00",
    "position" : {
      "x" : -15.826238,
      "y" : 2.118034,
      "z" : 2.118034
    },
    "orientation" : 10
  }, {
    "shape" : "33761e53-343f-4944-a9fc-cb4a5b984b6e",
    "color" : "#6C00C6",
    "position" : {
      "x" : -10.281153,
      "y" : 11.09017,
      "z" : -5.545085
    },
    "orientation" : 22
  }, {
    "shape" : "6f1018f9-216e-467d-a0cb-29beaa56d9b5",
    "color" : "#FFFFFF",
    "position" : {
      "x" : 11.09017,
      "y" : 5.545085,
      "z" : 10.281153
    }
  }, {
    "shape" : "33761e53-343f-4944-a9fc-cb4a5b984b6e",
    "color" : "#6C00C6",
    "position" : {
      "x" : -4.236068,
      "y" : 5.545085,
      "z" : -14.5172205
    },
    "orientation" : 27
  }, {
    "shape" : "93adf27c-0194-4f0a-9292-d88b19f690df",
    "color" : "#DC4C00",
    "position" : {
      "x" : -4.236068,
      "y" : -5.545085,
      "z" : 14.5172205
    },
    "orientation" : 13
  }, {
    "shape" : "10aa3e50-a527-47a8-b58b-0bcc013a0912",
    "color" : "#008D36",
    "position" : {
      "x" : -11.09017,
      "y" : 5.545085,
      "z" : -10.281153
    },
    "orientation" : 41
  }, {
    "shape" : "6f1018f9-216e-467d-a0cb-29beaa56d9b5",
    "color" : "#FFFFFF",
    "position" : {
      "x" : -2.118034,
      "y" : 2.118034,
      "z" : 15.826238
    }
  }, {
    "shape" : "93adf27c-0194-4f0a-9292-d88b19f690df",
    "color" : "#DC4C00",
    "position" : {
      "x" : -13.208204,
      "y" : -2.118034,
      "z" : -8.972136
    },
    "orientation" : 24
  }, {
    "shape" : "6f1018f9-216e-467d-a0cb-29beaa56d9b5",
    "color" : "#FFFFFF",
    "position" : {
      "x" : 7.663119,
      "y" : -6.854102,
      "z" : 12.399187
    }
  }, {
    "shape" : "93adf27c-0194-4f0a-9292-d88b19f690df",
    "color" : "#DC4C00",
    "position" : {
      "x" : 2.118034,
      "y" : 15.826238,
      "z" : -2.118034
    },
    "orientation" : 26
  }, {
    "shape" : "6f1018f9-216e-467d-a0cb-29beaa56d9b5",
    "color" : "#FFFFFF",
    "position" : {
      "x" : 14.5172205,
      "y" : 4.236068,
      "z" : 5.545085
    }
  }, {
    "shape" : "6f1018f9-216e-467d-a0cb-29beaa56d9b5",
    "color" : "#FFFFFF",
    "position" : {
      "x" : 8.972136,
      "y" : 13.208204,
      "z" : -2.118034
    }
  }, {
    "shape" : "6f1018f9-216e-467d-a0cb-29beaa56d9b5",
    "color" : "#FFFFFF",
    "position" : {
      "x" : -4.236068,
      "y" : -5.545085,
      "z" : 14.5172205
    }
  }, {
    "shape" : "93adf27c-0194-4f0a-9292-d88b19f690df",
    "color" : "#DC4C00",
    "position" : {
      "x" : 14.5172205,
      "y" : -4.236068,
      "z" : -5.545085
    },
    "orientation" : 36
  }, {
    "shape" : "93adf27c-0194-4f0a-9292-d88b19f690df",
    "color" : "#DC4C00",
    "position" : {
      "x" : 2.118034,
      "y" : 8.972136,
      "z" : -13.208204
    },
    "orientation" : 45
  }, {
    "shape" : "93adf27c-0194-4f0a-9292-d88b19f690df",
    "color" : "#DC4C00",
    "position" : {
      "x" : 2.118034,
      "y" : -2.118034,
      "z" : 15.826238
    },
    "orientation" : 46
  }, {
    "shape" : "6f1018f9-216e-467d-a0cb-29beaa56d9b5",
    "color" : "#FFFFFF",
    "position" : {
      "x" : -11.09017,
      "y" : -5.545085,
      "z" : 10.281153
    }
  }, {
    "shape" : "10aa3e50-a527-47a8-b58b-0bcc013a0912",
    "color" : "#008D36",
    "position" : {
      "x" : -11.09017,
      "y" : -5.545085,
      "z" : 10.281153
    },
    "orientation" : 56
  }, {
    "shape" : "6f1018f9-216e-467d-a0cb-29beaa56d9b5",
    "color" : "#FFFFFF",
    "position" : {
      "x" : 12.399187,
      "y" : 7.663119,
      "z" : -6.854102
    }
  }, {
    "shape" : "33761e53-343f-4944-a9fc-cb4a5b984b6e",
    "color" : "#6C00C6",
    "position" : {
      "x" : 2.118034,
      "y" : 8.972136,
      "z" : -13.208204
    },
    "orientation" : 16
  }, {
    "shape" : "33761e53-343f-4944-a9fc-cb4a5b984b6e",
    "color" : "#6C00C6",
    "position" : {
      "x" : 4.236068,
      "y" : -5.545085,
      "z" : -14.5172205
    },
    "orientation" : 42
  }, {
    "shape" : "6f1018f9-216e-467d-a0cb-29beaa56d9b5",
    "color" : "#FFFFFF",
    "position" : {
      "x" : -14.5172205,
      "y" : -4.236068,
      "z" : 5.545085
    }
  }, {
    "shape" : "33761e53-343f-4944-a9fc-cb4a5b984b6e",
    "color" : "#6C00C6",
    "position" : {
      "x" : 13.208204,
      "y" : -2.118034,
      "z" : 8.972136
    },
    "orientation" : 17
  }, {
    "shape" : "33761e53-343f-4944-a9fc-cb4a5b984b6e",
    "color" : "#6C00C6",
    "position" : {
      "x" : 7.663119,
      "y" : 6.854102,
      "z" : -12.399187
    },
    "orientation" : 7
  }, {
    "shape" : "93adf27c-0194-4f0a-9292-d88b19f690df",
    "color" : "#DC4C00",
    "position" : {
      "x" : -6.854102,
      "y" : -12.399187,
      "z" : -7.663119
    },
    "orientation" : 5
  }, {
    "shape" : "33761e53-343f-4944-a9fc-cb4a5b984b6e",
    "color" : "#6C00C6",
    "position" : {
      "x" : 14.5172205,
      "y" : -4.236068,
      "z" : -5.545085
    },
    "orientation" : 13
  }, {
    "shape" : "6f1018f9-216e-467d-a0cb-29beaa56d9b5",
    "color" : "#FFFFFF",
    "position" : {
      "x" : -2.118034,
      "y" : -2.118034,
      "z" : -15.826238
    }
  }, {
    "shape" : "93adf27c-0194-4f0a-9292-d88b19f690df",
    "color" : "#DC4C00",
    "position" : {
      "x" : 15.826238,
      "y" : 2.118034,
      "z" : -2.118034
    },
    "orientation" : 55
  }, {
    "shape" : "93adf27c-0194-4f0a-9292-d88b19f690df",
    "color" : "#DC4C00",
    "position" : {
      "x" : 12.399187,
      "y" : -7.663119,
      "z" : 6.854102
    },
    "orientation" : 49
  }, {
    "shape" : "33761e53-343f-4944-a9fc-cb4a5b984b6e",
    "color" : "#6C00C6",
    "position" : {
      "x" : -8.972136,
      "y" : -13.208204,
      "z" : -2.118034
    },
    "orientation" : 15
  }, {
    "shape" : "10aa3e50-a527-47a8-b58b-0bcc013a0912",
    "color" : "#008D36",
    "position" : {
      "x" : 14.5172205,
      "y" : 4.236068,
      "z" : 5.545085
    },
    "orientation" : 35
  }, {
    "shape" : "93adf27c-0194-4f0a-9292-d88b19f690df",
    "color" : "#DC4C00",
    "position" : {
      "x" : -4.236068,
      "y" : 5.545085,
      "z" : -14.5172205
    },
    "orientation" : 28
  }, {
    "shape" : "93adf27c-0194-4f0a-9292-d88b19f690df",
    "color" : "#DC4C00",
    "position" : {
      "x" : -5.545085,
      "y" : -14.5172205,
      "z" : 4.236068
    },
    "orientation" : 7
  }, {
    "shape" : "6f1018f9-216e-467d-a0cb-29beaa56d9b5",
    "color" : "#FFFFFF",
    "position" : {
      "x" : -10.281153,
      "y" : 11.09017,
      "z" : -5.545085
    }
  }, {
    "shape" : "6f1018f9-216e-467d-a0cb-29beaa56d9b5",
    "color" : "#FFFFFF",
    "position" : {
      "x" : 5.545085,
      "y" : 14.5172205,
      "z" : 4.236068
    }
  }, {
    "shape" : "6f1018f9-216e-467d-a0cb-29beaa56d9b5",
    "color" : "#FFFFFF",
    "position" : {
      "x" : -14.5172205,
      "y" : 4.236068,
      "z" : -5.545085
    }
  }, {
    "shape" : "6f1018f9-216e-467d-a0cb-29beaa56d9b5",
    "color" : "#FFFFFF",
    "position" : {
      "x" : -12.399187,
      "y" : -7.663119,
      "z" : -6.854102
    }
  }, {
    "shape" : "10aa3e50-a527-47a8-b58b-0bcc013a0912",
    "color" : "#008D36",
    "position" : {
      "x" : 2.118034,
      "y" : -15.826238,
      "z" : 2.118034
    },
    "orientation" : 53
  }, {
    "shape" : "6f1018f9-216e-467d-a0cb-29beaa56d9b5",
    "color" : "#FFFFFF",
    "position" : {
      "x" : 4.236068,
      "y" : -5.545085,
      "z" : -14.5172205
    }
  }, {
    "shape" : "6f1018f9-216e-467d-a0cb-29beaa56d9b5",
    "color" : "#FFFFFF",
    "position" : {
      "x" : 6.854102,
      "y" : -12.399187,
      "z" : 7.663119
    }
  }, {
    "shape" : "93adf27c-0194-4f0a-9292-d88b19f690df",
    "color" : "#DC4C00",
    "position" : {
      "x" : 8.972136,
      "y" : 13.208204,
      "z" : -2.118034
    },
    "orientation" : 25
  }, {
    "shape" : "6f1018f9-216e-467d-a0cb-29beaa56d9b5",
    "color" : "#FFFFFF",
    "position" : {
      "x" : -4.236068,
      "y" : 5.545085,
      "z" : -14.5172205
    }
  }, {
    "shape" : "10aa3e50-a527-47a8-b58b-0bcc013a0912",
    "color" : "#008D36",
    "position" : {
      "x" : -4.236068,
      "y" : -5.545085,
      "z" : 14.5172205
    },
    "orientation" : 19
  }, {
    "shape" : "93adf27c-0194-4f0a-9292-d88b19f690df",
    "color" : "#DC4C00",
    "position" : {
      "x" : 5.545085,
      "y" : 14.5172205,
      "z" : 4.236068
    },
    "orientation" : 37
  }, {
    "shape" : "33761e53-343f-4944-a9fc-cb4a5b984b6e",
    "color" : "#6C00C6",
    "position" : {
      "x" : -2.118034,
      "y" : -2.118034,
      "z" : -15.826238
    },
    "orientation" : 18
  }, {
    "shape" : "6f1018f9-216e-467d-a0cb-29beaa56d9b5",
    "color" : "#FFFFFF",
    "position" : {
      "x" : -15.826238,
      "y" : 2.118034,
      "z" : 2.118034
    }
  }, {
    "shape" : "6f1018f9-216e-467d-a0cb-29beaa56d9b5",
    "color" : "#FFFFFF",
    "position" : {
      "x" : 14.5172205,
      "y" : -4.236068,
      "z" : -5.545085
    }
  }, {
    "shape" : "33761e53-343f-4944-a9fc-cb4a5b984b6e",
    "color" : "#6C00C6",
    "position" : {
      "x" : 12.399187,
      "y" : -7.663119,
      "z" : 6.854102
    },
    "orientation" : 38
  }, {
    "shape" : "10aa3e50-a527-47a8-b58b-0bcc013a0912",
    "color" : "#008D36",
    "position" : {
