{
  "field" : "golden",
  "symmetry" : "icosahedral",
  "orientations" : [ [ 1.0, 0.0, 0.0, 0.0, 0.0, 1.0, 0.0, 0.0, 0.0, 0.0, 1.0, 0.0, 0.0, 0.0, 0.0, 1.0 ], [ 0.0, 0.0, 1.0, 0.0, 1.0, 0.0, 0.0, 0.0, 0.0, 1.0, 0.0, 0.0, 0.0, 0.0, 0.0, 1.0 ], [ 0.0, 1.0, 0.0, 0.0, 0.0, 0.0, 1.0, 0.0, 1.0, 0.0, 0.0, 0.0, 0.0, 0.0, 0.0, 1.0 ], [ 0.809017, 0.309017, 0.5, 0.0, 0.309017, 0.5, -0.809017, 0.0, -0.5, 0.809017, 0.309017, 0.0, 0.0, 0.0, 0.0, 1.0 ], [ -0.5, 0.809017, 0.309017, 0.0, 0.809017, 0.309017, 0.5, 0.0, 0.309017, 0.5, -0.809017, 0.0, 0.0, 0.0, 0.0, 1.0 ], [ 0.309017, 0.5, -0.809017, 0.0, -0.5, 0.809017, 0.309017, 0.0, 0.809017, 0.309017, 0.5, 0.0, 0.0, 0.0, 0.0, 1.0 ], [ 0.5, 0.809017, 0.309017, 0.0, 0.809017, -0.309017, -0.5, 0.0, -0.309017, 0.5, -0.809017, 0.0, 0.0, 0.0, 0.0, 1.0 ], [ -0.309017, 0.5, -0.809017, 0.0, 0.5, 0.809017, 0.309017, 0.0, 0.809017, -0.309017, -0.5, 0.0, 0.0, 0.0, 0.0, 1.0 ], [ 0.809017, -0.309017, -0.5, 0.0, -0.309017, 0.5, -0.809017, 0.0, 0.5, 0.809017, 0.309017, 0.0, 0.0, 0.0, 0.0, 1.0 ], [ 0.5, 0.809017, -0.309017, 0.0, 0.809017, -0.309017, 0.5, 0.0, 0.309017, -0.5, -0.809017, 0.0, 0.0, 0.0, 0.0, 1.0 ], [ 0.309017, -0.5, -0.809017, 0.0, 0.5, 0.809017, -0.309017, 0.0, 0.809017, -0.309017, 0.5, 0.0, 0.0, 0.0, 0.0, 1.0 ], [ 0.809017, -0.309017, 0.5, 0.0, 0.309017, -0.5, -0.809017, 0.0, 0.5, 0.809017, -0.309017, 0.0, 0.0, 0.0, 0.0, 1.0 ], [ 0.809017, 0.309017, -0.5, 0.0, 0.309017, 0.5, 0.809017, 0.0, 0.5, -0.809017, 0.309017, 0.0, 0.0, 0.0, 0.0, 1.0 ], [ 0.5, -0.809017, 0.309017, 0.0, 0.809017, 0.309017, -0.5, 0.0, 0.309017, 0.5, 0.809017, 0.0, 0.0, 0.0, 0.0, 1.0 ], [ 0.309017, 0.5, 0.809017, 0.0, 0.5, -0.809017, 0.309017, 0.0, 0.809017, 0.309017, -0.5, 0.0, 0.0, 0.0, 0.0, 1.0 ], [ 1.0, 0.0, 0.0, 0.0, 0.0, -1.0, 0.0, 0.0, 0.0, 0.0, -1.0, 0.0, 0.0, 0.0, 0.0, 1.0 ], [ 0.0, 0.0, 1.0, 0.0, -1.0, 0.0, 0.0, 0.0, 0.0, -1.0, 0.0, 0.0, 0.0, 0.0, 0.0, 1.0 ], [ 0.0, 1.0, 0.0, 0.0, 0.0, 0.0, -1.0, 0.0, -1.0, 0.0, 0.0, 0.0, 0.0, 0.0, 0.0, 1.0 ], [ 0.809017, 0.309017, 0.5, 0.0, -0.309017, -0.5, 0.809017, 0.0, 0.5, -0.809017, -0.309017, 0.0, 0.0, 0.0, 0.0, 1.0 ], [ -0.5, 0.809017, 0.309017, 0.0, -0.809017, -0.309017, -0.5, 0.0, -0.309017, -0.5, 0.809017, 0.0, 0.0, 0.0, 0.0, 1.0 ], [ 0.309017, 0.5, -0.809017, 0.0, 0.5, -0.809017, -0.309017, 0.0, -0.809017, -0.309017, -0.5, 0.0, 0.0, 0.0, 0.0, 1.0 ], [ 0.5, 0.809017, 0.309017, 0.0, -0.809017, 0.309017, 0.5, 0.0, 0.309017, -0.5, 0.809017, 0.0, 0.0, 0.0, 0.0, 1.0 ], [ -0.309017, 0.5, -0.809017, 0.0, -0.5, -0.809017, -0.309017, 0.0, -0.809017, 0.309017, 0.5, 0.0, 0.0, 0.0, 0.0, 1.0 ], [ 0.809017, -0.309017, -0.5, 0.0, 0.309017, -0.5, 0.809017, 0.0, -0.5, -0.809017, -0.309017, 0.0, 0.0, 0.0, 0.0, 1.0 ], [ 0.5, 0.809017, -0.309017, 0.0, -0.809017, 0.309017, -0.5, 0.0, -0.309017, 0.5, 0.809017, 0.0, 0.0, 0.0, 0.0, 1.0 ], [ 0.309017, -0.5, -0.809017, 0.0, -0.5, -0.809017, 0.309017, 0.0, -0.809017, 0.309017, -0.5, 0.0, 0.0, 0.0, 0.0, 1.0 ], [ 0.809017, -0.309017, 0.5, 0.0, -0.309017, 0.5, 0.809017, 0.0, -0.5, -0.809017, 0.309017, 0.0, 0.0, 0.0, 0.0, 1.0 ], [ 0.809017, 0.309017, -0.5, 0.0, -0.309017, -0.5, -0.809017, 0.0, -0.5, 0.809017, -0.309017, 0.0, 0.0, 0.0, 0.0, 1.0 ], [ 0.5, -0.809017, 0.309017, 0.0, -0.809017, -0.309017, 0.5, 0.0, -0.309017, -0.5, -0.809017, 0.0, 0.0, 0.0, 0.0, 1.0 ], [ 0.309017, 0.5, 0.809017, 0.0, -0.5, 0.809017, -0.309017, 0.0, -0.809017, -0.309017, 0.5, 0.0, 0.0, 0.0, 0.0, 1.0 ], [ -1.0, 0.0, 0.0, 0.0, 0.0, -1.0, 0.0, 0.0, 0.0, 0.0, 1.0, 0.0, 0.0, 0.0, 0.0, 1.0 ], [ 0.0, 0.0, -1.0, 0.0, -1.0, 0.0, 0.0, 0.0, 0.0, 1.0, 0.0, 0.0, 0.0, 0.0, 0.0, 1.0 ], [ 0.0, -1.0, 0.0, 0.0, 0.0, 0.0, -1.0, 0.0, 1.0, 0.0, 0.0, 0.0, 0.0, 0.0, 0.0, 1.0 ], [ -0.809017, -0.309017, -0.5, 0.0, -0.309017, -0.5, 0.809017, 0.0, -0.5, 0.809017, 0.309017, 0.0, 0.0, 0.0, 0.0, 1.0 ], [ 0.5, -0.809017, -0.309017, 0.0, -0.809017, -0.309017, -0.5, 0.0, 0.309017, 0.5, -0.809017, 0.0, 0.0, 0.0, 0.0, 1.0 ], [ -0.309017, -0.5, 0.809017, 0.0, 0.5, -0.809017, -0.309017, 0.0, 0.809017, 0.309017, 0.5, 0.0, 0.0, 0.0, 0.0, 1.0 ], [ -0.5, -0.809017, -0.309017, 0.0, -0.809017, 0.309017, 0.5, 0.0, -0.309017, 0.5, -0.809017, 0.0, 0.0, 0.0, 0.0, 1.0 ], [ 0.309017, -0.5, 0.809017, 0.0, -0.5, -0.809017, -0.309017, 0.0, 0.809017, -0.309017, -0.5, 0.0, 0.0, 0.0, 0.0, 1.0 ], [ -0.809017, 0.309017, 0.5, 0.0, 0.309017, -0.5, 0.809017, 0.0, 0.5, 0.809017, 0.309017, 0.0, 0.0, 0.0, 0.0, 1.0 ], [ -0.5, -0.809017, 0.309017, 0.0, -0.809017, 0.309017, -0.5, 0.0, 0.309017, -0.5, -0.809017, 0.0, 0.0, 0.0, 0.0, 1.0 ], [ -0.309017, 0.5, 0.809017, 0.0, -0.5, -0.809017, 0.309017, 0.0, 0.809017, -0.309017, 0.5, 0.0, 0.0, 0.0, 0.0, 1.0 ], [ -0.809017, 0.309017, -0.5, 0.0, -0.309017, 0.5, 0.809017, 0.0, 0.5, 0.809017, -0.309017, 0.0, 0.0, 0.0, 0.0, 1.0 ], [ -0.809017, -0.309017, 0.5, 0.0, -0.309017, -0.5, -0.809017, 0.0, 0.5, -0.809017, 0.309017, 0.0, 0.0, 0.0, 0.0, 1.0 ], [ -0.5, 0.809017, -0.309017, 0.0, -0.809017, -0.309017, 0.5, 0.0, 0.309017, 0.5, 0.809017, 0.0, 0.0, 0.0, 0.0, 1.0 ], [ -0.309017, -0.5, -0.809017, 0.0, -0.5, 0.809017, -0.309017, 0.0, 0.809017, 0.309017, -0.5, 0.0, 0.0, 0.0, 0.0, 1.0 ], [ -1.0, 0.0, 0.0, 0.0, 0.0, 1.0, 0.0, 0.0, 0.0, 0.0, -1.0, 0.0, 0.0, 0.0, 0.0, 1.0 ], [ 0.0, 0.0, -1.0, 0.0, 1.0, 0.0, 0.0, 0.0, 0.0, -1.0, 0.0, 0.0, 0.0, 0.0, 0.0, 1.0 ], [ 0.0, -1.0, 0.0, 0.0, 0.0, 0.0, 1.0, 0.0, -1.0, 0.0, 0.0, 0.0, 0.0, 0.0, 0.0, 1.0 ], [ -0.809017, -0.309017, -0.5, 0.0, 0.309017, 0.5, -0.809017, 0.0, 0.5, -0.809017, -0.309017, 0.0, 0.0, 0.0, 0.0, 1.0 ], [ 0.5, -0.809017, -0.309017, 0.0, 0.809017, 0.309017, 0.5, 0.0, -0.309017, -0.5, 0.809017, 0.0, 0.0, 0.0, 0.0, 1.0 ], [ -0.309017, -0.5, 0.809017, 0.0, -0.5, 0.809017, 0.309017, 0.0, -0.809017, -0.309017, -0.5, 0.0, 0.0, 0.0, 0.0, 1.0 ], [ -0.5, -0.809017, -0.309017, 0.0, 0.809017, -0.309017, -0.5, 0.0, 0.309017, -0.5, 0.809017, 0.0, 0.0, 0.0, 0.0, 1.0 ], [ 0.309017, -0.5, 0.809017, 0.0, 0.5, 0.809017, 0.309017, 0.0, -0.809017, 0.309017, 0.5, 0.0, 0.0, 0.0, 0.0, 1.0 ], [ -0.809017, 0.309017, 0.5, 0.0, -0.309017, 0.5, -0.809017, 0.0, -0.5, -0.809017, -0.309017, 0.0, 0.0, 0.0, 0.0, 1.0 ], [ -0.5, -0.809017, 0.309017, 0.0, 0.809017, -0.309017, 0.5, 0.0, -0.309017, 0.5, 0.809017, 0.0, 0.0, 0.0, 0.0, 1.0 ], [ -0.309017, 0.5, 0.809017, 0.0, 0.5, 0.809017, -0.309017, 0.0, -0.809017, 0.309017, -0.5, 0.0, 0.0, 0.0, 0.0, 1.0 ], [ -0.809017, 0.309017, -0.5, 0.0, 0.309017, -0.5, -0.809017, 0.0, -0.5, -0.809017, 0.309017, 0.0, 0.0, 0.0, 0.0, 1.0 ], [ -0.809017, -0.309017, 0.5, 0.0, 0.309017, 0.5, 0.809017, 0.0, -0.5, 0.809017, -0.309017, 0.0, 0.0, 0.0, 0.0, 1.0 ], [ -0.5, 0.809017, -0.309017, 0.0, 0.809017, 0.309017, -0.5, 0.0, -0.309017, -0.5, -0.809017, 0.0, 0.0, 0.0, 0.0, 1.0 ], [ -0.309017, -0.5, -0.809017, 0.0, 0.5, -0.809017, 0.309017, 0.0, -0.809017, -0.309017, 0.5, 0.0, 0.0, 0.0, 0.0, 1.0 ] ],
  "lights" : {
    "ambientColor" : "#292929",
    "backgroundColor" : "#AFC8DC",
    "directionalLights" : [ {
      "direction" : {
        "x" : 1.0,
        "y" : -1.0,
        "z" : -1.0
      },
      "color" : "#EBEBE4"
    }, {
      "direction" : {
        "x" : -1.0,
        "y" : 0.0,
        "z" : 0.0
      },
      "color" : "#E4E4EB"
    }, {
      "direction" : {
        "x" : 0.0,
        "y" : 0.0,
        "z" : -1.0
      },
      "color" : "#1E1E1E"
    } ]
  },
  "camera" : {
    "stereo" : false,
    "width" : 62.201073,
    "lookDirection" : {
      "x" : 0.0,
      "y" : -0.8506508,
      "z" : -0.5257311
    },
    "upDirection" : {
      "x" : -0.309017,
      "y" : 0.5,
      "z" : -0.809017
    },
    "lookAtPoint" : {
      "x" : 0.0,
      "y" : 0.0,
      "z" : 0.0
    },
    "viewDistance" : 138.22453,
    "nearClipDistance" : 0.34556144,
    "farClipDistance" : 276.44907,
    "fieldOfView" : 0.4426291,
    "perspective" : true,
    "position" : {
      "x" : 0.0,
      "y" : 117.58081,
      "z" : 72.66894
    }
  },
  "embedding" : [ 1.0, 0.0, 0.0, 0.0, 0.0, 1.0, 0.0, 0.0, 0.0, 0.0, 1.0, 0.0, 0.0, 0.0, 0.0, 1.0 ],
  "shapes" : [ {
    "id" : "a8572fe1-ece9-4ee8-8679-fe307139d208",
    "vertices" : [ {
      "x" : 3.927051,
      "y" : 3.427051,
      "z" : 6.236068
    }, {
      "x" : 3.927051,
      "y" : 4.045085,
      "z" : 5.854102
    }, {
      "x" : 2.927051,
      "y" : 3.427051,
      "z" : 5.236068
    }, {
      "x" : 3.236068,
      "y" : 3.545085,
      "z" : 5.045085
    }, {
      "x" : 1.0,
      "y" : 1.309017,
      "z" : 1.427051
    }, {
      "x" : 0.690983,
      "y" : 1.190983,
      "z" : 1.618034
    }, {
      "x" : 3.618034,
      "y" : 3.927051,
      "z" : 6.045085
    }, {
      "x" : 0.309017,
      "y" : 0.809017,
      "z" : 0.618034
    }, {
      "x" : 0.0,
      "y" : 0.690983,
      "z" : 0.809017
    }, {
      "x" : 1.309017,
      "y" : 0.809017,
      "z" : 1.618034
    }, {
      "x" : 0.618034,
      "y" : 0.309017,
      "z" : 0.809017
    }, {
      "x" : 4.236068,
      "y" : 3.545085,
      "z" : 6.045085
    }, {
      "x" : 3.236068,
      "y" : 2.927051,
      "z" : 5.427051
    }, {
      "x" : 3.545085,
      "y" : 3.045085,
      "z" : 5.236068
    }, {
      "x" : 1.0,
      "y" : 0.690983,
      "z" : 1.809017
    }, {
      "x" : 0.309017,
      "y" : 0.19098301,
      "z" : 1.0
    }, {
      "x" : 4.236068,
      "y" : 4.236068,
      "z" : 6.854102
    } ],
    "faces" : [ {
      "vertices" : [ 9, 13, 12 ]
    }, {
      "vertices" : [ 9, 12, 14 ]
    }, {
      "vertices" : [ 9, 14, 15 ]
    }, {
      "vertices" : [ 9, 15, 10 ]
    }, {
      "vertices" : [ 2, 5, 14 ]
    }, {
      "vertices" : [ 2, 14, 12 ]
    }, {
      "vertices" : [ 0, 12, 13 ]
    }, {
      "vertices" : [ 0, 13, 11 ]
    }, {
      "vertices" : [ 0, 6, 2 ]
    }, {
      "vertices" : [ 0, 2, 12 ]
    }, {
      "vertices" : [ 4, 7, 8 ]
    }, {
      "vertices" : [ 4, 8, 5 ]
    }, {
      "vertices" : [ 5, 8, 15 ]
    }, {
      "vertices" : [ 5, 15, 14 ]
    }, {
      "vertices" : [ 1, 3, 2 ]
    }, {
      "vertices" : [ 1, 2, 6 ]
    }, {
      "vertices" : [ 1, 11, 13 ]
    }, {
      "vertices" : [ 1, 13, 3 ]
    }, {
      "vertices" : [ 3, 13, 9 ]
    }, {
      "vertices" : [ 3, 9, 4 ]
    }, {
      "vertices" : [ 2, 3, 4 ]
    }, {
      "vertices" : [ 2, 4, 5 ]
    }, {
      "vertices" : [ 4, 9, 10 ]
    }, {
      "vertices" : [ 4, 10, 7 ]
    } ]
  }, {
    "id" : "b99b6727-abb7-4bcf-8bf9-fb8e275365b3",
    "vertices" : [ {
      "x" : 7.2586102,
      "y" : 2.5815594,
      "z" : -1.177051
    }, {
      "x" : 8.281153,
      "y" : 2.618034,
      "z" : -1.309017
    }, {
      "x" : 7.2586102,
      "y" : 2.5815594,
      "z" : -0.79508495
    }, {
      "x" : 7.0676274,
      "y" : 2.8905764,
      "z" : -1.295085
    }, {
      "x" : 7.0676274,
      "y" : 2.8905764,
      "z" : -0.91311896
    }, {
      "x" : 0.809017,
      "y" : 0.618034,
      "z" : 0.309017
    }, {
      "x" : 1.0,
      "y" : 0.309017,
      "z" : 0.19098301
    }, {
      "x" : 1.9045085,
      "y" : 0.5364745,
      "z" : -0.013932022
    }, {
      "x" : 7.972136,
      "y" : 3.118034,
      "z" : -1.5
    }, {
      "x" : 8.163119,
      "y" : 2.809017,
      "z" : -1.618034
    }, {
      "x" : 8.163119,
      "y" : 2.809017,
      "z" : -1.0
    }, {
      "x" : 7.972136,
      "y" : 3.118034,
      "z" : -1.118034
    }, {
      "x" : 1.7135255,
      "y" : 0.8454915,
      "z" : -0.13196601
    }, {
      "x" : 0.690983,
      "y" : 0.809017,
      "z" : 0.0
    }, {
      "x" : 1.9045085,
      "y" : 0.5364745,
      "z" : -0.39589804
    }, {
      "x" : 1.7135255,
      "y" : 0.8454915,
      "z" : -0.51393205
    }, {
      "x" : 0.809017,
      "y" : 0.618034,
      "z" : -0.309017
    }, {
      "x" : 1.0,
      "y" : 0.309017,
      "z" : -0.19098301
    }, {
      "x" : 8.972136,
      "y" : 3.427051,
      "z" : -1.309017
    } ],
    "faces" : [ {
      "vertices" : [ 0, 14, 15 ]
    }, {
      "vertices" : [ 0, 15, 3 ]
    }, {
      "vertices" : [ 3, 15, 12 ]
    }, {
      "vertices" : [ 3, 12, 4 ]
    }, {
      "vertices" : [ 0, 1, 2 ]
    }, {
      "vertices" : [ 12, 15, 13 ]
    }, {
      "vertices" : [ 0, 9, 1 ]
    }, {
      "vertices" : [ 0, 3, 9 ]
    }, {
      "vertices" : [ 13, 15, 16 ]
    }, {
      "vertices" : [ 6, 17, 14 ]
    }, {
      "vertices" : [ 6, 14, 7 ]
    }, {
      "vertices" : [ 1, 10, 2 ]
    }, {
      "vertices" : [ 5, 6, 7 ]
    }, {
      "vertices" : [ 3, 8, 9 ]
    }, {
      "vertices" : [ 0, 2, 7 ]
    }, {
      "vertices" : [ 0, 7, 14 ]
    }, {
      "vertices" : [ 5, 7, 12 ]
    }, {
      "vertices" : [ 2, 4, 12 ]
    }, {
      "vertices" : [ 2, 12, 7 ]
    }, {
      "vertices" : [ 3, 4, 11 ]
    }, {
      "vertices" : [ 3, 11, 8 ]
    }, {
      "vertices" : [ 2, 10, 11 ]
    }, {
      "vertices" : [ 2, 11, 4 ]
    }, {
      "vertices" : [ 5, 12, 13 ]
    }, {
      "vertices" : [ 14, 17, 16 ]
    }, {
      "vertices" : [ 14, 16, 15 ]
    } ]
  }, {
    "id" : "5dc79bd6-9876-4a8f-9a73-11a63d1c4df9",
    "vertices" : [ {
      "x" : 0.309017,
      "y" : -0.809017,
      "z" : 0.618034
    }, {
      "x" : 0.809017,
      "y" : -0.618034,
      "z" : 0.309017
    }, {
      "x" : 0.618034,
      "y" : -0.309017,
      "z" : 0.809017
    }, {
      "x" : 1.0,
      "y" : 0.309017,
      "z" : 0.19098301
    }, {
      "x" : 0.809017,
      "y" : 0.618034,
      "z" : 0.309017
    }, {
      "x" : 0.618034,
      "y" : 0.309017,
      "z" : 0.809017
    }, {
      "x" : 0.809017,
      "y" : 0.0,
      "z" : 0.690983
    }, {
      "x" : 0.19098301,
      "y" : -1.0,
      "z" : 0.309017
    }, {
      "x" : -0.19098301,
      "y" : -1.0,
      "z" : 0.309017
    }, {
      "x" : -0.19098301,
      "y" : -1.0,
      "z" : -0.309017
    }, {
      "x" : 0.19098301,
      "y" : -1.0,
      "z" : -0.309017
    }, {
      "x" : 1.0,
      "y" : -0.309017,
      "z" : -0.19098301
    }, {
      "x" : 0.809017,
      "y" : -0.618034,
      "z" : -0.309017
    }, {
      "x" : 0.618034,
      "y" : -0.309017,
      "z" : -0.809017
    }, {
      "x" : 0.809017,
      "y" : 0.0,
      "z" : -0.690983
    }, {
      "x" : 0.0,
      "y" : 0.690983,
      "z" : -0.809017
    }, {
      "x" : 0.309017,
      "y" : 0.809017,
      "z" : -0.618034
    }, {
      "x" : 0.618034,
      "y" : 0.309017,
      "z" : -0.809017
    }, {
      "x" : 0.309017,
      "y" : 0.19098301,
      "z" : -1.0
    }, {
      "x" : 1.0,
      "y" : 0.309017,
      "z" : -0.19098301
    }, {
      "x" : -0.309017,
      "y" : -0.809017,
      "z" : 0.618034
    }, {
      "x" : 0.0,
      "y" : -0.690983,
      "z" : 0.809017
    }, {
      "x" : 0.809017,
      "y" : 0.618034,
      "z" : -0.309017
    }, {
      "x" : 0.690983,
      "y" : 0.809017,
      "z" : 0.0
    }, {
      "x" : -0.690983,
      "y" : 0.809017,
      "z" : 0.0
    }, {
      "x" : -0.809017,
      "y" : 0.618034,
      "z" : 0.309017
    }, {
      "x" : -0.309017,
      "y" : 0.809017,
      "z" : 0.618034
    }, {
      "x" : -0.19098301,
      "y" : 1.0,
      "z" : 0.309017
    }, {
      "x" : 0.309017,
      "y" : -0.19098301,
      "z" : -1.0
    }, {
      "x" : 0.19098301,
      "y" : 1.0,
      "z" : 0.309017
    }, {
      "x" : 0.309017,
      "y" : 0.809017,
      "z" : 0.618034
    }, {
      "x" : -0.809017,
      "y" : -0.618034,
      "z" : 0.309017
    }, {
      "x" : -0.690983,
      "y" : -0.809017,
      "z" : 0.0
    }, {
      "x" : 0.0,
      "y" : 0.690983,
      "z" : 0.809017
    }, {
      "x" : 0.309017,
      "y" : -0.809017,
      "z" : -0.618034
    }, {
      "x" : 0.0,
      "y" : -0.690983,
      "z" : -0.809017
    }, {
      "x" : -1.0,
      "y" : 0.309017,
      "z" : 0.19098301
    }, {
      "x" : -0.809017,
      "y" : 0.0,
      "z" : 0.690983
    }, {
      "x" : -0.618034,
      "y" : 0.309017,
      "z" : 0.809017
    }, {
      "x" : 1.0,
      "y" : -0.309017,
      "z" : 0.19098301
    }, {
      "x" : -0.309017,
      "y" : -0.809017,
      "z" : -0.618034
    }, {
      "x" : -1.0,
      "y" : 0.309017,
      "z" : -0.19098301
    }, {
      "x" : -1.0,
      "y" : -0.309017,
      "z" : -0.19098301
    }, {
      "x" : -1.0,
      "y" : -0.309017,
      "z" : 0.19098301
    }, {
      "x" : 0.19098301,
      "y" : 1.0,
      "z" : -0.309017
    }, {
      "x" : -0.809017,
      "y" : 0.618034,
      "z" : -0.309017
    }, {
      "x" : -0.19098301,
      "y" : 1.0,
      "z" : -0.309017
    }, {
      "x" : -0.309017,
      "y" : 0.809017,
      "z" : -0.618034
    }, {
      "x" : -0.618034,
      "y" : -0.309017,
      "z" : 0.809017
    }, {
      "x" : 0.309017,
      "y" : 0.19098301,
      "z" : 1.0
    }, {
      "x" : -0.309017,
      "y" : 0.19098301,
      "z" : -1.0
    }, {
      "x" : -0.309017,
      "y" : 0.19098301,
      "z" : 1.0
    }, {
      "x" : -0.309017,
      "y" : -0.19098301,
      "z" : 1.0
    }, {
      "x" : 0.309017,
      "y" : -0.19098301,
      "z" : 1.0
    }, {
      "x" : 0.690983,
      "y" : -0.809017,
      "z" : 0.0
    }, {
      "x" : -0.809017,
      "y" : 0.0,
      "z" : -0.690983
    }, {
      "x" : -0.618034,
      "y" : -0.309017,
      "z" : -0.809017
    }, {
      "x" : -0.309017,
      "y" : -0.19098301,
      "z" : -1.0
    }, {
      "x" : -0.618034,
      "y" : 0.309017,
      "z" : -0.809017
    }, {
      "x" : -0.809017,
      "y" : -0.618034,
      "z" : -0.309017
    } ],
    "faces" : [ {
      "vertices" : [ 9, 40, 35 ]
    }, {
      "vertices" : [ 9, 35, 34 ]
    }, {
      "vertices" : [ 9, 34, 10 ]
    }, {
      "vertices" : [ 0, 1, 2 ]
    }, {
      "vertices" : [ 33, 51, 49 ]
    }, {
      "vertices" : [ 25, 36, 37 ]
    }, {
      "vertices" : [ 25, 37, 38 ]
    }, {
      "vertices" : [ 41, 55, 42 ]
    }, {
      "vertices" : [ 9, 32, 59 ]
    }, {
      "vertices" : [ 9, 59, 40 ]
    }, {
      "vertices" : [ 20, 21, 52 ]
    }, {
      "vertices" : [ 20, 52, 48 ]
    }, {
      "vertices" : [ 26, 33, 30 ]
    }, {
      "vertices" : [ 26, 30, 29 ]
    }, {
      "vertices" : [ 26, 29, 27 ]
    }, {
      "vertices" : [ 3, 4, 5 ]
    }, {
      "vertices" : [ 3, 5, 6 ]
    }, {
      "vertices" : [ 27, 29, 44 ]
    }, {
      "vertices" : [ 27, 44, 46 ]
    }, {
      "vertices" : [ 50, 57, 56 ]
    }, {
      "vertices" : [ 50, 56, 55 ]
    }, {
      "vertices" : [ 50, 55, 58 ]
    }, {
      "vertices" : [ 26, 38, 51 ]
    }, {
      "vertices" : [ 26, 51, 33 ]
    }, {
      "vertices" : [ 45, 47, 58 ]
    }, {
      "vertices" : [ 18, 28, 57 ]
    }, {
      "vertices" : [ 18, 57, 50 ]
    }, {
      "vertices" : [ 40, 59, 56 ]
    }, {
      "vertices" : [ 31, 48, 37 ]
    }, {
      "vertices" : [ 31, 37, 43 ]
    }, {
      "vertices" : [ 7, 8, 9 ]
    }, {
      "vertices" : [ 7, 9, 10 ]
    }, {
      "vertices" : [ 36, 41, 42 ]
    }, {
      "vertices" : [ 36, 42, 43 ]
    }, {
      "vertices" : [ 24, 46, 47 ]
    }, {
      "vertices" : [ 24, 47, 45 ]
    }, {
      "vertices" : [ 4, 30, 5 ]
    }, {
      "vertices" : [ 15, 47, 46 ]
    }, {
      "vertices" : [ 15, 46, 44 ]
    }, {
      "vertices" : [ 15, 44, 16 ]
    }, {
      "vertices" : [ 15, 50, 58 ]
    }, {
      "vertices" : [ 15, 58, 47 ]
    }, {
      "vertices" : [ 24, 45, 41 ]
    }, {
      "vertices" : [ 24, 41, 36 ]
    }, {
      "vertices" : [ 24, 36, 25 ]
    }, {
      "vertices" : [ 11, 14, 19 ]
    }, {
      "vertices" : [ 3, 6, 39 ]
    }, {
      "vertices" : [ 1, 39, 6 ]
    }, {
      "vertices" : [ 1, 6, 2 ]
    }, {
      "vertices" : [ 8, 32, 9 ]
    }, {
      "vertices" : [ 11, 12, 13 ]
    }, {
      "vertices" : [ 11, 13, 14 ]
    }, {
      "vertices" : [ 16, 22, 17 ]
    }, {
      "vertices" : [ 0, 21, 20 ]
    }, {
      "vertices" : [ 0, 20, 8 ]
    }, {
      "vertices" : [ 0, 8, 7 ]
    }, {
      "vertices" : [ 12, 34, 13 ]
    }, {
      "vertices" : [ 35, 40, 56 ]
    }, {
      "vertices" : [ 35, 56, 57 ]
    }, {
      "vertices" : [ 0, 7, 54 ]
    }, {
      "vertices" : [ 0, 54, 1 ]
    }, {
      "vertices" : [ 15, 16, 17 ]
    }, {
      "vertices" : [ 15, 17, 18 ]
    }, {
      "vertices" : [ 3, 19, 22 ]
    }, {
      "vertices" : [ 3, 22, 23 ]
    }, {
      "vertices" : [ 3, 23, 4 ]
    }, {
      "vertices" : [ 7, 10, 54 ]
    }, {
      "vertices" : [ 41, 45, 58 ]
    }, {
      "vertices" : [ 41, 58, 55 ]
    }, {
      "vertices" : [ 3, 39, 11 ]
    }, {
      "vertices" : [ 3, 11, 19 ]
    }, {
      "vertices" : [ 14, 17, 22 ]
    }, {
      "vertices" : [ 14, 22, 19 ]
    }, {
      "vertices" : [ 0, 2, 53 ]
    }, {
      "vertices" : [ 0, 53, 21 ]
    }, {
      "vertices" : [ 49, 51, 52 ]
    }, {
      "vertices" : [ 49, 52, 53 ]
    }, {
      "vertices" : [ 31, 43, 42 ]
    }, {
      "vertices" : [ 31, 42, 59 ]
    }, {
      "vertices" : [ 31, 59, 32 ]
    }, {
      "vertices" : [ 15, 18, 50 ]
    }, {
      "vertices" : [ 42, 55, 56 ]
    }, {
      "vertices" : [ 42, 56, 59 ]
    }, {
      "vertices" : [ 4, 23, 29 ]
    }, {
      "vertices" : [ 4, 29, 30 ]
    }, {
      "vertices" : [ 25, 38, 26 ]
    }, {
      "vertices" : [ 13, 28, 18 ]
    }, {
      "vertices" : [ 13, 18, 17 ]
    }, {
      "vertices" : [ 13, 17, 14 ]
    }, {
      "vertices" : [ 8, 20, 31 ]
    }, {
      "vertices" : [ 8, 31, 32 ]
    }, {
      "vertices" : [ 23, 44, 29 ]
    }, {
      "vertices" : [ 24, 27, 46 ]
    }, {
      "vertices" : [ 37, 48, 52 ]
    }, {
      "vertices" : [ 37, 52, 51 ]
    }, {
      "vertices" : [ 37, 51, 38 ]
    }, {
      "vertices" : [ 20, 48, 31 ]
    }, {
      "vertices" : [ 24, 25, 26 ]
    }, {
      "vertices" : [ 24, 26, 27 ]
    }, {
      "vertices" : [ 16, 44, 23 ]
    }, {
      "vertices" : [ 16, 23, 22 ]
    }, {
      "vertices" : [ 13, 34, 35 ]
    }, {
      "vertices" : [ 13, 35, 28 ]
    }, {
      "vertices" : [ 10, 34, 12 ]
    }, {
      "vertices" : [ 10, 12, 54 ]
    }, {
      "vertices" : [ 2, 6, 5 ]
    }, {
      "vertices" : [ 2, 5, 49 ]
    }, {
      "vertices" : [ 2, 49, 53 ]
    }, {
      "vertices" : [ 36, 43, 37 ]
    }, {
      "vertices" : [ 5, 30, 33 ]
    }, {
      "vertices" : [ 5, 33, 49 ]
    }, {
      "vertices" : [ 1, 54, 12 ]
    }, {
      "vertices" : [ 1, 12, 11 ]
    }, {
      "vertices" : [ 1, 11, 39 ]
    }, {
      "vertices" : [ 28, 35, 57 ]
    }, {
      "vertices" : [ 21, 53, 52 ]
    } ]
  }, {
    "id" : "b238675c-05d6-48fa-9180-3b93b98cc8cf",
    "vertices" : [ {
      "x" : 1.309017,
      "y" : 0.927051,
      "z" : 0.309017
    }, {
      "x" : 2.927051,
      "y" : 1.690983,
      "z" : 0.309017
    }, {
      "x" : 2.736068,
      "y" : 2.0,
      "z" : 0.19098301
    }, {
      "x" : 0.809017,
      "y" : 0.618034,
      "z" : -0.309017
    }, {
      "x" : 0.690983,
      "y" : 0.809017,
      "z" : 0.0
    }, {
      "x" : 1.190983,
      "y" : 1.118034,
      "z" : 0.0
    }, {
      "x" : 1.309017,
      "y" : 0.927051,
      "z" : -0.309017
    }, {
      "x" : 3.427051,
      "y" : 2.0,
      "z" : 0.309017
    }, {
      "x" : 1.5,
      "y" : 0.618034,
      "z" : 0.19098301
    }, {
      "x" : 1.5,
      "y" : 0.618034,
      "z" : -0.19098301
    }, {
      "x" : 3.045085,
      "y" : 1.5,
      "z" : 0.0
    }, {
      "x" : 2.927051,
      "y" : 1.690983,
      "z" : -0.309017
    }, {
      "x" : 3.545085,
      "y" : 1.809017,
      "z" : 0.0
    }, {
      "x" : 1.0,
      "y" : 0.309017,
      "z" : 0.19098301
    }, {
      "x" : 1.0,
      "y" : 0.309017,
      "z" : -0.19098301
    }, {
      "x" : 0.809017,
      "y" : 0.618034,
      "z" : 0.309017
    }, {
      "x" : 3.236068,
      "y" : 2.309017,
      "z" : 0.19098301
    }, {
      "x" : 3.427051,
      "y" : 2.0,
      "z" : -0.309017
    }, {
      "x" : 3.236068,
      "y" : 2.309017,
      "z" : -0.19098301
    }, {
      "x" : 4.236068,
      "y" : 2.618034,
      "z" : 0.0
    }, {
      "x" : 2.736068,
      "y" : 2.0,
      "z" : -0.19098301
    } ],
    "faces" : [ {
      "vertices" : [ 3, 6, 9 ]
    }, {
      "vertices" : [ 3, 9, 14 ]
    }, {
      "vertices" : [ 11, 20, 18 ]
    }, {
      "vertices" : [ 11, 18, 17 ]
    }, {
      "vertices" : [ 0, 1, 2 ]
    }, {
      "vertices" : [ 0, 15, 13 ]
    }, {
      "vertices" : [ 0, 13, 8 ]
    }, {
      "vertices" : [ 6, 20, 11 ]
    }, {
      "vertices" : [ 0, 2, 5 ]
    }, {
      "vertices" : [ 0, 8, 1 ]
    }, {
      "vertices" : [ 8, 13, 14 ]
    }, {
      "vertices" : [ 8, 14, 9 ]
    }, {
      "vertices" : [ 3, 4, 5 ]
    }, {
      "vertices" : [ 3, 5, 6 ]
    }, {
      "vertices" : [ 10, 11, 17 ]
    }, {
      "vertices" : [ 10, 17, 12 ]
    }, {
      "vertices" : [ 1, 8, 10 ]
    }, {
      "vertices" : [ 0, 5, 4 ]
    }, {
      "vertices" : [ 0, 4, 15 ]
    }, {
      "vertices" : [ 2, 16, 18 ]
    }, {
      "vertices" : [ 2, 18, 20 ]
    }, {
      "vertices" : [ 1, 7, 16 ]
    }, {
      "vertices" : [ 1, 16, 2 ]
    }, {
      "vertices" : [ 6, 11, 9 ]
    }, {
      "vertices" : [ 8, 9, 10 ]
    }, {
      "vertices" : [ 2, 20, 5 ]
    }, {
      "vertices" : [ 9, 11, 10 ]
    }, {
      "vertices" : [ 1, 10, 12 ]
    }, {
      "vertices" : [ 1, 12, 7 ]
    }, {
      "vertices" : [ 5, 20, 6 ]
    } ]
  } ],
  "instances" : [ {
    "shape" : "a8572fe1-ece9-4ee8-8679-fe307139d208",
    "color" : "#9A754A",
    "position" : {
      "x" : 11.09017,
      "y" : -13.208204,
      "z" : 5.545085
    },
    "orientation" : 52
  }, {
    "shape" : "b99b6727-abb7-4bcf-8bf9-fb8e275365b3",
    "color" : "#008D36",
    "position" : {
      "x" : -17.944271,
      "y" : -2.118034,
      "z" : 1.309017
    },
    "orientation" : 2
  }, {
    "shape" : "5dc79bd6-9876-4a8f-9a73-11a63d1c4df9",
    "color" : "#FFFFFF",
    "position" : {
      "x" : -11.09017,
      "y" : 13.208204,
      "z" : 5.545085
    }
  }, {
    "shape" : "a8572fe1-ece9-4ee8-8679-fe307139d208",
    "color" : "#9A754A",
    "position" : {
      "x" : -14.5172205,
      "y" : 3.427051,
      "z" : -10.281153
    },
    "orientation" : 27
  }, {
    "shape" : "a8572fe1-ece9-4ee8-8679-fe307139d208",
    "color" : "#9A754A",
    "position" : {
      "x" : -3.427051,
      "y" : -10.281153,
      "z" : 14.5172205
    },
    "orientation" : 29
  }, {
    "shape" : "a8572fe1-ece9-4ee8-8679-fe307139d208",
    "color" : "#9A754A",
    "position" : {
      "x" : 13.208204,
      "y" : 5.545085,
      "z" : -11.09017
    },
    "orientation" : 36
  }, {
    "shape" : "a8572fe1-ece9-4ee8-8679-fe307139d208",
    "color" : "#9A754A",
    "position" : {
      "x" : -5.545085,
      "y" : 6.854102,
      "z" : 15.826238
    },
    "orientation" : 19
  }, {
    "shape" : "b99b6727-abb7-4bcf-8bf9-fb8e275365b3",
    "color" : "#008D36",
    "position" : {
      "x" : -5.545085,
      "y" : -6.854102,
      "z" : -15.826238
    },
    "orientation" : 15
  }, {
    "shape" : "b99b6727-abb7-4bcf-8bf9-fb8e275365b3",
    "color" : "#008D36",
    "position" : {
      "x" : -7.663119,
      "y" : 14.5172205,
      "z" : -7.663119
    },
    "orientation" : 36
  }, {
    "shape" : "a8572fe1-ece9-4ee8-8679-fe307139d208",
    "color" : "#9A754A",
    "position" : {
      "x" : -1.309017,
      "y" : 17.944271,
      "z" : -2.118034
    },
    "orientation" : 25
  }, {
    "shape" : "5dc79bd6-9876-4a8f-9a73-11a63d1c4df9",
    "color" : "#FFFFFF",
    "position" : {
      "x" : 13.208204,
      "y" : -5.545085,
      "z" : 11.09017
    }
  }, {
    "shape" : "a8572fe1-ece9-4ee8-8679-fe307139d208",
    "color" : "#9A754A",
    "position" : {
      "x" : -11.09017,
      "y" : 13.208204,
      "z" : 5.545085
    },
    "orientation" : 22
  }, {
    "shape" : "b238675c-05d6-48fa-9180-3b93b98cc8cf",
    "color" : "#AF0000",
    "position" : {
      "x" : -7.663119,
      "y" : 14.5172205,
      "z" : -7.663119
    },
    "orientation" : 32
  }, {
    "shape" : "b99b6727-abb7-4bcf-8bf9-fb8e275365b3",
    "color" : "#008D36",
    "position" : {
      "x" : 5.545085,
      "y" : -6.854102,
      "z" : 15.826238
    },
    "orientation" : 48
  }, {
    "shape" : "b99b6727-abb7-4bcf-8bf9-fb8e275365b3",
    "color" : "#008D36",
    "position" : {
      "x" : 15.826238,
      "y" : -5.545085,
      "z" : 6.854102
    },
    "orientation" : 1
  }, {
    "shape" : "b99b6727-abb7-4bcf-8bf9-fb8e275365b3",
    "color" : "#008D36",
    "position" : {
      "x" : 1.309017,
      "y" : -17.944271,
      "z" : -2.118034
    },
    "orientation" : 0
  }, {
    "shape" : "b99b6727-abb7-4bcf-8bf9-fb8e275365b3",
    "color" : "#008D36",
    "position" : {
      "x" : 5.545085,
      "y" : 6.854102,
      "z" : -15.826238
    },
    "orientation" : 33
  }, {
    "shape" : "5dc79bd6-9876-4a8f-9a73-11a63d1c4df9",
    "color" : "#FFFFFF",
    "position" : {
      "x" : -17.944271,
      "y" : -2.118034,
      "z" : 1.309017
    }
  }, {
    "shape" : "5dc79bd6-9876-4a8f-9a73-11a63d1c4df9",
    "color" : "#FFFFFF",
    "position" : {
      "x" : -5.545085,
      "y" : -6.854102,
      "z" : -15.826238
    }
  }, {
    "shape" : "b238675c-05d6-48fa-9180-3b93b98cc8cf",
    "color" : "#AF0000",
    "position" : {
      "x" : -7.663119,
      "y" : -7.663119,
      "z" : 14.5172205
    },
    "orientation" : 15
  }, {
    "shape" : "5dc79bd6-9876-4a8f-9a73-11a63d1c4df9",
    "color" : "#FFFFFF",
    "position" : {
      "x" : -7.663119,
      "y" : -14.5172205,
      "z" : 7.663119
    }
  }, {
    "shape" : "b238675c-05d6-48fa-9180-3b93b98cc8cf",
    "color" : "#AF0000",
    "position" : {
      "x" : 1.309017,
      "y" : -17.944271,
      "z" : -2.118034
    },
    "orientation" : 32
  }, {
    "shape" : "b238675c-05d6-48fa-9180-3b93b98cc8cf",
    "color" : "#AF0000",
    "position" : {
      "x" : -5.545085,
      "y" : 6.854102,
      "z" : 15.826238
    },
    "orientation" : 46
  }, {
    "shape" : "b99b6727-abb7-4bcf-8bf9-fb8e275365b3",
    "color" : "#008D36",
    "position" : {
      "x" : -1.309017,
      "y" : 17.944271,
      "z" : -2.118034
    },
    "orientation" : 41
  }, {
    "shape" : "b238675c-05d6-48fa-9180-3b93b98cc8cf",
    "color" : "#AF0000",
    "position" : {
      "x" : 6.854102,
      "y" : -15.826238,
      "z" : 5.545085
    },
    "orientation" : 0
  }, {
    "shape" : "b238675c-05d6-48fa-9180-3b93b98cc8cf",
    "color" : "#AF0000",
    "position" : {
      "x" : -6.854102,
      "y" : 15.826238,
      "z" : 5.545085
    },
    "orientation" : 30
  }, {
    "shape" : "5dc79bd6-9876-4a8f-9a73-11a63d1c4df9",
    "color" : "#FFFFFF",
    "position" : {
      "x" : 14.5172205,
      "y" : 3.427051,
      "z" : 10.281153
    }
  }, {
    "shape" : "b99b6727-abb7-4bcf-8bf9-fb8e275365b3",
    "color" : "#008D36",
    "position" : {
      "x" : -1.309017,
      "y" : -17.944271,
      "z" : 2.118034
    },
    "orientation" : 45
  }, {
    "shape" : "b99b6727-abb7-4bcf-8bf9-fb8e275365b3",
    "color" : "#008D36",
    "position" : {
      "x" : -5.545085,
      "y" : 6.854102,
      "z" : 15.826238
    },
    "orientation" : 18
  }, {
    "shape" : "b99b6727-abb7-4bcf-8bf9-fb8e275365b3",
    "color" : "#008D36",
    "position" : {
      "x" : -7.663119,
      "y" : -14.5172205,
      "z" : 7.663119
    },
    "orientation" : 51
  }, {
    "shape" : "b238675c-05d6-48fa-9180-3b93b98cc8cf",
    "color" : "#AF0000",
    "position" : {
      "x" : 5.545085,
      "y" : -11.09017,
      "z" : 13.208204
    },
    "orientation" : 1
  }, {
    "shape" : "a8572fe1-ece9-4ee8-8679-fe307139d208",
    "color" : "#9A754A",
    "position" : {
      "x" : 5.545085,
      "y" : 11.09017,
      "z" : -13.208204
    },
    "orientation" : 38
  }, {
    "shape" : "b238675c-05d6-48fa-9180-3b93b98cc8cf",
    "color" : "#AF0000",
    "position" : {
      "x" : 7.663119,
      "y" : -7.663119,
      "z" : -14.5172205
    },
    "orientation" : 30
  }, {
    "shape" : "a8572fe1-ece9-4ee8-8679-fe307139d208",
    "color" : "#9A754A",
    "position" : {
      "x" : -7.663119,
      "y" : -14.5172205,
      "z" : 7.663119
    },
    "orientation" : 0
  }, {
    "shape" : "a8572fe1-ece9-4ee8-8679-fe307139d208",
    "color" : "#9A754A",
    "position" : {
      "x" : -17.944271,
      "y" : 2.118034,
      "z" : -1.309017
    },
    "orientation" : 9
  }, {
    "shape" : "a8572fe1-ece9-4ee8-8679-fe307139d208",
    "color" : "#9A754A",
    "position" : {
      "x" : -14.5172205,
      "y" : -7.663119,
      "z" : 7.663119
    },
    "orientation" : 17
  }, {
    "shape" : "b99b6727-abb7-4bcf-8bf9-fb8e275365b3",
    "color" : "#008D36",
    "position" : {
      "x" : -1.309017,
      "y" : 17.944271,
      "z" : -2.118034
    },
    "orientation" : 30
  }, {
    "shape" : "5dc79bd6-9876-4a8f-9a73-11a63d1c4df9",
    "color" : "#FFFFFF",
    "position" : {
      "x" : -6.854102,
      "y" : -15.826238,
      "z" : -5.545085
    }
  }, {
    "shape" : "b99b6727-abb7-4bcf-8bf9-fb8e275365b3",
    "color" : "#008D36",
    "position" : {
      "x" : -17.944271,
      "y" : -2.118034,
      "z" : 1.309017
    },
    "orientation" : 10
  }, {
    "shape" : "5dc79bd6-9876-4a8f-9a73-11a63d1c4df9",
    "color" : "#FFFFFF",
    "position" : {
      "x" : 2.118034,
      "y" : -1.309017,
      "z" : -17.944271
    }
  }, {
    "shape" : "a8572fe1-ece9-4ee8-8679-fe307139d208",
    "color" : "#9A754A",
    "position" : {
      "x" : 5.545085,
      "y" : -11.09017,
      "z" : 13.208204
    },
    "orientation" : 53
  }, {
    "shape" : "b99b6727-abb7-4bcf-8bf9-fb8e275365b3",
    "color" : "#008D36",
    "position" : {
      "x" : 5.545085,
      "y" : -11.09017,
      "z" : 13.208204
    },
    "orientation" : 26
  }, {
    "shape" : "5dc79bd6-9876-4a8f-9a73-11a63d1c4df9",
    "color" : "#FFFFFF",
    "position" : {
      "x" : -7.663119,
      "y" : 14.5172205,
      "z" : -7.663119
    }
  }, {
    "shape" : "5dc79bd6-9876-4a8f-9a73-11a63d1c4df9",
    "color" : "#FFFFFF",
    "position" : {
      "x" : 15.826238,
      "y" : 5.545085,
      "z" : -6.854102
    }
  }, {
    "shape" : "b99b6727-abb7-4bcf-8bf9-fb8e275365b3",
    "color" : "#008D36",
    "position" : {
      "x" : 3.427051,
      "y" : 10.281153,
      "z" : 14.5172205
    },
    "orientation" : 43
  }, {
    "shape" : "5dc79bd6-9876-4a8f-9a73-11a63d1c4df9",
    "color" : "#FFFFFF",
    "position" : {
      "x" : -7.663119,
      "y" : -7.663119,
      "z" : 14.5172205
    }
  }, {
    "shape" : "a8572fe1-ece9-4ee8-8679-fe307139d208",
    "color" : "#9A754A",
    "position" : {
      "x" : 11.09017,
      "y" : 13.208204,
      "z" : -5.545085
    },
    "orientation" : 37
  }, {
    "shape" : "a8572fe1-ece9-4ee8-8679-fe307139d208",
    "color" : "#9A754A",
    "position" : {
      "x" : -11.09017,
      "y" : -13.208204,
      "z" : -5.545085
    },
    "orientation" : 7
  }, {
    "shape" : "a8572fe1-ece9-4ee8-8679-fe307139d208",
    "color" : "#9A754A",
    "position" : {
      "x" : -7.663119,
      "y" : 14.5172205,
      "z" : -7.663119
    },
    "orientation" : 15
  }, {
    "shape" : "5dc79bd6-9876-4a8f-9a73-11a63d1c4df9",
    "color" : "#FFFFFF",
    "position" : {
      "x" : 10.281153,
      "y" : 14.5172205,
      "z" : 3.427051
    }
  }, {
    "shape" : "5dc79bd6-9876-4a8f-9a73-11a63d1c4df9",
    "color" : "#FFFFFF",
    "position" : {
      "x" : 11.09017,
      "y" : 13.208204,
      "z" : -5.545085
    }
  }, {
    "shape" : "a8572fe1-ece9-4ee8-8679-fe307139d208",
    "color" : "#9A754A",
    "position" : {
      "x" : 15.826238,
      "y" : -5.545085,
      "z" : 6.854102
    },
    "orientation" : 50
  }, {
    "shape" : "a8572fe1-ece9-4ee8-8679-fe307139d208",
    "color" : "#9A754A",
    "position" : {
      "x" : 14.5172205,
      "y" : -7.663119,
      "z" : -7.663119
    },
    "orientation" : 32
  }, {
    "shape" : "5dc79bd6-9876-4a8f-9a73-11a63d1c4df9",
    "color" : "#FFFFFF",
    "position" : {
      "x" : 5.545085,
      "y" : 11.09017,
      "z" : -13.208204
    }
  }, {
    "shape" : "b99b6727-abb7-4bcf-8bf9-fb8e275365b3",
    "color" : "#008D36",
    "position" : {
      "x" : -17.944271,
      "y" : 2.118034,
      "z" : -1.309017
    },
    "orientation" : 17
  }, {
    "shape" : "5dc79bd6-9876-4a8f-9a73-11a63d1c4df9",
    "color" : "#FFFFFF",
    "position" : {
      "x" : -15.826238,
      "y" : 5.545085,
      "z" : 6.854102
    }
  }, {
    "shape" : "a8572fe1-ece9-4ee8-8679-fe307139d208",
    "color" : "#9A754A",
    "position" : {
      "x" : -2.118034,
      "y" : 1.309017,
      "z" : -17.944271
    },
    "orientation" : 41
  }, {
    "shape" : "b99b6727-abb7-4bcf-8bf9-fb8e275365b3",
    "color" : "#008D36",
    "position" : {
      "x" : -7.663119,
      "y" : -7.663119,
      "z" : 14.5172205
    },
    "orientation" : 53
  }, {
    "shape" : "5dc79bd6-9876-4a8f-9a73-11a63d1c4df9",
    "color" : "#FFFFFF",
    "position" : {
      "x" : -10.281153,
      "y" : 14.5172205,
      "z" : -3.427051
    }
  }, {
    "shape" : "b238675c-05d6-48fa-9180-3b93b98cc8cf",
    "color" : "#AF0000",
    "position" : {
      "x" : -15.826238,
      "y" : 5.545085,
      "z" : 6.854102
    },
    "orientation" : 2
  }, {
    "shape" : "5dc79bd6-9876-4a8f-9a73-11a63d1c4df9",
    "color" : "#FFFFFF",
    "position" : {
      "x" : 6.854102,
      "y" : -15.826238,
      "z" : 5.545085
    }
  }, {
    "shape" : "5dc79bd6-9876-4a8f-9a73-11a63d1c4df9",
    "color" : "#FFFFFF",
    "position" : {
      "x" : 2.118034,
      "y" : 1.309017,
      "z" : 17.944271
    }
  }, {
    "shape" : "b99b6727-abb7-4bcf-8bf9-fb8e275365b3",
    "color" : "#008D36",
    "position" : {
      "x" : 1.309017,
      "y" : 17.944271,
      "z" : 2.118034
    },
    "orientation" : 26
  }, {
    "shape" : "5dc79bd6-9876-4a8f-9a73-11a63d1c4df9",
    "color" : "#FFFFFF",
    "position" : {
      "x" : -14.5172205,
      "y" : 7.663119,
      "z" : -7.663119
    }
  }, {
    "shape" : "b238675c-05d6-48fa-9180-3b93b98cc8cf",
    "color" : "#AF0000",
    "position" : {
      "x" : 14.5172205,
      "y" : -7.663119,
      "z" : -7.663119
    },
    "orientation" : 46
  }, {
    "shape" : "b238675c-05d6-48fa-9180-3b93b98cc8cf",
    "color" : "#AF0000",
    "position" : {
      "x" : 14.5172205,
      "y" : 7.663119,
      "z" : 7.663119
    },
    "orientation" : 31
  }, {
    "shape" : "b99b6727-abb7-4bcf-8bf9-fb8e275365b3",
    "color" : "#008D36",
    "position" : {
      "x" : -7.663119,
      "y" : 7.663119,
      "z" : -14.5172205
    },
    "orientation" : 38
  }, {
    "shape" : "5dc79bd6-9876-4a8f-9a73-11a63d1c4df9",
    "color" : "#FFFFFF",
    "position" : {
      "x" : 5.545085,
      "y" : 6.854102,
      "z" : -15.826238
    }
  }, {
    "shape" : "b99b6727-abb7-4bcf-8bf9-fb8e275365b3",
    "color" : "#008D36",
    "position" : {
      "x" : -2.118034,
      "y" : -1.309017,
      "z" : 17.944271
    },
    "orientation" : 16
  }, {
    "shape" : "a8572fe1-ece9-4ee8-8679-fe307139d208",
    "color" : "#9A754A",
    "position" : {
      "x" : -6.854102,
      "y" : 15.826238,
      "z" : 5.545085
    },
    "orientation" : 18
  }, {
    "shape" : "b99b6727-abb7-4bcf-8bf9-fb8e275365b3",
    "color" : "#008D36",
    "position" : {
      "x" : 10.281153,
      "y" : 14.5172205,
      "z" : 3.427051
    },
    "orientation" : 57
  }, {
    "shape" : "a8572fe1-ece9-4ee8-8679-fe307139d208",
    "color" : "#9A754A",
    "position" : {
      "x" : -2.118034,
      "y" : -1.309017,
      "z" : 17.944271
    },
    "orientation" : 56
  }, {
    "shape" : "b99b6727-abb7-4bcf-8bf9-fb8e275365b3",
    "color" : "#008D36",
    "position" : {
      "x" : -6.854102,
      "y" : -15.826238,
      "z" : -5.545085
    },
    "orientation" : 5
  }, {
    "shape" : "a8572fe1-ece9-4ee8-8679-fe307139d208",
    "color" : "#9A754A",
    "position" : {
      "x" : 7.663119,
      "y" : -7.663119,
      "z" : -14.5172205
    },
    "orientation" : 1
  }, {
    "shape" : "b99b6727-abb7-4bcf-8bf9-fb8e275365b3",
    "color" : "#008D36",
    "position" : {
      "x" : 17.944271,
      "y" : -2.118034,
      "z" : -1.309017
    },
    "orientation" : 47
  }, {
    "shape" : "a8572fe1-ece9-4ee8-8679-fe307139d208",
    "color" : "#9A754A",
    "position" : {
