{
  "polygons" : "true",
  "field" : "golden",
  "symmetry" : "icosahedral",
  "orientations" : [ [ 1.0, 0.0, 0.0, 0.0, 0.0, 1.0, 0.0, 0.0, 0.0, 0.0, 1.0, 0.0, 0.0, 0.0, 0.0, 1.0 ], [ 0.0, 0.0, 1.0, 0.0, 1.0, 0.0, 0.0, 0.0, 0.0, 1.0, 0.0, 0.0, 0.0, 0.0, 0.0, 1.0 ], [ 0.0, 1.0, 0.0, 0.0, 0.0, 0.0, 1.0, 0.0, 1.0, 0.0, 0.0, 0.0, 0.0, 0.0, 0.0, 1.0 ], [ 0.809017, 0.309017, 0.5, 0.0, 0.309017, 0.5, -0.809017, 0.0, -0.5, 0.809017, 0.309017, 0.0, 0.0, 0.0, 0.0, 1.0 ], [ -0.5, 0.809017, 0.309017, 0.0, 0.809017, 0.309017, 0.5, 0.0, 0.309017, 0.5, -0.809017, 0.0, 0.0, 0.0, 0.0, 1.0 ], [ 0.309017, 0.5, -0.809017, 0.0, -0.5, 0.809017, 0.309017, 0.0, 0.809017, 0.309017, 0.5, 0.0, 0.0, 0.0, 0.0, 1.0 ], [ 0.5, 0.809017, 0.309017, 0.0, 0.809017, -0.309017, -0.5, 0.0, -0.309017, 0.5, -0.809017, 0.0, 0.0, 0.0, 0.0, 1.0 ], [ -0.309017, 0.5, -0.809017, 0.0, 0.5, 0.809017, 0.309017, 0.0, 0.809017, -0.309017, -0.5, 0.0, 0.0, 0.0, 0.0, 1.0 ], [ 0.809017, -0.309017, -0.5, 0.0, -0.309017, 0.5, -0.809017, 0.0, 0.5, 0.809017, 0.309017, 0.0, 0.0, 0.0, 0.0, 1.0 ], [ 0.5, 0.809017, -0.309017, 0.0, 0.809017, -0.309017, 0.5, 0.0, 0.309017, -0.5, -0.809017, 0.0, 0.0, 0.0, 0.0, 1.0 ], [ 0.309017, -0.5, -0.809017, 0.0, 0.5, 0.809017, -0.309017, 0.0, 0.809017, -0.309017, 0.5, 0.0, 0.0, 0.0, 0.0, 1.0 ], [ 0.809017, -0.309017, 0.5, 0.0, 0.309017, -0.5, -0.809017, 0.0, 0.5, 0.809017, -0.309017, 0.0, 0.0, 0.0, 0.0, 1.0 ], [ 0.809017, 0.309017, -0.5, 0.0, 0.309017, 0.5, 0.809017, 0.0, 0.5, -0.809017, 0.309017, 0.0, 0.0, 0.0, 0.0, 1.0 ], [ 0.5, -0.809017, 0.309017, 0.0, 0.809017, 0.309017, -0.5, 0.0, 0.309017, 0.5, 0.809017, 0.0, 0.0, 0.0, 0.0, 1.0 ], [ 0.309017, 0.5, 0.809017, 0.0, 0.5, -0.809017, 0.309017, 0.0, 0.809017, 0.309017, -0.5, 0.0, 0.0, 0.0, 0.0, 1.0 ], [ 1.0, 0.0, 0.0, 0.0, 0.0, -1.0, 0.0, 0.0, 0.0, 0.0, -1.0, 0.0, 0.0, 0.0, 0.0, 1.0 ], [ 0.0, 0.0, 1.0, 0.0, -1.0, 0.0, 0.0, 0.0, 0.0, -1.0, 0.0, 0.0, 0.0, 0.0, 0.0, 1.0 ], [ 0.0, 1.0, 0.0, 0.0, 0.0, 0.0, -1.0, 0.0, -1.0, 0.0, 0.0, 0.0, 0.0, 0.0, 0.0, 1.0 ], [ 0.809017, 0.309017, 0.5, 0.0, -0.309017, -0.5, 0.809017, 0.0, 0.5, -0.809017, -0.309017, 0.0, 0.0, 0.0, 0.0, 1.0 ], [ -0.5, 0.809017, 0.309017, 0.0, -0.809017, -0.309017, -0.5, 0.0, -0.309017, -0.5, 0.809017, 0.0, 0.0, 0.0, 0.0, 1.0 ], [ 0.309017, 0.5, -0.809017, 0.0, 0.5, -0.809017, -0.309017, 0.0, -0.809017, -0.309017, -0.5, 0.0, 0.0, 0.0, 0.0, 1.0 ], [ 0.5, 0.809017, 0.309017, 0.0, -0.809017, 0.309017, 0.5, 0.0, 0.309017, -0.5, 0.809017, 0.0, 0.0, 0.0, 0.0, 1.0 ], [ -0.309017, 0.5, -0.809017, 0.0, -0.5, -0.809017, -0.309017, 0.0, -0.809017, 0.309017, 0.5, 0.0, 0.0, 0.0, 0.0, 1.0 ], [ 0.809017, -0.309017, -0.5, 0.0, 0.309017, -0.5, 0.809017, 0.0, -0.5, -0.809017, -0.309017, 0.0, 0.0, 0.0, 0.0, 1.0 ], [ 0.5, 0.809017, -0.309017, 0.0, -0.809017, 0.309017, -0.5, 0.0, -0.309017, 0.5, 0.809017, 0.0, 0.0, 0.0, 0.0, 1.0 ], [ 0.309017, -0.5, -0.809017, 0.0, -0.5, -0.809017, 0.309017, 0.0, -0.809017, 0.309017, -0.5, 0.0, 0.0, 0.0, 0.0, 1.0 ], [ 0.809017, -0.309017, 0.5, 0.0, -0.309017, 0.5, 0.809017, 0.0, -0.5, -0.809017, 0.309017, 0.0, 0.0, 0.0, 0.0, 1.0 ], [ 0.809017, 0.309017, -0.5, 0.0, -0.309017, -0.5, -0.809017, 0.0, -0.5, 0.809017, -0.309017, 0.0, 0.0, 0.0, 0.0, 1.0 ], [ 0.5, -0.809017, 0.309017, 0.0, -0.809017, -0.309017, 0.5, 0.0, -0.309017, -0.5, -0.809017, 0.0, 0.0, 0.0, 0.0, 1.0 ], [ 0.309017, 0.5, 0.809017, 0.0, -0.5, 0.809017, -0.309017, 0.0, -0.809017, -0.309017, 0.5, 0.0, 0.0, 0.0, 0.0, 1.0 ], [ -1.0, 0.0, 0.0, 0.0, 0.0, -1.0, 0.0, 0.0, 0.0, 0.0, 1.0, 0.0, 0.0, 0.0, 0.0, 1.0 ], [ 0.0, 0.0, -1.0, 0.0, -1.0, 0.0, 0.0, 0.0, 0.0, 1.0, 0.0, 0.0, 0.0, 0.0, 0.0, 1.0 ], [ 0.0, -1.0, 0.0, 0.0, 0.0, 0.0, -1.0, 0.0, 1.0, 0.0, 0.0, 0.0, 0.0, 0.0, 0.0, 1.0 ], [ -0.809017, -0.309017, -0.5, 0.0, -0.309017, -0.5, 0.809017, 0.0, -0.5, 0.809017, 0.309017, 0.0, 0.0, 0.0, 0.0, 1.0 ], [ 0.5, -0.809017, -0.309017, 0.0, -0.809017, -0.309017, -0.5, 0.0, 0.309017, 0.5, -0.809017, 0.0, 0.0, 0.0, 0.0, 1.0 ], [ -0.309017, -0.5, 0.809017, 0.0, 0.5, -0.809017, -0.309017, 0.0, 0.809017, 0.309017, 0.5, 0.0, 0.0, 0.0, 0.0, 1.0 ], [ -0.5, -0.809017, -0.309017, 0.0, -0.809017, 0.309017, 0.5, 0.0, -0.309017, 0.5, -0.809017, 0.0, 0.0, 0.0, 0.0, 1.0 ], [ 0.309017, -0.5, 0.809017, 0.0, -0.5, -0.809017, -0.309017, 0.0, 0.809017, -0.309017, -0.5, 0.0, 0.0, 0.0, 0.0, 1.0 ], [ -0.809017, 0.309017, 0.5, 0.0, 0.309017, -0.5, 0.809017, 0.0, 0.5, 0.809017, 0.309017, 0.0, 0.0, 0.0, 0.0, 1.0 ], [ -0.5, -0.809017, 0.309017, 0.0, -0.809017, 0.309017, -0.5, 0.0, 0.309017, -0.5, -0.809017, 0.0, 0.0, 0.0, 0.0, 1.0 ], [ -0.309017, 0.5, 0.809017, 0.0, -0.5, -0.809017, 0.309017, 0.0, 0.809017, -0.309017, 0.5, 0.0, 0.0, 0.0, 0.0, 1.0 ], [ -0.809017, 0.309017, -0.5, 0.0, -0.309017, 0.5, 0.809017, 0.0, 0.5, 0.809017, -0.309017, 0.0, 0.0, 0.0, 0.0, 1.0 ], [ -0.809017, -0.309017, 0.5, 0.0, -0.309017, -0.5, -0.809017, 0.0, 0.5, -0.809017, 0.309017, 0.0, 0.0, 0.0, 0.0, 1.0 ], [ -0.5, 0.809017, -0.309017, 0.0, -0.809017, -0.309017, 0.5, 0.0, 0.309017, 0.5, 0.809017, 0.0, 0.0, 0.0, 0.0, 1.0 ], [ -0.309017, -0.5, -0.809017, 0.0, -0.5, 0.809017, -0.309017, 0.0, 0.809017, 0.309017, -0.5, 0.0, 0.0, 0.0, 0.0, 1.0 ], [ -1.0, 0.0, 0.0, 0.0, 0.0, 1.0, 0.0, 0.0, 0.0, 0.0, -1.0, 0.0, 0.0, 0.0, 0.0, 1.0 ], [ 0.0, 0.0, -1.0, 0.0, 1.0, 0.0, 0.0, 0.0, 0.0, -1.0, 0.0, 0.0, 0.0, 0.0, 0.0, 1.0 ], [ 0.0, -1.0, 0.0, 0.0, 0.0, 0.0, 1.0, 0.0, -1.0, 0.0, 0.0, 0.0, 0.0, 0.0, 0.0, 1.0 ], [ -0.809017, -0.309017, -0.5, 0.0, 0.309017, 0.5, -0.809017, 0.0, 0.5, -0.809017, -0.309017, 0.0, 0.0, 0.0, 0.0, 1.0 ], [ 0.5, -0.809017, -0.309017, 0.0, 0.809017, 0.309017, 0.5, 0.0, -0.309017, -0.5, 0.809017, 0.0, 0.0, 0.0, 0.0, 1.0 ], [ -0.309017, -0.5, 0.809017, 0.0, -0.5, 0.809017, 0.309017, 0.0, -0.809017, -0.309017, -0.5, 0.0, 0.0, 0.0, 0.0, 1.0 ], [ -0.5, -0.809017, -0.309017, 0.0, 0.809017, -0.309017, -0.5, 0.0, 0.309017, -0.5, 0.809017, 0.0, 0.0, 0.0, 0.0, 1.0 ], [ 0.309017, -0.5, 0.809017, 0.0, 0.5, 0.809017, 0.309017, 0.0, -0.809017, 0.309017, 0.5, 0.0, 0.0, 0.0, 0.0, 1.0 ], [ -0.809017, 0.309017, 0.5, 0.0, -0.309017, 0.5, -0.809017, 0.0, -0.5, -0.809017, -0.309017, 0.0, 0.0, 0.0, 0.0, 1.0 ], [ -0.5, -0.809017, 0.309017, 0.0, 0.809017, -0.309017, 0.5, 0.0, -0.309017, 0.5, 0.809017, 0.0, 0.0, 0.0, 0.0, 1.0 ], [ -0.309017, 0.5, 0.809017, 0.0, 0.5, 0.809017, -0.309017, 0.0, -0.809017, 0.309017, -0.5, 0.0, 0.0, 0.0, 0.0, 1.0 ], [ -0.809017, 0.309017, -0.5, 0.0, 0.309017, -0.5, -0.809017, 0.0, -0.5, -0.809017, 0.309017, 0.0, 0.0, 0.0, 0.0, 1.0 ], [ -0.809017, -0.309017, 0.5, 0.0, 0.309017, 0.5, 0.809017, 0.0, -0.5, 0.809017, -0.309017, 0.0, 0.0, 0.0, 0.0, 1.0 ], [ -0.5, 0.809017, -0.309017, 0.0, 0.809017, 0.309017, -0.5, 0.0, -0.309017, -0.5, -0.809017, 0.0, 0.0, 0.0, 0.0, 1.0 ], [ -0.309017, -0.5, -0.809017, 0.0, 0.5, -0.809017, 0.309017, 0.0, -0.809017, -0.309017, 0.5, 0.0, 0.0, 0.0, 0.0, 1.0 ] ],
  "lights" : {
    "directionalLights" : [ {
      "direction" : [ 1.0, -1.0, -1.0 ],
      "color" : "#EBEBE4"
    }, {
      "direction" : [ -1.0, 0.0, 0.0 ],
      "color" : "#E4E4EB"
    }, {
      "direction" : [ 0.0, 0.0, -1.0 ],
      "color" : "#1E1E1E"
    } ],
    "ambientColor" : "#292929",
    "backgroundColor" : "#AFC8DC"
  },
  "camera" : {
    "position" : {
      "x" : -22.615368,
      "y" : -77.30054,
      "z" : 165.35876
    },
    "perspective" : true,
    "viewDistance" : 182.889,
    "nearClipDistance" : 0.4572224,
    "farClipDistance" : 365.77765,
    "lookAtPoint" : {
      "x" : 0.0,
      "y" : 11.09017,
      "z" : 6.854102
    },
    "fieldOfView" : 0.442629,
    "lookDirection" : {
      "x" : 0.12365624,
      "y" : 0.48330247,
      "z" : -0.8666714
    },
    "upDirection" : {
      "x" : -0.011604695,
      "y" : 0.87402153,
      "z" : 0.48574513
    },
    "width" : 82.30008,
    "stereo" : false
  },
  "embedding" : [ 1.0, 0.0, 0.0, 0.0, 0.0, 1.0, 0.0, 0.0, 0.0, 0.0, 1.0, 0.0, 0.0, 0.0, 0.0, 1.0 ],
  "shapes" : [ {
    "id" : "f699cd21-f54b-4c0b-a23a-efa9abc2fb17",
    "orbit" : "red",
    "orbitC" : "[[-1,1,1],[0,0,1]]",
    "length" : "[0,1,1]",
    "name" : "r2",
    "vertices" : [ {
      "x" : 4.736068,
      "y" : 3.045085,
      "z" : 0.309017
    }, {
      "x" : 6.354102,
      "y" : 3.809017,
      "z" : 0.309017
    }, {
      "x" : 6.163119,
      "y" : 4.118034,
      "z" : 0.19098301
    }, {
      "x" : 0.809017,
      "y" : 0.618034,
      "z" : -0.309017
    }, {
      "x" : 0.690983,
      "y" : 0.809017,
      "z" : 0.0
    }, {
      "x" : 4.618034,
      "y" : 3.236068,
      "z" : 0.0
    }, {
      "x" : 4.736068,
      "y" : 3.045085,
      "z" : -0.309017
    }, {
      "x" : 10.281153,
      "y" : 6.236068,
      "z" : 0.309017
    }, {
      "x" : 4.927051,
      "y" : 2.736068,
      "z" : 0.19098301
    }, {
      "x" : 4.927051,
      "y" : 2.736068,
      "z" : -0.19098301
    }, {
      "x" : 6.472136,
      "y" : 3.618034,
      "z" : 0.0
    }, {
      "x" : 6.354102,
      "y" : 3.809017,
      "z" : -0.309017
    }, {
      "x" : 10.399187,
      "y" : 6.045085,
      "z" : 0.0
    }, {
      "x" : 1.0,
      "y" : 0.309017,
      "z" : 0.19098301
    }, {
      "x" : 1.0,
      "y" : 0.309017,
      "z" : -0.19098301
    }, {
      "x" : 0.809017,
      "y" : 0.618034,
      "z" : 0.309017
    }, {
      "x" : 10.09017,
      "y" : 6.545085,
      "z" : 0.19098301
    }, {
      "x" : 10.281153,
      "y" : 6.236068,
      "z" : -0.309017
    }, {
      "x" : 10.09017,
      "y" : 6.545085,
      "z" : -0.19098301
    }, {
      "x" : 11.09017,
      "y" : 6.854102,
      "z" : 0.0
    }, {
      "x" : 6.163119,
      "y" : 4.118034,
      "z" : -0.19098301
    } ],
    "faces" : [ {
      "vertices" : [ 3, 6, 9, 14 ]
    }, {
      "vertices" : [ 11, 20, 18, 17 ]
    }, {
      "vertices" : [ 0, 1, 2 ]
    }, {
      "vertices" : [ 0, 15, 13, 8 ]
    }, {
      "vertices" : [ 6, 20, 11 ]
    }, {
      "vertices" : [ 0, 2, 5 ]
    }, {
      "vertices" : [ 0, 8, 1 ]
    }, {
      "vertices" : [ 8, 13, 14, 9 ]
    }, {
      "vertices" : [ 3, 4, 5, 6 ]
    }, {
      "vertices" : [ 10, 11, 17, 12 ]
    }, {
      "vertices" : [ 1, 8, 10 ]
    }, {
      "vertices" : [ 0, 5, 4, 15 ]
    }, {
      "vertices" : [ 2, 16, 18, 20 ]
    }, {
      "vertices" : [ 1, 7, 16, 2 ]
    }, {
      "vertices" : [ 6, 11, 9 ]
    }, {
      "vertices" : [ 8, 9, 10 ]
    }, {
      "vertices" : [ 2, 20, 5 ]
    }, {
      "vertices" : [ 9, 11, 10 ]
    }, {
      "vertices" : [ 1, 10, 12, 7 ]
    }, {
      "vertices" : [ 5, 20, 6 ]
    } ]
  }, {
    "id" : "7334d0eb-110d-4985-a2f1-05e25c554265",
    "vertices" : [ {
      "x" : 0.0,
      "y" : 0.0,
      "z" : 0.0
    }, {
      "x" : -6.854102,
      "y" : 11.09017,
      "z" : -17.944271
    }, {
      "x" : -6.854102,
      "y" : 16.326239,
      "z" : -14.708204
    }, {
      "x" : 0.0,
      "y" : 5.236068,
      "z" : 3.236068
    } ],
    "faces" : [ {
      "vertices" : [ 0, 1, 2, 3 ]
    }, {
      "vertices" : [ 0, 3, 2, 1 ]
    } ]
  }, {
    "id" : "ff952af5-d064-4c77-8528-b407ef47b810",
    "vertices" : [ {
      "x" : 0.0,
      "y" : 0.0,
      "z" : 0.0
    }, {
      "x" : 0.0,
      "y" : 5.236068,
      "z" : 3.236068
    }, {
      "x" : 6.854102,
      "y" : -5.854102,
      "z" : 21.18034
    }, {
      "x" : 6.854102,
      "y" : -11.09017,
      "z" : 17.944271
    } ],
    "faces" : [ {
      "vertices" : [ 0, 1, 2, 3 ]
    }, {
      "vertices" : [ 0, 3, 2, 1 ]
    } ]
  }, {
    "id" : "f0faaf60-6a0a-45fa-8f1a-983d13fcd3e2",
    "vertices" : [ {
      "x" : 0.0,
      "y" : 0.0,
      "z" : 0.0
    }, {
      "x" : 0.0,
      "y" : -5.236068,
      "z" : 3.236068
    }, {
      "x" : 0.0,
      "y" : -16.326239,
      "z" : -14.708204
    }, {
      "x" : 0.0,
      "y" : -11.09017,
      "z" : -17.944271
    } ],
    "faces" : [ {
      "vertices" : [ 0, 1, 2, 3 ]
    }, {
      "vertices" : [ 0, 3, 2, 1 ]
    } ]
  }, {
    "id" : "aa4ec6c9-0362-4428-ab4c-4834c445c33f",
    "vertices" : [ {
      "x" : 0.0,
      "y" : 0.0,
      "z" : 0.0
    }, {
      "x" : 0.0,
      "y" : 8.472136,
      "z" : 5.236068
    }, {
      "x" : 4.236068,
      "y" : 10.09017,
      "z" : 21.562305
    }, {
      "x" : 4.236068,
      "y" : 1.618034,
      "z" : 16.326239
    } ],
    "faces" : [ {
      "vertices" : [ 0, 1, 2, 3 ]
    }, {
      "vertices" : [ 0, 3, 2, 1 ]
    } ]
  }, {
    "id" : "22545b72-eeac-4820-b158-3305e15be1cc",
    "vertices" : [ {
      "x" : 0.0,
      "y" : 0.0,
      "z" : 0.0
    }, {
      "x" : 0.0,
      "y" : 10.472136,
      "z" : 6.472136
    }, {
      "x" : 0.0,
      "y" : -0.618034,
      "z" : 12.708204
    } ],
    "faces" : [ {
      "vertices" : [ 0, 1, 2 ]
    }, {
      "vertices" : [ 0, 2, 1 ]
    } ]
  }, {
    "id" : "91940025-0c73-49ce-82f5-5abc408c6756",
    "vertices" : [ {
      "x" : 0.0,
      "y" : 0.0,
      "z" : 0.0
    }, {
      "x" : 0.0,
      "y" : -8.472136,
      "z" : -5.236068
    }, {
      "x" : -4.236068,
      "y" : -10.09017,
      "z" : -21.562305
    }, {
      "x" : -4.236068,
      "y" : -1.618034,
      "z" : -16.326239
    } ],
    "faces" : [ {
      "vertices" : [ 0, 1, 2, 3 ]
    }, {
      "vertices" : [ 0, 3, 2, 1 ]
    } ]
  }, {
    "id" : "1664058e-805f-4267-89a9-add5d588b72e",
    "orbit" : "red",
    "orbitC" : "[[-1,1,1],[0,0,1]]",
    "length" : "[2,3,1]",
    "name" : " :2 +3*phi",
    "vertices" : [ {
      "x" : 22.68034,
      "y" : 14.135255,
      "z" : 0.309017
    }, {
      "x" : 24.298374,
      "y" : 14.899187,
      "z" : 0.309017
    }, {
      "x" : 24.107391,
      "y" : 15.208204,
      "z" : 0.19098301
    }, {
      "x" : 0.809017,
      "y" : 0.618034,
      "z" : -0.309017
    }, {
      "x" : 0.690983,
      "y" : 0.809017,
      "z" : 0.0
    }, {
      "x" : 22.562305,
      "y" : 14.326238,
      "z" : 0.0
    }, {
      "x" : 22.68034,
      "y" : 14.135255,
      "z" : -0.309017
    }, {
      "x" : 46.169697,
      "y" : 28.416409,
      "z" : 0.309017
    }, {
      "x" : 22.871323,
      "y" : 13.826238,
      "z" : 0.19098301
    }, {
      "x" : 22.871323,
      "y" : 13.826238,
      "z" : -0.19098301
    }, {
      "x" : 24.416409,
      "y" : 14.708204,
      "z" : 0.0
    }, {
      "x" : 24.298374,
      "y" : 14.899187,
      "z" : -0.309017
    }, {
      "x" : 46.28773,
      "y" : 28.225426,
      "z" : 0.0
    }, {
      "x" : 1.0,
      "y" : 0.309017,
      "z" : 0.19098301
    }, {
      "x" : 1.0,
      "y" : 0.309017,
      "z" : -0.19098301
    }, {
      "x" : 0.809017,
      "y" : 0.618034,
      "z" : 0.309017
    }, {
      "x" : 45.978714,
      "y" : 28.725426,
      "z" : 0.19098301
    }, {
      "x" : 46.169697,
      "y" : 28.416409,
      "z" : -0.309017
    }, {
      "x" : 45.978714,
      "y" : 28.725426,
      "z" : -0.19098301
    }, {
      "x" : 46.978714,
      "y" : 29.034441,
      "z" : 0.0
    }, {
      "x" : 24.107391,
      "y" : 15.208204,
      "z" : -0.19098301
    } ],
    "faces" : [ {
      "vertices" : [ 3, 6, 9, 14 ]
    }, {
      "vertices" : [ 11, 20, 18, 17 ]
    }, {
      "vertices" : [ 0, 1, 2 ]
    }, {
      "vertices" : [ 0, 15, 13, 8 ]
    }, {
      "vertices" : [ 6, 20, 11 ]
    }, {
      "vertices" : [ 0, 2, 5 ]
    }, {
      "vertices" : [ 0, 8, 1 ]
    }, {
      "vertices" : [ 8, 13, 14, 9 ]
    }, {
      "vertices" : [ 3, 4, 5, 6 ]
    }, {
      "vertices" : [ 10, 11, 17, 12 ]
    }, {
      "vertices" : [ 1, 8, 10 ]
    }, {
      "vertices" : [ 0, 5, 4, 15 ]
    }, {
      "vertices" : [ 2, 16, 18, 20 ]
    }, {
      "vertices" : [ 1, 7, 16, 2 ]
    }, {
      "vertices" : [ 6, 11, 9 ]
    }, {
      "vertices" : [ 8, 9, 10 ]
    }, {
      "vertices" : [ 2, 20, 5 ]
    }, {
      "vertices" : [ 9, 11, 10 ]
    }, {
      "vertices" : [ 1, 10, 12, 7 ]
    }, {
      "vertices" : [ 5, 20, 6 ]
    } ]
  }, {
    "id" : "10263f3e-7298-4c40-8f4b-c00e112d8303",
    "vertices" : [ {
      "x" : 0.0,
      "y" : 0.0,
      "z" : 0.0
    }, {
      "x" : 0.0,
      "y" : -10.472136,
      "z" : -6.472136
    }, {
      "x" : -3.618034,
      "y" : 0.618034,
      "z" : -12.708204
    } ],
    "faces" : [ {
      "vertices" : [ 0, 1, 2 ]
    }, {
      "vertices" : [ 0, 2, 1 ]
    } ]
  }, {
    "id" : "6364a5ac-61a2-4e57-929d-b2f55a195865",
    "vertices" : [ {
      "x" : 0.0,
      "y" : 0.0,
      "z" : 0.0
    }, {
      "x" : 0.0,
      "y" : 10.472136,
      "z" : 6.472136
    }, {
      "x" : 3.618034,
      "y" : -0.618034,
      "z" : 12.708204
    } ],
    "faces" : [ {
      "vertices" : [ 0, 1, 2 ]
    }, {
      "vertices" : [ 0, 2, 1 ]
    } ]
  } ],
  "instances" : [ {
    "shape" : "f699cd21-f54b-4c0b-a23a-efa9abc2fb17",
    "color" : "#D91218",
    "position" : {
      "x" : 0.0,
      "y" : 0.0,
      "z" : 0.0
    },
    "orientation" : 1
  }, {
    "shape" : "7334d0eb-110d-4985-a2f1-05e25c554265",
    "color" : "#000000",
    "position" : {
      "x" : 1.618034,
      "y" : 24.416409,
      "z" : 20.944271
    },
    "orientation" : 42
  }, {
    "shape" : "ff952af5-d064-4c77-8528-b407ef47b810",
    "color" : "#000000",
    "position" : {
      "x" : 4.236068,
      "y" : 0.0,
      "z" : -3.618034
    },
    "orientation" : 5
  }, {
    "shape" : "f0faaf60-6a0a-45fa-8f1a-983d13fcd3e2",
    "color" : "#000000",
    "position" : {
      "x" : 4.736068,
      "y" : 9.281153,
      "z" : 7.545085
    },
    "orientation" : 40
  }, {
    "shape" : "aa4ec6c9-0362-4428-ab4c-4834c445c33f",
    "color" : "#0033FF",
    "position" : {
      "x" : -22.18034,
      "y" : 12.708204,
      "z" : 7.854102
    },
    "orientation" : 42
  }, {
    "shape" : "22545b72-eeac-4820-b158-3305e15be1cc",
    "color" : "#000000",
    "position" : {
      "x" : 4.736068,
      "y" : 6.663119,
      "z" : 5.927051
    },
    "orientation" : 52
  }, {
    "shape" : "91940025-0c73-49ce-82f5-5abc408c6756",
    "color" : "#00CC00",
    "position" : {
      "x" : 6.854102,
      "y" : 18.562305,
      "z" : 36.27051
    },
    "orientation" : 5
  }, {
    "shape" : "1664058e-805f-4267-89a9-add5d588b72e",
    "color" : "#D91218",
    "position" : {
      "x" : 0.0,
      "y" : 0.0,
      "z" : 0.0
    },
    "orientation" : 1
  }, {
    "shape" : "10263f3e-7298-4c40-8f4b-c00e112d8303",
    "color" : "#000000",
    "position" : {
      "x" : 4.236068,
      "y" : 7.854102,
      "z" : 1.236068
    },
    "orientation" : 5
  }, {
    "shape" : "1664058e-805f-4267-89a9-add5d588b72e",
    "color" : "#D91218",
    "position" : {
      "x" : 0.0,
      "y" : 8.472136,
      "z" : 5.236068
    },
    "orientation" : 16
  }, {
    "shape" : "aa4ec6c9-0362-4428-ab4c-4834c445c33f",
    "color" : "#0033FF",
    "position" : {
      "x" : -6.854102,
      "y" : 40.742645,
      "z" : 0.38196602
    },
    "orientation" : 56
  }, {
    "shape" : "aa4ec6c9-0362-4428-ab4c-4834c445c33f",
    "color" : "#00CC00",
    "position" : {
      "x" : 17.944271,
      "y" : 14.326238,
      "z" : 24.18034
    },
    "orientation" : 15
  }, {
    "shape" : "91940025-0c73-49ce-82f5-5abc408c6756",
    "color" : "#0033FF",
    "position" : {
      "x" : -17.944271,
      "y" : 28.034441,
      "z" : 2.0
    },
    "orientation" : 57
  }, {
    "shape" : "1664058e-805f-4267-89a9-add5d588b72e",
    "color" : "#D91218",
    "position" : {
      "x" : 0.0,
      "y" : 0.0,
      "z" : 0.0
    },
    "orientation" : 16
  }, {
    "shape" : "91940025-0c73-49ce-82f5-5abc408c6756",
    "color" : "#00CC00",
    "position" : {
      "x" : 22.18034,
      "y" : 12.708204,
      "z" : 7.854102
    },
    "orientation" : 0
  }, {
    "shape" : "6364a5ac-61a2-4e57-929d-b2f55a195865",
    "color" : "#000000",
    "position" : {
      "x" : 1.618034,
      "y" : 27.034441,
      "z" : 22.562305
    },
    "orientation" : 42
  } ],
  "scenes" : [ ],
  "snapshots" : [ ]
}