{
  "field" : "plasticPhi",
  "symmetry" : "icosahedral",
  "orientations" : [ [ 1.0, 0.0, 0.0, 0.0, 0.0, 1.0, 0.0, 0.0, 0.0, 0.0, 1.0, 0.0, 0.0, 0.0, 0.0, 1.0 ], [ 0.0, 0.0, 1.0, 0.0, 1.0, 0.0, 0.0, 0.0, 0.0, 1.0, 0.0, 0.0, 0.0, 0.0, 0.0, 1.0 ], [ 0.0, 1.0, 0.0, 0.0, 0.0, 0.0, 1.0, 0.0, 1.0, 0.0, 0.0, 0.0, 0.0, 0.0, 0.0, 1.0 ], [ 0.809017, 0.309017, 0.5, 0.0, 0.309017, 0.5, -0.809017, 0.0, -0.5, 0.809017, 0.309017, 0.0, 0.0, 0.0, 0.0, 1.0 ], [ -0.5, 0.809017, 0.309017, 0.0, 0.809017, 0.309017, 0.5, 0.0, 0.309017, 0.5, -0.809017, 0.0, 0.0, 0.0, 0.0, 1.0 ], [ 0.309017, 0.5, -0.809017, 0.0, -0.5, 0.809017, 0.309017, 0.0, 0.809017, 0.309017, 0.5, 0.0, 0.0, 0.0, 0.0, 1.0 ], [ 0.5, 0.809017, 0.309017, 0.0, 0.809017, -0.309017, -0.5, 0.0, -0.309017, 0.5, -0.809017, 0.0, 0.0, 0.0, 0.0, 1.0 ], [ -0.309017, 0.5, -0.809017, 0.0, 0.5, 0.809017, 0.309017, 0.0, 0.809017, -0.309017, -0.5, 0.0, 0.0, 0.0, 0.0, 1.0 ], [ 0.809017, -0.309017, -0.5, 0.0, -0.309017, 0.5, -0.809017, 0.0, 0.5, 0.809017, 0.309017, 0.0, 0.0, 0.0, 0.0, 1.0 ], [ 0.5, 0.809017, -0.309017, 0.0, 0.809017, -0.309017, 0.5, 0.0, 0.309017, -0.5, -0.809017, 0.0, 0.0, 0.0, 0.0, 1.0 ], [ 0.309017, -0.5, -0.809017, 0.0, 0.5, 0.809017, -0.309017, 0.0, 0.809017, -0.309017, 0.5, 0.0, 0.0, 0.0, 0.0, 1.0 ], [ 0.809017, -0.309017, 0.5, 0.0, 0.309017, -0.5, -0.809017, 0.0, 0.5, 0.809017, -0.309017, 0.0, 0.0, 0.0, 0.0, 1.0 ], [ 0.809017, 0.309017, -0.5, 0.0, 0.309017, 0.5, 0.809017, 0.0, 0.5, -0.809017, 0.309017, 0.0, 0.0, 0.0, 0.0, 1.0 ], [ 0.5, -0.809017, 0.309017, 0.0, 0.809017, 0.309017, -0.5, 0.0, 0.309017, 0.5, 0.809017, 0.0, 0.0, 0.0, 0.0, 1.0 ], [ 0.309017, 0.5, 0.809017, 0.0, 0.5, -0.809017, 0.309017, 0.0, 0.809017, 0.309017, -0.5, 0.0, 0.0, 0.0, 0.0, 1.0 ], [ 1.0, 0.0, 0.0, 0.0, 0.0, -1.0, 0.0, 0.0, 0.0, 0.0, -1.0, 0.0, 0.0, 0.0, 0.0, 1.0 ], [ 0.0, 0.0, 1.0, 0.0, -1.0, 0.0, 0.0, 0.0, 0.0, -1.0, 0.0, 0.0, 0.0, 0.0, 0.0, 1.0 ], [ 0.0, 1.0, 0.0, 0.0, 0.0, 0.0, -1.0, 0.0, -1.0, 0.0, 0.0, 0.0, 0.0, 0.0, 0.0, 1.0 ], [ 0.809017, 0.309017, 0.5, 0.0, -0.309017, -0.5, 0.809017, 0.0, 0.5, -0.809017, -0.309017, 0.0, 0.0, 0.0, 0.0, 1.0 ], [ -0.5, 0.809017, 0.309017, 0.0, -0.809017, -0.309017, -0.5, 0.0, -0.309017, -0.5, 0.809017, 0.0, 0.0, 0.0, 0.0, 1.0 ], [ 0.309017, 0.5, -0.809017, 0.0, 0.5, -0.809017, -0.309017, 0.0, -0.809017, -0.309017, -0.5, 0.0, 0.0, 0.0, 0.0, 1.0 ], [ 0.5, 0.809017, 0.309017, 0.0, -0.809017, 0.309017, 0.5, 0.0, 0.309017, -0.5, 0.809017, 0.0, 0.0, 0.0, 0.0, 1.0 ], [ -0.309017, 0.5, -0.809017, 0.0, -0.5, -0.809017, -0.309017, 0.0, -0.809017, 0.309017, 0.5, 0.0, 0.0, 0.0, 0.0, 1.0 ], [ 0.809017, -0.309017, -0.5, 0.0, 0.309017, -0.5, 0.809017, 0.0, -0.5, -0.809017, -0.309017, 0.0, 0.0, 0.0, 0.0, 1.0 ], [ 0.5, 0.809017, -0.309017, 0.0, -0.809017, 0.309017, -0.5, 0.0, -0.309017, 0.5, 0.809017, 0.0, 0.0, 0.0, 0.0, 1.0 ], [ 0.309017, -0.5, -0.809017, 0.0, -0.5, -0.809017, 0.309017, 0.0, -0.809017, 0.309017, -0.5, 0.0, 0.0, 0.0, 0.0, 1.0 ], [ 0.809017, -0.309017, 0.5, 0.0, -0.309017, 0.5, 0.809017, 0.0, -0.5, -0.809017, 0.309017, 0.0, 0.0, 0.0, 0.0, 1.0 ], [ 0.809017, 0.309017, -0.5, 0.0, -0.309017, -0.5, -0.809017, 0.0, -0.5, 0.809017, -0.309017, 0.0, 0.0, 0.0, 0.0, 1.0 ], [ 0.5, -0.809017, 0.309017, 0.0, -0.809017, -0.309017, 0.5, 0.0, -0.309017, -0.5, -0.809017, 0.0, 0.0, 0.0, 0.0, 1.0 ], [ 0.309017, 0.5, 0.809017, 0.0, -0.5, 0.809017, -0.309017, 0.0, -0.809017, -0.309017, 0.5, 0.0, 0.0, 0.0, 0.0, 1.0 ], [ -1.0, 0.0, 0.0, 0.0, 0.0, -1.0, 0.0, 0.0, 0.0, 0.0, 1.0, 0.0, 0.0, 0.0, 0.0, 1.0 ], [ 0.0, 0.0, -1.0, 0.0, -1.0, 0.0, 0.0, 0.0, 0.0, 1.0, 0.0, 0.0, 0.0, 0.0, 0.0, 1.0 ], [ 0.0, -1.0, 0.0, 0.0, 0.0, 0.0, -1.0, 0.0, 1.0, 0.0, 0.0, 0.0, 0.0, 0.0, 0.0, 1.0 ], [ -0.809017, -0.309017, -0.5, 0.0, -0.309017, -0.5, 0.809017, 0.0, -0.5, 0.809017, 0.309017, 0.0, 0.0, 0.0, 0.0, 1.0 ], [ 0.5, -0.809017, -0.309017, 0.0, -0.809017, -0.309017, -0.5, 0.0, 0.309017, 0.5, -0.809017, 0.0, 0.0, 0.0, 0.0, 1.0 ], [ -0.309017, -0.5, 0.809017, 0.0, 0.5, -0.809017, -0.309017, 0.0, 0.809017, 0.309017, 0.5, 0.0, 0.0, 0.0, 0.0, 1.0 ], [ -0.5, -0.809017, -0.309017, 0.0, -0.809017, 0.309017, 0.5, 0.0, -0.309017, 0.5, -0.809017, 0.0, 0.0, 0.0, 0.0, 1.0 ], [ 0.309017, -0.5, 0.809017, 0.0, -0.5, -0.809017, -0.309017, 0.0, 0.809017, -0.309017, -0.5, 0.0, 0.0, 0.0, 0.0, 1.0 ], [ -0.809017, 0.309017, 0.5, 0.0, 0.309017, -0.5, 0.809017, 0.0, 0.5, 0.809017, 0.309017, 0.0, 0.0, 0.0, 0.0, 1.0 ], [ -0.5, -0.809017, 0.309017, 0.0, -0.809017, 0.309017, -0.5, 0.0, 0.309017, -0.5, -0.809017, 0.0, 0.0, 0.0, 0.0, 1.0 ], [ -0.309017, 0.5, 0.809017, 0.0, -0.5, -0.809017, 0.309017, 0.0, 0.809017, -0.309017, 0.5, 0.0, 0.0, 0.0, 0.0, 1.0 ], [ -0.809017, 0.309017, -0.5, 0.0, -0.309017, 0.5, 0.809017, 0.0, 0.5, 0.809017, -0.309017, 0.0, 0.0, 0.0, 0.0, 1.0 ], [ -0.809017, -0.309017, 0.5, 0.0, -0.309017, -0.5, -0.809017, 0.0, 0.5, -0.809017, 0.309017, 0.0, 0.0, 0.0, 0.0, 1.0 ], [ -0.5, 0.809017, -0.309017, 0.0, -0.809017, -0.309017, 0.5, 0.0, 0.309017, 0.5, 0.809017, 0.0, 0.0, 0.0, 0.0, 1.0 ], [ -0.309017, -0.5, -0.809017, 0.0, -0.5, 0.809017, -0.309017, 0.0, 0.809017, 0.309017, -0.5, 0.0, 0.0, 0.0, 0.0, 1.0 ], [ -1.0, 0.0, 0.0, 0.0, 0.0, 1.0, 0.0, 0.0, 0.0, 0.0, -1.0, 0.0, 0.0, 0.0, 0.0, 1.0 ], [ 0.0, 0.0, -1.0, 0.0, 1.0, 0.0, 0.0, 0.0, 0.0, -1.0, 0.0, 0.0, 0.0, 0.0, 0.0, 1.0 ], [ 0.0, -1.0, 0.0, 0.0, 0.0, 0.0, 1.0, 0.0, -1.0, 0.0, 0.0, 0.0, 0.0, 0.0, 0.0, 1.0 ], [ -0.809017, -0.309017, -0.5, 0.0, 0.309017, 0.5, -0.809017, 0.0, 0.5, -0.809017, -0.309017, 0.0, 0.0, 0.0, 0.0, 1.0 ], [ 0.5, -0.809017, -0.309017, 0.0, 0.809017, 0.309017, 0.5, 0.0, -0.309017, -0.5, 0.809017, 0.0, 0.0, 0.0, 0.0, 1.0 ], [ -0.309017, -0.5, 0.809017, 0.0, -0.5, 0.809017, 0.309017, 0.0, -0.809017, -0.309017, -0.5, 0.0, 0.0, 0.0, 0.0, 1.0 ], [ -0.5, -0.809017, -0.309017, 0.0, 0.809017, -0.309017, -0.5, 0.0, 0.309017, -0.5, 0.809017, 0.0, 0.0, 0.0, 0.0, 1.0 ], [ 0.309017, -0.5, 0.809017, 0.0, 0.5, 0.809017, 0.309017, 0.0, -0.809017, 0.309017, 0.5, 0.0, 0.0, 0.0, 0.0, 1.0 ], [ -0.809017, 0.309017, 0.5, 0.0, -0.309017, 0.5, -0.809017, 0.0, -0.5, -0.809017, -0.309017, 0.0, 0.0, 0.0, 0.0, 1.0 ], [ -0.5, -0.809017, 0.309017, 0.0, 0.809017, -0.309017, 0.5, 0.0, -0.309017, 0.5, 0.809017, 0.0, 0.0, 0.0, 0.0, 1.0 ], [ -0.309017, 0.5, 0.809017, 0.0, 0.5, 0.809017, -0.309017, 0.0, -0.809017, 0.309017, -0.5, 0.0, 0.0, 0.0, 0.0, 1.0 ], [ -0.809017, 0.309017, -0.5, 0.0, 0.309017, -0.5, -0.809017, 0.0, -0.5, -0.809017, 0.309017, 0.0, 0.0, 0.0, 0.0, 1.0 ], [ -0.809017, -0.309017, 0.5, 0.0, 0.309017, 0.5, 0.809017, 0.0, -0.5, 0.809017, -0.309017, 0.0, 0.0, 0.0, 0.0, 1.0 ], [ -0.5, 0.809017, -0.309017, 0.0, 0.809017, 0.309017, -0.5, 0.0, -0.309017, -0.5, -0.809017, 0.0, 0.0, 0.0, 0.0, 1.0 ], [ -0.309017, -0.5, -0.809017, 0.0, 0.5, -0.809017, 0.309017, 0.0, -0.809017, -0.309017, 0.5, 0.0, 0.0, 0.0, 0.0, 1.0 ] ],
  "lights" : {
    "backgroundColor" : "#AFC8DC",
    "ambientColor" : "#292929",
    "directionalLights" : [ {
      "direction" : {
        "x" : 1.0,
        "y" : -1.0,
        "z" : -1.0
      },
      "color" : "#EBEBE4"
    }, {
      "direction" : {
        "x" : -1.0,
        "y" : 0.0,
        "z" : 0.0
      },
      "color" : "#E4E4EB"
    }, {
      "direction" : {
        "x" : 0.0,
        "y" : 0.0,
        "z" : -1.0
      },
      "color" : "#1E1E1E"
    } ]
  },
  "camera" : {
    "perspective" : true,
    "width" : 98.53112,
    "position" : {
      "x" : 62.62774,
      "y" : 207.09084,
      "z" : -33.677937
    },
    "viewDistance" : 218.9579,
    "nearClipDistance" : 0.5473942,
    "farClipDistance" : 437.91464,
    "lookAtPoint" : {
      "x" : 0.0,
      "y" : 0.0,
      "z" : 0.0
    },
    "fieldOfView" : 0.44262916,
    "lookDirection" : {
      "x" : -0.2860264,
      "y" : -0.9458021,
      "z" : 0.1538101
    },
    "upDirection" : {
      "x" : 0.7467239,
      "y" : -0.3205962,
      "z" : -0.58277494
    },
    "stereo" : false
  },
  "embedding" : [ 1.0, 0.0, 0.0, 0.0, 0.0, 1.0, 0.0, 0.0, 0.0, 0.0, 1.0, 0.0, 0.0, 0.0, 0.0, 1.0 ],
  "shapes" : [ {
    "id" : "b4056bf4-a4f3-426b-9ee8-1b47091f8192",
    "vertices" : [ {
      "x" : 0.309017,
      "y" : -0.309017,
      "z" : -0.309017
    }, {
      "x" : 0.5,
      "y" : 0.0,
      "z" : -0.19098301
    }, {
      "x" : 0.5,
      "y" : 0.0,
      "z" : 0.19098301
    }, {
      "x" : 0.309017,
      "y" : -0.309017,
      "z" : 0.309017
    }, {
      "x" : 0.19098301,
      "y" : -0.5,
      "z" : 0.0
    }, {
      "x" : 0.0,
      "y" : 0.19098301,
      "z" : 0.5
    }, {
      "x" : 0.0,
      "y" : -0.19098301,
      "z" : 0.5
    }, {
      "x" : 0.309017,
      "y" : 0.309017,
      "z" : 0.309017
    }, {
      "x" : -0.309017,
      "y" : -0.309017,
      "z" : 0.309017
    }, {
      "x" : -0.309017,
      "y" : 0.309017,
      "z" : 0.309017
    }, {
      "x" : -0.5,
      "y" : 0.0,
      "z" : 0.19098301
    }, {
      "x" : 0.0,
      "y" : -0.19098301,
      "z" : -0.5
    }, {
      "x" : 0.0,
      "y" : 0.19098301,
      "z" : -0.5
    }, {
      "x" : 0.309017,
      "y" : 0.309017,
      "z" : -0.309017
    }, {
      "x" : -0.309017,
      "y" : -0.309017,
      "z" : -0.309017
    }, {
      "x" : -0.19098301,
      "y" : -0.5,
      "z" : 0.0
    }, {
      "x" : -0.5,
      "y" : 0.0,
      "z" : -0.19098301
    }, {
      "x" : 0.19098301,
      "y" : 0.5,
      "z" : 0.0
    }, {
      "x" : -0.309017,
      "y" : 0.309017,
      "z" : -0.309017
    }, {
      "x" : 0.0,
      "y" : 0.0,
      "z" : 0.0
    }, {
      "x" : -0.19098301,
      "y" : 0.5,
      "z" : 0.0
    } ],
    "faces" : [ {
      "vertices" : [ 12, 18, 20 ]
    }, {
      "vertices" : [ 12, 20, 17 ]
    }, {
      "vertices" : [ 12, 17, 13 ]
    }, {
      "vertices" : [ 3, 6, 8 ]
    }, {
      "vertices" : [ 3, 8, 15 ]
    }, {
      "vertices" : [ 3, 15, 4 ]
    }, {
      "vertices" : [ 0, 11, 12 ]
    }, {
      "vertices" : [ 0, 12, 13 ]
    }, {
      "vertices" : [ 0, 13, 1 ]
    }, {
      "vertices" : [ 5, 9, 10 ]
    }, {
      "vertices" : [ 5, 10, 8 ]
    }, {
      "vertices" : [ 5, 8, 6 ]
    }, {
      "vertices" : [ 2, 7, 5 ]
    }, {
      "vertices" : [ 2, 5, 6 ]
    }, {
      "vertices" : [ 2, 6, 3 ]
    }, {
      "vertices" : [ 11, 14, 16 ]
    }, {
      "vertices" : [ 11, 16, 18 ]
    }, {
      "vertices" : [ 11, 18, 12 ]
    }, {
      "vertices" : [ 1, 13, 17 ]
    }, {
      "vertices" : [ 1, 17, 7 ]
    }, {
      "vertices" : [ 1, 7, 2 ]
    }, {
      "vertices" : [ 9, 20, 18 ]
    }, {
      "vertices" : [ 9, 18, 16 ]
    }, {
      "vertices" : [ 9, 16, 10 ]
    }, {
      "vertices" : [ 0, 1, 2 ]
    }, {
      "vertices" : [ 0, 2, 3 ]
    }, {
      "vertices" : [ 0, 3, 4 ]
    }, {
      "vertices" : [ 5, 7, 17 ]
    }, {
      "vertices" : [ 5, 17, 20 ]
    }, {
      "vertices" : [ 5, 20, 9 ]
    }, {
      "vertices" : [ 0, 4, 15 ]
    }, {
      "vertices" : [ 0, 15, 14 ]
    }, {
      "vertices" : [ 0, 14, 11 ]
    }, {
      "vertices" : [ 8, 10, 16 ]
    }, {
      "vertices" : [ 8, 16, 14 ]
    }, {
      "vertices" : [ 8, 14, 15 ]
    } ]
  }, {
    "id" : "92b8abed-c493-4c66-9076-1b3464107749",
    "vertices" : [ {
      "x" : 1.6130164,
      "y" : -2.1941776,
      "z" : -22.60705
    }, {
      "x" : 1.2130164,
      "y" : -2.2941775,
      "z" : -22.70705
    }, {
      "x" : -0.08515238,
      "y" : -0.27795842,
      "z" : -0.6672859
    }, {
      "x" : 0.31484762,
      "y" : -0.17795843,
      "z" : -0.5672859
    }, {
      "x" : 1.3463497,
      "y" : -2.5941775,
      "z" : -22.473717
    }, {
      "x" : 1.7463498,
      "y" : -2.4941776,
      "z" : -22.373716
    }, {
      "x" : 0.1815143,
      "y" : 0.122041576,
      "z" : -0.80061924
    }, {
      "x" : -0.21848571,
      "y" : 0.022041578,
      "z" : -0.9006192
    } ],
    "faces" : [ {
      "vertices" : [ 2, 3, 6 ]
    }, {
      "vertices" : [ 2, 6, 7 ]
    }, {
      "vertices" : [ 0, 5, 4 ]
    }, {
      "vertices" : [ 0, 4, 1 ]
    }, {
      "vertices" : [ 2, 4, 5 ]
    }, {
      "vertices" : [ 2, 5, 3 ]
    }, {
      "vertices" : [ 0, 6, 3 ]
    }, {
      "vertices" : [ 0, 3, 5 ]
    }, {
      "vertices" : [ 0, 1, 7 ]
    }, {
      "vertices" : [ 0, 7, 6 ]
    }, {
      "vertices" : [ 1, 4, 2 ]
    }, {
      "vertices" : [ 1, 2, 7 ]
    } ]
  }, {
    "id" : "7bda1ec9-6bc2-450f-ae2f-fa89d6009602",
    "vertices" : [ {
      "x" : -5.747019,
      "y" : -9.637168,
      "z" : 23.931562
    }, {
      "x" : -12.109304,
      "y" : -4.7052035,
      "z" : 19.999453
    }, {
      "x" : -8.428233,
      "y" : -1.250894,
      "z" : 22.27448
    } ],
    "faces" : [ {
      "vertices" : [ 0, 1, 2 ]
    }, {
      "vertices" : [ 0, 2, 1 ]
    } ]
  }, {
    "id" : "ff4c610c-0ef8-480f-aabb-7de9fb7759d2",
    "vertices" : [ {
      "x" : 5.91605,
      "y" : 14.708571,
      "z" : -16.35323
    }, {
      "x" : 6.31605,
      "y" : 14.608571,
      "z" : -16.25323
    }, {
      "x" : 0.44623503,
      "y" : 0.53009427,
      "z" : -0.30344942
    }, {
      "x" : 0.046235036,
      "y" : 0.6300943,
      "z" : -0.40344942
    }, {
      "x" : 6.4493833,
      "y" : 14.908571,
      "z" : -16.019896
    }, {
      "x" : 6.0493836,
      "y" : 15.008572,
      "z" : -16.119896
    }, {
      "x" : -0.0870983,
      "y" : 0.33009425,
      "z" : -0.63678277
    }, {
      "x" : 0.3129017,
      "y" : 0.23009425,
      "z" : -0.53678274
    } ],
    "faces" : [ {
      "vertices" : [ 2, 3, 6 ]
    }, {
      "vertices" : [ 2, 6, 7 ]
    }, {
      "vertices" : [ 0, 5, 4 ]
    }, {
      "vertices" : [ 0, 4, 1 ]
    }, {
      "vertices" : [ 2, 4, 5 ]
    }, {
      "vertices" : [ 2, 5, 3 ]
    }, {
      "vertices" : [ 0, 6, 3 ]
    }, {
      "vertices" : [ 0, 3, 5 ]
    }, {
      "vertices" : [ 0, 1, 7 ]
    }, {
      "vertices" : [ 0, 7, 6 ]
    }, {
      "vertices" : [ 1, 4, 2 ]
    }, {
      "vertices" : [ 1, 2, 7 ]
    } ]
  }, {
    "id" : "29ba7b87-d3ee-45c7-945b-644c2246693c",
    "vertices" : [ {
      "x" : 15.318005,
      "y" : 14.117986,
      "z" : 9.097375
    }, {
      "x" : 15.218005,
      "y" : 14.017986,
      "z" : 9.4973755
    }, {
      "x" : 0.27526066,
      "y" : 0.51470375,
      "z" : 0.5397928
    }, {
      "x" : 0.37526065,
      "y" : 0.6147037,
      "z" : 0.13979277
    }, {
      "x" : 14.984672,
      "y" : 14.317986,
      "z" : 9.630709
    }, {
      "x" : 15.084671,
      "y" : 14.417986,
      "z" : 9.230708
    }, {
      "x" : 0.608594,
      "y" : 0.31470373,
      "z" : 0.0064594373
    }, {
      "x" : 0.508594,
      "y" : 0.21470374,
      "z" : 0.40645945
    } ],
    "faces" : [ {
      "vertices" : [ 2, 3, 6 ]
    }, {
      "vertices" : [ 2, 6, 7 ]
    }, {
      "vertices" : [ 0, 5, 4 ]
    }, {
      "vertices" : [ 0, 4, 1 ]
    }, {
      "vertices" : [ 2, 4, 5 ]
    }, {
      "vertices" : [ 2, 5, 3 ]
    }, {
      "vertices" : [ 0, 6, 3 ]
    }, {
      "vertices" : [ 0, 3, 5 ]
    }, {
      "vertices" : [ 0, 1, 7 ]
    }, {
      "vertices" : [ 0, 7, 6 ]
    }, {
      "vertices" : [ 1, 4, 2 ]
    }, {
      "vertices" : [ 1, 2, 7 ]
    } ]
  }, {
    "id" : "ad4c2f5b-41b7-4966-bf88-c16b578b7c6e",
    "vertices" : [ {
      "x" : -13.637168,
      "y" : -22.403698,
      "z" : -3.2748828
    }, {
      "x" : -18.342371,
      "y" : -14.790519,
      "z" : -3.6810706
    }, {
      "x" : -17.569277,
      "y" : -16.041412,
      "z" : 1.6570817
    } ],
    "faces" : [ {
      "vertices" : [ 0, 1, 2 ]
    }, {
      "vertices" : [ 0, 2, 1 ]
    } ]
  }, {
    "id" : "8e9c811d-6355-403c-afd6-103ee2323fb8",
    "vertices" : [ {
      "x" : -18.065401,
      "y" : 10.294394,
      "z" : -16.318382
    }, {
      "x" : -25.955551,
      "y" : 2.472136,
      "z" : 4.3382964
    }, {
      "x" : -19.593266,
      "y" : -12.766529,
      "z" : -12.318382
    } ],
    "faces" : [ {
      "vertices" : [ 0, 1, 2 ]
    }, {
      "vertices" : [ 0, 2, 1 ]
    } ]
  }, {
    "id" : "4dbc01ed-f4d1-48ea-b53c-a289b743ff93",
    "vertices" : [ {
      "x" : -3.6810706,
      "y" : -18.342371,
      "z" : -14.790519
    }, {
      "x" : -3.9321084,
      "y" : -21.250347,
      "z" : -10.085315
    }, {
      "x" : 1.250894,
      "y" : -22.27448,
      "z" : -8.428233
    }, {
      "x" : 4.7052035,
      "y" : -19.999453,
      "z" : -12.109304
    }, {
      "x" : 1.6570817,
      "y" : -17.569277,
      "z" : -16.041412
    } ],
    "faces" : [ {
      "vertices" : [ 0, 1, 2 ]
    }, {
      "vertices" : [ 0, 2, 3 ]
    }, {
      "vertices" : [ 0, 3, 4 ]
    }, {
      "vertices" : [ 0, 4, 3 ]
    }, {
      "vertices" : [ 0, 3, 2 ]
    }, {
      "vertices" : [ 0, 2, 1 ]
    } ]
  }, {
    "id" : "00ca03d1-1fdd-4c83-96f6-0f67752afed0",
    "vertices" : [ {
      "x" : 5.747019,
      "y" : 9.637168,
      "z" : 23.931562
    }, {
      "x" : 23.931562,
      "y" : 5.747019,
      "z" : 9.637168
    }, {
      "x" : 12.766529,
      "y" : -12.318382,
      "z" : 19.593266
    } ],
    "faces" : [ {
      "vertices" : [ 0, 1, 2 ]
    }, {
      "vertices" : [ 0, 2, 1 ]
    } ]
  }, {
    "id" : "7955154a-62cc-4eee-b7af-520949a8d6b9",
    "vertices" : [ {
      "x" : 12.318382,
      "y" : 19.593266,
      "z" : -12.766529
    }, {
      "x" : 3.9321084,
      "y" : 21.250347,
      "z" : -10.085315
    }, {
      "x" : 3.6810706,
      "y" : 18.342371,
      "z" : -14.790519
    } ],
    "faces" : [ {
      "vertices" : [ 0, 1, 2 ]
    }, {
      "vertices" : [ 0, 2, 1 ]
    } ]
  }, {
    "id" : "bb58a232-9e20-4dab-b0d4-57e17dc6abc7",
    "vertices" : [ {
      "x" : 2.472136,
      "y" : 4.3382964,
      "z" : -25.955551
    }, {
      "x" : 10.294394,
      "y" : -16.318382,
      "z" : -18.065401
    }, {
      "x" : 22.403698,
      "y" : 3.2748828,
      "z" : -13.637168
    } ],
    "faces" : [ {
      "vertices" : [ 0, 1, 2 ]
    }, {
      "vertices" : [ 0, 2, 1 ]
    } ]
  }, {
    "id" : "01e23c4b-cc8b-45cc-aa60-c6181f82286f",
    "vertices" : [ {
      "x" : 10.294394,
      "y" : 16.318382,
      "z" : 18.065401
    }, {
      "x" : 1.6570817,
      "y" : 17.569277,
      "z" : 16.041412
    }, {
      "x" : 4.7052035,
      "y" : 19.999453,
      "z" : 12.109304
    } ],
    "faces" : [ {
      "vertices" : [ 0, 1, 2 ]
    }, {
      "vertices" : [ 0, 2, 1 ]
    } ]
  }, {
    "id" : "337b7415-26e6-4473-a85e-de8e0cc94f41",
    "vertices" : [ {
      "x" : -3.6810706,
      "y" : 18.342371,
      "z" : 14.790519
    }, {
      "x" : -3.9321084,
      "y" : 21.250347,
      "z" : 10.085315
    }, {
      "x" : 1.250894,
      "y" : 22.27448,
      "z" : 8.428233
    }, {
      "x" : 4.7052035,
      "y" : 19.999453,
      "z" : 12.109304
    }, {
      "x" : 1.6570817,
      "y" : 17.569277,
      "z" : 16.041412
    } ],
    "faces" : [ {
      "vertices" : [ 0, 1, 2 ]
    }, {
      "vertices" : [ 0, 2, 3 ]
    }, {
      "vertices" : [ 0, 3, 4 ]
    }, {
      "vertices" : [ 0, 4, 3 ]
    }, {
      "vertices" : [ 0, 3, 2 ]
    }, {
      "vertices" : [ 0, 2, 1 ]
    } ]
  }, {
    "id" : "ec257a05-9d0f-4683-a078-39a39c203b33",
    "vertices" : [ {
      "x" : 10.294394,
      "y" : -16.318382,
      "z" : -18.065401
    }, {
      "x" : 1.6570817,
      "y" : -17.569277,
      "z" : -16.041412
    }, {
      "x" : 4.7052035,
      "y" : -19.999453,
      "z" : -12.109304
    } ],
    "faces" : [ {
      "vertices" : [ 0, 1, 2 ]
    }, {
      "vertices" : [ 0, 2, 1 ]
    } ]
  }, {
    "id" : "7cc5d833-7e25-4437-9651-968312493dd5",
    "vertices" : [ {
      "x" : 12.766529,
      "y" : -12.318382,
      "z" : 19.593266
    }, {
      "x" : 10.085315,
      "y" : -3.9321084,
      "z" : 21.250347
    }, {
      "x" : 14.790519,
      "y" : -3.6810706,
      "z" : 18.342371
    } ],
    "faces" : [ {
      "vertices" : [ 0, 1, 2 ]
    }, {
      "vertices" : [ 0, 2, 1 ]
    } ]
  }, {
    "id" : "575b22d1-ace4-47eb-bbd9-3313f372f337",
    "vertices" : [ {
      "x" : 2.472136,
      "y" : 4.3382964,
      "z" : -25.955551
    }, {
      "x" : 19.593266,
      "y" : 12.766529,
      "z" : -12.318382
    }, {
      "x" : 9.637168,
      "y" : 23.931562,
      "z" : 5.747019
    }, {
      "x" : -13.637168,
      "y" : 22.403698,
      "z" : 3.2748828
    }, {
      "x" : -18.065401,
      "y" : 10.294394,
      "z" : -16.318382
    } ],
    "faces" : [ {
      "vertices" : [ 0, 1, 2 ]
    }, {
      "vertices" : [ 0, 2, 3 ]
    }, {
      "vertices" : [ 0, 3, 4 ]
    }, {
      "vertices" : [ 0, 4, 3 ]
    }, {
      "vertices" : [ 0, 3, 2 ]
    }, {
      "vertices" : [ 0, 2, 1 ]
    } ]
  }, {
    "id" : "918236ee-c2e7-46b9-902f-4ed4c3c6f56f",
    "vertices" : [ {
      "x" : -16.318382,
      "y" : 18.065401,
      "z" : -10.294394
    }, {
      "x" : -17.569277,
      "y" : 16.041412,
      "z" : -1.6570817
    }, {
      "x" : -19.999453,
      "y" : 12.109304,
      "z" : -4.7052035
    } ],
    "faces" : [ {
      "vertices" : [ 0, 1, 2 ]
    }, {
      "vertices" : [ 0, 2, 1 ]
    } ]
  }, {
    "id" : "973b3b35-d420-4744-9461-d6f835054442",
    "vertices" : [ {
      "x" : -9.637168,
      "y" : -23.931562,
      "z" : 5.747019
    }, {
      "x" : -5.747019,
      "y" : -9.637168,
      "z" : 23.931562
    }, {
      "x" : 12.318382,
      "y" : -19.593266,
      "z" : 12.766529
    } ],
    "faces" : [ {
      "vertices" : [ 0, 1, 2 ]
    }, {
      "vertices" : [ 0, 2, 1 ]
    } ]
  }, {
    "id" : "1b70d6fd-d63e-40b7-a656-ea4c0137e2f9",
    "vertices" : [ {
      "x" : -25.955551,
      "y" : -2.472136,
      "z" : -4.3382964
    }, {
      "x" : -22.27448,
      "y" : -8.428233,
      "z" : 1.250894
    }, {
      "x" : -21.250347,
      "y" : -10.085315,
      "z" : -3.9321084
    } ],
    "faces" : [ {
      "vertices" : [ 0, 1, 2 ]
    }, {
      "vertices" : [ 0, 2, 1 ]
    } ]
  }, {
    "id" : "6cf0d3de-313a-4992-9abd-e45d74d9fa21",
    "vertices" : [ {
      "x" : -22.403698,
      "y" : -3.2748828,
      "z" : -13.637168
    }, {
      "x" : -14.790519,
      "y" : -3.6810706,
      "z" : -18.342371
    }, {
      "x" : -16.041412,
      "y" : 1.6570817,
      "z" : -17.569277
    } ],
    "faces" : [ {
      "vertices" : [ 0, 1, 2 ]
    }, {
      "vertices" : [ 0, 2, 1 ]
    } ]
  }, {
    "id" : "7bd70743-9447-40e3-82a4-b45300578b9c",
    "vertices" : [ {
      "x" : -10.294394,
      "y" : -16.318382,
      "z" : 18.065401
    }, {
      "x" : -2.472136,
      "y" : 4.3382964,
      "z" : 25.955551
    }, {
      "x" : 12.766529,
      "y" : -12.318382,
      "z" : 19.593266
    } ],
    "faces" : [ {
      "vertices" : [ 0, 1, 2 ]
    }, {
      "vertices" : [ 0, 2, 1 ]
    } ]
  }, {
    "id" : "c4505a9d-6027-4726-a4a5-9de87fe6df0d",
    "vertices" : [ {
      "x" : -23.931562,
      "y" : -5.747019,
      "z" : 9.637168
    }, {
      "x" : -19.999453,
      "y" : -12.109304,
      "z" : 4.7052035
    }, {
      "x" : -22.27448,
      "y" : -8.428233,
      "z" : 1.250894
    } ],
    "faces" : [ {
      "vertices" : [ 0, 1, 2 ]
    }, {
      "vertices" : [ 0, 2, 1 ]
    } ]
  }, {
    "id" : "25403320-4c6f-4187-8c94-9c022f8b7965",
    "vertices" : [ {
      "x" : -12.766529,
      "y" : 12.318382,
      "z" : 19.593266
    }, {
      "x" : 2.472136,
      "y" : -4.3382964,
      "z" : 25.955551
    }, {
      "x" : -18.065401,
      "y" : -10.294394,
      "z" : 16.318382
    } ],
    "faces" : [ {
      "vertices" : [ 0, 1, 2 ]
    }, {
      "vertices" : [ 0, 2, 1 ]
    } ]
  }, {
    "id" : "f9fd27a1-eb83-487d-95b9-2e6e976008d4",
    "vertices" : [ {
      "x" : -25.955551,
      "y" : 2.472136,
      "z" : 4.3382964
    }, {
      "x" : -12.318382,
      "y" : 19.593266,
      "z" : 12.766529
    }, {
      "x" : 5.747019,
      "y" : 9.637168,
      "z" : 23.931562
    }, {
      "x" : 3.2748828,
      "y" : -13.637168,
      "z" : 22.403698
    }, {
      "x" : -16.318382,
      "y" : -18.065401,
      "z" : 10.294394
    } ],
    "faces" : [ {
      "vertices" : [ 0, 1, 2 ]
    }, {
      "vertices" : [ 0, 2, 3 ]
    }, {
      "vertices" : [ 0, 3, 4 ]
    }, {
      "vertices" : [ 0, 4, 3 ]
    }, {
      "vertices" : [ 0, 3, 2 ]
    }, {
      "vertices" : [ 0, 2, 1 ]
    } ]
  }, {
    "id" : "532589d1-41c4-46a3-a74b-f5932e038b00",
    "vertices" : [ {
      "x" : 4.3382964,
      "y" : -25.955551,
      "z" : 2.472136
    }, {
      "x" : -16.318382,
      "y" : -18.065401,
      "z" : 10.294394
    }, {
      "x" : 3.2748828,
      "y" : -13.637168,
      "z" : 22.403698
    } ],
    "faces" : [ {
      "vertices" : [ 0, 1, 2 ]
    }, {
      "vertices" : [ 0, 2, 1 ]
    } ]
  }, {
    "id" : "d73a259a-17cd-41bf-963b-d5b900a9da70",
    "vertices" : [ {
      "x" : 13.637168,
      "y" : -22.403698,
      "z" : 3.2748828
    }, {
      "x" : 22.403698,
      "y" : -3.2748828,
      "z" : 13.637168
    }, {
      "x" : 23.931562,
      "y" : -5.747019,
      "z" : -9.637168
    } ],
    "faces" : [ {
      "vertices" : [ 0, 1, 2 ]
    }, {
      "vertices" : [ 0, 2, 1 ]
    } ]
  }, {
    "id" : "d24eadfc-a933-4895-8c13-a16ece8faa81",
    "vertices" : [ {
      "x" : -9.637168,
      "y" : -23.931562,
      "z" : 5.747019
    }, {
      "x" : -4.7052035,
      "y" : -19.999453,
      "z" : 12.109304
    }, {
      "x" : -1.250894,
      "y" : -22.27448,
      "z" : 8.428233
    } ],
    "faces" : [ {
      "vertices" : [ 0, 1, 2 ]
    }, {
      "vertices" : [ 0, 2, 1 ]
    } ]
  }, {
    "id" : "388bde5d-e890-4e3c-8042-f0b13b1b9946",
    "vertices" : [ {
      "x" : 9.637168,
      "y" : 23.931562,
      "z" : 5.747019
    }, {
      "x" : 5.747019,
      "y" : 9.637168,
      "z" : 23.931562
    }, {
      "x" : -12.318382,
      "y" : 19.593266,
      "z" : 12.766529
    } ],
    "faces" : [ {
      "vertices" : [ 0, 1, 2 ]
    }, {
      "vertices" : [ 0, 2, 1 ]
    } ]
  }, {
    "id" : "601c0c7a-8f0b-49ba-b4ef-4ede8269ae07",
    "vertices" : [ {
      "x" : 19.593266,
      "y" : 12.766529,
      "z" : -12.318382
    }, {
      "x" : 25.955551,
      "y" : -2.472136,
      "z" : 4.3382964
    }, {
      "x" : 16.318382,
      "y" : 18.065401,
      "z" : 10.294394
    } ],
    "faces" : [ {
      "vertices" : [ 0, 1, 2 ]
    }, {
      "vertices" : [ 0, 2, 1 ]
    } ]
  }, {
    "id" : "8eb48b6e-084d-4d86-a83b-62683b83a57d",
    "vertices" : [ {
      "x" : -16.318382,
      "y" : -18.065401,
      "z" : 10.294394
    }, {
      "x" : 4.3382964,
      "y" : -25.955551,
      "z" : 2.472136
    }, {
      "x" : -12.318382,
      "y" : -19.593266,
      "z" : -12.766529
    } ],
    "faces" : [ {
      "vertices" : [ 0, 1, 2 ]
    }, {
      "vertices" : [ 0, 2, 1 ]
    } ]
  }, {
    "id" : "6706957e-807b-457e-b03c-1c413c818dd0",
    "vertices" : [ {
      "x" : -19.593266,
      "y" : 12.766529,
      "z" : 12.318382
    }, {
      "x" : -21.250347,
      "y" : 10.085315,
      "z" : 3.9321084
    }, {
      "x" : -18.342371,
      "y" : 14.790519,
      "z" : 3.6810706
    } ],
    "faces" : [ {
      "vertices" : [ 0, 1, 2 ]
    }, {
      "vertices" : [ 0, 2, 1 ]
    } ]
  }, {
    "id" : "8603c929-4f3e-47a9-b281-2e2b9f4c95dd",
    "vertices" : [ {
      "x" : -4.3382964,
      "y" : -25.955551,
      "z" : -2.472136
    }, {
      "x" : 16.318382,
      "y" : -18.065401,
      "z" : -10.294394
    }, {
      "x" : -3.2748828,
      "y" : -13.637168,
      "z" : -22.403698
    } ],
    "faces" : [ {
      "vertices" : [ 0, 1, 2 ]
    }, {
      "vertices" : [ 0, 2, 1 ]
    } ]
  }, {
    "id" : "e8588b53-6cc2-4608-9112-5e306b648ef2",
    "vertices" : [ {
      "x" : -4.3382964,
      "y" : 25.955551,
      "z" : 2.472136
    }, {
      "x" : 1.250894,
      "y" : 22.27448,
      "z" : 8.428233
    }, {
      "x" : -3.9321084,
      "y" : 21.250347,
      "z" : 10.085315
    } ],
    "faces" : [ {
      "vertices" : [ 0, 1, 2 ]
    }, {
      "vertices" : [ 0, 2, 1 ]
    } ]
  }, {
    "id" : "eceb0a81-aed0-4188-b5b0-3fe23c9ef913",
    "vertices" : [ {
      "x" : 9.637168,
      "y" : 23.931562,
      "z" : 5.747019
    }, {
      "x" : 4.7052035,
      "y" : 19.999453,
      "z" : 12.109304
    }, {
      "x" : 1.250894,
      "y" : 22.27448,
      "z" : 8.428233
    } ],
    "faces" : [ {
      "vertices" : [ 0, 1, 2 ]
    }, {
      "vertices" : [ 0, 2, 1 ]
    } ]
  }, {
    "id" : "63bfa7d6-5a9b-4448-b213-3ffc5e2d9101",
    "vertices" : [ {
      "x" : 3.2748828,
      "y" : 13.637168,
      "z" : -22.403698
    }, {
      "x" : 22.403698,
      "y" : 3.2748828,
      "z" : -13.637168
    }, {
      "x" : 13.637168,
      "y" : 22.403698,
      "z" : -3.2748828
    } ],
    "faces" : [ {
      "vertices" : [ 0, 1, 2 ]
    }, {
      "vertices" : [ 0, 2, 1 ]
    } ]
  }, {
    "id" : "4b209735-8f2f-4b65-a208-2783f6fc50cc",
    "vertices" : [ {
      "x" : -10.294394,
      "y" : 16.318382,
      "z" : -18.065401
    }, {
      "x" : -2.472136,
      "y" : -4.3382964,
      "z" : -25.955551
    }, {
      "x" : 12.766529,
      "y" : 12.318382,
      "z" : -19.593266
    } ],
    "faces" : [ {
      "vertices" : [ 0, 1, 2 ]
    }, {
      "vertices" : [ 0, 2, 1 ]
    } ]
  }, {
    "id" : "bcd2b58e-2370-4a8b-a657-be6bd662b03e",
    "vertices" : [ {
      "x" : 16.318382,
      "y" : -18.065401,
      "z" : -10.294394
    }, {
      "x" : 17.569277,
      "y" : -16.041412,
      "z" : -1.6570817
    }, {
      "x" : 19.999453,
      "y" : -12.109304,
      "z" : -4.7052035
    } ],
    "faces" : [ {
      "vertices" : [ 0, 1, 2 ]
    }, {
      "vertices" : [ 0, 2, 1 ]
    } ]
  }, {
    "id" : "37546d05-25d4-4094-9916-ad1f24e42981",
    "vertices" : [ {
      "x" : -22.403698,
      "y" : -3.2748828,
      "z" : -13.637168
    }, {
      "x" : -3.2748828,
      "y" : -13.637168,
      "z" : -22.403698
    }, {
      "x" : -5.747019,
      "y" : 9.637168,
      "z" : -23.931562
    } ],
    "faces" : [ {
      "vertices" : [ 0, 1, 2 ]
    }, {
      "vertices" : [ 0, 2, 1 ]
    } ]
  }, {
    "id" : "caa696fd-21a1-4bf6-970a-1dd533cd3c9e",
    "vertices" : [ {
      "x" : -12.318382,
      "y" : -19.593266,
      "z" : -12.766529
    }, {
      "x" : 4.3382964,
      "y" : -25.955551,
      "z" : 2.472136
    }, {
      "x" : 10.294394,
      "y" : -16.318382,
      "z" : -18.065401
    } ],
    "faces" : [ {
      "vertices" : [ 0, 1, 2 ]
    }, {
      "vertices" : [ 0, 2, 1 ]
    } ]
  }, {
    "id" : "85070267-b3c4-4e6f-9487-f41a7b051e89",
    "vertices" : [ {
      "x" : -16.318382,
      "y" : -18.065401,
      "z" : 10.294394
    }, {
      "x" : -17.569277,
      "y" : -16.041412,
      "z" : 1.6570817
    }, {
      "x" : -19.999453,
      "y" : -12.109304,
      "z" : 4.7052035
    } ],
    "faces" : [ {
      "vertices" : [ 0, 1, 2 ]
    }, {
      "vertices" : [ 0, 2, 1 ]
    } ]
  }, {
    "id" : "14e0aa75-388e-4f22-93a8-4b1d7d7583c4",
    "vertices" : [ {
      "x" : -2.472136,
      "y" : 4.3382964,
      "z" : 25.955551
    }, {
      "x" : -10.294394,
      "y" : -16.318382,
      "z" : 18.065401
    }, {
      "x" : -22.403698,
      "y" : 3.2748828,
      "z" : 13.637168
    } ],
    "faces" : [ {
      "vertices" : [ 0, 1, 2 ]
    }, {
      "vertices" : [ 0, 2, 1 ]
    } ]
  }, {
    "id" : "41fedc59-3085-4173-8c58-aedab947c613",
    "vertices" : [ {
      "x" : -16.318382,
      "y" : 18.065401,
      "z" : -10.294394
    }, {
      "x" : -12.318382,
      "y" : 19.593266,
      "z" : 12.766529
    }, {
      "x" : -25.955551,
      "y" : 2.472136,
      "z" : 4.3382964
    } ],
    "faces" : [ {
      "vertices" : [ 0, 1, 2 ]
    }, {
      "vertices" : [ 0, 2, 1 ]
    } ]
  }, {
    "id" : "a5d9eedf-9e9b-44b0-8a42-db69d27e82e9",
    "vertices" : [ {
      "x" : 2.472136,
      "y" : -4.3382964,
      "z" : 25.955551
    }, {
      "x" : 10.294394,
      "y" : 16.318382,
      "z" : 18.065401
    }, {
      "x" : 22.403698,
      "y" : -3.2748828,
      "z" : 13.637168
    } ],
    "faces" : [ {
      "vertices" : [ 0, 1, 2 ]
    }, {
      "vertices" : [ 0, 2, 1 ]
    } ]
  }, {
    "id" : "a7000cb3-3d8d-4352-a5bf-51085fba696a",
    "vertices" : [ {
      "x" : 14.790519,
      "y" : -3.6810706,
      "z" : 18.342371
    }, {
      "x" : 10.085315,
      "y" : -3.9321084,
      "z" : 21.250347
    }, {
      "x" : 8.428233,
      "y" : 1.250894,
      "z" : 22.27448
    }, {
      "x" : 12.109304,
      "y" : 4.7052035,
      "z" : 19.999453
    }, {
      "x" : 16.041412,
      "y" : 1.6570817,
      "z" : 17.569277
    } ],
    "faces" : [ {
      "vertices" : [ 0, 1, 2 ]
    }, {
      "vertices" : [ 0, 2, 3 ]
    }, {
      "vertices" : [ 0, 3, 4 ]
    }, {
      "vertices" : [ 0, 4, 3 ]
    }, {
      "vertices" : [ 0, 3, 2 ]
    }, {
      "vertices" : [ 0, 2, 1 ]
    } ]
  }, {
    "id" : "d8cb3d71-18a3-4f61-b327-ff2a75254b7a",
    "vertices" : [ {
      "x" : 10.294394,
      "y" : -16.318382,
      "z" : -18.065401
    }, {
      "x" : -12.766529,
      "y" : -12.318382,
      "z" : -19.593266
    }, {
      "x" : -4.3382964,
      "y" : -25.955551,
      "z" : -2.472136
    } ],
    "faces" : [ {
      "vertices" : [ 0, 1, 2 ]
    }, {
      "vertices" : [ 0, 2, 1 ]
    } ]
  }, {
    "id" : "1e6aac75-fc37-4295-9b83-af84e99732f7",
    "vertices" : [ {
      "x" : -25.955551,
      "y" : -2.472136,
      "z" : -4.3382964
    }, {
      "x" : -12.318382,
      "y" : -19.593266,
      "z" : -12.766529
    }, {
      "x" : 5.747019,
      "y" : -9.637168,
      "z" : -23.931562
    }, {
      "x" : 3.2748828,
      "y" : 13.637168,
      "z" : -22.403698
    }, {
      "x" : -16.318382,
      "y" : 18.065401,
      "z" : -10.294394
    } ],
    "faces" : [ {
      "vertices" : [ 0, 1, 2 ]
    }, {
      "vertices" : [ 0, 2, 3 ]
    }, {
      "vertices" : [ 0, 3, 4 ]
    }, {
      "vertices" : [ 0, 4, 3 ]
    }, {
      "vertices" : [ 0, 3, 2 ]
    }, {
      "vertices" : [ 0, 2, 1 ]
    } ]
  }, {
    "id" : "bf9b0b6c-deb0-485a-966c-7990f02fcf0a",
    "vertices" : [ {
      "x" : -22.403698,
      "y" : -3.2748828,
      "z" : -13.637168
    }, {
      "x" : -13.637168,
      "y" : -22.403698,
      "z" : -3.2748828
    }, {
      "x" : -3.2748828,
      "y" : -13.637168,
      "z" : -22.403698
    } ],
    "faces" : [ {
      "vertices" : [ 0, 1, 2 ]
    }, {
      "vertices" : [ 0, 2, 1 ]
    } ]
  }, {
    "id" : "acd0b258-79a5-47f2-8fc8-b5cd4c2e9b2f",
    "vertices" : [ {
      "x" : -23.931562,
      "y" : -5.747019,
      "z" : 9.637168
    }, {
      "x" : -9.637168,
      "y" : -23.931562,
      "z" : 5.747019
    }, {
      "x" : -19.593266,
      "y" : -12.766529,
      "z" : -12.318382
    } ],
    "faces" : [ {
      "vertices" : [ 0, 1, 2 ]
    }, {
      "vertices" : [ 0, 2, 1 ]
    } ]
  }, {
    "id" : "4f47891f-e19b-4193-b3df-518f0cf9ef89",
    "vertices" : [ {
      "x" : -16.318382,
      "y" : -18.065401,
      "z" : 10.294394
    }, {
      "x" : -12.318382,
      "y" : -19.593266,
      "z" : -12.766529
    }, {
      "x" : -25.955551,
      "y" : -2.472136,
      "z" : -4.3382964
    } ],
    "faces" : [ {
      "vertices" : [ 0, 1, 2 ]
    }, {
      "vertices" : [ 0, 2, 1 ]
    } ]
  }, {
    "id" : "afc04302-c50e-4fd1-acfe-b33a1e0fcabf",
    "vertices" : [ {
      "x" : -22.403698,
      "y" : 3.2748828,
      "z" : 13.637168
    }, {
      "x" : -14.790519,
      "y" : 3.6810706,
      "z" : 18.342371
    }, {
      "x" : -16.041412,
      "y" : -1.6570817,
      "z" : 17.569277
    } ],
    "faces" : [ {
      "vertices" : [ 0, 1, 2 ]
    }, {
      "vertices" : [ 0, 2, 1 ]
    } ]
  }, {
    "id" : "818ed73b-c114-4ad8-a075-ec730c47a78f",
    "vertices" : [ {
      "x" : -12.766529,
      "y" : -12.318382,
      "z" : -19.593266
    }, {
      "x" : -10.085315,
      "y" : -3.9321084,
      "z" : -21.250347
    }, {
      "x" : -14.790519,
      "y" : -3.6810706,
      "z" : -18.342371
    } ],
    "faces" : [ {
      "vertices" : [ 0, 1, 2 ]
    }, {
      "vertices" : [ 0, 2, 1 ]
    } ]
  }, {
    "id" : "a2ab4f3f-3859-4a31-88b0-58ac988be35a",
    "vertices" : [ {
      "x" : 2.472136,
      "y" : 4.3382964,
      "z" : -25.955551
    }, {
      "x" : 8.428233,
      "y" : -1.250894,
      "z" : -22.27448
    }, {
      "x" : 10.085315,
      "y" : 3.9321084,
      "z" : -21.250347
    } ],
    "faces" : [ {
      "vertices" : [ 0, 1, 2 ]
    }, {
      "vertices" : [ 0, 2, 1 ]
    } ]
  }, {
    "id" : "f24258bc-a3fb-4441-9b14-fd8c7b117ead",
    "vertices" : [ {
      "x" : 12.766529,
      "y" : 12.318382,
      "z" : -19.593266
    }, {
      "x" : -2.472136,
      "y" : -4.3382964,
      "z" : -25.955551
    }, {
      "x" : 18.065401,
      "y" : -10.294394,
      "z" : -16.318382
    } ],
    "faces" : [ {
      "vertices" : [ 0, 1, 2 ]
    }, {
      "vertices" : [ 0, 2, 1 ]
    } ]
  }, {
    "id" : "a3a31483-14b5-453c-91b0-591abc6c4bd2",
    "vertices" : [ {
      "x" : -2.472136,
      "y" : -4.3382964,
      "z" : -25.955551
    }, {
      "x" : -8.428233,
      "y" : 1.250894,
      "z" : -22.27448
    }, {
      "x" : -10.085315,
      "y" : -3.9321084,
      "z" : -21.250347
    } ],
    "faces" : [ {
      "vertices" : [ 0, 1, 2 ]
    }, {
      "vertices" : [ 0, 2, 1 ]
    } ]
  }, {
    "id" : "4cccfac7-bb5d-48b8-843e-3eb11e3e3ac0",
    "vertices" : [ {
      "x" : 18.065401,
      "y" : 10.294394,
      "z" : 16.318382
    }, {
      "x" : 16.041412,
      "y" : 1.6570817,
      "z" : 17.569277
    }, {
      "x" : 12.109304,
      "y" : 4.7052035,
      "z" : 19.999453
    } ],
    "faces" : [ {
      "vertices" : [ 0, 1, 2 ]
    }, {
      "vertices" : [ 0, 2, 1 ]
    } ]
  }, {
    "id" : "57a59ebb-2530-4e5d-8fae-ca2c56b2af02",
    "vertices" : [ {
      "x" : -3.2748828,
      "y" : 13.637168,
      "z" : 22.403698
    }, {
      "x" : -13.637168,
      "y" : 22.403698,
      "z" : 3.2748828
    }, {
      "x" : 9.637168,
      "y" : 23.931562,
      "z" : 5.747019
    } ],
    "faces" : [ {
      "vertices" : [ 0, 1, 2 ]
    }, {
      "vertices" : [ 0, 2, 1 ]
    } ]
  }, {
    "id" : "67bd2200-c10c-4eee-8dce-7c8c47dda5e6",
    "vertices" : [ {
      "x" : 12.766529,
      "y" : 12.318382,
      "z" : -19.593266
    }, {
      "x" : 10.085315,
      "y" : 3.9321084,
      "z" : -21.250347
    }, {
      "x" : 14.790519,
      "y" : 3.6810706,
      "z" : -18.342371
    } ],
    "faces" : [ {
      "vertices" : [ 0, 1, 2 ]
    }, {
      "vertices" : [ 0, 2, 1 ]
    } ]
  }, {
    "id" : "097410eb-184a-4f4a-92e8-0750945ac520",
    "vertices" : [ {
      "x" : -12.766529,
      "y" : -12.318382,
      "z" : -19.593266
    }, {
      "x" : 10.294394,
      "y" : -16.318382,
      "z" : -18.065401
    }, {
      "x" : 2.472136,
      "y" : 4.3382964,
      "z" : -25.955551
    } ],
    "faces" : [ {
      "vertices" : [ 0, 1, 2 ]
    }, {
      "vertices" : [ 0, 2, 1 ]
    } ]
  }, {
    "id" : "78d7d164-e98f-4210-8c72-7bfb9ce931dd",
    "vertices" : [ {
      "x" : -4.3382964,
      "y" : -25.955551,
      "z" : -2.472136
    }, {
      "x" : 1.250894,
      "y" : -22.27448,
      "z" : -8.428233
    }, {
      "x" : -3.9321084,
      "y" : -21.250347,
      "z" : -10.085315
    } ],
    "faces" : [ {
      "vertices" : [ 0, 1, 2 ]
    }, {
      "vertices" : [ 0, 2, 1 ]
    } ]
  }, {
    "id" : "8091cb50-4b10-4ca8-8108-d2acd5072164",
    "vertices" : [ {
      "x" : -5.747019,
      "y" : 9.637168,
      "z" : -23.931562
    }, {
      "x" : -23.931562,
      "y" : 5.747019,
      "z" : -9.637168
    }, {
      "x" : -12.766529,
      "y" : -12.318382,
      "z" : -19.593266
    } ],
    "faces" : [ {
      "vertices" : [ 0, 1, 2 ]
    }, {
      "vertices" : [ 0, 2, 1 ]
    } ]
  }, {
    "id" : "877f6b55-a4c7-497e-85d4-a85dd3c429e5",
    "vertices" : [ {
      "x" : 25.955551,
      "y" : -2.472136,
      "z" : 4.3382964
    }, {
      "x" : 12.318382,
      "y" : -19.593266,
      "z" : 12.766529
    }, {
      "x" : -5.747019,
      "y" : -9.637168,
      "z" : 23.931562
    }, {
      "x" : -3.2748828,
      "y" : 13.637168,
      "z" : 22.403698
    }, {
      "x" : 16.318382,
      "y" : 18.065401,
      "z" : 10.294394
    } ],
