{
  "field" : "golden",
  "symmetry" : "icosahedral",
  "orientations" : [ [ 1.0, 0.0, 0.0, 0.0, 0.0, 1.0, 0.0, 0.0, 0.0, 0.0, 1.0, 0.0, 0.0, 0.0, 0.0, 1.0 ], [ 0.0, 0.0, 1.0, 0.0, 1.0, 0.0, 0.0, 0.0, 0.0, 1.0, 0.0, 0.0, 0.0, 0.0, 0.0, 1.0 ], [ 0.0, 1.0, 0.0, 0.0, 0.0, 0.0, 1.0, 0.0, 1.0, 0.0, 0.0, 0.0, 0.0, 0.0, 0.0, 1.0 ], [ 0.809017, 0.309017, 0.5, 0.0, 0.309017, 0.5, -0.809017, 0.0, -0.5, 0.809017, 0.309017, 0.0, 0.0, 0.0, 0.0, 1.0 ], [ -0.5, 0.809017, 0.309017, 0.0, 0.809017, 0.309017, 0.5, 0.0, 0.309017, 0.5, -0.809017, 0.0, 0.0, 0.0, 0.0, 1.0 ], [ 0.309017, 0.5, -0.809017, 0.0, -0.5, 0.809017, 0.309017, 0.0, 0.809017, 0.309017, 0.5, 0.0, 0.0, 0.0, 0.0, 1.0 ], [ 0.5, 0.809017, 0.309017, 0.0, 0.809017, -0.309017, -0.5, 0.0, -0.309017, 0.5, -0.809017, 0.0, 0.0, 0.0, 0.0, 1.0 ], [ -0.309017, 0.5, -0.809017, 0.0, 0.5, 0.809017, 0.309017, 0.0, 0.809017, -0.309017, -0.5, 0.0, 0.0, 0.0, 0.0, 1.0 ], [ 0.809017, -0.309017, -0.5, 0.0, -0.309017, 0.5, -0.809017, 0.0, 0.5, 0.809017, 0.309017, 0.0, 0.0, 0.0, 0.0, 1.0 ], [ 0.5, 0.809017, -0.309017, 0.0, 0.809017, -0.309017, 0.5, 0.0, 0.309017, -0.5, -0.809017, 0.0, 0.0, 0.0, 0.0, 1.0 ], [ 0.309017, -0.5, -0.809017, 0.0, 0.5, 0.809017, -0.309017, 0.0, 0.809017, -0.309017, 0.5, 0.0, 0.0, 0.0, 0.0, 1.0 ], [ 0.809017, -0.309017, 0.5, 0.0, 0.309017, -0.5, -0.809017, 0.0, 0.5, 0.809017, -0.309017, 0.0, 0.0, 0.0, 0.0, 1.0 ], [ 0.809017, 0.309017, -0.5, 0.0, 0.309017, 0.5, 0.809017, 0.0, 0.5, -0.809017, 0.309017, 0.0, 0.0, 0.0, 0.0, 1.0 ], [ 0.5, -0.809017, 0.309017, 0.0, 0.809017, 0.309017, -0.5, 0.0, 0.309017, 0.5, 0.809017, 0.0, 0.0, 0.0, 0.0, 1.0 ], [ 0.309017, 0.5, 0.809017, 0.0, 0.5, -0.809017, 0.309017, 0.0, 0.809017, 0.309017, -0.5, 0.0, 0.0, 0.0, 0.0, 1.0 ], [ 1.0, 0.0, 0.0, 0.0, 0.0, -1.0, 0.0, 0.0, 0.0, 0.0, -1.0, 0.0, 0.0, 0.0, 0.0, 1.0 ], [ 0.0, 0.0, 1.0, 0.0, -1.0, 0.0, 0.0, 0.0, 0.0, -1.0, 0.0, 0.0, 0.0, 0.0, 0.0, 1.0 ], [ 0.0, 1.0, 0.0, 0.0, 0.0, 0.0, -1.0, 0.0, -1.0, 0.0, 0.0, 0.0, 0.0, 0.0, 0.0, 1.0 ], [ 0.809017, 0.309017, 0.5, 0.0, -0.309017, -0.5, 0.809017, 0.0, 0.5, -0.809017, -0.309017, 0.0, 0.0, 0.0, 0.0, 1.0 ], [ -0.5, 0.809017, 0.309017, 0.0, -0.809017, -0.309017, -0.5, 0.0, -0.309017, -0.5, 0.809017, 0.0, 0.0, 0.0, 0.0, 1.0 ], [ 0.309017, 0.5, -0.809017, 0.0, 0.5, -0.809017, -0.309017, 0.0, -0.809017, -0.309017, -0.5, 0.0, 0.0, 0.0, 0.0, 1.0 ], [ 0.5, 0.809017, 0.309017, 0.0, -0.809017, 0.309017, 0.5, 0.0, 0.309017, -0.5, 0.809017, 0.0, 0.0, 0.0, 0.0, 1.0 ], [ -0.309017, 0.5, -0.809017, 0.0, -0.5, -0.809017, -0.309017, 0.0, -0.809017, 0.309017, 0.5, 0.0, 0.0, 0.0, 0.0, 1.0 ], [ 0.809017, -0.309017, -0.5, 0.0, 0.309017, -0.5, 0.809017, 0.0, -0.5, -0.809017, -0.309017, 0.0, 0.0, 0.0, 0.0, 1.0 ], [ 0.5, 0.809017, -0.309017, 0.0, -0.809017, 0.309017, -0.5, 0.0, -0.309017, 0.5, 0.809017, 0.0, 0.0, 0.0, 0.0, 1.0 ], [ 0.309017, -0.5, -0.809017, 0.0, -0.5, -0.809017, 0.309017, 0.0, -0.809017, 0.309017, -0.5, 0.0, 0.0, 0.0, 0.0, 1.0 ], [ 0.809017, -0.309017, 0.5, 0.0, -0.309017, 0.5, 0.809017, 0.0, -0.5, -0.809017, 0.309017, 0.0, 0.0, 0.0, 0.0, 1.0 ], [ 0.809017, 0.309017, -0.5, 0.0, -0.309017, -0.5, -0.809017, 0.0, -0.5, 0.809017, -0.309017, 0.0, 0.0, 0.0, 0.0, 1.0 ], [ 0.5, -0.809017, 0.309017, 0.0, -0.809017, -0.309017, 0.5, 0.0, -0.309017, -0.5, -0.809017, 0.0, 0.0, 0.0, 0.0, 1.0 ], [ 0.309017, 0.5, 0.809017, 0.0, -0.5, 0.809017, -0.309017, 0.0, -0.809017, -0.309017, 0.5, 0.0, 0.0, 0.0, 0.0, 1.0 ], [ -1.0, 0.0, 0.0, 0.0, 0.0, -1.0, 0.0, 0.0, 0.0, 0.0, 1.0, 0.0, 0.0, 0.0, 0.0, 1.0 ], [ 0.0, 0.0, -1.0, 0.0, -1.0, 0.0, 0.0, 0.0, 0.0, 1.0, 0.0, 0.0, 0.0, 0.0, 0.0, 1.0 ], [ 0.0, -1.0, 0.0, 0.0, 0.0, 0.0, -1.0, 0.0, 1.0, 0.0, 0.0, 0.0, 0.0, 0.0, 0.0, 1.0 ], [ -0.809017, -0.309017, -0.5, 0.0, -0.309017, -0.5, 0.809017, 0.0, -0.5, 0.809017, 0.309017, 0.0, 0.0, 0.0, 0.0, 1.0 ], [ 0.5, -0.809017, -0.309017, 0.0, -0.809017, -0.309017, -0.5, 0.0, 0.309017, 0.5, -0.809017, 0.0, 0.0, 0.0, 0.0, 1.0 ], [ -0.309017, -0.5, 0.809017, 0.0, 0.5, -0.809017, -0.309017, 0.0, 0.809017, 0.309017, 0.5, 0.0, 0.0, 0.0, 0.0, 1.0 ], [ -0.5, -0.809017, -0.309017, 0.0, -0.809017, 0.309017, 0.5, 0.0, -0.309017, 0.5, -0.809017, 0.0, 0.0, 0.0, 0.0, 1.0 ], [ 0.309017, -0.5, 0.809017, 0.0, -0.5, -0.809017, -0.309017, 0.0, 0.809017, -0.309017, -0.5, 0.0, 0.0, 0.0, 0.0, 1.0 ], [ -0.809017, 0.309017, 0.5, 0.0, 0.309017, -0.5, 0.809017, 0.0, 0.5, 0.809017, 0.309017, 0.0, 0.0, 0.0, 0.0, 1.0 ], [ -0.5, -0.809017, 0.309017, 0.0, -0.809017, 0.309017, -0.5, 0.0, 0.309017, -0.5, -0.809017, 0.0, 0.0, 0.0, 0.0, 1.0 ], [ -0.309017, 0.5, 0.809017, 0.0, -0.5, -0.809017, 0.309017, 0.0, 0.809017, -0.309017, 0.5, 0.0, 0.0, 0.0, 0.0, 1.0 ], [ -0.809017, 0.309017, -0.5, 0.0, -0.309017, 0.5, 0.809017, 0.0, 0.5, 0.809017, -0.309017, 0.0, 0.0, 0.0, 0.0, 1.0 ], [ -0.809017, -0.309017, 0.5, 0.0, -0.309017, -0.5, -0.809017, 0.0, 0.5, -0.809017, 0.309017, 0.0, 0.0, 0.0, 0.0, 1.0 ], [ -0.5, 0.809017, -0.309017, 0.0, -0.809017, -0.309017, 0.5, 0.0, 0.309017, 0.5, 0.809017, 0.0, 0.0, 0.0, 0.0, 1.0 ], [ -0.309017, -0.5, -0.809017, 0.0, -0.5, 0.809017, -0.309017, 0.0, 0.809017, 0.309017, -0.5, 0.0, 0.0, 0.0, 0.0, 1.0 ], [ -1.0, 0.0, 0.0, 0.0, 0.0, 1.0, 0.0, 0.0, 0.0, 0.0, -1.0, 0.0, 0.0, 0.0, 0.0, 1.0 ], [ 0.0, 0.0, -1.0, 0.0, 1.0, 0.0, 0.0, 0.0, 0.0, -1.0, 0.0, 0.0, 0.0, 0.0, 0.0, 1.0 ], [ 0.0, -1.0, 0.0, 0.0, 0.0, 0.0, 1.0, 0.0, -1.0, 0.0, 0.0, 0.0, 0.0, 0.0, 0.0, 1.0 ], [ -0.809017, -0.309017, -0.5, 0.0, 0.309017, 0.5, -0.809017, 0.0, 0.5, -0.809017, -0.309017, 0.0, 0.0, 0.0, 0.0, 1.0 ], [ 0.5, -0.809017, -0.309017, 0.0, 0.809017, 0.309017, 0.5, 0.0, -0.309017, -0.5, 0.809017, 0.0, 0.0, 0.0, 0.0, 1.0 ], [ -0.309017, -0.5, 0.809017, 0.0, -0.5, 0.809017, 0.309017, 0.0, -0.809017, -0.309017, -0.5, 0.0, 0.0, 0.0, 0.0, 1.0 ], [ -0.5, -0.809017, -0.309017, 0.0, 0.809017, -0.309017, -0.5, 0.0, 0.309017, -0.5, 0.809017, 0.0, 0.0, 0.0, 0.0, 1.0 ], [ 0.309017, -0.5, 0.809017, 0.0, 0.5, 0.809017, 0.309017, 0.0, -0.809017, 0.309017, 0.5, 0.0, 0.0, 0.0, 0.0, 1.0 ], [ -0.809017, 0.309017, 0.5, 0.0, -0.309017, 0.5, -0.809017, 0.0, -0.5, -0.809017, -0.309017, 0.0, 0.0, 0.0, 0.0, 1.0 ], [ -0.5, -0.809017, 0.309017, 0.0, 0.809017, -0.309017, 0.5, 0.0, -0.309017, 0.5, 0.809017, 0.0, 0.0, 0.0, 0.0, 1.0 ], [ -0.309017, 0.5, 0.809017, 0.0, 0.5, 0.809017, -0.309017, 0.0, -0.809017, 0.309017, -0.5, 0.0, 0.0, 0.0, 0.0, 1.0 ], [ -0.809017, 0.309017, -0.5, 0.0, 0.309017, -0.5, -0.809017, 0.0, -0.5, -0.809017, 0.309017, 0.0, 0.0, 0.0, 0.0, 1.0 ], [ -0.809017, -0.309017, 0.5, 0.0, 0.309017, 0.5, 0.809017, 0.0, -0.5, 0.809017, -0.309017, 0.0, 0.0, 0.0, 0.0, 1.0 ], [ -0.5, 0.809017, -0.309017, 0.0, 0.809017, 0.309017, -0.5, 0.0, -0.309017, -0.5, -0.809017, 0.0, 0.0, 0.0, 0.0, 1.0 ], [ -0.309017, -0.5, -0.809017, 0.0, 0.5, -0.809017, 0.309017, 0.0, -0.809017, -0.309017, 0.5, 0.0, 0.0, 0.0, 0.0, 1.0 ] ],
  "lights" : {
    "backgroundColor" : "#AFC8DC",
    "ambientColor" : "#292929",
    "directionalLights" : [ {
      "direction" : {
        "x" : 1.0,
        "y" : -1.0,
        "z" : -1.0
      },
      "color" : "#EBEBE4"
    }, {
      "direction" : {
        "x" : -1.0,
        "y" : 0.0,
        "z" : 0.0
      },
      "color" : "#E4E4EB"
    }, {
      "direction" : {
        "x" : 0.0,
        "y" : 0.0,
        "z" : -1.0
      },
      "color" : "#1E1E1E"
    } ]
  },
  "camera" : {
    "perspective" : true,
    "viewDistance" : 162.208,
    "nearClipDistance" : 0.40552017,
    "farClipDistance" : 324.41592,
    "lookAtPoint" : {
      "x" : 0.0,
      "y" : 0.0,
      "z" : 0.0
    },
    "fieldOfView" : 0.44262892,
    "lookDirection" : {
      "x" : -0.8846691,
      "y" : 0.4605341,
      "z" : -0.07257416
    },
    "upDirection" : {
      "x" : -0.3849799,
      "y" : -0.63381153,
      "z" : 0.6708744
    },
    "stereo" : false,
    "width" : 72.99361,
    "position" : {
      "x" : 143.5004,
      "y" : -74.70231,
      "z" : 11.772109
    }
  },
  "embedding" : [ 1.0, 0.0, 0.0, 0.0, 0.0, 1.0, 0.0, 0.0, 0.0, 0.0, 1.0, 0.0, 0.0, 0.0, 0.0, 1.0 ],
  "shapes" : [ {
    "id" : "db3c07a5-070b-45d4-924e-94fbe72db15d",
    "vertices" : [ {
      "x" : 0.690983,
      "y" : 0.809017,
      "z" : 0.0
    }, {
      "x" : 0.809017,
      "y" : 0.618034,
      "z" : -0.309017
    }, {
      "x" : 0.809017,
      "y" : 0.618034,
      "z" : 0.309017
    }, {
      "x" : 1.0,
      "y" : 0.309017,
      "z" : -0.19098301
    }, {
      "x" : 1.0,
      "y" : 0.309017,
      "z" : 0.19098301
    }, {
      "x" : 1.618034,
      "y" : 0.42705098,
      "z" : -0.309017
    }, {
      "x" : 1.618034,
      "y" : 0.42705098,
      "z" : 0.309017
    }, {
      "x" : 1.618034,
      "y" : 0.809017,
      "z" : -0.309017
    }, {
      "x" : 1.618034,
      "y" : 0.809017,
      "z" : 0.309017
    }, {
      "x" : 5.236068,
      "y" : 1.809017,
      "z" : -0.309017
    }, {
      "x" : 5.236068,
      "y" : 1.809017,
      "z" : 0.309017
    }, {
      "x" : 5.236068,
      "y" : 2.190983,
      "z" : -0.309017
    }, {
      "x" : 5.236068,
      "y" : 2.190983,
      "z" : 0.309017
    }, {
      "x" : 5.854102,
      "y" : 2.309017,
      "z" : -0.19098301
    }, {
      "x" : 5.854102,
      "y" : 2.309017,
      "z" : 0.19098301
    }, {
      "x" : 6.045085,
      "y" : 2.0,
      "z" : -0.309017
    }, {
      "x" : 6.045085,
      "y" : 2.0,
      "z" : 0.309017
    }, {
      "x" : 6.163119,
      "y" : 1.809017,
      "z" : 0.0
    }, {
      "x" : 6.854102,
      "y" : 2.618034,
      "z" : 0.0
    } ],
    "faces" : [ {
      "vertices" : [ 5, 7, 11 ]
    }, {
      "vertices" : [ 5, 11, 9 ]
    }, {
      "vertices" : [ 9, 11, 15 ]
    }, {
      "vertices" : [ 9, 17, 10 ]
    }, {
      "vertices" : [ 6, 10, 12 ]
    }, {
      "vertices" : [ 6, 12, 8 ]
    }, {
      "vertices" : [ 10, 16, 12 ]
    }, {
      "vertices" : [ 7, 8, 12 ]
    }, {
      "vertices" : [ 7, 12, 11 ]
    }, {
      "vertices" : [ 11, 13, 15 ]
    }, {
      "vertices" : [ 0, 7, 1 ]
    }, {
      "vertices" : [ 1, 5, 3 ]
    }, {
      "vertices" : [ 9, 15, 17 ]
    }, {
      "vertices" : [ 0, 2, 8 ]
    }, {
      "vertices" : [ 12, 16, 14 ]
    }, {
      "vertices" : [ 0, 1, 3 ]
    }, {
      "vertices" : [ 0, 3, 4 ]
    }, {
      "vertices" : [ 0, 4, 2 ]
    }, {
      "vertices" : [ 10, 17, 16 ]
    }, {
      "vertices" : [ 13, 14, 16 ]
    }, {
      "vertices" : [ 13, 16, 17 ]
    }, {
      "vertices" : [ 13, 17, 15 ]
    }, {
      "vertices" : [ 2, 4, 6 ]
    }, {
      "vertices" : [ 1, 7, 5 ]
    }, {
      "vertices" : [ 0, 8, 7 ]
    }, {
      "vertices" : [ 2, 6, 8 ]
    }, {
      "vertices" : [ 3, 5, 6 ]
    }, {
      "vertices" : [ 3, 6, 4 ]
    }, {
      "vertices" : [ 11, 12, 14 ]
    }, {
      "vertices" : [ 11, 14, 13 ]
    }, {
      "vertices" : [ 5, 9, 10 ]
    }, {
      "vertices" : [ 5, 10, 6 ]
    } ]
  }, {
    "id" : "4c21f1e8-12bf-43f1-a0a0-832442c20ec9",
    "vertices" : [ {
      "x" : 0.309017,
      "y" : -0.809017,
      "z" : 0.618034
    }, {
      "x" : 0.809017,
      "y" : -0.618034,
      "z" : 0.309017
    }, {
      "x" : 0.618034,
      "y" : -0.309017,
      "z" : 0.809017
    }, {
      "x" : 1.0,
      "y" : 0.309017,
      "z" : 0.19098301
    }, {
      "x" : 0.809017,
      "y" : 0.618034,
      "z" : 0.309017
    }, {
      "x" : 0.618034,
      "y" : 0.309017,
      "z" : 0.809017
    }, {
      "x" : 0.809017,
      "y" : 0.0,
      "z" : 0.690983
    }, {
      "x" : 0.19098301,
      "y" : -1.0,
      "z" : 0.309017
    }, {
      "x" : -0.19098301,
      "y" : -1.0,
      "z" : 0.309017
    }, {
      "x" : -0.19098301,
      "y" : -1.0,
      "z" : -0.309017
    }, {
      "x" : 0.19098301,
      "y" : -1.0,
      "z" : -0.309017
    }, {
      "x" : 1.0,
      "y" : -0.309017,
      "z" : -0.19098301
    }, {
      "x" : 0.809017,
      "y" : -0.618034,
      "z" : -0.309017
    }, {
      "x" : 0.618034,
      "y" : -0.309017,
      "z" : -0.809017
    }, {
      "x" : 0.809017,
      "y" : 0.0,
      "z" : -0.690983
    }, {
      "x" : 0.0,
      "y" : 0.690983,
      "z" : -0.809017
    }, {
      "x" : 0.309017,
      "y" : 0.809017,
      "z" : -0.618034
    }, {
      "x" : 0.618034,
      "y" : 0.309017,
      "z" : -0.809017
    }, {
      "x" : 0.309017,
      "y" : 0.19098301,
      "z" : -1.0
    }, {
      "x" : 1.0,
      "y" : 0.309017,
      "z" : -0.19098301
    }, {
      "x" : -0.309017,
      "y" : -0.809017,
      "z" : 0.618034
    }, {
      "x" : 0.0,
      "y" : -0.690983,
      "z" : 0.809017
    }, {
      "x" : 0.809017,
      "y" : 0.618034,
      "z" : -0.309017
    }, {
      "x" : 0.690983,
      "y" : 0.809017,
      "z" : 0.0
    }, {
      "x" : -0.690983,
      "y" : 0.809017,
      "z" : 0.0
    }, {
      "x" : -0.809017,
      "y" : 0.618034,
      "z" : 0.309017
    }, {
      "x" : -0.309017,
      "y" : 0.809017,
      "z" : 0.618034
    }, {
      "x" : -0.19098301,
      "y" : 1.0,
      "z" : 0.309017
    }, {
      "x" : 0.309017,
      "y" : -0.19098301,
      "z" : -1.0
    }, {
      "x" : 0.19098301,
      "y" : 1.0,
      "z" : 0.309017
    }, {
      "x" : 0.309017,
      "y" : 0.809017,
      "z" : 0.618034
    }, {
      "x" : -0.809017,
      "y" : -0.618034,
      "z" : 0.309017
    }, {
      "x" : -0.690983,
      "y" : -0.809017,
      "z" : 0.0
    }, {
      "x" : 0.0,
      "y" : 0.690983,
      "z" : 0.809017
    }, {
      "x" : 0.309017,
      "y" : -0.809017,
      "z" : -0.618034
    }, {
      "x" : 0.0,
      "y" : -0.690983,
      "z" : -0.809017
    }, {
      "x" : -1.0,
      "y" : 0.309017,
      "z" : 0.19098301
    }, {
      "x" : -0.809017,
      "y" : 0.0,
      "z" : 0.690983
    }, {
      "x" : -0.618034,
      "y" : 0.309017,
      "z" : 0.809017
    }, {
      "x" : 1.0,
      "y" : -0.309017,
      "z" : 0.19098301
    }, {
      "x" : -0.309017,
      "y" : -0.809017,
      "z" : -0.618034
    }, {
      "x" : -1.0,
      "y" : 0.309017,
      "z" : -0.19098301
    }, {
      "x" : -1.0,
      "y" : -0.309017,
      "z" : -0.19098301
    }, {
      "x" : -1.0,
      "y" : -0.309017,
      "z" : 0.19098301
    }, {
      "x" : 0.19098301,
      "y" : 1.0,
      "z" : -0.309017
    }, {
      "x" : -0.809017,
      "y" : 0.618034,
      "z" : -0.309017
    }, {
      "x" : -0.19098301,
      "y" : 1.0,
      "z" : -0.309017
    }, {
      "x" : -0.309017,
      "y" : 0.809017,
      "z" : -0.618034
    }, {
      "x" : -0.618034,
      "y" : -0.309017,
      "z" : 0.809017
    }, {
      "x" : 0.309017,
      "y" : 0.19098301,
      "z" : 1.0
    }, {
      "x" : -0.309017,
      "y" : 0.19098301,
      "z" : -1.0
    }, {
      "x" : -0.309017,
      "y" : 0.19098301,
      "z" : 1.0
    }, {
      "x" : -0.309017,
      "y" : -0.19098301,
      "z" : 1.0
    }, {
      "x" : 0.309017,
      "y" : -0.19098301,
      "z" : 1.0
    }, {
      "x" : 0.690983,
      "y" : -0.809017,
      "z" : 0.0
    }, {
      "x" : -0.809017,
      "y" : 0.0,
      "z" : -0.690983
    }, {
      "x" : -0.618034,
      "y" : -0.309017,
      "z" : -0.809017
    }, {
      "x" : -0.309017,
      "y" : -0.19098301,
      "z" : -1.0
    }, {
      "x" : -0.618034,
      "y" : 0.309017,
      "z" : -0.809017
    }, {
      "x" : -0.809017,
      "y" : -0.618034,
      "z" : -0.309017
    } ],
    "faces" : [ {
      "vertices" : [ 9, 40, 35 ]
    }, {
      "vertices" : [ 9, 35, 34 ]
    }, {
      "vertices" : [ 9, 34, 10 ]
    }, {
      "vertices" : [ 0, 1, 2 ]
    }, {
      "vertices" : [ 33, 51, 49 ]
    }, {
      "vertices" : [ 25, 36, 37 ]
    }, {
      "vertices" : [ 25, 37, 38 ]
    }, {
      "vertices" : [ 41, 55, 42 ]
    }, {
      "vertices" : [ 9, 32, 59 ]
    }, {
      "vertices" : [ 9, 59, 40 ]
    }, {
      "vertices" : [ 20, 21, 52 ]
    }, {
      "vertices" : [ 20, 52, 48 ]
    }, {
      "vertices" : [ 26, 33, 30 ]
    }, {
      "vertices" : [ 26, 30, 29 ]
    }, {
      "vertices" : [ 26, 29, 27 ]
    }, {
      "vertices" : [ 3, 4, 5 ]
    }, {
      "vertices" : [ 3, 5, 6 ]
    }, {
      "vertices" : [ 27, 29, 44 ]
    }, {
      "vertices" : [ 27, 44, 46 ]
    }, {
      "vertices" : [ 50, 57, 56 ]
    }, {
      "vertices" : [ 50, 56, 55 ]
    }, {
      "vertices" : [ 50, 55, 58 ]
    }, {
      "vertices" : [ 26, 38, 51 ]
    }, {
      "vertices" : [ 26, 51, 33 ]
    }, {
      "vertices" : [ 45, 47, 58 ]
    }, {
      "vertices" : [ 18, 28, 57 ]
    }, {
      "vertices" : [ 18, 57, 50 ]
    }, {
      "vertices" : [ 40, 59, 56 ]
    }, {
      "vertices" : [ 31, 48, 37 ]
    }, {
      "vertices" : [ 31, 37, 43 ]
    }, {
      "vertices" : [ 7, 8, 9 ]
    }, {
      "vertices" : [ 7, 9, 10 ]
    }, {
      "vertices" : [ 36, 41, 42 ]
    }, {
      "vertices" : [ 36, 42, 43 ]
    }, {
      "vertices" : [ 24, 46, 47 ]
    }, {
      "vertices" : [ 24, 47, 45 ]
    }, {
      "vertices" : [ 4, 30, 5 ]
    }, {
      "vertices" : [ 15, 47, 46 ]
    }, {
      "vertices" : [ 15, 46, 44 ]
    }, {
      "vertices" : [ 15, 44, 16 ]
    }, {
      "vertices" : [ 15, 50, 58 ]
    }, {
      "vertices" : [ 15, 58, 47 ]
    }, {
      "vertices" : [ 24, 45, 41 ]
    }, {
      "vertices" : [ 24, 41, 36 ]
    }, {
      "vertices" : [ 24, 36, 25 ]
    }, {
      "vertices" : [ 11, 14, 19 ]
    }, {
      "vertices" : [ 3, 6, 39 ]
    }, {
      "vertices" : [ 1, 39, 6 ]
    }, {
      "vertices" : [ 1, 6, 2 ]
    }, {
      "vertices" : [ 8, 32, 9 ]
    }, {
      "vertices" : [ 11, 12, 13 ]
    }, {
      "vertices" : [ 11, 13, 14 ]
    }, {
      "vertices" : [ 16, 22, 17 ]
    }, {
      "vertices" : [ 0, 21, 20 ]
    }, {
      "vertices" : [ 0, 20, 8 ]
    }, {
      "vertices" : [ 0, 8, 7 ]
    }, {
      "vertices" : [ 12, 34, 13 ]
    }, {
      "vertices" : [ 35, 40, 56 ]
    }, {
      "vertices" : [ 35, 56, 57 ]
    }, {
      "vertices" : [ 0, 7, 54 ]
    }, {
      "vertices" : [ 0, 54, 1 ]
    }, {
      "vertices" : [ 15, 16, 17 ]
    }, {
      "vertices" : [ 15, 17, 18 ]
    }, {
      "vertices" : [ 3, 19, 22 ]
    }, {
      "vertices" : [ 3, 22, 23 ]
    }, {
      "vertices" : [ 3, 23, 4 ]
    }, {
      "vertices" : [ 7, 10, 54 ]
    }, {
      "vertices" : [ 41, 45, 58 ]
    }, {
      "vertices" : [ 41, 58, 55 ]
    }, {
      "vertices" : [ 3, 39, 11 ]
    }, {
      "vertices" : [ 3, 11, 19 ]
    }, {
      "vertices" : [ 14, 17, 22 ]
    }, {
      "vertices" : [ 14, 22, 19 ]
    }, {
      "vertices" : [ 0, 2, 53 ]
    }, {
      "vertices" : [ 0, 53, 21 ]
    }, {
      "vertices" : [ 49, 51, 52 ]
    }, {
      "vertices" : [ 49, 52, 53 ]
    }, {
      "vertices" : [ 31, 43, 42 ]
    }, {
      "vertices" : [ 31, 42, 59 ]
    }, {
      "vertices" : [ 31, 59, 32 ]
    }, {
      "vertices" : [ 15, 18, 50 ]
    }, {
      "vertices" : [ 42, 55, 56 ]
    }, {
      "vertices" : [ 42, 56, 59 ]
    }, {
      "vertices" : [ 4, 23, 29 ]
    }, {
      "vertices" : [ 4, 29, 30 ]
    }, {
      "vertices" : [ 25, 38, 26 ]
    }, {
      "vertices" : [ 13, 28, 18 ]
    }, {
      "vertices" : [ 13, 18, 17 ]
    }, {
      "vertices" : [ 13, 17, 14 ]
    }, {
      "vertices" : [ 8, 20, 31 ]
    }, {
      "vertices" : [ 8, 31, 32 ]
    }, {
      "vertices" : [ 23, 44, 29 ]
    }, {
      "vertices" : [ 24, 27, 46 ]
    }, {
      "vertices" : [ 37, 48, 52 ]
    }, {
      "vertices" : [ 37, 52, 51 ]
    }, {
      "vertices" : [ 37, 51, 38 ]
    }, {
      "vertices" : [ 20, 48, 31 ]
    }, {
      "vertices" : [ 24, 25, 26 ]
    }, {
      "vertices" : [ 24, 26, 27 ]
    }, {
      "vertices" : [ 16, 44, 23 ]
    }, {
      "vertices" : [ 16, 23, 22 ]
    }, {
      "vertices" : [ 13, 34, 35 ]
    }, {
      "vertices" : [ 13, 35, 28 ]
    }, {
      "vertices" : [ 10, 34, 12 ]
    }, {
      "vertices" : [ 10, 12, 54 ]
    }, {
      "vertices" : [ 2, 6, 5 ]
    }, {
      "vertices" : [ 2, 5, 49 ]
    }, {
      "vertices" : [ 2, 49, 53 ]
    }, {
      "vertices" : [ 36, 43, 37 ]
    }, {
      "vertices" : [ 5, 30, 33 ]
    }, {
      "vertices" : [ 5, 33, 49 ]
    }, {
      "vertices" : [ 1, 54, 12 ]
    }, {
      "vertices" : [ 1, 12, 11 ]
    }, {
      "vertices" : [ 1, 11, 39 ]
    }, {
      "vertices" : [ 28, 35, 57 ]
    }, {
      "vertices" : [ 21, 53, 52 ]
    } ]
  }, {
    "id" : "bdea92cb-1204-4b52-92b7-7603d91aa16b",
    "vertices" : [ {
      "x" : 0.559017,
      "y" : 0.4045085,
      "z" : 0.7725425
    }, {
      "x" : 0.5,
      "y" : 0.38196602,
      "z" : 0.809017
    }, {
      "x" : 0.309017,
      "y" : 0.309017,
      "z" : 0.927051
    }, {
      "x" : 0.25,
      "y" : 0.2864745,
      "z" : 0.9635255
    }, {
      "x" : 0.309017,
      "y" : 0.809017,
      "z" : 0.618034
    }, {
      "x" : 0.0,
      "y" : 0.690983,
      "z" : 0.809017
    }, {
      "x" : 0.042572472,
      "y" : 0.5570832,
      "z" : 1.7245873
    }, {
      "x" : 0.6101011,
      "y" : 0.8590048,
      "z" : 1.5278641
    }, {
      "x" : 0.46420303,
      "y" : 0.80327666,
      "z" : 1.618034
    }, {
      "x" : 0.14589803,
      "y" : 0.681695,
      "z" : 1.8147573
    }, {
      "x" : 0.14589803,
      "y" : 1.318305,
      "z" : 1.4213107
    }, {
      "x" : -0.17240697,
      "y" : 1.1967233,
      "z" : 1.618034
    }, {
      "x" : 0.981424,
      "y" : 4.3483615,
      "z" : 7.354102
    }, {
      "x" : 0.66311896,
      "y" : 4.22678,
      "z" : 7.550825
    }, {
      "x" : 0.66311896,
      "y" : 4.86339,
      "z" : 7.1573787
    }, {
      "x" : 0.34481394,
      "y" : 4.7418084,
      "z" : 7.354102
    }, {
      "x" : 0.809017,
      "y" : 4.854102,
      "z" : 8.163119
    }, {
      "x" : 0.5,
      "y" : 4.736068,
      "z" : 8.354102
    }, {
      "x" : 0.559017,
      "y" : 5.2586102,
      "z" : 8.008611
    }, {
      "x" : 0.25,
      "y" : 5.1405764,
      "z" : 8.199594
    }, {
      "x" : 0.809017,
      "y" : 5.545085,
      "z" : 8.972136
    } ],
    "faces" : [ {
      "vertices" : [ 13, 17, 19 ]
    }, {
      "vertices" : [ 13, 19, 15 ]
    }, {
      "vertices" : [ 14, 15, 19 ]
    }, {
      "vertices" : [ 14, 19, 18 ]
    }, {
      "vertices" : [ 16, 18, 19 ]
    }, {
      "vertices" : [ 16, 19, 17 ]
    }, {
      "vertices" : [ 0, 7, 1 ]
    }, {
      "vertices" : [ 8, 12, 13 ]
    }, {
      "vertices" : [ 8, 13, 9 ]
    }, {
      "vertices" : [ 0, 4, 7 ]
    }, {
      "vertices" : [ 2, 6, 3 ]
    }, {
      "vertices" : [ 0, 3, 5 ]
    }, {
      "vertices" : [ 0, 5, 4 ]
    }, {
      "vertices" : [ 8, 10, 14 ]
    }, {
      "vertices" : [ 8, 14, 12 ]
    }, {
      "vertices" : [ 3, 6, 5 ]
    }, {
      "vertices" : [ 1, 7, 8 ]
    }, {
      "vertices" : [ 9, 13, 15 ]
    }, {
      "vertices" : [ 9, 15, 11 ]
    }, {
      "vertices" : [ 2, 9, 6 ]
    }, {
      "vertices" : [ 10, 11, 15 ]
    }, {
      "vertices" : [ 10, 15, 14 ]
    }, {
      "vertices" : [ 1, 8, 9 ]
    }, {
      "vertices" : [ 1, 9, 2 ]
    }, {
      "vertices" : [ 4, 10, 7 ]
    }, {
      "vertices" : [ 5, 6, 11 ]
    }, {
      "vertices" : [ 7, 10, 8 ]
    }, {
      "vertices" : [ 6, 9, 11 ]
    }, {
      "vertices" : [ 12, 16, 17 ]
    }, {
      "vertices" : [ 12, 17, 13 ]
    }, {
      "vertices" : [ 12, 14, 18 ]
    }, {
      "vertices" : [ 12, 18, 16 ]
    }, {
      "vertices" : [ 4, 5, 11 ]
    }, {
      "vertices" : [ 4, 11, 10 ]
    } ]
  }, {
    "id" : "2c7ab937-7192-45c2-9624-ab3d012645d8",
    "vertices" : [ {
      "x" : 1.0,
      "y" : -0.309017,
      "z" : -0.19098301
    }, {
      "x" : 0.809017,
      "y" : 0.0,
      "z" : -0.690983
    }, {
      "x" : 1.0,
      "y" : 0.309017,
      "z" : -0.19098301
    }, {
      "x" : 1.809017,
      "y" : 0.0,
      "z" : -0.309017
    }, {
      "x" : 1.618034,
      "y" : 0.309017,
      "z" : -0.809017
    }, {
      "x" : 2.0,
      "y" : 0.309017,
      "z" : -0.19098301
    }, {
      "x" : 1.809017,
      "y" : 0.618034,
      "z" : -0.690983
    }, {
      "x" : 5.854102,
      "y" : 0.690983,
      "z" : -1.427051
    }, {
      "x" : 5.663119,
      "y" : 1.0,
      "z" : -1.927051
    }, {
      "x" : 6.045085,
      "y" : 1.0,
      "z" : -1.309017
    }, {
      "x" : 5.854102,
      "y" : 1.309017,
      "z" : -1.809017
    }, {
      "x" : 6.663119,
      "y" : 1.0,
      "z" : -1.927051
    }, {
      "x" : 6.854102,
      "y" : 1.309017,
      "z" : -1.427051
    }, {
      "x" : 6.663119,
      "y" : 1.618034,
      "z" : -1.927051
    }, {
      "x" : 7.663119,
      "y" : 1.309017,
      "z" : -2.118034
    } ],
    "faces" : [ {
      "vertices" : [ 8, 13, 11 ]
    }, {
      "vertices" : [ 2, 5, 9 ]
    }, {
      "vertices" : [ 2, 9, 10 ]
    }, {
      "vertices" : [ 2, 10, 6 ]
    }, {
      "vertices" : [ 3, 4, 8 ]
    }, {
      "vertices" : [ 3, 8, 11 ]
    }, {
      "vertices" : [ 3, 11, 7 ]
    }, {
      "vertices" : [ 0, 2, 1 ]
    }, {
      "vertices" : [ 11, 13, 12 ]
    }, {
      "vertices" : [ 0, 5, 2 ]
    }, {
      "vertices" : [ 0, 3, 5 ]
    }, {
      "vertices" : [ 0, 1, 4 ]
    }, {
      "vertices" : [ 0, 4, 3 ]
    }, {
      "vertices" : [ 1, 2, 6 ]
    }, {
      "vertices" : [ 1, 6, 4 ]
    }, {
      "vertices" : [ 9, 12, 13 ]
    }, {
      "vertices" : [ 9, 13, 10 ]
    }, {
      "vertices" : [ 3, 7, 9 ]
    }, {
      "vertices" : [ 3, 9, 5 ]
    }, {
      "vertices" : [ 7, 12, 9 ]
    }, {
      "vertices" : [ 4, 6, 10 ]
    }, {
      "vertices" : [ 4, 10, 8 ]
    }, {
      "vertices" : [ 7, 11, 12 ]
    }, {
      "vertices" : [ 8, 10, 13 ]
    } ]
  } ],
  "instances" : [ {
    "shape" : "db3c07a5-070b-45d4-924e-94fbe72db15d",
    "color" : "#6C00C6",
    "position" : {
      "x" : 2.118034,
      "y" : -10.281153,
      "z" : -16.635256
    },
    "orientation" : 57
  }, {
    "shape" : "4c21f1e8-12bf-43f1-a0a0-832442c20ec9",
    "color" : "#FFFFFF",
    "position" : {
      "x" : 2.118034,
      "y" : -3.427051,
      "z" : -19.253288
    }
  }, {
    "shape" : "bdea92cb-1204-4b52-92b7-7603d91aa16b",
    "color" : "#74C300",
    "position" : {
      "x" : -7.663119,
      "y" : -12.399187,
      "z" : -13.208204
    },
    "orientation" : 55
  }, {
    "shape" : "4c21f1e8-12bf-43f1-a0a0-832442c20ec9",
    "color" : "#FFFFFF",
    "position" : {
      "x" : 6.854102,
      "y" : 17.944271,
      "z" : -4.236068
    }
  }, {
    "shape" : "bdea92cb-1204-4b52-92b7-7603d91aa16b",
    "color" : "#74C300",
    "position" : {
      "x" : 8.972136,
      "y" : 14.5172205,
      "z" : 9.781153
    },
    "orientation" : 23
  }, {
    "shape" : "bdea92cb-1204-4b52-92b7-7603d91aa16b",
    "color" : "#74C300",
    "position" : {
      "x" : 9.781153,
      "y" : 8.972136,
      "z" : 14.5172205
    },
    "orientation" : 51
  }, {
    "shape" : "bdea92cb-1204-4b52-92b7-7603d91aa16b",
    "color" : "#74C300",
    "position" : {
      "x" : 9.781153,
      "y" : -8.972136,
      "z" : -14.5172205
    },
    "orientation" : 36
  }, {
    "shape" : "bdea92cb-1204-4b52-92b7-7603d91aa16b",
    "color" : "#74C300",
    "position" : {
      "x" : 6.854102,
      "y" : 17.944271,
      "z" : -4.236068
    },
    "orientation" : 15
  }, {
    "shape" : "2c7ab937-7192-45c2-9624-ab3d012645d8",
    "color" : "#DC4C00",
    "position" : {
      "x" : -12.399187,
      "y" : -13.208204,
      "z" : -7.663119
    },
    "orientation" : 18
  }, {
    "shape" : "db3c07a5-070b-45d4-924e-94fbe72db15d",
    "color" : "#6C00C6",
    "position" : {
      "x" : 2.118034,
      "y" : -10.281153,
      "z" : -16.635256
    },
    "orientation" : 46
  }, {
    "shape" : "bdea92cb-1204-4b52-92b7-7603d91aa16b",
    "color" : "#74C300",
    "position" : {
      "x" : 19.253288,
      "y" : -2.118034,
      "z" : -3.427051
    },
    "orientation" : 13
  }, {
    "shape" : "db3c07a5-070b-45d4-924e-94fbe72db15d",
    "color" : "#6C00C6",
    "position" : {
      "x" : -12.399187,
      "y" : -13.208204,
      "z" : -7.663119
    },
    "orientation" : 23
  }, {
    "shape" : "4c21f1e8-12bf-43f1-a0a0-832442c20ec9",
    "color" : "#FFFFFF",
    "position" : {
      "x" : -2.118034,
      "y" : -3.427051,
      "z" : 19.253288
    }
  }, {
    "shape" : "2c7ab937-7192-45c2-9624-ab3d012645d8",
    "color" : "#DC4C00",
    "position" : {
      "x" : 9.781153,
      "y" : 8.972136,
      "z" : 14.5172205
    },
    "orientation" : 45
  }, {
    "shape" : "db3c07a5-070b-45d4-924e-94fbe72db15d",
    "color" : "#6C00C6",
    "position" : {
      "x" : 9.781153,
      "y" : -8.972136,
      "z" : -14.5172205
    },
    "orientation" : 8
  }, {
    "shape" : "bdea92cb-1204-4b52-92b7-7603d91aa16b",
    "color" : "#74C300",
    "position" : {
      "x" : 12.399187,
      "y" : 13.208204,
      "z" : -7.663119
    },
    "orientation" : 54
  }, {
    "shape" : "bdea92cb-1204-4b52-92b7-7603d91aa16b",
    "color" : "#74C300",
    "position" : {
      "x" : 2.118034,
      "y" : 3.427051,
      "z" : 19.253288
    },
    "orientation" : 42
  }, {
    "shape" : "4c21f1e8-12bf-43f1-a0a0-832442c20ec9",
    "color" : "#FFFFFF",
    "position" : {
      "x" : -12.399187,
      "y" : -13.208204,
      "z" : -7.663119
    }
  }, {
    "shape" : "bdea92cb-1204-4b52-92b7-7603d91aa16b",
    "color" : "#74C300",
    "position" : {
      "x" : 14.5172205,
      "y" : -9.781153,
      "z" : -8.972136
    },
    "orientation" : 52
  }, {
    "shape" : "bdea92cb-1204-4b52-92b7-7603d91aa16b",
    "color" : "#74C300",
    "position" : {
      "x" : -9.781153,
      "y" : -8.972136,
      "z" : 14.5172205
    },
    "orientation" : 21
  }, {
    "shape" : "db3c07a5-070b-45d4-924e-94fbe72db15d",
    "color" : "#6C00C6",
    "position" : {
      "x" : 12.399187,
      "y" : 13.208204,
      "z" : -7.663119
    },
    "orientation" : 25
  }, {
    "shape" : "bdea92cb-1204-4b52-92b7-7603d91aa16b",
    "color" : "#74C300",
    "position" : {
      "x" : -2.118034,
      "y" : -3.427051,
      "z" : 19.253288
    },
    "orientation" : 12
  }, {
    "shape" : "db3c07a5-070b-45d4-924e-94fbe72db15d",
    "color" : "#6C00C6",
    "position" : {
      "x" : 13.208204,
      "y" : -7.663119,
      "z" : 12.399187
    },
    "orientation" : 22
  }, {
    "shape" : "4c21f1e8-12bf-43f1-a0a0-832442c20ec9",
    "color" : "#FFFFFF",
    "position" : {
      "x" : 12.399187,
      "y" : 13.208204,
      "z" : -7.663119
    }
  }, {
    "shape" : "bdea92cb-1204-4b52-92b7-7603d91aa16b",
    "color" : "#74C300",
    "position" : {
      "x" : 13.208204,
      "y" : -7.663119,
      "z" : 12.399187
    },
    "orientation" : 26
  }, {
    "shape" : "bdea92cb-1204-4b52-92b7-7603d91aa16b",
    "color" : "#74C300",
    "position" : {
      "x" : 2.118034,
      "y" : -3.427051,
      "z" : -19.253288
    },
    "orientation" : 57
  }, {
    "shape" : "db3c07a5-070b-45d4-924e-94fbe72db15d",
    "color" : "#6C00C6",
    "position" : {
      "x" : -4.236068,
      "y" : 6.854102,
      "z" : 17.944271
    },
    "orientation" : 3
  }, {
    "shape" : "db3c07a5-070b-45d4-924e-94fbe72db15d",
    "color" : "#6C00C6",
    "position" : {
      "x" : 17.944271,
      "y" : 4.236068,
      "z" : -6.854102
    },
    "orientation" : 19
  }, {
    "shape" : "db3c07a5-070b-45d4-924e-94fbe72db15d",
    "color" : "#6C00C6",
    "position" : {
      "x" : -6.854102,
      "y" : -17.944271,
      "z" : -4.236068
    },
    "orientation" : 5
  }, {
    "shape" : "bdea92cb-1204-4b52-92b7-7603d91aa16b",
    "color" : "#74C300",
    "position" : {
      "x" : -2.118034,
      "y" : -10.281153,
      "z" : 16.635256
    },
    "orientation" : 48
  }, {
    "shape" : "db3c07a5-070b-45d4-924e-94fbe72db15d",
    "color" : "#6C00C6",
    "position" : {
      "x" : 6.854102,
      "y" : -17.944271,
      "z" : 4.236068
    },
    "orientation" : 20
  }, {
    "shape" : "bdea92cb-1204-4b52-92b7-7603d91aa16b",
    "color" : "#74C300",
    "position" : {
      "x" : -13.208204,
      "y" : -7.663119,
      "z" : -12.399187
    },
    "orientation" : 41
  }, {
    "shape" : "2c7ab937-7192-45c2-9624-ab3d012645d8",
    "color" : "#DC4C00",
    "position" : {
      "x" : 6.854102,
      "y" : -17.944271,
      "z" : 4.236068
    },
    "orientation" : 9
  }, {
    "shape" : "2c7ab937-7192-45c2-9624-ab3d012645d8",
    "color" : "#DC4C00",
    "position" : {
      "x" : -8.972136,
      "y" : -14.5172205,
      "z" : 9.781153
    },
    "orientation" : 47
  }, {
    "shape" : "bdea92cb-1204-4b52-92b7-7603d91aa16b",
    "color" : "#74C300",
    "position" : {
      "x" : 4.236068,
      "y" : -6.854102,
      "z" : 17.944271
    },
    "orientation" : 16
  }, {
    "shape" : "db3c07a5-070b-45d4-924e-94fbe72db15d",
    "color" : "#6C00C6",
    "position" : {
      "x" : -16.635256,
      "y" : -2.118034,
      "z" : 10.281153
    },
    "orientation" : 58
  }, {
    "shape" : "4c21f1e8-12bf-43f1-a0a0-832442c20ec9",
    "color" : "#FFFFFF",
    "position" : {
      "x" : -16.635256,
      "y" : 2.118034,
      "z" : -10.281153
    }
  }, {
    "shape" : "bdea92cb-1204-4b52-92b7-7603d91aa16b",
    "color" : "#74C300",
    "position" : {
      "x" : -3.427051,
      "y" : -19.253288,
      "z" : 2.118034
    },
    "orientation" : 29
  }, {
    "shape" : "db3c07a5-070b-45d4-924e-94fbe72db15d",
    "color" : "#6C00C6",
    "position" : {
      "x" : -7.663119,
      "y" : -12.399187,
      "z" : -13.208204
    },
    "orientation" : 51
  }, {
    "shape" : "2c7ab937-7192-45c2-9624-ab3d012645d8",
    "color" : "#DC4C00",
    "position" : {
      "x" : 4.236068,
      "y" : -6.854102,
      "z" : 17.944271
    },
    "orientation" : 25
  }, {
    "shape" : "bdea92cb-1204-4b52-92b7-7603d91aa16b",
    "color" : "#74C300",
    "position" : {
      "x" : -13.208204,
      "y" : 7.663119,
      "z" : 12.399187
    },
    "orientation" : 56
  }, {
    "shape" : "4c21f1e8-12bf-43f1-a0a0-832442c20ec9",
    "color" : "#FFFFFF",
    "position" : {
      "x" : 16.635256,
      "y" : 2.118034,
      "z" : 10.281153
    }
  }, {
    "shape" : "4c21f1e8-12bf-43f1-a0a0-832442c20ec9",
    "color" : "#FFFFFF",
    "position" : {
      "x" : 2.118034,
      "y" : -10.281153,
      "z" : -16.635256
    }
  }, {
    "shape" : "db3c07a5-070b-45d4-924e-94fbe72db15d",
    "color" : "#6C00C6",
    "position" : {
      "x" : 3.427051,
      "y" : 19.253288,
      "z" : 2.118034
    },
    "orientation" : 15
  }, {
    "shape" : "4c21f1e8-12bf-43f1-a0a0-832442c20ec9",
    "color" : "#FFFFFF",
    "position" : {
      "x" : -2.118034,
      "y" : -10.281153,
      "z" : 16.635256
    }
  }, {
    "shape" : "4c21f1e8-12bf-43f1-a0a0-832442c20ec9",
    "color" : "#FFFFFF",
    "position" : {
      "x" : 7.663119,
      "y" : 12.399187,
      "z" : -13.208204
    }
  }, {
    "shape" : "bdea92cb-1204-4b52-92b7-7603d91aa16b",
    "color" : "#74C300",
    "position" : {
      "x" : -16.635256,
      "y" : 2.118034,
      "z" : -10.281153
    },
    "orientation" : 4
  }, {
    "shape" : "bdea92cb-1204-4b52-92b7-7603d91aa16b",
    "color" : "#74C300",
    "position" : {
      "x" : -3.427051,
      "y" : 19.253288,
      "z" : -2.118034
    },
    "orientation" : 14
  }, {
    "shape" : "4c21f1e8-12bf-43f1-a0a0-832442c20ec9",
    "color" : "#FFFFFF",
    "position" : {
      "x" : -17.944271,
      "y" : 4.236068,
      "z" : 6.854102
    }
  }, {
    "shape" : "db3c07a5-070b-45d4-924e-94fbe72db15d",
    "color" : "#6C00C6",
    "position" : {
      "x" : -3.427051,
      "y" : 19.253288,
      "z" : -2.118034
    },
    "orientation" : 44
  }, {
    "shape" : "db3c07a5-070b-45d4-924e-94fbe72db15d",
    "color" : "#6C00C6",
    "position" : {
      "x" : -10.281153,
      "y" : 16.635256,
      "z" : -2.118034
    },
    "orientation" : 14
  }, {
    "shape" : "4c21f1e8-12bf-43f1-a0a0-832442c20ec9",
    "color" : "#FFFFFF",
    "position" : {
      "x" : 19.253288,
      "y" : -2.118034,
      "z" : -3.427051
    }
  }, {
    "shape" : "2c7ab937-7192-45c2-9624-ab3d012645d8",
    "color" : "#DC4C00",
    "position" : {
      "x" : -10.281153,
      "y" : 16.635256,
      "z" : -2.118034
    },
    "orientation" : 29
  }, {
    "shape" : "bdea92cb-1204-4b52-92b7-7603d91aa16b",
    "color" : "#74C300",
    "position" : {
      "x" : -8.972136,
      "y" : -14.5172205,
      "z" : 9.781153
    },
    "orientation" : 53
  }, {
    "shape" : "bdea92cb-1204-4b52-92b7-7603d91aa16b",
    "color" : "#74C300",
    "position" : {
      "x" : 10.281153,
      "y" : -16.635256,
      "z" : -2.118034
    },
    "orientation" : 50
  }, {
    "shape" : "bdea92cb-1204-4b52-92b7-7603d91aa16b",
    "color" : "#74C300",
    "position" : {
      "x" : 16.635256,
      "y" : 2.118034,
      "z" : 10.281153
    },
    "orientation" : 49
  }, {
    "shape" : "db3c07a5-070b-45d4-924e-94fbe72db15d",
    "color" : "#6C00C6",
    "position" : {
      "x" : 9.781153,
      "y" : 8.972136,
      "z" : 14.5172205
    },
    "orientation" : 23
  }, {
    "shape" : "db3c07a5-070b-45d4-924e-94fbe72db15d",
    "color" : "#6C00C6",
    "position" : {
      "x" : 17.944271,
      "y" : -4.236068,
      "z" : 6.854102
    },
    "orientation" : 4
  }, {
    "shape" : "2c7ab937-7192-45c2-9624-ab3d012645d8",
    "color" : "#DC4C00",
    "position" : {
      "x" : 2.118034,
      "y" : -10.281153,
      "z" : -16.635256
    },
    "orientation" : 12
  }, {
    "shape" : "2c7ab937-7192-45c2-9624-ab3d012645d8",
    "color" : "#DC4C00",
    "position" : {
      "x" : 7.663119,
      "y" : 12.399187,
      "z" : -13.208204
    },
    "orientation" : 19
  }, {
    "shape" : "4c21f1e8-12bf-43f1-a0a0-832442c20ec9",
    "color" : "#FFFFFF",
    "position" : {
      "x" : -14.5172205,
      "y" : 9.781153,
      "z" : -8.972136
    }
  }, {
    "shape" : "db3c07a5-070b-45d4-924e-94fbe72db15d",
    "color" : "#6C00C6",
    "position" : {
      "x" : 6.854102,
      "y" : -17.944271,
      "z" : 4.236068
    },
    "orientation" : 50
  }, {
    "shape" : "db3c07a5-070b-45d4-924e-94fbe72db15d",
    "color" : "#6C00C6",
    "position" : {
      "x" : 19.253288,
      "y" : 2.118034,
      "z" : 3.427051
    },
    "orientation" : 32
  }, {
    "shape" : "4c21f1e8-12bf-43f1-a0a0-832442c20ec9",
    "color" : "#FFFFFF",
    "position" : {
      "x" : -3.427051,
      "y" : 19.253288,
      "z" : -2.118034
    }
  }, {
    "shape" : "db3c07a5-070b-45d4-924e-94fbe72db15d",
    "color" : "#6C00C6",
    "position" : {
      "x" : -16.635256,
      "y" : 2.118034,
      "z" : -10.281153
    },
    "orientation" : 43
  }, {
    "shape" : "bdea92cb-1204-4b52-92b7-7603d91aa16b",
    "color" : "#74C300",
    "position" : {
      "x" : 8.972136,
      "y" : -14.5172205,
      "z" : -9.781153
    },
    "orientation" : 8
  }, {
    "shape" : "4c21f1e8-12bf-43f1-a0a0-832442c20ec9",
    "color" : "#FFFFFF",
    "position" : {
      "x" : 17.944271,
      "y" : 4.236068,
      "z" : -6.854102
    }
  }, {
    "shape" : "bdea92cb-1204-4b52-92b7-7603d91aa16b",
    "color" : "#74C300",
    "position" : {
      "x" : 3.427051,
      "y" : 19.253288,
      "z" : 2.118034
    },
    "orientation" : 59
  }, {
    "shape" : "bdea92cb-1204-4b52-92b7-7603d91aa16b",
    "color" : "#74C300",
    "position" : {
      "x" : 19.253288,
      "y" : 2.118034,
      "z" : 3.427051
    },
    "orientation" : 28
  }, {
    "shape" : "bdea92cb-1204-4b52-92b7-7603d91aa16b",
    "color" : "#74C300",
    "position" : {
      "x" : 2.118034,
      "y" : -10.281153,
      "z" : -16.635256
    },
    "orientation" : 3
  }, {
    "shape" : "4c21f1e8-12bf-43f1-a0a0-832442c20ec9",
    "color" : "#FFFFFF",
    "position" : {
      "x" : -19.253288,
      "y" : 2.118034,
      "z" : -3.427051
    }
  }, {
    "shape" : "2c7ab937-7192-45c2-9624-ab3d012645d8",
    "color" : "#DC4C00",
    "position" : {
      "x" : 3.427051,
      "y" : -19.253288,
      "z" : -2.118034
    },
    "orientation" : 38
  }, {
    "shape" : "db3c07a5-070b-45d4-924e-94fbe72db15d",
    "color" : "#6C00C6",
    "position" : {
      "x" : 4.236068,
      "y" : -6.854102,
      "z" : 17.944271
    },
    "orientation" : 33
  }, {
    "shape" : "db3c07a5-070b-45d4-924e-94fbe72db15d",
    "color" : "#6C00C6",
