{
  "polygons" : "true",
  "field" : "golden",
  "symmetry" : "icosahedral",
  "orientations" : [ [ 1.0, 0.0, 0.0, 0.0, 0.0, 1.0, 0.0, 0.0, 0.0, 0.0, 1.0, 0.0, 0.0, 0.0, 0.0, 1.0 ], [ 0.0, 0.0, 1.0, 0.0, 1.0, 0.0, 0.0, 0.0, 0.0, 1.0, 0.0, 0.0, 0.0, 0.0, 0.0, 1.0 ], [ 0.0, 1.0, 0.0, 0.0, 0.0, 0.0, 1.0, 0.0, 1.0, 0.0, 0.0, 0.0, 0.0, 0.0, 0.0, 1.0 ], [ 0.809017, 0.309017, 0.5, 0.0, 0.309017, 0.5, -0.809017, 0.0, -0.5, 0.809017, 0.309017, 0.0, 0.0, 0.0, 0.0, 1.0 ], [ -0.5, 0.809017, 0.309017, 0.0, 0.809017, 0.309017, 0.5, 0.0, 0.309017, 0.5, -0.809017, 0.0, 0.0, 0.0, 0.0, 1.0 ], [ 0.309017, 0.5, -0.809017, 0.0, -0.5, 0.809017, 0.309017, 0.0, 0.809017, 0.309017, 0.5, 0.0, 0.0, 0.0, 0.0, 1.0 ], [ 0.5, 0.809017, 0.309017, 0.0, 0.809017, -0.309017, -0.5, 0.0, -0.309017, 0.5, -0.809017, 0.0, 0.0, 0.0, 0.0, 1.0 ], [ -0.309017, 0.5, -0.809017, 0.0, 0.5, 0.809017, 0.309017, 0.0, 0.809017, -0.309017, -0.5, 0.0, 0.0, 0.0, 0.0, 1.0 ], [ 0.809017, -0.309017, -0.5, 0.0, -0.309017, 0.5, -0.809017, 0.0, 0.5, 0.809017, 0.309017, 0.0, 0.0, 0.0, 0.0, 1.0 ], [ 0.5, 0.809017, -0.309017, 0.0, 0.809017, -0.309017, 0.5, 0.0, 0.309017, -0.5, -0.809017, 0.0, 0.0, 0.0, 0.0, 1.0 ], [ 0.309017, -0.5, -0.809017, 0.0, 0.5, 0.809017, -0.309017, 0.0, 0.809017, -0.309017, 0.5, 0.0, 0.0, 0.0, 0.0, 1.0 ], [ 0.809017, -0.309017, 0.5, 0.0, 0.309017, -0.5, -0.809017, 0.0, 0.5, 0.809017, -0.309017, 0.0, 0.0, 0.0, 0.0, 1.0 ], [ 0.809017, 0.309017, -0.5, 0.0, 0.309017, 0.5, 0.809017, 0.0, 0.5, -0.809017, 0.309017, 0.0, 0.0, 0.0, 0.0, 1.0 ], [ 0.5, -0.809017, 0.309017, 0.0, 0.809017, 0.309017, -0.5, 0.0, 0.309017, 0.5, 0.809017, 0.0, 0.0, 0.0, 0.0, 1.0 ], [ 0.309017, 0.5, 0.809017, 0.0, 0.5, -0.809017, 0.309017, 0.0, 0.809017, 0.309017, -0.5, 0.0, 0.0, 0.0, 0.0, 1.0 ], [ 1.0, 0.0, 0.0, 0.0, 0.0, -1.0, 0.0, 0.0, 0.0, 0.0, -1.0, 0.0, 0.0, 0.0, 0.0, 1.0 ], [ 0.0, 0.0, 1.0, 0.0, -1.0, 0.0, 0.0, 0.0, 0.0, -1.0, 0.0, 0.0, 0.0, 0.0, 0.0, 1.0 ], [ 0.0, 1.0, 0.0, 0.0, 0.0, 0.0, -1.0, 0.0, -1.0, 0.0, 0.0, 0.0, 0.0, 0.0, 0.0, 1.0 ], [ 0.809017, 0.309017, 0.5, 0.0, -0.309017, -0.5, 0.809017, 0.0, 0.5, -0.809017, -0.309017, 0.0, 0.0, 0.0, 0.0, 1.0 ], [ -0.5, 0.809017, 0.309017, 0.0, -0.809017, -0.309017, -0.5, 0.0, -0.309017, -0.5, 0.809017, 0.0, 0.0, 0.0, 0.0, 1.0 ], [ 0.309017, 0.5, -0.809017, 0.0, 0.5, -0.809017, -0.309017, 0.0, -0.809017, -0.309017, -0.5, 0.0, 0.0, 0.0, 0.0, 1.0 ], [ 0.5, 0.809017, 0.309017, 0.0, -0.809017, 0.309017, 0.5, 0.0, 0.309017, -0.5, 0.809017, 0.0, 0.0, 0.0, 0.0, 1.0 ], [ -0.309017, 0.5, -0.809017, 0.0, -0.5, -0.809017, -0.309017, 0.0, -0.809017, 0.309017, 0.5, 0.0, 0.0, 0.0, 0.0, 1.0 ], [ 0.809017, -0.309017, -0.5, 0.0, 0.309017, -0.5, 0.809017, 0.0, -0.5, -0.809017, -0.309017, 0.0, 0.0, 0.0, 0.0, 1.0 ], [ 0.5, 0.809017, -0.309017, 0.0, -0.809017, 0.309017, -0.5, 0.0, -0.309017, 0.5, 0.809017, 0.0, 0.0, 0.0, 0.0, 1.0 ], [ 0.309017, -0.5, -0.809017, 0.0, -0.5, -0.809017, 0.309017, 0.0, -0.809017, 0.309017, -0.5, 0.0, 0.0, 0.0, 0.0, 1.0 ], [ 0.809017, -0.309017, 0.5, 0.0, -0.309017, 0.5, 0.809017, 0.0, -0.5, -0.809017, 0.309017, 0.0, 0.0, 0.0, 0.0, 1.0 ], [ 0.809017, 0.309017, -0.5, 0.0, -0.309017, -0.5, -0.809017, 0.0, -0.5, 0.809017, -0.309017, 0.0, 0.0, 0.0, 0.0, 1.0 ], [ 0.5, -0.809017, 0.309017, 0.0, -0.809017, -0.309017, 0.5, 0.0, -0.309017, -0.5, -0.809017, 0.0, 0.0, 0.0, 0.0, 1.0 ], [ 0.309017, 0.5, 0.809017, 0.0, -0.5, 0.809017, -0.309017, 0.0, -0.809017, -0.309017, 0.5, 0.0, 0.0, 0.0, 0.0, 1.0 ], [ -1.0, 0.0, 0.0, 0.0, 0.0, -1.0, 0.0, 0.0, 0.0, 0.0, 1.0, 0.0, 0.0, 0.0, 0.0, 1.0 ], [ 0.0, 0.0, -1.0, 0.0, -1.0, 0.0, 0.0, 0.0, 0.0, 1.0, 0.0, 0.0, 0.0, 0.0, 0.0, 1.0 ], [ 0.0, -1.0, 0.0, 0.0, 0.0, 0.0, -1.0, 0.0, 1.0, 0.0, 0.0, 0.0, 0.0, 0.0, 0.0, 1.0 ], [ -0.809017, -0.309017, -0.5, 0.0, -0.309017, -0.5, 0.809017, 0.0, -0.5, 0.809017, 0.309017, 0.0, 0.0, 0.0, 0.0, 1.0 ], [ 0.5, -0.809017, -0.309017, 0.0, -0.809017, -0.309017, -0.5, 0.0, 0.309017, 0.5, -0.809017, 0.0, 0.0, 0.0, 0.0, 1.0 ], [ -0.309017, -0.5, 0.809017, 0.0, 0.5, -0.809017, -0.309017, 0.0, 0.809017, 0.309017, 0.5, 0.0, 0.0, 0.0, 0.0, 1.0 ], [ -0.5, -0.809017, -0.309017, 0.0, -0.809017, 0.309017, 0.5, 0.0, -0.309017, 0.5, -0.809017, 0.0, 0.0, 0.0, 0.0, 1.0 ], [ 0.309017, -0.5, 0.809017, 0.0, -0.5, -0.809017, -0.309017, 0.0, 0.809017, -0.309017, -0.5, 0.0, 0.0, 0.0, 0.0, 1.0 ], [ -0.809017, 0.309017, 0.5, 0.0, 0.309017, -0.5, 0.809017, 0.0, 0.5, 0.809017, 0.309017, 0.0, 0.0, 0.0, 0.0, 1.0 ], [ -0.5, -0.809017, 0.309017, 0.0, -0.809017, 0.309017, -0.5, 0.0, 0.309017, -0.5, -0.809017, 0.0, 0.0, 0.0, 0.0, 1.0 ], [ -0.309017, 0.5, 0.809017, 0.0, -0.5, -0.809017, 0.309017, 0.0, 0.809017, -0.309017, 0.5, 0.0, 0.0, 0.0, 0.0, 1.0 ], [ -0.809017, 0.309017, -0.5, 0.0, -0.309017, 0.5, 0.809017, 0.0, 0.5, 0.809017, -0.309017, 0.0, 0.0, 0.0, 0.0, 1.0 ], [ -0.809017, -0.309017, 0.5, 0.0, -0.309017, -0.5, -0.809017, 0.0, 0.5, -0.809017, 0.309017, 0.0, 0.0, 0.0, 0.0, 1.0 ], [ -0.5, 0.809017, -0.309017, 0.0, -0.809017, -0.309017, 0.5, 0.0, 0.309017, 0.5, 0.809017, 0.0, 0.0, 0.0, 0.0, 1.0 ], [ -0.309017, -0.5, -0.809017, 0.0, -0.5, 0.809017, -0.309017, 0.0, 0.809017, 0.309017, -0.5, 0.0, 0.0, 0.0, 0.0, 1.0 ], [ -1.0, 0.0, 0.0, 0.0, 0.0, 1.0, 0.0, 0.0, 0.0, 0.0, -1.0, 0.0, 0.0, 0.0, 0.0, 1.0 ], [ 0.0, 0.0, -1.0, 0.0, 1.0, 0.0, 0.0, 0.0, 0.0, -1.0, 0.0, 0.0, 0.0, 0.0, 0.0, 1.0 ], [ 0.0, -1.0, 0.0, 0.0, 0.0, 0.0, 1.0, 0.0, -1.0, 0.0, 0.0, 0.0, 0.0, 0.0, 0.0, 1.0 ], [ -0.809017, -0.309017, -0.5, 0.0, 0.309017, 0.5, -0.809017, 0.0, 0.5, -0.809017, -0.309017, 0.0, 0.0, 0.0, 0.0, 1.0 ], [ 0.5, -0.809017, -0.309017, 0.0, 0.809017, 0.309017, 0.5, 0.0, -0.309017, -0.5, 0.809017, 0.0, 0.0, 0.0, 0.0, 1.0 ], [ -0.309017, -0.5, 0.809017, 0.0, -0.5, 0.809017, 0.309017, 0.0, -0.809017, -0.309017, -0.5, 0.0, 0.0, 0.0, 0.0, 1.0 ], [ -0.5, -0.809017, -0.309017, 0.0, 0.809017, -0.309017, -0.5, 0.0, 0.309017, -0.5, 0.809017, 0.0, 0.0, 0.0, 0.0, 1.0 ], [ 0.309017, -0.5, 0.809017, 0.0, 0.5, 0.809017, 0.309017, 0.0, -0.809017, 0.309017, 0.5, 0.0, 0.0, 0.0, 0.0, 1.0 ], [ -0.809017, 0.309017, 0.5, 0.0, -0.309017, 0.5, -0.809017, 0.0, -0.5, -0.809017, -0.309017, 0.0, 0.0, 0.0, 0.0, 1.0 ], [ -0.5, -0.809017, 0.309017, 0.0, 0.809017, -0.309017, 0.5, 0.0, -0.309017, 0.5, 0.809017, 0.0, 0.0, 0.0, 0.0, 1.0 ], [ -0.309017, 0.5, 0.809017, 0.0, 0.5, 0.809017, -0.309017, 0.0, -0.809017, 0.309017, -0.5, 0.0, 0.0, 0.0, 0.0, 1.0 ], [ -0.809017, 0.309017, -0.5, 0.0, 0.309017, -0.5, -0.809017, 0.0, -0.5, -0.809017, 0.309017, 0.0, 0.0, 0.0, 0.0, 1.0 ], [ -0.809017, -0.309017, 0.5, 0.0, 0.309017, 0.5, 0.809017, 0.0, -0.5, 0.809017, -0.309017, 0.0, 0.0, 0.0, 0.0, 1.0 ], [ -0.5, 0.809017, -0.309017, 0.0, 0.809017, 0.309017, -0.5, 0.0, -0.309017, -0.5, -0.809017, 0.0, 0.0, 0.0, 0.0, 1.0 ], [ -0.309017, -0.5, -0.809017, 0.0, 0.5, -0.809017, 0.309017, 0.0, -0.809017, -0.309017, 0.5, 0.0, 0.0, 0.0, 0.0, 1.0 ] ],
  "lights" : {
    "directionalLights" : [ {
      "direction" : [ 1.0, -1.0, -1.0 ],
      "color" : "#EBEBE4"
    }, {
      "direction" : [ -1.0, 0.0, 0.0 ],
      "color" : "#E4E4EB"
    }, {
      "direction" : [ 0.0, 0.0, -1.0 ],
      "color" : "#1E1E1E"
    } ],
    "backgroundColor" : "#AFC8DC",
    "ambientColor" : "#292929"
  },
  "camera" : {
    "position" : {
      "x" : -56.226288,
      "y" : 20.960033,
      "z" : -15.403753
    },
    "viewDistance" : 63.362957,
    "nearClipDistance" : 0.15840736,
    "farClipDistance" : 126.72566,
    "lookAtPoint" : {
      "x" : 2.472136,
      "y" : 0.0,
      "z" : -4.0
    },
    "fieldOfView" : 0.4426283,
    "perspective" : true,
    "lookDirection" : {
      "x" : 0.9263839,
      "y" : -0.33079317,
      "z" : 0.17997508
    },
    "upDirection" : {
      "x" : -0.22620307,
      "y" : -0.10668612,
      "z" : 0.96822804
    },
    "stereo" : false,
    "width" : 28.513292
  },
  "embedding" : [ 1.0, 0.0, 0.0, 0.0, 0.0, 1.0, 0.0, 0.0, 0.0, 0.0, 1.0, 0.0, 0.0, 0.0, 0.0, 1.0 ],
  "shapes" : [ {
    "id" : "e17eb185-9acf-4b7c-8ef0-b1b7e35aa603",
    "vertices" : [ {
      "x" : 0.0,
      "y" : 0.0,
      "z" : 0.0
    }, {
      "x" : 0.47213596,
      "y" : 1.7082039,
      "z" : 1.236068
    }, {
      "x" : 0.8672576,
      "y" : 0.52786404,
      "z" : 2.2705097
    }, {
      "x" : -0.13274242,
      "y" : -3.09017,
      "z" : -0.34752417
    } ],
    "faces" : [ {
      "vertices" : [ 0, 1, 2, 3 ]
    }, {
      "vertices" : [ 0, 3, 2, 1 ]
    } ]
  }, {
    "id" : "95235ff9-a918-40dd-bed3-859069a08842",
    "vertices" : [ {
      "x" : 0.0,
      "y" : 0.0,
      "z" : 0.0
    }, {
      "x" : -0.9262013,
      "y" : -1.946394,
      "z" : -2.4248264
    }, {
      "x" : -1.5704283,
      "y" : -2.1924667,
      "z" : -4.1114345
    }, {
      "x" : -2.5769076,
      "y" : -0.9842912,
      "z" : -6.746432
    } ],
    "faces" : [ {
      "vertices" : [ 0, 1, 2, 3 ]
    }, {
      "vertices" : [ 0, 3, 2, 1 ]
    } ]
  }, {
    "id" : "733a2230-e7df-472c-9179-e303c1b15127",
    "vertices" : [ {
      "x" : 0.0,
      "y" : 0.0,
      "z" : 0.0
    }, {
      "x" : 0.29179606,
      "y" : -2.0,
      "z" : 0.76393205
    }, {
      "x" : -0.27050984,
      "y" : -2.3688104,
      "z" : -0.7082039
    }, {
      "x" : -0.88854384,
      "y" : 1.8672576,
      "z" : -2.326238
    } ],
    "faces" : [ {
      "vertices" : [ 0, 1, 2, 3 ]
    }, {
      "vertices" : [ 0, 3, 2, 1 ]
    } ]
  }, {
    "id" : "f876964f-7693-4672-aca1-8fab7b1a78cf",
    "vertices" : [ {
      "x" : 0.0,
      "y" : 0.0,
      "z" : 0.0
    }, {
      "x" : 1.5926166,
      "y" : -5.7621408,
      "z" : 4.169524
    }, {
      "x" : 0.0,
      "y" : -3.236068,
      "z" : 0.0
    } ],
    "faces" : [ {
      "vertices" : [ 0, 1, 2 ]
    }, {
      "vertices" : [ 0, 2, 1 ]
    } ]
  }, {
    "id" : "1249b91e-6f30-4459-ba2e-3831c11e03ff",
    "vertices" : [ {
      "x" : 0.0,
      "y" : 0.0,
      "z" : 0.0
    }, {
      "x" : -0.27429608,
      "y" : -0.06475252,
      "z" : 0.06475252
    }, {
      "x" : 1.10767,
      "y" : -0.59261656,
      "z" : 1.2106506
    }, {
      "x" : 1.4405352,
      "y" : -0.5502355,
      "z" : 1.1944624
    } ],
    "faces" : [ {
      "vertices" : [ 0, 1, 2, 3 ]
    }, {
      "vertices" : [ 0, 3, 2, 1 ]
    } ]
  }, {
    "id" : "1e9c69b7-1a2c-4346-971b-f2f8dff499ff",
    "vertices" : [ {
      "x" : 0.0,
      "y" : 0.0,
      "z" : 0.0
    }, {
      "x" : -1.5926166,
      "y" : 2.526073,
      "z" : 4.169524
    }, {
      "x" : 3.017096,
      "y" : -0.65916026,
      "z" : 1.864668
    } ],
    "faces" : [ {
      "vertices" : [ 0, 1, 2 ]
    }, {
      "vertices" : [ 0, 2, 1 ]
    } ]
  }, {
    "id" : "07d30cd4-36df-4510-b0e4-a045271c83e9",
    "vertices" : [ {
      "x" : 0.0,
      "y" : 0.0,
      "z" : 0.0
    }, {
      "x" : 0.124611795,
      "y" : 2.9229858,
      "z" : 0.32623792
    }, {
      "x" : 0.5065778,
      "y" : 4.3049517,
      "z" : 1.3262379
    }, {
      "x" : 1.5278641,
      "y" : 5.527864,
      "z" : 4.0
    } ],
    "faces" : [ {
      "vertices" : [ 0, 1, 2, 3 ]
    }, {
      "vertices" : [ 0, 3, 2, 1 ]
    } ]
  }, {
    "id" : "4c3026d6-5da9-4aa0-a1a9-dd5cca480664",
    "vertices" : [ {
      "x" : 0.0,
      "y" : 0.0,
      "z" : 0.0
    }, {
      "x" : -0.13836819,
      "y" : 3.2211347,
      "z" : -0.3622526
    }, {
      "x" : 0.10770461,
      "y" : 4.9077425,
      "z" : 0.28197432
    }, {
      "x" : 0.9842912,
      "y" : 6.746432,
      "z" : 2.5769076
    } ],
    "faces" : [ {
      "vertices" : [ 0, 1, 2, 3 ]
    }, {
      "vertices" : [ 0, 3, 2, 1 ]
    } ]
  }, {
    "id" : "880edd1e-7f35-40ca-a04a-06ad151319cb",
    "vertices" : [ {
      "x" : 0.0,
      "y" : 0.0,
      "z" : 0.0
    }, {
      "x" : -1.5278641,
      "y" : 2.472136,
      "z" : -4.0
    }, {
      "x" : 0.9442719,
      "y" : 1.5278641,
      "z" : 2.472136
    } ],
    "faces" : [ {
      "vertices" : [ 0, 1, 2 ]
    }, {
      "vertices" : [ 0, 2, 1 ]
    } ]
  }, {
    "id" : "4c4116c0-bbc0-4a90-92df-5b56bd161363",
    "vertices" : [ {
      "x" : 0.0,
      "y" : 0.0,
      "z" : 0.0
    }, {
      "x" : -4.169524,
      "y" : 3.8974729,
      "z" : -2.032805
    }, {
      "x" : -4.169524,
      "y" : 0.168137,
      "z" : 0.2720514
    } ],
    "faces" : [ {
      "vertices" : [ 0, 1, 2 ]
    }, {
      "vertices" : [ 0, 2, 1 ]
    } ]
  }, {
    "id" : "0b850bbb-5907-4b2b-b298-735ab5df4fac",
    "vertices" : [ {
      "x" : 0.0,
      "y" : 0.0,
      "z" : 0.0
    }, {
      "x" : -0.5502355,
      "y" : -1.1944624,
      "z" : -1.4405352
    }, {
      "x" : -1.5926166,
      "y" : 2.5769076,
      "z" : -4.169524
    } ],
    "faces" : [ {
      "vertices" : [ 0, 1, 2 ]
    }, {
      "vertices" : [ 0, 2, 1 ]
    } ]
  }, {
    "id" : "4c955bde-a2f6-44a0-9f1d-0f0fd5c01f2e",
    "vertices" : [ {
      "x" : 0.0,
      "y" : 0.0,
      "z" : 0.0
    }, {
      "x" : -0.618034,
      "y" : 4.236068,
      "z" : -1.618034
    }, {
      "x" : 0.0,
      "y" : 4.944272,
      "z" : 0.0
    } ],
    "faces" : [ {
      "vertices" : [ 0, 1, 2 ]
    }, {
      "vertices" : [ 0, 2, 1 ]
    } ]
  }, {
    "id" : "58712036-0a1c-4ae5-8bd5-e93755a1811c",
    "vertices" : [ {
      "x" : 0.0,
      "y" : 0.0,
      "z" : 0.0
    }, {
      "x" : -1.5940039,
      "y" : -0.10477178,
      "z" : 2.5144
    }, {
      "x" : -4.0661397,
      "y" : -1.0490437,
      "z" : 0.98653585
    }, {
      "x" : -2.5769076,
      "y" : -0.9842912,
      "z" : -1.5926166
    } ],
    "faces" : [ {
      "vertices" : [ 0, 1, 2, 3 ]
    }, {
      "vertices" : [ 0, 3, 2, 1 ]
    } ]
  }, {
    "id" : "d4fd9f6e-12a0-4208-aaa1-f7cc6a9424f2",
    "vertices" : [ {
      "x" : 0.0,
      "y" : 0.0,
      "z" : 0.0
    }, {
      "x" : -0.13714804,
      "y" : -0.27429608,
      "z" : 0.13714804
    }, {
      "x" : 0.3349879,
      "y" : -1.5792477,
      "z" : 0.9699638
    }, {
      "x" : 0.4921456,
      "y" : -1.3602569,
      "z" : 0.8681114
    } ],
    "faces" : [ {
      "vertices" : [ 0, 1, 2, 3 ]
    }, {
      "vertices" : [ 0, 3, 2, 1 ]
    } ]
  }, {
    "id" : "4f35c959-7500-42a8-a790-ce9fad22c16b",
    "vertices" : [ {
      "x" : 0.0,
      "y" : 0.0,
      "z" : 0.0
    }, {
      "x" : -0.2219102,
      "y" : -0.16660494,
      "z" : 0.11421905
    }, {
      "x" : 1.0141578,
      "y" : -2.5698571,
      "z" : 1.2814033
    }, {
      "x" : 1.2884538,
      "y" : -2.5051048,
      "z" : 1.2166508
    } ],
    "faces" : [ {
      "vertices" : [ 0, 1, 2, 3 ]
    }, {
      "vertices" : [ 0, 3, 2, 1 ]
    } ]
  }, {
    "id" : "3ab0dfb1-b848-4d34-a02c-47830d478b3e",
    "vertices" : [ {
      "x" : 0.0,
      "y" : 0.0,
      "z" : 0.0
    }, {
      "x" : -0.23663864,
      "y" : 0.1951597,
      "z" : 0.17570762
    }, {
      "x" : -0.8546726,
      "y" : 0.43122768,
      "z" : 1.7937416
    }, {
      "x" : -0.6442269,
      "y" : 0.2460728,
      "z" : 1.686608
    } ],
    "faces" : [ {
      "vertices" : [ 0, 1, 2, 3 ]
    }, {
      "vertices" : [ 0, 3, 2, 1 ]
    } ]
  }, {
    "id" : "6f852293-7da3-45a5-96df-1e1af74c962b",
    "vertices" : [ {
      "x" : 0.0,
      "y" : 0.0,
      "z" : 0.0
    }, {
      "x" : -1.1524282,
      "y" : 1.864668,
      "z" : -3.561199
    }, {
      "x" : -2.3048563,
      "y" : 3.729336,
      "z" : -5.1538153
    }, {
      "x" : -3.3048563,
      "y" : 5.3473697,
      "z" : -2.5357814
    }, {
      "x" : -1.5926166,
      "y" : 2.5769076,
      "z" : -0.9842912
    } ],
    "faces" : [ {
      "vertices" : [ 0, 1, 2, 3, 4 ]
    }, {
      "vertices" : [ 0, 4, 3, 2, 1 ]
    } ]
  }, {
    "id" : "a2a57a67-fb1e-4a09-866b-4ba3c580ddcf",
    "vertices" : [ {
      "x" : 0.0,
      "y" : 0.0,
      "z" : 0.0
    }, {
      "x" : -0.9442719,
      "y" : 3.4164078,
      "z" : -2.472136
    }, {
      "x" : 1.5278641,
      "y" : 2.472136,
      "z" : 4.0
    } ],
    "faces" : [ {
      "vertices" : [ 0, 1, 2 ]
    }, {
      "vertices" : [ 0, 2, 1 ]
    } ]
  }, {
    "id" : "5b771c4b-8291-4a70-b3d4-2ce32a421e71",
    "vertices" : [ {
      "x" : 0.0,
      "y" : 0.0,
      "z" : 0.0
    }, {
      "x" : 1.618034,
      "y" : -0.618034,
      "z" : 4.236068
    }, {
      "x" : 1.5278641,
      "y" : -2.472136,
      "z" : 4.0
    } ],
    "faces" : [ {
      "vertices" : [ 0, 1, 2 ]
    }, {
      "vertices" : [ 0, 2, 1 ]
    } ]
  }, {
    "id" : "2ceb2b82-aca0-43a2-afdf-105c335fab2e",
    "vertices" : [ {
      "x" : 0.0,
      "y" : 0.0,
      "z" : 0.0
    }, {
      "x" : -2.1367192,
      "y" : 3.4572845,
      "z" : 0.9842912
    }, {
      "x" : -3.2891476,
      "y" : 5.3219523,
      "z" : 2.5769076
    }, {
      "x" : -2.2891476,
      "y" : 3.7039185,
      "z" : 5.1949415
    }, {
      "x" : -0.9842912,
      "y" : 1.5926166,
      "z" : 2.5769076
    } ],
    "faces" : [ {
      "vertices" : [ 0, 1, 2, 3, 4 ]
    }, {
      "vertices" : [ 0, 4, 3, 2, 1 ]
    } ]
  }, {
    "id" : "28cb6cda-db64-4d9f-8e40-d0ced85e25c0",
    "vertices" : [ {
      "x" : 0.0,
      "y" : 0.0,
      "z" : 0.0
    }, {
      "x" : 1.0645695,
      "y" : -1.2747407,
      "z" : 2.787079
    }, {
      "x" : 1.4627236,
      "y" : -2.715276,
      "z" : 3.8294601
    }, {
      "x" : 1.5926166,
      "y" : -5.7621408,
      "z" : 4.169524
    } ],
    "faces" : [ {
      "vertices" : [ 0, 1, 2, 3 ]
    }, {
      "vertices" : [ 0, 3, 2, 1 ]
    } ]
  }, {
    "id" : "c6d9be9d-2d85-4981-a7df-3f13ef6ce4e4",
    "vertices" : [ {
      "x" : 0.0,
      "y" : 0.0,
      "z" : 0.0
    }, {
      "x" : -0.15715767,
      "y" : -0.21899083,
      "z" : 0.10185242
    }, {
      "x" : 1.3707063,
      "y" : -0.21899083,
      "z" : -1.4260117
    }, {
      "x" : 1.5926166,
      "y" : 0.0,
      "z" : -1.5926166
    } ],
    "faces" : [ {
      "vertices" : [ 0, 1, 2, 3 ]
    }, {
      "vertices" : [ 0, 3, 2, 1 ]
    } ]
  }, {
    "id" : "4e599293-7d5b-4aa3-8c90-e1f697c6b6de",
    "vertices" : [ {
      "x" : 0.0,
      "y" : 0.0,
      "z" : 0.0
    }, {
      "x" : -1.0,
      "y" : -3.618034,
      "z" : -2.618034
    }, {
      "x" : -1.5278641,
      "y" : -2.472136,
      "z" : -4.0
    } ],
    "faces" : [ {
      "vertices" : [ 0, 1, 2 ]
    }, {
      "vertices" : [ 0, 2, 1 ]
    } ]
  }, {
    "id" : "19f971c2-abbe-463d-8b78-d8d800e2175c",
    "vertices" : [ {
      "x" : 0.0,
      "y" : 0.0,
      "z" : 0.0
    }, {
      "x" : 2.032805,
      "y" : -3.2891476,
      "z" : 1.5926166
    }, {
      "x" : 3.4572845,
      "y" : -5.5940037,
      "z" : 1.5926166
    }, {
      "x" : 3.4572845,
      "y" : -5.5940037,
      "z" : -1.6434515
    }, {
      "x" : 1.5926166,
      "y" : -2.5769076,
      "z" : -0.9842912
    } ],
    "faces" : [ {
      "vertices" : [ 0, 1, 2, 3, 4 ]
    }, {
      "vertices" : [ 0, 4, 3, 2, 1 ]
    } ]
  }, {
    "id" : "33bb7a34-3b47-4649-a2e6-e0255a7ffb90",
    "vertices" : [ {
      "x" : 0.0,
      "y" : 0.0,
      "z" : 0.0
    }, {
      "x" : 1.5278641,
      "y" : 2.472136,
      "z" : 4.0
    }, {
      "x" : 0.0,
      "y" : -3.0557282,
      "z" : 0.0
    } ],
    "faces" : [ {
      "vertices" : [ 0, 1, 2 ]
    }, {
      "vertices" : [ 0, 2, 1 ]
    } ]
  }, {
    "id" : "c75c109d-cbc9-4c9f-a389-d316590e334d",
    "vertices" : [ {
      "x" : 0.0,
      "y" : 0.0,
      "z" : 0.0
    }, {
      "x" : 1.4244796,
      "y" : -2.3048563,
      "z" : -3.185233
    }, {
      "x" : 1.864668,
      "y" : -3.017096,
      "z" : -5.7621408
    }, {
      "x" : 0.24663396,
      "y" : -0.39906213,
      "z" : -6.7621408
    }, {
      "x" : 0.0,
      "y" : 0.0,
      "z" : -3.185233
    } ],
    "faces" : [ {
      "vertices" : [ 0, 1, 2, 3, 4 ]
    }, {
      "vertices" : [ 0, 4, 3, 2, 1 ]
    } ]
  }, {
    "id" : "d0580752-89e2-4746-9c81-b0017e55f157",
    "vertices" : [ {
      "x" : 0.0,
      "y" : 0.0,
      "z" : 0.0
    }, {
      "x" : 0.6442269,
      "y" : -0.73821837,
      "z" : 1.686608
    }, {
      "x" : 0.0,
      "y" : -5.1538153,
      "z" : 0.0
    } ],
    "faces" : [ {
      "vertices" : [ 0, 1, 2 ]
    }, {
      "vertices" : [ 0, 2, 1 ]
    } ]
  }, {
    "id" : "43ec2308-6ee2-43b0-85d3-53a0b5b51062",
    "vertices" : [ {
      "x" : 0.0,
      "y" : 0.0,
      "z" : 0.0
    }, {
      "x" : 0.0,
      "y" : 5.1538153,
      "z" : 0.0
    }, {
      "x" : 0.0,
      "y" : 3.729336,
      "z" : 2.3048563
    } ],
    "faces" : [ {
      "vertices" : [ 0, 1, 2 ]
    }, {
      "vertices" : [ 0, 2, 1 ]
    } ]
  }, {
    "id" : "042ee1c7-b0b3-457d-b8af-3a80ba4a591a",
    "vertices" : [ {
      "x" : 0.0,
      "y" : 0.0,
      "z" : 0.0
    }, {
      "x" : 1.5278641,
      "y" : 0.5835921,
      "z" : 4.0
    }, {
      "x" : 0.0,
      "y" : -4.944272,
      "z" : 0.0
    } ],
    "faces" : [ {
      "vertices" : [ 0, 1, 2 ]
    }, {
      "vertices" : [ 0, 2, 1 ]
    } ]
  }, {
    "id" : "1fd92b70-2d8c-4b39-9c52-594193db2ae8",
    "vertices" : [ {
      "x" : 0.0,
      "y" : 0.0,
      "z" : 0.0
    }, {
      "x" : -1.042381,
      "y" : 3.7713702,
      "z" : -2.7289891
    }, {
      "x" : -0.6305138,
      "y" : 5.0017343,
      "z" : -1.6507065
    }, {
      "x" : -0.13836819,
      "y" : 3.2211347,
      "z" : -0.3622526
    } ],
    "faces" : [ {
      "vertices" : [ 0, 1, 2, 3 ]
    }, {
      "vertices" : [ 0, 3, 2, 1 ]
    } ]
  }, {
    "id" : "69202d09-a746-48c0-ad9d-30362edc8041",
    "vertices" : [ {
      "x" : 0.0,
      "y" : 0.0,
      "z" : 0.0
    }, {
      "x" : 1.686608,
      "y" : 0.6442269,
      "z" : 4.415597
    }, {
      "x" : 1.8608778,
      "y" : -0.970578,
      "z" : 4.871841
    }, {
      "x" : 1.0645695,
      "y" : -1.2747407,
      "z" : 2.787079
    } ],
    "faces" : [ {
      "vertices" : [ 0, 1, 2, 3 ]
    }, {
      "vertices" : [ 0, 3, 2, 1 ]
    } ]
  }, {
    "id" : "1ed95194-a37c-47f0-becf-9b80474bacd6",
    "vertices" : [ {
      "x" : 0.0,
      "y" : 0.0,
      "z" : 0.0
    }, {
      "x" : 0.8409464,
      "y" : -1.763932,
      "z" : 2.201626
    }, {
      "x" : 1.0770143,
      "y" : -3.381966,
      "z" : 2.8196602
    }, {
      "x" : 0.9442719,
      "y" : -6.472136,
      "z" : 2.472136
    } ],
    "faces" : [ {
      "vertices" : [ 0, 1, 2, 3 ]
    }, {
      "vertices" : [ 0, 3, 2, 1 ]
    } ]
  }, {
    "id" : "25631cc0-1216-4230-b756-695cddb9cb04",
    "vertices" : [ {
      "x" : 0.0,
      "y" : 0.0,
      "z" : 0.0
    }, {
      "x" : 0.0,
      "y" : -5.1538153,
      "z" : 0.0
    }, {
      "x" : 0.0,
      "y" : -3.729336,
      "z" : -2.3048563
    } ],
    "faces" : [ {
      "vertices" : [ 0, 1, 2 ]
    }, {
      "vertices" : [ 0, 2, 1 ]
    } ]
  }, {
    "id" : "d8dbc891-63d8-400e-8491-6f9d2da91c23",
    "vertices" : [ {
      "x" : 0.0,
      "y" : 0.0,
      "z" : 0.0
    }, {
      "x" : -0.9655582,
      "y" : -1.1590537,
      "z" : -2.527864
    }, {
      "x" : -1.5835922,
      "y" : -0.9229857,
      "z" : -4.145898
    }, {
      "x" : -2.472136,
      "y" : 0.9442719,
      "z" : -6.472136
    } ],
    "faces" : [ {
      "vertices" : [ 0, 1, 2, 3 ]
    }, {
      "vertices" : [ 0, 3, 2, 1 ]
    } ]
  }, {
    "id" : "664011aa-ff72-4c93-85e9-500e69914cca",
    "vertices" : [ {
      "x" : 0.0,
      "y" : 0.0,
      "z" : 0.0
    }, {
      "x" : -0.5835921,
      "y" : -4.0,
      "z" : -1.5278641
    }, {
      "x" : -1.5278641,
      "y" : 2.472136,
      "z" : -4.0
    } ],
    "faces" : [ {
      "vertices" : [ 0, 1, 2 ]
    }, {
      "vertices" : [ 0, 2, 1 ]
    } ]
  }, {
    "id" : "430df0b6-e3c6-454e-b027-776fc5d5701d",
    "vertices" : [ {
      "x" : 0.0,
      "y" : 0.0,
      "z" : 0.0
    }, {
      "x" : 2.472136,
      "y" : -0.9442719,
      "z" : 6.472136
    }, {
      "x" : 0.9442719,
      "y" : -3.4164078,
      "z" : 2.472136
    } ],
    "faces" : [ {
      "vertices" : [ 0, 1, 2 ]
    }, {
      "vertices" : [ 0, 2, 1 ]
    } ]
  }, {
    "id" : "ac5423bd-5be6-462e-9d83-ae9c82dac9ce",
    "vertices" : [ {
      "x" : 0.0,
      "y" : 0.0,
      "z" : 0.0
    }, {
      "x" : -0.9442719,
      "y" : 6.472136,
      "z" : -2.472136
    }, {
      "x" : 0.5835921,
      "y" : 4.0,
      "z" : 1.5278641
    } ],
    "faces" : [ {
      "vertices" : [ 0, 1, 2 ]
    }, {
      "vertices" : [ 0, 2, 1 ]
    } ]
  }, {
    "id" : "36578e88-89f4-448b-8305-547969ff6b93",
    "vertices" : [ {
      "x" : 0.0,
      "y" : 0.0,
      "z" : 0.0
    }, {
      "x" : -0.09399144,
      "y" : 1.9326808,
      "z" : -0.2460728
    }, {
      "x" : 1.5926166,
      "y" : 2.5769076,
      "z" : 4.169524
    } ],
    "faces" : [ {
      "vertices" : [ 0, 1, 2 ]
    }, {
      "vertices" : [ 0, 2, 1 ]
    } ]
  }, {
    "id" : "fdcf475a-f11f-4c0a-b083-8c11716f473b",
    "vertices" : [ {
      "x" : 0.0,
      "y" : 0.0,
      "z" : 0.0
    }, {
      "x" : 0.0,
      "y" : -4.944272,
      "z" : 0.0
    }, {
      "x" : -0.9442719,
      "y" : 1.5278641,
      "z" : -2.472136
    } ],
    "faces" : [ {
      "vertices" : [ 0, 1, 2 ]
    }, {
      "vertices" : [ 0, 2, 1 ]
    } ]
  }, {
    "id" : "ab79a374-03c3-4dd3-b5e8-2f64e955170c",
    "vertices" : [ {
      "x" : 0.0,
      "y" : 0.0,
      "z" : 0.0
    }, {
      "x" : -2.5769076,
      "y" : -0.9842912,
      "z" : -6.746432
    }, {
      "x" : -1.0,
      "y" : 1.618034,
      "z" : -2.618034
    } ],
    "faces" : [ {
      "vertices" : [ 0, 1, 2 ]
    }, {
      "vertices" : [ 0, 2, 1 ]
    } ]
  }, {
    "id" : "5fb48b3f-cf60-4165-a252-bcb2c663dd56",
    "vertices" : [ {
      "x" : 0.0,
      "y" : 0.0,
      "z" : 0.0
    }, {
      "x" : 0.9842912,
      "y" : 6.746432,
      "z" : 2.5769076
    }, {
      "x" : 1.0,
      "y" : 1.618034,
      "z" : 2.618034
    } ],
    "faces" : [ {
      "vertices" : [ 0, 1, 2 ]
    }, {
      "vertices" : [ 0, 2, 1 ]
    } ]
  }, {
    "id" : "10b5158a-2ce2-456b-8634-b1e649659421",
    "vertices" : [ {
      "x" : 0.0,
      "y" : 0.0,
      "z" : 0.0
    }, {
      "x" : -0.168137,
      "y" : 0.2720514,
      "z" : 4.169524
    }, {
      "x" : 0.2720514,
      "y" : -0.44018838,
      "z" : 6.746432
    }, {
      "x" : 1.8900853,
      "y" : -3.0582223,
      "z" : 5.746432
    }, {
      "x" : 0.9842912,
      "y" : -1.5926166,
      "z" : 2.5769076
    } ],
    "faces" : [ {
      "vertices" : [ 0, 1, 2, 3, 4 ]
    }, {
      "vertices" : [ 0, 4, 3, 2, 1 ]
    } ]
  }, {
    "id" : "761a915d-412b-4ad0-99c5-94d58ada3aeb",
    "vertices" : [ {
      "x" : 0.0,
      "y" : 0.0,
      "z" : 0.0
    }, {
      "x" : -1.5278641,
      "y" : -5.527864,
      "z" : -4.0
    }, {
      "x" : -1.5278641,
      "y" : -0.5835921,
      "z" : -4.0
    } ],
    "faces" : [ {
      "vertices" : [ 0, 1, 2 ]
    }, {
      "vertices" : [ 0, 2, 1 ]
    } ]
  }, {
    "id" : "3b1b104a-5769-472b-9f7f-f4f02e7a9960",
    "vertices" : [ {
      "x" : 0.0,
      "y" : 0.0,
      "z" : 0.0
    }, {
      "x" : -0.76393205,
      "y" : 0.29179606,
      "z" : -2.0
    }, {
      "x" : -0.59674776,
      "y" : 1.8409463,
      "z" : -1.5623059
    }, {
      "x" : 1.0212862,
      "y" : 1.2229123,
      "z" : 2.673762
    } ],
    "faces" : [ {
      "vertices" : [ 0, 1, 2, 3 ]
    }, {
      "vertices" : [ 0, 3, 2, 1 ]
    } ]
  }, {
    "id" : "1cf80c96-7566-4b87-9fc2-a11b264d109e",
    "vertices" : [ {
      "x" : 0.0,
      "y" : 0.0,
      "z" : 0.0
    }, {
      "x" : -0.6442269,
      "y" : -4.415597,
      "z" : -1.686608
    }, {
      "x" : -1.230364,
      "y" : -4.031156,
      "z" : -3.2211347
    }, {
      "x" : -0.9262013,
      "y" : -1.946394,
      "z" : -2.4248264
    } ],
    "faces" : [ {
      "vertices" : [ 0, 1, 2, 3 ]
    }, {
      "vertices" : [ 0, 3, 2, 1 ]
    } ]
  } ],
  "instances" : [ {
    "shape" : "e17eb185-9acf-4b7c-8ef0-b1b7e35aa603",
    "color" : "#FF6666",
    "position" : {
      "x" : -1.0212862,
      "y" : -2.7770877,
      "z" : -7.7983737
    },
    "orientation" : 8
  }, {
    "shape" : "95235ff9-a918-40dd-bed3-859069a08842",
    "color" : "#009900",
    "position" : {
      "x" : 6.746432,
      "y" : -6.746432,
      "z" : -6.746432
    },
    "orientation" : 16
  }, {
    "shape" : "733a2230-e7df-472c-9179-e303c1b15127",
    "color" : "#FF6666",
    "position" : {
      "x" : -0.34752417,
      "y" : 3.8672576,
      "z" : -7.381966
    },
    "orientation" : 21
  }, {
    "shape" : "f876964f-7693-4672-aca1-8fab7b1a78cf",
    "color" : "#009900",
    "position" : {
      "x" : 0.0,
      "y" : -4.169524,
      "z" : -10.9159565
    },
    "orientation" : 30
  }, {
    "shape" : "1249b91e-6f30-4459-ba2e-3831c11e03ff",
    "color" : "#000000",
    "position" : {
      "x" : 5.1538153,
      "y" : -4.169524,
      "z" : -2.5769076
    },
    "orientation" : 24
  }, {
    "shape" : "1e9c69b7-1a2c-4346-971b-f2f8dff499ff",
    "color" : "#009900",
    "position" : {
      "x" : 8.364466,
      "y" : 4.128398,
      "z" : -5.746432
    },
    "orientation" : 22
  }, {
    "shape" : "07d30cd4-36df-4510-b0e4-a045271c83e9",
    "color" : "#FF6666",
    "position" : {
      "x" : 0.0,
      "y" : -4.0,
      "z" : -5.527864
    },
    "orientation" : 6
  }, {
    "shape" : "4c3026d6-5da9-4aa0-a1a9-dd5cca480664",
    "color" : "#009900",
    "position" : {
      "x" : 0.0,
      "y" : 4.169524,
      "z" : -10.9159565
    },
    "orientation" : 1
  }, {
    "shape" : "880edd1e-7f35-40ca-a04a-06ad151319cb",
    "color" : "#FF6666",
    "position" : {
      "x" : 4.0,
      "y" : -2.472136,
      "z" : -4.944272
    },
    "orientation" : 2
  }, {
    "shape" : "4c4116c0-bbc0-4a90-92df-5b56bd161363",
    "color" : "#009900",
    "position" : {
      "x" : 7.18662,
      "y" : 0.0,
      "z" : -6.4743805
    },
    "orientation" : 1
  }, {
    "shape" : "0b850bbb-5907-4b2b-b298-735ab5df4fac",
    "color" : "#009900",
    "position" : {
      "x" : -1.5926166,
      "y" : 1.5926166,
      "z" : -6.746432
    },
    "orientation" : 19
  }, {
    "shape" : "4c955bde-a2f6-44a0-9f1d-0f0fd5c01f2e",
    "color" : "#FF6666",
    "position" : {
      "x" : 0.0,
      "y" : -4.0,
      "z" : -10.472136
    },
    "orientation" : 1
  }, {
    "shape" : "58712036-0a1c-4ae5-8bd5-e93755a1811c",
    "color" : "#009900",
    "position" : {
      "x" : 3.017096,
      "y" : 1.5926166,
      "z" : -9.051289
    },
    "orientation" : 49
  }, {
    "shape" : "d4fd9f6e-12a0-4208-aaa1-f7cc6a9424f2",
    "color" : "#000000",
    "position" : {
      "x" : -2.7289891,
      "y" : 3.1271431,
      "z" : -7.144586
    },
    "orientation" : 49
  }, {
    "shape" : "1e9c69b7-1a2c-4346-971b-f2f8dff499ff",
    "color" : "#009900",
    "position" : {
      "x" : 0.0,
      "y" : -0.9334563,
      "z" : -10.9159565
    },
    "orientation" : 0
  }, {
    "shape" : "4f35c959-7500-42a8-a790-ce9fad22c16b",
    "color" : "#000000",
    "position" : {
      "x" : 0.28197432,
      "y" : 4.277229,
      "z" : -6.0082135
    },
    "orientation" : 49
  }, {
    "shape" : "3ab0dfb1-b848-4d34-a02c-47830d478b3e",
    "color" : "#000000",
    "position" : {
      "x" : -0.3622526,
      "y" : 4.031156,
      "z" : -7.694822
    },
    "orientation" : 54
  }, {
    "shape" : "1e9c69b7-1a2c-4346-971b-f2f8dff499ff",
    "color" : "#009900",
    "position" : {
      "x" : 9.297922,
      "y" : -2.618034,
      "z" : -5.169524
    },
    "orientation" : 59
  }, {
    "shape" : "6f852293-7da3-45a5-96df-1e1af74c962b",
    "color" : "#009900",
    "position" : {
      "x" : 3.017096,
      "y" : 1.5926166,
      "z" : -9.051289
    },
    "orientation" : 17
  }, {
    "shape" : "58712036-0a1c-4ae5-8bd5-e93755a1811c",
    "color" : "#009900",
    "position" : {
      "x" : 5.5940037,
      "y" : -2.5769076,
      "z" : -7.458672
    },
    "orientation" : 22
  }, {
    "shape" : "a2a57a67-fb1e-4a09-866b-4ba3c580ddcf",
    "color" : "#FF6666",
    "position" : {
      "x" : 4.0,
      "y" : 2.472136,
      "z" : -4.944272
    },
    "orientation" : 4
  }, {
    "shape" : "5b771c4b-8291-4a70-b3d4-2ce32a421e71",
    "color" : "#FF6666",
    "position" : {
      "x" : 6.472136,
      "y" : 6.472136,
      "z" : -6.472136
    },
    "orientation" : 5
  }, {
    "shape" : "2ceb2b82-aca0-43a2-afdf-105c335fab2e",
    "color" : "#009900",
    "position" : {
      "x" : 5.5940037,
      "y" : 2.5769076,
      "z" : -7.458672
    },
    "orientation" : 17
  }, {
    "shape" : "a2a57a67-fb1e-4a09-866b-4ba3c580ddcf",
    "color" : "#FF6666",
    "position" : {
      "x" : 1.5278641,
      "y" : -1.5278641,
      "z" : -6.472136
    },
    "orientation" : 39
  }, {
    "shape" : "28cb6cda-db64-4d9f-8e40-d0ced85e25c0",
    "color" : "#009900",
    "position" : {
      "x" : 10.9159565,
      "y" : 0.0,
      "z" : -4.169524
    },
    "orientation" : 5
  }, {
    "shape" : "c6d9be9d-2d85-4981-a7df-3f13ef6ce4e4",
    "color" : "#000000",
    "position" : {
      "x" : -1.8608778,
      "y" : -3.1989462,
      "z" : -6.044115
    },
    "orientation" : 59
  }, {
    "shape" : "4e599293-7d5b-4aa3-8c90-e1f697c6b6de",
    "color" : "#FF6666",
    "position" : {
      "x" : 0.0,
      "y" : 4.0,
      "z" : -10.472136
    },
    "orientation" : 9
  }, {
    "shape" : "19f971c2-abbe-463d-8b78-d8d800e2175c",
    "color" : "#009900",
    "position" : {
      "x" : 5.5940037,
      "y" : -2.5769076,
      "z" : -7.458672
    },
    "orientation" : 17
  }, {
    "shape" : "1249b91e-6f30-4459-ba2e-3831c11e03ff",
    "color" : "#000000",
    "position" : {
      "x" : 2.5769076,
      "y" : 5.1538153,
      "z" : -4.169524
    },
    "orientation" : 49
  }, {
    "shape" : "4c4116c0-bbc0-4a90-92df-5b56bd161363",
    "color" : "#009900",
    "position" : {
      "x" : 5.5940037,
      "y" : 2.5769076,
      "z" : -7.458672
    },
    "orientation" : 57
  }, {
    "shape" : "5b771c4b-8291-4a70-b3d4-2ce32a421e71",
    "color" : "#FF6666",
    "position" : {
      "x" : 6.472136,
      "y" : -6.472136,
      "z" : -6.472136
    },
    "orientation" : 30
  }, {
    "shape" : "33bb7a34-3b47-4649-a2e6-e0255a7ffb90",
    "color" : "#FF6666",
    "position" : {
      "x" : 1.5278641,
      "y" : -1.5278641,
      "z" : -6.472136
    },
    "orientation" : 39
  }, {
    "shape" : "c6d9be9d-2d85-4981-a7df-3f13ef6ce4e4",
    "color" : "#000000",
    "position" : {
      "x" : -1.6507065,
      "y" : 3.5390105,
      "z" : -5.9142222
    },
    "orientation" : 49
  }, {
    "shape" : "4f35c959-7500-42a8-a790-ce9fad22c16b",
    "color" : "#000000",
    "position" : {
      "x" : 6.9122267,
      "y" : -1.7446979,
      "z" : -1.9104924
    },
    "orientation" : 24
  }, {
    "shape" : "c75c109d-cbc9-4c9f-a389-d316590e334d",
    "color" : "#009900",
    "position" : {
      "x" : 3.017096,
      "y" : -1.5926166,
      "z" : -9.051289
    },
    "orientation" : 17
  }, {
    "shape" : "d0580752-89e2-4746-9c81-b0017e55f157",
    "color" : "#009900",
    "position" : {
      "x" : 5.1538153,
      "y" : -4.169524,
      "z" : -2.5769076
    },
    "orientation" : 8
  }, {
    "shape" : "43ec2308-6ee2-43b0-85d3-53a0b5b51062",
    "color" : "#009900",
    "position" : {
      "x" : -1.5926166,
      "y" : 1.5926166,
      "z" : -6.746432
    },
    "orientation" : 53
  }, {
    "shape" : "3ab0dfb1-b848-4d34-a02c-47830d478b3e",
    "color" : "#000000",
    "position" : {
      "x" : 4.3216057,
      "y" : -5.820231,
      "z" : -4.800038
    },
    "orientation" : 31
  }, {
    "shape" : "042ee1c7-b0b3-457d-b8af-3a80ba4a591a",
    "color" : "#FF6666",
    "position" : {
      "x" : 1.5278641,
      "y" : 1.5278641,
      "z" : -6.472136
    },
    "orientation" : 38
  }, {
    "shape" : "1fd92b70-2d8c-4b39-9c52-594193db2ae8",
    "color" : "#009900",
    "position" : {
      "x" : 0.0,
      "y" : 4.169524,
      "z" : -10.9159565
    },
    "orientation" : 1
  }, {
    "shape" : "43ec2308-6ee2-43b0-85d3-53a0b5b51062",
    "color" : "#009900",
    "position" : {
      "x" : 6.746432,
      "y" : 1.5926166,
      "z" : -1.5926166
    },
    "orientation" : 9
  }, {
    "shape" : "69202d09-a746-48c0-ad9d-30362edc8041",
    "color" : "#009900",
    "position" : {
      "x" : 10.9159565,
      "y" : 0.0,
      "z" : -4.169524
    },
    "orientation" : 5
  }, {
    "shape" : "1ed95194-a37c-47f0-becf-9b80474bacd6",
    "color" : "#FF6666",
    "position" : {
      "x" : -1.5278641,
      "y" : 1.5278641,
      "z" : -6.472136
    },
    "orientation" : 8
  }, {
    "shape" : "25631cc0-1216-4230-b756-695cddb9cb04",
    "color" : "#009900",
    "position" : {
      "x" : 2.5769076,
      "y" : 5.1538153,
      "z" : -4.169524
    },
    "orientation" : 54
  }, {
    "shape" : "880edd1e-7f35-40ca-a04a-06ad151319cb",
    "color" : "#FF6666",
    "position" : {
      "x" : 5.527864,
      "y" : 0.0,
      "z" : -4.0
    },
    "orientation" : 7
  }, {
    "shape" : "d4fd9f6e-12a0-4208-aaa1-f7cc6a9424f2",
    "color" : "#000000",
    "position" : {
      "x" : -1.686608,
      "y" : -4.813751,
      "z" : -6.500359
    },
    "orientation" : 59
  }, {
    "shape" : "69202d09-a746-48c0-ad9d-30362edc8041",
    "color" : "#009900",
    "position" : {
      "x" : 0.0,
      "y" : -4.169524,
      "z" : -10.9159565
    },
    "orientation" : 30
  }, {
    "shape" : "4e599293-7d5b-4aa3-8c90-e1f697c6b6de",
    "color" : "#FF6666",
    "position" : {
      "x" : 10.472136,
      "y" : 0.0,
      "z" : -4.0
    },
    "orientation" : 16
  }, {
    "shape" : "4f35c959-7500-42a8-a790-ce9fad22c16b",
    "color" : "#000000",
    "position" : {
      "x" : 2.6349976,
      "y" : -5.176004,
      "z" : -4.553965
    },
    "orientation" : 22
  }, {
    "shape" : "d8dbc891-63d8-400e-8491-6f9d2da91c23",
    "color" : "#FF6666",
    "position" : {
      "x" : 2.472136,
      "y" : 4.944272,
      "z" : -4.0
    },
    "orientation" : 21
  }, {
    "shape" : "c6d9be9d-2d85-4981-a7df-3f13ef6ce4e4",
    "color" : "#000000",
    "position" : {
      "x" : 3.5252974,
      "y" : -5.516068,
      "z" : -2.715276
    },
    "orientation" : 22
  }, {
    "shape" : "58712036-0a1c-4ae5-8bd5-e93755a1811c",
    "color" : "#009900",
    "position" : {
      "x" : 5.5940037,
      "y" : 2.5769076,
      "z" : -7.458672
    },
    "orientation" : 0
  }, {
    "shape" : "664011aa-ff72-4c93-85e9-500e69914cca",
    "color" : "#FF6666",
    "position" : {
      "x" : 4.0,
      "y" : -2.472136,
      "z" : -4.944272
    },
    "orientation" : 2
  }, {
    "shape" : "3ab0dfb1-b848-4d34-a02c-47830d478b3e",
    "color" : "#000000",
    "position" : {
      "x" : 8.352762,
      "y" : -0.7023168,
      "z" : -2.3086467
    },
    "orientation" : 8
  }, {
    "shape" : "c6d9be9d-2d85-4981-a7df-3f13ef6ce4e4",
    "color" : "#000000",
    "position" : {
      "x" : 3.8653617,
      "y" : 5.386175,
      "z" : -2.5051048
    },
    "orientation" : 0
  }, {
    "shape" : "1249b91e-6f30-4459-ba2e-3831c11e03ff",
    "color" : "#000000",
    "position" : {
      "x" : 6.746432,
      "y" : 1.5926166,
      "z" : -1.5926166
    },
    "orientation" : 0
  }, {
    "shape" : "d4fd9f6e-12a0-4208-aaa1-f7cc6a9424f2",
    "color" : "#000000",
    "position" : {
      "x" : 5.059824,
      "y" : -6.1022053,
      "z" : -2.3308349
    },
    "orientation" : 22
  }, {
    "shape" : "430df0b6-e3c6-454e-b027-776fc5d5701d",
    "color" : "#FF6666",
    "position" : {
      "x" : 4.0,
      "y" : 2.472136,
      "z" : -4.944272
    },
    "orientation" : 16
  }, {
    "shape" : "1249b91e-6f30-4459-ba2e-3831c11e03ff",
    "color" : "#000000",
    "position" : {
      "x" : 0.0,
      "y" : -4.169524,
      "z" : -5.7621408
    },
    "orientation" : 22
  }, {
    "shape" : "ac5423bd-5be6-462e-9d83-ae9c82dac9ce",
    "color" : "#FF6666",
    "position" : {
      "x" : 5.527864,
      "y" : 0.0,
      "z" : -4.0
    },
    "orientation" : 30
  }, {
    "shape" : "25631cc0-1216-4230-b756-695cddb9cb04",
    "color" : "#009900",
    "position" : {
      "x" : 5.1538153,
      "y" : -4.169524,
      "z" : -2.5769076
    },
    "orientation" : 8
  }, {
    "shape" : "36578e88-89f4-448b-8305-547969ff6b93",
    "color" : "#009900",
    "position" : {
      "x" : 6.746432,
      "y" : 1.5926166,
