{
  "polygons" : "true",
  "field" : "golden",
  "symmetry" : "icosahedral",
  "orientations" : [ [ 1.0, 0.0, 0.0, 0.0, 0.0, 1.0, 0.0, 0.0, 0.0, 0.0, 1.0, 0.0, 0.0, 0.0, 0.0, 1.0 ], [ 0.0, 0.0, 1.0, 0.0, 1.0, 0.0, 0.0, 0.0, 0.0, 1.0, 0.0, 0.0, 0.0, 0.0, 0.0, 1.0 ], [ 0.0, 1.0, 0.0, 0.0, 0.0, 0.0, 1.0, 0.0, 1.0, 0.0, 0.0, 0.0, 0.0, 0.0, 0.0, 1.0 ], [ 0.809017, 0.309017, 0.5, 0.0, 0.309017, 0.5, -0.809017, 0.0, -0.5, 0.809017, 0.309017, 0.0, 0.0, 0.0, 0.0, 1.0 ], [ -0.5, 0.809017, 0.309017, 0.0, 0.809017, 0.309017, 0.5, 0.0, 0.309017, 0.5, -0.809017, 0.0, 0.0, 0.0, 0.0, 1.0 ], [ 0.309017, 0.5, -0.809017, 0.0, -0.5, 0.809017, 0.309017, 0.0, 0.809017, 0.309017, 0.5, 0.0, 0.0, 0.0, 0.0, 1.0 ], [ 0.5, 0.809017, 0.309017, 0.0, 0.809017, -0.309017, -0.5, 0.0, -0.309017, 0.5, -0.809017, 0.0, 0.0, 0.0, 0.0, 1.0 ], [ -0.309017, 0.5, -0.809017, 0.0, 0.5, 0.809017, 0.309017, 0.0, 0.809017, -0.309017, -0.5, 0.0, 0.0, 0.0, 0.0, 1.0 ], [ 0.809017, -0.309017, -0.5, 0.0, -0.309017, 0.5, -0.809017, 0.0, 0.5, 0.809017, 0.309017, 0.0, 0.0, 0.0, 0.0, 1.0 ], [ 0.5, 0.809017, -0.309017, 0.0, 0.809017, -0.309017, 0.5, 0.0, 0.309017, -0.5, -0.809017, 0.0, 0.0, 0.0, 0.0, 1.0 ], [ 0.309017, -0.5, -0.809017, 0.0, 0.5, 0.809017, -0.309017, 0.0, 0.809017, -0.309017, 0.5, 0.0, 0.0, 0.0, 0.0, 1.0 ], [ 0.809017, -0.309017, 0.5, 0.0, 0.309017, -0.5, -0.809017, 0.0, 0.5, 0.809017, -0.309017, 0.0, 0.0, 0.0, 0.0, 1.0 ], [ 0.809017, 0.309017, -0.5, 0.0, 0.309017, 0.5, 0.809017, 0.0, 0.5, -0.809017, 0.309017, 0.0, 0.0, 0.0, 0.0, 1.0 ], [ 0.5, -0.809017, 0.309017, 0.0, 0.809017, 0.309017, -0.5, 0.0, 0.309017, 0.5, 0.809017, 0.0, 0.0, 0.0, 0.0, 1.0 ], [ 0.309017, 0.5, 0.809017, 0.0, 0.5, -0.809017, 0.309017, 0.0, 0.809017, 0.309017, -0.5, 0.0, 0.0, 0.0, 0.0, 1.0 ], [ 1.0, 0.0, 0.0, 0.0, 0.0, -1.0, 0.0, 0.0, 0.0, 0.0, -1.0, 0.0, 0.0, 0.0, 0.0, 1.0 ], [ 0.0, 0.0, 1.0, 0.0, -1.0, 0.0, 0.0, 0.0, 0.0, -1.0, 0.0, 0.0, 0.0, 0.0, 0.0, 1.0 ], [ 0.0, 1.0, 0.0, 0.0, 0.0, 0.0, -1.0, 0.0, -1.0, 0.0, 0.0, 0.0, 0.0, 0.0, 0.0, 1.0 ], [ 0.809017, 0.309017, 0.5, 0.0, -0.309017, -0.5, 0.809017, 0.0, 0.5, -0.809017, -0.309017, 0.0, 0.0, 0.0, 0.0, 1.0 ], [ -0.5, 0.809017, 0.309017, 0.0, -0.809017, -0.309017, -0.5, 0.0, -0.309017, -0.5, 0.809017, 0.0, 0.0, 0.0, 0.0, 1.0 ], [ 0.309017, 0.5, -0.809017, 0.0, 0.5, -0.809017, -0.309017, 0.0, -0.809017, -0.309017, -0.5, 0.0, 0.0, 0.0, 0.0, 1.0 ], [ 0.5, 0.809017, 0.309017, 0.0, -0.809017, 0.309017, 0.5, 0.0, 0.309017, -0.5, 0.809017, 0.0, 0.0, 0.0, 0.0, 1.0 ], [ -0.309017, 0.5, -0.809017, 0.0, -0.5, -0.809017, -0.309017, 0.0, -0.809017, 0.309017, 0.5, 0.0, 0.0, 0.0, 0.0, 1.0 ], [ 0.809017, -0.309017, -0.5, 0.0, 0.309017, -0.5, 0.809017, 0.0, -0.5, -0.809017, -0.309017, 0.0, 0.0, 0.0, 0.0, 1.0 ], [ 0.5, 0.809017, -0.309017, 0.0, -0.809017, 0.309017, -0.5, 0.0, -0.309017, 0.5, 0.809017, 0.0, 0.0, 0.0, 0.0, 1.0 ], [ 0.309017, -0.5, -0.809017, 0.0, -0.5, -0.809017, 0.309017, 0.0, -0.809017, 0.309017, -0.5, 0.0, 0.0, 0.0, 0.0, 1.0 ], [ 0.809017, -0.309017, 0.5, 0.0, -0.309017, 0.5, 0.809017, 0.0, -0.5, -0.809017, 0.309017, 0.0, 0.0, 0.0, 0.0, 1.0 ], [ 0.809017, 0.309017, -0.5, 0.0, -0.309017, -0.5, -0.809017, 0.0, -0.5, 0.809017, -0.309017, 0.0, 0.0, 0.0, 0.0, 1.0 ], [ 0.5, -0.809017, 0.309017, 0.0, -0.809017, -0.309017, 0.5, 0.0, -0.309017, -0.5, -0.809017, 0.0, 0.0, 0.0, 0.0, 1.0 ], [ 0.309017, 0.5, 0.809017, 0.0, -0.5, 0.809017, -0.309017, 0.0, -0.809017, -0.309017, 0.5, 0.0, 0.0, 0.0, 0.0, 1.0 ], [ -1.0, 0.0, 0.0, 0.0, 0.0, -1.0, 0.0, 0.0, 0.0, 0.0, 1.0, 0.0, 0.0, 0.0, 0.0, 1.0 ], [ 0.0, 0.0, -1.0, 0.0, -1.0, 0.0, 0.0, 0.0, 0.0, 1.0, 0.0, 0.0, 0.0, 0.0, 0.0, 1.0 ], [ 0.0, -1.0, 0.0, 0.0, 0.0, 0.0, -1.0, 0.0, 1.0, 0.0, 0.0, 0.0, 0.0, 0.0, 0.0, 1.0 ], [ -0.809017, -0.309017, -0.5, 0.0, -0.309017, -0.5, 0.809017, 0.0, -0.5, 0.809017, 0.309017, 0.0, 0.0, 0.0, 0.0, 1.0 ], [ 0.5, -0.809017, -0.309017, 0.0, -0.809017, -0.309017, -0.5, 0.0, 0.309017, 0.5, -0.809017, 0.0, 0.0, 0.0, 0.0, 1.0 ], [ -0.309017, -0.5, 0.809017, 0.0, 0.5, -0.809017, -0.309017, 0.0, 0.809017, 0.309017, 0.5, 0.0, 0.0, 0.0, 0.0, 1.0 ], [ -0.5, -0.809017, -0.309017, 0.0, -0.809017, 0.309017, 0.5, 0.0, -0.309017, 0.5, -0.809017, 0.0, 0.0, 0.0, 0.0, 1.0 ], [ 0.309017, -0.5, 0.809017, 0.0, -0.5, -0.809017, -0.309017, 0.0, 0.809017, -0.309017, -0.5, 0.0, 0.0, 0.0, 0.0, 1.0 ], [ -0.809017, 0.309017, 0.5, 0.0, 0.309017, -0.5, 0.809017, 0.0, 0.5, 0.809017, 0.309017, 0.0, 0.0, 0.0, 0.0, 1.0 ], [ -0.5, -0.809017, 0.309017, 0.0, -0.809017, 0.309017, -0.5, 0.0, 0.309017, -0.5, -0.809017, 0.0, 0.0, 0.0, 0.0, 1.0 ], [ -0.309017, 0.5, 0.809017, 0.0, -0.5, -0.809017, 0.309017, 0.0, 0.809017, -0.309017, 0.5, 0.0, 0.0, 0.0, 0.0, 1.0 ], [ -0.809017, 0.309017, -0.5, 0.0, -0.309017, 0.5, 0.809017, 0.0, 0.5, 0.809017, -0.309017, 0.0, 0.0, 0.0, 0.0, 1.0 ], [ -0.809017, -0.309017, 0.5, 0.0, -0.309017, -0.5, -0.809017, 0.0, 0.5, -0.809017, 0.309017, 0.0, 0.0, 0.0, 0.0, 1.0 ], [ -0.5, 0.809017, -0.309017, 0.0, -0.809017, -0.309017, 0.5, 0.0, 0.309017, 0.5, 0.809017, 0.0, 0.0, 0.0, 0.0, 1.0 ], [ -0.309017, -0.5, -0.809017, 0.0, -0.5, 0.809017, -0.309017, 0.0, 0.809017, 0.309017, -0.5, 0.0, 0.0, 0.0, 0.0, 1.0 ], [ -1.0, 0.0, 0.0, 0.0, 0.0, 1.0, 0.0, 0.0, 0.0, 0.0, -1.0, 0.0, 0.0, 0.0, 0.0, 1.0 ], [ 0.0, 0.0, -1.0, 0.0, 1.0, 0.0, 0.0, 0.0, 0.0, -1.0, 0.0, 0.0, 0.0, 0.0, 0.0, 1.0 ], [ 0.0, -1.0, 0.0, 0.0, 0.0, 0.0, 1.0, 0.0, -1.0, 0.0, 0.0, 0.0, 0.0, 0.0, 0.0, 1.0 ], [ -0.809017, -0.309017, -0.5, 0.0, 0.309017, 0.5, -0.809017, 0.0, 0.5, -0.809017, -0.309017, 0.0, 0.0, 0.0, 0.0, 1.0 ], [ 0.5, -0.809017, -0.309017, 0.0, 0.809017, 0.309017, 0.5, 0.0, -0.309017, -0.5, 0.809017, 0.0, 0.0, 0.0, 0.0, 1.0 ], [ -0.309017, -0.5, 0.809017, 0.0, -0.5, 0.809017, 0.309017, 0.0, -0.809017, -0.309017, -0.5, 0.0, 0.0, 0.0, 0.0, 1.0 ], [ -0.5, -0.809017, -0.309017, 0.0, 0.809017, -0.309017, -0.5, 0.0, 0.309017, -0.5, 0.809017, 0.0, 0.0, 0.0, 0.0, 1.0 ], [ 0.309017, -0.5, 0.809017, 0.0, 0.5, 0.809017, 0.309017, 0.0, -0.809017, 0.309017, 0.5, 0.0, 0.0, 0.0, 0.0, 1.0 ], [ -0.809017, 0.309017, 0.5, 0.0, -0.309017, 0.5, -0.809017, 0.0, -0.5, -0.809017, -0.309017, 0.0, 0.0, 0.0, 0.0, 1.0 ], [ -0.5, -0.809017, 0.309017, 0.0, 0.809017, -0.309017, 0.5, 0.0, -0.309017, 0.5, 0.809017, 0.0, 0.0, 0.0, 0.0, 1.0 ], [ -0.309017, 0.5, 0.809017, 0.0, 0.5, 0.809017, -0.309017, 0.0, -0.809017, 0.309017, -0.5, 0.0, 0.0, 0.0, 0.0, 1.0 ], [ -0.809017, 0.309017, -0.5, 0.0, 0.309017, -0.5, -0.809017, 0.0, -0.5, -0.809017, 0.309017, 0.0, 0.0, 0.0, 0.0, 1.0 ], [ -0.809017, -0.309017, 0.5, 0.0, 0.309017, 0.5, 0.809017, 0.0, -0.5, 0.809017, -0.309017, 0.0, 0.0, 0.0, 0.0, 1.0 ], [ -0.5, 0.809017, -0.309017, 0.0, 0.809017, 0.309017, -0.5, 0.0, -0.309017, -0.5, -0.809017, 0.0, 0.0, 0.0, 0.0, 1.0 ], [ -0.309017, -0.5, -0.809017, 0.0, 0.5, -0.809017, 0.309017, 0.0, -0.809017, -0.309017, 0.5, 0.0, 0.0, 0.0, 0.0, 1.0 ] ],
  "lights" : {
    "directionalLights" : [ {
      "direction" : [ 1.0, -1.0, -1.0 ],
      "color" : "#EBEBE4"
    }, {
      "direction" : [ -1.0, 0.0, 0.0 ],
      "color" : "#E4E4EB"
    }, {
      "direction" : [ 0.0, 0.0, -1.0 ],
      "color" : "#1E1E1E"
    } ],
    "ambientColor" : "#292929",
    "backgroundColor" : "#AFC8DC"
  },
  "camera" : {
    "width" : 39.266502,
    "stereo" : false,
    "viewDistance" : 87.25889,
    "nearClipDistance" : 0.21814723,
    "farClipDistance" : 174.51762,
    "lookAtPoint" : {
      "x" : 0.0,
      "y" : -4.236068,
      "z" : -2.618034
    },
    "fieldOfView" : 0.4426289,
    "perspective" : true,
    "lookDirection" : {
      "x" : 0.5106888,
      "y" : -0.8116827,
      "z" : -0.28347775
    },
    "upDirection" : {
      "x" : 0.81742007,
      "y" : 0.35620394,
      "z" : 0.4526843
    },
    "position" : {
      "x" : -44.562134,
      "y" : 66.59046,
      "z" : 22.11792
    }
  },
  "embedding" : [ 1.0, 0.0, 0.0, 0.0, 0.0, 1.0, 0.0, 0.0, 0.0, 0.0, 1.0, 0.0, 0.0, 0.0, 0.0, 1.0 ],
  "shapes" : [ {
    "id" : "b01ab1ae-b8b9-422e-b921-f32a94fa3a7c",
    "name" : "ball",
    "vertices" : [ {
      "x" : 0.309017,
      "y" : -0.309017,
      "z" : -0.309017
    }, {
      "x" : 0.5,
      "y" : 0.0,
      "z" : -0.19098301
    }, {
      "x" : 0.5,
      "y" : 0.0,
      "z" : 0.19098301
    }, {
      "x" : 0.309017,
      "y" : -0.309017,
      "z" : 0.309017
    }, {
      "x" : 0.19098301,
      "y" : -0.5,
      "z" : 0.0
    }, {
      "x" : 0.0,
      "y" : 0.19098301,
      "z" : 0.5
    }, {
      "x" : 0.0,
      "y" : -0.19098301,
      "z" : 0.5
    }, {
      "x" : 0.309017,
      "y" : 0.309017,
      "z" : 0.309017
    }, {
      "x" : -0.309017,
      "y" : -0.309017,
      "z" : 0.309017
    }, {
      "x" : -0.309017,
      "y" : 0.309017,
      "z" : 0.309017
    }, {
      "x" : -0.5,
      "y" : 0.0,
      "z" : 0.19098301
    }, {
      "x" : 0.0,
      "y" : -0.19098301,
      "z" : -0.5
    }, {
      "x" : 0.0,
      "y" : 0.19098301,
      "z" : -0.5
    }, {
      "x" : 0.309017,
      "y" : 0.309017,
      "z" : -0.309017
    }, {
      "x" : -0.309017,
      "y" : -0.309017,
      "z" : -0.309017
    }, {
      "x" : -0.19098301,
      "y" : -0.5,
      "z" : 0.0
    }, {
      "x" : -0.5,
      "y" : 0.0,
      "z" : -0.19098301
    }, {
      "x" : 0.19098301,
      "y" : 0.5,
      "z" : 0.0
    }, {
      "x" : -0.309017,
      "y" : 0.309017,
      "z" : -0.309017
    }, {
      "x" : 0.0,
      "y" : 0.0,
      "z" : 0.0
    }, {
      "x" : -0.19098301,
      "y" : 0.5,
      "z" : 0.0
    } ],
    "faces" : [ {
      "vertices" : [ 12, 18, 20, 17, 13 ]
    }, {
      "vertices" : [ 3, 6, 8, 15, 4 ]
    }, {
      "vertices" : [ 0, 11, 12, 13, 1 ]
    }, {
      "vertices" : [ 5, 9, 10, 8, 6 ]
    }, {
      "vertices" : [ 2, 7, 5, 6, 3 ]
    }, {
      "vertices" : [ 11, 14, 16, 18, 12 ]
    }, {
      "vertices" : [ 1, 13, 17, 7, 2 ]
    }, {
      "vertices" : [ 9, 20, 18, 16, 10 ]
    }, {
      "vertices" : [ 0, 1, 2, 3, 4 ]
    }, {
      "vertices" : [ 5, 7, 17, 20, 9 ]
    }, {
      "vertices" : [ 0, 4, 15, 14, 11 ]
    }, {
      "vertices" : [ 8, 10, 16, 14, 15 ]
    } ]
  }, {
    "id" : "003feffe-189e-4d89-b947-3f659de59969",
    "vertices" : [ {
      "x" : 0.0,
      "y" : 0.0,
      "z" : 0.0
    }, {
      "x" : -1.0,
      "y" : 1.618034,
      "z" : -2.618034
    }, {
      "x" : 0.0,
      "y" : 3.236068,
      "z" : 0.0
    } ],
    "faces" : [ {
      "vertices" : [ 0, 1, 2 ]
    }, {
      "vertices" : [ 0, 2, 1 ]
    } ]
  }, {
    "id" : "89554da5-d37e-4ec5-8537-a54e598eb76a",
    "vertices" : [ {
      "x" : 0.0,
      "y" : 0.0,
      "z" : 0.0
    }, {
      "x" : -1.618034,
      "y" : 2.618034,
      "z" : -4.236068
    }, {
      "x" : -1.618034,
      "y" : 5.854102,
      "z" : -4.236068
    } ],
    "faces" : [ {
      "vertices" : [ 0, 1, 2 ]
    }, {
      "vertices" : [ 0, 2, 1 ]
    } ]
  }, {
    "id" : "bbc57dae-4d2b-47b2-8bbd-0e22bf693eac",
    "vertices" : [ {
      "x" : 0.0,
      "y" : 0.0,
      "z" : 0.0
    }, {
      "x" : 1.618034,
      "y" : -2.618034,
      "z" : 4.236068
    }, {
      "x" : -1.0,
      "y" : -3.618034,
      "z" : -2.618034
    } ],
    "faces" : [ {
      "vertices" : [ 0, 1, 2 ]
    }, {
      "vertices" : [ 0, 2, 1 ]
    } ]
  }, {
    "id" : "053053ab-9325-46fc-9165-561751f12ac0",
    "vertices" : [ {
      "x" : 0.0,
      "y" : 0.0,
      "z" : 0.0
    }, {
      "x" : -2.618034,
      "y" : -1.0,
      "z" : -6.854102
    }, {
      "x" : -1.0,
      "y" : 1.618034,
      "z" : -2.618034
    } ],
    "faces" : [ {
      "vertices" : [ 0, 1, 2 ]
    }, {
      "vertices" : [ 0, 2, 1 ]
    } ]
  }, {
    "id" : "7217949c-8d00-4875-8a6b-9b4b0bbdffac",
    "vertices" : [ {
      "x" : 0.0,
      "y" : 0.0,
      "z" : 0.0
    }, {
      "x" : 1.0,
      "y" : 6.854102,
      "z" : 2.618034
    }, {
      "x" : 1.618034,
      "y" : 2.618034,
      "z" : 4.236068
    } ],
    "faces" : [ {
      "vertices" : [ 0, 1, 2 ]
    }, {
      "vertices" : [ 0, 2, 1 ]
    } ]
  }, {
    "id" : "9a267f19-ece3-4410-8acd-fa5782042861",
    "vertices" : [ {
      "x" : 0.0,
      "y" : 0.0,
      "z" : 0.0
    }, {
      "x" : -1.0,
      "y" : 1.618034,
      "z" : -2.618034
    }, {
      "x" : 0.0,
      "y" : 8.472136,
      "z" : 0.0
    } ],
    "faces" : [ {
      "vertices" : [ 0, 1, 2 ]
    }, {
      "vertices" : [ 0, 2, 1 ]
    } ]
  }, {
    "id" : "3e6a2124-59a8-48a3-a6ac-5c3b6137ae7a",
    "vertices" : [ {
      "x" : 0.0,
      "y" : 0.0,
      "z" : 0.0
    }, {
      "x" : 0.0,
      "y" : 3.236068,
      "z" : 0.0
    }, {
      "x" : 1.618034,
      "y" : -2.618034,
      "z" : 4.236068
    } ],
    "faces" : [ {
      "vertices" : [ 0, 1, 2 ]
    }, {
      "vertices" : [ 0, 2, 1 ]
    } ]
  }, {
    "id" : "1a7b6fd3-e0f7-48fe-a80f-ef1adb6c3ee5",
    "vertices" : [ {
      "x" : 0.0,
      "y" : 0.0,
      "z" : 0.0
    }, {
      "x" : -2.618034,
      "y" : 4.236068,
      "z" : -6.854102
    }, {
      "x" : -2.618034,
      "y" : 11.09017,
      "z" : -2.618034
    }, {
      "x" : 0.0,
      "y" : 6.854102,
      "z" : 4.236068
    } ],
    "faces" : [ {
      "vertices" : [ 0, 1, 2, 3 ]
    }, {
      "vertices" : [ 0, 3, 2, 1 ]
    } ]
  }, {
    "id" : "addc91e0-8490-430a-a8cf-e1a79135e3a4",
    "vertices" : [ {
      "x" : 0.0,
      "y" : 0.0,
      "z" : 0.0
    }, {
      "x" : -2.618034,
      "y" : -1.0,
      "z" : -6.854102
    }, {
      "x" : -1.618034,
      "y" : 2.618034,
      "z" : -4.236068
    } ],
    "faces" : [ {
      "vertices" : [ 0, 1, 2 ]
    }, {
      "vertices" : [ 0, 2, 1 ]
    } ]
  }, {
    "id" : "a3caa1ff-332e-470c-aa23-baacaff97fc0",
    "vertices" : [ {
      "x" : 0.0,
      "y" : 0.0,
      "z" : 0.0
    }, {
      "x" : 1.0,
      "y" : 1.618034,
      "z" : 2.618034
    }, {
      "x" : 1.0,
      "y" : -1.618034,
      "z" : 2.618034
    } ],
    "faces" : [ {
      "vertices" : [ 0, 1, 2 ]
    }, {
      "vertices" : [ 0, 2, 1 ]
    } ]
  }, {
    "id" : "eeb7713f-315e-44ab-aa21-8d4a567e6f5f",
    "orbit" : "red",
    "name" : "r1",
    "vertices" : [ {
      "x" : 0.9045085,
      "y" : 0.3454915,
      "z" : 0.25
    }, {
      "x" : 6.1405764,
      "y" : 3.5815594,
      "z" : 0.25
    }, {
      "x" : 5.9495935,
      "y" : 3.8905764,
      "z" : 0.25
    }, {
      "x" : 0.7135255,
      "y" : 0.6545085,
      "z" : 0.25
    }, {
      "x" : 0.809017,
      "y" : 0.5,
      "z" : -0.309017
    }, {
      "x" : 0.9635255,
      "y" : 0.25,
      "z" : -0.095491506
    }, {
      "x" : 0.309017,
      "y" : 0.19098301,
      "z" : 0.0
    }, {
      "x" : 6.545085,
      "y" : 4.045085,
      "z" : 0.0
    }, {
      "x" : 5.8905764,
      "y" : 3.986068,
      "z" : -0.095491506
    }, {
      "x" : 6.045085,
      "y" : 3.736068,
      "z" : -0.309017
    }, {
      "x" : 6.854102,
      "y" : 4.236068,
      "z" : 0.0
    }, {
      "x" : 0.6545085,
      "y" : 0.75,
      "z" : -0.095491506
    }, {
      "x" : 6.1995935,
      "y" : 3.486068,
      "z" : -0.095491506
    } ],
    "faces" : [ {
      "vertices" : [ 4, 11, 8, 9 ]
    }, {
      "vertices" : [ 0, 1, 2, 3 ]
    }, {
      "vertices" : [ 0, 3, 6 ]
    }, {
      "vertices" : [ 1, 7, 2 ]
    }, {
      "vertices" : [ 0, 6, 5 ]
    }, {
      "vertices" : [ 4, 5, 6 ]
    }, {
      "vertices" : [ 2, 7, 8 ]
    }, {
      "vertices" : [ 0, 5, 12, 1 ]
    }, {
      "vertices" : [ 1, 12, 7 ]
    }, {
      "vertices" : [ 3, 11, 6 ]
    }, {
      "vertices" : [ 4, 6, 11 ]
    }, {
      "vertices" : [ 7, 9, 8 ]
    }, {
      "vertices" : [ 2, 8, 11, 3 ]
    }, {
      "vertices" : [ 7, 12, 9 ]
    }, {
      "vertices" : [ 4, 9, 12, 5 ]
    } ]
  }, {
    "id" : "610a0c20-493a-41c2-b660-dc020715d130",
    "vertices" : [ {
      "x" : 0.0,
      "y" : 0.0,
      "z" : 0.0
    }, {
      "x" : 0.0,
      "y" : -5.236068,
      "z" : 0.0
    }, {
      "x" : -1.0,
      "y" : -6.854102,
      "z" : -2.618034
    } ],
    "faces" : [ {
      "vertices" : [ 0, 1, 2 ]
    }, {
      "vertices" : [ 0, 2, 1 ]
    } ]
  }, {
    "id" : "529a4b37-7ed9-437b-9ecb-ca9cb8dc71e1",
    "vertices" : [ {
      "x" : 0.0,
      "y" : 0.0,
      "z" : 0.0
    }, {
      "x" : 1.0,
      "y" : 6.854102,
      "z" : 2.618034
    }, {
      "x" : 1.0,
      "y" : 1.618034,
      "z" : 2.618034
    } ],
    "faces" : [ {
      "vertices" : [ 0, 1, 2 ]
    }, {
      "vertices" : [ 0, 2, 1 ]
    } ]
  }, {
    "id" : "0ae5d627-e8fb-4d90-9c59-d4266d56bd9b",
    "vertices" : [ {
      "x" : 0.0,
      "y" : 0.0,
      "z" : 0.0
    }, {
      "x" : 0.0,
      "y" : -3.236068,
      "z" : 0.0
    }, {
      "x" : -2.618034,
      "y" : -4.236068,
      "z" : -6.854102
    } ],
    "faces" : [ {
      "vertices" : [ 0, 1, 2 ]
    }, {
      "vertices" : [ 0, 2, 1 ]
    } ]
  }, {
    "id" : "62082b81-4155-4104-bb3d-63611773ae50",
    "vertices" : [ {
      "x" : 0.0,
      "y" : 0.0,
      "z" : 0.0
    }, {
      "x" : 1.618034,
      "y" : -5.854102,
      "z" : 4.236068
    }, {
      "x" : 0.0,
      "y" : -5.236068,
      "z" : 0.0
    } ],
    "faces" : [ {
      "vertices" : [ 0, 1, 2 ]
    }, {
      "vertices" : [ 0, 2, 1 ]
    } ]
  }, {
    "id" : "1ed3f4a6-5fdf-4e62-a75b-f7b8daf45c82",
    "vertices" : [ {
      "x" : 0.0,
      "y" : 0.0,
      "z" : 0.0
    }, {
      "x" : 1.0,
      "y" : -1.618034,
      "z" : 2.618034
    }, {
      "x" : -1.618034,
      "y" : -2.618034,
      "z" : -4.236068
    } ],
    "faces" : [ {
      "vertices" : [ 0, 1, 2 ]
    }, {
      "vertices" : [ 0, 2, 1 ]
    } ]
  }, {
    "id" : "ced5ad35-37f8-453f-a38e-2f2a0c5aaa79",
    "vertices" : [ {
      "x" : 0.0,
      "y" : 0.0,
      "z" : 0.0
    }, {
      "x" : 1.618034,
      "y" : 2.618034,
      "z" : 4.236068
    }, {
      "x" : 2.618034,
      "y" : 1.0,
      "z" : 6.854102
    } ],
    "faces" : [ {
      "vertices" : [ 0, 1, 2 ]
    }, {
      "vertices" : [ 0, 2, 1 ]
    } ]
  }, {
    "id" : "42f6fed4-5994-4321-8840-66d358172592",
    "vertices" : [ {
      "x" : 0.0,
      "y" : 0.0,
      "z" : 0.0
    }, {
      "x" : 0.0,
      "y" : -3.236068,
      "z" : 0.0
    }, {
      "x" : -1.0,
      "y" : -1.618034,
      "z" : -2.618034
    } ],
    "faces" : [ {
      "vertices" : [ 0, 1, 2 ]
    }, {
      "vertices" : [ 0, 2, 1 ]
    } ]
  }, {
    "id" : "aed6135c-91af-4af4-891a-98119f807e3a",
    "vertices" : [ {
      "x" : 0.0,
      "y" : 0.0,
      "z" : 0.0
    }, {
      "x" : 0.0,
      "y" : 5.236068,
      "z" : 0.0
    }, {
      "x" : 1.618034,
      "y" : -0.618034,
      "z" : 4.236068
    } ],
    "faces" : [ {
      "vertices" : [ 0, 1, 2 ]
    }, {
      "vertices" : [ 0, 2, 1 ]
    } ]
  }, {
    "id" : "a27ee684-cc68-417b-ab0b-75e4c39d0f6d",
    "vertices" : [ {
      "x" : 0.0,
      "y" : 0.0,
      "z" : 0.0
    }, {
      "x" : 1.618034,
      "y" : -5.854102,
      "z" : 4.236068
    }, {
      "x" : 0.0,
      "y" : -3.236068,
      "z" : 0.0
    } ],
    "faces" : [ {
      "vertices" : [ 0, 1, 2 ]
    }, {
      "vertices" : [ 0, 2, 1 ]
    } ]
  }, {
    "id" : "c613e6d5-162a-4c78-88f1-ed1484769c1a",
    "vertices" : [ {
      "x" : 0.0,
      "y" : 0.0,
      "z" : 0.0
    }, {
      "x" : -1.618034,
      "y" : -2.618034,
      "z" : -4.236068
    }, {
      "x" : -0.618034,
      "y" : 4.236068,
      "z" : -1.618034
    } ],
    "faces" : [ {
      "vertices" : [ 0, 1, 2 ]
    }, {
      "vertices" : [ 0, 2, 1 ]
    } ]
  } ],
  "instances" : [ {
    "shape" : "b01ab1ae-b8b9-422e-b921-f32a94fa3a7c",
    "color" : "#FFFFFF",
    "position" : {
      "x" : -4.236068,
      "y" : -2.618034,
      "z" : -5.236068
    }
  }, {
    "shape" : "003feffe-189e-4d89-b947-3f659de59969",
    "color" : "#F7CF7F",
    "position" : {
      "x" : -1.618034,
      "y" : -6.854102,
      "z" : -1.618034
    },
    "orientation" : 7
  }, {
    "shape" : "b01ab1ae-b8b9-422e-b921-f32a94fa3a7c",
    "color" : "#FFFFFF",
    "position" : {
      "x" : 11.09017,
      "y" : 0.0,
      "z" : -4.236068
    }
  }, {
    "shape" : "89554da5-d37e-4ec5-8537-a54e598eb76a",
    "color" : "#F7CF7F",
    "position" : {
      "x" : -4.236068,
      "y" : -11.09017,
      "z" : 0.0
    },
    "orientation" : 17
  }, {
    "shape" : "bbc57dae-4d2b-47b2-8bbd-0e22bf693eac",
    "color" : "#F7CF7F",
    "position" : {
      "x" : 1.618034,
      "y" : 1.618034,
      "z" : -6.854102
    },
    "orientation" : 4
  }, {
    "shape" : "053053ab-9325-46fc-9165-561751f12ac0",
    "color" : "#F7CF7F",
    "position" : {
      "x" : 0.0,
      "y" : -4.236068,
      "z" : -5.854102
    },
    "orientation" : 1
  }, {
    "shape" : "b01ab1ae-b8b9-422e-b921-f32a94fa3a7c",
    "color" : "#FFFFFF",
    "position" : {
      "x" : 1.618034,
      "y" : -6.854102,
      "z" : 1.618034
    }
  }, {
    "shape" : "b01ab1ae-b8b9-422e-b921-f32a94fa3a7c",
    "color" : "#FFFFFF",
    "position" : {
      "x" : 5.236068,
      "y" : -4.236068,
      "z" : -2.618034
    }
  }, {
    "shape" : "7217949c-8d00-4875-8a6b-9b4b0bbdffac",
    "color" : "#F7CF7F",
    "position" : {
      "x" : -6.854102,
      "y" : -6.854102,
      "z" : -6.854102
    },
    "orientation" : 2
  }, {
    "shape" : "b01ab1ae-b8b9-422e-b921-f32a94fa3a7c",
    "color" : "#FFFFFF",
    "position" : {
      "x" : -5.854102,
      "y" : 0.0,
      "z" : -4.236068
    }
  }, {
    "shape" : "b01ab1ae-b8b9-422e-b921-f32a94fa3a7c",
    "color" : "#FFFFFF",
    "position" : {
      "x" : -11.09017,
      "y" : 0.0,
      "z" : -4.236068
    }
  }, {
    "shape" : "b01ab1ae-b8b9-422e-b921-f32a94fa3a7c",
    "color" : "#FFFFFF",
    "position" : {
      "x" : 4.236068,
      "y" : -2.618034,
      "z" : 0.0
    }
  }, {
    "shape" : "b01ab1ae-b8b9-422e-b921-f32a94fa3a7c",
    "color" : "#FFFFFF",
    "position" : {
      "x" : 6.854102,
      "y" : -6.854102,
      "z" : -6.854102
    }
  }, {
    "shape" : "9a267f19-ece3-4410-8acd-fa5782042861",
    "color" : "#F7CF7F",
    "position" : {
      "x" : 0.0,
      "y" : -4.236068,
      "z" : 2.618034
    },
    "orientation" : 54
  }, {
    "shape" : "7217949c-8d00-4875-8a6b-9b4b0bbdffac",
    "color" : "#F7CF7F",
    "position" : {
      "x" : 4.236068,
      "y" : -11.09017,
      "z" : 0.0
    },
    "orientation" : 7
  }, {
    "shape" : "3e6a2124-59a8-48a3-a6ac-5c3b6137ae7a",
    "color" : "#F7CF7F",
    "position" : {
      "x" : -4.236068,
      "y" : -5.854102,
      "z" : 0.0
    },
    "orientation" : 8
  }, {
    "shape" : "b01ab1ae-b8b9-422e-b921-f32a94fa3a7c",
    "color" : "#FFFFFF",
    "position" : {
      "x" : 0.0,
      "y" : -4.236068,
      "z" : -11.09017
    }
  }, {
    "shape" : "b01ab1ae-b8b9-422e-b921-f32a94fa3a7c",
    "color" : "#FFFFFF",
    "position" : {
      "x" : -2.618034,
      "y" : 0.0,
      "z" : -4.236068
    }
  }, {
    "shape" : "1a7b6fd3-e0f7-48fe-a80f-ef1adb6c3ee5",
    "color" : "#EDA57F",
    "position" : {
      "x" : 4.236068,
      "y" : -4.236068,
      "z" : 4.236068
    },
    "orientation" : 37
  }, {
    "shape" : "b01ab1ae-b8b9-422e-b921-f32a94fa3a7c",
    "color" : "#FFFFFF",
    "position" : {
      "x" : 0.0,
      "y" : 2.618034,
      "z" : -6.854102
    }
  }, {
    "shape" : "b01ab1ae-b8b9-422e-b921-f32a94fa3a7c",
    "color" : "#FFFFFF",
    "position" : {
      "x" : -4.236068,
      "y" : -11.09017,
      "z" : 0.0
    }
  }, {
    "shape" : "7217949c-8d00-4875-8a6b-9b4b0bbdffac",
    "color" : "#F7CF7F",
    "position" : {
      "x" : -6.854102,
      "y" : -6.854102,
      "z" : -6.854102
    },
    "orientation" : 1
  }, {
    "shape" : "7217949c-8d00-4875-8a6b-9b4b0bbdffac",
    "color" : "#F7CF7F",
    "position" : {
      "x" : 0.0,
      "y" : -4.236068,
      "z" : -11.09017
    },
    "orientation" : 38
  }, {
    "shape" : "b01ab1ae-b8b9-422e-b921-f32a94fa3a7c",
    "color" : "#FFFFFF",
    "position" : {
      "x" : -4.236068,
      "y" : -5.854102,
      "z" : 0.0
    }
  }, {
    "shape" : "addc91e0-8490-430a-a8cf-e1a79135e3a4",
    "color" : "#F7CF7F",
    "position" : {
      "x" : 0.0,
      "y" : -4.236068,
      "z" : -11.09017
    },
    "orientation" : 6
  }, {
    "shape" : "b01ab1ae-b8b9-422e-b921-f32a94fa3a7c",
    "color" : "#FFFFFF",
    "position" : {
      "x" : -6.854102,
      "y" : -6.854102,
      "z" : -6.854102
    }
  }, {
    "shape" : "b01ab1ae-b8b9-422e-b921-f32a94fa3a7c",
    "color" : "#FFFFFF",
    "position" : {
      "x" : 1.618034,
      "y" : -6.854102,
      "z" : -1.618034
    }
  }, {
    "shape" : "addc91e0-8490-430a-a8cf-e1a79135e3a4",
    "color" : "#F7CF7F",
    "position" : {
      "x" : -4.236068,
      "y" : -11.09017,
      "z" : 0.0
    },
    "orientation" : 8
  }, {
    "shape" : "b01ab1ae-b8b9-422e-b921-f32a94fa3a7c",
    "color" : "#FFFFFF",
    "position" : {
      "x" : -4.236068,
      "y" : -4.236068,
      "z" : 4.236068
    }
  }, {
    "shape" : "a3caa1ff-332e-470c-aa23-baacaff97fc0",
    "color" : "#F7CF7F",
    "position" : {
      "x" : -1.618034,
      "y" : -1.618034,
      "z" : -6.854102
    },
    "orientation" : 5
  }, {
    "shape" : "b01ab1ae-b8b9-422e-b921-f32a94fa3a7c",
    "color" : "#FFFFFF",
    "position" : {
      "x" : 4.236068,
      "y" : -5.854102,
      "z" : 0.0
    }
  }, {
    "shape" : "b01ab1ae-b8b9-422e-b921-f32a94fa3a7c",
    "color" : "#FFFFFF",
    "position" : {
      "x" : 0.0,
      "y" : -4.236068,
      "z" : 2.618034
    }
  }, {
    "shape" : "003feffe-189e-4d89-b947-3f659de59969",
    "color" : "#F7CF7F",
    "position" : {
      "x" : 0.0,
      "y" : -4.236068,
      "z" : -5.854102
    },
    "orientation" : 1
  }, {
    "shape" : "a3caa1ff-332e-470c-aa23-baacaff97fc0",
    "color" : "#F7CF7F",
    "position" : {
      "x" : -5.236068,
      "y" : -4.236068,
      "z" : -2.618034
    },
    "orientation" : 0
  }, {
    "shape" : "eeb7713f-315e-44ab-aa21-8d4a567e6f5f",
    "color" : "#AF0000",
    "position" : {
      "x" : 0.0,
      "y" : -4.236068,
      "z" : -11.09017
    },
    "orientation" : 1
  }, {
    "shape" : "610a0c20-493a-41c2-b660-dc020715d130",
    "color" : "#F7CF7F",
    "position" : {
      "x" : 4.236068,
      "y" : -11.09017,
      "z" : 0.0
    },
    "orientation" : 30
  }, {
    "shape" : "b01ab1ae-b8b9-422e-b921-f32a94fa3a7c",
    "color" : "#FFFFFF",
    "position" : {
      "x" : 6.854102,
      "y" : 0.0,
      "z" : -2.618034
    }
  }, {
    "shape" : "529a4b37-7ed9-437b-9ecb-ca9cb8dc71e1",
    "color" : "#F7CF7F",
    "position" : {
      "x" : 1.618034,
      "y" : -6.854102,
      "z" : -1.618034
    },
    "orientation" : 9
  }, {
    "shape" : "0ae5d627-e8fb-4d90-9c59-d4266d56bd9b",
    "color" : "#F7CF7F",
    "position" : {
      "x" : -4.236068,
      "y" : -2.618034,
      "z" : 0.0
    },
    "orientation" : 3
  }, {
    "shape" : "b01ab1ae-b8b9-422e-b921-f32a94fa3a7c",
    "color" : "#FFFFFF",
    "position" : {
      "x" : 2.618034,
      "y" : -5.236068,
      "z" : -4.236068
    }
  }, {
    "shape" : "62082b81-4155-4104-bb3d-63611773ae50",
    "color" : "#F7CF7F",
    "position" : {
      "x" : 6.854102,
      "y" : -6.854102,
      "z" : -6.854102
    },
    "orientation" : 9
  }, {
    "shape" : "1a7b6fd3-e0f7-48fe-a80f-ef1adb6c3ee5",
    "color" : "#EDA57F",
    "position" : {
      "x" : -6.854102,
      "y" : 0.0,
      "z" : -2.618034
    },
    "orientation" : 56
  }, {
    "shape" : "b01ab1ae-b8b9-422e-b921-f32a94fa3a7c",
    "color" : "#FFFFFF",
    "position" : {
      "x" : -1.618034,
      "y" : -6.854102,
      "z" : 1.618034
    }
  }, {
    "shape" : "b01ab1ae-b8b9-422e-b921-f32a94fa3a7c",
    "color" : "#FFFFFF",
    "position" : {
      "x" : -1.618034,
      "y" : -6.854102,
      "z" : -1.618034
    }
  }, {
    "shape" : "b01ab1ae-b8b9-422e-b921-f32a94fa3a7c",
    "color" : "#FFFFFF",
    "position" : {
      "x" : -2.618034,
      "y" : -5.236068,
      "z" : -4.236068
    }
  }, {
    "shape" : "1ed3f4a6-5fdf-4e62-a75b-f7b8daf45c82",
    "color" : "#F7CF7F",
    "position" : {
      "x" : 5.236068,
      "y" : -4.236068,
      "z" : -2.618034
    },
    "orientation" : 54
  }, {
    "shape" : "b01ab1ae-b8b9-422e-b921-f32a94fa3a7c",
    "color" : "#FFFFFF",
    "position" : {
      "x" : 1.618034,
      "y" : 1.618034,
      "z" : -6.854102
    }
  }, {
    "shape" : "7217949c-8d00-4875-8a6b-9b4b0bbdffac",
    "color" : "#F7CF7F",
    "position" : {
      "x" : -6.854102,
      "y" : -6.854102,
      "z" : -6.854102
    },
    "orientation" : 0
  }, {
    "shape" : "a3caa1ff-332e-470c-aa23-baacaff97fc0",
    "color" : "#F7CF7F",
    "position" : {
      "x" : 0.0,
      "y" : -4.236068,
      "z" : 2.618034
    },
    "orientation" : 3
  }, {
    "shape" : "62082b81-4155-4104-bb3d-63611773ae50",
    "color" : "#F7CF7F",
    "position" : {
      "x" : 4.236068,
      "y" : -11.09017,
      "z" : 0.0
    },
    "orientation" : 30
  }, {
    "shape" : "b01ab1ae-b8b9-422e-b921-f32a94fa3a7c",
    "color" : "#FFFFFF",
    "position" : {
      "x" : -1.618034,
      "y" : -1.618034,
      "z" : -6.854102
    }
  }, {
    "shape" : "7217949c-8d00-4875-8a6b-9b4b0bbdffac",
    "color" : "#F7CF7F",
    "position" : {
      "x" : -4.236068,
      "y" : -11.09017,
      "z" : 0.0
    },
    "orientation" : 4
  }, {
    "shape" : "b01ab1ae-b8b9-422e-b921-f32a94fa3a7c",
    "color" : "#FFFFFF",
    "position" : {
      "x" : 6.854102,
      "y" : -6.854102,
      "z" : 6.854102
    }
  }, {
    "shape" : "9a267f19-ece3-4410-8acd-fa5782042861",
    "color" : "#F7CF7F",
    "position" : {
      "x" : 4.236068,
      "y" : -2.618034,
      "z" : 0.0
    },
    "orientation" : 38
  }, {
    "shape" : "b01ab1ae-b8b9-422e-b921-f32a94fa3a7c",
    "color" : "#FFFFFF",
    "position" : {
      "x" : 4.236068,
      "y" : -4.236068,
      "z" : 4.236068
    }
  }, {
    "shape" : "a3caa1ff-332e-470c-aa23-baacaff97fc0",
    "color" : "#F7CF7F",
    "position" : {
      "x" : 1.618034,
      "y" : -6.854102,
      "z" : -1.618034
    },
    "orientation" : 9
  }, {
    "shape" : "addc91e0-8490-430a-a8cf-e1a79135e3a4",
    "color" : "#F7CF7F",
    "position" : {
      "x" : -4.236068,
      "y" : -11.09017,
      "z" : 0.0
    },
    "orientation" : 17
  }, {
    "shape" : "1ed3f4a6-5fdf-4e62-a75b-f7b8daf45c82",
    "color" : "#F7CF7F",
    "position" : {
      "x" : 1.618034,
      "y" : -1.618034,
      "z" : -6.854102
    },
    "orientation" : 38
  }, {
    "shape" : "1a7b6fd3-e0f7-48fe-a80f-ef1adb6c3ee5",
    "color" : "#EDA57F",
    "position" : {
      "x" : 6.854102,
      "y" : 0.0,
      "z" : -2.618034
    },
    "orientation" : 15
  }, {
    "shape" : "003feffe-189e-4d89-b947-3f659de59969",
    "color" : "#F7CF7F",
    "position" : {
      "x" : -1.618034,
      "y" : -6.854102,
      "z" : 1.618034
    },
    "orientation" : 17
  }, {
    "shape" : "b01ab1ae-b8b9-422e-b921-f32a94fa3a7c",
    "color" : "#FFFFFF",
    "position" : {
      "x" : 0.0,
      "y" : -4.236068,
      "z" : -5.854102
    }
  }, {
    "shape" : "3e6a2124-59a8-48a3-a6ac-5c3b6137ae7a",
    "color" : "#F7CF7F",
    "position" : {
      "x" : 1.618034,
      "y" : -6.854102,
      "z" : 1.618034
    },
    "orientation" : 3
  }, {
    "shape" : "003feffe-189e-4d89-b947-3f659de59969",
    "color" : "#F7CF7F",
    "position" : {
      "x" : -2.618034,
      "y" : -5.236068,
      "z" : -4.236068
    },
    "orientation" : 4
  }, {
    "shape" : "1a7b6fd3-e0f7-48fe-a80f-ef1adb6c3ee5",
    "color" : "#EDA57F",
    "position" : {
      "x" : -4.236068,
      "y" : -4.236068,
      "z" : 4.236068
    },
    "orientation" : 42
  }, {
    "shape" : "1a7b6fd3-e0f7-48fe-a80f-ef1adb6c3ee5",
    "color" : "#EDA57F",
    "position" : {
      "x" : 0.0,
      "y" : 2.618034,
      "z" : -6.854102
    },
    "orientation" : 20
  }, {
    "shape" : "b01ab1ae-b8b9-422e-b921-f32a94fa3a7c",
    "color" : "#FFFFFF",
    "position" : {
      "x" : 6.854102,
      "y" : -1.618034,
      "z" : -1.618034
    }
  }, {
    "shape" : "ced5ad35-37f8-453f-a38e-2f2a0c5aaa79",
    "color" : "#F7CF7F",
    "position" : {
      "x" : -6.854102,
      "y" : -6.854102,
      "z" : -6.854102
    },
    "orientation" : 0
  }, {
    "shape" : "bbc57dae-4d2b-47b2-8bbd-0e22bf693eac",
    "color" : "#F7CF7F",
    "position" : {
      "x" : -5.854102,
      "y" : 0.0,
      "z" : -4.236068
    },
    "orientation" : 7
  }, {
    "shape" : "42f6fed4-5994-4321-8840-66d358172592",
    "color" : "#F7CF7F",
    "position" : {
      "x" : -2.618034,
      "y" : 0.0,
      "z" : -4.236068
    },
    "orientation" : 2
  }, {
    "shape" : "b01ab1ae-b8b9-422e-b921-f32a94fa3a7c",
    "color" : "#FFFFFF",
    "position" : {
      "x" : -6.854102,
      "y" : 0.0,
      "z" : -2.618034
    }
  }, {
    "shape" : "b01ab1ae-b8b9-422e-b921-f32a94fa3a7c",
    "color" : "#FFFFFF",
    "position" : {
      "x" : -5.236068,
      "y" : -4.236068,
      "z" : 2.618034
    }
  }, {
    "shape" : "aed6135c-91af-4af4-891a-98119f807e3a",
    "color" : "#F7CF7F",
    "position" : {
      "x" : 2.618034,
      "y" : -5.236068,
      "z" : 4.236068
    },
    "orientation" : 6
  }, {
    "shape" : "addc91e0-8490-430a-a8cf-e1a79135e3a4",
    "color" : "#F7CF7F",
    "position" : {
      "x" : 4.236068,
      "y" : -11.09017,
      "z" : 0.0
    },
    "orientation" : 3
  }, {
    "shape" : "42f6fed4-5994-4321-8840-66d358172592",
    "color" : "#F7CF7F",
    "position" : {
      "x" : 4.236068,
      "y" : -5.854102,
      "z" : 0.0
    },
    "orientation" : 30
  }, {
    "shape" : "9a267f19-ece3-4410-8acd-fa5782042861",
    "color" : "#F7CF7F",
    "position" : {
      "x" : 2.618034,
      "y" : 0.0,
      "z" : -4.236068
    },
    "orientation" : 2
  }, {
    "shape" : "b01ab1ae-b8b9-422e-b921-f32a94fa3a7c",
    "color" : "#FFFFFF",
    "position" : {
      "x" : 4.236068,
      "y" : -2.618034,
      "z" : -5.236068
    }
  }, {
    "shape" : "b01ab1ae-b8b9-422e-b921-f32a94fa3a7c",
    "color" : "#FFFFFF",
    "position" : {
      "x" : -6.854102,
      "y" : -6.854102,
      "z" : 6.854102
    }
  }, {
    "shape" : "b01ab1ae-b8b9-422e-b921-f32a94fa3a7c",
    "color" : "#FFFFFF",
    "position" : {
      "x" : -4.236068,
      "y" : -2.618034,
      "z" : 0.0
    }
  }, {
    "shape" : "89554da5-d37e-4ec5-8537-a54e598eb76a",
    "color" : "#F7CF7F",
    "position" : {
      "x" : 6.854102,
      "y" : -6.854102,
      "z" : -6.854102
    },
    "orientation" : 39
  }, {
    "shape" : "bbc57dae-4d2b-47b2-8bbd-0e22bf693eac",
    "color" : "#F7CF7F",
    "position" : {
      "x" : 6.854102,
      "y" : -1.618034,
      "z" : -1.618034
    },
    "orientation" : 1
  }, {
    "shape" : "0ae5d627-e8fb-4d90-9c59-d4266d56bd9b",
    "color" : "#F7CF7F",
    "position" : {
      "x" : -2.618034,
      "y" : 0.0,
      "z" : -4.236068
    },
    "orientation" : 8
  }, {
    "shape" : "053053ab-9325-46fc-9165-561751f12ac0",
    "color" : "#F7CF7F",
    "position" : {
      "x" : -2.618034,
      "y" : -5.236068,
      "z" : -4.236068
    },
    "orientation" : 4
  }, {
    "shape" : "ced5ad35-37f8-453f-a38e-2f2a0c5aaa79",
    "color" : "#F7CF7F",
    "position" : {
      "x" : 0.0,
      "y" : -4.236068,
      "z" : -11.09017
    },
    "orientation" : 5
  }, {
    "shape" : "a27ee684-cc68-417b-ab0b-75e4c39d0f6d",
    "color" : "#F7CF7F",
    "position" : {
      "x" : 2.618034,
      "y" : -5.236068,
      "z" : -4.236068
    },
    "orientation" : 6
  }, {
    "shape" : "b01ab1ae-b8b9-422e-b921-f32a94fa3a7c",
    "color" : "#FFFFFF",
    "position" : {
      "x" : 2.618034,
      "y" : -5.236068,
      "z" : 4.236068
    }
  }, {
    "shape" : "003feffe-189e-4d89-b947-3f659de59969",
    "color" : "#F7CF7F",
    "position" : {
      "x" : 4.236068,
      "y" : -2.618034,
      "z" : -5.236068
    },
    "orientation" : 39
  }, {
    "shape" : "c613e6d5-162a-4c78-88f1-ed1484769c1a",
    "color" : "#F7CF7F",
    "position" : {
      "x" : -5.236068,
      "y" : -4.236068,
      "z" : 2.618034
    },
    "orientation" : 9
  }, {
    "shape" : "42f6fed4-5994-4321-8840-66d358172592",
    "color" : "#F7CF7F",
    "position" : {
      "x" : 2.618034,
      "y" : 0.0,
      "z" : -4.236068
    },
    "orientation" : 38
  }, {
    "shape" : "b01ab1ae-b8b9-422e-b921-f32a94fa3a7c",
    "color" : "#FFFFFF",
    "position" : {
      "x" : 0.0,
      "y" : -4.236068,
      "z" : -2.618034
    }
  }, {
    "shape" : "7217949c-8d00-4875-8a6b-9b4b0bbdffac",
    "color" : "#F7CF7F",
    "position" : {
      "x" : 6.854102,
      "y" : -6.854102,
      "z" : -6.854102
    },
    "orientation" : 54
  }, {
    "shape" : "053053ab-9325-46fc-9165-561751f12ac0",
    "color" : "#F7CF7F",
    "position" : {
      "x" : -1.618034,
      "y" : -6.854102,
      "z" : -1.618034
    },
    "orientation" : 7
  }, {
    "shape" : "b01ab1ae-b8b9-422e-b921-f32a94fa3a7c",
    "color" : "#FFFFFF",
    "position" : {
      "x" : 1.618034,
      "y" : -1.618034,
      "z" : -6.854102
    }
  }, {
    "shape" : "b01ab1ae-b8b9-422e-b921-f32a94fa3a7c",
    "color" : "#FFFFFF",
    "position" : {
      "x" : 4.236068,
      "y" : -11.09017,
      "z" : 0.0
    }
  }, {
    "shape" : "1ed3f4a6-5fdf-4e62-a75b-f7b8daf45c82",
    "color" : "#F7CF7F",
    "position" : {
      "x" : -4.236068,
      "y" : -2.618034,
      "z" : -5.236068
    },
    "orientation" : 2
  }, {
    "shape" : "b01ab1ae-b8b9-422e-b921-f32a94fa3a7c",
    "color" : "#FFFFFF",
    "position" : {
      "x" : 0.0,
      "y" : 4.236068,
      "z" : -11.09017
    }
  }, {
    "shape" : "42f6fed4-5994-4321-8840-66d358172592",
    "color" : "#F7CF7F",
    "position" : {
      "x" : 4.236068,
      "y" : -2.618034,
      "z" : 0.0
    },
    "orientation" : 54
  }, {
    "shape" : "b01ab1ae-b8b9-422e-b921-f32a94fa3a7c",
    "color" : "#FFFFFF",
    "position" : {
      "x" : -5.236068,
      "y" : -4.236068,
      "z" : -2.618034
    }
  }, {
    "shape" : "b01ab1ae-b8b9-422e-b921-f32a94fa3a7c",
    "color" : "#FFFFFF",
    "position" : {
      "x" : 2.618034,
      "y" : 0.0,
      "z" : -4.236068
    }
  }, {
    "shape" : "a3caa1ff-332e-470c-aa23-baacaff97fc0",
    "color" : "#F7CF7F",
    "position" : {
      "x" : -4.236068,
      "y" : -2.618034,
      "z" : 0.0
    },
    "orientation" : 8
  }, {
    "shape" : "7217949c-8d00-4875-8a6b-9b4b0bbdffac",
    "color" : "#F7CF7F",
    "position" : {
      "x" : 0.0,
      "y" : -4.236068,
      "z" : -11.09017
    },
    "orientation" : 5
  }, {
    "shape" : "42f6fed4-5994-4321-8840-66d358172592",
    "color" : "#F7CF7F",
    "position" : {
      "x" : 2.618034,
      "y" : -5.236068,
      "z" : -4.236068
    },
    "orientation" : 6
  }, {
    "shape" : "addc91e0-8490-430a-a8cf-e1a79135e3a4",
    "color" : "#F7CF7F",
    "position" : {
      "x" : 6.854102,
      "y" : -6.854102,
      "z" : -6.854102
    },
    "orientation" : 39
  } ],
  "scenes" : [ ],
  "snapshots" : [ ]
}