{
  "field" : "golden",
  "symmetry" : "icosahedral",
  "orientations" : [ [ 1.0, 0.0, 0.0, 0.0, 0.0, 1.0, 0.0, 0.0, 0.0, 0.0, 1.0, 0.0, 0.0, 0.0, 0.0, 1.0 ], [ 0.0, 0.0, 1.0, 0.0, 1.0, 0.0, 0.0, 0.0, 0.0, 1.0, 0.0, 0.0, 0.0, 0.0, 0.0, 1.0 ], [ 0.0, 1.0, 0.0, 0.0, 0.0, 0.0, 1.0, 0.0, 1.0, 0.0, 0.0, 0.0, 0.0, 0.0, 0.0, 1.0 ], [ 0.809017, 0.309017, 0.5, 0.0, 0.309017, 0.5, -0.809017, 0.0, -0.5, 0.809017, 0.309017, 0.0, 0.0, 0.0, 0.0, 1.0 ], [ -0.5, 0.809017, 0.309017, 0.0, 0.809017, 0.309017, 0.5, 0.0, 0.309017, 0.5, -0.809017, 0.0, 0.0, 0.0, 0.0, 1.0 ], [ 0.309017, 0.5, -0.809017, 0.0, -0.5, 0.809017, 0.309017, 0.0, 0.809017, 0.309017, 0.5, 0.0, 0.0, 0.0, 0.0, 1.0 ], [ 0.5, 0.809017, 0.309017, 0.0, 0.809017, -0.309017, -0.5, 0.0, -0.309017, 0.5, -0.809017, 0.0, 0.0, 0.0, 0.0, 1.0 ], [ -0.309017, 0.5, -0.809017, 0.0, 0.5, 0.809017, 0.309017, 0.0, 0.809017, -0.309017, -0.5, 0.0, 0.0, 0.0, 0.0, 1.0 ], [ 0.809017, -0.309017, -0.5, 0.0, -0.309017, 0.5, -0.809017, 0.0, 0.5, 0.809017, 0.309017, 0.0, 0.0, 0.0, 0.0, 1.0 ], [ 0.5, 0.809017, -0.309017, 0.0, 0.809017, -0.309017, 0.5, 0.0, 0.309017, -0.5, -0.809017, 0.0, 0.0, 0.0, 0.0, 1.0 ], [ 0.309017, -0.5, -0.809017, 0.0, 0.5, 0.809017, -0.309017, 0.0, 0.809017, -0.309017, 0.5, 0.0, 0.0, 0.0, 0.0, 1.0 ], [ 0.809017, -0.309017, 0.5, 0.0, 0.309017, -0.5, -0.809017, 0.0, 0.5, 0.809017, -0.309017, 0.0, 0.0, 0.0, 0.0, 1.0 ], [ 0.809017, 0.309017, -0.5, 0.0, 0.309017, 0.5, 0.809017, 0.0, 0.5, -0.809017, 0.309017, 0.0, 0.0, 0.0, 0.0, 1.0 ], [ 0.5, -0.809017, 0.309017, 0.0, 0.809017, 0.309017, -0.5, 0.0, 0.309017, 0.5, 0.809017, 0.0, 0.0, 0.0, 0.0, 1.0 ], [ 0.309017, 0.5, 0.809017, 0.0, 0.5, -0.809017, 0.309017, 0.0, 0.809017, 0.309017, -0.5, 0.0, 0.0, 0.0, 0.0, 1.0 ], [ 1.0, 0.0, 0.0, 0.0, 0.0, -1.0, 0.0, 0.0, 0.0, 0.0, -1.0, 0.0, 0.0, 0.0, 0.0, 1.0 ], [ 0.0, 0.0, 1.0, 0.0, -1.0, 0.0, 0.0, 0.0, 0.0, -1.0, 0.0, 0.0, 0.0, 0.0, 0.0, 1.0 ], [ 0.0, 1.0, 0.0, 0.0, 0.0, 0.0, -1.0, 0.0, -1.0, 0.0, 0.0, 0.0, 0.0, 0.0, 0.0, 1.0 ], [ 0.809017, 0.309017, 0.5, 0.0, -0.309017, -0.5, 0.809017, 0.0, 0.5, -0.809017, -0.309017, 0.0, 0.0, 0.0, 0.0, 1.0 ], [ -0.5, 0.809017, 0.309017, 0.0, -0.809017, -0.309017, -0.5, 0.0, -0.309017, -0.5, 0.809017, 0.0, 0.0, 0.0, 0.0, 1.0 ], [ 0.309017, 0.5, -0.809017, 0.0, 0.5, -0.809017, -0.309017, 0.0, -0.809017, -0.309017, -0.5, 0.0, 0.0, 0.0, 0.0, 1.0 ], [ 0.5, 0.809017, 0.309017, 0.0, -0.809017, 0.309017, 0.5, 0.0, 0.309017, -0.5, 0.809017, 0.0, 0.0, 0.0, 0.0, 1.0 ], [ -0.309017, 0.5, -0.809017, 0.0, -0.5, -0.809017, -0.309017, 0.0, -0.809017, 0.309017, 0.5, 0.0, 0.0, 0.0, 0.0, 1.0 ], [ 0.809017, -0.309017, -0.5, 0.0, 0.309017, -0.5, 0.809017, 0.0, -0.5, -0.809017, -0.309017, 0.0, 0.0, 0.0, 0.0, 1.0 ], [ 0.5, 0.809017, -0.309017, 0.0, -0.809017, 0.309017, -0.5, 0.0, -0.309017, 0.5, 0.809017, 0.0, 0.0, 0.0, 0.0, 1.0 ], [ 0.309017, -0.5, -0.809017, 0.0, -0.5, -0.809017, 0.309017, 0.0, -0.809017, 0.309017, -0.5, 0.0, 0.0, 0.0, 0.0, 1.0 ], [ 0.809017, -0.309017, 0.5, 0.0, -0.309017, 0.5, 0.809017, 0.0, -0.5, -0.809017, 0.309017, 0.0, 0.0, 0.0, 0.0, 1.0 ], [ 0.809017, 0.309017, -0.5, 0.0, -0.309017, -0.5, -0.809017, 0.0, -0.5, 0.809017, -0.309017, 0.0, 0.0, 0.0, 0.0, 1.0 ], [ 0.5, -0.809017, 0.309017, 0.0, -0.809017, -0.309017, 0.5, 0.0, -0.309017, -0.5, -0.809017, 0.0, 0.0, 0.0, 0.0, 1.0 ], [ 0.309017, 0.5, 0.809017, 0.0, -0.5, 0.809017, -0.309017, 0.0, -0.809017, -0.309017, 0.5, 0.0, 0.0, 0.0, 0.0, 1.0 ], [ -1.0, 0.0, 0.0, 0.0, 0.0, -1.0, 0.0, 0.0, 0.0, 0.0, 1.0, 0.0, 0.0, 0.0, 0.0, 1.0 ], [ 0.0, 0.0, -1.0, 0.0, -1.0, 0.0, 0.0, 0.0, 0.0, 1.0, 0.0, 0.0, 0.0, 0.0, 0.0, 1.0 ], [ 0.0, -1.0, 0.0, 0.0, 0.0, 0.0, -1.0, 0.0, 1.0, 0.0, 0.0, 0.0, 0.0, 0.0, 0.0, 1.0 ], [ -0.809017, -0.309017, -0.5, 0.0, -0.309017, -0.5, 0.809017, 0.0, -0.5, 0.809017, 0.309017, 0.0, 0.0, 0.0, 0.0, 1.0 ], [ 0.5, -0.809017, -0.309017, 0.0, -0.809017, -0.309017, -0.5, 0.0, 0.309017, 0.5, -0.809017, 0.0, 0.0, 0.0, 0.0, 1.0 ], [ -0.309017, -0.5, 0.809017, 0.0, 0.5, -0.809017, -0.309017, 0.0, 0.809017, 0.309017, 0.5, 0.0, 0.0, 0.0, 0.0, 1.0 ], [ -0.5, -0.809017, -0.309017, 0.0, -0.809017, 0.309017, 0.5, 0.0, -0.309017, 0.5, -0.809017, 0.0, 0.0, 0.0, 0.0, 1.0 ], [ 0.309017, -0.5, 0.809017, 0.0, -0.5, -0.809017, -0.309017, 0.0, 0.809017, -0.309017, -0.5, 0.0, 0.0, 0.0, 0.0, 1.0 ], [ -0.809017, 0.309017, 0.5, 0.0, 0.309017, -0.5, 0.809017, 0.0, 0.5, 0.809017, 0.309017, 0.0, 0.0, 0.0, 0.0, 1.0 ], [ -0.5, -0.809017, 0.309017, 0.0, -0.809017, 0.309017, -0.5, 0.0, 0.309017, -0.5, -0.809017, 0.0, 0.0, 0.0, 0.0, 1.0 ], [ -0.309017, 0.5, 0.809017, 0.0, -0.5, -0.809017, 0.309017, 0.0, 0.809017, -0.309017, 0.5, 0.0, 0.0, 0.0, 0.0, 1.0 ], [ -0.809017, 0.309017, -0.5, 0.0, -0.309017, 0.5, 0.809017, 0.0, 0.5, 0.809017, -0.309017, 0.0, 0.0, 0.0, 0.0, 1.0 ], [ -0.809017, -0.309017, 0.5, 0.0, -0.309017, -0.5, -0.809017, 0.0, 0.5, -0.809017, 0.309017, 0.0, 0.0, 0.0, 0.0, 1.0 ], [ -0.5, 0.809017, -0.309017, 0.0, -0.809017, -0.309017, 0.5, 0.0, 0.309017, 0.5, 0.809017, 0.0, 0.0, 0.0, 0.0, 1.0 ], [ -0.309017, -0.5, -0.809017, 0.0, -0.5, 0.809017, -0.309017, 0.0, 0.809017, 0.309017, -0.5, 0.0, 0.0, 0.0, 0.0, 1.0 ], [ -1.0, 0.0, 0.0, 0.0, 0.0, 1.0, 0.0, 0.0, 0.0, 0.0, -1.0, 0.0, 0.0, 0.0, 0.0, 1.0 ], [ 0.0, 0.0, -1.0, 0.0, 1.0, 0.0, 0.0, 0.0, 0.0, -1.0, 0.0, 0.0, 0.0, 0.0, 0.0, 1.0 ], [ 0.0, -1.0, 0.0, 0.0, 0.0, 0.0, 1.0, 0.0, -1.0, 0.0, 0.0, 0.0, 0.0, 0.0, 0.0, 1.0 ], [ -0.809017, -0.309017, -0.5, 0.0, 0.309017, 0.5, -0.809017, 0.0, 0.5, -0.809017, -0.309017, 0.0, 0.0, 0.0, 0.0, 1.0 ], [ 0.5, -0.809017, -0.309017, 0.0, 0.809017, 0.309017, 0.5, 0.0, -0.309017, -0.5, 0.809017, 0.0, 0.0, 0.0, 0.0, 1.0 ], [ -0.309017, -0.5, 0.809017, 0.0, -0.5, 0.809017, 0.309017, 0.0, -0.809017, -0.309017, -0.5, 0.0, 0.0, 0.0, 0.0, 1.0 ], [ -0.5, -0.809017, -0.309017, 0.0, 0.809017, -0.309017, -0.5, 0.0, 0.309017, -0.5, 0.809017, 0.0, 0.0, 0.0, 0.0, 1.0 ], [ 0.309017, -0.5, 0.809017, 0.0, 0.5, 0.809017, 0.309017, 0.0, -0.809017, 0.309017, 0.5, 0.0, 0.0, 0.0, 0.0, 1.0 ], [ -0.809017, 0.309017, 0.5, 0.0, -0.309017, 0.5, -0.809017, 0.0, -0.5, -0.809017, -0.309017, 0.0, 0.0, 0.0, 0.0, 1.0 ], [ -0.5, -0.809017, 0.309017, 0.0, 0.809017, -0.309017, 0.5, 0.0, -0.309017, 0.5, 0.809017, 0.0, 0.0, 0.0, 0.0, 1.0 ], [ -0.309017, 0.5, 0.809017, 0.0, 0.5, 0.809017, -0.309017, 0.0, -0.809017, 0.309017, -0.5, 0.0, 0.0, 0.0, 0.0, 1.0 ], [ -0.809017, 0.309017, -0.5, 0.0, 0.309017, -0.5, -0.809017, 0.0, -0.5, -0.809017, 0.309017, 0.0, 0.0, 0.0, 0.0, 1.0 ], [ -0.809017, -0.309017, 0.5, 0.0, 0.309017, 0.5, 0.809017, 0.0, -0.5, 0.809017, -0.309017, 0.0, 0.0, 0.0, 0.0, 1.0 ], [ -0.5, 0.809017, -0.309017, 0.0, 0.809017, 0.309017, -0.5, 0.0, -0.309017, -0.5, -0.809017, 0.0, 0.0, 0.0, 0.0, 1.0 ], [ -0.309017, -0.5, -0.809017, 0.0, 0.5, -0.809017, 0.309017, 0.0, -0.809017, -0.309017, 0.5, 0.0, 0.0, 0.0, 0.0, 1.0 ] ],
  "lights" : {
    "ambientColor" : "#292929",
    "backgroundColor" : "#AFC8DC",
    "directionalLights" : [ {
      "direction" : {
        "x" : 1.0,
        "y" : -1.0,
        "z" : -1.0
      },
      "color" : "#EBEBE4"
    }, {
      "direction" : {
        "x" : -1.0,
        "y" : 0.0,
        "z" : 0.0
      },
      "color" : "#E4E4EB"
    }, {
      "direction" : {
        "x" : 0.0,
        "y" : 0.0,
        "z" : -1.0
      },
      "color" : "#1E1E1E"
    } ]
  },
  "camera" : {
    "stereo" : false,
    "width" : 49.917507,
    "lookDirection" : {
      "x" : -0.013529591,
      "y" : -9.484603E-4,
      "z" : 0.99990845
    },
    "upDirection" : {
      "x" : -0.4295149,
      "y" : -0.90303445,
      "z" : -0.006667724
    },
    "lookAtPoint" : {
      "x" : 0.0,
      "y" : 0.0,
      "z" : 0.0
    },
    "perspective" : true,
    "viewDistance" : 110.92779,
    "nearClipDistance" : 0.27731958,
    "farClipDistance" : 221.85555,
    "fieldOfView" : 0.4426289,
    "position" : {
      "x" : 1.5008076,
      "y" : 0.1052106,
      "z" : -110.91763
    }
  },
  "embedding" : [ 1.0, 0.0, 0.0, 0.0, 0.0, 1.0, 0.0, 0.0, 0.0, 0.0, 1.0, 0.0, 0.0, 0.0, 0.0, 1.0 ],
  "shapes" : [ {
    "id" : "6a2da3cb-8d2a-4a51-9e06-86347425b46b",
    "vertices" : [ {
      "x" : 0.690983,
      "y" : 0.809017,
      "z" : 0.0
    }, {
      "x" : 0.809017,
      "y" : 0.618034,
      "z" : -0.309017
    }, {
      "x" : 0.809017,
      "y" : 0.618034,
      "z" : 0.309017
    }, {
      "x" : 1.0,
      "y" : 0.309017,
      "z" : -0.19098301
    }, {
      "x" : 1.0,
      "y" : 0.309017,
      "z" : 0.19098301
    }, {
      "x" : 1.618034,
      "y" : 0.42705098,
      "z" : -0.309017
    }, {
      "x" : 1.618034,
      "y" : 0.42705098,
      "z" : 0.309017
    }, {
      "x" : 1.618034,
      "y" : 0.809017,
      "z" : -0.309017
    }, {
      "x" : 1.618034,
      "y" : 0.809017,
      "z" : 0.309017
    }, {
      "x" : 9.472136,
      "y" : 3.427051,
      "z" : -0.309017
    }, {
      "x" : 9.472136,
      "y" : 3.427051,
      "z" : 0.309017
    }, {
      "x" : 9.472136,
      "y" : 3.809017,
      "z" : -0.309017
    }, {
      "x" : 9.472136,
      "y" : 3.809017,
      "z" : 0.309017
    }, {
      "x" : 10.09017,
      "y" : 3.927051,
      "z" : -0.19098301
    }, {
      "x" : 10.09017,
      "y" : 3.927051,
      "z" : 0.19098301
    }, {
      "x" : 10.281153,
      "y" : 3.618034,
      "z" : -0.309017
    }, {
      "x" : 10.281153,
      "y" : 3.618034,
      "z" : 0.309017
    }, {
      "x" : 10.399187,
      "y" : 3.427051,
      "z" : 0.0
    }, {
      "x" : 11.09017,
      "y" : 4.236068,
      "z" : 0.0
    } ],
    "faces" : [ {
      "vertices" : [ 5, 7, 11 ]
    }, {
      "vertices" : [ 5, 11, 9 ]
    }, {
      "vertices" : [ 9, 11, 15 ]
    }, {
      "vertices" : [ 9, 17, 10 ]
    }, {
      "vertices" : [ 6, 10, 12 ]
    }, {
      "vertices" : [ 6, 12, 8 ]
    }, {
      "vertices" : [ 10, 16, 12 ]
    }, {
      "vertices" : [ 7, 8, 12 ]
    }, {
      "vertices" : [ 7, 12, 11 ]
    }, {
      "vertices" : [ 11, 13, 15 ]
    }, {
      "vertices" : [ 0, 7, 1 ]
    }, {
      "vertices" : [ 1, 5, 3 ]
    }, {
      "vertices" : [ 9, 15, 17 ]
    }, {
      "vertices" : [ 0, 2, 8 ]
    }, {
      "vertices" : [ 12, 16, 14 ]
    }, {
      "vertices" : [ 0, 1, 3 ]
    }, {
      "vertices" : [ 0, 3, 4 ]
    }, {
      "vertices" : [ 0, 4, 2 ]
    }, {
      "vertices" : [ 10, 17, 16 ]
    }, {
      "vertices" : [ 13, 14, 16 ]
    }, {
      "vertices" : [ 13, 16, 17 ]
    }, {
      "vertices" : [ 13, 17, 15 ]
    }, {
      "vertices" : [ 2, 4, 6 ]
    }, {
      "vertices" : [ 1, 7, 5 ]
    }, {
      "vertices" : [ 0, 8, 7 ]
    }, {
      "vertices" : [ 2, 6, 8 ]
    }, {
      "vertices" : [ 3, 5, 6 ]
    }, {
      "vertices" : [ 3, 6, 4 ]
    }, {
      "vertices" : [ 11, 12, 14 ]
    }, {
      "vertices" : [ 11, 14, 13 ]
    }, {
      "vertices" : [ 5, 9, 10 ]
    }, {
      "vertices" : [ 5, 10, 6 ]
    } ]
  }, {
    "id" : "6f184690-95c1-4a2e-8085-2607724bdc03",
    "vertices" : [ {
      "x" : 0.309017,
      "y" : -0.809017,
      "z" : 0.618034
    }, {
      "x" : 0.809017,
      "y" : -0.618034,
      "z" : 0.309017
    }, {
      "x" : 0.618034,
      "y" : -0.309017,
      "z" : 0.809017
    }, {
      "x" : 1.0,
      "y" : 0.309017,
      "z" : 0.19098301
    }, {
      "x" : 0.809017,
      "y" : 0.618034,
      "z" : 0.309017
    }, {
      "x" : 0.618034,
      "y" : 0.309017,
      "z" : 0.809017
    }, {
      "x" : 0.809017,
      "y" : 0.0,
      "z" : 0.690983
    }, {
      "x" : 0.19098301,
      "y" : -1.0,
      "z" : 0.309017
    }, {
      "x" : -0.19098301,
      "y" : -1.0,
      "z" : 0.309017
    }, {
      "x" : -0.19098301,
      "y" : -1.0,
      "z" : -0.309017
    }, {
      "x" : 0.19098301,
      "y" : -1.0,
      "z" : -0.309017
    }, {
      "x" : 1.0,
      "y" : -0.309017,
      "z" : -0.19098301
    }, {
      "x" : 0.809017,
      "y" : -0.618034,
      "z" : -0.309017
    }, {
      "x" : 0.618034,
      "y" : -0.309017,
      "z" : -0.809017
    }, {
      "x" : 0.809017,
      "y" : 0.0,
      "z" : -0.690983
    }, {
      "x" : 0.0,
      "y" : 0.690983,
      "z" : -0.809017
    }, {
      "x" : 0.309017,
      "y" : 0.809017,
      "z" : -0.618034
    }, {
      "x" : 0.618034,
      "y" : 0.309017,
      "z" : -0.809017
    }, {
      "x" : 0.309017,
      "y" : 0.19098301,
      "z" : -1.0
    }, {
      "x" : 1.0,
      "y" : 0.309017,
      "z" : -0.19098301
    }, {
      "x" : -0.309017,
      "y" : -0.809017,
      "z" : 0.618034
    }, {
      "x" : 0.0,
      "y" : -0.690983,
      "z" : 0.809017
    }, {
      "x" : 0.809017,
      "y" : 0.618034,
      "z" : -0.309017
    }, {
      "x" : 0.690983,
      "y" : 0.809017,
      "z" : 0.0
    }, {
      "x" : -0.690983,
      "y" : 0.809017,
      "z" : 0.0
    }, {
      "x" : -0.809017,
      "y" : 0.618034,
      "z" : 0.309017
    }, {
      "x" : -0.309017,
      "y" : 0.809017,
      "z" : 0.618034
    }, {
      "x" : -0.19098301,
      "y" : 1.0,
      "z" : 0.309017
    }, {
      "x" : 0.309017,
      "y" : -0.19098301,
      "z" : -1.0
    }, {
      "x" : 0.19098301,
      "y" : 1.0,
      "z" : 0.309017
    }, {
      "x" : 0.309017,
      "y" : 0.809017,
      "z" : 0.618034
    }, {
      "x" : -0.809017,
      "y" : -0.618034,
      "z" : 0.309017
    }, {
      "x" : -0.690983,
      "y" : -0.809017,
      "z" : 0.0
    }, {
      "x" : 0.0,
      "y" : 0.690983,
      "z" : 0.809017
    }, {
      "x" : 0.309017,
      "y" : -0.809017,
      "z" : -0.618034
    }, {
      "x" : 0.0,
      "y" : -0.690983,
      "z" : -0.809017
    }, {
      "x" : -1.0,
      "y" : 0.309017,
      "z" : 0.19098301
    }, {
      "x" : -0.809017,
      "y" : 0.0,
      "z" : 0.690983
    }, {
      "x" : -0.618034,
      "y" : 0.309017,
      "z" : 0.809017
    }, {
      "x" : 1.0,
      "y" : -0.309017,
      "z" : 0.19098301
    }, {
      "x" : -0.309017,
      "y" : -0.809017,
      "z" : -0.618034
    }, {
      "x" : -1.0,
      "y" : 0.309017,
      "z" : -0.19098301
    }, {
      "x" : -1.0,
      "y" : -0.309017,
      "z" : -0.19098301
    }, {
      "x" : -1.0,
      "y" : -0.309017,
      "z" : 0.19098301
    }, {
      "x" : 0.19098301,
      "y" : 1.0,
      "z" : -0.309017
    }, {
      "x" : -0.809017,
      "y" : 0.618034,
      "z" : -0.309017
    }, {
      "x" : -0.19098301,
      "y" : 1.0,
      "z" : -0.309017
    }, {
      "x" : -0.309017,
      "y" : 0.809017,
      "z" : -0.618034
    }, {
      "x" : -0.618034,
      "y" : -0.309017,
      "z" : 0.809017
    }, {
      "x" : 0.309017,
      "y" : 0.19098301,
      "z" : 1.0
    }, {
      "x" : -0.309017,
      "y" : 0.19098301,
      "z" : -1.0
    }, {
      "x" : -0.309017,
      "y" : 0.19098301,
      "z" : 1.0
    }, {
      "x" : -0.309017,
      "y" : -0.19098301,
      "z" : 1.0
    }, {
      "x" : 0.309017,
      "y" : -0.19098301,
      "z" : 1.0
    }, {
      "x" : 0.690983,
      "y" : -0.809017,
      "z" : 0.0
    }, {
      "x" : -0.809017,
      "y" : 0.0,
      "z" : -0.690983
    }, {
      "x" : -0.618034,
      "y" : -0.309017,
      "z" : -0.809017
    }, {
      "x" : -0.309017,
      "y" : -0.19098301,
      "z" : -1.0
    }, {
      "x" : -0.618034,
      "y" : 0.309017,
      "z" : -0.809017
    }, {
      "x" : -0.809017,
      "y" : -0.618034,
      "z" : -0.309017
    } ],
    "faces" : [ {
      "vertices" : [ 9, 40, 35 ]
    }, {
      "vertices" : [ 9, 35, 34 ]
    }, {
      "vertices" : [ 9, 34, 10 ]
    }, {
      "vertices" : [ 0, 1, 2 ]
    }, {
      "vertices" : [ 33, 51, 49 ]
    }, {
      "vertices" : [ 25, 36, 37 ]
    }, {
      "vertices" : [ 25, 37, 38 ]
    }, {
      "vertices" : [ 41, 55, 42 ]
    }, {
      "vertices" : [ 9, 32, 59 ]
    }, {
      "vertices" : [ 9, 59, 40 ]
    }, {
      "vertices" : [ 20, 21, 52 ]
    }, {
      "vertices" : [ 20, 52, 48 ]
    }, {
      "vertices" : [ 26, 33, 30 ]
    }, {
      "vertices" : [ 26, 30, 29 ]
    }, {
      "vertices" : [ 26, 29, 27 ]
    }, {
      "vertices" : [ 3, 4, 5 ]
    }, {
      "vertices" : [ 3, 5, 6 ]
    }, {
      "vertices" : [ 27, 29, 44 ]
    }, {
      "vertices" : [ 27, 44, 46 ]
    }, {
      "vertices" : [ 50, 57, 56 ]
    }, {
      "vertices" : [ 50, 56, 55 ]
    }, {
      "vertices" : [ 50, 55, 58 ]
    }, {
      "vertices" : [ 26, 38, 51 ]
    }, {
      "vertices" : [ 26, 51, 33 ]
    }, {
      "vertices" : [ 45, 47, 58 ]
    }, {
      "vertices" : [ 18, 28, 57 ]
    }, {
      "vertices" : [ 18, 57, 50 ]
    }, {
      "vertices" : [ 40, 59, 56 ]
    }, {
      "vertices" : [ 31, 48, 37 ]
    }, {
      "vertices" : [ 31, 37, 43 ]
    }, {
      "vertices" : [ 7, 8, 9 ]
    }, {
      "vertices" : [ 7, 9, 10 ]
    }, {
      "vertices" : [ 36, 41, 42 ]
    }, {
      "vertices" : [ 36, 42, 43 ]
    }, {
      "vertices" : [ 24, 46, 47 ]
    }, {
      "vertices" : [ 24, 47, 45 ]
    }, {
      "vertices" : [ 4, 30, 5 ]
    }, {
      "vertices" : [ 15, 47, 46 ]
    }, {
      "vertices" : [ 15, 46, 44 ]
    }, {
      "vertices" : [ 15, 44, 16 ]
    }, {
      "vertices" : [ 15, 50, 58 ]
    }, {
      "vertices" : [ 15, 58, 47 ]
    }, {
      "vertices" : [ 24, 45, 41 ]
    }, {
      "vertices" : [ 24, 41, 36 ]
    }, {
      "vertices" : [ 24, 36, 25 ]
    }, {
      "vertices" : [ 11, 14, 19 ]
    }, {
      "vertices" : [ 3, 6, 39 ]
    }, {
      "vertices" : [ 1, 39, 6 ]
    }, {
      "vertices" : [ 1, 6, 2 ]
    }, {
      "vertices" : [ 8, 32, 9 ]
    }, {
      "vertices" : [ 11, 12, 13 ]
    }, {
      "vertices" : [ 11, 13, 14 ]
    }, {
      "vertices" : [ 16, 22, 17 ]
    }, {
      "vertices" : [ 0, 21, 20 ]
    }, {
      "vertices" : [ 0, 20, 8 ]
    }, {
      "vertices" : [ 0, 8, 7 ]
    }, {
      "vertices" : [ 12, 34, 13 ]
    }, {
      "vertices" : [ 35, 40, 56 ]
    }, {
      "vertices" : [ 35, 56, 57 ]
    }, {
      "vertices" : [ 0, 7, 54 ]
    }, {
      "vertices" : [ 0, 54, 1 ]
    }, {
      "vertices" : [ 15, 16, 17 ]
    }, {
      "vertices" : [ 15, 17, 18 ]
    }, {
      "vertices" : [ 3, 19, 22 ]
    }, {
      "vertices" : [ 3, 22, 23 ]
    }, {
      "vertices" : [ 3, 23, 4 ]
    }, {
      "vertices" : [ 7, 10, 54 ]
    }, {
      "vertices" : [ 41, 45, 58 ]
    }, {
      "vertices" : [ 41, 58, 55 ]
    }, {
      "vertices" : [ 3, 39, 11 ]
    }, {
      "vertices" : [ 3, 11, 19 ]
    }, {
      "vertices" : [ 14, 17, 22 ]
    }, {
      "vertices" : [ 14, 22, 19 ]
    }, {
      "vertices" : [ 0, 2, 53 ]
    }, {
      "vertices" : [ 0, 53, 21 ]
    }, {
      "vertices" : [ 49, 51, 52 ]
    }, {
      "vertices" : [ 49, 52, 53 ]
    }, {
      "vertices" : [ 31, 43, 42 ]
    }, {
      "vertices" : [ 31, 42, 59 ]
    }, {
      "vertices" : [ 31, 59, 32 ]
    }, {
      "vertices" : [ 15, 18, 50 ]
    }, {
      "vertices" : [ 42, 55, 56 ]
    }, {
      "vertices" : [ 42, 56, 59 ]
    }, {
      "vertices" : [ 4, 23, 29 ]
    }, {
      "vertices" : [ 4, 29, 30 ]
    }, {
      "vertices" : [ 25, 38, 26 ]
    }, {
      "vertices" : [ 13, 28, 18 ]
    }, {
      "vertices" : [ 13, 18, 17 ]
    }, {
      "vertices" : [ 13, 17, 14 ]
    }, {
      "vertices" : [ 8, 20, 31 ]
    }, {
      "vertices" : [ 8, 31, 32 ]
    }, {
      "vertices" : [ 23, 44, 29 ]
    }, {
      "vertices" : [ 24, 27, 46 ]
    }, {
      "vertices" : [ 37, 48, 52 ]
    }, {
      "vertices" : [ 37, 52, 51 ]
    }, {
      "vertices" : [ 37, 51, 38 ]
    }, {
      "vertices" : [ 20, 48, 31 ]
    }, {
      "vertices" : [ 24, 25, 26 ]
    }, {
      "vertices" : [ 24, 26, 27 ]
    }, {
      "vertices" : [ 16, 44, 23 ]
    }, {
      "vertices" : [ 16, 23, 22 ]
    }, {
      "vertices" : [ 13, 34, 35 ]
    }, {
      "vertices" : [ 13, 35, 28 ]
    }, {
      "vertices" : [ 10, 34, 12 ]
    }, {
      "vertices" : [ 10, 12, 54 ]
    }, {
      "vertices" : [ 2, 6, 5 ]
    }, {
      "vertices" : [ 2, 5, 49 ]
    }, {
      "vertices" : [ 2, 49, 53 ]
    }, {
      "vertices" : [ 36, 43, 37 ]
    }, {
      "vertices" : [ 5, 30, 33 ]
    }, {
      "vertices" : [ 5, 33, 49 ]
    }, {
      "vertices" : [ 1, 54, 12 ]
    }, {
      "vertices" : [ 1, 12, 11 ]
    }, {
      "vertices" : [ 1, 11, 39 ]
    }, {
      "vertices" : [ 28, 35, 57 ]
    }, {
      "vertices" : [ 21, 53, 52 ]
    } ]
  }, {
    "id" : "f125c52c-3b3f-43f2-869e-abd7646e6e57",
    "vertices" : [ {
      "x" : 0.690983,
      "y" : 0.809017,
      "z" : 0.0
    }, {
      "x" : 0.809017,
      "y" : 0.618034,
      "z" : -0.309017
    }, {
      "x" : 0.809017,
      "y" : 0.618034,
      "z" : 0.309017
    }, {
      "x" : 1.0,
      "y" : 0.309017,
      "z" : -0.19098301
    }, {
      "x" : 1.0,
      "y" : 0.309017,
      "z" : 0.19098301
    }, {
      "x" : 1.618034,
      "y" : 0.42705098,
      "z" : -0.309017
    }, {
      "x" : 1.618034,
      "y" : 0.42705098,
      "z" : 0.309017
    }, {
      "x" : 1.618034,
      "y" : 0.809017,
      "z" : -0.309017
    }, {
      "x" : 1.618034,
      "y" : 0.809017,
      "z" : 0.309017
    }, {
      "x" : 2.618034,
      "y" : 0.809017,
      "z" : -0.309017
    }, {
      "x" : 2.618034,
      "y" : 0.809017,
      "z" : 0.309017
    }, {
      "x" : 2.618034,
      "y" : 1.190983,
      "z" : -0.309017
    }, {
      "x" : 2.618034,
      "y" : 1.190983,
      "z" : 0.309017
    }, {
      "x" : 3.236068,
      "y" : 1.309017,
      "z" : -0.19098301
    }, {
      "x" : 3.236068,
      "y" : 1.309017,
      "z" : 0.19098301
    }, {
      "x" : 3.427051,
      "y" : 1.0,
      "z" : -0.309017
    }, {
      "x" : 3.427051,
      "y" : 1.0,
      "z" : 0.309017
    }, {
      "x" : 3.545085,
      "y" : 0.809017,
      "z" : 0.0
    }, {
      "x" : 4.236068,
      "y" : 1.618034,
      "z" : 0.0
    } ],
    "faces" : [ {
      "vertices" : [ 5, 7, 11 ]
    }, {
      "vertices" : [ 5, 11, 9 ]
    }, {
      "vertices" : [ 9, 11, 15 ]
    }, {
      "vertices" : [ 9, 17, 10 ]
    }, {
      "vertices" : [ 6, 10, 12 ]
    }, {
      "vertices" : [ 6, 12, 8 ]
    }, {
      "vertices" : [ 10, 16, 12 ]
    }, {
      "vertices" : [ 7, 8, 12 ]
    }, {
      "vertices" : [ 7, 12, 11 ]
    }, {
      "vertices" : [ 11, 13, 15 ]
    }, {
      "vertices" : [ 0, 7, 1 ]
    }, {
      "vertices" : [ 1, 5, 3 ]
    }, {
      "vertices" : [ 9, 15, 17 ]
    }, {
      "vertices" : [ 0, 2, 8 ]
    }, {
      "vertices" : [ 12, 16, 14 ]
    }, {
      "vertices" : [ 0, 1, 3 ]
    }, {
      "vertices" : [ 0, 3, 4 ]
    }, {
      "vertices" : [ 0, 4, 2 ]
    }, {
      "vertices" : [ 10, 17, 16 ]
    }, {
      "vertices" : [ 13, 14, 16 ]
    }, {
      "vertices" : [ 13, 16, 17 ]
    }, {
      "vertices" : [ 13, 17, 15 ]
    }, {
      "vertices" : [ 2, 4, 6 ]
    }, {
      "vertices" : [ 1, 7, 5 ]
    }, {
      "vertices" : [ 0, 8, 7 ]
    }, {
      "vertices" : [ 2, 6, 8 ]
    }, {
      "vertices" : [ 3, 5, 6 ]
    }, {
      "vertices" : [ 3, 6, 4 ]
    }, {
      "vertices" : [ 11, 12, 14 ]
    }, {
      "vertices" : [ 11, 14, 13 ]
    }, {
      "vertices" : [ 5, 9, 10 ]
    }, {
      "vertices" : [ 5, 10, 6 ]
    } ]
  }, {
    "id" : "9482c12f-b98a-48b0-afc5-9f5d09aa5275",
    "vertices" : [ {
      "x" : 0.809017,
      "y" : 0.0,
      "z" : -0.690983
    }, {
      "x" : 1.0,
      "y" : 0.309017,
      "z" : -0.19098301
    }, {
      "x" : 4.736068,
      "y" : 0.309017,
      "z" : -1.618034
    }, {
      "x" : 4.545085,
      "y" : 0.0,
      "z" : -2.118034
    }, {
      "x" : 10.09017,
      "y" : 0.309017,
      "z" : -4.045085
    }, {
      "x" : 1.0,
      "y" : -0.309017,
      "z" : -0.19098301
    }, {
      "x" : 4.736068,
      "y" : -0.309017,
      "z" : -1.618034
    }, {
      "x" : 6.354102,
      "y" : 0.309017,
      "z" : -2.618034
    }, {
      "x" : 6.545085,
      "y" : 0.0,
      "z" : -2.118034
    }, {
      "x" : 11.09017,
      "y" : 0.0,
      "z" : -4.236068
    }, {
      "x" : 6.354102,
      "y" : -0.309017,
      "z" : -2.618034
    }, {
      "x" : 10.281153,
      "y" : 0.0,
      "z" : -3.545085
    }, {
      "x" : 10.09017,
      "y" : -0.309017,
      "z" : -4.045085
    } ],
    "faces" : [ {
      "vertices" : [ 2, 6, 8 ]
    }, {
      "vertices" : [ 4, 12, 10 ]
    }, {
      "vertices" : [ 4, 10, 7 ]
    }, {
      "vertices" : [ 2, 8, 7 ]
    }, {
      "vertices" : [ 3, 10, 6 ]
    }, {
      "vertices" : [ 3, 7, 10 ]
    }, {
      "vertices" : [ 0, 1, 2 ]
    }, {
      "vertices" : [ 0, 2, 3 ]
    }, {
      "vertices" : [ 6, 10, 8 ]
    }, {
      "vertices" : [ 8, 10, 12 ]
    }, {
      "vertices" : [ 8, 12, 11 ]
    }, {
      "vertices" : [ 2, 7, 3 ]
    }, {
      "vertices" : [ 0, 3, 6 ]
    }, {
      "vertices" : [ 0, 6, 5 ]
    }, {
      "vertices" : [ 1, 5, 6 ]
    }, {
      "vertices" : [ 1, 6, 2 ]
    }, {
      "vertices" : [ 4, 7, 8 ]
    }, {
      "vertices" : [ 4, 8, 11 ]
    } ]
  }, {
    "id" : "1fd42c66-18b9-4029-b892-b418827676c8",
    "vertices" : [ {
      "x" : 0.809017,
      "y" : 0.0,
      "z" : -0.690983
    }, {
      "x" : 1.0,
      "y" : 0.309017,
      "z" : -0.19098301
    }, {
      "x" : 1.309017,
      "y" : 0.309017,
      "z" : -0.309017
    }, {
      "x" : 1.118034,
      "y" : 0.0,
      "z" : -0.809017
    }, {
      "x" : 3.236068,
      "y" : 0.309017,
      "z" : -1.427051
    }, {
      "x" : 1.0,
      "y" : -0.309017,
      "z" : -0.19098301
    }, {
      "x" : 1.309017,
      "y" : -0.309017,
      "z" : -0.309017
    }, {
      "x" : 2.927051,
      "y" : 0.309017,
      "z" : -1.309017
    }, {
      "x" : 3.118034,
      "y" : 0.0,
      "z" : -0.809017
    }, {
      "x" : 4.236068,
      "y" : 0.0,
      "z" : -1.618034
    }, {
      "x" : 2.927051,
      "y" : -0.309017,
      "z" : -1.309017
    }, {
      "x" : 3.427051,
      "y" : 0.0,
      "z" : -0.927051
    }, {
      "x" : 3.236068,
      "y" : -0.309017,
      "z" : -1.427051
    } ],
    "faces" : [ {
      "vertices" : [ 2, 6, 8 ]
    }, {
      "vertices" : [ 4, 12, 10 ]
    }, {
      "vertices" : [ 4, 10, 7 ]
    }, {
      "vertices" : [ 2, 8, 7 ]
    }, {
      "vertices" : [ 3, 10, 6 ]
    }, {
      "vertices" : [ 3, 7, 10 ]
    }, {
      "vertices" : [ 0, 1, 2 ]
    }, {
      "vertices" : [ 0, 2, 3 ]
    }, {
      "vertices" : [ 6, 10, 8 ]
    }, {
      "vertices" : [ 8, 10, 12 ]
    }, {
      "vertices" : [ 8, 12, 11 ]
    }, {
      "vertices" : [ 2, 7, 3 ]
    }, {
      "vertices" : [ 0, 3, 6 ]
    }, {
      "vertices" : [ 0, 6, 5 ]
    }, {
      "vertices" : [ 1, 5, 6 ]
    }, {
      "vertices" : [ 1, 6, 2 ]
    }, {
      "vertices" : [ 4, 7, 8 ]
    }, {
      "vertices" : [ 4, 8, 11 ]
    } ]
  }, {
    "id" : "b955b69c-3ca2-44ac-90a8-87961ef0aa09",
    "vertices" : [ {
      "x" : 0.809017,
      "y" : 0.0,
      "z" : -0.690983
    }, {
      "x" : 1.0,
      "y" : 0.309017,
      "z" : -0.19098301
    }, {
      "x" : 2.618034,
      "y" : 0.309017,
      "z" : -0.809017
    }, {
      "x" : 2.427051,
      "y" : 0.0,
      "z" : -1.309017
    }, {
      "x" : 5.854102,
      "y" : 0.309017,
      "z" : -2.427051
    }, {
      "x" : 1.0,
      "y" : -0.309017,
      "z" : -0.19098301
    }, {
      "x" : 2.618034,
      "y" : -0.309017,
      "z" : -0.809017
    }, {
      "x" : 4.236068,
      "y" : 0.309017,
      "z" : -1.809017
    }, {
      "x" : 4.427051,
      "y" : 0.0,
      "z" : -1.309017
    }, {
      "x" : 6.854102,
      "y" : 0.0,
      "z" : -2.618034
    }, {
      "x" : 4.236068,
      "y" : -0.309017,
      "z" : -1.809017
    }, {
      "x" : 6.045085,
      "y" : 0.0,
      "z" : -1.927051
    }, {
      "x" : 5.854102,
      "y" : -0.309017,
      "z" : -2.427051
    } ],
    "faces" : [ {
      "vertices" : [ 2, 6, 8 ]
    }, {
      "vertices" : [ 4, 12, 10 ]
    }, {
      "vertices" : [ 4, 10, 7 ]
    }, {
      "vertices" : [ 2, 8, 7 ]
    }, {
      "vertices" : [ 3, 10, 6 ]
    }, {
      "vertices" : [ 3, 7, 10 ]
    }, {
      "vertices" : [ 0, 1, 2 ]
    }, {
      "vertices" : [ 0, 2, 3 ]
    }, {
      "vertices" : [ 6, 10, 8 ]
    }, {
      "vertices" : [ 8, 10, 12 ]
    }, {
      "vertices" : [ 8, 12, 11 ]
    }, {
      "vertices" : [ 2, 7, 3 ]
    }, {
      "vertices" : [ 0, 3, 6 ]
    }, {
      "vertices" : [ 0, 6, 5 ]
    }, {
      "vertices" : [ 1, 5, 6 ]
    }, {
      "vertices" : [ 1, 6, 2 ]
    }, {
      "vertices" : [ 4, 7, 8 ]
    }, {
      "vertices" : [ 4, 8, 11 ]
    } ]
  } ],
  "instances" : [ {
    "shape" : "6a2da3cb-8d2a-4a51-9e06-86347425b46b",
    "color" : "#6C00C6",
    "position" : {
      "x" : 17.444271,
      "y" : -13.208204,
      "z" : 2.118034
    },
    "orientation" : 32
  }, {
    "shape" : "6f184690-95c1-4a2e-8085-2607724bdc03",
    "color" : "#FFFFFF",
    "position" : {
      "x" : 20.062305,
      "y" : -4.736068,
      "z" : -10.59017
    }
  }, {
    "shape" : "6a2da3cb-8d2a-4a51-9e06-86347425b46b",
    "color" : "#6C00C6",
    "position" : {
      "x" : 20.062305,
      "y" : -6.354102,
      "z" : 6.354102
    },
    "orientation" : 1
  }, {
    "shape" : "f125c52c-3b3f-43f2-869e-abd7646e6e57",
    "color" : "#6C00C6",
    "position" : {
      "x" : -20.062305,
      "y" : -10.59017,
      "z" : -4.736068
    },
    "orientation" : 46
  }, {
    "shape" : "6f184690-95c1-4a2e-8085-2607724bdc03",
    "color" : "#FFFFFF",
    "position" : {
      "x" : -13.208204,
      "y" : 13.208204,
      "z" : -13.208204
    }
  }, {
    "shape" : "9482c12f-b98a-48b0-afc5-9f5d09aa5275",
    "color" : "#F0A000",
    "position" : {
      "x" : -20.062305,
      "y" : -6.354102,
      "z" : 6.354102
    },
    "orientation" : 22
  }, {
    "shape" : "9482c12f-b98a-48b0-afc5-9f5d09aa5275",
    "color" : "#F0A000",
    "position" : {
      "x" : -6.354102,
      "y" : -6.354102,
      "z" : 20.062305
    },
    "orientation" : 1
  }, {
    "shape" : "9482c12f-b98a-48b0-afc5-9f5d09aa5275",
    "color" : "#F0A000",
    "position" : {
      "x" : 13.208204,
      "y" : -13.208204,
      "z" : 13.208204
    },
    "orientation" : 4
  }, {
    "shape" : "6f184690-95c1-4a2e-8085-2607724bdc03",
    "color" : "#FFFFFF",
    "position" : {
      "x" : -6.354102,
      "y" : 20.062305,
      "z" : -6.354102
    }
  }, {
    "shape" : "6f184690-95c1-4a2e-8085-2607724bdc03",
    "color" : "#FFFFFF",
    "position" : {
      "x" : 17.444271,
      "y" : -13.208204,
      "z" : 2.118034
    }
  }, {
    "shape" : "9482c12f-b98a-48b0-afc5-9f5d09aa5275",
    "color" : "#F0A000",
    "position" : {
      "x" : -2.118034,
      "y" : 13.208204,
      "z" : -17.444271
    },
    "orientation" : 38
  }, {
    "shape" : "9482c12f-b98a-48b0-afc5-9f5d09aa5275",
    "color" : "#F0A000",
    "position" : {
      "x" : 17.444271,
      "y" : -2.118034,
      "z" : -13.208204
    },
    "orientation" : 16
  }, {
    "shape" : "9482c12f-b98a-48b0-afc5-9f5d09aa5275",
    "color" : "#F0A000",
    "position" : {
      "x" : 13.208204,
      "y" : 13.208204,
      "z" : 13.208204
    },
    "orientation" : 39
  }, {
    "shape" : "9482c12f-b98a-48b0-afc5-9f5d09aa5275",
    "color" : "#F0A000",
    "position" : {
      "x" : 6.354102,
      "y" : 6.354102,
      "z" : 20.062305
    },
    "orientation" : 21
  }, {
    "shape" : "6f184690-95c1-4a2e-8085-2607724bdc03",
    "color" : "#FFFFFF",
    "position" : {
      "x" : 6.354102,
      "y" : -20.062305,
      "z" : -6.354102
    }
  }, {
    "shape" : "6f184690-95c1-4a2e-8085-2607724bdc03",
    "color" : "#FFFFFF",
    "position" : {
      "x" : 6.354102,
      "y" : -20.062305,
      "z" : 6.354102
    }
  }, {
    "shape" : "6f184690-95c1-4a2e-8085-2607724bdc03",
    "color" : "#FFFFFF",
    "position" : {
      "x" : 2.118034,
      "y" : -13.208204,
      "z" : -17.444271
    }
  }, {
    "shape" : "6f184690-95c1-4a2e-8085-2607724bdc03",
    "color" : "#FFFFFF",
    "position" : {
      "x" : 10.59017,
      "y" : -4.736068,
      "z" : 20.062305
    }
  }, {
    "shape" : "9482c12f-b98a-48b0-afc5-9f5d09aa5275",
    "color" : "#F0A000",
    "position" : {
      "x" : 13.208204,
      "y" : -13.208204,
      "z" : 13.208204
    },
    "orientation" : 19
  }, {
    "shape" : "9482c12f-b98a-48b0-afc5-9f5d09aa5275",
    "color" : "#F0A000",
    "position" : {
      "x" : 6.354102,
      "y" : -6.354102,
      "z" : -20.062305
    },
    "orientation" : 6
  }, {
    "shape" : "1fd42c66-18b9-4029-b892-b418827676c8",
    "color" : "#F0A000",
    "position" : {
      "x" : 20.062305,
      "y" : 4.736068,
      "z" : 10.59017
    },
    "orientation" : 17
  }, {
    "shape" : "6f184690-95c1-4a2e-8085-2607724bdc03",
    "color" : "#FFFFFF",
    "position" : {
      "x" : 20.062305,
      "y" : 4.736068,
      "z" : 10.59017
    }
  }, {
    "shape" : "6a2da3cb-8d2a-4a51-9e06-86347425b46b",
    "color" : "#6C00C6",
    "position" : {
      "x" : -2.118034,
      "y" : -17.444271,
      "z" : -13.208204
    },
    "orientation" : 45
  }, {
    "shape" : "6f184690-95c1-4a2e-8085-2607724bdc03",
    "color" : "#FFFFFF",
    "position" : {
      "x" : 20.062305,
      "y" : -6.354102,
      "z" : 6.354102
    }
  }, {
    "shape" : "6f184690-95c1-4a2e-8085-2607724bdc03",
    "color" : "#FFFFFF",
    "position" : {
      "x" : 17.444271,
      "y" : 2.118034,
      "z" : 13.208204
    }
  }, {
    "shape" : "f125c52c-3b3f-43f2-869e-abd7646e6e57",
    "color" : "#6C00C6",
    "position" : {
      "x" : -4.736068,
      "y" : -20.062305,
      "z" : -10.59017
    },
    "orientation" : 32
  }, {
    "shape" : "1fd42c66-18b9-4029-b892-b418827676c8",
    "color" : "#F0A000",
    "position" : {
      "x" : 2.118034,
      "y" : 17.444271,
      "z" : -13.208204
    },
    "orientation" : 9
  }, {
    "shape" : "6f184690-95c1-4a2e-8085-2607724bdc03",
    "color" : "#FFFFFF",
    "position" : {
      "x" : -6.354102,
      "y" : 20.062305,
      "z" : 6.354102
    }
  }, {
    "shape" : "9482c12f-b98a-48b0-afc5-9f5d09aa5275",
    "color" : "#F0A000",
    "position" : {
      "x" : -13.208204,
      "y" : -13.208204,
      "z" : -13.208204
    },
    "orientation" : 3
  }, {
    "shape" : "1fd42c66-18b9-4029-b892-b418827676c8",
    "color" : "#F0A000",
    "position" : {
      "x" : 13.208204,
      "y" : -17.444271,
      "z" : -2.118034
    },
    "orientation" : 19
  }, {
    "shape" : "9482c12f-b98a-48b0-afc5-9f5d09aa5275",
    "color" : "#F0A000",
    "position" : {
      "x" : -13.208204,
      "y" : -13.208204,
      "z" : -13.208204
    },
    "orientation" : 4
  }, {
    "shape" : "9482c12f-b98a-48b0-afc5-9f5d09aa5275",
    "color" : "#F0A000",
    "position" : {
      "x" : 6.354102,
      "y" : -20.062305,
      "z" : -6.354102
    },
    "orientation" : 30
  }, {
    "shape" : "6f184690-95c1-4a2e-8085-2607724bdc03",
    "color" : "#FFFFFF",
    "position" : {
      "x" : -17.444271,
      "y" : -2.118034,
      "z" : 13.208204
    }
  }, {
    "shape" : "b955b69c-3ca2-44ac-90a8-87961ef0aa09",
    "color" : "#F0A000",
    "position" : {
      "x" : -17.444271,
      "y" : 2.118034,
      "z" : -13.208204
    },
    "orientation" : 24
  }, {
    "shape" : "9482c12f-b98a-48b0-afc5-9f5d09aa5275",
    "color" : "#F0A000",
    "position" : {
      "x" : -17.444271,
      "y" : 2.118034,
      "z" : -13.208204
    },
    "orientation" : 6
  }, {
    "shape" : "6f184690-95c1-4a2e-8085-2607724bdc03",
    "color" : "#FFFFFF",
    "position" : {
      "x" : 13.208204,
      "y" : -17.444271,
      "z" : -2.118034
    }
  }, {
    "shape" : "6f184690-95c1-4a2e-8085-2607724bdc03",
    "color" : "#FFFFFF",
    "position" : {
      "x" : -6.354102,
      "y" : -20.062305,
      "z" : 6.354102
    }
  }, {
    "shape" : "6f184690-95c1-4a2e-8085-2607724bdc03",
    "color" : "#FFFFFF",
    "position" : {
      "x" : -6.354102,
      "y" : -6.354102,
      "z" : 20.062305
    }
  }, {
    "shape" : "6f184690-95c1-4a2e-8085-2607724bdc03",
    "color" : "#FFFFFF",
    "position" : {
      "x" : 6.354102,
      "y" : 6.354102,
      "z" : 20.062305
    }
  }, {
    "shape" : "9482c12f-b98a-48b0-afc5-9f5d09aa5275",
    "color" : "#F0A000",
    "position" : {
      "x" : 13.208204,
      "y" : 13.208204,
      "z" : -13.208204
    },
    "orientation" : 5
  }, {
    "shape" : "6f184690-95c1-4a2e-8085-2607724bdc03",
    "color" : "#FFFFFF",
    "position" : {
      "x" : 10.59017,
      "y" : -20.062305,
      "z" : -4.736068
    }
  }, {
    "shape" : "9482c12f-b98a-48b0-afc5-9f5d09aa5275",
    "color" : "#F0A000",
    "position" : {
      "x" : 6.354102,
      "y" : 20.062305,
      "z" : 6.354102
    },
    "orientation" : 38
  }, {
    "shape" : "f125c52c-3b3f-43f2-869e-abd7646e6e57",
    "color" : "#6C00C6",
    "position" : {
      "x" : 4.736068,
      "y" : -20.062305,
      "z" : 10.59017
    },
    "orientation" : 17
  }, {
    "shape" : "1fd42c66-18b9-4029-b892-b418827676c8",
    "color" : "#F0A000",
    "position" : {
      "x" : 2.118034,
      "y" : -17.444271,
      "z" : 13.208204
    },
    "orientation" : 24
  }, {
    "shape" : "9482c12f-b98a-48b0-afc5-9f5d09aa5275",
    "color" : "#F0A000",
    "position" : {
      "x" : -6.354102,
      "y" : 6.354102,
      "z" : -20.062305
    },
    "orientation" : 16
  }, {
    "shape" : "9482c12f-b98a-48b0-afc5-9f5d09aa5275",
    "color" : "#F0A000",
    "position" : {
      "x" : -13.208204,
      "y" : 13.208204,
      "z" : -13.208204
    },
    "orientation" : 9
  }, {
    "shape" : "6a2da3cb-8d2a-4a51-9e06-86347425b46b",
    "color" : "#6C00C6",
    "position" : {
      "x" : -2.118034,
      "y" : 17.444271,
      "z" : 13.208204
    },
    "orientation" : 30
  }, {
    "shape" : "1fd42c66-18b9-4029-b892-b418827676c8",
    "color" : "#F0A000",
    "position" : {
      "x" : 13.208204,
      "y" : 17.444271,
      "z" : 2.118034
    },
    "orientation" : 4
  }, {
    "shape" : "6f184690-95c1-4a2e-8085-2607724bdc03",
    "color" : "#FFFFFF",
    "position" : {
      "x" : -4.736068,
      "y" : 20.062305,
      "z" : 10.59017
    }
  }, {
    "shape" : "b955b69c-3ca2-44ac-90a8-87961ef0aa09",
    "color" : "#F0A000",
    "position" : {
      "x" : 2.118034,
      "y" : 13.208204,
      "z" : 17.444271
    },
    "orientation" : 54
  }, {
    "shape" : "6f184690-95c1-4a2e-8085-2607724bdc03",
    "color" : "#FFFFFF",
    "position" : {
      "x" : -20.062305,
      "y" : 10.59017,
      "z" : 4.736068
    }
  }, {
    "shape" : "1fd42c66-18b9-4029-b892-b418827676c8",
    "color" : "#F0A000",
    "position" : {
      "x" : -17.444271,
      "y" : -2.118034,
      "z" : 13.208204
    },
    "orientation" : 19
  }, {
    "shape" : "1fd42c66-18b9-4029-b892-b418827676c8",
    "color" : "#F0A000",
    "position" : {
      "x" : -4.736068,
      "y" : -10.59017,
      "z" : 20.062305
    },
    "orientation" : 1
  }, {
    "shape" : "6f184690-95c1-4a2e-8085-2607724bdc03",
    "color" : "#FFFFFF",
    "position" : {
      "x" : -20.062305,
      "y" : 6.354102,
      "z" : -6.354102
    }
  }, {
    "shape" : "1fd42c66-18b9-4029-b892-b418827676c8",
    "color" : "#F0A000",
    "position" : {
      "x" : 2.118034,
      "y" : -13.208204,
      "z" : -17.444271
    },
    "orientation" : 3
  }, {
    "shape" : "6f184690-95c1-4a2e-8085-2607724bdc03",
    "color" : "#FFFFFF",
    "position" : {
      "x" : -2.118034,
      "y" : -13.208204,
      "z" : 17.444271
    }
  }, {
    "shape" : "6f184690-95c1-4a2e-8085-2607724bdc03",
    "color" : "#FFFFFF",
    "position" : {
      "x" : 13.208204,
      "y" : -2.118034,
      "z" : 17.444271
    }
  }, {
    "shape" : "6f184690-95c1-4a2e-8085-2607724bdc03",
    "color" : "#FFFFFF",
    "position" : {
      "x" : 13.208204,
      "y" : -13.208204,
      "z" : 13.208204
    }
  }, {
    "shape" : "9482c12f-b98a-48b0-afc5-9f5d09aa5275",
    "color" : "#F0A000",
    "position" : {
      "x" : 13.208204,
      "y" : -13.208204,
      "z" : -13.208204
    },
    "orientation" : 9
  }, {
    "shape" : "9482c12f-b98a-48b0-afc5-9f5d09aa5275",
    "color" : "#F0A000",
    "position" : {
      "x" : -13.208204,
      "y" : 13.208204,
      "z" : 13.208204
    },
    "orientation" : 3
  }, {
