{
  "field" : "golden",
  "symmetry" : "icosahedral",
  "orientations" : [ [ 1.0, 0.0, 0.0, 0.0, 0.0, 1.0, 0.0, 0.0, 0.0, 0.0, 1.0, 0.0, 0.0, 0.0, 0.0, 1.0 ], [ 0.0, 0.0, 1.0, 0.0, 1.0, 0.0, 0.0, 0.0, 0.0, 1.0, 0.0, 0.0, 0.0, 0.0, 0.0, 1.0 ], [ 0.0, 1.0, 0.0, 0.0, 0.0, 0.0, 1.0, 0.0, 1.0, 0.0, 0.0, 0.0, 0.0, 0.0, 0.0, 1.0 ], [ 0.809017, 0.309017, 0.5, 0.0, 0.309017, 0.5, -0.809017, 0.0, -0.5, 0.809017, 0.309017, 0.0, 0.0, 0.0, 0.0, 1.0 ], [ -0.5, 0.809017, 0.309017, 0.0, 0.809017, 0.309017, 0.5, 0.0, 0.309017, 0.5, -0.809017, 0.0, 0.0, 0.0, 0.0, 1.0 ], [ 0.309017, 0.5, -0.809017, 0.0, -0.5, 0.809017, 0.309017, 0.0, 0.809017, 0.309017, 0.5, 0.0, 0.0, 0.0, 0.0, 1.0 ], [ 0.5, 0.809017, 0.309017, 0.0, 0.809017, -0.309017, -0.5, 0.0, -0.309017, 0.5, -0.809017, 0.0, 0.0, 0.0, 0.0, 1.0 ], [ -0.309017, 0.5, -0.809017, 0.0, 0.5, 0.809017, 0.309017, 0.0, 0.809017, -0.309017, -0.5, 0.0, 0.0, 0.0, 0.0, 1.0 ], [ 0.809017, -0.309017, -0.5, 0.0, -0.309017, 0.5, -0.809017, 0.0, 0.5, 0.809017, 0.309017, 0.0, 0.0, 0.0, 0.0, 1.0 ], [ 0.5, 0.809017, -0.309017, 0.0, 0.809017, -0.309017, 0.5, 0.0, 0.309017, -0.5, -0.809017, 0.0, 0.0, 0.0, 0.0, 1.0 ], [ 0.309017, -0.5, -0.809017, 0.0, 0.5, 0.809017, -0.309017, 0.0, 0.809017, -0.309017, 0.5, 0.0, 0.0, 0.0, 0.0, 1.0 ], [ 0.809017, -0.309017, 0.5, 0.0, 0.309017, -0.5, -0.809017, 0.0, 0.5, 0.809017, -0.309017, 0.0, 0.0, 0.0, 0.0, 1.0 ], [ 0.809017, 0.309017, -0.5, 0.0, 0.309017, 0.5, 0.809017, 0.0, 0.5, -0.809017, 0.309017, 0.0, 0.0, 0.0, 0.0, 1.0 ], [ 0.5, -0.809017, 0.309017, 0.0, 0.809017, 0.309017, -0.5, 0.0, 0.309017, 0.5, 0.809017, 0.0, 0.0, 0.0, 0.0, 1.0 ], [ 0.309017, 0.5, 0.809017, 0.0, 0.5, -0.809017, 0.309017, 0.0, 0.809017, 0.309017, -0.5, 0.0, 0.0, 0.0, 0.0, 1.0 ], [ 1.0, 0.0, 0.0, 0.0, 0.0, -1.0, 0.0, 0.0, 0.0, 0.0, -1.0, 0.0, 0.0, 0.0, 0.0, 1.0 ], [ 0.0, 0.0, 1.0, 0.0, -1.0, 0.0, 0.0, 0.0, 0.0, -1.0, 0.0, 0.0, 0.0, 0.0, 0.0, 1.0 ], [ 0.0, 1.0, 0.0, 0.0, 0.0, 0.0, -1.0, 0.0, -1.0, 0.0, 0.0, 0.0, 0.0, 0.0, 0.0, 1.0 ], [ 0.809017, 0.309017, 0.5, 0.0, -0.309017, -0.5, 0.809017, 0.0, 0.5, -0.809017, -0.309017, 0.0, 0.0, 0.0, 0.0, 1.0 ], [ -0.5, 0.809017, 0.309017, 0.0, -0.809017, -0.309017, -0.5, 0.0, -0.309017, -0.5, 0.809017, 0.0, 0.0, 0.0, 0.0, 1.0 ], [ 0.309017, 0.5, -0.809017, 0.0, 0.5, -0.809017, -0.309017, 0.0, -0.809017, -0.309017, -0.5, 0.0, 0.0, 0.0, 0.0, 1.0 ], [ 0.5, 0.809017, 0.309017, 0.0, -0.809017, 0.309017, 0.5, 0.0, 0.309017, -0.5, 0.809017, 0.0, 0.0, 0.0, 0.0, 1.0 ], [ -0.309017, 0.5, -0.809017, 0.0, -0.5, -0.809017, -0.309017, 0.0, -0.809017, 0.309017, 0.5, 0.0, 0.0, 0.0, 0.0, 1.0 ], [ 0.809017, -0.309017, -0.5, 0.0, 0.309017, -0.5, 0.809017, 0.0, -0.5, -0.809017, -0.309017, 0.0, 0.0, 0.0, 0.0, 1.0 ], [ 0.5, 0.809017, -0.309017, 0.0, -0.809017, 0.309017, -0.5, 0.0, -0.309017, 0.5, 0.809017, 0.0, 0.0, 0.0, 0.0, 1.0 ], [ 0.309017, -0.5, -0.809017, 0.0, -0.5, -0.809017, 0.309017, 0.0, -0.809017, 0.309017, -0.5, 0.0, 0.0, 0.0, 0.0, 1.0 ], [ 0.809017, -0.309017, 0.5, 0.0, -0.309017, 0.5, 0.809017, 0.0, -0.5, -0.809017, 0.309017, 0.0, 0.0, 0.0, 0.0, 1.0 ], [ 0.809017, 0.309017, -0.5, 0.0, -0.309017, -0.5, -0.809017, 0.0, -0.5, 0.809017, -0.309017, 0.0, 0.0, 0.0, 0.0, 1.0 ], [ 0.5, -0.809017, 0.309017, 0.0, -0.809017, -0.309017, 0.5, 0.0, -0.309017, -0.5, -0.809017, 0.0, 0.0, 0.0, 0.0, 1.0 ], [ 0.309017, 0.5, 0.809017, 0.0, -0.5, 0.809017, -0.309017, 0.0, -0.809017, -0.309017, 0.5, 0.0, 0.0, 0.0, 0.0, 1.0 ], [ -1.0, 0.0, 0.0, 0.0, 0.0, -1.0, 0.0, 0.0, 0.0, 0.0, 1.0, 0.0, 0.0, 0.0, 0.0, 1.0 ], [ 0.0, 0.0, -1.0, 0.0, -1.0, 0.0, 0.0, 0.0, 0.0, 1.0, 0.0, 0.0, 0.0, 0.0, 0.0, 1.0 ], [ 0.0, -1.0, 0.0, 0.0, 0.0, 0.0, -1.0, 0.0, 1.0, 0.0, 0.0, 0.0, 0.0, 0.0, 0.0, 1.0 ], [ -0.809017, -0.309017, -0.5, 0.0, -0.309017, -0.5, 0.809017, 0.0, -0.5, 0.809017, 0.309017, 0.0, 0.0, 0.0, 0.0, 1.0 ], [ 0.5, -0.809017, -0.309017, 0.0, -0.809017, -0.309017, -0.5, 0.0, 0.309017, 0.5, -0.809017, 0.0, 0.0, 0.0, 0.0, 1.0 ], [ -0.309017, -0.5, 0.809017, 0.0, 0.5, -0.809017, -0.309017, 0.0, 0.809017, 0.309017, 0.5, 0.0, 0.0, 0.0, 0.0, 1.0 ], [ -0.5, -0.809017, -0.309017, 0.0, -0.809017, 0.309017, 0.5, 0.0, -0.309017, 0.5, -0.809017, 0.0, 0.0, 0.0, 0.0, 1.0 ], [ 0.309017, -0.5, 0.809017, 0.0, -0.5, -0.809017, -0.309017, 0.0, 0.809017, -0.309017, -0.5, 0.0, 0.0, 0.0, 0.0, 1.0 ], [ -0.809017, 0.309017, 0.5, 0.0, 0.309017, -0.5, 0.809017, 0.0, 0.5, 0.809017, 0.309017, 0.0, 0.0, 0.0, 0.0, 1.0 ], [ -0.5, -0.809017, 0.309017, 0.0, -0.809017, 0.309017, -0.5, 0.0, 0.309017, -0.5, -0.809017, 0.0, 0.0, 0.0, 0.0, 1.0 ], [ -0.309017, 0.5, 0.809017, 0.0, -0.5, -0.809017, 0.309017, 0.0, 0.809017, -0.309017, 0.5, 0.0, 0.0, 0.0, 0.0, 1.0 ], [ -0.809017, 0.309017, -0.5, 0.0, -0.309017, 0.5, 0.809017, 0.0, 0.5, 0.809017, -0.309017, 0.0, 0.0, 0.0, 0.0, 1.0 ], [ -0.809017, -0.309017, 0.5, 0.0, -0.309017, -0.5, -0.809017, 0.0, 0.5, -0.809017, 0.309017, 0.0, 0.0, 0.0, 0.0, 1.0 ], [ -0.5, 0.809017, -0.309017, 0.0, -0.809017, -0.309017, 0.5, 0.0, 0.309017, 0.5, 0.809017, 0.0, 0.0, 0.0, 0.0, 1.0 ], [ -0.309017, -0.5, -0.809017, 0.0, -0.5, 0.809017, -0.309017, 0.0, 0.809017, 0.309017, -0.5, 0.0, 0.0, 0.0, 0.0, 1.0 ], [ -1.0, 0.0, 0.0, 0.0, 0.0, 1.0, 0.0, 0.0, 0.0, 0.0, -1.0, 0.0, 0.0, 0.0, 0.0, 1.0 ], [ 0.0, 0.0, -1.0, 0.0, 1.0, 0.0, 0.0, 0.0, 0.0, -1.0, 0.0, 0.0, 0.0, 0.0, 0.0, 1.0 ], [ 0.0, -1.0, 0.0, 0.0, 0.0, 0.0, 1.0, 0.0, -1.0, 0.0, 0.0, 0.0, 0.0, 0.0, 0.0, 1.0 ], [ -0.809017, -0.309017, -0.5, 0.0, 0.309017, 0.5, -0.809017, 0.0, 0.5, -0.809017, -0.309017, 0.0, 0.0, 0.0, 0.0, 1.0 ], [ 0.5, -0.809017, -0.309017, 0.0, 0.809017, 0.309017, 0.5, 0.0, -0.309017, -0.5, 0.809017, 0.0, 0.0, 0.0, 0.0, 1.0 ], [ -0.309017, -0.5, 0.809017, 0.0, -0.5, 0.809017, 0.309017, 0.0, -0.809017, -0.309017, -0.5, 0.0, 0.0, 0.0, 0.0, 1.0 ], [ -0.5, -0.809017, -0.309017, 0.0, 0.809017, -0.309017, -0.5, 0.0, 0.309017, -0.5, 0.809017, 0.0, 0.0, 0.0, 0.0, 1.0 ], [ 0.309017, -0.5, 0.809017, 0.0, 0.5, 0.809017, 0.309017, 0.0, -0.809017, 0.309017, 0.5, 0.0, 0.0, 0.0, 0.0, 1.0 ], [ -0.809017, 0.309017, 0.5, 0.0, -0.309017, 0.5, -0.809017, 0.0, -0.5, -0.809017, -0.309017, 0.0, 0.0, 0.0, 0.0, 1.0 ], [ -0.5, -0.809017, 0.309017, 0.0, 0.809017, -0.309017, 0.5, 0.0, -0.309017, 0.5, 0.809017, 0.0, 0.0, 0.0, 0.0, 1.0 ], [ -0.309017, 0.5, 0.809017, 0.0, 0.5, 0.809017, -0.309017, 0.0, -0.809017, 0.309017, -0.5, 0.0, 0.0, 0.0, 0.0, 1.0 ], [ -0.809017, 0.309017, -0.5, 0.0, 0.309017, -0.5, -0.809017, 0.0, -0.5, -0.809017, 0.309017, 0.0, 0.0, 0.0, 0.0, 1.0 ], [ -0.809017, -0.309017, 0.5, 0.0, 0.309017, 0.5, 0.809017, 0.0, -0.5, 0.809017, -0.309017, 0.0, 0.0, 0.0, 0.0, 1.0 ], [ -0.5, 0.809017, -0.309017, 0.0, 0.809017, 0.309017, -0.5, 0.0, -0.309017, -0.5, -0.809017, 0.0, 0.0, 0.0, 0.0, 1.0 ], [ -0.309017, -0.5, -0.809017, 0.0, 0.5, -0.809017, 0.309017, 0.0, -0.809017, -0.309017, 0.5, 0.0, 0.0, 0.0, 0.0, 1.0 ] ],
  "lights" : {
    "backgroundColor" : "#AFC8DC",
    "ambientColor" : "#292929",
    "directionalLights" : [ {
      "direction" : {
        "x" : 1.0,
        "y" : -1.0,
        "z" : -1.0
      },
      "color" : "#EBEBE4"
    }, {
      "direction" : {
        "x" : -1.0,
        "y" : 0.0,
        "z" : 0.0
      },
      "color" : "#E4E4EB"
    }, {
      "direction" : {
        "x" : 0.0,
        "y" : 0.0,
        "z" : -1.0
      },
      "color" : "#1E1E1E"
    } ]
  },
  "camera" : {
    "width" : 122.77725,
    "viewDistance" : 272.83835,
    "nearClipDistance" : 0.68209565,
    "farClipDistance" : 545.6766,
    "lookAtPoint" : {
      "x" : 0.0,
      "y" : 0.0,
      "z" : 0.0
    },
    "fieldOfView" : 0.44262886,
    "perspective" : true,
    "position" : {
      "x" : 159.34062,
      "y" : 38.305046,
      "z" : 218.13762
    },
    "lookDirection" : {
      "x" : -0.5840111,
      "y" : -0.14039466,
      "z" : -0.7995123
    },
    "upDirection" : {
      "x" : 0.020591065,
      "y" : 0.9820505,
      "z" : -0.18748938
    },
    "stereo" : false
  },
  "embedding" : [ 1.0, 0.0, 0.0, 0.0, 0.0, 1.0, 0.0, 0.0, 0.0, 0.0, 1.0, 0.0, 0.0, 0.0, 0.0, 1.0 ],
  "shapes" : [ {
    "id" : "13f61578-171e-4f50-965c-6aa934511776",
    "vertices" : [ {
      "x" : 21.18034,
      "y" : 0.309017,
      "z" : 0.19098301
    }, {
      "x" : 21.18034,
      "y" : 0.309017,
      "z" : -0.19098301
    }, {
      "x" : 1.0,
      "y" : 0.309017,
      "z" : -0.19098301
    }, {
      "x" : 1.0,
      "y" : 0.309017,
      "z" : 0.19098301
    }, {
      "x" : 21.18034,
      "y" : -0.309017,
      "z" : 0.19098301
    }, {
      "x" : 1.0,
      "y" : -0.309017,
      "z" : 0.19098301
    }, {
      "x" : 1.0,
      "y" : -0.309017,
      "z" : -0.19098301
    }, {
      "x" : 21.18034,
      "y" : -0.309017,
      "z" : -0.19098301
    }, {
      "x" : 22.18034,
      "y" : 0.0,
      "z" : 0.0
    } ],
    "faces" : [ {
      "vertices" : [ 1, 7, 6 ]
    }, {
      "vertices" : [ 1, 6, 2 ]
    }, {
      "vertices" : [ 0, 1, 2 ]
    }, {
      "vertices" : [ 0, 2, 3 ]
    }, {
      "vertices" : [ 4, 5, 6 ]
    }, {
      "vertices" : [ 4, 6, 7 ]
    }, {
      "vertices" : [ 0, 3, 5 ]
    }, {
      "vertices" : [ 0, 5, 4 ]
    } ]
  }, {
    "id" : "2575cf87-a5f9-40f4-bc65-56cccd937dd8",
    "vertices" : [ {
      "x" : 0.309017,
      "y" : -0.809017,
      "z" : 0.618034
    }, {
      "x" : 0.809017,
      "y" : -0.618034,
      "z" : 0.309017
    }, {
      "x" : 0.618034,
      "y" : -0.309017,
      "z" : 0.809017
    }, {
      "x" : 1.0,
      "y" : 0.309017,
      "z" : 0.19098301
    }, {
      "x" : 0.809017,
      "y" : 0.618034,
      "z" : 0.309017
    }, {
      "x" : 0.618034,
      "y" : 0.309017,
      "z" : 0.809017
    }, {
      "x" : 0.809017,
      "y" : 0.0,
      "z" : 0.690983
    }, {
      "x" : 0.19098301,
      "y" : -1.0,
      "z" : 0.309017
    }, {
      "x" : -0.19098301,
      "y" : -1.0,
      "z" : 0.309017
    }, {
      "x" : -0.19098301,
      "y" : -1.0,
      "z" : -0.309017
    }, {
      "x" : 0.19098301,
      "y" : -1.0,
      "z" : -0.309017
    }, {
      "x" : 1.0,
      "y" : -0.309017,
      "z" : -0.19098301
    }, {
      "x" : 0.809017,
      "y" : -0.618034,
      "z" : -0.309017
    }, {
      "x" : 0.618034,
      "y" : -0.309017,
      "z" : -0.809017
    }, {
      "x" : 0.809017,
      "y" : 0.0,
      "z" : -0.690983
    }, {
      "x" : 0.0,
      "y" : 0.690983,
      "z" : -0.809017
    }, {
      "x" : 0.309017,
      "y" : 0.809017,
      "z" : -0.618034
    }, {
      "x" : 0.618034,
      "y" : 0.309017,
      "z" : -0.809017
    }, {
      "x" : 0.309017,
      "y" : 0.19098301,
      "z" : -1.0
    }, {
      "x" : 1.0,
      "y" : 0.309017,
      "z" : -0.19098301
    }, {
      "x" : -0.309017,
      "y" : -0.809017,
      "z" : 0.618034
    }, {
      "x" : 0.0,
      "y" : -0.690983,
      "z" : 0.809017
    }, {
      "x" : 0.809017,
      "y" : 0.618034,
      "z" : -0.309017
    }, {
      "x" : 0.690983,
      "y" : 0.809017,
      "z" : 0.0
    }, {
      "x" : -0.690983,
      "y" : 0.809017,
      "z" : 0.0
    }, {
      "x" : -0.809017,
      "y" : 0.618034,
      "z" : 0.309017
    }, {
      "x" : -0.309017,
      "y" : 0.809017,
      "z" : 0.618034
    }, {
      "x" : -0.19098301,
      "y" : 1.0,
      "z" : 0.309017
    }, {
      "x" : 0.309017,
      "y" : -0.19098301,
      "z" : -1.0
    }, {
      "x" : 0.19098301,
      "y" : 1.0,
      "z" : 0.309017
    }, {
      "x" : 0.309017,
      "y" : 0.809017,
      "z" : 0.618034
    }, {
      "x" : -0.809017,
      "y" : -0.618034,
      "z" : 0.309017
    }, {
      "x" : -0.690983,
      "y" : -0.809017,
      "z" : 0.0
    }, {
      "x" : 0.0,
      "y" : 0.690983,
      "z" : 0.809017
    }, {
      "x" : 0.309017,
      "y" : -0.809017,
      "z" : -0.618034
    }, {
      "x" : 0.0,
      "y" : -0.690983,
      "z" : -0.809017
    }, {
      "x" : -1.0,
      "y" : 0.309017,
      "z" : 0.19098301
    }, {
      "x" : -0.809017,
      "y" : 0.0,
      "z" : 0.690983
    }, {
      "x" : -0.618034,
      "y" : 0.309017,
      "z" : 0.809017
    }, {
      "x" : 1.0,
      "y" : -0.309017,
      "z" : 0.19098301
    }, {
      "x" : -0.309017,
      "y" : -0.809017,
      "z" : -0.618034
    }, {
      "x" : -1.0,
      "y" : 0.309017,
      "z" : -0.19098301
    }, {
      "x" : -1.0,
      "y" : -0.309017,
      "z" : -0.19098301
    }, {
      "x" : -1.0,
      "y" : -0.309017,
      "z" : 0.19098301
    }, {
      "x" : 0.19098301,
      "y" : 1.0,
      "z" : -0.309017
    }, {
      "x" : -0.809017,
      "y" : 0.618034,
      "z" : -0.309017
    }, {
      "x" : -0.19098301,
      "y" : 1.0,
      "z" : -0.309017
    }, {
      "x" : -0.309017,
      "y" : 0.809017,
      "z" : -0.618034
    }, {
      "x" : -0.618034,
      "y" : -0.309017,
      "z" : 0.809017
    }, {
      "x" : 0.309017,
      "y" : 0.19098301,
      "z" : 1.0
    }, {
      "x" : -0.309017,
      "y" : 0.19098301,
      "z" : -1.0
    }, {
      "x" : -0.309017,
      "y" : 0.19098301,
      "z" : 1.0
    }, {
      "x" : -0.309017,
      "y" : -0.19098301,
      "z" : 1.0
    }, {
      "x" : 0.309017,
      "y" : -0.19098301,
      "z" : 1.0
    }, {
      "x" : 0.690983,
      "y" : -0.809017,
      "z" : 0.0
    }, {
      "x" : -0.809017,
      "y" : 0.0,
      "z" : -0.690983
    }, {
      "x" : -0.618034,
      "y" : -0.309017,
      "z" : -0.809017
    }, {
      "x" : -0.309017,
      "y" : -0.19098301,
      "z" : -1.0
    }, {
      "x" : -0.618034,
      "y" : 0.309017,
      "z" : -0.809017
    }, {
      "x" : -0.809017,
      "y" : -0.618034,
      "z" : -0.309017
    } ],
    "faces" : [ {
      "vertices" : [ 9, 40, 35 ]
    }, {
      "vertices" : [ 9, 35, 34 ]
    }, {
      "vertices" : [ 9, 34, 10 ]
    }, {
      "vertices" : [ 0, 1, 2 ]
    }, {
      "vertices" : [ 33, 51, 49 ]
    }, {
      "vertices" : [ 25, 36, 37 ]
    }, {
      "vertices" : [ 25, 37, 38 ]
    }, {
      "vertices" : [ 41, 55, 42 ]
    }, {
      "vertices" : [ 9, 32, 59 ]
    }, {
      "vertices" : [ 9, 59, 40 ]
    }, {
      "vertices" : [ 20, 21, 52 ]
    }, {
      "vertices" : [ 20, 52, 48 ]
    }, {
      "vertices" : [ 26, 33, 30 ]
    }, {
      "vertices" : [ 26, 30, 29 ]
    }, {
      "vertices" : [ 26, 29, 27 ]
    }, {
      "vertices" : [ 3, 4, 5 ]
    }, {
      "vertices" : [ 3, 5, 6 ]
    }, {
      "vertices" : [ 27, 29, 44 ]
    }, {
      "vertices" : [ 27, 44, 46 ]
    }, {
      "vertices" : [ 50, 57, 56 ]
    }, {
      "vertices" : [ 50, 56, 55 ]
    }, {
      "vertices" : [ 50, 55, 58 ]
    }, {
      "vertices" : [ 26, 38, 51 ]
    }, {
      "vertices" : [ 26, 51, 33 ]
    }, {
      "vertices" : [ 45, 47, 58 ]
    }, {
      "vertices" : [ 18, 28, 57 ]
    }, {
      "vertices" : [ 18, 57, 50 ]
    }, {
      "vertices" : [ 40, 59, 56 ]
    }, {
      "vertices" : [ 31, 48, 37 ]
    }, {
      "vertices" : [ 31, 37, 43 ]
    }, {
      "vertices" : [ 7, 8, 9 ]
    }, {
      "vertices" : [ 7, 9, 10 ]
    }, {
      "vertices" : [ 36, 41, 42 ]
    }, {
      "vertices" : [ 36, 42, 43 ]
    }, {
      "vertices" : [ 24, 46, 47 ]
    }, {
      "vertices" : [ 24, 47, 45 ]
    }, {
      "vertices" : [ 4, 30, 5 ]
    }, {
      "vertices" : [ 15, 47, 46 ]
    }, {
      "vertices" : [ 15, 46, 44 ]
    }, {
      "vertices" : [ 15, 44, 16 ]
    }, {
      "vertices" : [ 15, 50, 58 ]
    }, {
      "vertices" : [ 15, 58, 47 ]
    }, {
      "vertices" : [ 24, 45, 41 ]
    }, {
      "vertices" : [ 24, 41, 36 ]
    }, {
      "vertices" : [ 24, 36, 25 ]
    }, {
      "vertices" : [ 11, 14, 19 ]
    }, {
      "vertices" : [ 3, 6, 39 ]
    }, {
      "vertices" : [ 1, 39, 6 ]
    }, {
      "vertices" : [ 1, 6, 2 ]
    }, {
      "vertices" : [ 8, 32, 9 ]
    }, {
      "vertices" : [ 11, 12, 13 ]
    }, {
      "vertices" : [ 11, 13, 14 ]
    }, {
      "vertices" : [ 16, 22, 17 ]
    }, {
      "vertices" : [ 0, 21, 20 ]
    }, {
      "vertices" : [ 0, 20, 8 ]
    }, {
      "vertices" : [ 0, 8, 7 ]
    }, {
      "vertices" : [ 12, 34, 13 ]
    }, {
      "vertices" : [ 35, 40, 56 ]
    }, {
      "vertices" : [ 35, 56, 57 ]
    }, {
      "vertices" : [ 0, 7, 54 ]
    }, {
      "vertices" : [ 0, 54, 1 ]
    }, {
      "vertices" : [ 15, 16, 17 ]
    }, {
      "vertices" : [ 15, 17, 18 ]
    }, {
      "vertices" : [ 3, 19, 22 ]
    }, {
      "vertices" : [ 3, 22, 23 ]
    }, {
      "vertices" : [ 3, 23, 4 ]
    }, {
      "vertices" : [ 7, 10, 54 ]
    }, {
      "vertices" : [ 41, 45, 58 ]
    }, {
      "vertices" : [ 41, 58, 55 ]
    }, {
      "vertices" : [ 3, 39, 11 ]
    }, {
      "vertices" : [ 3, 11, 19 ]
    }, {
      "vertices" : [ 14, 17, 22 ]
    }, {
      "vertices" : [ 14, 22, 19 ]
    }, {
      "vertices" : [ 0, 2, 53 ]
    }, {
      "vertices" : [ 0, 53, 21 ]
    }, {
      "vertices" : [ 49, 51, 52 ]
    }, {
      "vertices" : [ 49, 52, 53 ]
    }, {
      "vertices" : [ 31, 43, 42 ]
    }, {
      "vertices" : [ 31, 42, 59 ]
    }, {
      "vertices" : [ 31, 59, 32 ]
    }, {
      "vertices" : [ 15, 18, 50 ]
    }, {
      "vertices" : [ 42, 55, 56 ]
    }, {
      "vertices" : [ 42, 56, 59 ]
    }, {
      "vertices" : [ 4, 23, 29 ]
    }, {
      "vertices" : [ 4, 29, 30 ]
    }, {
      "vertices" : [ 25, 38, 26 ]
    }, {
      "vertices" : [ 13, 28, 18 ]
    }, {
      "vertices" : [ 13, 18, 17 ]
    }, {
      "vertices" : [ 13, 17, 14 ]
    }, {
      "vertices" : [ 8, 20, 31 ]
    }, {
      "vertices" : [ 8, 31, 32 ]
    }, {
      "vertices" : [ 23, 44, 29 ]
    }, {
      "vertices" : [ 24, 27, 46 ]
    }, {
      "vertices" : [ 37, 48, 52 ]
    }, {
      "vertices" : [ 37, 52, 51 ]
    }, {
      "vertices" : [ 37, 51, 38 ]
    }, {
      "vertices" : [ 20, 48, 31 ]
    }, {
      "vertices" : [ 24, 25, 26 ]
    }, {
      "vertices" : [ 24, 26, 27 ]
    }, {
      "vertices" : [ 16, 44, 23 ]
    }, {
      "vertices" : [ 16, 23, 22 ]
    }, {
      "vertices" : [ 13, 34, 35 ]
    }, {
      "vertices" : [ 13, 35, 28 ]
    }, {
      "vertices" : [ 10, 34, 12 ]
    }, {
      "vertices" : [ 10, 12, 54 ]
    }, {
      "vertices" : [ 2, 6, 5 ]
    }, {
      "vertices" : [ 2, 5, 49 ]
    }, {
      "vertices" : [ 2, 49, 53 ]
    }, {
      "vertices" : [ 36, 43, 37 ]
    }, {
      "vertices" : [ 5, 30, 33 ]
    }, {
      "vertices" : [ 5, 33, 49 ]
    }, {
      "vertices" : [ 1, 54, 12 ]
    }, {
      "vertices" : [ 1, 12, 11 ]
    }, {
      "vertices" : [ 1, 11, 39 ]
    }, {
      "vertices" : [ 28, 35, 57 ]
    }, {
      "vertices" : [ 21, 53, 52 ]
    } ]
  }, {
    "id" : "f465fc54-0117-4533-b373-6f4be4118cf2",
    "vertices" : [ {
      "x" : 0.809017,
      "y" : 0.0,
      "z" : -0.690983
    }, {
      "x" : 1.0,
      "y" : 0.309017,
      "z" : -0.19098301
    }, {
      "x" : 8.163119,
      "y" : 0.309017,
      "z" : -2.927051
    }, {
      "x" : 7.972136,
      "y" : 0.0,
      "z" : -3.427051
    }, {
      "x" : 16.944271,
      "y" : 0.309017,
      "z" : -6.663119
    }, {
      "x" : 1.0,
      "y" : -0.309017,
      "z" : -0.19098301
    }, {
      "x" : 8.163119,
      "y" : -0.309017,
      "z" : -2.927051
    }, {
      "x" : 9.781153,
      "y" : 0.309017,
      "z" : -3.927051
    }, {
      "x" : 9.972136,
      "y" : 0.0,
      "z" : -3.427051
    }, {
      "x" : 17.944271,
      "y" : 0.0,
      "z" : -6.854102
    }, {
      "x" : 9.781153,
      "y" : -0.309017,
      "z" : -3.927051
    }, {
      "x" : 17.135256,
      "y" : 0.0,
      "z" : -6.163119
    }, {
      "x" : 16.944271,
      "y" : -0.309017,
      "z" : -6.663119
    } ],
    "faces" : [ {
      "vertices" : [ 2, 6, 8 ]
    }, {
      "vertices" : [ 4, 12, 10 ]
    }, {
      "vertices" : [ 4, 10, 7 ]
    }, {
      "vertices" : [ 2, 8, 7 ]
    }, {
      "vertices" : [ 3, 10, 6 ]
    }, {
      "vertices" : [ 3, 7, 10 ]
    }, {
      "vertices" : [ 0, 1, 2 ]
    }, {
      "vertices" : [ 0, 2, 3 ]
    }, {
      "vertices" : [ 6, 10, 8 ]
    }, {
      "vertices" : [ 8, 10, 12 ]
    }, {
      "vertices" : [ 8, 12, 11 ]
    }, {
      "vertices" : [ 2, 7, 3 ]
    }, {
      "vertices" : [ 0, 3, 6 ]
    }, {
      "vertices" : [ 0, 6, 5 ]
    }, {
      "vertices" : [ 1, 5, 6 ]
    }, {
      "vertices" : [ 1, 6, 2 ]
    }, {
      "vertices" : [ 4, 7, 8 ]
    }, {
      "vertices" : [ 4, 8, 11 ]
    } ]
  } ],
  "instances" : [ {
    "shape" : "13f61578-171e-4f50-965c-6aa934511776",
    "color" : "#007695",
    "position" : {
      "x" : -11.09017,
      "y" : 11.09017,
      "z" : -22.18034
    },
    "orientation" : 16
  }, {
    "shape" : "2575cf87-a5f9-40f4-bc65-56cccd937dd8",
    "color" : "#FFFFFF",
    "position" : {
      "x" : -22.18034,
      "y" : 22.18034,
      "z" : -11.09017
    }
  }, {
    "shape" : "f465fc54-0117-4533-b373-6f4be4118cf2",
    "color" : "#F0A000",
    "position" : {
      "x" : -11.09017,
      "y" : 11.09017,
      "z" : 22.18034
    },
    "orientation" : 5
  }, {
    "shape" : "f465fc54-0117-4533-b373-6f4be4118cf2",
    "color" : "#F0A000",
    "position" : {
      "x" : 22.18034,
      "y" : -22.18034,
      "z" : 11.09017
    },
    "orientation" : 19
  }, {
    "shape" : "2575cf87-a5f9-40f4-bc65-56cccd937dd8",
    "color" : "#FFFFFF",
    "position" : {
      "x" : -22.18034,
      "y" : -22.18034,
      "z" : 11.09017
    }
  }, {
    "shape" : "f465fc54-0117-4533-b373-6f4be4118cf2",
    "color" : "#F0A000",
    "position" : {
      "x" : 11.09017,
      "y" : -11.09017,
      "z" : -22.18034
    },
    "orientation" : 4
  }, {
    "shape" : "13f61578-171e-4f50-965c-6aa934511776",
    "color" : "#007695",
    "position" : {
      "x" : 11.09017,
      "y" : -33.27051,
      "z" : 0.0
    },
    "orientation" : 45
  }, {
    "shape" : "f465fc54-0117-4533-b373-6f4be4118cf2",
    "color" : "#F0A000",
    "position" : {
      "x" : -22.18034,
      "y" : -22.18034,
      "z" : 11.09017
    },
    "orientation" : 24
  }, {
    "shape" : "f465fc54-0117-4533-b373-6f4be4118cf2",
    "color" : "#F0A000",
    "position" : {
      "x" : 22.18034,
      "y" : -22.18034,
      "z" : -11.09017
    },
    "orientation" : 39
  }, {
    "shape" : "2575cf87-a5f9-40f4-bc65-56cccd937dd8",
    "color" : "#FFFFFF",
    "position" : {
      "x" : -22.18034,
      "y" : -22.18034,
      "z" : -11.09017
    }
  }, {
    "shape" : "2575cf87-a5f9-40f4-bc65-56cccd937dd8",
    "color" : "#FFFFFF",
    "position" : {
      "x" : 0.0,
      "y" : 0.0,
      "z" : -11.09017
    }
  }, {
    "shape" : "f465fc54-0117-4533-b373-6f4be4118cf2",
    "color" : "#F0A000",
    "position" : {
      "x" : 22.18034,
      "y" : 22.18034,
      "z" : 11.09017
    },
    "orientation" : 54
  }, {
    "shape" : "13f61578-171e-4f50-965c-6aa934511776",
    "color" : "#007695",
    "position" : {
      "x" : -22.18034,
      "y" : 22.18034,
      "z" : -11.09017
    },
    "orientation" : 2
  }, {
    "shape" : "f465fc54-0117-4533-b373-6f4be4118cf2",
    "color" : "#F0A000",
    "position" : {
      "x" : -22.18034,
      "y" : -22.18034,
      "z" : -11.09017
    },
    "orientation" : 4
  }, {
    "shape" : "2575cf87-a5f9-40f4-bc65-56cccd937dd8",
    "color" : "#FFFFFF",
    "position" : {
      "x" : 11.09017,
      "y" : -11.09017,
      "z" : 22.18034
    }
  }, {
    "shape" : "f465fc54-0117-4533-b373-6f4be4118cf2",
    "color" : "#F0A000",
    "position" : {
      "x" : -11.09017,
      "y" : 11.09017,
      "z" : -22.18034
    },
    "orientation" : 24
  }, {
    "shape" : "2575cf87-a5f9-40f4-bc65-56cccd937dd8",
    "color" : "#FFFFFF",
    "position" : {
      "x" : -11.09017,
      "y" : -11.09017,
      "z" : -22.18034
    }
  }, {
    "shape" : "f465fc54-0117-4533-b373-6f4be4118cf2",
    "color" : "#F0A000",
    "position" : {
      "x" : 22.18034,
      "y" : 22.18034,
      "z" : 11.09017
    },
    "orientation" : 39
  }, {
    "shape" : "f465fc54-0117-4533-b373-6f4be4118cf2",
    "color" : "#F0A000",
    "position" : {
      "x" : -11.09017,
      "y" : -11.09017,
      "z" : -22.18034
    },
    "orientation" : 3
  }, {
    "shape" : "f465fc54-0117-4533-b373-6f4be4118cf2",
    "color" : "#F0A000",
    "position" : {
      "x" : -22.18034,
      "y" : 22.18034,
      "z" : -11.09017
    },
    "orientation" : 39
  }, {
    "shape" : "2575cf87-a5f9-40f4-bc65-56cccd937dd8",
    "color" : "#FFFFFF",
    "position" : {
      "x" : 22.18034,
      "y" : 22.18034,
      "z" : -11.09017
    }
  }, {
    "shape" : "2575cf87-a5f9-40f4-bc65-56cccd937dd8",
    "color" : "#FFFFFF",
    "position" : {
      "x" : -11.09017,
      "y" : 11.09017,
      "z" : 22.18034
    }
  }, {
    "shape" : "13f61578-171e-4f50-965c-6aa934511776",
    "color" : "#007695",
    "position" : {
      "x" : 11.09017,
      "y" : 11.09017,
      "z" : -22.18034
    },
    "orientation" : 45
  }, {
    "shape" : "f465fc54-0117-4533-b373-6f4be4118cf2",
    "color" : "#F0A000",
    "position" : {
      "x" : -22.18034,
      "y" : -22.18034,
      "z" : 11.09017
    },
    "orientation" : 54
  }, {
    "shape" : "2575cf87-a5f9-40f4-bc65-56cccd937dd8",
    "color" : "#FFFFFF",
    "position" : {
      "x" : 0.0,
      "y" : 0.0,
      "z" : 0.0
    }
  }, {
    "shape" : "2575cf87-a5f9-40f4-bc65-56cccd937dd8",
    "color" : "#FFFFFF",
    "position" : {
      "x" : 11.09017,
      "y" : 11.09017,
      "z" : 22.18034
    }
  }, {
    "shape" : "2575cf87-a5f9-40f4-bc65-56cccd937dd8",
    "color" : "#FFFFFF",
    "position" : {
      "x" : 0.0,
      "y" : 0.0,
      "z" : 33.27051
    }
  }, {
    "shape" : "2575cf87-a5f9-40f4-bc65-56cccd937dd8",
    "color" : "#FFFFFF",
    "position" : {
      "x" : 11.09017,
      "y" : -33.27051,
      "z" : 0.0
    }
  }, {
    "shape" : "13f61578-171e-4f50-965c-6aa934511776",
    "color" : "#007695",
    "position" : {
      "x" : -11.09017,
      "y" : 11.09017,
      "z" : 22.18034
    },
    "orientation" : 0
  }, {
    "shape" : "f465fc54-0117-4533-b373-6f4be4118cf2",
    "color" : "#F0A000",
    "position" : {
      "x" : 22.18034,
      "y" : 22.18034,
      "z" : 11.09017
    },
    "orientation" : 24
  }, {
    "shape" : "f465fc54-0117-4533-b373-6f4be4118cf2",
    "color" : "#F0A000",
    "position" : {
      "x" : 22.18034,
      "y" : 22.18034,
      "z" : -11.09017
    },
    "orientation" : 19
  }, {
    "shape" : "f465fc54-0117-4533-b373-6f4be4118cf2",
    "color" : "#F0A000",
    "position" : {
      "x" : 11.09017,
      "y" : 11.09017,
      "z" : -22.18034
    },
    "orientation" : 39
  }, {
    "shape" : "f465fc54-0117-4533-b373-6f4be4118cf2",
    "color" : "#F0A000",
    "position" : {
      "x" : -11.09017,
      "y" : -11.09017,
      "z" : 22.18034
    },
    "orientation" : 19
  }, {
    "shape" : "f465fc54-0117-4533-b373-6f4be4118cf2",
    "color" : "#F0A000",
    "position" : {
      "x" : -11.09017,
      "y" : -11.09017,
      "z" : -22.18034
    },
    "orientation" : 9
  }, {
    "shape" : "f465fc54-0117-4533-b373-6f4be4118cf2",
    "color" : "#F0A000",
    "position" : {
      "x" : 11.09017,
      "y" : -11.09017,
      "z" : -22.18034
    },
    "orientation" : 5
  }, {
    "shape" : "f465fc54-0117-4533-b373-6f4be4118cf2",
    "color" : "#F0A000",
    "position" : {
      "x" : 11.09017,
      "y" : -11.09017,
      "z" : -22.18034
    },
    "orientation" : 54
  }, {
    "shape" : "13f61578-171e-4f50-965c-6aa934511776",
    "color" : "#007695",
    "position" : {
      "x" : 33.27051,
      "y" : 11.09017,
      "z" : 0.0
    },
    "orientation" : 16
  }, {
    "shape" : "f465fc54-0117-4533-b373-6f4be4118cf2",
    "color" : "#F0A000",
    "position" : {
      "x" : -22.18034,
      "y" : 22.18034,
      "z" : -11.09017
    },
    "orientation" : 24
  }, {
    "shape" : "2575cf87-a5f9-40f4-bc65-56cccd937dd8",
    "color" : "#FFFFFF",
    "position" : {
      "x" : 33.27051,
      "y" : -11.09017,
      "z" : 0.0
    }
  }, {
    "shape" : "2575cf87-a5f9-40f4-bc65-56cccd937dd8",
    "color" : "#FFFFFF",
    "position" : {
      "x" : -11.09017,
      "y" : -11.09017,
      "z" : 22.18034
    }
  }, {
    "shape" : "2575cf87-a5f9-40f4-bc65-56cccd937dd8",
    "color" : "#FFFFFF",
    "position" : {
      "x" : 0.0,
      "y" : 0.0,
      "z" : -33.27051
    }
  }, {
    "shape" : "2575cf87-a5f9-40f4-bc65-56cccd937dd8",
    "color" : "#FFFFFF",
    "position" : {
      "x" : -11.09017,
      "y" : -33.27051,
      "z" : 0.0
    }
  }, {
    "shape" : "2575cf87-a5f9-40f4-bc65-56cccd937dd8",
    "color" : "#FFFFFF",
    "position" : {
      "x" : 0.0,
      "y" : 0.0,
      "z" : 11.09017
    }
  }, {
    "shape" : "f465fc54-0117-4533-b373-6f4be4118cf2",
    "color" : "#F0A000",
    "position" : {
      "x" : -22.18034,
      "y" : 22.18034,
      "z" : 11.09017
    },
    "orientation" : 5
  }, {
    "shape" : "13f61578-171e-4f50-965c-6aa934511776",
    "color" : "#007695",
    "position" : {
      "x" : -11.09017,
      "y" : -11.09017,
      "z" : -22.18034
    },
    "orientation" : 0
  }, {
    "shape" : "f465fc54-0117-4533-b373-6f4be4118cf2",
    "color" : "#F0A000",
    "position" : {
      "x" : 22.18034,
      "y" : 22.18034,
      "z" : -11.09017
    },
    "orientation" : 5
  }, {
    "shape" : "13f61578-171e-4f50-965c-6aa934511776",
    "color" : "#007695",
    "position" : {
      "x" : -22.18034,
      "y" : -22.18034,
      "z" : 11.09017
    },
    "orientation" : 47
  }, {
    "shape" : "13f61578-171e-4f50-965c-6aa934511776",
    "color" : "#007695",
    "position" : {
      "x" : 11.09017,
      "y" : 11.09017,
      "z" : -22.18034
    },
    "orientation" : 16
  }, {
    "shape" : "f465fc54-0117-4533-b373-6f4be4118cf2",
    "color" : "#F0A000",
    "position" : {
      "x" : 11.09017,
      "y" : 11.09017,
      "z" : -22.18034
    },
    "orientation" : 19
  }, {
    "shape" : "f465fc54-0117-4533-b373-6f4be4118cf2",
    "color" : "#F0A000",
    "position" : {
      "x" : -11.09017,
      "y" : -11.09017,
      "z" : -22.18034
    },
    "orientation" : 39
  }, {
    "shape" : "f465fc54-0117-4533-b373-6f4be4118cf2",
    "color" : "#F0A000",
    "position" : {
      "x" : 22.18034,
      "y" : -22.18034,
      "z" : -11.09017
    },
    "orientation" : 9
  }, {
    "shape" : "2575cf87-a5f9-40f4-bc65-56cccd937dd8",
    "color" : "#FFFFFF",
    "position" : {
      "x" : 22.18034,
      "y" : 22.18034,
      "z" : 11.09017
    }
  }, {
    "shape" : "f465fc54-0117-4533-b373-6f4be4118cf2",
    "color" : "#F0A000",
    "position" : {
      "x" : 11.09017,
      "y" : -11.09017,
      "z" : 22.18034
    },
    "orientation" : 4
  }, {
    "shape" : "f465fc54-0117-4533-b373-6f4be4118cf2",
    "color" : "#F0A000",
    "position" : {
      "x" : -22.18034,
      "y" : 22.18034,
      "z" : 11.09017
    },
    "orientation" : 3
  }, {
    "shape" : "f465fc54-0117-4533-b373-6f4be4118cf2",
    "color" : "#F0A000",
    "position" : {
      "x" : 11.09017,
      "y" : 11.09017,
      "z" : 22.18034
    },
    "orientation" : 39
  }, {
    "shape" : "13f61578-171e-4f50-965c-6aa934511776",
    "color" : "#007695",
    "position" : {
      "x" : 11.09017,
      "y" : -11.09017,
      "z" : 22.18034
    },
    "orientation" : 45
  }, {
    "shape" : "f465fc54-0117-4533-b373-6f4be4118cf2",
    "color" : "#F0A000",
    "position" : {
      "x" : -22.18034,
      "y" : 22.18034,
      "z" : 11.09017
    },
    "orientation" : 19
  }, {
    "shape" : "13f61578-171e-4f50-965c-6aa934511776",
    "color" : "#007695",
    "position" : {
      "x" : -33.27051,
      "y" : 11.09017,
      "z" : 0.0
    },
    "orientation" : 16
  }, {
    "shape" : "13f61578-171e-4f50-965c-6aa934511776",
    "color" : "#007695",
    "position" : {
      "x" : 11.09017,
      "y" : 33.27051,
      "z" : 0.0
    },
    "orientation" : 45
  }, {
    "shape" : "13f61578-171e-4f50-965c-6aa934511776",
    "color" : "#007695",
    "position" : {
      "x" : -11.09017,
      "y" : -11.09017,
      "z" : 22.18034
    },
    "orientation" : 1
  }, {
    "shape" : "13f61578-171e-4f50-965c-6aa934511776",
    "color" : "#007695",
    "position" : {
      "x" : 11.09017,
      "y" : -11.09017,
      "z" : 22.18034
    },
    "orientation" : 1
  }, {
    "shape" : "f465fc54-0117-4533-b373-6f4be4118cf2",
    "color" : "#F0A000",
    "position" : {
      "x" : -22.18034,
      "y" : -22.18034,
      "z" : -11.09017
    },
    "orientation" : 5
  }, {
    "shape" : "2575cf87-a5f9-40f4-bc65-56cccd937dd8",
    "color" : "#FFFFFF",
    "position" : {
      "x" : 11.09017,
      "y" : -11.09017,
      "z" : -22.18034
    }
  }, {
    "shape" : "f465fc54-0117-4533-b373-6f4be4118cf2",
    "color" : "#F0A000",
    "position" : {
      "x" : -11.09017,
      "y" : -11.09017,
      "z" : 22.18034
    },
    "orientation" : 9
  }, {
    "shape" : "f465fc54-0117-4533-b373-6f4be4118cf2",
    "color" : "#F0A000",
    "position" : {
      "x" : 11.09017,
      "y" : -11.09017,
      "z" : 22.18034
    },
    "orientation" : 54
  }, {
    "shape" : "2575cf87-a5f9-40f4-bc65-56cccd937dd8",
    "color" : "#FFFFFF",
    "position" : {
      "x" : -11.09017,
      "y" : 11.09017,
      "z" : -22.18034
    }
  }, {
    "shape" : "f465fc54-0117-4533-b373-6f4be4118cf2",
    "color" : "#F0A000",
    "position" : {
      "x" : 11.09017,
      "y" : -11.09017,
      "z" : 22.18034
    },
    "orientation" : 24
  }, {
    "shape" : "2575cf87-a5f9-40f4-bc65-56cccd937dd8",
    "color" : "#FFFFFF",
    "position" : {
      "x" : 22.18034,
      "y" : -22.18034,
      "z" : -11.09017
    }
  }, {
    "shape" : "2575cf87-a5f9-40f4-bc65-56cccd937dd8",
    "color" : "#FFFFFF",
    "position" : {
      "x" : 33.27051,
      "y" : 11.09017,
      "z" : 0.0
    }
  }, {
    "shape" : "13f61578-171e-4f50-965c-6aa934511776",
    "color" : "#007695",
    "position" : {
      "x" : 22.18034,
      "y" : -22.18034,
      "z" : 11.09017
    },
    "orientation" : 47
  }, {
    "shape" : "f465fc54-0117-4533-b373-6f4be4118cf2",
    "color" : "#F0A000",
    "position" : {
      "x" : -11.09017,
      "y" : 11.09017,
      "z" : 22.18034
    },
    "orientation" : 24
  }, {
    "shape" : "13f61578-171e-4f50-965c-6aa934511776",
    "color" : "#007695",
    "position" : {
      "x" : 0.0,
      "y" : 0.0,
      "z" : 11.09017
    },
    "orientation" : 47
  }, {
    "shape" : "2575cf87-a5f9-40f4-bc65-56cccd937dd8",
    "color" : "#FFFFFF",
    "position" : {
      "x" : -22.18034,
      "y" : 22.18034,
      "z" : 11.09017
    }
  }, {
    "shape" : "f465fc54-0117-4533-b373-6f4be4118cf2",
    "color" : "#F0A000",
    "position" : {
      "x" : 11.09017,
      "y" : 11.09017,
      "z" : 22.18034
    },
    "orientation" : 19
  }, {
    "shape" : "2575cf87-a5f9-40f4-bc65-56cccd937dd8",
    "color" : "#FFFFFF",
    "position" : {
      "x" : -33.27051,
      "y" : 11.09017,
      "z" : 0.0
    }
  }, {
    "shape" : "2575cf87-a5f9-40f4-bc65-56cccd937dd8",
    "color" : "#FFFFFF",
    "position" : {
      "x" : 11.09017,
      "y" : 11.09017,
      "z" : -22.18034
    }
  }, {
    "shape" : "2575cf87-a5f9-40f4-bc65-56cccd937dd8",
    "color" : "#FFFFFF",
    "position" : {
      "x" : -33.27051,
      "y" : -11.09017,
      "z" : 0.0
    }
  }, {
    "shape" : "f465fc54-0117-4533-b373-6f4be4118cf2",
    "color" : "#F0A000",
    "position" : {
      "x" : -11.09017,
      "y" : -11.09017,
      "z" : 22.18034
    },
    "orientation" : 3
  }, {
    "shape" : "2575cf87-a5f9-40f4-bc65-56cccd937dd8",
    "color" : "#FFFFFF",
    "position" : {
      "x" : 22.18034,
      "y" : -22.18034,
      "z" : 11.09017
    }
  }, {
    "shape" : "f465fc54-0117-4533-b373-6f4be4118cf2",
    "color" : "#F0A000",
    "position" : {
      "x" : 22.18034,
      "y" : -22.18034,
      "z" : 11.09017
    },
    "orientation" : 3
  }, {
    "shape" : "f465fc54-0117-4533-b373-6f4be4118cf2",
    "color" : "#F0A000",
    "position" : {
      "x" : -11.09017,
      "y" : 11.09017,
      "z" : -22.18034
    },
    "orientation" : 5
  }, {
    "shape" : "f465fc54-0117-4533-b373-6f4be4118cf2",
    "color" : "#F0A000",
    "position" : {
      "x" : 22.18034,
      "y" : 22.18034,
      "z" : -11.09017
    },
    "orientation" : 4
  }, {
    "shape" : "13f61578-171e-4f50-965c-6aa934511776",
    "color" : "#007695",
    "position" : {
      "x" : 22.18034,
      "y" : 22.18034,
      "z" : -11.09017
    },
    "orientation" : 2
  }, {
    "shape" : "2575cf87-a5f9-40f4-bc65-56cccd937dd8",
    "color" : "#FFFFFF",
    "position" : {
      "x" : -11.09017,
      "y" : 33.27051,
      "z" : 0.0
    }
  }, {
    "shape" : "2575cf87-a5f9-40f4-bc65-56cccd937dd8",
    "color" : "#FFFFFF",
    "position" : {
      "x" : 11.09017,
      "y" : 33.27051,
      "z" : 0.0
    }
  }, {
    "shape" : "f465fc54-0117-4533-b373-6f4be4118cf2",
    "color" : "#F0A000",
    "position" : {
      "x" : -22.18034,
      "y" : 22.18034,
      "z" : -11.09017
    },
    "orientation" : 9
  } ]
}