{
  "lighting": {
    "backgroundColor": "#2b3842",
    "ambientColor": "#333333",
    "directionalLights": [
      {
        "direction": [
          1,
          -1,
          -0.3
        ],
        "color": "#FDFDFD"
      },
      {
        "direction": [
          -1,
          0,
          -0.2
        ],
        "color": "#B5B5B5"
      },
      {
        "direction": [
          0,
          0,
          -1
        ],
        "color": "#303030"
      }
    ]
  },
  "camera": {
    "near": 1.8915848060188403,
    "far": 1513.2678222656239,
    "width": 340.4852600097653,
    "distance": 756.6339111328125,
    "up": [
      0.09322527134416754,
      0.9372010571064001,
      0.3361000257980601
    ],
    "lookAt": [
      0,
      0,
      0
    ],
    "lookDir": [
      -0.08337252867937417,
      0.3437327297351315,
      -0.9353591994364728
    ],
    "perspective": true
  },
  "embedding": [
    1,
    0,
    0,
    0,
    0,
    1,
    0,
    0,
    0,
    0,
    1,
    0,
    0,
    0,
    0,
    1
  ],
  "orientations": [
    [
      1,
      0,
      0,
      0,
      0,
      1,
      0,
      0,
      0,
      0,
      1,
      0,
      0,
      0,
      0,
      1
    ],
    [
      0,
      0,
      1,
      0,
      1,
      0,
      0,
      0,
      0,
      1,
      0,
      0,
      0,
      0,
      0,
      1
    ],
    [
      0,
      1,
      0,
      0,
      0,
      0,
      1,
      0,
      1,
      0,
      0,
      0,
      0,
      0,
      0,
      1
    ],
    [
      0.8090169943749475,
      0.30901699437494745,
      0.5,
      0,
      0.30901699437494745,
      0.5,
      -0.8090169943749475,
      0,
      -0.5,
      0.8090169943749475,
      0.30901699437494745,
      0,
      0,
      0,
      0,
      1
    ],
    [
      -0.5,
      0.8090169943749475,
      0.30901699437494745,
      0,
      0.8090169943749475,
      0.30901699437494745,
      0.5,
      0,
      0.30901699437494745,
      0.5,
      -0.8090169943749475,
      0,
      0,
      0,
      0,
      1
    ],
    [
      0.30901699437494745,
      0.5,
      -0.8090169943749475,
      0,
      -0.5,
      0.8090169943749475,
      0.30901699437494745,
      0,
      0.8090169943749475,
      0.30901699437494745,
      0.5,
      0,
      0,
      0,
      0,
      1
    ],
    [
      0.5,
      0.8090169943749475,
      0.30901699437494745,
      0,
      0.8090169943749475,
      -0.30901699437494745,
      -0.5,
      0,
      -0.30901699437494745,
      0.5,
      -0.8090169943749475,
      0,
      0,
      0,
      0,
      1
    ],
    [
      -0.30901699437494745,
      0.5,
      -0.8090169943749475,
      0,
      0.5,
      0.8090169943749475,
      0.30901699437494745,
      0,
      0.8090169943749475,
      -0.30901699437494745,
      -0.5,
      0,
      0,
      0,
      0,
      1
    ],
    [
      0.8090169943749475,
      -0.30901699437494745,
      -0.5,
      0,
      -0.30901699437494745,
      0.5,
      -0.8090169943749475,
      0,
      0.5,
      0.8090169943749475,
      0.30901699437494745,
      0,
      0,
      0,
      0,
      1
    ],
    [
      0.5,
      0.8090169943749475,
      -0.30901699437494745,
      0,
      0.8090169943749475,
      -0.30901699437494745,
      0.5,
      0,
      0.30901699437494745,
      -0.5,
      -0.8090169943749475,
      0,
      0,
      0,
      0,
      1
    ],
    [
      0.30901699437494745,
      -0.5,
      -0.8090169943749475,
      0,
      0.5,
      0.8090169943749475,
      -0.30901699437494745,
      0,
      0.8090169943749475,
      -0.30901699437494745,
      0.5,
      0,
      0,
      0,
      0,
      1
    ],
    [
      0.8090169943749475,
      -0.30901699437494745,
      0.5,
      0,
      0.30901699437494745,
      -0.5,
      -0.8090169943749475,
      0,
      0.5,
      0.8090169943749475,
      -0.30901699437494745,
      0,
      0,
      0,
      0,
      1
    ],
    [
      0.8090169943749475,
      0.30901699437494745,
      -0.5,
      0,
      0.30901699437494745,
      0.5,
      0.8090169943749475,
      0,
      0.5,
      -0.8090169943749475,
      0.30901699437494745,
      0,
      0,
      0,
      0,
      1
    ],
    [
      0.5,
      -0.8090169943749475,
      0.30901699437494745,
      0,
      0.8090169943749475,
      0.30901699437494745,
      -0.5,
      0,
      0.30901699437494745,
      0.5,
      0.8090169943749475,
      0,
      0,
      0,
      0,
      1
    ],
    [
      0.30901699437494745,
      0.5,
      0.8090169943749475,
      0,
      0.5,
      -0.8090169943749475,
      0.30901699437494745,
      0,
      0.8090169943749475,
      0.30901699437494745,
      -0.5,
      0,
      0,
      0,
      0,
      1
    ],
    [
      1,
      0,
      0,
      0,
      0,
      -1,
      0,
      0,
      0,
      0,
      -1,
      0,
      0,
      0,
      0,
      1
    ],
    [
      0,
      0,
      1,
      0,
      -1,
      0,
      0,
      0,
      0,
      -1,
      0,
      0,
      0,
      0,
      0,
      1
    ],
    [
      0,
      1,
      0,
      0,
      0,
      0,
      -1,
      0,
      -1,
      0,
      0,
      0,
      0,
      0,
      0,
      1
    ],
    [
      0.8090169943749475,
      0.30901699437494745,
      0.5,
      0,
      -0.30901699437494745,
      -0.5,
      0.8090169943749475,
      0,
      0.5,
      -0.8090169943749475,
      -0.30901699437494745,
      0,
      0,
      0,
      0,
      1
    ],
    [
      -0.5,
      0.8090169943749475,
      0.30901699437494745,
      0,
      -0.8090169943749475,
      -0.30901699437494745,
      -0.5,
      0,
      -0.30901699437494745,
      -0.5,
      0.8090169943749475,
      0,
      0,
      0,
      0,
      1
    ],
    [
      0.30901699437494745,
      0.5,
      -0.8090169943749475,
      0,
      0.5,
      -0.8090169943749475,
      -0.30901699437494745,
      0,
      -0.8090169943749475,
      -0.30901699437494745,
      -0.5,
      0,
      0,
      0,
      0,
      1
    ],
    [
      0.5,
      0.8090169943749475,
      0.30901699437494745,
      0,
      -0.8090169943749475,
      0.30901699437494745,
      0.5,
      0,
      0.30901699437494745,
      -0.5,
      0.8090169943749475,
      0,
      0,
      0,
      0,
      1
    ],
    [
      -0.30901699437494745,
      0.5,
      -0.8090169943749475,
      0,
      -0.5,
      -0.8090169943749475,
      -0.30901699437494745,
      0,
      -0.8090169943749475,
      0.30901699437494745,
      0.5,
      0,
      0,
      0,
      0,
      1
    ],
    [
      0.8090169943749475,
      -0.30901699437494745,
      -0.5,
      0,
      0.30901699437494745,
      -0.5,
      0.8090169943749475,
      0,
      -0.5,
      -0.8090169943749475,
      -0.30901699437494745,
      0,
      0,
      0,
      0,
      1
    ],
    [
      0.5,
      0.8090169943749475,
      -0.30901699437494745,
      0,
      -0.8090169943749475,
      0.30901699437494745,
      -0.5,
      0,
      -0.30901699437494745,
      0.5,
      0.8090169943749475,
      0,
      0,
      0,
      0,
      1
    ],
    [
      0.30901699437494745,
      -0.5,
      -0.8090169943749475,
      0,
      -0.5,
      -0.8090169943749475,
      0.30901699437494745,
      0,
      -0.8090169943749475,
      0.30901699437494745,
      -0.5,
      0,
      0,
      0,
      0,
      1
    ],
    [
      0.8090169943749475,
      -0.30901699437494745,
      0.5,
      0,
      -0.30901699437494745,
      0.5,
      0.8090169943749475,
      0,
      -0.5,
      -0.8090169943749475,
      0.30901699437494745,
      0,
      0,
      0,
      0,
      1
    ],
    [
      0.8090169943749475,
      0.30901699437494745,
      -0.5,
      0,
      -0.30901699437494745,
      -0.5,
      -0.8090169943749475,
      0,
      -0.5,
      0.8090169943749475,
      -0.30901699437494745,
      0,
      0,
      0,
      0,
      1
    ],
    [
      0.5,
      -0.8090169943749475,
      0.30901699437494745,
      0,
      -0.8090169943749475,
      -0.30901699437494745,
      0.5,
      0,
      -0.30901699437494745,
      -0.5,
      -0.8090169943749475,
      0,
      0,
      0,
      0,
      1
    ],
    [
      0.30901699437494745,
      0.5,
      0.8090169943749475,
      0,
      -0.5,
      0.8090169943749475,
      -0.30901699437494745,
      0,
      -0.8090169943749475,
      -0.30901699437494745,
      0.5,
      0,
      0,
      0,
      0,
      1
    ],
    [
      -1,
      0,
      0,
      0,
      0,
      -1,
      0,
      0,
      0,
      0,
      1,
      0,
      0,
      0,
      0,
      1
    ],
    [
      0,
      0,
      -1,
      0,
      -1,
      0,
      0,
      0,
      0,
      1,
      0,
      0,
      0,
      0,
      0,
      1
    ],
    [
      0,
      -1,
      0,
      0,
      0,
      0,
      -1,
      0,
      1,
      0,
      0,
      0,
      0,
      0,
      0,
      1
    ],
    [
      -0.8090169943749475,
      -0.30901699437494745,
      -0.5,
      0,
      -0.30901699437494745,
      -0.5,
      0.8090169943749475,
      0,
      -0.5,
      0.8090169943749475,
      0.30901699437494745,
      0,
      0,
      0,
      0,
      1
    ],
    [
      0.5,
      -0.8090169943749475,
      -0.30901699437494745,
      0,
      -0.8090169943749475,
      -0.30901699437494745,
      -0.5,
      0,
      0.30901699437494745,
      0.5,
      -0.8090169943749475,
      0,
      0,
      0,
      0,
      1
    ],
    [
      -0.30901699437494745,
      -0.5,
      0.8090169943749475,
      0,
      0.5,
      -0.8090169943749475,
      -0.30901699437494745,
      0,
      0.8090169943749475,
      0.30901699437494745,
      0.5,
      0,
      0,
      0,
      0,
      1
    ],
    [
      -0.5,
      -0.8090169943749475,
      -0.30901699437494745,
      0,
      -0.8090169943749475,
      0.30901699437494745,
      0.5,
      0,
      -0.30901699437494745,
      0.5,
      -0.8090169943749475,
      0,
      0,
      0,
      0,
      1
    ],
    [
      0.30901699437494745,
      -0.5,
      0.8090169943749475,
      0,
      -0.5,
      -0.8090169943749475,
      -0.30901699437494745,
      0,
      0.8090169943749475,
      -0.30901699437494745,
      -0.5,
      0,
      0,
      0,
      0,
      1
    ],
    [
      -0.8090169943749475,
      0.30901699437494745,
      0.5,
      0,
      0.30901699437494745,
      -0.5,
      0.8090169943749475,
      0,
      0.5,
      0.8090169943749475,
      0.30901699437494745,
      0,
      0,
      0,
      0,
      1
    ],
    [
      -0.5,
      -0.8090169943749475,
      0.30901699437494745,
      0,
      -0.8090169943749475,
      0.30901699437494745,
      -0.5,
      0,
      0.30901699437494745,
      -0.5,
      -0.8090169943749475,
      0,
      0,
      0,
      0,
      1
    ],
    [
      -0.30901699437494745,
      0.5,
      0.8090169943749475,
      0,
      -0.5,
      -0.8090169943749475,
      0.30901699437494745,
      0,
      0.8090169943749475,
      -0.30901699437494745,
      0.5,
      0,
      0,
      0,
      0,
      1
    ],
    [
      -0.8090169943749475,
      0.30901699437494745,
      -0.5,
      0,
      -0.30901699437494745,
      0.5,
      0.8090169943749475,
      0,
      0.5,
      0.8090169943749475,
      -0.30901699437494745,
      0,
      0,
      0,
      0,
      1
    ],
    [
      -0.8090169943749475,
      -0.30901699437494745,
      0.5,
      0,
      -0.30901699437494745,
      -0.5,
      -0.8090169943749475,
      0,
      0.5,
      -0.8090169943749475,
      0.30901699437494745,
      0,
      0,
      0,
      0,
      1
    ],
    [
      -0.5,
      0.8090169943749475,
      -0.30901699437494745,
      0,
      -0.8090169943749475,
      -0.30901699437494745,
      0.5,
      0,
      0.30901699437494745,
      0.5,
      0.8090169943749475,
      0,
      0,
      0,
      0,
      1
    ],
    [
      -0.30901699437494745,
      -0.5,
      -0.8090169943749475,
      0,
      -0.5,
      0.8090169943749475,
      -0.30901699437494745,
      0,
      0.8090169943749475,
      0.30901699437494745,
      -0.5,
      0,
      0,
      0,
      0,
      1
    ],
    [
      -1,
      0,
      0,
      0,
      0,
      1,
      0,
      0,
      0,
      0,
      -1,
      0,
      0,
      0,
      0,
      1
    ],
    [
      0,
      0,
      -1,
      0,
      1,
      0,
      0,
      0,
      0,
      -1,
      0,
      0,
      0,
      0,
      0,
      1
    ],
    [
      0,
      -1,
      0,
      0,
      0,
      0,
      1,
      0,
      -1,
      0,
      0,
      0,
      0,
      0,
      0,
      1
    ],
    [
      -0.8090169943749475,
      -0.30901699437494745,
      -0.5,
      0,
      0.30901699437494745,
      0.5,
      -0.8090169943749475,
      0,
      0.5,
      -0.8090169943749475,
      -0.30901699437494745,
      0,
      0,
      0,
      0,
      1
    ],
    [
      0.5,
      -0.8090169943749475,
      -0.30901699437494745,
      0,
      0.8090169943749475,
      0.30901699437494745,
      0.5,
      0,
      -0.30901699437494745,
      -0.5,
      0.8090169943749475,
      0,
      0,
      0,
      0,
      1
    ],
    [
      -0.30901699437494745,
      -0.5,
      0.8090169943749475,
      0,
      -0.5,
      0.8090169943749475,
      0.30901699437494745,
      0,
      -0.8090169943749475,
      -0.30901699437494745,
      -0.5,
      0,
      0,
      0,
      0,
      1
    ],
    [
      -0.5,
      -0.8090169943749475,
      -0.30901699437494745,
      0,
      0.8090169943749475,
      -0.30901699437494745,
      -0.5,
      0,
      0.30901699437494745,
      -0.5,
      0.8090169943749475,
      0,
      0,
      0,
      0,
      1
    ],
    [
      0.30901699437494745,
      -0.5,
      0.8090169943749475,
      0,
      0.5,
      0.8090169943749475,
      0.30901699437494745,
      0,
      -0.8090169943749475,
      0.30901699437494745,
      0.5,
      0,
      0,
      0,
      0,
      1
    ],
    [
      -0.8090169943749475,
      0.30901699437494745,
      0.5,
      0,
      -0.30901699437494745,
      0.5,
      -0.8090169943749475,
      0,
      -0.5,
      -0.8090169943749475,
      -0.30901699437494745,
      0,
      0,
      0,
      0,
      1
    ],
    [
      -0.5,
      -0.8090169943749475,
      0.30901699437494745,
      0,
      0.8090169943749475,
      -0.30901699437494745,
      0.5,
      0,
      -0.30901699437494745,
      0.5,
      0.8090169943749475,
      0,
      0,
      0,
      0,
      1
    ],
    [
      -0.30901699437494745,
      0.5,
      0.8090169943749475,
      0,
      0.5,
      0.8090169943749475,
      -0.30901699437494745,
      0,
      -0.8090169943749475,
      0.30901699437494745,
      -0.5,
      0,
      0,
      0,
      0,
      1
    ],
    [
      -0.8090169943749475,
      0.30901699437494745,
      -0.5,
      0,
      0.30901699437494745,
      -0.5,
      -0.8090169943749475,
      0,
      -0.5,
      -0.8090169943749475,
      0.30901699437494745,
      0,
      0,
      0,
      0,
      1
    ],
    [
      -0.8090169943749475,
      -0.30901699437494745,
      0.5,
      0,
      0.30901699437494745,
      0.5,
      0.8090169943749475,
      0,
      -0.5,
      0.8090169943749475,
      -0.30901699437494745,
      0,
      0,
      0,
      0,
      1
    ],
    [
      -0.5,
      0.8090169943749475,
      -0.30901699437494745,
      0,
      0.8090169943749475,
      0.30901699437494745,
      -0.5,
      0,
      -0.30901699437494745,
      -0.5,
      -0.8090169943749475,
      0,
      0,
      0,
      0,
      1
    ],
    [
      -0.30901699437494745,
      -0.5,
      -0.8090169943749475,
      0,
      0.5,
      -0.8090169943749475,
      0.30901699437494745,
      0,
      -0.8090169943749475,
      -0.30901699437494745,
      0.5,
      0,
      0,
      0,
      0,
      1
    ]
  ],
  "polygons": true,
  "shapes": {
    "s10509056988207166": {
      "id": "s10509056988207166",
      "name": "ball",
      "vertices": [
        {
          "x": -0.30901700258255005,
          "y": -0.19098301231861115,
          "z": 0
        },
        {
          "x": -0.30901700258255005,
          "y": 0.19098301231861115,
          "z": 0
        },
        {
          "x": -0.19098301231861115,
          "y": 0,
          "z": -0.30901700258255005
        },
        {
          "x": -0.19098301231861115,
          "y": 0,
          "z": 0.30901700258255005
        },
        {
          "x": 0,
          "y": -0.30901700258255005,
          "z": -0.19098301231861115
        },
        {
          "x": 0,
          "y": -0.30901700258255005,
          "z": 0.19098301231861115
        },
        {
          "x": 0,
          "y": 0.30901700258255005,
          "z": -0.19098301231861115
        },
        {
          "x": 0,
          "y": 0.30901700258255005,
          "z": 0.19098301231861115
        },
        {
          "x": 0.19098301231861115,
          "y": 0,
          "z": -0.30901700258255005
        },
        {
          "x": 0.19098301231861115,
          "y": 0,
          "z": 0.30901700258255005
        },
        {
          "x": 0.30901700258255005,
          "y": -0.19098301231861115,
          "z": 0
        },
        {
          "x": 0.30901700258255005,
          "y": 0.19098301231861115,
          "z": 0
        }
      ],
      "faces": [
        {
          "vertices": [
            0,
            3,
            1
          ]
        },
        {
          "vertices": [
            0,
            1,
            2
          ]
        },
        {
          "vertices": [
            0,
            5,
            3
          ]
        },
        {
          "vertices": [
            0,
            2,
            4
          ]
        },
        {
          "vertices": [
            0,
            4,
            5
          ]
        },
        {
          "vertices": [
            1,
            6,
            2
          ]
        },
        {
          "vertices": [
            1,
            3,
            7
          ]
        },
        {
          "vertices": [
            3,
            9,
            7
          ]
        },
        {
          "vertices": [
            4,
            10,
            5
          ]
        },
        {
          "vertices": [
            1,
            7,
            6
          ]
        },
        {
          "vertices": [
            2,
            8,
            4
          ]
        },
        {
          "vertices": [
            2,
            6,
            8
          ]
        },
        {
          "vertices": [
            3,
            5,
            9
          ]
        },
        {
          "vertices": [
            4,
            8,
            10
          ]
        },
        {
          "vertices": [
            5,
            10,
            9
          ]
        },
        {
          "vertices": [
            6,
            7,
            11
          ]
        },
        {
          "vertices": [
            7,
            9,
            11
          ]
        },
        {
          "vertices": [
            6,
            11,
            8
          ]
        },
        {
          "vertices": [
            9,
            10,
            11
          ]
        },
        {
          "vertices": [
            8,
            11,
            10
          ]
        }
      ]
    },
    "s8092238569043486": {
      "id": "s8092238569043486",
      "orbit": "[[3,-1,5],[0,0,1]]",
      "length": "[1,1,2]",
      "vertices": [
        {
          "x": 8.35410213470459,
          "y": 8.163119316101074,
          "z": 1.6180340051651
        },
        {
          "x": 1,
          "y": 0.80901700258255,
          "z": -0.1180339902639389
        },
        {
          "x": 0.5,
          "y": 1,
          "z": 0.19098301231861115
        },
        {
          "x": 7.85410213470459,
          "y": 8.35410213470459,
          "z": 1.9270509481430054
        },
        {
          "x": 1.1180340051651,
          "y": 0.6180340051651001,
          "z": 0.19098301231861115
        },
        {
          "x": 8.472135543823242,
          "y": 7.9721360206604,
          "z": 1.9270509481430054
        },
        {
          "x": 8.663119316101074,
          "y": 8.663119316101074,
          "z": 2.0450849533081055
        },
        {
          "x": 7.9721360206604,
          "y": 8.163119316101074,
          "z": 2.2360680103302
        },
        {
          "x": 0.6180340051651001,
          "y": 0.80901700258255,
          "z": 0.5
        },
        {
          "x": 0.30901700258255005,
          "y": 0.30901700258255005,
          "z": 0.07294901460409164
        },
        {
          "x": 8.972135543823242,
          "y": 8.972135543823242,
          "z": 2.1180338859558105
        }
      ],
      "faces": [
        {
          "vertices": [
            0,
            1,
            2,
            3
          ]
        },
        {
          "vertices": [
            0,
            5,
            4,
            1
          ]
        },
        {
          "vertices": [
            0,
            6,
            5
          ]
        },
        {
          "vertices": [
            2,
            9,
            8
          ]
        },
        {
          "vertices": [
            3,
            7,
            6
          ]
        },
        {
          "vertices": [
            1,
            9,
            2
          ]
        },
        {
          "vertices": [
            2,
            8,
            7,
            3
          ]
        },
        {
          "vertices": [
            1,
            4,
            9
          ]
        },
        {
          "vertices": [
            4,
            8,
            9
          ]
        },
        {
          "vertices": [
            0,
            3,
            6
          ]
        },
        {
          "vertices": [
            4,
            5,
            7,
            8
          ]
        },
        {
          "vertices": [
            5,
            6,
            7
          ]
        }
      ]
    },
    "s8757811841758238": {
      "id": "s8757811841758238",
      "orbit": "[[5,-3,1],[0,0,1]]",
      "length": "[4,7,10]",
      "vertices": [
        {
          "x": 3.8214781284332275,
          "y": 8.118034362792969,
          "z": -3.3214781284332275
        },
        {
          "x": 0.1458980292081833,
          "y": 0.32623791694641113,
          "z": -0.1458980292081833
        },
        {
          "x": 0.69098299741745,
          "y": 0.6631189584732056,
          "z": -0.3819660246372223
        },
        {
          "x": 0.5729489922523499,
          "y": 0.8541019558906555,
          "z": -0.07294901460409164
        },
        {
          "x": 3.866563081741333,
          "y": 8.64589786529541,
          "z": -3.866563081741333
        },
        {
          "x": 3.939512252807617,
          "y": 7.927051067352295,
          "z": -3.630495071411133
        },
        {
          "x": 3.4169697761535645,
          "y": 8.081559181213379,
          "z": -3.9255800247192383
        },
        {
          "x": 3.298935651779175,
          "y": 8.272542953491211,
          "z": -3.616563081741333
        },
        {
          "x": 0.16844052076339722,
          "y": 0.8176274299621582,
          "z": -0.6770510077476501
        },
        {
          "x": 0.05040653049945831,
          "y": 1.008610486984253,
          "z": -0.3680339753627777
        },
        {
          "x": 4.012461185455322,
          "y": 8.972135543823242,
          "z": -4.012461185455322
        }
      ],
      "faces": [
        {
          "vertices": [
            1,
            2,
            3
          ]
        },
        {
          "vertices": [
            4,
            5,
            6
          ]
        },
        {
          "vertices": [
            6,
            8,
            9,
            7
          ]
        },
        {
          "vertices": [
            4,
            6,
            7
          ]
        },
        {
          "vertices": [
            1,
            9,
            8
          ]
        },
        {
          "vertices": [
            0,
            4,
            7
          ]
        },
        {
          "vertices": [
            1,
            8,
            2
          ]
        },
        {
          "vertices": [
            1,
            3,
            9
          ]
        },
        {
          "vertices": [
            2,
            8,
            6,
            5
          ]
        },
        {
          "vertices": [
            0,
            7,
            9,
            3
          ]
        },
        {
          "vertices": [
            0,
            5,
            4
          ]
        },
        {
          "vertices": [
            0,
            3,
            2,
            5
          ]
        }
      ]
    },
    "s9667944204367318": {
      "id": "s9667944204367318",
      "orbit": "[[0,0,1],[0,0,1]]",
      "length": "[0,1,1]",
      "vertices": [
        {
          "x": 1,
          "y": 0.30901700258255005,
          "z": 0.19098301231861115
        },
        {
          "x": 1,
          "y": -0.30901700258255005,
          "z": 0.19098301231861115
        },
        {
          "x": 12.70820426940918,
          "y": -0.30901700258255005,
          "z": 0.19098301231861115
        },
        {
          "x": 12.70820426940918,
          "y": 0.30901700258255005,
          "z": 0.19098301231861115
        },
        {
          "x": 12.70820426940918,
          "y": -0.30901700258255005,
          "z": -0.19098301231861115
        },
        {
          "x": 12.70820426940918,
          "y": 0.30901700258255005,
          "z": -0.19098301231861115
        },
        {
          "x": 13.326237678527832,
          "y": 0,
          "z": 0
        },
        {
          "x": 0.3819660246372223,
          "y": 0,
          "z": 0
        },
        {
          "x": 1,
          "y": 0.30901700258255005,
          "z": -0.19098301231861115
        },
        {
          "x": 1,
          "y": -0.30901700258255005,
          "z": -0.19098301231861115
        },
        {
          "x": 13.70820426940918,
          "y": 0,
          "z": 0
        }
      ],
      "faces": [
        {
          "vertices": [
            0,
            1,
            2,
            3
          ]
        },
        {
          "vertices": [
            2,
            4,
            6
          ]
        },
        {
          "vertices": [
            7,
            8,
            9
          ]
        },
        {
          "vertices": [
            4,
            9,
            8,
            5
          ]
        },
        {
          "vertices": [
            1,
            9,
            4,
            2
          ]
        },
        {
          "vertices": [
            0,
            3,
            5,
            8
          ]
        },
        {
          "vertices": [
            1,
            7,
            9
          ]
        },
        {
          "vertices": [
            2,
            6,
            3
          ]
        },
        {
          "vertices": [
            0,
            7,
            1
          ]
        },
        {
          "vertices": [
            4,
            5,
            6
          ]
        },
        {
          "vertices": [
            0,
            8,
            7
          ]
        },
        {
          "vertices": [
            3,
            6,
            5
          ]
        }
      ]
    },
    "s836974349380829": {
      "id": "s836974349380829",
      "orbit": "[[5,-3,1],[0,0,1]]",
      "length": "[3,4,10]",
      "vertices": [
        {
          "x": 2.2888543605804443,
          "y": 4.690982818603516,
          "z": -1.7888543605804443
        },
        {
          "x": 0.1458980292081833,
          "y": 0.32623791694641113,
          "z": -0.1458980292081833
        },
        {
          "x": 0.69098299741745,
          "y": 0.6631189584732056,
          "z": -0.3819660246372223
        },
        {
          "x": 0.5729489922523499,
          "y": 0.8541019558906555,
          "z": -0.07294901460409164
        },
        {
          "x": 2.33393931388855,
          "y": 5.218847274780273,
          "z": -2.33393931388855
        },
        {
          "x": 2.406888484954834,
          "y": 4.5,
          "z": -2.0978713035583496
        },
        {
          "x": 1.8843458890914917,
          "y": 4.654508590698242,
          "z": -2.392956256866455
        },
        {
          "x": 1.7663118839263916,
          "y": 4.845491409301758,
          "z": -2.08393931388855
        },
        {
          "x": 0.16844052076339722,
          "y": 0.8176274299621582,
          "z": -0.6770510077476501
        },
        {
          "x": 0.05040653049945831,
          "y": 1.008610486984253,
          "z": -0.3680339753627777
        },
        {
          "x": 2.479837417602539,
          "y": 5.5450849533081055,
          "z": -2.479837417602539
        }
      ],
      "faces": [
        {
          "vertices": [
            1,
            2,
            3
          ]
        },
        {
          "vertices": [
            4,
            5,
            6
          ]
        },
        {
          "vertices": [
            6,
            8,
            9,
            7
          ]
        },
        {
          "vertices": [
            4,
            6,
            7
          ]
        },
        {
          "vertices": [
            1,
            9,
            8
          ]
        },
        {
          "vertices": [
            0,
            4,
            7
          ]
        },
        {
          "vertices": [
            1,
            8,
            2
          ]
        },
        {
          "vertices": [
            1,
            3,
            9
          ]
        },
        {
          "vertices": [
            2,
            8,
            6,
            5
          ]
        },
        {
          "vertices": [
            0,
            7,
            9,
            3
          ]
        },
        {
          "vertices": [
            0,
            5,
            4
          ]
        },
        {
          "vertices": [
            0,
            3,
            2,
            5
          ]
        }
      ]
    },
    "s3872395214954878": {
      "id": "s3872395214954878",
      "orbit": "[[-8,6,5],[-4,3,5]]",
      "length": "[1,0,1]",
      "vertices": [
        {
          "x": 1.8129770755767822,
          "y": -5.105597496032715,
          "z": 3.555797576904297
        },
        {
          "x": 1.4129769802093506,
          "y": -5.205597877502441,
          "z": 3.6557974815368652
        },
        {
          "x": 0.035384636372327805,
          "y": -0.4394872486591339,
          "z": 0.5772648453712463
        },
        {
          "x": 0.4353846311569214,
          "y": -0.339487224817276,
          "z": 0.4772648513317108
        },
        {
          "x": 1.546310305595398,
          "y": -4.972264289855957,
          "z": 3.9557974338531494
        },
        {
          "x": 1.9463104009628296,
          "y": -4.872264385223389,
          "z": 3.855797529220581
        },
        {
          "x": 0.302051305770874,
          "y": -0.5728205442428589,
          "z": 0.17726483941078186
        },
        {
          "x": -0.09794870018959045,
          "y": -0.6728205680847168,
          "z": 0.2772648334503174
        }
      ],
      "faces": [
        {
          "vertices": [
            2,
            4,
            5,
            3
          ]
        },
        {
          "vertices": [
            0,
            6,
            3,
            5
          ]
        },
        {
          "vertices": [
            0,
            1,
            7,
            6
          ]
        },
        {
          "vertices": [
            1,
            4,
            2,
            7
          ]
        },
        {
          "vertices": [
            2,
            3,
            6,
            7
          ]
        },
        {
          "vertices": [
            0,
            5,
            4,
            1
          ]
        }
      ]
    },
    "s6597082139567505": {
      "id": "s6597082139567505",
      "orbit": "[[0,0,1],[0,0,1]]",
      "length": "[2,1,5]",
      "vertices": [
        {
          "x": 1,
          "y": 0.30901700258255005,
          "z": 0.19098301231861115
        },
        {
          "x": 1,
          "y": -0.30901700258255005,
          "z": 0.19098301231861115
        },
        {
          "x": 5.130495071411133,
          "y": -0.30901700258255005,
          "z": 0.19098301231861115
        },
        {
          "x": 5.130495071411133,
          "y": 0.30901700258255005,
          "z": 0.19098301231861115
        },
        {
          "x": 5.130495071411133,
          "y": -0.30901700258255005,
          "z": -0.19098301231861115
        },
        {
          "x": 5.130495071411133,
          "y": 0.30901700258255005,
          "z": -0.19098301231861115
        },
        {
          "x": 5.748528957366943,
          "y": 0,
          "z": 0
        },
        {
          "x": 0.3819660246372223,
          "y": 0,
          "z": 0
        },
        {
          "x": 1,
          "y": 0.30901700258255005,
          "z": -0.19098301231861115
        },
        {
          "x": 1,
          "y": -0.30901700258255005,
          "z": -0.19098301231861115
        },
        {
          "x": 6.130495071411133,
          "y": 0,
          "z": 0
        }
      ],
      "faces": [
        {
          "vertices": [
            0,
            1,
            2,
            3
          ]
        },
        {
          "vertices": [
            2,
            4,
            6
          ]
        },
        {
          "vertices": [
            7,
            8,
            9
          ]
        },
        {
          "vertices": [
            4,
            9,
            8,
            5
          ]
        },
        {
          "vertices": [
            1,
            9,
            4,
            2
          ]
        },
        {
          "vertices": [
            0,
            3,
            5,
            8
          ]
        },
        {
          "vertices": [
            1,
            7,
            9
          ]
        },
        {
          "vertices": [
            2,
            6,
            3
          ]
        },
        {
          "vertices": [
            0,
            7,
            1
          ]
        },
        {
          "vertices": [
            4,
            5,
            6
          ]
        },
        {
          "vertices": [
            0,
            8,
            7
          ]
        },
        {
          "vertices": [
            3,
            6,
            5
          ]
        }
      ]
    },
    "s16027725936601467": {
      "id": "s16027725936601467",
      "orbit": "[[0,0,1],[2,-1,3]]",
      "length": "[0,1,1]",
      "vertices": [
        {
          "x": -8.571887016296387,
          "y": 1.7175368070602417,
          "z": 4.336813926696777
        },
        {
          "x": -8.471887588500977,
          "y": 2.117536783218384,
          "z": 4.236814022064209
        },
        {
          "x": -0.40024861693382263,
          "y": 0.4004971981048584,
          "z": 0.3992542028427124
        },
        {
          "x": -0.5002486109733582,
          "y": 0.0004972080350853503,
          "z": 0.4992541968822479
        },
        {
          "x": -8.238554000854492,
          "y": 2.2508702278137207,
          "z": 4.536813735961914
        },
        {
          "x": -8.338554382324219,
          "y": 1.850870132446289,
          "z": 4.636813640594482
        },
        {
          "x": -0.7335819602012634,
          "y": -0.13283611834049225,
          "z": 0.19925418496131897
        },
        {
          "x": -0.6335819363594055,
          "y": 0.26716387271881104,
          "z": 0.09925419092178345
        }
      ],
      "faces": [
        {
          "vertices": [
            2,
            4,
            5,
            3
          ]
        },
        {
          "vertices": [
            0,
            6,
            3,
            5
          ]
        },
        {
          "vertices": [
            0,
            1,
            7,
            6
          ]
        },
        {
          "vertices": [
            1,
            4,
            2,
            7
          ]
        },
        {
          "vertices": [
            2,
            3,
            6,
            7
          ]
        },
        {
          "vertices": [
            0,
            5,
            4,
            1
          ]
        }
      ]
    },
    "s8830055482495907": {
      "id": "s8830055482495907",
      "orbit": "[[0,0,1],[0,0,1]]",
      "length": "[1,0,1]",
      "vertices": [
        {
          "x": 1,
          "y": 0.30901700258255005,
          "z": 0.19098301231861115
        },
        {
          "x": 1,
          "y": -0.30901700258255005,
          "z": 0.19098301231861115
        },
        {
          "x": 7.4721360206604,
          "y": -0.30901700258255005,
          "z": 0.19098301231861115
        },
        {
          "x": 7.4721360206604,
          "y": 0.30901700258255005,
          "z": 0.19098301231861115
        },
        {
          "x": 7.4721360206604,
          "y": -0.30901700258255005,
          "z": -0.19098301231861115
        },
        {
          "x": 7.4721360206604,
          "y": 0.30901700258255005,
          "z": -0.19098301231861115
        },
        {
          "x": 8.090169906616211,
          "y": 0,
          "z": 0
        },
        {
          "x": 0.3819660246372223,
          "y": 0,
          "z": 0
        },
        {
          "x": 1,
          "y": 0.30901700258255005,
          "z": -0.19098301231861115
        },
        {
          "x": 1,
          "y": -0.30901700258255005,
          "z": -0.19098301231861115
        },
        {
          "x": 8.472135543823242,
          "y": 0,
          "z": 0
        }
      ],
      "faces": [
        {
          "vertices": [
            0,
            1,
            2,
            3
          ]
        },
        {
          "vertices": [
            2,
            4,
            6
          ]
        },
        {
          "vertices": [
            7,
            8,
            9
          ]
        },
        {
          "vertices": [
            4,
            9,
            8,
            5
          ]
        },
        {
          "vertices": [
            1,
            9,
            4,
            2
          ]
        },
        {
          "vertices": [
            0,
            3,
            5,
            8
          ]
        },
        {
          "vertices": [
            1,
            7,
            9
          ]
        },
        {
          "vertices": [
            2,
            6,
            3
          ]
        },
        {
          "vertices": [
            0,
            7,
            1
          ]
        },
        {
          "vertices": [
            4,
            5,
            6
          ]
        },
        {
          "vertices": [
            0,
            8,
            7
          ]
        },
        {
          "vertices": [
            3,
            6,
            5
          ]
        }
      ]
    },
    "s8660895533155033": {
      "id": "s8660895533155033",
      "orbit": "[[3,-1,5],[0,0,1]]",
      "length": "[0,1,2]",
      "vertices": [
        {
          "x": 4.927051067352295,
          "y": 4.736067771911621,
          "z": 0.80901700258255
        },
        {
          "x": 1,
