{
  "format": "online",
  "embedding": [
    1,
    0,
    0,
    0,
    0,
    1,
    0,
    0,
    0,
    0,
    1,
    0,
    0,
    0,
    0,
    1
  ],
  "orientations": [
    [
      1,
      0,
      0,
      0,
      0,
      1,
      0,
      0,
      0,
      0,
      1,
      0,
      0,
      0,
      0,
      1
    ],
    [
      0,
      0,
      1,
      0,
      1,
      0,
      0,
      0,
      0,
      1,
      0,
      0,
      0,
      0,
      0,
      1
    ],
    [
      0,
      1,
      0,
      0,
      0,
      0,
      1,
      0,
      1,
      0,
      0,
      0,
      0,
      0,
      0,
      1
    ],
    [
      0.8090169943749475,
      0.30901699437494745,
      0.5,
      0,
      0.30901699437494745,
      0.5,
      -0.8090169943749475,
      0,
      -0.5,
      0.8090169943749475,
      0.30901699437494745,
      0,
      0,
      0,
      0,
      1
    ],
    [
      -0.5,
      0.8090169943749475,
      0.30901699437494745,
      0,
      0.8090169943749475,
      0.30901699437494745,
      0.5,
      0,
      0.30901699437494745,
      0.5,
      -0.8090169943749475,
      0,
      0,
      0,
      0,
      1
    ],
    [
      0.30901699437494745,
      0.5,
      -0.8090169943749475,
      0,
      -0.5,
      0.8090169943749475,
      0.30901699437494745,
      0,
      0.8090169943749475,
      0.30901699437494745,
      0.5,
      0,
      0,
      0,
      0,
      1
    ],
    [
      0.5,
      0.8090169943749475,
      0.30901699437494745,
      0,
      0.8090169943749475,
      -0.30901699437494745,
      -0.5,
      0,
      -0.30901699437494745,
      0.5,
      -0.8090169943749475,
      0,
      0,
      0,
      0,
      1
    ],
    [
      -0.30901699437494745,
      0.5,
      -0.8090169943749475,
      0,
      0.5,
      0.8090169943749475,
      0.30901699437494745,
      0,
      0.8090169943749475,
      -0.30901699437494745,
      -0.5,
      0,
      0,
      0,
      0,
      1
    ],
    [
      0.8090169943749475,
      -0.30901699437494745,
      -0.5,
      0,
      -0.30901699437494745,
      0.5,
      -0.8090169943749475,
      0,
      0.5,
      0.8090169943749475,
      0.30901699437494745,
      0,
      0,
      0,
      0,
      1
    ],
    [
      0.5,
      0.8090169943749475,
      -0.30901699437494745,
      0,
      0.8090169943749475,
      -0.30901699437494745,
      0.5,
      0,
      0.30901699437494745,
      -0.5,
      -0.8090169943749475,
      0,
      0,
      0,
      0,
      1
    ],
    [
      0.30901699437494745,
      -0.5,
      -0.8090169943749475,
      0,
      0.5,
      0.8090169943749475,
      -0.30901699437494745,
      0,
      0.8090169943749475,
      -0.30901699437494745,
      0.5,
      0,
      0,
      0,
      0,
      1
    ],
    [
      0.8090169943749475,
      -0.30901699437494745,
      0.5,
      0,
      0.30901699437494745,
      -0.5,
      -0.8090169943749475,
      0,
      0.5,
      0.8090169943749475,
      -0.30901699437494745,
      0,
      0,
      0,
      0,
      1
    ],
    [
      0.8090169943749475,
      0.30901699437494745,
      -0.5,
      0,
      0.30901699437494745,
      0.5,
      0.8090169943749475,
      0,
      0.5,
      -0.8090169943749475,
      0.30901699437494745,
      0,
      0,
      0,
      0,
      1
    ],
    [
      0.5,
      -0.8090169943749475,
      0.30901699437494745,
      0,
      0.8090169943749475,
      0.30901699437494745,
      -0.5,
      0,
      0.30901699437494745,
      0.5,
      0.8090169943749475,
      0,
      0,
      0,
      0,
      1
    ],
    [
      0.30901699437494745,
      0.5,
      0.8090169943749475,
      0,
      0.5,
      -0.8090169943749475,
      0.30901699437494745,
      0,
      0.8090169943749475,
      0.30901699437494745,
      -0.5,
      0,
      0,
      0,
      0,
      1
    ],
    [
      1,
      0,
      0,
      0,
      0,
      -1,
      0,
      0,
      0,
      0,
      -1,
      0,
      0,
      0,
      0,
      1
    ],
    [
      0,
      0,
      1,
      0,
      -1,
      0,
      0,
      0,
      0,
      -1,
      0,
      0,
      0,
      0,
      0,
      1
    ],
    [
      0,
      1,
      0,
      0,
      0,
      0,
      -1,
      0,
      -1,
      0,
      0,
      0,
      0,
      0,
      0,
      1
    ],
    [
      0.8090169943749475,
      0.30901699437494745,
      0.5,
      0,
      -0.30901699437494745,
      -0.5,
      0.8090169943749475,
      0,
      0.5,
      -0.8090169943749475,
      -0.30901699437494745,
      0,
      0,
      0,
      0,
      1
    ],
    [
      -0.5,
      0.8090169943749475,
      0.30901699437494745,
      0,
      -0.8090169943749475,
      -0.30901699437494745,
      -0.5,
      0,
      -0.30901699437494745,
      -0.5,
      0.8090169943749475,
      0,
      0,
      0,
      0,
      1
    ],
    [
      0.30901699437494745,
      0.5,
      -0.8090169943749475,
      0,
      0.5,
      -0.8090169943749475,
      -0.30901699437494745,
      0,
      -0.8090169943749475,
      -0.30901699437494745,
      -0.5,
      0,
      0,
      0,
      0,
      1
    ],
    [
      0.5,
      0.8090169943749475,
      0.30901699437494745,
      0,
      -0.8090169943749475,
      0.30901699437494745,
      0.5,
      0,
      0.30901699437494745,
      -0.5,
      0.8090169943749475,
      0,
      0,
      0,
      0,
      1
    ],
    [
      -0.30901699437494745,
      0.5,
      -0.8090169943749475,
      0,
      -0.5,
      -0.8090169943749475,
      -0.30901699437494745,
      0,
      -0.8090169943749475,
      0.30901699437494745,
      0.5,
      0,
      0,
      0,
      0,
      1
    ],
    [
      0.8090169943749475,
      -0.30901699437494745,
      -0.5,
      0,
      0.30901699437494745,
      -0.5,
      0.8090169943749475,
      0,
      -0.5,
      -0.8090169943749475,
      -0.30901699437494745,
      0,
      0,
      0,
      0,
      1
    ],
    [
      0.5,
      0.8090169943749475,
      -0.30901699437494745,
      0,
      -0.8090169943749475,
      0.30901699437494745,
      -0.5,
      0,
      -0.30901699437494745,
      0.5,
      0.8090169943749475,
      0,
      0,
      0,
      0,
      1
    ],
    [
      0.30901699437494745,
      -0.5,
      -0.8090169943749475,
      0,
      -0.5,
      -0.8090169943749475,
      0.30901699437494745,
      0,
      -0.8090169943749475,
      0.30901699437494745,
      -0.5,
      0,
      0,
      0,
      0,
      1
    ],
    [
      0.8090169943749475,
      -0.30901699437494745,
      0.5,
      0,
      -0.30901699437494745,
      0.5,
      0.8090169943749475,
      0,
      -0.5,
      -0.8090169943749475,
      0.30901699437494745,
      0,
      0,
      0,
      0,
      1
    ],
    [
      0.8090169943749475,
      0.30901699437494745,
      -0.5,
      0,
      -0.30901699437494745,
      -0.5,
      -0.8090169943749475,
      0,
      -0.5,
      0.8090169943749475,
      -0.30901699437494745,
      0,
      0,
      0,
      0,
      1
    ],
    [
      0.5,
      -0.8090169943749475,
      0.30901699437494745,
      0,
      -0.8090169943749475,
      -0.30901699437494745,
      0.5,
      0,
      -0.30901699437494745,
      -0.5,
      -0.8090169943749475,
      0,
      0,
      0,
      0,
      1
    ],
    [
      0.30901699437494745,
      0.5,
      0.8090169943749475,
      0,
      -0.5,
      0.8090169943749475,
      -0.30901699437494745,
      0,
      -0.8090169943749475,
      -0.30901699437494745,
      0.5,
      0,
      0,
      0,
      0,
      1
    ],
    [
      -1,
      0,
      0,
      0,
      0,
      -1,
      0,
      0,
      0,
      0,
      1,
      0,
      0,
      0,
      0,
      1
    ],
    [
      0,
      0,
      -1,
      0,
      -1,
      0,
      0,
      0,
      0,
      1,
      0,
      0,
      0,
      0,
      0,
      1
    ],
    [
      0,
      -1,
      0,
      0,
      0,
      0,
      -1,
      0,
      1,
      0,
      0,
      0,
      0,
      0,
      0,
      1
    ],
    [
      -0.8090169943749475,
      -0.30901699437494745,
      -0.5,
      0,
      -0.30901699437494745,
      -0.5,
      0.8090169943749475,
      0,
      -0.5,
      0.8090169943749475,
      0.30901699437494745,
      0,
      0,
      0,
      0,
      1
    ],
    [
      0.5,
      -0.8090169943749475,
      -0.30901699437494745,
      0,
      -0.8090169943749475,
      -0.30901699437494745,
      -0.5,
      0,
      0.30901699437494745,
      0.5,
      -0.8090169943749475,
      0,
      0,
      0,
      0,
      1
    ],
    [
      -0.30901699437494745,
      -0.5,
      0.8090169943749475,
      0,
      0.5,
      -0.8090169943749475,
      -0.30901699437494745,
      0,
      0.8090169943749475,
      0.30901699437494745,
      0.5,
      0,
      0,
      0,
      0,
      1
    ],
    [
      -0.5,
      -0.8090169943749475,
      -0.30901699437494745,
      0,
      -0.8090169943749475,
      0.30901699437494745,
      0.5,
      0,
      -0.30901699437494745,
      0.5,
      -0.8090169943749475,
      0,
      0,
      0,
      0,
      1
    ],
    [
      0.30901699437494745,
      -0.5,
      0.8090169943749475,
      0,
      -0.5,
      -0.8090169943749475,
      -0.30901699437494745,
      0,
      0.8090169943749475,
      -0.30901699437494745,
      -0.5,
      0,
      0,
      0,
      0,
      1
    ],
    [
      -0.8090169943749475,
      0.30901699437494745,
      0.5,
      0,
      0.30901699437494745,
      -0.5,
      0.8090169943749475,
      0,
      0.5,
      0.8090169943749475,
      0.30901699437494745,
      0,
      0,
      0,
      0,
      1
    ],
    [
      -0.5,
      -0.8090169943749475,
      0.30901699437494745,
      0,
      -0.8090169943749475,
      0.30901699437494745,
      -0.5,
      0,
      0.30901699437494745,
      -0.5,
      -0.8090169943749475,
      0,
      0,
      0,
      0,
      1
    ],
    [
      -0.30901699437494745,
      0.5,
      0.8090169943749475,
      0,
      -0.5,
      -0.8090169943749475,
      0.30901699437494745,
      0,
      0.8090169943749475,
      -0.30901699437494745,
      0.5,
      0,
      0,
      0,
      0,
      1
    ],
    [
      -0.8090169943749475,
      0.30901699437494745,
      -0.5,
      0,
      -0.30901699437494745,
      0.5,
      0.8090169943749475,
      0,
      0.5,
      0.8090169943749475,
      -0.30901699437494745,
      0,
      0,
      0,
      0,
      1
    ],
    [
      -0.8090169943749475,
      -0.30901699437494745,
      0.5,
      0,
      -0.30901699437494745,
      -0.5,
      -0.8090169943749475,
      0,
      0.5,
      -0.8090169943749475,
      0.30901699437494745,
      0,
      0,
      0,
      0,
      1
    ],
    [
      -0.5,
      0.8090169943749475,
      -0.30901699437494745,
      0,
      -0.8090169943749475,
      -0.30901699437494745,
      0.5,
      0,
      0.30901699437494745,
      0.5,
      0.8090169943749475,
      0,
      0,
      0,
      0,
      1
    ],
    [
      -0.30901699437494745,
      -0.5,
      -0.8090169943749475,
      0,
      -0.5,
      0.8090169943749475,
      -0.30901699437494745,
      0,
      0.8090169943749475,
      0.30901699437494745,
      -0.5,
      0,
      0,
      0,
      0,
      1
    ],
    [
      -1,
      0,
      0,
      0,
      0,
      1,
      0,
      0,
      0,
      0,
      -1,
      0,
      0,
      0,
      0,
      1
    ],
    [
      0,
      0,
      -1,
      0,
      1,
      0,
      0,
      0,
      0,
      -1,
      0,
      0,
      0,
      0,
      0,
      1
    ],
    [
      0,
      -1,
      0,
      0,
      0,
      0,
      1,
      0,
      -1,
      0,
      0,
      0,
      0,
      0,
      0,
      1
    ],
    [
      -0.8090169943749475,
      -0.30901699437494745,
      -0.5,
      0,
      0.30901699437494745,
      0.5,
      -0.8090169943749475,
      0,
      0.5,
      -0.8090169943749475,
      -0.30901699437494745,
      0,
      0,
      0,
      0,
      1
    ],
    [
      0.5,
      -0.8090169943749475,
      -0.30901699437494745,
      0,
      0.8090169943749475,
      0.30901699437494745,
      0.5,
      0,
      -0.30901699437494745,
      -0.5,
      0.8090169943749475,
      0,
      0,
      0,
      0,
      1
    ],
    [
      -0.30901699437494745,
      -0.5,
      0.8090169943749475,
      0,
      -0.5,
      0.8090169943749475,
      0.30901699437494745,
      0,
      -0.8090169943749475,
      -0.30901699437494745,
      -0.5,
      0,
      0,
      0,
      0,
      1
    ],
    [
      -0.5,
      -0.8090169943749475,
      -0.30901699437494745,
      0,
      0.8090169943749475,
      -0.30901699437494745,
      -0.5,
      0,
      0.30901699437494745,
      -0.5,
      0.8090169943749475,
      0,
      0,
      0,
      0,
      1
    ],
    [
      0.30901699437494745,
      -0.5,
      0.8090169943749475,
      0,
      0.5,
      0.8090169943749475,
      0.30901699437494745,
      0,
      -0.8090169943749475,
      0.30901699437494745,
      0.5,
      0,
      0,
      0,
      0,
      1
    ],
    [
      -0.8090169943749475,
      0.30901699437494745,
      0.5,
      0,
      -0.30901699437494745,
      0.5,
      -0.8090169943749475,
      0,
      -0.5,
      -0.8090169943749475,
      -0.30901699437494745,
      0,
      0,
      0,
      0,
      1
    ],
    [
      -0.5,
      -0.8090169943749475,
      0.30901699437494745,
      0,
      0.8090169943749475,
      -0.30901699437494745,
      0.5,
      0,
      -0.30901699437494745,
      0.5,
      0.8090169943749475,
      0,
      0,
      0,
      0,
      1
    ],
    [
      -0.30901699437494745,
      0.5,
      0.8090169943749475,
      0,
      0.5,
      0.8090169943749475,
      -0.30901699437494745,
      0,
      -0.8090169943749475,
      0.30901699437494745,
      -0.5,
      0,
      0,
      0,
      0,
      1
    ],
    [
      -0.8090169943749475,
      0.30901699437494745,
      -0.5,
      0,
      0.30901699437494745,
      -0.5,
      -0.8090169943749475,
      0,
      -0.5,
      -0.8090169943749475,
      0.30901699437494745,
      0,
      0,
      0,
      0,
      1
    ],
    [
      -0.8090169943749475,
      -0.30901699437494745,
      0.5,
      0,
      0.30901699437494745,
      0.5,
      0.8090169943749475,
      0,
      -0.5,
      0.8090169943749475,
      -0.30901699437494745,
      0,
      0,
      0,
      0,
      1
    ],
    [
      -0.5,
      0.8090169943749475,
      -0.30901699437494745,
      0,
      0.8090169943749475,
      0.30901699437494745,
      -0.5,
      0,
      -0.30901699437494745,
      -0.5,
      -0.8090169943749475,
      0,
      0,
      0,
      0,
      1
    ],
    [
      -0.30901699437494745,
      -0.5,
      -0.8090169943749475,
      0,
      0.5,
      -0.8090169943749475,
      0.30901699437494745,
      0,
      -0.8090169943749475,
      -0.30901699437494745,
      0.5,
      0,
      0,
      0,
      0,
      1
    ]
  ],
  "polygons": true,
  "shapes": {
    "s17689830997671507": {
      "id": "s17689830997671507",
      "name": "ball",
      "vertices": [
        {
          "x": -0.30901700258255005,
          "y": -0.19098301231861115,
          "z": 0
        },
        {
          "x": -0.30901700258255005,
          "y": 0.19098301231861115,
          "z": 0
        },
        {
          "x": -0.19098301231861115,
          "y": 0,
          "z": -0.30901700258255005
        },
        {
          "x": -0.19098301231861115,
          "y": 0,
          "z": 0.30901700258255005
        },
        {
          "x": 0,
          "y": -0.30901700258255005,
          "z": -0.19098301231861115
        },
        {
          "x": 0,
          "y": -0.30901700258255005,
          "z": 0.19098301231861115
        },
        {
          "x": 0,
          "y": 0.30901700258255005,
          "z": -0.19098301231861115
        },
        {
          "x": 0,
          "y": 0.30901700258255005,
          "z": 0.19098301231861115
        },
        {
          "x": 0.19098301231861115,
          "y": 0,
          "z": -0.30901700258255005
        },
        {
          "x": 0.19098301231861115,
          "y": 0,
          "z": 0.30901700258255005
        },
        {
          "x": 0.30901700258255005,
          "y": -0.19098301231861115,
          "z": 0
        },
        {
          "x": 0.30901700258255005,
          "y": 0.19098301231861115,
          "z": 0
        }
      ],
      "faces": [
        {
          "vertices": [
            0,
            3,
            1
          ]
        },
        {
          "vertices": [
            0,
            1,
            2
          ]
        },
        {
          "vertices": [
            0,
            5,
            3
          ]
        },
        {
          "vertices": [
            0,
            2,
            4
          ]
        },
        {
          "vertices": [
            0,
            4,
            5
          ]
        },
        {
          "vertices": [
            1,
            6,
            2
          ]
        },
        {
          "vertices": [
            1,
            3,
            7
          ]
        },
        {
          "vertices": [
            3,
            9,
            7
          ]
        },
        {
          "vertices": [
            4,
            10,
            5
          ]
        },
        {
          "vertices": [
            1,
            7,
            6
          ]
        },
        {
          "vertices": [
            2,
            8,
            4
          ]
        },
        {
          "vertices": [
            2,
            6,
            8
          ]
        },
        {
          "vertices": [
            3,
            5,
            9
          ]
        },
        {
          "vertices": [
            4,
            8,
            10
          ]
        },
        {
          "vertices": [
            5,
            10,
            9
          ]
        },
        {
          "vertices": [
            6,
            7,
            11
          ]
        },
        {
          "vertices": [
            7,
            9,
            11
          ]
        },
        {
          "vertices": [
            6,
            11,
            8
          ]
        },
        {
          "vertices": [
            9,
            10,
            11
          ]
        },
        {
          "vertices": [
            8,
            11,
            10
          ]
        }
      ]
    },
    "s5766605251695417": {
      "id": "s5766605251695417",
      "vertices": [
        {
          "x": 0,
          "y": 0,
          "z": 0
        },
        {
          "x": 0,
          "y": -0.3291796147823334,
          "z": -0.20344418287277222
        },
        {
          "x": -0.07294901460409164,
          "y": -0.21114562451839447,
          "z": -0.39442718029022217
        },
        {
          "x": -0.07294901460409164,
          "y": 0.1180339902639389,
          "z": -0.19098301231861115
        }
      ],
      "faces": [
        {
          "vertices": [
            0,
            1,
            2,
            3
          ]
        },
        {
          "vertices": [
            0,
            3,
            2,
            1
          ]
        }
      ]
    },
    "s39154660935623353": {
      "id": "s39154660935623353",
      "vertices": [
        {
          "x": 0,
          "y": 0,
          "z": 0
        },
        {
          "x": -0.07294901460409164,
          "y": 0.055728089064359665,
          "z": -0.027864044532179832
        },
        {
          "x": -0.13525491952896118,
          "y": -0.04508497193455696,
          "z": -0.19098301231861115
        },
        {
          "x": -0.07294901460409164,
          "y": -0.1180339902639389,
          "z": -0.19098301231861115
        }
      ],
      "faces": [
        {
          "vertices": [
            0,
            1,
            2,
            3
          ]
        },
        {
          "vertices": [
            0,
            3,
            2,
            1
          ]
        }
      ]
    },
    "s6598722258019691": {
      "id": "s6598722258019691",
      "vertices": [
        {
          "x": 0,
          "y": 0,
          "z": 0
        },
        {
          "x": 0.10081306099891663,
          "y": -0.16311895847320557,
          "z": 0.06230589747428894
        },
        {
          "x": 0.16311895847320557,
          "y": -0.2639320194721222,
          "z": -0.10081306099891663
        },
        {
          "x": 0.10081306099891663,
          "y": -0.16311895847320557,
          "z": -0.2639320194721222
        },
        {
          "x": 0,
          "y": 0,
          "z": -0.20162612199783325
        }
      ],
      "faces": [
        {
          "vertices": [
            0,
            1,
            2,
            3,
            4
          ]
        },
        {
          "vertices": [
            0,
            4,
            3,
            2,
            1
          ]
        }
      ]
    },
    "s06450264906662251": {
      "id": "s06450264906662251",
      "vertices": [
        {
          "x": 0,
          "y": 0,
          "z": 0
        },
        {
          "x": 0.042705100029706955,
          "y": -0.06909830123186111,
          "z": -0.05901699513196945
        },
        {
          "x": 0.006230589933693409,
          "y": -0.010081306099891663,
          "z": -0.15450850129127502
        },
        {
          "x": -0.08926091343164444,
          "y": 0.14442719519138336,
          "z": -0.2864744961261749
        },
        {
          "x": -0.07294901460409164,
          "y": 0.1180339902639389,
          "z": -0.19098301231861115
        }
      ],
      "faces": [
        {
          "vertices": [
            0,
            1,
            2,
            3,
            4
          ]
        },
        {
          "vertices": [
            0,
            4,
            3,
            2,
            1
          ]
        }
      ]
    },
    "s12530239788992747": {
      "id": "s12530239788992747",
      "vertices": [
        {
          "x": 0,
          "y": 0,
          "z": 0
        },
        {
          "x": 0.042705100029706955,
          "y": -0.06909830123186111,
          "z": 0.05901699513196945
        },
        {
          "x": 0.07917960733175278,
          "y": -0.12811529636383057,
          "z": -0.03647450730204582
        },
        {
          "x": 0.1156541183590889,
          "y": -0.18713228404521942,
          "z": -0.25
        },
        {
          "x": 0.07294901460409164,
          "y": -0.1180339902639389,
          "z": -0.19098301231861115
        }
      ],
      "faces": [
        {
          "vertices": [
            0,
            1,
            2,
            3,
            4
          ]
        },
        {
          "vertices": [
            0,
            4,
            3,
            2,
            1
          ]
        }
      ]
    },
    "s28153922340687865": {
      "id": "s28153922340687865",
      "vertices": [
        {
          "x": 0,
          "y": 0,
          "z": 0
        },
        {
          "x": -0.016311896964907646,
          "y": 0.02639320306479931,
          "z": 0.09549150615930557
        },
        {
          "x": 0.042705100029706955,
          "y": -0.06909830123186111,
          "z": 0.1319660097360611
        },
        {
          "x": 0.16073909401893616,
          "y": -0.26008132100105286,
          "z": 0.1319660097360611
        },
        {
          "x": 0.1180339902639389,
          "y": -0.19098301231861115,
          "z": 0.07294901460409164
        }
      ],
      "faces": [
        {
          "vertices": [
            0,
            1,
            2,
            3,
            4
          ]
        },
        {
          "vertices": [
            0,
            4,
            3,
            2,
            1
          ]
        }
      ]
    },
    "s7215672626688077": {
      "id": "s7215672626688077",
      "vertices": [
        {
          "x": 0,
          "y": 0,
          "z": 0
        },
        {
          "x": -0.05278640612959862,
          "y": 0.08541020005941391,
          "z": 0
        },
        {
          "x": -0.05278640612959862,
          "y": 0.08541020005941391,
          "z": 0.1180339902639389
        },
        {
          "x": -0.016311896964907646,
          "y": 0.02639320306479931,
          "z": 0.3315594792366028
        },
        {
          "x": 0,
          "y": 0,
          "z": 0.2360679805278778
        }
      ],
      "faces": [
        {
          "vertices": [
            0,
            1,
            2,
            3,
            4
          ]
        },
        {
          "vertices": [
            0,
            4,
            3,
            2,
            1
          ]
        }
      ]
    },
    "s43584184267905324": {
      "id": "s43584184267905324",
      "vertices": [
        {
          "x": 0,
          "y": 0,
          "z": 0
        },
        {
          "x": -0.016311896964907646,
          "y": 0.02639320306479931,
          "z": -0.09549150615930557
        },
        {
          "x": -0.07532889395952225,
          "y": 0.12188470363616943,
          "z": -0.05901699513196945
        },
        {
          "x": -0.17082040011882782,
          "y": 0.27639320492744446,
          "z": 0.07294901460409164
        },
        {
          "x": -0.1180339902639389,
          "y": 0.19098301231861115,
          "z": 0.07294901460409164
        }
      ],
      "faces": [
        {
          "vertices": [
            0,
            1,
            2,
            3,
            4
          ]
        },
        {
          "vertices": [
            0,
            4,
            3,
            2,
            1
          ]
        }
      ]
    },
    "s8011426387445404": {
      "id": "s8011426387445404",
      "vertices": [
        {
          "x": 0,
          "y": 0,
          "z": 0
        },
        {
          "x": 0,
          "y": 0.7360679507255554,
          "z": 0.5
        },
        {
          "x": 0,
          "y": 0.6180340051651001,
          "z": 0.69098299741745
        },
        {
          "x": 0,
          "y": -0.19098301231861115,
          "z": 0.30901700258255005
        }
      ],
      "faces": [
        {
          "vertices": [
            0,
            1,
            2,
            3
          ]
        },
        {
          "vertices": [
            0,
            3,
            2,
            1
          ]
        }
      ]
    },
    "s05151775792439772": {
      "id": "s05151775792439772",
      "vertices": [
        {
          "x": 0,
          "y": 0,
          "z": 0
        },
        {
          "x": 0,
          "y": -0.7360679507255554,
          "z": -0.5
        },
        {
          "x": 0,
          "y": -0.6180340051651001,
          "z": -0.69098299741745
        },
        {
          "x": 0,
          "y": 0.19098301231861115,
          "z": -0.30901700258255005
        }
      ],
      "faces": [
        {
          "vertices": [
            0,
            1,
            2,
            3
          ]
        },
        {
          "vertices": [
            0,
            3,
            2,
            1
          ]
        }
      ]
    },
    "s7521660750183637": {
      "id": "s7521660750183637",
      "vertices": [
        {
          "x": 0,
          "y": 0,
          "z": 0
        },
        {
          "x": -0.7135254740715027,
          "y": 0.5364745259284973,
          "z": 0.05901699513196945
        },
        {
          "x": -0.75,
          "y": 0.47745752334594727,
          "z": -0.03647450730204582
        }
      ],
      "faces": [
        {
          "vertices": [
            0,
            1,
            2
          ]
        },
        {
          "vertices": [
            0,
            2,
            1
          ]
        }
      ]
    },
    "s25884174360779866": {
      "id": "s25884174360779866",
      "vertices": [
        {
          "x": 0,
          "y": 0,
          "z": 0
        },
        {
          "x": 0,
          "y": -0.19098301231861115,
          "z": 0.30901700258255005
        },
        {
          "x": 0,
          "y": -14.899187088012695,
          "z": -8.781152725219727
        },
        {
          "x": 0,
          "y": -14.70820426940918,
          "z": -9.090169906616211
        }
      ],
      "faces": [
        {
          "vertices": [
            0,
            1,
            2,
            3
          ]
        },
        {
          "vertices": [
            0,
            3,
            2,
            1
          ]
        }
      ]
    },
    "s6194347905058297": {
      "id": "s6194347905058297",
      "vertices": [
        {
          "x": 0,
          "y": 0,
          "z": 0
        },
        {
          "x": 0,
          "y": 0.19098301231861115,
          "z": -0.30901700258255005
        },
        {
          "x": 0,
          "y": 14.899187088012695,
          "z": 8.781152725219727
        },
        {
          "x": 0,
          "y": 14.70820426940918,
          "z": 9.090169906616211
        }
      ],
      "faces": [
        {
          "vertices": [
            0,
            1,
            2,
            3
          ]
        },
        {
          "vertices": [
            0,
            3,
            2,
            1
          ]
        }
      ]
    },
    "s5272763774300221": {
      "id": "s5272763774300221",
      "vertices": [
        {
          "x": 0,
          "y": 0,
          "z": 0
        },
        {
          "x": 0,
          "y": -0.5326237678527832,
          "z": -0.3291796147823334
        },
        {
          "x": -0.1180339902639389,
          "y": -0.34164080023765564,
          "z": -0.638196587562561
        },
        {
          "x": -0.1180339902639389,
          "y": 0.19098301231861115,
          "z": -0.30901700258255005
        }
      ],
      "faces": [
        {
          "vertices": [
            0,
            1,
            2,
            3
          ]
        },
        {
          "vertices": [
            0,
            3,
            2,
            1
          ]
        }
      ]
    },
    "s4996401248926142": {
      "id": "s4996401248926142",
      "vertices": [
        {
          "x": 0,
          "y": 0,
          "z": 0
        },
        {
          "x": -0.1180339902639389,
          "y": 0.09016994386911392,
          "z": -0.04508497193455696
        },
        {
          "x": -0.21884705126285553,
          "y": -0.07294901460409164,
          "z": -0.30901700258255005
        },
        {
          "x": -0.1180339902639389,
          "y": -0.19098301231861115,
          "z": -0.30901700258255005
        }
      ],
      "faces": [
        {
          "vertices": [
            0,
            1,
            2,
            3
          ]
        },
        {
          "vertices": [
            0,
            3,
            2,
            1
          ]
        }
      ]
    },
    "s34854812008706526": {
      "id": "s34854812008706526",
      "vertices": [
        {
          "x": 0,
          "y": 0,
          "z": 0
        },
        {
          "x": 0.16311895847320557,
          "y": -0.2639320194721222,
          "z": 0.10081306099891663
        },
        {
          "x": 0.2639320194721222,
          "y": -0.42705097794532776,
          "z": -0.16311895847320557
        },
        {
          "x": 0.16311895847320557,
          "y": -0.2639320194721222,
          "z": -0.42705097794532776
        },
        {
          "x": 0,
          "y": 0,
          "z": -0.32623791694641113
        }
      ],
      "faces": [
        {
          "vertices": [
            0,
            1,
            2,
            3,
            4
          ]
        },
        {
          "vertices": [
            0,
            4,
            3,
            2,
            1
          ]
        }
      ]
    },
    "s07797522103668142": {
      "id": "s07797522103668142",
      "vertices": [
        {
          "x": 0,
          "y": 0,
          "z": 0
        },
        {
          "x": 0.06909830123186111,
          "y": -0.11180339753627777,
          "z": -0.09549150615930557
        },
        {
          "x": 0.010081306099891663,
          "y": -0.016311896964907646,
          "z": -0.25
        },
        {
          "x": -0.14442719519138336,
          "y": 0.2336881011724472,
          "z": -0.4635255038738251
        },
        {
          "x": -0.1180339902639389,
          "y": 0.19098301231861115,
          "z": -0.30901700258255005
        }
      ],
      "faces": [
        {
          "vertices": [
            0,
            1,
            2,
            3,
            4
          ]
        },
        {
          "vertices": [
            0,
            4,
            3,
            2,
            1
          ]
        }
      ]
    },
    "s6717944618976533": {
      "id": "s6717944618976533",
      "vertices": [
        {
          "x": 0,
          "y": 0,
          "z": 0
        },
        {
          "x": 0.06909830123186111,
          "y": -0.11180339753627777,
          "z": 0.09549150615930557
        },
        {
          "x": 0.12811529636383057,
          "y": -0.20729489624500275,
          "z": -0.05901699513196945
        },
        {
          "x": 0.18713228404521942,
          "y": -0.3027864098548889,
          "z": -0.404508501291275
        },
        {
          "x": 0.1180339902639389,
          "y": -0.19098301231861115,
          "z": -0.30901700258255005
        }
      ],
      "faces": [
        {
          "vertices": [
            0,
            1,
            2,
            3,
            4
          ]
        },
        {
          "vertices": [
            0,
            4,
            3,
            2,
            1
          ]
        }
      ]
    },
    "s4033291569105496": {
      "id": "s4033291569105496",
      "vertices": [
        {
          "x": 0,
          "y": 0,
          "z": 0
        },
        {
          "x": -0.02639320306479931,
          "y": 0.042705100029706955,
          "z": 0.15450850129127502
        },
        {
          "x": 0.06909830123186111,
          "y": -0.11180339753627777,
          "z": 0.21352548897266388
        },
        {
          "x": 0.26008132100105286,
          "y": -0.4208203852176666,
          "z": 0.21352548897266388
        },
        {
          "x": 0.19098301231861115,
          "y": -0.30901700258255005,
          "z": 0.1180339902639389
        }
      ],
      "faces": [
        {
          "vertices": [
            0,
            1,
            2,
            3,
            4
          ]
        },
        {
          "vertices": [
            0,
            4,
            3,
            2,
            1
          ]
        }
      ]
    },
    "s021840461240259068": {
      "id": "s021840461240259068",
      "vertices": [
        {
          "x": 0,
          "y": 0,
          "z": 0
        },
        {
          "x": -0.08541020005941391,
          "y": 0.13819660246372223,
          "z": 0
        },
        {
          "x": -0.08541020005941391,
          "y": 0.13819660246372223,
          "z": 0.19098301231861115
        },
        {
          "x": -0.02639320306479931,
          "y": 0.042705100029706955,
          "z": 0.5364745259284973
        },
        {
          "x": 0,
          "y": 0,
          "z": 0.3819660246372223
        }
      ],
      "faces": [
        {
          "vertices": [
            0,
            1,
            2,
            3,
            4
          ]
        },
        {
          "vertices": [
            0,
            4,
            3,
            2,
            1
          ]
        }
      ]
    },
    "s3193826726965703": {
      "id": "s3193826726965703",
      "vertices": [
        {
          "x": 0,
          "y": 0,
          "z": 0
        },
        {
          "x": -0.02639320306479931,
          "y": 0.042705100029706955,
          "z": -0.15450850129127502
        },
        {
          "x": -0.12188470363616943,
          "y": 0.19721359014511108,
          "z": -0.09549150615930557
        },
        {
          "x": -0.27639320492744446,
          "y": 0.4472135901451111,
          "z": 0.1180339902639389
        },
        {
          "x": -0.19098301231861115,
          "y": 0.30901700258255005,
          "z": 0.1180339902639389
        }
      ],
      "faces": [
        {
          "vertices": [
            0,
            1,
            2,
            3,
            4
          ]
        },
        {
          "vertices": [
            0,
            4,
            3,
            2,
            1
          ]
        }
      ]
    },
    "s10287479900935559": {
      "id": "s10287479900935559",
      "vertices": [
        {
          "x": 0,
          "y": 0,
          "z": 0
        },
        {
          "x": 0,
          "y": 1.1909830570220947,
          "z": 0.80901700258255
        },
        {
          "x": 0,
          "y": 1,
          "z": 1.1180340051651
        },
        {
          "x": 0,
          "y": -0.30901700258255005,
          "z": 0.5
        }
      ],
      "faces": [
        {
          "vertices": [
            0,
            1,
            2,
            3
          ]
        },
        {
          "vertices": [
            0,
            3,
            2,
            1
          ]
        }
      ]
    },
    "s8105912877159883": {
      "id": "s8105912877159883",
      "vertices": [
        {
          "x": 0,
          "y": 0,
          "z": 0
        },
        {
          "x": 0,
          "y": -1.1909830570220947,
          "z": -0.80901700258255
        },
        {
          "x": 0,
          "y": -1,
          "z": -1.1180340051651
        },
        {
          "x": 0,
          "y": 0.30901700258255005,
          "z": -0.5
        }
      ],
      "faces": [
        {
          "vertices": [
            0,
            1,
            2,
            3
          ]
        },
        {
          "vertices": [
            0,
            3,
            2,
            1
          ]
        }
      ]
    },
    "s11560455885446808": {
      "id": "s11560455885446808",
      "vertices": [
        {
          "x": 0,
          "y": 0,
          "z": 0
        },
        {
          "x": -1.1545084714889526,
          "y": 0.8680340051651001,
          "z": 0.09549150615930557
        },
        {
          "x": -1.2135255336761475,
          "y": 0.7725424766540527,
          "z": -0.05901699513196945
        }
      ],
      "faces": [
        {
          "vertices": [
            0,
            1,
            2
          ]
        },
        {
          "vertices": [
            0,
            2,
            1
          ]
        }
      ]
    },
    "s7841143095537959": {
      "id": "s7841143095537959",
      "vertices": [
        {
          "x": 0,
          "y": 0,
          "z": 0
        },
        {
          "x": 0,
          "y": -0.30901700258255005,
          "z": 0.5
        },
        {
          "x": 0,
          "y": -24.107391357421875,
          "z": -14.20820426940918
        },
        {
          "x": 0,
          "y": -23.79837417602539,
          "z": -14.70820426940918
        }
      ],
      "faces": [
        {
          "vertices": [
            0,
            1,
            2,
            3
          ]
        },
        {
          "vertices": [
            0,
            3,
            2,
            1
          ]
        }
      ]
    },
    "s09477015829901159": {
      "id": "s09477015829901159",
      "vertices": [
        {
          "x": 0,
          "y": 0,
          "z": 0
        },
        {
          "x": 0,
          "y": 0.30901700258255005,
