{
  "field" : "golden",
  "symmetry" : "icosahedral",
  "orientations" : [ [ 1.0, 0.0, 0.0, 0.0, 0.0, 1.0, 0.0, 0.0, 0.0, 0.0, 1.0, 0.0, 0.0, 0.0, 0.0, 1.0 ], [ 0.0, 0.0, 1.0, 0.0, 1.0, 0.0, 0.0, 0.0, 0.0, 1.0, 0.0, 0.0, 0.0, 0.0, 0.0, 1.0 ], [ 0.0, 1.0, 0.0, 0.0, 0.0, 0.0, 1.0, 0.0, 1.0, 0.0, 0.0, 0.0, 0.0, 0.0, 0.0, 1.0 ], [ 0.809017, 0.309017, 0.5, 0.0, 0.309017, 0.5, -0.809017, 0.0, -0.5, 0.809017, 0.309017, 0.0, 0.0, 0.0, 0.0, 1.0 ], [ -0.5, 0.809017, 0.309017, 0.0, 0.809017, 0.309017, 0.5, 0.0, 0.309017, 0.5, -0.809017, 0.0, 0.0, 0.0, 0.0, 1.0 ], [ 0.309017, 0.5, -0.809017, 0.0, -0.5, 0.809017, 0.309017, 0.0, 0.809017, 0.309017, 0.5, 0.0, 0.0, 0.0, 0.0, 1.0 ], [ 0.5, 0.809017, 0.309017, 0.0, 0.809017, -0.309017, -0.5, 0.0, -0.309017, 0.5, -0.809017, 0.0, 0.0, 0.0, 0.0, 1.0 ], [ -0.309017, 0.5, -0.809017, 0.0, 0.5, 0.809017, 0.309017, 0.0, 0.809017, -0.309017, -0.5, 0.0, 0.0, 0.0, 0.0, 1.0 ], [ 0.809017, -0.309017, -0.5, 0.0, -0.309017, 0.5, -0.809017, 0.0, 0.5, 0.809017, 0.309017, 0.0, 0.0, 0.0, 0.0, 1.0 ], [ 0.5, 0.809017, -0.309017, 0.0, 0.809017, -0.309017, 0.5, 0.0, 0.309017, -0.5, -0.809017, 0.0, 0.0, 0.0, 0.0, 1.0 ], [ 0.309017, -0.5, -0.809017, 0.0, 0.5, 0.809017, -0.309017, 0.0, 0.809017, -0.309017, 0.5, 0.0, 0.0, 0.0, 0.0, 1.0 ], [ 0.809017, -0.309017, 0.5, 0.0, 0.309017, -0.5, -0.809017, 0.0, 0.5, 0.809017, -0.309017, 0.0, 0.0, 0.0, 0.0, 1.0 ], [ 0.809017, 0.309017, -0.5, 0.0, 0.309017, 0.5, 0.809017, 0.0, 0.5, -0.809017, 0.309017, 0.0, 0.0, 0.0, 0.0, 1.0 ], [ 0.5, -0.809017, 0.309017, 0.0, 0.809017, 0.309017, -0.5, 0.0, 0.309017, 0.5, 0.809017, 0.0, 0.0, 0.0, 0.0, 1.0 ], [ 0.309017, 0.5, 0.809017, 0.0, 0.5, -0.809017, 0.309017, 0.0, 0.809017, 0.309017, -0.5, 0.0, 0.0, 0.0, 0.0, 1.0 ], [ 1.0, 0.0, 0.0, 0.0, 0.0, -1.0, 0.0, 0.0, 0.0, 0.0, -1.0, 0.0, 0.0, 0.0, 0.0, 1.0 ], [ 0.0, 0.0, 1.0, 0.0, -1.0, 0.0, 0.0, 0.0, 0.0, -1.0, 0.0, 0.0, 0.0, 0.0, 0.0, 1.0 ], [ 0.0, 1.0, 0.0, 0.0, 0.0, 0.0, -1.0, 0.0, -1.0, 0.0, 0.0, 0.0, 0.0, 0.0, 0.0, 1.0 ], [ 0.809017, 0.309017, 0.5, 0.0, -0.309017, -0.5, 0.809017, 0.0, 0.5, -0.809017, -0.309017, 0.0, 0.0, 0.0, 0.0, 1.0 ], [ -0.5, 0.809017, 0.309017, 0.0, -0.809017, -0.309017, -0.5, 0.0, -0.309017, -0.5, 0.809017, 0.0, 0.0, 0.0, 0.0, 1.0 ], [ 0.309017, 0.5, -0.809017, 0.0, 0.5, -0.809017, -0.309017, 0.0, -0.809017, -0.309017, -0.5, 0.0, 0.0, 0.0, 0.0, 1.0 ], [ 0.5, 0.809017, 0.309017, 0.0, -0.809017, 0.309017, 0.5, 0.0, 0.309017, -0.5, 0.809017, 0.0, 0.0, 0.0, 0.0, 1.0 ], [ -0.309017, 0.5, -0.809017, 0.0, -0.5, -0.809017, -0.309017, 0.0, -0.809017, 0.309017, 0.5, 0.0, 0.0, 0.0, 0.0, 1.0 ], [ 0.809017, -0.309017, -0.5, 0.0, 0.309017, -0.5, 0.809017, 0.0, -0.5, -0.809017, -0.309017, 0.0, 0.0, 0.0, 0.0, 1.0 ], [ 0.5, 0.809017, -0.309017, 0.0, -0.809017, 0.309017, -0.5, 0.0, -0.309017, 0.5, 0.809017, 0.0, 0.0, 0.0, 0.0, 1.0 ], [ 0.309017, -0.5, -0.809017, 0.0, -0.5, -0.809017, 0.309017, 0.0, -0.809017, 0.309017, -0.5, 0.0, 0.0, 0.0, 0.0, 1.0 ], [ 0.809017, -0.309017, 0.5, 0.0, -0.309017, 0.5, 0.809017, 0.0, -0.5, -0.809017, 0.309017, 0.0, 0.0, 0.0, 0.0, 1.0 ], [ 0.809017, 0.309017, -0.5, 0.0, -0.309017, -0.5, -0.809017, 0.0, -0.5, 0.809017, -0.309017, 0.0, 0.0, 0.0, 0.0, 1.0 ], [ 0.5, -0.809017, 0.309017, 0.0, -0.809017, -0.309017, 0.5, 0.0, -0.309017, -0.5, -0.809017, 0.0, 0.0, 0.0, 0.0, 1.0 ], [ 0.309017, 0.5, 0.809017, 0.0, -0.5, 0.809017, -0.309017, 0.0, -0.809017, -0.309017, 0.5, 0.0, 0.0, 0.0, 0.0, 1.0 ], [ -1.0, 0.0, 0.0, 0.0, 0.0, -1.0, 0.0, 0.0, 0.0, 0.0, 1.0, 0.0, 0.0, 0.0, 0.0, 1.0 ], [ 0.0, 0.0, -1.0, 0.0, -1.0, 0.0, 0.0, 0.0, 0.0, 1.0, 0.0, 0.0, 0.0, 0.0, 0.0, 1.0 ], [ 0.0, -1.0, 0.0, 0.0, 0.0, 0.0, -1.0, 0.0, 1.0, 0.0, 0.0, 0.0, 0.0, 0.0, 0.0, 1.0 ], [ -0.809017, -0.309017, -0.5, 0.0, -0.309017, -0.5, 0.809017, 0.0, -0.5, 0.809017, 0.309017, 0.0, 0.0, 0.0, 0.0, 1.0 ], [ 0.5, -0.809017, -0.309017, 0.0, -0.809017, -0.309017, -0.5, 0.0, 0.309017, 0.5, -0.809017, 0.0, 0.0, 0.0, 0.0, 1.0 ], [ -0.309017, -0.5, 0.809017, 0.0, 0.5, -0.809017, -0.309017, 0.0, 0.809017, 0.309017, 0.5, 0.0, 0.0, 0.0, 0.0, 1.0 ], [ -0.5, -0.809017, -0.309017, 0.0, -0.809017, 0.309017, 0.5, 0.0, -0.309017, 0.5, -0.809017, 0.0, 0.0, 0.0, 0.0, 1.0 ], [ 0.309017, -0.5, 0.809017, 0.0, -0.5, -0.809017, -0.309017, 0.0, 0.809017, -0.309017, -0.5, 0.0, 0.0, 0.0, 0.0, 1.0 ], [ -0.809017, 0.309017, 0.5, 0.0, 0.309017, -0.5, 0.809017, 0.0, 0.5, 0.809017, 0.309017, 0.0, 0.0, 0.0, 0.0, 1.0 ], [ -0.5, -0.809017, 0.309017, 0.0, -0.809017, 0.309017, -0.5, 0.0, 0.309017, -0.5, -0.809017, 0.0, 0.0, 0.0, 0.0, 1.0 ], [ -0.309017, 0.5, 0.809017, 0.0, -0.5, -0.809017, 0.309017, 0.0, 0.809017, -0.309017, 0.5, 0.0, 0.0, 0.0, 0.0, 1.0 ], [ -0.809017, 0.309017, -0.5, 0.0, -0.309017, 0.5, 0.809017, 0.0, 0.5, 0.809017, -0.309017, 0.0, 0.0, 0.0, 0.0, 1.0 ], [ -0.809017, -0.309017, 0.5, 0.0, -0.309017, -0.5, -0.809017, 0.0, 0.5, -0.809017, 0.309017, 0.0, 0.0, 0.0, 0.0, 1.0 ], [ -0.5, 0.809017, -0.309017, 0.0, -0.809017, -0.309017, 0.5, 0.0, 0.309017, 0.5, 0.809017, 0.0, 0.0, 0.0, 0.0, 1.0 ], [ -0.309017, -0.5, -0.809017, 0.0, -0.5, 0.809017, -0.309017, 0.0, 0.809017, 0.309017, -0.5, 0.0, 0.0, 0.0, 0.0, 1.0 ], [ -1.0, 0.0, 0.0, 0.0, 0.0, 1.0, 0.0, 0.0, 0.0, 0.0, -1.0, 0.0, 0.0, 0.0, 0.0, 1.0 ], [ 0.0, 0.0, -1.0, 0.0, 1.0, 0.0, 0.0, 0.0, 0.0, -1.0, 0.0, 0.0, 0.0, 0.0, 0.0, 1.0 ], [ 0.0, -1.0, 0.0, 0.0, 0.0, 0.0, 1.0, 0.0, -1.0, 0.0, 0.0, 0.0, 0.0, 0.0, 0.0, 1.0 ], [ -0.809017, -0.309017, -0.5, 0.0, 0.309017, 0.5, -0.809017, 0.0, 0.5, -0.809017, -0.309017, 0.0, 0.0, 0.0, 0.0, 1.0 ], [ 0.5, -0.809017, -0.309017, 0.0, 0.809017, 0.309017, 0.5, 0.0, -0.309017, -0.5, 0.809017, 0.0, 0.0, 0.0, 0.0, 1.0 ], [ -0.309017, -0.5, 0.809017, 0.0, -0.5, 0.809017, 0.309017, 0.0, -0.809017, -0.309017, -0.5, 0.0, 0.0, 0.0, 0.0, 1.0 ], [ -0.5, -0.809017, -0.309017, 0.0, 0.809017, -0.309017, -0.5, 0.0, 0.309017, -0.5, 0.809017, 0.0, 0.0, 0.0, 0.0, 1.0 ], [ 0.309017, -0.5, 0.809017, 0.0, 0.5, 0.809017, 0.309017, 0.0, -0.809017, 0.309017, 0.5, 0.0, 0.0, 0.0, 0.0, 1.0 ], [ -0.809017, 0.309017, 0.5, 0.0, -0.309017, 0.5, -0.809017, 0.0, -0.5, -0.809017, -0.309017, 0.0, 0.0, 0.0, 0.0, 1.0 ], [ -0.5, -0.809017, 0.309017, 0.0, 0.809017, -0.309017, 0.5, 0.0, -0.309017, 0.5, 0.809017, 0.0, 0.0, 0.0, 0.0, 1.0 ], [ -0.309017, 0.5, 0.809017, 0.0, 0.5, 0.809017, -0.309017, 0.0, -0.809017, 0.309017, -0.5, 0.0, 0.0, 0.0, 0.0, 1.0 ], [ -0.809017, 0.309017, -0.5, 0.0, 0.309017, -0.5, -0.809017, 0.0, -0.5, -0.809017, 0.309017, 0.0, 0.0, 0.0, 0.0, 1.0 ], [ -0.809017, -0.309017, 0.5, 0.0, 0.309017, 0.5, 0.809017, 0.0, -0.5, 0.809017, -0.309017, 0.0, 0.0, 0.0, 0.0, 1.0 ], [ -0.5, 0.809017, -0.309017, 0.0, 0.809017, 0.309017, -0.5, 0.0, -0.309017, -0.5, -0.809017, 0.0, 0.0, 0.0, 0.0, 1.0 ], [ -0.309017, -0.5, -0.809017, 0.0, 0.5, -0.809017, 0.309017, 0.0, -0.809017, -0.309017, 0.5, 0.0, 0.0, 0.0, 0.0, 1.0 ] ],
  "lights" : {
    "ambientColor" : "#292929",
    "backgroundColor" : "#AFC8DC",
    "directionalLights" : [ {
      "direction" : {
        "x" : 1.0,
        "y" : -1.0,
        "z" : -1.0
      },
      "color" : "#EBEBE4"
    }, {
      "direction" : {
        "x" : -1.0,
        "y" : 0.0,
        "z" : 0.0
      },
      "color" : "#E4E4EB"
    }, {
      "direction" : {
        "x" : 0.0,
        "y" : 0.0,
        "z" : -1.0
      },
      "color" : "#1E1E1E"
    } ]
  },
  "camera" : {
    "width" : 48.929054,
    "stereo" : false,
    "lookDirection" : {
      "x" : -0.7206776,
      "y" : -0.3122764,
      "z" : -0.6189609
    },
    "upDirection" : {
      "x" : -0.6830805,
      "y" : 0.4723846,
      "z" : 0.5570072
    },
    "lookAtPoint" : {
      "x" : 0.0,
      "y" : 0.0,
      "z" : 0.0
    },
    "viewDistance" : 108.73127,
    "nearClipDistance" : 0.27182817,
    "farClipDistance" : 217.4625,
    "fieldOfView" : 0.44262874,
    "perspective" : true,
    "position" : {
      "x" : 78.36019,
      "y" : 33.95421,
      "z" : 67.30041
    }
  },
  "embedding" : [ 1.0, 0.0, 0.0, 0.0, 0.0, 1.0, 0.0, 0.0, 0.0, 0.0, 1.0, 0.0, 0.0, 0.0, 0.0, 1.0 ],
  "shapes" : [ {
    "id" : "7c8c16f5-1123-4bfb-8f0b-360cca3f4fe9",
    "vertices" : [ {
      "x" : 7.2586102,
      "y" : 2.5815594,
      "z" : -1.177051
    }, {
      "x" : 8.281153,
      "y" : 2.618034,
      "z" : -1.309017
    }, {
      "x" : 7.2586102,
      "y" : 2.5815594,
      "z" : -0.79508495
    }, {
      "x" : 7.0676274,
      "y" : 2.8905764,
      "z" : -1.295085
    }, {
      "x" : 7.0676274,
      "y" : 2.8905764,
      "z" : -0.91311896
    }, {
      "x" : 0.809017,
      "y" : 0.618034,
      "z" : 0.309017
    }, {
      "x" : 1.0,
      "y" : 0.309017,
      "z" : 0.19098301
    }, {
      "x" : 1.9045085,
      "y" : 0.5364745,
      "z" : -0.013932022
    }, {
      "x" : 7.972136,
      "y" : 3.118034,
      "z" : -1.5
    }, {
      "x" : 8.163119,
      "y" : 2.809017,
      "z" : -1.618034
    }, {
      "x" : 8.163119,
      "y" : 2.809017,
      "z" : -1.0
    }, {
      "x" : 7.972136,
      "y" : 3.118034,
      "z" : -1.118034
    }, {
      "x" : 1.7135255,
      "y" : 0.8454915,
      "z" : -0.13196601
    }, {
      "x" : 0.690983,
      "y" : 0.809017,
      "z" : 0.0
    }, {
      "x" : 1.9045085,
      "y" : 0.5364745,
      "z" : -0.39589804
    }, {
      "x" : 1.7135255,
      "y" : 0.8454915,
      "z" : -0.51393205
    }, {
      "x" : 0.809017,
      "y" : 0.618034,
      "z" : -0.309017
    }, {
      "x" : 1.0,
      "y" : 0.309017,
      "z" : -0.19098301
    }, {
      "x" : 8.972136,
      "y" : 3.427051,
      "z" : -1.309017
    } ],
    "faces" : [ {
      "vertices" : [ 0, 14, 15 ]
    }, {
      "vertices" : [ 0, 15, 3 ]
    }, {
      "vertices" : [ 3, 15, 12 ]
    }, {
      "vertices" : [ 3, 12, 4 ]
    }, {
      "vertices" : [ 0, 1, 2 ]
    }, {
      "vertices" : [ 12, 15, 13 ]
    }, {
      "vertices" : [ 0, 9, 1 ]
    }, {
      "vertices" : [ 0, 3, 9 ]
    }, {
      "vertices" : [ 13, 15, 16 ]
    }, {
      "vertices" : [ 6, 17, 14 ]
    }, {
      "vertices" : [ 6, 14, 7 ]
    }, {
      "vertices" : [ 1, 10, 2 ]
    }, {
      "vertices" : [ 5, 6, 7 ]
    }, {
      "vertices" : [ 3, 8, 9 ]
    }, {
      "vertices" : [ 0, 2, 7 ]
    }, {
      "vertices" : [ 0, 7, 14 ]
    }, {
      "vertices" : [ 5, 7, 12 ]
    }, {
      "vertices" : [ 2, 4, 12 ]
    }, {
      "vertices" : [ 2, 12, 7 ]
    }, {
      "vertices" : [ 3, 4, 11 ]
    }, {
      "vertices" : [ 3, 11, 8 ]
    }, {
      "vertices" : [ 2, 10, 11 ]
    }, {
      "vertices" : [ 2, 11, 4 ]
    }, {
      "vertices" : [ 5, 12, 13 ]
    }, {
      "vertices" : [ 14, 17, 16 ]
    }, {
      "vertices" : [ 14, 16, 15 ]
    } ]
  }, {
    "id" : "e8973885-0af9-417d-ba81-47e4101df644",
    "vertices" : [ {
      "x" : 0.309017,
      "y" : -0.809017,
      "z" : 0.618034
    }, {
      "x" : 0.809017,
      "y" : -0.618034,
      "z" : 0.309017
    }, {
      "x" : 0.618034,
      "y" : -0.309017,
      "z" : 0.809017
    }, {
      "x" : 1.0,
      "y" : 0.309017,
      "z" : 0.19098301
    }, {
      "x" : 0.809017,
      "y" : 0.618034,
      "z" : 0.309017
    }, {
      "x" : 0.618034,
      "y" : 0.309017,
      "z" : 0.809017
    }, {
      "x" : 0.809017,
      "y" : 0.0,
      "z" : 0.690983
    }, {
      "x" : 0.19098301,
      "y" : -1.0,
      "z" : 0.309017
    }, {
      "x" : -0.19098301,
      "y" : -1.0,
      "z" : 0.309017
    }, {
      "x" : -0.19098301,
      "y" : -1.0,
      "z" : -0.309017
    }, {
      "x" : 0.19098301,
      "y" : -1.0,
      "z" : -0.309017
    }, {
      "x" : 1.0,
      "y" : -0.309017,
      "z" : -0.19098301
    }, {
      "x" : 0.809017,
      "y" : -0.618034,
      "z" : -0.309017
    }, {
      "x" : 0.618034,
      "y" : -0.309017,
      "z" : -0.809017
    }, {
      "x" : 0.809017,
      "y" : 0.0,
      "z" : -0.690983
    }, {
      "x" : 0.0,
      "y" : 0.690983,
      "z" : -0.809017
    }, {
      "x" : 0.309017,
      "y" : 0.809017,
      "z" : -0.618034
    }, {
      "x" : 0.618034,
      "y" : 0.309017,
      "z" : -0.809017
    }, {
      "x" : 0.309017,
      "y" : 0.19098301,
      "z" : -1.0
    }, {
      "x" : 1.0,
      "y" : 0.309017,
      "z" : -0.19098301
    }, {
      "x" : -0.309017,
      "y" : -0.809017,
      "z" : 0.618034
    }, {
      "x" : 0.0,
      "y" : -0.690983,
      "z" : 0.809017
    }, {
      "x" : 0.809017,
      "y" : 0.618034,
      "z" : -0.309017
    }, {
      "x" : 0.690983,
      "y" : 0.809017,
      "z" : 0.0
    }, {
      "x" : -0.690983,
      "y" : 0.809017,
      "z" : 0.0
    }, {
      "x" : -0.809017,
      "y" : 0.618034,
      "z" : 0.309017
    }, {
      "x" : -0.309017,
      "y" : 0.809017,
      "z" : 0.618034
    }, {
      "x" : -0.19098301,
      "y" : 1.0,
      "z" : 0.309017
    }, {
      "x" : 0.309017,
      "y" : -0.19098301,
      "z" : -1.0
    }, {
      "x" : 0.19098301,
      "y" : 1.0,
      "z" : 0.309017
    }, {
      "x" : 0.309017,
      "y" : 0.809017,
      "z" : 0.618034
    }, {
      "x" : -0.809017,
      "y" : -0.618034,
      "z" : 0.309017
    }, {
      "x" : -0.690983,
      "y" : -0.809017,
      "z" : 0.0
    }, {
      "x" : 0.0,
      "y" : 0.690983,
      "z" : 0.809017
    }, {
      "x" : 0.309017,
      "y" : -0.809017,
      "z" : -0.618034
    }, {
      "x" : 0.0,
      "y" : -0.690983,
      "z" : -0.809017
    }, {
      "x" : -1.0,
      "y" : 0.309017,
      "z" : 0.19098301
    }, {
      "x" : -0.809017,
      "y" : 0.0,
      "z" : 0.690983
    }, {
      "x" : -0.618034,
      "y" : 0.309017,
      "z" : 0.809017
    }, {
      "x" : 1.0,
      "y" : -0.309017,
      "z" : 0.19098301
    }, {
      "x" : -0.309017,
      "y" : -0.809017,
      "z" : -0.618034
    }, {
      "x" : -1.0,
      "y" : 0.309017,
      "z" : -0.19098301
    }, {
      "x" : -1.0,
      "y" : -0.309017,
      "z" : -0.19098301
    }, {
      "x" : -1.0,
      "y" : -0.309017,
      "z" : 0.19098301
    }, {
      "x" : 0.19098301,
      "y" : 1.0,
      "z" : -0.309017
    }, {
      "x" : -0.809017,
      "y" : 0.618034,
      "z" : -0.309017
    }, {
      "x" : -0.19098301,
      "y" : 1.0,
      "z" : -0.309017
    }, {
      "x" : -0.309017,
      "y" : 0.809017,
      "z" : -0.618034
    }, {
      "x" : -0.618034,
      "y" : -0.309017,
      "z" : 0.809017
    }, {
      "x" : 0.309017,
      "y" : 0.19098301,
      "z" : 1.0
    }, {
      "x" : -0.309017,
      "y" : 0.19098301,
      "z" : -1.0
    }, {
      "x" : -0.309017,
      "y" : 0.19098301,
      "z" : 1.0
    }, {
      "x" : -0.309017,
      "y" : -0.19098301,
      "z" : 1.0
    }, {
      "x" : 0.309017,
      "y" : -0.19098301,
      "z" : 1.0
    }, {
      "x" : 0.690983,
      "y" : -0.809017,
      "z" : 0.0
    }, {
      "x" : -0.809017,
      "y" : 0.0,
      "z" : -0.690983
    }, {
      "x" : -0.618034,
      "y" : -0.309017,
      "z" : -0.809017
    }, {
      "x" : -0.309017,
      "y" : -0.19098301,
      "z" : -1.0
    }, {
      "x" : -0.618034,
      "y" : 0.309017,
      "z" : -0.809017
    }, {
      "x" : -0.809017,
      "y" : -0.618034,
      "z" : -0.309017
    } ],
    "faces" : [ {
      "vertices" : [ 9, 40, 35 ]
    }, {
      "vertices" : [ 9, 35, 34 ]
    }, {
      "vertices" : [ 9, 34, 10 ]
    }, {
      "vertices" : [ 0, 1, 2 ]
    }, {
      "vertices" : [ 33, 51, 49 ]
    }, {
      "vertices" : [ 25, 36, 37 ]
    }, {
      "vertices" : [ 25, 37, 38 ]
    }, {
      "vertices" : [ 41, 55, 42 ]
    }, {
      "vertices" : [ 9, 32, 59 ]
    }, {
      "vertices" : [ 9, 59, 40 ]
    }, {
      "vertices" : [ 20, 21, 52 ]
    }, {
      "vertices" : [ 20, 52, 48 ]
    }, {
      "vertices" : [ 26, 33, 30 ]
    }, {
      "vertices" : [ 26, 30, 29 ]
    }, {
      "vertices" : [ 26, 29, 27 ]
    }, {
      "vertices" : [ 3, 4, 5 ]
    }, {
      "vertices" : [ 3, 5, 6 ]
    }, {
      "vertices" : [ 27, 29, 44 ]
    }, {
      "vertices" : [ 27, 44, 46 ]
    }, {
      "vertices" : [ 50, 57, 56 ]
    }, {
      "vertices" : [ 50, 56, 55 ]
    }, {
      "vertices" : [ 50, 55, 58 ]
    }, {
      "vertices" : [ 26, 38, 51 ]
    }, {
      "vertices" : [ 26, 51, 33 ]
    }, {
      "vertices" : [ 45, 47, 58 ]
    }, {
      "vertices" : [ 18, 28, 57 ]
    }, {
      "vertices" : [ 18, 57, 50 ]
    }, {
      "vertices" : [ 40, 59, 56 ]
    }, {
      "vertices" : [ 31, 48, 37 ]
    }, {
      "vertices" : [ 31, 37, 43 ]
    }, {
      "vertices" : [ 7, 8, 9 ]
    }, {
      "vertices" : [ 7, 9, 10 ]
    }, {
      "vertices" : [ 36, 41, 42 ]
    }, {
      "vertices" : [ 36, 42, 43 ]
    }, {
      "vertices" : [ 24, 46, 47 ]
    }, {
      "vertices" : [ 24, 47, 45 ]
    }, {
      "vertices" : [ 4, 30, 5 ]
    }, {
      "vertices" : [ 15, 47, 46 ]
    }, {
      "vertices" : [ 15, 46, 44 ]
    }, {
      "vertices" : [ 15, 44, 16 ]
    }, {
      "vertices" : [ 15, 50, 58 ]
    }, {
      "vertices" : [ 15, 58, 47 ]
    }, {
      "vertices" : [ 24, 45, 41 ]
    }, {
      "vertices" : [ 24, 41, 36 ]
    }, {
      "vertices" : [ 24, 36, 25 ]
    }, {
      "vertices" : [ 11, 14, 19 ]
    }, {
      "vertices" : [ 3, 6, 39 ]
    }, {
      "vertices" : [ 1, 39, 6 ]
    }, {
      "vertices" : [ 1, 6, 2 ]
    }, {
      "vertices" : [ 8, 32, 9 ]
    }, {
      "vertices" : [ 11, 12, 13 ]
    }, {
      "vertices" : [ 11, 13, 14 ]
    }, {
      "vertices" : [ 16, 22, 17 ]
    }, {
      "vertices" : [ 0, 21, 20 ]
    }, {
      "vertices" : [ 0, 20, 8 ]
    }, {
      "vertices" : [ 0, 8, 7 ]
    }, {
      "vertices" : [ 12, 34, 13 ]
    }, {
      "vertices" : [ 35, 40, 56 ]
    }, {
      "vertices" : [ 35, 56, 57 ]
    }, {
      "vertices" : [ 0, 7, 54 ]
    }, {
      "vertices" : [ 0, 54, 1 ]
    }, {
      "vertices" : [ 15, 16, 17 ]
    }, {
      "vertices" : [ 15, 17, 18 ]
    }, {
      "vertices" : [ 3, 19, 22 ]
    }, {
      "vertices" : [ 3, 22, 23 ]
    }, {
      "vertices" : [ 3, 23, 4 ]
    }, {
      "vertices" : [ 7, 10, 54 ]
    }, {
      "vertices" : [ 41, 45, 58 ]
    }, {
      "vertices" : [ 41, 58, 55 ]
    }, {
      "vertices" : [ 3, 39, 11 ]
    }, {
      "vertices" : [ 3, 11, 19 ]
    }, {
      "vertices" : [ 14, 17, 22 ]
    }, {
      "vertices" : [ 14, 22, 19 ]
    }, {
      "vertices" : [ 0, 2, 53 ]
    }, {
      "vertices" : [ 0, 53, 21 ]
    }, {
      "vertices" : [ 49, 51, 52 ]
    }, {
      "vertices" : [ 49, 52, 53 ]
    }, {
      "vertices" : [ 31, 43, 42 ]
    }, {
      "vertices" : [ 31, 42, 59 ]
    }, {
      "vertices" : [ 31, 59, 32 ]
    }, {
      "vertices" : [ 15, 18, 50 ]
    }, {
      "vertices" : [ 42, 55, 56 ]
    }, {
      "vertices" : [ 42, 56, 59 ]
    }, {
      "vertices" : [ 4, 23, 29 ]
    }, {
      "vertices" : [ 4, 29, 30 ]
    }, {
      "vertices" : [ 25, 38, 26 ]
    }, {
      "vertices" : [ 13, 28, 18 ]
    }, {
      "vertices" : [ 13, 18, 17 ]
    }, {
      "vertices" : [ 13, 17, 14 ]
    }, {
      "vertices" : [ 8, 20, 31 ]
    }, {
      "vertices" : [ 8, 31, 32 ]
    }, {
      "vertices" : [ 23, 44, 29 ]
    }, {
      "vertices" : [ 24, 27, 46 ]
    }, {
      "vertices" : [ 37, 48, 52 ]
    }, {
      "vertices" : [ 37, 52, 51 ]
    }, {
      "vertices" : [ 37, 51, 38 ]
    }, {
      "vertices" : [ 20, 48, 31 ]
    }, {
      "vertices" : [ 24, 25, 26 ]
    }, {
      "vertices" : [ 24, 26, 27 ]
    }, {
      "vertices" : [ 16, 44, 23 ]
    }, {
      "vertices" : [ 16, 23, 22 ]
    }, {
      "vertices" : [ 13, 34, 35 ]
    }, {
      "vertices" : [ 13, 35, 28 ]
    }, {
      "vertices" : [ 10, 34, 12 ]
    }, {
      "vertices" : [ 10, 12, 54 ]
    }, {
      "vertices" : [ 2, 6, 5 ]
    }, {
      "vertices" : [ 2, 5, 49 ]
    }, {
      "vertices" : [ 2, 49, 53 ]
    }, {
      "vertices" : [ 36, 43, 37 ]
    }, {
      "vertices" : [ 5, 30, 33 ]
    }, {
      "vertices" : [ 5, 33, 49 ]
    }, {
      "vertices" : [ 1, 54, 12 ]
    }, {
      "vertices" : [ 1, 12, 11 ]
    }, {
      "vertices" : [ 1, 11, 39 ]
    }, {
      "vertices" : [ 28, 35, 57 ]
    }, {
      "vertices" : [ 21, 53, 52 ]
    } ]
  }, {
    "id" : "d15905b5-4151-43f5-919c-8ba6fd5cf55a",
    "vertices" : [ {
      "x" : 3.8315594,
      "y" : 1.2725425,
      "z" : -0.677051
    }, {
      "x" : 4.854102,
      "y" : 1.309017,
      "z" : -0.809017
    }, {
      "x" : 3.8315594,
      "y" : 1.2725425,
      "z" : -0.29508498
    }, {
      "x" : 3.6405764,
      "y" : 1.5815595,
      "z" : -0.79508495
    }, {
      "x" : 3.6405764,
      "y" : 1.5815595,
      "z" : -0.41311896
    }, {
      "x" : 0.809017,
      "y" : 0.618034,
      "z" : 0.309017
    }, {
      "x" : 1.0,
      "y" : 0.309017,
      "z" : 0.19098301
    }, {
      "x" : 1.9045085,
      "y" : 0.5364745,
      "z" : -0.013932022
    }, {
      "x" : 4.545085,
      "y" : 1.809017,
      "z" : -1.0
    }, {
      "x" : 4.736068,
      "y" : 1.5,
      "z" : -1.118034
    }, {
      "x" : 4.736068,
      "y" : 1.5,
      "z" : -0.5
    }, {
      "x" : 4.545085,
      "y" : 1.809017,
      "z" : -0.618034
    }, {
      "x" : 1.7135255,
      "y" : 0.8454915,
      "z" : -0.13196601
    }, {
      "x" : 0.690983,
      "y" : 0.809017,
      "z" : 0.0
    }, {
      "x" : 1.9045085,
      "y" : 0.5364745,
      "z" : -0.39589804
    }, {
      "x" : 1.7135255,
      "y" : 0.8454915,
      "z" : -0.51393205
    }, {
      "x" : 0.809017,
      "y" : 0.618034,
      "z" : -0.309017
    }, {
      "x" : 1.0,
      "y" : 0.309017,
      "z" : -0.19098301
    }, {
      "x" : 5.545085,
      "y" : 2.118034,
      "z" : -0.809017
    } ],
    "faces" : [ {
      "vertices" : [ 0, 14, 15 ]
    }, {
      "vertices" : [ 0, 15, 3 ]
    }, {
      "vertices" : [ 3, 15, 12 ]
    }, {
      "vertices" : [ 3, 12, 4 ]
    }, {
      "vertices" : [ 0, 1, 2 ]
    }, {
      "vertices" : [ 12, 15, 13 ]
    }, {
      "vertices" : [ 0, 9, 1 ]
    }, {
      "vertices" : [ 0, 3, 9 ]
    }, {
      "vertices" : [ 13, 15, 16 ]
    }, {
      "vertices" : [ 6, 17, 14 ]
    }, {
      "vertices" : [ 6, 14, 7 ]
    }, {
      "vertices" : [ 1, 10, 2 ]
    }, {
      "vertices" : [ 5, 6, 7 ]
    }, {
      "vertices" : [ 3, 8, 9 ]
    }, {
      "vertices" : [ 0, 2, 7 ]
    }, {
      "vertices" : [ 0, 7, 14 ]
    }, {
      "vertices" : [ 5, 7, 12 ]
    }, {
      "vertices" : [ 2, 4, 12 ]
    }, {
      "vertices" : [ 2, 12, 7 ]
    }, {
      "vertices" : [ 3, 4, 11 ]
    }, {
      "vertices" : [ 3, 11, 8 ]
    }, {
      "vertices" : [ 2, 10, 11 ]
    }, {
      "vertices" : [ 2, 11, 4 ]
    }, {
      "vertices" : [ 5, 12, 13 ]
    }, {
      "vertices" : [ 14, 17, 16 ]
    }, {
      "vertices" : [ 14, 16, 15 ]
    } ]
  }, {
    "id" : "e457f726-c24f-4263-90c4-f775c840530a",
    "vertices" : [ {
      "x" : 1.309017,
      "y" : 0.927051,
      "z" : 0.309017
    }, {
      "x" : 2.927051,
      "y" : 1.690983,
      "z" : 0.309017
    }, {
      "x" : 2.736068,
      "y" : 2.0,
      "z" : 0.19098301
    }, {
      "x" : 0.809017,
      "y" : 0.618034,
      "z" : -0.309017
    }, {
      "x" : 0.690983,
      "y" : 0.809017,
      "z" : 0.0
    }, {
      "x" : 1.190983,
      "y" : 1.118034,
      "z" : 0.0
    }, {
      "x" : 1.309017,
      "y" : 0.927051,
      "z" : -0.309017
    }, {
      "x" : 3.427051,
      "y" : 2.0,
      "z" : 0.309017
    }, {
      "x" : 1.5,
      "y" : 0.618034,
      "z" : 0.19098301
    }, {
      "x" : 1.5,
      "y" : 0.618034,
      "z" : -0.19098301
    }, {
      "x" : 3.045085,
      "y" : 1.5,
      "z" : 0.0
    }, {
      "x" : 2.927051,
      "y" : 1.690983,
      "z" : -0.309017
    }, {
      "x" : 3.545085,
      "y" : 1.809017,
      "z" : 0.0
    }, {
      "x" : 1.0,
      "y" : 0.309017,
      "z" : 0.19098301
    }, {
      "x" : 1.0,
      "y" : 0.309017,
      "z" : -0.19098301
    }, {
      "x" : 0.809017,
      "y" : 0.618034,
      "z" : 0.309017
    }, {
      "x" : 3.236068,
      "y" : 2.309017,
      "z" : 0.19098301
    }, {
      "x" : 3.427051,
      "y" : 2.0,
      "z" : -0.309017
    }, {
      "x" : 3.236068,
      "y" : 2.309017,
      "z" : -0.19098301
    }, {
      "x" : 4.236068,
      "y" : 2.618034,
      "z" : 0.0
    }, {
      "x" : 2.736068,
      "y" : 2.0,
      "z" : -0.19098301
    } ],
    "faces" : [ {
      "vertices" : [ 3, 6, 9 ]
    }, {
      "vertices" : [ 3, 9, 14 ]
    }, {
      "vertices" : [ 11, 20, 18 ]
    }, {
      "vertices" : [ 11, 18, 17 ]
    }, {
      "vertices" : [ 0, 1, 2 ]
    }, {
      "vertices" : [ 0, 15, 13 ]
    }, {
      "vertices" : [ 0, 13, 8 ]
    }, {
      "vertices" : [ 6, 20, 11 ]
    }, {
      "vertices" : [ 0, 2, 5 ]
    }, {
      "vertices" : [ 0, 8, 1 ]
    }, {
      "vertices" : [ 8, 13, 14 ]
    }, {
      "vertices" : [ 8, 14, 9 ]
    }, {
      "vertices" : [ 3, 4, 5 ]
    }, {
      "vertices" : [ 3, 5, 6 ]
    }, {
      "vertices" : [ 10, 11, 17 ]
    }, {
      "vertices" : [ 10, 17, 12 ]
    }, {
      "vertices" : [ 1, 8, 10 ]
    }, {
      "vertices" : [ 0, 5, 4 ]
    }, {
      "vertices" : [ 0, 4, 15 ]
    }, {
      "vertices" : [ 2, 16, 18 ]
    }, {
      "vertices" : [ 2, 18, 20 ]
    }, {
      "vertices" : [ 1, 7, 16 ]
    }, {
      "vertices" : [ 1, 16, 2 ]
    }, {
      "vertices" : [ 6, 11, 9 ]
    }, {
      "vertices" : [ 8, 9, 10 ]
    }, {
      "vertices" : [ 2, 20, 5 ]
    }, {
      "vertices" : [ 9, 11, 10 ]
    }, {
      "vertices" : [ 1, 10, 12 ]
    }, {
      "vertices" : [ 1, 12, 7 ]
    }, {
      "vertices" : [ 5, 20, 6 ]
    } ]
  } ],
  "instances" : [ {
    "shape" : "7c8c16f5-1123-4bfb-8f0b-360cca3f4fe9",
    "color" : "#008D36",
    "position" : {
      "x" : -3.427051,
      "y" : -3.427051,
      "z" : 3.427051
    },
    "orientation" : 18
  }, {
    "shape" : "e8973885-0af9-417d-ba81-47e4101df644",
    "color" : "#FFFFFF",
    "position" : {
      "x" : -2.118034,
      "y" : 1.309017,
      "z" : 11.09017
    }
  }, {
    "shape" : "e8973885-0af9-417d-ba81-47e4101df644",
    "color" : "#FFFFFF",
    "position" : {
      "x" : 1.309017,
      "y" : -11.09017,
      "z" : 2.118034
    }
  }, {
    "shape" : "d15905b5-4151-43f5-919c-8ba6fd5cf55a",
    "color" : "#008D36",
    "position" : {
      "x" : 5.545085,
      "y" : -4.236068,
      "z" : 8.972136
    },
    "orientation" : 19
  }, {
    "shape" : "e8973885-0af9-417d-ba81-47e4101df644",
    "color" : "#FFFFFF",
    "position" : {
      "x" : 3.427051,
      "y" : 3.427051,
      "z" : 3.427051
    }
  }, {
    "shape" : "7c8c16f5-1123-4bfb-8f0b-360cca3f4fe9",
    "color" : "#008D36",
    "position" : {
      "x" : 3.427051,
      "y" : -3.427051,
      "z" : -3.427051
    },
    "orientation" : 9
  }, {
    "shape" : "7c8c16f5-1123-4bfb-8f0b-360cca3f4fe9",
    "color" : "#008D36",
    "position" : {
      "x" : -3.427051,
      "y" : -3.427051,
      "z" : 3.427051
    },
    "orientation" : 54
  }, {
    "shape" : "d15905b5-4151-43f5-919c-8ba6fd5cf55a",
    "color" : "#008D36",
    "position" : {
      "x" : -4.236068,
      "y" : 8.972136,
      "z" : 5.545085
    },
    "orientation" : 33
  }, {
    "shape" : "7c8c16f5-1123-4bfb-8f0b-360cca3f4fe9",
    "color" : "#008D36",
    "position" : {
      "x" : -3.427051,
      "y" : -3.427051,
      "z" : 3.427051
    },
    "orientation" : 11
  }, {
    "shape" : "7c8c16f5-1123-4bfb-8f0b-360cca3f4fe9",
    "color" : "#008D36",
    "position" : {
      "x" : 3.427051,
      "y" : 3.427051,
      "z" : 3.427051
    },
    "orientation" : 48
  }, {
    "shape" : "7c8c16f5-1123-4bfb-8f0b-360cca3f4fe9",
    "color" : "#008D36",
    "position" : {
      "x" : -3.427051,
      "y" : 3.427051,
      "z" : -3.427051
    },
    "orientation" : 26
  }, {
    "shape" : "e8973885-0af9-417d-ba81-47e4101df644",
    "color" : "#FFFFFF",
    "position" : {
      "x" : 11.09017,
      "y" : -2.118034,
      "z" : 1.309017
    }
  }, {
    "shape" : "d15905b5-4151-43f5-919c-8ba6fd5cf55a",
    "color" : "#008D36",
    "position" : {
      "x" : -5.545085,
      "y" : -4.236068,
      "z" : -8.972136
    },
    "orientation" : 34
  }, {
    "shape" : "7c8c16f5-1123-4bfb-8f0b-360cca3f4fe9",
    "color" : "#008D36",
    "position" : {
      "x" : 3.427051,
      "y" : 3.427051,
      "z" : 3.427051
    },
    "orientation" : 24
  }, {
    "shape" : "e8973885-0af9-417d-ba81-47e4101df644",
    "color" : "#FFFFFF",
    "position" : {
      "x" : -5.545085,
      "y" : -4.236068,
      "z" : -8.972136
    }
  }, {
    "shape" : "7c8c16f5-1123-4bfb-8f0b-360cca3f4fe9",
    "color" : "#008D36",
    "position" : {
      "x" : -3.427051,
      "y" : 3.427051,
      "z" : -3.427051
    },
    "orientation" : 35
  }, {
    "shape" : "d15905b5-4151-43f5-919c-8ba6fd5cf55a",
    "color" : "#008D36",
    "position" : {
      "x" : 5.545085,
      "y" : 4.236068,
      "z" : -8.972136
    },
    "orientation" : 4
  }, {
    "shape" : "e8973885-0af9-417d-ba81-47e4101df644",
    "color" : "#FFFFFF",
    "position" : {
      "x" : -3.427051,
      "y" : 3.427051,
      "z" : -3.427051
    }
  }, {
    "shape" : "7c8c16f5-1123-4bfb-8f0b-360cca3f4fe9",
    "color" : "#008D36",
    "position" : {
      "x" : -3.427051,
      "y" : 3.427051,
      "z" : -3.427051
    },
    "orientation" : 3
  }, {
    "shape" : "7c8c16f5-1123-4bfb-8f0b-360cca3f4fe9",
    "color" : "#008D36",
    "position" : {
      "x" : 3.427051,
      "y" : -3.427051,
      "z" : -3.427051
    },
    "orientation" : 56
  }, {
    "shape" : "e8973885-0af9-417d-ba81-47e4101df644",
    "color" : "#FFFFFF",
    "position" : {
      "x" : -4.236068,
      "y" : 8.972136,
      "z" : 5.545085
    }
  }, {
    "shape" : "e8973885-0af9-417d-ba81-47e4101df644",
    "color" : "#FFFFFF",
    "position" : {
      "x" : -4.236068,
      "y" : -8.972136,
      "z" : -5.545085
    }
  }, {
    "shape" : "e8973885-0af9-417d-ba81-47e4101df644",
    "color" : "#FFFFFF",
    "position" : {
      "x" : -11.09017,
      "y" : 2.118034,
      "z" : 1.309017
    }
  }, {
    "shape" : "e8973885-0af9-417d-ba81-47e4101df644",
    "color" : "#FFFFFF",
    "position" : {
      "x" : 11.09017,
      "y" : 2.118034,
      "z" : -1.309017
    }
  }, {
    "shape" : "e457f726-c24f-4263-90c4-f775c840530a",
    "color" : "#AF0000",
    "position" : {
      "x" : 1.309017,
      "y" : -11.09017,
      "z" : 2.118034
    },
    "orientation" : 47
  }, {
    "shape" : "e8973885-0af9-417d-ba81-47e4101df644",
    "color" : "#FFFFFF",
    "position" : {
      "x" : -8.972136,
      "y" : 5.545085,
      "z" : 4.236068
    }
  }, {
    "shape" : "e457f726-c24f-4263-90c4-f775c840530a",
    "color" : "#AF0000",
    "position" : {
      "x" : -2.118034,
      "y" : 1.309017,
      "z" : 11.09017
    },
    "orientation" : 15
  }, {
    "shape" : "d15905b5-4151-43f5-919c-8ba6fd5cf55a",
    "color" : "#008D36",
    "position" : {
      "x" : -4.236068,
      "y" : -8.972136,
      "z" : -5.545085
    },
    "orientation" : 48
  }, {
    "shape" : "d15905b5-4151-43f5-919c-8ba6fd5cf55a",
    "color" : "#008D36",
    "position" : {
      "x" : -5.545085,
      "y" : 4.236068,
      "z" : 8.972136
    },
    "orientation" : 49
  }, {
    "shape" : "d15905b5-4151-43f5-919c-8ba6fd5cf55a",
    "color" : "#008D36",
    "position" : {
      "x" : 4.236068,
      "y" : 8.972136,
      "z" : -5.545085
    },
    "orientation" : 18
  }, {
    "shape" : "e8973885-0af9-417d-ba81-47e4101df644",
    "color" : "#FFFFFF",
    "position" : {
      "x" : 2.118034,
      "y" : -1.309017,
      "z" : 11.09017
    }
  }, {
    "shape" : "e8973885-0af9-417d-ba81-47e4101df644",
    "color" : "#FFFFFF",
    "position" : {
      "x" : 1.309017,
      "y" : 11.09017,
      "z" : -2.118034
    }
  }, {
    "shape" : "e8973885-0af9-417d-ba81-47e4101df644",
    "color" : "#FFFFFF",
    "position" : {
      "x" : -8.972136,
      "y" : -5.545085,
      "z" : -4.236068
    }
  }, {
    "shape" : "d15905b5-4151-43f5-919c-8ba6fd5cf55a",
    "color" : "#008D36",
    "position" : {
      "x" : -8.972136,
      "y" : -5.545085,
      "z" : -4.236068
    },
    "orientation" : 20
  }, {
    "shape" : "7c8c16f5-1123-4bfb-8f0b-360cca3f4fe9",
    "color" : "#008D36",
    "position" : {
      "x" : 3.427051,
      "y" : 3.427051,
      "z" : 3.427051
    },
    "orientation" : 41
  }, {
    "shape" : "e457f726-c24f-4263-90c4-f775c840530a",
    "color" : "#AF0000",
    "position" : {
      "x" : 11.09017,
      "y" : -2.118034,
      "z" : 1.309017
    },
    "orientation" : 46
  }, {
    "shape" : "7c8c16f5-1123-4bfb-8f0b-360cca3f4fe9",
    "color" : "#008D36",
    "position" : {
      "x" : -3.427051,
      "y" : 3.427051,
      "z" : -3.427051
    },
    "orientation" : 19
  }, {
    "shape" : "e8973885-0af9-417d-ba81-47e4101df644",
    "color" : "#FFFFFF",
    "position" : {
      "x" : 8.972136,
      "y" : -5.545085,
      "z" : 4.236068
    }
  }, {
    "shape" : "e8973885-0af9-417d-ba81-47e4101df644",
    "color" : "#FFFFFF",
    "position" : {
      "x" : 4.236068,
      "y" : 8.972136,
      "z" : -5.545085
    }
  }, {
    "shape" : "e8973885-0af9-417d-ba81-47e4101df644",
    "color" : "#FFFFFF",
    "position" : {
      "x" : 5.545085,
      "y" : 4.236068,
      "z" : -8.972136
    }
  }, {
    "shape" : "7c8c16f5-1123-4bfb-8f0b-360cca3f4fe9",
    "color" : "#008D36",
    "position" : {
      "x" : -3.427051,
      "y" : -3.427051,
      "z" : 3.427051
    },
    "orientation" : 4
  }, {
    "shape" : "7c8c16f5-1123-4bfb-8f0b-360cca3f4fe9",
    "color" : "#008D36",
    "position" : {
      "x" : 3.427051,
      "y" : -3.427051,
      "z" : -3.427051
    },
    "orientation" : 49
  }, {
    "shape" : "7c8c16f5-1123-4bfb-8f0b-360cca3f4fe9",
    "color" : "#008D36",
    "position" : {
      "x" : 3.427051,
      "y" : -3.427051,
      "z" : -3.427051
    },
    "orientation" : 5
  }, {
    "shape" : "e8973885-0af9-417d-ba81-47e4101df644",
    "color" : "#FFFFFF",
    "position" : {
      "x" : 2.118034,
      "y" : 1.309017,
      "z" : -11.09017
    }
  }, {
    "shape" : "7c8c16f5-1123-4bfb-8f0b-360cca3f4fe9",
    "color" : "#008D36",
    "position" : {
      "x" : 3.427051,
      "y" : 3.427051,
      "z" : 3.427051
    },
    "orientation" : 34
  }, {
    "shape" : "e8973885-0af9-417d-ba81-47e4101df644",
    "color" : "#FFFFFF",
    "position" : {
      "x" : 8.972136,
      "y" : 5.545085,
      "z" : -4.236068
    }
  }, {
    "shape" : "e457f726-c24f-4263-90c4-f775c840530a",
    "color" : "#AF0000",
    "position" : {
      "x" : -11.09017,
      "y" : 2.118034,
      "z" : 1.309017
    },
    "orientation" : 16
  }, {
    "shape" : "e457f726-c24f-4263-90c4-f775c840530a",
    "color" : "#AF0000",
    "position" : {
      "x" : -2.118034,
      "y" : -1.309017,
      "z" : -11.09017
    },
    "orientation" : 0
  }, {
    "shape" : "e8973885-0af9-417d-ba81-47e4101df644",
    "color" : "#FFFFFF",
    "position" : {
      "x" : -5.545085,
      "y" : 4.236068,
      "z" : 8.972136
    }
  }, {
    "shape" : "e8973885-0af9-417d-ba81-47e4101df644",
    "color" : "#FFFFFF",
    "position" : {
      "x" : 5.545085,
      "y" : -4.236068,
      "z" : 8.972136
    }
  }, {
    "shape" : "e8973885-0af9-417d-ba81-47e4101df644",
    "color" : "#FFFFFF",
    "position" : {
      "x" : -11.09017,
      "y" : -2.118034,
      "z" : -1.309017
    }
  }, {
    "shape" : "d15905b5-4151-43f5-919c-8ba6fd5cf55a",
    "color" : "#008D36",
    "position" : {
      "x" : 8.972136,
      "y" : 5.545085,
      "z" : -4.236068
    },
    "orientation" : 50
  }, {
    "shape" : "e8973885-0af9-417d-ba81-47e4101df644",
    "color" : "#FFFFFF",
    "position" : {
      "x" : 3.427051,
      "y" : -3.427051,
      "z" : -3.427051
    }
  }, {
    "shape" : "e8973885-0af9-417d-ba81-47e4101df644",
    "color" : "#FFFFFF",
    "position" : {
      "x" : -1.309017,
      "y" : -11.09017,
      "z" : -2.118034
    }
  }, {
    "shape" : "e8973885-0af9-417d-ba81-47e4101df644",
    "color" : "#FFFFFF",
    "position" : {
      "x" : -1.309017,
      "y" : 11.09017,
      "z" : 2.118034
    }
  }, {
    "shape" : "e8973885-0af9-417d-ba81-47e4101df644",
    "color" : "#FFFFFF",
    "position" : {
      "x" : 4.236068,
      "y" : -8.972136,
      "z" : 5.545085
    }
  }, {
    "shape" : "e8973885-0af9-417d-ba81-47e4101df644",
    "color" : "#FFFFFF",
    "position" : {
      "x" : -2.118034,
      "y" : -1.309017,
      "z" : -11.09017
    }
  }, {
    "shape" : "7c8c16f5-1123-4bfb-8f0b-360cca3f4fe9",
    "color" : "#008D36",
    "position" : {
      "x" : 3.427051,
      "y" : 3.427051,
      "z" : 3.427051
    },
    "orientation" : 55
  }, {
    "shape" : "e457f726-c24f-4263-90c4-f775c840530a",
    "color" : "#AF0000",
    "position" : {
      "x" : 1.309017,
      "y" : 11.09017,
      "z" : -2.118034
    },
    "orientation" : 32
  }, {
    "shape" : "7c8c16f5-1123-4bfb-8f0b-360cca3f4fe9",
    "color" : "#008D36",
    "position" : {
      "x" : -3.427051,
      "y" : -3.427051,
      "z" : 3.427051
    },
    "orientation" : 25
  }, {
    "shape" : "7c8c16f5-1123-4bfb-8f0b-360cca3f4fe9",
    "color" : "#008D36",
    "position" : {
      "x" : -3.427051,
      "y" : 3.427051,
      "z" : -3.427051
    },
    "orientation" : 39
  }, {
    "shape" : "7c8c16f5-1123-4bfb-8f0b-360cca3f4fe9",
    "color" : "#008D36",
    "position" : {
      "x" : -3.427051,
      "y" : -3.427051,
      "z" : 3.427051
    },
    "orientation" : 50
  }, {
    "shape" : "e8973885-0af9-417d-ba81-47e4101df644",
    "color" : "#FFFFFF",
    "position" : {
      "x" : -3.427051,
      "y" : -3.427051,
      "z" : 3.427051
    }
  }, {
    "shape" : "7c8c16f5-1123-4bfb-8f0b-360cca3f4fe9",
    "color" : "#008D36",
    "position" : {
      "x" : -3.427051,
      "y" : 3.427051,
      "z" : -3.427051
    },
    "orientation" : 10
  }, {
    "shape" : "7c8c16f5-1123-4bfb-8f0b-360cca3f4fe9",
    "color" : "#008D36",
    "position" : {
      "x" : 3.427051,
      "y" : 3.427051,
      "z" : 3.427051
    },
    "orientation" : 20
  }, {
    "shape" : "7c8c16f5-1123-4bfb-8f0b-360cca3f4fe9",
    "color" : "#008D36",
    "position" : {
      "x" : 3.427051,
      "y" : -3.427051,
      "z" : -3.427051
    },
    "orientation" : 33
  }, {
    "shape" : "7c8c16f5-1123-4bfb-8f0b-360cca3f4fe9",
    "color" : "#008D36",
    "position" : {
      "x" : 3.427051,
      "y" : -3.427051,
      "z" : -3.427051
    },
    "orientation" : 40
  }, {
    "shape" : "d15905b5-4151-43f5-919c-8ba6fd5cf55a",
    "color" : "#008D36",
    "position" : {
      "x" : -8.972136,
      "y" : 5.545085,
      "z" : 4.236068
    },
    "orientation" : 5
  }, {
    "shape" : "d15905b5-4151-43f5-919c-8ba6fd5cf55a",
    "color" : "#008D36",
    "position" : {
      "x" : 4.236068,
      "y" : -8.972136,
      "z" : 5.545085
    },
    "orientation" : 3
  }, {
    "shape" : "d15905b5-4151-43f5-919c-8ba6fd5cf55a",
    "color" : "#008D36",
    "position" : {
      "x" : 8.972136,
      "y" : -5.545085,
      "z" : 4.236068
    },
    "orientation" : 35
  } ],
  "scenes" : [ ],
  "snapshots" : [ ]
}