{
  "polygons" : "true",
  "field" : "golden",
  "symmetry" : "icosahedral",
  "orientations" : [ [ 1.0, 0.0, 0.0, 0.0, 0.0, 1.0, 0.0, 0.0, 0.0, 0.0, 1.0, 0.0, 0.0, 0.0, 0.0, 1.0 ], [ 0.0, 0.0, 1.0, 0.0, 1.0, 0.0, 0.0, 0.0, 0.0, 1.0, 0.0, 0.0, 0.0, 0.0, 0.0, 1.0 ], [ 0.0, 1.0, 0.0, 0.0, 0.0, 0.0, 1.0, 0.0, 1.0, 0.0, 0.0, 0.0, 0.0, 0.0, 0.0, 1.0 ], [ 0.809017, 0.309017, 0.5, 0.0, 0.309017, 0.5, -0.809017, 0.0, -0.5, 0.809017, 0.309017, 0.0, 0.0, 0.0, 0.0, 1.0 ], [ -0.5, 0.809017, 0.309017, 0.0, 0.809017, 0.309017, 0.5, 0.0, 0.309017, 0.5, -0.809017, 0.0, 0.0, 0.0, 0.0, 1.0 ], [ 0.309017, 0.5, -0.809017, 0.0, -0.5, 0.809017, 0.309017, 0.0, 0.809017, 0.309017, 0.5, 0.0, 0.0, 0.0, 0.0, 1.0 ], [ 0.5, 0.809017, 0.309017, 0.0, 0.809017, -0.309017, -0.5, 0.0, -0.309017, 0.5, -0.809017, 0.0, 0.0, 0.0, 0.0, 1.0 ], [ -0.309017, 0.5, -0.809017, 0.0, 0.5, 0.809017, 0.309017, 0.0, 0.809017, -0.309017, -0.5, 0.0, 0.0, 0.0, 0.0, 1.0 ], [ 0.809017, -0.309017, -0.5, 0.0, -0.309017, 0.5, -0.809017, 0.0, 0.5, 0.809017, 0.309017, 0.0, 0.0, 0.0, 0.0, 1.0 ], [ 0.5, 0.809017, -0.309017, 0.0, 0.809017, -0.309017, 0.5, 0.0, 0.309017, -0.5, -0.809017, 0.0, 0.0, 0.0, 0.0, 1.0 ], [ 0.309017, -0.5, -0.809017, 0.0, 0.5, 0.809017, -0.309017, 0.0, 0.809017, -0.309017, 0.5, 0.0, 0.0, 0.0, 0.0, 1.0 ], [ 0.809017, -0.309017, 0.5, 0.0, 0.309017, -0.5, -0.809017, 0.0, 0.5, 0.809017, -0.309017, 0.0, 0.0, 0.0, 0.0, 1.0 ], [ 0.809017, 0.309017, -0.5, 0.0, 0.309017, 0.5, 0.809017, 0.0, 0.5, -0.809017, 0.309017, 0.0, 0.0, 0.0, 0.0, 1.0 ], [ 0.5, -0.809017, 0.309017, 0.0, 0.809017, 0.309017, -0.5, 0.0, 0.309017, 0.5, 0.809017, 0.0, 0.0, 0.0, 0.0, 1.0 ], [ 0.309017, 0.5, 0.809017, 0.0, 0.5, -0.809017, 0.309017, 0.0, 0.809017, 0.309017, -0.5, 0.0, 0.0, 0.0, 0.0, 1.0 ], [ 1.0, 0.0, 0.0, 0.0, 0.0, -1.0, 0.0, 0.0, 0.0, 0.0, -1.0, 0.0, 0.0, 0.0, 0.0, 1.0 ], [ 0.0, 0.0, 1.0, 0.0, -1.0, 0.0, 0.0, 0.0, 0.0, -1.0, 0.0, 0.0, 0.0, 0.0, 0.0, 1.0 ], [ 0.0, 1.0, 0.0, 0.0, 0.0, 0.0, -1.0, 0.0, -1.0, 0.0, 0.0, 0.0, 0.0, 0.0, 0.0, 1.0 ], [ 0.809017, 0.309017, 0.5, 0.0, -0.309017, -0.5, 0.809017, 0.0, 0.5, -0.809017, -0.309017, 0.0, 0.0, 0.0, 0.0, 1.0 ], [ -0.5, 0.809017, 0.309017, 0.0, -0.809017, -0.309017, -0.5, 0.0, -0.309017, -0.5, 0.809017, 0.0, 0.0, 0.0, 0.0, 1.0 ], [ 0.309017, 0.5, -0.809017, 0.0, 0.5, -0.809017, -0.309017, 0.0, -0.809017, -0.309017, -0.5, 0.0, 0.0, 0.0, 0.0, 1.0 ], [ 0.5, 0.809017, 0.309017, 0.0, -0.809017, 0.309017, 0.5, 0.0, 0.309017, -0.5, 0.809017, 0.0, 0.0, 0.0, 0.0, 1.0 ], [ -0.309017, 0.5, -0.809017, 0.0, -0.5, -0.809017, -0.309017, 0.0, -0.809017, 0.309017, 0.5, 0.0, 0.0, 0.0, 0.0, 1.0 ], [ 0.809017, -0.309017, -0.5, 0.0, 0.309017, -0.5, 0.809017, 0.0, -0.5, -0.809017, -0.309017, 0.0, 0.0, 0.0, 0.0, 1.0 ], [ 0.5, 0.809017, -0.309017, 0.0, -0.809017, 0.309017, -0.5, 0.0, -0.309017, 0.5, 0.809017, 0.0, 0.0, 0.0, 0.0, 1.0 ], [ 0.309017, -0.5, -0.809017, 0.0, -0.5, -0.809017, 0.309017, 0.0, -0.809017, 0.309017, -0.5, 0.0, 0.0, 0.0, 0.0, 1.0 ], [ 0.809017, -0.309017, 0.5, 0.0, -0.309017, 0.5, 0.809017, 0.0, -0.5, -0.809017, 0.309017, 0.0, 0.0, 0.0, 0.0, 1.0 ], [ 0.809017, 0.309017, -0.5, 0.0, -0.309017, -0.5, -0.809017, 0.0, -0.5, 0.809017, -0.309017, 0.0, 0.0, 0.0, 0.0, 1.0 ], [ 0.5, -0.809017, 0.309017, 0.0, -0.809017, -0.309017, 0.5, 0.0, -0.309017, -0.5, -0.809017, 0.0, 0.0, 0.0, 0.0, 1.0 ], [ 0.309017, 0.5, 0.809017, 0.0, -0.5, 0.809017, -0.309017, 0.0, -0.809017, -0.309017, 0.5, 0.0, 0.0, 0.0, 0.0, 1.0 ], [ -1.0, 0.0, 0.0, 0.0, 0.0, -1.0, 0.0, 0.0, 0.0, 0.0, 1.0, 0.0, 0.0, 0.0, 0.0, 1.0 ], [ 0.0, 0.0, -1.0, 0.0, -1.0, 0.0, 0.0, 0.0, 0.0, 1.0, 0.0, 0.0, 0.0, 0.0, 0.0, 1.0 ], [ 0.0, -1.0, 0.0, 0.0, 0.0, 0.0, -1.0, 0.0, 1.0, 0.0, 0.0, 0.0, 0.0, 0.0, 0.0, 1.0 ], [ -0.809017, -0.309017, -0.5, 0.0, -0.309017, -0.5, 0.809017, 0.0, -0.5, 0.809017, 0.309017, 0.0, 0.0, 0.0, 0.0, 1.0 ], [ 0.5, -0.809017, -0.309017, 0.0, -0.809017, -0.309017, -0.5, 0.0, 0.309017, 0.5, -0.809017, 0.0, 0.0, 0.0, 0.0, 1.0 ], [ -0.309017, -0.5, 0.809017, 0.0, 0.5, -0.809017, -0.309017, 0.0, 0.809017, 0.309017, 0.5, 0.0, 0.0, 0.0, 0.0, 1.0 ], [ -0.5, -0.809017, -0.309017, 0.0, -0.809017, 0.309017, 0.5, 0.0, -0.309017, 0.5, -0.809017, 0.0, 0.0, 0.0, 0.0, 1.0 ], [ 0.309017, -0.5, 0.809017, 0.0, -0.5, -0.809017, -0.309017, 0.0, 0.809017, -0.309017, -0.5, 0.0, 0.0, 0.0, 0.0, 1.0 ], [ -0.809017, 0.309017, 0.5, 0.0, 0.309017, -0.5, 0.809017, 0.0, 0.5, 0.809017, 0.309017, 0.0, 0.0, 0.0, 0.0, 1.0 ], [ -0.5, -0.809017, 0.309017, 0.0, -0.809017, 0.309017, -0.5, 0.0, 0.309017, -0.5, -0.809017, 0.0, 0.0, 0.0, 0.0, 1.0 ], [ -0.309017, 0.5, 0.809017, 0.0, -0.5, -0.809017, 0.309017, 0.0, 0.809017, -0.309017, 0.5, 0.0, 0.0, 0.0, 0.0, 1.0 ], [ -0.809017, 0.309017, -0.5, 0.0, -0.309017, 0.5, 0.809017, 0.0, 0.5, 0.809017, -0.309017, 0.0, 0.0, 0.0, 0.0, 1.0 ], [ -0.809017, -0.309017, 0.5, 0.0, -0.309017, -0.5, -0.809017, 0.0, 0.5, -0.809017, 0.309017, 0.0, 0.0, 0.0, 0.0, 1.0 ], [ -0.5, 0.809017, -0.309017, 0.0, -0.809017, -0.309017, 0.5, 0.0, 0.309017, 0.5, 0.809017, 0.0, 0.0, 0.0, 0.0, 1.0 ], [ -0.309017, -0.5, -0.809017, 0.0, -0.5, 0.809017, -0.309017, 0.0, 0.809017, 0.309017, -0.5, 0.0, 0.0, 0.0, 0.0, 1.0 ], [ -1.0, 0.0, 0.0, 0.0, 0.0, 1.0, 0.0, 0.0, 0.0, 0.0, -1.0, 0.0, 0.0, 0.0, 0.0, 1.0 ], [ 0.0, 0.0, -1.0, 0.0, 1.0, 0.0, 0.0, 0.0, 0.0, -1.0, 0.0, 0.0, 0.0, 0.0, 0.0, 1.0 ], [ 0.0, -1.0, 0.0, 0.0, 0.0, 0.0, 1.0, 0.0, -1.0, 0.0, 0.0, 0.0, 0.0, 0.0, 0.0, 1.0 ], [ -0.809017, -0.309017, -0.5, 0.0, 0.309017, 0.5, -0.809017, 0.0, 0.5, -0.809017, -0.309017, 0.0, 0.0, 0.0, 0.0, 1.0 ], [ 0.5, -0.809017, -0.309017, 0.0, 0.809017, 0.309017, 0.5, 0.0, -0.309017, -0.5, 0.809017, 0.0, 0.0, 0.0, 0.0, 1.0 ], [ -0.309017, -0.5, 0.809017, 0.0, -0.5, 0.809017, 0.309017, 0.0, -0.809017, -0.309017, -0.5, 0.0, 0.0, 0.0, 0.0, 1.0 ], [ -0.5, -0.809017, -0.309017, 0.0, 0.809017, -0.309017, -0.5, 0.0, 0.309017, -0.5, 0.809017, 0.0, 0.0, 0.0, 0.0, 1.0 ], [ 0.309017, -0.5, 0.809017, 0.0, 0.5, 0.809017, 0.309017, 0.0, -0.809017, 0.309017, 0.5, 0.0, 0.0, 0.0, 0.0, 1.0 ], [ -0.809017, 0.309017, 0.5, 0.0, -0.309017, 0.5, -0.809017, 0.0, -0.5, -0.809017, -0.309017, 0.0, 0.0, 0.0, 0.0, 1.0 ], [ -0.5, -0.809017, 0.309017, 0.0, 0.809017, -0.309017, 0.5, 0.0, -0.309017, 0.5, 0.809017, 0.0, 0.0, 0.0, 0.0, 1.0 ], [ -0.309017, 0.5, 0.809017, 0.0, 0.5, 0.809017, -0.309017, 0.0, -0.809017, 0.309017, -0.5, 0.0, 0.0, 0.0, 0.0, 1.0 ], [ -0.809017, 0.309017, -0.5, 0.0, 0.309017, -0.5, -0.809017, 0.0, -0.5, -0.809017, 0.309017, 0.0, 0.0, 0.0, 0.0, 1.0 ], [ -0.809017, -0.309017, 0.5, 0.0, 0.309017, 0.5, 0.809017, 0.0, -0.5, 0.809017, -0.309017, 0.0, 0.0, 0.0, 0.0, 1.0 ], [ -0.5, 0.809017, -0.309017, 0.0, 0.809017, 0.309017, -0.5, 0.0, -0.309017, -0.5, -0.809017, 0.0, 0.0, 0.0, 0.0, 1.0 ], [ -0.309017, -0.5, -0.809017, 0.0, 0.5, -0.809017, 0.309017, 0.0, -0.809017, -0.309017, 0.5, 0.0, 0.0, 0.0, 0.0, 1.0 ] ],
  "lights" : {
    "ambientColor" : "#292929",
    "backgroundColor" : "#AFC8DC",
    "directionalLights" : [ {
      "direction" : [ 1.0, -1.0, -1.0 ],
      "color" : "#EBEBE4"
    }, {
      "direction" : [ -1.0, 0.0, 0.0 ],
      "color" : "#E4E4EB"
    }, {
      "direction" : [ 0.0, 0.0, -1.0 ],
      "color" : "#1E1E1E"
    } ]
  },
  "camera" : {
    "lookDirection" : {
      "x" : -0.4660966,
      "y" : -0.33225194,
      "z" : 0.8199769
    },
    "upDirection" : {
      "x" : -0.51728576,
      "y" : 0.85422575,
      "z" : 0.052090857
    },
    "lookAtPoint" : {
      "x" : 0.0,
      "y" : 0.0,
      "z" : 0.0
    },
    "viewDistance" : 726.9659,
    "nearClipDistance" : 1.8174155,
    "farClipDistance" : 1453.9321,
    "fieldOfView" : 0.44262895,
    "perspective" : true,
    "stereo" : false,
    "width" : 327.1347,
    "position" : {
      "x" : 338.83633,
      "y" : 241.53583,
      "z" : -596.0953
    }
  },
  "embedding" : [ 1.0, 0.0, 0.0, 0.0, 0.0, 1.0, 0.0, 0.0, 0.0, 0.0, 1.0, 0.0, 0.0, 0.0, 0.0, 1.0 ],
  "shapes" : [ {
    "id" : "22e88d55-1d8d-4ec6-b093-0119d34988a8",
    "vertices" : [ {
      "x" : 0.0,
      "y" : 0.0,
      "z" : 0.0
    }, {
      "x" : -2.236068,
      "y" : 3.618034,
      "z" : 1.381966
    }, {
      "x" : -2.236068,
      "y" : 3.618034,
      "z" : 5.854102
    }, {
      "x" : 0.0,
      "y" : 0.0,
      "z" : 7.236068
    }, {
      "x" : 1.381966,
      "y" : -2.236068,
      "z" : 3.618034
    } ],
    "faces" : [ {
      "vertices" : [ 0, 1, 2, 3, 4 ]
    }, {
      "vertices" : [ 0, 4, 3, 2, 1 ]
    } ]
  }, {
    "id" : "a79f1049-4c3a-4562-805d-da1ba484dd7f",
    "vertices" : [ {
      "x" : 0.0,
      "y" : 0.0,
      "z" : 0.0
    }, {
      "x" : -0.38196602,
      "y" : 0.0,
      "z" : -1.381966
    }, {
      "x" : -1.236068,
      "y" : 1.381966,
      "z" : -3.618034
    }, {
      "x" : -1.236068,
      "y" : 8.683282,
      "z" : 0.8944272
    } ],
    "faces" : [ {
      "vertices" : [ 0, 1, 2, 3 ]
    }, {
      "vertices" : [ 0, 3, 2, 1 ]
    } ]
  }, {
    "id" : "8b9e1272-c0e7-445e-97a6-13f09b6478bf",
    "vertices" : [ {
      "x" : 0.0,
      "y" : 0.0,
      "z" : 0.0
    }, {
      "x" : 1.381966,
      "y" : -2.236068,
      "z" : 3.618034
    }, {
      "x" : -0.85410196,
      "y" : -2.0,
      "z" : 0.14589803
    } ],
    "faces" : [ {
      "vertices" : [ 0, 1, 2 ]
    }, {
      "vertices" : [ 0, 2, 1 ]
    } ]
  }, {
    "id" : "8c676b5d-2b79-4a97-a5ec-b9196a39f2a6",
    "vertices" : [ {
      "x" : 0.0,
      "y" : 0.0,
      "z" : 0.0
    }, {
      "x" : 4.236068,
      "y" : -15.326238,
      "z" : -11.09017
    }, {
      "x" : 1.618034,
      "y" : -11.09017,
      "z" : -17.944271
    } ],
    "faces" : [ {
      "vertices" : [ 0, 1, 2 ]
    }, {
      "vertices" : [ 0, 2, 1 ]
    } ]
  }, {
    "id" : "fa2cb01b-0566-4e66-8fb7-306cf141b020",
    "vertices" : [ {
      "x" : 0.0,
      "y" : 0.0,
      "z" : 0.0
    }, {
      "x" : -6.854102,
      "y" : 2.618034,
      "z" : -17.944271
    }, {
      "x" : -4.236068,
      "y" : 6.854102,
      "z" : -11.09017
    } ],
    "faces" : [ {
      "vertices" : [ 0, 1, 2 ]
    }, {
      "vertices" : [ 0, 2, 1 ]
    } ]
  }, {
    "id" : "bcfcfc0f-71ae-414a-ba6e-6490af91ba06",
    "vertices" : [ {
      "x" : 0.0,
      "y" : 0.0,
      "z" : 0.0
    }, {
      "x" : 0.0,
      "y" : -0.47213596,
      "z" : -1.236068
    }, {
      "x" : -0.38196602,
      "y" : 0.76393205,
      "z" : -0.618034
    } ],
    "faces" : [ {
      "vertices" : [ 0, 1, 2 ]
    }, {
      "vertices" : [ 0, 2, 1 ]
    } ]
  }, {
    "id" : "b4209916-11ad-4348-8bab-4217a7d9ff80",
    "vertices" : [ {
      "x" : 0.0,
      "y" : 0.0,
      "z" : 0.0
    }, {
      "x" : 0.0,
      "y" : -7.301316,
      "z" : -4.512461
    }, {
      "x" : -0.38196602,
      "y" : -6.0652475,
      "z" : -5.130495
    }, {
      "x" : -1.618034,
      "y" : 2.618034,
      "z" : -4.236068
    } ],
    "faces" : [ {
      "vertices" : [ 0, 1, 2, 3 ]
    }, {
      "vertices" : [ 0, 3, 2, 1 ]
    } ]
  }, {
    "id" : "34a10b6a-f5ed-4c9e-bf83-4b94cb58b163",
    "vertices" : [ {
      "x" : 0.0,
      "y" : 0.0,
      "z" : 0.0
    }, {
      "x" : 20.562305,
      "y" : 2.618034,
      "z" : 4.236068
    }, {
      "x" : 20.562305,
      "y" : 2.618034,
      "z" : -4.236068
    } ],
    "faces" : [ {
      "vertices" : [ 0, 1, 2 ]
    }, {
      "vertices" : [ 0, 2, 1 ]
    } ]
  }, {
    "id" : "2cd2e6c9-280a-4ed3-b300-577701a77cd4",
    "vertices" : [ {
      "x" : 0.0,
      "y" : 0.0,
      "z" : 0.0
    }, {
      "x" : 0.23606798,
      "y" : -1.0,
      "z" : -1.0
    }, {
      "x" : -0.23606798,
      "y" : 0.23606798,
      "z" : -1.0
    } ],
    "faces" : [ {
      "vertices" : [ 0, 1, 2 ]
    }, {
      "vertices" : [ 0, 2, 1 ]
    } ]
  }, {
    "id" : "f097742e-d67c-47a6-b15c-25786f7bfc52",
    "vertices" : [ {
      "x" : 0.0,
      "y" : 0.0,
      "z" : 0.0
    }, {
      "x" : 17.944271,
      "y" : -6.854102,
      "z" : 2.618034
    }, {
      "x" : 4.236068,
      "y" : -6.854102,
      "z" : -11.09017
    } ],
    "faces" : [ {
      "vertices" : [ 0, 1, 2 ]
    }, {
      "vertices" : [ 0, 2, 1 ]
    } ]
  }, {
    "id" : "df67f4d0-971f-496c-8b05-24081c3d1075",
    "vertices" : [ {
      "x" : 0.0,
      "y" : 0.0,
      "z" : 0.0
    }, {
      "x" : 2.236068,
      "y" : 0.23606798,
      "z" : 2.236068
    }, {
      "x" : 0.85410196,
      "y" : -1.381966,
      "z" : 2.236068
    } ],
    "faces" : [ {
      "vertices" : [ 0, 1, 2 ]
    }, {
      "vertices" : [ 0, 2, 1 ]
    } ]
  }, {
    "id" : "4971846b-ae23-4e21-90cf-a45710becd86",
    "vertices" : [ {
      "x" : 0.0,
      "y" : 0.0,
      "z" : 0.0
    }, {
      "x" : 0.76393205,
      "y" : -0.76393205,
      "z" : -0.76393205
    }, {
      "x" : -0.85410196,
      "y" : -2.0,
      "z" : -0.14589803
    } ],
    "faces" : [ {
      "vertices" : [ 0, 1, 2 ]
    }, {
      "vertices" : [ 0, 2, 1 ]
    } ]
  }, {
    "id" : "9120c0f0-b85c-4c7d-b660-d7ad48e9e99b",
    "vertices" : [ {
      "x" : 0.0,
      "y" : 0.0,
      "z" : 0.0
    }, {
      "x" : -2.618034,
      "y" : 4.236068,
      "z" : -6.854102
    }, {
      "x" : -6.854102,
      "y" : 19.562305,
      "z" : 4.236068
    } ],
    "faces" : [ {
      "vertices" : [ 0, 1, 2 ]
    }, {
      "vertices" : [ 0, 2, 1 ]
    } ]
  }, {
    "id" : "1e9940ce-074e-42b9-a1c8-fd039da7af4e",
    "vertices" : [ {
      "x" : 0.0,
      "y" : 0.0,
      "z" : 0.0
    }, {
      "x" : -2.618034,
      "y" : 4.236068,
      "z" : -1.618034
    }, {
      "x" : -3.7888544,
      "y" : 6.130495,
      "z" : 0.0
    }, {
      "x" : 0.4472136,
      "y" : -0.7236068,
      "z" : 2.618034
    } ],
    "faces" : [ {
      "vertices" : [ 0, 1, 2, 3 ]
    }, {
      "vertices" : [ 0, 3, 2, 1 ]
    } ]
  }, {
    "id" : "4a8554d5-d573-4ec1-b14f-87be22dfd3bb",
    "vertices" : [ {
      "x" : 0.0,
      "y" : 0.0,
      "z" : 0.0
    }, {
      "x" : 0.0,
      "y" : 0.0,
      "z" : -5.236068
    }, {
      "x" : -1.1708204,
      "y" : 1.8944272,
      "z" : -6.854102
    }, {
      "x" : -1.1708204,
      "y" : 1.8944272,
      "z" : 1.618034
    } ],
    "faces" : [ {
      "vertices" : [ 0, 1, 2, 3 ]
    }, {
      "vertices" : [ 0, 3, 2, 1 ]
    } ]
  }, {
    "id" : "b8aeec25-f748-4705-a858-da47e77fa2b1",
    "vertices" : [ {
      "x" : 0.0,
      "y" : 0.0,
      "z" : 0.0
    }, {
      "x" : 1.618034,
      "y" : -2.618034,
      "z" : 4.236068
    }, {
      "x" : 3.0652475,
      "y" : -4.959675,
      "z" : 4.236068
    }, {
      "x" : 0.4472136,
      "y" : -0.7236068,
      "z" : -2.618034
    } ],
    "faces" : [ {
      "vertices" : [ 0, 1, 2, 3 ]
    }, {
      "vertices" : [ 0, 3, 2, 1 ]
    } ]
  }, {
    "id" : "14152929-a644-404c-95cf-ef66acbefa08",
    "vertices" : [ {
      "x" : 0.0,
      "y" : 0.0,
      "z" : 0.0
    }, {
      "x" : 0.14589803,
      "y" : -3.618034,
      "z" : -2.0
    }, {
      "x" : 0.76393205,
      "y" : -0.76393205,
      "z" : -0.76393205
    } ],
    "faces" : [ {
      "vertices" : [ 0, 1, 2 ]
    }, {
      "vertices" : [ 0, 2, 1 ]
    } ]
  }, {
    "id" : "65ae541c-f12d-4975-b45e-03821e1e85c0",
    "orbit" : "blue",
    "name" : " :-3 +2*phi",
    "vertices" : [ {
      "x" : 1.0,
      "y" : 0.309017,
      "z" : 0.19098301
    }, {
      "x" : 1.0,
      "y" : 0.309017,
      "z" : -0.19098301
    }, {
      "x" : 1.0,
      "y" : 0.309017,
      "z" : -0.19098301
    }, {
      "x" : 1.0,
      "y" : 0.309017,
      "z" : 0.19098301
    }, {
      "x" : 1.0,
      "y" : -0.309017,
      "z" : 0.19098301
    }, {
      "x" : 1.0,
      "y" : -0.309017,
      "z" : 0.19098301
    }, {
      "x" : 1.0,
      "y" : -0.309017,
      "z" : -0.19098301
    }, {
      "x" : 1.0,
      "y" : -0.309017,
      "z" : -0.19098301
    }, {
      "x" : 2.0,
      "y" : 0.0,
      "z" : 0.0
    } ],
    "faces" : [ {
      "vertices" : [ 1, 7, 6, 2 ]
    }, {
      "vertices" : [ 0, 1, 2, 3 ]
    }, {
      "vertices" : [ 4, 5, 6, 7 ]
    }, {
      "vertices" : [ 0, 3, 5, 4 ]
    } ]
  }, {
    "id" : "3819f8bb-92f3-4ede-a123-1f92e9b6ef25",
    "vertices" : [ {
      "x" : 0.0,
      "y" : 0.0,
      "z" : 0.0
    }, {
      "x" : -1.381966,
      "y" : 2.236068,
      "z" : -3.618034
    }, {
      "x" : -3.618034,
      "y" : 5.854102,
      "z" : -2.236068
    }, {
      "x" : -3.618034,
      "y" : 5.854102,
      "z" : 2.236068
    }, {
      "x" : -1.381966,
      "y" : 2.236068,
      "z" : 3.618034
    } ],
    "faces" : [ {
      "vertices" : [ 0, 1, 2, 3, 4 ]
    }, {
      "vertices" : [ 0, 4, 3, 2, 1 ]
    } ]
  }, {
    "id" : "2ba1c3b0-2890-40b8-8e1d-6635b69322fd",
    "vertices" : [ {
      "x" : 0.0,
      "y" : 0.0,
      "z" : 0.0
    }, {
      "x" : 0.0,
      "y" : 8.472136,
      "z" : 0.0
    }, {
      "x" : 30.652475,
      "y" : 8.472136,
      "z" : 80.24922
    }, {
      "x" : 30.652475,
      "y" : 0.0,
      "z" : 80.24922
    } ],
    "faces" : [ {
      "vertices" : [ 0, 1, 2, 3 ]
    }, {
      "vertices" : [ 0, 3, 2, 1 ]
    } ]
  }, {
    "id" : "5655409b-3018-4889-a67e-68e6ebbfc4ec",
    "vertices" : [ {
      "x" : 0.0,
      "y" : 0.0,
      "z" : 0.0
    }, {
      "x" : 4.236068,
      "y" : -6.854102,
      "z" : 11.09017
    }, {
      "x" : 4.236068,
      "y" : -15.326238,
      "z" : 11.09017
    } ],
    "faces" : [ {
      "vertices" : [ 0, 1, 2 ]
    }, {
      "vertices" : [ 0, 2, 1 ]
    } ]
  }, {
    "id" : "42864490-26e9-4086-930d-19107b8f7f95",
    "vertices" : [ {
      "x" : 0.0,
      "y" : 0.0,
      "z" : 0.0
    }, {
      "x" : -1.618034,
      "y" : 2.618034,
      "z" : 4.236068
    }, {
      "x" : -1.1708204,
      "y" : 1.8944272,
      "z" : 6.854102
    }, {
      "x" : 1.4472136,
      "y" : -2.3416407,
      "z" : 0.0
    } ],
    "faces" : [ {
      "vertices" : [ 0, 1, 2, 3 ]
    }, {
      "vertices" : [ 0, 3, 2, 1 ]
    } ]
  }, {
    "id" : "53dbe8ca-3eb5-4442-b4ba-a80032a1ef94",
    "vertices" : [ {
      "x" : 0.0,
      "y" : 0.0,
      "z" : 0.0
    }, {
      "x" : 0.0,
      "y" : 0.0,
      "z" : -13.708204
    }, {
      "x" : 0.0,
      "y" : 80.24922,
      "z" : -44.36068
    }, {
      "x" : 0.0,
      "y" : 80.24922,
      "z" : -30.652475
    } ],
    "faces" : [ {
      "vertices" : [ 0, 1, 2, 3 ]
    }, {
      "vertices" : [ 0, 3, 2, 1 ]
    } ]
  }, {
    "id" : "486386fb-9596-47a2-82de-084b55f4b25e",
    "vertices" : [ {
      "x" : 0.0,
      "y" : 0.0,
      "z" : 0.0
    }, {
      "x" : -4.236068,
      "y" : 6.854102,
      "z" : 11.09017
    }, {
      "x" : 13.708204,
      "y" : 0.0,
      "z" : 13.708204
    } ],
    "faces" : [ {
      "vertices" : [ 0, 1, 2 ]
    }, {
      "vertices" : [ 0, 2, 1 ]
    } ]
  }, {
    "id" : "a030cb60-8f42-409b-83bc-4799f4cf4c60",
    "vertices" : [ {
      "x" : 0.0,
      "y" : 0.0,
      "z" : 0.0
    }, {
      "x" : 15.326238,
      "y" : 74.39512,
      "z" : 40.12461
    }, {
      "x" : 17.944271,
      "y" : 70.15905,
      "z" : 46.978714
    }, {
      "x" : 2.618034,
      "y" : -4.236068,
      "z" : 6.854102
    } ],
    "faces" : [ {
      "vertices" : [ 0, 1, 2, 3 ]
    }, {
      "vertices" : [ 0, 3, 2, 1 ]
    } ]
  }, {
    "id" : "30e61317-a2ad-45af-a246-a4e3b591addd",
    "vertices" : [ {
      "x" : 0.0,
      "y" : 0.0,
      "z" : 0.0
    }, {
      "x" : 2.618034,
      "y" : -4.236068,
      "z" : -1.618034
    }, {
      "x" : 3.0652475,
      "y" : -4.959675,
      "z" : -4.236068
    }, {
      "x" : -1.1708204,
      "y" : 1.8944272,
      "z" : -1.618034
    } ],
    "faces" : [ {
      "vertices" : [ 0, 1, 2, 3 ]
    }, {
      "vertices" : [ 0, 3, 2, 1 ]
    } ]
  }, {
    "id" : "44ff70dd-bf58-4c2c-a70e-82ee55a46bae",
    "vertices" : [ {
      "x" : 0.0,
      "y" : 0.0,
      "z" : 0.0
    }, {
      "x" : -2.618034,
      "y" : 4.236068,
      "z" : -6.854102
    }, {
      "x" : -2.618034,
      "y" : 17.944271,
      "z" : -6.854102
    } ],
    "faces" : [ {
      "vertices" : [ 0, 1, 2 ]
    }, {
      "vertices" : [ 0, 2, 1 ]
    } ]
  }, {
    "id" : "64563569-b64d-4705-b602-464679495957",
    "vertices" : [ {
      "x" : 0.0,
      "y" : 0.0,
      "z" : 0.0
    }, {
      "x" : 0.0,
      "y" : 13.708204,
      "z" : 0.0
    }, {
      "x" : 2.618034,
      "y" : 17.944271,
      "z" : 6.854102
    } ],
    "faces" : [ {
      "vertices" : [ 0, 1, 2 ]
    }, {
      "vertices" : [ 0, 2, 1 ]
    } ]
  }, {
    "id" : "ec3b5ece-0d50-4e4b-99a6-c90471a080de",
    "vertices" : [ {
      "x" : 0.0,
      "y" : 0.0,
      "z" : 0.0
    }, {
      "x" : 6.854102,
      "y" : -19.562305,
      "z" : -4.236068
    }, {
      "x" : 4.236068,
      "y" : -15.326238,
      "z" : -11.09017
    } ],
    "faces" : [ {
      "vertices" : [ 0, 1, 2 ]
    }, {
      "vertices" : [ 0, 2, 1 ]
    } ]
  }, {
    "id" : "b5fcee3d-23da-43f5-81d9-69305c8a8e53",
    "vertices" : [ {
      "x" : 0.0,
      "y" : 0.0,
      "z" : 0.0
    }, {
      "x" : -20.562305,
      "y" : -2.618034,
      "z" : 4.236068
    }, {
      "x" : 0.0,
      "y" : 0.0,
      "z" : 8.472136
    } ],
    "faces" : [ {
      "vertices" : [ 0, 1, 2 ]
    }, {
      "vertices" : [ 0, 2, 1 ]
    } ]
  }, {
    "id" : "db2b1bbd-0d0d-40c2-a6dc-2d191f291894",
    "vertices" : [ {
      "x" : 0.0,
      "y" : 0.0,
      "z" : 0.0
    }, {
      "x" : 0.0,
      "y" : 80.24922,
      "z" : 30.652475
    }, {
      "x" : 0.0,
      "y" : 80.24922,
      "z" : 44.36068
    }, {
      "x" : 0.0,
      "y" : 0.0,
      "z" : 13.708204
    } ],
    "faces" : [ {
      "vertices" : [ 0, 1, 2, 3 ]
    }, {
      "vertices" : [ 0, 3, 2, 1 ]
    } ]
  }, {
    "id" : "0f5d86db-12db-4a5f-98cb-942a3319baa1",
    "vertices" : [ {
      "x" : 0.0,
      "y" : 0.0,
      "z" : 0.0
    }, {
      "x" : 0.0,
      "y" : 0.0,
      "z" : 13.708204
    }, {
      "x" : 0.0,
      "y" : -8.472136,
      "z" : 13.708204
    }, {
      "x" : 0.0,
      "y" : -8.472136,
      "z" : 0.0
    } ],
    "faces" : [ {
      "vertices" : [ 0, 1, 2, 3 ]
    }, {
      "vertices" : [ 0, 3, 2, 1 ]
    } ]
  }, {
    "id" : "17d39174-c777-4bb4-a270-ebcf1c1f263a",
    "vertices" : [ {
      "x" : 0.0,
      "y" : 0.0,
      "z" : 0.0
    }, {
      "x" : -13.708204,
      "y" : 0.0,
      "z" : -13.708204
    }, {
      "x" : -17.944271,
      "y" : 6.854102,
      "z" : -2.618034
    } ],
    "faces" : [ {
      "vertices" : [ 0, 1, 2 ]
    }, {
      "vertices" : [ 0, 2, 1 ]
    } ]
  }, {
    "id" : "a04dbfe3-0ccb-41d2-9591-0c28f4512f01",
    "vertices" : [ {
      "x" : 0.0,
      "y" : 0.0,
      "z" : 0.0
    }, {
      "x" : 0.0,
      "y" : -8.472136,
      "z" : 0.0
    }, {
      "x" : 0.0,
      "y" : -8.472136,
      "z" : -13.708204
    }, {
      "x" : 0.0,
      "y" : 0.0,
      "z" : -13.708204
    } ],
    "faces" : [ {
      "vertices" : [ 0, 1, 2, 3 ]
    }, {
      "vertices" : [ 0, 3, 2, 1 ]
    } ]
  } ],
  "instances" : [ {
    "shape" : "22e88d55-1d8d-4ec6-b093-0119d34988a8",
    "color" : "#D77F7F",
    "position" : {
      "x" : 142.55417,
      "y" : 50.832817,
      "z" : -176.40828
    },
    "orientation" : 0
  }, {
    "shape" : "a79f1049-4c3a-4562-805d-da1ba484dd7f",
    "color" : "#EDA57F",
    "position" : {
      "x" : 137.70007,
      "y" : 53.45085,
      "z" : -202.82469
    },
    "orientation" : 51
  }, {
    "shape" : "8b9e1272-c0e7-445e-97a6-13f09b6478bf",
    "color" : "#FFFFFF",
    "position" : {
      "x" : 142.55417,
      "y" : 50.832817,
      "z" : -153.464
    },
    "orientation" : 9
  }, {
    "shape" : "8c676b5d-2b79-4a97-a5ec-b9196a39f2a6",
    "color" : "#7FC69A",
    "position" : {
      "x" : 116.137764,
      "y" : 37.506577,
      "z" : -177.0263
    },
    "orientation" : 25
  }, {
    "shape" : "a79f1049-4c3a-4562-805d-da1ba484dd7f",
    "color" : "#EDA57F",
    "position" : {
      "x" : 140.70007,
      "y" : 48.59675,
      "z" : -18.944271
    },
    "orientation" : 25
  }, {
    "shape" : "fa2cb01b-0566-4e66-8fb7-306cf141b020",
    "color" : "#F7CF7F",
    "position" : {
      "x" : 116.137764,
      "y" : 51.214783,
      "z" : -42.888542
    },
    "orientation" : 7
  }, {
    "shape" : "bcfcfc0f-71ae-414a-ba6e-6490af91ba06",
    "color" : "#7FC69A",
    "position" : {
      "x" : 140.464,
      "y" : 50.832817,
      "z" : -152.84598
    },
    "orientation" : 35
  }, {
    "shape" : "b4209916-11ad-4348-8bab-4217a7d9ff80",
    "color" : "#EDA57F",
    "position" : {
      "x" : 16.77345,
      "y" : 15.602632,
      "z" : -188.49844
    },
    "orientation" : 4
  }, {
    "shape" : "34a10b6a-f5ed-4c9e-bf83-4b94cb58b163",
    "color" : "#FFFFFF",
    "position" : {
      "x" : 136.70007,
      "y" : 40.12461,
      "z" : -31.416409
    },
    "orientation" : 30
  }, {
    "shape" : "2cd2e6c9-280a-4ed3-b300-577701a77cd4",
    "color" : "#7FC69A",
    "position" : {
      "x" : 10.472136,
      "y" : 10.854102,
      "z" : 1.0
    },
    "orientation" : 1
  }, {
    "shape" : "8c676b5d-2b79-4a97-a5ec-b9196a39f2a6",
    "color" : "#7FC69A",
    "position" : {
      "x" : 35.888542,
      "y" : 20.562305,
      "z" : -145.60991
    },
    "orientation" : 55
  }, {
    "shape" : "2cd2e6c9-280a-4ed3-b300-577701a77cd4",
    "color" : "#7FC69A",
    "position" : {
      "x" : 137.70007,
      "y" : 53.45085,
      "z" : -108.57546
    },
    "orientation" : 48
  }, {
    "shape" : "f097742e-d67c-47a6-b15c-25786f7bfc52",
    "color" : "#BA7F98",
    "position" : {
      "x" : 116.137764,
      "y" : 51.214783,
      "z" : -114.1935
    },
    "orientation" : 26
  }, {
    "shape" : "8c676b5d-2b79-4a97-a5ec-b9196a39f2a6",
    "color" : "#7FC69A",
    "position" : {
      "x" : 35.888542,
      "y" : 20.562305,
      "z" : -177.0263
    },
    "orientation" : 55
  }, {
    "shape" : "2cd2e6c9-280a-4ed3-b300-577701a77cd4",
    "color" : "#7FC69A",
    "position" : {
      "x" : 138.3181,
      "y" : 52.45085,
      "z" : -18.708204
    },
    "orientation" : 56
  }, {
    "shape" : "df67f4d0-971f-496c-8b05-24081c3d1075",
    "color" : "#FFFFFF",
    "position" : {
      "x" : 12.326238,
      "y" : 6.472136,
      "z" : -12.236068
    },
    "orientation" : 39
  }, {
    "shape" : "4971846b-ae23-4e21-90cf-a45710becd86",
    "color" : "#FFFFFF",
    "position" : {
      "x" : 10.326238,
      "y" : 9.236068,
      "z" : -19.18034
    },
    "orientation" : 0
  }, {
    "shape" : "9120c0f0-b85c-4c7d-b660-d7ad48e9e99b",
    "color" : "#7FC69A",
    "position" : {
      "x" : 15.326238,
      "y" : 17.944271,
      "z" : -172.79024
    },
    "orientation" : 4
  }, {
    "shape" : "b4209916-11ad-4348-8bab-4217a7d9ff80",
    "color" : "#EDA57F",
    "position" : {
      "x" : 131.01678,
      "y" : 49.320354,
      "z" : -175.40828
    },
    "orientation" : 59
  }, {
    "shape" : "bcfcfc0f-71ae-414a-ba6e-6490af91ba06",
    "color" : "#7FC69A",
    "position" : {
      "x" : 13.708204,
      "y" : 3.763932,
      "z" : -171.40828
    },
    "orientation" : 24
  }, {
    "shape" : "a79f1049-4c3a-4562-805d-da1ba484dd7f",
    "color" : "#EDA57F",
    "position" : {
      "x" : 13.708204,
      "y" : 5.618034,
      "z" : -97.24922
    },
    "orientation" : 29
  }, {
    "shape" : "1e9940ce-074e-42b9-a1c8-fd039da7af4e",
    "color" : "#D77F7F",
    "position" : {
      "x" : 18.391485,
      "y" : 12.984597,
      "z" : -105.72136
    },
    "orientation" : 30
  }, {
    "shape" : "4a8554d5-d573-4ec1-b14f-87be22dfd3bb",
    "color" : "#D77F7F",
    "position" : {
      "x" : 131.01678,
      "y" : 49.320354,
      "z" : -91.63119
    },
    "orientation" : 0
  }, {
    "shape" : "b8aeec25-f748-4705-a858-da47e77fa2b1",
    "color" : "#D77F7F",
    "position" : {
      "x" : 18.391485,
      "y" : 12.984597,
      "z" : -145.60991
    },
    "orientation" : 30
  }, {
    "shape" : "14152929-a644-404c-95cf-ef66acbefa08",
    "color" : "#FFFFFF",
    "position" : {
      "x" : 140.464,
      "y" : 50.832817,
      "z" : -105.72136
    },
    "orientation" : 30
  }, {
    "shape" : "df67f4d0-971f-496c-8b05-24081c3d1075",
    "color" : "#FFFFFF",
    "position" : {
      "x" : 10.326238,
      "y" : 9.708204,
      "z" : -143.60991
    },
    "orientation" : 30
  }, {
    "shape" : "8b9e1272-c0e7-445e-97a6-13f09b6478bf",
    "color" : "#FFFFFF",
    "position" : {
      "x" : 11.708204,
      "y" : 3.618034,
      "z" : -44.888542
    },
    "orientation" : 36
  }, {
    "shape" : "4971846b-ae23-4e21-90cf-a45710becd86",
    "color" : "#FFFFFF",
    "position" : {
      "x" : 142.55417,
      "y" : 47.45085,
      "z" : -93.01315
    },
    "orientation" : 33
  }, {
    "shape" : "a79f1049-4c3a-4562-805d-da1ba484dd7f",
    "color" : "#EDA57F",
    "position" : {
      "x" : 137.70007,
      "y" : 53.45085,
      "z" : -45.742645
    },
    "orientation" : 51
  }, {
    "shape" : "14152929-a644-404c-95cf-ef66acbefa08",
    "color" : "#FFFFFF",
    "position" : {
      "x" : 9.472136,
      "y" : 10.618034,
      "z" : -140.13777
    },
    "orientation" : 12
  }, {
    "shape" : "2cd2e6c9-280a-4ed3-b300-577701a77cd4",
    "color" : "#7FC69A",
    "position" : {
      "x" : 12.326238,
      "y" : 7.854102,
      "z" : -137.51973
    },
    "orientation" : 14
  }, {
    "shape" : "b8aeec25-f748-4705-a858-da47e77fa2b1",
    "color" : "#D77F7F",
    "position" : {
      "x" : 18.391485,
      "y" : 12.984597,
      "z" : -161.3181
    },
    "orientation" : 30
  }, {
    "shape" : "65ae541c-f12d-4975-b45e-03821e1e85c0",
    "color" : "#00A0E4",
    "position" : {
      "x" : 134.08205,
      "y" : 44.36068,
      "z" : -55.978714
    },
    "orientation" : 2
  }, {
    "shape" : "a79f1049-4c3a-4562-805d-da1ba484dd7f",
    "color" : "#EDA57F",
    "position" : {
      "x" : 11.326238,
      "y" : 9.472136,
      "z" : -144.60991
    },
    "orientation" : 55
  }, {
    "shape" : "8b9e1272-c0e7-445e-97a6-13f09b6478bf",
    "color" : "#FFFFFF",
    "position" : {
      "x" : 11.708204,
      "y" : 3.618034,
      "z" : -175.0263
    },
    "orientation" : 33
  }, {
    "shape" : "df67f4d0-971f-496c-8b05-24081c3d1075",
    "color" : "#FFFFFF",
    "position" : {
      "x" : 139.55417,
      "y" : 51.832817,
      "z" : -176.17221
    },
    "orientation" : 3
  }, {
    "shape" : "4971846b-ae23-4e21-90cf-a45710becd86",
    "color" : "#FFFFFF",
    "position" : {
      "x" : 140.464,
      "y" : 50.832817,
      "z" : 4.236068
    },
    "orientation" : 36
  }, {
    "shape" : "bcfcfc0f-71ae-414a-ba6e-6490af91ba06",
    "color" : "#7FC69A",
    "position" : {
      "x" : 142.55417,
      "y" : 47.45085,
      "z" : -140.13777
    },
    "orientation" : 37
  }, {
    "shape" : "3819f8bb-92f3-4ede-a123-1f92e9b6ef25",
    "color" : "#D77F7F",
    "position" : {
      "x" : 8.09017,
      "y" : 9.472136,
      "z" : -188.49844
    },
    "orientation" : 30
  }, {
    "shape" : "df67f4d0-971f-496c-8b05-24081c3d1075",
    "color" : "#FFFFFF",
    "position" : {
      "x" : 139.70007,
      "y" : 51.59675,
      "z" : -90.777084
    },
    "orientation" : 9
  }, {
    "shape" : "2ba1c3b0-2890-40b8-8e1d-6635b69322fd",
    "color" : "#F7CF7F",
    "position" : {
      "x" : 35.888542,
      "y" : 20.562305,
      "z" : -161.3181
    },
    "orientation" : 1
  }, {
    "shape" : "5655409b-3018-4889-a67e-68e6ebbfc4ec",
    "color" : "#F7CF7F",
    "position" : {
      "x" : 35.888542,
      "y" : 6.854102,
      "z" : -51.36068
    },
    "orientation" : 22
  }, {
    "shape" : "bcfcfc0f-71ae-414a-ba6e-6490af91ba06",
    "color" : "#7FC69A",
    "position" : {
      "x" : 13.708204,
      "y" : 3.763932,
      "z" : -45.742645
    },
    "orientation" : 24
  }, {
    "shape" : "8b9e1272-c0e7-445e-97a6-13f09b6478bf",
    "color" : "#FFFFFF",
    "position" : {
      "x" : 143.93614,
      "y" : 48.59675,
      "z" : -78.54102
    },
    "orientation" : 12
  }, {
    "shape" : "42864490-26e9-4086-930d-19107b8f7f95",
    "color" : "#D77F7F",
    "position" : {
      "x" : 135.25285,
      "y" : 42.46625,
      "z" : -62.832817
    },
    "orientation" : 0
  }, {
    "shape" : "2cd2e6c9-280a-4ed3-b300-577701a77cd4",
    "color" : "#7FC69A",
    "position" : {
      "x" : 140.70007,
      "y" : 48.59675,
      "z" : -3.236068
    },
    "orientation" : 22
  }, {
    "shape" : "b4209916-11ad-4348-8bab-4217a7d9ff80",
    "color" : "#EDA57F",
    "position" : {
      "x" : 16.77345,
      "y" : 15.602632,
      "z" : -109.95743
    },
    "orientation" : 4
  }, {
    "shape" : "14152929-a644-404c-95cf-ef66acbefa08",
    "color" : "#FFFFFF",
    "position" : {
      "x" : 11.562305,
      "y" : 7.236068,
      "z" : -199.97058
    },
    "orientation" : 0
  }, {
    "shape" : "8b9e1272-c0e7-445e-97a6-13f09b6478bf",
    "color" : "#FFFFFF",
    "position" : {
      "x" : 142.55417,
      "y" : 50.832817,
      "z" : -200.58862
    },
    "orientation" : 9
  }, {
    "shape" : "fa2cb01b-0566-4e66-8fb7-306cf141b020",
    "color" : "#F7CF7F",
    "position" : {
      "x" : 116.137764,
      "y" : 51.214783,
      "z" : -199.97058
    },
    "orientation" : 7
  }, {
    "shape" : "14152929-a644-404c-95cf-ef66acbefa08",
    "color" : "#FFFFFF",
    "position" : {
      "x" : 141.70007,
      "y" : 48.832817,
      "z" : -34.888542
    },
    "orientation" : 39
  }, {
    "shape" : "a79f1049-4c3a-4562-805d-da1ba484dd7f",
    "color" : "#EDA57F",
    "position" : {
      "x" : 14.326238,
      "y" : 4.618034,
      "z" : -155.70007
    },
    "orientation" : 21
  }, {
    "shape" : "bcfcfc0f-71ae-414a-ba6e-6490af91ba06",
    "color" : "#7FC69A",
    "position" : {
      "x" : 142.55417,
      "y" : 47.45085,
      "z" : -45.888542
    },
    "orientation" : 37
  }, {
    "shape" : "df67f4d0-971f-496c-8b05-24081c3d1075",
    "color" : "#FFFFFF",
    "position" : {
      "x" : 139.55417,
      "y" : 51.832817,
      "z" : -129.04759
    },
    "orientation" : 3
  }, {
    "shape" : "53dbe8ca-3eb5-4442-b4ba-a80032a1ef94",
    "color" : "#7FCFF1",
    "position" : {
      "x" : 116.137764,
      "y" : 51.214783,
      "z" : -67.068886
    },
    "orientation" : 47
  }, {
    "shape" : "b4209916-11ad-4348-8bab-4217a7d9ff80",
    "color" : "#EDA57F",
    "position" : {
      "x" : 131.01678,
      "y" : 49.320354,
      "z" : -170.17221
    },
    "orientation" : 51
  }, {
    "shape" : "14152929-a644-404c-95cf-ef66acbefa08",
    "color" : "#FFFFFF",
    "position" : {
      "x" : 142.55417,
      "y" : 47.45085,
      "z" : -140.13777
    },
    "orientation" : 42
  }, {
    "shape" : "1e9940ce-074e-42b9-a1c8-fd039da7af4e",
    "color" : "#D77F7F",
    "position" : {
      "x" : 133.63483,
      "y" : 45.084286,
      "z" : -58.59675
    },
    "orientation" : 0
  }, {
    "shape" : "bcfcfc0f-71ae-414a-ba6e-6490af91ba06",
    "color" : "#7FC69A",
    "position" : {
      "x" : 138.3181,
      "y" : 54.30495,
      "z" : -30.034441
    },
    "orientation" : 54
  }, {
    "shape" : "a79f1049-4c3a-4562-805d-da1ba484dd7f",
    "color" : "#EDA57F",
    "position" : {
      "x" : 138.3181,
      "y" : 52.45085,
      "z" : -112.95743
    },
    "orientation" : 59
  }, {
    "shape" : "df67f4d0-971f-496c-8b05-24081c3d1075",
    "color" : "#FFFFFF",
    "position" : {
      "x" : 139.55417,
      "y" : 51.832817,
      "z" : -50.506577
    },
    "orientation" : 3
  }, {
    "shape" : "b4209916-11ad-4348-8bab-4217a7d9ff80",
    "color" : "#EDA57F",
    "position" : {
      "x" : 21.00952,
      "y" : 8.748529,
      "z" : -185.88042
    },
    "orientation" : 21
  }, {
    "shape" : "14152929-a644-404c-95cf-ef66acbefa08",
    "color" : "#FFFFFF",
    "position" : {
      "x" : 10.326238,
      "y" : 9.236068,
      "z" : -129.13777
    },
    "orientation" : 9
  }, {
    "shape" : "486386fb-9596-47a2-82de-084b55f4b25e",
    "color" : "#BA7F98",
    "position" : {
      "x" : 35.888542,
      "y" : 6.854102,
      "z" : -184.26237
    },
    "orientation" : 41
  }, {
    "shape" : "14152929-a644-404c-95cf-ef66acbefa08",
    "color" : "#FFFFFF",
    "position" : {
      "x" : 139.08205,
      "y" : 53.068882,
      "z" : -66.21478
    },
    "orientation" : 36
  }, {
    "shape" : "df67f4d0-971f-496c-8b05-24081c3d1075",
    "color" : "#FFFFFF",
    "position" : {
      "x" : 138.3181,
      "y" : 53.832817,
      "z" : -204.06076
    },
    "orientation" : 6
  }, {
    "shape" : "42864490-26e9-4086-930d-19107b8f7f95",
    "color" : "#D77F7F",
    "position" : {
      "x" : 16.77345,
      "y" : 15.602632,
      "z" : 0.0
    },
    "orientation" : 30
  }, {
    "shape" : "f097742e-d67c-47a6-b15c-25786f7bfc52",
    "color" : "#BA7F98",
    "position" : {
      "x" : 116.137764,
      "y" : 51.214783,
      "z" : -4.236068
    },
    "orientation" : 26
  }, {
    "shape" : "5655409b-3018-4889-a67e-68e6ebbfc4ec",
    "color" : "#F7CF7F",
    "position" : {
      "x" : 35.888542,
      "y" : 6.854102,
      "z" : -161.3181
    },
    "orientation" : 22
  }, {
    "shape" : "df67f4d0-971f-496c-8b05-24081c3d1075",
    "color" : "#FFFFFF",
    "position" : {
      "x" : 139.70007,
      "y" : 51.59675,
      "z" : -153.60991
    },
    "orientation" : 9
  }, {
    "shape" : "22e88d55-1d8d-4ec6-b093-0119d34988a8",
    "color" : "#D77F7F",
    "position" : {
      "x" : 142.55417,
      "y" : 50.832817,
      "z" : -19.326239
    },
    "orientation" : 0
  }, {
    "shape" : "a030cb60-8f42-409b-83bc-4799f4cf4c60",
    "color" : "#F7CF7F",
    "position" : {
      "x" : 35.888542,
      "y" : 6.854102,
      "z" : -4.236068
    },
    "orientation" : 21
  }, {
    "shape" : "8b9e1272-c0e7-445e-97a6-13f09b6478bf",
    "color" : "#FFFFFF",
    "position" : {
      "x" : 11.708204,
      "y" : 3.618034,
      "z" : -80.777084
    },
    "orientation" : 33
  }, {
    "shape" : "14152929-a644-404c-95cf-ef66acbefa08",
    "color" : "#FFFFFF",
    "position" : {
      "x" : 12.944272,
      "y" : 5.0,
      "z" : -113.33939
    },
    "orientation" : 6
  }, {
    "shape" : "2ba1c3b0-2890-40b8-8e1d-6635b69322fd",
    "color" : "#6600CC",
    "position" : {
      "x" : 35.888542,
      "y" : 20.562305,
      "z" : -224.15092
    },
    "orientation" : 1
  }, {
    "shape" : "53dbe8ca-3eb5-4442-b4ba-a80032a1ef94",
    "color" : "#7FCFF1",
    "position" : {
      "x" : 116.137764,
      "y" : 51.214783,
      "z" : -145.60991
    },
    "orientation" : 47
  }, {
    "shape" : "8b9e1272-c0e7-445e-97a6-13f09b6478bf",
    "color" : "#6600CC",
    "position" : {
      "x" : 140.3181,
      "y" : 54.45085,
      "z" : -222.15092
    },
    "orientation" : 3
  }, {
    "shape" : "f097742e-d67c-47a6-b15c-25786f7bfc52",
    "color" : "#BA7F98",
    "position" : {
      "x" : 116.137764,
      "y" : 37.506577,
      "z" : -11.472136
    },
    "orientation" : 11
  }, {
    "shape" : "fa2cb01b-0566-4e66-8fb7-306cf141b020",
    "color" : "#F7CF7F",
    "position" : {
      "x" : 116.137764,
      "y" : 51.214783,
      "z" : -121.429565
    },
    "orientation" : 7
  }, {
    "shape" : "65ae541c-f12d-4975-b45e-03821e1e85c0",
    "color" : "#00A0E4",
    "position" : {
      "x" : 134.08205,
      "y" : 44.36068,
      "z" : -118.81153
    },
    "orientation" : 2
  }, {
    "shape" : "df67f4d0-971f-496c-8b05-24081c3d1075",
    "color" : "#FFFFFF",
    "position" : {
      "x" : 12.472136,
      "y" : 6.236068,
      "z" : -207.58862
    },
    "orientation" : 33
  }, {
    "shape" : "df67f4d0-971f-496c-8b05-24081c3d1075",
    "color" : "#FFFFFF",
    "position" : {
      "x" : 13.708204,
      "y" : 4.236068,
      "z" : -31.27051
    },
    "orientation" : 36
  }, {
    "shape" : "a79f1049-4c3a-4562-805d-da1ba484dd7f",
    "color" : "#EDA57F",
    "position" : {
      "x" : 140.70007,
      "y" : 48.59675,
      "z" : -3.236068
    },
    "orientation" : 25
  }, {
    "shape" : "b4209916-11ad-4348-8bab-4217a7d9ff80",
    "color" : "#EDA57F",
    "position" : {
      "x" : 133.63483,
      "y" : 45.084286,
      "z" : -11.472136
    },
    "orientation" : 32
  }, {
    "shape" : "65ae541c-f12d-4975-b45e-03821e1e85c0",
    "color" : "#00A0E4",
    "position" : {
      "x" : 134.08205,
      "y" : 44.36068,
