{
  "field" : "golden",
  "symmetry" : "icosahedral",
  "orientations" : [ [ 1.0, 0.0, 0.0, 0.0, 0.0, 1.0, 0.0, 0.0, 0.0, 0.0, 1.0, 0.0, 0.0, 0.0, 0.0, 1.0 ], [ 0.0, 0.0, 1.0, 0.0, 1.0, 0.0, 0.0, 0.0, 0.0, 1.0, 0.0, 0.0, 0.0, 0.0, 0.0, 1.0 ], [ 0.0, 1.0, 0.0, 0.0, 0.0, 0.0, 1.0, 0.0, 1.0, 0.0, 0.0, 0.0, 0.0, 0.0, 0.0, 1.0 ], [ 0.809017, 0.309017, 0.5, 0.0, 0.309017, 0.5, -0.809017, 0.0, -0.5, 0.809017, 0.309017, 0.0, 0.0, 0.0, 0.0, 1.0 ], [ -0.5, 0.809017, 0.309017, 0.0, 0.809017, 0.309017, 0.5, 0.0, 0.309017, 0.5, -0.809017, 0.0, 0.0, 0.0, 0.0, 1.0 ], [ 0.309017, 0.5, -0.809017, 0.0, -0.5, 0.809017, 0.309017, 0.0, 0.809017, 0.309017, 0.5, 0.0, 0.0, 0.0, 0.0, 1.0 ], [ 0.5, 0.809017, 0.309017, 0.0, 0.809017, -0.309017, -0.5, 0.0, -0.309017, 0.5, -0.809017, 0.0, 0.0, 0.0, 0.0, 1.0 ], [ -0.309017, 0.5, -0.809017, 0.0, 0.5, 0.809017, 0.309017, 0.0, 0.809017, -0.309017, -0.5, 0.0, 0.0, 0.0, 0.0, 1.0 ], [ 0.809017, -0.309017, -0.5, 0.0, -0.309017, 0.5, -0.809017, 0.0, 0.5, 0.809017, 0.309017, 0.0, 0.0, 0.0, 0.0, 1.0 ], [ 0.5, 0.809017, -0.309017, 0.0, 0.809017, -0.309017, 0.5, 0.0, 0.309017, -0.5, -0.809017, 0.0, 0.0, 0.0, 0.0, 1.0 ], [ 0.309017, -0.5, -0.809017, 0.0, 0.5, 0.809017, -0.309017, 0.0, 0.809017, -0.309017, 0.5, 0.0, 0.0, 0.0, 0.0, 1.0 ], [ 0.809017, -0.309017, 0.5, 0.0, 0.309017, -0.5, -0.809017, 0.0, 0.5, 0.809017, -0.309017, 0.0, 0.0, 0.0, 0.0, 1.0 ], [ 0.809017, 0.309017, -0.5, 0.0, 0.309017, 0.5, 0.809017, 0.0, 0.5, -0.809017, 0.309017, 0.0, 0.0, 0.0, 0.0, 1.0 ], [ 0.5, -0.809017, 0.309017, 0.0, 0.809017, 0.309017, -0.5, 0.0, 0.309017, 0.5, 0.809017, 0.0, 0.0, 0.0, 0.0, 1.0 ], [ 0.309017, 0.5, 0.809017, 0.0, 0.5, -0.809017, 0.309017, 0.0, 0.809017, 0.309017, -0.5, 0.0, 0.0, 0.0, 0.0, 1.0 ], [ 1.0, 0.0, 0.0, 0.0, 0.0, -1.0, 0.0, 0.0, 0.0, 0.0, -1.0, 0.0, 0.0, 0.0, 0.0, 1.0 ], [ 0.0, 0.0, 1.0, 0.0, -1.0, 0.0, 0.0, 0.0, 0.0, -1.0, 0.0, 0.0, 0.0, 0.0, 0.0, 1.0 ], [ 0.0, 1.0, 0.0, 0.0, 0.0, 0.0, -1.0, 0.0, -1.0, 0.0, 0.0, 0.0, 0.0, 0.0, 0.0, 1.0 ], [ 0.809017, 0.309017, 0.5, 0.0, -0.309017, -0.5, 0.809017, 0.0, 0.5, -0.809017, -0.309017, 0.0, 0.0, 0.0, 0.0, 1.0 ], [ -0.5, 0.809017, 0.309017, 0.0, -0.809017, -0.309017, -0.5, 0.0, -0.309017, -0.5, 0.809017, 0.0, 0.0, 0.0, 0.0, 1.0 ], [ 0.309017, 0.5, -0.809017, 0.0, 0.5, -0.809017, -0.309017, 0.0, -0.809017, -0.309017, -0.5, 0.0, 0.0, 0.0, 0.0, 1.0 ], [ 0.5, 0.809017, 0.309017, 0.0, -0.809017, 0.309017, 0.5, 0.0, 0.309017, -0.5, 0.809017, 0.0, 0.0, 0.0, 0.0, 1.0 ], [ -0.309017, 0.5, -0.809017, 0.0, -0.5, -0.809017, -0.309017, 0.0, -0.809017, 0.309017, 0.5, 0.0, 0.0, 0.0, 0.0, 1.0 ], [ 0.809017, -0.309017, -0.5, 0.0, 0.309017, -0.5, 0.809017, 0.0, -0.5, -0.809017, -0.309017, 0.0, 0.0, 0.0, 0.0, 1.0 ], [ 0.5, 0.809017, -0.309017, 0.0, -0.809017, 0.309017, -0.5, 0.0, -0.309017, 0.5, 0.809017, 0.0, 0.0, 0.0, 0.0, 1.0 ], [ 0.309017, -0.5, -0.809017, 0.0, -0.5, -0.809017, 0.309017, 0.0, -0.809017, 0.309017, -0.5, 0.0, 0.0, 0.0, 0.0, 1.0 ], [ 0.809017, -0.309017, 0.5, 0.0, -0.309017, 0.5, 0.809017, 0.0, -0.5, -0.809017, 0.309017, 0.0, 0.0, 0.0, 0.0, 1.0 ], [ 0.809017, 0.309017, -0.5, 0.0, -0.309017, -0.5, -0.809017, 0.0, -0.5, 0.809017, -0.309017, 0.0, 0.0, 0.0, 0.0, 1.0 ], [ 0.5, -0.809017, 0.309017, 0.0, -0.809017, -0.309017, 0.5, 0.0, -0.309017, -0.5, -0.809017, 0.0, 0.0, 0.0, 0.0, 1.0 ], [ 0.309017, 0.5, 0.809017, 0.0, -0.5, 0.809017, -0.309017, 0.0, -0.809017, -0.309017, 0.5, 0.0, 0.0, 0.0, 0.0, 1.0 ], [ -1.0, 0.0, 0.0, 0.0, 0.0, -1.0, 0.0, 0.0, 0.0, 0.0, 1.0, 0.0, 0.0, 0.0, 0.0, 1.0 ], [ 0.0, 0.0, -1.0, 0.0, -1.0, 0.0, 0.0, 0.0, 0.0, 1.0, 0.0, 0.0, 0.0, 0.0, 0.0, 1.0 ], [ 0.0, -1.0, 0.0, 0.0, 0.0, 0.0, -1.0, 0.0, 1.0, 0.0, 0.0, 0.0, 0.0, 0.0, 0.0, 1.0 ], [ -0.809017, -0.309017, -0.5, 0.0, -0.309017, -0.5, 0.809017, 0.0, -0.5, 0.809017, 0.309017, 0.0, 0.0, 0.0, 0.0, 1.0 ], [ 0.5, -0.809017, -0.309017, 0.0, -0.809017, -0.309017, -0.5, 0.0, 0.309017, 0.5, -0.809017, 0.0, 0.0, 0.0, 0.0, 1.0 ], [ -0.309017, -0.5, 0.809017, 0.0, 0.5, -0.809017, -0.309017, 0.0, 0.809017, 0.309017, 0.5, 0.0, 0.0, 0.0, 0.0, 1.0 ], [ -0.5, -0.809017, -0.309017, 0.0, -0.809017, 0.309017, 0.5, 0.0, -0.309017, 0.5, -0.809017, 0.0, 0.0, 0.0, 0.0, 1.0 ], [ 0.309017, -0.5, 0.809017, 0.0, -0.5, -0.809017, -0.309017, 0.0, 0.809017, -0.309017, -0.5, 0.0, 0.0, 0.0, 0.0, 1.0 ], [ -0.809017, 0.309017, 0.5, 0.0, 0.309017, -0.5, 0.809017, 0.0, 0.5, 0.809017, 0.309017, 0.0, 0.0, 0.0, 0.0, 1.0 ], [ -0.5, -0.809017, 0.309017, 0.0, -0.809017, 0.309017, -0.5, 0.0, 0.309017, -0.5, -0.809017, 0.0, 0.0, 0.0, 0.0, 1.0 ], [ -0.309017, 0.5, 0.809017, 0.0, -0.5, -0.809017, 0.309017, 0.0, 0.809017, -0.309017, 0.5, 0.0, 0.0, 0.0, 0.0, 1.0 ], [ -0.809017, 0.309017, -0.5, 0.0, -0.309017, 0.5, 0.809017, 0.0, 0.5, 0.809017, -0.309017, 0.0, 0.0, 0.0, 0.0, 1.0 ], [ -0.809017, -0.309017, 0.5, 0.0, -0.309017, -0.5, -0.809017, 0.0, 0.5, -0.809017, 0.309017, 0.0, 0.0, 0.0, 0.0, 1.0 ], [ -0.5, 0.809017, -0.309017, 0.0, -0.809017, -0.309017, 0.5, 0.0, 0.309017, 0.5, 0.809017, 0.0, 0.0, 0.0, 0.0, 1.0 ], [ -0.309017, -0.5, -0.809017, 0.0, -0.5, 0.809017, -0.309017, 0.0, 0.809017, 0.309017, -0.5, 0.0, 0.0, 0.0, 0.0, 1.0 ], [ -1.0, 0.0, 0.0, 0.0, 0.0, 1.0, 0.0, 0.0, 0.0, 0.0, -1.0, 0.0, 0.0, 0.0, 0.0, 1.0 ], [ 0.0, 0.0, -1.0, 0.0, 1.0, 0.0, 0.0, 0.0, 0.0, -1.0, 0.0, 0.0, 0.0, 0.0, 0.0, 1.0 ], [ 0.0, -1.0, 0.0, 0.0, 0.0, 0.0, 1.0, 0.0, -1.0, 0.0, 0.0, 0.0, 0.0, 0.0, 0.0, 1.0 ], [ -0.809017, -0.309017, -0.5, 0.0, 0.309017, 0.5, -0.809017, 0.0, 0.5, -0.809017, -0.309017, 0.0, 0.0, 0.0, 0.0, 1.0 ], [ 0.5, -0.809017, -0.309017, 0.0, 0.809017, 0.309017, 0.5, 0.0, -0.309017, -0.5, 0.809017, 0.0, 0.0, 0.0, 0.0, 1.0 ], [ -0.309017, -0.5, 0.809017, 0.0, -0.5, 0.809017, 0.309017, 0.0, -0.809017, -0.309017, -0.5, 0.0, 0.0, 0.0, 0.0, 1.0 ], [ -0.5, -0.809017, -0.309017, 0.0, 0.809017, -0.309017, -0.5, 0.0, 0.309017, -0.5, 0.809017, 0.0, 0.0, 0.0, 0.0, 1.0 ], [ 0.309017, -0.5, 0.809017, 0.0, 0.5, 0.809017, 0.309017, 0.0, -0.809017, 0.309017, 0.5, 0.0, 0.0, 0.0, 0.0, 1.0 ], [ -0.809017, 0.309017, 0.5, 0.0, -0.309017, 0.5, -0.809017, 0.0, -0.5, -0.809017, -0.309017, 0.0, 0.0, 0.0, 0.0, 1.0 ], [ -0.5, -0.809017, 0.309017, 0.0, 0.809017, -0.309017, 0.5, 0.0, -0.309017, 0.5, 0.809017, 0.0, 0.0, 0.0, 0.0, 1.0 ], [ -0.309017, 0.5, 0.809017, 0.0, 0.5, 0.809017, -0.309017, 0.0, -0.809017, 0.309017, -0.5, 0.0, 0.0, 0.0, 0.0, 1.0 ], [ -0.809017, 0.309017, -0.5, 0.0, 0.309017, -0.5, -0.809017, 0.0, -0.5, -0.809017, 0.309017, 0.0, 0.0, 0.0, 0.0, 1.0 ], [ -0.809017, -0.309017, 0.5, 0.0, 0.309017, 0.5, 0.809017, 0.0, -0.5, 0.809017, -0.309017, 0.0, 0.0, 0.0, 0.0, 1.0 ], [ -0.5, 0.809017, -0.309017, 0.0, 0.809017, 0.309017, -0.5, 0.0, -0.309017, -0.5, -0.809017, 0.0, 0.0, 0.0, 0.0, 1.0 ], [ -0.309017, -0.5, -0.809017, 0.0, 0.5, -0.809017, 0.309017, 0.0, -0.809017, -0.309017, 0.5, 0.0, 0.0, 0.0, 0.0, 1.0 ] ],
  "lights" : {
    "ambientColor" : "#292929",
    "backgroundColor" : "#AFC8DC",
    "directionalLights" : [ {
      "direction" : [ 1.0, -1.0, -1.0 ],
      "color" : "#EBEBE4"
    }, {
      "direction" : [ -1.0, 0.0, 0.0 ],
      "color" : "#E4E4EB"
    }, {
      "direction" : [ 0.0, 0.0, -1.0 ],
      "color" : "#1E1E1E"
    } ]
  },
  "camera" : {
    "width" : 7.6169143,
    "stereo" : false,
    "lookDirection" : {
      "x" : -0.7343839,
      "y" : -0.16032235,
      "z" : 0.65953106
    },
    "upDirection" : {
      "x" : -0.30098537,
      "y" : 0.94786,
      "z" : -0.10473283
    },
    "lookAtPoint" : {
      "x" : 0.0,
      "y" : 0.0,
      "z" : 0.0
    },
    "perspective" : true,
    "viewDistance" : 16.926483,
    "nearClipDistance" : 0.04231625,
    "farClipDistance" : 33.85291,
    "fieldOfView" : 0.4426287,
    "position" : {
      "x" : 12.430536,
      "y" : 2.7136936,
      "z" : -11.163542
    }
  },
  "embedding" : [ 1.0, 0.0, 0.0, 0.0, 0.0, 1.0, 0.0, 0.0, 0.0, 0.0, 1.0, 0.0, 0.0, 0.0, 0.0, 1.0 ],
  "shapes" : [ {
    "id" : "350f0593-a717-46c0-9fcd-df130845d664",
    "vertices" : [ {
      "x" : 1.809017,
      "y" : -3.118034,
      "z" : 2.618034
    }, {
      "x" : 0.809017,
      "y" : -3.736068,
      "z" : 2.618034
    }, {
      "x" : 0.5,
      "y" : -4.236068,
      "z" : 1.809017
    }, {
      "x" : 1.118034,
      "y" : -4.236068,
      "z" : 0.809017
    }, {
      "x" : 1.309017,
      "y" : -3.927051,
      "z" : 1.309017
    }, {
      "x" : 1.618034,
      "y" : -3.427051,
      "z" : 2.118034
    } ],
    "faces" : [ {
      "vertices" : [ 0, 1, 2 ]
    }, {
      "vertices" : [ 0, 2, 3 ]
    }, {
      "vertices" : [ 0, 3, 4 ]
    }, {
      "vertices" : [ 0, 4, 5 ]
    }, {
      "vertices" : [ 0, 5, 4 ]
    }, {
      "vertices" : [ 0, 4, 3 ]
    }, {
      "vertices" : [ 0, 3, 2 ]
    }, {
      "vertices" : [ 0, 2, 1 ]
    } ]
  }, {
    "id" : "4de3df6f-368e-4b02-aa5b-75d53dd3044f",
    "vertices" : [ {
      "x" : -1.118034,
      "y" : 4.236068,
      "z" : 0.809017
    }, {
      "x" : -0.5,
      "y" : 2.618034,
      "z" : 0.809017
    }, {
      "x" : -1.809017,
      "y" : 2.118034,
      "z" : 0.0
    }, {
      "x" : -2.427051,
      "y" : 3.736068,
      "z" : 0.0
    } ],
    "faces" : [ {
      "vertices" : [ 0, 1, 2 ]
    }, {
      "vertices" : [ 0, 2, 3 ]
    }, {
      "vertices" : [ 0, 3, 2 ]
    }, {
      "vertices" : [ 0, 2, 1 ]
    } ]
  }, {
    "id" : "8963c865-9b3b-4083-a452-47e2266bcb6d",
    "vertices" : [ {
      "x" : 4.236068,
      "y" : -0.809017,
      "z" : -1.118034
    }, {
      "x" : 2.618034,
      "y" : -0.809017,
      "z" : -0.5
    }, {
      "x" : 2.618034,
      "y" : 0.809017,
      "z" : -0.5
    }, {
      "x" : 4.236068,
      "y" : 0.809017,
      "z" : -1.118034
    } ],
    "faces" : [ {
      "vertices" : [ 0, 1, 2 ]
    }, {
      "vertices" : [ 0, 2, 3 ]
    }, {
      "vertices" : [ 0, 3, 2 ]
    }, {
      "vertices" : [ 0, 2, 1 ]
    } ]
  }, {
    "id" : "3bdebdcf-1fca-40cd-a642-c77f077834b3",
    "vertices" : [ {
      "x" : -2.118034,
      "y" : -1.618034,
      "z" : -0.809017
    }, {
      "x" : -2.618034,
      "y" : -0.809017,
      "z" : -0.5
    }, {
      "x" : -4.236068,
      "y" : -1.809017,
      "z" : -0.5
    }, {
      "x" : -3.736068,
      "y" : -2.618034,
      "z" : -0.809017
    } ],
    "faces" : [ {
      "vertices" : [ 0, 1, 2 ]
    }, {
      "vertices" : [ 0, 2, 3 ]
    }, {
      "vertices" : [ 0, 3, 2 ]
    }, {
      "vertices" : [ 0, 2, 1 ]
    } ]
  }, {
    "id" : "8400e310-67d7-44dd-90fd-dd6e802118c5",
    "vertices" : [ {
      "x" : 0.5,
      "y" : -2.618034,
      "z" : 0.809017
    }, {
      "x" : 1.309017,
      "y" : -3.927051,
      "z" : 1.309017
    }, {
      "x" : 2.618034,
      "y" : -3.427051,
      "z" : 0.5
    }, {
      "x" : 1.809017,
      "y" : -2.118034,
      "z" : 0.0
    } ],
    "faces" : [ {
      "vertices" : [ 0, 1, 2 ]
    }, {
      "vertices" : [ 0, 2, 3 ]
    }, {
      "vertices" : [ 0, 3, 2 ]
    }, {
      "vertices" : [ 0, 2, 1 ]
    } ]
  }, {
    "id" : "ec8527a9-a835-477d-a648-54d0800c3b6f",
    "vertices" : [ {
      "x" : -1.118034,
      "y" : 4.236068,
      "z" : -0.809017
    }, {
      "x" : -1.118034,
      "y" : 4.236068,
      "z" : 0.809017
    }, {
      "x" : -0.5,
      "y" : 4.236068,
      "z" : 0.809017
    }, {
      "x" : -0.5,
      "y" : 4.236068,
      "z" : -0.809017
    } ],
    "faces" : [ {
      "vertices" : [ 0, 1, 2 ]
    }, {
      "vertices" : [ 0, 2, 3 ]
    }, {
      "vertices" : [ 0, 3, 2 ]
    }, {
      "vertices" : [ 0, 2, 1 ]
    } ]
  }, {
    "id" : "b50d95b2-62cd-4c44-a8a1-e66f69117ab3",
    "vertices" : [ {
      "x" : 1.118034,
      "y" : -4.236068,
      "z" : 0.809017
    }, {
      "x" : 0.5,
      "y" : -4.236068,
      "z" : 1.809017
    }, {
      "x" : -0.5,
      "y" : -4.236068,
      "z" : 1.809017
    }, {
      "x" : -1.118034,
      "y" : -4.236068,
      "z" : 0.809017
    }, {
      "x" : -0.5,
      "y" : -4.236068,
      "z" : 0.809017
    }, {
      "x" : 0.5,
      "y" : -4.236068,
      "z" : 0.809017
    } ],
    "faces" : [ {
      "vertices" : [ 0, 1, 2 ]
    }, {
      "vertices" : [ 0, 2, 3 ]
    }, {
      "vertices" : [ 0, 3, 4 ]
    }, {
      "vertices" : [ 0, 4, 5 ]
    }, {
      "vertices" : [ 0, 5, 4 ]
    }, {
      "vertices" : [ 0, 4, 3 ]
    }, {
      "vertices" : [ 0, 3, 2 ]
    }, {
      "vertices" : [ 0, 2, 1 ]
    } ]
  }, {
    "id" : "06dc5d47-2b25-496f-9851-47e96cc7cf0e",
    "vertices" : [ {
      "x" : -1.809017,
      "y" : -3.118034,
      "z" : -2.618034
    }, {
      "x" : -0.809017,
      "y" : -2.118034,
      "z" : -1.618034
    }, {
      "x" : -1.618034,
      "y" : -0.809017,
      "z" : -2.118034
    }, {
      "x" : -2.618034,
      "y" : -1.809017,
      "z" : -3.118034
    } ],
    "faces" : [ {
      "vertices" : [ 0, 1, 2 ]
    }, {
      "vertices" : [ 0, 2, 3 ]
    }, {
      "vertices" : [ 0, 3, 2 ]
    }, {
      "vertices" : [ 0, 2, 1 ]
    } ]
  }, {
    "id" : "4b5e5699-e1ab-492a-920c-907ec43c0c01",
    "vertices" : [ {
      "x" : -4.236068,
      "y" : 0.809017,
      "z" : -1.118034
    }, {
      "x" : -2.618034,
      "y" : 0.809017,
      "z" : -0.5
    }, {
      "x" : -2.618034,
      "y" : -0.809017,
      "z" : -0.5
    }, {
      "x" : -4.236068,
      "y" : -0.809017,
      "z" : -1.118034
    } ],
    "faces" : [ {
      "vertices" : [ 0, 1, 2 ]
    }, {
      "vertices" : [ 0, 2, 3 ]
    }, {
      "vertices" : [ 0, 3, 2 ]
    }, {
      "vertices" : [ 0, 2, 1 ]
    } ]
  }, {
    "id" : "fe329aec-5b16-4e96-b4f5-f5b949aeb312",
    "vertices" : [ {
      "x" : -0.809017,
      "y" : 1.118034,
      "z" : 4.236068
    }, {
      "x" : 0.0,
      "y" : 2.427051,
      "z" : 3.736068
    }, {
      "x" : -0.5,
      "y" : 2.618034,
      "z" : 3.427051
    }, {
      "x" : -1.309017,
      "y" : 1.309017,
      "z" : 3.927051
    } ],
    "faces" : [ {
      "vertices" : [ 0, 1, 2 ]
    }, {
      "vertices" : [ 0, 2, 3 ]
    }, {
      "vertices" : [ 0, 3, 2 ]
    }, {
      "vertices" : [ 0, 2, 1 ]
    } ]
  }, {
    "id" : "0eb8680e-2e04-47a1-94b6-f9b8aef2f65e",
    "vertices" : [ {
      "x" : -1.809017,
      "y" : -2.118034,
      "z" : 0.0
    }, {
      "x" : -2.118034,
      "y" : -1.618034,
      "z" : -0.809017
    }, {
      "x" : -3.736068,
      "y" : -2.618034,
      "z" : -0.809017
    }, {
      "x" : -3.427051,
      "y" : -3.118034,
      "z" : 0.0
    } ],
    "faces" : [ {
      "vertices" : [ 0, 1, 2 ]
    }, {
      "vertices" : [ 0, 2, 3 ]
    }, {
      "vertices" : [ 0, 3, 2 ]
    }, {
      "vertices" : [ 0, 2, 1 ]
    } ]
  }, {
    "id" : "aa030981-5b96-421a-881f-8e84bf1c85ca",
    "vertices" : [ {
      "x" : 0.0,
      "y" : -1.809017,
      "z" : -2.118034
    }, {
      "x" : 0.5,
      "y" : -2.618034,
      "z" : -3.427051
    }, {
      "x" : 1.309017,
      "y" : -1.309017,
      "z" : -3.927051
    }, {
      "x" : 0.809017,
      "y" : -0.5,
      "z" : -2.618034
    } ],
    "faces" : [ {
      "vertices" : [ 0, 1, 2 ]
    }, {
      "vertices" : [ 0, 2, 3 ]
    }, {
      "vertices" : [ 0, 3, 2 ]
    }, {
      "vertices" : [ 0, 2, 1 ]
    } ]
  }, {
    "id" : "aba4e448-352a-4696-9aba-af79104fc973",
    "vertices" : [ {
      "x" : -0.5,
      "y" : 2.618034,
      "z" : 0.809017
    }, {
      "x" : -0.5,
      "y" : 4.236068,
      "z" : 0.809017
    }, {
      "x" : 0.5,
      "y" : 4.236068,
      "z" : 0.809017
    }, {
      "x" : 0.5,
      "y" : 2.618034,
      "z" : 0.809017
    } ],
    "faces" : [ {
      "vertices" : [ 0, 1, 2 ]
    }, {
      "vertices" : [ 0, 2, 3 ]
    }, {
      "vertices" : [ 0, 3, 2 ]
    }, {
      "vertices" : [ 0, 2, 1 ]
    } ]
  }, {
    "id" : "1aac6b6d-625d-4426-aa8d-4fbb1a7c484e",
    "vertices" : [ {
      "x" : 0.0,
      "y" : -1.809017,
      "z" : 2.118034
    }, {
      "x" : 0.809017,
      "y" : -2.118034,
      "z" : 1.618034
    }, {
      "x" : 0.809017,
      "y" : -3.736068,
      "z" : 2.618034
    }, {
      "x" : 0.0,
      "y" : -3.427051,
      "z" : 3.118034
    } ],
    "faces" : [ {
      "vertices" : [ 0, 1, 2 ]
    }, {
      "vertices" : [ 0, 2, 3 ]
    }, {
      "vertices" : [ 0, 3, 2 ]
    }, {
      "vertices" : [ 0, 2, 1 ]
    } ]
  }, {
    "id" : "e3dd347d-b5ee-4e32-a87e-88eccdf86f05",
    "vertices" : [ {
      "x" : 1.118034,
      "y" : -4.236068,
      "z" : 0.809017
    }, {
      "x" : 0.5,
      "y" : -2.618034,
      "z" : 0.809017
    }, {
      "x" : 1.809017,
      "y" : -2.118034,
      "z" : 0.0
    }, {
      "x" : 2.427051,
      "y" : -3.736068,
      "z" : 0.0
    } ],
    "faces" : [ {
      "vertices" : [ 0, 1, 2 ]
    }, {
      "vertices" : [ 0, 2, 3 ]
    }, {
      "vertices" : [ 0, 3, 2 ]
    }, {
      "vertices" : [ 0, 2, 1 ]
    } ]
  }, {
    "id" : "b5ecdaad-69cd-4733-a412-b019460fc7b5",
    "vertices" : [ {
      "x" : -0.809017,
      "y" : -0.5,
      "z" : -2.618034
    }, {
      "x" : -0.809017,
      "y" : -0.5,
      "z" : -4.236068
    }, {
      "x" : -0.809017,
      "y" : 0.5,
      "z" : -4.236068
    }, {
      "x" : -0.809017,
      "y" : 0.5,
      "z" : -2.618034
    } ],
    "faces" : [ {
      "vertices" : [ 0, 1, 2 ]
    }, {
      "vertices" : [ 0, 2, 3 ]
    }, {
      "vertices" : [ 0, 3, 2 ]
    }, {
      "vertices" : [ 0, 2, 1 ]
    } ]
  }, {
    "id" : "f4893103-d47a-4fd6-9e76-c1654739788d",
    "vertices" : [ {
      "x" : 1.809017,
      "y" : 3.118034,
      "z" : 2.618034
    }, {
      "x" : 3.118034,
      "y" : 2.618034,
      "z" : 1.809017
    }, {
      "x" : 2.927051,
      "y" : 2.927051,
      "z" : 1.309017
    }, {
      "x" : 1.618034,
      "y" : 3.427051,
      "z" : 2.118034
    } ],
    "faces" : [ {
      "vertices" : [ 0, 1, 2 ]
    }, {
      "vertices" : [ 0, 2, 3 ]
    }, {
      "vertices" : [ 0, 3, 2 ]
    }, {
      "vertices" : [ 0, 2, 1 ]
    } ]
  }, {
    "id" : "501f2989-964a-4073-97dd-5dd0be7a62c8",
    "vertices" : [ {
      "x" : 2.618034,
      "y" : -0.809017,
      "z" : 0.5
    }, {
      "x" : 2.618034,
      "y" : -0.809017,
      "z" : -0.5
    }, {
      "x" : 4.236068,
      "y" : -1.809017,
      "z" : -0.5
    }, {
      "x" : 4.236068,
      "y" : -1.809017,
      "z" : 0.5
    } ],
    "faces" : [ {
      "vertices" : [ 0, 1, 2 ]
    }, {
      "vertices" : [ 0, 2, 3 ]
    }, {
      "vertices" : [ 0, 3, 2 ]
    }, {
      "vertices" : [ 0, 2, 1 ]
    } ]
  }, {
    "id" : "5430f469-5d51-4f64-b344-136d4d228b08",
    "vertices" : [ {
      "x" : -4.236068,
      "y" : -0.809017,
      "z" : -1.118034
    }, {
      "x" : -4.236068,
      "y" : -1.809017,
      "z" : -0.5
    }, {
      "x" : -4.236068,
      "y" : -1.809017,
      "z" : 0.5
    }, {
      "x" : -4.236068,
      "y" : -0.809017,
      "z" : 1.118034
    }, {
      "x" : -4.236068,
      "y" : -0.809017,
      "z" : 0.5
    }, {
      "x" : -4.236068,
      "y" : -0.809017,
      "z" : -0.5
    } ],
    "faces" : [ {
      "vertices" : [ 0, 1, 2 ]
    }, {
      "vertices" : [ 0, 2, 3 ]
    }, {
      "vertices" : [ 0, 3, 4 ]
    }, {
      "vertices" : [ 0, 4, 5 ]
    }, {
      "vertices" : [ 0, 5, 4 ]
    }, {
      "vertices" : [ 0, 4, 3 ]
    }, {
      "vertices" : [ 0, 3, 2 ]
    }, {
      "vertices" : [ 0, 2, 1 ]
    } ]
  }, {
    "id" : "3484b77c-c69d-4fed-96cb-26b71ae5da5d",
    "vertices" : [ {
      "x" : -2.118034,
      "y" : 1.618034,
      "z" : -0.809017
    }, {
      "x" : -1.809017,
      "y" : 2.118034,
      "z" : 0.0
    }, {
      "x" : -3.427051,
      "y" : 3.118034,
      "z" : 0.0
    }, {
      "x" : -3.736068,
      "y" : 2.618034,
      "z" : -0.809017
    } ],
    "faces" : [ {
      "vertices" : [ 0, 1, 2 ]
    }, {
      "vertices" : [ 0, 2, 3 ]
    }, {
      "vertices" : [ 0, 3, 2 ]
    }, {
      "vertices" : [ 0, 2, 1 ]
    } ]
  }, {
    "id" : "c9818ebd-7603-45ad-8c94-ebf954ef9c7c",
    "vertices" : [ {
      "x" : -1.618034,
      "y" : -0.809017,
      "z" : 2.118034
    }, {
      "x" : -2.118034,
      "y" : 0.0,
      "z" : 1.809017
    }, {
      "x" : -3.118034,
      "y" : 0.0,
      "z" : 3.427051
    }, {
      "x" : -2.618034,
      "y" : -0.809017,
      "z" : 3.736068
    } ],
    "faces" : [ {
      "vertices" : [ 0, 1, 2 ]
    }, {
      "vertices" : [ 0, 2, 3 ]
    }, {
      "vertices" : [ 0, 3, 2 ]
    }, {
      "vertices" : [ 0, 2, 1 ]
    } ]
  }, {
    "id" : "92a60575-0ffc-4a98-bf70-a0b91b7793c3",
    "vertices" : [ {
      "x" : 0.0,
      "y" : -1.809017,
      "z" : 2.118034
    }, {
      "x" : 0.5,
      "y" : -2.618034,
      "z" : 3.427051
    }, {
      "x" : 1.309017,
      "y" : -2.927051,
      "z" : 2.927051
    }, {
      "x" : 0.809017,
      "y" : -2.118034,
      "z" : 1.618034
    } ],
    "faces" : [ {
      "vertices" : [ 0, 1, 2 ]
    }, {
      "vertices" : [ 0, 2, 3 ]
    }, {
      "vertices" : [ 0, 3, 2 ]
    }, {
      "vertices" : [ 0, 2, 1 ]
    } ]
  }, {
    "id" : "3b3deef4-e9dd-47dc-8d1d-ad03e840d10e",
    "vertices" : [ {
      "x" : -2.618034,
      "y" : 1.809017,
      "z" : 3.118034
    }, {
      "x" : -1.618034,
      "y" : 0.809017,
      "z" : 2.118034
    }, {
      "x" : -2.118034,
      "y" : 1.618034,
      "z" : 0.809017
    }, {
      "x" : -3.118034,
      "y" : 2.618034,
      "z" : 1.809017
    } ],
    "faces" : [ {
      "vertices" : [ 0, 1, 2 ]
    }, {
      "vertices" : [ 0, 2, 3 ]
    }, {
      "vertices" : [ 0, 3, 2 ]
    }, {
      "vertices" : [ 0, 2, 1 ]
    } ]
  }, {
    "id" : "8b15613e-ea63-4d46-832c-c1f08b0b7211",
    "vertices" : [ {
      "x" : -0.809017,
      "y" : 1.118034,
      "z" : -4.236068
    }, {
      "x" : -1.809017,
      "y" : 0.5,
      "z" : -4.236068
    }, {
      "x" : -2.618034,
      "y" : 0.809017,
      "z" : -3.736068
    }, {
      "x" : -2.618034,
      "y" : 1.809017,
      "z" : -3.118034
    }, {
      "x" : -2.118034,
      "y" : 1.618034,
      "z" : -3.427051
    }, {
      "x" : -1.309017,
      "y" : 1.309017,
      "z" : -3.927051
    } ],
    "faces" : [ {
      "vertices" : [ 0, 1, 2 ]
    }, {
      "vertices" : [ 0, 2, 3 ]
    }, {
      "vertices" : [ 0, 3, 4 ]
    }, {
      "vertices" : [ 0, 4, 5 ]
    }, {
      "vertices" : [ 0, 5, 4 ]
    }, {
      "vertices" : [ 0, 4, 3 ]
    }, {
      "vertices" : [ 0, 3, 2 ]
    }, {
      "vertices" : [ 0, 2, 1 ]
    } ]
  }, {
    "id" : "148473c1-70be-4199-a695-6b1c2a8f62f1",
    "vertices" : [ {
      "x" : -0.809017,
      "y" : 1.118034,
      "z" : 4.236068
    }, {
      "x" : -1.809017,
      "y" : 0.5,
      "z" : 4.236068
    }, {
      "x" : -1.809017,
      "y" : -0.5,
      "z" : 4.236068
    }, {
      "x" : -0.809017,
      "y" : -1.118034,
      "z" : 4.236068
    }, {
      "x" : -0.809017,
      "y" : -0.5,
      "z" : 4.236068
    }, {
      "x" : -0.809017,
      "y" : 0.5,
      "z" : 4.236068
    } ],
    "faces" : [ {
      "vertices" : [ 0, 1, 2 ]
    }, {
      "vertices" : [ 0, 2, 3 ]
    }, {
      "vertices" : [ 0, 3, 4 ]
    }, {
      "vertices" : [ 0, 4, 5 ]
    }, {
      "vertices" : [ 0, 5, 4 ]
    }, {
      "vertices" : [ 0, 4, 3 ]
    }, {
      "vertices" : [ 0, 3, 2 ]
    }, {
      "vertices" : [ 0, 2, 1 ]
    } ]
  }, {
    "id" : "75f10834-e212-48c4-9503-5b584fc3f423",
    "vertices" : [ {
      "x" : -2.118034,
      "y" : 0.0,
      "z" : 1.809017
    }, {
      "x" : -3.427051,
      "y" : 0.5,
      "z" : 2.618034
    }, {
      "x" : -2.927051,
      "y" : 1.309017,
      "z" : 2.927051
    }, {
      "x" : -1.618034,
      "y" : 0.809017,
      "z" : 2.118034
    } ],
    "faces" : [ {
      "vertices" : [ 0, 1, 2 ]
    }, {
      "vertices" : [ 0, 2, 3 ]
    }, {
      "vertices" : [ 0, 3, 2 ]
    }, {
      "vertices" : [ 0, 2, 1 ]
    } ]
  }, {
    "id" : "35f23b26-2bff-4a58-992c-8946de4e6c8d",
    "vertices" : [ {
      "x" : -4.236068,
      "y" : 0.809017,
      "z" : -1.118034
    }, {
      "x" : -4.236068,
      "y" : 1.809017,
      "z" : -0.5
    }, {
      "x" : -3.736068,
      "y" : 2.618034,
      "z" : -0.809017
    }, {
      "x" : -3.118034,
      "y" : 2.618034,
      "z" : -1.809017
    }, {
      "x" : -3.427051,
      "y" : 2.118034,
      "z" : -1.618034
    }, {
      "x" : -3.927051,
      "y" : 1.309017,
      "z" : -1.309017
    } ],
    "faces" : [ {
      "vertices" : [ 0, 1, 2 ]
    }, {
      "vertices" : [ 0, 2, 3 ]
    }, {
      "vertices" : [ 0, 3, 4 ]
    }, {
      "vertices" : [ 0, 4, 5 ]
    }, {
      "vertices" : [ 0, 5, 4 ]
    }, {
      "vertices" : [ 0, 4, 3 ]
    }, {
      "vertices" : [ 0, 3, 2 ]
    }, {
      "vertices" : [ 0, 2, 1 ]
    } ]
  }, {
    "id" : "30d8fc3f-2f2e-4d7b-bb8e-ee034b40d263",
    "vertices" : [ {
      "x" : 1.618034,
      "y" : -0.809017,
      "z" : 2.118034
    }, {
      "x" : 0.809017,
      "y" : -0.5,
      "z" : 2.618034
    }, {
      "x" : 1.809017,
      "y" : -0.5,
      "z" : 4.236068
    }, {
      "x" : 2.618034,
      "y" : -0.809017,
      "z" : 3.736068
    } ],
    "faces" : [ {
      "vertices" : [ 0, 1, 2 ]
    }, {
      "vertices" : [ 0, 2, 3 ]
    }, {
      "vertices" : [ 0, 3, 2 ]
    }, {
      "vertices" : [ 0, 2, 1 ]
    } ]
  }, {
    "id" : "5af7abb0-b1d4-4db3-8bc8-ff1f63e06f0e",
    "vertices" : [ {
      "x" : -3.118034,
      "y" : 2.618034,
      "z" : 1.809017
    }, {
      "x" : -1.809017,
      "y" : 3.118034,
      "z" : 2.618034
    }, {
      "x" : -1.618034,
      "y" : 3.427051,
      "z" : 2.118034
    }, {
      "x" : -2.927051,
      "y" : 2.927051,
      "z" : 1.309017
    } ],
    "faces" : [ {
      "vertices" : [ 0, 1, 2 ]
    }, {
      "vertices" : [ 0, 2, 3 ]
    }, {
      "vertices" : [ 0, 3, 2 ]
    }, {
      "vertices" : [ 0, 2, 1 ]
    } ]
  }, {
    "id" : "e4c6d59d-dc31-4b17-b879-4f9e0355ce44",
    "vertices" : [ {
      "x" : 0.5,
      "y" : 2.618034,
      "z" : -0.809017
    }, {
      "x" : -0.5,
      "y" : 2.618034,
      "z" : -0.809017
    }, {
      "x" : -0.5,
      "y" : 4.236068,
      "z" : -1.809017
    }, {
      "x" : 0.5,
      "y" : 4.236068,
      "z" : -1.809017
    } ],
    "faces" : [ {
      "vertices" : [ 0, 1, 2 ]
    }, {
      "vertices" : [ 0, 2, 3 ]
    }, {
      "vertices" : [ 0, 3, 2 ]
    }, {
      "vertices" : [ 0, 2, 1 ]
    } ]
  }, {
    "id" : "d0b3f64d-614a-4357-880b-d01b9edb3a20",
    "vertices" : [ {
      "x" : 1.618034,
      "y" : -0.809017,
      "z" : 2.118034
    }, {
      "x" : 2.118034,
      "y" : -1.618034,
      "z" : 3.427051
    }, {
      "x" : 1.309017,
      "y" : -1.309017,
      "z" : 3.927051
    }, {
      "x" : 0.809017,
      "y" : -0.5,
      "z" : 2.618034
    } ],
    "faces" : [ {
      "vertices" : [ 0, 1, 2 ]
    }, {
      "vertices" : [ 0, 2, 3 ]
    }, {
      "vertices" : [ 0, 3, 2 ]
    }, {
      "vertices" : [ 0, 2, 1 ]
    } ]
  }, {
    "id" : "59d5c1d2-b230-47da-bf67-b6597f21ef00",
    "vertices" : [ {
      "x" : -2.618034,
      "y" : -1.809017,
      "z" : -3.118034
    }, {
      "x" : -1.618034,
      "y" : -0.809017,
      "z" : -2.118034
    }, {
      "x" : -2.118034,
      "y" : -1.618034,
      "z" : -0.809017
    }, {
      "x" : -3.118034,
      "y" : -2.618034,
      "z" : -1.809017
    } ],
    "faces" : [ {
      "vertices" : [ 0, 1, 2 ]
    }, {
      "vertices" : [ 0, 2, 3 ]
    }, {
      "vertices" : [ 0, 3, 2 ]
    }, {
      "vertices" : [ 0, 2, 1 ]
    } ]
  }, {
    "id" : "c28b4f00-df7b-47d4-8700-c531754cdc60",
    "vertices" : [ {
      "x" : 0.0,
      "y" : -2.427051,
      "z" : -3.736068
    }, {
      "x" : 0.809017,
      "y" : -1.118034,
      "z" : -4.236068
    }, {
      "x" : 1.309017,
      "y" : -1.309017,
      "z" : -3.927051
    }, {
      "x" : 0.5,
      "y" : -2.618034,
      "z" : -3.427051
    } ],
    "faces" : [ {
      "vertices" : [ 0, 1, 2 ]
    }, {
      "vertices" : [ 0, 2, 3 ]
    }, {
      "vertices" : [ 0, 3, 2 ]
    }, {
      "vertices" : [ 0, 2, 1 ]
    } ]
  }, {
    "id" : "6795bcbc-330a-426b-afcf-4b92727eec7e",
    "vertices" : [ {
      "x" : 1.618034,
      "y" : 0.809017,
      "z" : 2.118034
    }, {
      "x" : 2.118034,
      "y" : 1.618034,
      "z" : 3.427051
    }, {
      "x" : 1.309017,
      "y" : 2.927051,
      "z" : 2.927051
    }, {
      "x" : 0.809017,
      "y" : 2.118034,
      "z" : 1.618034
    } ],
    "faces" : [ {
      "vertices" : [ 0, 1, 2 ]
    }, {
      "vertices" : [ 0, 2, 3 ]
    }, {
      "vertices" : [ 0, 3, 2 ]
    }, {
      "vertices" : [ 0, 2, 1 ]
    } ]
  }, {
    "id" : "139973ed-e5f5-44f9-9327-f833cec941b4",
    "vertices" : [ {
      "x" : 0.5,
      "y" : -2.618034,
      "z" : 0.809017
    }, {
      "x" : -0.5,
      "y" : -2.618034,
      "z" : 0.809017
    }, {
      "x" : -0.5,
      "y" : -4.236068,
      "z" : 1.809017
    }, {
      "x" : 0.5,
      "y" : -4.236068,
      "z" : 1.809017
    } ],
    "faces" : [ {
      "vertices" : [ 0, 1, 2 ]
    }, {
      "vertices" : [ 0, 2, 3 ]
    }, {
      "vertices" : [ 0, 3, 2 ]
    }, {
      "vertices" : [ 0, 2, 1 ]
    } ]
  }, {
    "id" : "9d2c8c3f-75db-434c-838f-5dd1467813dc",
    "vertices" : [ {
      "x" : 1.618034,
      "y" : -0.809017,
      "z" : 2.118034
    }, {
      "x" : 2.927051,
      "y" : -1.309017,
      "z" : 2.927051
    }, {
      "x" : 3.427051,
      "y" : -2.118034,
      "z" : 1.618034
    }, {
      "x" : 2.118034,
      "y" : -1.618034,
      "z" : 0.809017
    } ],
    "faces" : [ {
      "vertices" : [ 0, 1, 2 ]
    }, {
      "vertices" : [ 0, 2, 3 ]
    }, {
      "vertices" : [ 0, 3, 2 ]
    }, {
      "vertices" : [ 0, 2, 1 ]
    } ]
  }, {
    "id" : "92e88d3e-5566-424b-8dfb-974e94839077",
    "vertices" : [ {
      "x" : 1.118034,
      "y" : -4.236068,
      "z" : -0.809017
    }, {
      "x" : 1.118034,
      "y" : -4.236068,
      "z" : 0.809017
    }, {
      "x" : 0.5,
      "y" : -4.236068,
      "z" : 0.809017
    }, {
      "x" : 0.5,
      "y" : -4.236068,
      "z" : -0.809017
    } ],
    "faces" : [ {
      "vertices" : [ 0, 1, 2 ]
    }, {
      "vertices" : [ 0, 2, 3 ]
    }, {
      "vertices" : [ 0, 3, 2 ]
    }, {
      "vertices" : [ 0, 2, 1 ]
    } ]
  }, {
    "id" : "65ea7423-c3bf-4624-878d-292934dbf467",
    "vertices" : [ {
      "x" : 2.618034,
      "y" : 1.809017,
      "z" : -3.118034
    }, {
      "x" : 1.618034,
      "y" : 0.809017,
      "z" : -2.118034
    }, {
      "x" : 2.118034,
      "y" : 1.618034,
      "z" : -0.809017
    }, {
      "x" : 3.118034,
      "y" : 2.618034,
      "z" : -1.809017
    } ],
    "faces" : [ {
      "vertices" : [ 0, 1, 2 ]
    }, {
      "vertices" : [ 0, 2, 3 ]
    }, {
      "vertices" : [ 0, 3, 2 ]
    }, {
      "vertices" : [ 0, 2, 1 ]
    } ]
  }, {
    "id" : "f0a39055-b6c9-47cc-b202-c7abc26c60da",
    "vertices" : [ {
      "x" : -2.618034,
      "y" : 0.809017,
      "z" : 0.5
    }, {
      "x" : -2.618034,
      "y" : 0.809017,
      "z" : -0.5
    }, {
      "x" : -4.236068,
      "y" : 1.809017,
      "z" : -0.5
    }, {
      "x" : -4.236068,
      "y" : 1.809017,
      "z" : 0.5
    } ],
    "faces" : [ {
      "vertices" : [ 0, 1, 2 ]
    }, {
      "vertices" : [ 0, 2, 3 ]
    }, {
      "vertices" : [ 0, 3, 2 ]
    }, {
      "vertices" : [ 0, 2, 1 ]
    } ]
  }, {
    "id" : "feaa6d6c-f2ef-4b3a-9095-1386dc62949c",
    "vertices" : [ {
      "x" : -2.618034,
      "y" : 1.809017,
      "z" : 3.118034
    }, {
      "x" : -3.118034,
      "y" : 2.618034,
      "z" : 1.809017
    }, {
      "x" : -3.427051,
      "y" : 2.118034,
      "z" : 1.618034
    }, {
      "x" : -2.927051,
      "y" : 1.309017,
      "z" : 2.927051
    } ],
    "faces" : [ {
      "vertices" : [ 0, 1, 2 ]
    }, {
      "vertices" : [ 0, 2, 3 ]
    }, {
      "vertices" : [ 0, 3, 2 ]
    }, {
      "vertices" : [ 0, 2, 1 ]
    } ]
  }, {
    "id" : "fe54be7f-9f1f-4dc4-a644-a3fd370d2a44",
    "vertices" : [ {
      "x" : 2.427051,
      "y" : -3.736068,
      "z" : 0.0
    }, {
      "x" : 3.427051,
      "y" : -3.118034,
      "z" : 0.0
    }, {
      "x" : 3.736068,
      "y" : -2.618034,
      "z" : 0.809017
    }, {
      "x" : 3.118034,
      "y" : -2.618034,
      "z" : 1.809017
    }, {
      "x" : 2.927051,
      "y" : -2.927051,
      "z" : 1.309017
    }, {
      "x" : 2.618034,
      "y" : -3.427051,
      "z" : 0.5
    } ],
    "faces" : [ {
      "vertices" : [ 0, 1, 2 ]
    }, {
      "vertices" : [ 0, 2, 3 ]
    }, {
      "vertices" : [ 0, 3, 4 ]
    }, {
      "vertices" : [ 0, 4, 5 ]
    }, {
      "vertices" : [ 0, 5, 4 ]
    }, {
      "vertices" : [ 0, 4, 3 ]
    }, {
      "vertices" : [ 0, 3, 2 ]
    }, {
      "vertices" : [ 0, 2, 1 ]
    } ]
  }, {
    "id" : "2dfb2581-4657-4eeb-83d0-06289b183ffa",
    "vertices" : [ {
      "x" : 0.809017,
      "y" : -1.118034,
      "z" : 4.236068
    }, {
      "x" : 1.809017,
      "y" : -0.5,
      "z" : 4.236068
    }, {
      "x" : 1.809017,
      "y" : 0.5,
      "z" : 4.236068
    }, {
      "x" : 0.809017,
      "y" : 1.118034,
      "z" : 4.236068
    }, {
      "x" : 0.809017,
      "y" : 0.5,
      "z" : 4.236068
    }, {
      "x" : 0.809017,
      "y" : -0.5,
      "z" : 4.236068
    } ],
    "faces" : [ {
      "vertices" : [ 0, 1, 2 ]
    }, {
      "vertices" : [ 0, 2, 3 ]
    }, {
      "vertices" : [ 0, 3, 4 ]
    }, {
      "vertices" : [ 0, 4, 5 ]
    }, {
      "vertices" : [ 0, 5, 4 ]
    }, {
      "vertices" : [ 0, 4, 3 ]
    }, {
      "vertices" : [ 0, 3, 2 ]
    }, {
      "vertices" : [ 0, 2, 1 ]
    } ]
  }, {
    "id" : "b805f1ef-26a8-4c79-846b-7c65cf225427",
    "vertices" : [ {
      "x" : 0.0,
      "y" : 2.427051,
      "z" : 3.736068
    }, {
      "x" : 0.0,
      "y" : 3.427051,
      "z" : 3.118034
    }, {
      "x" : -0.809017,
      "y" : 3.736068,
      "z" : 2.618034
    }, {
      "x" : -1.809017,
      "y" : 3.118034,
      "z" : 2.618034
    }, {
      "x" : -1.309017,
      "y" : 2.927051,
      "z" : 2.927051
    }, {
      "x" : -0.5,
      "y" : 2.618034,
      "z" : 3.427051
    } ],
    "faces" : [ {
      "vertices" : [ 0, 1, 2 ]
    }, {
      "vertices" : [ 0, 2, 3 ]
    }, {
      "vertices" : [ 0, 3, 4 ]
    }, {
      "vertices" : [ 0, 4, 5 ]
    }, {
      "vertices" : [ 0, 5, 4 ]
    }, {
      "vertices" : [ 0, 4, 3 ]
    }, {
      "vertices" : [ 0, 3, 2 ]
    }, {
      "vertices" : [ 0, 2, 1 ]
    } ]
  }, {
    "id" : "114cf7ef-e98f-4781-8bd9-433bf603ac92",
    "vertices" : [ {
      "x" : 0.809017,
      "y" : 0.5,
      "z" : 2.618034
    }, {
      "x" : 0.809017,
      "y" : 0.5,
      "z" : 4.236068
    }, {
      "x" : -0.809017,
      "y" : 0.5,
      "z" : 4.236068
    }, {
      "x" : -0.809017,
      "y" : 0.5,
      "z" : 2.618034
    } ],
    "faces" : [ {
      "vertices" : [ 0, 1, 2 ]
    }, {
      "vertices" : [ 0, 2, 3 ]
    }, {
      "vertices" : [ 0, 3, 2 ]
    }, {
      "vertices" : [ 0, 2, 1 ]
    } ]
  }, {
    "id" : "b45a3aaf-55c2-4f54-acf3-4bf34ca7a9a1",
    "vertices" : [ {
      "x" : 0.809017,
      "y" : -0.5,
      "z" : -2.618034
    }, {
      "x" : 1.618034,
      "y" : -0.809017,
      "z" : -2.118034
    }, {
      "x" : 2.618034,
      "y" : -0.809017,
      "z" : -3.736068
    }, {
      "x" : 1.809017,
      "y" : -0.5,
      "z" : -4.236068
    } ],
    "faces" : [ {
      "vertices" : [ 0, 1, 2 ]
    }, {
      "vertices" : [ 0, 2, 3 ]
    }, {
      "vertices" : [ 0, 3, 2 ]
    }, {
      "vertices" : [ 0, 2, 1 ]
    } ]
  }, {
    "id" : "e44320be-1127-4344-8da3-0e18050fa82d",
    "vertices" : [ {
      "x" : -2.427051,
      "y" : 3.736068,
      "z" : 0.0
    }, {
      "x" : -1.118034,
      "y" : 4.236068,
      "z" : -0.809017
    }, {
      "x" : -1.309017,
      "y" : 3.927051,
      "z" : -1.309017
    }, {
      "x" : -2.618034,
      "y" : 3.427051,
      "z" : -0.5
    } ],
    "faces" : [ {
      "vertices" : [ 0, 1, 2 ]
    }, {
      "vertices" : [ 0, 2, 3 ]
    }, {
      "vertices" : [ 0, 3, 2 ]
    }, {
      "vertices" : [ 0, 2, 1 ]
    } ]
  }, {
    "id" : "f3c8a6c0-387d-4182-b38b-26a0bb9b01c0",
    "vertices" : [ {
      "x" : -0.809017,
      "y" : -0.5,
      "z" : 2.618034
    }, {
      "x" : -1.618034,
      "y" : -0.809017,
      "z" : 2.118034
    }, {
      "x" : -2.618034,
      "y" : -0.809017,
      "z" : 3.736068
    }, {
      "x" : -1.809017,
      "y" : -0.5,
      "z" : 4.236068
    } ],
    "faces" : [ {
      "vertices" : [ 0, 1, 2 ]
    }, {
      "vertices" : [ 0, 2, 3 ]
    }, {
      "vertices" : [ 0, 3, 2 ]
    }, {
      "vertices" : [ 0, 2, 1 ]
    } ]
  }, {
    "id" : "e20f1d91-bef9-499e-8ef1-9e15e9c11c41",
    "vertices" : [ {
      "x" : 0.809017,
      "y" : -0.5,
      "z" : 2.618034
    }, {
      "x" : 1.309017,
      "y" : -1.309017,
      "z" : 3.927051
    }, {
      "x" : 0.5,
      "y" : -2.618034,
      "z" : 3.427051
    }, {
      "x" : 0.0,
      "y" : -1.809017,
      "z" : 2.118034
    } ],
    "faces" : [ {
      "vertices" : [ 0, 1, 2 ]
    }, {
      "vertices" : [ 0, 2, 3 ]
    }, {
      "vertices" : [ 0, 3, 2 ]
    }, {
      "vertices" : [ 0, 2, 1 ]
    } ]
  }, {
    "id" : "2ad20f21-7ca1-40a6-90ad-c580b0dd311f",
    "vertices" : [ {
      "x" : 2.618034,
      "y" : -0.809017,
      "z" : 0.5
    }, {
      "x" : 3.927051,
      "y" : -1.309017,
      "z" : 1.309017
    }, {
      "x" : 3.427051,
      "y" : -0.5,
      "z" : 2.618034
    }, {
      "x" : 2.118034,
      "y" : 0.0,
      "z" : 1.809017
    } ],
    "faces" : [ {
      "vertices" : [ 0, 1, 2 ]
    }, {
      "vertices" : [ 0, 2, 3 ]
    }, {
      "vertices" : [ 0, 3, 2 ]
    }, {
      "vertices" : [ 0, 2, 1 ]
    } ]
  }, {
    "id" : "7c74c544-06d5-4914-97c9-de594142e497",
    "vertices" : [ {
      "x" : -0.809017,
      "y" : 0.5,
      "z" : -2.618034
    }, {
      "x" : -1.309017,
      "y" : 1.309017,
      "z" : -3.927051
    }, {
      "x" : -2.118034,
      "y" : 1.618034,
      "z" : -3.427051
    }, {
      "x" : -1.618034,
      "y" : 0.809017,
      "z" : -2.118034
    } ],
    "faces" : [ {
      "vertices" : [ 0, 1, 2 ]
    }, {
      "vertices" : [ 0, 2, 3 ]
    }, {
      "vertices" : [ 0, 3, 2 ]
    }, {
      "vertices" : [ 0, 2, 1 ]
    } ]
  }, {
    "id" : "e9ac031a-103e-47ee-afd2-d9efb4b02611",
    "vertices" : [ {
      "x" : 4.236068,
      "y" : 0.809017,
      "z" : 1.118034
    }, {
      "x" : 4.236068,
      "y" : -0.809017,
      "z" : 1.118034
    }, {
      "x" : 4.236068,
      "y" : -0.809017,
      "z" : 0.5
    }, {
      "x" : 4.236068,
      "y" : 0.809017,
      "z" : 0.5
    } ],
    "faces" : [ {
      "vertices" : [ 0, 1, 2 ]
    }, {
      "vertices" : [ 0, 2, 3 ]
    }, {
      "vertices" : [ 0, 3, 2 ]
    }, {
      "vertices" : [ 0, 2, 1 ]
    } ]
  }, {
    "id" : "033e3edb-015b-4217-86eb-38070b2e3f1e",
    "vertices" : [ {
      "x" : 0.5,
      "y" : 2.618034,
      "z" : 0.809017
    }, {
      "x" : 0.5,
      "y" : 4.236068,
      "z" : 0.809017
    }, {
      "x" : 0.5,
      "y" : 4.236068,
      "z" : -0.809017
    }, {
      "x" : 0.5,
      "y" : 2.618034,
      "z" : -0.809017
    } ],
    "faces" : [ {
      "vertices" : [ 0, 1, 2 ]
    }, {
      "vertices" : [ 0, 2, 3 ]
    }, {
      "vertices" : [ 0, 3, 2 ]
    }, {
      "vertices" : [ 0, 2, 1 ]
    } ]
  }, {
    "id" : "e6da7288-8096-42d8-a9c1-873505e7a774",
    "vertices" : [ {
      "x" : -0.5,
      "y" : 2.618034,
      "z" : -0.809017
    }, {
      "x" : -1.309017,
      "y" : 3.927051,
      "z" : -1.309017
    }, {
      "x" : -1.618034,
      "y" : 3.427051,
      "z" : -2.118034
    }, {
      "x" : -0.809017,
      "y" : 2.118034,
      "z" : -1.618034
    } ],
    "faces" : [ {
      "vertices" : [ 0, 1, 2 ]
    }, {
      "vertices" : [ 0, 2, 3 ]
    }, {
      "vertices" : [ 0, 3, 2 ]
    }, {
      "vertices" : [ 0, 2, 1 ]
    } ]
  }, {
    "id" : "abc65274-c11d-4bf1-86d4-b926547422dc",
    "vertices" : [ {
      "x" : 2.118034,
      "y" : -1.618034,
      "z" : -0.809017
    }, {
      "x" : 2.927051,
      "y" : -2.927051,
      "z" : -1.309017
    }, {
      "x" : 2.618034,
      "y" : -3.427051,
      "z" : -0.5
    }, {
      "x" : 1.809017,
      "y" : -2.118034,
      "z" : 0.0
    } ],
