{
  "polygons" : "true",
  "field" : "golden",
  "symmetry" : "icosahedral",
  "orientations" : [ [ 1.0, 0.0, 0.0, 0.0, 0.0, 1.0, 0.0, 0.0, 0.0, 0.0, 1.0, 0.0, 0.0, 0.0, 0.0, 1.0 ], [ 0.0, 0.0, 1.0, 0.0, 1.0, 0.0, 0.0, 0.0, 0.0, 1.0, 0.0, 0.0, 0.0, 0.0, 0.0, 1.0 ], [ 0.0, 1.0, 0.0, 0.0, 0.0, 0.0, 1.0, 0.0, 1.0, 0.0, 0.0, 0.0, 0.0, 0.0, 0.0, 1.0 ], [ 0.809017, 0.309017, 0.5, 0.0, 0.309017, 0.5, -0.809017, 0.0, -0.5, 0.809017, 0.309017, 0.0, 0.0, 0.0, 0.0, 1.0 ], [ -0.5, 0.809017, 0.309017, 0.0, 0.809017, 0.309017, 0.5, 0.0, 0.309017, 0.5, -0.809017, 0.0, 0.0, 0.0, 0.0, 1.0 ], [ 0.309017, 0.5, -0.809017, 0.0, -0.5, 0.809017, 0.309017, 0.0, 0.809017, 0.309017, 0.5, 0.0, 0.0, 0.0, 0.0, 1.0 ], [ 0.5, 0.809017, 0.309017, 0.0, 0.809017, -0.309017, -0.5, 0.0, -0.309017, 0.5, -0.809017, 0.0, 0.0, 0.0, 0.0, 1.0 ], [ -0.309017, 0.5, -0.809017, 0.0, 0.5, 0.809017, 0.309017, 0.0, 0.809017, -0.309017, -0.5, 0.0, 0.0, 0.0, 0.0, 1.0 ], [ 0.809017, -0.309017, -0.5, 0.0, -0.309017, 0.5, -0.809017, 0.0, 0.5, 0.809017, 0.309017, 0.0, 0.0, 0.0, 0.0, 1.0 ], [ 0.5, 0.809017, -0.309017, 0.0, 0.809017, -0.309017, 0.5, 0.0, 0.309017, -0.5, -0.809017, 0.0, 0.0, 0.0, 0.0, 1.0 ], [ 0.309017, -0.5, -0.809017, 0.0, 0.5, 0.809017, -0.309017, 0.0, 0.809017, -0.309017, 0.5, 0.0, 0.0, 0.0, 0.0, 1.0 ], [ 0.809017, -0.309017, 0.5, 0.0, 0.309017, -0.5, -0.809017, 0.0, 0.5, 0.809017, -0.309017, 0.0, 0.0, 0.0, 0.0, 1.0 ], [ 0.809017, 0.309017, -0.5, 0.0, 0.309017, 0.5, 0.809017, 0.0, 0.5, -0.809017, 0.309017, 0.0, 0.0, 0.0, 0.0, 1.0 ], [ 0.5, -0.809017, 0.309017, 0.0, 0.809017, 0.309017, -0.5, 0.0, 0.309017, 0.5, 0.809017, 0.0, 0.0, 0.0, 0.0, 1.0 ], [ 0.309017, 0.5, 0.809017, 0.0, 0.5, -0.809017, 0.309017, 0.0, 0.809017, 0.309017, -0.5, 0.0, 0.0, 0.0, 0.0, 1.0 ], [ 1.0, 0.0, 0.0, 0.0, 0.0, -1.0, 0.0, 0.0, 0.0, 0.0, -1.0, 0.0, 0.0, 0.0, 0.0, 1.0 ], [ 0.0, 0.0, 1.0, 0.0, -1.0, 0.0, 0.0, 0.0, 0.0, -1.0, 0.0, 0.0, 0.0, 0.0, 0.0, 1.0 ], [ 0.0, 1.0, 0.0, 0.0, 0.0, 0.0, -1.0, 0.0, -1.0, 0.0, 0.0, 0.0, 0.0, 0.0, 0.0, 1.0 ], [ 0.809017, 0.309017, 0.5, 0.0, -0.309017, -0.5, 0.809017, 0.0, 0.5, -0.809017, -0.309017, 0.0, 0.0, 0.0, 0.0, 1.0 ], [ -0.5, 0.809017, 0.309017, 0.0, -0.809017, -0.309017, -0.5, 0.0, -0.309017, -0.5, 0.809017, 0.0, 0.0, 0.0, 0.0, 1.0 ], [ 0.309017, 0.5, -0.809017, 0.0, 0.5, -0.809017, -0.309017, 0.0, -0.809017, -0.309017, -0.5, 0.0, 0.0, 0.0, 0.0, 1.0 ], [ 0.5, 0.809017, 0.309017, 0.0, -0.809017, 0.309017, 0.5, 0.0, 0.309017, -0.5, 0.809017, 0.0, 0.0, 0.0, 0.0, 1.0 ], [ -0.309017, 0.5, -0.809017, 0.0, -0.5, -0.809017, -0.309017, 0.0, -0.809017, 0.309017, 0.5, 0.0, 0.0, 0.0, 0.0, 1.0 ], [ 0.809017, -0.309017, -0.5, 0.0, 0.309017, -0.5, 0.809017, 0.0, -0.5, -0.809017, -0.309017, 0.0, 0.0, 0.0, 0.0, 1.0 ], [ 0.5, 0.809017, -0.309017, 0.0, -0.809017, 0.309017, -0.5, 0.0, -0.309017, 0.5, 0.809017, 0.0, 0.0, 0.0, 0.0, 1.0 ], [ 0.309017, -0.5, -0.809017, 0.0, -0.5, -0.809017, 0.309017, 0.0, -0.809017, 0.309017, -0.5, 0.0, 0.0, 0.0, 0.0, 1.0 ], [ 0.809017, -0.309017, 0.5, 0.0, -0.309017, 0.5, 0.809017, 0.0, -0.5, -0.809017, 0.309017, 0.0, 0.0, 0.0, 0.0, 1.0 ], [ 0.809017, 0.309017, -0.5, 0.0, -0.309017, -0.5, -0.809017, 0.0, -0.5, 0.809017, -0.309017, 0.0, 0.0, 0.0, 0.0, 1.0 ], [ 0.5, -0.809017, 0.309017, 0.0, -0.809017, -0.309017, 0.5, 0.0, -0.309017, -0.5, -0.809017, 0.0, 0.0, 0.0, 0.0, 1.0 ], [ 0.309017, 0.5, 0.809017, 0.0, -0.5, 0.809017, -0.309017, 0.0, -0.809017, -0.309017, 0.5, 0.0, 0.0, 0.0, 0.0, 1.0 ], [ -1.0, 0.0, 0.0, 0.0, 0.0, -1.0, 0.0, 0.0, 0.0, 0.0, 1.0, 0.0, 0.0, 0.0, 0.0, 1.0 ], [ 0.0, 0.0, -1.0, 0.0, -1.0, 0.0, 0.0, 0.0, 0.0, 1.0, 0.0, 0.0, 0.0, 0.0, 0.0, 1.0 ], [ 0.0, -1.0, 0.0, 0.0, 0.0, 0.0, -1.0, 0.0, 1.0, 0.0, 0.0, 0.0, 0.0, 0.0, 0.0, 1.0 ], [ -0.809017, -0.309017, -0.5, 0.0, -0.309017, -0.5, 0.809017, 0.0, -0.5, 0.809017, 0.309017, 0.0, 0.0, 0.0, 0.0, 1.0 ], [ 0.5, -0.809017, -0.309017, 0.0, -0.809017, -0.309017, -0.5, 0.0, 0.309017, 0.5, -0.809017, 0.0, 0.0, 0.0, 0.0, 1.0 ], [ -0.309017, -0.5, 0.809017, 0.0, 0.5, -0.809017, -0.309017, 0.0, 0.809017, 0.309017, 0.5, 0.0, 0.0, 0.0, 0.0, 1.0 ], [ -0.5, -0.809017, -0.309017, 0.0, -0.809017, 0.309017, 0.5, 0.0, -0.309017, 0.5, -0.809017, 0.0, 0.0, 0.0, 0.0, 1.0 ], [ 0.309017, -0.5, 0.809017, 0.0, -0.5, -0.809017, -0.309017, 0.0, 0.809017, -0.309017, -0.5, 0.0, 0.0, 0.0, 0.0, 1.0 ], [ -0.809017, 0.309017, 0.5, 0.0, 0.309017, -0.5, 0.809017, 0.0, 0.5, 0.809017, 0.309017, 0.0, 0.0, 0.0, 0.0, 1.0 ], [ -0.5, -0.809017, 0.309017, 0.0, -0.809017, 0.309017, -0.5, 0.0, 0.309017, -0.5, -0.809017, 0.0, 0.0, 0.0, 0.0, 1.0 ], [ -0.309017, 0.5, 0.809017, 0.0, -0.5, -0.809017, 0.309017, 0.0, 0.809017, -0.309017, 0.5, 0.0, 0.0, 0.0, 0.0, 1.0 ], [ -0.809017, 0.309017, -0.5, 0.0, -0.309017, 0.5, 0.809017, 0.0, 0.5, 0.809017, -0.309017, 0.0, 0.0, 0.0, 0.0, 1.0 ], [ -0.809017, -0.309017, 0.5, 0.0, -0.309017, -0.5, -0.809017, 0.0, 0.5, -0.809017, 0.309017, 0.0, 0.0, 0.0, 0.0, 1.0 ], [ -0.5, 0.809017, -0.309017, 0.0, -0.809017, -0.309017, 0.5, 0.0, 0.309017, 0.5, 0.809017, 0.0, 0.0, 0.0, 0.0, 1.0 ], [ -0.309017, -0.5, -0.809017, 0.0, -0.5, 0.809017, -0.309017, 0.0, 0.809017, 0.309017, -0.5, 0.0, 0.0, 0.0, 0.0, 1.0 ], [ -1.0, 0.0, 0.0, 0.0, 0.0, 1.0, 0.0, 0.0, 0.0, 0.0, -1.0, 0.0, 0.0, 0.0, 0.0, 1.0 ], [ 0.0, 0.0, -1.0, 0.0, 1.0, 0.0, 0.0, 0.0, 0.0, -1.0, 0.0, 0.0, 0.0, 0.0, 0.0, 1.0 ], [ 0.0, -1.0, 0.0, 0.0, 0.0, 0.0, 1.0, 0.0, -1.0, 0.0, 0.0, 0.0, 0.0, 0.0, 0.0, 1.0 ], [ -0.809017, -0.309017, -0.5, 0.0, 0.309017, 0.5, -0.809017, 0.0, 0.5, -0.809017, -0.309017, 0.0, 0.0, 0.0, 0.0, 1.0 ], [ 0.5, -0.809017, -0.309017, 0.0, 0.809017, 0.309017, 0.5, 0.0, -0.309017, -0.5, 0.809017, 0.0, 0.0, 0.0, 0.0, 1.0 ], [ -0.309017, -0.5, 0.809017, 0.0, -0.5, 0.809017, 0.309017, 0.0, -0.809017, -0.309017, -0.5, 0.0, 0.0, 0.0, 0.0, 1.0 ], [ -0.5, -0.809017, -0.309017, 0.0, 0.809017, -0.309017, -0.5, 0.0, 0.309017, -0.5, 0.809017, 0.0, 0.0, 0.0, 0.0, 1.0 ], [ 0.309017, -0.5, 0.809017, 0.0, 0.5, 0.809017, 0.309017, 0.0, -0.809017, 0.309017, 0.5, 0.0, 0.0, 0.0, 0.0, 1.0 ], [ -0.809017, 0.309017, 0.5, 0.0, -0.309017, 0.5, -0.809017, 0.0, -0.5, -0.809017, -0.309017, 0.0, 0.0, 0.0, 0.0, 1.0 ], [ -0.5, -0.809017, 0.309017, 0.0, 0.809017, -0.309017, 0.5, 0.0, -0.309017, 0.5, 0.809017, 0.0, 0.0, 0.0, 0.0, 1.0 ], [ -0.309017, 0.5, 0.809017, 0.0, 0.5, 0.809017, -0.309017, 0.0, -0.809017, 0.309017, -0.5, 0.0, 0.0, 0.0, 0.0, 1.0 ], [ -0.809017, 0.309017, -0.5, 0.0, 0.309017, -0.5, -0.809017, 0.0, -0.5, -0.809017, 0.309017, 0.0, 0.0, 0.0, 0.0, 1.0 ], [ -0.809017, -0.309017, 0.5, 0.0, 0.309017, 0.5, 0.809017, 0.0, -0.5, 0.809017, -0.309017, 0.0, 0.0, 0.0, 0.0, 1.0 ], [ -0.5, 0.809017, -0.309017, 0.0, 0.809017, 0.309017, -0.5, 0.0, -0.309017, -0.5, -0.809017, 0.0, 0.0, 0.0, 0.0, 1.0 ], [ -0.309017, -0.5, -0.809017, 0.0, 0.5, -0.809017, 0.309017, 0.0, -0.809017, -0.309017, 0.5, 0.0, 0.0, 0.0, 0.0, 1.0 ] ],
  "lights" : {
    "directionalLights" : [ {
      "direction" : [ 1.0, -1.0, -1.0 ],
      "color" : "#EBEBE4"
    }, {
      "direction" : [ -1.0, 0.0, 0.0 ],
      "color" : "#E4E4EB"
    }, {
      "direction" : [ 0.0, 0.0, -1.0 ],
      "color" : "#1E1E1E"
    } ],
    "ambientColor" : "#292929",
    "backgroundColor" : "#AFC8DC"
  },
  "camera" : {
    "width" : 141.22746,
    "position" : {
      "x" : -180.07617,
      "y" : -79.57985,
      "z" : 229.60391
    },
    "viewDistance" : 313.83878,
    "lookAtPointRV" : {
      "x" : 0.0,
      "y" : -39.230186,
      "z" : -24.245588,
      "zero" : false
    },
    "lookDirectionRV" : {
      "x" : 0.5737856,
      "y" : 0.12856813,
      "z" : -0.8088532,
      "zero" : false
    },
    "upDirectionRV" : {
      "x" : -0.6816354,
      "y" : 0.6224667,
      "z" : -0.38460213,
      "zero" : false
    },
    "fieldOfView" : 0.44262892,
    "perspective" : true,
    "lookAtPoint" : {
      "x" : 0.0,
      "y" : -39.230186,
      "z" : -24.245588
    },
    "upDirection" : {
      "x" : -0.6816354,
      "y" : 0.6224667,
      "z" : -0.38460213
    },
    "stereo" : false,
    "lookDirection" : {
      "x" : 0.5737856,
      "y" : 0.12856813,
      "z" : -0.8088532
    },
    "nearClipDistance" : 0.78459734,
    "farClipDistance" : 627.67737
  },
  "embedding" : [ 1.0, 0.0, 0.0, 0.0, 0.0, 1.0, 0.0, 0.0, 0.0, 0.0, 1.0, 0.0, 0.0, 0.0, 0.0, 1.0 ],
  "shapes" : [ {
    "id" : "312e94df-4aba-4187-9db0-6d85b647eb0a",
    "name" : "ball",
    "vertices" : [ {
      "x" : 0.309017,
      "y" : -0.809017,
      "z" : 0.618034
    }, {
      "x" : 0.809017,
      "y" : -0.618034,
      "z" : 0.309017
    }, {
      "x" : 0.618034,
      "y" : -0.309017,
      "z" : 0.809017
    }, {
      "x" : 1.0,
      "y" : 0.309017,
      "z" : 0.19098301
    }, {
      "x" : 0.809017,
      "y" : 0.618034,
      "z" : 0.309017
    }, {
      "x" : 0.618034,
      "y" : 0.309017,
      "z" : 0.809017
    }, {
      "x" : 0.809017,
      "y" : 0.0,
      "z" : 0.690983
    }, {
      "x" : 0.19098301,
      "y" : -1.0,
      "z" : 0.309017
    }, {
      "x" : -0.19098301,
      "y" : -1.0,
      "z" : 0.309017
    }, {
      "x" : -0.19098301,
      "y" : -1.0,
      "z" : -0.309017
    }, {
      "x" : 0.19098301,
      "y" : -1.0,
      "z" : -0.309017
    }, {
      "x" : 1.0,
      "y" : -0.309017,
      "z" : -0.19098301
    }, {
      "x" : 0.809017,
      "y" : -0.618034,
      "z" : -0.309017
    }, {
      "x" : 0.618034,
      "y" : -0.309017,
      "z" : -0.809017
    }, {
      "x" : 0.809017,
      "y" : 0.0,
      "z" : -0.690983
    }, {
      "x" : 0.0,
      "y" : 0.690983,
      "z" : -0.809017
    }, {
      "x" : 0.309017,
      "y" : 0.809017,
      "z" : -0.618034
    }, {
      "x" : 0.618034,
      "y" : 0.309017,
      "z" : -0.809017
    }, {
      "x" : 0.309017,
      "y" : 0.19098301,
      "z" : -1.0
    }, {
      "x" : 1.0,
      "y" : 0.309017,
      "z" : -0.19098301
    }, {
      "x" : -0.309017,
      "y" : -0.809017,
      "z" : 0.618034
    }, {
      "x" : 0.0,
      "y" : -0.690983,
      "z" : 0.809017
    }, {
      "x" : 0.809017,
      "y" : 0.618034,
      "z" : -0.309017
    }, {
      "x" : 0.690983,
      "y" : 0.809017,
      "z" : 0.0
    }, {
      "x" : -0.690983,
      "y" : 0.809017,
      "z" : 0.0
    }, {
      "x" : -0.809017,
      "y" : 0.618034,
      "z" : 0.309017
    }, {
      "x" : -0.309017,
      "y" : 0.809017,
      "z" : 0.618034
    }, {
      "x" : -0.19098301,
      "y" : 1.0,
      "z" : 0.309017
    }, {
      "x" : 0.309017,
      "y" : -0.19098301,
      "z" : -1.0
    }, {
      "x" : 0.19098301,
      "y" : 1.0,
      "z" : 0.309017
    }, {
      "x" : 0.309017,
      "y" : 0.809017,
      "z" : 0.618034
    }, {
      "x" : -0.809017,
      "y" : -0.618034,
      "z" : 0.309017
    }, {
      "x" : -0.690983,
      "y" : -0.809017,
      "z" : 0.0
    }, {
      "x" : 0.0,
      "y" : 0.690983,
      "z" : 0.809017
    }, {
      "x" : 0.309017,
      "y" : -0.809017,
      "z" : -0.618034
    }, {
      "x" : 0.0,
      "y" : -0.690983,
      "z" : -0.809017
    }, {
      "x" : -1.0,
      "y" : 0.309017,
      "z" : 0.19098301
    }, {
      "x" : -0.809017,
      "y" : 0.0,
      "z" : 0.690983
    }, {
      "x" : -0.618034,
      "y" : 0.309017,
      "z" : 0.809017
    }, {
      "x" : 1.0,
      "y" : -0.309017,
      "z" : 0.19098301
    }, {
      "x" : -0.309017,
      "y" : -0.809017,
      "z" : -0.618034
    }, {
      "x" : -1.0,
      "y" : 0.309017,
      "z" : -0.19098301
    }, {
      "x" : -1.0,
      "y" : -0.309017,
      "z" : -0.19098301
    }, {
      "x" : -1.0,
      "y" : -0.309017,
      "z" : 0.19098301
    }, {
      "x" : 0.19098301,
      "y" : 1.0,
      "z" : -0.309017
    }, {
      "x" : -0.809017,
      "y" : 0.618034,
      "z" : -0.309017
    }, {
      "x" : -0.19098301,
      "y" : 1.0,
      "z" : -0.309017
    }, {
      "x" : -0.309017,
      "y" : 0.809017,
      "z" : -0.618034
    }, {
      "x" : -0.618034,
      "y" : -0.309017,
      "z" : 0.809017
    }, {
      "x" : 0.309017,
      "y" : 0.19098301,
      "z" : 1.0
    }, {
      "x" : -0.309017,
      "y" : 0.19098301,
      "z" : -1.0
    }, {
      "x" : -0.309017,
      "y" : 0.19098301,
      "z" : 1.0
    }, {
      "x" : -0.309017,
      "y" : -0.19098301,
      "z" : 1.0
    }, {
      "x" : 0.309017,
      "y" : -0.19098301,
      "z" : 1.0
    }, {
      "x" : 0.690983,
      "y" : -0.809017,
      "z" : 0.0
    }, {
      "x" : -0.809017,
      "y" : 0.0,
      "z" : -0.690983
    }, {
      "x" : -0.618034,
      "y" : -0.309017,
      "z" : -0.809017
    }, {
      "x" : -0.309017,
      "y" : -0.19098301,
      "z" : -1.0
    }, {
      "x" : -0.618034,
      "y" : 0.309017,
      "z" : -0.809017
    }, {
      "x" : -0.809017,
      "y" : -0.618034,
      "z" : -0.309017
    } ],
    "faces" : [ {
      "vertices" : [ 9, 40, 35, 34, 10 ]
    }, {
      "vertices" : [ 0, 1, 2 ]
    }, {
      "vertices" : [ 33, 51, 49 ]
    }, {
      "vertices" : [ 25, 36, 37, 38 ]
    }, {
      "vertices" : [ 41, 55, 42 ]
    }, {
      "vertices" : [ 9, 32, 59, 40 ]
    }, {
      "vertices" : [ 20, 21, 52, 48 ]
    }, {
      "vertices" : [ 26, 33, 30, 29, 27 ]
    }, {
      "vertices" : [ 3, 4, 5, 6 ]
    }, {
      "vertices" : [ 27, 29, 44, 46 ]
    }, {
      "vertices" : [ 50, 57, 56, 55, 58 ]
    }, {
      "vertices" : [ 26, 38, 51, 33 ]
    }, {
      "vertices" : [ 45, 47, 58 ]
    }, {
      "vertices" : [ 18, 28, 57, 50 ]
    }, {
      "vertices" : [ 40, 59, 56 ]
    }, {
      "vertices" : [ 31, 48, 37, 43 ]
    }, {
      "vertices" : [ 7, 8, 9, 10 ]
    }, {
      "vertices" : [ 36, 41, 42, 43 ]
    }, {
      "vertices" : [ 24, 46, 47, 45 ]
    }, {
      "vertices" : [ 4, 30, 5 ]
    }, {
      "vertices" : [ 15, 47, 46, 44, 16 ]
    }, {
      "vertices" : [ 15, 50, 58, 47 ]
    }, {
      "vertices" : [ 24, 45, 41, 36, 25 ]
    }, {
      "vertices" : [ 11, 14, 19 ]
    }, {
      "vertices" : [ 3, 6, 39 ]
    }, {
      "vertices" : [ 1, 39, 6, 2 ]
    }, {
      "vertices" : [ 8, 32, 9 ]
    }, {
      "vertices" : [ 11, 12, 13, 14 ]
    }, {
      "vertices" : [ 16, 22, 17 ]
    }, {
      "vertices" : [ 0, 21, 20, 8, 7 ]
    }, {
      "vertices" : [ 12, 34, 13 ]
    }, {
      "vertices" : [ 35, 40, 56, 57 ]
    }, {
      "vertices" : [ 0, 7, 54, 1 ]
    }, {
      "vertices" : [ 15, 16, 17, 18 ]
    }, {
      "vertices" : [ 3, 19, 22, 23, 4 ]
    }, {
      "vertices" : [ 7, 10, 54 ]
    }, {
      "vertices" : [ 41, 45, 58, 55 ]
    }, {
      "vertices" : [ 3, 39, 11, 19 ]
    }, {
      "vertices" : [ 14, 17, 22, 19 ]
    }, {
      "vertices" : [ 0, 2, 53, 21 ]
    }, {
      "vertices" : [ 49, 51, 52, 53 ]
    }, {
      "vertices" : [ 31, 43, 42, 59, 32 ]
    }, {
      "vertices" : [ 15, 18, 50 ]
    }, {
      "vertices" : [ 42, 55, 56, 59 ]
    }, {
      "vertices" : [ 4, 23, 29, 30 ]
    }, {
      "vertices" : [ 25, 38, 26 ]
    }, {
      "vertices" : [ 13, 28, 18, 17, 14 ]
    }, {
      "vertices" : [ 8, 20, 31, 32 ]
    }, {
      "vertices" : [ 23, 44, 29 ]
    }, {
      "vertices" : [ 24, 27, 46 ]
    }, {
      "vertices" : [ 37, 48, 52, 51, 38 ]
    }, {
      "vertices" : [ 20, 48, 31 ]
    }, {
      "vertices" : [ 24, 25, 26, 27 ]
    }, {
      "vertices" : [ 16, 44, 23, 22 ]
    }, {
      "vertices" : [ 13, 34, 35, 28 ]
    }, {
      "vertices" : [ 10, 34, 12, 54 ]
    }, {
      "vertices" : [ 2, 6, 5, 49, 53 ]
    }, {
      "vertices" : [ 36, 43, 37 ]
    }, {
      "vertices" : [ 5, 30, 33, 49 ]
    }, {
      "vertices" : [ 1, 54, 12, 11, 39 ]
    }, {
      "vertices" : [ 28, 35, 57 ]
    }, {
      "vertices" : [ 21, 53, 52 ]
    } ]
  }, {
    "id" : "e0f7be3f-5c1f-4450-82f6-3d5f20eac0b4",
    "vertices" : [ {
      "x" : 0.0,
      "y" : 0.0,
      "z" : 0.0
    }, {
      "x" : -6.854102,
      "y" : 4.959675,
      "z" : 0.4472136
    }, {
      "x" : -6.854102,
      "y" : -2.618034,
      "z" : 4.236068
    } ],
    "faces" : [ {
      "vertices" : [ 0, 1, 2 ]
    }, {
      "vertices" : [ 0, 2, 1 ]
    } ]
  }, {
    "id" : "ab6b10da-c6f5-49ac-87bf-e22805cd826e",
    "orbit" : "blue",
    "orbitC" : "[[0,0,1],[0,0,1]]",
    "length" : "[\"1\",\"0\",\"1\"]",
    "name" : "b1",
    "vertices" : [ {
      "x" : 7.472136,
      "y" : 0.309017,
      "z" : 0.19098301
    }, {
      "x" : 7.472136,
      "y" : 0.309017,
      "z" : -0.19098301
    }, {
      "x" : 1.0,
      "y" : 0.309017,
      "z" : -0.19098301
    }, {
      "x" : 1.0,
      "y" : 0.309017,
      "z" : 0.19098301
    }, {
      "x" : 7.472136,
      "y" : -0.309017,
      "z" : 0.19098301
    }, {
      "x" : 1.0,
      "y" : -0.309017,
      "z" : 0.19098301
    }, {
      "x" : 1.0,
      "y" : -0.309017,
      "z" : -0.19098301
    }, {
      "x" : 7.472136,
      "y" : -0.309017,
      "z" : -0.19098301
    }, {
      "x" : 8.472136,
      "y" : 0.0,
      "z" : 0.0
    } ],
    "faces" : [ {
      "vertices" : [ 1, 7, 6, 2 ]
    }, {
      "vertices" : [ 0, 1, 2, 3 ]
    }, {
      "vertices" : [ 4, 5, 6, 7 ]
    }, {
      "vertices" : [ 0, 3, 5, 4 ]
    } ]
  }, {
    "id" : "9d3b79fc-69b7-40a9-a16e-2417c8598897",
    "orbit" : "1",
    "orbitC" : "[[18,-11,5],[3,-1,5]]",
    "length" : "[\"1\",\"0\",\"1\"]",
    "name" : "short",
    "vertices" : [ {
      "x" : 0.5908676,
      "y" : 2.9359863,
      "z" : 6.621411
    }, {
      "x" : 0.19086756,
      "y" : 3.0359862,
      "z" : 6.7214108
    }, {
      "x" : -0.09086756,
      "y" : 0.49106476,
      "z" : 0.5417082
    }, {
      "x" : 0.30913246,
      "y" : 0.39106476,
      "z" : 0.44170815
    }, {
      "x" : 0.3242009,
      "y" : 3.3359861,
      "z" : 6.4880776
    }, {
      "x" : 0.7242009,
      "y" : 3.2359862,
      "z" : 6.3880773
    }, {
      "x" : 0.17579912,
      "y" : 0.091064766,
      "z" : 0.6750415
    }, {
      "x" : -0.22420089,
      "y" : 0.19106476,
      "z" : 0.7750415
    } ],
    "faces" : [ {
      "vertices" : [ 2, 3, 6, 7 ]
    }, {
      "vertices" : [ 0, 5, 4, 1 ]
    }, {
      "vertices" : [ 2, 4, 5, 3 ]
    }, {
      "vertices" : [ 0, 6, 3, 5 ]
    }, {
      "vertices" : [ 0, 1, 7, 6 ]
    }, {
      "vertices" : [ 1, 4, 2, 7 ]
    } ]
  }, {
    "id" : "3d0dc5fe-89b2-4db3-94c9-48bd308cf19e",
    "orbit" : "red",
    "orbitC" : "[[-1,1,1],[0,0,1]]",
    "length" : "[\"-1\",\"1\",\"1\"]",
    "name" : "r0",
    "vertices" : [ {
      "x" : 1.309017,
      "y" : 0.927051,
      "z" : 0.309017
    }, {
      "x" : 2.927051,
      "y" : 1.690983,
      "z" : 0.309017
    }, {
      "x" : 2.736068,
      "y" : 2.0,
      "z" : 0.19098301
    }, {
      "x" : 0.809017,
      "y" : 0.618034,
      "z" : -0.309017
    }, {
      "x" : 0.690983,
      "y" : 0.809017,
      "z" : 0.0
    }, {
      "x" : 1.190983,
      "y" : 1.118034,
      "z" : 0.0
    }, {
      "x" : 1.309017,
      "y" : 0.927051,
      "z" : -0.309017
    }, {
      "x" : 3.427051,
      "y" : 2.0,
      "z" : 0.309017
    }, {
      "x" : 1.5,
      "y" : 0.618034,
      "z" : 0.19098301
    }, {
      "x" : 1.5,
      "y" : 0.618034,
      "z" : -0.19098301
    }, {
      "x" : 3.045085,
      "y" : 1.5,
      "z" : 0.0
    }, {
      "x" : 2.927051,
      "y" : 1.690983,
      "z" : -0.309017
    }, {
      "x" : 3.545085,
      "y" : 1.809017,
      "z" : 0.0
    }, {
      "x" : 1.0,
      "y" : 0.309017,
      "z" : 0.19098301
    }, {
      "x" : 1.0,
      "y" : 0.309017,
      "z" : -0.19098301
    }, {
      "x" : 0.809017,
      "y" : 0.618034,
      "z" : 0.309017
    }, {
      "x" : 3.236068,
      "y" : 2.309017,
      "z" : 0.19098301
    }, {
      "x" : 3.427051,
      "y" : 2.0,
      "z" : -0.309017
    }, {
      "x" : 3.236068,
      "y" : 2.309017,
      "z" : -0.19098301
    }, {
      "x" : 4.236068,
      "y" : 2.618034,
      "z" : 0.0
    }, {
      "x" : 2.736068,
      "y" : 2.0,
      "z" : -0.19098301
    } ],
    "faces" : [ {
      "vertices" : [ 3, 6, 9, 14 ]
    }, {
      "vertices" : [ 11, 20, 18, 17 ]
    }, {
      "vertices" : [ 0, 1, 2 ]
    }, {
      "vertices" : [ 0, 15, 13, 8 ]
    }, {
      "vertices" : [ 6, 20, 11 ]
    }, {
      "vertices" : [ 0, 2, 5 ]
    }, {
      "vertices" : [ 0, 8, 1 ]
    }, {
      "vertices" : [ 8, 13, 14, 9 ]
    }, {
      "vertices" : [ 3, 4, 5, 6 ]
    }, {
      "vertices" : [ 10, 11, 17, 12 ]
    }, {
      "vertices" : [ 1, 8, 10 ]
    }, {
      "vertices" : [ 0, 5, 4, 15 ]
    }, {
      "vertices" : [ 2, 16, 18, 20 ]
    }, {
      "vertices" : [ 1, 7, 16, 2 ]
    }, {
      "vertices" : [ 6, 11, 9 ]
    }, {
      "vertices" : [ 8, 9, 10 ]
    }, {
      "vertices" : [ 2, 20, 5 ]
    }, {
      "vertices" : [ 9, 11, 10 ]
    }, {
      "vertices" : [ 1, 10, 12, 7 ]
    }, {
      "vertices" : [ 5, 20, 6 ]
    } ]
  }, {
    "id" : "2e4ace1f-1507-4f98-8dc2-99c83fe9bb44",
    "vertices" : [ {
      "x" : 0.0,
      "y" : 0.0,
      "z" : 0.0
    }, {
      "x" : 5.236068,
      "y" : 4.236068,
      "z" : 4.236068
    }, {
      "x" : 0.0,
      "y" : 8.472136,
      "z" : 0.0
    } ],
    "faces" : [ {
      "vertices" : [ 0, 1, 2 ]
    }, {
      "vertices" : [ 0, 2, 1 ]
    } ]
  }, {
    "id" : "9db04c5c-d5a3-4c57-8b39-280a59735d82",
    "vertices" : [ {
      "x" : 0.0,
      "y" : 0.0,
      "z" : 0.0
    }, {
      "x" : -0.309017,
      "y" : 2.118034,
      "z" : -7.663119
    }, {
      "x" : -7.163119,
      "y" : -0.5,
      "z" : -3.427051
    } ],
    "faces" : [ {
      "vertices" : [ 0, 1, 2 ]
    }, {
      "vertices" : [ 0, 2, 1 ]
    } ]
  }, {
    "id" : "fe47b1a2-3cf6-460a-800d-49272ea82cec",
    "orbit" : "blue",
    "orbitC" : "[[0,0,1],[0,0,1]]",
    "length" : "[\"-1\",\"1\",\"1\"]",
    "name" : "b0",
    "vertices" : [ {
      "x" : 4.236068,
      "y" : 0.309017,
      "z" : 0.19098301
    }, {
      "x" : 4.236068,
      "y" : 0.309017,
      "z" : -0.19098301
    }, {
      "x" : 1.0,
      "y" : 0.309017,
      "z" : -0.19098301
    }, {
      "x" : 1.0,
      "y" : 0.309017,
      "z" : 0.19098301
    }, {
      "x" : 4.236068,
      "y" : -0.309017,
      "z" : 0.19098301
    }, {
      "x" : 1.0,
      "y" : -0.309017,
      "z" : 0.19098301
    }, {
      "x" : 1.0,
      "y" : -0.309017,
      "z" : -0.19098301
    }, {
      "x" : 4.236068,
      "y" : -0.309017,
      "z" : -0.19098301
    }, {
      "x" : 5.236068,
      "y" : 0.0,
      "z" : 0.0
    } ],
    "faces" : [ {
      "vertices" : [ 1, 7, 6, 2 ]
    }, {
      "vertices" : [ 0, 1, 2, 3 ]
    }, {
      "vertices" : [ 4, 5, 6, 7 ]
    }, {
      "vertices" : [ 0, 3, 5, 4 ]
    } ]
  }, {
    "id" : "d6bef6a1-94be-4f8b-bb51-504ae086c399",
    "orbit" : "0",
    "orbitC" : "[[1,0,2],[0,0,1]]",
    "length" : "[\"1\",\"0\",\"1\"]",
    "name" : "short",
    "vertices" : [ {
      "x" : 3.8016107,
      "y" : 0.39980802,
      "z" : 6.8915095
    }, {
      "x" : 3.7016108,
      "y" : 0.799808,
      "z" : 6.7915096
    }, {
      "x" : 0.43445724,
      "y" : 0.32379878,
      "z" : 0.40980613
    }, {
      "x" : 0.53445727,
      "y" : -0.076201215,
      "z" : 0.50980616
    }, {
      "x" : 4.0016108,
      "y" : 0.93314135,
      "z" : 6.558176
    }, {
      "x" : 4.1016107,
      "y" : 0.5331413,
      "z" : 6.658176
    }, {
      "x" : 0.23445725,
      "y" : -0.20953454,
      "z" : 0.74313945
    }, {
      "x" : 0.13445726,
      "y" : 0.19046545,
      "z" : 0.6431395
    } ],
    "faces" : [ {
      "vertices" : [ 2, 3, 6, 7 ]
    }, {
      "vertices" : [ 0, 5, 4, 1 ]
    }, {
      "vertices" : [ 2, 4, 5, 3 ]
    }, {
      "vertices" : [ 0, 6, 3, 5 ]
    }, {
      "vertices" : [ 0, 1, 7, 6 ]
    }, {
      "vertices" : [ 1, 4, 2, 7 ]
    } ]
  }, {
    "id" : "925e3995-90bc-44dd-ab4e-0b9687906739",
    "vertices" : [ {
      "x" : 0.0,
      "y" : 0.0,
      "z" : 0.0
    }, {
      "x" : -5.236068,
      "y" : -4.236068,
      "z" : -4.236068
    }, {
      "x" : 0.0,
      "y" : -8.472136,
      "z" : 0.0
    } ],
    "faces" : [ {
      "vertices" : [ 0, 1, 2 ]
    }, {
      "vertices" : [ 0, 2, 1 ]
    } ]
  } ],
  "instances" : [ {
    "shape" : "312e94df-4aba-4187-9db0-6d85b647eb0a",
    "color" : "#F2F2F2",
    "position" : {
      "x" : -13.708204,
      "y" : -70.88266,
      "z" : -43.80789
    }
  }, {
    "shape" : "e0f7be3f-5c1f-4450-82f6-3d5f20eac0b4",
    "color" : "#279DA6",
    "position" : {
      "x" : -28.034441,
      "y" : -39.230186,
      "z" : 7.4068885
    },
    "orientation" : 33
  }, {
    "shape" : "ab6b10da-c6f5-49ac-87bf-e22805cd826e",
    "color" : "#008EC2",
    "position" : {
      "x" : 34.27051,
      "y" : -15.43181,
      "z" : -31.09969
    },
    "orientation" : 22
  }, {
    "shape" : "312e94df-4aba-4187-9db0-6d85b647eb0a",
    "color" : "#F2F2F2",
    "position" : {
      "x" : -27.416409,
      "y" : -65.64659,
      "z" : -35.33576
    }
  }, {
    "shape" : "9d3b79fc-69b7-40a9-a16e-2417c8598897",
    "color" : "#FFFFFF",
    "position" : {
      "x" : 4.236068,
      "y" : -0.7236068,
      "z" : -32.717724
    },
    "orientation" : 7
  }, {
    "shape" : "312e94df-4aba-4187-9db0-6d85b647eb0a",
    "color" : "#F2F2F2",
    "position" : {
      "x" : 19.871323,
      "y" : -50.820354,
      "z" : 15.070007
    }
  }, {
    "shape" : "3d0dc5fe-89b2-4db3-94c9-48bd308cf19e",
    "color" : "#D91218",
    "position" : {
      "x" : 23.798374,
      "y" : -58.792492,
      "z" : -50.661995
    },
    "orientation" : 30
  }, {
    "shape" : "ab6b10da-c6f5-49ac-87bf-e22805cd826e",
    "color" : "#008EC2",
    "position" : {
      "x" : 6.854102,
      "y" : -4.959675,
      "z" : -0.4472136
    },
    "orientation" : 26
  }, {
    "shape" : "3d0dc5fe-89b2-4db3-94c9-48bd308cf19e",
    "color" : "#D91218",
    "position" : {
      "x" : 12.09017,
      "y" : -77.73676,
      "z" : -28.481655
    },
    "orientation" : 0
  }, {
    "shape" : "3d0dc5fe-89b2-4db3-94c9-48bd308cf19e",
    "color" : "#D91218",
    "position" : {
      "x" : -15.326238,
      "y" : -10.195743,
      "z" : -0.4472136
    },
    "orientation" : 30
  }, {
    "shape" : "2e4ace1f-1507-4f98-8dc2-99c83fe9bb44",
    "color" : "#279DA6",
    "position" : {
      "x" : -16.944271,
      "y" : -43.46625,
      "z" : 14.26099
    },
    "orientation" : 2
  }, {
    "shape" : "9d3b79fc-69b7-40a9-a16e-2417c8598897",
    "color" : "#FFFFFF",
    "position" : {
      "x" : -43.742645,
      "y" : -51.93839,
      "z" : -24.245588
    },
    "orientation" : 6
  }, {
    "shape" : "ab6b10da-c6f5-49ac-87bf-e22805cd826e",
    "color" : "#008EC2",
    "position" : {
      "x" : -4.236068,
      "y" : -77.73676,
      "z" : -15.773452
    },
    "orientation" : 0
  }, {
    "shape" : "312e94df-4aba-4187-9db0-6d85b647eb0a",
    "color" : "#F2F2F2",
    "position" : {
      "x" : -4.236068,
      "y" : -55.556423,
      "z" : 11.642957
    }
  }, {
    "shape" : "3d0dc5fe-89b2-4db3-94c9-48bd308cf19e",
    "color" : "#D91218",
    "position" : {
      "x" : -19.562305,
      "y" : -12.813777,
      "z" : -48.04396
    },
    "orientation" : 32
  }, {
    "shape" : "3d0dc5fe-89b2-4db3-94c9-48bd308cf19e",
    "color" : "#D91218",
    "position" : {
      "x" : 4.236068,
      "y" : -22.903946,
      "z" : 11.642957
    },
    "orientation" : 31
  }, {
    "shape" : "9db04c5c-d5a3-4c57-8b39-280a59735d82",
    "color" : "#279DA6",
    "position" : {
      "x" : 11.59017,
      "y" : -78.54578,
      "z" : -4.3742647
    },
    "orientation" : 11
  }, {
    "shape" : "312e94df-4aba-4187-9db0-6d85b647eb0a",
    "color" : "#F2F2F2",
    "position" : {
      "x" : 30.652475,
      "y" : -34.994118,
      "z" : 0.5527864
    }
  }, {
    "shape" : "3d0dc5fe-89b2-4db3-94c9-48bd308cf19e",
    "color" : "#D91218",
    "position" : {
      "x" : -23.798374,
      "y" : -19.66788,
      "z" : -50.661995
    },
    "orientation" : 32
  }, {
    "shape" : "9d3b79fc-69b7-40a9-a16e-2417c8598897",
    "color" : "#FFFFFF",
    "position" : {
      "x" : -39.315594,
      "y" : -59.10151,
      "z" : -12.655417
    },
    "orientation" : 29
  }, {
    "shape" : "fe47b1a2-3cf6-460a-800d-49272ea82cec",
    "color" : "#008EC2",
    "position" : {
      "x" : -8.472136,
      "y" : -34.994118,
      "z" : -62.752167
    },
    "orientation" : 1
  }, {
    "shape" : "3d0dc5fe-89b2-4db3-94c9-48bd308cf19e",
    "color" : "#D91218",
    "position" : {
      "x" : -38.506577,
      "y" : -43.46625,
      "z" : -12.155417
    },
    "orientation" : 46
  }, {
    "shape" : "9d3b79fc-69b7-40a9-a16e-2417c8598897",
    "color" : "#FFFFFF",
    "position" : {
      "x" : 24.798374,
      "y" : -8.577709,
      "z" : -28.481655
    },
    "orientation" : 55
  }, {
    "shape" : "312e94df-4aba-4187-9db0-6d85b647eb0a",
    "color" : "#F2F2F2",
    "position" : {
      "x" : 16.326239,
      "y" : -3.3416407,
      "z" : -28.481655
    }
  }, {
    "shape" : "312e94df-4aba-4187-9db0-6d85b647eb0a",
    "color" : "#F2F2F2",
    "position" : {
      "x" : 34.27051,
      "y" : -15.43181,
      "z" : -17.391485
    }
  }, {
    "shape" : "ab6b10da-c6f5-49ac-87bf-e22805cd826e",
    "color" : "#008EC2",
    "position" : {
      "x" : 0.0,
      "y" : -70.88266,
      "z" : 3.7888544
    },
    "orientation" : 51
  }, {
    "shape" : "3d0dc5fe-89b2-4db3-94c9-48bd308cf19e",
    "color" : "#D91218",
    "position" : {
      "x" : -23.798374,
      "y" : -58.792492,
      "z" : -50.661995
    },
    "orientation" : 15
  }, {
    "shape" : "ab6b10da-c6f5-49ac-87bf-e22805cd826e",
    "color" : "#008EC2",
    "position" : {
      "x" : -34.27051,
      "y" : -15.43181,
      "z" : -17.391485
    },
    "orientation" : 37
  }, {
    "shape" : "3d0dc5fe-89b2-4db3-94c9-48bd308cf19e",
    "color" : "#D91218",
    "position" : {
      "x" : 12.09017,
      "y" : -0.7236068,
      "z" : -28.481655
    },
    "orientation" : 15
  }, {
    "shape" : "312e94df-4aba-4187-9db0-6d85b647eb0a",
    "color" : "#F2F2F2",
    "position" : {
      "x" : 13.708204,
      "y" : -7.5777087,
      "z" : -43.80789
    }
  }, {
    "shape" : "fe47b1a2-3cf6-460a-800d-49272ea82cec",
    "color" : "#008EC2",
    "position" : {
      "x" : -31.652475,
      "y" : -19.66788,
      "z" : -10.537383
    },
    "orientation" : 9
  }, {
    "shape" : "ab6b10da-c6f5-49ac-87bf-e22805cd826e",
    "color" : "#008EC2",
    "position" : {
      "x" : 6.854102,
      "y" : -73.500694,
      "z" : -48.04396
    },
    "orientation" : 56
  }, {
    "shape" : "fe47b1a2-3cf6-460a-800d-49272ea82cec",
    "color" : "#008EC2",
    "position" : {
      "x" : -38.506577,
      "y" : -30.758049,
      "z" : -28.481655
    },
    "orientation" : 47
  }, {
    "shape" : "312e94df-4aba-4187-9db0-6d85b647eb0a",
    "color" : "#F2F2F2",
    "position" : {
      "x" : -12.708204,
      "y" : -39.230186,
      "z" : -67.988235
    }
  }, {
    "shape" : "ab6b10da-c6f5-49ac-87bf-e22805cd826e",
    "color" : "#008EC2",
    "position" : {
      "x" : 38.506577,
      "y" : -47.70232,
      "z" : -28.481655
    },
    "orientation" : 2
  }, {
    "shape" : "ab6b10da-c6f5-49ac-87bf-e22805cd826e",
    "color" : "#008EC2",
    "position" : {
      "x" : -31.652475,
      "y" : -67.264626,
      "z" : -24.245588
    },
    "orientation" : 8
  }, {
    "shape" : "312e94df-4aba-4187-9db0-6d85b647eb0a",
    "color" : "#F2F2F2",
    "position" : {
      "x" : 11.59017,
      "y" : -78.54578,
      "z" : -44.11691
    }
  }, {
    "shape" : "e0f7be3f-5c1f-4450-82f6-3d5f20eac0b4",
    "color" : "#279DA6",
    "position" : {
      "x" : 34.27051,
      "y" : -63.028557,
      "z" : -31.09969
    },
    "orientation" : 17
  }, {
    "shape" : "312e94df-4aba-4187-9db0-6d85b647eb0a",
    "color" : "#F2F2F2",
    "position" : {
      "x" : -29.034441,
      "y" : -15.43181,
      "z" : -8.91935
    }
  }, {
    "shape" : "9d3b79fc-69b7-40a9-a16e-2417c8598897",
    "color" : "#FFFFFF",
    "position" : {
      "x" : -12.708204,
      "y" : -50.320354,
      "z" : 11.642957
    },
    "orientation" : 31
  }, {
    "shape" : "ab6b10da-c6f5-49ac-87bf-e22805cd826e",
    "color" : "#008EC2",
    "position" : {
      "x" : 6.854102,
      "y" : -4.959675,
      "z" : -48.04396
    },
    "orientation" : 8
  }, {
    "shape" : "3d0dc5fe-89b2-4db3-94c9-48bd308cf19e",
    "color" : "#D91218",
    "position" : {
      "x" : -23.798374,
      "y" : -19.66788,
      "z" : 2.1708205
    },
    "orientation" : 47
  }, {
    "shape" : "ab6b10da-c6f5-49ac-87bf-e22805cd826e",
    "color" : "#008EC2",
    "position" : {
      "x" : -23.798374,
      "y" : -46.084286,
      "z" : -58.516098
    },
    "orientation" : 40
  }, {
    "shape" : "9db04c5c-d5a3-4c57-8b39-280a59735d82",
    "color" : "#279DA6",
    "position" : {
      "x" : 12.708204,
      "y" : -39.230186,
      "z" : 19.497059
    },
    "orientation" : 43
  }, {
    "shape" : "9d3b79fc-69b7-40a9-a16e-2417c8598897",
    "color" : "#FFFFFF",
    "position" : {
      "x" : 19.562305,
      "y" : -52.93839,
      "z" : 7.4068885
    },
    "orientation" : 43
  }, {
    "shape" : "312e94df-4aba-4187-9db0-6d85b647eb0a",
    "color" : "#F2F2F2",
    "position" : {
      "x" : 38.506577,
      "y" : -43.46625,
      "z" : -12.155417
    }
  }, {
    "shape" : "312e94df-4aba-4187-9db0-6d85b647eb0a",
    "color" : "#F2F2F2",
    "position" : {
      "x" : -26.416409,
      "y" : -19.66788,
      "z" : -2.0652475
    }
  }, {
    "shape" : "d6bef6a1-94be-4f8b-bb51-504ae086c399",
    "color" : "#B8860B",
    "position" : {
      "x" : -31.652475,
      "y" : -11.195743,
      "z" : -24.245588
    },
    "orientation" : 44
  }, {
    "shape" : "3d0dc5fe-89b2-4db3-94c9-48bd308cf19e",
    "color" : "#D91218",
    "position" : {
      "x" : 4.236068,
      "y" : -51.320354,
      "z" : -62.752167
    },
    "orientation" : 31
  }, {
    "shape" : "e0f7be3f-5c1f-4450-82f6-3d5f20eac0b4",
    "color" : "#279DA6",
    "position" : {
      "x" : -38.506577,
      "y" : -22.285913,
      "z" : -28.481655
    },
    "orientation" : 36
  }, {
    "shape" : "312e94df-4aba-4187-9db0-6d85b647eb0a",
    "color" : "#F2F2F2",
    "position" : {
      "x" : 4.236068,
      "y" : -64.02856,
      "z" : 6.4068885
    }
  }, {
    "shape" : "fe47b1a2-3cf6-460a-800d-49272ea82cec",
    "color" : "#008EC2",
    "position" : {
      "x" : -35.888542,
      "y" : -51.93839,
      "z" : -13.155417
    },
    "orientation" : 54
  }, {
    "shape" : "e0f7be3f-5c1f-4450-82f6-3d5f20eac0b4",
    "color" : "#279DA6",
    "position" : {
      "x" : 16.944271,
      "y" : -43.46625,
      "z" : 14.26099
    },
    "orientation" : 43
  }, {
    "shape" : "fe47b1a2-3cf6-460a-800d-49272ea82cec",
    "color" : "#008EC2",
    "position" : {
      "x" : -27.416409,
      "y" : -12.813777,
      "z" : -35.33576
    },
    "orientation" : 22
  }, {
    "shape" : "9d3b79fc-69b7-40a9-a16e-2417c8598897",
    "color" : "#FFFFFF",
    "position" : {
      "x" : -34.27051,
      "y" : -63.028557,
      "z" : -17.391485
    },
    "orientation" : 33
  }, {
    "shape" : "312e94df-4aba-4187-9db0-6d85b647eb0a",
    "color" : "#F2F2F2",
    "position" : {
      "x" : 11.09017,
      "y" : -3.3416407,
      "z" : -11.537383
    }
  }, {
    "shape" : "ab6b10da-c6f5-49ac-87bf-e22805cd826e",
    "color" : "#008EC2",
    "position" : {
      "x" : 34.27051,
      "y" : -63.028557,
      "z" : -31.09969
    },
    "orientation" : 53
  }, {
    "shape" : "e0f7be3f-5c1f-4450-82f6-3d5f20eac0b4",
    "color" : "#279DA6",
    "position" : {
      "x" : 31.652475,
      "y" : -67.264626,
      "z" : -24.245588
    },
    "orientation" : 19
  }, {
    "shape" : "312e94df-4aba-4187-9db0-6d85b647eb0a",
    "color" : "#F2F2F2",
    "position" : {
      "x" : 16.944271,
      "y" : -34.994118,
      "z" : -62.752167
    }
  }, {
    "shape" : "2e4ace1f-1507-4f98-8dc2-99c83fe9bb44",
    "color" : "#279DA6",
    "position" : {
      "x" : -34.27051,
      "y" : -63.028557,
      "z" : -31.09969
    },
    "orientation" : 19
  }, {
    "shape" : "d6bef6a1-94be-4f8b-bb51-504ae086c399",
    "color" : "#B8860B",
    "position" : {
      "x" : -31.652475,
      "y" : -67.264626,
      "z" : -24.245588
    },
    "orientation" : 59
  }, {
    "shape" : "9d3b79fc-69b7-40a9-a16e-2417c8598897",
    "color" : "#FFFFFF",
    "position" : {
      "x" : 0.0,
      "y" : -82.97283,
      "z" : -36.953793
    },
    "orientation" : 7
  }, {
    "shape" : "312e94df-4aba-4187-9db0-6d85b647eb0a",
    "color" : "#F2F2F2",
    "position" : {
      "x" : -38.506577,
      "y" : -34.994118,
      "z" : -36.33576
    }
  }, {
    "shape" : "ab6b10da-c6f5-49ac-87bf-e22805cd826e",
    "color" : "#008EC2",
    "position" : {
      "x" : -4.236068,
      "y" : -0.7236068,
      "z" : -7.301316
    },
    "orientation" : 0
  }, {
    "shape" : "9d3b79fc-69b7-40a9-a16e-2417c8598897",
    "color" : "#FFFFFF",
    "position" : {
      "x" : -19.871323,
      "y" : -50.820354,
      "z" : 15.070007
    },
    "orientation" : 26
  }, {
    "shape" : "925e3995-90bc-44dd-ab4e-0b9687906739",
    "color" : "#279DA6",
    "position" : {
      "x" : -4.236068,
      "y" : -77.73676,
      "z" : -41.189857
    },
    "orientation" : 46
  }, {
    "shape" : "ab6b10da-c6f5-49ac-87bf-e22805cd826e",
    "color" : "#008EC2",
    "position" : {
      "x" : -38.506577,
      "y" : -56.174458,
      "z" : -28.481655
    },
    "orientation" : 52
  }, {
    "shape" : "312e94df-4aba-4187-9db0-6d85b647eb0a",
    "color" : "#F2F2F2",
    "position" : {
      "x" : -27.416409,
      "y" : -65.64659,
      "z" : -13.155417
    }
  }, {
    "shape" : "ab6b10da-c6f5-49ac-87bf-e22805cd826e",
    "color" : "#008EC2",
    "position" : {
      "x" : 38.506577,
      "y" : -30.758049,
      "z" : -20.00952
    },
    "orientation" : 47
  }, {
    "shape" : "9d3b79fc-69b7-40a9-a16e-2417c8598897",
    "color" : "#FFFFFF",
    "position" : {
      "x" : 31.461493,
      "y" : -46.393303,
      "z" : -56.398064
    },
    "orientation" : 54
  }, {
    "shape" : "9db04c5c-d5a3-4c57-8b39-280a59735d82",
    "color" : "#279DA6",
    "position" : {
      "x" : 32.152477,
      "y" : -70.69168,
      "z" : -31.408707
    },
    "orientation" : 37
  }, {
    "shape" : "3d0dc5fe-89b2-4db3-94c9-48bd308cf19e",
    "color" : "#D91218",
    "position" : {
      "x" : 12.09017,
      "y" : -0.7236068,
      "z" : -20.00952
    },
    "orientation" : 15
  }, {
    "shape" : "312e94df-4aba-4187-9db0-6d85b647eb0a",
    "color" : "#F2F2F2",
    "position" : {
      "x" : 24.798374,
      "y" : -69.88266,
      "z" : -28.481655
    }
  }, {
    "shape" : "312e94df-4aba-4187-9db0-6d85b647eb0a",
    "color" : "#F2F2F2",
    "position" : {
      "x" : -12.09017,
      "y" : -0.7236068,
      "z" : -28.481655
    }
  }, {
    "shape" : "312e94df-4aba-4187-9db0-6d85b647eb0a",
    "color" : "#F2F2F2",
    "position" : {
      "x" : 38.506577,
      "y" : -22.285913,
      "z" : -20.00952
    }
  }, {
    "shape" : "ab6b10da-c6f5-49ac-87bf-e22805cd826e",
    "color" : "#008EC2",
    "position" : {
      "x" : 16.944271,
      "y" : -43.46625,
      "z" : -62.752167
    },
    "orientation" : 39
  }, {
    "shape" : "d6bef6a1-94be-4f8b-bb51-504ae086c399",
    "color" : "#B8860B",
    "position" : {
      "x" : 4.236068,
      "y" : -0.7236068,
      "z" : -7.301316
    },
    "orientation" : 5
  }, {
    "shape" : "9db04c5c-d5a3-4c57-8b39-280a59735d82",
    "color" : "#279DA6",
    "position" : {
      "x" : -7.163119,
      "y" : -7.0777087,
      "z" : -55.70708
    },
    "orientation" : 23
  }, {
    "shape" : "312e94df-4aba-4187-9db0-6d85b647eb0a",
    "color" : "#F2F2F2",
    "position" : {
      "x" : -11.09017,
      "y" : -66.64659,
      "z" : 2.1708205
    }
  }, {
    "shape" : "312e94df-4aba-4187-9db0-6d85b647eb0a",
    "color" : "#F2F2F2",
    "position" : {
      "x" : -34.27051,
      "y" : -15.43181,
      "z" : -31.09969
    }
  }, {
    "shape" : "ab6b10da-c6f5-49ac-87bf-e22805cd826e",
    "color" : "#008EC2",
    "position" : {
      "x" : 12.708204,
      "y" : -50.320354,
      "z" : 11.642957
    },
    "orientation" : 26
  }, {
