{
  "polygons" : "true",
  "field" : "golden",
  "symmetry" : "icosahedral",
  "orientations" : [ [ 1.0, 0.0, 0.0, 0.0, 0.0, 1.0, 0.0, 0.0, 0.0, 0.0, 1.0, 0.0, 0.0, 0.0, 0.0, 1.0 ], [ 0.0, 0.0, 1.0, 0.0, 1.0, 0.0, 0.0, 0.0, 0.0, 1.0, 0.0, 0.0, 0.0, 0.0, 0.0, 1.0 ], [ 0.0, 1.0, 0.0, 0.0, 0.0, 0.0, 1.0, 0.0, 1.0, 0.0, 0.0, 0.0, 0.0, 0.0, 0.0, 1.0 ], [ 0.809017, 0.309017, 0.5, 0.0, 0.309017, 0.5, -0.809017, 0.0, -0.5, 0.809017, 0.309017, 0.0, 0.0, 0.0, 0.0, 1.0 ], [ -0.5, 0.809017, 0.309017, 0.0, 0.809017, 0.309017, 0.5, 0.0, 0.309017, 0.5, -0.809017, 0.0, 0.0, 0.0, 0.0, 1.0 ], [ 0.309017, 0.5, -0.809017, 0.0, -0.5, 0.809017, 0.309017, 0.0, 0.809017, 0.309017, 0.5, 0.0, 0.0, 0.0, 0.0, 1.0 ], [ 0.5, 0.809017, 0.309017, 0.0, 0.809017, -0.309017, -0.5, 0.0, -0.309017, 0.5, -0.809017, 0.0, 0.0, 0.0, 0.0, 1.0 ], [ -0.309017, 0.5, -0.809017, 0.0, 0.5, 0.809017, 0.309017, 0.0, 0.809017, -0.309017, -0.5, 0.0, 0.0, 0.0, 0.0, 1.0 ], [ 0.809017, -0.309017, -0.5, 0.0, -0.309017, 0.5, -0.809017, 0.0, 0.5, 0.809017, 0.309017, 0.0, 0.0, 0.0, 0.0, 1.0 ], [ 0.5, 0.809017, -0.309017, 0.0, 0.809017, -0.309017, 0.5, 0.0, 0.309017, -0.5, -0.809017, 0.0, 0.0, 0.0, 0.0, 1.0 ], [ 0.309017, -0.5, -0.809017, 0.0, 0.5, 0.809017, -0.309017, 0.0, 0.809017, -0.309017, 0.5, 0.0, 0.0, 0.0, 0.0, 1.0 ], [ 0.809017, -0.309017, 0.5, 0.0, 0.309017, -0.5, -0.809017, 0.0, 0.5, 0.809017, -0.309017, 0.0, 0.0, 0.0, 0.0, 1.0 ], [ 0.809017, 0.309017, -0.5, 0.0, 0.309017, 0.5, 0.809017, 0.0, 0.5, -0.809017, 0.309017, 0.0, 0.0, 0.0, 0.0, 1.0 ], [ 0.5, -0.809017, 0.309017, 0.0, 0.809017, 0.309017, -0.5, 0.0, 0.309017, 0.5, 0.809017, 0.0, 0.0, 0.0, 0.0, 1.0 ], [ 0.309017, 0.5, 0.809017, 0.0, 0.5, -0.809017, 0.309017, 0.0, 0.809017, 0.309017, -0.5, 0.0, 0.0, 0.0, 0.0, 1.0 ], [ 1.0, 0.0, 0.0, 0.0, 0.0, -1.0, 0.0, 0.0, 0.0, 0.0, -1.0, 0.0, 0.0, 0.0, 0.0, 1.0 ], [ 0.0, 0.0, 1.0, 0.0, -1.0, 0.0, 0.0, 0.0, 0.0, -1.0, 0.0, 0.0, 0.0, 0.0, 0.0, 1.0 ], [ 0.0, 1.0, 0.0, 0.0, 0.0, 0.0, -1.0, 0.0, -1.0, 0.0, 0.0, 0.0, 0.0, 0.0, 0.0, 1.0 ], [ 0.809017, 0.309017, 0.5, 0.0, -0.309017, -0.5, 0.809017, 0.0, 0.5, -0.809017, -0.309017, 0.0, 0.0, 0.0, 0.0, 1.0 ], [ -0.5, 0.809017, 0.309017, 0.0, -0.809017, -0.309017, -0.5, 0.0, -0.309017, -0.5, 0.809017, 0.0, 0.0, 0.0, 0.0, 1.0 ], [ 0.309017, 0.5, -0.809017, 0.0, 0.5, -0.809017, -0.309017, 0.0, -0.809017, -0.309017, -0.5, 0.0, 0.0, 0.0, 0.0, 1.0 ], [ 0.5, 0.809017, 0.309017, 0.0, -0.809017, 0.309017, 0.5, 0.0, 0.309017, -0.5, 0.809017, 0.0, 0.0, 0.0, 0.0, 1.0 ], [ -0.309017, 0.5, -0.809017, 0.0, -0.5, -0.809017, -0.309017, 0.0, -0.809017, 0.309017, 0.5, 0.0, 0.0, 0.0, 0.0, 1.0 ], [ 0.809017, -0.309017, -0.5, 0.0, 0.309017, -0.5, 0.809017, 0.0, -0.5, -0.809017, -0.309017, 0.0, 0.0, 0.0, 0.0, 1.0 ], [ 0.5, 0.809017, -0.309017, 0.0, -0.809017, 0.309017, -0.5, 0.0, -0.309017, 0.5, 0.809017, 0.0, 0.0, 0.0, 0.0, 1.0 ], [ 0.309017, -0.5, -0.809017, 0.0, -0.5, -0.809017, 0.309017, 0.0, -0.809017, 0.309017, -0.5, 0.0, 0.0, 0.0, 0.0, 1.0 ], [ 0.809017, -0.309017, 0.5, 0.0, -0.309017, 0.5, 0.809017, 0.0, -0.5, -0.809017, 0.309017, 0.0, 0.0, 0.0, 0.0, 1.0 ], [ 0.809017, 0.309017, -0.5, 0.0, -0.309017, -0.5, -0.809017, 0.0, -0.5, 0.809017, -0.309017, 0.0, 0.0, 0.0, 0.0, 1.0 ], [ 0.5, -0.809017, 0.309017, 0.0, -0.809017, -0.309017, 0.5, 0.0, -0.309017, -0.5, -0.809017, 0.0, 0.0, 0.0, 0.0, 1.0 ], [ 0.309017, 0.5, 0.809017, 0.0, -0.5, 0.809017, -0.309017, 0.0, -0.809017, -0.309017, 0.5, 0.0, 0.0, 0.0, 0.0, 1.0 ], [ -1.0, 0.0, 0.0, 0.0, 0.0, -1.0, 0.0, 0.0, 0.0, 0.0, 1.0, 0.0, 0.0, 0.0, 0.0, 1.0 ], [ 0.0, 0.0, -1.0, 0.0, -1.0, 0.0, 0.0, 0.0, 0.0, 1.0, 0.0, 0.0, 0.0, 0.0, 0.0, 1.0 ], [ 0.0, -1.0, 0.0, 0.0, 0.0, 0.0, -1.0, 0.0, 1.0, 0.0, 0.0, 0.0, 0.0, 0.0, 0.0, 1.0 ], [ -0.809017, -0.309017, -0.5, 0.0, -0.309017, -0.5, 0.809017, 0.0, -0.5, 0.809017, 0.309017, 0.0, 0.0, 0.0, 0.0, 1.0 ], [ 0.5, -0.809017, -0.309017, 0.0, -0.809017, -0.309017, -0.5, 0.0, 0.309017, 0.5, -0.809017, 0.0, 0.0, 0.0, 0.0, 1.0 ], [ -0.309017, -0.5, 0.809017, 0.0, 0.5, -0.809017, -0.309017, 0.0, 0.809017, 0.309017, 0.5, 0.0, 0.0, 0.0, 0.0, 1.0 ], [ -0.5, -0.809017, -0.309017, 0.0, -0.809017, 0.309017, 0.5, 0.0, -0.309017, 0.5, -0.809017, 0.0, 0.0, 0.0, 0.0, 1.0 ], [ 0.309017, -0.5, 0.809017, 0.0, -0.5, -0.809017, -0.309017, 0.0, 0.809017, -0.309017, -0.5, 0.0, 0.0, 0.0, 0.0, 1.0 ], [ -0.809017, 0.309017, 0.5, 0.0, 0.309017, -0.5, 0.809017, 0.0, 0.5, 0.809017, 0.309017, 0.0, 0.0, 0.0, 0.0, 1.0 ], [ -0.5, -0.809017, 0.309017, 0.0, -0.809017, 0.309017, -0.5, 0.0, 0.309017, -0.5, -0.809017, 0.0, 0.0, 0.0, 0.0, 1.0 ], [ -0.309017, 0.5, 0.809017, 0.0, -0.5, -0.809017, 0.309017, 0.0, 0.809017, -0.309017, 0.5, 0.0, 0.0, 0.0, 0.0, 1.0 ], [ -0.809017, 0.309017, -0.5, 0.0, -0.309017, 0.5, 0.809017, 0.0, 0.5, 0.809017, -0.309017, 0.0, 0.0, 0.0, 0.0, 1.0 ], [ -0.809017, -0.309017, 0.5, 0.0, -0.309017, -0.5, -0.809017, 0.0, 0.5, -0.809017, 0.309017, 0.0, 0.0, 0.0, 0.0, 1.0 ], [ -0.5, 0.809017, -0.309017, 0.0, -0.809017, -0.309017, 0.5, 0.0, 0.309017, 0.5, 0.809017, 0.0, 0.0, 0.0, 0.0, 1.0 ], [ -0.309017, -0.5, -0.809017, 0.0, -0.5, 0.809017, -0.309017, 0.0, 0.809017, 0.309017, -0.5, 0.0, 0.0, 0.0, 0.0, 1.0 ], [ -1.0, 0.0, 0.0, 0.0, 0.0, 1.0, 0.0, 0.0, 0.0, 0.0, -1.0, 0.0, 0.0, 0.0, 0.0, 1.0 ], [ 0.0, 0.0, -1.0, 0.0, 1.0, 0.0, 0.0, 0.0, 0.0, -1.0, 0.0, 0.0, 0.0, 0.0, 0.0, 1.0 ], [ 0.0, -1.0, 0.0, 0.0, 0.0, 0.0, 1.0, 0.0, -1.0, 0.0, 0.0, 0.0, 0.0, 0.0, 0.0, 1.0 ], [ -0.809017, -0.309017, -0.5, 0.0, 0.309017, 0.5, -0.809017, 0.0, 0.5, -0.809017, -0.309017, 0.0, 0.0, 0.0, 0.0, 1.0 ], [ 0.5, -0.809017, -0.309017, 0.0, 0.809017, 0.309017, 0.5, 0.0, -0.309017, -0.5, 0.809017, 0.0, 0.0, 0.0, 0.0, 1.0 ], [ -0.309017, -0.5, 0.809017, 0.0, -0.5, 0.809017, 0.309017, 0.0, -0.809017, -0.309017, -0.5, 0.0, 0.0, 0.0, 0.0, 1.0 ], [ -0.5, -0.809017, -0.309017, 0.0, 0.809017, -0.309017, -0.5, 0.0, 0.309017, -0.5, 0.809017, 0.0, 0.0, 0.0, 0.0, 1.0 ], [ 0.309017, -0.5, 0.809017, 0.0, 0.5, 0.809017, 0.309017, 0.0, -0.809017, 0.309017, 0.5, 0.0, 0.0, 0.0, 0.0, 1.0 ], [ -0.809017, 0.309017, 0.5, 0.0, -0.309017, 0.5, -0.809017, 0.0, -0.5, -0.809017, -0.309017, 0.0, 0.0, 0.0, 0.0, 1.0 ], [ -0.5, -0.809017, 0.309017, 0.0, 0.809017, -0.309017, 0.5, 0.0, -0.309017, 0.5, 0.809017, 0.0, 0.0, 0.0, 0.0, 1.0 ], [ -0.309017, 0.5, 0.809017, 0.0, 0.5, 0.809017, -0.309017, 0.0, -0.809017, 0.309017, -0.5, 0.0, 0.0, 0.0, 0.0, 1.0 ], [ -0.809017, 0.309017, -0.5, 0.0, 0.309017, -0.5, -0.809017, 0.0, -0.5, -0.809017, 0.309017, 0.0, 0.0, 0.0, 0.0, 1.0 ], [ -0.809017, -0.309017, 0.5, 0.0, 0.309017, 0.5, 0.809017, 0.0, -0.5, 0.809017, -0.309017, 0.0, 0.0, 0.0, 0.0, 1.0 ], [ -0.5, 0.809017, -0.309017, 0.0, 0.809017, 0.309017, -0.5, 0.0, -0.309017, -0.5, -0.809017, 0.0, 0.0, 0.0, 0.0, 1.0 ], [ -0.309017, -0.5, -0.809017, 0.0, 0.5, -0.809017, 0.309017, 0.0, -0.809017, -0.309017, 0.5, 0.0, 0.0, 0.0, 0.0, 1.0 ] ],
  "lights" : {
    "ambientColor" : "#292929",
    "backgroundColor" : "#000000",
    "directionalLights" : [ {
      "direction" : [ 1.0, -1.0, -1.0 ],
      "color" : "#EBEBE4"
    }, {
      "direction" : [ -1.0, 0.0, 0.0 ],
      "color" : "#E4E4EB"
    }, {
      "direction" : [ 0.0, 0.0, -1.0 ],
      "color" : "#1E1E1E"
    } ]
  },
  "camera" : {
    "lookDirection" : {
      "x" : -0.5257311,
      "y" : 0.0,
      "z" : 0.8506508
    },
    "upDirection" : {
      "x" : 0.809017,
      "y" : 0.309017,
      "z" : 0.5
    },
    "lookAtPoint" : {
      "x" : 0.0,
      "y" : 0.0,
      "z" : 0.0
    },
    "viewDistance" : 671.07416,
    "nearClipDistance" : 1.6776843,
    "farClipDistance" : 1342.1467,
    "fieldOfView" : 0.44262883,
    "perspective" : false,
    "stereo" : false,
    "width" : 301.98334,
    "position" : {
      "x" : 352.80453,
      "y" : 0.0,
      "z" : -570.84973
    }
  },
  "embedding" : [ 1.0, 0.0, 0.0, 0.0, 0.0, 1.0, 0.0, 0.0, 0.0, 0.0, 1.0, 0.0, 0.0, 0.0, 0.0, 1.0 ],
  "shapes" : [ {
    "id" : "a469932a-63b5-4570-b258-762363200c89",
    "orbit" : "3",
    "name" : " :2 +3*phi",
    "vertices" : [ {
      "x" : -0.26666668,
      "y" : -42.35557,
      "z" : -16.944803
    }, {
      "x" : 0.13333334,
      "y" : -42.25557,
      "z" : -16.844805
    }, {
      "x" : 0.26666668,
      "y" : -0.47724473,
      "z" : -0.36014766
    }, {
      "x" : -0.13333334,
      "y" : -0.57724476,
      "z" : -0.46014765
    }, {
      "x" : 0.26666668,
      "y" : -42.022236,
      "z" : -17.144804
    }, {
      "x" : -0.13333334,
      "y" : -42.12224,
      "z" : -17.244804
    }, {
      "x" : -0.26666668,
      "y" : -0.8105781,
      "z" : -0.16014764
    }, {
      "x" : 0.13333334,
      "y" : -0.7105781,
      "z" : -0.06014764
    } ],
    "faces" : [ {
      "vertices" : [ 2, 3, 6, 7 ]
    }, {
      "vertices" : [ 0, 5, 4, 1 ]
    }, {
      "vertices" : [ 2, 4, 5, 3 ]
    }, {
      "vertices" : [ 0, 6, 3, 5 ]
    }, {
      "vertices" : [ 0, 1, 7, 6 ]
    }, {
      "vertices" : [ 1, 4, 2, 7 ]
    } ]
  }, {
    "id" : "2f755d52-45db-4665-9aa6-30bae9bf6a9f",
    "name" : "ball",
    "vertices" : [ {
      "x" : 0.309017,
      "y" : -0.809017,
      "z" : 0.618034
    }, {
      "x" : 0.809017,
      "y" : -0.618034,
      "z" : 0.309017
    }, {
      "x" : 0.618034,
      "y" : -0.309017,
      "z" : 0.809017
    }, {
      "x" : 1.0,
      "y" : 0.309017,
      "z" : 0.19098301
    }, {
      "x" : 0.809017,
      "y" : 0.618034,
      "z" : 0.309017
    }, {
      "x" : 0.618034,
      "y" : 0.309017,
      "z" : 0.809017
    }, {
      "x" : 0.809017,
      "y" : 0.0,
      "z" : 0.690983
    }, {
      "x" : 0.19098301,
      "y" : -1.0,
      "z" : 0.309017
    }, {
      "x" : -0.19098301,
      "y" : -1.0,
      "z" : 0.309017
    }, {
      "x" : -0.19098301,
      "y" : -1.0,
      "z" : -0.309017
    }, {
      "x" : 0.19098301,
      "y" : -1.0,
      "z" : -0.309017
    }, {
      "x" : 1.0,
      "y" : -0.309017,
      "z" : -0.19098301
    }, {
      "x" : 0.809017,
      "y" : -0.618034,
      "z" : -0.309017
    }, {
      "x" : 0.618034,
      "y" : -0.309017,
      "z" : -0.809017
    }, {
      "x" : 0.809017,
      "y" : 0.0,
      "z" : -0.690983
    }, {
      "x" : 0.0,
      "y" : 0.690983,
      "z" : -0.809017
    }, {
      "x" : 0.309017,
      "y" : 0.809017,
      "z" : -0.618034
    }, {
      "x" : 0.618034,
      "y" : 0.309017,
      "z" : -0.809017
    }, {
      "x" : 0.309017,
      "y" : 0.19098301,
      "z" : -1.0
    }, {
      "x" : 1.0,
      "y" : 0.309017,
      "z" : -0.19098301
    }, {
      "x" : -0.309017,
      "y" : -0.809017,
      "z" : 0.618034
    }, {
      "x" : 0.0,
      "y" : -0.690983,
      "z" : 0.809017
    }, {
      "x" : 0.809017,
      "y" : 0.618034,
      "z" : -0.309017
    }, {
      "x" : 0.690983,
      "y" : 0.809017,
      "z" : 0.0
    }, {
      "x" : -0.690983,
      "y" : 0.809017,
      "z" : 0.0
    }, {
      "x" : -0.809017,
      "y" : 0.618034,
      "z" : 0.309017
    }, {
      "x" : -0.309017,
      "y" : 0.809017,
      "z" : 0.618034
    }, {
      "x" : -0.19098301,
      "y" : 1.0,
      "z" : 0.309017
    }, {
      "x" : 0.309017,
      "y" : -0.19098301,
      "z" : -1.0
    }, {
      "x" : 0.19098301,
      "y" : 1.0,
      "z" : 0.309017
    }, {
      "x" : 0.309017,
      "y" : 0.809017,
      "z" : 0.618034
    }, {
      "x" : -0.809017,
      "y" : -0.618034,
      "z" : 0.309017
    }, {
      "x" : -0.690983,
      "y" : -0.809017,
      "z" : 0.0
    }, {
      "x" : 0.0,
      "y" : 0.690983,
      "z" : 0.809017
    }, {
      "x" : 0.309017,
      "y" : -0.809017,
      "z" : -0.618034
    }, {
      "x" : 0.0,
      "y" : -0.690983,
      "z" : -0.809017
    }, {
      "x" : -1.0,
      "y" : 0.309017,
      "z" : 0.19098301
    }, {
      "x" : -0.809017,
      "y" : 0.0,
      "z" : 0.690983
    }, {
      "x" : -0.618034,
      "y" : 0.309017,
      "z" : 0.809017
    }, {
      "x" : 1.0,
      "y" : -0.309017,
      "z" : 0.19098301
    }, {
      "x" : -0.309017,
      "y" : -0.809017,
      "z" : -0.618034
    }, {
      "x" : -1.0,
      "y" : 0.309017,
      "z" : -0.19098301
    }, {
      "x" : -1.0,
      "y" : -0.309017,
      "z" : -0.19098301
    }, {
      "x" : -1.0,
      "y" : -0.309017,
      "z" : 0.19098301
    }, {
      "x" : 0.19098301,
      "y" : 1.0,
      "z" : -0.309017
    }, {
      "x" : -0.809017,
      "y" : 0.618034,
      "z" : -0.309017
    }, {
      "x" : -0.19098301,
      "y" : 1.0,
      "z" : -0.309017
    }, {
      "x" : -0.309017,
      "y" : 0.809017,
      "z" : -0.618034
    }, {
      "x" : -0.618034,
      "y" : -0.309017,
      "z" : 0.809017
    }, {
      "x" : 0.309017,
      "y" : 0.19098301,
      "z" : 1.0
    }, {
      "x" : -0.309017,
      "y" : 0.19098301,
      "z" : -1.0
    }, {
      "x" : -0.309017,
      "y" : 0.19098301,
      "z" : 1.0
    }, {
      "x" : -0.309017,
      "y" : -0.19098301,
      "z" : 1.0
    }, {
      "x" : 0.309017,
      "y" : -0.19098301,
      "z" : 1.0
    }, {
      "x" : 0.690983,
      "y" : -0.809017,
      "z" : 0.0
    }, {
      "x" : -0.809017,
      "y" : 0.0,
      "z" : -0.690983
    }, {
      "x" : -0.618034,
      "y" : -0.309017,
      "z" : -0.809017
    }, {
      "x" : -0.309017,
      "y" : -0.19098301,
      "z" : -1.0
    }, {
      "x" : -0.618034,
      "y" : 0.309017,
      "z" : -0.809017
    }, {
      "x" : -0.809017,
      "y" : -0.618034,
      "z" : -0.309017
    } ],
    "faces" : [ {
      "vertices" : [ 9, 40, 35, 34, 10 ]
    }, {
      "vertices" : [ 0, 1, 2 ]
    }, {
      "vertices" : [ 33, 51, 49 ]
    }, {
      "vertices" : [ 25, 36, 37, 38 ]
    }, {
      "vertices" : [ 41, 55, 42 ]
    }, {
      "vertices" : [ 9, 32, 59, 40 ]
    }, {
      "vertices" : [ 20, 21, 52, 48 ]
    }, {
      "vertices" : [ 26, 33, 30, 29, 27 ]
    }, {
      "vertices" : [ 3, 4, 5, 6 ]
    }, {
      "vertices" : [ 27, 29, 44, 46 ]
    }, {
      "vertices" : [ 50, 57, 56, 55, 58 ]
    }, {
      "vertices" : [ 26, 38, 51, 33 ]
    }, {
      "vertices" : [ 45, 47, 58 ]
    }, {
      "vertices" : [ 18, 28, 57, 50 ]
    }, {
      "vertices" : [ 40, 59, 56 ]
    }, {
      "vertices" : [ 31, 48, 37, 43 ]
    }, {
      "vertices" : [ 7, 8, 9, 10 ]
    }, {
      "vertices" : [ 36, 41, 42, 43 ]
    }, {
      "vertices" : [ 24, 46, 47, 45 ]
    }, {
      "vertices" : [ 4, 30, 5 ]
    }, {
      "vertices" : [ 15, 47, 46, 44, 16 ]
    }, {
      "vertices" : [ 15, 50, 58, 47 ]
    }, {
      "vertices" : [ 24, 45, 41, 36, 25 ]
    }, {
      "vertices" : [ 11, 14, 19 ]
    }, {
      "vertices" : [ 3, 6, 39 ]
    }, {
      "vertices" : [ 1, 39, 6, 2 ]
    }, {
      "vertices" : [ 8, 32, 9 ]
    }, {
      "vertices" : [ 11, 12, 13, 14 ]
    }, {
      "vertices" : [ 16, 22, 17 ]
    }, {
      "vertices" : [ 0, 21, 20, 8, 7 ]
    }, {
      "vertices" : [ 12, 34, 13 ]
    }, {
      "vertices" : [ 35, 40, 56, 57 ]
    }, {
      "vertices" : [ 0, 7, 54, 1 ]
    }, {
      "vertices" : [ 15, 16, 17, 18 ]
    }, {
      "vertices" : [ 3, 19, 22, 23, 4 ]
    }, {
      "vertices" : [ 7, 10, 54 ]
    }, {
      "vertices" : [ 41, 45, 58, 55 ]
    }, {
      "vertices" : [ 3, 39, 11, 19 ]
    }, {
      "vertices" : [ 14, 17, 22, 19 ]
    }, {
      "vertices" : [ 0, 2, 53, 21 ]
    }, {
      "vertices" : [ 49, 51, 52, 53 ]
    }, {
      "vertices" : [ 31, 43, 42, 59, 32 ]
    }, {
      "vertices" : [ 15, 18, 50 ]
    }, {
      "vertices" : [ 42, 55, 56, 59 ]
    }, {
      "vertices" : [ 4, 23, 29, 30 ]
    }, {
      "vertices" : [ 25, 38, 26 ]
    }, {
      "vertices" : [ 13, 28, 18, 17, 14 ]
    }, {
      "vertices" : [ 8, 20, 31, 32 ]
    }, {
      "vertices" : [ 23, 44, 29 ]
    }, {
      "vertices" : [ 24, 27, 46 ]
    }, {
      "vertices" : [ 37, 48, 52, 51, 38 ]
    }, {
      "vertices" : [ 20, 48, 31 ]
    }, {
      "vertices" : [ 24, 25, 26, 27 ]
    }, {
      "vertices" : [ 16, 44, 23, 22 ]
    }, {
      "vertices" : [ 13, 34, 35, 28 ]
    }, {
      "vertices" : [ 10, 34, 12, 54 ]
    }, {
      "vertices" : [ 2, 6, 5, 49, 53 ]
    }, {
      "vertices" : [ 36, 43, 37 ]
    }, {
      "vertices" : [ 5, 30, 33, 49 ]
    }, {
      "vertices" : [ 1, 54, 12, 11, 39 ]
    }, {
      "vertices" : [ 28, 35, 57 ]
    }, {
      "vertices" : [ 21, 53, 52 ]
    } ]
  }, {
    "id" : "bf028ebf-f683-403a-8149-8fc8d28a324e",
    "orbit" : "6",
    "name" : " :2 +3*phi",
    "vertices" : [ {
      "x" : -11.562209,
      "y" : -35.078026,
      "z" : 25.994635
    }, {
      "x" : -11.96221,
      "y" : -34.978024,
      "z" : 25.894634
    }, {
      "x" : -0.4377906,
      "y" : -0.33838293,
      "z" : 0.47750136
    }, {
      "x" : -0.037790608,
      "y" : -0.43838295,
      "z" : 0.57750136
    }, {
      "x" : -12.095543,
      "y" : -34.74469,
      "z" : 26.194635
    }, {
      "x" : -11.695542,
      "y" : -34.844692,
      "z" : 26.294634
    }, {
      "x" : 0.09554272,
      "y" : -0.6717163,
      "z" : 0.27750134
    }, {
      "x" : -0.30445728,
      "y" : -0.57171625,
      "z" : 0.17750135
    } ],
    "faces" : [ {
      "vertices" : [ 2, 3, 6, 7 ]
    }, {
      "vertices" : [ 0, 5, 4, 1 ]
    }, {
      "vertices" : [ 2, 4, 5, 3 ]
    }, {
      "vertices" : [ 0, 6, 3, 5 ]
    }, {
      "vertices" : [ 0, 1, 7, 6 ]
    }, {
      "vertices" : [ 1, 4, 2, 7 ]
    } ]
  }, {
    "id" : "0a53476d-15a0-4429-b253-9b9b59d7354b",
    "orbit" : "5",
    "name" : " :2 +3*phi",
    "vertices" : [ {
      "x" : 21.362726,
      "y" : -39.471256,
      "z" : -1.6384547
    }, {
      "x" : 21.462727,
      "y" : -39.571255,
      "z" : -1.2384547
    }, {
      "x" : 0.5258177,
      "y" : -0.52874565,
      "z" : 0.11059061
    }, {
      "x" : 0.4258177,
      "y" : -0.42874563,
      "z" : -0.2894094
    }, {
      "x" : 21.762726,
      "y" : -39.33792,
      "z" : -1.371788
    }, {
      "x" : 21.662725,
      "y" : -39.237923,
      "z" : -1.771788
    }, {
      "x" : 0.1258177,
      "y" : -0.662079,
      "z" : -0.15607606
    }, {
      "x" : 0.2258177,
      "y" : -0.76207894,
      "z" : 0.24392395
    } ],
    "faces" : [ {
      "vertices" : [ 2, 3, 6, 7 ]
    }, {
      "vertices" : [ 0, 5, 4, 1 ]
    }, {
      "vertices" : [ 2, 4, 5, 3 ]
    }, {
      "vertices" : [ 0, 6, 3, 5 ]
    }, {
      "vertices" : [ 0, 1, 7, 6 ]
    }, {
      "vertices" : [ 1, 4, 2, 7 ]
    } ]
  }, {
    "id" : "731ca57d-4190-44be-9460-5057ab1f3dee",
    "orbit" : "19",
    "name" : " :2 +3*phi",
    "vertices" : [ {
      "x" : -7.4288335,
      "y" : -27.343523,
      "z" : 28.893867
    }, {
      "x" : -7.0288334,
      "y" : -27.443523,
      "z" : 28.993868
    }, {
      "x" : 0.012425587,
      "y" : -0.6564766,
      "z" : 0.41108426
    }, {
      "x" : -0.3875744,
      "y" : -0.55647665,
      "z" : 0.31108424
    }, {
      "x" : -7.1621666,
      "y" : -27.743523,
      "z" : 28.760534
    }, {
      "x" : -7.5621667,
      "y" : -27.643524,
      "z" : 28.660534
    }, {
      "x" : -0.25424108,
      "y" : -0.25647664,
      "z" : 0.54441756
    }, {
      "x" : 0.14575893,
      "y" : -0.35647663,
      "z" : 0.6444176
    } ],
    "faces" : [ {
      "vertices" : [ 2, 3, 6, 7 ]
    }, {
      "vertices" : [ 0, 5, 4, 1 ]
    }, {
      "vertices" : [ 2, 4, 5, 3 ]
    }, {
      "vertices" : [ 0, 6, 3, 5 ]
    }, {
      "vertices" : [ 0, 1, 7, 6 ]
    }, {
      "vertices" : [ 1, 4, 2, 7 ]
    } ]
  }, {
    "id" : "489453b4-04d4-4f07-b01d-4786a051edea",
    "orbit" : "9",
    "name" : " :2 +3*phi",
    "vertices" : [ {
      "x" : 34.963036,
      "y" : -21.367142,
      "z" : 14.74835
    }, {
      "x" : 35.063034,
      "y" : -21.467142,
      "z" : 14.348351
    }, {
      "x" : 0.45337266,
      "y" : -0.521402,
      "z" : 0.08446537
    }, {
      "x" : 0.35337266,
      "y" : -0.42140198,
      "z" : 0.48446536
    }, {
      "x" : 34.8297,
      "y" : -21.767141,
      "z" : 14.481684
    }, {
      "x" : 34.729702,
      "y" : -21.667141,
      "z" : 14.881683
    }, {
      "x" : 0.586706,
      "y" : -0.12140198,
      "z" : 0.35113204
    }, {
      "x" : 0.686706,
      "y" : -0.22140199,
      "z" : -0.048867967
    } ],
    "faces" : [ {
      "vertices" : [ 2, 3, 6, 7 ]
    }, {
      "vertices" : [ 0, 5, 4, 1 ]
    }, {
      "vertices" : [ 2, 4, 5, 3 ]
    }, {
      "vertices" : [ 0, 6, 3, 5 ]
    }, {
      "vertices" : [ 0, 1, 7, 6 ]
    }, {
      "vertices" : [ 1, 4, 2, 7 ]
    } ]
  }, {
    "id" : "8d7cbfca-d138-42a2-b72a-e69ea66a0c41",
    "orbit" : "18",
    "name" : " :1 +2*phi",
    "vertices" : [ {
      "x" : -13.042693,
      "y" : -27.47642,
      "z" : 4.620302
    }, {
      "x" : -13.142693,
      "y" : -27.576418,
      "z" : 4.220302
    }, {
      "x" : -0.4851712,
      "y" : -0.52358127,
      "z" : -0.036709916
    }, {
      "x" : -0.3851712,
      "y" : -0.42358124,
      "z" : 0.36329007
    }, {
      "x" : -13.442693,
      "y" : -27.343086,
      "z" : 4.3536353
    }, {
      "x" : -13.342692,
      "y" : -27.243086,
      "z" : 4.7536354
    }, {
      "x" : -0.0851712,
      "y" : -0.6569146,
      "z" : 0.22995675
    }, {
      "x" : -0.1851712,
      "y" : -0.75691456,
      "z" : -0.17004324
    } ],
    "faces" : [ {
      "vertices" : [ 2, 3, 6, 7 ]
    }, {
      "vertices" : [ 0, 5, 4, 1 ]
    }, {
      "vertices" : [ 2, 4, 5, 3 ]
    }, {
      "vertices" : [ 0, 6, 3, 5 ]
    }, {
      "vertices" : [ 0, 1, 7, 6 ]
    }, {
      "vertices" : [ 1, 4, 2, 7 ]
    } ]
  }, {
    "id" : "6be775b5-31fe-4a42-8ce1-1a35a4176dfd",
    "orbit" : "16",
    "name" : " :1 +2*phi",
    "vertices" : [ {
      "x" : 26.052435,
      "y" : -5.7094183,
      "z" : 11.634195
    }, {
      "x" : 25.952435,
      "y" : -6.1094184,
      "z" : 11.534195
    }, {
      "x" : 0.4197019,
      "y" : -0.40203792,
      "z" : 0.36580488
    }, {
      "x" : 0.5197019,
      "y" : -0.0020379063,
      "z" : 0.46580487
    }, {
      "x" : 25.7191,
      "y" : -6.2427516,
      "z" : 11.834195
    }, {
      "x" : 25.819101,
      "y" : -5.8427515,
      "z" : 11.9341955
    }, {
      "x" : 0.75303525,
      "y" : 0.13129543,
      "z" : 0.16580488
    }, {
      "x" : 0.6530352,
      "y" : -0.26870456,
      "z" : 0.06580488
    } ],
    "faces" : [ {
      "vertices" : [ 2, 3, 6, 7 ]
    }, {
      "vertices" : [ 0, 5, 4, 1 ]
    }, {
      "vertices" : [ 2, 4, 5, 3 ]
    }, {
      "vertices" : [ 0, 6, 3, 5 ]
    }, {
      "vertices" : [ 0, 1, 7, 6 ]
    }, {
      "vertices" : [ 1, 4, 2, 7 ]
    } ]
  }, {
    "id" : "9c5f13e3-52d5-4889-8d29-66e4df4eb9f5",
    "orbit" : "20",
    "name" : " :2 +3*phi",
    "vertices" : [ {
      "x" : -4.2436767,
      "y" : -43.244167,
      "z" : 7.1978884
    }, {
      "x" : -4.6436763,
      "y" : -43.144165,
      "z" : 7.0978885
    }, {
      "x" : -0.3399157,
      "y" : -0.5329221,
      "z" : 0.21851943
    }, {
      "x" : 0.0600843,
      "y" : -0.63292205,
      "z" : 0.3185194
    }, {
      "x" : -4.77701,
      "y" : -42.91083,
      "z" : 7.3978887
    }, {
      "x" : -4.37701,
      "y" : -43.010834,
      "z" : 7.4978886
    }, {
      "x" : 0.19341764,
      "y" : -0.8662554,
      "z" : 0.018519428
    }, {
      "x" : -0.20658237,
      "y" : -0.7662554,
      "z" : -0.08148057
    } ],
    "faces" : [ {
      "vertices" : [ 2, 3, 6, 7 ]
    }, {
      "vertices" : [ 0, 5, 4, 1 ]
    }, {
      "vertices" : [ 2, 4, 5, 3 ]
    }, {
      "vertices" : [ 0, 6, 3, 5 ]
    }, {
      "vertices" : [ 0, 1, 7, 6 ]
    }, {
      "vertices" : [ 1, 4, 2, 7 ]
    } ]
  }, {
    "id" : "ca4e95a6-a0e9-4abd-bdda-bad4c5f8ca3f",
    "orbit" : "12",
    "name" : " :2 +3*phi",
    "vertices" : [ {
      "x" : -4.6332808,
      "y" : -33.33679,
      "z" : -13.080997
    }, {
      "x" : -4.2332807,
      "y" : -33.436787,
      "z" : -13.180998
    }, {
      "x" : 0.04968866,
      "y" : -0.5517558,
      "z" : -0.44686615
    }, {
      "x" : -0.35031134,
      "y" : -0.45175576,
      "z" : -0.34686616
    }, {
      "x" : -4.3666143,
      "y" : -33.203453,
      "z" : -13.480998
    }, {
      "x" : -4.766614,
      "y" : -33.103455,
      "z" : -13.380998
    }, {
      "x" : -0.21697801,
      "y" : -0.6850891,
      "z" : -0.04686616
    }, {
      "x" : 0.18302199,
      "y" : -0.7850891,
      "z" : -0.14686616
    } ],
    "faces" : [ {
      "vertices" : [ 2, 3, 6, 7 ]
    }, {
      "vertices" : [ 0, 5, 4, 1 ]
    }, {
      "vertices" : [ 2, 4, 5, 3 ]
    }, {
      "vertices" : [ 0, 6, 3, 5 ]
    }, {
      "vertices" : [ 0, 1, 7, 6 ]
    }, {
      "vertices" : [ 1, 4, 2, 7 ]
    } ]
  }, {
    "id" : "662a80c4-942e-4280-b98b-c8ca86c2cab1",
    "orbit" : "17",
    "name" : " :2 +3*phi",
    "vertices" : [ {
      "x" : 16.828407,
      "y" : -14.374194,
      "z" : 33.413647
    }, {
      "x" : 16.928406,
      "y" : -13.974195,
      "z" : 33.51365
    }, {
      "x" : 0.47654533,
      "y" : -0.09794161,
      "z" : 0.47489616
    }, {
      "x" : 0.37654534,
      "y" : -0.4979416,
      "z" : 0.37489617
    }, {
      "x" : 17.228407,
      "y" : -14.107528,
      "z" : 33.280315
    }, {
      "x" : 17.128407,
      "y" : -14.507527,
      "z" : 33.180313
    }, {
      "x" : 0.07654533,
      "y" : -0.36460826,
      "z" : 0.6082295
    }, {
      "x" : 0.17654534,
      "y" : 0.03539173,
      "z" : 0.7082295
    } ],
    "faces" : [ {
      "vertices" : [ 2, 3, 6, 7 ]
    }, {
      "vertices" : [ 0, 5, 4, 1 ]
    }, {
      "vertices" : [ 2, 4, 5, 3 ]
    }, {
      "vertices" : [ 0, 6, 3, 5 ]
    }, {
      "vertices" : [ 0, 1, 7, 6 ]
    }, {
      "vertices" : [ 1, 4, 2, 7 ]
    } ]
  }, {
    "id" : "df75dc7a-0fa5-41fa-8b84-36355ca20a13",
    "orbit" : "8",
    "name" : " :2 +3*phi",
    "vertices" : [ {
      "x" : -33.552635,
      "y" : -21.46393,
      "z" : 16.781647
    }, {
      "x" : -33.452633,
      "y" : -21.36393,
      "z" : 17.181648
    }, {
      "x" : -0.33591026,
      "y" : -0.42461345,
      "z" : 0.5233041
    }, {
      "x" : -0.43591028,
      "y" : -0.52461344,
      "z" : 0.12330412
    }, {
      "x" : -33.2193,
      "y" : -21.66393,
      "z" : 17.314981
    }, {
      "x" : -33.3193,
      "y" : -21.763931,
      "z" : 16.914982
    }, {
      "x" : -0.66924363,
      "y" : -0.22461346,
      "z" : -0.01002921
    }, {
      "x" : -0.5692436,
      "y" : -0.12461346,
      "z" : 0.38997078
    } ],
    "faces" : [ {
      "vertices" : [ 2, 3, 6, 7 ]
    }, {
      "vertices" : [ 0, 5, 4, 1 ]
    }, {
      "vertices" : [ 2, 4, 5, 3 ]
    }, {
      "vertices" : [ 0, 6, 3, 5 ]
    }, {
      "vertices" : [ 0, 1, 7, 6 ]
    }, {
      "vertices" : [ 1, 4, 2, 7 ]
    } ]
  }, {
    "id" : "6c5f337c-678e-4864-8907-ea8579d14012",
    "orbit" : "blue",
    "name" : " :60 -36*phi",
    "vertices" : [ {
      "x" : 13.832816,
      "y" : 0.309017,
      "z" : 0.19098301
    }, {
      "x" : 13.832816,
      "y" : 0.309017,
      "z" : -0.19098301
    }, {
      "x" : 1.0,
      "y" : 0.309017,
      "z" : -0.19098301
    }, {
      "x" : 1.0,
      "y" : 0.309017,
      "z" : 0.19098301
    }, {
      "x" : 13.832816,
      "y" : -0.309017,
      "z" : 0.19098301
    }, {
      "x" : 1.0,
      "y" : -0.309017,
      "z" : 0.19098301
    }, {
      "x" : 1.0,
      "y" : -0.309017,
      "z" : -0.19098301
    }, {
      "x" : 13.832816,
      "y" : -0.309017,
      "z" : -0.19098301
    }, {
      "x" : 14.832816,
      "y" : 0.0,
      "z" : 0.0
    } ],
    "faces" : [ {
      "vertices" : [ 1, 7, 6, 2 ]
    }, {
      "vertices" : [ 0, 1, 2, 3 ]
    }, {
      "vertices" : [ 4, 5, 6, 7 ]
    }, {
      "vertices" : [ 0, 3, 5, 4 ]
    } ]
  }, {
    "id" : "ad0c38c0-34d3-4941-9936-447b7974d2f0",
    "orbit" : "13",
    "name" : " :2 +3*phi",
    "vertices" : [ {
      "x" : -39.500515,
      "y" : 20.447832,
      "z" : 9.881917
    }, {
      "x" : -39.600513,
      "y" : 20.54783,
      "z" : 9.481916
    }, {
      "x" : -0.49948475,
      "y" : 0.49644074,
      "z" : 0.0066269967
    }, {
      "x" : -0.39948475,
      "y" : 0.39644074,
      "z" : 0.406627
    }, {
      "x" : -39.367184,
      "y" : 20.847832,
      "z" : 9.615251
    }, {
      "x" : -39.26718,
      "y" : 20.747831,
      "z" : 10.01525
    }, {
      "x" : -0.6328181,
      "y" : 0.09644073,
      "z" : 0.27329367
    }, {
      "x" : -0.73281807,
      "y" : 0.19644074,
      "z" : -0.12670633
    } ],
    "faces" : [ {
      "vertices" : [ 2, 3, 6, 7 ]
    }, {
      "vertices" : [ 0, 5, 4, 1 ]
    }, {
      "vertices" : [ 2, 4, 5, 3 ]
    }, {
      "vertices" : [ 0, 6, 3, 5 ]
    }, {
      "vertices" : [ 0, 1, 7, 6 ]
    }, {
      "vertices" : [ 1, 4, 2, 7 ]
    } ]
  }, {
    "id" : "ae71c9f2-818e-47f1-8b5b-b239f1007e92",
    "orbit" : "7",
    "name" : " :2 +3*phi",
    "vertices" : [ {
      "x" : 14.400634,
      "y" : -34.9818,
      "z" : 24.966549
    }, {
      "x" : 14.000634,
      "y" : -35.0818,
      "z" : 25.066547
    }, {
      "x" : 0.07150218,
      "y" : -0.4346096,
      "z" : 0.5613159
    }, {
      "x" : 0.47150218,
      "y" : -0.33460957,
      "z" : 0.46131593
    }, {
      "x" : 14.133967,
      "y" : -34.848465,
      "z" : 25.366549
    }, {
      "x" : 14.533967,
      "y" : -34.748466,
      "z" : 25.266548
    }, {
      "x" : 0.33816883,
      "y" : -0.5679429,
      "z" : 0.16131592
    }, {
      "x" : -0.061831158,
      "y" : -0.66794294,
      "z" : 0.2613159
    } ],
    "faces" : [ {
      "vertices" : [ 2, 3, 6, 7 ]
    }, {
      "vertices" : [ 0, 5, 4, 1 ]
    }, {
      "vertices" : [ 2, 4, 5, 3 ]
    }, {
      "vertices" : [ 0, 6, 3, 5 ]
    }, {
      "vertices" : [ 0, 1, 7, 6 ]
    }, {
      "vertices" : [ 1, 4, 2, 7 ]
    } ]
  }, {
    "id" : "5a54e537-0067-47d4-a7ed-b34a55ed47e9",
    "orbit" : "10",
    "name" : " :2 +3*phi",
    "vertices" : [ {
      "x" : -34.86624,
      "y" : -14.020081,
      "z" : -4.637095
    }, {
      "x" : -34.96624,
      "y" : -14.12008,
      "z" : -4.237095
    }, {
      "x" : -0.5501676,
      "y" : -0.45205575,
      "z" : 0.05350263
    }, {
      "x" : -0.4501676,
      "y" : -0.35205576,
      "z" : -0.34649736
    }, {
      "x" : -34.732906,
      "y" : -14.42008,
      "z" : -4.370428
    }, {
      "x" : -34.632908,
      "y" : -14.32008,
      "z" : -4.770428
    }, {
      "x" : -0.68350095,
      "y" : -0.052055754,
      "z" : -0.21316403
    }, {
      "x" : -0.7835009,
      "y" : -0.15205576,
      "z" : 0.18683596
    } ],
    "faces" : [ {
      "vertices" : [ 2, 3, 6, 7 ]
    }, {
      "vertices" : [ 0, 5, 4, 1 ]
    }, {
      "vertices" : [ 2, 4, 5, 3 ]
    }, {
      "vertices" : [ 0, 6, 3, 5 ]
    }, {
      "vertices" : [ 0, 1, 7, 6 ]
    }, {
      "vertices" : [ 1, 4, 2, 7 ]
    } ]
  }, {
    "id" : "4516de9f-dae6-4453-a2c3-dea3bafb6aeb",
    "orbit" : "21",
    "name" : " :1 +2*phi",
    "vertices" : [ {
      "x" : 13.171543,
      "y" : 11.505962,
      "z" : 28.916359
    }, {
      "x" : 13.071544,
      "y" : 11.905962,
      "z" : 28.816359
    }, {
      "x" : 0.35632077,
      "y" : 0.49403808,
      "z" : 0.3885923
    }, {
      "x" : 0.45632076,
      "y" : 0.09403806,
      "z" : 0.4885923
    }, {
      "x" : 13.371543,
      "y" : 12.039295,
      "z" : 28.583027
    }, {
      "x" : 13.471543,
      "y" : 11.639296,
      "z" : 28.683025
    }, {
      "x" : 0.15632078,
      "y" : -0.03929527,
      "z" : 0.7219256
    }, {
      "x" : 0.056320775,
      "y" : 0.36070472,
      "z" : 0.62192565
    } ],
    "faces" : [ {
      "vertices" : [ 2, 3, 6, 7 ]
    }, {
      "vertices" : [ 0, 5, 4, 1 ]
    }, {
      "vertices" : [ 2, 4, 5, 3 ]
    }, {
      "vertices" : [ 0, 6, 3, 5 ]
    }, {
      "vertices" : [ 0, 1, 7, 6 ]
    }, {
      "vertices" : [ 1, 4, 2, 7 ]
    } ]
  }, {
    "id" : "47926573-b14e-4d17-9070-a3fd5ed2a0a4",
    "orbit" : "15",
    "name" : " :1 +2*phi",
    "vertices" : [ {
      "x" : -0.26666668,
      "y" : -9.494213,
      "z" : 20.487537
    }, {
      "x" : 0.13333334,
      "y" : -9.394214,
      "z" : 20.387537
    }, {
      "x" : 0.26666668,
      "y" : -0.39433038,
      "z" : 0.4567351
    }, {
      "x" : -0.13333334,
      "y" : -0.49433038,
      "z" : 0.5567351
    }, {
      "x" : 0.26666668,
      "y" : -9.694214,
      "z" : 20.154203
    }, {
      "x" : -0.13333334,
      "y" : -9.794213,
      "z" : 20.254204
    }, {
      "x" : -0.26666668,
      "y" : -0.1943304,
      "z" : 0.79006845
    }, {
      "x" : 0.13333334,
      "y" : -0.094330385,
      "z" : 0.6900684
    } ],
    "faces" : [ {
      "vertices" : [ 2, 3, 6, 7 ]
    }, {
      "vertices" : [ 0, 5, 4, 1 ]
    }, {
      "vertices" : [ 2, 4, 5, 3 ]
    }, {
      "vertices" : [ 0, 6, 3, 5 ]
    }, {
      "vertices" : [ 0, 1, 7, 6 ]
    }, {
      "vertices" : [ 1, 4, 2, 7 ]
    } ]
  }, {
    "id" : "60173e15-ac5b-4147-af99-2eaf37a7230b",
    "orbit" : "0",
    "name" : " :2 +3*phi",
    "vertices" : [ {
      "x" : -42.216244,
      "y" : -0.26666668,
      "z" : 1.3999257
    }, {
      "x" : -42.116245,
      "y" : 0.13333334,
      "z" : 1.2999257
    }, {
      "x" : -0.6165703,
      "y" : 0.26666668,
      "z" : 0.12793839
    }, {
      "x" : -0.7165703,
      "y" : -0.13333334,
      "z" : 0.22793838
    }, {
      "x" : -41.88291,
      "y" : 0.26666668,
      "z" : 1.5999256
    }, {
      "x" : -41.982914,
      "y" : -0.13333334,
      "z" : 1.6999257
    }, {
      "x" : -0.9499036,
      "y" : -0.26666668,
      "z" : -0.07206162
    }, {
      "x" : -0.84990364,
      "y" : 0.13333334,
      "z" : -0.17206162
    } ],
    "faces" : [ {
      "vertices" : [ 2, 3, 6, 7 ]
    }, {
      "vertices" : [ 0, 5, 4, 1 ]
    }, {
      "vertices" : [ 2, 4, 5, 3 ]
    }, {
      "vertices" : [ 0, 6, 3, 5 ]
    }, {
      "vertices" : [ 0, 1, 7, 6 ]
    }, {
      "vertices" : [ 1, 4, 2, 7 ]
    } ]
  }, {
    "id" : "059e502e-76ad-40d6-acc0-8427213e768a",
    "orbit" : "blue",
    "name" : " :44 -24*phi",
    "vertices" : [ {
      "x" : 42.77709,
      "y" : 0.309017,
      "z" : 0.19098301
    }, {
      "x" : 42.77709,
      "y" : 0.309017,
      "z" : -0.19098301
    }, {
      "x" : 1.0,
      "y" : 0.309017,
      "z" : -0.19098301
    }, {
      "x" : 1.0,
      "y" : 0.309017,
      "z" : 0.19098301
    }, {
      "x" : 42.77709,
      "y" : -0.309017,
      "z" : 0.19098301
    }, {
      "x" : 1.0,
      "y" : -0.309017,
      "z" : 0.19098301
    }, {
      "x" : 1.0,
      "y" : -0.309017,
      "z" : -0.19098301
    }, {
      "x" : 42.77709,
      "y" : -0.309017,
      "z" : -0.19098301
    }, {
      "x" : 43.77709,
      "y" : 0.0,
      "z" : 0.0
    } ],
    "faces" : [ {
      "vertices" : [ 1, 7, 6, 2 ]
    }, {
      "vertices" : [ 0, 1, 2, 3 ]
    }, {
      "vertices" : [ 4, 5, 6, 7 ]
    }, {
      "vertices" : [ 0, 3, 5, 4 ]
    } ]
  }, {
    "id" : "3d5f7988-67ed-4c26-a00e-2785cc7e06e6",
    "orbit" : "14",
    "name" : " :1 +2*phi",
    "vertices" : [ {
      "x" : -26.052637,
      "y" : -9.840272,
      "z" : 21.286556
    }, {
      "x" : -26.152637,
      "y" : -9.440272,
      "z" : 21.386557
    }, {
      "x" : -0.41949904,
      "y" : -0.048271615,
      "z" : 0.6019872
    }, {
      "x" : -0.31949905,
      "y" : -0.4482716,
      "z" : 0.50198716
    }, {
      "x" : -25.919304,
      "y" : -9.573606,
      "z" : 21.686556
    }, {
      "x" : -25.819304,
      "y" : -9.973605,
      "z" : 21.586557
    }, {
      "x" : -0.55283237,
      "y" : -0.31493828,
      "z" : 0.20198719
    }, {
      "x" : -0.6528324,
      "y" : 0.085061714,
      "z" : 0.30198717
    } ],
    "faces" : [ {
      "vertices" : [ 2, 3, 6, 7 ]
    }, {
      "vertices" : [ 0, 5, 4, 1 ]
    }, {
      "vertices" : [ 2, 4, 5, 3 ]
    }, {
      "vertices" : [ 0, 6, 3, 5 ]
    }, {
      "vertices" : [ 0, 1, 7, 6 ]
    }, {
      "vertices" : [ 1, 4, 2, 7 ]
    } ]
  }, {
    "id" : "14d2d4fc-68d0-4fc1-ad75-c8376b05672e",
    "orbit" : "2",
    "name" : " :2 +3*phi",
    "vertices" : [ {
      "x" : 1.2384896,
      "y" : -16.947758,
      "z" : 42.36288
    }, {
      "x" : 1.6384896,
      "y" : -16.847757,
      "z" : 42.262882
    }, {
      "x" : 0.28937447,
      "y" : -0.35719395,
      "z" : 0.46993384
    }, {
      "x" : -0.110625535,
      "y" : -0.45719394,
      "z" : 0.56993383
    }, {
      "x" : 1.7718229,
      "y" : -17.147758,
      "z" : 42.02955
    }, {
      "x" : 1.371823,
      "y" : -17.247757,
      "z" : 42.129547
    }, {
      "x" : -0.24395886,
      "y" : -0.15719394,
      "z" : 0.8032672
    }, {
      "x" : 0.15604113,
      "y" : -0.05719395,
      "z" : 0.70326716
    } ],
    "faces" : [ {
      "vertices" : [ 2, 3, 6, 7 ]
    }, {
      "vertices" : [ 0, 5, 4, 1 ]
    }, {
      "vertices" : [ 2, 4, 5, 3 ]
    }, {
      "vertices" : [ 0, 6, 3, 5 ]
    }, {
      "vertices" : [ 0, 1, 7, 6 ]
    }, {
      "vertices" : [ 1, 4, 2, 7 ]
    } ]
  }, {
    "id" : "220461b6-5657-40ba-b17d-09f522366429",
    "orbit" : "4",
    "name" : " :2 +3*phi",
    "vertices" : [ {
      "x" : -20.425526,
      "y" : -39.457916,
      "z" : 0.13333334
    }, {
      "x" : -20.525526,
      "y" : -39.557915,
      "z" : -0.26666668
    }, {
      "x" : -0.5187467,
      "y" : -0.54208535,
      "z" : -0.13333334
    }, {
      "x" : -0.41874668,
      "y" : -0.44208533,
      "z" : 0.26666668
    }, {
      "x" : -20.825525,
      "y" : -39.32458,
      "z" : -0.13333334
    }, {
      "x" : -20.725525,
      "y" : -39.224583,
      "z" : 0.26666668
    }, {
      "x" : -0.11874668,
      "y" : -0.6754187,
      "z" : 0.13333334
    }, {
      "x" : -0.21874668,
      "y" : -0.77541864,
      "z" : -0.26666668
    } ],
    "faces" : [ {
      "vertices" : [ 2, 3, 6, 7 ]
    }, {
      "vertices" : [ 0, 5, 4, 1 ]
    }, {
      "vertices" : [ 2, 4, 5, 3 ]
    }, {
      "vertices" : [ 0, 6, 3, 5 ]
    }, {
      "vertices" : [ 0, 1, 7, 6 ]
    }, {
      "vertices" : [ 1, 4, 2, 7 ]
    } ]
  }, {
    "id" : "5c588d36-50e4-40fd-87da-e9bd1aae5625",
    "orbit" : "11",
    "name" : " :2 +3*phi",
    "vertices" : [ {
      "x" : -34.8543,
      "y" : 11.586955,
      "z" : 6.1362886
    }, {
      "x" : -34.9543,
      "y" : 11.686955,
      "z" : 5.7362885
    }, {
      "x" : -0.56210613,
      "y" : 0.41304457,
      "z" : -0.024832278
    }, {
      "x" : -0.46210617,
      "y" : 0.31304458,
      "z" : 0.37516773
    }, {
      "x" : -34.72097,
      "y" : 11.986956,
      "z" : 5.8696218
    }, {
      "x" : -34.620968,
      "y" : 11.886955,
      "z" : 6.269622
    }, {
      "x" : -0.6954395,
      "y" : 0.0130445855,
      "z" : 0.24183439
    }, {
      "x" : -0.7954395,
      "y" : 0.11304458,
      "z" : -0.15816562
    } ],
    "faces" : [ {
      "vertices" : [ 2, 3, 6, 7 ]
    }, {
      "vertices" : [ 0, 5, 4, 1 ]
    }, {
      "vertices" : [ 2, 4, 5, 3 ]
    }, {
      "vertices" : [ 0, 6, 3, 5 ]
    }, {
      "vertices" : [ 0, 1, 7, 6 ]
    }, {
      "vertices" : [ 1, 4, 2, 7 ]
    } ]
  }, {
    "id" : "3d62f35c-62fc-4991-86cb-619c8c332a4d",
    "orbit" : "1",
    "name" : "long",
    "vertices" : [ {
      "x" : -16.711866,
      "y" : -1.360785,
      "z" : -0.26666668
    }, {
      "x" : -16.611866,
      "y" : -1.2607851,
      "z" : 0.13333334
    }, {
      "x" : -0.59308594,
      "y" : -0.16707899,
      "z" : 0.26666668
    }, {
      "x" : -0.69308597,
      "y" : -0.267079,
      "z" : -0.13333334
    }, {
      "x" : -16.378532,
      "y" : -1.560785,
      "z" : 0.26666668
    }, {
      "x" : -16.478533,
      "y" : -1.6607851,
      "z" : -0.13333334
    }, {
      "x" : -0.92641926,
      "y" : 0.03292101,
      "z" : -0.26666668
    }, {
      "x" : -0.8264193,
      "y" : 0.13292101,
      "z" : 0.13333334
    } ],
    "faces" : [ {
      "vertices" : [ 2, 3, 6, 7 ]
    }, {
      "vertices" : [ 0, 5, 4, 1 ]
    }, {
      "vertices" : [ 2, 4, 5, 3 ]
    }, {
      "vertices" : [ 0, 6, 3, 5 ]
    }, {
      "vertices" : [ 0, 1, 7, 6 ]
    }, {
      "vertices" : [ 1, 4, 2, 7 ]
    } ]
  }, {
