{
  "lighting": {
    "backgroundColor": "#2b3842",
    "ambientColor": "#333333",
    "directionalLights": [
      {
        "direction": [
          1,
          -1,
          -0.3
        ],
        "color": "#FDFDFD"
      },
      {
        "direction": [
          -1,
          0,
          -0.2
        ],
        "color": "#B5B5B5"
      },
      {
        "direction": [
          0,
          0,
          -1
        ],
        "color": "#303030"
      }
    ]
  },
  "camera": {
    "near": 0.9207331222405001,
    "far": 736.5864868164055,
    "width": 165.73195953369142,
    "distance": 368.2932434082031,
    "up": [
      0.4145346190238648,
      -0.872538984390328,
      0.2585280842574098
    ],
    "lookAt": [
      0,
      0,
      0
    ],
    "lookDir": [
      -0.6324936112588179,
      -0.07198556118786459,
      0.7712132718627531
    ],
    "perspective": true
  },
  "embedding": [
    1,
    0,
    0,
    0,
    0,
    1,
    0,
    0,
    0,
    0,
    1,
    0,
    0,
    0,
    0,
    1
  ],
  "orientations": [
    [
      1,
      0,
      0,
      0,
      0,
      1,
      0,
      0,
      0,
      0,
      1,
      0,
      0,
      0,
      0,
      1
    ],
    [
      0,
      0,
      1,
      0,
      1,
      0,
      0,
      0,
      0,
      1,
      0,
      0,
      0,
      0,
      0,
      1
    ],
    [
      0,
      1,
      0,
      0,
      0,
      0,
      1,
      0,
      1,
      0,
      0,
      0,
      0,
      0,
      0,
      1
    ],
    [
      0.8090169943749475,
      0.30901699437494745,
      0.5,
      0,
      0.30901699437494745,
      0.5,
      -0.8090169943749475,
      0,
      -0.5,
      0.8090169943749475,
      0.30901699437494745,
      0,
      0,
      0,
      0,
      1
    ],
    [
      -0.5,
      0.8090169943749475,
      0.30901699437494745,
      0,
      0.8090169943749475,
      0.30901699437494745,
      0.5,
      0,
      0.30901699437494745,
      0.5,
      -0.8090169943749475,
      0,
      0,
      0,
      0,
      1
    ],
    [
      0.30901699437494745,
      0.5,
      -0.8090169943749475,
      0,
      -0.5,
      0.8090169943749475,
      0.30901699437494745,
      0,
      0.8090169943749475,
      0.30901699437494745,
      0.5,
      0,
      0,
      0,
      0,
      1
    ],
    [
      0.5,
      0.8090169943749475,
      0.30901699437494745,
      0,
      0.8090169943749475,
      -0.30901699437494745,
      -0.5,
      0,
      -0.30901699437494745,
      0.5,
      -0.8090169943749475,
      0,
      0,
      0,
      0,
      1
    ],
    [
      -0.30901699437494745,
      0.5,
      -0.8090169943749475,
      0,
      0.5,
      0.8090169943749475,
      0.30901699437494745,
      0,
      0.8090169943749475,
      -0.30901699437494745,
      -0.5,
      0,
      0,
      0,
      0,
      1
    ],
    [
      0.8090169943749475,
      -0.30901699437494745,
      -0.5,
      0,
      -0.30901699437494745,
      0.5,
      -0.8090169943749475,
      0,
      0.5,
      0.8090169943749475,
      0.30901699437494745,
      0,
      0,
      0,
      0,
      1
    ],
    [
      0.5,
      0.8090169943749475,
      -0.30901699437494745,
      0,
      0.8090169943749475,
      -0.30901699437494745,
      0.5,
      0,
      0.30901699437494745,
      -0.5,
      -0.8090169943749475,
      0,
      0,
      0,
      0,
      1
    ],
    [
      0.30901699437494745,
      -0.5,
      -0.8090169943749475,
      0,
      0.5,
      0.8090169943749475,
      -0.30901699437494745,
      0,
      0.8090169943749475,
      -0.30901699437494745,
      0.5,
      0,
      0,
      0,
      0,
      1
    ],
    [
      0.8090169943749475,
      -0.30901699437494745,
      0.5,
      0,
      0.30901699437494745,
      -0.5,
      -0.8090169943749475,
      0,
      0.5,
      0.8090169943749475,
      -0.30901699437494745,
      0,
      0,
      0,
      0,
      1
    ],
    [
      0.8090169943749475,
      0.30901699437494745,
      -0.5,
      0,
      0.30901699437494745,
      0.5,
      0.8090169943749475,
      0,
      0.5,
      -0.8090169943749475,
      0.30901699437494745,
      0,
      0,
      0,
      0,
      1
    ],
    [
      0.5,
      -0.8090169943749475,
      0.30901699437494745,
      0,
      0.8090169943749475,
      0.30901699437494745,
      -0.5,
      0,
      0.30901699437494745,
      0.5,
      0.8090169943749475,
      0,
      0,
      0,
      0,
      1
    ],
    [
      0.30901699437494745,
      0.5,
      0.8090169943749475,
      0,
      0.5,
      -0.8090169943749475,
      0.30901699437494745,
      0,
      0.8090169943749475,
      0.30901699437494745,
      -0.5,
      0,
      0,
      0,
      0,
      1
    ],
    [
      1,
      0,
      0,
      0,
      0,
      -1,
      0,
      0,
      0,
      0,
      -1,
      0,
      0,
      0,
      0,
      1
    ],
    [
      0,
      0,
      1,
      0,
      -1,
      0,
      0,
      0,
      0,
      -1,
      0,
      0,
      0,
      0,
      0,
      1
    ],
    [
      0,
      1,
      0,
      0,
      0,
      0,
      -1,
      0,
      -1,
      0,
      0,
      0,
      0,
      0,
      0,
      1
    ],
    [
      0.8090169943749475,
      0.30901699437494745,
      0.5,
      0,
      -0.30901699437494745,
      -0.5,
      0.8090169943749475,
      0,
      0.5,
      -0.8090169943749475,
      -0.30901699437494745,
      0,
      0,
      0,
      0,
      1
    ],
    [
      -0.5,
      0.8090169943749475,
      0.30901699437494745,
      0,
      -0.8090169943749475,
      -0.30901699437494745,
      -0.5,
      0,
      -0.30901699437494745,
      -0.5,
      0.8090169943749475,
      0,
      0,
      0,
      0,
      1
    ],
    [
      0.30901699437494745,
      0.5,
      -0.8090169943749475,
      0,
      0.5,
      -0.8090169943749475,
      -0.30901699437494745,
      0,
      -0.8090169943749475,
      -0.30901699437494745,
      -0.5,
      0,
      0,
      0,
      0,
      1
    ],
    [
      0.5,
      0.8090169943749475,
      0.30901699437494745,
      0,
      -0.8090169943749475,
      0.30901699437494745,
      0.5,
      0,
      0.30901699437494745,
      -0.5,
      0.8090169943749475,
      0,
      0,
      0,
      0,
      1
    ],
    [
      -0.30901699437494745,
      0.5,
      -0.8090169943749475,
      0,
      -0.5,
      -0.8090169943749475,
      -0.30901699437494745,
      0,
      -0.8090169943749475,
      0.30901699437494745,
      0.5,
      0,
      0,
      0,
      0,
      1
    ],
    [
      0.8090169943749475,
      -0.30901699437494745,
      -0.5,
      0,
      0.30901699437494745,
      -0.5,
      0.8090169943749475,
      0,
      -0.5,
      -0.8090169943749475,
      -0.30901699437494745,
      0,
      0,
      0,
      0,
      1
    ],
    [
      0.5,
      0.8090169943749475,
      -0.30901699437494745,
      0,
      -0.8090169943749475,
      0.30901699437494745,
      -0.5,
      0,
      -0.30901699437494745,
      0.5,
      0.8090169943749475,
      0,
      0,
      0,
      0,
      1
    ],
    [
      0.30901699437494745,
      -0.5,
      -0.8090169943749475,
      0,
      -0.5,
      -0.8090169943749475,
      0.30901699437494745,
      0,
      -0.8090169943749475,
      0.30901699437494745,
      -0.5,
      0,
      0,
      0,
      0,
      1
    ],
    [
      0.8090169943749475,
      -0.30901699437494745,
      0.5,
      0,
      -0.30901699437494745,
      0.5,
      0.8090169943749475,
      0,
      -0.5,
      -0.8090169943749475,
      0.30901699437494745,
      0,
      0,
      0,
      0,
      1
    ],
    [
      0.8090169943749475,
      0.30901699437494745,
      -0.5,
      0,
      -0.30901699437494745,
      -0.5,
      -0.8090169943749475,
      0,
      -0.5,
      0.8090169943749475,
      -0.30901699437494745,
      0,
      0,
      0,
      0,
      1
    ],
    [
      0.5,
      -0.8090169943749475,
      0.30901699437494745,
      0,
      -0.8090169943749475,
      -0.30901699437494745,
      0.5,
      0,
      -0.30901699437494745,
      -0.5,
      -0.8090169943749475,
      0,
      0,
      0,
      0,
      1
    ],
    [
      0.30901699437494745,
      0.5,
      0.8090169943749475,
      0,
      -0.5,
      0.8090169943749475,
      -0.30901699437494745,
      0,
      -0.8090169943749475,
      -0.30901699437494745,
      0.5,
      0,
      0,
      0,
      0,
      1
    ],
    [
      -1,
      0,
      0,
      0,
      0,
      -1,
      0,
      0,
      0,
      0,
      1,
      0,
      0,
      0,
      0,
      1
    ],
    [
      0,
      0,
      -1,
      0,
      -1,
      0,
      0,
      0,
      0,
      1,
      0,
      0,
      0,
      0,
      0,
      1
    ],
    [
      0,
      -1,
      0,
      0,
      0,
      0,
      -1,
      0,
      1,
      0,
      0,
      0,
      0,
      0,
      0,
      1
    ],
    [
      -0.8090169943749475,
      -0.30901699437494745,
      -0.5,
      0,
      -0.30901699437494745,
      -0.5,
      0.8090169943749475,
      0,
      -0.5,
      0.8090169943749475,
      0.30901699437494745,
      0,
      0,
      0,
      0,
      1
    ],
    [
      0.5,
      -0.8090169943749475,
      -0.30901699437494745,
      0,
      -0.8090169943749475,
      -0.30901699437494745,
      -0.5,
      0,
      0.30901699437494745,
      0.5,
      -0.8090169943749475,
      0,
      0,
      0,
      0,
      1
    ],
    [
      -0.30901699437494745,
      -0.5,
      0.8090169943749475,
      0,
      0.5,
      -0.8090169943749475,
      -0.30901699437494745,
      0,
      0.8090169943749475,
      0.30901699437494745,
      0.5,
      0,
      0,
      0,
      0,
      1
    ],
    [
      -0.5,
      -0.8090169943749475,
      -0.30901699437494745,
      0,
      -0.8090169943749475,
      0.30901699437494745,
      0.5,
      0,
      -0.30901699437494745,
      0.5,
      -0.8090169943749475,
      0,
      0,
      0,
      0,
      1
    ],
    [
      0.30901699437494745,
      -0.5,
      0.8090169943749475,
      0,
      -0.5,
      -0.8090169943749475,
      -0.30901699437494745,
      0,
      0.8090169943749475,
      -0.30901699437494745,
      -0.5,
      0,
      0,
      0,
      0,
      1
    ],
    [
      -0.8090169943749475,
      0.30901699437494745,
      0.5,
      0,
      0.30901699437494745,
      -0.5,
      0.8090169943749475,
      0,
      0.5,
      0.8090169943749475,
      0.30901699437494745,
      0,
      0,
      0,
      0,
      1
    ],
    [
      -0.5,
      -0.8090169943749475,
      0.30901699437494745,
      0,
      -0.8090169943749475,
      0.30901699437494745,
      -0.5,
      0,
      0.30901699437494745,
      -0.5,
      -0.8090169943749475,
      0,
      0,
      0,
      0,
      1
    ],
    [
      -0.30901699437494745,
      0.5,
      0.8090169943749475,
      0,
      -0.5,
      -0.8090169943749475,
      0.30901699437494745,
      0,
      0.8090169943749475,
      -0.30901699437494745,
      0.5,
      0,
      0,
      0,
      0,
      1
    ],
    [
      -0.8090169943749475,
      0.30901699437494745,
      -0.5,
      0,
      -0.30901699437494745,
      0.5,
      0.8090169943749475,
      0,
      0.5,
      0.8090169943749475,
      -0.30901699437494745,
      0,
      0,
      0,
      0,
      1
    ],
    [
      -0.8090169943749475,
      -0.30901699437494745,
      0.5,
      0,
      -0.30901699437494745,
      -0.5,
      -0.8090169943749475,
      0,
      0.5,
      -0.8090169943749475,
      0.30901699437494745,
      0,
      0,
      0,
      0,
      1
    ],
    [
      -0.5,
      0.8090169943749475,
      -0.30901699437494745,
      0,
      -0.8090169943749475,
      -0.30901699437494745,
      0.5,
      0,
      0.30901699437494745,
      0.5,
      0.8090169943749475,
      0,
      0,
      0,
      0,
      1
    ],
    [
      -0.30901699437494745,
      -0.5,
      -0.8090169943749475,
      0,
      -0.5,
      0.8090169943749475,
      -0.30901699437494745,
      0,
      0.8090169943749475,
      0.30901699437494745,
      -0.5,
      0,
      0,
      0,
      0,
      1
    ],
    [
      -1,
      0,
      0,
      0,
      0,
      1,
      0,
      0,
      0,
      0,
      -1,
      0,
      0,
      0,
      0,
      1
    ],
    [
      0,
      0,
      -1,
      0,
      1,
      0,
      0,
      0,
      0,
      -1,
      0,
      0,
      0,
      0,
      0,
      1
    ],
    [
      0,
      -1,
      0,
      0,
      0,
      0,
      1,
      0,
      -1,
      0,
      0,
      0,
      0,
      0,
      0,
      1
    ],
    [
      -0.8090169943749475,
      -0.30901699437494745,
      -0.5,
      0,
      0.30901699437494745,
      0.5,
      -0.8090169943749475,
      0,
      0.5,
      -0.8090169943749475,
      -0.30901699437494745,
      0,
      0,
      0,
      0,
      1
    ],
    [
      0.5,
      -0.8090169943749475,
      -0.30901699437494745,
      0,
      0.8090169943749475,
      0.30901699437494745,
      0.5,
      0,
      -0.30901699437494745,
      -0.5,
      0.8090169943749475,
      0,
      0,
      0,
      0,
      1
    ],
    [
      -0.30901699437494745,
      -0.5,
      0.8090169943749475,
      0,
      -0.5,
      0.8090169943749475,
      0.30901699437494745,
      0,
      -0.8090169943749475,
      -0.30901699437494745,
      -0.5,
      0,
      0,
      0,
      0,
      1
    ],
    [
      -0.5,
      -0.8090169943749475,
      -0.30901699437494745,
      0,
      0.8090169943749475,
      -0.30901699437494745,
      -0.5,
      0,
      0.30901699437494745,
      -0.5,
      0.8090169943749475,
      0,
      0,
      0,
      0,
      1
    ],
    [
      0.30901699437494745,
      -0.5,
      0.8090169943749475,
      0,
      0.5,
      0.8090169943749475,
      0.30901699437494745,
      0,
      -0.8090169943749475,
      0.30901699437494745,
      0.5,
      0,
      0,
      0,
      0,
      1
    ],
    [
      -0.8090169943749475,
      0.30901699437494745,
      0.5,
      0,
      -0.30901699437494745,
      0.5,
      -0.8090169943749475,
      0,
      -0.5,
      -0.8090169943749475,
      -0.30901699437494745,
      0,
      0,
      0,
      0,
      1
    ],
    [
      -0.5,
      -0.8090169943749475,
      0.30901699437494745,
      0,
      0.8090169943749475,
      -0.30901699437494745,
      0.5,
      0,
      -0.30901699437494745,
      0.5,
      0.8090169943749475,
      0,
      0,
      0,
      0,
      1
    ],
    [
      -0.30901699437494745,
      0.5,
      0.8090169943749475,
      0,
      0.5,
      0.8090169943749475,
      -0.30901699437494745,
      0,
      -0.8090169943749475,
      0.30901699437494745,
      -0.5,
      0,
      0,
      0,
      0,
      1
    ],
    [
      -0.8090169943749475,
      0.30901699437494745,
      -0.5,
      0,
      0.30901699437494745,
      -0.5,
      -0.8090169943749475,
      0,
      -0.5,
      -0.8090169943749475,
      0.30901699437494745,
      0,
      0,
      0,
      0,
      1
    ],
    [
      -0.8090169943749475,
      -0.30901699437494745,
      0.5,
      0,
      0.30901699437494745,
      0.5,
      0.8090169943749475,
      0,
      -0.5,
      0.8090169943749475,
      -0.30901699437494745,
      0,
      0,
      0,
      0,
      1
    ],
    [
      -0.5,
      0.8090169943749475,
      -0.30901699437494745,
      0,
      0.8090169943749475,
      0.30901699437494745,
      -0.5,
      0,
      -0.30901699437494745,
      -0.5,
      -0.8090169943749475,
      0,
      0,
      0,
      0,
      1
    ],
    [
      -0.30901699437494745,
      -0.5,
      -0.8090169943749475,
      0,
      0.5,
      -0.8090169943749475,
      0.30901699437494745,
      0,
      -0.8090169943749475,
      -0.30901699437494745,
      0.5,
      0,
      0,
      0,
      0,
      1
    ]
  ],
  "polygons": true,
  "shapes": {
    "s27285353181716077": {
      "id": "s27285353181716077",
      "name": "ball",
      "vertices": [
        {
          "x": 0.30901700258255005,
          "y": -0.80901700258255,
          "z": 0.6180340051651001
        },
        {
          "x": 0.80901700258255,
          "y": -0.6180340051651001,
          "z": 0.30901700258255005
        },
        {
          "x": 0.6180340051651001,
          "y": -0.30901700258255005,
          "z": 0.80901700258255
        },
        {
          "x": 1,
          "y": 0.30901700258255005,
          "z": 0.19098301231861115
        },
        {
          "x": 0.80901700258255,
          "y": 0.6180340051651001,
          "z": 0.30901700258255005
        },
        {
          "x": 0.6180340051651001,
          "y": 0.30901700258255005,
          "z": 0.80901700258255
        },
        {
          "x": 0.80901700258255,
          "y": 0,
          "z": 0.69098299741745
        },
        {
          "x": 0.19098301231861115,
          "y": -1,
          "z": 0.30901700258255005
        },
        {
          "x": -0.19098301231861115,
          "y": -1,
          "z": 0.30901700258255005
        },
        {
          "x": -0.19098301231861115,
          "y": -1,
          "z": -0.30901700258255005
        },
        {
          "x": 0.19098301231861115,
          "y": -1,
          "z": -0.30901700258255005
        },
        {
          "x": 1,
          "y": -0.30901700258255005,
          "z": -0.19098301231861115
        },
        {
          "x": 0.80901700258255,
          "y": -0.6180340051651001,
          "z": -0.30901700258255005
        },
        {
          "x": 0.6180340051651001,
          "y": -0.30901700258255005,
          "z": -0.80901700258255
        },
        {
          "x": 0.80901700258255,
          "y": 0,
          "z": -0.69098299741745
        },
        {
          "x": 0,
          "y": 0.69098299741745,
          "z": -0.80901700258255
        },
        {
          "x": 0.30901700258255005,
          "y": 0.80901700258255,
          "z": -0.6180340051651001
        },
        {
          "x": 0.6180340051651001,
          "y": 0.30901700258255005,
          "z": -0.80901700258255
        },
        {
          "x": 0.30901700258255005,
          "y": 0.19098301231861115,
          "z": -1
        },
        {
          "x": 1,
          "y": 0.30901700258255005,
          "z": -0.19098301231861115
        },
        {
          "x": -0.30901700258255005,
          "y": -0.80901700258255,
          "z": 0.6180340051651001
        },
        {
          "x": 0,
          "y": -0.69098299741745,
          "z": 0.80901700258255
        },
        {
          "x": 0.80901700258255,
          "y": 0.6180340051651001,
          "z": -0.30901700258255005
        },
        {
          "x": 0.69098299741745,
          "y": 0.80901700258255,
          "z": 0
        },
        {
          "x": -0.69098299741745,
          "y": 0.80901700258255,
          "z": 0
        },
        {
          "x": -0.80901700258255,
          "y": 0.6180340051651001,
          "z": 0.30901700258255005
        },
        {
          "x": -0.30901700258255005,
          "y": 0.80901700258255,
          "z": 0.6180340051651001
        },
        {
          "x": -0.19098301231861115,
          "y": 1,
          "z": 0.30901700258255005
        },
        {
          "x": 0.30901700258255005,
          "y": -0.19098301231861115,
          "z": -1
        },
        {
          "x": 0.19098301231861115,
          "y": 1,
          "z": 0.30901700258255005
        },
        {
          "x": 0.30901700258255005,
          "y": 0.80901700258255,
          "z": 0.6180340051651001
        },
        {
          "x": -0.80901700258255,
          "y": -0.6180340051651001,
          "z": 0.30901700258255005
        },
        {
          "x": -0.69098299741745,
          "y": -0.80901700258255,
          "z": 0
        },
        {
          "x": 0,
          "y": 0.69098299741745,
          "z": 0.80901700258255
        },
        {
          "x": 0.30901700258255005,
          "y": -0.80901700258255,
          "z": -0.6180340051651001
        },
        {
          "x": 0,
          "y": -0.69098299741745,
          "z": -0.80901700258255
        },
        {
          "x": -1,
          "y": 0.30901700258255005,
          "z": 0.19098301231861115
        },
        {
          "x": -0.80901700258255,
          "y": 0,
          "z": 0.69098299741745
        },
        {
          "x": -0.6180340051651001,
          "y": 0.30901700258255005,
          "z": 0.80901700258255
        },
        {
          "x": 1,
          "y": -0.30901700258255005,
          "z": 0.19098301231861115
        },
        {
          "x": -0.30901700258255005,
          "y": -0.80901700258255,
          "z": -0.6180340051651001
        },
        {
          "x": -1,
          "y": 0.30901700258255005,
          "z": -0.19098301231861115
        },
        {
          "x": -1,
          "y": -0.30901700258255005,
          "z": -0.19098301231861115
        },
        {
          "x": -1,
          "y": -0.30901700258255005,
          "z": 0.19098301231861115
        },
        {
          "x": 0.19098301231861115,
          "y": 1,
          "z": -0.30901700258255005
        },
        {
          "x": -0.80901700258255,
          "y": 0.6180340051651001,
          "z": -0.30901700258255005
        },
        {
          "x": -0.19098301231861115,
          "y": 1,
          "z": -0.30901700258255005
        },
        {
          "x": -0.30901700258255005,
          "y": 0.80901700258255,
          "z": -0.6180340051651001
        },
        {
          "x": -0.6180340051651001,
          "y": -0.30901700258255005,
          "z": 0.80901700258255
        },
        {
          "x": 0.30901700258255005,
          "y": 0.19098301231861115,
          "z": 1
        },
        {
          "x": -0.30901700258255005,
          "y": 0.19098301231861115,
          "z": -1
        },
        {
          "x": -0.30901700258255005,
          "y": 0.19098301231861115,
          "z": 1
        },
        {
          "x": -0.30901700258255005,
          "y": -0.19098301231861115,
          "z": 1
        },
        {
          "x": 0.30901700258255005,
          "y": -0.19098301231861115,
          "z": 1
        },
        {
          "x": 0.69098299741745,
          "y": -0.80901700258255,
          "z": 0
        },
        {
          "x": -0.80901700258255,
          "y": 0,
          "z": -0.69098299741745
        },
        {
          "x": -0.6180340051651001,
          "y": -0.30901700258255005,
          "z": -0.80901700258255
        },
        {
          "x": -0.30901700258255005,
          "y": -0.19098301231861115,
          "z": -1
        },
        {
          "x": -0.6180340051651001,
          "y": 0.30901700258255005,
          "z": -0.80901700258255
        },
        {
          "x": -0.80901700258255,
          "y": -0.6180340051651001,
          "z": -0.30901700258255005
        }
      ],
      "faces": [
        {
          "vertices": [
            0,
            1,
            2
          ]
        },
        {
          "vertices": [
            3,
            4,
            5,
            6
          ]
        },
        {
          "vertices": [
            7,
            8,
            9,
            10
          ]
        },
        {
          "vertices": [
            11,
            12,
            13,
            14
          ]
        },
        {
          "vertices": [
            15,
            16,
            17,
            18
          ]
        },
        {
          "vertices": [
            11,
            14,
            19
          ]
        },
        {
          "vertices": [
            0,
            21,
            20,
            8,
            7
          ]
        },
        {
          "vertices": [
            3,
            19,
            22,
            23,
            4
          ]
        },
        {
          "vertices": [
            7,
            10,
            54
          ]
        },
        {
          "vertices": [
            24,
            25,
            26,
            27
          ]
        },
        {
          "vertices": [
            13,
            28,
            18,
            17,
            14
          ]
        },
        {
          "vertices": [
            4,
            23,
            29,
            30
          ]
        },
        {
          "vertices": [
            8,
            20,
            31,
            32
          ]
        },
        {
          "vertices": [
            26,
            33,
            30,
            29,
            27
          ]
        },
        {
          "vertices": [
            13,
            34,
            35,
            28
          ]
        },
        {
          "vertices": [
            10,
            34,
            12,
            54
          ]
        },
        {
          "vertices": [
            25,
            36,
            37,
            38
          ]
        },
        {
          "vertices": [
            3,
            6,
            39
          ]
        },
        {
          "vertices": [
            1,
            39,
            6,
            2
          ]
        },
        {
          "vertices": [
            9,
            40,
            35,
            34,
            10
          ]
        },
        {
          "vertices": [
            36,
            41,
            42,
            43
          ]
        },
        {
          "vertices": [
            24,
            46,
            47,
            45
          ]
        },
        {
          "vertices": [
            23,
            44,
            29
          ]
        },
        {
          "vertices": [
            24,
            45,
            41,
            36,
            25
          ]
        },
        {
          "vertices": [
            20,
            48,
            31
          ]
        },
        {
          "vertices": [
            5,
            30,
            33,
            49
          ]
        },
        {
          "vertices": [
            1,
            54,
            12,
            11,
            39
          ]
        },
        {
          "vertices": [
            15,
            18,
            50
          ]
        },
        {
          "vertices": [
            49,
            51,
            52,
            53
          ]
        },
        {
          "vertices": [
            33,
            51,
            49
          ]
        },
        {
          "vertices": [
            15,
            47,
            46,
            44,
            16
          ]
        },
        {
          "vertices": [
            12,
            34,
            13
          ]
        },
        {
          "vertices": [
            27,
            29,
            44,
            46
          ]
        },
        {
          "vertices": [
            4,
            30,
            5
          ]
        },
        {
          "vertices": [
            2,
            6,
            5,
            49,
            53
          ]
        },
        {
          "vertices": [
            41,
            55,
            42
          ]
        },
        {
          "vertices": [
            35,
            40,
            56,
            57
          ]
        },
        {
          "vertices": [
            18,
            28,
            57,
            50
          ]
        },
        {
          "vertices": [
            50,
            57,
            56,
            55,
            58
          ]
        },
        {
          "vertices": [
            0,
            7,
            54,
            1
          ]
        },
        {
          "vertices": [
            15,
            50,
            58,
            47
          ]
        },
        {
          "vertices": [
            24,
            27,
            46
          ]
        },
        {
          "vertices": [
            21,
            53,
            52
          ]
        },
        {
          "vertices": [
            45,
            47,
            58
          ]
        },
        {
          "vertices": [
            3,
            39,
            11,
            19
          ]
        },
        {
          "vertices": [
            14,
            17,
            22,
            19
          ]
        },
        {
          "vertices": [
            37,
            48,
            52,
            51,
            38
          ]
        },
        {
          "vertices": [
            16,
            44,
            23,
            22
          ]
        },
        {
          "vertices": [
            9,
            32,
            59,
            40
          ]
        },
        {
          "vertices": [
            26,
            38,
            51,
            33
          ]
        },
        {
          "vertices": [
            0,
            2,
            53,
            21
          ]
        },
        {
          "vertices": [
            41,
            45,
            58,
            55
          ]
        },
        {
          "vertices": [
            8,
            32,
            9
          ]
        },
        {
          "vertices": [
            16,
            22,
            17
          ]
        },
        {
          "vertices": [
            28,
            35,
            57
          ]
        },
        {
          "vertices": [
            40,
            59,
            56
          ]
        },
        {
          "vertices": [
            25,
            38,
            26
          ]
        },
        {
          "vertices": [
            20,
            21,
            52,
            48
          ]
        },
        {
          "vertices": [
            42,
            55,
            56,
            59
          ]
        },
        {
          "vertices": [
            31,
            48,
            37,
            43
          ]
        },
        {
          "vertices": [
            31,
            43,
            42,
            59,
            32
          ]
        },
        {
          "vertices": [
            36,
            43,
            37
          ]
        }
      ]
    },
    "s8110021716938656": {
      "id": "s8110021716938656",
      "orbit": "[[2,-1,1],[5,-3,1]]",
      "length": "[-2,4,5]",
      "vertices": [
        {
          "x": 8.20582389831543,
          "y": 2.9433629512786865,
          "z": -1.3152475357055664
        },
        {
          "x": 9.22836685180664,
          "y": 2.979837417602539,
          "z": -1.4472136497497559
        },
        {
          "x": 8.20582389831543,
          "y": 2.9433629512786865,
          "z": -0.9332816004753113
        },
        {
          "x": 8.014841079711914,
          "y": 3.252379894256592,
          "z": -1.4332815408706665
        },
        {
          "x": 8.014841079711914,
          "y": 3.252379894256592,
          "z": -1.0513155460357666
        },
        {
          "x": 0.80901700258255,
          "y": 0.6180340051651001,
          "z": 0.30901700258255005
        },
        {
          "x": 1,
          "y": 0.30901700258255005,
          "z": 0.19098301231861115
        },
        {
          "x": 1.9045084714889526,
          "y": 0.5364745259284973,
          "z": -0.013932022266089916
        },
        {
          "x": 8.919349670410156,
          "y": 3.479837417602539,
          "z": -1.638196587562561
        },
        {
          "x": 9.110332489013672,
          "y": 3.170820474624634,
          "z": -1.7562305927276611
        },
        {
          "x": 9.110332489013672,
          "y": 3.170820474624634,
          "z": -1.138196587562561
        },
        {
          "x": 8.919349670410156,
          "y": 3.479837417602539,
          "z": -1.2562305927276611
        },
        {
          "x": 1.7135255336761475,
          "y": 0.8454915285110474,
          "z": -0.1319660097360611
        },
        {
          "x": 0.69098299741745,
          "y": 0.80901700258255,
          "z": 0
        },
        {
          "x": 1.9045084714889526,
          "y": 0.5364745259284973,
          "z": -0.3958980441093445
        },
        {
          "x": 1.7135255336761475,
          "y": 0.8454915285110474,
          "z": -0.5139320492744446
        },
        {
          "x": 0.80901700258255,
          "y": 0.6180340051651001,
          "z": -0.30901700258255005
        },
        {
          "x": 1,
          "y": 0.30901700258255005,
          "z": -0.19098301231861115
        },
        {
          "x": 9.919349670410156,
          "y": 3.7888543605804443,
          "z": -1.4472136497497559
        }
      ],
      "faces": [
        {
          "vertices": [
            0,
            1,
            2
          ]
        },
        {
          "vertices": [
            5,
            6,
            7
          ]
        },
        {
          "vertices": [
            3,
            8,
            9
          ]
        },
        {
          "vertices": [
            2,
            10,
            11,
            4
          ]
        },
        {
          "vertices": [
            2,
            4,
            12,
            7
          ]
        },
        {
          "vertices": [
            5,
            12,
            13
          ]
        },
        {
          "vertices": [
            0,
            2,
            7,
            14
          ]
        },
        {
          "vertices": [
            0,
            14,
            15,
            3
          ]
        },
        {
          "vertices": [
            3,
            15,
            12,
            4
          ]
        },
        {
          "vertices": [
            1,
            10,
            2
          ]
        },
        {
          "vertices": [
            0,
            3,
            9
          ]
        },
        {
          "vertices": [
            0,
            9,
            1
          ]
        },
        {
          "vertices": [
            13,
            15,
            16
          ]
        },
        {
          "vertices": [
            6,
            17,
            14,
            7
          ]
        },
        {
          "vertices": [
            12,
            15,
            13
          ]
        },
        {
          "vertices": [
            3,
            4,
            11,
            8
          ]
        },
        {
          "vertices": [
            5,
            7,
            12
          ]
        },
        {
          "vertices": [
            14,
            17,
            16,
            15
          ]
        }
      ]
    },
    "s8796231967887813": {
      "id": "s8796231967887813",
      "orbit": "[[-3,2,1],[0,0,1]]",
      "length": "[0,1,1]",
      "vertices": [
        {
          "x": -2.505819320678711,
          "y": -8.07962417602539,
          "z": 3.7314815521240234
        },
        {
          "x": -2.9058194160461426,
          "y": -7.9796247482299805,
          "z": 3.631481409072876
        },
        {
          "x": -0.46258750557899475,
          "y": -0.39251142740249634,
          "z": 0.37075597047805786
        },
        {
          "x": -0.06258751451969147,
          "y": -0.49251142144203186,
          "z": 0.4707559645175934
        },
        {
          "x": -3.0391526222229004,
          "y": -7.746291160583496,
          "z": 3.93148136138916
        },
        {
          "x": -2.639152765274048,
          "y": -7.8462910652160645,
          "z": 4.0314812660217285
        },
        {
          "x": 0.07074581831693649,
          "y": -0.7258447408676147,
          "z": 0.17075595259666443
        },
        {
          "x": -0.3292541801929474,
          "y": -0.6258447766304016,
          "z": 0.0707559585571289
        }
      ],
      "faces": [
        {
          "vertices": [
            2,
            4,
            5,
            3
          ]
        },
        {
          "vertices": [
            0,
            6,
            3,
            5
          ]
        },
        {
          "vertices": [
            0,
            1,
            7,
            6
          ]
        },
        {
          "vertices": [
            1,
            4,
            2,
            7
          ]
        },
        {
          "vertices": [
            2,
            3,
            6,
            7
          ]
        },
        {
          "vertices": [
            0,
            5,
            4,
            1
          ]
        }
      ]
    },
    "s8733654609760915": {
      "id": "s8733654609760915",
      "orbit": "[[0,0,1],[0,0,1]]",
      "length": "[4,2,5]",
      "vertices": [
        {
          "x": 11.260990142822266,
          "y": 0.30901700258255005,
          "z": 0.19098301231861115
        },
        {
          "x": 11.260990142822266,
          "y": 0.30901700258255005,
          "z": -0.19098301231861115
        },
        {
          "x": 1,
          "y": 0.30901700258255005,
          "z": -0.19098301231861115
        },
        {
          "x": 1,
          "y": 0.30901700258255005,
          "z": 0.19098301231861115
        },
        {
          "x": 11.260990142822266,
          "y": -0.30901700258255005,
          "z": 0.19098301231861115
        },
        {
          "x": 1,
          "y": -0.30901700258255005,
          "z": 0.19098301231861115
        },
        {
          "x": 1,
          "y": -0.30901700258255005,
          "z": -0.19098301231861115
        },
        {
          "x": 11.260990142822266,
          "y": -0.30901700258255005,
          "z": -0.19098301231861115
        },
        {
          "x": 12.260990142822266,
          "y": 0,
          "z": 0
        }
      ],
      "faces": [
        {
          "vertices": [
            0,
            1,
            2,
            3
          ]
        },
        {
          "vertices": [
            4,
            5,
            6,
            7
          ]
        },
        {
          "vertices": [
            0,
            3,
            5,
            4
          ]
        },
        {
          "vertices": [
            1,
            7,
            6,
            2
          ]
        }
      ]
    },
    "s5055012639371346": {
      "id": "s5055012639371346",
      "orbit": "[[2,-1,3],[5,-3,3]]",
      "length": "[-8,12,11]",
      "vertices": [
        {
          "x": 2.408123254776001,
          "y": 2.5261573791503906,
          "z": 4.434280872344971
        },
        {
          "x": 2.2171404361724854,
          "y": 1.7171403169631958,
          "z": 3.816246747970581
        },
        {
          "x": 0.5,
          "y": 1,
          "z": 1.6180340051651
        },
        {
          "x": 0.80901700258255,
          "y": 1.1180340051651,
          "z": 1.4270509481430054
        },
        {
          "x": 0.30901700258255005,
          "y": 0.80901700258255,
          "z": 0.6180340051651001
        },
        {
          "x": 0,
          "y": 0.69098299741745,
          "z": 0.80901700258255
        },
        {
          "x": 1.9081233739852905,
          "y": 1.5991063117980957,
          "z": 4.007229804992676
        },
        {
          "x": 2.408123254776001,
          "y": 1.9081233739852905,
          "z": 4.816246509552002
        },
        {
          "x": 1.5991063117980957,
          "y": 2.0991063117980957,
          "z": 3.816246747970581
        },
        {
          "x": 0.30901700258255005,
          "y": 0.19098301231861115,
          "z": 1
        },
        {
          "x": 0.6180340051651001,
          "y": 0.30901700258255005,
          "z": 0.80901700258255
        },
        {
          "x": 1.1180340051651,
          "y": 0.6180340051651001,
          "z": 1.6180340051651
        },
        {
