{
  "field" : "golden",
  "symmetry" : "icosahedral",
  "orientations" : [ [ 1.0, 0.0, 0.0, 0.0, 0.0, 1.0, 0.0, 0.0, 0.0, 0.0, 1.0, 0.0, 0.0, 0.0, 0.0, 1.0 ], [ 0.0, 0.0, 1.0, 0.0, 1.0, 0.0, 0.0, 0.0, 0.0, 1.0, 0.0, 0.0, 0.0, 0.0, 0.0, 1.0 ], [ 0.0, 1.0, 0.0, 0.0, 0.0, 0.0, 1.0, 0.0, 1.0, 0.0, 0.0, 0.0, 0.0, 0.0, 0.0, 1.0 ], [ 0.809017, 0.309017, 0.5, 0.0, 0.309017, 0.5, -0.809017, 0.0, -0.5, 0.809017, 0.309017, 0.0, 0.0, 0.0, 0.0, 1.0 ], [ -0.5, 0.809017, 0.309017, 0.0, 0.809017, 0.309017, 0.5, 0.0, 0.309017, 0.5, -0.809017, 0.0, 0.0, 0.0, 0.0, 1.0 ], [ 0.309017, 0.5, -0.809017, 0.0, -0.5, 0.809017, 0.309017, 0.0, 0.809017, 0.309017, 0.5, 0.0, 0.0, 0.0, 0.0, 1.0 ], [ 0.5, 0.809017, 0.309017, 0.0, 0.809017, -0.309017, -0.5, 0.0, -0.309017, 0.5, -0.809017, 0.0, 0.0, 0.0, 0.0, 1.0 ], [ -0.309017, 0.5, -0.809017, 0.0, 0.5, 0.809017, 0.309017, 0.0, 0.809017, -0.309017, -0.5, 0.0, 0.0, 0.0, 0.0, 1.0 ], [ 0.809017, -0.309017, -0.5, 0.0, -0.309017, 0.5, -0.809017, 0.0, 0.5, 0.809017, 0.309017, 0.0, 0.0, 0.0, 0.0, 1.0 ], [ 0.5, 0.809017, -0.309017, 0.0, 0.809017, -0.309017, 0.5, 0.0, 0.309017, -0.5, -0.809017, 0.0, 0.0, 0.0, 0.0, 1.0 ], [ 0.309017, -0.5, -0.809017, 0.0, 0.5, 0.809017, -0.309017, 0.0, 0.809017, -0.309017, 0.5, 0.0, 0.0, 0.0, 0.0, 1.0 ], [ 0.809017, -0.309017, 0.5, 0.0, 0.309017, -0.5, -0.809017, 0.0, 0.5, 0.809017, -0.309017, 0.0, 0.0, 0.0, 0.0, 1.0 ], [ 0.809017, 0.309017, -0.5, 0.0, 0.309017, 0.5, 0.809017, 0.0, 0.5, -0.809017, 0.309017, 0.0, 0.0, 0.0, 0.0, 1.0 ], [ 0.5, -0.809017, 0.309017, 0.0, 0.809017, 0.309017, -0.5, 0.0, 0.309017, 0.5, 0.809017, 0.0, 0.0, 0.0, 0.0, 1.0 ], [ 0.309017, 0.5, 0.809017, 0.0, 0.5, -0.809017, 0.309017, 0.0, 0.809017, 0.309017, -0.5, 0.0, 0.0, 0.0, 0.0, 1.0 ], [ 1.0, 0.0, 0.0, 0.0, 0.0, -1.0, 0.0, 0.0, 0.0, 0.0, -1.0, 0.0, 0.0, 0.0, 0.0, 1.0 ], [ 0.0, 0.0, 1.0, 0.0, -1.0, 0.0, 0.0, 0.0, 0.0, -1.0, 0.0, 0.0, 0.0, 0.0, 0.0, 1.0 ], [ 0.0, 1.0, 0.0, 0.0, 0.0, 0.0, -1.0, 0.0, -1.0, 0.0, 0.0, 0.0, 0.0, 0.0, 0.0, 1.0 ], [ 0.809017, 0.309017, 0.5, 0.0, -0.309017, -0.5, 0.809017, 0.0, 0.5, -0.809017, -0.309017, 0.0, 0.0, 0.0, 0.0, 1.0 ], [ -0.5, 0.809017, 0.309017, 0.0, -0.809017, -0.309017, -0.5, 0.0, -0.309017, -0.5, 0.809017, 0.0, 0.0, 0.0, 0.0, 1.0 ], [ 0.309017, 0.5, -0.809017, 0.0, 0.5, -0.809017, -0.309017, 0.0, -0.809017, -0.309017, -0.5, 0.0, 0.0, 0.0, 0.0, 1.0 ], [ 0.5, 0.809017, 0.309017, 0.0, -0.809017, 0.309017, 0.5, 0.0, 0.309017, -0.5, 0.809017, 0.0, 0.0, 0.0, 0.0, 1.0 ], [ -0.309017, 0.5, -0.809017, 0.0, -0.5, -0.809017, -0.309017, 0.0, -0.809017, 0.309017, 0.5, 0.0, 0.0, 0.0, 0.0, 1.0 ], [ 0.809017, -0.309017, -0.5, 0.0, 0.309017, -0.5, 0.809017, 0.0, -0.5, -0.809017, -0.309017, 0.0, 0.0, 0.0, 0.0, 1.0 ], [ 0.5, 0.809017, -0.309017, 0.0, -0.809017, 0.309017, -0.5, 0.0, -0.309017, 0.5, 0.809017, 0.0, 0.0, 0.0, 0.0, 1.0 ], [ 0.309017, -0.5, -0.809017, 0.0, -0.5, -0.809017, 0.309017, 0.0, -0.809017, 0.309017, -0.5, 0.0, 0.0, 0.0, 0.0, 1.0 ], [ 0.809017, -0.309017, 0.5, 0.0, -0.309017, 0.5, 0.809017, 0.0, -0.5, -0.809017, 0.309017, 0.0, 0.0, 0.0, 0.0, 1.0 ], [ 0.809017, 0.309017, -0.5, 0.0, -0.309017, -0.5, -0.809017, 0.0, -0.5, 0.809017, -0.309017, 0.0, 0.0, 0.0, 0.0, 1.0 ], [ 0.5, -0.809017, 0.309017, 0.0, -0.809017, -0.309017, 0.5, 0.0, -0.309017, -0.5, -0.809017, 0.0, 0.0, 0.0, 0.0, 1.0 ], [ 0.309017, 0.5, 0.809017, 0.0, -0.5, 0.809017, -0.309017, 0.0, -0.809017, -0.309017, 0.5, 0.0, 0.0, 0.0, 0.0, 1.0 ], [ -1.0, 0.0, 0.0, 0.0, 0.0, -1.0, 0.0, 0.0, 0.0, 0.0, 1.0, 0.0, 0.0, 0.0, 0.0, 1.0 ], [ 0.0, 0.0, -1.0, 0.0, -1.0, 0.0, 0.0, 0.0, 0.0, 1.0, 0.0, 0.0, 0.0, 0.0, 0.0, 1.0 ], [ 0.0, -1.0, 0.0, 0.0, 0.0, 0.0, -1.0, 0.0, 1.0, 0.0, 0.0, 0.0, 0.0, 0.0, 0.0, 1.0 ], [ -0.809017, -0.309017, -0.5, 0.0, -0.309017, -0.5, 0.809017, 0.0, -0.5, 0.809017, 0.309017, 0.0, 0.0, 0.0, 0.0, 1.0 ], [ 0.5, -0.809017, -0.309017, 0.0, -0.809017, -0.309017, -0.5, 0.0, 0.309017, 0.5, -0.809017, 0.0, 0.0, 0.0, 0.0, 1.0 ], [ -0.309017, -0.5, 0.809017, 0.0, 0.5, -0.809017, -0.309017, 0.0, 0.809017, 0.309017, 0.5, 0.0, 0.0, 0.0, 0.0, 1.0 ], [ -0.5, -0.809017, -0.309017, 0.0, -0.809017, 0.309017, 0.5, 0.0, -0.309017, 0.5, -0.809017, 0.0, 0.0, 0.0, 0.0, 1.0 ], [ 0.309017, -0.5, 0.809017, 0.0, -0.5, -0.809017, -0.309017, 0.0, 0.809017, -0.309017, -0.5, 0.0, 0.0, 0.0, 0.0, 1.0 ], [ -0.809017, 0.309017, 0.5, 0.0, 0.309017, -0.5, 0.809017, 0.0, 0.5, 0.809017, 0.309017, 0.0, 0.0, 0.0, 0.0, 1.0 ], [ -0.5, -0.809017, 0.309017, 0.0, -0.809017, 0.309017, -0.5, 0.0, 0.309017, -0.5, -0.809017, 0.0, 0.0, 0.0, 0.0, 1.0 ], [ -0.309017, 0.5, 0.809017, 0.0, -0.5, -0.809017, 0.309017, 0.0, 0.809017, -0.309017, 0.5, 0.0, 0.0, 0.0, 0.0, 1.0 ], [ -0.809017, 0.309017, -0.5, 0.0, -0.309017, 0.5, 0.809017, 0.0, 0.5, 0.809017, -0.309017, 0.0, 0.0, 0.0, 0.0, 1.0 ], [ -0.809017, -0.309017, 0.5, 0.0, -0.309017, -0.5, -0.809017, 0.0, 0.5, -0.809017, 0.309017, 0.0, 0.0, 0.0, 0.0, 1.0 ], [ -0.5, 0.809017, -0.309017, 0.0, -0.809017, -0.309017, 0.5, 0.0, 0.309017, 0.5, 0.809017, 0.0, 0.0, 0.0, 0.0, 1.0 ], [ -0.309017, -0.5, -0.809017, 0.0, -0.5, 0.809017, -0.309017, 0.0, 0.809017, 0.309017, -0.5, 0.0, 0.0, 0.0, 0.0, 1.0 ], [ -1.0, 0.0, 0.0, 0.0, 0.0, 1.0, 0.0, 0.0, 0.0, 0.0, -1.0, 0.0, 0.0, 0.0, 0.0, 1.0 ], [ 0.0, 0.0, -1.0, 0.0, 1.0, 0.0, 0.0, 0.0, 0.0, -1.0, 0.0, 0.0, 0.0, 0.0, 0.0, 1.0 ], [ 0.0, -1.0, 0.0, 0.0, 0.0, 0.0, 1.0, 0.0, -1.0, 0.0, 0.0, 0.0, 0.0, 0.0, 0.0, 1.0 ], [ -0.809017, -0.309017, -0.5, 0.0, 0.309017, 0.5, -0.809017, 0.0, 0.5, -0.809017, -0.309017, 0.0, 0.0, 0.0, 0.0, 1.0 ], [ 0.5, -0.809017, -0.309017, 0.0, 0.809017, 0.309017, 0.5, 0.0, -0.309017, -0.5, 0.809017, 0.0, 0.0, 0.0, 0.0, 1.0 ], [ -0.309017, -0.5, 0.809017, 0.0, -0.5, 0.809017, 0.309017, 0.0, -0.809017, -0.309017, -0.5, 0.0, 0.0, 0.0, 0.0, 1.0 ], [ -0.5, -0.809017, -0.309017, 0.0, 0.809017, -0.309017, -0.5, 0.0, 0.309017, -0.5, 0.809017, 0.0, 0.0, 0.0, 0.0, 1.0 ], [ 0.309017, -0.5, 0.809017, 0.0, 0.5, 0.809017, 0.309017, 0.0, -0.809017, 0.309017, 0.5, 0.0, 0.0, 0.0, 0.0, 1.0 ], [ -0.809017, 0.309017, 0.5, 0.0, -0.309017, 0.5, -0.809017, 0.0, -0.5, -0.809017, -0.309017, 0.0, 0.0, 0.0, 0.0, 1.0 ], [ -0.5, -0.809017, 0.309017, 0.0, 0.809017, -0.309017, 0.5, 0.0, -0.309017, 0.5, 0.809017, 0.0, 0.0, 0.0, 0.0, 1.0 ], [ -0.309017, 0.5, 0.809017, 0.0, 0.5, 0.809017, -0.309017, 0.0, -0.809017, 0.309017, -0.5, 0.0, 0.0, 0.0, 0.0, 1.0 ], [ -0.809017, 0.309017, -0.5, 0.0, 0.309017, -0.5, -0.809017, 0.0, -0.5, -0.809017, 0.309017, 0.0, 0.0, 0.0, 0.0, 1.0 ], [ -0.809017, -0.309017, 0.5, 0.0, 0.309017, 0.5, 0.809017, 0.0, -0.5, 0.809017, -0.309017, 0.0, 0.0, 0.0, 0.0, 1.0 ], [ -0.5, 0.809017, -0.309017, 0.0, 0.809017, 0.309017, -0.5, 0.0, -0.309017, -0.5, -0.809017, 0.0, 0.0, 0.0, 0.0, 1.0 ], [ -0.309017, -0.5, -0.809017, 0.0, 0.5, -0.809017, 0.309017, 0.0, -0.809017, -0.309017, 0.5, 0.0, 0.0, 0.0, 0.0, 1.0 ] ],
  "lights" : {
    "ambientColor" : "#292929",
    "backgroundColor" : "#AFC8DC",
    "directionalLights" : [ {
      "direction" : {
        "x" : 1.0,
        "y" : -1.0,
        "z" : -1.0
      },
      "color" : "#EBEBE4"
    }, {
      "direction" : {
        "x" : -1.0,
        "y" : 0.0,
        "z" : 0.0
      },
      "color" : "#E4E4EB"
    }, {
      "direction" : {
        "x" : 0.0,
        "y" : 0.0,
        "z" : -1.0
      },
      "color" : "#1E1E1E"
    } ]
  },
  "camera" : {
    "lookDirection" : {
      "x" : -0.309017,
      "y" : -0.5,
      "z" : -0.809017
    },
    "upDirection" : {
      "x" : -0.49999997,
      "y" : 0.809017,
      "z" : -0.309017
    },
    "lookAtPoint" : {
      "x" : 0.0,
      "y" : 0.0,
      "z" : 0.0
    },
    "perspective" : false,
    "viewDistance" : 423.63812,
    "nearClipDistance" : 1.0590968,
    "farClipDistance" : 847.2747,
    "fieldOfView" : 0.44262943,
    "width" : 190.63739,
    "stereo" : false,
    "position" : {
      "x" : 130.91138,
      "y" : 211.81906,
      "z" : 342.73044
    }
  },
  "embedding" : [ 1.0, 0.0, 0.0, 0.0, 0.0, 1.0, 0.0, 0.0, 0.0, 0.0, 1.0, 0.0, 0.0, 0.0, 0.0, 1.0 ],
  "shapes" : [ {
    "id" : "45916136-21c2-4b06-8f63-1217b152e05f",
    "vertices" : [ {
      "x" : -24.690104,
      "y" : 39.949425,
      "z" : 15.259323
    }, {
      "x" : -45.607895,
      "y" : 28.18723,
      "z" : 0.0
    }, {
      "x" : -17.944271,
      "y" : 46.978714,
      "z" : 0.0
    } ],
    "faces" : [ {
      "vertices" : [ 0, 1, 2 ]
    }, {
      "vertices" : [ 0, 2, 1 ]
    } ]
  }, {
    "id" : "72086be8-4a65-41cd-991c-37bc6e8c6120",
    "vertices" : [ {
      "x" : 15.259323,
      "y" : 24.690104,
      "z" : 39.949425
    }, {
      "x" : 0.0,
      "y" : 45.607895,
      "z" : 28.18723
    }, {
      "x" : 29.034441,
      "y" : 29.034441,
      "z" : 29.034441
    } ],
    "faces" : [ {
      "vertices" : [ 0, 1, 2 ]
    }, {
      "vertices" : [ 0, 2, 1 ]
    } ]
  }, {
    "id" : "f192ea5f-10e4-45e6-b7ff-12d9cca3880a",
    "vertices" : [ {
      "x" : 24.690104,
      "y" : -39.949425,
      "z" : 15.259323
    }, {
      "x" : 45.607895,
      "y" : -28.18723,
      "z" : 0.0
    }, {
      "x" : 17.944271,
      "y" : -46.978714,
      "z" : 0.0
    } ],
    "faces" : [ {
      "vertices" : [ 0, 1, 2 ]
    }, {
      "vertices" : [ 0, 2, 1 ]
    } ]
  }, {
    "id" : "5a790071-8a4e-4ba4-9afd-2949ead46f7b",
    "vertices" : [ {
      "x" : -15.259323,
      "y" : -24.690104,
      "z" : -39.949425
    }, {
      "x" : -28.18723,
      "y" : 0.0,
      "z" : -45.607895
    }, {
      "x" : -29.034441,
      "y" : -29.034441,
      "z" : -29.034441
    } ],
    "faces" : [ {
      "vertices" : [ 0, 1, 2 ]
    }, {
      "vertices" : [ 0, 2, 1 ]
    } ]
  }, {
    "id" : "66719369-10fa-46f6-8bb6-a3ca0042479e",
    "vertices" : [ {
      "x" : -15.259323,
      "y" : 24.690104,
      "z" : 39.949425
    }, {
      "x" : -28.18723,
      "y" : 0.0,
      "z" : 45.607895
    }, {
      "x" : 0.0,
      "y" : 17.944271,
      "z" : 46.978714
    } ],
    "faces" : [ {
      "vertices" : [ 0, 1, 2 ]
    }, {
      "vertices" : [ 0, 2, 1 ]
    } ]
  }, {
    "id" : "02951acc-713e-4543-a75d-13d582f9247d",
    "vertices" : [ {
      "x" : 0.0,
      "y" : 0.0,
      "z" : 49.380207
    }, {
      "x" : 28.18723,
      "y" : 0.0,
      "z" : 45.607895
    }, {
      "x" : 0.0,
      "y" : -17.944271,
      "z" : 46.978714
    } ],
    "faces" : [ {
      "vertices" : [ 0, 1, 2 ]
    }, {
      "vertices" : [ 0, 2, 1 ]
    } ]
  }, {
    "id" : "6cbc62c8-e282-40e6-8b72-7c5a5b411948",
    "vertices" : [ {
      "x" : 15.259323,
      "y" : 24.690104,
      "z" : 39.949425
    }, {
      "x" : 28.18723,
      "y" : 0.0,
      "z" : 45.607895
    }, {
      "x" : 0.0,
      "y" : 17.944271,
      "z" : 46.978714
    } ],
    "faces" : [ {
      "vertices" : [ 0, 1, 2 ]
    }, {
      "vertices" : [ 0, 2, 1 ]
    } ]
  }, {
    "id" : "6616585a-39f4-4537-8a9d-f7d53f620152",
    "vertices" : [ {
      "x" : -24.690104,
      "y" : 39.949425,
      "z" : 15.259323
    }, {
      "x" : 0.0,
      "y" : 45.607895,
      "z" : 28.18723
    }, {
      "x" : -29.034441,
      "y" : 29.034441,
      "z" : 29.034441
    } ],
    "faces" : [ {
      "vertices" : [ 0, 1, 2 ]
    }, {
      "vertices" : [ 0, 2, 1 ]
    } ]
  }, {
    "id" : "a95e66a9-062b-47d5-bdcf-274aff64d281",
    "vertices" : [ {
      "x" : -24.690104,
      "y" : -39.949425,
      "z" : -15.259323
    }, {
      "x" : -45.607895,
      "y" : -28.18723,
      "z" : 0.0
    }, {
      "x" : -17.944271,
      "y" : -46.978714,
      "z" : 0.0
    } ],
    "faces" : [ {
      "vertices" : [ 0, 1, 2 ]
    }, {
      "vertices" : [ 0, 2, 1 ]
    } ]
  }, {
    "id" : "d61d39d6-a4fd-4af6-b8ae-131cc26b2c57",
    "vertices" : [ {
      "x" : -15.259323,
      "y" : 24.690104,
      "z" : -39.949425
    }, {
      "x" : -28.18723,
      "y" : 0.0,
      "z" : -45.607895
    }, {
      "x" : -29.034441,
      "y" : 29.034441,
      "z" : -29.034441
    } ],
    "faces" : [ {
      "vertices" : [ 0, 1, 2 ]
    }, {
      "vertices" : [ 0, 2, 1 ]
    } ]
  }, {
    "id" : "a6556633-ce86-40b4-934c-ccb9aaea5e82",
    "vertices" : [ {
      "x" : 49.380207,
      "y" : 0.0,
      "z" : 0.0
    }, {
      "x" : 45.607895,
      "y" : -28.18723,
      "z" : 0.0
    }, {
      "x" : 46.978714,
      "y" : 0.0,
      "z" : 17.944271
    } ],
    "faces" : [ {
      "vertices" : [ 0, 1, 2 ]
    }, {
      "vertices" : [ 0, 2, 1 ]
    } ]
  }, {
    "id" : "b81aa5bd-fc1b-4653-bede-724048b6571e",
    "vertices" : [ {
      "x" : 15.259323,
      "y" : -24.690104,
      "z" : 39.949425
    }, {
      "x" : 0.0,
      "y" : -45.607895,
      "z" : 28.18723
    }, {
      "x" : 29.034441,
      "y" : -29.034441,
      "z" : 29.034441
    } ],
    "faces" : [ {
      "vertices" : [ 0, 1, 2 ]
    }, {
      "vertices" : [ 0, 2, 1 ]
    } ]
  }, {
    "id" : "d920e988-4004-4c8d-8ce3-7b216a6c22fa",
    "vertices" : [ {
      "x" : 0.0,
      "y" : 49.380207,
      "z" : 0.0
    }, {
      "x" : 0.0,
      "y" : 45.607895,
      "z" : 28.18723
    }, {
      "x" : 17.944271,
      "y" : 46.978714,
      "z" : 0.0
    } ],
    "faces" : [ {
      "vertices" : [ 0, 1, 2 ]
    }, {
      "vertices" : [ 0, 2, 1 ]
    } ]
  }, {
    "id" : "a5d392bd-97a7-47f0-b032-b106e52e6b6c",
    "vertices" : [ {
      "x" : 0.309017,
      "y" : -0.809017,
      "z" : 0.618034
    }, {
      "x" : 0.809017,
      "y" : -0.618034,
      "z" : 0.309017
    }, {
      "x" : 0.618034,
      "y" : -0.309017,
      "z" : 0.809017
    }, {
      "x" : 1.0,
      "y" : 0.309017,
      "z" : 0.19098301
    }, {
      "x" : 0.809017,
      "y" : 0.618034,
      "z" : 0.309017
    }, {
      "x" : 0.618034,
      "y" : 0.309017,
      "z" : 0.809017
    }, {
      "x" : 0.809017,
      "y" : 0.0,
      "z" : 0.690983
    }, {
      "x" : 0.19098301,
      "y" : -1.0,
      "z" : 0.309017
    }, {
      "x" : -0.19098301,
      "y" : -1.0,
      "z" : 0.309017
    }, {
      "x" : -0.19098301,
      "y" : -1.0,
      "z" : -0.309017
    }, {
      "x" : 0.19098301,
      "y" : -1.0,
      "z" : -0.309017
    }, {
      "x" : 1.0,
      "y" : -0.309017,
      "z" : -0.19098301
    }, {
      "x" : 0.809017,
      "y" : -0.618034,
      "z" : -0.309017
    }, {
      "x" : 0.618034,
      "y" : -0.309017,
      "z" : -0.809017
    }, {
      "x" : 0.809017,
      "y" : 0.0,
      "z" : -0.690983
    }, {
      "x" : 0.0,
      "y" : 0.690983,
      "z" : -0.809017
    }, {
      "x" : 0.309017,
      "y" : 0.809017,
      "z" : -0.618034
    }, {
      "x" : 0.618034,
      "y" : 0.309017,
      "z" : -0.809017
    }, {
      "x" : 0.309017,
      "y" : 0.19098301,
      "z" : -1.0
    }, {
      "x" : 1.0,
      "y" : 0.309017,
      "z" : -0.19098301
    }, {
      "x" : -0.309017,
      "y" : -0.809017,
      "z" : 0.618034
    }, {
      "x" : 0.0,
      "y" : -0.690983,
      "z" : 0.809017
    }, {
      "x" : 0.809017,
      "y" : 0.618034,
      "z" : -0.309017
    }, {
      "x" : 0.690983,
      "y" : 0.809017,
      "z" : 0.0
    }, {
      "x" : -0.690983,
      "y" : 0.809017,
      "z" : 0.0
    }, {
      "x" : -0.809017,
      "y" : 0.618034,
      "z" : 0.309017
    }, {
      "x" : -0.309017,
      "y" : 0.809017,
      "z" : 0.618034
    }, {
      "x" : -0.19098301,
      "y" : 1.0,
      "z" : 0.309017
    }, {
      "x" : 0.309017,
      "y" : -0.19098301,
      "z" : -1.0
    }, {
      "x" : 0.19098301,
      "y" : 1.0,
      "z" : 0.309017
    }, {
      "x" : 0.309017,
      "y" : 0.809017,
      "z" : 0.618034
    }, {
      "x" : -0.809017,
      "y" : -0.618034,
      "z" : 0.309017
    }, {
      "x" : -0.690983,
      "y" : -0.809017,
      "z" : 0.0
    }, {
      "x" : 0.0,
      "y" : 0.690983,
      "z" : 0.809017
    }, {
      "x" : 0.309017,
      "y" : -0.809017,
      "z" : -0.618034
    }, {
      "x" : 0.0,
      "y" : -0.690983,
      "z" : -0.809017
    }, {
      "x" : -1.0,
      "y" : 0.309017,
      "z" : 0.19098301
    }, {
      "x" : -0.809017,
      "y" : 0.0,
      "z" : 0.690983
    }, {
      "x" : -0.618034,
      "y" : 0.309017,
      "z" : 0.809017
    }, {
      "x" : 1.0,
      "y" : -0.309017,
      "z" : 0.19098301
    }, {
      "x" : -0.309017,
      "y" : -0.809017,
      "z" : -0.618034
    }, {
      "x" : -1.0,
      "y" : 0.309017,
      "z" : -0.19098301
    }, {
      "x" : -1.0,
      "y" : -0.309017,
      "z" : -0.19098301
    }, {
      "x" : -1.0,
      "y" : -0.309017,
      "z" : 0.19098301
    }, {
      "x" : 0.19098301,
      "y" : 1.0,
      "z" : -0.309017
    }, {
      "x" : -0.809017,
      "y" : 0.618034,
      "z" : -0.309017
    }, {
      "x" : -0.19098301,
      "y" : 1.0,
      "z" : -0.309017
    }, {
      "x" : -0.309017,
      "y" : 0.809017,
      "z" : -0.618034
    }, {
      "x" : -0.618034,
      "y" : -0.309017,
      "z" : 0.809017
    }, {
      "x" : 0.309017,
      "y" : 0.19098301,
      "z" : 1.0
    }, {
      "x" : -0.309017,
      "y" : 0.19098301,
      "z" : -1.0
    }, {
      "x" : -0.309017,
      "y" : 0.19098301,
      "z" : 1.0
    }, {
      "x" : -0.309017,
      "y" : -0.19098301,
      "z" : 1.0
    }, {
      "x" : 0.309017,
      "y" : -0.19098301,
      "z" : 1.0
    }, {
      "x" : 0.690983,
      "y" : -0.809017,
      "z" : 0.0
    }, {
      "x" : -0.809017,
      "y" : 0.0,
      "z" : -0.690983
    }, {
      "x" : -0.618034,
      "y" : -0.309017,
      "z" : -0.809017
    }, {
      "x" : -0.309017,
      "y" : -0.19098301,
      "z" : -1.0
    }, {
      "x" : -0.618034,
      "y" : 0.309017,
      "z" : -0.809017
    }, {
      "x" : -0.809017,
      "y" : -0.618034,
      "z" : -0.309017
    } ],
    "faces" : [ {
      "vertices" : [ 9, 40, 35 ]
    }, {
      "vertices" : [ 9, 35, 34 ]
    }, {
      "vertices" : [ 9, 34, 10 ]
    }, {
      "vertices" : [ 0, 1, 2 ]
    }, {
      "vertices" : [ 33, 51, 49 ]
    }, {
      "vertices" : [ 25, 36, 37 ]
    }, {
      "vertices" : [ 25, 37, 38 ]
    }, {
      "vertices" : [ 41, 55, 42 ]
    }, {
      "vertices" : [ 9, 32, 59 ]
    }, {
      "vertices" : [ 9, 59, 40 ]
    }, {
      "vertices" : [ 20, 21, 52 ]
    }, {
      "vertices" : [ 20, 52, 48 ]
    }, {
      "vertices" : [ 26, 33, 30 ]
    }, {
      "vertices" : [ 26, 30, 29 ]
    }, {
      "vertices" : [ 26, 29, 27 ]
    }, {
      "vertices" : [ 3, 4, 5 ]
    }, {
      "vertices" : [ 3, 5, 6 ]
    }, {
      "vertices" : [ 27, 29, 44 ]
    }, {
      "vertices" : [ 27, 44, 46 ]
    }, {
      "vertices" : [ 50, 57, 56 ]
    }, {
      "vertices" : [ 50, 56, 55 ]
    }, {
      "vertices" : [ 50, 55, 58 ]
    }, {
      "vertices" : [ 26, 38, 51 ]
    }, {
      "vertices" : [ 26, 51, 33 ]
    }, {
      "vertices" : [ 45, 47, 58 ]
    }, {
      "vertices" : [ 18, 28, 57 ]
    }, {
      "vertices" : [ 18, 57, 50 ]
    }, {
      "vertices" : [ 40, 59, 56 ]
    }, {
      "vertices" : [ 31, 48, 37 ]
    }, {
      "vertices" : [ 31, 37, 43 ]
    }, {
      "vertices" : [ 7, 8, 9 ]
    }, {
      "vertices" : [ 7, 9, 10 ]
    }, {
      "vertices" : [ 36, 41, 42 ]
    }, {
      "vertices" : [ 36, 42, 43 ]
    }, {
      "vertices" : [ 24, 46, 47 ]
    }, {
      "vertices" : [ 24, 47, 45 ]
    }, {
      "vertices" : [ 4, 30, 5 ]
    }, {
      "vertices" : [ 15, 47, 46 ]
    }, {
      "vertices" : [ 15, 46, 44 ]
    }, {
      "vertices" : [ 15, 44, 16 ]
    }, {
      "vertices" : [ 15, 50, 58 ]
    }, {
      "vertices" : [ 15, 58, 47 ]
    }, {
      "vertices" : [ 24, 45, 41 ]
    }, {
      "vertices" : [ 24, 41, 36 ]
    }, {
      "vertices" : [ 24, 36, 25 ]
    }, {
      "vertices" : [ 11, 14, 19 ]
    }, {
      "vertices" : [ 3, 6, 39 ]
    }, {
      "vertices" : [ 1, 39, 6 ]
    }, {
      "vertices" : [ 1, 6, 2 ]
    }, {
      "vertices" : [ 8, 32, 9 ]
    }, {
      "vertices" : [ 11, 12, 13 ]
    }, {
      "vertices" : [ 11, 13, 14 ]
    }, {
      "vertices" : [ 16, 22, 17 ]
    }, {
      "vertices" : [ 0, 21, 20 ]
    }, {
      "vertices" : [ 0, 20, 8 ]
    }, {
      "vertices" : [ 0, 8, 7 ]
    }, {
      "vertices" : [ 12, 34, 13 ]
    }, {
      "vertices" : [ 35, 40, 56 ]
    }, {
      "vertices" : [ 35, 56, 57 ]
    }, {
      "vertices" : [ 0, 7, 54 ]
    }, {
      "vertices" : [ 0, 54, 1 ]
    }, {
      "vertices" : [ 15, 16, 17 ]
    }, {
      "vertices" : [ 15, 17, 18 ]
    }, {
      "vertices" : [ 3, 19, 22 ]
    }, {
      "vertices" : [ 3, 22, 23 ]
    }, {
      "vertices" : [ 3, 23, 4 ]
    }, {
      "vertices" : [ 7, 10, 54 ]
    }, {
      "vertices" : [ 41, 45, 58 ]
    }, {
      "vertices" : [ 41, 58, 55 ]
    }, {
      "vertices" : [ 3, 39, 11 ]
    }, {
      "vertices" : [ 3, 11, 19 ]
    }, {
      "vertices" : [ 14, 17, 22 ]
    }, {
      "vertices" : [ 14, 22, 19 ]
    }, {
      "vertices" : [ 0, 2, 53 ]
    }, {
      "vertices" : [ 0, 53, 21 ]
    }, {
      "vertices" : [ 49, 51, 52 ]
    }, {
      "vertices" : [ 49, 52, 53 ]
    }, {
      "vertices" : [ 31, 43, 42 ]
    }, {
      "vertices" : [ 31, 42, 59 ]
    }, {
      "vertices" : [ 31, 59, 32 ]
    }, {
      "vertices" : [ 15, 18, 50 ]
    }, {
      "vertices" : [ 42, 55, 56 ]
    }, {
      "vertices" : [ 42, 56, 59 ]
    }, {
      "vertices" : [ 4, 23, 29 ]
    }, {
      "vertices" : [ 4, 29, 30 ]
    }, {
      "vertices" : [ 25, 38, 26 ]
    }, {
      "vertices" : [ 13, 28, 18 ]
    }, {
      "vertices" : [ 13, 18, 17 ]
    }, {
      "vertices" : [ 13, 17, 14 ]
    }, {
      "vertices" : [ 8, 20, 31 ]
    }, {
      "vertices" : [ 8, 31, 32 ]
    }, {
      "vertices" : [ 23, 44, 29 ]
    }, {
      "vertices" : [ 24, 27, 46 ]
    }, {
      "vertices" : [ 37, 48, 52 ]
    }, {
      "vertices" : [ 37, 52, 51 ]
    }, {
      "vertices" : [ 37, 51, 38 ]
    }, {
      "vertices" : [ 20, 48, 31 ]
    }, {
      "vertices" : [ 24, 25, 26 ]
    }, {
      "vertices" : [ 24, 26, 27 ]
    }, {
      "vertices" : [ 16, 44, 23 ]
    }, {
      "vertices" : [ 16, 23, 22 ]
    }, {
      "vertices" : [ 13, 34, 35 ]
    }, {
      "vertices" : [ 13, 35, 28 ]
    }, {
      "vertices" : [ 10, 34, 12 ]
    }, {
      "vertices" : [ 10, 12, 54 ]
    }, {
      "vertices" : [ 2, 6, 5 ]
    }, {
      "vertices" : [ 2, 5, 49 ]
    }, {
      "vertices" : [ 2, 49, 53 ]
    }, {
      "vertices" : [ 36, 43, 37 ]
    }, {
      "vertices" : [ 5, 30, 33 ]
    }, {
      "vertices" : [ 5, 33, 49 ]
    }, {
      "vertices" : [ 1, 54, 12 ]
    }, {
      "vertices" : [ 1, 12, 11 ]
    }, {
      "vertices" : [ 1, 11, 39 ]
    }, {
      "vertices" : [ 28, 35, 57 ]
    }, {
      "vertices" : [ 21, 53, 52 ]
    } ]
  }, {
    "id" : "6aef4848-4f99-4e9a-a966-7f8b5ba68deb",
    "vertices" : [ {
      "x" : 39.949425,
      "y" : 15.259323,
      "z" : -24.690104
    }, {
      "x" : 45.607895,
      "y" : 28.18723,
      "z" : 0.0
    }, {
      "x" : 29.034441,
      "y" : 29.034441,
      "z" : -29.034441
    } ],
    "faces" : [ {
      "vertices" : [ 0, 1, 2 ]
    }, {
      "vertices" : [ 0, 2, 1 ]
    } ]
  }, {
    "id" : "63d2e2bb-3f26-483f-a673-46bc9cb4bd78",
    "vertices" : [ {
      "x" : -39.949425,
      "y" : 15.259323,
      "z" : -24.690104
    }, {
      "x" : -45.607895,
      "y" : 28.18723,
      "z" : 0.0
    }, {
      "x" : -29.034441,
      "y" : 29.034441,
      "z" : -29.034441
    } ],
    "faces" : [ {
      "vertices" : [ 0, 1, 2 ]
    }, {
      "vertices" : [ 0, 2, 1 ]
    } ]
  }, {
    "id" : "8e4945c5-f13d-466b-86c9-1b312b1a5b1b",
    "vertices" : [ {
      "x" : 24.690104,
      "y" : 39.949425,
      "z" : -15.259323
    }, {
      "x" : 45.607895,
      "y" : 28.18723,
      "z" : 0.0
    }, {
      "x" : 29.034441,
      "y" : 29.034441,
      "z" : -29.034441
    } ],
    "faces" : [ {
      "vertices" : [ 0, 1, 2 ]
    }, {
      "vertices" : [ 0, 2, 1 ]
    } ]
  }, {
    "id" : "98bf83bd-8230-45f6-9b37-45cc5bcd5f7e",
    "vertices" : [ {
      "x" : -39.949425,
      "y" : -15.259323,
      "z" : 24.690104
    }, {
      "x" : -28.18723,
      "y" : 0.0,
      "z" : 45.607895
    }, {
      "x" : -29.034441,
      "y" : -29.034441,
      "z" : 29.034441
    } ],
    "faces" : [ {
      "vertices" : [ 0, 1, 2 ]
    }, {
      "vertices" : [ 0, 2, 1 ]
    } ]
  }, {
    "id" : "b33add19-78cb-47d0-b6aa-febd4a2d2426",
    "vertices" : [ {
      "x" : 24.690104,
      "y" : -39.949425,
      "z" : 15.259323
    }, {
      "x" : 0.0,
      "y" : -45.607895,
      "z" : 28.18723
    }, {
      "x" : 29.034441,
      "y" : -29.034441,
      "z" : 29.034441
    } ],
    "faces" : [ {
      "vertices" : [ 0, 1, 2 ]
    }, {
      "vertices" : [ 0, 2, 1 ]
    } ]
  }, {
    "id" : "a7ff7541-4dfb-43db-9f73-f8850e1398dd",
    "vertices" : [ {
      "x" : -49.380207,
      "y" : 0.0,
      "z" : 0.0
    }, {
      "x" : -45.607895,
      "y" : -28.18723,
      "z" : 0.0
    }, {
      "x" : -46.978714,
      "y" : 0.0,
      "z" : 17.944271
    } ],
    "faces" : [ {
      "vertices" : [ 0, 1, 2 ]
    }, {
      "vertices" : [ 0, 2, 1 ]
    } ]
  }, {
    "id" : "c4c143a0-d63a-4758-b431-f07efda45413",
    "vertices" : [ {
      "x" : 24.690104,
      "y" : -39.949425,
      "z" : 15.259323
    }, {
      "x" : 45.607895,
      "y" : -28.18723,
      "z" : 0.0
    }, {
      "x" : 29.034441,
      "y" : -29.034441,
      "z" : 29.034441
    } ],
    "faces" : [ {
      "vertices" : [ 0, 1, 2 ]
    }, {
      "vertices" : [ 0, 2, 1 ]
    } ]
  }, {
    "id" : "688e3ef0-5564-4ff0-9c20-f1d859db4ae1",
    "vertices" : [ {
      "x" : 49.380207,
      "y" : 0.0,
      "z" : 0.0
    }, {
      "x" : 45.607895,
      "y" : 28.18723,
      "z" : 0.0
    }, {
      "x" : 46.978714,
      "y" : 0.0,
      "z" : -17.944271
    } ],
    "faces" : [ {
      "vertices" : [ 0, 1, 2 ]
    }, {
      "vertices" : [ 0, 2, 1 ]
    } ]
  }, {
    "id" : "0b726e23-aea0-4f23-b67e-7682513330b7",
    "vertices" : [ {
      "x" : 15.259323,
      "y" : -24.690104,
      "z" : 39.949425
    }, {
      "x" : 28.18723,
      "y" : 0.0,
      "z" : 45.607895
    }, {
      "x" : 0.0,
      "y" : -17.944271,
      "z" : 46.978714
    } ],
    "faces" : [ {
      "vertices" : [ 0, 1, 2 ]
    }, {
      "vertices" : [ 0, 2, 1 ]
    } ]
  }, {
    "id" : "f8d7cb20-db5d-41c4-8e5e-eec6975d87a4",
    "vertices" : [ {
      "x" : 0.0,
      "y" : 49.380207,
      "z" : 0.0
    }, {
      "x" : 0.0,
      "y" : 45.607895,
      "z" : 28.18723
    }, {
      "x" : -17.944271,
      "y" : 46.978714,
      "z" : 0.0
    } ],
    "faces" : [ {
      "vertices" : [ 0, 1, 2 ]
    }, {
      "vertices" : [ 0, 2, 1 ]
    } ]
  }, {
    "id" : "1734fc17-d641-4456-adce-250f20d774a4",
    "vertices" : [ {
      "x" : -49.380207,
      "y" : 0.0,
      "z" : 0.0
    }, {
      "x" : -45.607895,
      "y" : -28.18723,
      "z" : 0.0
    }, {
      "x" : -46.978714,
      "y" : 0.0,
      "z" : -17.944271
    } ],
    "faces" : [ {
      "vertices" : [ 0, 1, 2 ]
    }, {
      "vertices" : [ 0, 2, 1 ]
    } ]
  }, {
    "id" : "e9bf0de2-91de-4565-8819-778693065b46",
    "vertices" : [ {
      "x" : 49.380207,
      "y" : 0.0,
      "z" : 0.0
    }, {
      "x" : 45.607895,
      "y" : -28.18723,
      "z" : 0.0
    }, {
      "x" : 46.978714,
      "y" : 0.0,
      "z" : -17.944271
    } ],
    "faces" : [ {
      "vertices" : [ 0, 1, 2 ]
    }, {
      "vertices" : [ 0, 2, 1 ]
    } ]
  }, {
    "id" : "a1dd2f9f-bf09-4dca-b549-13d32d33dc84",
    "vertices" : [ {
      "x" : -15.259323,
      "y" : -24.690104,
      "z" : 39.949425
    }, {
      "x" : -28.18723,
      "y" : 0.0,
      "z" : 45.607895
    }, {
      "x" : 0.0,
      "y" : -17.944271,
      "z" : 46.978714
    } ],
    "faces" : [ {
      "vertices" : [ 0, 1, 2 ]
    }, {
      "vertices" : [ 0, 2, 1 ]
    } ]
  }, {
    "id" : "18ee0e9f-2576-4b8a-a5b3-d3df61fd9a2d",
    "vertices" : [ {
      "x" : 39.949425,
      "y" : 15.259323,
      "z" : 24.690104
    }, {
      "x" : 45.607895,
      "y" : 28.18723,
      "z" : 0.0
    }, {
      "x" : 29.034441,
      "y" : 29.034441,
      "z" : 29.034441
    } ],
    "faces" : [ {
      "vertices" : [ 0, 1, 2 ]
    }, {
      "vertices" : [ 0, 2, 1 ]
    } ]
  }, {
    "id" : "76ed8b9e-d71f-44a2-93bd-532734d0e146",
    "vertices" : [ {
      "x" : 15.259323,
      "y" : -24.690104,
      "z" : -39.949425
    }, {
      "x" : 28.18723,
      "y" : 0.0,
      "z" : -45.607895
    }, {
      "x" : 29.034441,
      "y" : -29.034441,
      "z" : -29.034441
    } ],
    "faces" : [ {
      "vertices" : [ 0, 1, 2 ]
    }, {
      "vertices" : [ 0, 2, 1 ]
    } ]
  }, {
    "id" : "07d6693e-176c-43e6-afea-492bb6d5a050",
    "vertices" : [ {
      "x" : -39.949425,
      "y" : 15.259323,
      "z" : -24.690104
    }, {
      "x" : -28.18723,
      "y" : 0.0,
      "z" : -45.607895
    }, {
      "x" : -29.034441,
      "y" : 29.034441,
      "z" : -29.034441
    } ],
    "faces" : [ {
      "vertices" : [ 0, 1, 2 ]
    }, {
      "vertices" : [ 0, 2, 1 ]
    } ]
  }, {
    "id" : "453f5189-8fb0-4bdd-aa64-20655be14436",
    "vertices" : [ {
      "x" : -39.949425,
      "y" : 15.259323,
      "z" : 24.690104
    }, {
      "x" : -45.607895,
      "y" : 28.18723,
      "z" : 0.0
    }, {
      "x" : -46.978714,
      "y" : 0.0,
      "z" : 17.944271
    } ],
    "faces" : [ {
      "vertices" : [ 0, 1, 2 ]
    }, {
      "vertices" : [ 0, 2, 1 ]
    } ]
  }, {
    "id" : "0b25ee20-c28b-46f1-834c-d7aa72726c65",
    "vertices" : [ {
      "x" : -24.690104,
      "y" : -39.949425,
      "z" : 15.259323
    }, {
      "x" : 0.0,
      "y" : -45.607895,
      "z" : 28.18723
    }, {
      "x" : -29.034441,
      "y" : -29.034441,
      "z" : 29.034441
    } ],
    "faces" : [ {
      "vertices" : [ 0, 1, 2 ]
    }, {
      "vertices" : [ 0, 2, 1 ]
    } ]
  }, {
    "id" : "45c15604-55e5-4c2f-820e-58f0f61880a2",
    "vertices" : [ {
      "x" : 39.949425,
      "y" : 15.259323,
      "z" : 24.690104
    }, {
      "x" : 28.18723,
      "y" : 0.0,
      "z" : 45.607895
    }, {
      "x" : 29.034441,
      "y" : 29.034441,
      "z" : 29.034441
    } ],
    "faces" : [ {
      "vertices" : [ 0, 1, 2 ]
    }, {
      "vertices" : [ 0, 2, 1 ]
    } ]
  }, {
    "id" : "b1322060-7dd7-4794-8819-8e77ffb7b539",
    "vertices" : [ {
      "x" : 24.690104,
      "y" : 39.949425,
      "z" : 15.259323
    }, {
      "x" : 0.0,
      "y" : 45.607895,
      "z" : 28.18723
    }, {
      "x" : 17.944271,
      "y" : 46.978714,
      "z" : 0.0
    } ],
    "faces" : [ {
      "vertices" : [ 0, 1, 2 ]
    }, {
      "vertices" : [ 0, 2, 1 ]
    } ]
  }, {
    "id" : "f75ae9a7-d9d9-47d9-8e30-03c08a06468f",
    "vertices" : [ {
      "x" : -39.949425,
      "y" : -15.259323,
      "z" : -24.690104
    }, {
      "x" : -45.607895,
      "y" : -28.18723,
      "z" : 0.0
    }, {
      "x" : -29.034441,
      "y" : -29.034441,
      "z" : -29.034441
    } ],
    "faces" : [ {
      "vertices" : [ 0, 1, 2 ]
    }, {
      "vertices" : [ 0, 2, 1 ]
    } ]
  }, {
    "id" : "2689ba08-69aa-402b-831d-01a2c5e809c4",
    "vertices" : [ {
      "x" : 0.0,
      "y" : 0.0,
      "z" : 49.380207
    }, {
      "x" : -28.18723,
      "y" : 0.0,
      "z" : 45.607895
    }, {
      "x" : 0.0,
      "y" : 17.944271,
      "z" : 46.978714
    } ],
    "faces" : [ {
      "vertices" : [ 0, 1, 2 ]
    }, {
      "vertices" : [ 0, 2, 1 ]
    } ]
  }, {
    "id" : "0de1801d-3cd7-4d9a-9449-88ace58ebe87",
    "vertices" : [ {
      "x" : 15.259323,
      "y" : 24.690104,
      "z" : 39.949425
    }, {
      "x" : 0.0,
      "y" : 45.607895,
      "z" : 28.18723
    }, {
      "x" : 0.0,
      "y" : 17.944271,
      "z" : 46.978714
    } ],
    "faces" : [ {
      "vertices" : [ 0, 1, 2 ]
    }, {
      "vertices" : [ 0, 2, 1 ]
    } ]
  }, {
    "id" : "a48fb25e-3865-4153-9dd0-046003ce8b2b",
    "vertices" : [ {
      "x" : -15.259323,
      "y" : -24.690104,
      "z" : 39.949425
    }, {
      "x" : 0.0,
      "y" : -45.607895,
      "z" : 28.18723
    }, {
      "x" : 0.0,
      "y" : -17.944271,
      "z" : 46.978714
    } ],
    "faces" : [ {
      "vertices" : [ 0, 1, 2 ]
    }, {
      "vertices" : [ 0, 2, 1 ]
    } ]
  }, {
    "id" : "304104c5-788d-405b-80fa-512e25443910",
    "vertices" : [ {
      "x" : 15.259323,
      "y" : -24.690104,
      "z" : -39.949425
    }, {
      "x" : 0.0,
      "y" : -45.607895,
      "z" : -28.18723
    }, {
      "x" : 29.034441,
      "y" : -29.034441,
      "z" : -29.034441
    } ],
    "faces" : [ {
      "vertices" : [ 0, 1, 2 ]
    }, {
      "vertices" : [ 0, 2, 1 ]
    } ]
  }, {
    "id" : "03dd99a7-963b-472b-b2d8-19013b2b9070",
    "vertices" : [ {
      "x" : 49.380207,
      "y" : 0.0,
      "z" : 0.0
    }, {
      "x" : 45.607895,
      "y" : 28.18723,
      "z" : 0.0
    }, {
      "x" : 46.978714,
      "y" : 0.0,
      "z" : 17.944271
    } ],
    "faces" : [ {
      "vertices" : [ 0, 1, 2 ]
    }, {
      "vertices" : [ 0, 2, 1 ]
    } ]
  }, {
    "id" : "d6d71ef0-b45e-4c68-b61a-be19bf1a1478",
    "vertices" : [ {
      "x" : 15.259323,
      "y" : 24.690104,
      "z" : 39.949425
    }, {
      "x" : 28.18723,
      "y" : 0.0,
      "z" : 45.607895
    }, {
      "x" : 29.034441,
      "y" : 29.034441,
      "z" : 29.034441
    } ],
    "faces" : [ {
      "vertices" : [ 0, 1, 2 ]
    }, {
      "vertices" : [ 0, 2, 1 ]
    } ]
  }, {
    "id" : "a2bf30ec-64f4-4ce1-b8ed-e247db1e3ad5",
    "vertices" : [ {
      "x" : 15.259323,
      "y" : -24.690104,
      "z" : -39.949425
    }, {
      "x" : 0.0,
      "y" : -45.607895,
      "z" : -28.18723
    }, {
      "x" : 0.0,
      "y" : -17.944271,
      "z" : -46.978714
    } ],
    "faces" : [ {
      "vertices" : [ 0, 1, 2 ]
    }, {
      "vertices" : [ 0, 2, 1 ]
    } ]
  }, {
    "id" : "f7899dec-293f-42f0-9491-349cc2404309",
    "vertices" : [ {
      "x" : -15.259323,
      "y" : 24.690104,
      "z" : -39.949425
    }, {
      "x" : 0.0,
      "y" : 45.607895,
      "z" : -28.18723
    }, {
      "x" : 0.0,
      "y" : 17.944271,
      "z" : -46.978714
    } ],
    "faces" : [ {
      "vertices" : [ 0, 1, 2 ]
    }, {
      "vertices" : [ 0, 2, 1 ]
    } ]
  }, {
    "id" : "d264b6cc-9e97-43ca-9e1a-8ad4a5d921e2",
    "vertices" : [ {
      "x" : 2.309017,
      "y" : 2.427051,
      "z" : 4.236068
    }, {
      "x" : 2.118034,
      "y" : 1.618034,
      "z" : 3.618034
    }, {
      "x" : 0.5,
      "y" : 1.0,
      "z" : 1.618034
    }, {
      "x" : 0.809017,
      "y" : 1.118034,
      "z" : 1.427051
    }, {
      "x" : 0.309017,
      "y" : 0.809017,
      "z" : 0.618034
    }, {
      "x" : 0.0,
      "y" : 0.690983,
      "z" : 0.809017
    }, {
      "x" : 1.809017,
      "y" : 1.5,
      "z" : 3.809017
    }, {
      "x" : 2.309017,
      "y" : 1.809017,
      "z" : 4.618034
    }, {
      "x" : 1.5,
      "y" : 2.0,
      "z" : 3.618034
    }, {
      "x" : 0.309017,
      "y" : 0.19098301,
      "z" : 1.0
    }, {
      "x" : 0.618034,
      "y" : 0.309017,
      "z" : 0.809017
    }, {
      "x" : 1.118034,
      "y" : 0.618034,
      "z" : 1.618034
    }, {
      "x" : 0.809017,
      "y" : 0.5,
      "z" : 1.809017
    }, {
      "x" : 2.0,
      "y" : 2.309017,
      "z" : 4.427051
    }, {
      "x" : 1.809017,
      "y" : 2.118034,
      "z" : 3.427051
    }, {
      "x" : 2.618034,
      "y" : 1.927051,
      "z" : 4.427051
    }, {
      "x" : 2.618034,
      "y" : 2.618034,
      "z" : 5.236068
    } ],
    "faces" : [ {
      "vertices" : [ 6, 7, 13 ]
    }, {
      "vertices" : [ 6, 13, 8 ]
    }, {
      "vertices" : [ 0, 14, 8 ]
    }, {
      "vertices" : [ 0, 8, 13 ]
    }, {
      "vertices" : [ 9, 10, 11 ]
    }, {
      "vertices" : [ 9, 11, 12 ]
    }, {
      "vertices" : [ 2, 8, 14 ]
    }, {
      "vertices" : [ 2, 14, 3 ]
    }, {
      "vertices" : [ 3, 11, 10 ]
    }, {
      "vertices" : [ 3, 10, 4 ]
    }, {
      "vertices" : [ 2, 5, 9 ]
    }, {
      "vertices" : [ 2, 9, 12 ]
    }, {
      "vertices" : [ 2, 12, 6 ]
    }, {
      "vertices" : [ 2, 6, 8 ]
    }, {
      "vertices" : [ 1, 11, 3 ]
    }, {
      "vertices" : [ 1, 3, 14 ]
    }, {
      "vertices" : [ 1, 15, 7 ]
    }, {
      "vertices" : [ 1, 7, 6 ]
    }, {
      "vertices" : [ 2, 3, 4 ]
    }, {
      "vertices" : [ 2, 4, 5 ]
    }, {
      "vertices" : [ 0, 15, 1 ]
    }, {
      "vertices" : [ 0, 1, 14 ]
    }, {
      "vertices" : [ 1, 6, 12 ]
    }, {
      "vertices" : [ 1, 12, 11 ]
    } ]
  }, {
    "id" : "e9c40446-356d-445c-b083-2bbb5c1d1129",
    "vertices" : [ {
      "x" : 15.259323,
      "y" : 24.690104,
      "z" : -39.949425
    }, {
      "x" : 28.18723,
      "y" : 0.0,
      "z" : -45.607895
    }, {
      "x" : 29.034441,
      "y" : 29.034441,
      "z" : -29.034441
    } ],
    "faces" : [ {
      "vertices" : [ 0, 1, 2 ]
    }, {
      "vertices" : [ 0, 2, 1 ]
    } ]
  }, {
    "id" : "b701feef-9b6b-4705-86bf-a1fbf42a02d1",
    "vertices" : [ {
      "x" : 0.0,
      "y" : 49.380207,
      "z" : 0.0
    }, {
      "x" : 0.0,
      "y" : 45.607895,
      "z" : -28.18723
    }, {
      "x" : 17.944271,
      "y" : 46.978714,
      "z" : 0.0
    } ],
    "faces" : [ {
      "vertices" : [ 0, 1, 2 ]
    }, {
      "vertices" : [ 0, 2, 1 ]
    } ]
  }, {
    "id" : "5fad65f9-99b4-4b71-b4fc-3fe8f980352d",
    "vertices" : [ {
      "x" : 0.0,
      "y" : 0.0,
      "z" : -49.380207
    }, {
      "x" : -28.18723,
      "y" : 0.0,
      "z" : -45.607895
    }, {
      "x" : 0.0,
      "y" : -17.944271,
      "z" : -46.978714
    } ],
    "faces" : [ {
      "vertices" : [ 0, 1, 2 ]
    }, {
      "vertices" : [ 0, 2, 1 ]
    } ]
  }, {
    "id" : "dba25b2e-ec93-4c49-8b37-f9dd60d0831e",
    "vertices" : [ {
      "x" : -24.690104,
      "y" : 39.949425,
      "z" : 15.259323
    }, {
      "x" : -45.607895,
      "y" : 28.18723,
      "z" : 0.0
    }, {
      "x" : -29.034441,
      "y" : 29.034441,
      "z" : 29.034441
    } ],
    "faces" : [ {
      "vertices" : [ 0, 1, 2 ]
    }, {
      "vertices" : [ 0, 2, 1 ]
    } ]
  }, {
    "id" : "853e20ae-9abd-4daa-89cc-41ce668f83b3",
    "vertices" : [ {
      "x" : 39.949425,
      "y" : 15.259323,
      "z" : 24.690104
    }, {
      "x" : 28.18723,
      "y" : 0.0,
      "z" : 45.607895
    }, {
      "x" : 46.978714,
      "y" : 0.0,
      "z" : 17.944271
    } ],
    "faces" : [ {
      "vertices" : [ 0, 1, 2 ]
    }, {
      "vertices" : [ 0, 2, 1 ]
    } ]
  }, {
    "id" : "71b2482f-7be4-4370-8372-ddfe0571db64",
    "vertices" : [ {
      "x" : 15.259323,
      "y" : 24.690104,
      "z" : -39.949425
    }, {
      "x" : 0.0,
      "y" : 45.607895,
      "z" : -28.18723
    }, {
      "x" : 0.0,
      "y" : 17.944271,
      "z" : -46.978714
    } ],
    "faces" : [ {
      "vertices" : [ 0, 1, 2 ]
    }, {
      "vertices" : [ 0, 2, 1 ]
    } ]
  }, {
    "id" : "79d34bd4-1479-4d04-ba3c-bacdfa51fd7a",
    "vertices" : [ {
      "x" : 39.949425,
      "y" : -15.259323,
      "z" : 24.690104
    }, {
      "x" : 45.607895,
      "y" : -28.18723,
      "z" : 0.0
    }, {
      "x" : 29.034441,
      "y" : -29.034441,
      "z" : 29.034441
    } ],
    "faces" : [ {
      "vertices" : [ 0, 1, 2 ]
    }, {
      "vertices" : [ 0, 2, 1 ]
    } ]
  }, {
    "id" : "f0ab23ce-136c-4274-a17e-5df5bbc85bc0",
    "vertices" : [ {
      "x" : -39.949425,
      "y" : 15.259323,
      "z" : -24.690104
    }, {
      "x" : -28.18723,
      "y" : 0.0,
      "z" : -45.607895
    }, {
      "x" : -46.978714,
      "y" : 0.0,
      "z" : -17.944271
    } ],
    "faces" : [ {
      "vertices" : [ 0, 1, 2 ]
    }, {
      "vertices" : [ 0, 2, 1 ]
    } ]
  }, {
    "id" : "fb429d57-e605-4a7c-8ed6-ae28d0022118",
    "vertices" : [ {
      "x" : -24.690104,
      "y" : 39.949425,
      "z" : -15.259323
    }, {
      "x" : -45.607895,
      "y" : 28.18723,
      "z" : 0.0
    }, {
      "x" : -17.944271,
      "y" : 46.978714,
      "z" : 0.0
    } ],
    "faces" : [ {
      "vertices" : [ 0, 1, 2 ]
    }, {
      "vertices" : [ 0, 2, 1 ]
    } ]
  }, {
    "id" : "c3f0aee6-e60e-4cd2-bfb2-5128b5cb9cbe",
    "vertices" : [ {
