{
  "field" : "golden",
  "symmetry" : "icosahedral",
  "orientations" : [ [ 1.0, 0.0, 0.0, 0.0, 0.0, 1.0, 0.0, 0.0, 0.0, 0.0, 1.0, 0.0, 0.0, 0.0, 0.0, 1.0 ], [ 0.0, 0.0, 1.0, 0.0, 1.0, 0.0, 0.0, 0.0, 0.0, 1.0, 0.0, 0.0, 0.0, 0.0, 0.0, 1.0 ], [ 0.0, 1.0, 0.0, 0.0, 0.0, 0.0, 1.0, 0.0, 1.0, 0.0, 0.0, 0.0, 0.0, 0.0, 0.0, 1.0 ], [ 0.809017, 0.309017, 0.5, 0.0, 0.309017, 0.5, -0.809017, 0.0, -0.5, 0.809017, 0.309017, 0.0, 0.0, 0.0, 0.0, 1.0 ], [ -0.5, 0.809017, 0.309017, 0.0, 0.809017, 0.309017, 0.5, 0.0, 0.309017, 0.5, -0.809017, 0.0, 0.0, 0.0, 0.0, 1.0 ], [ 0.309017, 0.5, -0.809017, 0.0, -0.5, 0.809017, 0.309017, 0.0, 0.809017, 0.309017, 0.5, 0.0, 0.0, 0.0, 0.0, 1.0 ], [ 0.5, 0.809017, 0.309017, 0.0, 0.809017, -0.309017, -0.5, 0.0, -0.309017, 0.5, -0.809017, 0.0, 0.0, 0.0, 0.0, 1.0 ], [ -0.309017, 0.5, -0.809017, 0.0, 0.5, 0.809017, 0.309017, 0.0, 0.809017, -0.309017, -0.5, 0.0, 0.0, 0.0, 0.0, 1.0 ], [ 0.809017, -0.309017, -0.5, 0.0, -0.309017, 0.5, -0.809017, 0.0, 0.5, 0.809017, 0.309017, 0.0, 0.0, 0.0, 0.0, 1.0 ], [ 0.5, 0.809017, -0.309017, 0.0, 0.809017, -0.309017, 0.5, 0.0, 0.309017, -0.5, -0.809017, 0.0, 0.0, 0.0, 0.0, 1.0 ], [ 0.309017, -0.5, -0.809017, 0.0, 0.5, 0.809017, -0.309017, 0.0, 0.809017, -0.309017, 0.5, 0.0, 0.0, 0.0, 0.0, 1.0 ], [ 0.809017, -0.309017, 0.5, 0.0, 0.309017, -0.5, -0.809017, 0.0, 0.5, 0.809017, -0.309017, 0.0, 0.0, 0.0, 0.0, 1.0 ], [ 0.809017, 0.309017, -0.5, 0.0, 0.309017, 0.5, 0.809017, 0.0, 0.5, -0.809017, 0.309017, 0.0, 0.0, 0.0, 0.0, 1.0 ], [ 0.5, -0.809017, 0.309017, 0.0, 0.809017, 0.309017, -0.5, 0.0, 0.309017, 0.5, 0.809017, 0.0, 0.0, 0.0, 0.0, 1.0 ], [ 0.309017, 0.5, 0.809017, 0.0, 0.5, -0.809017, 0.309017, 0.0, 0.809017, 0.309017, -0.5, 0.0, 0.0, 0.0, 0.0, 1.0 ], [ 1.0, 0.0, 0.0, 0.0, 0.0, -1.0, 0.0, 0.0, 0.0, 0.0, -1.0, 0.0, 0.0, 0.0, 0.0, 1.0 ], [ 0.0, 0.0, 1.0, 0.0, -1.0, 0.0, 0.0, 0.0, 0.0, -1.0, 0.0, 0.0, 0.0, 0.0, 0.0, 1.0 ], [ 0.0, 1.0, 0.0, 0.0, 0.0, 0.0, -1.0, 0.0, -1.0, 0.0, 0.0, 0.0, 0.0, 0.0, 0.0, 1.0 ], [ 0.809017, 0.309017, 0.5, 0.0, -0.309017, -0.5, 0.809017, 0.0, 0.5, -0.809017, -0.309017, 0.0, 0.0, 0.0, 0.0, 1.0 ], [ -0.5, 0.809017, 0.309017, 0.0, -0.809017, -0.309017, -0.5, 0.0, -0.309017, -0.5, 0.809017, 0.0, 0.0, 0.0, 0.0, 1.0 ], [ 0.309017, 0.5, -0.809017, 0.0, 0.5, -0.809017, -0.309017, 0.0, -0.809017, -0.309017, -0.5, 0.0, 0.0, 0.0, 0.0, 1.0 ], [ 0.5, 0.809017, 0.309017, 0.0, -0.809017, 0.309017, 0.5, 0.0, 0.309017, -0.5, 0.809017, 0.0, 0.0, 0.0, 0.0, 1.0 ], [ -0.309017, 0.5, -0.809017, 0.0, -0.5, -0.809017, -0.309017, 0.0, -0.809017, 0.309017, 0.5, 0.0, 0.0, 0.0, 0.0, 1.0 ], [ 0.809017, -0.309017, -0.5, 0.0, 0.309017, -0.5, 0.809017, 0.0, -0.5, -0.809017, -0.309017, 0.0, 0.0, 0.0, 0.0, 1.0 ], [ 0.5, 0.809017, -0.309017, 0.0, -0.809017, 0.309017, -0.5, 0.0, -0.309017, 0.5, 0.809017, 0.0, 0.0, 0.0, 0.0, 1.0 ], [ 0.309017, -0.5, -0.809017, 0.0, -0.5, -0.809017, 0.309017, 0.0, -0.809017, 0.309017, -0.5, 0.0, 0.0, 0.0, 0.0, 1.0 ], [ 0.809017, -0.309017, 0.5, 0.0, -0.309017, 0.5, 0.809017, 0.0, -0.5, -0.809017, 0.309017, 0.0, 0.0, 0.0, 0.0, 1.0 ], [ 0.809017, 0.309017, -0.5, 0.0, -0.309017, -0.5, -0.809017, 0.0, -0.5, 0.809017, -0.309017, 0.0, 0.0, 0.0, 0.0, 1.0 ], [ 0.5, -0.809017, 0.309017, 0.0, -0.809017, -0.309017, 0.5, 0.0, -0.309017, -0.5, -0.809017, 0.0, 0.0, 0.0, 0.0, 1.0 ], [ 0.309017, 0.5, 0.809017, 0.0, -0.5, 0.809017, -0.309017, 0.0, -0.809017, -0.309017, 0.5, 0.0, 0.0, 0.0, 0.0, 1.0 ], [ -1.0, 0.0, 0.0, 0.0, 0.0, -1.0, 0.0, 0.0, 0.0, 0.0, 1.0, 0.0, 0.0, 0.0, 0.0, 1.0 ], [ 0.0, 0.0, -1.0, 0.0, -1.0, 0.0, 0.0, 0.0, 0.0, 1.0, 0.0, 0.0, 0.0, 0.0, 0.0, 1.0 ], [ 0.0, -1.0, 0.0, 0.0, 0.0, 0.0, -1.0, 0.0, 1.0, 0.0, 0.0, 0.0, 0.0, 0.0, 0.0, 1.0 ], [ -0.809017, -0.309017, -0.5, 0.0, -0.309017, -0.5, 0.809017, 0.0, -0.5, 0.809017, 0.309017, 0.0, 0.0, 0.0, 0.0, 1.0 ], [ 0.5, -0.809017, -0.309017, 0.0, -0.809017, -0.309017, -0.5, 0.0, 0.309017, 0.5, -0.809017, 0.0, 0.0, 0.0, 0.0, 1.0 ], [ -0.309017, -0.5, 0.809017, 0.0, 0.5, -0.809017, -0.309017, 0.0, 0.809017, 0.309017, 0.5, 0.0, 0.0, 0.0, 0.0, 1.0 ], [ -0.5, -0.809017, -0.309017, 0.0, -0.809017, 0.309017, 0.5, 0.0, -0.309017, 0.5, -0.809017, 0.0, 0.0, 0.0, 0.0, 1.0 ], [ 0.309017, -0.5, 0.809017, 0.0, -0.5, -0.809017, -0.309017, 0.0, 0.809017, -0.309017, -0.5, 0.0, 0.0, 0.0, 0.0, 1.0 ], [ -0.809017, 0.309017, 0.5, 0.0, 0.309017, -0.5, 0.809017, 0.0, 0.5, 0.809017, 0.309017, 0.0, 0.0, 0.0, 0.0, 1.0 ], [ -0.5, -0.809017, 0.309017, 0.0, -0.809017, 0.309017, -0.5, 0.0, 0.309017, -0.5, -0.809017, 0.0, 0.0, 0.0, 0.0, 1.0 ], [ -0.309017, 0.5, 0.809017, 0.0, -0.5, -0.809017, 0.309017, 0.0, 0.809017, -0.309017, 0.5, 0.0, 0.0, 0.0, 0.0, 1.0 ], [ -0.809017, 0.309017, -0.5, 0.0, -0.309017, 0.5, 0.809017, 0.0, 0.5, 0.809017, -0.309017, 0.0, 0.0, 0.0, 0.0, 1.0 ], [ -0.809017, -0.309017, 0.5, 0.0, -0.309017, -0.5, -0.809017, 0.0, 0.5, -0.809017, 0.309017, 0.0, 0.0, 0.0, 0.0, 1.0 ], [ -0.5, 0.809017, -0.309017, 0.0, -0.809017, -0.309017, 0.5, 0.0, 0.309017, 0.5, 0.809017, 0.0, 0.0, 0.0, 0.0, 1.0 ], [ -0.309017, -0.5, -0.809017, 0.0, -0.5, 0.809017, -0.309017, 0.0, 0.809017, 0.309017, -0.5, 0.0, 0.0, 0.0, 0.0, 1.0 ], [ -1.0, 0.0, 0.0, 0.0, 0.0, 1.0, 0.0, 0.0, 0.0, 0.0, -1.0, 0.0, 0.0, 0.0, 0.0, 1.0 ], [ 0.0, 0.0, -1.0, 0.0, 1.0, 0.0, 0.0, 0.0, 0.0, -1.0, 0.0, 0.0, 0.0, 0.0, 0.0, 1.0 ], [ 0.0, -1.0, 0.0, 0.0, 0.0, 0.0, 1.0, 0.0, -1.0, 0.0, 0.0, 0.0, 0.0, 0.0, 0.0, 1.0 ], [ -0.809017, -0.309017, -0.5, 0.0, 0.309017, 0.5, -0.809017, 0.0, 0.5, -0.809017, -0.309017, 0.0, 0.0, 0.0, 0.0, 1.0 ], [ 0.5, -0.809017, -0.309017, 0.0, 0.809017, 0.309017, 0.5, 0.0, -0.309017, -0.5, 0.809017, 0.0, 0.0, 0.0, 0.0, 1.0 ], [ -0.309017, -0.5, 0.809017, 0.0, -0.5, 0.809017, 0.309017, 0.0, -0.809017, -0.309017, -0.5, 0.0, 0.0, 0.0, 0.0, 1.0 ], [ -0.5, -0.809017, -0.309017, 0.0, 0.809017, -0.309017, -0.5, 0.0, 0.309017, -0.5, 0.809017, 0.0, 0.0, 0.0, 0.0, 1.0 ], [ 0.309017, -0.5, 0.809017, 0.0, 0.5, 0.809017, 0.309017, 0.0, -0.809017, 0.309017, 0.5, 0.0, 0.0, 0.0, 0.0, 1.0 ], [ -0.809017, 0.309017, 0.5, 0.0, -0.309017, 0.5, -0.809017, 0.0, -0.5, -0.809017, -0.309017, 0.0, 0.0, 0.0, 0.0, 1.0 ], [ -0.5, -0.809017, 0.309017, 0.0, 0.809017, -0.309017, 0.5, 0.0, -0.309017, 0.5, 0.809017, 0.0, 0.0, 0.0, 0.0, 1.0 ], [ -0.309017, 0.5, 0.809017, 0.0, 0.5, 0.809017, -0.309017, 0.0, -0.809017, 0.309017, -0.5, 0.0, 0.0, 0.0, 0.0, 1.0 ], [ -0.809017, 0.309017, -0.5, 0.0, 0.309017, -0.5, -0.809017, 0.0, -0.5, -0.809017, 0.309017, 0.0, 0.0, 0.0, 0.0, 1.0 ], [ -0.809017, -0.309017, 0.5, 0.0, 0.309017, 0.5, 0.809017, 0.0, -0.5, 0.809017, -0.309017, 0.0, 0.0, 0.0, 0.0, 1.0 ], [ -0.5, 0.809017, -0.309017, 0.0, 0.809017, 0.309017, -0.5, 0.0, -0.309017, -0.5, -0.809017, 0.0, 0.0, 0.0, 0.0, 1.0 ], [ -0.309017, -0.5, -0.809017, 0.0, 0.5, -0.809017, 0.309017, 0.0, -0.809017, -0.309017, 0.5, 0.0, 0.0, 0.0, 0.0, 1.0 ] ],
  "lights" : {
    "ambientColor" : "#292929",
    "backgroundColor" : "#AFC8DC",
    "directionalLights" : [ {
      "direction" : [ 1.0, -1.0, -1.0 ],
      "color" : "#EBEBE4"
    }, {
      "direction" : [ -1.0, 0.0, 0.0 ],
      "color" : "#E4E4EB"
    }, {
      "direction" : [ 0.0, 0.0, -1.0 ],
      "color" : "#1E1E1E"
    } ]
  },
  "camera" : {
    "width" : 18.363617,
    "stereo" : false,
    "lookDirection" : {
      "x" : 0.6796185,
      "y" : -0.0766716,
      "z" : -0.72954834
    },
    "upDirection" : {
      "x" : 0.23402217,
      "y" : 0.9652182,
      "z" : 0.11656652
    },
    "lookAtPoint" : {
      "x" : 0.0,
      "y" : 0.0,
      "z" : 0.0
    },
    "perspective" : true,
    "viewDistance" : 40.808052,
    "nearClipDistance" : 0.10202015,
    "farClipDistance" : 81.61607,
    "fieldOfView" : 0.44262874,
    "position" : {
      "x" : -27.733906,
      "y" : 3.1288188,
      "z" : 29.771446
    }
  },
  "embedding" : [ 1.0, 0.0, 0.0, 0.0, 0.0, 1.0, 0.0, 0.0, 0.0, 0.0, 1.0, 0.0, 0.0, 0.0, 0.0, 1.0 ],
  "shapes" : [ {
    "id" : "611baa9f-4f6b-47d3-bab2-bd27c0e7f5e3",
    "vertices" : [ {
      "x" : 0.0,
      "y" : -11.09017,
      "z" : -6.854102
    }, {
      "x" : 0.0,
      "y" : -11.09017,
      "z" : 6.854102
    }, {
      "x" : -11.09017,
      "y" : -6.854102,
      "z" : 0.0
    } ],
    "faces" : [ {
      "vertices" : [ 0, 1, 2 ]
    }, {
      "vertices" : [ 0, 2, 1 ]
    } ]
  }, {
    "id" : "40944c08-d4b6-4c85-a367-225c356a3fdb",
    "vertices" : [ {
      "x" : 11.09017,
      "y" : 6.854102,
      "z" : 0.0
    }, {
      "x" : 11.09017,
      "y" : -6.854102,
      "z" : 0.0
    }, {
      "x" : 6.854102,
      "y" : 0.0,
      "z" : -11.09017
    } ],
    "faces" : [ {
      "vertices" : [ 0, 1, 2 ]
    }, {
      "vertices" : [ 0, 2, 1 ]
    } ]
  }, {
    "id" : "9f7f8c9b-4013-44bb-9a96-5896412b1716",
    "vertices" : [ {
      "x" : -6.854102,
      "y" : 0.0,
      "z" : 11.09017
    }, {
      "x" : 6.854102,
      "y" : 0.0,
      "z" : 11.09017
    }, {
      "x" : 0.0,
      "y" : 11.09017,
      "z" : 6.854102
    } ],
    "faces" : [ {
      "vertices" : [ 0, 1, 2 ]
    }, {
      "vertices" : [ 0, 2, 1 ]
    } ]
  }, {
    "id" : "808933d0-876a-4ad4-9102-f240776d712e",
    "vertices" : [ {
      "x" : -11.09017,
      "y" : 6.854102,
      "z" : 0.0
    }, {
      "x" : -6.854102,
      "y" : 0.0,
      "z" : -11.09017
    }, {
      "x" : -11.09017,
      "y" : -6.854102,
      "z" : 0.0
    } ],
    "faces" : [ {
      "vertices" : [ 0, 1, 2 ]
    }, {
      "vertices" : [ 0, 2, 1 ]
    } ]
  }, {
    "id" : "26e86053-4410-453f-abec-cf0a8a908d06",
    "vertices" : [ {
      "x" : -6.854102,
      "y" : 0.0,
      "z" : 11.09017
    }, {
      "x" : 0.0,
      "y" : -11.09017,
      "z" : 6.854102
    }, {
      "x" : 6.854102,
      "y" : 0.0,
      "z" : 11.09017
    } ],
    "faces" : [ {
      "vertices" : [ 0, 1, 2 ]
    }, {
      "vertices" : [ 0, 2, 1 ]
    } ]
  }, {
    "id" : "364698ec-8d1b-4af7-8849-b1c3056ec600",
    "vertices" : [ {
      "x" : -6.854102,
      "y" : 0.0,
      "z" : 11.09017
    }, {
      "x" : -11.09017,
      "y" : -6.854102,
      "z" : 0.0
    }, {
      "x" : 0.0,
      "y" : -11.09017,
      "z" : 6.854102
    } ],
    "faces" : [ {
      "vertices" : [ 0, 1, 2 ]
    }, {
      "vertices" : [ 0, 2, 1 ]
    } ]
  }, {
    "id" : "4e859ad4-8336-4b5c-9af3-54204f53b432",
    "vertices" : [ {
      "x" : 11.09017,
      "y" : 6.854102,
      "z" : 0.0
    }, {
      "x" : 6.854102,
      "y" : 0.0,
      "z" : 11.09017
    }, {
      "x" : 11.09017,
      "y" : -6.854102,
      "z" : 0.0
    } ],
    "faces" : [ {
      "vertices" : [ 0, 1, 2 ]
    }, {
      "vertices" : [ 0, 2, 1 ]
    } ]
  }, {
    "id" : "23f3211b-da4d-4aeb-ab4d-d31c83316304",
    "vertices" : [ {
      "x" : -11.09017,
      "y" : 6.854102,
      "z" : 0.0
    }, {
      "x" : -6.854102,
      "y" : 0.0,
      "z" : 11.09017
    }, {
      "x" : 0.0,
      "y" : 11.09017,
      "z" : 6.854102
    } ],
    "faces" : [ {
      "vertices" : [ 0, 1, 2 ]
    }, {
      "vertices" : [ 0, 2, 1 ]
    } ]
  }, {
    "id" : "77b8dc70-e493-43f9-8e0d-20e7cc97e615",
    "vertices" : [ {
      "x" : -11.09017,
      "y" : 6.854102,
      "z" : 0.0
    }, {
      "x" : -11.09017,
      "y" : -6.854102,
      "z" : 0.0
    }, {
      "x" : -6.854102,
      "y" : 0.0,
      "z" : 11.09017
    } ],
    "faces" : [ {
      "vertices" : [ 0, 1, 2 ]
    }, {
      "vertices" : [ 0, 2, 1 ]
    } ]
  }, {
    "id" : "83ffe63a-549d-40d5-8097-4d8b03e51e09",
    "vertices" : [ {
      "x" : 0.0,
      "y" : -11.09017,
      "z" : -6.854102
    }, {
      "x" : -11.09017,
      "y" : -6.854102,
      "z" : 0.0
    }, {
      "x" : -6.854102,
      "y" : 0.0,
      "z" : -11.09017
    } ],
    "faces" : [ {
      "vertices" : [ 0, 1, 2 ]
    }, {
      "vertices" : [ 0, 2, 1 ]
    } ]
  }, {
    "id" : "fd78d3fe-d35b-480b-95b8-f4d6b1b99f61",
    "vertices" : [ {
      "x" : 0.0,
      "y" : -11.09017,
      "z" : -6.854102
    }, {
      "x" : 11.09017,
      "y" : -6.854102,
      "z" : 0.0
    }, {
      "x" : 0.0,
      "y" : -11.09017,
      "z" : 6.854102
    } ],
    "faces" : [ {
      "vertices" : [ 0, 1, 2 ]
    }, {
      "vertices" : [ 0, 2, 1 ]
    } ]
  }, {
    "id" : "0a82ffbd-9f3e-4103-8f3a-4d12d53628b6",
    "vertices" : [ {
      "x" : 0.0,
      "y" : -11.09017,
      "z" : -6.854102
    }, {
      "x" : -6.854102,
      "y" : 0.0,
      "z" : -11.09017
    }, {
      "x" : 6.854102,
      "y" : 0.0,
      "z" : -11.09017
    } ],
    "faces" : [ {
      "vertices" : [ 0, 1, 2 ]
    }, {
      "vertices" : [ 0, 2, 1 ]
    } ]
  }, {
    "id" : "7563beee-b983-4b96-b513-e610f58159fe",
    "vertices" : [ {
      "x" : 0.0,
      "y" : -11.09017,
      "z" : -6.854102
    }, {
      "x" : 6.854102,
      "y" : 0.0,
      "z" : -11.09017
    }, {
      "x" : 11.09017,
      "y" : -6.854102,
      "z" : 0.0
    } ],
    "faces" : [ {
      "vertices" : [ 0, 1, 2 ]
    }, {
      "vertices" : [ 0, 2, 1 ]
    } ]
  }, {
    "id" : "e50aa47e-04ce-4dfe-be30-40ba043f0218",
    "vertices" : [ {
      "x" : 0.0,
      "y" : 11.09017,
      "z" : 6.854102
    }, {
      "x" : 11.09017,
      "y" : 6.854102,
      "z" : 0.0
    }, {
      "x" : 6.854102,
      "y" : 0.0,
      "z" : -11.09017
    }, {
      "x" : -6.854102,
      "y" : 0.0,
      "z" : -11.09017
    }, {
      "x" : -11.09017,
      "y" : 6.854102,
      "z" : 0.0
    } ],
    "faces" : [ {
      "vertices" : [ 0, 1, 2 ]
    }, {
      "vertices" : [ 0, 2, 3 ]
    }, {
      "vertices" : [ 0, 3, 4 ]
    }, {
      "vertices" : [ 0, 4, 3 ]
    }, {
      "vertices" : [ 0, 3, 2 ]
    }, {
      "vertices" : [ 0, 2, 1 ]
    } ]
  }, {
    "id" : "2aa44ea0-fcc5-43e4-91cd-f7f9f4bf8700",
    "vertices" : [ {
      "x" : 11.09017,
      "y" : 6.854102,
      "z" : 0.0
    }, {
      "x" : 0.0,
      "y" : 11.09017,
      "z" : 6.854102
    }, {
      "x" : 6.854102,
      "y" : 0.0,
      "z" : 11.09017
    } ],
    "faces" : [ {
      "vertices" : [ 0, 1, 2 ]
    }, {
      "vertices" : [ 0, 2, 1 ]
    } ]
  }, {
    "id" : "34f9b391-6204-4086-8fb8-a3dc86feed71",
    "vertices" : [ {
      "x" : 0.0,
      "y" : -11.09017,
      "z" : 6.854102
    }, {
      "x" : 11.09017,
      "y" : -6.854102,
      "z" : 0.0
    }, {
      "x" : 6.854102,
      "y" : 0.0,
      "z" : 11.09017
    } ],
    "faces" : [ {
      "vertices" : [ 0, 1, 2 ]
    }, {
      "vertices" : [ 0, 2, 1 ]
    } ]
  }, {
    "id" : "77fc2e04-ef0d-408d-a924-dd3bdcc8fe2c",
    "vertices" : [ {
      "x" : 7.472136,
      "y" : 0.309017,
      "z" : 0.19098301
    }, {
      "x" : 7.472136,
      "y" : 0.309017,
      "z" : -0.19098301
    }, {
      "x" : 1.0,
      "y" : 0.309017,
      "z" : -0.19098301
    }, {
      "x" : 1.0,
      "y" : 0.309017,
      "z" : 0.19098301
    }, {
      "x" : 7.472136,
      "y" : -0.309017,
      "z" : 0.19098301
    }, {
      "x" : 1.0,
      "y" : -0.309017,
      "z" : 0.19098301
    }, {
      "x" : 1.0,
      "y" : -0.309017,
      "z" : -0.19098301
    }, {
      "x" : 7.472136,
      "y" : -0.309017,
      "z" : -0.19098301
    }, {
      "x" : 8.472136,
      "y" : 0.0,
      "z" : 0.0
    } ],
    "faces" : [ {
      "vertices" : [ 1, 7, 6 ]
    }, {
      "vertices" : [ 1, 6, 2 ]
    }, {
      "vertices" : [ 0, 1, 2 ]
    }, {
      "vertices" : [ 0, 2, 3 ]
    }, {
      "vertices" : [ 4, 5, 6 ]
    }, {
      "vertices" : [ 4, 6, 7 ]
    }, {
      "vertices" : [ 0, 3, 5 ]
    }, {
      "vertices" : [ 0, 5, 4 ]
    } ]
  }, {
    "id" : "6cb5c550-c08d-4343-a70b-5c995c8c87f7",
    "vertices" : [ {
      "x" : 2.618034,
      "y" : 1.736068,
      "z" : 0.309017
    }, {
      "x" : 4.236068,
      "y" : 2.5,
      "z" : 0.309017
    }, {
      "x" : 4.045085,
      "y" : 2.809017,
      "z" : 0.19098301
    }, {
      "x" : 0.809017,
      "y" : 0.618034,
      "z" : -0.309017
    }, {
      "x" : 0.690983,
      "y" : 0.809017,
      "z" : 0.0
    }, {
      "x" : 2.5,
      "y" : 1.927051,
      "z" : 0.0
    }, {
      "x" : 2.618034,
      "y" : 1.736068,
      "z" : -0.309017
    }, {
      "x" : 6.045085,
      "y" : 3.618034,
      "z" : 0.309017
    }, {
      "x" : 2.809017,
      "y" : 1.427051,
      "z" : 0.19098301
    }, {
      "x" : 2.809017,
      "y" : 1.427051,
      "z" : -0.19098301
    }, {
      "x" : 4.354102,
      "y" : 2.309017,
      "z" : 0.0
    }, {
      "x" : 4.236068,
      "y" : 2.5,
      "z" : -0.309017
    }, {
      "x" : 6.163119,
      "y" : 3.427051,
      "z" : 0.0
    }, {
      "x" : 1.0,
      "y" : 0.309017,
      "z" : 0.19098301
    }, {
      "x" : 1.0,
      "y" : 0.309017,
      "z" : -0.19098301
    }, {
      "x" : 0.809017,
      "y" : 0.618034,
      "z" : 0.309017
    }, {
      "x" : 5.854102,
      "y" : 3.927051,
      "z" : 0.19098301
    }, {
      "x" : 6.045085,
      "y" : 3.618034,
      "z" : -0.309017
    }, {
      "x" : 5.854102,
      "y" : 3.927051,
      "z" : -0.19098301
    }, {
      "x" : 6.854102,
      "y" : 4.236068,
      "z" : 0.0
    }, {
      "x" : 4.045085,
      "y" : 2.809017,
      "z" : -0.19098301
    } ],
    "faces" : [ {
      "vertices" : [ 3, 6, 9 ]
    }, {
      "vertices" : [ 3, 9, 14 ]
    }, {
      "vertices" : [ 11, 20, 18 ]
    }, {
      "vertices" : [ 11, 18, 17 ]
    }, {
      "vertices" : [ 0, 1, 2 ]
    }, {
      "vertices" : [ 0, 15, 13 ]
    }, {
      "vertices" : [ 0, 13, 8 ]
    }, {
      "vertices" : [ 6, 20, 11 ]
    }, {
      "vertices" : [ 0, 2, 5 ]
    }, {
      "vertices" : [ 0, 8, 1 ]
    }, {
      "vertices" : [ 8, 13, 14 ]
    }, {
      "vertices" : [ 8, 14, 9 ]
    }, {
      "vertices" : [ 3, 4, 5 ]
    }, {
      "vertices" : [ 3, 5, 6 ]
    }, {
      "vertices" : [ 10, 11, 17 ]
    }, {
      "vertices" : [ 10, 17, 12 ]
    }, {
      "vertices" : [ 1, 8, 10 ]
    }, {
      "vertices" : [ 0, 5, 4 ]
    }, {
      "vertices" : [ 0, 4, 15 ]
    }, {
      "vertices" : [ 2, 16, 18 ]
    }, {
      "vertices" : [ 2, 18, 20 ]
    }, {
      "vertices" : [ 1, 7, 16 ]
    }, {
      "vertices" : [ 1, 16, 2 ]
    }, {
      "vertices" : [ 6, 11, 9 ]
    }, {
      "vertices" : [ 8, 9, 10 ]
    }, {
      "vertices" : [ 2, 20, 5 ]
    }, {
      "vertices" : [ 9, 11, 10 ]
    }, {
      "vertices" : [ 1, 10, 12 ]
    }, {
      "vertices" : [ 1, 12, 7 ]
    }, {
      "vertices" : [ 5, 20, 6 ]
    } ]
  }, {
    "id" : "daa67141-5426-4303-b82e-83f54fa469ff",
    "vertices" : [ {
      "x" : 0.309017,
      "y" : -0.809017,
      "z" : 0.618034
    }, {
      "x" : 0.809017,
      "y" : -0.618034,
      "z" : 0.309017
    }, {
      "x" : 0.618034,
      "y" : -0.309017,
      "z" : 0.809017
    }, {
      "x" : 1.0,
      "y" : 0.309017,
      "z" : 0.19098301
    }, {
      "x" : 0.809017,
      "y" : 0.618034,
      "z" : 0.309017
    }, {
      "x" : 0.618034,
      "y" : 0.309017,
      "z" : 0.809017
    }, {
      "x" : 0.809017,
      "y" : 0.0,
      "z" : 0.690983
    }, {
      "x" : 0.19098301,
      "y" : -1.0,
      "z" : 0.309017
    }, {
      "x" : -0.19098301,
      "y" : -1.0,
      "z" : 0.309017
    }, {
      "x" : -0.19098301,
      "y" : -1.0,
      "z" : -0.309017
    }, {
      "x" : 0.19098301,
      "y" : -1.0,
      "z" : -0.309017
    }, {
      "x" : 1.0,
      "y" : -0.309017,
      "z" : -0.19098301
    }, {
      "x" : 0.809017,
      "y" : -0.618034,
      "z" : -0.309017
    }, {
      "x" : 0.618034,
      "y" : -0.309017,
      "z" : -0.809017
    }, {
      "x" : 0.809017,
      "y" : 0.0,
      "z" : -0.690983
    }, {
      "x" : 0.0,
      "y" : 0.690983,
      "z" : -0.809017
    }, {
      "x" : 0.309017,
      "y" : 0.809017,
      "z" : -0.618034
    }, {
      "x" : 0.618034,
      "y" : 0.309017,
      "z" : -0.809017
    }, {
      "x" : 0.309017,
      "y" : 0.19098301,
      "z" : -1.0
    }, {
      "x" : 1.0,
      "y" : 0.309017,
      "z" : -0.19098301
    }, {
      "x" : -0.309017,
      "y" : -0.809017,
      "z" : 0.618034
    }, {
      "x" : 0.0,
      "y" : -0.690983,
      "z" : 0.809017
    }, {
      "x" : 0.809017,
      "y" : 0.618034,
      "z" : -0.309017
    }, {
      "x" : 0.690983,
      "y" : 0.809017,
      "z" : 0.0
    }, {
      "x" : -0.690983,
      "y" : 0.809017,
      "z" : 0.0
    }, {
      "x" : -0.809017,
      "y" : 0.618034,
      "z" : 0.309017
    }, {
      "x" : -0.309017,
      "y" : 0.809017,
      "z" : 0.618034
    }, {
      "x" : -0.19098301,
      "y" : 1.0,
      "z" : 0.309017
    }, {
      "x" : 0.309017,
      "y" : -0.19098301,
      "z" : -1.0
    }, {
      "x" : 0.19098301,
      "y" : 1.0,
      "z" : 0.309017
    }, {
      "x" : 0.309017,
      "y" : 0.809017,
      "z" : 0.618034
    }, {
      "x" : -0.809017,
      "y" : -0.618034,
      "z" : 0.309017
    }, {
      "x" : -0.690983,
      "y" : -0.809017,
      "z" : 0.0
    }, {
      "x" : 0.0,
      "y" : 0.690983,
      "z" : 0.809017
    }, {
      "x" : 0.309017,
      "y" : -0.809017,
      "z" : -0.618034
    }, {
      "x" : 0.0,
      "y" : -0.690983,
      "z" : -0.809017
    }, {
      "x" : -1.0,
      "y" : 0.309017,
      "z" : 0.19098301
    }, {
      "x" : -0.809017,
      "y" : 0.0,
      "z" : 0.690983
    }, {
      "x" : -0.618034,
      "y" : 0.309017,
      "z" : 0.809017
    }, {
      "x" : 1.0,
      "y" : -0.309017,
      "z" : 0.19098301
    }, {
      "x" : -0.309017,
      "y" : -0.809017,
      "z" : -0.618034
    }, {
      "x" : -1.0,
      "y" : 0.309017,
      "z" : -0.19098301
    }, {
      "x" : -1.0,
      "y" : -0.309017,
      "z" : -0.19098301
    }, {
      "x" : -1.0,
      "y" : -0.309017,
      "z" : 0.19098301
    }, {
      "x" : 0.19098301,
      "y" : 1.0,
      "z" : -0.309017
    }, {
      "x" : -0.809017,
      "y" : 0.618034,
      "z" : -0.309017
    }, {
      "x" : -0.19098301,
      "y" : 1.0,
      "z" : -0.309017
    }, {
      "x" : -0.309017,
      "y" : 0.809017,
      "z" : -0.618034
    }, {
      "x" : -0.618034,
      "y" : -0.309017,
      "z" : 0.809017
    }, {
      "x" : 0.309017,
      "y" : 0.19098301,
      "z" : 1.0
    }, {
      "x" : -0.309017,
      "y" : 0.19098301,
      "z" : -1.0
    }, {
      "x" : -0.309017,
      "y" : 0.19098301,
      "z" : 1.0
    }, {
      "x" : -0.309017,
      "y" : -0.19098301,
      "z" : 1.0
    }, {
      "x" : 0.309017,
      "y" : -0.19098301,
      "z" : 1.0
    }, {
      "x" : 0.690983,
      "y" : -0.809017,
      "z" : 0.0
    }, {
      "x" : -0.809017,
      "y" : 0.0,
      "z" : -0.690983
    }, {
      "x" : -0.618034,
      "y" : -0.309017,
      "z" : -0.809017
    }, {
      "x" : -0.309017,
      "y" : -0.19098301,
      "z" : -1.0
    }, {
      "x" : -0.618034,
      "y" : 0.309017,
      "z" : -0.809017
    }, {
      "x" : -0.809017,
      "y" : -0.618034,
      "z" : -0.309017
    } ],
    "faces" : [ {
      "vertices" : [ 9, 40, 35 ]
    }, {
      "vertices" : [ 9, 35, 34 ]
    }, {
      "vertices" : [ 9, 34, 10 ]
    }, {
      "vertices" : [ 0, 1, 2 ]
    }, {
      "vertices" : [ 33, 51, 49 ]
    }, {
      "vertices" : [ 25, 36, 37 ]
    }, {
      "vertices" : [ 25, 37, 38 ]
    }, {
      "vertices" : [ 41, 55, 42 ]
    }, {
      "vertices" : [ 9, 32, 59 ]
    }, {
      "vertices" : [ 9, 59, 40 ]
    }, {
      "vertices" : [ 20, 21, 52 ]
    }, {
      "vertices" : [ 20, 52, 48 ]
    }, {
      "vertices" : [ 26, 33, 30 ]
    }, {
      "vertices" : [ 26, 30, 29 ]
    }, {
      "vertices" : [ 26, 29, 27 ]
    }, {
      "vertices" : [ 3, 4, 5 ]
    }, {
      "vertices" : [ 3, 5, 6 ]
    }, {
      "vertices" : [ 27, 29, 44 ]
    }, {
      "vertices" : [ 27, 44, 46 ]
    }, {
      "vertices" : [ 50, 57, 56 ]
    }, {
      "vertices" : [ 50, 56, 55 ]
    }, {
      "vertices" : [ 50, 55, 58 ]
    }, {
      "vertices" : [ 26, 38, 51 ]
    }, {
      "vertices" : [ 26, 51, 33 ]
    }, {
      "vertices" : [ 45, 47, 58 ]
    }, {
      "vertices" : [ 18, 28, 57 ]
    }, {
      "vertices" : [ 18, 57, 50 ]
    }, {
      "vertices" : [ 40, 59, 56 ]
    }, {
      "vertices" : [ 31, 48, 37 ]
    }, {
      "vertices" : [ 31, 37, 43 ]
    }, {
      "vertices" : [ 7, 8, 9 ]
    }, {
      "vertices" : [ 7, 9, 10 ]
    }, {
      "vertices" : [ 36, 41, 42 ]
    }, {
      "vertices" : [ 36, 42, 43 ]
    }, {
      "vertices" : [ 24, 46, 47 ]
    }, {
      "vertices" : [ 24, 47, 45 ]
    }, {
      "vertices" : [ 4, 30, 5 ]
    }, {
      "vertices" : [ 15, 47, 46 ]
    }, {
      "vertices" : [ 15, 46, 44 ]
    }, {
      "vertices" : [ 15, 44, 16 ]
    }, {
      "vertices" : [ 15, 50, 58 ]
    }, {
      "vertices" : [ 15, 58, 47 ]
    }, {
      "vertices" : [ 24, 45, 41 ]
    }, {
      "vertices" : [ 24, 41, 36 ]
    }, {
      "vertices" : [ 24, 36, 25 ]
    }, {
      "vertices" : [ 11, 14, 19 ]
    }, {
      "vertices" : [ 3, 6, 39 ]
    }, {
      "vertices" : [ 1, 39, 6 ]
    }, {
      "vertices" : [ 1, 6, 2 ]
    }, {
      "vertices" : [ 8, 32, 9 ]
    }, {
      "vertices" : [ 11, 12, 13 ]
    }, {
      "vertices" : [ 11, 13, 14 ]
    }, {
      "vertices" : [ 16, 22, 17 ]
    }, {
      "vertices" : [ 0, 21, 20 ]
    }, {
      "vertices" : [ 0, 20, 8 ]
    }, {
      "vertices" : [ 0, 8, 7 ]
    }, {
      "vertices" : [ 12, 34, 13 ]
    }, {
      "vertices" : [ 35, 40, 56 ]
    }, {
      "vertices" : [ 35, 56, 57 ]
    }, {
      "vertices" : [ 0, 7, 54 ]
    }, {
      "vertices" : [ 0, 54, 1 ]
    }, {
      "vertices" : [ 15, 16, 17 ]
    }, {
      "vertices" : [ 15, 17, 18 ]
    }, {
      "vertices" : [ 3, 19, 22 ]
    }, {
      "vertices" : [ 3, 22, 23 ]
    }, {
      "vertices" : [ 3, 23, 4 ]
    }, {
      "vertices" : [ 7, 10, 54 ]
    }, {
      "vertices" : [ 41, 45, 58 ]
    }, {
      "vertices" : [ 41, 58, 55 ]
    }, {
      "vertices" : [ 3, 39, 11 ]
    }, {
      "vertices" : [ 3, 11, 19 ]
    }, {
      "vertices" : [ 14, 17, 22 ]
    }, {
      "vertices" : [ 14, 22, 19 ]
    }, {
      "vertices" : [ 0, 2, 53 ]
    }, {
      "vertices" : [ 0, 53, 21 ]
    }, {
      "vertices" : [ 49, 51, 52 ]
    }, {
      "vertices" : [ 49, 52, 53 ]
    }, {
      "vertices" : [ 31, 43, 42 ]
    }, {
      "vertices" : [ 31, 42, 59 ]
    }, {
      "vertices" : [ 31, 59, 32 ]
    }, {
      "vertices" : [ 15, 18, 50 ]
    }, {
      "vertices" : [ 42, 55, 56 ]
    }, {
      "vertices" : [ 42, 56, 59 ]
    }, {
      "vertices" : [ 4, 23, 29 ]
    }, {
      "vertices" : [ 4, 29, 30 ]
    }, {
      "vertices" : [ 25, 38, 26 ]
    }, {
      "vertices" : [ 13, 28, 18 ]
    }, {
      "vertices" : [ 13, 18, 17 ]
    }, {
      "vertices" : [ 13, 17, 14 ]
    }, {
      "vertices" : [ 8, 20, 31 ]
    }, {
      "vertices" : [ 8, 31, 32 ]
    }, {
      "vertices" : [ 23, 44, 29 ]
    }, {
      "vertices" : [ 24, 27, 46 ]
    }, {
      "vertices" : [ 37, 48, 52 ]
    }, {
      "vertices" : [ 37, 52, 51 ]
    }, {
      "vertices" : [ 37, 51, 38 ]
    }, {
      "vertices" : [ 20, 48, 31 ]
    }, {
      "vertices" : [ 24, 25, 26 ]
    }, {
      "vertices" : [ 24, 26, 27 ]
    }, {
      "vertices" : [ 16, 44, 23 ]
    }, {
      "vertices" : [ 16, 23, 22 ]
    }, {
      "vertices" : [ 13, 34, 35 ]
    }, {
      "vertices" : [ 13, 35, 28 ]
    }, {
      "vertices" : [ 10, 34, 12 ]
    }, {
      "vertices" : [ 10, 12, 54 ]
    }, {
      "vertices" : [ 2, 6, 5 ]
    }, {
      "vertices" : [ 2, 5, 49 ]
    }, {
      "vertices" : [ 2, 49, 53 ]
    }, {
      "vertices" : [ 36, 43, 37 ]
    }, {
      "vertices" : [ 5, 30, 33 ]
    }, {
      "vertices" : [ 5, 33, 49 ]
    }, {
      "vertices" : [ 1, 54, 12 ]
    }, {
      "vertices" : [ 1, 12, 11 ]
    }, {
      "vertices" : [ 1, 11, 39 ]
    }, {
      "vertices" : [ 28, 35, 57 ]
    }, {
      "vertices" : [ 21, 53, 52 ]
    } ]
  }, {
    "id" : "9dd4f516-7c3c-45a6-816d-b48ee1d8f577",
    "vertices" : [ {
      "x" : 12.708204,
      "y" : 0.309017,
      "z" : 0.19098301
    }, {
      "x" : 12.708204,
      "y" : 0.309017,
      "z" : -0.19098301
    }, {
      "x" : 1.0,
      "y" : 0.309017,
      "z" : -0.19098301
    }, {
      "x" : 1.0,
      "y" : 0.309017,
      "z" : 0.19098301
    }, {
      "x" : 12.708204,
      "y" : -0.309017,
      "z" : 0.19098301
    }, {
      "x" : 1.0,
      "y" : -0.309017,
      "z" : 0.19098301
    }, {
      "x" : 1.0,
      "y" : -0.309017,
      "z" : -0.19098301
    }, {
      "x" : 12.708204,
      "y" : -0.309017,
      "z" : -0.19098301
    }, {
      "x" : 13.708204,
      "y" : 0.0,
      "z" : 0.0
    } ],
    "faces" : [ {
      "vertices" : [ 1, 7, 6 ]
    }, {
      "vertices" : [ 1, 6, 2 ]
    }, {
      "vertices" : [ 0, 1, 2 ]
    }, {
      "vertices" : [ 0, 2, 3 ]
    }, {
      "vertices" : [ 4, 5, 6 ]
    }, {
      "vertices" : [ 4, 6, 7 ]
    }, {
      "vertices" : [ 0, 3, 5 ]
    }, {
      "vertices" : [ 0, 5, 4 ]
    } ]
  } ],
  "instances" : [ {
    "shape" : "611baa9f-4f6b-47d3-bab2-bd27c0e7f5e3",
    "color" : "#F0A000",
    "position" : {
      "x" : 0.0,
      "y" : 0.0,
      "z" : 0.0
    }
  }, {
    "shape" : "40944c08-d4b6-4c85-a367-225c356a3fdb",
    "color" : "#F0A000",
    "position" : {
      "x" : 0.0,
      "y" : 0.0,
      "z" : 0.0
    }
  }, {
    "shape" : "9f7f8c9b-4013-44bb-9a96-5896412b1716",
    "color" : "#F0A000",
    "position" : {
      "x" : 0.0,
      "y" : 0.0,
      "z" : 0.0
    }
  }, {
    "shape" : "808933d0-876a-4ad4-9102-f240776d712e",
    "color" : "#F0A000",
    "position" : {
      "x" : 0.0,
      "y" : 0.0,
      "z" : 0.0
    }
  }, {
    "shape" : "26e86053-4410-453f-abec-cf0a8a908d06",
    "color" : "#F0A000",
    "position" : {
      "x" : 0.0,
      "y" : 0.0,
      "z" : 0.0
    }
  }, {
    "shape" : "364698ec-8d1b-4af7-8849-b1c3056ec600",
    "color" : "#F0A000",
    "position" : {
      "x" : 0.0,
      "y" : 0.0,
      "z" : 0.0
    }
  }, {
    "shape" : "4e859ad4-8336-4b5c-9af3-54204f53b432",
    "color" : "#F0A000",
    "position" : {
      "x" : 0.0,
      "y" : 0.0,
      "z" : 0.0
    }
  }, {
    "shape" : "23f3211b-da4d-4aeb-ab4d-d31c83316304",
    "color" : "#F0A000",
    "position" : {
      "x" : 0.0,
      "y" : 0.0,
      "z" : 0.0
    }
  }, {
    "shape" : "77b8dc70-e493-43f9-8e0d-20e7cc97e615",
    "color" : "#F0A000",
    "position" : {
      "x" : 0.0,
      "y" : 0.0,
      "z" : 0.0
    }
  }, {
    "shape" : "83ffe63a-549d-40d5-8097-4d8b03e51e09",
    "color" : "#F0A000",
    "position" : {
      "x" : 0.0,
      "y" : 0.0,
      "z" : 0.0
    }
  }, {
    "shape" : "fd78d3fe-d35b-480b-95b8-f4d6b1b99f61",
    "color" : "#F0A000",
    "position" : {
      "x" : 0.0,
      "y" : 0.0,
      "z" : 0.0
    }
  }, {
    "shape" : "0a82ffbd-9f3e-4103-8f3a-4d12d53628b6",
    "color" : "#F0A000",
    "position" : {
      "x" : 0.0,
      "y" : 0.0,
      "z" : 0.0
    }
  }, {
    "shape" : "7563beee-b983-4b96-b513-e610f58159fe",
    "color" : "#F0A000",
    "position" : {
      "x" : 0.0,
      "y" : 0.0,
      "z" : 0.0
    }
  }, {
    "shape" : "e50aa47e-04ce-4dfe-be30-40ba043f0218",
    "color" : "#AF0000",
    "position" : {
      "x" : 0.0,
      "y" : 0.0,
      "z" : 0.0
    }
  }, {
    "shape" : "2aa44ea0-fcc5-43e4-91cd-f7f9f4bf8700",
    "color" : "#F0A000",
    "position" : {
      "x" : 0.0,
      "y" : 0.0,
      "z" : 0.0
    }
  }, {
    "shape" : "34f9b391-6204-4086-8fb8-a3dc86feed71",
    "color" : "#F0A000",
    "position" : {
      "x" : 0.0,
      "y" : 0.0,
      "z" : 0.0
    }
  } ],
  "scenes" : [ {
    "title" : "Edges",
    "content" : "",
    "view" : {
      "width" : 60.969387,
      "stereo" : false,
      "lookDirection" : {
        "x" : -0.92416215,
        "y" : -0.35578105,
        "z" : 0.13908416
      },
      "upDirection" : {
        "x" : 0.2620603,
        "y" : -0.32557306,
        "z" : 0.9084747
      },
      "lookAtPoint" : {
        "x" : 0.0,
        "y" : 0.0,
        "z" : 0.0
      },
      "perspective" : true,
      "viewDistance" : 135.48752,
      "nearClipDistance" : 0.3387189,
      "farClipDistance" : 270.975,
      "fieldOfView" : 0.4426289,
      "position" : {
        "x" : 125.21243,
        "y" : 48.20389,
        "z" : -18.844168
      }
    },
    "snapshot" : 1
  }, {
    "title" : "Faces",
    "content" : "",
    "view" : {
      "width" : 60.969387,
      "stereo" : false,
      "lookDirection" : {
        "x" : -0.92416215,
        "y" : -0.35578105,
        "z" : 0.13908416
      },
      "upDirection" : {
        "x" : 0.2620603,
        "y" : -0.32557306,
        "z" : 0.9084747
      },
      "lookAtPoint" : {
        "x" : 0.0,
        "y" : 0.0,
        "z" : 0.0
      },
      "perspective" : true,
      "viewDistance" : 135.48752,
      "nearClipDistance" : 0.3387189,
      "farClipDistance" : 270.975,
      "fieldOfView" : 0.4426289,
      "position" : {
        "x" : 125.21243,
        "y" : 48.20389,
        "z" : -18.844168
      }
    },
    "snapshot" : 2
  } ],
  "snapshots" : [ [ {
    "shape" : "77fc2e04-ef0d-408d-a924-dd3bdcc8fe2c",
    "color" : "#007695",
    "position" : {
      "x" : 0.0,
      "y" : 0.0,
      "z" : 0.0
    },
    "orientation" : 40
  }, {
    "shape" : "6cb5c550-c08d-4343-a70b-5c995c8c87f7",
    "color" : "#AF0000",
    "position" : {
      "x" : 0.0,
      "y" : 0.0,
      "z" : 0.0
    },
    "orientation" : 2
  }, {
    "shape" : "daa67141-5426-4303-b82e-83f54fa469ff",
    "color" : "#FFFFFF",
    "position" : {
      "x" : 4.236068,
      "y" : 0.0,
      "z" : 6.854102
    },
    "orientation" : 0
  }, {
    "shape" : "daa67141-5426-4303-b82e-83f54fa469ff",
    "color" : "#FFFFFF",
    "position" : {
      "x" : -2.618034,
      "y" : -4.236068,
      "z" : 6.854102
    },
    "orientation" : 0
  }, {
    "shape" : "daa67141-5426-4303-b82e-83f54fa469ff",
    "color" : "#FFFFFF",
    "position" : {
      "x" : 0.0,
      "y" : 0.0,
      "z" : 0.0
    },
    "orientation" : 0
  } ], [ {
    "shape" : "9dd4f516-7c3c-45a6-816d-b48ee1d8f577",
    "color" : "#007695",
    "position" : {
      "x" : 6.854102,
      "y" : 0.0,
      "z" : -11.09017
    },
    "orientation" : 45
  }, {
    "shape" : "9dd4f516-7c3c-45a6-816d-b48ee1d8f577",
    "color" : "#007695",
    "position" : {
      "x" : -11.09017,
      "y" : 6.854102,
      "z" : 0.0
    },
    "orientation" : 37
  }, {
    "shape" : "9dd4f516-7c3c-45a6-816d-b48ee1d8f577",
    "color" : "#007695",
    "position" : {
      "x" : -11.09017,
      "y" : 6.854102,
      "z" : 0.0
    },
    "orientation" : 16
  }, {
    "shape" : "9dd4f516-7c3c-45a6-816d-b48ee1d8f577",
    "color" : "#007695",
    "position" : {
      "x" : -11.09017,
      "y" : -6.854102,
      "z" : 0.0
    },
    "orientation" : 26
  }, {
    "shape" : "9dd4f516-7c3c-45a6-816d-b48ee1d8f577",
    "color" : "#007695",
    "position" : {
      "x" : 6.854102,
      "y" : 0.0,
      "z" : -11.09017
    },
    "orientation" : 37
  }, {
    "shape" : "9dd4f516-7c3c-45a6-816d-b48ee1d8f577",
    "color" : "#007695",
    "position" : {
      "x" : -11.09017,
      "y" : 6.854102,
      "z" : 0.0
    },
    "orientation" : 25
  }, {
    "shape" : "daa67141-5426-4303-b82e-83f54fa469ff",
    "color" : "#FFFFFF",
    "position" : {
      "x" : 11.09017,
      "y" : -6.854102,
      "z" : 0.0
    },
    "orientation" : 0
  }, {
    "shape" : "daa67141-5426-4303-b82e-83f54fa469ff",
    "color" : "#FFFFFF",
    "position" : {
      "x" : -6.854102,
      "y" : 0.0,
      "z" : 11.09017
    },
    "orientation" : 0
  }, {
    "shape" : "9dd4f516-7c3c-45a6-816d-b48ee1d8f577",
    "color" : "#007695",
    "position" : {
      "x" : 11.09017,
      "y" : 6.854102,
      "z" : 0.0
    },
    "orientation" : 16
  }, {
    "shape" : "9dd4f516-7c3c-45a6-816d-b48ee1d8f577",
    "color" : "#007695",
    "position" : {
      "x" : 0.0,
      "y" : 11.09017,
      "z" : 6.854102
    },
    "orientation" : 21
  }, {
    "shape" : "9dd4f516-7c3c-45a6-816d-b48ee1d8f577",
    "color" : "#007695",
    "position" : {
      "x" : 0.0,
      "y" : -11.09017,
      "z" : 6.854102
    },
    "orientation" : 9
  }, {
    "shape" : "9dd4f516-7c3c-45a6-816d-b48ee1d8f577",
    "color" : "#007695",
    "position" : {
      "x" : 0.0,
      "y" : -11.09017,
      "z" : 6.854102
    },
    "orientation" : 56
  }, {
    "shape" : "9dd4f516-7c3c-45a6-816d-b48ee1d8f577",
    "color" : "#007695",
    "position" : {
      "x" : -6.854102,
      "y" : 0.0,
      "z" : 11.09017
    },
    "orientation" : 24
  }, {
    "shape" : "9dd4f516-7c3c-45a6-816d-b48ee1d8f577",
    "color" : "#007695",
    "position" : {
      "x" : 0.0,
      "y" : 11.09017,
      "z" : 6.854102
    },
    "orientation" : 26
  }, {
    "shape" : "daa67141-5426-4303-b82e-83f54fa469ff",
    "color" : "#FFFFFF",
    "position" : {
      "x" : 0.0,
      "y" : -11.09017,
      "z" : -6.854102
    },
    "orientation" : 0
  }, {
    "shape" : "9dd4f516-7c3c-45a6-816d-b48ee1d8f577",
    "color" : "#007695",
    "position" : {
      "x" : 0.0,
      "y" : -11.09017,
      "z" : 6.854102
    },
    "orientation" : 47
  }, {
    "shape" : "daa67141-5426-4303-b82e-83f54fa469ff",
    "color" : "#FFFFFF",
    "position" : {
      "x" : 0.0,
      "y" : -11.09017,
      "z" : 6.854102
    },
    "orientation" : 0
  }, {
    "shape" : "9dd4f516-7c3c-45a6-816d-b48ee1d8f577",
    "color" : "#007695",
    "position" : {
      "x" : -6.854102,
      "y" : 0.0,
      "z" : 11.09017
    },
    "orientation" : 22
  }, {
    "shape" : "daa67141-5426-4303-b82e-83f54fa469ff",
    "color" : "#FFFFFF",
    "position" : {
      "x" : 6.854102,
      "y" : 0.0,
      "z" : 11.09017
    },
    "orientation" : 0
  }, {
    "shape" : "daa67141-5426-4303-b82e-83f54fa469ff",
    "color" : "#FFFFFF",
    "position" : {
      "x" : 11.09017,
      "y" : 6.854102,
      "z" : 0.0
    },
    "orientation" : 0
  }, {
    "shape" : "daa67141-5426-4303-b82e-83f54fa469ff",
    "color" : "#FFFFFF",
    "position" : {
      "x" : -6.854102,
      "y" : 0.0,
      "z" : -11.09017
    },
    "orientation" : 0
  }, {
    "shape" : "9dd4f516-7c3c-45a6-816d-b48ee1d8f577",
    "color" : "#007695",
    "position" : {
      "x" : 0.0,
      "y" : 11.09017,
      "z" : 6.854102
    },
    "orientation" : 53
  }, {
    "shape" : "9dd4f516-7c3c-45a6-816d-b48ee1d8f577",
    "color" : "#007695",
    "position" : {
      "x" : -6.854102,
      "y" : 0.0,
      "z" : -11.09017
    },
    "orientation" : 40
  }, {
    "shape" : "9dd4f516-7c3c-45a6-816d-b48ee1d8f577",
    "color" : "#007695",
    "position" : {
      "x" : -6.854102,
      "y" : 0.0,
      "z" : -11.09017
    },
    "orientation" : 21
  }, {
    "shape" : "daa67141-5426-4303-b82e-83f54fa469ff",
    "color" : "#FFFFFF",
    "position" : {
      "x" : -11.09017,
      "y" : 6.854102,
      "z" : 0.0
    },
    "orientation" : 0
  }, {
    "shape" : "9dd4f516-7c3c-45a6-816d-b48ee1d8f577",
    "color" : "#007695",
    "position" : {
      "x" : 11.09017,
      "y" : -6.854102,
      "z" : 0.0
    },
    "orientation" : 53
  }, {
    "shape" : "daa67141-5426-4303-b82e-83f54fa469ff",
    "color" : "#FFFFFF",
    "position" : {
      "x" : 6.854102,
      "y" : 0.0,
      "z" : -11.09017
    },
    "orientation" : 0
  }, {
    "shape" : "9dd4f516-7c3c-45a6-816d-b48ee1d8f577",
    "color" : "#007695",
    "position" : {
      "x" : 6.854102,
      "y" : 0.0,
      "z" : 11.09017
    },
    "orientation" : 25
  }, {
    "shape" : "9dd4f516-7c3c-45a6-816d-b48ee1d8f577",
    "color" : "#007695",
    "position" : {
      "x" : 0.0,
      "y" : -11.09017,
      "z" : 6.854102
    },
    "orientation" : 23
  }, {
    "shape" : "9dd4f516-7c3c-45a6-816d-b48ee1d8f577",
    "color" : "#007695",
    "position" : {
      "x" : 6.854102,
      "y" : 0.0,
      "z" : -11.09017
    },
    "orientation" : 10
  }, {
    "shape" : "9dd4f516-7c3c-45a6-816d-b48ee1d8f577",
    "color" : "#007695",
    "position" : {
      "x" : -6.854102,
      "y" : 0.0,
      "z" : 11.09017
    },
    "orientation" : 0
  }, {
    "shape" : "daa67141-5426-4303-b82e-83f54fa469ff",
    "color" : "#FFFFFF",
    "position" : {
      "x" : -11.09017,
