{
  "field" : "golden",
  "symmetry" : "icosahedral",
  "orientations" : [ [ 1.0, 0.0, 0.0, 0.0, 0.0, 1.0, 0.0, 0.0, 0.0, 0.0, 1.0, 0.0, 0.0, 0.0, 0.0, 1.0 ], [ 0.0, 0.0, 1.0, 0.0, 1.0, 0.0, 0.0, 0.0, 0.0, 1.0, 0.0, 0.0, 0.0, 0.0, 0.0, 1.0 ], [ 0.0, 1.0, 0.0, 0.0, 0.0, 0.0, 1.0, 0.0, 1.0, 0.0, 0.0, 0.0, 0.0, 0.0, 0.0, 1.0 ], [ 0.809017, 0.309017, 0.5, 0.0, 0.309017, 0.5, -0.809017, 0.0, -0.5, 0.809017, 0.309017, 0.0, 0.0, 0.0, 0.0, 1.0 ], [ -0.5, 0.809017, 0.309017, 0.0, 0.809017, 0.309017, 0.5, 0.0, 0.309017, 0.5, -0.809017, 0.0, 0.0, 0.0, 0.0, 1.0 ], [ 0.309017, 0.5, -0.809017, 0.0, -0.5, 0.809017, 0.309017, 0.0, 0.809017, 0.309017, 0.5, 0.0, 0.0, 0.0, 0.0, 1.0 ], [ 0.5, 0.809017, 0.309017, 0.0, 0.809017, -0.309017, -0.5, 0.0, -0.309017, 0.5, -0.809017, 0.0, 0.0, 0.0, 0.0, 1.0 ], [ -0.309017, 0.5, -0.809017, 0.0, 0.5, 0.809017, 0.309017, 0.0, 0.809017, -0.309017, -0.5, 0.0, 0.0, 0.0, 0.0, 1.0 ], [ 0.809017, -0.309017, -0.5, 0.0, -0.309017, 0.5, -0.809017, 0.0, 0.5, 0.809017, 0.309017, 0.0, 0.0, 0.0, 0.0, 1.0 ], [ 0.5, 0.809017, -0.309017, 0.0, 0.809017, -0.309017, 0.5, 0.0, 0.309017, -0.5, -0.809017, 0.0, 0.0, 0.0, 0.0, 1.0 ], [ 0.309017, -0.5, -0.809017, 0.0, 0.5, 0.809017, -0.309017, 0.0, 0.809017, -0.309017, 0.5, 0.0, 0.0, 0.0, 0.0, 1.0 ], [ 0.809017, -0.309017, 0.5, 0.0, 0.309017, -0.5, -0.809017, 0.0, 0.5, 0.809017, -0.309017, 0.0, 0.0, 0.0, 0.0, 1.0 ], [ 0.809017, 0.309017, -0.5, 0.0, 0.309017, 0.5, 0.809017, 0.0, 0.5, -0.809017, 0.309017, 0.0, 0.0, 0.0, 0.0, 1.0 ], [ 0.5, -0.809017, 0.309017, 0.0, 0.809017, 0.309017, -0.5, 0.0, 0.309017, 0.5, 0.809017, 0.0, 0.0, 0.0, 0.0, 1.0 ], [ 0.309017, 0.5, 0.809017, 0.0, 0.5, -0.809017, 0.309017, 0.0, 0.809017, 0.309017, -0.5, 0.0, 0.0, 0.0, 0.0, 1.0 ], [ 1.0, 0.0, 0.0, 0.0, 0.0, -1.0, 0.0, 0.0, 0.0, 0.0, -1.0, 0.0, 0.0, 0.0, 0.0, 1.0 ], [ 0.0, 0.0, 1.0, 0.0, -1.0, 0.0, 0.0, 0.0, 0.0, -1.0, 0.0, 0.0, 0.0, 0.0, 0.0, 1.0 ], [ 0.0, 1.0, 0.0, 0.0, 0.0, 0.0, -1.0, 0.0, -1.0, 0.0, 0.0, 0.0, 0.0, 0.0, 0.0, 1.0 ], [ 0.809017, 0.309017, 0.5, 0.0, -0.309017, -0.5, 0.809017, 0.0, 0.5, -0.809017, -0.309017, 0.0, 0.0, 0.0, 0.0, 1.0 ], [ -0.5, 0.809017, 0.309017, 0.0, -0.809017, -0.309017, -0.5, 0.0, -0.309017, -0.5, 0.809017, 0.0, 0.0, 0.0, 0.0, 1.0 ], [ 0.309017, 0.5, -0.809017, 0.0, 0.5, -0.809017, -0.309017, 0.0, -0.809017, -0.309017, -0.5, 0.0, 0.0, 0.0, 0.0, 1.0 ], [ 0.5, 0.809017, 0.309017, 0.0, -0.809017, 0.309017, 0.5, 0.0, 0.309017, -0.5, 0.809017, 0.0, 0.0, 0.0, 0.0, 1.0 ], [ -0.309017, 0.5, -0.809017, 0.0, -0.5, -0.809017, -0.309017, 0.0, -0.809017, 0.309017, 0.5, 0.0, 0.0, 0.0, 0.0, 1.0 ], [ 0.809017, -0.309017, -0.5, 0.0, 0.309017, -0.5, 0.809017, 0.0, -0.5, -0.809017, -0.309017, 0.0, 0.0, 0.0, 0.0, 1.0 ], [ 0.5, 0.809017, -0.309017, 0.0, -0.809017, 0.309017, -0.5, 0.0, -0.309017, 0.5, 0.809017, 0.0, 0.0, 0.0, 0.0, 1.0 ], [ 0.309017, -0.5, -0.809017, 0.0, -0.5, -0.809017, 0.309017, 0.0, -0.809017, 0.309017, -0.5, 0.0, 0.0, 0.0, 0.0, 1.0 ], [ 0.809017, -0.309017, 0.5, 0.0, -0.309017, 0.5, 0.809017, 0.0, -0.5, -0.809017, 0.309017, 0.0, 0.0, 0.0, 0.0, 1.0 ], [ 0.809017, 0.309017, -0.5, 0.0, -0.309017, -0.5, -0.809017, 0.0, -0.5, 0.809017, -0.309017, 0.0, 0.0, 0.0, 0.0, 1.0 ], [ 0.5, -0.809017, 0.309017, 0.0, -0.809017, -0.309017, 0.5, 0.0, -0.309017, -0.5, -0.809017, 0.0, 0.0, 0.0, 0.0, 1.0 ], [ 0.309017, 0.5, 0.809017, 0.0, -0.5, 0.809017, -0.309017, 0.0, -0.809017, -0.309017, 0.5, 0.0, 0.0, 0.0, 0.0, 1.0 ], [ -1.0, 0.0, 0.0, 0.0, 0.0, -1.0, 0.0, 0.0, 0.0, 0.0, 1.0, 0.0, 0.0, 0.0, 0.0, 1.0 ], [ 0.0, 0.0, -1.0, 0.0, -1.0, 0.0, 0.0, 0.0, 0.0, 1.0, 0.0, 0.0, 0.0, 0.0, 0.0, 1.0 ], [ 0.0, -1.0, 0.0, 0.0, 0.0, 0.0, -1.0, 0.0, 1.0, 0.0, 0.0, 0.0, 0.0, 0.0, 0.0, 1.0 ], [ -0.809017, -0.309017, -0.5, 0.0, -0.309017, -0.5, 0.809017, 0.0, -0.5, 0.809017, 0.309017, 0.0, 0.0, 0.0, 0.0, 1.0 ], [ 0.5, -0.809017, -0.309017, 0.0, -0.809017, -0.309017, -0.5, 0.0, 0.309017, 0.5, -0.809017, 0.0, 0.0, 0.0, 0.0, 1.0 ], [ -0.309017, -0.5, 0.809017, 0.0, 0.5, -0.809017, -0.309017, 0.0, 0.809017, 0.309017, 0.5, 0.0, 0.0, 0.0, 0.0, 1.0 ], [ -0.5, -0.809017, -0.309017, 0.0, -0.809017, 0.309017, 0.5, 0.0, -0.309017, 0.5, -0.809017, 0.0, 0.0, 0.0, 0.0, 1.0 ], [ 0.309017, -0.5, 0.809017, 0.0, -0.5, -0.809017, -0.309017, 0.0, 0.809017, -0.309017, -0.5, 0.0, 0.0, 0.0, 0.0, 1.0 ], [ -0.809017, 0.309017, 0.5, 0.0, 0.309017, -0.5, 0.809017, 0.0, 0.5, 0.809017, 0.309017, 0.0, 0.0, 0.0, 0.0, 1.0 ], [ -0.5, -0.809017, 0.309017, 0.0, -0.809017, 0.309017, -0.5, 0.0, 0.309017, -0.5, -0.809017, 0.0, 0.0, 0.0, 0.0, 1.0 ], [ -0.309017, 0.5, 0.809017, 0.0, -0.5, -0.809017, 0.309017, 0.0, 0.809017, -0.309017, 0.5, 0.0, 0.0, 0.0, 0.0, 1.0 ], [ -0.809017, 0.309017, -0.5, 0.0, -0.309017, 0.5, 0.809017, 0.0, 0.5, 0.809017, -0.309017, 0.0, 0.0, 0.0, 0.0, 1.0 ], [ -0.809017, -0.309017, 0.5, 0.0, -0.309017, -0.5, -0.809017, 0.0, 0.5, -0.809017, 0.309017, 0.0, 0.0, 0.0, 0.0, 1.0 ], [ -0.5, 0.809017, -0.309017, 0.0, -0.809017, -0.309017, 0.5, 0.0, 0.309017, 0.5, 0.809017, 0.0, 0.0, 0.0, 0.0, 1.0 ], [ -0.309017, -0.5, -0.809017, 0.0, -0.5, 0.809017, -0.309017, 0.0, 0.809017, 0.309017, -0.5, 0.0, 0.0, 0.0, 0.0, 1.0 ], [ -1.0, 0.0, 0.0, 0.0, 0.0, 1.0, 0.0, 0.0, 0.0, 0.0, -1.0, 0.0, 0.0, 0.0, 0.0, 1.0 ], [ 0.0, 0.0, -1.0, 0.0, 1.0, 0.0, 0.0, 0.0, 0.0, -1.0, 0.0, 0.0, 0.0, 0.0, 0.0, 1.0 ], [ 0.0, -1.0, 0.0, 0.0, 0.0, 0.0, 1.0, 0.0, -1.0, 0.0, 0.0, 0.0, 0.0, 0.0, 0.0, 1.0 ], [ -0.809017, -0.309017, -0.5, 0.0, 0.309017, 0.5, -0.809017, 0.0, 0.5, -0.809017, -0.309017, 0.0, 0.0, 0.0, 0.0, 1.0 ], [ 0.5, -0.809017, -0.309017, 0.0, 0.809017, 0.309017, 0.5, 0.0, -0.309017, -0.5, 0.809017, 0.0, 0.0, 0.0, 0.0, 1.0 ], [ -0.309017, -0.5, 0.809017, 0.0, -0.5, 0.809017, 0.309017, 0.0, -0.809017, -0.309017, -0.5, 0.0, 0.0, 0.0, 0.0, 1.0 ], [ -0.5, -0.809017, -0.309017, 0.0, 0.809017, -0.309017, -0.5, 0.0, 0.309017, -0.5, 0.809017, 0.0, 0.0, 0.0, 0.0, 1.0 ], [ 0.309017, -0.5, 0.809017, 0.0, 0.5, 0.809017, 0.309017, 0.0, -0.809017, 0.309017, 0.5, 0.0, 0.0, 0.0, 0.0, 1.0 ], [ -0.809017, 0.309017, 0.5, 0.0, -0.309017, 0.5, -0.809017, 0.0, -0.5, -0.809017, -0.309017, 0.0, 0.0, 0.0, 0.0, 1.0 ], [ -0.5, -0.809017, 0.309017, 0.0, 0.809017, -0.309017, 0.5, 0.0, -0.309017, 0.5, 0.809017, 0.0, 0.0, 0.0, 0.0, 1.0 ], [ -0.309017, 0.5, 0.809017, 0.0, 0.5, 0.809017, -0.309017, 0.0, -0.809017, 0.309017, -0.5, 0.0, 0.0, 0.0, 0.0, 1.0 ], [ -0.809017, 0.309017, -0.5, 0.0, 0.309017, -0.5, -0.809017, 0.0, -0.5, -0.809017, 0.309017, 0.0, 0.0, 0.0, 0.0, 1.0 ], [ -0.809017, -0.309017, 0.5, 0.0, 0.309017, 0.5, 0.809017, 0.0, -0.5, 0.809017, -0.309017, 0.0, 0.0, 0.0, 0.0, 1.0 ], [ -0.5, 0.809017, -0.309017, 0.0, 0.809017, 0.309017, -0.5, 0.0, -0.309017, -0.5, -0.809017, 0.0, 0.0, 0.0, 0.0, 1.0 ], [ -0.309017, -0.5, -0.809017, 0.0, 0.5, -0.809017, 0.309017, 0.0, -0.809017, -0.309017, 0.5, 0.0, 0.0, 0.0, 0.0, 1.0 ] ],
  "lights" : {
    "ambientColor" : "#292929",
    "backgroundColor" : "#AFC8DC",
    "directionalLights" : [ {
      "direction" : {
        "x" : 1.0,
        "y" : -1.0,
        "z" : -1.0
      },
      "color" : "#EBEBE4"
    }, {
      "direction" : {
        "x" : -1.0,
        "y" : 0.0,
        "z" : 0.0
      },
      "color" : "#E4E4EB"
    }, {
      "direction" : {
        "x" : 0.0,
        "y" : 0.0,
        "z" : -1.0
      },
      "color" : "#1E1E1E"
    } ]
  },
  "camera" : {
    "width" : 172.49567,
    "stereo" : false,
    "viewDistance" : 383.32358,
    "nearClipDistance" : 0.9583092,
    "farClipDistance" : 766.6469,
    "lookAtPoint" : {
      "x" : 0.0,
      "y" : 0.0,
      "z" : 0.0
    },
    "fieldOfView" : 0.442629,
    "perspective" : true,
    "lookDirection" : {
      "x" : 0.56601363,
      "y" : -0.58099854,
      "z" : -0.58486676
    },
    "upDirection" : {
      "x" : -0.29469287,
      "y" : 0.5199795,
      "z" : -0.8017345
    },
    "position" : {
      "x" : -216.96637,
      "y" : 222.71043,
      "z" : 224.19322
    }
  },
  "embedding" : [ 1.0, 0.0, 0.0, 0.0, 0.0, 1.0, 0.0, 0.0, 0.0, 0.0, 1.0, 0.0, 0.0, 0.0, 0.0, 1.0 ],
  "shapes" : [ {
    "id" : "7b99cbf4-bc48-4319-bdc1-b98d5a13a2f2",
    "vertices" : [ {
      "x" : 0.309017,
      "y" : -0.809017,
      "z" : 0.618034
    }, {
      "x" : 0.809017,
      "y" : -0.618034,
      "z" : 0.309017
    }, {
      "x" : 0.618034,
      "y" : -0.309017,
      "z" : 0.809017
    }, {
      "x" : 1.0,
      "y" : 0.309017,
      "z" : 0.19098301
    }, {
      "x" : 0.809017,
      "y" : 0.618034,
      "z" : 0.309017
    }, {
      "x" : 0.618034,
      "y" : 0.309017,
      "z" : 0.809017
    }, {
      "x" : 0.809017,
      "y" : 0.0,
      "z" : 0.690983
    }, {
      "x" : 0.19098301,
      "y" : -1.0,
      "z" : 0.309017
    }, {
      "x" : -0.19098301,
      "y" : -1.0,
      "z" : 0.309017
    }, {
      "x" : -0.19098301,
      "y" : -1.0,
      "z" : -0.309017
    }, {
      "x" : 0.19098301,
      "y" : -1.0,
      "z" : -0.309017
    }, {
      "x" : 1.0,
      "y" : -0.309017,
      "z" : -0.19098301
    }, {
      "x" : 0.809017,
      "y" : -0.618034,
      "z" : -0.309017
    }, {
      "x" : 0.618034,
      "y" : -0.309017,
      "z" : -0.809017
    }, {
      "x" : 0.809017,
      "y" : 0.0,
      "z" : -0.690983
    }, {
      "x" : 0.0,
      "y" : 0.690983,
      "z" : -0.809017
    }, {
      "x" : 0.309017,
      "y" : 0.809017,
      "z" : -0.618034
    }, {
      "x" : 0.618034,
      "y" : 0.309017,
      "z" : -0.809017
    }, {
      "x" : 0.309017,
      "y" : 0.19098301,
      "z" : -1.0
    }, {
      "x" : 1.0,
      "y" : 0.309017,
      "z" : -0.19098301
    }, {
      "x" : -0.309017,
      "y" : -0.809017,
      "z" : 0.618034
    }, {
      "x" : 0.0,
      "y" : -0.690983,
      "z" : 0.809017
    }, {
      "x" : 0.809017,
      "y" : 0.618034,
      "z" : -0.309017
    }, {
      "x" : 0.690983,
      "y" : 0.809017,
      "z" : 0.0
    }, {
      "x" : -0.690983,
      "y" : 0.809017,
      "z" : 0.0
    }, {
      "x" : -0.809017,
      "y" : 0.618034,
      "z" : 0.309017
    }, {
      "x" : -0.309017,
      "y" : 0.809017,
      "z" : 0.618034
    }, {
      "x" : -0.19098301,
      "y" : 1.0,
      "z" : 0.309017
    }, {
      "x" : 0.309017,
      "y" : -0.19098301,
      "z" : -1.0
    }, {
      "x" : 0.19098301,
      "y" : 1.0,
      "z" : 0.309017
    }, {
      "x" : 0.309017,
      "y" : 0.809017,
      "z" : 0.618034
    }, {
      "x" : -0.809017,
      "y" : -0.618034,
      "z" : 0.309017
    }, {
      "x" : -0.690983,
      "y" : -0.809017,
      "z" : 0.0
    }, {
      "x" : 0.0,
      "y" : 0.690983,
      "z" : 0.809017
    }, {
      "x" : 0.309017,
      "y" : -0.809017,
      "z" : -0.618034
    }, {
      "x" : 0.0,
      "y" : -0.690983,
      "z" : -0.809017
    }, {
      "x" : -1.0,
      "y" : 0.309017,
      "z" : 0.19098301
    }, {
      "x" : -0.809017,
      "y" : 0.0,
      "z" : 0.690983
    }, {
      "x" : -0.618034,
      "y" : 0.309017,
      "z" : 0.809017
    }, {
      "x" : 1.0,
      "y" : -0.309017,
      "z" : 0.19098301
    }, {
      "x" : -0.309017,
      "y" : -0.809017,
      "z" : -0.618034
    }, {
      "x" : -1.0,
      "y" : 0.309017,
      "z" : -0.19098301
    }, {
      "x" : -1.0,
      "y" : -0.309017,
      "z" : -0.19098301
    }, {
      "x" : -1.0,
      "y" : -0.309017,
      "z" : 0.19098301
    }, {
      "x" : 0.19098301,
      "y" : 1.0,
      "z" : -0.309017
    }, {
      "x" : -0.809017,
      "y" : 0.618034,
      "z" : -0.309017
    }, {
      "x" : -0.19098301,
      "y" : 1.0,
      "z" : -0.309017
    }, {
      "x" : -0.309017,
      "y" : 0.809017,
      "z" : -0.618034
    }, {
      "x" : -0.618034,
      "y" : -0.309017,
      "z" : 0.809017
    }, {
      "x" : 0.309017,
      "y" : 0.19098301,
      "z" : 1.0
    }, {
      "x" : -0.309017,
      "y" : 0.19098301,
      "z" : -1.0
    }, {
      "x" : -0.309017,
      "y" : 0.19098301,
      "z" : 1.0
    }, {
      "x" : -0.309017,
      "y" : -0.19098301,
      "z" : 1.0
    }, {
      "x" : 0.309017,
      "y" : -0.19098301,
      "z" : 1.0
    }, {
      "x" : 0.690983,
      "y" : -0.809017,
      "z" : 0.0
    }, {
      "x" : -0.809017,
      "y" : 0.0,
      "z" : -0.690983
    }, {
      "x" : -0.618034,
      "y" : -0.309017,
      "z" : -0.809017
    }, {
      "x" : -0.309017,
      "y" : -0.19098301,
      "z" : -1.0
    }, {
      "x" : -0.618034,
      "y" : 0.309017,
      "z" : -0.809017
    }, {
      "x" : -0.809017,
      "y" : -0.618034,
      "z" : -0.309017
    } ],
    "faces" : [ {
      "vertices" : [ 9, 40, 35 ]
    }, {
      "vertices" : [ 9, 35, 34 ]
    }, {
      "vertices" : [ 9, 34, 10 ]
    }, {
      "vertices" : [ 0, 1, 2 ]
    }, {
      "vertices" : [ 33, 51, 49 ]
    }, {
      "vertices" : [ 25, 36, 37 ]
    }, {
      "vertices" : [ 25, 37, 38 ]
    }, {
      "vertices" : [ 41, 55, 42 ]
    }, {
      "vertices" : [ 9, 32, 59 ]
    }, {
      "vertices" : [ 9, 59, 40 ]
    }, {
      "vertices" : [ 20, 21, 52 ]
    }, {
      "vertices" : [ 20, 52, 48 ]
    }, {
      "vertices" : [ 26, 33, 30 ]
    }, {
      "vertices" : [ 26, 30, 29 ]
    }, {
      "vertices" : [ 26, 29, 27 ]
    }, {
      "vertices" : [ 3, 4, 5 ]
    }, {
      "vertices" : [ 3, 5, 6 ]
    }, {
      "vertices" : [ 27, 29, 44 ]
    }, {
      "vertices" : [ 27, 44, 46 ]
    }, {
      "vertices" : [ 50, 57, 56 ]
    }, {
      "vertices" : [ 50, 56, 55 ]
    }, {
      "vertices" : [ 50, 55, 58 ]
    }, {
      "vertices" : [ 26, 38, 51 ]
    }, {
      "vertices" : [ 26, 51, 33 ]
    }, {
      "vertices" : [ 45, 47, 58 ]
    }, {
      "vertices" : [ 18, 28, 57 ]
    }, {
      "vertices" : [ 18, 57, 50 ]
    }, {
      "vertices" : [ 40, 59, 56 ]
    }, {
      "vertices" : [ 31, 48, 37 ]
    }, {
      "vertices" : [ 31, 37, 43 ]
    }, {
      "vertices" : [ 7, 8, 9 ]
    }, {
      "vertices" : [ 7, 9, 10 ]
    }, {
      "vertices" : [ 36, 41, 42 ]
    }, {
      "vertices" : [ 36, 42, 43 ]
    }, {
      "vertices" : [ 24, 46, 47 ]
    }, {
      "vertices" : [ 24, 47, 45 ]
    }, {
      "vertices" : [ 4, 30, 5 ]
    }, {
      "vertices" : [ 15, 47, 46 ]
    }, {
      "vertices" : [ 15, 46, 44 ]
    }, {
      "vertices" : [ 15, 44, 16 ]
    }, {
      "vertices" : [ 15, 50, 58 ]
    }, {
      "vertices" : [ 15, 58, 47 ]
    }, {
      "vertices" : [ 24, 45, 41 ]
    }, {
      "vertices" : [ 24, 41, 36 ]
    }, {
      "vertices" : [ 24, 36, 25 ]
    }, {
      "vertices" : [ 11, 14, 19 ]
    }, {
      "vertices" : [ 3, 6, 39 ]
    }, {
      "vertices" : [ 1, 39, 6 ]
    }, {
      "vertices" : [ 1, 6, 2 ]
    }, {
      "vertices" : [ 8, 32, 9 ]
    }, {
      "vertices" : [ 11, 12, 13 ]
    }, {
      "vertices" : [ 11, 13, 14 ]
    }, {
      "vertices" : [ 16, 22, 17 ]
    }, {
      "vertices" : [ 0, 21, 20 ]
    }, {
      "vertices" : [ 0, 20, 8 ]
    }, {
      "vertices" : [ 0, 8, 7 ]
    }, {
      "vertices" : [ 12, 34, 13 ]
    }, {
      "vertices" : [ 35, 40, 56 ]
    }, {
      "vertices" : [ 35, 56, 57 ]
    }, {
      "vertices" : [ 0, 7, 54 ]
    }, {
      "vertices" : [ 0, 54, 1 ]
    }, {
      "vertices" : [ 15, 16, 17 ]
    }, {
      "vertices" : [ 15, 17, 18 ]
    }, {
      "vertices" : [ 3, 19, 22 ]
    }, {
      "vertices" : [ 3, 22, 23 ]
    }, {
      "vertices" : [ 3, 23, 4 ]
    }, {
      "vertices" : [ 7, 10, 54 ]
    }, {
      "vertices" : [ 41, 45, 58 ]
    }, {
      "vertices" : [ 41, 58, 55 ]
    }, {
      "vertices" : [ 3, 39, 11 ]
    }, {
      "vertices" : [ 3, 11, 19 ]
    }, {
      "vertices" : [ 14, 17, 22 ]
    }, {
      "vertices" : [ 14, 22, 19 ]
    }, {
      "vertices" : [ 0, 2, 53 ]
    }, {
      "vertices" : [ 0, 53, 21 ]
    }, {
      "vertices" : [ 49, 51, 52 ]
    }, {
      "vertices" : [ 49, 52, 53 ]
    }, {
      "vertices" : [ 31, 43, 42 ]
    }, {
      "vertices" : [ 31, 42, 59 ]
    }, {
      "vertices" : [ 31, 59, 32 ]
    }, {
      "vertices" : [ 15, 18, 50 ]
    }, {
      "vertices" : [ 42, 55, 56 ]
    }, {
      "vertices" : [ 42, 56, 59 ]
    }, {
      "vertices" : [ 4, 23, 29 ]
    }, {
      "vertices" : [ 4, 29, 30 ]
    }, {
      "vertices" : [ 25, 38, 26 ]
    }, {
      "vertices" : [ 13, 28, 18 ]
    }, {
      "vertices" : [ 13, 18, 17 ]
    }, {
      "vertices" : [ 13, 17, 14 ]
    }, {
      "vertices" : [ 8, 20, 31 ]
    }, {
      "vertices" : [ 8, 31, 32 ]
    }, {
      "vertices" : [ 23, 44, 29 ]
    }, {
      "vertices" : [ 24, 27, 46 ]
    }, {
      "vertices" : [ 37, 48, 52 ]
    }, {
      "vertices" : [ 37, 52, 51 ]
    }, {
      "vertices" : [ 37, 51, 38 ]
    }, {
      "vertices" : [ 20, 48, 31 ]
    }, {
      "vertices" : [ 24, 25, 26 ]
    }, {
      "vertices" : [ 24, 26, 27 ]
    }, {
      "vertices" : [ 16, 44, 23 ]
    }, {
      "vertices" : [ 16, 23, 22 ]
    }, {
      "vertices" : [ 13, 34, 35 ]
    }, {
      "vertices" : [ 13, 35, 28 ]
    }, {
      "vertices" : [ 10, 34, 12 ]
    }, {
      "vertices" : [ 10, 12, 54 ]
    }, {
      "vertices" : [ 2, 6, 5 ]
    }, {
      "vertices" : [ 2, 5, 49 ]
    }, {
      "vertices" : [ 2, 49, 53 ]
    }, {
      "vertices" : [ 36, 43, 37 ]
    }, {
      "vertices" : [ 5, 30, 33 ]
    }, {
      "vertices" : [ 5, 33, 49 ]
    }, {
      "vertices" : [ 1, 54, 12 ]
    }, {
      "vertices" : [ 1, 12, 11 ]
    }, {
      "vertices" : [ 1, 11, 39 ]
    }, {
      "vertices" : [ 28, 35, 57 ]
    }, {
      "vertices" : [ 21, 53, 52 ]
    } ]
  }, {
    "id" : "7a238246-cfb1-4179-bd3d-59d69d67bdde",
    "vertices" : [ {
      "x" : 1.118034,
      "y" : 1.309017,
      "z" : 0.618034
    }, {
      "x" : 1.618034,
      "y" : 1.118034,
      "z" : 0.309017
    }, {
      "x" : 6.2586102,
      "y" : 5.7586102,
      "z" : 1.4045085
    }, {
      "x" : 5.7586102,
      "y" : 5.9495935,
      "z" : 1.7135255
    }, {
      "x" : 1.0,
      "y" : 1.5,
      "z" : 0.309017
    }, {
      "x" : 0.809017,
      "y" : 0.618034,
      "z" : -0.309017
    }, {
      "x" : 0.690983,
      "y" : 0.809017,
      "z" : 0.0
    }, {
      "x" : 6.1405764,
      "y" : 5.9495935,
      "z" : 1.0954915
    }, {
      "x" : 1.5,
      "y" : 1.309017,
      "z" : 0.0
    }, {
      "x" : 5.6405764,
      "y" : 6.1405764,
      "z" : 1.4045085
    }, {
      "x" : 0.809017,
      "y" : 0.618034,
      "z" : 0.309017
    }, {
      "x" : 1.0,
      "y" : 0.309017,
      "z" : 0.19098301
    }, {
      "x" : 1.0,
      "y" : 0.309017,
      "z" : -0.19098301
    }, {
      "x" : 6.4495935,
      "y" : 6.6405764,
      "z" : 1.4045085
    }, {
      "x" : 6.4495935,
      "y" : 6.6405764,
      "z" : 2.0225425
    }, {
      "x" : 6.2586102,
      "y" : 6.9495935,
      "z" : 1.5225425
    }, {
      "x" : 6.2586102,
      "y" : 6.9495935,
      "z" : 1.9045085
    }, {
      "x" : 6.5676274,
      "y" : 6.4495935,
      "z" : 1.7135255
    }, {
      "x" : 7.2586102,
      "y" : 7.2586102,
      "z" : 1.7135255
    } ],
    "faces" : [ {
      "vertices" : [ 3, 14, 16 ]
    }, {
      "vertices" : [ 2, 17, 14 ]
    }, {
      "vertices" : [ 7, 15, 13 ]
    }, {
      "vertices" : [ 0, 1, 2 ]
    }, {
      "vertices" : [ 0, 2, 3 ]
    }, {
      "vertices" : [ 2, 7, 13 ]
    }, {
      "vertices" : [ 2, 13, 17 ]
    }, {
      "vertices" : [ 9, 16, 15 ]
    }, {
      "vertices" : [ 0, 11, 1 ]
    }, {
      "vertices" : [ 4, 5, 6 ]
    }, {
      "vertices" : [ 0, 3, 9 ]
    }, {
      "vertices" : [ 0, 9, 4 ]
    }, {
      "vertices" : [ 4, 8, 5 ]
    }, {
      "vertices" : [ 1, 8, 7 ]
    }, {
      "vertices" : [ 1, 7, 2 ]
    }, {
      "vertices" : [ 2, 14, 3 ]
    }, {
      "vertices" : [ 0, 4, 6 ]
    }, {
      "vertices" : [ 0, 6, 10 ]
    }, {
      "vertices" : [ 0, 10, 11 ]
    }, {
      "vertices" : [ 1, 12, 8 ]
    }, {
      "vertices" : [ 1, 11, 12 ]
    }, {
      "vertices" : [ 5, 8, 12 ]
    }, {
      "vertices" : [ 4, 9, 7 ]
    }, {
      "vertices" : [ 4, 7, 8 ]
    }, {
      "vertices" : [ 3, 16, 9 ]
    }, {
      "vertices" : [ 7, 9, 15 ]
    } ]
  }, {
    "id" : "60ad5914-4066-4b1f-a96c-9b8f6033167f",
    "vertices" : [ {
      "x" : 2.1545086,
      "y" : 9.935661,
      "z" : 2.0364745
    }, {
      "x" : 2.6545086,
      "y" : 9.7446785,
      "z" : 2.3454914
    }, {
      "x" : 0.73606795,
      "y" : 1.618034,
      "z" : 0.42705098
    }, {
      "x" : 0.23606798,
      "y" : 1.809017,
      "z" : 0.11803399
    }, {
      "x" : 2.0364745,
      "y" : 10.126644,
      "z" : 2.3454914
    }, {
      "x" : 2.5364745,
      "y" : 9.935661,
      "z" : 2.6545086
    }, {
      "x" : 2.5815594,
      "y" : 10.7446785,
      "z" : 3.0815594
    }, {
      "x" : 2.0815594,
      "y" : 10.935661,
      "z" : 2.7725425
    }, {
      "x" : 0.11803399,
      "y" : 2.0,
      "z" : 0.42705098
    }, {
      "x" : 0.618034,
      "y" : 1.809017,
      "z" : 0.73606795
    }, {
      "x" : 0.690983,
      "y" : 0.809017,
      "z" : 0.0
    }, {
      "x" : 0.19098301,
      "y" : 1.0,
      "z" : -0.309017
    }, {
      "x" : 0.19098301,
      "y" : 1.0,
      "z" : 0.309017
    }, {
      "x" : 2.5815594,
      "y" : 10.7446785,
      "z" : 2.4635255
    }, {
      "x" : 2.7725425,
      "y" : 11.7446785,
      "z" : 2.7725425
    } ],
    "faces" : [ {
      "vertices" : [ 0, 1, 2 ]
    }, {
      "vertices" : [ 0, 2, 3 ]
    }, {
      "vertices" : [ 0, 4, 7 ]
    }, {
      "vertices" : [ 1, 6, 5 ]
    }, {
      "vertices" : [ 0, 13, 1 ]
    }, {
      "vertices" : [ 0, 3, 8 ]
    }, {
      "vertices" : [ 0, 8, 4 ]
    }, {
      "vertices" : [ 1, 5, 9 ]
    }, {
      "vertices" : [ 1, 9, 2 ]
    }, {
      "vertices" : [ 1, 13, 6 ]
    }, {
      "vertices" : [ 0, 7, 13 ]
    }, {
      "vertices" : [ 2, 9, 10 ]
    }, {
      "vertices" : [ 4, 5, 6 ]
    }, {
      "vertices" : [ 4, 6, 7 ]
    }, {
      "vertices" : [ 3, 11, 8 ]
    }, {
      "vertices" : [ 4, 8, 9 ]
    }, {
      "vertices" : [ 4, 9, 5 ]
    }, {
      "vertices" : [ 2, 10, 11 ]
    }, {
      "vertices" : [ 2, 11, 3 ]
    }, {
      "vertices" : [ 8, 12, 9 ]
    }, {
      "vertices" : [ 8, 11, 12 ]
    }, {
      "vertices" : [ 9, 12, 10 ]
    } ]
  }, {
    "id" : "9dd5cd18-afc3-4bc7-9f38-fa361840c9aa",
    "vertices" : [ {
      "x" : 7.972136,
      "y" : 0.309017,
      "z" : 0.19098301
    }, {
      "x" : 7.972136,
      "y" : 0.309017,
      "z" : -0.19098301
    }, {
      "x" : 1.0,
      "y" : 0.309017,
      "z" : -0.19098301
    }, {
      "x" : 1.0,
      "y" : 0.309017,
      "z" : 0.19098301
    }, {
      "x" : 7.972136,
      "y" : -0.309017,
      "z" : 0.19098301
    }, {
      "x" : 1.0,
      "y" : -0.309017,
      "z" : 0.19098301
    }, {
      "x" : 1.0,
      "y" : -0.309017,
      "z" : -0.19098301
    }, {
      "x" : 7.972136,
      "y" : -0.309017,
      "z" : -0.19098301
    }, {
      "x" : 8.972136,
      "y" : 0.0,
      "z" : 0.0
    } ],
    "faces" : [ {
      "vertices" : [ 1, 7, 6 ]
    }, {
      "vertices" : [ 1, 6, 2 ]
    }, {
      "vertices" : [ 0, 1, 2 ]
    }, {
      "vertices" : [ 0, 2, 3 ]
    }, {
      "vertices" : [ 4, 5, 6 ]
    }, {
      "vertices" : [ 4, 6, 7 ]
    }, {
      "vertices" : [ 0, 3, 5 ]
    }, {
      "vertices" : [ 0, 5, 4 ]
    } ]
  }, {
    "id" : "4bbacbb5-f404-4bad-ac4e-77839b337dd5",
    "vertices" : [ {
      "x" : 0.309017,
      "y" : 0.809017,
      "z" : -0.618034
    }, {
      "x" : 0.19098301,
      "y" : 1.0,
      "z" : -0.309017
    }, {
      "x" : 0.5,
      "y" : 2.0,
      "z" : -0.809017
    }, {
      "x" : 0.618034,
      "y" : 1.809017,
      "z" : -1.118034
    }, {
      "x" : 4.486068,
      "y" : 10.031153,
      "z" : -4.486068
    }, {
      "x" : 3.368034,
      "y" : 8.413119,
      "z" : -3.677051
    }, {
      "x" : 1.0,
      "y" : 1.809017,
      "z" : -0.5
    }, {
      "x" : 3.868034,
      "y" : 8.222136,
      "z" : -3.368034
    }, {
      "x" : 4.295085,
      "y" : 9.031153,
      "z" : -4.177051
    }, {
      "x" : 3.986068,
      "y" : 8.031153,
      "z" : -3.677051
    }, {
      "x" : 3.486068,
      "y" : 8.222136,
      "z" : -3.986068
    }, {
      "x" : 3.795085,
      "y" : 9.222136,
      "z" : -4.486068
    }, {
      "x" : 4.177051,
      "y" : 9.222136,
      "z" : -3.868034
    }, {
      "x" : 1.118034,
      "y" : 1.618034,
      "z" : -0.809017
    }, {
      "x" : 0.809017,
      "y" : 0.618034,
      "z" : -0.309017
    }, {
      "x" : 3.677051,
      "y" : 9.413119,
      "z" : -4.177051
    }, {
      "x" : 0.690983,
      "y" : 0.809017,
      "z" : 0.0
    } ],
    "faces" : [ {
      "vertices" : [ 6, 16, 14 ]
    }, {
      "vertices" : [ 6, 14, 13 ]
    }, {
      "vertices" : [ 6, 13, 9 ]
    }, {
      "vertices" : [ 6, 9, 7 ]
    }, {
      "vertices" : [ 3, 10, 9 ]
    }, {
      "vertices" : [ 3, 9, 13 ]
    }, {
      "vertices" : [ 2, 6, 7 ]
    }, {
      "vertices" : [ 2, 7, 5 ]
    }, {
      "vertices" : [ 2, 5, 10 ]
    }, {
      "vertices" : [ 2, 10, 3 ]
    }, {
      "vertices" : [ 7, 9, 8 ]
    }, {
      "vertices" : [ 7, 8, 12 ]
    }, {
      "vertices" : [ 0, 1, 2 ]
    }, {
      "vertices" : [ 0, 2, 3 ]
    }, {
      "vertices" : [ 8, 9, 10 ]
    }, {
      "vertices" : [ 8, 10, 11 ]
    }, {
      "vertices" : [ 5, 7, 12 ]
    }, {
      "vertices" : [ 5, 12, 15 ]
    }, {
      "vertices" : [ 1, 16, 6 ]
    }, {
      "vertices" : [ 1, 6, 2 ]
    }, {
      "vertices" : [ 5, 15, 11 ]
    }, {
      "vertices" : [ 5, 11, 10 ]
    }, {
      "vertices" : [ 0, 3, 13 ]
    }, {
      "vertices" : [ 0, 13, 14 ]
    } ]
  }, {
    "id" : "54a8bcc0-ed6d-4354-a66c-d4bff0dbacfe",
    "vertices" : [ {
      "x" : 0.809017,
      "y" : 0.0,
      "z" : -0.690983
    }, {
      "x" : 1.0,
      "y" : 0.309017,
      "z" : -0.19098301
    }, {
      "x" : 2.8202882,
      "y" : 0.309017,
      "z" : -0.88627124
    }, {
      "x" : 2.6293051,
      "y" : 0.0,
      "z" : -1.3862712
    }, {
      "x" : 6.2586102,
      "y" : 0.309017,
      "z" : -2.5815594
    }, {
      "x" : 1.0,
      "y" : -0.309017,
      "z" : -0.19098301
    }, {
      "x" : 2.8202882,
      "y" : -0.309017,
      "z" : -0.88627124
    }, {
      "x" : 4.438322,
      "y" : 0.309017,
      "z" : -1.8862712
    }, {
      "x" : 4.6293054,
      "y" : 0.0,
      "z" : -1.3862712
    }, {
      "x" : 7.2586102,
      "y" : 0.0,
      "z" : -2.7725425
    }, {
      "x" : 4.438322,
      "y" : -0.309017,
      "z" : -1.8862712
    }, {
      "x" : 6.4495935,
      "y" : 0.0,
      "z" : -2.0815594
    }, {
      "x" : 6.2586102,
      "y" : -0.309017,
      "z" : -2.5815594
    } ],
    "faces" : [ {
      "vertices" : [ 2, 6, 8 ]
    }, {
      "vertices" : [ 4, 12, 10 ]
    }, {
      "vertices" : [ 4, 10, 7 ]
    }, {
      "vertices" : [ 2, 8, 7 ]
    }, {
      "vertices" : [ 3, 10, 6 ]
    }, {
      "vertices" : [ 3, 7, 10 ]
    }, {
      "vertices" : [ 0, 1, 2 ]
    }, {
      "vertices" : [ 0, 2, 3 ]
    }, {
      "vertices" : [ 6, 10, 8 ]
    }, {
      "vertices" : [ 8, 10, 12 ]
    }, {
      "vertices" : [ 8, 12, 11 ]
    }, {
      "vertices" : [ 2, 7, 3 ]
    }, {
      "vertices" : [ 0, 3, 6 ]
    }, {
      "vertices" : [ 0, 6, 5 ]
    }, {
      "vertices" : [ 1, 5, 6 ]
    }, {
      "vertices" : [ 1, 6, 2 ]
    }, {
      "vertices" : [ 4, 7, 8 ]
    }, {
      "vertices" : [ 4, 8, 11 ]
    } ]
  }, {
    "id" : "858a7c67-6ce8-4253-9136-62b91371e81d",
    "vertices" : [ {
      "x" : 0.809017,
      "y" : 0.0,
      "z" : -0.690983
    }, {
      "x" : 1.0,
      "y" : 0.309017,
      "z" : -0.19098301
    }, {
      "x" : 5.063322,
      "y" : 0.309017,
      "z" : -1.743034
    }, {
      "x" : 4.8723392,
      "y" : 0.0,
      "z" : -2.243034
    }, {
      "x" : 10.7446785,
      "y" : 0.309017,
      "z" : -4.295085
    }, {
      "x" : 1.0,
      "y" : -0.309017,
      "z" : -0.19098301
    }, {
      "x" : 5.063322,
      "y" : -0.309017,
      "z" : -1.743034
    }, {
      "x" : 6.6813564,
      "y" : 0.309017,
      "z" : -2.743034
    }, {
      "x" : 6.8723392,
      "y" : 0.0,
      "z" : -2.243034
    }, {
      "x" : 11.7446785,
      "y" : 0.0,
      "z" : -4.486068
    }, {
      "x" : 6.6813564,
      "y" : -0.309017,
      "z" : -2.743034
    }, {
      "x" : 10.935661,
      "y" : 0.0,
      "z" : -3.795085
    }, {
      "x" : 10.7446785,
      "y" : -0.309017,
      "z" : -4.295085
    } ],
    "faces" : [ {
      "vertices" : [ 2, 6, 8 ]
    }, {
      "vertices" : [ 4, 12, 10 ]
    }, {
      "vertices" : [ 4, 10, 7 ]
    }, {
      "vertices" : [ 2, 8, 7 ]
    }, {
      "vertices" : [ 3, 10, 6 ]
    }, {
      "vertices" : [ 3, 7, 10 ]
    }, {
      "vertices" : [ 0, 1, 2 ]
    }, {
      "vertices" : [ 0, 2, 3 ]
    }, {
      "vertices" : [ 6, 10, 8 ]
    }, {
      "vertices" : [ 8, 10, 12 ]
    }, {
      "vertices" : [ 8, 12, 11 ]
    }, {
      "vertices" : [ 2, 7, 3 ]
    }, {
      "vertices" : [ 0, 3, 6 ]
    }, {
      "vertices" : [ 0, 6, 5 ]
    }, {
      "vertices" : [ 1, 5, 6 ]
    }, {
      "vertices" : [ 1, 6, 2 ]
    }, {
      "vertices" : [ 4, 7, 8 ]
    }, {
      "vertices" : [ 4, 8, 11 ]
    } ]
  }, {
    "id" : "1159c29c-1124-4f9d-a442-83704afd3df9",
    "vertices" : [ {
      "x" : 0.809017,
      "y" : 0.0,
      "z" : -0.690983
    }, {
      "x" : 1.0,
      "y" : 0.309017,
      "z" : -0.19098301
    }, {
      "x" : 1.434017,
      "y" : 0.309017,
      "z" : -0.35676274
    }, {
      "x" : 1.243034,
      "y" : 0.0,
      "z" : -0.85676277
    }, {
      "x" : 3.486068,
      "y" : 0.309017,
      "z" : -1.5225425
    }, {
      "x" : 1.0,
      "y" : -0.309017,
      "z" : -0.19098301
    }, {
      "x" : 1.434017,
      "y" : -0.309017,
      "z" : -0.35676274
    }, {
      "x" : 3.052051,
      "y" : 0.309017,
      "z" : -1.3567628
    }, {
      "x" : 3.243034,
      "y" : 0.0,
      "z" : -0.85676277
    }, {
      "x" : 4.486068,
      "y" : 0.0,
      "z" : -1.7135255
    }, {
      "x" : 3.052051,
      "y" : -0.309017,
      "z" : -1.3567628
    }, {
      "x" : 3.677051,
      "y" : 0.0,
      "z" : -1.0225425
    }, {
      "x" : 3.486068,
      "y" : -0.309017,
      "z" : -1.5225425
    } ],
    "faces" : [ {
      "vertices" : [ 2, 6, 8 ]
    }, {
      "vertices" : [ 4, 12, 10 ]
    }, {
      "vertices" : [ 4, 10, 7 ]
    }, {
      "vertices" : [ 2, 8, 7 ]
    }, {
      "vertices" : [ 3, 10, 6 ]
    }, {
      "vertices" : [ 3, 7, 10 ]
    }, {
      "vertices" : [ 0, 1, 2 ]
    }, {
      "vertices" : [ 0, 2, 3 ]
    }, {
      "vertices" : [ 6, 10, 8 ]
    }, {
      "vertices" : [ 8, 10, 12 ]
    }, {
      "vertices" : [ 8, 12, 11 ]
    }, {
      "vertices" : [ 2, 7, 3 ]
    }, {
      "vertices" : [ 0, 3, 6 ]
    }, {
      "vertices" : [ 0, 6, 5 ]
    }, {
      "vertices" : [ 1, 5, 6 ]
    }, {
      "vertices" : [ 1, 6, 2 ]
    }, {
      "vertices" : [ 4, 7, 8 ]
    }, {
      "vertices" : [ 4, 8, 11 ]
    } ]
  }, {
    "id" : "5d47f63c-fcbf-4c55-80d6-de6664451747",
    "vertices" : [ {
      "x" : 10.031153,
      "y" : 3.6405764,
      "z" : -1.5815595
    }, {
      "x" : 11.053696,
      "y" : 3.677051,
      "z" : -1.7135255
    }, {
      "x" : 10.031153,
      "y" : 3.6405764,
      "z" : -1.1995934
    }, {
      "x" : 9.84017,
      "y" : 3.9495935,
      "z" : -1.6995934
    }, {
      "x" : 9.84017,
      "y" : 3.9495935,
      "z" : -1.3176274
    }, {
      "x" : 0.809017,
      "y" : 0.618034,
      "z" : 0.309017
    }, {
      "x" : 1.0,
      "y" : 0.309017,
      "z" : 0.19098301
    }, {
      "x" : 1.9045085,
      "y" : 0.5364745,
      "z" : -0.013932022
    }, {
      "x" : 10.7446785,
      "y" : 4.177051,
      "z" : -1.9045085
    }, {
      "x" : 10.935661,
      "y" : 3.868034,
      "z" : -2.0225425
    }, {
      "x" : 10.935661,
      "y" : 3.868034,
      "z" : -1.4045085
    }, {
      "x" : 10.7446785,
      "y" : 4.177051,
      "z" : -1.5225425
    }, {
      "x" : 1.7135255,
      "y" : 0.8454915,
      "z" : -0.13196601
    }, {
      "x" : 0.690983,
      "y" : 0.809017,
      "z" : 0.0
    }, {
      "x" : 1.9045085,
      "y" : 0.5364745,
      "z" : -0.39589804
    }, {
      "x" : 1.7135255,
      "y" : 0.8454915,
      "z" : -0.51393205
    }, {
      "x" : 0.809017,
      "y" : 0.618034,
      "z" : -0.309017
    }, {
      "x" : 1.0,
      "y" : 0.309017,
      "z" : -0.19098301
    }, {
      "x" : 11.7446785,
      "y" : 4.486068,
      "z" : -1.7135255
    } ],
    "faces" : [ {
      "vertices" : [ 0, 14, 15 ]
    }, {
      "vertices" : [ 0, 15, 3 ]
    }, {
      "vertices" : [ 3, 15, 12 ]
    }, {
      "vertices" : [ 3, 12, 4 ]
    }, {
      "vertices" : [ 0, 1, 2 ]
    }, {
      "vertices" : [ 12, 15, 13 ]
    }, {
      "vertices" : [ 0, 9, 1 ]
    }, {
      "vertices" : [ 0, 3, 9 ]
    }, {
      "vertices" : [ 13, 15, 16 ]
    }, {
      "vertices" : [ 6, 17, 14 ]
    }, {
      "vertices" : [ 6, 14, 7 ]
    }, {
      "vertices" : [ 1, 10, 2 ]
    }, {
      "vertices" : [ 5, 6, 7 ]
    }, {
      "vertices" : [ 3, 8, 9 ]
    }, {
      "vertices" : [ 0, 2, 7 ]
    }, {
      "vertices" : [ 0, 7, 14 ]
    }, {
      "vertices" : [ 5, 7, 12 ]
    }, {
      "vertices" : [ 2, 4, 12 ]
    }, {
      "vertices" : [ 2, 12, 7 ]
    }, {
      "vertices" : [ 3, 4, 11 ]
    }, {
      "vertices" : [ 3, 11, 8 ]
    }, {
      "vertices" : [ 2, 10, 11 ]
    }, {
      "vertices" : [ 2, 11, 4 ]
    }, {
      "vertices" : [ 5, 12, 13 ]
    }, {
      "vertices" : [ 14, 17, 16 ]
    }, {
      "vertices" : [ 14, 16, 15 ]
    } ]
  } ],
  "instances" : [ {
    "shape" : "7b99cbf4-bc48-4319-bdc1-b98d5a13a2f2",
    "color" : "#FFFFFF",
    "position" : {
      "x" : 14.5172205,
      "y" : 38.006577,
      "z" : 0.0
    }
  }, {
    "shape" : "7a238246-cfb1-4179-bd3d-59d69d67bdde",
    "color" : "#647100",
    "position" : {
      "x" : 33.52051,
      "y" : -19.003288,
      "z" : 19.003288
    },
    "orientation" : 16
  }, {
    "shape" : "60ad5914-4066-4b1f-a96c-9b8f6033167f",
    "color" : "#AF87FF",
    "position" : {
      "x" : 11.7446785,
      "y" : -11.7446785,
      "z" : 35.234035
    },
    "orientation" : 0
  }, {
    "shape" : "9dd5cd18-afc3-4bc7-9f38-fa361840c9aa",
    "color" : "#007695",
    "position" : {
      "x" : -19.003288,
      "y" : 42.492645,
      "z" : -4.486068
    },
    "orientation" : 2
  }, {
    "shape" : "7a238246-cfb1-4179-bd3d-59d69d67bdde",
    "color" : "#647100",
    "position" : {
      "x" : -30.747967,
      "y" : -16.230747,
      "z" : 7.2586102
    },
    "orientation" : 47
  }, {
    "shape" : "4bbacbb5-f404-4bad-ac4e-77839b337dd5",
    "color" : "#750032",
    "position" : {
      "x" : -16.230747,
      "y" : 30.747967,
      "z" : -7.2586102
    },
    "orientation" : 47
  }, {
    "shape" : "54a8bcc0-ed6d-4354-a66c-d4bff0dbacfe",
    "color" : "#F0A000",
    "position" : {
      "x" : -30.747967,
      "y" : -30.747967,
      "z" : 7.2586102
    },
    "orientation" : 9
  }, {
    "shape" : "7a238246-cfb1-4179-bd3d-59d69d67bdde",
    "color" : "#647100",
    "position" : {
      "x" : 7.2586102,
      "y" : 45.26519,
      "z" : -7.2586102
    },
    "orientation" : 44
  }, {
    "shape" : "60ad5914-4066-4b1f-a96c-9b8f6033167f",
    "color" : "#AF87FF",
    "position" : {
      "x" : -38.006577,
      "y" : 0.0,
      "z" : -14.5172205
    },
    "orientation" : 22
  }, {
    "shape" : "858a7c67-6ce8-4253-9136-62b91371e81d",
    "color" : "#F0A000",
    "position" : {
      "x" : 23.489357,
      "y" : 0.0,
      "z" : 38.006577
    },
    "orientation" : 3
  }, {
    "shape" : "7a238246-cfb1-4179-bd3d-59d69d67bdde",
    "color" : "#647100",
    "position" : {
      "x" : -30.747967,
      "y" : -16.230747,
      "z" : 30.747967
    },
    "orientation" : 2
  }, {
    "shape" : "7a238246-cfb1-4179-bd3d-59d69d67bdde",
    "color" : "#647100",
    "position" : {
      "x" : -30.747967,
      "y" : -30.747967,
      "z" : 16.230747
    },
    "orientation" : 45
  }, {
    "shape" : "7a238246-cfb1-4179-bd3d-59d69d67bdde",
    "color" : "#647100",
    "position" : {
      "x" : 11.7446785,
      "y" : -35.234035,
      "z" : 11.7446785
    },
    "orientation" : 2
  }, {
    "shape" : "7b99cbf4-bc48-4319-bdc1-b98d5a13a2f2",
    "color" : "#FFFFFF",
    "position" : {
      "x" : -19.003288,
      "y" : 4.486068,
      "z" : 42.492645
    }
  }, {
    "shape" : "60ad5914-4066-4b1f-a96c-9b8f6033167f",
    "color" : "#AF87FF",
    "position" : {
      "x" : 35.234035,
      "y" : -11.7446785,
      "z" : 11.7446785
    },
    "orientation" : 16
  }, {
    "shape" : "7a238246-cfb1-4179-bd3d-59d69d67bdde",
    "color" : "#647100",
    "position" : {
      "x" : 0.0,
      "y" : 14.5172205,
      "z" : -23.489357
    },
    "orientation" : 47
  }, {
    "shape" : "7b99cbf4-bc48-4319-bdc1-b98d5a13a2f2",
    "color" : "#FFFFFF",
    "position" : {
      "x" : -26.2619,
      "y" : 26.2619,
      "z" : -11.7446785
    }
  }, {
    "shape" : "7b99cbf4-bc48-4319-bdc1-b98d5a13a2f2",
    "color" : "#FFFFFF",
    "position" : {
      "x" : 0.0,
      "y" : 38.006577,
      "z" : 23.489357
    }
  }, {
    "shape" : "7b99cbf4-bc48-4319-bdc1-b98d5a13a2f2",
    "color" : "#FFFFFF",
    "position" : {
      "x" : -38.006577,
      "y" : 0.0,
      "z" : 14.5172205
    }
  }, {
    "shape" : "7b99cbf4-bc48-4319-bdc1-b98d5a13a2f2",
    "color" : "#FFFFFF",
    "position" : {
      "x" : 26.2619,
      "y" : -35.234035,
      "z" : 11.7446785
    }
  }, {
    "shape" : "60ad5914-4066-4b1f-a96c-9b8f6033167f",
    "color" : "#AF87FF",
    "position" : {
      "x" : -7.2586102,
      "y" : 7.2586102,
      "z" : -45.26519
    },
    "orientation" : 32
  }, {
    "shape" : "60ad5914-4066-4b1f-a96c-9b8f6033167f",
    "color" : "#AF87FF",
    "position" : {
      "x" : 42.492645,
      "y" : -4.486068,
      "z" : 19.003288
    },
    "orientation" : 16
  }, {
    "shape" : "54a8bcc0-ed6d-4354-a66c-d4bff0dbacfe",
    "color" : "#F0A000",
    "position" : {
      "x" : 42.492645,
      "y" : -4.486068,
      "z" : -19.003288
    },
    "orientation" : 54
  }, {
    "shape" : "7b99cbf4-bc48-4319-bdc1-b98d5a13a2f2",
    "color" : "#FFFFFF",
    "position" : {
      "x" : -30.747967,
      "y" : 7.2586102,
      "z" : -30.747967
    }
  }, {
    "shape" : "4bbacbb5-f404-4bad-ac4e-77839b337dd5",
    "color" : "#750032",
    "position" : {
      "x" : -42.492645,
      "y" : 19.003288,
      "z" : -4.486068
    },
    "orientation" : 46
  }, {
    "shape" : "7b99cbf4-bc48-4319-bdc1-b98d5a13a2f2",
    "color" : "#FFFFFF",
    "position" : {
      "x" : 11.7446785,
      "y" : 26.2619,
      "z" : -35.234035
    }
  }, {
    "shape" : "4bbacbb5-f404-4bad-ac4e-77839b337dd5",
    "color" : "#750032",
    "position" : {
      "x" : 30.747967,
      "y" : 16.230747,
      "z" : -30.747967
    },
    "orientation" : 45
  }, {
    "shape" : "54a8bcc0-ed6d-4354-a66c-d4bff0dbacfe",
    "color" : "#F0A000",
    "position" : {
      "x" : -42.492645,
      "y" : -4.486068,
      "z" : 19.003288
    },
    "orientation" : 9
  }, {
    "shape" : "7b99cbf4-bc48-4319-bdc1-b98d5a13a2f2",
    "color" : "#FFFFFF",
    "position" : {
      "x" : 0.0,
      "y" : -38.006577,
      "z" : -23.489357
    }
  }, {
    "shape" : "7b99cbf4-bc48-4319-bdc1-b98d5a13a2f2",
    "color" : "#FFFFFF",
    "position" : {
      "x" : 0.0,
      "y" : 23.489357,
      "z" : -38.006577
    }
  }, {
    "shape" : "858a7c67-6ce8-4253-9136-62b91371e81d",
    "color" : "#F0A000",
    "position" : {
      "x" : 7.2586102,
      "y" : -7.2586102,
      "z" : -7.2586102
    },
    "orientation" : 4
  }, {
    "shape" : "9dd5cd18-afc3-4bc7-9f38-fa361840c9aa",
    "color" : "#007695",
    "position" : {
      "x" : -38.006577,
      "y" : 0.0,
      "z" : -23.489357
    },
    "orientation" : 2
  }, {
    "shape" : "60ad5914-4066-4b1f-a96c-9b8f6033167f",
    "color" : "#AF87FF",
    "position" : {
      "x" : 11.7446785,
      "y" : -35.234035,
      "z" : 11.7446785
    },
    "orientation" : 32
  }, {
