{
  "field" : "golden",
  "symmetry" : "icosahedral",
  "orientations" : [ [ 1.0, 0.0, 0.0, 0.0, 0.0, 1.0, 0.0, 0.0, 0.0, 0.0, 1.0, 0.0, 0.0, 0.0, 0.0, 1.0 ], [ 0.0, 0.0, 1.0, 0.0, 1.0, 0.0, 0.0, 0.0, 0.0, 1.0, 0.0, 0.0, 0.0, 0.0, 0.0, 1.0 ], [ 0.0, 1.0, 0.0, 0.0, 0.0, 0.0, 1.0, 0.0, 1.0, 0.0, 0.0, 0.0, 0.0, 0.0, 0.0, 1.0 ], [ 0.809017, 0.309017, 0.5, 0.0, 0.309017, 0.5, -0.809017, 0.0, -0.5, 0.809017, 0.309017, 0.0, 0.0, 0.0, 0.0, 1.0 ], [ -0.5, 0.809017, 0.309017, 0.0, 0.809017, 0.309017, 0.5, 0.0, 0.309017, 0.5, -0.809017, 0.0, 0.0, 0.0, 0.0, 1.0 ], [ 0.309017, 0.5, -0.809017, 0.0, -0.5, 0.809017, 0.309017, 0.0, 0.809017, 0.309017, 0.5, 0.0, 0.0, 0.0, 0.0, 1.0 ], [ 0.5, 0.809017, 0.309017, 0.0, 0.809017, -0.309017, -0.5, 0.0, -0.309017, 0.5, -0.809017, 0.0, 0.0, 0.0, 0.0, 1.0 ], [ -0.309017, 0.5, -0.809017, 0.0, 0.5, 0.809017, 0.309017, 0.0, 0.809017, -0.309017, -0.5, 0.0, 0.0, 0.0, 0.0, 1.0 ], [ 0.809017, -0.309017, -0.5, 0.0, -0.309017, 0.5, -0.809017, 0.0, 0.5, 0.809017, 0.309017, 0.0, 0.0, 0.0, 0.0, 1.0 ], [ 0.5, 0.809017, -0.309017, 0.0, 0.809017, -0.309017, 0.5, 0.0, 0.309017, -0.5, -0.809017, 0.0, 0.0, 0.0, 0.0, 1.0 ], [ 0.309017, -0.5, -0.809017, 0.0, 0.5, 0.809017, -0.309017, 0.0, 0.809017, -0.309017, 0.5, 0.0, 0.0, 0.0, 0.0, 1.0 ], [ 0.809017, -0.309017, 0.5, 0.0, 0.309017, -0.5, -0.809017, 0.0, 0.5, 0.809017, -0.309017, 0.0, 0.0, 0.0, 0.0, 1.0 ], [ 0.809017, 0.309017, -0.5, 0.0, 0.309017, 0.5, 0.809017, 0.0, 0.5, -0.809017, 0.309017, 0.0, 0.0, 0.0, 0.0, 1.0 ], [ 0.5, -0.809017, 0.309017, 0.0, 0.809017, 0.309017, -0.5, 0.0, 0.309017, 0.5, 0.809017, 0.0, 0.0, 0.0, 0.0, 1.0 ], [ 0.309017, 0.5, 0.809017, 0.0, 0.5, -0.809017, 0.309017, 0.0, 0.809017, 0.309017, -0.5, 0.0, 0.0, 0.0, 0.0, 1.0 ], [ 1.0, 0.0, 0.0, 0.0, 0.0, -1.0, 0.0, 0.0, 0.0, 0.0, -1.0, 0.0, 0.0, 0.0, 0.0, 1.0 ], [ 0.0, 0.0, 1.0, 0.0, -1.0, 0.0, 0.0, 0.0, 0.0, -1.0, 0.0, 0.0, 0.0, 0.0, 0.0, 1.0 ], [ 0.0, 1.0, 0.0, 0.0, 0.0, 0.0, -1.0, 0.0, -1.0, 0.0, 0.0, 0.0, 0.0, 0.0, 0.0, 1.0 ], [ 0.809017, 0.309017, 0.5, 0.0, -0.309017, -0.5, 0.809017, 0.0, 0.5, -0.809017, -0.309017, 0.0, 0.0, 0.0, 0.0, 1.0 ], [ -0.5, 0.809017, 0.309017, 0.0, -0.809017, -0.309017, -0.5, 0.0, -0.309017, -0.5, 0.809017, 0.0, 0.0, 0.0, 0.0, 1.0 ], [ 0.309017, 0.5, -0.809017, 0.0, 0.5, -0.809017, -0.309017, 0.0, -0.809017, -0.309017, -0.5, 0.0, 0.0, 0.0, 0.0, 1.0 ], [ 0.5, 0.809017, 0.309017, 0.0, -0.809017, 0.309017, 0.5, 0.0, 0.309017, -0.5, 0.809017, 0.0, 0.0, 0.0, 0.0, 1.0 ], [ -0.309017, 0.5, -0.809017, 0.0, -0.5, -0.809017, -0.309017, 0.0, -0.809017, 0.309017, 0.5, 0.0, 0.0, 0.0, 0.0, 1.0 ], [ 0.809017, -0.309017, -0.5, 0.0, 0.309017, -0.5, 0.809017, 0.0, -0.5, -0.809017, -0.309017, 0.0, 0.0, 0.0, 0.0, 1.0 ], [ 0.5, 0.809017, -0.309017, 0.0, -0.809017, 0.309017, -0.5, 0.0, -0.309017, 0.5, 0.809017, 0.0, 0.0, 0.0, 0.0, 1.0 ], [ 0.309017, -0.5, -0.809017, 0.0, -0.5, -0.809017, 0.309017, 0.0, -0.809017, 0.309017, -0.5, 0.0, 0.0, 0.0, 0.0, 1.0 ], [ 0.809017, -0.309017, 0.5, 0.0, -0.309017, 0.5, 0.809017, 0.0, -0.5, -0.809017, 0.309017, 0.0, 0.0, 0.0, 0.0, 1.0 ], [ 0.809017, 0.309017, -0.5, 0.0, -0.309017, -0.5, -0.809017, 0.0, -0.5, 0.809017, -0.309017, 0.0, 0.0, 0.0, 0.0, 1.0 ], [ 0.5, -0.809017, 0.309017, 0.0, -0.809017, -0.309017, 0.5, 0.0, -0.309017, -0.5, -0.809017, 0.0, 0.0, 0.0, 0.0, 1.0 ], [ 0.309017, 0.5, 0.809017, 0.0, -0.5, 0.809017, -0.309017, 0.0, -0.809017, -0.309017, 0.5, 0.0, 0.0, 0.0, 0.0, 1.0 ], [ -1.0, 0.0, 0.0, 0.0, 0.0, -1.0, 0.0, 0.0, 0.0, 0.0, 1.0, 0.0, 0.0, 0.0, 0.0, 1.0 ], [ 0.0, 0.0, -1.0, 0.0, -1.0, 0.0, 0.0, 0.0, 0.0, 1.0, 0.0, 0.0, 0.0, 0.0, 0.0, 1.0 ], [ 0.0, -1.0, 0.0, 0.0, 0.0, 0.0, -1.0, 0.0, 1.0, 0.0, 0.0, 0.0, 0.0, 0.0, 0.0, 1.0 ], [ -0.809017, -0.309017, -0.5, 0.0, -0.309017, -0.5, 0.809017, 0.0, -0.5, 0.809017, 0.309017, 0.0, 0.0, 0.0, 0.0, 1.0 ], [ 0.5, -0.809017, -0.309017, 0.0, -0.809017, -0.309017, -0.5, 0.0, 0.309017, 0.5, -0.809017, 0.0, 0.0, 0.0, 0.0, 1.0 ], [ -0.309017, -0.5, 0.809017, 0.0, 0.5, -0.809017, -0.309017, 0.0, 0.809017, 0.309017, 0.5, 0.0, 0.0, 0.0, 0.0, 1.0 ], [ -0.5, -0.809017, -0.309017, 0.0, -0.809017, 0.309017, 0.5, 0.0, -0.309017, 0.5, -0.809017, 0.0, 0.0, 0.0, 0.0, 1.0 ], [ 0.309017, -0.5, 0.809017, 0.0, -0.5, -0.809017, -0.309017, 0.0, 0.809017, -0.309017, -0.5, 0.0, 0.0, 0.0, 0.0, 1.0 ], [ -0.809017, 0.309017, 0.5, 0.0, 0.309017, -0.5, 0.809017, 0.0, 0.5, 0.809017, 0.309017, 0.0, 0.0, 0.0, 0.0, 1.0 ], [ -0.5, -0.809017, 0.309017, 0.0, -0.809017, 0.309017, -0.5, 0.0, 0.309017, -0.5, -0.809017, 0.0, 0.0, 0.0, 0.0, 1.0 ], [ -0.309017, 0.5, 0.809017, 0.0, -0.5, -0.809017, 0.309017, 0.0, 0.809017, -0.309017, 0.5, 0.0, 0.0, 0.0, 0.0, 1.0 ], [ -0.809017, 0.309017, -0.5, 0.0, -0.309017, 0.5, 0.809017, 0.0, 0.5, 0.809017, -0.309017, 0.0, 0.0, 0.0, 0.0, 1.0 ], [ -0.809017, -0.309017, 0.5, 0.0, -0.309017, -0.5, -0.809017, 0.0, 0.5, -0.809017, 0.309017, 0.0, 0.0, 0.0, 0.0, 1.0 ], [ -0.5, 0.809017, -0.309017, 0.0, -0.809017, -0.309017, 0.5, 0.0, 0.309017, 0.5, 0.809017, 0.0, 0.0, 0.0, 0.0, 1.0 ], [ -0.309017, -0.5, -0.809017, 0.0, -0.5, 0.809017, -0.309017, 0.0, 0.809017, 0.309017, -0.5, 0.0, 0.0, 0.0, 0.0, 1.0 ], [ -1.0, 0.0, 0.0, 0.0, 0.0, 1.0, 0.0, 0.0, 0.0, 0.0, -1.0, 0.0, 0.0, 0.0, 0.0, 1.0 ], [ 0.0, 0.0, -1.0, 0.0, 1.0, 0.0, 0.0, 0.0, 0.0, -1.0, 0.0, 0.0, 0.0, 0.0, 0.0, 1.0 ], [ 0.0, -1.0, 0.0, 0.0, 0.0, 0.0, 1.0, 0.0, -1.0, 0.0, 0.0, 0.0, 0.0, 0.0, 0.0, 1.0 ], [ -0.809017, -0.309017, -0.5, 0.0, 0.309017, 0.5, -0.809017, 0.0, 0.5, -0.809017, -0.309017, 0.0, 0.0, 0.0, 0.0, 1.0 ], [ 0.5, -0.809017, -0.309017, 0.0, 0.809017, 0.309017, 0.5, 0.0, -0.309017, -0.5, 0.809017, 0.0, 0.0, 0.0, 0.0, 1.0 ], [ -0.309017, -0.5, 0.809017, 0.0, -0.5, 0.809017, 0.309017, 0.0, -0.809017, -0.309017, -0.5, 0.0, 0.0, 0.0, 0.0, 1.0 ], [ -0.5, -0.809017, -0.309017, 0.0, 0.809017, -0.309017, -0.5, 0.0, 0.309017, -0.5, 0.809017, 0.0, 0.0, 0.0, 0.0, 1.0 ], [ 0.309017, -0.5, 0.809017, 0.0, 0.5, 0.809017, 0.309017, 0.0, -0.809017, 0.309017, 0.5, 0.0, 0.0, 0.0, 0.0, 1.0 ], [ -0.809017, 0.309017, 0.5, 0.0, -0.309017, 0.5, -0.809017, 0.0, -0.5, -0.809017, -0.309017, 0.0, 0.0, 0.0, 0.0, 1.0 ], [ -0.5, -0.809017, 0.309017, 0.0, 0.809017, -0.309017, 0.5, 0.0, -0.309017, 0.5, 0.809017, 0.0, 0.0, 0.0, 0.0, 1.0 ], [ -0.309017, 0.5, 0.809017, 0.0, 0.5, 0.809017, -0.309017, 0.0, -0.809017, 0.309017, -0.5, 0.0, 0.0, 0.0, 0.0, 1.0 ], [ -0.809017, 0.309017, -0.5, 0.0, 0.309017, -0.5, -0.809017, 0.0, -0.5, -0.809017, 0.309017, 0.0, 0.0, 0.0, 0.0, 1.0 ], [ -0.809017, -0.309017, 0.5, 0.0, 0.309017, 0.5, 0.809017, 0.0, -0.5, 0.809017, -0.309017, 0.0, 0.0, 0.0, 0.0, 1.0 ], [ -0.5, 0.809017, -0.309017, 0.0, 0.809017, 0.309017, -0.5, 0.0, -0.309017, -0.5, -0.809017, 0.0, 0.0, 0.0, 0.0, 1.0 ], [ -0.309017, -0.5, -0.809017, 0.0, 0.5, -0.809017, 0.309017, 0.0, -0.809017, -0.309017, 0.5, 0.0, 0.0, 0.0, 0.0, 1.0 ] ],
  "lights" : {
    "ambientColor" : "#292929",
    "backgroundColor" : "#AFC8DC",
    "directionalLights" : [ {
      "direction" : {
        "x" : 1.0,
        "y" : -1.0,
        "z" : -1.0
      },
      "color" : "#EBEBE4"
    }, {
      "direction" : {
        "x" : -1.0,
        "y" : 0.0,
        "z" : 0.0
      },
      "color" : "#E4E4EB"
    }, {
      "direction" : {
        "x" : 0.0,
        "y" : 0.0,
        "z" : -1.0
      },
      "color" : "#1E1E1E"
    } ]
  },
  "camera" : {
    "width" : 146.99112,
    "stereo" : false,
    "lookDirection" : {
      "x" : -0.89309055,
      "y" : -0.4463066,
      "z" : 0.056553148
    },
    "upDirection" : {
      "x" : -0.44783,
      "y" : 0.8700028,
      "z" : -0.20626383
    },
    "lookAtPoint" : {
      "x" : 122.99187,
      "y" : 46.978714,
      "z" : 46.59675
    },
    "viewDistance" : 326.64676,
    "nearClipDistance" : 0.81661636,
    "farClipDistance" : 653.2933,
    "fieldOfView" : 0.4426291,
    "perspective" : true,
    "position" : {
      "x" : 414.71698,
      "y" : 192.76332,
      "z" : 28.123846
    }
  },
  "embedding" : [ 1.0, 0.0, 0.0, 0.0, 0.0, 1.0, 0.0, 0.0, 0.0, 0.0, 1.0, 0.0, 0.0, 0.0, 0.0, 1.0 ],
  "shapes" : [ {
    "id" : "7e2606c2-fff6-4b89-a8d2-3352dd70f836",
    "vertices" : [ {
      "x" : 223.8034,
      "y" : 87.103325,
      "z" : 46.59675
    }, {
      "x" : 223.8034,
      "y" : 87.103325,
      "z" : 55.068882
    }, {
      "x" : 224.90128,
      "y" : 85.326935,
      "z" : 53.0238
    }, {
      "x" : 224.97421,
      "y" : 85.2089,
      "z" : 52.59675
    }, {
      "x" : 224.97421,
      "y" : 85.2089,
      "z" : 49.068882
    }, {
      "x" : 224.90128,
      "y" : 85.326935,
      "z" : 48.641834
    } ],
    "faces" : [ {
      "vertices" : [ 0, 1, 2 ]
    }, {
      "vertices" : [ 0, 2, 3 ]
    }, {
      "vertices" : [ 0, 3, 4 ]
    }, {
      "vertices" : [ 0, 4, 5 ]
    }, {
      "vertices" : [ 0, 5, 4 ]
    }, {
      "vertices" : [ 0, 4, 3 ]
    }, {
      "vertices" : [ 0, 3, 2 ]
    }, {
      "vertices" : [ 0, 2, 1 ]
    } ]
  }, {
    "id" : "9bca787b-f8eb-4438-9e61-1050ba6d4b4f",
    "vertices" : [ {
      "x" : 229.13734,
      "y" : 78.47283,
      "z" : 0.42705098
    }, {
      "x" : 229.21028,
      "y" : 78.3548,
      "z" : 0.0
    }, {
      "x" : 235.06439,
      "y" : 81.97283,
      "z" : 0.0
    }, {
      "x" : 234.99144,
      "y" : 82.090866,
      "z" : 0.42705098
    } ],
    "faces" : [ {
      "vertices" : [ 0, 1, 2 ]
    }, {
      "vertices" : [ 0, 2, 3 ]
    }, {
      "vertices" : [ 0, 3, 2 ]
    }, {
      "vertices" : [ 0, 2, 1 ]
    } ]
  }, {
    "id" : "9c7cc351-7d66-4a6f-9add-e365c9cf3253",
    "vertices" : [ {
      "x" : 20.818537,
      "y" : 9.057547,
      "z" : 36.77051
    }, {
      "x" : 20.582468,
      "y" : 9.439512,
      "z" : 36.77051
    }, {
      "x" : 14.728367,
      "y" : 5.8214784,
      "z" : 36.77051
    }, {
      "x" : 14.964435,
      "y" : 5.4395123,
      "z" : 36.77051
    } ],
    "faces" : [ {
      "vertices" : [ 0, 1, 2 ]
    }, {
      "vertices" : [ 0, 2, 3 ]
    }, {
      "vertices" : [ 0, 3, 2 ]
    }, {
      "vertices" : [ 0, 2, 1 ]
    } ]
  }, {
    "id" : "8c5ee769-af9f-4fb5-8d0a-e06ce680119d",
    "vertices" : [ {
      "x" : 233.03946,
      "y" : 88.95743,
      "z" : 47.45085
    }, {
      "x" : 232.27553,
      "y" : 89.72136,
      "z" : 48.214783
    }, {
      "x" : 234.27553,
      "y" : 90.33939,
      "z" : 48.59675
    } ],
    "faces" : [ {
      "vertices" : [ 0, 1, 2 ]
    }, {
      "vertices" : [ 0, 2, 1 ]
    } ]
  }, {
    "id" : "7543a6ca-43b1-44fe-8f7f-45d9e112812f",
    "vertices" : [ {
      "x" : 225.1652,
      "y" : 84.89988,
      "z" : 87.603325
    }, {
      "x" : 225.40128,
      "y" : 84.517914,
      "z" : 87.603325
    }, {
      "x" : 231.25537,
      "y" : 88.13595,
      "z" : 87.603325
    }, {
      "x" : 231.0193,
      "y" : 88.517914,
      "z" : 87.603325
    } ],
    "faces" : [ {
      "vertices" : [ 0, 1, 2 ]
    }, {
      "vertices" : [ 0, 2, 3 ]
    }, {
      "vertices" : [ 0, 3, 2 ]
    }, {
      "vertices" : [ 0, 2, 1 ]
    } ]
  }, {
    "id" : "4cd66a2c-b05e-4c5b-8118-3d17766e0c7a",
    "vertices" : [ {
      "x" : 17.944271,
      "y" : 13.708204,
      "z" : 40.742645
    }, {
      "x" : 18.200502,
      "y" : 13.293614,
      "z" : 37.86068
    }, {
      "x" : 18.391485,
      "y" : 12.984597,
      "z" : 38.12461
    } ],
    "faces" : [ {
      "vertices" : [ 0, 1, 2 ]
    }, {
      "vertices" : [ 0, 2, 1 ]
    } ]
  }, {
    "id" : "3461bfaf-92bd-43de-b0a3-93b799275e1d",
    "vertices" : [ {
      "x" : 15.326238,
      "y" : 17.944271,
      "z" : 0.0
    }, {
      "x" : 17.944271,
      "y" : 13.708204,
      "z" : 6.854102
    }, {
      "x" : 35.888542,
      "y" : 20.562305,
      "z" : 4.236068
    } ],
    "faces" : [ {
      "vertices" : [ 0, 1, 2 ]
    }, {
      "vertices" : [ 0, 2, 1 ]
    } ]
  }, {
    "id" : "be39e8a3-45ef-4db3-af61-480962e8c02c",
    "vertices" : [ {
      "x" : 13.708204,
      "y" : 3.763932,
      "z" : 86.103325
    }, {
      "x" : 13.708204,
      "y" : 4.236068,
      "z" : 87.33939
    }, {
      "x" : 11.708204,
      "y" : 3.618034,
      "z" : 86.95743
    } ],
    "faces" : [ {
      "vertices" : [ 0, 1, 2 ]
    }, {
      "vertices" : [ 0, 2, 1 ]
    } ]
  }, {
    "id" : "8f1bd01f-1e49-4472-a6c4-7e462bc88ef1",
    "vertices" : [ {
      "x" : 230.6575,
      "y" : 76.01315,
      "z" : 33.888542
    }, {
      "x" : 228.03946,
      "y" : 80.24922,
      "z" : 40.742645
    }, {
      "x" : 210.0952,
      "y" : 73.39512,
      "z" : 38.12461
    } ],
    "faces" : [ {
      "vertices" : [ 0, 1, 2 ]
    }, {
      "vertices" : [ 0, 2, 1 ]
    } ]
  }, {
    "id" : "1868e3d2-61be-4ddd-b223-749f5df60bfb",
    "vertices" : [ {
      "x" : 231.0193,
      "y" : 88.517914,
      "z" : 19.826239
    }, {
      "x" : 231.25537,
      "y" : 88.13595,
      "z" : 19.826239
    }, {
      "x" : 232.27553,
      "y" : 89.72136,
      "z" : 19.562305
    } ],
    "faces" : [ {
      "vertices" : [ 0, 1, 2 ]
    }, {
      "vertices" : [ 0, 2, 1 ]
    } ]
  }, {
    "id" : "4dcec668-fee4-41c7-beed-2df575c1547a",
    "vertices" : [ {
      "x" : 232.27553,
      "y" : 89.72136,
      "z" : 65.15905
    }, {
      "x" : 230.82832,
      "y" : 88.826935,
      "z" : 66.01315
    }, {
      "x" : 230.82832,
      "y" : 88.826935,
      "z" : 69.54102
    }, {
      "x" : 231.6575,
      "y" : 89.33939,
      "z" : 69.15905
    }, {
      "x" : 232.27553,
      "y" : 89.72136,
      "z" : 67.92299
    } ],
    "faces" : [ {
      "vertices" : [ 0, 1, 2 ]
    }, {
      "vertices" : [ 0, 2, 3 ]
    }, {
      "vertices" : [ 0, 3, 4 ]
    }, {
      "vertices" : [ 0, 4, 3 ]
    }, {
      "vertices" : [ 0, 3, 2 ]
    }, {
      "vertices" : [ 0, 2, 1 ]
    } ]
  }, {
    "id" : "8bc67437-033e-4c9f-b61b-1b35620da3c4",
    "vertices" : [ {
      "x" : 15.155417,
      "y" : 5.130495,
      "z" : 52.59675
    }, {
      "x" : 13.708204,
      "y" : 4.236068,
      "z" : 53.45085
    }, {
      "x" : 14.326238,
      "y" : 4.618034,
      "z" : 52.214783
    } ],
    "faces" : [ {
      "vertices" : [ 0, 1, 2 ]
    }, {
      "vertices" : [ 0, 2, 1 ]
    } ]
  }, {
    "id" : "f5af1dee-61d5-4207-9fae-59041e5b77ac",
    "vertices" : [ {
      "x" : 4.854102,
      "y" : 1.0,
      "z" : 31.652475
    }, {
      "x" : 7.472136,
      "y" : 2.0,
      "z" : 36.12461
    }, {
      "x" : 7.472136,
      "y" : 2.0,
      "z" : 48.59675
    }, {
      "x" : 4.854102,
      "y" : 1.0,
      "z" : 48.59675
    } ],
    "faces" : [ {
      "vertices" : [ 0, 1, 2 ]
    }, {
      "vertices" : [ 0, 2, 3 ]
    }, {
      "vertices" : [ 0, 3, 2 ]
    }, {
      "vertices" : [ 0, 2, 1 ]
    } ]
  }, {
    "id" : "877ef471-c3c0-4089-ac71-2f0e3a47d081",
    "vertices" : [ {
      "x" : 230.75537,
      "y" : 88.94497,
      "z" : 82.53038
    }, {
      "x" : 230.82832,
      "y" : 88.826935,
      "z" : 82.95743
    }, {
      "x" : 232.27553,
      "y" : 89.72136,
      "z" : 82.103325
    } ],
    "faces" : [ {
      "vertices" : [ 0, 1, 2 ]
    }, {
      "vertices" : [ 0, 2, 1 ]
    } ]
  }, {
    "id" : "43e288e0-518f-4c02-87e3-30675da79e3c",
    "vertices" : [ {
      "x" : 18.200502,
      "y" : 13.293614,
      "z" : 54.80495
    }, {
      "x" : 18.127554,
      "y" : 13.411648,
      "z" : 54.3779
    }, {
      "x" : 12.273452,
      "y" : 9.793614,
      "z" : 54.3779
    }, {
      "x" : 12.3464,
      "y" : 9.67558,
      "z" : 54.80495
    } ],
    "faces" : [ {
      "vertices" : [ 0, 1, 2 ]
    }, {
      "vertices" : [ 0, 2, 3 ]
    }, {
      "vertices" : [ 0, 3, 2 ]
    }, {
      "vertices" : [ 0, 2, 1 ]
    } ]
  }, {
    "id" : "3b50d18e-4f95-4228-95e2-e56d392e3117",
    "vertices" : [ {
      "x" : 17.944271,
      "y" : 13.708204,
      "z" : 74.63119
    }, {
      "x" : 22.18034,
      "y" : 6.854102,
      "z" : 72.01315
    }, {
      "x" : 35.888542,
      "y" : 6.854102,
      "z" : 72.01315
    } ],
    "faces" : [ {
      "vertices" : [ 0, 1, 2 ]
    }, {
      "vertices" : [ 0, 2, 1 ]
    } ]
  }, {
    "id" : "b889dfe5-c86d-4fbd-bae4-6c6876c46625",
    "vertices" : [ {
      "x" : 232.27553,
      "y" : 89.72136,
      "z" : 48.214783
    }, {
      "x" : 230.82832,
      "y" : 88.826935,
      "z" : 49.068882
    }, {
      "x" : 230.82832,
      "y" : 88.826935,
      "z" : 52.59675
    }, {
      "x" : 231.6575,
      "y" : 89.33939,
      "z" : 52.214783
    }, {
      "x" : 232.27553,
      "y" : 89.72136,
      "z" : 50.978714
    } ],
    "faces" : [ {
      "vertices" : [ 0, 1, 2 ]
    }, {
      "vertices" : [ 0, 2, 3 ]
    }, {
      "vertices" : [ 0, 3, 4 ]
    }, {
      "vertices" : [ 0, 4, 3 ]
    }, {
      "vertices" : [ 0, 3, 2 ]
    }, {
      "vertices" : [ 0, 2, 1 ]
    } ]
  }, {
    "id" : "01f7a315-ed68-4c1f-9826-26f184d6a581",
    "vertices" : [ {
      "x" : 240.12964,
      "y" : 89.33939,
      "z" : 1.236068
    }, {
      "x" : 238.5116,
      "y" : 91.95743,
      "z" : 2.236068
    }, {
      "x" : 234.27553,
      "y" : 90.33939,
      "z" : 2.236068
    }, {
      "x" : 235.89357,
      "y" : 87.72136,
      "z" : 1.236068
    } ],
    "faces" : [ {
      "vertices" : [ 0, 1, 2 ]
    }, {
      "vertices" : [ 0, 2, 3 ]
    }, {
      "vertices" : [ 0, 3, 2 ]
    }, {
      "vertices" : [ 0, 2, 1 ]
    } ]
  }, {
    "id" : "921cd89b-02d0-4383-8082-364e4ddce94e",
    "vertices" : [ {
      "x" : 237.89357,
      "y" : 84.48529,
      "z" : 0.0
    }, {
      "x" : 235.89357,
      "y" : 87.72136,
      "z" : 1.236068
    }, {
      "x" : 236.5116,
      "y" : 86.72136,
      "z" : 3.618034
    } ],
    "faces" : [ {
      "vertices" : [ 0, 1, 2 ]
    }, {
      "vertices" : [ 0, 2, 1 ]
    } ]
  }, {
    "id" : "e1b191d5-d78a-4d47-9ebc-51cff35cf24a",
    "vertices" : [ {
      "x" : 10.326238,
      "y" : 9.236068,
      "z" : 47.36068
    }, {
      "x" : 8.09017,
      "y" : 9.472136,
      "z" : 50.832817
    }, {
      "x" : 10.326238,
      "y" : 9.708204,
      "z" : 48.59675
    } ],
    "faces" : [ {
      "vertices" : [ 0, 1, 2 ]
    }, {
      "vertices" : [ 0, 2, 1 ]
    } ]
  }, {
    "id" : "a73e82cd-8bb0-42cc-8605-f470c06a719f",
    "vertices" : [ {
      "x" : 14.964435,
      "y" : 5.4395123,
      "z" : 36.77051
    }, {
      "x" : 14.728367,
      "y" : 5.8214784,
      "z" : 36.77051
    }, {
      "x" : 13.708204,
      "y" : 4.236068,
      "z" : 36.506577
    } ],
    "faces" : [ {
      "vertices" : [ 0, 1, 2 ]
    }, {
      "vertices" : [ 0, 2, 1 ]
    } ]
  }, {
    "id" : "a5f41430-8897-4846-a1ba-29411e15b760",
    "vertices" : [ {
      "x" : 230.82832,
      "y" : 88.826935,
      "z" : 86.48529
    }, {
      "x" : 232.27553,
      "y" : 89.72136,
      "z" : 87.33939
    }, {
      "x" : 231.6575,
      "y" : 89.33939,
      "z" : 86.103325
    } ],
    "faces" : [ {
      "vertices" : [ 0, 1, 2 ]
    }, {
      "vertices" : [ 0, 2, 1 ]
    } ]
  }, {
    "id" : "54614357-b0ab-463d-b6dc-9c79f485a18c",
    "vertices" : [ {
      "x" : 235.06439,
      "y" : 81.97283,
      "z" : 0.0
    }, {
      "x" : 234.99144,
      "y" : 82.090866,
      "z" : -0.42705098
    }, {
      "x" : 236.5116,
      "y" : 82.867256,
      "z" : 0.0
    } ],
    "faces" : [ {
      "vertices" : [ 0, 1, 2 ]
    }, {
      "vertices" : [ 0, 2, 1 ]
    } ]
  }, {
    "id" : "8b8554c0-dac9-453a-abfe-9a46d1b16d60",
    "vertices" : [ {
      "x" : 12.944272,
      "y" : 5.0,
      "z" : 13.562305
    }, {
      "x" : 13.708204,
      "y" : 4.236068,
      "z" : 14.326238
    }, {
      "x" : 11.708204,
      "y" : 3.618034,
      "z" : 14.708204
    } ],
    "faces" : [ {
      "vertices" : [ 0, 1, 2 ]
    }, {
      "vertices" : [ 0, 2, 1 ]
    } ]
  }, {
    "id" : "087fc5ef-3e7b-4294-82c0-feb4b9cf7901",
    "vertices" : [ {
      "x" : 210.0952,
      "y" : 73.39512,
      "z" : 38.12461
    }, {
      "x" : 210.0952,
      "y" : 87.103325,
      "z" : 38.12461
    }, {
      "x" : 35.888542,
      "y" : 20.562305,
      "z" : 38.12461
    }, {
      "x" : 35.888542,
      "y" : 6.854102,
      "z" : 38.12461
    } ],
    "faces" : [ {
      "vertices" : [ 0, 1, 2 ]
    }, {
      "vertices" : [ 0, 2, 3 ]
    }, {
      "vertices" : [ 0, 3, 2 ]
    }, {
      "vertices" : [ 0, 2, 1 ]
    } ]
  }, {
    "id" : "8dca62b4-8a15-482b-99ed-032c26f6d9c6",
    "vertices" : [ {
      "x" : 224.90128,
      "y" : 85.326935,
      "z" : -2.190983
    }, {
      "x" : 224.97421,
      "y" : 85.2089,
      "z" : -1.763932
    }, {
      "x" : 230.82832,
      "y" : 88.826935,
      "z" : -1.763932
    }, {
      "x" : 230.75537,
      "y" : 88.94497,
      "z" : -2.190983
    } ],
    "faces" : [ {
      "vertices" : [ 0, 1, 2 ]
    }, {
      "vertices" : [ 0, 2, 3 ]
    }, {
      "vertices" : [ 0, 3, 2 ]
    }, {
      "vertices" : [ 0, 2, 1 ]
    } ]
  }, {
    "id" : "322b7596-92ba-44d2-b407-6da37889664e",
    "vertices" : [ {
      "x" : 5.854102,
      "y" : 4.618034,
      "z" : 1.236068
    }, {
      "x" : 7.472136,
      "y" : 2.0,
      "z" : 2.236068
    }, {
      "x" : 11.708204,
      "y" : 3.618034,
      "z" : 2.236068
    }, {
      "x" : 10.09017,
      "y" : 6.236068,
      "z" : 1.236068
    } ],
    "faces" : [ {
      "vertices" : [ 0, 1, 2 ]
    }, {
      "vertices" : [ 0, 2, 3 ]
    }, {
      "vertices" : [ 0, 3, 2 ]
    }, {
      "vertices" : [ 0, 2, 1 ]
    } ]
  }, {
    "id" : "231809fd-4142-4cd8-83d6-8ad2c04e171b",
    "vertices" : [ {
      "x" : 231.6575,
      "y" : 89.33939,
      "z" : 69.15905
    }, {
      "x" : 232.27553,
      "y" : 89.72136,
      "z" : 70.39512
    }, {
      "x" : 232.27553,
      "y" : 90.1935,
      "z" : 69.15905
    } ],
    "faces" : [ {
      "vertices" : [ 0, 1, 2 ]
    }, {
      "vertices" : [ 0, 2, 1 ]
    } ]
  }, {
    "id" : "9b34287f-aa49-49cd-908d-5a857cc4ced2",
    "vertices" : [ {
      "x" : 18.391485,
      "y" : 12.984597,
      "z" : 38.12461
    }, {
      "x" : 18.200502,
      "y" : 13.293614,
      "z" : 37.86068
    }, {
      "x" : 12.3464,
      "y" : 9.67558,
      "z" : 37.86068
    }, {
      "x" : 12.537383,
      "y" : 9.366563,
      "z" : 38.12461
    } ],
    "faces" : [ {
      "vertices" : [ 0, 1, 2 ]
    }, {
      "vertices" : [ 0, 2, 3 ]
    }, {
      "vertices" : [ 0, 3, 2 ]
    }, {
      "vertices" : [ 0, 2, 1 ]
    } ]
  }, {
    "id" : "9eeb1149-f67b-427c-b85f-74ccf6b1527f",
    "vertices" : [ {
      "x" : 13.708204,
      "y" : 3.763932,
      "z" : 1.381966
    }, {
      "x" : 13.708204,
      "y" : 4.236068,
      "z" : 2.618034
    }, {
      "x" : 11.708204,
      "y" : 3.618034,
      "z" : 2.236068
    } ],
    "faces" : [ {
      "vertices" : [ 0, 1, 2 ]
    }, {
      "vertices" : [ 0, 2, 1 ]
    } ]
  }, {
    "id" : "f3497bfb-ddb5-463c-9f16-024d00dfd0e9",
    "vertices" : [ {
      "x" : 238.5116,
      "y" : 91.95743,
      "z" : 36.12461
    }, {
      "x" : 240.12964,
      "y" : 89.33939,
      "z" : 35.12461
    }, {
      "x" : 240.12964,
      "y" : 89.33939,
      "z" : 49.59675
    }, {
      "x" : 238.5116,
      "y" : 91.95743,
      "z" : 48.59675
    } ],
    "faces" : [ {
      "vertices" : [ 0, 1, 2 ]
    }, {
      "vertices" : [ 0, 2, 3 ]
    }, {
      "vertices" : [ 0, 3, 2 ]
    }, {
      "vertices" : [ 0, 2, 1 ]
    } ]
  }, {
    "id" : "15c9c2bb-123e-452d-baf3-6ace5db3876e",
    "vertices" : [ {
      "x" : 233.03946,
      "y" : 88.95743,
      "z" : 81.33939
    }, {
      "x" : 233.5116,
      "y" : 87.72136,
      "z" : 81.33939
    }, {
      "x" : 232.27553,
      "y" : 88.33939,
      "z" : 81.72136
    } ],
    "faces" : [ {
      "vertices" : [ 0, 1, 2 ]
    }, {
      "vertices" : [ 0, 2, 1 ]
    } ]
  }, {
    "id" : "90ead263-ad39-4f27-85e5-3e3ddcb194ed",
    "vertices" : [ {
      "x" : 14.728367,
      "y" : 5.8214784,
      "z" : 81.83939
    }, {
      "x" : 14.964435,
      "y" : 5.4395123,
      "z" : 81.83939
    }, {
      "x" : 13.708204,
      "y" : 4.236068,
      "z" : 82.103325
    } ],
    "faces" : [ {
      "vertices" : [ 0, 1, 2 ]
    }, {
      "vertices" : [ 0, 2, 1 ]
    } ]
  }, {
    "id" : "77a7d420-5c0f-4a75-aee6-e903caf7e05f",
    "vertices" : [ {
      "x" : 228.03946,
      "y" : 80.24922,
      "z" : 27.034441
    }, {
      "x" : 210.0952,
      "y" : 73.39512,
      "z" : 29.652475
    }, {
      "x" : 210.0952,
      "y" : 87.103325,
      "z" : 29.652475
    } ],
    "faces" : [ {
      "vertices" : [ 0, 1, 2 ]
    }, {
      "vertices" : [ 0, 2, 1 ]
    } ]
  }, {
    "id" : "0bbeffef-0351-4975-a1b4-84169ad34df9",
    "vertices" : [ {
      "x" : 235.6575,
      "y" : 84.72136,
      "z" : 64.304955
    }, {
      "x" : 235.6575,
      "y" : 84.24922,
      "z" : 65.54102
    }, {
      "x" : 234.6575,
      "y" : 84.48529,
      "z" : 64.54102
    } ],
    "faces" : [ {
      "vertices" : [ 0, 1, 2 ]
    }, {
      "vertices" : [ 0, 2, 1 ]
    } ]
  }, {
    "id" : "2cc40eb1-29e1-4756-9459-807c79506d84",
    "vertices" : [ {
      "x" : 210.0952,
      "y" : 87.103325,
      "z" : 88.95743
    }, {
      "x" : 210.0952,
      "y" : 73.39512,
      "z" : 88.95743
    }, {
      "x" : 228.03946,
      "y" : 80.24922,
      "z" : 91.57546
    } ],
    "faces" : [ {
      "vertices" : [ 0, 1, 2 ]
    }, {
      "vertices" : [ 0, 2, 1 ]
    } ]
  }, {
    "id" : "4487be4c-ceca-4191-8e2e-46fce0fcf1ae",
    "vertices" : [ {
      "x" : 236.5116,
      "y" : 83.33939,
      "z" : 35.12461
    }, {
      "x" : 236.5116,
      "y" : 82.867256,
      "z" : 33.888542
    }, {
      "x" : 237.89357,
      "y" : 84.48529,
      "z" : 33.888542
    } ],
    "faces" : [ {
      "vertices" : [ 0, 1, 2 ]
    }, {
      "vertices" : [ 0, 2, 1 ]
    } ]
  }, {
    "id" : "eb1cfd07-0f8d-4399-83c1-ec8a0ba52848",
    "vertices" : [ {
      "x" : 228.03946,
      "y" : 80.24922,
      "z" : 27.034441
    }, {
      "x" : 227.35619,
      "y" : 81.3548,
      "z" : 29.652475
    }, {
      "x" : 227.59225,
      "y" : 80.97283,
      "z" : 29.652475
    } ],
    "faces" : [ {
      "vertices" : [ 0, 1, 2 ]
    }, {
      "vertices" : [ 0, 2, 1 ]
    } ]
  }, {
    "id" : "278dc1a6-e40e-4250-840f-724ec2740815",
    "vertices" : [ {
      "x" : 233.6575,
      "y" : 86.103325,
      "z" : 37.742645
    }, {
      "x" : 234.89357,
      "y" : 85.48529,
      "z" : 38.12461
    }, {
      "x" : 234.42143,
      "y" : 86.72136,
      "z" : 38.12461
    } ],
    "faces" : [ {
      "vertices" : [ 0, 1, 2 ]
    }, {
      "vertices" : [ 0, 2, 1 ]
    } ]
  }, {
    "id" : "b0963914-1778-4cce-96ad-3ee413f707f3",
    "vertices" : [ {
      "x" : 223.8034,
      "y" : 87.103325,
      "z" : -4.236068
    }, {
      "x" : 210.0952,
      "y" : 87.103325,
      "z" : -4.236068
    }, {
      "x" : 210.0952,
      "y" : 87.103325,
      "z" : 4.236068
    }, {
      "x" : 223.8034,
      "y" : 87.103325,
      "z" : 4.236068
    } ],
    "faces" : [ {
      "vertices" : [ 0, 1, 2 ]
    }, {
      "vertices" : [ 0, 2, 3 ]
    }, {
      "vertices" : [ 0, 3, 2 ]
    }, {
      "vertices" : [ 0, 2, 1 ]
    } ]
  }, {
    "id" : "a1c478aa-174d-4228-acb6-3184fc120421",
    "vertices" : [ {
      "x" : 18.391485,
      "y" : 12.984597,
      "z" : 21.18034
    }, {
      "x" : 18.200502,
      "y" : 13.293614,
      "z" : 20.916409
    }, {
      "x" : 12.3464,
      "y" : 9.67558,
      "z" : 20.916409
    }, {
      "x" : 12.537383,
      "y" : 9.366563,
      "z" : 21.18034
    } ],
    "faces" : [ {
      "vertices" : [ 0, 1, 2 ]
    }, {
      "vertices" : [ 0, 2, 3 ]
    }, {
      "vertices" : [ 0, 3, 2 ]
    }, {
      "vertices" : [ 0, 2, 1 ]
    } ]
  }, {
    "id" : "e314fda8-3592-425f-8ba3-027c1fb575da",
    "vertices" : [ {
      "x" : 227.85619,
      "y" : 80.54578,
      "z" : 20.489357
    }, {
      "x" : 228.94635,
      "y" : 78.781845,
      "z" : 17.635256
    }, {
      "x" : 234.80046,
      "y" : 82.39988,
      "z" : 17.635256
    }, {
      "x" : 233.71028,
      "y" : 84.16381,
      "z" : 20.489357
    } ],
    "faces" : [ {
      "vertices" : [ 0, 1, 2 ]
    }, {
      "vertices" : [ 0, 2, 3 ]
    }, {
      "vertices" : [ 0, 3, 2 ]
    }, {
      "vertices" : [ 0, 2, 1 ]
    } ]
  }, {
    "id" : "a5038180-ad85-4148-9e85-a93b11d1c7b4",
    "vertices" : [ {
      "x" : 20.818537,
      "y" : 9.057547,
      "z" : 31.006578
    }, {
      "x" : 21.00952,
      "y" : 8.748529,
      "z" : 31.27051
    }, {
      "x" : 15.155417,
      "y" : 5.130495,
      "z" : 31.27051
    }, {
      "x" : 14.964435,
      "y" : 5.4395123,
      "z" : 31.006578
    } ],
    "faces" : [ {
      "vertices" : [ 0, 1, 2 ]
    }, {
      "vertices" : [ 0, 2, 3 ]
    }, {
      "vertices" : [ 0, 3, 2 ]
    }, {
      "vertices" : [ 0, 2, 1 ]
    } ]
  }, {
    "id" : "50f59602-3190-4cdf-95fd-fb0fd9ab66f2",
    "vertices" : [ {
      "x" : 225.1652,
      "y" : 84.89988,
      "z" : 19.826239
    }, {
      "x" : 225.40128,
      "y" : 84.517914,
      "z" : 19.826239
    }, {
      "x" : 231.25537,
      "y" : 88.13595,
      "z" : 19.826239
    }, {
      "x" : 231.0193,
      "y" : 88.517914,
      "z" : 19.826239
    } ],
    "faces" : [ {
      "vertices" : [ 0, 1, 2 ]
    }, {
      "vertices" : [ 0, 2, 3 ]
    }, {
      "vertices" : [ 0, 3, 2 ]
    }, {
      "vertices" : [ 0, 2, 1 ]
    } ]
  }, {
    "id" : "051bf155-491c-4e92-b51b-621caa8794d8",
    "vertices" : [ {
      "x" : 18.391485,
      "y" : 12.984597,
      "z" : -4.236068
    }, {
      "x" : 18.627554,
      "y" : 12.602632,
      "z" : -4.236068
    }, {
      "x" : 12.773452,
      "y" : 8.984597,
      "z" : -4.236068
    }, {
      "x" : 12.537383,
      "y" : 9.366563,
      "z" : -4.236068
    } ],
    "faces" : [ {
      "vertices" : [ 0, 1, 2 ]
    }, {
      "vertices" : [ 0, 2, 3 ]
    }, {
      "vertices" : [ 0, 3, 2 ]
    }, {
      "vertices" : [ 0, 2, 1 ]
    } ]
  }, {
    "id" : "0bfc6134-2bc3-4c01-a08f-4310824afed9",
    "vertices" : [ {
      "x" : 228.03946,
      "y" : 80.24922,
      "z" : 57.686916
    }, {
      "x" : 230.6575,
      "y" : 76.01315,
      "z" : 50.832817
    }, {
      "x" : 229.13734,
      "y" : 78.47283,
      "z" : 51.259865
    }, {
      "x" : 228.94635,
      "y" : 78.781845,
      "z" : 51.5238
    }, {
      "x" : 227.85619,
      "y" : 80.54578,
      "z" : 54.3779
    }, {
      "x" : 227.78323,
      "y" : 80.66381,
      "z" : 54.80495
    } ],
    "faces" : [ {
      "vertices" : [ 0, 1, 2 ]
    }, {
      "vertices" : [ 0, 2, 3 ]
    }, {
      "vertices" : [ 0, 3, 4 ]
    }, {
      "vertices" : [ 0, 4, 5 ]
    }, {
      "vertices" : [ 0, 5, 4 ]
    }, {
      "vertices" : [ 0, 4, 3 ]
    }, {
      "vertices" : [ 0, 3, 2 ]
    }, {
      "vertices" : [ 0, 2, 1 ]
    } ]
  }, {
    "id" : "3a7280e3-cf4c-4ee2-9b59-7edeb82b21dd",
    "vertices" : [ {
      "x" : 210.0952,
      "y" : 73.39512,
      "z" : 29.652475
    }, {
      "x" : 210.0952,
      "y" : 73.39512,
      "z" : 38.12461
    }, {
      "x" : 35.888542,
      "y" : 6.854102,
      "z" : 38.12461
    }, {
      "x" : 35.888542,
      "y" : 6.854102,
      "z" : 29.652475
    } ],
    "faces" : [ {
      "vertices" : [ 0, 1, 2 ]
    }, {
      "vertices" : [ 0, 2, 3 ]
    }, {
      "vertices" : [ 0, 3, 2 ]
    }, {
      "vertices" : [ 0, 2, 1 ]
    } ]
  }, {
    "id" : "316c9ac1-6554-428b-93de-48c81d826a68",
    "vertices" : [ {
      "x" : 230.75537,
      "y" : 88.94497,
      "z" : 31.697561
    }, {
      "x" : 230.82832,
      "y" : 88.826935,
      "z" : 32.12461
    }, {
      "x" : 232.27553,
      "y" : 89.72136,
      "z" : 31.27051
    } ],
    "faces" : [ {
      "vertices" : [ 0, 1, 2 ]
    }, {
      "vertices" : [ 0, 2, 1 ]
    } ]
  }, {
    "id" : "f19108c5-6541-4c74-adbe-53b19ff65ce7",
    "vertices" : [ {
      "x" : 235.06439,
      "y" : 81.97283,
      "z" : 33.888542
    }, {
      "x" : 234.99144,
      "y" : 82.090866,
      "z" : 33.461494
    }, {
      "x" : 236.5116,
      "y" : 82.867256,
      "z" : 33.888542
    } ],
    "faces" : [ {
      "vertices" : [ 0, 1, 2 ]
    }, {
      "vertices" : [ 0, 2, 1 ]
    } ]
  }, {
    "id" : "2ed9995c-f3a2-4018-8586-2beb1bcf6e5d",
    "vertices" : [ {
      "x" : 235.6575,
      "y" : 84.72136,
      "z" : 47.36068
    }, {
      "x" : 237.89357,
      "y" : 84.48529,
      "z" : 50.832817
    }, {
      "x" : 235.6575,
      "y" : 84.24922,
      "z" : 48.59675
    } ],
    "faces" : [ {
      "vertices" : [ 0, 1, 2 ]
    }, {
      "vertices" : [ 0, 2, 1 ]
    } ]
  }, {
    "id" : "1821247e-8e4a-4ac0-b9e6-19837162e684",
    "vertices" : [ {
      "x" : 13.708204,
      "y" : 3.763932,
      "z" : 52.214783
    }, {
      "x" : 13.708204,
      "y" : 4.236068,
      "z" : 53.45085
    }, {
      "x" : 11.708204,
      "y" : 3.618034,
      "z" : 53.068882
    } ],
    "faces" : [ {
      "vertices" : [ 0, 1, 2 ]
    }, {
      "vertices" : [ 0, 2, 1 ]
    } ]
  }, {
    "id" : "cbdff283-80d3-49f7-9e05-fff6e2fca98f",
    "vertices" : [ {
      "x" : 18.627554,
      "y" : 12.602632,
      "z" : 4.236068
    }, {
      "x" : 18.391485,
      "y" : 12.984597,
      "z" : 4.236068
    }, {
      "x" : 12.537383,
      "y" : 9.366563,
      "z" : 4.236068
    }, {
      "x" : 12.773452,
      "y" : 8.984597,
      "z" : 4.236068
    } ],
    "faces" : [ {
      "vertices" : [ 0, 1, 2 ]
    }, {
      "vertices" : [ 0, 2, 3 ]
    }, {
      "vertices" : [ 0, 3, 2 ]
    }, {
      "vertices" : [ 0, 2, 1 ]
    } ]
  }, {
    "id" : "289deba8-219f-40c9-b504-39dfd9a39a09",
    "vertices" : [ {
      "x" : 228.03946,
      "y" : 80.24922,
      "z" : 10.09017
    }, {
      "x" : 210.0952,
      "y" : 73.39512,
      "z" : 12.708204
    }, {
      "x" : 210.0952,
      "y" : 87.103325,
      "z" : 12.708204
    } ],
    "faces" : [ {
      "vertices" : [ 0, 1, 2 ]
    }, {
      "vertices" : [ 0, 2, 1 ]
    } ]
  }, {
    "id" : "83c6a4ae-8459-44c8-b700-79befe2f770e",
    "vertices" : [ {
      "x" : 234.27553,
      "y" : 90.33939,
      "z" : 2.236068
    }, {
      "x" : 234.27553,
      "y" : 90.33939,
      "z" : -2.236068
    }, {
      "x" : 232.27553,
      "y" : 90.1935,
      "z" : 1.381966
    } ],
    "faces" : [ {
      "vertices" : [ 0, 1, 2 ]
    }, {
      "vertices" : [ 0, 2, 1 ]
    } ]
  }, {
    "id" : "fee413e1-f49d-4c36-a7a4-b53787bc829d",
    "vertices" : [ {
      "x" : 233.71028,
      "y" : 84.16381,
      "z" : 47.28773
    }, {
      "x" : 233.63734,
      "y" : 84.281845,
      "z" : 46.86068
    }, {
      "x" : 234.89357,
      "y" : 85.48529,
      "z" : 46.59675
    } ],
    "faces" : [ {
      "vertices" : [ 0, 1, 2 ]
    }, {
      "vertices" : [ 0, 2, 1 ]
    } ]
  }, {
    "id" : "3795fa9f-e77f-444f-a81f-425a17f08095",
    "vertices" : [ {
      "x" : 18.391485,
      "y" : 12.984597,
      "z" : 72.01315
    }, {
      "x" : 18.200502,
      "y" : 13.293614,
      "z" : 71.74922
    }, {
      "x" : 12.3464,
      "y" : 9.67558,
      "z" : 71.74922
    }, {
      "x" : 12.537383,
      "y" : 9.366563,
      "z" : 72.01315
    } ],
    "faces" : [ {
      "vertices" : [ 0, 1, 2 ]
    }, {
      "vertices" : [ 0, 2, 3 ]
    }, {
      "vertices" : [ 0, 3, 2 ]
    }, {
      "vertices" : [ 0, 2, 1 ]
    } ]
  }, {
    "id" : "684a24d9-ea4d-4f7e-8c48-677a8a946393",
    "vertices" : [ {
      "x" : 22.18034,
      "y" : 6.854102,
      "z" : 46.59675
    }, {
      "x" : 22.18034,
      "y" : 6.854102,
      "z" : 55.068882
    }, {
      "x" : 21.082468,
      "y" : 8.630495,
      "z" : 53.0238
    }, {
      "x" : 21.00952,
      "y" : 8.748529,
      "z" : 52.59675
    }, {
      "x" : 21.00952,
      "y" : 8.748529,
      "z" : 49.068882
    }, {
      "x" : 21.082468,
      "y" : 8.630495,
      "z" : 48.641834
    } ],
    "faces" : [ {
      "vertices" : [ 0, 1, 2 ]
    }, {
      "vertices" : [ 0, 2, 3 ]
    }, {
      "vertices" : [ 0, 3, 4 ]
    }, {
      "vertices" : [ 0, 4, 5 ]
    }, {
      "vertices" : [ 0, 5, 4 ]
    }, {
      "vertices" : [ 0, 4, 3 ]
    }, {
      "vertices" : [ 0, 3, 2 ]
    }, {
      "vertices" : [ 0, 2, 1 ]
    } ]
  }, {
    "id" : "718000af-082b-46ba-9d9f-d3d96123fe20",
    "vertices" : [ {
      "x" : 241.12964,
      "y" : 92.95743,
      "z" : 48.59675
    }, {
      "x" : 238.5116,
      "y" : 91.95743,
      "z" : 53.068882
    }, {
      "x" : 238.5116,
      "y" : 91.95743,
      "z" : 65.54102
    }, {
      "x" : 241.12964,
      "y" : 92.95743,
      "z" : 65.54102
    } ],
    "faces" : [ {
      "vertices" : [ 0, 1, 2 ]
    }, {
      "vertices" : [ 0, 2, 3 ]
    }, {
      "vertices" : [ 0, 3, 2 ]
    }, {
      "vertices" : [ 0, 2, 1 ]
    } ]
  }, {
    "id" : "3cae914a-75e7-414f-8540-3e5a63064fac",
    "vertices" : [ {
      "x" : 17.944271,
      "y" : 13.708204,
      "z" : 77.867256
    }, {
      "x" : 18.627554,
      "y" : 12.602632,
      "z" : 80.48529
    }, {
      "x" : 18.391485,
      "y" : 12.984597,
      "z" : 80.48529
    } ],
    "faces" : [ {
      "vertices" : [ 0, 1, 2 ]
    }, {
      "vertices" : [ 0, 2, 1 ]
    } ]
  }, {
    "id" : "1b06c9ff-af25-4177-ae55-6f9af4b1cfc0",
    "vertices" : [ {
      "x" : 236.5116,
      "y" : 83.33939,
      "z" : 85.95743
    }, {
      "x" : 235.74767,
      "y" : 84.103325,
      "z" : 86.72136
    }, {
      "x" : 235.5116,
      "y" : 83.103325,
      "z" : 85.72136
    } ],
    "faces" : [ {
      "vertices" : [ 0, 1, 2 ]
    }, {
      "vertices" : [ 0, 2, 1 ]
    } ]
  }, {
    "id" : "baa152fe-f052-4421-8b2e-ccb6d58ae936",
    "vertices" : [ {
      "x" : 230.6575,
      "y" : 76.01315,
      "z" : 0.0
    }, {
      "x" : 229.21028,
      "y" : 78.3548,
      "z" : 0.0
    }, {
      "x" : 229.13734,
      "y" : 78.47283,
      "z" : 0.42705098
    } ],
    "faces" : [ {
      "vertices" : [ 0, 1, 2 ]
    }, {
      "vertices" : [ 0, 2, 1 ]
    } ]
  }, {
    "id" : "0d4a1648-f11c-433a-bc0d-d24dcd65359a",
    "vertices" : [ {
      "x" : 17.037384,
      "y" : 15.17558,
      "z" : 50.141834
    }, {
      "x" : 18.127554,
      "y" : 13.411648,
      "z" : 47.28773
    }, {
      "x" : 12.273452,
      "y" : 9.793614,
      "z" : 47.28773
    }, {
      "x" : 11.183282,
      "y" : 11.557547,
      "z" : 50.141834
    } ],
    "faces" : [ {
      "vertices" : [ 0, 1, 2 ]
    }, {
      "vertices" : [ 0, 2, 3 ]
    }, {
      "vertices" : [ 0, 3, 2 ]
    }, {
      "vertices" : [ 0, 2, 1 ]
    } ]
  }, {
    "id" : "00a04659-b22c-4b8a-9742-ab6deaff91f3",
    "vertices" : [ {
      "x" : 35.888542,
      "y" : 20.562305,
      "z" : 12.708204
    }, {
      "x" : 15.326238,
      "y" : 17.944271,
      "z" : 16.944271
    }, {
      "x" : 35.888542,
      "y" : 20.562305,
      "z" : 21.18034
    } ],
    "faces" : [ {
      "vertices" : [ 0, 1, 2 ]
    }, {
      "vertices" : [ 0, 2, 1 ]
    } ]
  }, {
    "id" : "c995d851-bda5-4256-a261-0362f91e9cb6",
    "vertices" : [ {
      "x" : 17.037384,
      "y" : 15.17558,
      "z" : 33.19756
    }, {
      "x" : 18.127554,
      "y" : 13.411648,
      "z" : 30.343458
    }, {
      "x" : 12.273452,
      "y" : 9.793614,
      "z" : 30.343458
    }, {
      "x" : 11.183282,
      "y" : 11.557547,
      "z" : 33.19756
    } ],
    "faces" : [ {
      "vertices" : [ 0, 1, 2 ]
    }, {
      "vertices" : [ 0, 2, 3 ]
    }, {
      "vertices" : [ 0, 3, 2 ]
    }, {
      "vertices" : [ 0, 2, 1 ]
    } ]
  }, {
    "id" : "3a58fe3e-e084-40ff-92bf-3f331e246887",
    "vertices" : [ {
      "x" : 18.818537,
      "y" : 12.293614,
      "z" : 12.972136
    }, {
      "x" : 20.582468,
      "y" : 9.439512,
      "z" : 14.062305
    }, {
      "x" : 14.728367,
      "y" : 5.8214784,
      "z" : 14.062305
    }, {
      "x" : 12.964435,
      "y" : 8.67558,
      "z" : 12.972136
    } ],
    "faces" : [ {
      "vertices" : [ 0, 1, 2 ]
    }, {
      "vertices" : [ 0, 2, 3 ]
    }, {
      "vertices" : [ 0, 3, 2 ]
    }, {
      "vertices" : [ 0, 2, 1 ]
    } ]
  }, {
    "id" : "e4bdf470-6f07-4722-8361-c1dbe4630b39",
    "vertices" : [ {
      "x" : 4.854102,
      "y" : 1.0,
      "z" : 48.59675
    }, {
      "x" : 7.472136,
