{
  "polygons" : "true",
  "field" : "golden",
  "symmetry" : "icosahedral",
  "orientations" : [ [ 1.0, 0.0, 0.0, 0.0, 0.0, 1.0, 0.0, 0.0, 0.0, 0.0, 1.0, 0.0, 0.0, 0.0, 0.0, 1.0 ], [ 0.0, 0.0, 1.0, 0.0, 1.0, 0.0, 0.0, 0.0, 0.0, 1.0, 0.0, 0.0, 0.0, 0.0, 0.0, 1.0 ], [ 0.0, 1.0, 0.0, 0.0, 0.0, 0.0, 1.0, 0.0, 1.0, 0.0, 0.0, 0.0, 0.0, 0.0, 0.0, 1.0 ], [ 0.809017, 0.309017, 0.5, 0.0, 0.309017, 0.5, -0.809017, 0.0, -0.5, 0.809017, 0.309017, 0.0, 0.0, 0.0, 0.0, 1.0 ], [ -0.5, 0.809017, 0.309017, 0.0, 0.809017, 0.309017, 0.5, 0.0, 0.309017, 0.5, -0.809017, 0.0, 0.0, 0.0, 0.0, 1.0 ], [ 0.309017, 0.5, -0.809017, 0.0, -0.5, 0.809017, 0.309017, 0.0, 0.809017, 0.309017, 0.5, 0.0, 0.0, 0.0, 0.0, 1.0 ], [ 0.5, 0.809017, 0.309017, 0.0, 0.809017, -0.309017, -0.5, 0.0, -0.309017, 0.5, -0.809017, 0.0, 0.0, 0.0, 0.0, 1.0 ], [ -0.309017, 0.5, -0.809017, 0.0, 0.5, 0.809017, 0.309017, 0.0, 0.809017, -0.309017, -0.5, 0.0, 0.0, 0.0, 0.0, 1.0 ], [ 0.809017, -0.309017, -0.5, 0.0, -0.309017, 0.5, -0.809017, 0.0, 0.5, 0.809017, 0.309017, 0.0, 0.0, 0.0, 0.0, 1.0 ], [ 0.5, 0.809017, -0.309017, 0.0, 0.809017, -0.309017, 0.5, 0.0, 0.309017, -0.5, -0.809017, 0.0, 0.0, 0.0, 0.0, 1.0 ], [ 0.309017, -0.5, -0.809017, 0.0, 0.5, 0.809017, -0.309017, 0.0, 0.809017, -0.309017, 0.5, 0.0, 0.0, 0.0, 0.0, 1.0 ], [ 0.809017, -0.309017, 0.5, 0.0, 0.309017, -0.5, -0.809017, 0.0, 0.5, 0.809017, -0.309017, 0.0, 0.0, 0.0, 0.0, 1.0 ], [ 0.809017, 0.309017, -0.5, 0.0, 0.309017, 0.5, 0.809017, 0.0, 0.5, -0.809017, 0.309017, 0.0, 0.0, 0.0, 0.0, 1.0 ], [ 0.5, -0.809017, 0.309017, 0.0, 0.809017, 0.309017, -0.5, 0.0, 0.309017, 0.5, 0.809017, 0.0, 0.0, 0.0, 0.0, 1.0 ], [ 0.309017, 0.5, 0.809017, 0.0, 0.5, -0.809017, 0.309017, 0.0, 0.809017, 0.309017, -0.5, 0.0, 0.0, 0.0, 0.0, 1.0 ], [ 1.0, 0.0, 0.0, 0.0, 0.0, -1.0, 0.0, 0.0, 0.0, 0.0, -1.0, 0.0, 0.0, 0.0, 0.0, 1.0 ], [ 0.0, 0.0, 1.0, 0.0, -1.0, 0.0, 0.0, 0.0, 0.0, -1.0, 0.0, 0.0, 0.0, 0.0, 0.0, 1.0 ], [ 0.0, 1.0, 0.0, 0.0, 0.0, 0.0, -1.0, 0.0, -1.0, 0.0, 0.0, 0.0, 0.0, 0.0, 0.0, 1.0 ], [ 0.809017, 0.309017, 0.5, 0.0, -0.309017, -0.5, 0.809017, 0.0, 0.5, -0.809017, -0.309017, 0.0, 0.0, 0.0, 0.0, 1.0 ], [ -0.5, 0.809017, 0.309017, 0.0, -0.809017, -0.309017, -0.5, 0.0, -0.309017, -0.5, 0.809017, 0.0, 0.0, 0.0, 0.0, 1.0 ], [ 0.309017, 0.5, -0.809017, 0.0, 0.5, -0.809017, -0.309017, 0.0, -0.809017, -0.309017, -0.5, 0.0, 0.0, 0.0, 0.0, 1.0 ], [ 0.5, 0.809017, 0.309017, 0.0, -0.809017, 0.309017, 0.5, 0.0, 0.309017, -0.5, 0.809017, 0.0, 0.0, 0.0, 0.0, 1.0 ], [ -0.309017, 0.5, -0.809017, 0.0, -0.5, -0.809017, -0.309017, 0.0, -0.809017, 0.309017, 0.5, 0.0, 0.0, 0.0, 0.0, 1.0 ], [ 0.809017, -0.309017, -0.5, 0.0, 0.309017, -0.5, 0.809017, 0.0, -0.5, -0.809017, -0.309017, 0.0, 0.0, 0.0, 0.0, 1.0 ], [ 0.5, 0.809017, -0.309017, 0.0, -0.809017, 0.309017, -0.5, 0.0, -0.309017, 0.5, 0.809017, 0.0, 0.0, 0.0, 0.0, 1.0 ], [ 0.309017, -0.5, -0.809017, 0.0, -0.5, -0.809017, 0.309017, 0.0, -0.809017, 0.309017, -0.5, 0.0, 0.0, 0.0, 0.0, 1.0 ], [ 0.809017, -0.309017, 0.5, 0.0, -0.309017, 0.5, 0.809017, 0.0, -0.5, -0.809017, 0.309017, 0.0, 0.0, 0.0, 0.0, 1.0 ], [ 0.809017, 0.309017, -0.5, 0.0, -0.309017, -0.5, -0.809017, 0.0, -0.5, 0.809017, -0.309017, 0.0, 0.0, 0.0, 0.0, 1.0 ], [ 0.5, -0.809017, 0.309017, 0.0, -0.809017, -0.309017, 0.5, 0.0, -0.309017, -0.5, -0.809017, 0.0, 0.0, 0.0, 0.0, 1.0 ], [ 0.309017, 0.5, 0.809017, 0.0, -0.5, 0.809017, -0.309017, 0.0, -0.809017, -0.309017, 0.5, 0.0, 0.0, 0.0, 0.0, 1.0 ], [ -1.0, 0.0, 0.0, 0.0, 0.0, -1.0, 0.0, 0.0, 0.0, 0.0, 1.0, 0.0, 0.0, 0.0, 0.0, 1.0 ], [ 0.0, 0.0, -1.0, 0.0, -1.0, 0.0, 0.0, 0.0, 0.0, 1.0, 0.0, 0.0, 0.0, 0.0, 0.0, 1.0 ], [ 0.0, -1.0, 0.0, 0.0, 0.0, 0.0, -1.0, 0.0, 1.0, 0.0, 0.0, 0.0, 0.0, 0.0, 0.0, 1.0 ], [ -0.809017, -0.309017, -0.5, 0.0, -0.309017, -0.5, 0.809017, 0.0, -0.5, 0.809017, 0.309017, 0.0, 0.0, 0.0, 0.0, 1.0 ], [ 0.5, -0.809017, -0.309017, 0.0, -0.809017, -0.309017, -0.5, 0.0, 0.309017, 0.5, -0.809017, 0.0, 0.0, 0.0, 0.0, 1.0 ], [ -0.309017, -0.5, 0.809017, 0.0, 0.5, -0.809017, -0.309017, 0.0, 0.809017, 0.309017, 0.5, 0.0, 0.0, 0.0, 0.0, 1.0 ], [ -0.5, -0.809017, -0.309017, 0.0, -0.809017, 0.309017, 0.5, 0.0, -0.309017, 0.5, -0.809017, 0.0, 0.0, 0.0, 0.0, 1.0 ], [ 0.309017, -0.5, 0.809017, 0.0, -0.5, -0.809017, -0.309017, 0.0, 0.809017, -0.309017, -0.5, 0.0, 0.0, 0.0, 0.0, 1.0 ], [ -0.809017, 0.309017, 0.5, 0.0, 0.309017, -0.5, 0.809017, 0.0, 0.5, 0.809017, 0.309017, 0.0, 0.0, 0.0, 0.0, 1.0 ], [ -0.5, -0.809017, 0.309017, 0.0, -0.809017, 0.309017, -0.5, 0.0, 0.309017, -0.5, -0.809017, 0.0, 0.0, 0.0, 0.0, 1.0 ], [ -0.309017, 0.5, 0.809017, 0.0, -0.5, -0.809017, 0.309017, 0.0, 0.809017, -0.309017, 0.5, 0.0, 0.0, 0.0, 0.0, 1.0 ], [ -0.809017, 0.309017, -0.5, 0.0, -0.309017, 0.5, 0.809017, 0.0, 0.5, 0.809017, -0.309017, 0.0, 0.0, 0.0, 0.0, 1.0 ], [ -0.809017, -0.309017, 0.5, 0.0, -0.309017, -0.5, -0.809017, 0.0, 0.5, -0.809017, 0.309017, 0.0, 0.0, 0.0, 0.0, 1.0 ], [ -0.5, 0.809017, -0.309017, 0.0, -0.809017, -0.309017, 0.5, 0.0, 0.309017, 0.5, 0.809017, 0.0, 0.0, 0.0, 0.0, 1.0 ], [ -0.309017, -0.5, -0.809017, 0.0, -0.5, 0.809017, -0.309017, 0.0, 0.809017, 0.309017, -0.5, 0.0, 0.0, 0.0, 0.0, 1.0 ], [ -1.0, 0.0, 0.0, 0.0, 0.0, 1.0, 0.0, 0.0, 0.0, 0.0, -1.0, 0.0, 0.0, 0.0, 0.0, 1.0 ], [ 0.0, 0.0, -1.0, 0.0, 1.0, 0.0, 0.0, 0.0, 0.0, -1.0, 0.0, 0.0, 0.0, 0.0, 0.0, 1.0 ], [ 0.0, -1.0, 0.0, 0.0, 0.0, 0.0, 1.0, 0.0, -1.0, 0.0, 0.0, 0.0, 0.0, 0.0, 0.0, 1.0 ], [ -0.809017, -0.309017, -0.5, 0.0, 0.309017, 0.5, -0.809017, 0.0, 0.5, -0.809017, -0.309017, 0.0, 0.0, 0.0, 0.0, 1.0 ], [ 0.5, -0.809017, -0.309017, 0.0, 0.809017, 0.309017, 0.5, 0.0, -0.309017, -0.5, 0.809017, 0.0, 0.0, 0.0, 0.0, 1.0 ], [ -0.309017, -0.5, 0.809017, 0.0, -0.5, 0.809017, 0.309017, 0.0, -0.809017, -0.309017, -0.5, 0.0, 0.0, 0.0, 0.0, 1.0 ], [ -0.5, -0.809017, -0.309017, 0.0, 0.809017, -0.309017, -0.5, 0.0, 0.309017, -0.5, 0.809017, 0.0, 0.0, 0.0, 0.0, 1.0 ], [ 0.309017, -0.5, 0.809017, 0.0, 0.5, 0.809017, 0.309017, 0.0, -0.809017, 0.309017, 0.5, 0.0, 0.0, 0.0, 0.0, 1.0 ], [ -0.809017, 0.309017, 0.5, 0.0, -0.309017, 0.5, -0.809017, 0.0, -0.5, -0.809017, -0.309017, 0.0, 0.0, 0.0, 0.0, 1.0 ], [ -0.5, -0.809017, 0.309017, 0.0, 0.809017, -0.309017, 0.5, 0.0, -0.309017, 0.5, 0.809017, 0.0, 0.0, 0.0, 0.0, 1.0 ], [ -0.309017, 0.5, 0.809017, 0.0, 0.5, 0.809017, -0.309017, 0.0, -0.809017, 0.309017, -0.5, 0.0, 0.0, 0.0, 0.0, 1.0 ], [ -0.809017, 0.309017, -0.5, 0.0, 0.309017, -0.5, -0.809017, 0.0, -0.5, -0.809017, 0.309017, 0.0, 0.0, 0.0, 0.0, 1.0 ], [ -0.809017, -0.309017, 0.5, 0.0, 0.309017, 0.5, 0.809017, 0.0, -0.5, 0.809017, -0.309017, 0.0, 0.0, 0.0, 0.0, 1.0 ], [ -0.5, 0.809017, -0.309017, 0.0, 0.809017, 0.309017, -0.5, 0.0, -0.309017, -0.5, -0.809017, 0.0, 0.0, 0.0, 0.0, 1.0 ], [ -0.309017, -0.5, -0.809017, 0.0, 0.5, -0.809017, 0.309017, 0.0, -0.809017, -0.309017, 0.5, 0.0, 0.0, 0.0, 0.0, 1.0 ] ],
  "lights" : {
    "ambientColor" : "#292929",
    "backgroundColor" : "#000000",
    "directionalLights" : [ {
      "direction" : [ 1.0, -1.0, -1.0 ],
      "color" : "#EBEBE4"
    }, {
      "direction" : [ -1.0, 0.0, 0.0 ],
      "color" : "#E4E4EB"
    }, {
      "direction" : [ 0.0, 0.0, -1.0 ],
      "color" : "#1E1E1E"
    } ]
  },
  "camera" : {
    "lookDirection" : {
      "x" : 0.0,
      "y" : 0.0,
      "z" : -1.0
    },
    "upDirection" : {
      "x" : 0.0,
      "y" : 1.0,
      "z" : 0.0
    },
    "lookAtPoint" : {
      "x" : 0.0,
      "y" : 0.0,
      "z" : 0.0
    },
    "viewDistance" : 251.86151,
    "nearClipDistance" : 0.6296536,
    "farClipDistance" : 503.72278,
    "fieldOfView" : 0.44262883,
    "perspective" : true,
    "stereo" : false,
    "width" : 113.33766,
    "position" : {
      "x" : 0.0,
      "y" : 0.0,
      "z" : 251.86151
    }
  },
  "embedding" : [ 1.0, 0.0, 0.0, 0.0, 0.0, 1.0, 0.0, 0.0, 0.0, 0.0, 1.0, 0.0, 0.0, 0.0, 0.0, 1.0 ],
  "shapes" : [ {
    "id" : "d6f9b5da-4f3f-4dfc-9aa2-97772cd842d0",
    "vertices" : [ {
      "x" : 0.0,
      "y" : 0.0,
      "z" : 0.0
    }, {
      "x" : 8.972136,
      "y" : -3.427051,
      "z" : 1.309017
    }, {
      "x" : 8.972136,
      "y" : -14.5172205,
      "z" : 8.163119
    }, {
      "x" : 0.0,
      "y" : -22.18034,
      "z" : 13.708204
    } ],
    "faces" : [ {
      "vertices" : [ 0, 1, 2, 3 ]
    }, {
      "vertices" : [ 0, 3, 2, 1 ]
    } ]
  }, {
    "id" : "b733c5a7-eee7-44fe-bf36-a3e93de491be",
    "orbit" : "green",
    "name" : " :1/2*phi",
    "vertices" : [ {
      "x" : 8.663119,
      "y" : 3.309017,
      "z" : -1.263932
    }, {
      "x" : 8.281153,
      "y" : 2.854102,
      "z" : -1.072949
    }, {
      "x" : 8.118034,
      "y" : 3.118034,
      "z" : -1.5
    }, {
      "x" : 8.045085,
      "y" : 3.381966,
      "z" : -1.309017
    }, {
      "x" : 0.85410196,
      "y" : 0.309017,
      "z" : 0.19098301
    }, {
      "x" : 0.690983,
      "y" : 0.572949,
      "z" : -0.23606798
    }, {
      "x" : 0.309017,
      "y" : 0.11803399,
      "z" : -0.045084972
    }, {
      "x" : 0.76393205,
      "y" : 0.309017,
      "z" : -0.42705098
    }, {
      "x" : 0.927051,
      "y" : 0.045084972,
      "z" : 0.0
    }, {
      "x" : 8.208204,
      "y" : 3.118034,
      "z" : -0.881966
    }, {
      "x" : 8.972136,
      "y" : 3.427051,
      "z" : -1.309017
    } ],
    "faces" : [ {
      "vertices" : [ 2, 7, 5, 3 ]
    }, {
      "vertices" : [ 1, 8, 7, 2 ]
    }, {
      "vertices" : [ 4, 6, 8 ]
    }, {
      "vertices" : [ 5, 7, 6 ]
    }, {
      "vertices" : [ 0, 1, 2 ]
    }, {
      "vertices" : [ 0, 2, 3 ]
    }, {
      "vertices" : [ 6, 7, 8 ]
    }, {
      "vertices" : [ 3, 5, 4, 9 ]
    }, {
      "vertices" : [ 1, 9, 4, 8 ]
    }, {
      "vertices" : [ 0, 9, 1 ]
    }, {
      "vertices" : [ 0, 3, 9 ]
    }, {
      "vertices" : [ 4, 5, 6 ]
    } ]
  }, {
    "id" : "821ed942-fb1a-4532-b1f9-7a55354d9868",
    "name" : "ball",
    "vertices" : [ {
      "x" : -0.309017,
      "y" : -0.19098301,
      "z" : 0.0
    }, {
      "x" : -0.309017,
      "y" : 0.19098301,
      "z" : 0.0
    }, {
      "x" : -0.19098301,
      "y" : 0.0,
      "z" : -0.309017
    }, {
      "x" : -0.19098301,
      "y" : 0.0,
      "z" : 0.309017
    }, {
      "x" : 0.0,
      "y" : -0.309017,
      "z" : -0.19098301
    }, {
      "x" : 0.0,
      "y" : -0.309017,
      "z" : 0.19098301
    }, {
      "x" : 0.0,
      "y" : 0.309017,
      "z" : -0.19098301
    }, {
      "x" : 0.0,
      "y" : 0.309017,
      "z" : 0.19098301
    }, {
      "x" : 0.19098301,
      "y" : 0.0,
      "z" : -0.309017
    }, {
      "x" : 0.19098301,
      "y" : 0.0,
      "z" : 0.309017
    }, {
      "x" : 0.309017,
      "y" : -0.19098301,
      "z" : 0.0
    }, {
      "x" : 0.309017,
      "y" : 0.19098301,
      "z" : 0.0
    } ],
    "faces" : [ {
      "vertices" : [ 0, 1, 2 ]
    }, {
      "vertices" : [ 0, 3, 1 ]
    }, {
      "vertices" : [ 0, 2, 4 ]
    }, {
      "vertices" : [ 0, 5, 3 ]
    }, {
      "vertices" : [ 0, 4, 5 ]
    }, {
      "vertices" : [ 1, 6, 2 ]
    }, {
      "vertices" : [ 1, 3, 7 ]
    }, {
      "vertices" : [ 1, 7, 6 ]
    }, {
      "vertices" : [ 2, 8, 4 ]
    }, {
      "vertices" : [ 2, 6, 8 ]
    }, {
      "vertices" : [ 3, 5, 9 ]
    }, {
      "vertices" : [ 3, 9, 7 ]
    }, {
      "vertices" : [ 4, 10, 5 ]
    }, {
      "vertices" : [ 4, 8, 10 ]
    }, {
      "vertices" : [ 5, 10, 9 ]
    }, {
      "vertices" : [ 6, 7, 11 ]
    }, {
      "vertices" : [ 6, 11, 8 ]
    }, {
      "vertices" : [ 7, 9, 11 ]
    }, {
      "vertices" : [ 8, 11, 10 ]
    }, {
      "vertices" : [ 9, 10, 11 ]
    } ]
  }, {
    "id" : "c561f504-9833-4cde-a9ca-29af85ac70eb",
    "orbit" : "orange",
    "name" : "medium",
    "vertices" : [ {
      "x" : 11.685661,
      "y" : 1.9635255,
      "z" : -2.868034
    }, {
      "x" : 12.053696,
      "y" : 2.059017,
      "z" : -3.3315594
    }, {
      "x" : 1.0954915,
      "y" : 0.1545085,
      "z" : 0.059016995
    }, {
      "x" : 11.4946785,
      "y" : 2.2725425,
      "z" : -3.368034
    }, {
      "x" : 0.9045085,
      "y" : 0.4635255,
      "z" : -0.440983
    }, {
      "x" : 11.4946785,
      "y" : 1.6545085,
      "z" : -2.986068
    }, {
      "x" : 0.9045085,
      "y" : -0.1545085,
      "z" : -0.059016995
    }, {
      "x" : 11.303696,
      "y" : 1.9635255,
      "z" : -3.486068
    }, {
      "x" : 12.399187,
      "y" : 2.118034,
      "z" : -3.427051
    }, {
      "x" : 0.3454915,
      "y" : 0.059016995,
      "z" : -0.095491506
    }, {
      "x" : 0.7135255,
      "y" : 0.1545085,
      "z" : -0.559017
    } ],
    "faces" : [ {
      "vertices" : [ 2, 9, 6 ]
    }, {
      "vertices" : [ 0, 1, 3 ]
    }, {
      "vertices" : [ 0, 5, 1 ]
    }, {
      "vertices" : [ 4, 10, 9 ]
    }, {
      "vertices" : [ 3, 7, 10, 4 ]
    }, {
      "vertices" : [ 0, 3, 4, 2 ]
    }, {
      "vertices" : [ 6, 9, 10 ]
    }, {
      "vertices" : [ 1, 7, 3 ]
    }, {
      "vertices" : [ 5, 6, 10, 7 ]
    }, {
      "vertices" : [ 0, 2, 6, 5 ]
    }, {
      "vertices" : [ 1, 5, 7 ]
    }, {
      "vertices" : [ 2, 4, 9 ]
    } ]
  }, {
    "id" : "2c854609-0bcc-42dc-884f-fb57ecfae85b",
    "orbit" : "red",
    "name" : "r2",
    "vertices" : [ {
      "x" : 0.9045085,
      "y" : 0.3454915,
      "z" : 0.25
    }, {
      "x" : 10.376644,
      "y" : 6.1995935,
      "z" : 0.25
    }, {
      "x" : 10.185661,
      "y" : 6.5086102,
      "z" : 0.25
    }, {
      "x" : 0.7135255,
      "y" : 0.6545085,
      "z" : 0.25
    }, {
      "x" : 0.809017,
      "y" : 0.5,
      "z" : -0.309017
    }, {
      "x" : 0.9635255,
      "y" : 0.25,
      "z" : -0.095491506
    }, {
      "x" : 0.309017,
      "y" : 0.19098301,
      "z" : 0.0
    }, {
      "x" : 10.781153,
      "y" : 6.663119,
      "z" : 0.0
    }, {
      "x" : 10.126644,
      "y" : 6.604102,
      "z" : -0.095491506
    }, {
      "x" : 10.281153,
      "y" : 6.354102,
      "z" : -0.309017
    }, {
      "x" : 11.09017,
      "y" : 6.854102,
      "z" : 0.0
    }, {
      "x" : 0.6545085,
      "y" : 0.75,
      "z" : -0.095491506
    }, {
      "x" : 10.435661,
      "y" : 6.104102,
      "z" : -0.095491506
    } ],
    "faces" : [ {
      "vertices" : [ 4, 11, 8, 9 ]
    }, {
      "vertices" : [ 0, 1, 2, 3 ]
    }, {
      "vertices" : [ 0, 3, 6 ]
    }, {
      "vertices" : [ 1, 7, 2 ]
    }, {
      "vertices" : [ 0, 6, 5 ]
    }, {
      "vertices" : [ 4, 5, 6 ]
    }, {
      "vertices" : [ 2, 7, 8 ]
    }, {
      "vertices" : [ 0, 5, 12, 1 ]
    }, {
      "vertices" : [ 1, 12, 7 ]
    }, {
      "vertices" : [ 3, 11, 6 ]
    }, {
      "vertices" : [ 4, 6, 11 ]
    }, {
      "vertices" : [ 7, 9, 8 ]
    }, {
      "vertices" : [ 2, 8, 11, 3 ]
    }, {
      "vertices" : [ 7, 12, 9 ]
    }, {
      "vertices" : [ 4, 9, 12, 5 ]
    } ]
  }, {
    "id" : "04be073e-1485-4242-ab13-79318b7626fc",
    "vertices" : [ {
      "x" : 0.0,
      "y" : 0.0,
      "z" : 0.0
    }, {
      "x" : 8.972136,
      "y" : -3.427051,
      "z" : 1.309017
    }, {
      "x" : 0.0,
      "y" : -11.09017,
      "z" : 6.854102
    } ],
    "faces" : [ {
      "vertices" : [ 0, 1, 2 ]
    }, {
      "vertices" : [ 0, 2, 1 ]
    } ]
  } ],
  "instances" : [ {
    "shape" : "d6f9b5da-4f3f-4dfc-9aa2-97772cd842d0",
    "color" : "#FFFFFF",
    "position" : {
      "x" : 20.062305,
      "y" : 18.753288,
      "z" : -5.545085
    },
    "orientation" : 44
  }, {
    "shape" : "b733c5a7-eee7-44fe-bf36-a3e93de491be",
    "color" : "#008D36",
    "position" : {
      "x" : 11.09017,
      "y" : 0.0,
      "z" : -17.944271
    },
    "orientation" : 25
  }, {
    "shape" : "821ed942-fb1a-4532-b1f9-7a55354d9868",
    "color" : "#FFFFFF",
    "position" : {
      "x" : -23.489357,
      "y" : 13.208204,
      "z" : -7.663119
    }
  }, {
    "shape" : "821ed942-fb1a-4532-b1f9-7a55354d9868",
    "color" : "#FFFFFF",
    "position" : {
      "x" : 24.798374,
      "y" : 0.0,
      "z" : 0.0
    }
  }, {
    "shape" : "c561f504-9833-4cde-a9ca-29af85ac70eb",
    "color" : "#DC4C00",
    "position" : {
      "x" : -7.663119,
      "y" : 12.399187,
      "z" : -20.062305
    },
    "orientation" : 11
  }, {
    "shape" : "2c854609-0bcc-42dc-884f-fb57ecfae85b",
    "color" : "#AF0000",
    "position" : {
      "x" : 24.798374,
      "y" : 0.0,
      "z" : 0.0
    },
    "orientation" : 31
  }, {
    "shape" : "2c854609-0bcc-42dc-884f-fb57ecfae85b",
    "color" : "#AF0000",
    "position" : {
      "x" : -6.854102,
      "y" : 17.944271,
      "z" : 0.0
    },
    "orientation" : 30
  }, {
    "shape" : "821ed942-fb1a-4532-b1f9-7a55354d9868",
    "color" : "#FFFFFF",
    "position" : {
      "x" : 13.208204,
      "y" : 7.663119,
      "z" : 23.489357
    }
  }, {
    "shape" : "2c854609-0bcc-42dc-884f-fb57ecfae85b",
    "color" : "#AF0000",
    "position" : {
      "x" : -11.09017,
      "y" : -11.09017,
      "z" : 11.09017
    },
    "orientation" : 1
  }, {
    "shape" : "2c854609-0bcc-42dc-884f-fb57ecfae85b",
    "color" : "#AF0000",
    "position" : {
      "x" : -24.798374,
      "y" : 0.0,
      "z" : 0.0
    },
    "orientation" : 16
  }, {
    "shape" : "b733c5a7-eee7-44fe-bf36-a3e93de491be",
    "color" : "#008D36",
    "position" : {
      "x" : 0.0,
      "y" : 17.944271,
      "z" : 11.09017
    },
    "orientation" : 9
  }, {
    "shape" : "b733c5a7-eee7-44fe-bf36-a3e93de491be",
    "color" : "#008D36",
    "position" : {
      "x" : 11.09017,
      "y" : -11.09017,
      "z" : 11.09017
    },
    "orientation" : 28
  }, {
    "shape" : "b733c5a7-eee7-44fe-bf36-a3e93de491be",
    "color" : "#008D36",
    "position" : {
      "x" : 11.09017,
      "y" : -11.09017,
      "z" : 11.09017
    },
    "orientation" : 44
  }, {
    "shape" : "04be073e-1485-4242-ab13-79318b7626fc",
    "color" : "#FFFFFF",
    "position" : {
      "x" : 0.0,
      "y" : -17.944271,
      "z" : -11.09017
    },
    "orientation" : 19
  }, {
    "shape" : "04be073e-1485-4242-ab13-79318b7626fc",
    "color" : "#FFFFFF",
    "position" : {
      "x" : 0.0,
      "y" : 17.944271,
      "z" : 11.09017
    },
    "orientation" : 13
  }, {
    "shape" : "d6f9b5da-4f3f-4dfc-9aa2-97772cd842d0",
    "color" : "#FFFFFF",
    "position" : {
      "x" : -13.208204,
      "y" : 7.663119,
      "z" : -23.489357
    },
    "orientation" : 21
  }, {
    "shape" : "d6f9b5da-4f3f-4dfc-9aa2-97772cd842d0",
    "color" : "#FFFFFF",
    "position" : {
      "x" : 13.208204,
      "y" : 7.663119,
      "z" : 23.489357
    },
    "orientation" : 36
  }, {
    "shape" : "2c854609-0bcc-42dc-884f-fb57ecfae85b",
    "color" : "#AF0000",
    "position" : {
      "x" : 20.062305,
      "y" : -7.663119,
      "z" : 12.399187
    },
    "orientation" : 16
  }, {
    "shape" : "04be073e-1485-4242-ab13-79318b7626fc",
    "color" : "#FFFFFF",
    "position" : {
      "x" : 0.0,
      "y" : -17.944271,
      "z" : 11.09017
    },
    "orientation" : 37
  }, {
    "shape" : "04be073e-1485-4242-ab13-79318b7626fc",
    "color" : "#FFFFFF",
    "position" : {
      "x" : -11.09017,
      "y" : 0.0,
      "z" : -17.944271
    },
    "orientation" : 53
  }, {
    "shape" : "04be073e-1485-4242-ab13-79318b7626fc",
    "color" : "#FFFFFF",
    "position" : {
      "x" : 11.09017,
      "y" : 0.0,
      "z" : 17.944271
    },
    "orientation" : 2
  }, {
    "shape" : "d6f9b5da-4f3f-4dfc-9aa2-97772cd842d0",
    "color" : "#FFFFFF",
    "position" : {
      "x" : 18.753288,
      "y" : 5.545085,
      "z" : -20.062305
    },
    "orientation" : 43
  }, {
    "shape" : "c561f504-9833-4cde-a9ca-29af85ac70eb",
    "color" : "#DC4C00",
    "position" : {
      "x" : 24.798374,
      "y" : 0.0,
      "z" : 0.0
    },
    "orientation" : 36
  }, {
    "shape" : "c561f504-9833-4cde-a9ca-29af85ac70eb",
    "color" : "#DC4C00",
    "position" : {
      "x" : 11.09017,
      "y" : 11.09017,
      "z" : -11.09017
    },
    "orientation" : 26
  }, {
    "shape" : "c561f504-9833-4cde-a9ca-29af85ac70eb",
    "color" : "#DC4C00",
    "position" : {
      "x" : 20.062305,
      "y" : -7.663119,
      "z" : -12.399187
    },
    "orientation" : 54
  }, {
    "shape" : "b733c5a7-eee7-44fe-bf36-a3e93de491be",
    "color" : "#008D36",
    "position" : {
      "x" : -17.944271,
      "y" : -11.09017,
      "z" : 0.0
    },
    "orientation" : 53
  }, {
    "shape" : "04be073e-1485-4242-ab13-79318b7626fc",
    "color" : "#FFFFFF",
    "position" : {
      "x" : 11.09017,
      "y" : 0.0,
      "z" : 17.944271
    },
    "orientation" : 11
  }, {
    "shape" : "2c854609-0bcc-42dc-884f-fb57ecfae85b",
    "color" : "#AF0000",
    "position" : {
      "x" : 20.062305,
      "y" : -7.663119,
      "z" : -12.399187
    },
    "orientation" : 47
  }, {
    "shape" : "04be073e-1485-4242-ab13-79318b7626fc",
    "color" : "#FFFFFF",
    "position" : {
      "x" : -11.09017,
      "y" : 0.0,
      "z" : -17.944271
    },
    "orientation" : 50
  }, {
    "shape" : "d6f9b5da-4f3f-4dfc-9aa2-97772cd842d0",
    "color" : "#FFFFFF",
    "position" : {
      "x" : -1.309017,
      "y" : -26.916409,
      "z" : 7.663119
    },
    "orientation" : 9
  }, {
    "shape" : "2c854609-0bcc-42dc-884f-fb57ecfae85b",
    "color" : "#AF0000",
    "position" : {
      "x" : 0.0,
      "y" : -6.854102,
      "z" : -17.944271
    },
    "orientation" : 0
  }, {
    "shape" : "821ed942-fb1a-4532-b1f9-7a55354d9868",
    "color" : "#FFFFFF",
    "position" : {
      "x" : 0.0,
      "y" : -17.944271,
      "z" : -11.09017
    }
  }, {
    "shape" : "821ed942-fb1a-4532-b1f9-7a55354d9868",
    "color" : "#FFFFFF",
    "position" : {
      "x" : -6.854102,
      "y" : -17.944271,
      "z" : 0.0
    }
  }, {
    "shape" : "b733c5a7-eee7-44fe-bf36-a3e93de491be",
    "color" : "#008D36",
    "position" : {
      "x" : 11.09017,
      "y" : 0.0,
      "z" : 17.944271
    },
    "orientation" : 32
  }, {
    "shape" : "b733c5a7-eee7-44fe-bf36-a3e93de491be",
    "color" : "#008D36",
    "position" : {
      "x" : -11.09017,
      "y" : -11.09017,
      "z" : 11.09017
    },
    "orientation" : 45
  }, {
    "shape" : "c561f504-9833-4cde-a9ca-29af85ac70eb",
    "color" : "#DC4C00",
    "position" : {
      "x" : 7.663119,
      "y" : -12.399187,
      "z" : -20.062305
    },
    "orientation" : 41
  }, {
    "shape" : "b733c5a7-eee7-44fe-bf36-a3e93de491be",
    "color" : "#008D36",
    "position" : {
      "x" : 17.944271,
      "y" : 11.09017,
      "z" : 0.0
    },
    "orientation" : 49
  }, {
    "shape" : "821ed942-fb1a-4532-b1f9-7a55354d9868",
    "color" : "#FFFFFF",
    "position" : {
      "x" : 6.854102,
      "y" : 17.944271,
      "z" : 0.0
    }
  }, {
    "shape" : "c561f504-9833-4cde-a9ca-29af85ac70eb",
    "color" : "#DC4C00",
    "position" : {
      "x" : -12.399187,
      "y" : -20.062305,
      "z" : 7.663119
    },
    "orientation" : 55
  }, {
    "shape" : "2c854609-0bcc-42dc-884f-fb57ecfae85b",
    "color" : "#AF0000",
    "position" : {
      "x" : -11.09017,
      "y" : -11.09017,
      "z" : 11.09017
    },
    "orientation" : 15
  }, {
    "shape" : "2c854609-0bcc-42dc-884f-fb57ecfae85b",
    "color" : "#AF0000",
    "position" : {
      "x" : 20.062305,
      "y" : -7.663119,
      "z" : -12.399187
    },
    "orientation" : 2
  }, {
    "shape" : "c561f504-9833-4cde-a9ca-29af85ac70eb",
    "color" : "#DC4C00",
    "position" : {
      "x" : -7.663119,
      "y" : 12.399187,
      "z" : 20.062305
    },
    "orientation" : 20
  }, {
    "shape" : "04be073e-1485-4242-ab13-79318b7626fc",
    "color" : "#FFFFFF",
    "position" : {
      "x" : 0.0,
      "y" : 17.944271,
      "z" : -11.09017
    },
    "orientation" : 49
  }, {
    "shape" : "821ed942-fb1a-4532-b1f9-7a55354d9868",
    "color" : "#FFFFFF",
    "position" : {
      "x" : -20.062305,
      "y" : -7.663119,
      "z" : -12.399187
    }
  }, {
    "shape" : "04be073e-1485-4242-ab13-79318b7626fc",
    "color" : "#FFFFFF",
    "position" : {
      "x" : 11.09017,
      "y" : 0.0,
      "z" : 17.944271
    },
    "orientation" : 14
  }, {
    "shape" : "c561f504-9833-4cde-a9ca-29af85ac70eb",
    "color" : "#DC4C00",
    "position" : {
      "x" : -20.062305,
      "y" : 7.663119,
      "z" : 12.399187
    },
    "orientation" : 17
  }, {
    "shape" : "821ed942-fb1a-4532-b1f9-7a55354d9868",
    "color" : "#FFFFFF",
    "position" : {
      "x" : -6.854102,
      "y" : 17.944271,
      "z" : 0.0
    }
  }, {
    "shape" : "2c854609-0bcc-42dc-884f-fb57ecfae85b",
    "color" : "#AF0000",
    "position" : {
      "x" : -12.399187,
      "y" : 20.062305,
      "z" : -7.663119
    },
    "orientation" : 30
  }, {
    "shape" : "b733c5a7-eee7-44fe-bf36-a3e93de491be",
    "color" : "#008D36",
    "position" : {
      "x" : 6.854102,
      "y" : 17.944271,
      "z" : 0.0
    },
    "orientation" : 11
  }, {
    "shape" : "b733c5a7-eee7-44fe-bf36-a3e93de491be",
    "color" : "#008D36",
    "position" : {
      "x" : 0.0,
      "y" : -6.854102,
      "z" : 17.944271
    },
    "orientation" : 39
  }, {
    "shape" : "c561f504-9833-4cde-a9ca-29af85ac70eb",
    "color" : "#DC4C00",
    "position" : {
      "x" : 20.062305,
      "y" : -7.663119,
      "z" : 12.399187
    },
    "orientation" : 47
  }, {
    "shape" : "b733c5a7-eee7-44fe-bf36-a3e93de491be",
    "color" : "#008D36",
    "position" : {
      "x" : 17.944271,
      "y" : 11.09017,
      "z" : 0.0
    },
    "orientation" : 15
  }, {
    "shape" : "04be073e-1485-4242-ab13-79318b7626fc",
    "color" : "#FFFFFF",
    "position" : {
      "x" : 0.0,
      "y" : 17.944271,
      "z" : 11.09017
    },
    "orientation" : 7
  }, {
    "shape" : "821ed942-fb1a-4532-b1f9-7a55354d9868",
    "color" : "#FFFFFF",
    "position" : {
      "x" : 0.0,
      "y" : 24.798374,
      "z" : 0.0
    }
  }, {
    "shape" : "2c854609-0bcc-42dc-884f-fb57ecfae85b",
    "color" : "#AF0000",
    "position" : {
      "x" : 0.0,
      "y" : -24.798374,
      "z" : 0.0
    },
    "orientation" : 2
  }, {
    "shape" : "b733c5a7-eee7-44fe-bf36-a3e93de491be",
    "color" : "#008D36",
    "position" : {
      "x" : 11.09017,
      "y" : -11.09017,
      "z" : 11.09017
    },
    "orientation" : 12
  }, {
    "shape" : "2c854609-0bcc-42dc-884f-fb57ecfae85b",
    "color" : "#AF0000",
    "position" : {
      "x" : 7.663119,
      "y" : 12.399187,
      "z" : -20.062305
    },
    "orientation" : 45
  }, {
    "shape" : "b733c5a7-eee7-44fe-bf36-a3e93de491be",
    "color" : "#008D36",
    "position" : {
      "x" : -17.944271,
      "y" : 0.0,
      "z" : 6.854102
    },
    "orientation" : 40
  }, {
    "shape" : "821ed942-fb1a-4532-b1f9-7a55354d9868",
    "color" : "#FFFFFF",
    "position" : {
      "x" : -7.663119,
      "y" : 1.309017,
      "z" : -26.916409
    }
  }, {
    "shape" : "d6f9b5da-4f3f-4dfc-9aa2-97772cd842d0",
    "color" : "#FFFFFF",
    "position" : {
      "x" : 3.427051,
      "y" : -19.253288,
      "z" : -20.062305
    },
    "orientation" : 2
  }, {
    "shape" : "d6f9b5da-4f3f-4dfc-9aa2-97772cd842d0",
    "color" : "#FFFFFF",
    "position" : {
      "x" : -20.062305,
      "y" : -18.753288,
      "z" : -5.545085
    },
    "orientation" : 14
  }, {
    "shape" : "821ed942-fb1a-4532-b1f9-7a55354d9868",
    "color" : "#FFFFFF",
    "position" : {
      "x" : -20.062305,
      "y" : 3.427051,
      "z" : -19.253288
    }
  }, {
    "shape" : "2c854609-0bcc-42dc-884f-fb57ecfae85b",
    "color" : "#AF0000",
    "position" : {
      "x" : 0.0,
      "y" : -6.854102,
      "z" : -17.944271
    },
    "orientation" : 45
  }, {
    "shape" : "821ed942-fb1a-4532-b1f9-7a55354d9868",
    "color" : "#FFFFFF",
    "position" : {
      "x" : -19.253288,
      "y" : 20.062305,
      "z" : -3.427051
    }
  }, {
    "shape" : "b733c5a7-eee7-44fe-bf36-a3e93de491be",
    "color" : "#008D36",
    "position" : {
      "x" : 11.09017,
      "y" : 11.09017,
      "z" : -11.09017
    },
    "orientation" : 59
  }, {
    "shape" : "821ed942-fb1a-4532-b1f9-7a55354d9868",
    "color" : "#FFFFFF",
    "position" : {
      "x" : 20.062305,
      "y" : 7.663119,
      "z" : 12.399187
    }
  }, {
    "shape" : "b733c5a7-eee7-44fe-bf36-a3e93de491be",
    "color" : "#008D36",
    "position" : {
      "x" : -6.854102,
      "y" : -17.944271,
      "z" : 0.0
    },
    "orientation" : 21
  }, {
    "shape" : "821ed942-fb1a-4532-b1f9-7a55354d9868",
    "color" : "#FFFFFF",
    "position" : {
      "x" : -7.663119,
      "y" : 12.399187,
      "z" : 20.062305
    }
  }, {
    "shape" : "c561f504-9833-4cde-a9ca-29af85ac70eb",
    "color" : "#DC4C00",
    "position" : {
      "x" : -12.399187,
      "y" : 20.062305,
      "z" : 7.663119
    },
    "orientation" : 15
  }, {
    "shape" : "b733c5a7-eee7-44fe-bf36-a3e93de491be",
    "color" : "#008D36",
    "position" : {
      "x" : 17.944271,
      "y" : 0.0,
      "z" : 6.854102
    },
    "orientation" : 34
  }, {
    "shape" : "d6f9b5da-4f3f-4dfc-9aa2-97772cd842d0",
    "color" : "#FFFFFF",
    "position" : {
      "x" : 20.062305,
      "y" : 3.427051,
      "z" : 19.253288
    },
    "orientation" : 45
  }, {
    "shape" : "2c854609-0bcc-42dc-884f-fb57ecfae85b",
    "color" : "#AF0000",
    "position" : {
      "x" : 12.399187,
      "y" : 20.062305,
      "z" : 7.663119
    },
    "orientation" : 15
  }, {
    "shape" : "2c854609-0bcc-42dc-884f-fb57ecfae85b",
    "color" : "#AF0000",
    "position" : {
      "x" : -17.944271,
      "y" : 0.0,
      "z" : 6.854102
    },
    "orientation" : 16
  }, {
    "shape" : "d6f9b5da-4f3f-4dfc-9aa2-97772cd842d0",
    "color" : "#FFFFFF",
    "position" : {
      "x" : 11.09017,
      "y" : 6.854102,
      "z" : -24.798374
    },
    "orientation" : 5
  }, {
    "shape" : "c561f504-9833-4cde-a9ca-29af85ac70eb",
    "color" : "#DC4C00",
    "position" : {
      "x" : 17.944271,
      "y" : 0.0,
      "z" : -6.854102
    },
    "orientation" : 6
  }, {
    "shape" : "821ed942-fb1a-4532-b1f9-7a55354d9868",
    "color" : "#FFFFFF",
    "position" : {
      "x" : 0.0,
      "y" : -6.854102,
      "z" : -17.944271
    }
  }, {
    "shape" : "821ed942-fb1a-4532-b1f9-7a55354d9868",
    "color" : "#FFFFFF",
    "position" : {
      "x" : 0.0,
      "y" : -24.798374,
      "z" : 0.0
    }
  }, {
    "shape" : "821ed942-fb1a-4532-b1f9-7a55354d9868",
    "color" : "#FFFFFF",
    "position" : {
      "x" : 19.253288,
      "y" : -20.062305,
      "z" : -3.427051
    }
  }, {
    "shape" : "c561f504-9833-4cde-a9ca-29af85ac70eb",
    "color" : "#DC4C00",
    "position" : {
      "x" : -20.062305,
      "y" : 7.663119,
      "z" : 12.399187
    },
    "orientation" : 18
  }, {
    "shape" : "04be073e-1485-4242-ab13-79318b7626fc",
    "color" : "#FFFFFF",
    "position" : {
      "x" : -17.944271,
      "y" : -11.09017,
      "z" : 0.0
    },
    "orientation" : 36
  }, {
    "shape" : "b733c5a7-eee7-44fe-bf36-a3e93de491be",
    "color" : "#008D36",
    "position" : {
      "x" : -17.944271,
      "y" : 0.0,
      "z" : 6.854102
    },
    "orientation" : 53
  }, {
    "shape" : "c561f504-9833-4cde-a9ca-29af85ac70eb",
    "color" : "#DC4C00",
    "position" : {
      "x" : -12.399187,
      "y" : 20.062305,
      "z" : -7.663119
    },
    "orientation" : 27
  }, {
    "shape" : "c561f504-9833-4cde-a9ca-29af85ac70eb",
    "color" : "#DC4C00",
    "position" : {
      "x" : 0.0,
      "y" : -6.854102,
      "z" : -17.944271
    },
    "orientation" : 20
  }, {
    "shape" : "821ed942-fb1a-4532-b1f9-7a55354d9868",
    "color" : "#FFFFFF",
    "position" : {
      "x" : 26.916409,
      "y" : 7.663119,
      "z" : 1.309017
    }
  }, {
    "shape" : "d6f9b5da-4f3f-4dfc-9aa2-97772cd842d0",
    "color" : "#FFFFFF",
    "position" : {
      "x" : -5.545085,
      "y" : 20.062305,
      "z" : 18.753288
    },
    "orientation" : 27
  }, {
    "shape" : "04be073e-1485-4242-ab13-79318b7626fc",
    "color" : "#FFFFFF",
    "position" : {
      "x" : 17.944271,
      "y" : -11.09017,
      "z" : 0.0
    },
    "orientation" : 24
  }, {
    "shape" : "d6f9b5da-4f3f-4dfc-9aa2-97772cd842d0",
    "color" : "#FFFFFF",
    "position" : {
      "x" : 26.916409,
      "y" : -7.663119,
      "z" : -1.309017
    },
    "orientation" : 41
  }, {
    "shape" : "d6f9b5da-4f3f-4dfc-9aa2-97772cd842d0",
    "color" : "#FFFFFF",
    "position" : {
      "x" : 19.253288,
      "y" : -20.062305,
      "z" : -3.427051
    },
    "orientation" : 46
  }, {
    "shape" : "d6f9b5da-4f3f-4dfc-9aa2-97772cd842d0",
    "color" : "#FFFFFF",
    "position" : {
      "x" : -24.798374,
      "y" : 11.09017,
      "z" : 6.854102
    },
    "orientation" : 3
  }, {
    "shape" : "c561f504-9833-4cde-a9ca-29af85ac70eb",
    "color" : "#DC4C00",
    "position" : {
      "x" : 20.062305,
      "y" : 7.663119,
      "z" : 12.399187
    },
    "orientation" : 39
  }, {
    "shape" : "04be073e-1485-4242-ab13-79318b7626fc",
    "color" : "#FFFFFF",
    "position" : {
      "x" : 17.944271,
      "y" : 11.09017,
      "z" : 0.0
    },
    "orientation" : 6
  }, {
    "shape" : "c561f504-9833-4cde-a9ca-29af85ac70eb",
    "color" : "#DC4C00",
    "position" : {
      "x" : -20.062305,
      "y" : -7.663119,
      "z" : -12.399187
    },
    "orientation" : 2
  }, {
    "shape" : "2c854609-0bcc-42dc-884f-fb57ecfae85b",
    "color" : "#AF0000",
    "position" : {
      "x" : 20.062305,
      "y" : 7.663119,
      "z" : -12.399187
    },
    "orientation" : 1
  }, {
    "shape" : "821ed942-fb1a-4532-b1f9-7a55354d9868",
    "color" : "#FFFFFF",
    "position" : {
      "x" : 6.854102,
      "y" : -17.944271,
      "z" : 0.0
    }
  }, {
    "shape" : "04be073e-1485-4242-ab13-79318b7626fc",
    "color" : "#FFFFFF",
    "position" : {
      "x" : 17.944271,
      "y" : 11.09017,
      "z" : 0.0
    },
    "orientation" : 9
  }, {
    "shape" : "c561f504-9833-4cde-a9ca-29af85ac70eb",
    "color" : "#DC4C00",
    "position" : {
      "x" : -7.663119,
      "y" : -12.399187,
      "z" : -20.062305
    },
    "orientation" : 1
  }, {
    "shape" : "d6f9b5da-4f3f-4dfc-9aa2-97772cd842d0",
    "color" : "#FFFFFF",
    "position" : {
      "x" : 13.208204,
      "y" : -7.663119,
      "z" : -23.489357
    },
    "orientation" : 51
  }, {
    "shape" : "821ed942-fb1a-4532-b1f9-7a55354d9868",
    "color" : "#FFFFFF",
    "position" : {
      "x" : 17.944271,
      "y" : -11.09017,
      "z" : 0.0
    }
  }, {
    "shape" : "2c854609-0bcc-42dc-884f-fb57ecfae85b",
    "color" : "#AF0000",
    "position" : {
      "x" : 12.399187,
      "y" : -20.062305,
      "z" : -7.663119
    },
    "orientation" : 30
  }, {
    "shape" : "b733c5a7-eee7-44fe-bf36-a3e93de491be",
    "color" : "#008D36",
    "position" : {
      "x" : 11.09017,
      "y" : 11.09017,
      "z" : 11.09017
    },
    "orientation" : 46
  }, {
    "shape" : "b733c5a7-eee7-44fe-bf36-a3e93de491be",
    "color" : "#008D36",
    "position" : {
      "x" : 0.0,
      "y" : -17.944271,
      "z" : 11.09017
    },
    "orientation" : 39
  }, {
    "shape" : "b733c5a7-eee7-44fe-bf36-a3e93de491be",
    "color" : "#008D36",
    "position" : {
      "x" : -11.09017,
      "y" : -11.09017,
      "z" : 11.09017
    },
    "orientation" : 2
  }, {
    "shape" : "b733c5a7-eee7-44fe-bf36-a3e93de491be",
    "color" : "#008D36",
    "position" : {
      "x" : -11.09017,
      "y" : 0.0,
      "z" : 17.944271
    },
    "orientation" : 48
  }, {
    "shape" : "b733c5a7-eee7-44fe-bf36-a3e93de491be",
    "color" : "#008D36",
    "position" : {
      "x" : 0.0,
      "y" : -17.944271,
      "z" : -11.09017
    },
    "orientation" : 36
  }, {
    "shape" : "d6f9b5da-4f3f-4dfc-9aa2-97772cd842d0",
    "color" : "#FFFFFF",
    "position" : {
      "x" : -18.753288,
      "y" : 5.545085,
      "z" : 20.062305
    },
    "orientation" : 28
  }, {
    "shape" : "d6f9b5da-4f3f-4dfc-9aa2-97772cd842d0",
    "color" : "#FFFFFF",
    "position" : {
      "x" : 23.489357,
      "y" : -13.208204,
      "z" : -7.663119
    },
    "orientation" : 7
  }, {
    "shape" : "821ed942-fb1a-4532-b1f9-7a55354d9868",
    "color" : "#FFFFFF",
    "position" : {
      "x" : 6.854102,
      "y" : 24.798374,
      "z" : -11.09017
    }
  }, {
    "shape" : "821ed942-fb1a-4532-b1f9-7a55354d9868",
    "color" : "#FFFFFF",
    "position" : {
      "x" : 12.399187,
      "y" : 20.062305,
      "z" : -7.663119
    }
  }, {
    "shape" : "c561f504-9833-4cde-a9ca-29af85ac70eb",
    "color" : "#DC4C00",
    "position" : {
      "x" : -11.09017,
      "y" : 11.09017,
      "z" : 11.09017
    },
    "orientation" : 10
  }, {
    "shape" : "2c854609-0bcc-42dc-884f-fb57ecfae85b",
    "color" : "#AF0000",
    "position" : {
      "x" : -7.663119,
      "y" : 12.399187,
      "z" : 20.062305
    },
    "orientation" : 0
  }, {
    "shape" : "d6f9b5da-4f3f-4dfc-9aa2-97772cd842d0",
    "color" : "#FFFFFF",
    "position" : {
      "x" : 24.798374,
      "y" : 11.09017,
      "z" : -6.854102
    },
    "orientation" : 48
  }, {
    "shape" : "04be073e-1485-4242-ab13-79318b7626fc",
    "color" : "#FFFFFF",
    "position" : {
      "x" : 0.0,
      "y" : 17.944271,
      "z" : -11.09017
    },
    "orientation" : 46
  }, {
    "shape" : "821ed942-fb1a-4532-b1f9-7a55354d9868",
    "color" : "#FFFFFF",
    "position" : {
      "x" : 0.0,
      "y" : 6.854102,
      "z" : 17.944271
    }
  }, {
    "shape" : "c561f504-9833-4cde-a9ca-29af85ac70eb",
    "color" : "#DC4C00",
    "position" : {
      "x" : -11.09017,
      "y" : 11.09017,
      "z" : 11.09017
    },
    "orientation" : 41
  }, {
    "shape" : "2c854609-0bcc-42dc-884f-fb57ecfae85b",
    "color" : "#AF0000",
    "position" : {
      "x" : 11.09017,
      "y" : 11.09017,
      "z" : -11.09017
    },
    "orientation" : 45
  }, {
    "shape" : "2c854609-0bcc-42dc-884f-fb57ecfae85b",
    "color" : "#AF0000",
    "position" : {
      "x" : 0.0,
      "y" : -6.854102,
      "z" : -17.944271
    },
    "orientation" : 31
  }, {
    "shape" : "04be073e-1485-4242-ab13-79318b7626fc",
    "color" : "#FFFFFF",
    "position" : {
      "x" : 0.0,
      "y" : 17.944271,
      "z" : -11.09017
    },
    "orientation" : 55
  }, {
    "shape" : "b733c5a7-eee7-44fe-bf36-a3e93de491be",
    "color" : "#008D36",
    "position" : {
      "x" : 0.0,
      "y" : 6.854102,
      "z" : -17.944271
    },
    "orientation" : 3
  }, {
    "shape" : "2c854609-0bcc-42dc-884f-fb57ecfae85b",
    "color" : "#AF0000",
    "position" : {
      "x" : 0.0,
      "y" : 0.0,
      "z" : -24.798374
    },
    "orientation" : 30
  }, {
    "shape" : "c561f504-9833-4cde-a9ca-29af85ac70eb",
    "color" : "#DC4C00",
    "position" : {
      "x" : 20.062305,
      "y" : -7.663119,
      "z" : -12.399187
    },
    "orientation" : 44
  }, {
    "shape" : "2c854609-0bcc-42dc-884f-fb57ecfae85b",
    "color" : "#AF0000",
    "position" : {
      "x" : 0.0,
      "y" : -6.854102,
      "z" : 17.944271
    },
    "orientation" : 0
  }, {
    "shape" : "2c854609-0bcc-42dc-884f-fb57ecfae85b",
    "color" : "#AF0000",
    "position" : {
      "x" : 0.0,
      "y" : 24.798374,
      "z" : 0.0
    },
    "orientation" : 17
  }, {
    "shape" : "821ed942-fb1a-4532-b1f9-7a55354d9868",
    "color" : "#FFFFFF",
    "position" : {
      "x" : 13.208204,
      "y" : -7.663119,
      "z" : -23.489357
    }
  }, {
    "shape" : "2c854609-0bcc-42dc-884f-fb57ecfae85b",
    "color" : "#AF0000",
    "position" : {
      "x" : 17.944271,
      "y" : 0.0,
      "z" : -6.854102
    },
    "orientation" : 31
  }, {
    "shape" : "d6f9b5da-4f3f-4dfc-9aa2-97772cd842d0",
    "color" : "#FFFFFF",
    "position" : {
      "x" : -7.663119,
      "y" : 1.309017,
      "z" : -26.916409
    },
    "orientation" : 40
  }, {
    "shape" : "b733c5a7-eee7-44fe-bf36-a3e93de491be",
    "color" : "#008D36",
    "position" : {
      "x" : 0.0,
      "y" : -6.854102,
      "z" : -17.944271
    },
    "orientation" : 24
  }, {
    "shape" : "2c854609-0bcc-42dc-884f-fb57ecfae85b",
    "color" : "#AF0000",
    "position" : {
      "x" : -7.663119,
      "y" : 12.399187,
      "z" : 20.062305
    },
    "orientation" : 30
  }, {
    "shape" : "821ed942-fb1a-4532-b1f9-7a55354d9868",
