{
  "lighting": {
    "backgroundColor": "#8CC2E7",
    "ambientColor": "#333333",
    "directionalLights": [
      {
        "direction": [
          1,
          -1,
          -0.3
        ],
        "color": "#FDFDFD"
      },
      {
        "direction": [
          -1,
          0,
          -0.2
        ],
        "color": "#B5B5B5"
      },
      {
        "direction": [
          0,
          0,
          -1
        ],
        "color": "#303030"
      }
    ]
  },
  "camera": {
    "near": 0.21101269125938416,
    "far": 455.787353515625,
    "width": 102.5521469116211,
    "distance": 227.89373779296875,
    "up": [
      0.014807785861194134,
      0.36563268303871155,
      0.9306414127349854
    ],
    "lookAt": [
      -1.9751896858215332,
      -0.3240308165550232,
      -0.29966047406196594
    ],
    "lookDir": [
      -0.8750470280647278,
      -0.4456150531768799,
      0.18899746239185333
    ],
    "perspective": true
  },
  "embedding": [
    1,
    0,
    0,
    0,
    0,
    1,
    0,
    0,
    0,
    0,
    1,
    0,
    0,
    0,
    0,
    1
  ],
  "orientations": [
    [
      1,
      0,
      0,
      0,
      0,
      1,
      0,
      0,
      0,
      0,
      1,
      0,
      0,
      0,
      0,
      1
    ],
    [
      0,
      0,
      1,
      0,
      1,
      0,
      0,
      0,
      0,
      1,
      0,
      0,
      0,
      0,
      0,
      1
    ],
    [
      0,
      1,
      0,
      0,
      0,
      0,
      1,
      0,
      1,
      0,
      0,
      0,
      0,
      0,
      0,
      1
    ],
    [
      0.8090169943749475,
      0.30901699437494745,
      0.5,
      0,
      0.30901699437494745,
      0.5,
      -0.8090169943749475,
      0,
      -0.5,
      0.8090169943749475,
      0.30901699437494745,
      0,
      0,
      0,
      0,
      1
    ],
    [
      -0.5,
      0.8090169943749475,
      0.30901699437494745,
      0,
      0.8090169943749475,
      0.30901699437494745,
      0.5,
      0,
      0.30901699437494745,
      0.5,
      -0.8090169943749475,
      0,
      0,
      0,
      0,
      1
    ],
    [
      0.30901699437494745,
      0.5,
      -0.8090169943749475,
      0,
      -0.5,
      0.8090169943749475,
      0.30901699437494745,
      0,
      0.8090169943749475,
      0.30901699437494745,
      0.5,
      0,
      0,
      0,
      0,
      1
    ],
    [
      0.5,
      0.8090169943749475,
      0.30901699437494745,
      0,
      0.8090169943749475,
      -0.30901699437494745,
      -0.5,
      0,
      -0.30901699437494745,
      0.5,
      -0.8090169943749475,
      0,
      0,
      0,
      0,
      1
    ],
    [
      -0.30901699437494745,
      0.5,
      -0.8090169943749475,
      0,
      0.5,
      0.8090169943749475,
      0.30901699437494745,
      0,
      0.8090169943749475,
      -0.30901699437494745,
      -0.5,
      0,
      0,
      0,
      0,
      1
    ],
    [
      0.8090169943749475,
      -0.30901699437494745,
      -0.5,
      0,
      -0.30901699437494745,
      0.5,
      -0.8090169943749475,
      0,
      0.5,
      0.8090169943749475,
      0.30901699437494745,
      0,
      0,
      0,
      0,
      1
    ],
    [
      0.5,
      0.8090169943749475,
      -0.30901699437494745,
      0,
      0.8090169943749475,
      -0.30901699437494745,
      0.5,
      0,
      0.30901699437494745,
      -0.5,
      -0.8090169943749475,
      0,
      0,
      0,
      0,
      1
    ],
    [
      0.30901699437494745,
      -0.5,
      -0.8090169943749475,
      0,
      0.5,
      0.8090169943749475,
      -0.30901699437494745,
      0,
      0.8090169943749475,
      -0.30901699437494745,
      0.5,
      0,
      0,
      0,
      0,
      1
    ],
    [
      0.8090169943749475,
      -0.30901699437494745,
      0.5,
      0,
      0.30901699437494745,
      -0.5,
      -0.8090169943749475,
      0,
      0.5,
      0.8090169943749475,
      -0.30901699437494745,
      0,
      0,
      0,
      0,
      1
    ],
    [
      0.8090169943749475,
      0.30901699437494745,
      -0.5,
      0,
      0.30901699437494745,
      0.5,
      0.8090169943749475,
      0,
      0.5,
      -0.8090169943749475,
      0.30901699437494745,
      0,
      0,
      0,
      0,
      1
    ],
    [
      0.5,
      -0.8090169943749475,
      0.30901699437494745,
      0,
      0.8090169943749475,
      0.30901699437494745,
      -0.5,
      0,
      0.30901699437494745,
      0.5,
      0.8090169943749475,
      0,
      0,
      0,
      0,
      1
    ],
    [
      0.30901699437494745,
      0.5,
      0.8090169943749475,
      0,
      0.5,
      -0.8090169943749475,
      0.30901699437494745,
      0,
      0.8090169943749475,
      0.30901699437494745,
      -0.5,
      0,
      0,
      0,
      0,
      1
    ],
    [
      1,
      0,
      0,
      0,
      0,
      -1,
      0,
      0,
      0,
      0,
      -1,
      0,
      0,
      0,
      0,
      1
    ],
    [
      0,
      0,
      1,
      0,
      -1,
      0,
      0,
      0,
      0,
      -1,
      0,
      0,
      0,
      0,
      0,
      1
    ],
    [
      0,
      1,
      0,
      0,
      0,
      0,
      -1,
      0,
      -1,
      0,
      0,
      0,
      0,
      0,
      0,
      1
    ],
    [
      0.8090169943749475,
      0.30901699437494745,
      0.5,
      0,
      -0.30901699437494745,
      -0.5,
      0.8090169943749475,
      0,
      0.5,
      -0.8090169943749475,
      -0.30901699437494745,
      0,
      0,
      0,
      0,
      1
    ],
    [
      -0.5,
      0.8090169943749475,
      0.30901699437494745,
      0,
      -0.8090169943749475,
      -0.30901699437494745,
      -0.5,
      0,
      -0.30901699437494745,
      -0.5,
      0.8090169943749475,
      0,
      0,
      0,
      0,
      1
    ],
    [
      0.30901699437494745,
      0.5,
      -0.8090169943749475,
      0,
      0.5,
      -0.8090169943749475,
      -0.30901699437494745,
      0,
      -0.8090169943749475,
      -0.30901699437494745,
      -0.5,
      0,
      0,
      0,
      0,
      1
    ],
    [
      0.5,
      0.8090169943749475,
      0.30901699437494745,
      0,
      -0.8090169943749475,
      0.30901699437494745,
      0.5,
      0,
      0.30901699437494745,
      -0.5,
      0.8090169943749475,
      0,
      0,
      0,
      0,
      1
    ],
    [
      -0.30901699437494745,
      0.5,
      -0.8090169943749475,
      0,
      -0.5,
      -0.8090169943749475,
      -0.30901699437494745,
      0,
      -0.8090169943749475,
      0.30901699437494745,
      0.5,
      0,
      0,
      0,
      0,
      1
    ],
    [
      0.8090169943749475,
      -0.30901699437494745,
      -0.5,
      0,
      0.30901699437494745,
      -0.5,
      0.8090169943749475,
      0,
      -0.5,
      -0.8090169943749475,
      -0.30901699437494745,
      0,
      0,
      0,
      0,
      1
    ],
    [
      0.5,
      0.8090169943749475,
      -0.30901699437494745,
      0,
      -0.8090169943749475,
      0.30901699437494745,
      -0.5,
      0,
      -0.30901699437494745,
      0.5,
      0.8090169943749475,
      0,
      0,
      0,
      0,
      1
    ],
    [
      0.30901699437494745,
      -0.5,
      -0.8090169943749475,
      0,
      -0.5,
      -0.8090169943749475,
      0.30901699437494745,
      0,
      -0.8090169943749475,
      0.30901699437494745,
      -0.5,
      0,
      0,
      0,
      0,
      1
    ],
    [
      0.8090169943749475,
      -0.30901699437494745,
      0.5,
      0,
      -0.30901699437494745,
      0.5,
      0.8090169943749475,
      0,
      -0.5,
      -0.8090169943749475,
      0.30901699437494745,
      0,
      0,
      0,
      0,
      1
    ],
    [
      0.8090169943749475,
      0.30901699437494745,
      -0.5,
      0,
      -0.30901699437494745,
      -0.5,
      -0.8090169943749475,
      0,
      -0.5,
      0.8090169943749475,
      -0.30901699437494745,
      0,
      0,
      0,
      0,
      1
    ],
    [
      0.5,
      -0.8090169943749475,
      0.30901699437494745,
      0,
      -0.8090169943749475,
      -0.30901699437494745,
      0.5,
      0,
      -0.30901699437494745,
      -0.5,
      -0.8090169943749475,
      0,
      0,
      0,
      0,
      1
    ],
    [
      0.30901699437494745,
      0.5,
      0.8090169943749475,
      0,
      -0.5,
      0.8090169943749475,
      -0.30901699437494745,
      0,
      -0.8090169943749475,
      -0.30901699437494745,
      0.5,
      0,
      0,
      0,
      0,
      1
    ],
    [
      -1,
      0,
      0,
      0,
      0,
      -1,
      0,
      0,
      0,
      0,
      1,
      0,
      0,
      0,
      0,
      1
    ],
    [
      0,
      0,
      -1,
      0,
      -1,
      0,
      0,
      0,
      0,
      1,
      0,
      0,
      0,
      0,
      0,
      1
    ],
    [
      0,
      -1,
      0,
      0,
      0,
      0,
      -1,
      0,
      1,
      0,
      0,
      0,
      0,
      0,
      0,
      1
    ],
    [
      -0.8090169943749475,
      -0.30901699437494745,
      -0.5,
      0,
      -0.30901699437494745,
      -0.5,
      0.8090169943749475,
      0,
      -0.5,
      0.8090169943749475,
      0.30901699437494745,
      0,
      0,
      0,
      0,
      1
    ],
    [
      0.5,
      -0.8090169943749475,
      -0.30901699437494745,
      0,
      -0.8090169943749475,
      -0.30901699437494745,
      -0.5,
      0,
      0.30901699437494745,
      0.5,
      -0.8090169943749475,
      0,
      0,
      0,
      0,
      1
    ],
    [
      -0.30901699437494745,
      -0.5,
      0.8090169943749475,
      0,
      0.5,
      -0.8090169943749475,
      -0.30901699437494745,
      0,
      0.8090169943749475,
      0.30901699437494745,
      0.5,
      0,
      0,
      0,
      0,
      1
    ],
    [
      -0.5,
      -0.8090169943749475,
      -0.30901699437494745,
      0,
      -0.8090169943749475,
      0.30901699437494745,
      0.5,
      0,
      -0.30901699437494745,
      0.5,
      -0.8090169943749475,
      0,
      0,
      0,
      0,
      1
    ],
    [
      0.30901699437494745,
      -0.5,
      0.8090169943749475,
      0,
      -0.5,
      -0.8090169943749475,
      -0.30901699437494745,
      0,
      0.8090169943749475,
      -0.30901699437494745,
      -0.5,
      0,
      0,
      0,
      0,
      1
    ],
    [
      -0.8090169943749475,
      0.30901699437494745,
      0.5,
      0,
      0.30901699437494745,
      -0.5,
      0.8090169943749475,
      0,
      0.5,
      0.8090169943749475,
      0.30901699437494745,
      0,
      0,
      0,
      0,
      1
    ],
    [
      -0.5,
      -0.8090169943749475,
      0.30901699437494745,
      0,
      -0.8090169943749475,
      0.30901699437494745,
      -0.5,
      0,
      0.30901699437494745,
      -0.5,
      -0.8090169943749475,
      0,
      0,
      0,
      0,
      1
    ],
    [
      -0.30901699437494745,
      0.5,
      0.8090169943749475,
      0,
      -0.5,
      -0.8090169943749475,
      0.30901699437494745,
      0,
      0.8090169943749475,
      -0.30901699437494745,
      0.5,
      0,
      0,
      0,
      0,
      1
    ],
    [
      -0.8090169943749475,
      0.30901699437494745,
      -0.5,
      0,
      -0.30901699437494745,
      0.5,
      0.8090169943749475,
      0,
      0.5,
      0.8090169943749475,
      -0.30901699437494745,
      0,
      0,
      0,
      0,
      1
    ],
    [
      -0.8090169943749475,
      -0.30901699437494745,
      0.5,
      0,
      -0.30901699437494745,
      -0.5,
      -0.8090169943749475,
      0,
      0.5,
      -0.8090169943749475,
      0.30901699437494745,
      0,
      0,
      0,
      0,
      1
    ],
    [
      -0.5,
      0.8090169943749475,
      -0.30901699437494745,
      0,
      -0.8090169943749475,
      -0.30901699437494745,
      0.5,
      0,
      0.30901699437494745,
      0.5,
      0.8090169943749475,
      0,
      0,
      0,
      0,
      1
    ],
    [
      -0.30901699437494745,
      -0.5,
      -0.8090169943749475,
      0,
      -0.5,
      0.8090169943749475,
      -0.30901699437494745,
      0,
      0.8090169943749475,
      0.30901699437494745,
      -0.5,
      0,
      0,
      0,
      0,
      1
    ],
    [
      -1,
      0,
      0,
      0,
      0,
      1,
      0,
      0,
      0,
      0,
      -1,
      0,
      0,
      0,
      0,
      1
    ],
    [
      0,
      0,
      -1,
      0,
      1,
      0,
      0,
      0,
      0,
      -1,
      0,
      0,
      0,
      0,
      0,
      1
    ],
    [
      0,
      -1,
      0,
      0,
      0,
      0,
      1,
      0,
      -1,
      0,
      0,
      0,
      0,
      0,
      0,
      1
    ],
    [
      -0.8090169943749475,
      -0.30901699437494745,
      -0.5,
      0,
      0.30901699437494745,
      0.5,
      -0.8090169943749475,
      0,
      0.5,
      -0.8090169943749475,
      -0.30901699437494745,
      0,
      0,
      0,
      0,
      1
    ],
    [
      0.5,
      -0.8090169943749475,
      -0.30901699437494745,
      0,
      0.8090169943749475,
      0.30901699437494745,
      0.5,
      0,
      -0.30901699437494745,
      -0.5,
      0.8090169943749475,
      0,
      0,
      0,
      0,
      1
    ],
    [
      -0.30901699437494745,
      -0.5,
      0.8090169943749475,
      0,
      -0.5,
      0.8090169943749475,
      0.30901699437494745,
      0,
      -0.8090169943749475,
      -0.30901699437494745,
      -0.5,
      0,
      0,
      0,
      0,
      1
    ],
    [
      -0.5,
      -0.8090169943749475,
      -0.30901699437494745,
      0,
      0.8090169943749475,
      -0.30901699437494745,
      -0.5,
      0,
      0.30901699437494745,
      -0.5,
      0.8090169943749475,
      0,
      0,
      0,
      0,
      1
    ],
    [
      0.30901699437494745,
      -0.5,
      0.8090169943749475,
      0,
      0.5,
      0.8090169943749475,
      0.30901699437494745,
      0,
      -0.8090169943749475,
      0.30901699437494745,
      0.5,
      0,
      0,
      0,
      0,
      1
    ],
    [
      -0.8090169943749475,
      0.30901699437494745,
      0.5,
      0,
      -0.30901699437494745,
      0.5,
      -0.8090169943749475,
      0,
      -0.5,
      -0.8090169943749475,
      -0.30901699437494745,
      0,
      0,
      0,
      0,
      1
    ],
    [
      -0.5,
      -0.8090169943749475,
      0.30901699437494745,
      0,
      0.8090169943749475,
      -0.30901699437494745,
      0.5,
      0,
      -0.30901699437494745,
      0.5,
      0.8090169943749475,
      0,
      0,
      0,
      0,
      1
    ],
    [
      -0.30901699437494745,
      0.5,
      0.8090169943749475,
      0,
      0.5,
      0.8090169943749475,
      -0.30901699437494745,
      0,
      -0.8090169943749475,
      0.30901699437494745,
      -0.5,
      0,
      0,
      0,
      0,
      1
    ],
    [
      -0.8090169943749475,
      0.30901699437494745,
      -0.5,
      0,
      0.30901699437494745,
      -0.5,
      -0.8090169943749475,
      0,
      -0.5,
      -0.8090169943749475,
      0.30901699437494745,
      0,
      0,
      0,
      0,
      1
    ],
    [
      -0.8090169943749475,
      -0.30901699437494745,
      0.5,
      0,
      0.30901699437494745,
      0.5,
      0.8090169943749475,
      0,
      -0.5,
      0.8090169943749475,
      -0.30901699437494745,
      0,
      0,
      0,
      0,
      1
    ],
    [
      -0.5,
      0.8090169943749475,
      -0.30901699437494745,
      0,
      0.8090169943749475,
      0.30901699437494745,
      -0.5,
      0,
      -0.30901699437494745,
      -0.5,
      -0.8090169943749475,
      0,
      0,
      0,
      0,
      1
    ],
    [
      -0.30901699437494745,
      -0.5,
      -0.8090169943749475,
      0,
      0.5,
      -0.8090169943749475,
      0.30901699437494745,
      0,
      -0.8090169943749475,
      -0.30901699437494745,
      0.5,
      0,
      0,
      0,
      0,
      1
    ]
  ],
  "polygons": true,
  "shapes": {
    "s0.21527197345222326": {
      "id": "s0.21527197345222326",
      "vertices": [
        {
          "x": 0.30901700258255005,
          "y": -0.80901700258255,
          "z": 0.6180340051651001
        },
        {
          "x": 0.80901700258255,
          "y": -0.6180340051651001,
          "z": 0.30901700258255005
        },
        {
          "x": 0.6180340051651001,
          "y": -0.30901700258255005,
          "z": 0.80901700258255
        },
        {
          "x": 1,
          "y": 0.30901700258255005,
          "z": 0.19098301231861115
        },
        {
          "x": 0.80901700258255,
          "y": 0.6180340051651001,
          "z": 0.30901700258255005
        },
        {
          "x": 0.6180340051651001,
          "y": 0.30901700258255005,
          "z": 0.80901700258255
        },
        {
          "x": 0.80901700258255,
          "y": 0,
          "z": 0.69098299741745
        },
        {
          "x": 0.19098301231861115,
          "y": -1,
          "z": 0.30901700258255005
        },
        {
          "x": -0.19098301231861115,
          "y": -1,
          "z": 0.30901700258255005
        },
        {
          "x": -0.19098301231861115,
          "y": -1,
          "z": -0.30901700258255005
        },
        {
          "x": 0.19098301231861115,
          "y": -1,
          "z": -0.30901700258255005
        },
        {
          "x": 1,
          "y": -0.30901700258255005,
          "z": -0.19098301231861115
        },
        {
          "x": 0.80901700258255,
          "y": -0.6180340051651001,
          "z": -0.30901700258255005
        },
        {
          "x": 0.6180340051651001,
          "y": -0.30901700258255005,
          "z": -0.80901700258255
        },
        {
          "x": 0.80901700258255,
          "y": 0,
          "z": -0.69098299741745
        },
        {
          "x": 0,
          "y": 0.69098299741745,
          "z": -0.80901700258255
        },
        {
          "x": 0.30901700258255005,
          "y": 0.80901700258255,
          "z": -0.6180340051651001
        },
        {
          "x": 0.6180340051651001,
          "y": 0.30901700258255005,
          "z": -0.80901700258255
        },
        {
          "x": 0.30901700258255005,
          "y": 0.19098301231861115,
          "z": -1
        },
        {
          "x": 1,
          "y": 0.30901700258255005,
          "z": -0.19098301231861115
        },
        {
          "x": -0.30901700258255005,
          "y": -0.80901700258255,
          "z": 0.6180340051651001
        },
        {
          "x": 0,
          "y": -0.69098299741745,
          "z": 0.80901700258255
        },
        {
          "x": 0.80901700258255,
          "y": 0.6180340051651001,
          "z": -0.30901700258255005
        },
        {
          "x": 0.69098299741745,
          "y": 0.80901700258255,
          "z": 0
        },
        {
          "x": -0.69098299741745,
          "y": 0.80901700258255,
          "z": 0
        },
        {
          "x": -0.80901700258255,
          "y": 0.6180340051651001,
          "z": 0.30901700258255005
        },
        {
          "x": -0.30901700258255005,
          "y": 0.80901700258255,
          "z": 0.6180340051651001
        },
        {
          "x": -0.19098301231861115,
          "y": 1,
          "z": 0.30901700258255005
        },
        {
          "x": 0.30901700258255005,
          "y": -0.19098301231861115,
          "z": -1
        },
        {
          "x": 0.19098301231861115,
          "y": 1,
          "z": 0.30901700258255005
        },
        {
          "x": 0.30901700258255005,
          "y": 0.80901700258255,
          "z": 0.6180340051651001
        },
        {
          "x": -0.80901700258255,
          "y": -0.6180340051651001,
          "z": 0.30901700258255005
        },
        {
          "x": -0.69098299741745,
          "y": -0.80901700258255,
          "z": 0
        },
        {
          "x": 0,
          "y": 0.69098299741745,
          "z": 0.80901700258255
        },
        {
          "x": 0.30901700258255005,
          "y": -0.80901700258255,
          "z": -0.6180340051651001
        },
        {
          "x": 0,
          "y": -0.69098299741745,
          "z": -0.80901700258255
        },
        {
          "x": -1,
          "y": 0.30901700258255005,
          "z": 0.19098301231861115
        },
        {
          "x": -0.80901700258255,
          "y": 0,
          "z": 0.69098299741745
        },
        {
          "x": -0.6180340051651001,
          "y": 0.30901700258255005,
          "z": 0.80901700258255
        },
        {
          "x": 1,
          "y": -0.30901700258255005,
          "z": 0.19098301231861115
        },
        {
          "x": -0.30901700258255005,
          "y": -0.80901700258255,
          "z": -0.6180340051651001
        },
        {
          "x": -1,
          "y": 0.30901700258255005,
          "z": -0.19098301231861115
        },
        {
          "x": -1,
          "y": -0.30901700258255005,
          "z": -0.19098301231861115
        },
        {
          "x": -1,
          "y": -0.30901700258255005,
          "z": 0.19098301231861115
        },
        {
          "x": 0.19098301231861115,
          "y": 1,
          "z": -0.30901700258255005
        },
        {
          "x": -0.80901700258255,
          "y": 0.6180340051651001,
          "z": -0.30901700258255005
        },
        {
          "x": -0.19098301231861115,
          "y": 1,
          "z": -0.30901700258255005
        },
        {
          "x": -0.30901700258255005,
          "y": 0.80901700258255,
          "z": -0.6180340051651001
        },
        {
          "x": -0.6180340051651001,
          "y": -0.30901700258255005,
          "z": 0.80901700258255
        },
        {
          "x": 0.30901700258255005,
          "y": 0.19098301231861115,
          "z": 1
        },
        {
          "x": -0.30901700258255005,
          "y": 0.19098301231861115,
          "z": -1
        },
        {
          "x": -0.30901700258255005,
          "y": 0.19098301231861115,
          "z": 1
        },
        {
          "x": -0.30901700258255005,
          "y": -0.19098301231861115,
          "z": 1
        },
        {
          "x": 0.30901700258255005,
          "y": -0.19098301231861115,
          "z": 1
        },
        {
          "x": 0.69098299741745,
          "y": -0.80901700258255,
          "z": 0
        },
        {
          "x": -0.80901700258255,
          "y": 0,
          "z": -0.69098299741745
        },
        {
          "x": -0.6180340051651001,
          "y": -0.30901700258255005,
          "z": -0.80901700258255
        },
        {
          "x": -0.30901700258255005,
          "y": -0.19098301231861115,
          "z": -1
        },
        {
          "x": -0.6180340051651001,
          "y": 0.30901700258255005,
          "z": -0.80901700258255
        },
        {
          "x": -0.80901700258255,
          "y": -0.6180340051651001,
          "z": -0.30901700258255005
        }
      ],
      "faces": [
        {
          "vertices": [
            0,
            1,
            2
          ]
        },
        {
          "vertices": [
            3,
            4,
            5,
            6
          ]
        },
        {
          "vertices": [
            7,
            8,
            9,
            10
          ]
        },
        {
          "vertices": [
            11,
            12,
            13,
            14
          ]
        },
        {
          "vertices": [
            15,
            16,
            17,
            18
          ]
        },
        {
          "vertices": [
            11,
            14,
            19
          ]
        },
        {
          "vertices": [
            0,
            21,
            20,
            8,
            7
          ]
        },
        {
          "vertices": [
            3,
            19,
            22,
            23,
            4
          ]
        },
        {
          "vertices": [
            7,
            10,
            54
          ]
        },
        {
          "vertices": [
            24,
            25,
            26,
            27
          ]
        },
        {
          "vertices": [
            13,
            28,
            18,
            17,
            14
          ]
        },
        {
          "vertices": [
            4,
            23,
            29,
            30
          ]
        },
        {
          "vertices": [
            8,
            20,
            31,
            32
          ]
        },
        {
          "vertices": [
            26,
            33,
            30,
            29,
            27
          ]
        },
        {
          "vertices": [
            13,
            34,
            35,
            28
          ]
        },
        {
          "vertices": [
            10,
            34,
            12,
            54
          ]
        },
        {
          "vertices": [
            25,
            36,
            37,
            38
          ]
        },
        {
          "vertices": [
            3,
            6,
            39
          ]
        },
        {
          "vertices": [
            1,
            39,
            6,
            2
          ]
        },
        {
          "vertices": [
            9,
            40,
            35,
            34,
            10
          ]
        },
        {
          "vertices": [
            36,
            41,
            42,
            43
          ]
        },
        {
          "vertices": [
            24,
            46,
            47,
            45
          ]
        },
        {
          "vertices": [
            23,
            44,
            29
          ]
        },
        {
          "vertices": [
            24,
            45,
            41,
            36,
            25
          ]
        },
        {
          "vertices": [
            20,
            48,
            31
          ]
        },
        {
          "vertices": [
            5,
            30,
            33,
            49
          ]
        },
        {
          "vertices": [
            1,
            54,
            12,
            11,
            39
          ]
        },
        {
          "vertices": [
            15,
            18,
            50
          ]
        },
        {
          "vertices": [
            49,
            51,
            52,
            53
          ]
        },
        {
          "vertices": [
            33,
            51,
            49
          ]
        },
        {
          "vertices": [
            15,
            47,
            46,
            44,
            16
          ]
        },
        {
          "vertices": [
            12,
            34,
            13
          ]
        },
        {
          "vertices": [
            27,
            29,
            44,
            46
          ]
        },
        {
          "vertices": [
            4,
            30,
            5
          ]
        },
        {
          "vertices": [
            2,
            6,
            5,
            49,
            53
          ]
        },
        {
          "vertices": [
            41,
            55,
            42
          ]
        },
        {
          "vertices": [
            35,
            40,
            56,
            57
          ]
        },
        {
          "vertices": [
            18,
            28,
            57,
            50
          ]
        },
        {
          "vertices": [
            50,
            57,
            56,
            55,
            58
          ]
        },
        {
          "vertices": [
            0,
            7,
            54,
            1
          ]
        },
        {
          "vertices": [
            15,
            50,
            58,
            47
          ]
        },
        {
          "vertices": [
            24,
            27,
            46
          ]
        },
        {
          "vertices": [
            21,
            53,
            52
          ]
        },
        {
          "vertices": [
            45,
            47,
            58
          ]
        },
        {
          "vertices": [
            3,
            39,
            11,
            19
          ]
        },
        {
          "vertices": [
            14,
            17,
            22,
            19
          ]
        },
        {
          "vertices": [
            37,
            48,
            52,
            51,
            38
          ]
        },
        {
          "vertices": [
            16,
            44,
            23,
            22
          ]
        },
        {
          "vertices": [
            9,
            32,
            59,
            40
          ]
        },
        {
          "vertices": [
            26,
            38,
            51,
            33
          ]
        },
        {
          "vertices": [
            0,
            2,
            53,
            21
          ]
        },
        {
          "vertices": [
            41,
            45,
            58,
            55
          ]
        },
        {
          "vertices": [
            8,
            32,
            9
          ]
        },
        {
          "vertices": [
            16,
            22,
            17
          ]
        },
        {
          "vertices": [
            28,
            35,
            57
          ]
        },
        {
          "vertices": [
            40,
            59,
            56
          ]
        },
        {
          "vertices": [
            25,
            38,
            26
          ]
        },
        {
          "vertices": [
            20,
            21,
            52,
            48
          ]
        },
        {
          "vertices": [
            42,
            55,
            56,
            59
          ]
        },
        {
          "vertices": [
            31,
            48,
            37,
            43
          ]
        },
        {
          "vertices": [
            31,
            43,
            42,
            59,
            32
          ]
        },
        {
          "vertices": [
            36,
            43,
            37
          ]
        }
      ],
      "zone": "Ball"
    },
    "s0.26606857841234266": {
      "id": "s0.26606857841234266",
      "vertices": [
        {
          "x": 1.3090169429779053,
          "y": 0.9270510077476501,
          "z": 0.30901700258255005
        },
        {
          "x": 2.927051067352295,
          "y": 1.6909830570220947,
          "z": 0.30901700258255005
        },
        {
          "x": 2.7360680103302,
          "y": 2,
          "z": 0.19098301231861115
        },
        {
          "x": 0.80901700258255,
          "y": 0.6180340051651001,
          "z": -0.30901700258255005
        },
        {
          "x": 0.69098299741745,
          "y": 0.80901700258255,
          "z": 0
        },
        {
          "x": 1.1909830570220947,
          "y": 1.1180340051651,
          "z": 0
        },
        {
          "x": 1.3090169429779053,
          "y": 0.9270510077476501,
          "z": -0.30901700258255005
        },
        {
          "x": 3.427051067352295,
          "y": 2,
          "z": 0.30901700258255005
        },
        {
          "x": 1.5,
          "y": 0.6180340051651001,
          "z": 0.19098301231861115
        },
        {
          "x": 1.5,
          "y": 0.6180340051651001,
          "z": -0.19098301231861115
        },
        {
          "x": 3.0450849533081055,
          "y": 1.5,
          "z": 0
        },
        {
          "x": 2.927051067352295,
          "y": 1.6909830570220947,
          "z": -0.30901700258255005
        },
        {
          "x": 3.5450849533081055,
          "y": 1.8090169429779053,
          "z": 0
        },
        {
          "x": 1,
          "y": 0.30901700258255005,
          "z": 0.19098301231861115
        },
        {
          "x": 1,
          "y": 0.30901700258255005,
          "z": -0.19098301231861115
        },
        {
          "x": 0.80901700258255,
          "y": 0.6180340051651001,
          "z": 0.30901700258255005
        },
        {
          "x": 3.2360680103302,
          "y": 2.3090169429779053,
          "z": 0.19098301231861115
        },
        {
          "x": 3.427051067352295,
          "y": 2,
          "z": -0.30901700258255005
        },
        {
          "x": 3.2360680103302,
          "y": 2.3090169429779053,
          "z": -0.19098301231861115
        },
        {
          "x": 4.236067771911621,
          "y": 2.6180338859558105,
          "z": 0
        },
        {
          "x": 2.7360680103302,
          "y": 2,
          "z": -0.19098301231861115
        }
      ],
      "faces": [
        {
          "vertices": [
            0,
            1,
            2
          ]
        },
        {
          "vertices": [
            3,
            4,
            5,
            6
          ]
        },
        {
          "vertices": [
            8,
            9,
            10
          ]
        },
        {
          "vertices": [
            2,
            20,
            5
          ]
        },
        {
          "vertices": [
            9,
            11,
            10
          ]
        },
        {
          "vertices": [
            1,
            10,
            12,
            7
          ]
        },
        {
          "vertices": [
            8,
            13,
            14,
            9
          ]
        },
        {
          "vertices": [
            0,
            5,
            4,
            15
          ]
        },
        {
          "vertices": [
            1,
            7,
            16,
            2
          ]
        },
        {
          "vertices": [
            6,
            11,
            9
          ]
        },
        {
          "vertices": [
            0,
            8,
            1
          ]
        },
        {
          "vertices": [
            3,
            6,
            9,
            14
          ]
        },
        {
          "vertices": [
            1,
            8,
            10
          ]
        },
        {
          "vertices": [
            0,
            2,
            5
          ]
        },
        {
          "vertices": [
            11,
            20,
            18,
            17
          ]
        },
        {
          "vertices": [
            2,
            16,
            18,
            20
          ]
        },
        {
          "vertices": [
            5,
            20,
            6
          ]
        },
        {
          "vertices": [
            6,
            20,
            11
          ]
        },
        {
          "vertices": [
            0,
            15,
            13,
            8
          ]
        },
        {
          "vertices": [
            10,
            11,
            17,
            12
          ]
        }
      ],
      "zone": "icosahedral red 2"
    },
    "s0.7822109471984862": {
      "id": "s0.7822109471984862",
      "vertices": [
        {
          "x": 0.80901700258255,
          "y": 0,
          "z": -0.69098299741745
        },
        {
          "x": 1,
          "y": 0.30901700258255005,
          "z": -0.19098301231861115
        },
        {
          "x": 2.6180338859558105,
          "y": 0.30901700258255005,
          "z": -0.80901700258255
        },
        {
          "x": 2.427051067352295,
          "y": 0,
          "z": -1.3090169429779053
        },
        {
          "x": 5.85410213470459,
          "y": 0.30901700258255005,
          "z": -2.427051067352295
        },
        {
          "x": 1,
          "y": -0.30901700258255005,
          "z": -0.19098301231861115
        },
        {
          "x": 2.6180338859558105,
          "y": -0.30901700258255005,
          "z": -0.80901700258255
        },
        {
          "x": 4.236067771911621,
          "y": 0.30901700258255005,
          "z": -1.8090169429779053
        },
        {
          "x": 4.427051067352295,
          "y": 0,
          "z": -1.3090169429779053
        },
        {
          "x": 6.85410213470459,
          "y": 0,
          "z": -2.6180338859558105
        },
        {
          "x": 4.236067771911621,
          "y": -0.30901700258255005,
          "z": -1.8090169429779053
        },
        {
          "x": 6.0450849533081055,
          "y": 0,
          "z": -1.9270509481430054
        },
        {
          "x": 5.85410213470459,
          "y": -0.30901700258255005,
          "z": -2.427051067352295
        }
      ],
      "faces": [
        {
          "vertices": [
            0,
            1,
            2,
            3
          ]
        },
        {
          "vertices": [
            0,
            3,
            6,
            5
          ]
        },
        {
          "vertices": [
            1,
            5,
            6,
            2
          ]
        },
        {
          "vertices": [
            2,
            7,
            3
          ]
        },
        {
          "vertices": [
            2,
            6,
            8
          ]
        },
        {
          "vertices": [
            3,
            10,
            6
          ]
        },
        {
          "vertices": [
            4,
            12,
            10,
            7
          ]
        },
        {
          "vertices": [
            4,
            7,
            8,
            11
          ]
        },
        {
          "vertices": [
            6,
            10,
            8
          ]
        },
        {
          "vertices": [
            8,
            10,
            12,
            11
          ]
        },
        {
          "vertices": [
            2,
            8,
            7
          ]
        },
        {
          "vertices": [
            3,
            7,
            10
          ]
        }
      ],
      "zone": "icosahedral yellow 22"
    },
    "s0.7332310813780853": {
      "id": "s0.7332310813780853",
      "vertices": [
        {
          "x": 2.2360680103302,
          "y": 0.30901700258255005,
          "z": 0.19098301231861115
        },
        {
          "x": 2.2360680103302,
          "y": 0.30901700258255005,
          "z": -0.19098301231861115
        },
        {
          "x": 1,
          "y": 0.30901700258255005,
          "z": -0.19098301231861115
        },
        {
          "x": 1,
          "y": 0.30901700258255005,
          "z": 0.19098301231861115
        },
        {
          "x": 2.2360680103302,
          "y": -0.30901700258255005,
          "z": 0.19098301231861115
        },
        {
          "x": 1,
          "y": -0.30901700258255005,
          "z": 0.19098301231861115
        },
        {
          "x": 1,
          "y": -0.30901700258255005,
          "z": -0.19098301231861115
        },
        {
          "x": 2.2360680103302,
          "y": -0.30901700258255005,
          "z": -0.19098301231861115
        },
        {
          "x": 3.2360680103302,
          "y": 0,
          "z": 0
        }
      ],
      "faces": [
        {
          "vertices": [
            0,
            1,
            2,
            3
          ]
        },
        {
          "vertices": [
            4,
            5,
            6,
            7
          ]
        },
        {
          "vertices": [
            0,
            3,
            5,
            4
          ]
        },
        {
          "vertices": [
            1,
            7,
            6,
            2
          ]
        }
      ],
      "zone": "icosahedral blue 21"
    },
    "s0.3865818014877813": {
      "id": "s0.3865818014877813",
      "vertices": [
        {
          "x": 4.236067771911621,
          "y": 0.30901700258255005,
