{
  "field" : "golden",
  "symmetry" : "icosahedral",
  "orientations" : [ [ 1.0, 0.0, 0.0, 0.0, 0.0, 1.0, 0.0, 0.0, 0.0, 0.0, 1.0, 0.0, 0.0, 0.0, 0.0, 1.0 ], [ 0.0, 0.0, 1.0, 0.0, 1.0, 0.0, 0.0, 0.0, 0.0, 1.0, 0.0, 0.0, 0.0, 0.0, 0.0, 1.0 ], [ 0.0, 1.0, 0.0, 0.0, 0.0, 0.0, 1.0, 0.0, 1.0, 0.0, 0.0, 0.0, 0.0, 0.0, 0.0, 1.0 ], [ 0.809017, 0.309017, 0.5, 0.0, 0.309017, 0.5, -0.809017, 0.0, -0.5, 0.809017, 0.309017, 0.0, 0.0, 0.0, 0.0, 1.0 ], [ -0.5, 0.809017, 0.309017, 0.0, 0.809017, 0.309017, 0.5, 0.0, 0.309017, 0.5, -0.809017, 0.0, 0.0, 0.0, 0.0, 1.0 ], [ 0.309017, 0.5, -0.809017, 0.0, -0.5, 0.809017, 0.309017, 0.0, 0.809017, 0.309017, 0.5, 0.0, 0.0, 0.0, 0.0, 1.0 ], [ 0.5, 0.809017, 0.309017, 0.0, 0.809017, -0.309017, -0.5, 0.0, -0.309017, 0.5, -0.809017, 0.0, 0.0, 0.0, 0.0, 1.0 ], [ -0.309017, 0.5, -0.809017, 0.0, 0.5, 0.809017, 0.309017, 0.0, 0.809017, -0.309017, -0.5, 0.0, 0.0, 0.0, 0.0, 1.0 ], [ 0.809017, -0.309017, -0.5, 0.0, -0.309017, 0.5, -0.809017, 0.0, 0.5, 0.809017, 0.309017, 0.0, 0.0, 0.0, 0.0, 1.0 ], [ 0.5, 0.809017, -0.309017, 0.0, 0.809017, -0.309017, 0.5, 0.0, 0.309017, -0.5, -0.809017, 0.0, 0.0, 0.0, 0.0, 1.0 ], [ 0.309017, -0.5, -0.809017, 0.0, 0.5, 0.809017, -0.309017, 0.0, 0.809017, -0.309017, 0.5, 0.0, 0.0, 0.0, 0.0, 1.0 ], [ 0.809017, -0.309017, 0.5, 0.0, 0.309017, -0.5, -0.809017, 0.0, 0.5, 0.809017, -0.309017, 0.0, 0.0, 0.0, 0.0, 1.0 ], [ 0.809017, 0.309017, -0.5, 0.0, 0.309017, 0.5, 0.809017, 0.0, 0.5, -0.809017, 0.309017, 0.0, 0.0, 0.0, 0.0, 1.0 ], [ 0.5, -0.809017, 0.309017, 0.0, 0.809017, 0.309017, -0.5, 0.0, 0.309017, 0.5, 0.809017, 0.0, 0.0, 0.0, 0.0, 1.0 ], [ 0.309017, 0.5, 0.809017, 0.0, 0.5, -0.809017, 0.309017, 0.0, 0.809017, 0.309017, -0.5, 0.0, 0.0, 0.0, 0.0, 1.0 ], [ 1.0, 0.0, 0.0, 0.0, 0.0, -1.0, 0.0, 0.0, 0.0, 0.0, -1.0, 0.0, 0.0, 0.0, 0.0, 1.0 ], [ 0.0, 0.0, 1.0, 0.0, -1.0, 0.0, 0.0, 0.0, 0.0, -1.0, 0.0, 0.0, 0.0, 0.0, 0.0, 1.0 ], [ 0.0, 1.0, 0.0, 0.0, 0.0, 0.0, -1.0, 0.0, -1.0, 0.0, 0.0, 0.0, 0.0, 0.0, 0.0, 1.0 ], [ 0.809017, 0.309017, 0.5, 0.0, -0.309017, -0.5, 0.809017, 0.0, 0.5, -0.809017, -0.309017, 0.0, 0.0, 0.0, 0.0, 1.0 ], [ -0.5, 0.809017, 0.309017, 0.0, -0.809017, -0.309017, -0.5, 0.0, -0.309017, -0.5, 0.809017, 0.0, 0.0, 0.0, 0.0, 1.0 ], [ 0.309017, 0.5, -0.809017, 0.0, 0.5, -0.809017, -0.309017, 0.0, -0.809017, -0.309017, -0.5, 0.0, 0.0, 0.0, 0.0, 1.0 ], [ 0.5, 0.809017, 0.309017, 0.0, -0.809017, 0.309017, 0.5, 0.0, 0.309017, -0.5, 0.809017, 0.0, 0.0, 0.0, 0.0, 1.0 ], [ -0.309017, 0.5, -0.809017, 0.0, -0.5, -0.809017, -0.309017, 0.0, -0.809017, 0.309017, 0.5, 0.0, 0.0, 0.0, 0.0, 1.0 ], [ 0.809017, -0.309017, -0.5, 0.0, 0.309017, -0.5, 0.809017, 0.0, -0.5, -0.809017, -0.309017, 0.0, 0.0, 0.0, 0.0, 1.0 ], [ 0.5, 0.809017, -0.309017, 0.0, -0.809017, 0.309017, -0.5, 0.0, -0.309017, 0.5, 0.809017, 0.0, 0.0, 0.0, 0.0, 1.0 ], [ 0.309017, -0.5, -0.809017, 0.0, -0.5, -0.809017, 0.309017, 0.0, -0.809017, 0.309017, -0.5, 0.0, 0.0, 0.0, 0.0, 1.0 ], [ 0.809017, -0.309017, 0.5, 0.0, -0.309017, 0.5, 0.809017, 0.0, -0.5, -0.809017, 0.309017, 0.0, 0.0, 0.0, 0.0, 1.0 ], [ 0.809017, 0.309017, -0.5, 0.0, -0.309017, -0.5, -0.809017, 0.0, -0.5, 0.809017, -0.309017, 0.0, 0.0, 0.0, 0.0, 1.0 ], [ 0.5, -0.809017, 0.309017, 0.0, -0.809017, -0.309017, 0.5, 0.0, -0.309017, -0.5, -0.809017, 0.0, 0.0, 0.0, 0.0, 1.0 ], [ 0.309017, 0.5, 0.809017, 0.0, -0.5, 0.809017, -0.309017, 0.0, -0.809017, -0.309017, 0.5, 0.0, 0.0, 0.0, 0.0, 1.0 ], [ -1.0, 0.0, 0.0, 0.0, 0.0, -1.0, 0.0, 0.0, 0.0, 0.0, 1.0, 0.0, 0.0, 0.0, 0.0, 1.0 ], [ 0.0, 0.0, -1.0, 0.0, -1.0, 0.0, 0.0, 0.0, 0.0, 1.0, 0.0, 0.0, 0.0, 0.0, 0.0, 1.0 ], [ 0.0, -1.0, 0.0, 0.0, 0.0, 0.0, -1.0, 0.0, 1.0, 0.0, 0.0, 0.0, 0.0, 0.0, 0.0, 1.0 ], [ -0.809017, -0.309017, -0.5, 0.0, -0.309017, -0.5, 0.809017, 0.0, -0.5, 0.809017, 0.309017, 0.0, 0.0, 0.0, 0.0, 1.0 ], [ 0.5, -0.809017, -0.309017, 0.0, -0.809017, -0.309017, -0.5, 0.0, 0.309017, 0.5, -0.809017, 0.0, 0.0, 0.0, 0.0, 1.0 ], [ -0.309017, -0.5, 0.809017, 0.0, 0.5, -0.809017, -0.309017, 0.0, 0.809017, 0.309017, 0.5, 0.0, 0.0, 0.0, 0.0, 1.0 ], [ -0.5, -0.809017, -0.309017, 0.0, -0.809017, 0.309017, 0.5, 0.0, -0.309017, 0.5, -0.809017, 0.0, 0.0, 0.0, 0.0, 1.0 ], [ 0.309017, -0.5, 0.809017, 0.0, -0.5, -0.809017, -0.309017, 0.0, 0.809017, -0.309017, -0.5, 0.0, 0.0, 0.0, 0.0, 1.0 ], [ -0.809017, 0.309017, 0.5, 0.0, 0.309017, -0.5, 0.809017, 0.0, 0.5, 0.809017, 0.309017, 0.0, 0.0, 0.0, 0.0, 1.0 ], [ -0.5, -0.809017, 0.309017, 0.0, -0.809017, 0.309017, -0.5, 0.0, 0.309017, -0.5, -0.809017, 0.0, 0.0, 0.0, 0.0, 1.0 ], [ -0.309017, 0.5, 0.809017, 0.0, -0.5, -0.809017, 0.309017, 0.0, 0.809017, -0.309017, 0.5, 0.0, 0.0, 0.0, 0.0, 1.0 ], [ -0.809017, 0.309017, -0.5, 0.0, -0.309017, 0.5, 0.809017, 0.0, 0.5, 0.809017, -0.309017, 0.0, 0.0, 0.0, 0.0, 1.0 ], [ -0.809017, -0.309017, 0.5, 0.0, -0.309017, -0.5, -0.809017, 0.0, 0.5, -0.809017, 0.309017, 0.0, 0.0, 0.0, 0.0, 1.0 ], [ -0.5, 0.809017, -0.309017, 0.0, -0.809017, -0.309017, 0.5, 0.0, 0.309017, 0.5, 0.809017, 0.0, 0.0, 0.0, 0.0, 1.0 ], [ -0.309017, -0.5, -0.809017, 0.0, -0.5, 0.809017, -0.309017, 0.0, 0.809017, 0.309017, -0.5, 0.0, 0.0, 0.0, 0.0, 1.0 ], [ -1.0, 0.0, 0.0, 0.0, 0.0, 1.0, 0.0, 0.0, 0.0, 0.0, -1.0, 0.0, 0.0, 0.0, 0.0, 1.0 ], [ 0.0, 0.0, -1.0, 0.0, 1.0, 0.0, 0.0, 0.0, 0.0, -1.0, 0.0, 0.0, 0.0, 0.0, 0.0, 1.0 ], [ 0.0, -1.0, 0.0, 0.0, 0.0, 0.0, 1.0, 0.0, -1.0, 0.0, 0.0, 0.0, 0.0, 0.0, 0.0, 1.0 ], [ -0.809017, -0.309017, -0.5, 0.0, 0.309017, 0.5, -0.809017, 0.0, 0.5, -0.809017, -0.309017, 0.0, 0.0, 0.0, 0.0, 1.0 ], [ 0.5, -0.809017, -0.309017, 0.0, 0.809017, 0.309017, 0.5, 0.0, -0.309017, -0.5, 0.809017, 0.0, 0.0, 0.0, 0.0, 1.0 ], [ -0.309017, -0.5, 0.809017, 0.0, -0.5, 0.809017, 0.309017, 0.0, -0.809017, -0.309017, -0.5, 0.0, 0.0, 0.0, 0.0, 1.0 ], [ -0.5, -0.809017, -0.309017, 0.0, 0.809017, -0.309017, -0.5, 0.0, 0.309017, -0.5, 0.809017, 0.0, 0.0, 0.0, 0.0, 1.0 ], [ 0.309017, -0.5, 0.809017, 0.0, 0.5, 0.809017, 0.309017, 0.0, -0.809017, 0.309017, 0.5, 0.0, 0.0, 0.0, 0.0, 1.0 ], [ -0.809017, 0.309017, 0.5, 0.0, -0.309017, 0.5, -0.809017, 0.0, -0.5, -0.809017, -0.309017, 0.0, 0.0, 0.0, 0.0, 1.0 ], [ -0.5, -0.809017, 0.309017, 0.0, 0.809017, -0.309017, 0.5, 0.0, -0.309017, 0.5, 0.809017, 0.0, 0.0, 0.0, 0.0, 1.0 ], [ -0.309017, 0.5, 0.809017, 0.0, 0.5, 0.809017, -0.309017, 0.0, -0.809017, 0.309017, -0.5, 0.0, 0.0, 0.0, 0.0, 1.0 ], [ -0.809017, 0.309017, -0.5, 0.0, 0.309017, -0.5, -0.809017, 0.0, -0.5, -0.809017, 0.309017, 0.0, 0.0, 0.0, 0.0, 1.0 ], [ -0.809017, -0.309017, 0.5, 0.0, 0.309017, 0.5, 0.809017, 0.0, -0.5, 0.809017, -0.309017, 0.0, 0.0, 0.0, 0.0, 1.0 ], [ -0.5, 0.809017, -0.309017, 0.0, 0.809017, 0.309017, -0.5, 0.0, -0.309017, -0.5, -0.809017, 0.0, 0.0, 0.0, 0.0, 1.0 ], [ -0.309017, -0.5, -0.809017, 0.0, 0.5, -0.809017, 0.309017, 0.0, -0.809017, -0.309017, 0.5, 0.0, 0.0, 0.0, 0.0, 1.0 ] ],
  "lights" : {
    "ambientColor" : "#292929",
    "backgroundColor" : "#AFC8DC",
    "directionalLights" : [ {
      "direction" : [ 1.0, -1.0, -1.0 ],
      "color" : "#EBEBE4"
    }, {
      "direction" : [ -1.0, 0.0, 0.0 ],
      "color" : "#E4E4EB"
    }, {
      "direction" : [ 0.0, 0.0, -1.0 ],
      "color" : "#1E1E1E"
    } ]
  },
  "camera" : {
    "lookDirection" : {
      "x" : 0.039402917,
      "y" : -0.90849185,
      "z" : 0.41603535
    },
    "upDirection" : {
      "x" : 0.2401739,
      "y" : -0.39554298,
      "z" : -0.8864898
    },
    "lookAtPoint" : {
      "x" : 0.0,
      "y" : -1.8125647,
      "z" : -2.108746
    },
    "perspective" : true,
    "viewDistance" : 152.76175,
    "nearClipDistance" : 0.3819043,
    "farClipDistance" : 305.5239,
    "fieldOfView" : 0.44262934,
    "width" : 68.74286,
    "stereo" : false,
    "position" : {
      "x" : -6.0192585,
      "y" : 136.97025,
      "z" : -65.66303
    }
  },
  "embedding" : [ 1.0, 0.0, 0.0, 0.0, 0.0, 1.0, 0.0, 0.0, 0.0, 0.0, 1.0, 0.0, 0.0, 0.0, 0.0, 1.0 ],
  "shapes" : [ {
    "id" : "a331ddfd-4956-4653-b129-a3a0de027416",
    "vertices" : [ {
      "x" : 17.944271,
      "y" : 0.23606798,
      "z" : -0.618034
    }, {
      "x" : 17.944271,
      "y" : 0.0,
      "z" : 0.0
    }, {
      "x" : 11.09017,
      "y" : 11.09017,
      "z" : 4.236068
    }, {
      "x" : 11.09017,
      "y" : 11.326238,
      "z" : 3.618034
    } ],
    "faces" : [ {
      "vertices" : [ 0, 1, 2 ]
    }, {
      "vertices" : [ 0, 2, 3 ]
    }, {
      "vertices" : [ 0, 3, 2 ]
    }, {
      "vertices" : [ 0, 2, 1 ]
    } ]
  }, {
    "id" : "c487f536-35c6-4c1d-a004-6153a4407bdb",
    "vertices" : [ {
      "x" : -11.472136,
      "y" : 11.708204,
      "z" : 4.472136
    }, {
      "x" : -11.472136,
      "y" : 11.618034,
      "z" : 4.708204
    }, {
      "x" : 11.472136,
      "y" : 11.618034,
      "z" : 4.708204
    }, {
      "x" : 11.472136,
      "y" : 11.708204,
      "z" : 4.472136
    } ],
    "faces" : [ {
      "vertices" : [ 0, 1, 2 ]
    }, {
      "vertices" : [ 0, 2, 3 ]
    }, {
      "vertices" : [ 0, 3, 2 ]
    }, {
      "vertices" : [ 0, 2, 1 ]
    } ]
  }, {
    "id" : "699bab75-294a-4a36-9973-d122af668c53",
    "vertices" : [ {
      "x" : 14.708204,
      "y" : -0.090169944,
      "z" : 0.23606798
    }, {
      "x" : 17.944271,
      "y" : -0.090169944,
      "z" : 0.23606798
    }, {
      "x" : 11.09017,
      "y" : 11.0,
      "z" : 4.472136
    }, {
      "x" : 9.472136,
      "y" : 8.381966,
      "z" : 3.472136
    } ],
    "faces" : [ {
      "vertices" : [ 0, 1, 2 ]
    }, {
      "vertices" : [ 0, 2, 3 ]
    }, {
      "vertices" : [ 0, 3, 2 ]
    }, {
      "vertices" : [ 0, 2, 1 ]
    } ]
  }, {
    "id" : "25884f63-fe0f-4817-ad19-f4a570b10b47",
    "vertices" : [ {
      "x" : -6.854102,
      "y" : -18.034441,
      "z" : -6.618034
    }, {
      "x" : -7.236068,
      "y" : -18.652475,
      "z" : -6.854102
    }, {
      "x" : 7.236068,
      "y" : -18.652475,
      "z" : -6.854102
    }, {
      "x" : 6.854102,
      "y" : -18.034441,
      "z" : -6.618034
    } ],
    "faces" : [ {
      "vertices" : [ 0, 1, 2 ]
    }, {
      "vertices" : [ 0, 2, 3 ]
    }, {
      "vertices" : [ 0, 3, 2 ]
    }, {
      "vertices" : [ 0, 2, 1 ]
    } ]
  }, {
    "id" : "0b924079-1388-4002-84e3-99d0f0531c26",
    "vertices" : [ {
      "x" : -11.09017,
      "y" : 11.326238,
      "z" : 3.618034
    }, {
      "x" : -17.944271,
      "y" : 0.23606798,
      "z" : -0.618034
    }, {
      "x" : -18.708204,
      "y" : 0.23606798,
      "z" : -0.618034
    }, {
      "x" : -11.472136,
      "y" : 11.944272,
      "z" : 3.854102
    } ],
    "faces" : [ {
      "vertices" : [ 0, 1, 2 ]
    }, {
      "vertices" : [ 0, 2, 3 ]
    }, {
      "vertices" : [ 0, 3, 2 ]
    }, {
      "vertices" : [ 0, 2, 1 ]
    } ]
  }, {
    "id" : "b69368e9-9101-4eb1-ae58-f26fe5d4c15e",
    "vertices" : [ {
      "x" : -7.236068,
      "y" : -18.652475,
      "z" : -6.854102
    }, {
      "x" : -7.236068,
      "y" : -18.562305,
      "z" : -7.09017
    }, {
      "x" : 7.236068,
      "y" : -18.562305,
      "z" : -7.09017
    }, {
      "x" : 7.236068,
      "y" : -18.652475,
      "z" : -6.854102
    } ],
    "faces" : [ {
      "vertices" : [ 0, 1, 2 ]
    }, {
      "vertices" : [ 0, 2, 3 ]
    }, {
      "vertices" : [ 0, 3, 2 ]
    }, {
      "vertices" : [ 0, 2, 1 ]
    } ]
  }, {
    "id" : "4cbb26c4-01ec-435f-ba30-0c095a80029c",
    "vertices" : [ {
      "x" : 9.472136,
      "y" : 8.472136,
      "z" : 3.236068
    }, {
      "x" : 11.09017,
      "y" : 11.09017,
      "z" : 4.236068
    }, {
      "x" : 17.944271,
      "y" : 0.0,
      "z" : 0.0
    }, {
      "x" : 14.708204,
      "y" : 0.0,
      "z" : 0.0
    } ],
    "faces" : [ {
      "vertices" : [ 0, 1, 2 ]
    }, {
      "vertices" : [ 0, 2, 3 ]
    }, {
      "vertices" : [ 0, 3, 2 ]
    }, {
      "vertices" : [ 0, 2, 1 ]
    } ]
  }, {
    "id" : "c872b8af-ce2f-4c13-88f8-bcf04eac02ec",
    "vertices" : [ {
      "x" : -14.708204,
      "y" : -0.090169944,
      "z" : 0.23606798
    }, {
      "x" : -14.708204,
      "y" : 0.0,
      "z" : 0.0
    }, {
      "x" : -9.472136,
      "y" : 8.472136,
      "z" : 3.236068
    }, {
      "x" : -9.472136,
      "y" : 8.381966,
      "z" : 3.472136
    } ],
    "faces" : [ {
      "vertices" : [ 0, 1, 2 ]
    }, {
      "vertices" : [ 0, 2, 3 ]
    }, {
      "vertices" : [ 0, 3, 2 ]
    }, {
      "vertices" : [ 0, 2, 1 ]
    } ]
  }, {
    "id" : "f07d4f5f-1156-4d87-9e0c-8a055bfe6a88",
    "vertices" : [ {
      "x" : 5.236068,
      "y" : -15.416408,
      "z" : -5.618034
    }, {
      "x" : 5.236068,
      "y" : -15.326238,
      "z" : -5.854102
    }, {
      "x" : -5.236068,
      "y" : -15.326238,
      "z" : -5.854102
    }, {
      "x" : -5.236068,
      "y" : -15.416408,
      "z" : -5.618034
    } ],
    "faces" : [ {
      "vertices" : [ 0, 1, 2 ]
    }, {
      "vertices" : [ 0, 2, 3 ]
    }, {
      "vertices" : [ 0, 3, 2 ]
    }, {
      "vertices" : [ 0, 2, 1 ]
    } ]
  }, {
    "id" : "34337cf3-2918-4374-8d6f-f95a63c9efe2",
    "vertices" : [ {
      "x" : -18.708204,
      "y" : 0.23606798,
      "z" : -0.618034
    }, {
      "x" : -17.944271,
      "y" : 0.23606798,
      "z" : -0.618034
    }, {
      "x" : -6.854102,
      "y" : -17.708204,
      "z" : -7.472136
    }, {
      "x" : -7.236068,
      "y" : -18.326239,
      "z" : -7.708204
    } ],
    "faces" : [ {
      "vertices" : [ 0, 1, 2 ]
    }, {
      "vertices" : [ 0, 2, 3 ]
    }, {
      "vertices" : [ 0, 3, 2 ]
    }, {
      "vertices" : [ 0, 2, 1 ]
    } ]
  }, {
    "id" : "cf224252-a81c-4fb7-bee7-99cc1eb7f08a",
    "vertices" : [ {
      "x" : 5.236068,
      "y" : -15.326238,
      "z" : -5.854102
    }, {
      "x" : 6.854102,
      "y" : -17.944271,
      "z" : -6.854102
    }, {
      "x" : -6.854102,
      "y" : -17.944271,
      "z" : -6.854102
    }, {
      "x" : -5.236068,
      "y" : -15.326238,
      "z" : -5.854102
    } ],
    "faces" : [ {
      "vertices" : [ 0, 1, 2 ]
    }, {
      "vertices" : [ 0, 2, 3 ]
    }, {
      "vertices" : [ 0, 3, 2 ]
    }, {
      "vertices" : [ 0, 2, 1 ]
    } ]
  }, {
    "id" : "eb7bea01-5bfc-4fe3-b9e8-792c2270d33c",
    "vertices" : [ {
      "x" : 7.236068,
      "y" : -18.562305,
      "z" : -7.09017
    }, {
      "x" : 7.236068,
      "y" : -18.326239,
      "z" : -7.708204
    }, {
      "x" : 18.708204,
      "y" : 0.23606798,
      "z" : -0.618034
    }, {
      "x" : 18.708204,
      "y" : 0.0,
      "z" : 0.0
    } ],
    "faces" : [ {
      "vertices" : [ 0, 1, 2 ]
    }, {
      "vertices" : [ 0, 2, 3 ]
    }, {
      "vertices" : [ 0, 3, 2 ]
    }, {
      "vertices" : [ 0, 2, 1 ]
    } ]
  }, {
    "id" : "c31b69f9-5f76-49f5-9fe4-281950fa5929",
    "vertices" : [ {
      "x" : -17.944271,
      "y" : 0.0,
      "z" : 0.0
    }, {
      "x" : -14.708204,
      "y" : 0.0,
      "z" : 0.0
    }, {
      "x" : -5.236068,
      "y" : -15.326238,
      "z" : -5.854102
    }, {
      "x" : -6.854102,
      "y" : -17.944271,
      "z" : -6.854102
    } ],
    "faces" : [ {
      "vertices" : [ 0, 1, 2 ]
    }, {
      "vertices" : [ 0, 2, 3 ]
    }, {
      "vertices" : [ 0, 3, 2 ]
    }, {
      "vertices" : [ 0, 2, 1 ]
    } ]
  }, {
    "id" : "fab6ae06-e616-48f7-bb38-d5cae670905d",
    "vertices" : [ {
      "x" : 11.09017,
      "y" : 11.0,
      "z" : 4.472136
    }, {
      "x" : -11.09017,
      "y" : 11.0,
      "z" : 4.472136
    }, {
      "x" : -9.472136,
      "y" : 8.381966,
      "z" : 3.472136
    }, {
      "x" : 9.472136,
      "y" : 8.381966,
      "z" : 3.472136
    } ],
    "faces" : [ {
      "vertices" : [ 0, 1, 2 ]
    }, {
      "vertices" : [ 0, 2, 3 ]
    }, {
      "vertices" : [ 0, 3, 2 ]
    }, {
      "vertices" : [ 0, 2, 1 ]
    } ]
  }, {
    "id" : "44ffdc6d-d946-496c-b58a-770fd77125d6",
    "vertices" : [ {
      "x" : -11.09017,
      "y" : 11.0,
      "z" : 4.472136
    }, {
      "x" : -11.472136,
      "y" : 11.618034,
      "z" : 4.708204
    }, {
      "x" : -18.708204,
      "y" : -0.090169944,
      "z" : 0.23606798
    }, {
      "x" : -17.944271,
      "y" : -0.090169944,
      "z" : 0.23606798
    } ],
    "faces" : [ {
      "vertices" : [ 0, 1, 2 ]
    }, {
      "vertices" : [ 0, 2, 3 ]
    }, {
      "vertices" : [ 0, 3, 2 ]
    }, {
      "vertices" : [ 0, 2, 1 ]
    } ]
  }, {
    "id" : "22e7f5e4-8331-44ba-b708-8bad1e9b20ce",
    "vertices" : [ {
      "x" : 6.854102,
      "y" : -18.034441,
      "z" : -6.618034
    }, {
      "x" : 7.236068,
      "y" : -18.652475,
      "z" : -6.854102
    }, {
      "x" : 18.708204,
      "y" : -0.090169944,
      "z" : 0.23606798
    }, {
      "x" : 17.944271,
      "y" : -0.090169944,
      "z" : 0.23606798
    } ],
    "faces" : [ {
      "vertices" : [ 0, 1, 2 ]
    }, {
      "vertices" : [ 0, 2, 3 ]
    }, {
      "vertices" : [ 0, 3, 2 ]
    }, {
      "vertices" : [ 0, 2, 1 ]
    } ]
  }, {
    "id" : "164dd123-8454-4b1f-8b8e-1e6ff7fafb04",
    "vertices" : [ {
      "x" : 11.472136,
      "y" : 11.708204,
      "z" : 4.472136
    }, {
      "x" : 11.472136,
      "y" : 11.944272,
      "z" : 3.854102
    }, {
      "x" : -11.472136,
      "y" : 11.944272,
      "z" : 3.854102
    }, {
      "x" : -11.472136,
      "y" : 11.708204,
      "z" : 4.472136
    } ],
    "faces" : [ {
      "vertices" : [ 0, 1, 2 ]
    }, {
      "vertices" : [ 0, 2, 3 ]
    }, {
      "vertices" : [ 0, 3, 2 ]
    }, {
      "vertices" : [ 0, 2, 1 ]
    } ]
  }, {
    "id" : "563e7bac-7c8d-43ce-b6d6-38c6f831b74e",
    "vertices" : [ {
      "x" : 17.944271,
      "y" : 0.0,
      "z" : 0.0
    }, {
      "x" : 17.944271,
      "y" : 0.23606798,
      "z" : -0.618034
    }, {
      "x" : 6.854102,
      "y" : -17.708204,
      "z" : -7.472136
    }, {
      "x" : 6.854102,
      "y" : -17.944271,
      "z" : -6.854102
    } ],
    "faces" : [ {
      "vertices" : [ 0, 1, 2 ]
    }, {
      "vertices" : [ 0, 2, 3 ]
    }, {
      "vertices" : [ 0, 3, 2 ]
    }, {
      "vertices" : [ 0, 2, 1 ]
    } ]
  }, {
    "id" : "d12d266f-6f52-405d-84ce-d2eaaa40f27d",
    "vertices" : [ {
      "x" : -6.854102,
      "y" : -17.944271,
      "z" : -6.854102
    }, {
      "x" : -6.854102,
      "y" : -17.708204,
      "z" : -7.472136
    }, {
      "x" : -17.944271,
      "y" : 0.23606798,
      "z" : -0.618034
    }, {
      "x" : -17.944271,
      "y" : 0.0,
      "z" : 0.0
    } ],
    "faces" : [ {
      "vertices" : [ 0, 1, 2 ]
    }, {
      "vertices" : [ 0, 2, 3 ]
    }, {
      "vertices" : [ 0, 3, 2 ]
    }, {
      "vertices" : [ 0, 2, 1 ]
    } ]
  }, {
    "id" : "b9fccebc-e924-4a4c-800b-b25254b04f60",
    "vertices" : [ {
      "x" : 11.472136,
      "y" : 11.944272,
      "z" : 3.854102
    }, {
      "x" : 11.09017,
      "y" : 11.326238,
      "z" : 3.618034
    }, {
      "x" : -11.09017,
      "y" : 11.326238,
      "z" : 3.618034
    }, {
      "x" : -11.472136,
      "y" : 11.944272,
      "z" : 3.854102
    } ],
    "faces" : [ {
      "vertices" : [ 0, 1, 2 ]
    }, {
      "vertices" : [ 0, 2, 3 ]
    }, {
      "vertices" : [ 0, 3, 2 ]
    }, {
      "vertices" : [ 0, 2, 1 ]
    } ]
  }, {
    "id" : "f22e8ee7-fa16-4174-9c79-1806b84720a4",
    "vertices" : [ {
      "x" : 6.854102,
      "y" : -18.034441,
      "z" : -6.618034
    }, {
      "x" : 17.944271,
      "y" : -0.090169944,
      "z" : 0.23606798
    }, {
      "x" : 14.708204,
      "y" : -0.090169944,
      "z" : 0.23606798
    }, {
      "x" : 5.236068,
      "y" : -15.416408,
      "z" : -5.618034
    } ],
    "faces" : [ {
      "vertices" : [ 0, 1, 2 ]
    }, {
      "vertices" : [ 0, 2, 3 ]
    }, {
      "vertices" : [ 0, 3, 2 ]
    }, {
      "vertices" : [ 0, 2, 1 ]
    } ]
  }, {
    "id" : "616f6bcf-5f9b-4cc0-82fc-530b91f7d84e",
    "vertices" : [ {
      "x" : -17.944271,
      "y" : -0.090169944,
      "z" : 0.23606798
    }, {
      "x" : -18.708204,
      "y" : -0.090169944,
      "z" : 0.23606798
    }, {
      "x" : -7.236068,
      "y" : -18.652475,
      "z" : -6.854102
    }, {
      "x" : -6.854102,
      "y" : -18.034441,
      "z" : -6.618034
    } ],
    "faces" : [ {
      "vertices" : [ 0, 1, 2 ]
    }, {
      "vertices" : [ 0, 2, 3 ]
    }, {
      "vertices" : [ 0, 3, 2 ]
    }, {
      "vertices" : [ 0, 2, 1 ]
    } ]
  }, {
    "id" : "53ce92e6-2a7a-4b35-9643-acffe53aa42f",
    "vertices" : [ {
      "x" : -7.236068,
      "y" : -18.326239,
      "z" : -7.708204
    }, {
      "x" : 7.236068,
      "y" : -18.326239,
      "z" : -7.708204
    }, {
      "x" : 7.236068,
      "y" : -18.562305,
      "z" : -7.09017
    }, {
      "x" : -7.236068,
      "y" : -18.562305,
      "z" : -7.09017
    } ],
    "faces" : [ {
      "vertices" : [ 0, 1, 2 ]
    }, {
      "vertices" : [ 0, 2, 3 ]
    }, {
      "vertices" : [ 0, 3, 2 ]
    }, {
      "vertices" : [ 0, 2, 1 ]
    } ]
  }, {
    "id" : "04a2ac00-5800-4483-85a1-87d8a9aa58ed",
    "vertices" : [ {
      "x" : -11.472136,
      "y" : 11.618034,
      "z" : 4.708204
    }, {
      "x" : -11.472136,
      "y" : 11.708204,
      "z" : 4.472136
    }, {
      "x" : -18.708204,
      "y" : 0.0,
      "z" : 0.0
    }, {
      "x" : -18.708204,
      "y" : -0.090169944,
      "z" : 0.23606798
    } ],
    "faces" : [ {
      "vertices" : [ 0, 1, 2 ]
    }, {
      "vertices" : [ 0, 2, 3 ]
    }, {
      "vertices" : [ 0, 3, 2 ]
    }, {
      "vertices" : [ 0, 2, 1 ]
    } ]
  }, {
    "id" : "53da348e-f494-4433-bf5f-75bad3bc23c3",
    "vertices" : [ {
      "x" : 5.236068,
      "y" : -15.326238,
      "z" : -5.854102
    }, {
      "x" : 5.236068,
      "y" : -15.416408,
      "z" : -5.618034
    }, {
      "x" : 14.708204,
      "y" : -0.090169944,
      "z" : 0.23606798
    }, {
      "x" : 14.708204,
      "y" : 0.0,
      "z" : 0.0
    } ],
    "faces" : [ {
      "vertices" : [ 0, 1, 2 ]
    }, {
      "vertices" : [ 0, 2, 3 ]
    }, {
      "vertices" : [ 0, 3, 2 ]
    }, {
      "vertices" : [ 0, 2, 1 ]
    } ]
  }, {
    "id" : "4de0fc69-b20c-4426-a1d1-d6dc22660d2c",
    "vertices" : [ {
      "x" : -11.09017,
      "y" : 11.09017,
      "z" : 4.236068
    }, {
      "x" : -11.09017,
      "y" : 11.326238,
      "z" : 3.618034
    }, {
      "x" : 11.09017,
      "y" : 11.326238,
      "z" : 3.618034
    }, {
      "x" : 11.09017,
      "y" : 11.09017,
      "z" : 4.236068
    } ],
    "faces" : [ {
      "vertices" : [ 0, 1, 2 ]
    }, {
      "vertices" : [ 0, 2, 3 ]
    }, {
      "vertices" : [ 0, 3, 2 ]
    }, {
      "vertices" : [ 0, 2, 1 ]
    } ]
  }, {
    "id" : "acdfbb41-b5ea-4061-8bd4-479d84c5a2cf",
    "vertices" : [ {
      "x" : 18.708204,
      "y" : 0.0,
      "z" : 0.0
    }, {
      "x" : 18.708204,
      "y" : -0.090169944,
      "z" : 0.23606798
    }, {
      "x" : 7.236068,
      "y" : -18.652475,
      "z" : -6.854102
    }, {
      "x" : 7.236068,
      "y" : -18.562305,
      "z" : -7.09017
    } ],
    "faces" : [ {
      "vertices" : [ 0, 1, 2 ]
    }, {
      "vertices" : [ 0, 2, 3 ]
    }, {
      "vertices" : [ 0, 3, 2 ]
    }, {
      "vertices" : [ 0, 2, 1 ]
    } ]
  }, {
    "id" : "3d8ba3b7-7e3c-4b9b-ab7c-99e57a23bb70",
    "vertices" : [ {
      "x" : 11.09017,
      "y" : 11.0,
      "z" : 4.472136
    }, {
      "x" : 11.472136,
      "y" : 11.618034,
      "z" : 4.708204
    }, {
      "x" : -11.472136,
      "y" : 11.618034,
      "z" : 4.708204
    }, {
      "x" : -11.09017,
      "y" : 11.0,
      "z" : 4.472136
    } ],
    "faces" : [ {
      "vertices" : [ 0, 1, 2 ]
    }, {
      "vertices" : [ 0, 2, 3 ]
    }, {
      "vertices" : [ 0, 3, 2 ]
    }, {
      "vertices" : [ 0, 2, 1 ]
    } ]
  }, {
    "id" : "029c24e6-ece7-45a3-b20f-638e51622c65",
    "vertices" : [ {
      "x" : 17.944271,
      "y" : -0.090169944,
      "z" : 0.23606798
    }, {
      "x" : 18.708204,
      "y" : -0.090169944,
      "z" : 0.23606798
    }, {
      "x" : 11.472136,
      "y" : 11.618034,
      "z" : 4.708204
    }, {
      "x" : 11.09017,
      "y" : 11.0,
      "z" : 4.472136
    } ],
    "faces" : [ {
      "vertices" : [ 0, 1, 2 ]
    }, {
      "vertices" : [ 0, 2, 3 ]
    }, {
      "vertices" : [ 0, 3, 2 ]
    }, {
      "vertices" : [ 0, 2, 1 ]
    } ]
  }, {
    "id" : "ae0669d5-4a3d-4250-aecb-2f1867c84ef4",
    "vertices" : [ {
      "x" : 17.944271,
      "y" : 0.23606798,
      "z" : -0.618034
    }, {
      "x" : 11.09017,
      "y" : 11.326238,
      "z" : 3.618034
    }, {
      "x" : 11.472136,
      "y" : 11.944272,
      "z" : 3.854102
    }, {
      "x" : 18.708204,
      "y" : 0.23606798,
      "z" : -0.618034
    } ],
    "faces" : [ {
      "vertices" : [ 0, 1, 2 ]
    }, {
      "vertices" : [ 0, 2, 3 ]
    }, {
      "vertices" : [ 0, 3, 2 ]
    }, {
      "vertices" : [ 0, 2, 1 ]
    } ]
  }, {
    "id" : "95ee45d0-2202-4909-8828-5ba0951ac610",
    "vertices" : [ {
      "x" : -14.708204,
      "y" : 0.0,
      "z" : 0.0
    }, {
      "x" : -17.944271,
      "y" : 0.0,
      "z" : 0.0
    }, {
      "x" : -11.09017,
      "y" : 11.09017,
      "z" : 4.236068
    }, {
      "x" : -9.472136,
      "y" : 8.472136,
      "z" : 3.236068
    } ],
    "faces" : [ {
      "vertices" : [ 0, 1, 2 ]
    }, {
      "vertices" : [ 0, 2, 3 ]
    }, {
      "vertices" : [ 0, 3, 2 ]
    }, {
      "vertices" : [ 0, 2, 1 ]
    } ]
  }, {
    "id" : "44772cab-8c7b-42d4-af90-00f1ee65550c",
    "vertices" : [ {
      "x" : -5.236068,
      "y" : -15.416408,
      "z" : -5.618034
    }, {
      "x" : -6.854102,
      "y" : -18.034441,
      "z" : -6.618034
    }, {
      "x" : 6.854102,
      "y" : -18.034441,
      "z" : -6.618034
    }, {
      "x" : 5.236068,
      "y" : -15.416408,
      "z" : -5.618034
    } ],
    "faces" : [ {
      "vertices" : [ 0, 1, 2 ]
    }, {
      "vertices" : [ 0, 2, 3 ]
    }, {
      "vertices" : [ 0, 3, 2 ]
    }, {
      "vertices" : [ 0, 2, 1 ]
    } ]
  }, {
    "id" : "34872e0f-8cef-417d-a388-bd1c4eb07e4b",
    "vertices" : [ {
      "x" : 11.09017,
      "y" : 11.09017,
      "z" : 4.236068
    }, {
      "x" : 9.472136,
      "y" : 8.472136,
      "z" : 3.236068
    }, {
      "x" : -9.472136,
      "y" : 8.472136,
      "z" : 3.236068
    }, {
      "x" : -11.09017,
      "y" : 11.09017,
      "z" : 4.236068
    } ],
    "faces" : [ {
      "vertices" : [ 0, 1, 2 ]
    }, {
      "vertices" : [ 0, 2, 3 ]
    }, {
      "vertices" : [ 0, 3, 2 ]
    }, {
      "vertices" : [ 0, 2, 1 ]
    } ]
  }, {
    "id" : "b361fb6c-d1a4-4dcc-b599-65e01ddb9d0b",
    "vertices" : [ {
      "x" : -18.708204,
      "y" : 0.0,
      "z" : 0.0
    }, {
      "x" : -18.708204,
      "y" : 0.23606798,
      "z" : -0.618034
    }, {
      "x" : -7.236068,
      "y" : -18.326239,
      "z" : -7.708204
    }, {
      "x" : -7.236068,
      "y" : -18.562305,
      "z" : -7.09017
    } ],
    "faces" : [ {
      "vertices" : [ 0, 1, 2 ]
    }, {
      "vertices" : [ 0, 2, 3 ]
    }, {
      "vertices" : [ 0, 3, 2 ]
    }, {
      "vertices" : [ 0, 2, 1 ]
    } ]
  }, {
    "id" : "2928595f-93ec-4f69-a487-19f6c23c46ca",
    "vertices" : [ {
      "x" : 7.236068,
      "y" : -18.326239,
      "z" : -7.708204
    }, {
      "x" : 6.854102,
      "y" : -17.708204,
      "z" : -7.472136
    }, {
      "x" : 17.944271,
      "y" : 0.23606798,
      "z" : -0.618034
    }, {
      "x" : 18.708204,
      "y" : 0.23606798,
      "z" : -0.618034
    } ],
    "faces" : [ {
      "vertices" : [ 0, 1, 2 ]
    }, {
      "vertices" : [ 0, 2, 3 ]
    }, {
      "vertices" : [ 0, 3, 2 ]
    }, {
      "vertices" : [ 0, 2, 1 ]
    } ]
  }, {
    "id" : "a93c1f97-8b1b-48ca-b735-2e8ec940cc67",
    "vertices" : [ {
      "x" : 6.854102,
      "y" : -17.944271,
      "z" : -6.854102
    }, {
      "x" : 5.236068,
      "y" : -15.326238,
      "z" : -5.854102
    }, {
      "x" : 14.708204,
      "y" : 0.0,
      "z" : 0.0
    }, {
      "x" : 17.944271,
      "y" : 0.0,
      "z" : 0.0
    } ],
    "faces" : [ {
      "vertices" : [ 0, 1, 2 ]
    }, {
      "vertices" : [ 0, 2, 3 ]
    }, {
      "vertices" : [ 0, 3, 2 ]
    }, {
      "vertices" : [ 0, 2, 1 ]
    } ]
  }, {
    "id" : "4e04883f-1690-4774-bdc6-8d4227f9928f",
    "vertices" : [ {
      "x" : 18.708204,
      "y" : -0.090169944,
      "z" : 0.23606798
    }, {
      "x" : 18.708204,
      "y" : 0.0,
      "z" : 0.0
    }, {
      "x" : 11.472136,
      "y" : 11.708204,
      "z" : 4.472136
    }, {
      "x" : 11.472136,
      "y" : 11.618034,
      "z" : 4.708204
    } ],
    "faces" : [ {
      "vertices" : [ 0, 1, 2 ]
    }, {
      "vertices" : [ 0, 2, 3 ]
    }, {
      "vertices" : [ 0, 3, 2 ]
    }, {
      "vertices" : [ 0, 2, 1 ]
    } ]
  }, {
    "id" : "4e0c046b-f7dd-47f7-9fcc-d66c1df2abf8",
    "vertices" : [ {
      "x" : -6.854102,
      "y" : -17.708204,
      "z" : -7.472136
    }, {
      "x" : -6.854102,
      "y" : -17.944271,
      "z" : -6.854102
    }, {
      "x" : 6.854102,
      "y" : -17.944271,
      "z" : -6.854102
    }, {
      "x" : 6.854102,
      "y" : -17.708204,
      "z" : -7.472136
    } ],
    "faces" : [ {
      "vertices" : [ 0, 1, 2 ]
    }, {
      "vertices" : [ 0, 2, 3 ]
    }, {
      "vertices" : [ 0, 3, 2 ]
    }, {
      "vertices" : [ 0, 2, 1 ]
    } ]
  }, {
    "id" : "a5eae762-53a6-4b4f-8a8a-e8f65a681387",
    "vertices" : [ {
      "x" : -7.236068,
      "y" : -18.562305,
      "z" : -7.09017
    }, {
      "x" : -7.236068,
      "y" : -18.652475,
      "z" : -6.854102
    }, {
      "x" : -18.708204,
      "y" : -0.090169944,
      "z" : 0.23606798
    }, {
      "x" : -18.708204,
      "y" : 0.0,
      "z" : 0.0
    } ],
    "faces" : [ {
      "vertices" : [ 0, 1, 2 ]
    }, {
      "vertices" : [ 0, 2, 3 ]
    }, {
      "vertices" : [ 0, 3, 2 ]
    }, {
      "vertices" : [ 0, 2, 1 ]
    } ]
  }, {
    "id" : "2446192b-7907-44c2-a77b-ade2557296cb",
    "vertices" : [ {
      "x" : -11.472136,
      "y" : 11.944272,
      "z" : 3.854102
    }, {
      "x" : -18.708204,
      "y" : 0.23606798,
      "z" : -0.618034
    }, {
      "x" : -18.708204,
      "y" : 0.0,
      "z" : 0.0
    }, {
      "x" : -11.472136,
      "y" : 11.708204,
      "z" : 4.472136
    } ],
    "faces" : [ {
      "vertices" : [ 0, 1, 2 ]
    }, {
      "vertices" : [ 0, 2, 3 ]
    }, {
      "vertices" : [ 0, 3, 2 ]
    }, {
      "vertices" : [ 0, 2, 1 ]
    } ]
  }, {
    "id" : "686b9663-9c2c-464c-84f6-fabf341a2cd1",
    "vertices" : [ {
      "x" : 9.472136,
      "y" : 8.472136,
      "z" : 3.236068
    }, {
      "x" : 9.472136,
      "y" : 8.381966,
      "z" : 3.472136
    }, {
      "x" : -9.472136,
      "y" : 8.381966,
      "z" : 3.472136
    }, {
      "x" : -9.472136,
      "y" : 8.472136,
      "z" : 3.236068
    } ],
    "faces" : [ {
      "vertices" : [ 0, 1, 2 ]
    }, {
      "vertices" : [ 0, 2, 3 ]
    }, {
      "vertices" : [ 0, 3, 2 ]
    }, {
      "vertices" : [ 0, 2, 1 ]
    } ]
  }, {
    "id" : "7c567e32-45a1-4c56-9af2-807506b27077",
    "vertices" : [ {
      "x" : -14.708204,
      "y" : 0.0,
      "z" : 0.0
    }, {
      "x" : -14.708204,
      "y" : -0.090169944,
      "z" : 0.23606798
    }, {
      "x" : -5.236068,
      "y" : -15.416408,
      "z" : -5.618034
    }, {
      "x" : -5.236068,
      "y" : -15.326238,
      "z" : -5.854102
    } ],
    "faces" : [ {
      "vertices" : [ 0, 1, 2 ]
    }, {
      "vertices" : [ 0, 2, 3 ]
    }, {
      "vertices" : [ 0, 3, 2 ]
    }, {
      "vertices" : [ 0, 2, 1 ]
    } ]
  }, {
    "id" : "54088ad5-0727-4d52-aed1-043d26b31d8a",
    "vertices" : [ {
      "x" : -17.944271,
      "y" : -0.090169944,
      "z" : 0.23606798
    }, {
      "x" : -6.854102,
      "y" : -18.034441,
      "z" : -6.618034
    }, {
      "x" : -5.236068,
      "y" : -15.416408,
      "z" : -5.618034
    }, {
      "x" : -14.708204,
      "y" : -0.090169944,
      "z" : 0.23606798
    } ],
    "faces" : [ {
      "vertices" : [ 0, 1, 2 ]
    }, {
      "vertices" : [ 0, 2, 3 ]
    }, {
      "vertices" : [ 0, 3, 2 ]
    }, {
      "vertices" : [ 0, 2, 1 ]
    } ]
  }, {
    "id" : "92bc64c7-a209-434f-9d7e-fe187f3af7ec",
    "vertices" : [ {
      "x" : -6.854102,
      "y" : -17.708204,
      "z" : -7.472136
    }, {
      "x" : 6.854102,
      "y" : -17.708204,
      "z" : -7.472136
    }, {
      "x" : 7.236068,
      "y" : -18.326239,
      "z" : -7.708204
    }, {
      "x" : -7.236068,
      "y" : -18.326239,
      "z" : -7.708204
    } ],
    "faces" : [ {
      "vertices" : [ 0, 1, 2 ]
    }, {
      "vertices" : [ 0, 2, 3 ]
    }, {
      "vertices" : [ 0, 3, 2 ]
    }, {
      "vertices" : [ 0, 2, 1 ]
    } ]
  }, {
    "id" : "59b77d7d-7b0f-43b8-a142-d6d38dfe09fb",
    "vertices" : [ {
      "x" : 18.708204,
      "y" : 0.23606798,
      "z" : -0.618034
    }, {
      "x" : 11.472136,
      "y" : 11.944272,
      "z" : 3.854102
    }, {
      "x" : 11.472136,
      "y" : 11.708204,
      "z" : 4.472136
    }, {
      "x" : 18.708204,
      "y" : 0.0,
      "z" : 0.0
    } ],
    "faces" : [ {
      "vertices" : [ 0, 1, 2 ]
    }, {
      "vertices" : [ 0, 2, 3 ]
    }, {
      "vertices" : [ 0, 3, 2 ]
    }, {
      "vertices" : [ 0, 2, 1 ]
    } ]
  }, {
    "id" : "5e7c3c83-7e4e-45eb-aa64-cce4c2477820",
    "vertices" : [ {
      "x" : 9.472136,
      "y" : 8.381966,
      "z" : 3.472136
    }, {
      "x" : 9.472136,
      "y" : 8.472136,
      "z" : 3.236068
    }, {
      "x" : 14.708204,
      "y" : 0.0,
      "z" : 0.0
    }, {
      "x" : 14.708204,
      "y" : -0.090169944,
      "z" : 0.23606798
    } ],
    "faces" : [ {
      "vertices" : [ 0, 1, 2 ]
    }, {
      "vertices" : [ 0, 2, 3 ]
    }, {
      "vertices" : [ 0, 3, 2 ]
    }, {
      "vertices" : [ 0, 2, 1 ]
    } ]
  }, {
    "id" : "31e108c2-36c8-49d3-a0dd-44ff2e2b342e",
    "vertices" : [ {
      "x" : -11.09017,
      "y" : 11.326238,
      "z" : 3.618034
    }, {
      "x" : -11.09017,
      "y" : 11.09017,
      "z" : 4.236068
    }, {
      "x" : -17.944271,
      "y" : 0.0,
      "z" : 0.0
    }, {
      "x" : -17.944271,
      "y" : 0.23606798,
      "z" : -0.618034
    } ],
    "faces" : [ {
      "vertices" : [ 0, 1, 2 ]
    }, {
      "vertices" : [ 0, 2, 3 ]
    }, {
      "vertices" : [ 0, 3, 2 ]
    }, {
      "vertices" : [ 0, 2, 1 ]
    } ]
  }, {
    "id" : "3743fa75-820c-4ef1-904e-983a5b6efa12",
    "vertices" : [ {
      "x" : -9.472136,
      "y" : 8.381966,
      "z" : 3.472136
    }, {
      "x" : -11.09017,
      "y" : 11.0,
      "z" : 4.472136
    }, {
      "x" : -17.944271,
      "y" : -0.090169944,
      "z" : 0.23606798
    }, {
      "x" : -14.708204,
      "y" : -0.090169944,
      "z" : 0.23606798
    } ],
    "faces" : [ {
      "vertices" : [ 0, 1, 2 ]
    }, {
      "vertices" : [ 0, 2, 3 ]
    }, {
      "vertices" : [ 0, 3, 2 ]
    }, {
      "vertices" : [ 0, 2, 1 ]
    } ]
  } ],
  "instances" : [ {
    "shape" : "a331ddfd-4956-4653-b129-a3a0de027416",
    "color" : "#B57FE2",
    "position" : {
      "x" : 0.0,
      "y" : 0.0,
      "z" : 0.0
    }
  }, {
    "shape" : "c487f536-35c6-4c1d-a004-6153a4407bdb",
    "color" : "#B57FE2",
    "position" : {
      "x" : 0.0,
      "y" : 0.0,
      "z" : 0.0
    }
  }, {
    "shape" : "699bab75-294a-4a36-9973-d122af668c53",
    "color" : "#F7CF7F",
    "position" : {
      "x" : 0.0,
      "y" : 0.0,
      "z" : 0.0
    }
  }, {
    "shape" : "25884f63-fe0f-4817-ad19-f4a570b10b47",
    "color" : "#F7CF7F",
    "position" : {
      "x" : 0.0,
      "y" : 0.0,
      "z" : 0.0
    }
  }, {
    "shape" : "0b924079-1388-4002-84e3-99d0f0531c26",
    "color" : "#F7CF7F",
    "position" : {
      "x" : 0.0,
      "y" : 0.0,
      "z" : 0.0
    }
  }, {
    "shape" : "b69368e9-9101-4eb1-ae58-f26fe5d4c15e",
    "color" : "#B57FE2",
    "position" : {
      "x" : 0.0,
      "y" : 0.0,
      "z" : 0.0
    }
  }, {
    "shape" : "4cbb26c4-01ec-435f-ba30-0c095a80029c",
    "color" : "#F7CF7F",
    "position" : {
      "x" : 0.0,
      "y" : 0.0,
      "z" : 0.0
    }
  }, {
    "shape" : "c872b8af-ce2f-4c13-88f8-bcf04eac02ec",
    "color" : "#B57FE2",
    "position" : {
      "x" : 0.0,
      "y" : 0.0,
      "z" : 0.0
    }
  }, {
    "shape" : "f07d4f5f-1156-4d87-9e0c-8a055bfe6a88",
    "color" : "#B57FE2",
    "position" : {
      "x" : 0.0,
      "y" : 0.0,
      "z" : 0.0
    }
  }, {
    "shape" : "34337cf3-2918-4374-8d6f-f95a63c9efe2",
    "color" : "#F7CF7F",
    "position" : {
      "x" : 0.0,
      "y" : 0.0,
      "z" : 0.0
    }
  }, {
    "shape" : "cf224252-a81c-4fb7-bee7-99cc1eb7f08a",
    "color" : "#F7CF7F",
    "position" : {
      "x" : 0.0,
      "y" : 0.0,
      "z" : 0.0
    }
  }, {
    "shape" : "eb7bea01-5bfc-4fe3-b9e8-792c2270d33c",
    "color" : "#B57FE2",
    "position" : {
      "x" : 0.0,
      "y" : 0.0,
      "z" : 0.0
    }
  }, {
    "shape" : "c31b69f9-5f76-49f5-9fe4-281950fa5929",
    "color" : "#F7CF7F",
    "position" : {
      "x" : 0.0,
      "y" : 0.0,
      "z" : 0.0
    }
  }, {
    "shape" : "fab6ae06-e616-48f7-bb38-d5cae670905d",
    "color" : "#F7CF7F",
    "position" : {
      "x" : 0.0,
      "y" : 0.0,
      "z" : 0.0
    }
  }, {
    "shape" : "44ffdc6d-d946-496c-b58a-770fd77125d6",
    "color" : "#F7CF7F",
    "position" : {
      "x" : 0.0,
      "y" : 0.0,
      "z" : 0.0
    }
  }, {
    "shape" : "22e7f5e4-8331-44ba-b708-8bad1e9b20ce",
    "color" : "#F7CF7F",
    "position" : {
      "x" : 0.0,
      "y" : 0.0,
      "z" : 0.0
    }
  }, {
    "shape" : "164dd123-8454-4b1f-8b8e-1e6ff7fafb04",
    "color" : "#B57FE2",
    "position" : {
      "x" : 0.0,
      "y" : 0.0,
      "z" : 0.0
    }
  }, {
    "shape" : "563e7bac-7c8d-43ce-b6d6-38c6f831b74e",
    "color" : "#B57FE2",
    "position" : {
      "x" : 0.0,
      "y" : 0.0,
      "z" : 0.0
    }
  }, {
    "shape" : "d12d266f-6f52-405d-84ce-d2eaaa40f27d",
    "color" : "#B57FE2",
    "position" : {
      "x" : 0.0,
      "y" : 0.0,
      "z" : 0.0
    }
  }, {
    "shape" : "b9fccebc-e924-4a4c-800b-b25254b04f60",
    "color" : "#F7CF7F",
    "position" : {
      "x" : 0.0,
      "y" : 0.0,
      "z" : 0.0
    }
  }, {
    "shape" : "f22e8ee7-fa16-4174-9c79-1806b84720a4",
    "color" : "#F7CF7F",
    "position" : {
      "x" : 0.0,
      "y" : 0.0,
      "z" : 0.0
    }
  }, {
    "shape" : "616f6bcf-5f9b-4cc0-82fc-530b91f7d84e",
    "color" : "#F7CF7F",
    "position" : {
      "x" : 0.0,
      "y" : 0.0,
      "z" : 0.0
    }
  }, {
    "shape" : "53ce92e6-2a7a-4b35-9643-acffe53aa42f",
    "color" : "#B57FE2",
    "position" : {
      "x" : 0.0,
      "y" : 0.0,
      "z" : 0.0
    }
  }, {
    "shape" : "04a2ac00-5800-4483-85a1-87d8a9aa58ed",
    "color" : "#B57FE2",
    "position" : {
      "x" : 0.0,
      "y" : 0.0,
      "z" : 0.0
    }
  }, {
    "shape" : "53da348e-f494-4433-bf5f-75bad3bc23c3",
    "color" : "#B57FE2",
    "position" : {
      "x" : 0.0,
      "y" : 0.0,
      "z" : 0.0
    }
  }, {
    "shape" : "4de0fc69-b20c-4426-a1d1-d6dc22660d2c",
    "color" : "#B57FE2",
    "position" : {
      "x" : 0.0,
      "y" : 0.0,
      "z" : 0.0
    }
  }, {
    "shape" : "acdfbb41-b5ea-4061-8bd4-479d84c5a2cf",
    "color" : "#B57FE2",
    "position" : {
      "x" : 0.0,
      "y" : 0.0,
      "z" : 0.0
    }
  }, {
    "shape" : "3d8ba3b7-7e3c-4b9b-ab7c-99e57a23bb70",
    "color" : "#F7CF7F",
    "position" : {
      "x" : 0.0,
      "y" : 0.0,
      "z" : 0.0
    }
  }, {
    "shape" : "029c24e6-ece7-45a3-b20f-638e51622c65",
    "color" : "#F7CF7F",
    "position" : {
      "x" : 0.0,
      "y" : 0.0,
      "z" : 0.0
    }
  }, {
    "shape" : "ae0669d5-4a3d-4250-aecb-2f1867c84ef4",
    "color" : "#F7CF7F",
    "position" : {
      "x" : 0.0,
      "y" : 0.0,
      "z" : 0.0
    }
  }, {
    "shape" : "95ee45d0-2202-4909-8828-5ba0951ac610",
    "color" : "#F7CF7F",
    "position" : {
      "x" : 0.0,
      "y" : 0.0,
      "z" : 0.0
    }
  }, {
    "shape" : "44772cab-8c7b-42d4-af90-00f1ee65550c",
    "color" : "#F7CF7F",
    "position" : {
      "x" : 0.0,
      "y" : 0.0,
      "z" : 0.0
    }
  }, {
    "shape" : "34872e0f-8cef-417d-a388-bd1c4eb07e4b",
    "color" : "#F7CF7F",
    "position" : {
      "x" : 0.0,
      "y" : 0.0,
