{
  "polygons" : "true",
  "field" : "golden",
  "symmetry" : "icosahedral",
  "orientations" : [ [ 1.0, 0.0, 0.0, 0.0, 0.0, 1.0, 0.0, 0.0, 0.0, 0.0, 1.0, 0.0, 0.0, 0.0, 0.0, 1.0 ], [ 0.0, 0.0, 1.0, 0.0, 1.0, 0.0, 0.0, 0.0, 0.0, 1.0, 0.0, 0.0, 0.0, 0.0, 0.0, 1.0 ], [ 0.0, 1.0, 0.0, 0.0, 0.0, 0.0, 1.0, 0.0, 1.0, 0.0, 0.0, 0.0, 0.0, 0.0, 0.0, 1.0 ], [ 0.809017, 0.309017, 0.5, 0.0, 0.309017, 0.5, -0.809017, 0.0, -0.5, 0.809017, 0.309017, 0.0, 0.0, 0.0, 0.0, 1.0 ], [ -0.5, 0.809017, 0.309017, 0.0, 0.809017, 0.309017, 0.5, 0.0, 0.309017, 0.5, -0.809017, 0.0, 0.0, 0.0, 0.0, 1.0 ], [ 0.309017, 0.5, -0.809017, 0.0, -0.5, 0.809017, 0.309017, 0.0, 0.809017, 0.309017, 0.5, 0.0, 0.0, 0.0, 0.0, 1.0 ], [ 0.5, 0.809017, 0.309017, 0.0, 0.809017, -0.309017, -0.5, 0.0, -0.309017, 0.5, -0.809017, 0.0, 0.0, 0.0, 0.0, 1.0 ], [ -0.309017, 0.5, -0.809017, 0.0, 0.5, 0.809017, 0.309017, 0.0, 0.809017, -0.309017, -0.5, 0.0, 0.0, 0.0, 0.0, 1.0 ], [ 0.809017, -0.309017, -0.5, 0.0, -0.309017, 0.5, -0.809017, 0.0, 0.5, 0.809017, 0.309017, 0.0, 0.0, 0.0, 0.0, 1.0 ], [ 0.5, 0.809017, -0.309017, 0.0, 0.809017, -0.309017, 0.5, 0.0, 0.309017, -0.5, -0.809017, 0.0, 0.0, 0.0, 0.0, 1.0 ], [ 0.309017, -0.5, -0.809017, 0.0, 0.5, 0.809017, -0.309017, 0.0, 0.809017, -0.309017, 0.5, 0.0, 0.0, 0.0, 0.0, 1.0 ], [ 0.809017, -0.309017, 0.5, 0.0, 0.309017, -0.5, -0.809017, 0.0, 0.5, 0.809017, -0.309017, 0.0, 0.0, 0.0, 0.0, 1.0 ], [ 0.809017, 0.309017, -0.5, 0.0, 0.309017, 0.5, 0.809017, 0.0, 0.5, -0.809017, 0.309017, 0.0, 0.0, 0.0, 0.0, 1.0 ], [ 0.5, -0.809017, 0.309017, 0.0, 0.809017, 0.309017, -0.5, 0.0, 0.309017, 0.5, 0.809017, 0.0, 0.0, 0.0, 0.0, 1.0 ], [ 0.309017, 0.5, 0.809017, 0.0, 0.5, -0.809017, 0.309017, 0.0, 0.809017, 0.309017, -0.5, 0.0, 0.0, 0.0, 0.0, 1.0 ], [ 1.0, 0.0, 0.0, 0.0, 0.0, -1.0, 0.0, 0.0, 0.0, 0.0, -1.0, 0.0, 0.0, 0.0, 0.0, 1.0 ], [ 0.0, 0.0, 1.0, 0.0, -1.0, 0.0, 0.0, 0.0, 0.0, -1.0, 0.0, 0.0, 0.0, 0.0, 0.0, 1.0 ], [ 0.0, 1.0, 0.0, 0.0, 0.0, 0.0, -1.0, 0.0, -1.0, 0.0, 0.0, 0.0, 0.0, 0.0, 0.0, 1.0 ], [ 0.809017, 0.309017, 0.5, 0.0, -0.309017, -0.5, 0.809017, 0.0, 0.5, -0.809017, -0.309017, 0.0, 0.0, 0.0, 0.0, 1.0 ], [ -0.5, 0.809017, 0.309017, 0.0, -0.809017, -0.309017, -0.5, 0.0, -0.309017, -0.5, 0.809017, 0.0, 0.0, 0.0, 0.0, 1.0 ], [ 0.309017, 0.5, -0.809017, 0.0, 0.5, -0.809017, -0.309017, 0.0, -0.809017, -0.309017, -0.5, 0.0, 0.0, 0.0, 0.0, 1.0 ], [ 0.5, 0.809017, 0.309017, 0.0, -0.809017, 0.309017, 0.5, 0.0, 0.309017, -0.5, 0.809017, 0.0, 0.0, 0.0, 0.0, 1.0 ], [ -0.309017, 0.5, -0.809017, 0.0, -0.5, -0.809017, -0.309017, 0.0, -0.809017, 0.309017, 0.5, 0.0, 0.0, 0.0, 0.0, 1.0 ], [ 0.809017, -0.309017, -0.5, 0.0, 0.309017, -0.5, 0.809017, 0.0, -0.5, -0.809017, -0.309017, 0.0, 0.0, 0.0, 0.0, 1.0 ], [ 0.5, 0.809017, -0.309017, 0.0, -0.809017, 0.309017, -0.5, 0.0, -0.309017, 0.5, 0.809017, 0.0, 0.0, 0.0, 0.0, 1.0 ], [ 0.309017, -0.5, -0.809017, 0.0, -0.5, -0.809017, 0.309017, 0.0, -0.809017, 0.309017, -0.5, 0.0, 0.0, 0.0, 0.0, 1.0 ], [ 0.809017, -0.309017, 0.5, 0.0, -0.309017, 0.5, 0.809017, 0.0, -0.5, -0.809017, 0.309017, 0.0, 0.0, 0.0, 0.0, 1.0 ], [ 0.809017, 0.309017, -0.5, 0.0, -0.309017, -0.5, -0.809017, 0.0, -0.5, 0.809017, -0.309017, 0.0, 0.0, 0.0, 0.0, 1.0 ], [ 0.5, -0.809017, 0.309017, 0.0, -0.809017, -0.309017, 0.5, 0.0, -0.309017, -0.5, -0.809017, 0.0, 0.0, 0.0, 0.0, 1.0 ], [ 0.309017, 0.5, 0.809017, 0.0, -0.5, 0.809017, -0.309017, 0.0, -0.809017, -0.309017, 0.5, 0.0, 0.0, 0.0, 0.0, 1.0 ], [ -1.0, 0.0, 0.0, 0.0, 0.0, -1.0, 0.0, 0.0, 0.0, 0.0, 1.0, 0.0, 0.0, 0.0, 0.0, 1.0 ], [ 0.0, 0.0, -1.0, 0.0, -1.0, 0.0, 0.0, 0.0, 0.0, 1.0, 0.0, 0.0, 0.0, 0.0, 0.0, 1.0 ], [ 0.0, -1.0, 0.0, 0.0, 0.0, 0.0, -1.0, 0.0, 1.0, 0.0, 0.0, 0.0, 0.0, 0.0, 0.0, 1.0 ], [ -0.809017, -0.309017, -0.5, 0.0, -0.309017, -0.5, 0.809017, 0.0, -0.5, 0.809017, 0.309017, 0.0, 0.0, 0.0, 0.0, 1.0 ], [ 0.5, -0.809017, -0.309017, 0.0, -0.809017, -0.309017, -0.5, 0.0, 0.309017, 0.5, -0.809017, 0.0, 0.0, 0.0, 0.0, 1.0 ], [ -0.309017, -0.5, 0.809017, 0.0, 0.5, -0.809017, -0.309017, 0.0, 0.809017, 0.309017, 0.5, 0.0, 0.0, 0.0, 0.0, 1.0 ], [ -0.5, -0.809017, -0.309017, 0.0, -0.809017, 0.309017, 0.5, 0.0, -0.309017, 0.5, -0.809017, 0.0, 0.0, 0.0, 0.0, 1.0 ], [ 0.309017, -0.5, 0.809017, 0.0, -0.5, -0.809017, -0.309017, 0.0, 0.809017, -0.309017, -0.5, 0.0, 0.0, 0.0, 0.0, 1.0 ], [ -0.809017, 0.309017, 0.5, 0.0, 0.309017, -0.5, 0.809017, 0.0, 0.5, 0.809017, 0.309017, 0.0, 0.0, 0.0, 0.0, 1.0 ], [ -0.5, -0.809017, 0.309017, 0.0, -0.809017, 0.309017, -0.5, 0.0, 0.309017, -0.5, -0.809017, 0.0, 0.0, 0.0, 0.0, 1.0 ], [ -0.309017, 0.5, 0.809017, 0.0, -0.5, -0.809017, 0.309017, 0.0, 0.809017, -0.309017, 0.5, 0.0, 0.0, 0.0, 0.0, 1.0 ], [ -0.809017, 0.309017, -0.5, 0.0, -0.309017, 0.5, 0.809017, 0.0, 0.5, 0.809017, -0.309017, 0.0, 0.0, 0.0, 0.0, 1.0 ], [ -0.809017, -0.309017, 0.5, 0.0, -0.309017, -0.5, -0.809017, 0.0, 0.5, -0.809017, 0.309017, 0.0, 0.0, 0.0, 0.0, 1.0 ], [ -0.5, 0.809017, -0.309017, 0.0, -0.809017, -0.309017, 0.5, 0.0, 0.309017, 0.5, 0.809017, 0.0, 0.0, 0.0, 0.0, 1.0 ], [ -0.309017, -0.5, -0.809017, 0.0, -0.5, 0.809017, -0.309017, 0.0, 0.809017, 0.309017, -0.5, 0.0, 0.0, 0.0, 0.0, 1.0 ], [ -1.0, 0.0, 0.0, 0.0, 0.0, 1.0, 0.0, 0.0, 0.0, 0.0, -1.0, 0.0, 0.0, 0.0, 0.0, 1.0 ], [ 0.0, 0.0, -1.0, 0.0, 1.0, 0.0, 0.0, 0.0, 0.0, -1.0, 0.0, 0.0, 0.0, 0.0, 0.0, 1.0 ], [ 0.0, -1.0, 0.0, 0.0, 0.0, 0.0, 1.0, 0.0, -1.0, 0.0, 0.0, 0.0, 0.0, 0.0, 0.0, 1.0 ], [ -0.809017, -0.309017, -0.5, 0.0, 0.309017, 0.5, -0.809017, 0.0, 0.5, -0.809017, -0.309017, 0.0, 0.0, 0.0, 0.0, 1.0 ], [ 0.5, -0.809017, -0.309017, 0.0, 0.809017, 0.309017, 0.5, 0.0, -0.309017, -0.5, 0.809017, 0.0, 0.0, 0.0, 0.0, 1.0 ], [ -0.309017, -0.5, 0.809017, 0.0, -0.5, 0.809017, 0.309017, 0.0, -0.809017, -0.309017, -0.5, 0.0, 0.0, 0.0, 0.0, 1.0 ], [ -0.5, -0.809017, -0.309017, 0.0, 0.809017, -0.309017, -0.5, 0.0, 0.309017, -0.5, 0.809017, 0.0, 0.0, 0.0, 0.0, 1.0 ], [ 0.309017, -0.5, 0.809017, 0.0, 0.5, 0.809017, 0.309017, 0.0, -0.809017, 0.309017, 0.5, 0.0, 0.0, 0.0, 0.0, 1.0 ], [ -0.809017, 0.309017, 0.5, 0.0, -0.309017, 0.5, -0.809017, 0.0, -0.5, -0.809017, -0.309017, 0.0, 0.0, 0.0, 0.0, 1.0 ], [ -0.5, -0.809017, 0.309017, 0.0, 0.809017, -0.309017, 0.5, 0.0, -0.309017, 0.5, 0.809017, 0.0, 0.0, 0.0, 0.0, 1.0 ], [ -0.309017, 0.5, 0.809017, 0.0, 0.5, 0.809017, -0.309017, 0.0, -0.809017, 0.309017, -0.5, 0.0, 0.0, 0.0, 0.0, 1.0 ], [ -0.809017, 0.309017, -0.5, 0.0, 0.309017, -0.5, -0.809017, 0.0, -0.5, -0.809017, 0.309017, 0.0, 0.0, 0.0, 0.0, 1.0 ], [ -0.809017, -0.309017, 0.5, 0.0, 0.309017, 0.5, 0.809017, 0.0, -0.5, 0.809017, -0.309017, 0.0, 0.0, 0.0, 0.0, 1.0 ], [ -0.5, 0.809017, -0.309017, 0.0, 0.809017, 0.309017, -0.5, 0.0, -0.309017, -0.5, -0.809017, 0.0, 0.0, 0.0, 0.0, 1.0 ], [ -0.309017, -0.5, -0.809017, 0.0, 0.5, -0.809017, 0.309017, 0.0, -0.809017, -0.309017, 0.5, 0.0, 0.0, 0.0, 0.0, 1.0 ] ],
  "lights" : {
    "ambientColor" : "#292929",
    "backgroundColor" : "#AFC8DC",
    "directionalLights" : [ {
      "direction" : [ 1.0, -1.0, -1.0 ],
      "color" : "#EBEBE4"
    }, {
      "direction" : [ -1.0, 0.0, 0.0 ],
      "color" : "#E4E4EB"
    }, {
      "direction" : [ 0.0, 0.0, -1.0 ],
      "color" : "#1E1E1E"
    } ]
  },
  "camera" : {
    "perspective" : true,
    "lookDirection" : {
      "x" : -0.7905694,
      "y" : -0.5720614,
      "z" : 0.21850802
    },
    "upDirection" : {
      "x" : 1.0634127E-8,
      "y" : -0.3568221,
      "z" : -0.93417233
    },
    "lookAtPoint" : {
      "x" : 0.0,
      "y" : 0.0,
      "z" : 0.0
    },
    "viewDistance" : 326.64676,
    "nearClipDistance" : 0.8166176,
    "farClipDistance" : 653.29205,
    "fieldOfView" : 0.44262925,
    "stereo" : false,
    "width" : 146.99117,
    "position" : {
      "x" : 258.23694,
      "y" : 186.86201,
      "z" : -71.37494
    }
  },
  "embedding" : [ 1.0, 0.0, 0.0, 0.0, 0.0, 1.0, 0.0, 0.0, 0.0, 0.0, 1.0, 0.0, 0.0, 0.0, 0.0, 1.0 ],
  "shapes" : [ {
    "id" : "14594db8-26c5-4e7c-aa2f-6aa00a0582c1",
    "vertices" : [ {
      "x" : 1.0,
      "y" : 0.309017,
      "z" : 0.19098301
    }, {
      "x" : 1.0,
      "y" : -0.309017,
      "z" : 0.19098301
    }, {
      "x" : 12.708204,
      "y" : -0.309017,
      "z" : 0.19098301
    }, {
      "x" : 12.708204,
      "y" : 0.309017,
      "z" : 0.19098301
    }, {
      "x" : 12.708204,
      "y" : -0.309017,
      "z" : -0.19098301
    }, {
      "x" : 12.708204,
      "y" : 0.309017,
      "z" : -0.19098301
    }, {
      "x" : 13.326238,
      "y" : 0.0,
      "z" : 0.0
    }, {
      "x" : 0.38196602,
      "y" : 0.0,
      "z" : 0.0
    }, {
      "x" : 1.0,
      "y" : 0.309017,
      "z" : -0.19098301
    }, {
      "x" : 1.0,
      "y" : -0.309017,
      "z" : -0.19098301
    }, {
      "x" : 13.708204,
      "y" : 0.0,
      "z" : 0.0
    } ],
    "faces" : [ {
      "vertices" : [ 1, 9, 4, 2 ]
    }, {
      "vertices" : [ 0, 3, 5, 8 ]
    }, {
      "vertices" : [ 1, 7, 9 ]
    }, {
      "vertices" : [ 0, 1, 2, 3 ]
    }, {
      "vertices" : [ 7, 8, 9 ]
    }, {
      "vertices" : [ 0, 7, 1 ]
    }, {
      "vertices" : [ 4, 9, 8, 5 ]
    }, {
      "vertices" : [ 2, 6, 3 ]
    }, {
      "vertices" : [ 2, 4, 6 ]
    }, {
      "vertices" : [ 3, 6, 5 ]
    }, {
      "vertices" : [ 4, 5, 6 ]
    }, {
      "vertices" : [ 0, 8, 7 ]
    } ]
  }, {
    "id" : "deb5fcc9-3df1-4c87-a59b-769c7eefd451",
    "vertices" : [ {
      "x" : 1.0,
      "y" : 0.309017,
      "z" : 0.19098301
    }, {
      "x" : 1.0,
      "y" : -0.309017,
      "z" : 0.19098301
    }, {
      "x" : 4.236068,
      "y" : -0.309017,
      "z" : 0.19098301
    }, {
      "x" : 4.236068,
      "y" : 0.309017,
      "z" : 0.19098301
    }, {
      "x" : 4.236068,
      "y" : -0.309017,
      "z" : -0.19098301
    }, {
      "x" : 4.236068,
      "y" : 0.309017,
      "z" : -0.19098301
    }, {
      "x" : 4.854102,
      "y" : 0.0,
      "z" : 0.0
    }, {
      "x" : 0.38196602,
      "y" : 0.0,
      "z" : 0.0
    }, {
      "x" : 1.0,
      "y" : 0.309017,
      "z" : -0.19098301
    }, {
      "x" : 1.0,
      "y" : -0.309017,
      "z" : -0.19098301
    }, {
      "x" : 5.236068,
      "y" : 0.0,
      "z" : 0.0
    } ],
    "faces" : [ {
      "vertices" : [ 1, 9, 4, 2 ]
    }, {
      "vertices" : [ 0, 3, 5, 8 ]
    }, {
      "vertices" : [ 1, 7, 9 ]
    }, {
      "vertices" : [ 0, 1, 2, 3 ]
    }, {
      "vertices" : [ 7, 8, 9 ]
    }, {
      "vertices" : [ 0, 7, 1 ]
    }, {
      "vertices" : [ 4, 9, 8, 5 ]
    }, {
      "vertices" : [ 2, 6, 3 ]
    }, {
      "vertices" : [ 2, 4, 6 ]
    }, {
      "vertices" : [ 3, 6, 5 ]
    }, {
      "vertices" : [ 4, 5, 6 ]
    }, {
      "vertices" : [ 0, 8, 7 ]
    } ]
  }, {
    "id" : "402b4195-c727-4d71-8e92-40454ec678a7",
    "vertices" : [ {
      "x" : -0.309017,
      "y" : -0.19098301,
      "z" : 0.0
    }, {
      "x" : -0.309017,
      "y" : 0.19098301,
      "z" : 0.0
    }, {
      "x" : -0.19098301,
      "y" : 0.0,
      "z" : -0.309017
    }, {
      "x" : -0.19098301,
      "y" : 0.0,
      "z" : 0.309017
    }, {
      "x" : 0.0,
      "y" : -0.309017,
      "z" : -0.19098301
    }, {
      "x" : 0.0,
      "y" : -0.309017,
      "z" : 0.19098301
    }, {
      "x" : 0.0,
      "y" : 0.309017,
      "z" : -0.19098301
    }, {
      "x" : 0.0,
      "y" : 0.309017,
      "z" : 0.19098301
    }, {
      "x" : 0.19098301,
      "y" : 0.0,
      "z" : -0.309017
    }, {
      "x" : 0.19098301,
      "y" : 0.0,
      "z" : 0.309017
    }, {
      "x" : 0.309017,
      "y" : -0.19098301,
      "z" : 0.0
    }, {
      "x" : 0.309017,
      "y" : 0.19098301,
      "z" : 0.0
    } ],
    "faces" : [ {
      "vertices" : [ 0, 1, 2 ]
    }, {
      "vertices" : [ 0, 3, 1 ]
    }, {
      "vertices" : [ 0, 2, 4 ]
    }, {
      "vertices" : [ 0, 5, 3 ]
    }, {
      "vertices" : [ 0, 4, 5 ]
    }, {
      "vertices" : [ 1, 6, 2 ]
    }, {
      "vertices" : [ 1, 3, 7 ]
    }, {
      "vertices" : [ 1, 7, 6 ]
    }, {
      "vertices" : [ 2, 8, 4 ]
    }, {
      "vertices" : [ 2, 6, 8 ]
    }, {
      "vertices" : [ 3, 5, 9 ]
    }, {
      "vertices" : [ 3, 9, 7 ]
    }, {
      "vertices" : [ 4, 10, 5 ]
    }, {
      "vertices" : [ 4, 8, 10 ]
    }, {
      "vertices" : [ 5, 10, 9 ]
    }, {
      "vertices" : [ 6, 7, 11 ]
    }, {
      "vertices" : [ 6, 11, 8 ]
    }, {
      "vertices" : [ 7, 9, 11 ]
    }, {
      "vertices" : [ 8, 11, 10 ]
    }, {
      "vertices" : [ 9, 10, 11 ]
    } ]
  }, {
    "id" : "f907c442-d44f-4522-8663-e3ff7d85639f",
    "vertices" : [ {
      "x" : 14.612713,
      "y" : 2.4635255,
      "z" : -3.677051
    }, {
      "x" : 14.980746,
      "y" : 2.559017,
      "z" : -4.1405764
    }, {
      "x" : 1.0954915,
      "y" : 0.1545085,
      "z" : 0.059016995
    }, {
      "x" : 14.421729,
      "y" : 2.7725425,
      "z" : -4.177051
    }, {
      "x" : 0.9045085,
      "y" : 0.4635255,
      "z" : -0.440983
    }, {
      "x" : 14.421729,
      "y" : 2.1545086,
      "z" : -3.795085
    }, {
      "x" : 0.9045085,
      "y" : -0.1545085,
      "z" : -0.059016995
    }, {
      "x" : 14.230746,
      "y" : 2.4635255,
      "z" : -4.295085
    }, {
      "x" : 15.326238,
      "y" : 2.618034,
      "z" : -4.236068
    }, {
      "x" : 0.3454915,
      "y" : 0.059016995,
      "z" : -0.095491506
    }, {
      "x" : 0.7135255,
      "y" : 0.1545085,
      "z" : -0.559017
    } ],
    "faces" : [ {
      "vertices" : [ 2, 9, 6 ]
    }, {
      "vertices" : [ 0, 1, 3 ]
    }, {
      "vertices" : [ 0, 5, 1 ]
    }, {
      "vertices" : [ 4, 10, 9 ]
    }, {
      "vertices" : [ 3, 7, 10, 4 ]
    }, {
      "vertices" : [ 0, 3, 4, 2 ]
    }, {
      "vertices" : [ 6, 9, 10 ]
    }, {
      "vertices" : [ 1, 7, 3 ]
    }, {
      "vertices" : [ 5, 6, 10, 7 ]
    }, {
      "vertices" : [ 0, 2, 6, 5 ]
    }, {
      "vertices" : [ 1, 5, 7 ]
    }, {
      "vertices" : [ 2, 4, 9 ]
    } ]
  }, {
    "id" : "2f172968-9453-4e09-a30c-7d4875bae49c",
    "vertices" : [ {
      "x" : 10.781153,
      "y" : 4.118034,
      "z" : -1.572949
    }, {
      "x" : 10.399187,
      "y" : 3.663119,
      "z" : -1.381966
    }, {
      "x" : 10.236068,
      "y" : 3.927051,
      "z" : -1.809017
    }, {
      "x" : 10.163119,
      "y" : 4.190983,
      "z" : -1.618034
    }, {
      "x" : 0.85410196,
      "y" : 0.309017,
      "z" : 0.19098301
    }, {
      "x" : 0.690983,
      "y" : 0.572949,
      "z" : -0.23606798
    }, {
      "x" : 0.309017,
      "y" : 0.11803399,
      "z" : -0.045084972
    }, {
      "x" : 0.76393205,
      "y" : 0.309017,
      "z" : -0.42705098
    }, {
      "x" : 0.927051,
      "y" : 0.045084972,
      "z" : 0.0
    }, {
      "x" : 10.326238,
      "y" : 3.927051,
      "z" : -1.190983
    }, {
      "x" : 11.09017,
      "y" : 4.236068,
      "z" : -1.618034
    } ],
    "faces" : [ {
      "vertices" : [ 2, 7, 5, 3 ]
    }, {
      "vertices" : [ 1, 8, 7, 2 ]
    }, {
      "vertices" : [ 4, 6, 8 ]
    }, {
      "vertices" : [ 5, 7, 6 ]
    }, {
      "vertices" : [ 0, 1, 2 ]
    }, {
      "vertices" : [ 0, 2, 3 ]
    }, {
      "vertices" : [ 6, 7, 8 ]
    }, {
      "vertices" : [ 3, 5, 4, 9 ]
    }, {
      "vertices" : [ 1, 9, 4, 8 ]
    }, {
      "vertices" : [ 0, 9, 1 ]
    }, {
      "vertices" : [ 0, 3, 9 ]
    }, {
      "vertices" : [ 4, 5, 6 ]
    } ]
  }, {
    "id" : "b93425d6-4901-4058-9d52-67d1524851f2",
    "vertices" : [ {
      "x" : 1.0,
      "y" : 0.309017,
      "z" : 0.19098301
    }, {
      "x" : 1.0,
      "y" : -0.309017,
      "z" : 0.19098301
    }, {
      "x" : 7.472136,
      "y" : -0.309017,
      "z" : 0.19098301
    }, {
      "x" : 7.472136,
      "y" : 0.309017,
      "z" : 0.19098301
    }, {
      "x" : 7.472136,
      "y" : -0.309017,
      "z" : -0.19098301
    }, {
      "x" : 7.472136,
      "y" : 0.309017,
      "z" : -0.19098301
    }, {
      "x" : 8.09017,
      "y" : 0.0,
      "z" : 0.0
    }, {
      "x" : 0.38196602,
      "y" : 0.0,
      "z" : 0.0
    }, {
      "x" : 1.0,
      "y" : 0.309017,
      "z" : -0.19098301
    }, {
      "x" : 1.0,
      "y" : -0.309017,
      "z" : -0.19098301
    }, {
      "x" : 8.472136,
      "y" : 0.0,
      "z" : 0.0
    } ],
    "faces" : [ {
      "vertices" : [ 1, 9, 4, 2 ]
    }, {
      "vertices" : [ 0, 3, 5, 8 ]
    }, {
      "vertices" : [ 1, 7, 9 ]
    }, {
      "vertices" : [ 0, 1, 2, 3 ]
    }, {
      "vertices" : [ 7, 8, 9 ]
    }, {
      "vertices" : [ 0, 7, 1 ]
    }, {
      "vertices" : [ 4, 9, 8, 5 ]
    }, {
      "vertices" : [ 2, 6, 3 ]
    }, {
      "vertices" : [ 2, 4, 6 ]
    }, {
      "vertices" : [ 3, 6, 5 ]
    }, {
      "vertices" : [ 4, 5, 6 ]
    }, {
      "vertices" : [ 0, 8, 7 ]
    } ]
  }, {
    "id" : "2196fe6e-4fa3-45cb-b62d-093ed7d15ddd",
    "vertices" : [ {
      "x" : 0.0,
      "y" : 0.0,
      "z" : 0.0
    }, {
      "x" : 11.09017,
      "y" : -17.944271,
      "z" : 64.92299
    }, {
      "x" : 46.978714,
      "y" : -76.01315,
      "z" : 42.742645
    }, {
      "x" : 35.888542,
      "y" : -58.068882,
      "z" : -22.18034
    } ],
    "faces" : [ {
      "vertices" : [ 0, 1, 2, 3 ]
    }, {
      "vertices" : [ 0, 3, 2, 1 ]
    } ]
  } ],
  "instances" : [ {
    "shape" : "14594db8-26c5-4e7c-aa2f-6aa00a0582c1",
    "color" : "#007695",
    "position" : {
      "x" : -12.09017,
      "y" : -5.854102,
      "z" : 4.236068
    },
    "orientation" : 1
  }, {
    "shape" : "deb5fcc9-3df1-4c87-a59b-769c7eefd451",
    "color" : "#007695",
    "position" : {
      "x" : 29.034441,
      "y" : -69.15905,
      "z" : 4.236068
    },
    "orientation" : 0
  }, {
    "shape" : "402b4195-c727-4d71-8e92-40454ec678a7",
    "color" : "#FFFFFF",
    "position" : {
      "x" : 34.27051,
      "y" : -69.15905,
      "z" : 4.236068
    }
  }, {
    "shape" : "deb5fcc9-3df1-4c87-a59b-769c7eefd451",
    "color" : "#007695",
    "position" : {
      "x" : -15.326238,
      "y" : -11.09017,
      "z" : 4.236068
    },
    "orientation" : 10
  }, {
    "shape" : "deb5fcc9-3df1-4c87-a59b-769c7eefd451",
    "color" : "#007695",
    "position" : {
      "x" : 29.034441,
      "y" : -50.214783,
      "z" : 34.888542
    },
    "orientation" : 0
  }, {
    "shape" : "deb5fcc9-3df1-4c87-a59b-769c7eefd451",
    "color" : "#007695",
    "position" : {
      "x" : 51.214783,
      "y" : -52.214783,
      "z" : 31.652475
    },
    "orientation" : 26
  }, {
    "shape" : "deb5fcc9-3df1-4c87-a59b-769c7eefd451",
    "color" : "#007695",
    "position" : {
      "x" : 51.214783,
      "y" : -52.214783,
      "z" : 31.652475
    },
    "orientation" : 7
  }, {
    "shape" : "402b4195-c727-4d71-8e92-40454ec678a7",
    "color" : "#FFFFFF",
    "position" : {
      "x" : -18.562305,
      "y" : 11.09017,
      "z" : -4.236068
    }
  }, {
    "shape" : "f907c442-d44f-4522-8663-e3ff7d85639f",
    "color" : "#DC4C00",
    "position" : {
      "x" : 6.854102,
      "y" : 24.798374,
      "z" : 4.236068
    },
    "orientation" : 21
  }, {
    "shape" : "2f172968-9453-4e09-a30c-7d4875bae49c",
    "color" : "#008D36",
    "position" : {
      "x" : -10.09017,
      "y" : -2.618034,
      "z" : 12.708204
    },
    "orientation" : 58
  }, {
    "shape" : "deb5fcc9-3df1-4c87-a59b-769c7eefd451",
    "color" : "#007695",
    "position" : {
      "x" : 40.742645,
      "y" : -60.686916,
      "z" : 17.944271
    },
    "orientation" : 38
  }, {
    "shape" : "2f172968-9453-4e09-a30c-7d4875bae49c",
    "color" : "#008D36",
    "position" : {
      "x" : 0.0,
      "y" : 13.708204,
      "z" : -16.944271
    },
    "orientation" : 1
  }, {
    "shape" : "2f172968-9453-4e09-a30c-7d4875bae49c",
    "color" : "#008D36",
    "position" : {
      "x" : 10.09017,
      "y" : -24.798374,
      "z" : 12.708204
    },
    "orientation" : 1
  }, {
    "shape" : "b93425d6-4901-4058-9d52-67d1524851f2",
    "color" : "#007695",
    "position" : {
      "x" : -16.944271,
      "y" : 0.0,
      "z" : -8.472136
    },
    "orientation" : 26
  }, {
    "shape" : "b93425d6-4901-4058-9d52-67d1524851f2",
    "color" : "#007695",
    "position" : {
      "x" : 58.068882,
      "y" : -58.068882,
      "z" : 22.18034
    },
    "orientation" : 7
  }, {
    "shape" : "deb5fcc9-3df1-4c87-a59b-769c7eefd451",
    "color" : "#007695",
    "position" : {
      "x" : 32.652477,
      "y" : -61.30495,
      "z" : 16.944271
    },
    "orientation" : 10
  }, {
    "shape" : "402b4195-c727-4d71-8e92-40454ec678a7",
    "color" : "#FFFFFF",
    "position" : {
      "x" : 22.18034,
      "y" : -66.54102,
      "z" : 8.472136
    }
  }, {
    "shape" : "b93425d6-4901-4058-9d52-67d1524851f2",
    "color" : "#007695",
    "position" : {
      "x" : -12.09017,
      "y" : -5.854102,
      "z" : 4.236068
    },
    "orientation" : 47
  }, {
    "shape" : "deb5fcc9-3df1-4c87-a59b-769c7eefd451",
    "color" : "#007695",
    "position" : {
      "x" : 20.562305,
      "y" : -52.214783,
      "z" : 31.652475
    },
    "orientation" : 0
  }, {
    "shape" : "402b4195-c727-4d71-8e92-40454ec678a7",
    "color" : "#FFFFFF",
    "position" : {
      "x" : -8.472136,
      "y" : 13.708204,
      "z" : 16.944271
    }
  }, {
    "shape" : "2f172968-9453-4e09-a30c-7d4875bae49c",
    "color" : "#008D36",
    "position" : {
      "x" : -15.326238,
      "y" : 16.326239,
      "z" : -12.708204
    },
    "orientation" : 1
  }, {
    "shape" : "b93425d6-4901-4058-9d52-67d1524851f2",
    "color" : "#007695",
    "position" : {
      "x" : 1.618034,
      "y" : -24.798374,
      "z" : -12.708204
    },
    "orientation" : 38
  }, {
    "shape" : "402b4195-c727-4d71-8e92-40454ec678a7",
    "color" : "#FFFFFF",
    "position" : {
      "x" : -15.326238,
      "y" : 30.034441,
      "z" : 4.236068
    }
  }, {
    "shape" : "402b4195-c727-4d71-8e92-40454ec678a7",
    "color" : "#FFFFFF",
    "position" : {
      "x" : 50.59675,
      "y" : -56.45085,
      "z" : 24.798374
    }
  }, {
    "shape" : "b93425d6-4901-4058-9d52-67d1524851f2",
    "color" : "#007695",
    "position" : {
      "x" : 8.472136,
      "y" : -13.708204,
      "z" : -16.944271
    },
    "orientation" : 8
  }, {
    "shape" : "deb5fcc9-3df1-4c87-a59b-769c7eefd451",
    "color" : "#007695",
    "position" : {
      "x" : -5.236068,
      "y" : -22.18034,
      "z" : 8.472136
    },
    "orientation" : 22
  }, {
    "shape" : "2f172968-9453-4e09-a30c-7d4875bae49c",
    "color" : "#008D36",
    "position" : {
      "x" : 5.236068,
      "y" : -18.944271,
      "z" : 8.472136
    },
    "orientation" : 58
  }, {
    "shape" : "deb5fcc9-3df1-4c87-a59b-769c7eefd451",
    "color" : "#007695",
    "position" : {
      "x" : 51.214783,
      "y" : -63.922985,
      "z" : 12.708204
    },
    "orientation" : 11
  }, {
    "shape" : "b93425d6-4901-4058-9d52-67d1524851f2",
    "color" : "#007695",
    "position" : {
      "x" : -8.472136,
      "y" : 13.708204,
      "z" : 16.944271
    },
    "orientation" : 56
  }, {
    "shape" : "402b4195-c727-4d71-8e92-40454ec678a7",
    "color" : "#FFFFFF",
    "position" : {
      "x" : -3.618034,
      "y" : -19.562305,
      "z" : 4.236068
    }
  }, {
    "shape" : "2f172968-9453-4e09-a30c-7d4875bae49c",
    "color" : "#008D36",
    "position" : {
      "x" : 3.618034,
      "y" : -7.854102,
      "z" : -4.236068
    },
    "orientation" : 28
  }, {
    "shape" : "f907c442-d44f-4522-8663-e3ff7d85639f",
    "color" : "#DC4C00",
    "position" : {
      "x" : -3.618034,
      "y" : 7.854102,
      "z" : 4.236068
    },
    "orientation" : 21
  }, {
    "shape" : "b93425d6-4901-4058-9d52-67d1524851f2",
    "color" : "#007695",
    "position" : {
      "x" : 42.12461,
      "y" : -59.686916,
      "z" : 19.562305
    },
    "orientation" : 22
  }, {
    "shape" : "deb5fcc9-3df1-4c87-a59b-769c7eefd451",
    "color" : "#007695",
    "position" : {
      "x" : 32.652477,
      "y" : -54.832817,
      "z" : 27.416409
    },
    "orientation" : 25
  }, {
    "shape" : "402b4195-c727-4d71-8e92-40454ec678a7",
    "color" : "#FFFFFF",
    "position" : {
      "x" : 47.978714,
      "y" : -63.922985,
      "z" : 12.708204
    }
  }, {
    "shape" : "deb5fcc9-3df1-4c87-a59b-769c7eefd451",
    "color" : "#007695",
    "position" : {
      "x" : 39.12461,
      "y" : -54.832817,
      "z" : 27.416409
    },
    "orientation" : 22
  }, {
    "shape" : "2f172968-9453-4e09-a30c-7d4875bae49c",
    "color" : "#008D36",
    "position" : {
      "x" : -15.326238,
      "y" : 2.618034,
      "z" : 12.708204
    },
    "orientation" : 28
  }, {
    "shape" : "f907c442-d44f-4522-8663-e3ff7d85639f",
    "color" : "#DC4C00",
    "position" : {
      "x" : 5.236068,
      "y" : 22.18034,
      "z" : -8.472136
    },
    "orientation" : 21
  }, {
    "shape" : "deb5fcc9-3df1-4c87-a59b-769c7eefd451",
    "color" : "#007695",
    "position" : {
      "x" : -15.326238,
      "y" : 2.618034,
      "z" : 12.708204
    },
    "orientation" : 22
  }, {
    "shape" : "2f172968-9453-4e09-a30c-7d4875bae49c",
    "color" : "#008D36",
    "position" : {
      "x" : -18.562305,
      "y" : 11.09017,
      "z" : 4.236068
    },
    "orientation" : 31
  }, {
    "shape" : "deb5fcc9-3df1-4c87-a59b-769c7eefd451",
    "color" : "#007695",
    "position" : {
      "x" : -16.944271,
      "y" : 0.0,
      "z" : -8.472136
    },
    "orientation" : 52
  }, {
    "shape" : "deb5fcc9-3df1-4c87-a59b-769c7eefd451",
    "color" : "#007695",
    "position" : {
      "x" : 32.652477,
      "y" : -49.59675,
      "z" : 35.888542
    },
    "orientation" : 53
  }, {
    "shape" : "deb5fcc9-3df1-4c87-a59b-769c7eefd451",
    "color" : "#007695",
    "position" : {
      "x" : 51.214783,
      "y" : -63.922985,
      "z" : 12.708204
    },
    "orientation" : 7
  }, {
    "shape" : "b93425d6-4901-4058-9d52-67d1524851f2",
    "color" : "#007695",
    "position" : {
      "x" : 31.034441,
      "y" : -60.686916,
      "z" : 17.944271
    },
    "orientation" : 11
  }, {
    "shape" : "402b4195-c727-4d71-8e92-40454ec678a7",
    "color" : "#FFFFFF",
    "position" : {
      "x" : 23.798374,
      "y" : -63.922985,
      "z" : 12.708204
    }
  }, {
    "shape" : "402b4195-c727-4d71-8e92-40454ec678a7",
    "color" : "#FFFFFF",
    "position" : {
      "x" : -6.854102,
      "y" : -24.798374,
      "z" : 4.236068
    }
  }, {
    "shape" : "b93425d6-4901-4058-9d52-67d1524851f2",
    "color" : "#007695",
    "position" : {
      "x" : -11.708204,
      "y" : 8.472136,
      "z" : -8.472136
    },
    "orientation" : 8
  }, {
    "shape" : "deb5fcc9-3df1-4c87-a59b-769c7eefd451",
    "color" : "#007695",
    "position" : {
      "x" : 41.742645,
      "y" : -48.59675,
      "z" : 37.506577
    },
    "orientation" : 0
  }, {
    "shape" : "f907c442-d44f-4522-8663-e3ff7d85639f",
    "color" : "#DC4C00",
    "position" : {
      "x" : 3.618034,
      "y" : -7.854102,
      "z" : -4.236068
    },
    "orientation" : 51
  }, {
    "shape" : "b93425d6-4901-4058-9d52-67d1524851f2",
    "color" : "#007695",
    "position" : {
      "x" : -11.708204,
      "y" : 22.18034,
      "z" : 8.472136
    },
    "orientation" : 26
  }, {
    "shape" : "b93425d6-4901-4058-9d52-67d1524851f2",
    "color" : "#007695",
    "position" : {
      "x" : 40.742645,
      "y" : -55.45085,
      "z" : 26.416409
    },
    "orientation" : 10
  }, {
    "shape" : "402b4195-c727-4d71-8e92-40454ec678a7",
    "color" : "#FFFFFF",
    "position" : {
      "x" : -15.326238,
      "y" : 2.618034,
      "z" : -12.708204
    }
  }, {
    "shape" : "f907c442-d44f-4522-8663-e3ff7d85639f",
    "color" : "#DC4C00",
    "position" : {
      "x" : -6.854102,
      "y" : -24.798374,
      "z" : -4.236068
    },
    "orientation" : 51
  }, {
    "shape" : "402b4195-c727-4d71-8e92-40454ec678a7",
    "color" : "#FFFFFF",
    "position" : {
      "x" : 13.708204,
      "y" : -18.944271,
      "z" : -8.472136
    }
  }, {
    "shape" : "b93425d6-4901-4058-9d52-67d1524851f2",
    "color" : "#007695",
    "position" : {
      "x" : 31.034441,
      "y" : -55.45085,
      "z" : 26.416409
    },
    "orientation" : 53
  }, {
    "shape" : "deb5fcc9-3df1-4c87-a59b-769c7eefd451",
    "color" : "#007695",
    "position" : {
      "x" : 32.652477,
      "y" : -66.54102,
      "z" : 8.472136
    },
    "orientation" : 38
  }, {
    "shape" : "2f172968-9453-4e09-a30c-7d4875bae49c",
    "color" : "#008D36",
    "position" : {
      "x" : 10.09017,
      "y" : 2.618034,
      "z" : -12.708204
    },
    "orientation" : 31
  }, {
    "shape" : "deb5fcc9-3df1-4c87-a59b-769c7eefd451",
    "color" : "#007695",
    "position" : {
      "x" : 39.12461,
      "y" : -61.30495,
      "z" : 16.944271
    },
    "orientation" : 7
  }, {
    "shape" : "b93425d6-4901-4058-9d52-67d1524851f2",
    "color" : "#007695",
    "position" : {
      "x" : 21.562305,
      "y" : -53.832817,
      "z" : 29.034441
    },
    "orientation" : 11
  }, {
    "shape" : "b93425d6-4901-4058-9d52-67d1524851f2",
    "color" : "#007695",
    "position" : {
      "x" : -1.618034,
      "y" : 24.798374,
      "z" : 12.708204
    },
    "orientation" : 26
  }, {
    "shape" : "402b4195-c727-4d71-8e92-40454ec678a7",
    "color" : "#FFFFFF",
    "position" : {
      "x" : -11.708204,
      "y" : 8.472136,
      "z" : -8.472136
    }
  }, {
    "shape" : "b93425d6-4901-4058-9d52-67d1524851f2",
    "color" : "#007695",
    "position" : {
      "x" : 32.652477,
      "y" : -61.30495,
      "z" : 16.944271
    },
    "orientation" : 53
  }, {
    "shape" : "b93425d6-4901-4058-9d52-67d1524851f2",
    "color" : "#007695",
    "position" : {
      "x" : 36.888542,
      "y" : -61.686916,
      "z" : 16.326239
    },
    "orientation" : 7
  }, {
    "shape" : "f907c442-d44f-4522-8663-e3ff7d85639f",
    "color" : "#DC4C00",
    "position" : {
      "x" : 4.854102,
      "y" : -5.854102,
      "z" : -4.236068
    },
    "orientation" : 51
  }, {
    "shape" : "deb5fcc9-3df1-4c87-a59b-769c7eefd451",
    "color" : "#007695",
    "position" : {
      "x" : 17.944271,
      "y" : -51.214783,
      "z" : 33.27051
    },
    "orientation" : 11
  }, {
    "shape" : "402b4195-c727-4d71-8e92-40454ec678a7",
    "color" : "#FFFFFF",
    "position" : {
      "x" : 49.59675,
      "y" : -54.832817,
      "z" : 27.416409
    }
  }, {
    "shape" : "b93425d6-4901-4058-9d52-67d1524851f2",
    "color" : "#007695",
    "position" : {
      "x" : 39.12461,
      "y" : -66.54102,
      "z" : 8.472136
    },
    "orientation" : 38
  }, {
    "shape" : "402b4195-c727-4d71-8e92-40454ec678a7",
    "color" : "#FFFFFF",
    "position" : {
      "x" : -6.854102,
      "y" : 30.034441,
      "z" : 4.236068
    }
  }, {
    "shape" : "b93425d6-4901-4058-9d52-67d1524851f2",
    "color" : "#007695",
    "position" : {
      "x" : 12.09017,
      "y" : -7.854102,
      "z" : 4.236068
    },
    "orientation" : 47
  }, {
    "shape" : "402b4195-c727-4d71-8e92-40454ec678a7",
    "color" : "#FFFFFF",
    "position" : {
      "x" : 53.832817,
      "y" : -64.92299,
      "z" : 11.09017
    }
  }, {
    "shape" : "deb5fcc9-3df1-4c87-a59b-769c7eefd451",
    "color" : "#007695",
    "position" : {
      "x" : 19.562305,
      "y" : -59.068882,
      "z" : 20.562305
    },
    "orientation" : 53
  }, {
    "shape" : "2f172968-9453-4e09-a30c-7d4875bae49c",
    "color" : "#008D36",
    "position" : {
      "x" : 18.562305,
      "y" : -11.09017,
      "z" : -4.236068
    },
    "orientation" : 58
  }, {
    "shape" : "402b4195-c727-4d71-8e92-40454ec678a7",
    "color" : "#FFFFFF",
    "position" : {
      "x" : -15.326238,
      "y" : 2.618034,
      "z" : 12.708204
    }
  }, {
    "shape" : "b93425d6-4901-4058-9d52-67d1524851f2",
    "color" : "#007695",
    "position" : {
      "x" : 39.12461,
      "y" : -54.832817,
      "z" : 27.416409
    },
    "orientation" : 22
  }, {
    "shape" : "2f172968-9453-4e09-a30c-7d4875bae49c",
    "color" : "#008D36",
    "position" : {
      "x" : -13.708204,
      "y" : -8.472136,
      "z" : -8.472136
    },
    "orientation" : 58
  }, {
    "shape" : "402b4195-c727-4d71-8e92-40454ec678a7",
    "color" : "#FFFFFF",
    "position" : {
      "x" : 10.09017,
      "y" : 2.618034,
      "z" : 12.708204
    }
  }, {
    "shape" : "402b4195-c727-4d71-8e92-40454ec678a7",
    "color" : "#FFFFFF",
    "position" : {
      "x" : 55.45085,
      "y" : -62.30495,
      "z" : 15.326238
    }
  }, {
    "shape" : "14594db8-26c5-4e7c-aa2f-6aa00a0582c1",
    "color" : "#007695",
    "position" : {
      "x" : 11.708204,
      "y" : -22.18034,
      "z" : -8.472136
    },
    "orientation" : 1
  }, {
    "shape" : "402b4195-c727-4d71-8e92-40454ec678a7",
    "color" : "#FFFFFF",
    "position" : {
      "x" : 31.034441,
      "y" : -60.686916,
      "z" : 17.944271
    }
  }, {
    "shape" : "402b4195-c727-4d71-8e92-40454ec678a7",
    "color" : "#FFFFFF",
    "position" : {
      "x" : 51.214783,
      "y" : -63.922985,
      "z" : 12.708204
    }
  }, {
    "shape" : "b93425d6-4901-4058-9d52-67d1524851f2",
    "color" : "#007695",
    "position" : {
      "x" : 29.652475,
      "y" : -56.45085,
      "z" : 24.798374
    },
    "orientation" : 26
  }, {
    "shape" : "2f172968-9453-4e09-a30c-7d4875bae49c",
    "color" : "#008D36",
    "position" : {
      "x" : 1.618034,
      "y" : 16.326239,
      "z" : 12.708204
    },
    "orientation" : 58
  }, {
    "shape" : "402b4195-c727-4d71-8e92-40454ec678a7",
    "color" : "#FFFFFF",
    "position" : {
      "x" : 8.472136,
      "y" : -13.708204,
      "z" : 16.944271
    }
  }, {
    "shape" : "f907c442-d44f-4522-8663-e3ff7d85639f",
    "color" : "#DC4C00",
    "position" : {
      "x" : -1.618034,
      "y" : -16.326239,
      "z" : -12.708204
    },
    "orientation" : 51
  }, {
    "shape" : "402b4195-c727-4d71-8e92-40454ec678a7",
    "color" : "#FFFFFF",
    "position" : {
      "x" : 16.326239,
      "y" : -53.832817,
      "z" : 29.034441
    }
  }, {
    "shape" : "402b4195-c727-4d71-8e92-40454ec678a7",
    "color" : "#FFFFFF",
    "position" : {
      "x" : 35.27051,
      "y" : -57.068882,
      "z" : 23.798374
    }
  }, {
    "shape" : "2f172968-9453-4e09-a30c-7d4875bae49c",
    "color" : "#008D36",
    "position" : {
      "x" : -15.326238,
      "y" : 30.034441,
      "z" : -4.236068
    },
    "orientation" : 28
  }, {
    "shape" : "402b4195-c727-4d71-8e92-40454ec678a7",
    "color" : "#FFFFFF",
    "position" : {
      "x" : -8.472136,
      "y" : 13.708204,
      "z" : -16.944271
    }
  }, {
    "shape" : "402b4195-c727-4d71-8e92-40454ec678a7",
    "color" : "#FFFFFF",
    "position" : {
      "x" : 15.326238,
      "y" : 11.09017,
      "z" : 4.236068
    }
  }, {
    "shape" : "b93425d6-4901-4058-9d52-67d1524851f2",
    "color" : "#007695",
    "position" : {
      "x" : 34.888542,
      "y" : -61.686916,
      "z" : 16.326239
    },
    "orientation" : 10
  }, {
    "shape" : "b93425d6-4901-4058-9d52-67d1524851f2",
    "color" : "#007695",
    "position" : {
      "x" : -3.618034,
      "y" : -19.562305,
      "z" : -4.236068
    },
    "orientation" : 2
  }, {
    "shape" : "402b4195-c727-4d71-8e92-40454ec678a7",
    "color" : "#FFFFFF",
    "position" : {
      "x" : 22.18034,
      "y" : -49.59675,
      "z" : 35.888542
    }
  }, {
    "shape" : "402b4195-c727-4d71-8e92-40454ec678a7",
    "color" : "#FFFFFF",
    "position" : {
      "x" : 28.416409,
      "y" : -64.92299,
      "z" : 11.09017
    }
  }, {
    "shape" : "402b4195-c727-4d71-8e92-40454ec678a7",
    "color" : "#FFFFFF",
    "position" : {
      "x" : 24.798374,
      "y" : -48.59675,
      "z" : 37.506577
    }
  }, {
    "shape" : "402b4195-c727-4d71-8e92-40454ec678a7",
    "color" : "#FFFFFF",
    "position" : {
      "x" : 6.854102,
      "y" : -30.034441,
      "z" : -4.236068
    }
  }, {
    "shape" : "b93425d6-4901-4058-9d52-67d1524851f2",
    "color" : "#007695",
    "position" : {
      "x" : -11.708204,
      "y" : 22.18034,
      "z" : 8.472136
    },
    "orientation" : 56
  }, {
    "shape" : "402b4195-c727-4d71-8e92-40454ec678a7",
    "color" : "#FFFFFF",
    "position" : {
      "x" : 25.798374,
      "y" : -52.214783,
      "z" : 31.652475
    }
  }, {
    "shape" : "b93425d6-4901-4058-9d52-67d1524851f2",
    "color" : "#007695",
    "position" : {
      "x" : 32.652477,
      "y" : -54.832817,
      "z" : 27.416409
    },
    "orientation" : 11
  }, {
    "shape" : "402b4195-c727-4d71-8e92-40454ec678a7",
    "color" : "#FFFFFF",
    "position" : {
      "x" : 50.59675,
      "y" : -59.686916,
      "z" : 19.562305
    }
  }, {
    "shape" : "402b4195-c727-4d71-8e92-40454ec678a7",
    "color" : "#FFFFFF",
    "position" : {
      "x" : 42.742645,
      "y" : -46.978714,
      "z" : 40.12461
    }
  }, {
    "shape" : "402b4195-c727-4d71-8e92-40454ec678a7",
    "color" : "#FFFFFF",
    "position" : {
      "x" : -15.326238,
      "y" : -11.09017,
      "z" : -4.236068
    }
  }, {
    "shape" : "deb5fcc9-3df1-4c87-a59b-769c7eefd451",
    "color" : "#007695",
    "position" : {
      "x" : 42.12461,
      "y" : -59.686916,
      "z" : 19.562305
    },
    "orientation" : 38
  }, {
    "shape" : "deb5fcc9-3df1-4c87-a59b-769c7eefd451",
    "color" : "#007695",
    "position" : {
      "x" : 31.034441,
      "y" : -55.45085,
      "z" : 26.416409
    },
    "orientation" : 26
  }, {
    "shape" : "deb5fcc9-3df1-4c87-a59b-769c7eefd451",
    "color" : "#007695",
    "position" : {
      "x" : 16.944271,
      "y" : -58.068882,
      "z" : 22.18034
    },
    "orientation" : 11
  }, {
    "shape" : "14594db8-26c5-4e7c-aa2f-6aa00a0582c1",
    "color" : "#007695",
    "position" : {
      "x" : 18.562305,
      "y" : -24.798374,
      "z" : 4.236068
    },
    "orientation" : 1
  }, {
    "shape" : "402b4195-c727-4d71-8e92-40454ec678a7",
    "color" : "#FFFFFF",
    "position" : {
      "x" : -10.09017,
      "y" : 24.798374,
      "z" : -12.708204
    }
  }, {
    "shape" : "b93425d6-4901-4058-9d52-67d1524851f2",
    "color" : "#007695",
    "position" : {
      "x" : 42.742645,
      "y" : -69.15905,
      "z" : 4.236068
    },
    "orientation" : 45
  }, {
    "shape" : "deb5fcc9-3df1-4c87-a59b-769c7eefd451",
    "color" : "#007695",
    "position" : {
      "x" : 51.214783,
      "y" : -63.922985,
      "z" : 12.708204
    },
    "orientation" : 22
  }, {
    "shape" : "b93425d6-4901-4058-9d52-67d1524851f2",
    "color" : "#007695",
    "position" : {
      "x" : -6.854102,
      "y" : 30.034441,
      "z" : 4.236068
    },
    "orientation" : 8
  }, {
    "shape" : "deb5fcc9-3df1-4c87-a59b-769c7eefd451",
    "color" : "#007695",
    "position" : {
      "x" : 41.742645,
      "y" : -67.54102,
      "z" : 6.854102
    },
    "orientation" : 53
  }, {
    "shape" : "402b4195-c727-4d71-8e92-40454ec678a7",
    "color" : "#FFFFFF",
    "position" : {
      "x" : 8.472136,
      "y" : 0.0,
      "z" : -16.944271
    }
  }, {
    "shape" : "402b4195-c727-4d71-8e92-40454ec678a7",
    "color" : "#FFFFFF",
    "position" : {
      "x" : 8.472136,
      "y" : 0.0,
      "z" : 16.944271
    }
  }, {
    "shape" : "b93425d6-4901-4058-9d52-67d1524851f2",
    "color" : "#007695",
    "position" : {
      "x" : 3.618034,
      "y" : 19.562305,
      "z" : 4.236068
    },
    "orientation" : 47
  }, {
    "shape" : "402b4195-c727-4d71-8e92-40454ec678a7",
    "color" : "#FFFFFF",
    "position" : {
      "x" : 42.12461,
      "y" : -56.45085,
      "z" : 24.798374
    }
  }, {
    "shape" : "402b4195-c727-4d71-8e92-40454ec678a7",
    "color" : "#FFFFFF",
    "position" : {
      "x" : 0.0,
      "y" : 13.708204,
      "z" : 16.944271
    }
  }, {
    "shape" : "deb5fcc9-3df1-4c87-a59b-769c7eefd451",
    "color" : "#007695",
    "position" : {
      "x" : 39.12461,
      "y" : -66.54102,
      "z" : 8.472136
    },
    "orientation" : 11
  }, {
    "shape" : "b93425d6-4901-4058-9d52-67d1524851f2",
    "color" : "#007695",
    "position" : {
      "x" : 11.708204,
      "y" : -22.18034,
      "z" : -8.472136
    },
    "orientation" : 38
  }, {
    "shape" : "2f172968-9453-4e09-a30c-7d4875bae49c",
    "color" : "#008D36",
