{
  "polygons" : "true",
  "field" : "golden",
  "symmetry" : "icosahedral",
  "orientations" : [ [ 1.0, 0.0, 0.0, 0.0, 0.0, 1.0, 0.0, 0.0, 0.0, 0.0, 1.0, 0.0, 0.0, 0.0, 0.0, 1.0 ], [ 0.0, 0.0, 1.0, 0.0, 1.0, 0.0, 0.0, 0.0, 0.0, 1.0, 0.0, 0.0, 0.0, 0.0, 0.0, 1.0 ], [ 0.0, 1.0, 0.0, 0.0, 0.0, 0.0, 1.0, 0.0, 1.0, 0.0, 0.0, 0.0, 0.0, 0.0, 0.0, 1.0 ], [ 0.809017, 0.309017, 0.5, 0.0, 0.309017, 0.5, -0.809017, 0.0, -0.5, 0.809017, 0.309017, 0.0, 0.0, 0.0, 0.0, 1.0 ], [ -0.5, 0.809017, 0.309017, 0.0, 0.809017, 0.309017, 0.5, 0.0, 0.309017, 0.5, -0.809017, 0.0, 0.0, 0.0, 0.0, 1.0 ], [ 0.309017, 0.5, -0.809017, 0.0, -0.5, 0.809017, 0.309017, 0.0, 0.809017, 0.309017, 0.5, 0.0, 0.0, 0.0, 0.0, 1.0 ], [ 0.5, 0.809017, 0.309017, 0.0, 0.809017, -0.309017, -0.5, 0.0, -0.309017, 0.5, -0.809017, 0.0, 0.0, 0.0, 0.0, 1.0 ], [ -0.309017, 0.5, -0.809017, 0.0, 0.5, 0.809017, 0.309017, 0.0, 0.809017, -0.309017, -0.5, 0.0, 0.0, 0.0, 0.0, 1.0 ], [ 0.809017, -0.309017, -0.5, 0.0, -0.309017, 0.5, -0.809017, 0.0, 0.5, 0.809017, 0.309017, 0.0, 0.0, 0.0, 0.0, 1.0 ], [ 0.5, 0.809017, -0.309017, 0.0, 0.809017, -0.309017, 0.5, 0.0, 0.309017, -0.5, -0.809017, 0.0, 0.0, 0.0, 0.0, 1.0 ], [ 0.309017, -0.5, -0.809017, 0.0, 0.5, 0.809017, -0.309017, 0.0, 0.809017, -0.309017, 0.5, 0.0, 0.0, 0.0, 0.0, 1.0 ], [ 0.809017, -0.309017, 0.5, 0.0, 0.309017, -0.5, -0.809017, 0.0, 0.5, 0.809017, -0.309017, 0.0, 0.0, 0.0, 0.0, 1.0 ], [ 0.809017, 0.309017, -0.5, 0.0, 0.309017, 0.5, 0.809017, 0.0, 0.5, -0.809017, 0.309017, 0.0, 0.0, 0.0, 0.0, 1.0 ], [ 0.5, -0.809017, 0.309017, 0.0, 0.809017, 0.309017, -0.5, 0.0, 0.309017, 0.5, 0.809017, 0.0, 0.0, 0.0, 0.0, 1.0 ], [ 0.309017, 0.5, 0.809017, 0.0, 0.5, -0.809017, 0.309017, 0.0, 0.809017, 0.309017, -0.5, 0.0, 0.0, 0.0, 0.0, 1.0 ], [ 1.0, 0.0, 0.0, 0.0, 0.0, -1.0, 0.0, 0.0, 0.0, 0.0, -1.0, 0.0, 0.0, 0.0, 0.0, 1.0 ], [ 0.0, 0.0, 1.0, 0.0, -1.0, 0.0, 0.0, 0.0, 0.0, -1.0, 0.0, 0.0, 0.0, 0.0, 0.0, 1.0 ], [ 0.0, 1.0, 0.0, 0.0, 0.0, 0.0, -1.0, 0.0, -1.0, 0.0, 0.0, 0.0, 0.0, 0.0, 0.0, 1.0 ], [ 0.809017, 0.309017, 0.5, 0.0, -0.309017, -0.5, 0.809017, 0.0, 0.5, -0.809017, -0.309017, 0.0, 0.0, 0.0, 0.0, 1.0 ], [ -0.5, 0.809017, 0.309017, 0.0, -0.809017, -0.309017, -0.5, 0.0, -0.309017, -0.5, 0.809017, 0.0, 0.0, 0.0, 0.0, 1.0 ], [ 0.309017, 0.5, -0.809017, 0.0, 0.5, -0.809017, -0.309017, 0.0, -0.809017, -0.309017, -0.5, 0.0, 0.0, 0.0, 0.0, 1.0 ], [ 0.5, 0.809017, 0.309017, 0.0, -0.809017, 0.309017, 0.5, 0.0, 0.309017, -0.5, 0.809017, 0.0, 0.0, 0.0, 0.0, 1.0 ], [ -0.309017, 0.5, -0.809017, 0.0, -0.5, -0.809017, -0.309017, 0.0, -0.809017, 0.309017, 0.5, 0.0, 0.0, 0.0, 0.0, 1.0 ], [ 0.809017, -0.309017, -0.5, 0.0, 0.309017, -0.5, 0.809017, 0.0, -0.5, -0.809017, -0.309017, 0.0, 0.0, 0.0, 0.0, 1.0 ], [ 0.5, 0.809017, -0.309017, 0.0, -0.809017, 0.309017, -0.5, 0.0, -0.309017, 0.5, 0.809017, 0.0, 0.0, 0.0, 0.0, 1.0 ], [ 0.309017, -0.5, -0.809017, 0.0, -0.5, -0.809017, 0.309017, 0.0, -0.809017, 0.309017, -0.5, 0.0, 0.0, 0.0, 0.0, 1.0 ], [ 0.809017, -0.309017, 0.5, 0.0, -0.309017, 0.5, 0.809017, 0.0, -0.5, -0.809017, 0.309017, 0.0, 0.0, 0.0, 0.0, 1.0 ], [ 0.809017, 0.309017, -0.5, 0.0, -0.309017, -0.5, -0.809017, 0.0, -0.5, 0.809017, -0.309017, 0.0, 0.0, 0.0, 0.0, 1.0 ], [ 0.5, -0.809017, 0.309017, 0.0, -0.809017, -0.309017, 0.5, 0.0, -0.309017, -0.5, -0.809017, 0.0, 0.0, 0.0, 0.0, 1.0 ], [ 0.309017, 0.5, 0.809017, 0.0, -0.5, 0.809017, -0.309017, 0.0, -0.809017, -0.309017, 0.5, 0.0, 0.0, 0.0, 0.0, 1.0 ], [ -1.0, 0.0, 0.0, 0.0, 0.0, -1.0, 0.0, 0.0, 0.0, 0.0, 1.0, 0.0, 0.0, 0.0, 0.0, 1.0 ], [ 0.0, 0.0, -1.0, 0.0, -1.0, 0.0, 0.0, 0.0, 0.0, 1.0, 0.0, 0.0, 0.0, 0.0, 0.0, 1.0 ], [ 0.0, -1.0, 0.0, 0.0, 0.0, 0.0, -1.0, 0.0, 1.0, 0.0, 0.0, 0.0, 0.0, 0.0, 0.0, 1.0 ], [ -0.809017, -0.309017, -0.5, 0.0, -0.309017, -0.5, 0.809017, 0.0, -0.5, 0.809017, 0.309017, 0.0, 0.0, 0.0, 0.0, 1.0 ], [ 0.5, -0.809017, -0.309017, 0.0, -0.809017, -0.309017, -0.5, 0.0, 0.309017, 0.5, -0.809017, 0.0, 0.0, 0.0, 0.0, 1.0 ], [ -0.309017, -0.5, 0.809017, 0.0, 0.5, -0.809017, -0.309017, 0.0, 0.809017, 0.309017, 0.5, 0.0, 0.0, 0.0, 0.0, 1.0 ], [ -0.5, -0.809017, -0.309017, 0.0, -0.809017, 0.309017, 0.5, 0.0, -0.309017, 0.5, -0.809017, 0.0, 0.0, 0.0, 0.0, 1.0 ], [ 0.309017, -0.5, 0.809017, 0.0, -0.5, -0.809017, -0.309017, 0.0, 0.809017, -0.309017, -0.5, 0.0, 0.0, 0.0, 0.0, 1.0 ], [ -0.809017, 0.309017, 0.5, 0.0, 0.309017, -0.5, 0.809017, 0.0, 0.5, 0.809017, 0.309017, 0.0, 0.0, 0.0, 0.0, 1.0 ], [ -0.5, -0.809017, 0.309017, 0.0, -0.809017, 0.309017, -0.5, 0.0, 0.309017, -0.5, -0.809017, 0.0, 0.0, 0.0, 0.0, 1.0 ], [ -0.309017, 0.5, 0.809017, 0.0, -0.5, -0.809017, 0.309017, 0.0, 0.809017, -0.309017, 0.5, 0.0, 0.0, 0.0, 0.0, 1.0 ], [ -0.809017, 0.309017, -0.5, 0.0, -0.309017, 0.5, 0.809017, 0.0, 0.5, 0.809017, -0.309017, 0.0, 0.0, 0.0, 0.0, 1.0 ], [ -0.809017, -0.309017, 0.5, 0.0, -0.309017, -0.5, -0.809017, 0.0, 0.5, -0.809017, 0.309017, 0.0, 0.0, 0.0, 0.0, 1.0 ], [ -0.5, 0.809017, -0.309017, 0.0, -0.809017, -0.309017, 0.5, 0.0, 0.309017, 0.5, 0.809017, 0.0, 0.0, 0.0, 0.0, 1.0 ], [ -0.309017, -0.5, -0.809017, 0.0, -0.5, 0.809017, -0.309017, 0.0, 0.809017, 0.309017, -0.5, 0.0, 0.0, 0.0, 0.0, 1.0 ], [ -1.0, 0.0, 0.0, 0.0, 0.0, 1.0, 0.0, 0.0, 0.0, 0.0, -1.0, 0.0, 0.0, 0.0, 0.0, 1.0 ], [ 0.0, 0.0, -1.0, 0.0, 1.0, 0.0, 0.0, 0.0, 0.0, -1.0, 0.0, 0.0, 0.0, 0.0, 0.0, 1.0 ], [ 0.0, -1.0, 0.0, 0.0, 0.0, 0.0, 1.0, 0.0, -1.0, 0.0, 0.0, 0.0, 0.0, 0.0, 0.0, 1.0 ], [ -0.809017, -0.309017, -0.5, 0.0, 0.309017, 0.5, -0.809017, 0.0, 0.5, -0.809017, -0.309017, 0.0, 0.0, 0.0, 0.0, 1.0 ], [ 0.5, -0.809017, -0.309017, 0.0, 0.809017, 0.309017, 0.5, 0.0, -0.309017, -0.5, 0.809017, 0.0, 0.0, 0.0, 0.0, 1.0 ], [ -0.309017, -0.5, 0.809017, 0.0, -0.5, 0.809017, 0.309017, 0.0, -0.809017, -0.309017, -0.5, 0.0, 0.0, 0.0, 0.0, 1.0 ], [ -0.5, -0.809017, -0.309017, 0.0, 0.809017, -0.309017, -0.5, 0.0, 0.309017, -0.5, 0.809017, 0.0, 0.0, 0.0, 0.0, 1.0 ], [ 0.309017, -0.5, 0.809017, 0.0, 0.5, 0.809017, 0.309017, 0.0, -0.809017, 0.309017, 0.5, 0.0, 0.0, 0.0, 0.0, 1.0 ], [ -0.809017, 0.309017, 0.5, 0.0, -0.309017, 0.5, -0.809017, 0.0, -0.5, -0.809017, -0.309017, 0.0, 0.0, 0.0, 0.0, 1.0 ], [ -0.5, -0.809017, 0.309017, 0.0, 0.809017, -0.309017, 0.5, 0.0, -0.309017, 0.5, 0.809017, 0.0, 0.0, 0.0, 0.0, 1.0 ], [ -0.309017, 0.5, 0.809017, 0.0, 0.5, 0.809017, -0.309017, 0.0, -0.809017, 0.309017, -0.5, 0.0, 0.0, 0.0, 0.0, 1.0 ], [ -0.809017, 0.309017, -0.5, 0.0, 0.309017, -0.5, -0.809017, 0.0, -0.5, -0.809017, 0.309017, 0.0, 0.0, 0.0, 0.0, 1.0 ], [ -0.809017, -0.309017, 0.5, 0.0, 0.309017, 0.5, 0.809017, 0.0, -0.5, 0.809017, -0.309017, 0.0, 0.0, 0.0, 0.0, 1.0 ], [ -0.5, 0.809017, -0.309017, 0.0, 0.809017, 0.309017, -0.5, 0.0, -0.309017, -0.5, -0.809017, 0.0, 0.0, 0.0, 0.0, 1.0 ], [ -0.309017, -0.5, -0.809017, 0.0, 0.5, -0.809017, 0.309017, 0.0, -0.809017, -0.309017, 0.5, 0.0, 0.0, 0.0, 0.0, 1.0 ] ],
  "lights" : {
    "directionalLights" : [ {
      "direction" : [ 1.0, -1.0, -1.0 ],
      "color" : "#EBEBE4"
    }, {
      "direction" : [ -1.0, 0.0, 0.0 ],
      "color" : "#E4E4EB"
    }, {
      "direction" : [ 0.0, 0.0, -1.0 ],
      "color" : "#1E1E1E"
    } ],
    "ambientColor" : "#292929",
    "backgroundColor" : "#AFC8DC"
  },
  "camera" : {
    "position" : {
      "x" : 500.86282,
      "y" : 245.8352,
      "z" : 125.36219
    },
    "width" : 257.33328,
    "stereo" : false,
    "lookDirection" : {
      "x" : -0.8758617,
      "y" : -0.42989343,
      "z" : -0.21922158
    },
    "upDirection" : {
      "x" : -0.41833386,
      "y" : 0.90286624,
      "z" : -0.09913919
    },
    "lookAtPoint" : {
      "x" : 0.0,
      "y" : 0.0,
      "z" : 0.0
    },
    "viewDistance" : 571.8515,
    "nearClipDistance" : 1.4296292,
    "farClipDistance" : 1143.7025,
    "fieldOfView" : 0.44262907,
    "perspective" : true
  },
  "embedding" : [ 1.0, 0.0, 0.0, 0.0, 0.0, 1.0, 0.0, 0.0, 0.0, 0.0, 1.0, 0.0, 0.0, 0.0, 0.0, 1.0 ],
  "shapes" : [ {
    "id" : "8e36df5e-8282-4c2d-ba10-c85c458da04d",
    "name" : "ball",
    "vertices" : [ {
      "x" : 0.309017,
      "y" : -0.809017,
      "z" : 0.618034
    }, {
      "x" : 0.809017,
      "y" : -0.618034,
      "z" : 0.309017
    }, {
      "x" : 0.618034,
      "y" : -0.309017,
      "z" : 0.809017
    }, {
      "x" : 1.0,
      "y" : 0.309017,
      "z" : 0.19098301
    }, {
      "x" : 0.809017,
      "y" : 0.618034,
      "z" : 0.309017
    }, {
      "x" : 0.618034,
      "y" : 0.309017,
      "z" : 0.809017
    }, {
      "x" : 0.809017,
      "y" : 0.0,
      "z" : 0.690983
    }, {
      "x" : 0.19098301,
      "y" : -1.0,
      "z" : 0.309017
    }, {
      "x" : -0.19098301,
      "y" : -1.0,
      "z" : 0.309017
    }, {
      "x" : -0.19098301,
      "y" : -1.0,
      "z" : -0.309017
    }, {
      "x" : 0.19098301,
      "y" : -1.0,
      "z" : -0.309017
    }, {
      "x" : 1.0,
      "y" : -0.309017,
      "z" : -0.19098301
    }, {
      "x" : 0.809017,
      "y" : -0.618034,
      "z" : -0.309017
    }, {
      "x" : 0.618034,
      "y" : -0.309017,
      "z" : -0.809017
    }, {
      "x" : 0.809017,
      "y" : 0.0,
      "z" : -0.690983
    }, {
      "x" : 0.0,
      "y" : 0.690983,
      "z" : -0.809017
    }, {
      "x" : 0.309017,
      "y" : 0.809017,
      "z" : -0.618034
    }, {
      "x" : 0.618034,
      "y" : 0.309017,
      "z" : -0.809017
    }, {
      "x" : 0.309017,
      "y" : 0.19098301,
      "z" : -1.0
    }, {
      "x" : 1.0,
      "y" : 0.309017,
      "z" : -0.19098301
    }, {
      "x" : -0.309017,
      "y" : -0.809017,
      "z" : 0.618034
    }, {
      "x" : 0.0,
      "y" : -0.690983,
      "z" : 0.809017
    }, {
      "x" : 0.809017,
      "y" : 0.618034,
      "z" : -0.309017
    }, {
      "x" : 0.690983,
      "y" : 0.809017,
      "z" : 0.0
    }, {
      "x" : -0.690983,
      "y" : 0.809017,
      "z" : 0.0
    }, {
      "x" : -0.809017,
      "y" : 0.618034,
      "z" : 0.309017
    }, {
      "x" : -0.309017,
      "y" : 0.809017,
      "z" : 0.618034
    }, {
      "x" : -0.19098301,
      "y" : 1.0,
      "z" : 0.309017
    }, {
      "x" : 0.309017,
      "y" : -0.19098301,
      "z" : -1.0
    }, {
      "x" : 0.19098301,
      "y" : 1.0,
      "z" : 0.309017
    }, {
      "x" : 0.309017,
      "y" : 0.809017,
      "z" : 0.618034
    }, {
      "x" : -0.809017,
      "y" : -0.618034,
      "z" : 0.309017
    }, {
      "x" : -0.690983,
      "y" : -0.809017,
      "z" : 0.0
    }, {
      "x" : 0.0,
      "y" : 0.690983,
      "z" : 0.809017
    }, {
      "x" : 0.309017,
      "y" : -0.809017,
      "z" : -0.618034
    }, {
      "x" : 0.0,
      "y" : -0.690983,
      "z" : -0.809017
    }, {
      "x" : -1.0,
      "y" : 0.309017,
      "z" : 0.19098301
    }, {
      "x" : -0.809017,
      "y" : 0.0,
      "z" : 0.690983
    }, {
      "x" : -0.618034,
      "y" : 0.309017,
      "z" : 0.809017
    }, {
      "x" : 1.0,
      "y" : -0.309017,
      "z" : 0.19098301
    }, {
      "x" : -0.309017,
      "y" : -0.809017,
      "z" : -0.618034
    }, {
      "x" : -1.0,
      "y" : 0.309017,
      "z" : -0.19098301
    }, {
      "x" : -1.0,
      "y" : -0.309017,
      "z" : -0.19098301
    }, {
      "x" : -1.0,
      "y" : -0.309017,
      "z" : 0.19098301
    }, {
      "x" : 0.19098301,
      "y" : 1.0,
      "z" : -0.309017
    }, {
      "x" : -0.809017,
      "y" : 0.618034,
      "z" : -0.309017
    }, {
      "x" : -0.19098301,
      "y" : 1.0,
      "z" : -0.309017
    }, {
      "x" : -0.309017,
      "y" : 0.809017,
      "z" : -0.618034
    }, {
      "x" : -0.618034,
      "y" : -0.309017,
      "z" : 0.809017
    }, {
      "x" : 0.309017,
      "y" : 0.19098301,
      "z" : 1.0
    }, {
      "x" : -0.309017,
      "y" : 0.19098301,
      "z" : -1.0
    }, {
      "x" : -0.309017,
      "y" : 0.19098301,
      "z" : 1.0
    }, {
      "x" : -0.309017,
      "y" : -0.19098301,
      "z" : 1.0
    }, {
      "x" : 0.309017,
      "y" : -0.19098301,
      "z" : 1.0
    }, {
      "x" : 0.690983,
      "y" : -0.809017,
      "z" : 0.0
    }, {
      "x" : -0.809017,
      "y" : 0.0,
      "z" : -0.690983
    }, {
      "x" : -0.618034,
      "y" : -0.309017,
      "z" : -0.809017
    }, {
      "x" : -0.309017,
      "y" : -0.19098301,
      "z" : -1.0
    }, {
      "x" : -0.618034,
      "y" : 0.309017,
      "z" : -0.809017
    }, {
      "x" : -0.809017,
      "y" : -0.618034,
      "z" : -0.309017
    } ],
    "faces" : [ {
      "vertices" : [ 9, 40, 35, 34, 10 ]
    }, {
      "vertices" : [ 0, 1, 2 ]
    }, {
      "vertices" : [ 33, 51, 49 ]
    }, {
      "vertices" : [ 25, 36, 37, 38 ]
    }, {
      "vertices" : [ 41, 55, 42 ]
    }, {
      "vertices" : [ 9, 32, 59, 40 ]
    }, {
      "vertices" : [ 20, 21, 52, 48 ]
    }, {
      "vertices" : [ 26, 33, 30, 29, 27 ]
    }, {
      "vertices" : [ 3, 4, 5, 6 ]
    }, {
      "vertices" : [ 27, 29, 44, 46 ]
    }, {
      "vertices" : [ 50, 57, 56, 55, 58 ]
    }, {
      "vertices" : [ 26, 38, 51, 33 ]
    }, {
      "vertices" : [ 45, 47, 58 ]
    }, {
      "vertices" : [ 18, 28, 57, 50 ]
    }, {
      "vertices" : [ 40, 59, 56 ]
    }, {
      "vertices" : [ 31, 48, 37, 43 ]
    }, {
      "vertices" : [ 7, 8, 9, 10 ]
    }, {
      "vertices" : [ 36, 41, 42, 43 ]
    }, {
      "vertices" : [ 24, 46, 47, 45 ]
    }, {
      "vertices" : [ 4, 30, 5 ]
    }, {
      "vertices" : [ 15, 47, 46, 44, 16 ]
    }, {
      "vertices" : [ 15, 50, 58, 47 ]
    }, {
      "vertices" : [ 24, 45, 41, 36, 25 ]
    }, {
      "vertices" : [ 11, 14, 19 ]
    }, {
      "vertices" : [ 3, 6, 39 ]
    }, {
      "vertices" : [ 1, 39, 6, 2 ]
    }, {
      "vertices" : [ 8, 32, 9 ]
    }, {
      "vertices" : [ 11, 12, 13, 14 ]
    }, {
      "vertices" : [ 16, 22, 17 ]
    }, {
      "vertices" : [ 0, 21, 20, 8, 7 ]
    }, {
      "vertices" : [ 12, 34, 13 ]
    }, {
      "vertices" : [ 35, 40, 56, 57 ]
    }, {
      "vertices" : [ 0, 7, 54, 1 ]
    }, {
      "vertices" : [ 15, 16, 17, 18 ]
    }, {
      "vertices" : [ 3, 19, 22, 23, 4 ]
    }, {
      "vertices" : [ 7, 10, 54 ]
    }, {
      "vertices" : [ 41, 45, 58, 55 ]
    }, {
      "vertices" : [ 3, 39, 11, 19 ]
    }, {
      "vertices" : [ 14, 17, 22, 19 ]
    }, {
      "vertices" : [ 0, 2, 53, 21 ]
    }, {
      "vertices" : [ 49, 51, 52, 53 ]
    }, {
      "vertices" : [ 31, 43, 42, 59, 32 ]
    }, {
      "vertices" : [ 15, 18, 50 ]
    }, {
      "vertices" : [ 42, 55, 56, 59 ]
    }, {
      "vertices" : [ 4, 23, 29, 30 ]
    }, {
      "vertices" : [ 25, 38, 26 ]
    }, {
      "vertices" : [ 13, 28, 18, 17, 14 ]
    }, {
      "vertices" : [ 8, 20, 31, 32 ]
    }, {
      "vertices" : [ 23, 44, 29 ]
    }, {
      "vertices" : [ 24, 27, 46 ]
    }, {
      "vertices" : [ 37, 48, 52, 51, 38 ]
    }, {
      "vertices" : [ 20, 48, 31 ]
    }, {
      "vertices" : [ 24, 25, 26, 27 ]
    }, {
      "vertices" : [ 16, 44, 23, 22 ]
    }, {
      "vertices" : [ 13, 34, 35, 28 ]
    }, {
      "vertices" : [ 10, 34, 12, 54 ]
    }, {
      "vertices" : [ 2, 6, 5, 49, 53 ]
    }, {
      "vertices" : [ 36, 43, 37 ]
    }, {
      "vertices" : [ 5, 30, 33, 49 ]
    }, {
      "vertices" : [ 1, 54, 12, 11, 39 ]
    }, {
      "vertices" : [ 28, 35, 57 ]
    }, {
      "vertices" : [ 21, 53, 52 ]
    } ]
  }, {
    "id" : "4b8a1572-df6b-4c94-ad22-63c1d6057931",
    "orbit" : "yellow",
    "orbitC" : "[[0,0,1],[2,-1,1]]",
    "length" : "[0,1,1]",
    "name" : "y2",
    "vertices" : [ {
      "x" : 0.809017,
      "y" : 0.0,
      "z" : -0.690983
    }, {
      "x" : 1.0,
      "y" : 0.309017,
      "z" : -0.19098301
    }, {
      "x" : 4.736068,
      "y" : 0.309017,
      "z" : -1.618034
    }, {
      "x" : 4.545085,
      "y" : 0.0,
      "z" : -2.118034
    }, {
      "x" : 10.09017,
      "y" : 0.309017,
      "z" : -4.045085
    }, {
      "x" : 1.0,
      "y" : -0.309017,
      "z" : -0.19098301
    }, {
      "x" : 4.736068,
      "y" : -0.309017,
      "z" : -1.618034
    }, {
      "x" : 6.354102,
      "y" : 0.309017,
      "z" : -2.618034
    }, {
      "x" : 6.545085,
      "y" : 0.0,
      "z" : -2.118034
    }, {
      "x" : 11.09017,
      "y" : 0.0,
      "z" : -4.236068
    }, {
      "x" : 6.354102,
      "y" : -0.309017,
      "z" : -2.618034
    }, {
      "x" : 10.281153,
      "y" : 0.0,
      "z" : -3.545085
    }, {
      "x" : 10.09017,
      "y" : -0.309017,
      "z" : -4.045085
    } ],
    "faces" : [ {
      "vertices" : [ 2, 6, 8 ]
    }, {
      "vertices" : [ 4, 12, 10, 7 ]
    }, {
      "vertices" : [ 2, 8, 7 ]
    }, {
      "vertices" : [ 3, 10, 6 ]
    }, {
      "vertices" : [ 3, 7, 10 ]
    }, {
      "vertices" : [ 0, 1, 2, 3 ]
    }, {
      "vertices" : [ 6, 10, 8 ]
    }, {
      "vertices" : [ 8, 10, 12, 11 ]
    }, {
      "vertices" : [ 2, 7, 3 ]
    }, {
      "vertices" : [ 0, 3, 6, 5 ]
    }, {
      "vertices" : [ 1, 5, 6, 2 ]
    }, {
      "vertices" : [ 4, 7, 8, 11 ]
    } ]
  }, {
    "id" : "7ef5fc2c-0f06-4d73-a692-fbca13abd896",
    "orbit" : "blue",
    "orbitC" : "[[0,0,1],[0,0,1]]",
    "length" : "[0,1,1]",
    "name" : "b2",
    "vertices" : [ {
      "x" : 12.708204,
      "y" : 0.309017,
      "z" : 0.19098301
    }, {
      "x" : 12.708204,
      "y" : 0.309017,
      "z" : -0.19098301
    }, {
      "x" : 1.0,
      "y" : 0.309017,
      "z" : -0.19098301
    }, {
      "x" : 1.0,
      "y" : 0.309017,
      "z" : 0.19098301
    }, {
      "x" : 12.708204,
      "y" : -0.309017,
      "z" : 0.19098301
    }, {
      "x" : 1.0,
      "y" : -0.309017,
      "z" : 0.19098301
    }, {
      "x" : 1.0,
      "y" : -0.309017,
      "z" : -0.19098301
    }, {
      "x" : 12.708204,
      "y" : -0.309017,
      "z" : -0.19098301
    }, {
      "x" : 13.708204,
      "y" : 0.0,
      "z" : 0.0
    } ],
    "faces" : [ {
      "vertices" : [ 1, 7, 6, 2 ]
    }, {
      "vertices" : [ 0, 1, 2, 3 ]
    }, {
      "vertices" : [ 4, 5, 6, 7 ]
    }, {
      "vertices" : [ 0, 3, 5, 4 ]
    } ]
  }, {
    "id" : "949b7b26-1a48-47ec-b8fa-21c7f159eed5",
    "orbit" : "red",
    "orbitC" : "[[-1,1,1],[0,0,1]]",
    "length" : "[0,1,1]",
    "name" : "r2",
    "vertices" : [ {
      "x" : 4.736068,
      "y" : 3.045085,
      "z" : 0.309017
    }, {
      "x" : 6.354102,
      "y" : 3.809017,
      "z" : 0.309017
    }, {
      "x" : 6.163119,
      "y" : 4.118034,
      "z" : 0.19098301
    }, {
      "x" : 0.809017,
      "y" : 0.618034,
      "z" : -0.309017
    }, {
      "x" : 0.690983,
      "y" : 0.809017,
      "z" : 0.0
    }, {
      "x" : 4.618034,
      "y" : 3.236068,
      "z" : 0.0
    }, {
      "x" : 4.736068,
      "y" : 3.045085,
      "z" : -0.309017
    }, {
      "x" : 10.281153,
      "y" : 6.236068,
      "z" : 0.309017
    }, {
      "x" : 4.927051,
      "y" : 2.736068,
      "z" : 0.19098301
    }, {
      "x" : 4.927051,
      "y" : 2.736068,
      "z" : -0.19098301
    }, {
      "x" : 6.472136,
      "y" : 3.618034,
      "z" : 0.0
    }, {
      "x" : 6.354102,
      "y" : 3.809017,
      "z" : -0.309017
    }, {
      "x" : 10.399187,
      "y" : 6.045085,
      "z" : 0.0
    }, {
      "x" : 1.0,
      "y" : 0.309017,
      "z" : 0.19098301
    }, {
      "x" : 1.0,
      "y" : 0.309017,
      "z" : -0.19098301
    }, {
      "x" : 0.809017,
      "y" : 0.618034,
      "z" : 0.309017
    }, {
      "x" : 10.09017,
      "y" : 6.545085,
      "z" : 0.19098301
    }, {
      "x" : 10.281153,
      "y" : 6.236068,
      "z" : -0.309017
    }, {
      "x" : 10.09017,
      "y" : 6.545085,
      "z" : -0.19098301
    }, {
      "x" : 11.09017,
      "y" : 6.854102,
      "z" : 0.0
    }, {
      "x" : 6.163119,
      "y" : 4.118034,
      "z" : -0.19098301
    } ],
    "faces" : [ {
      "vertices" : [ 3, 6, 9, 14 ]
    }, {
      "vertices" : [ 11, 20, 18, 17 ]
    }, {
      "vertices" : [ 0, 1, 2 ]
    }, {
      "vertices" : [ 0, 15, 13, 8 ]
    }, {
      "vertices" : [ 6, 20, 11 ]
    }, {
      "vertices" : [ 0, 2, 5 ]
    }, {
      "vertices" : [ 0, 8, 1 ]
    }, {
      "vertices" : [ 8, 13, 14, 9 ]
    }, {
      "vertices" : [ 3, 4, 5, 6 ]
    }, {
      "vertices" : [ 10, 11, 17, 12 ]
    }, {
      "vertices" : [ 1, 8, 10 ]
    }, {
      "vertices" : [ 0, 5, 4, 15 ]
    }, {
      "vertices" : [ 2, 16, 18, 20 ]
    }, {
      "vertices" : [ 1, 7, 16, 2 ]
    }, {
      "vertices" : [ 6, 11, 9 ]
    }, {
      "vertices" : [ 8, 9, 10 ]
    }, {
      "vertices" : [ 2, 20, 5 ]
    }, {
      "vertices" : [ 9, 11, 10 ]
    }, {
      "vertices" : [ 1, 10, 12, 7 ]
    }, {
      "vertices" : [ 5, 20, 6 ]
    } ]
  } ],
  "instances" : [ {
    "shape" : "8e36df5e-8282-4c2d-ba10-c85c458da04d",
    "color" : "#FFFFFF",
    "position" : {
      "x" : 44.36068,
      "y" : 60.686916,
      "z" : -6.854102
    }
  }, {
    "shape" : "4b8a1572-df6b-4c94-ad22-63c1d6057931",
    "color" : "#F0A000",
    "position" : {
      "x" : -6.854102,
      "y" : -33.27051,
      "z" : -53.832817
    },
    "orientation" : 39
  }, {
    "shape" : "7ef5fc2c-0f06-4d73-a692-fbca13abd896",
    "color" : "#007695",
    "position" : {
      "x" : 11.09017,
      "y" : -62.30495,
      "z" : 6.854102
    },
    "orientation" : 11
  }, {
    "shape" : "8e36df5e-8282-4c2d-ba10-c85c458da04d",
    "color" : "#FFFFFF",
    "position" : {
      "x" : 64.92299,
      "y" : 13.708204,
      "z" : 33.27051
    }
  }, {
    "shape" : "949b7b26-1a48-47ec-b8fa-21c7f159eed5",
    "color" : "#AF0000",
    "position" : {
      "x" : 22.18034,
      "y" : -58.068882,
      "z" : 13.708204
    },
    "orientation" : 31
  }, {
    "shape" : "949b7b26-1a48-47ec-b8fa-21c7f159eed5",
    "color" : "#AF0000",
    "position" : {
      "x" : -6.854102,
      "y" : -46.978714,
      "z" : -40.12461
    },
    "orientation" : 16
  }, {
    "shape" : "949b7b26-1a48-47ec-b8fa-21c7f159eed5",
    "color" : "#AF0000",
    "position" : {
      "x" : 40.12461,
      "y" : 42.742645,
      "z" : 24.798374
    },
    "orientation" : 0
  }, {
    "shape" : "4b8a1572-df6b-4c94-ad22-63c1d6057931",
    "color" : "#F0A000",
    "position" : {
      "x" : 13.708204,
      "y" : -22.18034,
      "z" : 58.068882
    },
    "orientation" : 0
  }, {
    "shape" : "949b7b26-1a48-47ec-b8fa-21c7f159eed5",
    "color" : "#AF0000",
    "position" : {
      "x" : 33.27051,
      "y" : -53.832817,
      "z" : -6.854102
    },
    "orientation" : 16
  }, {
    "shape" : "7ef5fc2c-0f06-4d73-a692-fbca13abd896",
    "color" : "#007695",
    "position" : {
      "x" : -29.034441,
      "y" : -11.09017,
      "z" : 53.832817
    },
    "orientation" : 56
  }, {
    "shape" : "949b7b26-1a48-47ec-b8fa-21c7f159eed5",
    "color" : "#AF0000",
    "position" : {
      "x" : -33.27051,
      "y" : 53.832817,
      "z" : -6.854102
    },
    "orientation" : 45
  }, {
    "shape" : "7ef5fc2c-0f06-4d73-a692-fbca13abd896",
    "color" : "#007695",
    "position" : {
      "x" : -42.742645,
      "y" : -24.798374,
      "z" : 40.12461
    },
    "orientation" : 8
  }, {
    "shape" : "7ef5fc2c-0f06-4d73-a692-fbca13abd896",
    "color" : "#007695",
    "position" : {
      "x" : 20.562305,
      "y" : 22.18034,
      "z" : 69.15905
    },
    "orientation" : 39
  }, {
    "shape" : "7ef5fc2c-0f06-4d73-a692-fbca13abd896",
    "color" : "#007695",
    "position" : {
      "x" : -35.888542,
      "y" : -11.09017,
      "z" : 64.92299
    },
    "orientation" : 56
  }, {
    "shape" : "949b7b26-1a48-47ec-b8fa-21c7f159eed5",
    "color" : "#AF0000",
    "position" : {
      "x" : 6.854102,
      "y" : -33.27051,
      "z" : -53.832817
    },
    "orientation" : 17
  }, {
    "shape" : "8e36df5e-8282-4c2d-ba10-c85c458da04d",
    "color" : "#FFFFFF",
    "position" : {
      "x" : 0.0,
      "y" : 11.09017,
      "z" : 73.39512
    }
  }, {
    "shape" : "949b7b26-1a48-47ec-b8fa-21c7f159eed5",
    "color" : "#AF0000",
    "position" : {
      "x" : 24.798374,
      "y" : 40.12461,
      "z" : -42.742645
    },
    "orientation" : 46
  }, {
    "shape" : "4b8a1572-df6b-4c94-ad22-63c1d6057931",
    "color" : "#F0A000",
    "position" : {
      "x" : 22.18034,
      "y" : -58.068882,
      "z" : -13.708204
    },
    "orientation" : 17
  }, {
    "shape" : "8e36df5e-8282-4c2d-ba10-c85c458da04d",
    "color" : "#FFFFFF",
    "position" : {
      "x" : 53.832817,
      "y" : 13.708204,
      "z" : 51.214783
    }
  }, {
    "shape" : "7ef5fc2c-0f06-4d73-a692-fbca13abd896",
    "color" : "#007695",
    "position" : {
      "x" : 69.15905,
      "y" : 20.562305,
      "z" : 22.18034
    },
    "orientation" : 40
  }, {
    "shape" : "8e36df5e-8282-4c2d-ba10-c85c458da04d",
    "color" : "#FFFFFF",
    "position" : {
      "x" : -29.034441,
      "y" : 46.978714,
      "z" : -31.652475
    }
  }, {
    "shape" : "8e36df5e-8282-4c2d-ba10-c85c458da04d",
    "color" : "#FFFFFF",
    "position" : {
      "x" : 42.742645,
      "y" : -24.798374,
      "z" : -40.12461
    }
  }, {
    "shape" : "8e36df5e-8282-4c2d-ba10-c85c458da04d",
    "color" : "#FFFFFF",
    "position" : {
      "x" : 13.708204,
      "y" : 51.214783,
      "z" : -53.832817
    }
  }, {
    "shape" : "8e36df5e-8282-4c2d-ba10-c85c458da04d",
    "color" : "#FFFFFF",
    "position" : {
      "x" : 53.832817,
      "y" : -31.652475,
      "z" : 40.12461
    }
  }, {
    "shape" : "4b8a1572-df6b-4c94-ad22-63c1d6057931",
    "color" : "#F0A000",
    "position" : {
      "x" : 38.506577,
      "y" : -29.034441,
      "z" : 58.068882
    },
    "orientation" : 4
  }, {
    "shape" : "949b7b26-1a48-47ec-b8fa-21c7f159eed5",
    "color" : "#AF0000",
    "position" : {
      "x" : 6.854102,
      "y" : 33.27051,
      "z" : -53.832817
    },
    "orientation" : 46
  }, {
    "shape" : "949b7b26-1a48-47ec-b8fa-21c7f159eed5",
    "color" : "#AF0000",
    "position" : {
      "x" : 22.18034,
      "y" : 58.068882,
      "z" : -13.708204
    },
    "orientation" : 46
  }, {
    "shape" : "8e36df5e-8282-4c2d-ba10-c85c458da04d",
    "color" : "#FFFFFF",
    "position" : {
      "x" : 6.854102,
      "y" : -11.09017,
      "z" : 62.30495
    }
  }, {
    "shape" : "8e36df5e-8282-4c2d-ba10-c85c458da04d",
    "color" : "#FFFFFF",
    "position" : {
      "x" : -11.09017,
      "y" : 73.39512,
      "z" : 13.708204
    }
  }, {
    "shape" : "8e36df5e-8282-4c2d-ba10-c85c458da04d",
    "color" : "#FFFFFF",
    "position" : {
      "x" : -13.708204,
      "y" : -22.18034,
      "z" : -58.068882
    }
  }, {
    "shape" : "4b8a1572-df6b-4c94-ad22-63c1d6057931",
    "color" : "#F0A000",
    "position" : {
      "x" : 40.12461,
      "y" : 42.742645,
      "z" : -24.798374
    },
    "orientation" : 7
  }, {
    "shape" : "8e36df5e-8282-4c2d-ba10-c85c458da04d",
    "color" : "#FFFFFF",
    "position" : {
      "x" : -40.12461,
      "y" : -53.832817,
      "z" : 31.652475
    }
  }, {
    "shape" : "4b8a1572-df6b-4c94-ad22-63c1d6057931",
    "color" : "#F0A000",
    "position" : {
      "x" : -73.39512,
      "y" : 13.708204,
      "z" : -11.09017
    },
    "orientation" : 7
  }, {
    "shape" : "4b8a1572-df6b-4c94-ad22-63c1d6057931",
    "color" : "#F0A000",
    "position" : {
      "x" : 51.214783,
      "y" : -53.832817,
      "z" : 13.708204
    },
    "orientation" : 19
  }, {
    "shape" : "4b8a1572-df6b-4c94-ad22-63c1d6057931",
    "color" : "#F0A000",
    "position" : {
      "x" : 69.15905,
      "y" : -20.562305,
      "z" : -22.18034
    },
    "orientation" : 16
  }, {
    "shape" : "7ef5fc2c-0f06-4d73-a692-fbca13abd896",
    "color" : "#007695",
    "position" : {
      "x" : 58.068882,
      "y" : 38.506577,
      "z" : -29.034441
    },
    "orientation" : 22
  }, {
    "shape" : "8e36df5e-8282-4c2d-ba10-c85c458da04d",
    "color" : "#FFFFFF",
    "position" : {
      "x" : 58.068882,
      "y" : -46.978714,
      "z" : 6.854102
    }
  }, {
    "shape" : "8e36df5e-8282-4c2d-ba10-c85c458da04d",
    "color" : "#FFFFFF",
    "position" : {
      "x" : 51.214783,
      "y" : 53.832817,
      "z" : -13.708204
    }
  }, {
    "shape" : "8e36df5e-8282-4c2d-ba10-c85c458da04d",
    "color" : "#FFFFFF",
    "position" : {
      "x" : -58.068882,
      "y" : -38.506577,
      "z" : 29.034441
    }
  }, {
    "shape" : "949b7b26-1a48-47ec-b8fa-21c7f159eed5",
    "color" : "#AF0000",
    "position" : {
      "x" : 62.30495,
      "y" : -6.854102,
      "z" : -11.09017
    },
    "orientation" : 15
  }, {
    "shape" : "8e36df5e-8282-4c2d-ba10-c85c458da04d",
    "color" : "#FFFFFF",
    "position" : {
      "x" : -20.562305,
      "y" : -22.18034,
      "z" : 69.15905
    }
  }, {
    "shape" : "7ef5fc2c-0f06-4d73-a692-fbca13abd896",
    "color" : "#007695",
    "position" : {
      "x" : 22.18034,
      "y" : 0.0,
      "z" : 58.068882
    },
    "orientation" : 6
  }, {
    "shape" : "8e36df5e-8282-4c2d-ba10-c85c458da04d",
    "color" : "#FFFFFF",
    "position" : {
      "x" : 6.854102,
      "y" : 58.068882,
      "z" : 46.978714
    }
  }, {
    "shape" : "7ef5fc2c-0f06-4d73-a692-fbca13abd896",
    "color" : "#007695",
    "position" : {
      "x" : 58.068882,
      "y" : -13.708204,
      "z" : -22.18034
    },
    "orientation" : 10
  }, {
    "shape" : "4b8a1572-df6b-4c94-ad22-63c1d6057931",
    "color" : "#F0A000",
    "position" : {
      "x" : 0.0,
      "y" : 62.30495,
      "z" : -11.09017
    },
    "orientation" : 22
  }, {
    "shape" : "7ef5fc2c-0f06-4d73-a692-fbca13abd896",
    "color" : "#007695",
    "position" : {
      "x" : 24.798374,
      "y" : -40.12461,
      "z" : -42.742645
    },
    "orientation" : 37
  }, {
    "shape" : "8e36df5e-8282-4c2d-ba10-c85c458da04d",
    "color" : "#FFFFFF",
    "position" : {
      "x" : 13.708204,
      "y" : -22.18034,
      "z" : -58.068882
    }
  }, {
    "shape" : "4b8a1572-df6b-4c94-ad22-63c1d6057931",
    "color" : "#F0A000",
    "position" : {
      "x" : -29.034441,
      "y" : 46.978714,
      "z" : 31.652475
    },
    "orientation" : 3
  }, {
    "shape" : "4b8a1572-df6b-4c94-ad22-63c1d6057931",
    "color" : "#F0A000",
    "position" : {
      "x" : 11.09017,
      "y" : -64.92299,
      "z" : -35.888542
    },
    "orientation" : 8
  }, {
    "shape" : "8e36df5e-8282-4c2d-ba10-c85c458da04d",
    "color" : "#FFFFFF",
    "position" : {
      "x" : 29.034441,
      "y" : 0.0,
      "z" : 69.15905
    }
  }, {
    "shape" : "8e36df5e-8282-4c2d-ba10-c85c458da04d",
    "color" : "#FFFFFF",
    "position" : {
      "x" : -58.068882,
      "y" : 22.18034,
      "z" : 0.0
    }
  }, {
    "shape" : "4b8a1572-df6b-4c94-ad22-63c1d6057931",
    "color" : "#F0A000",
    "position" : {
      "x" : -58.068882,
      "y" : -13.708204,
      "z" : -22.18034
    },
    "orientation" : 21
  }, {
    "shape" : "949b7b26-1a48-47ec-b8fa-21c7f159eed5",
    "color" : "#AF0000",
    "position" : {
      "x" : -13.708204,
      "y" : -40.12461,
      "z" : -46.978714
    },
    "orientation" : 16
  }, {
    "shape" : "8e36df5e-8282-4c2d-ba10-c85c458da04d",
    "color" : "#FFFFFF",
    "position" : {
      "x" : 0.0,
      "y" : -62.30495,
      "z" : 11.09017
    }
  }, {
    "shape" : "8e36df5e-8282-4c2d-ba10-c85c458da04d",
    "color" : "#FFFFFF",
    "position" : {
      "x" : -62.30495,
      "y" : 6.854102,
      "z" : 11.09017
    }
  }, {
    "shape" : "7ef5fc2c-0f06-4d73-a692-fbca13abd896",
    "color" : "#007695",
    "position" : {
      "x" : 33.27051,
      "y" : 53.832817,
      "z" : -6.854102
    },
    "orientation" : 2
  }, {
    "shape" : "8e36df5e-8282-4c2d-ba10-c85c458da04d",
    "color" : "#FFFFFF",
    "position" : {
      "x" : -44.36068,
      "y" : -60.686916,
      "z" : 6.854102
    }
  }, {
    "shape" : "949b7b26-1a48-47ec-b8fa-21c7f159eed5",
    "color" : "#AF0000",
    "position" : {
      "x" : 24.798374,
      "y" : 40.12461,
      "z" : 42.742645
    },
    "orientation" : 1
  }, {
    "shape" : "8e36df5e-8282-4c2d-ba10-c85c458da04d",
    "color" : "#FFFFFF",
    "position" : {
      "x" : -38.506577,
      "y" : -29.034441,
      "z" : 58.068882
    }
  }, {
    "shape" : "4b8a1572-df6b-4c94-ad22-63c1d6057931",
    "color" : "#F0A000",
    "position" : {
      "x" : -11.09017,
      "y" : -62.30495,
      "z" : -6.854102
    },
    "orientation" : 0
  }, {
    "shape" : "7ef5fc2c-0f06-4d73-a692-fbca13abd896",
    "color" : "#007695",
    "position" : {
      "x" : -6.854102,
      "y" : -46.978714,
      "z" : 40.12461
    },
    "orientation" : 0
  }, {
    "shape" : "7ef5fc2c-0f06-4d73-a692-fbca13abd896",
    "color" : "#007695",
    "position" : {
      "x" : 40.12461,
      "y" : -42.742645,
      "z" : -24.798374
    },
    "orientation" : 53
  }, {
    "shape" : "7ef5fc2c-0f06-4d73-a692-fbca13abd896",
    "color" : "#007695",
    "position" : {
      "x" : -64.92299,
      "y" : 35.888542,
      "z" : -11.09017
    },
    "orientation" : 40
  }, {
    "shape" : "8e36df5e-8282-4c2d-ba10-c85c458da04d",
    "color" : "#FFFFFF",
    "position" : {
      "x" : -53.832817,
      "y" : 24.798374,
      "z" : 22.18034
    }
  }, {
    "shape" : "4b8a1572-df6b-4c94-ad22-63c1d6057931",
    "color" : "#F0A000",
    "position" : {
      "x" : 29.034441,
      "y" : -46.978714,
      "z" : 31.652475
    },
    "orientation" : 19
  }, {
    "shape" : "4b8a1572-df6b-4c94-ad22-63c1d6057931",
    "color" : "#F0A000",
    "position" : {
      "x" : 31.652475,
      "y" : 22.18034,
      "z" : 64.92299
    },
    "orientation" : 21
  }, {
    "shape" : "8e36df5e-8282-4c2d-ba10-c85c458da04d",
    "color" : "#FFFFFF",
    "position" : {
      "x" : -35.888542,
      "y" : -11.09017,
      "z" : 64.92299
    }
  }, {
    "shape" : "7ef5fc2c-0f06-4d73-a692-fbca13abd896",
    "color" : "#007695",
    "position" : {
      "x" : -29.034441,
      "y" : 11.09017,
      "z" : -53.832817
    },
    "orientation" : 41
  }, {
    "shape" : "4b8a1572-df6b-4c94-ad22-63c1d6057931",
    "color" : "#F0A000",
    "position" : {
      "x" : 64.92299,
      "y" : -35.888542,
      "z" : -11.09017
    },
    "orientation" : 17
  }, {
    "shape" : "8e36df5e-8282-4c2d-ba10-c85c458da04d",
    "color" : "#FFFFFF",
    "position" : {
      "x" : -53.832817,
      "y" : 13.708204,
      "z" : -51.214783
    }
  }, {
    "shape" : "7ef5fc2c-0f06-4d73-a692-fbca13abd896",
    "color" : "#007695",
    "position" : {
      "x" : -64.92299,
      "y" : -13.708204,
      "z" : -33.27051
    },
    "orientation" : 40
  }, {
    "shape" : "7ef5fc2c-0f06-4d73-a692-fbca13abd896",
    "color" : "#007695",
    "position" : {
      "x" : -40.12461,
      "y" : -6.854102,
      "z" : -46.978714
    },
    "orientation" : 26
  }, {
    "shape" : "8e36df5e-8282-4c2d-ba10-c85c458da04d",
    "color" : "#FFFFFF",
    "position" : {
      "x" : -24.798374,
      "y" : 51.214783,
      "z" : -49.59675
    }
  }, {
    "shape" : "8e36df5e-8282-4c2d-ba10-c85c458da04d",
    "color" : "#FFFFFF",
    "position" : {
      "x" : 51.214783,
      "y" : 49.59675,
      "z" : 24.798374
    }
  }, {
    "shape" : "7ef5fc2c-0f06-4d73-a692-fbca13abd896",
    "color" : "#007695",
    "position" : {
      "x" : -40.12461,
      "y" : 53.832817,
      "z" : -31.652475
    },
    "orientation" : 23
  }, {
    "shape" : "949b7b26-1a48-47ec-b8fa-21c7f159eed5",
    "color" : "#AF0000",
    "position" : {
      "x" : 11.09017,
      "y" : 62.30495,
      "z" : -6.854102
    },
    "orientation" : 46
  }, {
    "shape" : "4b8a1572-df6b-4c94-ad22-63c1d6057931",
    "color" : "#F0A000",
    "position" : {
      "x" : 42.742645,
      "y" : -24.798374,
      "z" : 40.12461
    },
    "orientation" : 6
  }, {
    "shape" : "8e36df5e-8282-4c2d-ba10-c85c458da04d",
    "color" : "#FFFFFF",
    "position" : {
      "x" : -58.068882,
      "y" : -38.506577,
      "z" : -29.034441
    }
  }, {
    "shape" : "4b8a1572-df6b-4c94-ad22-63c1d6057931",
    "color" : "#F0A000",
    "position" : {
      "x" : -40.12461,
      "y" : -46.978714,
      "z" : -13.708204
    },
    "orientation" : 4
  }, {
    "shape" : "8e36df5e-8282-4c2d-ba10-c85c458da04d",
    "color" : "#FFFFFF",
    "position" : {
      "x" : -53.832817,
      "y" : -6.854102,
      "z" : 33.27051
    }
  }, {
    "shape" : "8e36df5e-8282-4c2d-ba10-c85c458da04d",
    "color" : "#FFFFFF",
    "position" : {
      "x" : 53.832817,
      "y" : -24.798374,
      "z" : 22.18034
    }
  }, {
    "shape" : "8e36df5e-8282-4c2d-ba10-c85c458da04d",
    "color" : "#FFFFFF",
    "position" : {
      "x" : -51.214783,
      "y" : 53.832817,
      "z" : -13.708204
    }
  }, {
    "shape" : "4b8a1572-df6b-4c94-ad22-63c1d6057931",
    "color" : "#F0A000",
    "position" : {
      "x" : 49.59675,
      "y" : -24.798374,
      "z" : 51.214783
    },
    "orientation" : 6
  }, {
    "shape" : "8e36df5e-8282-4c2d-ba10-c85c458da04d",
    "color" : "#FFFFFF",
    "position" : {
      "x" : 24.798374,
      "y" : -51.214783,
      "z" : 49.59675
    }
  }, {
    "shape" : "7ef5fc2c-0f06-4d73-a692-fbca13abd896",
    "color" : "#007695",
    "position" : {
      "x" : 73.39512,
      "y" : -13.708204,
      "z" : 11.09017
    },
    "orientation" : 1
  }, {
    "shape" : "7ef5fc2c-0f06-4d73-a692-fbca13abd896",
    "color" : "#007695",
    "position" : {
      "x" : -60.686916,
      "y" : -6.854102,
      "z" : 44.36068
    },
    "orientation" : 1
  }, {
    "shape" : "4b8a1572-df6b-4c94-ad22-63c1d6057931",
    "color" : "#F0A000",
    "position" : {
      "x" : 33.27051,
      "y" : -53.832817,
      "z" : 6.854102
    },
    "orientation" : 9
  }, {
    "shape" : "4b8a1572-df6b-4c94-ad22-63c1d6057931",
    "color" : "#F0A000",
    "position" : {
      "x" : -31.652475,
      "y" : -22.18034,
      "z" : -64.92299
    },
    "orientation" : 0
  }, {
    "shape" : "949b7b26-1a48-47ec-b8fa-21c7f159eed5",
    "color" : "#AF0000",
    "position" : {
      "x" : -62.30495,
      "y" : -6.854102,
      "z" : -11.09017
    },
    "orientation" : 45
  }, {
    "shape" : "4b8a1572-df6b-4c94-ad22-63c1d6057931",
    "color" : "#F0A000",
    "position" : {
      "x" : 46.978714,
      "y" : 13.708204,
      "z" : -40.12461
    },
    "orientation" : 19
  }, {
    "shape" : "7ef5fc2c-0f06-4d73-a692-fbca13abd896",
    "color" : "#007695",
    "position" : {
      "x" : -64.92299,
      "y" : 13.708204,
      "z" : -33.27051
    },
    "orientation" : 25
  }, {
    "shape" : "8e36df5e-8282-4c2d-ba10-c85c458da04d",
    "color" : "#FFFFFF",
    "position" : {
      "x" : -11.09017,
      "y" : 73.39512,
      "z" : 0.0
    }
  }, {
    "shape" : "8e36df5e-8282-4c2d-ba10-c85c458da04d",
    "color" : "#FFFFFF",
    "position" : {
      "x" : 53.832817,
      "y" : 31.652475,
      "z" : -40.12461
    }
  }, {
    "shape" : "8e36df5e-8282-4c2d-ba10-c85c458da04d",
    "color" : "#FFFFFF",
    "position" : {
      "x" : 22.18034,
      "y" : 64.92299,
      "z" : -31.652475
    }
  }, {
    "shape" : "8e36df5e-8282-4c2d-ba10-c85c458da04d",
    "color" : "#FFFFFF",
    "position" : {
      "x" : 42.742645,
      "y" : 24.798374,
      "z" : 40.12461
    }
  }, {
    "shape" : "4b8a1572-df6b-4c94-ad22-63c1d6057931",
    "color" : "#F0A000",
    "position" : {
      "x" : -53.832817,
      "y" : -13.708204,
      "z" : -51.214783
    },
    "orientation" : 4
  }, {
    "shape" : "7ef5fc2c-0f06-4d73-a692-fbca13abd896",
    "color" : "#007695",
    "position" : {
      "x" : -40.12461,
      "y" : 6.854102,
      "z" : 46.978714
    },
    "orientation" : 11
  }, {
    "shape" : "949b7b26-1a48-47ec-b8fa-21c7f159eed5",
    "color" : "#AF0000",
    "position" : {
      "x" : 6.854102,
      "y" : -33.27051,
      "z" : 53.832817
    },
    "orientation" : 2
  }, {
    "shape" : "7ef5fc2c-0f06-4d73-a692-fbca13abd896",
    "color" : "#007695",
    "position" : {
      "x" : -40.12461,
      "y" : -42.742645,
      "z" : 24.798374
    },
    "orientation" : 8
  }, {
    "shape" : "949b7b26-1a48-47ec-b8fa-21c7f159eed5",
    "color" : "#AF0000",
    "position" : {
      "x" : 46.978714,
      "y" : 31.652475,
      "z" : 29.034441
    },
    "orientation" : 2
  }, {
    "shape" : "7ef5fc2c-0f06-4d73-a692-fbca13abd896",
    "color" : "#007695",
    "position" : {
      "x" : 11.09017,
