{
  "field" : "golden",
  "symmetry" : "icosahedral",
  "orientations" : [ [ 1.0, 0.0, 0.0, 0.0, 0.0, 1.0, 0.0, 0.0, 0.0, 0.0, 1.0, 0.0, 0.0, 0.0, 0.0, 1.0 ], [ 0.0, 0.0, 1.0, 0.0, 1.0, 0.0, 0.0, 0.0, 0.0, 1.0, 0.0, 0.0, 0.0, 0.0, 0.0, 1.0 ], [ 0.0, 1.0, 0.0, 0.0, 0.0, 0.0, 1.0, 0.0, 1.0, 0.0, 0.0, 0.0, 0.0, 0.0, 0.0, 1.0 ], [ 0.809017, 0.309017, 0.5, 0.0, 0.309017, 0.5, -0.809017, 0.0, -0.5, 0.809017, 0.309017, 0.0, 0.0, 0.0, 0.0, 1.0 ], [ -0.5, 0.809017, 0.309017, 0.0, 0.809017, 0.309017, 0.5, 0.0, 0.309017, 0.5, -0.809017, 0.0, 0.0, 0.0, 0.0, 1.0 ], [ 0.309017, 0.5, -0.809017, 0.0, -0.5, 0.809017, 0.309017, 0.0, 0.809017, 0.309017, 0.5, 0.0, 0.0, 0.0, 0.0, 1.0 ], [ 0.5, 0.809017, 0.309017, 0.0, 0.809017, -0.309017, -0.5, 0.0, -0.309017, 0.5, -0.809017, 0.0, 0.0, 0.0, 0.0, 1.0 ], [ -0.309017, 0.5, -0.809017, 0.0, 0.5, 0.809017, 0.309017, 0.0, 0.809017, -0.309017, -0.5, 0.0, 0.0, 0.0, 0.0, 1.0 ], [ 0.809017, -0.309017, -0.5, 0.0, -0.309017, 0.5, -0.809017, 0.0, 0.5, 0.809017, 0.309017, 0.0, 0.0, 0.0, 0.0, 1.0 ], [ 0.5, 0.809017, -0.309017, 0.0, 0.809017, -0.309017, 0.5, 0.0, 0.309017, -0.5, -0.809017, 0.0, 0.0, 0.0, 0.0, 1.0 ], [ 0.309017, -0.5, -0.809017, 0.0, 0.5, 0.809017, -0.309017, 0.0, 0.809017, -0.309017, 0.5, 0.0, 0.0, 0.0, 0.0, 1.0 ], [ 0.809017, -0.309017, 0.5, 0.0, 0.309017, -0.5, -0.809017, 0.0, 0.5, 0.809017, -0.309017, 0.0, 0.0, 0.0, 0.0, 1.0 ], [ 0.809017, 0.309017, -0.5, 0.0, 0.309017, 0.5, 0.809017, 0.0, 0.5, -0.809017, 0.309017, 0.0, 0.0, 0.0, 0.0, 1.0 ], [ 0.5, -0.809017, 0.309017, 0.0, 0.809017, 0.309017, -0.5, 0.0, 0.309017, 0.5, 0.809017, 0.0, 0.0, 0.0, 0.0, 1.0 ], [ 0.309017, 0.5, 0.809017, 0.0, 0.5, -0.809017, 0.309017, 0.0, 0.809017, 0.309017, -0.5, 0.0, 0.0, 0.0, 0.0, 1.0 ], [ 1.0, 0.0, 0.0, 0.0, 0.0, -1.0, 0.0, 0.0, 0.0, 0.0, -1.0, 0.0, 0.0, 0.0, 0.0, 1.0 ], [ 0.0, 0.0, 1.0, 0.0, -1.0, 0.0, 0.0, 0.0, 0.0, -1.0, 0.0, 0.0, 0.0, 0.0, 0.0, 1.0 ], [ 0.0, 1.0, 0.0, 0.0, 0.0, 0.0, -1.0, 0.0, -1.0, 0.0, 0.0, 0.0, 0.0, 0.0, 0.0, 1.0 ], [ 0.809017, 0.309017, 0.5, 0.0, -0.309017, -0.5, 0.809017, 0.0, 0.5, -0.809017, -0.309017, 0.0, 0.0, 0.0, 0.0, 1.0 ], [ -0.5, 0.809017, 0.309017, 0.0, -0.809017, -0.309017, -0.5, 0.0, -0.309017, -0.5, 0.809017, 0.0, 0.0, 0.0, 0.0, 1.0 ], [ 0.309017, 0.5, -0.809017, 0.0, 0.5, -0.809017, -0.309017, 0.0, -0.809017, -0.309017, -0.5, 0.0, 0.0, 0.0, 0.0, 1.0 ], [ 0.5, 0.809017, 0.309017, 0.0, -0.809017, 0.309017, 0.5, 0.0, 0.309017, -0.5, 0.809017, 0.0, 0.0, 0.0, 0.0, 1.0 ], [ -0.309017, 0.5, -0.809017, 0.0, -0.5, -0.809017, -0.309017, 0.0, -0.809017, 0.309017, 0.5, 0.0, 0.0, 0.0, 0.0, 1.0 ], [ 0.809017, -0.309017, -0.5, 0.0, 0.309017, -0.5, 0.809017, 0.0, -0.5, -0.809017, -0.309017, 0.0, 0.0, 0.0, 0.0, 1.0 ], [ 0.5, 0.809017, -0.309017, 0.0, -0.809017, 0.309017, -0.5, 0.0, -0.309017, 0.5, 0.809017, 0.0, 0.0, 0.0, 0.0, 1.0 ], [ 0.309017, -0.5, -0.809017, 0.0, -0.5, -0.809017, 0.309017, 0.0, -0.809017, 0.309017, -0.5, 0.0, 0.0, 0.0, 0.0, 1.0 ], [ 0.809017, -0.309017, 0.5, 0.0, -0.309017, 0.5, 0.809017, 0.0, -0.5, -0.809017, 0.309017, 0.0, 0.0, 0.0, 0.0, 1.0 ], [ 0.809017, 0.309017, -0.5, 0.0, -0.309017, -0.5, -0.809017, 0.0, -0.5, 0.809017, -0.309017, 0.0, 0.0, 0.0, 0.0, 1.0 ], [ 0.5, -0.809017, 0.309017, 0.0, -0.809017, -0.309017, 0.5, 0.0, -0.309017, -0.5, -0.809017, 0.0, 0.0, 0.0, 0.0, 1.0 ], [ 0.309017, 0.5, 0.809017, 0.0, -0.5, 0.809017, -0.309017, 0.0, -0.809017, -0.309017, 0.5, 0.0, 0.0, 0.0, 0.0, 1.0 ], [ -1.0, 0.0, 0.0, 0.0, 0.0, -1.0, 0.0, 0.0, 0.0, 0.0, 1.0, 0.0, 0.0, 0.0, 0.0, 1.0 ], [ 0.0, 0.0, -1.0, 0.0, -1.0, 0.0, 0.0, 0.0, 0.0, 1.0, 0.0, 0.0, 0.0, 0.0, 0.0, 1.0 ], [ 0.0, -1.0, 0.0, 0.0, 0.0, 0.0, -1.0, 0.0, 1.0, 0.0, 0.0, 0.0, 0.0, 0.0, 0.0, 1.0 ], [ -0.809017, -0.309017, -0.5, 0.0, -0.309017, -0.5, 0.809017, 0.0, -0.5, 0.809017, 0.309017, 0.0, 0.0, 0.0, 0.0, 1.0 ], [ 0.5, -0.809017, -0.309017, 0.0, -0.809017, -0.309017, -0.5, 0.0, 0.309017, 0.5, -0.809017, 0.0, 0.0, 0.0, 0.0, 1.0 ], [ -0.309017, -0.5, 0.809017, 0.0, 0.5, -0.809017, -0.309017, 0.0, 0.809017, 0.309017, 0.5, 0.0, 0.0, 0.0, 0.0, 1.0 ], [ -0.5, -0.809017, -0.309017, 0.0, -0.809017, 0.309017, 0.5, 0.0, -0.309017, 0.5, -0.809017, 0.0, 0.0, 0.0, 0.0, 1.0 ], [ 0.309017, -0.5, 0.809017, 0.0, -0.5, -0.809017, -0.309017, 0.0, 0.809017, -0.309017, -0.5, 0.0, 0.0, 0.0, 0.0, 1.0 ], [ -0.809017, 0.309017, 0.5, 0.0, 0.309017, -0.5, 0.809017, 0.0, 0.5, 0.809017, 0.309017, 0.0, 0.0, 0.0, 0.0, 1.0 ], [ -0.5, -0.809017, 0.309017, 0.0, -0.809017, 0.309017, -0.5, 0.0, 0.309017, -0.5, -0.809017, 0.0, 0.0, 0.0, 0.0, 1.0 ], [ -0.309017, 0.5, 0.809017, 0.0, -0.5, -0.809017, 0.309017, 0.0, 0.809017, -0.309017, 0.5, 0.0, 0.0, 0.0, 0.0, 1.0 ], [ -0.809017, 0.309017, -0.5, 0.0, -0.309017, 0.5, 0.809017, 0.0, 0.5, 0.809017, -0.309017, 0.0, 0.0, 0.0, 0.0, 1.0 ], [ -0.809017, -0.309017, 0.5, 0.0, -0.309017, -0.5, -0.809017, 0.0, 0.5, -0.809017, 0.309017, 0.0, 0.0, 0.0, 0.0, 1.0 ], [ -0.5, 0.809017, -0.309017, 0.0, -0.809017, -0.309017, 0.5, 0.0, 0.309017, 0.5, 0.809017, 0.0, 0.0, 0.0, 0.0, 1.0 ], [ -0.309017, -0.5, -0.809017, 0.0, -0.5, 0.809017, -0.309017, 0.0, 0.809017, 0.309017, -0.5, 0.0, 0.0, 0.0, 0.0, 1.0 ], [ -1.0, 0.0, 0.0, 0.0, 0.0, 1.0, 0.0, 0.0, 0.0, 0.0, -1.0, 0.0, 0.0, 0.0, 0.0, 1.0 ], [ 0.0, 0.0, -1.0, 0.0, 1.0, 0.0, 0.0, 0.0, 0.0, -1.0, 0.0, 0.0, 0.0, 0.0, 0.0, 1.0 ], [ 0.0, -1.0, 0.0, 0.0, 0.0, 0.0, 1.0, 0.0, -1.0, 0.0, 0.0, 0.0, 0.0, 0.0, 0.0, 1.0 ], [ -0.809017, -0.309017, -0.5, 0.0, 0.309017, 0.5, -0.809017, 0.0, 0.5, -0.809017, -0.309017, 0.0, 0.0, 0.0, 0.0, 1.0 ], [ 0.5, -0.809017, -0.309017, 0.0, 0.809017, 0.309017, 0.5, 0.0, -0.309017, -0.5, 0.809017, 0.0, 0.0, 0.0, 0.0, 1.0 ], [ -0.309017, -0.5, 0.809017, 0.0, -0.5, 0.809017, 0.309017, 0.0, -0.809017, -0.309017, -0.5, 0.0, 0.0, 0.0, 0.0, 1.0 ], [ -0.5, -0.809017, -0.309017, 0.0, 0.809017, -0.309017, -0.5, 0.0, 0.309017, -0.5, 0.809017, 0.0, 0.0, 0.0, 0.0, 1.0 ], [ 0.309017, -0.5, 0.809017, 0.0, 0.5, 0.809017, 0.309017, 0.0, -0.809017, 0.309017, 0.5, 0.0, 0.0, 0.0, 0.0, 1.0 ], [ -0.809017, 0.309017, 0.5, 0.0, -0.309017, 0.5, -0.809017, 0.0, -0.5, -0.809017, -0.309017, 0.0, 0.0, 0.0, 0.0, 1.0 ], [ -0.5, -0.809017, 0.309017, 0.0, 0.809017, -0.309017, 0.5, 0.0, -0.309017, 0.5, 0.809017, 0.0, 0.0, 0.0, 0.0, 1.0 ], [ -0.309017, 0.5, 0.809017, 0.0, 0.5, 0.809017, -0.309017, 0.0, -0.809017, 0.309017, -0.5, 0.0, 0.0, 0.0, 0.0, 1.0 ], [ -0.809017, 0.309017, -0.5, 0.0, 0.309017, -0.5, -0.809017, 0.0, -0.5, -0.809017, 0.309017, 0.0, 0.0, 0.0, 0.0, 1.0 ], [ -0.809017, -0.309017, 0.5, 0.0, 0.309017, 0.5, 0.809017, 0.0, -0.5, 0.809017, -0.309017, 0.0, 0.0, 0.0, 0.0, 1.0 ], [ -0.5, 0.809017, -0.309017, 0.0, 0.809017, 0.309017, -0.5, 0.0, -0.309017, -0.5, -0.809017, 0.0, 0.0, 0.0, 0.0, 1.0 ], [ -0.309017, -0.5, -0.809017, 0.0, 0.5, -0.809017, 0.309017, 0.0, -0.809017, -0.309017, 0.5, 0.0, 0.0, 0.0, 0.0, 1.0 ] ],
  "lights" : {
    "ambientColor" : "#292929",
    "backgroundColor" : "#AFC8DC",
    "directionalLights" : [ {
      "direction" : [ 1.0, -1.0, -1.0 ],
      "color" : "#EBEBE4"
    }, {
      "direction" : [ -1.0, 0.0, 0.0 ],
      "color" : "#E4E4EB"
    }, {
      "direction" : [ 0.0, 0.0, -1.0 ],
      "color" : "#1E1E1E"
    } ]
  },
  "camera" : {
    "lookDirection" : {
      "x" : 0.0050646784,
      "y" : -0.00472851,
      "z" : -0.99997485
    },
    "upDirection" : {
      "x" : -0.010253475,
      "y" : 0.99993473,
      "z" : -0.0047806473
    },
    "lookAtPoint" : {
      "x" : 0.0,
      "y" : 0.0,
      "z" : 0.0
    },
    "perspective" : true,
    "viewDistance" : 206.20677,
    "nearClipDistance" : 0.51551676,
    "farClipDistance" : 412.41348,
    "fieldOfView" : 0.44262883,
    "stereo" : false,
    "width" : 92.79304,
    "position" : {
      "x" : -1.044371,
      "y" : 0.9750508,
      "z" : 206.20158
    }
  },
  "embedding" : [ 1.0, 0.0, 0.0, 0.0, 0.0, 1.0, 0.0, 0.0, 0.0, 0.0, 1.0, 0.0, 0.0, 0.0, 0.0, 1.0 ],
  "shapes" : [ {
    "id" : "3b1d8e34-49d6-420c-aa88-687055ede10a",
    "vertices" : [ {
      "x" : 0.79837924,
      "y" : 2.2061586,
      "z" : 7.4421387
    }, {
      "x" : 0.39837924,
      "y" : 2.3061585,
      "z" : 7.5421386
    }, {
      "x" : -0.074772425,
      "y" : 0.41187537,
      "z" : 0.58278376
    }, {
      "x" : 0.3252276,
      "y" : 0.31187534,
      "z" : 0.48278376
    }, {
      "x" : 0.53171253,
      "y" : 2.6061587,
      "z" : 7.3088055
    }, {
      "x" : 0.93171257,
      "y" : 2.5061586,
      "z" : 7.208805
    }, {
      "x" : 0.19189425,
      "y" : 0.011875356,
      "z" : 0.7161171
    }, {
      "x" : -0.20810576,
      "y" : 0.111875355,
      "z" : 0.8161171
    } ],
    "faces" : [ {
      "vertices" : [ 2, 3, 6 ]
    }, {
      "vertices" : [ 2, 6, 7 ]
    }, {
      "vertices" : [ 0, 5, 4 ]
    }, {
      "vertices" : [ 0, 4, 1 ]
    }, {
      "vertices" : [ 2, 4, 5 ]
    }, {
      "vertices" : [ 2, 5, 3 ]
    }, {
      "vertices" : [ 0, 6, 3 ]
    }, {
      "vertices" : [ 0, 3, 5 ]
    }, {
      "vertices" : [ 0, 1, 7 ]
    }, {
      "vertices" : [ 0, 7, 6 ]
    }, {
      "vertices" : [ 1, 4, 2 ]
    }, {
      "vertices" : [ 1, 2, 7 ]
    } ]
  }, {
    "id" : "7b1b9295-4891-4e14-bcd8-8d1675edcee4",
    "vertices" : [ {
      "x" : 7.472136,
      "y" : 0.309017,
      "z" : 0.19098301
    }, {
      "x" : 7.472136,
      "y" : 0.309017,
      "z" : -0.19098301
    }, {
      "x" : 1.0,
      "y" : 0.309017,
      "z" : -0.19098301
    }, {
      "x" : 1.0,
      "y" : 0.309017,
      "z" : 0.19098301
    }, {
      "x" : 7.472136,
      "y" : -0.309017,
      "z" : 0.19098301
    }, {
      "x" : 1.0,
      "y" : -0.309017,
      "z" : 0.19098301
    }, {
      "x" : 1.0,
      "y" : -0.309017,
      "z" : -0.19098301
    }, {
      "x" : 7.472136,
      "y" : -0.309017,
      "z" : -0.19098301
    }, {
      "x" : 8.472136,
      "y" : 0.0,
      "z" : 0.0
    } ],
    "faces" : [ {
      "vertices" : [ 1, 7, 6 ]
    }, {
      "vertices" : [ 1, 6, 2 ]
    }, {
      "vertices" : [ 0, 1, 2 ]
    }, {
      "vertices" : [ 0, 2, 3 ]
    }, {
      "vertices" : [ 4, 5, 6 ]
    }, {
      "vertices" : [ 4, 6, 7 ]
    }, {
      "vertices" : [ 0, 3, 5 ]
    }, {
      "vertices" : [ 0, 5, 4 ]
    } ]
  }, {
    "id" : "5d23c198-029c-4069-9745-bc332a7f7ef0",
    "vertices" : [ {
      "x" : 0.309017,
      "y" : -0.809017,
      "z" : 0.618034
    }, {
      "x" : 0.809017,
      "y" : -0.618034,
      "z" : 0.309017
    }, {
      "x" : 0.618034,
      "y" : -0.309017,
      "z" : 0.809017
    }, {
      "x" : 1.0,
      "y" : 0.309017,
      "z" : 0.19098301
    }, {
      "x" : 0.809017,
      "y" : 0.618034,
      "z" : 0.309017
    }, {
      "x" : 0.618034,
      "y" : 0.309017,
      "z" : 0.809017
    }, {
      "x" : 0.809017,
      "y" : 0.0,
      "z" : 0.690983
    }, {
      "x" : 0.19098301,
      "y" : -1.0,
      "z" : 0.309017
    }, {
      "x" : -0.19098301,
      "y" : -1.0,
      "z" : 0.309017
    }, {
      "x" : -0.19098301,
      "y" : -1.0,
      "z" : -0.309017
    }, {
      "x" : 0.19098301,
      "y" : -1.0,
      "z" : -0.309017
    }, {
      "x" : 1.0,
      "y" : -0.309017,
      "z" : -0.19098301
    }, {
      "x" : 0.809017,
      "y" : -0.618034,
      "z" : -0.309017
    }, {
      "x" : 0.618034,
      "y" : -0.309017,
      "z" : -0.809017
    }, {
      "x" : 0.809017,
      "y" : 0.0,
      "z" : -0.690983
    }, {
      "x" : 0.0,
      "y" : 0.690983,
      "z" : -0.809017
    }, {
      "x" : 0.309017,
      "y" : 0.809017,
      "z" : -0.618034
    }, {
      "x" : 0.618034,
      "y" : 0.309017,
      "z" : -0.809017
    }, {
      "x" : 0.309017,
      "y" : 0.19098301,
      "z" : -1.0
    }, {
      "x" : 1.0,
      "y" : 0.309017,
      "z" : -0.19098301
    }, {
      "x" : -0.309017,
      "y" : -0.809017,
      "z" : 0.618034
    }, {
      "x" : 0.0,
      "y" : -0.690983,
      "z" : 0.809017
    }, {
      "x" : 0.809017,
      "y" : 0.618034,
      "z" : -0.309017
    }, {
      "x" : 0.690983,
      "y" : 0.809017,
      "z" : 0.0
    }, {
      "x" : -0.690983,
      "y" : 0.809017,
      "z" : 0.0
    }, {
      "x" : -0.809017,
      "y" : 0.618034,
      "z" : 0.309017
    }, {
      "x" : -0.309017,
      "y" : 0.809017,
      "z" : 0.618034
    }, {
      "x" : -0.19098301,
      "y" : 1.0,
      "z" : 0.309017
    }, {
      "x" : 0.309017,
      "y" : -0.19098301,
      "z" : -1.0
    }, {
      "x" : 0.19098301,
      "y" : 1.0,
      "z" : 0.309017
    }, {
      "x" : 0.309017,
      "y" : 0.809017,
      "z" : 0.618034
    }, {
      "x" : -0.809017,
      "y" : -0.618034,
      "z" : 0.309017
    }, {
      "x" : -0.690983,
      "y" : -0.809017,
      "z" : 0.0
    }, {
      "x" : 0.0,
      "y" : 0.690983,
      "z" : 0.809017
    }, {
      "x" : 0.309017,
      "y" : -0.809017,
      "z" : -0.618034
    }, {
      "x" : 0.0,
      "y" : -0.690983,
      "z" : -0.809017
    }, {
      "x" : -1.0,
      "y" : 0.309017,
      "z" : 0.19098301
    }, {
      "x" : -0.809017,
      "y" : 0.0,
      "z" : 0.690983
    }, {
      "x" : -0.618034,
      "y" : 0.309017,
      "z" : 0.809017
    }, {
      "x" : 1.0,
      "y" : -0.309017,
      "z" : 0.19098301
    }, {
      "x" : -0.309017,
      "y" : -0.809017,
      "z" : -0.618034
    }, {
      "x" : -1.0,
      "y" : 0.309017,
      "z" : -0.19098301
    }, {
      "x" : -1.0,
      "y" : -0.309017,
      "z" : -0.19098301
    }, {
      "x" : -1.0,
      "y" : -0.309017,
      "z" : 0.19098301
    }, {
      "x" : 0.19098301,
      "y" : 1.0,
      "z" : -0.309017
    }, {
      "x" : -0.809017,
      "y" : 0.618034,
      "z" : -0.309017
    }, {
      "x" : -0.19098301,
      "y" : 1.0,
      "z" : -0.309017
    }, {
      "x" : -0.309017,
      "y" : 0.809017,
      "z" : -0.618034
    }, {
      "x" : -0.618034,
      "y" : -0.309017,
      "z" : 0.809017
    }, {
      "x" : 0.309017,
      "y" : 0.19098301,
      "z" : 1.0
    }, {
      "x" : -0.309017,
      "y" : 0.19098301,
      "z" : -1.0
    }, {
      "x" : -0.309017,
      "y" : 0.19098301,
      "z" : 1.0
    }, {
      "x" : -0.309017,
      "y" : -0.19098301,
      "z" : 1.0
    }, {
      "x" : 0.309017,
      "y" : -0.19098301,
      "z" : 1.0
    }, {
      "x" : 0.690983,
      "y" : -0.809017,
      "z" : 0.0
    }, {
      "x" : -0.809017,
      "y" : 0.0,
      "z" : -0.690983
    }, {
      "x" : -0.618034,
      "y" : -0.309017,
      "z" : -0.809017
    }, {
      "x" : -0.309017,
      "y" : -0.19098301,
      "z" : -1.0
    }, {
      "x" : -0.618034,
      "y" : 0.309017,
      "z" : -0.809017
    }, {
      "x" : -0.809017,
      "y" : -0.618034,
      "z" : -0.309017
    } ],
    "faces" : [ {
      "vertices" : [ 9, 40, 35 ]
    }, {
      "vertices" : [ 9, 35, 34 ]
    }, {
      "vertices" : [ 9, 34, 10 ]
    }, {
      "vertices" : [ 0, 1, 2 ]
    }, {
      "vertices" : [ 33, 51, 49 ]
    }, {
      "vertices" : [ 25, 36, 37 ]
    }, {
      "vertices" : [ 25, 37, 38 ]
    }, {
      "vertices" : [ 41, 55, 42 ]
    }, {
      "vertices" : [ 9, 32, 59 ]
    }, {
      "vertices" : [ 9, 59, 40 ]
    }, {
      "vertices" : [ 20, 21, 52 ]
    }, {
      "vertices" : [ 20, 52, 48 ]
    }, {
      "vertices" : [ 26, 33, 30 ]
    }, {
      "vertices" : [ 26, 30, 29 ]
    }, {
      "vertices" : [ 26, 29, 27 ]
    }, {
      "vertices" : [ 3, 4, 5 ]
    }, {
      "vertices" : [ 3, 5, 6 ]
    }, {
      "vertices" : [ 27, 29, 44 ]
    }, {
      "vertices" : [ 27, 44, 46 ]
    }, {
      "vertices" : [ 50, 57, 56 ]
    }, {
      "vertices" : [ 50, 56, 55 ]
    }, {
      "vertices" : [ 50, 55, 58 ]
    }, {
      "vertices" : [ 26, 38, 51 ]
    }, {
      "vertices" : [ 26, 51, 33 ]
    }, {
      "vertices" : [ 45, 47, 58 ]
    }, {
      "vertices" : [ 18, 28, 57 ]
    }, {
      "vertices" : [ 18, 57, 50 ]
    }, {
      "vertices" : [ 40, 59, 56 ]
    }, {
      "vertices" : [ 31, 48, 37 ]
    }, {
      "vertices" : [ 31, 37, 43 ]
    }, {
      "vertices" : [ 7, 8, 9 ]
    }, {
      "vertices" : [ 7, 9, 10 ]
    }, {
      "vertices" : [ 36, 41, 42 ]
    }, {
      "vertices" : [ 36, 42, 43 ]
    }, {
      "vertices" : [ 24, 46, 47 ]
    }, {
      "vertices" : [ 24, 47, 45 ]
    }, {
      "vertices" : [ 4, 30, 5 ]
    }, {
      "vertices" : [ 15, 47, 46 ]
    }, {
      "vertices" : [ 15, 46, 44 ]
    }, {
      "vertices" : [ 15, 44, 16 ]
    }, {
      "vertices" : [ 15, 50, 58 ]
    }, {
      "vertices" : [ 15, 58, 47 ]
    }, {
      "vertices" : [ 24, 45, 41 ]
    }, {
      "vertices" : [ 24, 41, 36 ]
    }, {
      "vertices" : [ 24, 36, 25 ]
    }, {
      "vertices" : [ 11, 14, 19 ]
    }, {
      "vertices" : [ 3, 6, 39 ]
    }, {
      "vertices" : [ 1, 39, 6 ]
    }, {
      "vertices" : [ 1, 6, 2 ]
    }, {
      "vertices" : [ 8, 32, 9 ]
    }, {
      "vertices" : [ 11, 12, 13 ]
    }, {
      "vertices" : [ 11, 13, 14 ]
    }, {
      "vertices" : [ 16, 22, 17 ]
    }, {
      "vertices" : [ 0, 21, 20 ]
    }, {
      "vertices" : [ 0, 20, 8 ]
    }, {
      "vertices" : [ 0, 8, 7 ]
    }, {
      "vertices" : [ 12, 34, 13 ]
    }, {
      "vertices" : [ 35, 40, 56 ]
    }, {
      "vertices" : [ 35, 56, 57 ]
    }, {
      "vertices" : [ 0, 7, 54 ]
    }, {
      "vertices" : [ 0, 54, 1 ]
    }, {
      "vertices" : [ 15, 16, 17 ]
    }, {
      "vertices" : [ 15, 17, 18 ]
    }, {
      "vertices" : [ 3, 19, 22 ]
    }, {
      "vertices" : [ 3, 22, 23 ]
    }, {
      "vertices" : [ 3, 23, 4 ]
    }, {
      "vertices" : [ 7, 10, 54 ]
    }, {
      "vertices" : [ 41, 45, 58 ]
    }, {
      "vertices" : [ 41, 58, 55 ]
    }, {
      "vertices" : [ 3, 39, 11 ]
    }, {
      "vertices" : [ 3, 11, 19 ]
    }, {
      "vertices" : [ 14, 17, 22 ]
    }, {
      "vertices" : [ 14, 22, 19 ]
    }, {
      "vertices" : [ 0, 2, 53 ]
    }, {
      "vertices" : [ 0, 53, 21 ]
    }, {
      "vertices" : [ 49, 51, 52 ]
    }, {
      "vertices" : [ 49, 52, 53 ]
    }, {
      "vertices" : [ 31, 43, 42 ]
    }, {
      "vertices" : [ 31, 42, 59 ]
    }, {
      "vertices" : [ 31, 59, 32 ]
    }, {
      "vertices" : [ 15, 18, 50 ]
    }, {
      "vertices" : [ 42, 55, 56 ]
    }, {
      "vertices" : [ 42, 56, 59 ]
    }, {
      "vertices" : [ 4, 23, 29 ]
    }, {
      "vertices" : [ 4, 29, 30 ]
    }, {
      "vertices" : [ 25, 38, 26 ]
    }, {
      "vertices" : [ 13, 28, 18 ]
    }, {
      "vertices" : [ 13, 18, 17 ]
    }, {
      "vertices" : [ 13, 17, 14 ]
    }, {
      "vertices" : [ 8, 20, 31 ]
    }, {
      "vertices" : [ 8, 31, 32 ]
    }, {
      "vertices" : [ 23, 44, 29 ]
    }, {
      "vertices" : [ 24, 27, 46 ]
    }, {
      "vertices" : [ 37, 48, 52 ]
    }, {
      "vertices" : [ 37, 52, 51 ]
    }, {
      "vertices" : [ 37, 51, 38 ]
    }, {
      "vertices" : [ 20, 48, 31 ]
    }, {
      "vertices" : [ 24, 25, 26 ]
    }, {
      "vertices" : [ 24, 26, 27 ]
    }, {
      "vertices" : [ 16, 44, 23 ]
    }, {
      "vertices" : [ 16, 23, 22 ]
    }, {
      "vertices" : [ 13, 34, 35 ]
    }, {
      "vertices" : [ 13, 35, 28 ]
    }, {
      "vertices" : [ 10, 34, 12 ]
    }, {
      "vertices" : [ 10, 12, 54 ]
    }, {
      "vertices" : [ 2, 6, 5 ]
    }, {
      "vertices" : [ 2, 5, 49 ]
    }, {
      "vertices" : [ 2, 49, 53 ]
    }, {
      "vertices" : [ 36, 43, 37 ]
    }, {
      "vertices" : [ 5, 30, 33 ]
    }, {
      "vertices" : [ 5, 33, 49 ]
    }, {
      "vertices" : [ 1, 54, 12 ]
    }, {
      "vertices" : [ 1, 12, 11 ]
    }, {
      "vertices" : [ 1, 11, 39 ]
    }, {
      "vertices" : [ 28, 35, 57 ]
    }, {
      "vertices" : [ 21, 53, 52 ]
    } ]
  }, {
    "id" : "f891ea2d-8773-4d39-9aae-d9cd36f7f22d",
    "vertices" : [ {
      "x" : -6.8915095,
      "y" : 3.8016107,
      "z" : -0.39980802
    }, {
      "x" : -6.7915096,
      "y" : 3.7016108,
      "z" : -0.799808
    }, {
      "x" : -0.40980613,
      "y" : 0.43445724,
      "z" : -0.32379878
    }, {
      "x" : -0.50980616,
      "y" : 0.53445727,
      "z" : 0.076201215
    }, {
      "x" : -6.558176,
      "y" : 4.0016108,
      "z" : -0.93314135
    }, {
      "x" : -6.658176,
      "y" : 4.1016107,
      "z" : -0.5331413
    }, {
      "x" : -0.74313945,
      "y" : 0.23445725,
      "z" : 0.20953454
    }, {
      "x" : -0.6431395,
      "y" : 0.13445726,
      "z" : -0.19046545
    } ],
    "faces" : [ {
      "vertices" : [ 2, 3, 6 ]
    }, {
      "vertices" : [ 2, 6, 7 ]
    }, {
      "vertices" : [ 0, 5, 4 ]
    }, {
      "vertices" : [ 0, 4, 1 ]
    }, {
      "vertices" : [ 2, 4, 5 ]
    }, {
      "vertices" : [ 2, 5, 3 ]
    }, {
      "vertices" : [ 0, 6, 3 ]
    }, {
      "vertices" : [ 0, 3, 5 ]
    }, {
      "vertices" : [ 0, 1, 7 ]
    }, {
      "vertices" : [ 0, 7, 6 ]
    }, {
      "vertices" : [ 1, 4, 2 ]
    }, {
      "vertices" : [ 1, 2, 7 ]
    } ]
  } ],
  "instances" : [ {
    "shape" : "3b1d8e34-49d6-420c-aa88-687055ede10a",
    "color" : "#007695",
    "position" : {
      "x" : 6.854102,
      "y" : 13.708204,
      "z" : 11.09017
    },
    "orientation" : 21
  }, {
    "shape" : "7b1b9295-4891-4e14-bcd8-8d1675edcee4",
    "color" : "#007695",
    "position" : {
      "x" : -4.236068,
      "y" : 17.944271,
      "z" : -4.236068
    },
    "orientation" : 22
  }, {
    "shape" : "5d23c198-029c-4069-9745-bc332a7f7ef0",
    "color" : "#CC0033",
    "position" : {
      "x" : 6.854102,
      "y" : -13.708204,
      "z" : 11.09017
    }
  }, {
    "shape" : "f891ea2d-8773-4d39-9aae-d9cd36f7f22d",
    "color" : "#007695",
    "position" : {
      "x" : -25.969194,
      "y" : -11.09017,
      "z" : 12.984597
    },
    "orientation" : 5
  }, {
    "shape" : "7b1b9295-4891-4e14-bcd8-8d1675edcee4",
    "color" : "#007695",
    "position" : {
      "x" : 9.472136,
      "y" : 4.236068,
      "z" : 40.12461
    },
    "orientation" : 6
  }, {
    "shape" : "5d23c198-029c-4069-9745-bc332a7f7ef0",
    "color" : "#CC0033",
    "position" : {
      "x" : -13.708204,
      "y" : -11.09017,
      "z" : 6.854102
    }
  }, {
    "shape" : "5d23c198-029c-4069-9745-bc332a7f7ef0",
    "color" : "#FFFFFF",
    "position" : {
      "x" : -17.944271,
      "y" : -4.236068,
      "z" : -4.236068
    }
  }, {
    "shape" : "7b1b9295-4891-4e14-bcd8-8d1675edcee4",
    "color" : "#007695",
    "position" : {
      "x" : 0.0,
      "y" : 11.09017,
      "z" : -15.326238
    },
    "orientation" : 38
  }, {
    "shape" : "5d23c198-029c-4069-9745-bc332a7f7ef0",
    "color" : "#CC0033",
    "position" : {
      "x" : 17.944271,
      "y" : -4.236068,
      "z" : 4.236068
    }
  }, {
    "shape" : "5d23c198-029c-4069-9745-bc332a7f7ef0",
    "color" : "#FFFFFF",
    "position" : {
      "x" : -11.09017,
      "y" : -6.854102,
      "z" : -13.708204
    }
  }, {
    "shape" : "5d23c198-029c-4069-9745-bc332a7f7ef0",
    "color" : "#FFFFFF",
    "position" : {
      "x" : -11.09017,
      "y" : -15.326238,
      "z" : 0.0
    }
  }, {
    "shape" : "7b1b9295-4891-4e14-bcd8-8d1675edcee4",
    "color" : "#007695",
    "position" : {
      "x" : -17.944271,
      "y" : 4.236068,
      "z" : -4.236068
    },
    "orientation" : 6
  }, {
    "shape" : "3b1d8e34-49d6-420c-aa88-687055ede10a",
    "color" : "#007695",
    "position" : {
      "x" : 19.391485,
      "y" : 17.944271,
      "z" : 20.285913
    },
    "orientation" : 25
  }, {
    "shape" : "5d23c198-029c-4069-9745-bc332a7f7ef0",
    "color" : "#FFFFFF",
    "position" : {
      "x" : 4.236068,
      "y" : 4.236068,
      "z" : -17.944271
    }
  }, {
    "shape" : "5d23c198-029c-4069-9745-bc332a7f7ef0",
    "color" : "#FFFFFF",
    "position" : {
      "x" : -30.92887,
      "y" : -6.854102,
      "z" : 18.391485
    }
  }, {
    "shape" : "3b1d8e34-49d6-420c-aa88-687055ede10a",
    "color" : "#007695",
    "position" : {
      "x" : -0.7236068,
      "y" : 13.708204,
      "z" : 23.35116
    },
    "orientation" : 30
  }, {
    "shape" : "7b1b9295-4891-4e14-bcd8-8d1675edcee4",
    "color" : "#007695",
    "position" : {
      "x" : -27.416409,
      "y" : 11.09017,
      "z" : 29.034441
    },
    "orientation" : 36
  }, {
    "shape" : "5d23c198-029c-4069-9745-bc332a7f7ef0",
    "color" : "#FFFFFF",
    "position" : {
      "x" : 8.024922,
      "y" : -17.944271,
      "z" : 24.074766
    }
  }, {
    "shape" : "f891ea2d-8773-4d39-9aae-d9cd36f7f22d",
    "color" : "#007695",
    "position" : {
      "x" : 16.77345,
      "y" : 0.0,
      "z" : 40.848217
    },
    "orientation" : 13
  }, {
    "shape" : "3b1d8e34-49d6-420c-aa88-687055ede10a",
    "color" : "#007695",
    "position" : {
      "x" : -20.562305,
      "y" : 13.708204,
      "z" : 33.27051
    },
    "orientation" : 50
  }, {
    "shape" : "7b1b9295-4891-4e14-bcd8-8d1675edcee4",
    "color" : "#007695",
    "position" : {
      "x" : 13.708204,
      "y" : 11.09017,
      "z" : -6.854102
    },
    "orientation" : 7
  }, {
    "shape" : "5d23c198-029c-4069-9745-bc332a7f7ef0",
    "color" : "#FFFFFF",
    "position" : {
      "x" : 4.236068,
      "y" : -17.944271,
      "z" : 4.236068
    }
  }, {
    "shape" : "7b1b9295-4891-4e14-bcd8-8d1675edcee4",
    "color" : "#007695",
    "position" : {
      "x" : -15.602632,
      "y" : -17.944271,
      "z" : 27.86362
    },
    "orientation" : 11
  }, {
    "shape" : "5d23c198-029c-4069-9745-bc332a7f7ef0",
    "color" : "#FFFFFF",
    "position" : {
      "x" : 30.92887,
      "y" : 6.854102,
      "z" : 18.391485
    }
  }, {
    "shape" : "f891ea2d-8773-4d39-9aae-d9cd36f7f22d",
    "color" : "#007695",
    "position" : {
      "x" : -0.7236068,
      "y" : 13.708204,
      "z" : 23.35116
    },
    "orientation" : 28
  }, {
    "shape" : "5d23c198-029c-4069-9745-bc332a7f7ef0",
    "color" : "#FFFFFF",
    "position" : {
      "x" : -21.00952,
      "y" : 6.854102,
      "z" : 38.230186
    }
  }, {
    "shape" : "7b1b9295-4891-4e14-bcd8-8d1675edcee4",
    "color" : "#007695",
    "position" : {
      "x" : 6.854102,
      "y" : -13.708204,
      "z" : -11.09017
    },
    "orientation" : 40
  }, {
    "shape" : "f891ea2d-8773-4d39-9aae-d9cd36f7f22d",
    "color" : "#007695",
    "position" : {
      "x" : 26.6928,
      "y" : 13.708204,
      "z" : 21.00952
    },
    "orientation" : 0
  }, {
    "shape" : "5d23c198-029c-4069-9745-bc332a7f7ef0",
    "color" : "#FFFFFF",
    "position" : {
      "x" : -30.92887,
      "y" : 6.854102,
      "z" : 18.391485
    }
  }, {
    "shape" : "3b1d8e34-49d6-420c-aa88-687055ede10a",
    "color" : "#007695",
    "position" : {
      "x" : -30.481655,
      "y" : 0.0,
      "z" : 13.43181
    },
    "orientation" : 6
  }, {
    "shape" : "7b1b9295-4891-4e14-bcd8-8d1675edcee4",
    "color" : "#007695",
    "position" : {
      "x" : 4.236068,
      "y" : -17.944271,
      "z" : -4.236068
    },
    "orientation" : 2
  }, {
    "shape" : "7b1b9295-4891-4e14-bcd8-8d1675edcee4",
    "color" : "#007695",
    "position" : {
      "x" : 20.562305,
      "y" : -13.708204,
      "z" : 33.27051
    },
    "orientation" : 23
  }, {
    "shape" : "7b1b9295-4891-4e14-bcd8-8d1675edcee4",
    "color" : "#007695",
    "position" : {
      "x" : -15.326238,
      "y" : 0.0,
      "z" : -11.09017
    },
    "orientation" : 40
  }, {
    "shape" : "3b1d8e34-49d6-420c-aa88-687055ede10a",
    "color" : "#007695",
    "position" : {
      "x" : -0.7236068,
      "y" : 13.708204,
      "z" : 23.35116
    },
    "orientation" : 15
  }, {
    "shape" : "3b1d8e34-49d6-420c-aa88-687055ede10a",
    "color" : "#007695",
    "position" : {
      "x" : -17.944271,
      "y" : -4.236068,
      "z" : 4.236068
    },
    "orientation" : 10
  }, {
    "shape" : "7b1b9295-4891-4e14-bcd8-8d1675edcee4",
    "color" : "#007695",
    "position" : {
      "x" : -11.09017,
      "y" : 6.854102,
      "z" : -13.708204
    },
    "orientation" : 26
  }, {
    "shape" : "3b1d8e34-49d6-420c-aa88-687055ede10a",
    "color" : "#007695",
    "position" : {
      "x" : 13.708204,
      "y" : 11.09017,
      "z" : 6.854102
    },
    "orientation" : 21
  }, {
    "shape" : "5d23c198-029c-4069-9745-bc332a7f7ef0",
    "color" : "#FFFFFF",
    "position" : {
      "x" : -27.416409,
      "y" : 11.09017,
      "z" : 29.034441
    }
  }, {
    "shape" : "3b1d8e34-49d6-420c-aa88-687055ede10a",
    "color" : "#007695",
    "position" : {
      "x" : -13.708204,
      "y" : 11.09017,
      "z" : 6.854102
    },
    "orientation" : 5
  }, {
    "shape" : "f891ea2d-8773-4d39-9aae-d9cd36f7f22d",
    "color" : "#007695",
    "position" : {
      "x" : 8.748529,
      "y" : -15.326238,
      "z" : 32.09969
    },
    "orientation" : 0
  }, {
    "shape" : "f891ea2d-8773-4d39-9aae-d9cd36f7f22d",
    "color" : "#007695",
    "position" : {
      "x" : -27.86362,
      "y" : -4.236068,
      "z" : 33.994118
    },
    "orientation" : 51
  }, {
    "shape" : "f891ea2d-8773-4d39-9aae-d9cd36f7f22d",
    "color" : "#007695",
    "position" : {
      "x" : -18.66788,
      "y" : 15.326238,
      "z" : 12.26099
    },
    "orientation" : 15
  }, {
    "shape" : "5d23c198-029c-4069-9745-bc332a7f7ef0",
    "color" : "#FFFFFF",
    "position" : {
      "x" : -30.481655,
      "y" : 0.0,
      "z" : 13.43181
    }
  }, {
    "shape" : "7b1b9295-4891-4e14-bcd8-8d1675edcee4",
    "color" : "#007695",
    "position" : {
      "x" : -11.09017,
      "y" : -6.854102,
      "z" : -13.708204
    },
    "orientation" : 40
  }, {
    "shape" : "f891ea2d-8773-4d39-9aae-d9cd36f7f22d",
    "color" : "#007695",
    "position" : {
      "x" : 16.77345,
      "y" : 0.0,
      "z" : 40.848217
    },
    "orientation" : 0
  }, {
    "shape" : "3b1d8e34-49d6-420c-aa88-687055ede10a",
    "color" : "#007695",
    "position" : {
      "x" : 0.7236068,
      "y" : -13.708204,
      "z" : 23.35116
    },
    "orientation" : 0
  }, {
    "shape" : "5d23c198-029c-4069-9745-bc332a7f7ef0",
    "color" : "#FFFFFF",
    "position" : {
      "x" : 4.236068,
      "y" : -17.944271,
      "z" : -4.236068
    }
  }, {
    "shape" : "5d23c198-029c-4069-9745-bc332a7f7ef0",
    "color" : "#CC0033",
    "position" : {
      "x" : -1.4472136,
      "y" : 11.09017,
      "z" : 31.376083
    }
  }, {
    "shape" : "5d23c198-029c-4069-9745-bc332a7f7ef0",
    "color" : "#FFFFFF",
    "position" : {
      "x" : -25.52198,
      "y" : 4.236068,
      "z" : 8.024922
    }
  }, {
    "shape" : "7b1b9295-4891-4e14-bcd8-8d1675edcee4",
    "color" : "#007695",
    "position" : {
      "x" : 11.813777,
      "y" : -17.944271,
      "z" : 16.497059
    },
    "orientation" : 23
  }, {
    "shape" : "7b1b9295-4891-4e14-bcd8-8d1675edcee4",
    "color" : "#007695",
    "position" : {
      "x" : -16.77345,
      "y" : 0.0,
      "z" : 40.848217
    },
    "orientation" : 54
  }, {
    "shape" : "7b1b9295-4891-4e14-bcd8-8d1675edcee4",
    "color" : "#007695",
    "position" : {
      "x" : 31.652475,
      "y" : 4.236068,
      "z" : 26.416409
    },
    "orientation" : 16
  }, {
    "shape" : "7b1b9295-4891-4e14-bcd8-8d1675edcee4",
    "color" : "#007695",
    "position" : {
      "x" : 11.813777,
      "y" : 17.944271,
      "z" : 16.497059
    },
    "orientation" : 26
  }, {
    "shape" : "7b1b9295-4891-4e14-bcd8-8d1675edcee4",
    "color" : "#007695",
    "position" : {
      "x" : 17.944271,
      "y" : 4.236068,
      "z" : 4.236068
    },
    "orientation" : 16
  }, {
    "shape" : "3b1d8e34-49d6-420c-aa88-687055ede10a",
    "color" : "#007695",
    "position" : {
      "x" : 25.52198,
      "y" : 4.236068,
      "z" : 8.024922
    },
    "orientation" : 25
  }, {
    "shape" : "3b1d8e34-49d6-420c-aa88-687055ede10a",
    "color" : "#007695",
    "position" : {
      "x" : 15.602632,
      "y" : 17.944271,
      "z" : 27.86362
    },
    "orientation" : 25
  }, {
    "shape" : "7b1b9295-4891-4e14-bcd8-8d1675edcee4",
    "color" : "#007695",
    "position" : {
      "x" : -4.236068,
      "y" : -17.944271,
      "z" : 4.236068
    },
    "orientation" : 56
  }, {
    "shape" : "f891ea2d-8773-4d39-9aae-d9cd36f7f22d",
    "color" : "#007695",
    "position" : {
      "x" : 30.481655,
      "y" : 0.0,
      "z" : 13.43181
    },
    "orientation" : 36
  }, {
    "shape" : "7b1b9295-4891-4e14-bcd8-8d1675edcee4",
    "color" : "#007695",
    "position" : {
      "x" : 0.0,
      "y" : -11.09017,
      "z" : 15.326238
    },
    "orientation" : 26
  }, {
    "shape" : "7b1b9295-4891-4e14-bcd8-8d1675edcee4",
    "color" : "#007695",
    "position" : {
      "x" : -6.854102,
      "y" : 13.708204,
      "z" : 11.09017
    },
    "orientation" : 8
  }, {
    "shape" : "5d23c198-029c-4069-9745-bc332a7f7ef0",
    "color" : "#FFFFFF",
    "position" : {
      "x" : -25.969194,
      "y" : 11.09017,
      "z" : 12.984597
    }
  }, {
    "shape" : "5d23c198-029c-4069-9745-bc332a7f7ef0",
    "color" : "#FFFFFF",
    "position" : {
      "x" : 20.562305,
      "y" : 13.708204,
      "z" : 33.27051
    }
  }, {
    "shape" : "5d23c198-029c-4069-9745-bc332a7f7ef0",
    "color" : "#FFFFFF",
    "position" : {
      "x" : -16.77345,
      "y" : 0.0,
      "z" : 40.848217
    }
  }, {
    "shape" : "7b1b9295-4891-4e14-bcd8-8d1675edcee4",
    "color" : "#007695",
    "position" : {
      "x" : 4.236068,
      "y" : -4.236068,
      "z" : -17.944271
    },
    "orientation" : 45
  }, {
    "shape" : "5d23c198-029c-4069-9745-bc332a7f7ef0",
    "color" : "#FFFFFF",
    "position" : {
      "x" : -13.708204,
      "y" : 11.09017,
      "z" : -6.854102
    }
  }, {
    "shape" : "5d23c198-029c-4069-9745-bc332a7f7ef0",
    "color" : "#FFFFFF",
    "position" : {
      "x" : -6.854102,
      "y" : 13.708204,
      "z" : -11.09017
    }
  }, {
    "shape" : "7b1b9295-4891-4e14-bcd8-8d1675edcee4",
    "color" : "#007695",
    "position" : {
      "x" : -9.472136,
      "y" : 4.236068,
      "z" : 40.12461
    },
    "orientation" : 16
  }, {
    "shape" : "f891ea2d-8773-4d39-9aae-d9cd36f7f22d",
    "color" : "#007695",
    "position" : {
      "x" : 8.024922,
      "y" : -17.944271,
      "z" : 24.074766
    },
    "orientation" : 40
  }, {
    "shape" : "f891ea2d-8773-4d39-9aae-d9cd36f7f22d",
    "color" : "#007695",
    "position" : {
      "x" : -18.66788,
      "y" : -15.326238,
      "z" : 12.26099
    },
    "orientation" : 28
  }, {
    "shape" : "7b1b9295-4891-4e14-bcd8-8d1675edcee4",
    "color" : "#007695",
    "position" : {
      "x" : -15.602632,
      "y" : 17.944271,
      "z" : 27.86362
    },
    "orientation" : 8
  }, {
    "shape" : "7b1b9295-4891-4e14-bcd8-8d1675edcee4",
    "color" : "#007695",
    "position" : {
      "x" : -4.236068,
      "y" : 17.944271,
      "z" : -4.236068
    },
    "orientation" : 2
  }, {
    "shape" : "5d23c198-029c-4069-9745-bc332a7f7ef0",
    "color" : "#FFFFFF",
    "position" : {
      "x" : 0.0,
      "y" : 11.09017,
      "z" : -15.326238
    }
  }, {
    "shape" : "3b1d8e34-49d6-420c-aa88-687055ede10a",
    "color" : "#007695",
    "position" : {
      "x" : -26.6928,
      "y" : -13.708204,
      "z" : 21.00952
    },
    "orientation" : 28
  }, {
    "shape" : "3b1d8e34-49d6-420c-aa88-687055ede10a",
    "color" : "#007695",
    "position" : {
      "x" : -19.391485,
      "y" : 17.944271,
      "z" : 20.285913
    },
    "orientation" : 15
  }, {
    "shape" : "f891ea2d-8773-4d39-9aae-d9cd36f7f22d",
    "color" : "#007695",
    "position" : {
      "x" : 25.969194,
      "y" : 11.09017,
      "z" : 12.984597
    },
    "orientation" : 0
  }, {
    "shape" : "5d23c198-029c-4069-9745-bc332a7f7ef0",
    "color" : "#CC0033",
    "position" : {
      "x" : 13.708204,
      "y" : 11.09017,
      "z" : 6.854102
    }
  }, {
    "shape" : "7b1b9295-4891-4e14-bcd8-8d1675edcee4",
    "color" : "#007695",
    "position" : {
      "x" : -11.09017,
      "y" : 15.326238,
      "z" : 0.0
    },
    "orientation" : 11
  }, {
    "shape" : "5d23c198-029c-4069-9745-bc332a7f7ef0",
    "color" : "#FFFFFF",
    "position" : {
      "x" : -8.748529,
      "y" : -15.326238,
      "z" : 32.09969
    }
  }, {
    "shape" : "3b1d8e34-49d6-420c-aa88-687055ede10a",
    "color" : "#007695",
    "position" : {
      "x" : 25.52198,
      "y" : -4.236068,
      "z" : 8.024922
    },
    "orientation" : 21
  }, {
    "shape" : "7b1b9295-4891-4e14-bcd8-8d1675edcee4",
    "color" : "#007695",
    "position" : {
      "x" : 6.854102,
      "y" : 13.708204,
      "z" : 11.09017
    },
    "orientation" : 41
  }, {
    "shape" : "7b1b9295-4891-4e14-bcd8-8d1675edcee4",
    "color" : "#007695",
    "position" : {
      "x" : 4.236068,
      "y" : -4.236068,
      "z" : -17.944271
    },
    "orientation" : 39
  }, {
    "shape" : "f891ea2d-8773-4d39-9aae-d9cd36f7f22d",
    "color" : "#007695",
    "position" : {
      "x" : -25.52198,
      "y" : 4.236068,
      "z" : 8.024922
    },
    "orientation" : 50
  }, {
    "shape" : "7b1b9295-4891-4e14-bcd8-8d1675edcee4",
    "color" : "#007695",
    "position" : {
      "x" : 0.0,
      "y" : -11.09017,
      "z" : 15.326238
    },
    "orientation" : 53
  }, {
    "shape" : "f891ea2d-8773-4d39-9aae-d9cd36f7f22d",
    "color" : "#007695",
    "position" : {
      "x" : 25.969194,
      "y" : 11.09017,
      "z" : 12.984597
    },
    "orientation" : 35
  }, {
    "shape" : "f891ea2d-8773-4d39-9aae-d9cd36f7f22d",
    "color" : "#007695",
    "position" : {
      "x" : -20.562305,
      "y" : -13.708204,
      "z" : 33.27051
    },
    "orientation" : 50
  }, {
    "shape" : "5d23c198-029c-4069-9745-bc332a7f7ef0",
    "color" : "#FFFFFF",
    "position" : {
      "x" : -8.024922,
      "y" : 17.944271,
      "z" : 24.074766
    }
  }, {
    "shape" : "3b1d8e34-49d6-420c-aa88-687055ede10a",
    "color" : "#007695",
    "position" : {
      "x" : 26.6928,
      "y" : -13.708204,
      "z" : 21.00952
    },
    "orientation" : 45
  }, {
    "shape" : "5d23c198-029c-4069-9745-bc332a7f7ef0",
    "color" : "#FFFFFF",
    "position" : {
      "x" : 8.748529,
      "y" : -15.326238,
      "z" : 32.09969
    }
  }, {
    "shape" : "7b1b9295-4891-4e14-bcd8-8d1675edcee4",
    "color" : "#007695",
    "position" : {
      "x" : 31.652475,
      "y" : -4.236068,
      "z" : 26.416409
    },
    "orientation" : 39
  }, {
    "shape" : "5d23c198-029c-4069-9745-bc332a7f7ef0",
    "color" : "#FFFFFF",
    "position" : {
      "x" : 20.562305,
      "y" : -13.708204,
      "z" : 33.27051
    }
  }, {
    "shape" : "7b1b9295-4891-4e14-bcd8-8d1675edcee4",
    "color" : "#007695",
    "position" : {
      "x" : 27.416409,
      "y" : 11.09017,
      "z" : 29.034441
    },
    "orientation" : 38
  }, {
    "shape" : "7b1b9295-4891-4e14-bcd8-8d1675edcee4",
    "color" : "#007695",
    "position" : {
      "x" : 4.236068,
      "y" : 4.236068,
      "z" : -17.944271
    },
    "orientation" : 11
  }, {
    "shape" : "f891ea2d-8773-4d39-9aae-d9cd36f7f22d",
    "color" : "#007695",
    "position" : {
      "x" : 25.52198,
      "y" : -4.236068,
      "z" : 8.024922
    },
    "orientation" : 20
  }, {
    "shape" : "7b1b9295-4891-4e14-bcd8-8d1675edcee4",
    "color" : "#007695",
    "position" : {
      "x" : 13.708204,
      "y" : 11.09017,
      "z" : 6.854102
    },
    "orientation" : 24
  }, {
    "shape" : "7b1b9295-4891-4e14-bcd8-8d1675edcee4",
    "color" : "#007695",
    "position" : {
      "x" : 13.708204,
      "y" : -11.09017,
      "z" : 6.854102
    },
    "orientation" : 22
  }, {
    "shape" : "7b1b9295-4891-4e14-bcd8-8d1675edcee4",
    "color" : "#007695",
    "position" : {
      "x" : -11.09017,
      "y" : -15.326238,
      "z" : 0.0
    },
    "orientation" : 26
  }, {
    "shape" : "5d23c198-029c-4069-9745-bc332a7f7ef0",
    "color" : "#FFFFFF",
    "position" : {
      "x" : -19.391485,
      "y" : 17.944271,
      "z" : 20.285913
    }
  }, {
    "shape" : "5d23c198-029c-4069-9745-bc332a7f7ef0",
    "color" : "#FFFFFF",
    "position" : {
      "x" : 19.391485,
      "y" : 17.944271,
      "z" : 20.285913
    }
  }, {
    "shape" : "7b1b9295-4891-4e14-bcd8-8d1675edcee4",
    "color" : "#007695",
    "position" : {
      "x" : -15.326238,
      "y" : 0.0,
      "z" : -11.09017
    },
    "orientation" : 7
  }, {
