{
  "field" : "golden",
  "symmetry" : "icosahedral",
  "orientations" : [ [ 1.0, 0.0, 0.0, 0.0, 0.0, 1.0, 0.0, 0.0, 0.0, 0.0, 1.0, 0.0, 0.0, 0.0, 0.0, 1.0 ], [ 0.0, 0.0, 1.0, 0.0, 1.0, 0.0, 0.0, 0.0, 0.0, 1.0, 0.0, 0.0, 0.0, 0.0, 0.0, 1.0 ], [ 0.0, 1.0, 0.0, 0.0, 0.0, 0.0, 1.0, 0.0, 1.0, 0.0, 0.0, 0.0, 0.0, 0.0, 0.0, 1.0 ], [ 0.809017, 0.309017, 0.5, 0.0, 0.309017, 0.5, -0.809017, 0.0, -0.5, 0.809017, 0.309017, 0.0, 0.0, 0.0, 0.0, 1.0 ], [ -0.5, 0.809017, 0.309017, 0.0, 0.809017, 0.309017, 0.5, 0.0, 0.309017, 0.5, -0.809017, 0.0, 0.0, 0.0, 0.0, 1.0 ], [ 0.309017, 0.5, -0.809017, 0.0, -0.5, 0.809017, 0.309017, 0.0, 0.809017, 0.309017, 0.5, 0.0, 0.0, 0.0, 0.0, 1.0 ], [ 0.5, 0.809017, 0.309017, 0.0, 0.809017, -0.309017, -0.5, 0.0, -0.309017, 0.5, -0.809017, 0.0, 0.0, 0.0, 0.0, 1.0 ], [ -0.309017, 0.5, -0.809017, 0.0, 0.5, 0.809017, 0.309017, 0.0, 0.809017, -0.309017, -0.5, 0.0, 0.0, 0.0, 0.0, 1.0 ], [ 0.809017, -0.309017, -0.5, 0.0, -0.309017, 0.5, -0.809017, 0.0, 0.5, 0.809017, 0.309017, 0.0, 0.0, 0.0, 0.0, 1.0 ], [ 0.5, 0.809017, -0.309017, 0.0, 0.809017, -0.309017, 0.5, 0.0, 0.309017, -0.5, -0.809017, 0.0, 0.0, 0.0, 0.0, 1.0 ], [ 0.309017, -0.5, -0.809017, 0.0, 0.5, 0.809017, -0.309017, 0.0, 0.809017, -0.309017, 0.5, 0.0, 0.0, 0.0, 0.0, 1.0 ], [ 0.809017, -0.309017, 0.5, 0.0, 0.309017, -0.5, -0.809017, 0.0, 0.5, 0.809017, -0.309017, 0.0, 0.0, 0.0, 0.0, 1.0 ], [ 0.809017, 0.309017, -0.5, 0.0, 0.309017, 0.5, 0.809017, 0.0, 0.5, -0.809017, 0.309017, 0.0, 0.0, 0.0, 0.0, 1.0 ], [ 0.5, -0.809017, 0.309017, 0.0, 0.809017, 0.309017, -0.5, 0.0, 0.309017, 0.5, 0.809017, 0.0, 0.0, 0.0, 0.0, 1.0 ], [ 0.309017, 0.5, 0.809017, 0.0, 0.5, -0.809017, 0.309017, 0.0, 0.809017, 0.309017, -0.5, 0.0, 0.0, 0.0, 0.0, 1.0 ], [ 1.0, 0.0, 0.0, 0.0, 0.0, -1.0, 0.0, 0.0, 0.0, 0.0, -1.0, 0.0, 0.0, 0.0, 0.0, 1.0 ], [ 0.0, 0.0, 1.0, 0.0, -1.0, 0.0, 0.0, 0.0, 0.0, -1.0, 0.0, 0.0, 0.0, 0.0, 0.0, 1.0 ], [ 0.0, 1.0, 0.0, 0.0, 0.0, 0.0, -1.0, 0.0, -1.0, 0.0, 0.0, 0.0, 0.0, 0.0, 0.0, 1.0 ], [ 0.809017, 0.309017, 0.5, 0.0, -0.309017, -0.5, 0.809017, 0.0, 0.5, -0.809017, -0.309017, 0.0, 0.0, 0.0, 0.0, 1.0 ], [ -0.5, 0.809017, 0.309017, 0.0, -0.809017, -0.309017, -0.5, 0.0, -0.309017, -0.5, 0.809017, 0.0, 0.0, 0.0, 0.0, 1.0 ], [ 0.309017, 0.5, -0.809017, 0.0, 0.5, -0.809017, -0.309017, 0.0, -0.809017, -0.309017, -0.5, 0.0, 0.0, 0.0, 0.0, 1.0 ], [ 0.5, 0.809017, 0.309017, 0.0, -0.809017, 0.309017, 0.5, 0.0, 0.309017, -0.5, 0.809017, 0.0, 0.0, 0.0, 0.0, 1.0 ], [ -0.309017, 0.5, -0.809017, 0.0, -0.5, -0.809017, -0.309017, 0.0, -0.809017, 0.309017, 0.5, 0.0, 0.0, 0.0, 0.0, 1.0 ], [ 0.809017, -0.309017, -0.5, 0.0, 0.309017, -0.5, 0.809017, 0.0, -0.5, -0.809017, -0.309017, 0.0, 0.0, 0.0, 0.0, 1.0 ], [ 0.5, 0.809017, -0.309017, 0.0, -0.809017, 0.309017, -0.5, 0.0, -0.309017, 0.5, 0.809017, 0.0, 0.0, 0.0, 0.0, 1.0 ], [ 0.309017, -0.5, -0.809017, 0.0, -0.5, -0.809017, 0.309017, 0.0, -0.809017, 0.309017, -0.5, 0.0, 0.0, 0.0, 0.0, 1.0 ], [ 0.809017, -0.309017, 0.5, 0.0, -0.309017, 0.5, 0.809017, 0.0, -0.5, -0.809017, 0.309017, 0.0, 0.0, 0.0, 0.0, 1.0 ], [ 0.809017, 0.309017, -0.5, 0.0, -0.309017, -0.5, -0.809017, 0.0, -0.5, 0.809017, -0.309017, 0.0, 0.0, 0.0, 0.0, 1.0 ], [ 0.5, -0.809017, 0.309017, 0.0, -0.809017, -0.309017, 0.5, 0.0, -0.309017, -0.5, -0.809017, 0.0, 0.0, 0.0, 0.0, 1.0 ], [ 0.309017, 0.5, 0.809017, 0.0, -0.5, 0.809017, -0.309017, 0.0, -0.809017, -0.309017, 0.5, 0.0, 0.0, 0.0, 0.0, 1.0 ], [ -1.0, 0.0, 0.0, 0.0, 0.0, -1.0, 0.0, 0.0, 0.0, 0.0, 1.0, 0.0, 0.0, 0.0, 0.0, 1.0 ], [ 0.0, 0.0, -1.0, 0.0, -1.0, 0.0, 0.0, 0.0, 0.0, 1.0, 0.0, 0.0, 0.0, 0.0, 0.0, 1.0 ], [ 0.0, -1.0, 0.0, 0.0, 0.0, 0.0, -1.0, 0.0, 1.0, 0.0, 0.0, 0.0, 0.0, 0.0, 0.0, 1.0 ], [ -0.809017, -0.309017, -0.5, 0.0, -0.309017, -0.5, 0.809017, 0.0, -0.5, 0.809017, 0.309017, 0.0, 0.0, 0.0, 0.0, 1.0 ], [ 0.5, -0.809017, -0.309017, 0.0, -0.809017, -0.309017, -0.5, 0.0, 0.309017, 0.5, -0.809017, 0.0, 0.0, 0.0, 0.0, 1.0 ], [ -0.309017, -0.5, 0.809017, 0.0, 0.5, -0.809017, -0.309017, 0.0, 0.809017, 0.309017, 0.5, 0.0, 0.0, 0.0, 0.0, 1.0 ], [ -0.5, -0.809017, -0.309017, 0.0, -0.809017, 0.309017, 0.5, 0.0, -0.309017, 0.5, -0.809017, 0.0, 0.0, 0.0, 0.0, 1.0 ], [ 0.309017, -0.5, 0.809017, 0.0, -0.5, -0.809017, -0.309017, 0.0, 0.809017, -0.309017, -0.5, 0.0, 0.0, 0.0, 0.0, 1.0 ], [ -0.809017, 0.309017, 0.5, 0.0, 0.309017, -0.5, 0.809017, 0.0, 0.5, 0.809017, 0.309017, 0.0, 0.0, 0.0, 0.0, 1.0 ], [ -0.5, -0.809017, 0.309017, 0.0, -0.809017, 0.309017, -0.5, 0.0, 0.309017, -0.5, -0.809017, 0.0, 0.0, 0.0, 0.0, 1.0 ], [ -0.309017, 0.5, 0.809017, 0.0, -0.5, -0.809017, 0.309017, 0.0, 0.809017, -0.309017, 0.5, 0.0, 0.0, 0.0, 0.0, 1.0 ], [ -0.809017, 0.309017, -0.5, 0.0, -0.309017, 0.5, 0.809017, 0.0, 0.5, 0.809017, -0.309017, 0.0, 0.0, 0.0, 0.0, 1.0 ], [ -0.809017, -0.309017, 0.5, 0.0, -0.309017, -0.5, -0.809017, 0.0, 0.5, -0.809017, 0.309017, 0.0, 0.0, 0.0, 0.0, 1.0 ], [ -0.5, 0.809017, -0.309017, 0.0, -0.809017, -0.309017, 0.5, 0.0, 0.309017, 0.5, 0.809017, 0.0, 0.0, 0.0, 0.0, 1.0 ], [ -0.309017, -0.5, -0.809017, 0.0, -0.5, 0.809017, -0.309017, 0.0, 0.809017, 0.309017, -0.5, 0.0, 0.0, 0.0, 0.0, 1.0 ], [ -1.0, 0.0, 0.0, 0.0, 0.0, 1.0, 0.0, 0.0, 0.0, 0.0, -1.0, 0.0, 0.0, 0.0, 0.0, 1.0 ], [ 0.0, 0.0, -1.0, 0.0, 1.0, 0.0, 0.0, 0.0, 0.0, -1.0, 0.0, 0.0, 0.0, 0.0, 0.0, 1.0 ], [ 0.0, -1.0, 0.0, 0.0, 0.0, 0.0, 1.0, 0.0, -1.0, 0.0, 0.0, 0.0, 0.0, 0.0, 0.0, 1.0 ], [ -0.809017, -0.309017, -0.5, 0.0, 0.309017, 0.5, -0.809017, 0.0, 0.5, -0.809017, -0.309017, 0.0, 0.0, 0.0, 0.0, 1.0 ], [ 0.5, -0.809017, -0.309017, 0.0, 0.809017, 0.309017, 0.5, 0.0, -0.309017, -0.5, 0.809017, 0.0, 0.0, 0.0, 0.0, 1.0 ], [ -0.309017, -0.5, 0.809017, 0.0, -0.5, 0.809017, 0.309017, 0.0, -0.809017, -0.309017, -0.5, 0.0, 0.0, 0.0, 0.0, 1.0 ], [ -0.5, -0.809017, -0.309017, 0.0, 0.809017, -0.309017, -0.5, 0.0, 0.309017, -0.5, 0.809017, 0.0, 0.0, 0.0, 0.0, 1.0 ], [ 0.309017, -0.5, 0.809017, 0.0, 0.5, 0.809017, 0.309017, 0.0, -0.809017, 0.309017, 0.5, 0.0, 0.0, 0.0, 0.0, 1.0 ], [ -0.809017, 0.309017, 0.5, 0.0, -0.309017, 0.5, -0.809017, 0.0, -0.5, -0.809017, -0.309017, 0.0, 0.0, 0.0, 0.0, 1.0 ], [ -0.5, -0.809017, 0.309017, 0.0, 0.809017, -0.309017, 0.5, 0.0, -0.309017, 0.5, 0.809017, 0.0, 0.0, 0.0, 0.0, 1.0 ], [ -0.309017, 0.5, 0.809017, 0.0, 0.5, 0.809017, -0.309017, 0.0, -0.809017, 0.309017, -0.5, 0.0, 0.0, 0.0, 0.0, 1.0 ], [ -0.809017, 0.309017, -0.5, 0.0, 0.309017, -0.5, -0.809017, 0.0, -0.5, -0.809017, 0.309017, 0.0, 0.0, 0.0, 0.0, 1.0 ], [ -0.809017, -0.309017, 0.5, 0.0, 0.309017, 0.5, 0.809017, 0.0, -0.5, 0.809017, -0.309017, 0.0, 0.0, 0.0, 0.0, 1.0 ], [ -0.5, 0.809017, -0.309017, 0.0, 0.809017, 0.309017, -0.5, 0.0, -0.309017, -0.5, -0.809017, 0.0, 0.0, 0.0, 0.0, 1.0 ], [ -0.309017, -0.5, -0.809017, 0.0, 0.5, -0.809017, 0.309017, 0.0, -0.809017, -0.309017, 0.5, 0.0, 0.0, 0.0, 0.0, 1.0 ] ],
  "lights" : {
    "ambientColor" : "#292929",
    "backgroundColor" : "#000000",
    "directionalLights" : [ {
      "direction" : {
        "x" : 1.0,
        "y" : -1.0,
        "z" : -1.0
      },
      "color" : "#EBEBE4"
    }, {
      "direction" : {
        "x" : -1.0,
        "y" : 0.0,
        "z" : 0.0
      },
      "color" : "#E4E4EB"
    }, {
      "direction" : {
        "x" : 0.0,
        "y" : 0.0,
        "z" : -1.0
      },
      "color" : "#1E1E1E"
    } ]
  },
  "camera" : {
    "perspective" : false,
    "viewDistance" : 155.84773,
    "nearClipDistance" : 0.3896194,
    "farClipDistance" : 311.69522,
    "lookAtPoint" : {
      "x" : 1.8944272,
      "y" : -6.854102,
      "z" : -1.1708204
    },
    "fieldOfView" : 0.44262865,
    "lookDirection" : {
      "x" : -0.5257311,
      "y" : 0.0,
      "z" : -0.8506508
    },
    "upDirection" : {
      "x" : -0.688191,
      "y" : 0.58778524,
      "z" : 0.4253254
    },
    "width" : 70.13144,
    "stereo" : false,
    "position" : {
      "x" : 83.82842,
      "y" : -6.854102,
      "z" : 131.40117
    }
  },
  "embedding" : [ 1.0, 0.0, 0.0, 0.0, 0.0, 1.0, 0.0, 0.0, 0.0, 0.0, 1.0, 0.0, 0.0, 0.0, 0.0, 1.0 ],
  "shapes" : [ {
    "id" : "342f64fc-407f-4741-9296-0c75b8dc9a06",
    "vertices" : [ {
      "x" : -1.1737621,
      "y" : 3.427051,
      "z" : 2.836881
    }, {
      "x" : 0.9442719,
      "y" : 4.236068,
      "z" : 1.5278641
    }, {
      "x" : -1.1737621,
      "y" : 7.663119,
      "z" : 2.836881
    } ],
    "faces" : [ {
      "vertices" : [ 0, 1, 2 ]
    }, {
      "vertices" : [ 0, 2, 1 ]
    } ]
  }, {
    "id" : "5d4d78f7-5b30-4373-a64e-3c55de49ef98",
    "vertices" : [ {
      "x" : 15.461493,
      "y" : -1.309017,
      "z" : -7.444272
    }, {
      "x" : 16.77051,
      "y" : 0.809017,
      "z" : -8.253289
    }, {
      "x" : 13.343459,
      "y" : 2.118034,
      "z" : -6.135255
    } ],
    "faces" : [ {
      "vertices" : [ 0, 1, 2 ]
    }, {
      "vertices" : [ 0, 2, 1 ]
    } ]
  }, {
    "id" : "608be2c8-9b48-4517-9a3e-78f28ab63cc0",
    "vertices" : [ {
      "x" : -6.7188473,
      "y" : -8.163119,
      "z" : 6.263932
    }, {
      "x" : -6.7188473,
      "y" : -5.545085,
      "z" : 6.263932
    }, {
      "x" : -10.145898,
      "y" : -6.854102,
      "z" : 8.381966
    } ],
    "faces" : [ {
      "vertices" : [ 0, 1, 2 ]
    }, {
      "vertices" : [ 0, 2, 1 ]
    } ]
  }, {
    "id" : "8e015d5a-ae42-4e4b-8a1b-8c5277bee304",
    "vertices" : [ {
      "x" : -12.399187,
      "y" : -4.736068,
      "z" : 7.663119
    }, {
      "x" : -4.236068,
      "y" : 8.472136,
      "z" : 2.618034
    }, {
      "x" : -0.809017,
      "y" : 5.545085,
      "z" : 0.5
    }, {
      "x" : -8.972136,
      "y" : -7.663119,
      "z" : 5.545085
    } ],
    "faces" : [ {
      "vertices" : [ 0, 1, 2 ]
    }, {
      "vertices" : [ 0, 2, 3 ]
    }, {
      "vertices" : [ 0, 3, 2 ]
    }, {
      "vertices" : [ 0, 2, 1 ]
    } ]
  }, {
    "id" : "41996bf3-859a-4116-98a6-ea5a55541a29",
    "vertices" : [ {
      "x" : 0.23606798,
      "y" : -22.18034,
      "z" : 0.38196602
    }, {
      "x" : 13.944272,
      "y" : 0.0,
      "z" : -8.09017
    }, {
      "x" : 11.326238,
      "y" : 4.236068,
      "z" : -6.472136
    }, {
      "x" : -4.0,
      "y" : -20.562305,
      "z" : 3.0
    } ],
    "faces" : [ {
      "vertices" : [ 0, 1, 2 ]
    }, {
      "vertices" : [ 0, 2, 3 ]
    }, {
      "vertices" : [ 0, 3, 2 ]
    }, {
      "vertices" : [ 0, 2, 1 ]
    } ]
  }, {
    "id" : "e88d7d00-371f-436e-b124-a6d69af1c479",
    "vertices" : [ {
      "x" : -4.600813,
      "y" : 6.354102,
      "z" : 4.954915
    }, {
      "x" : -3.291796,
      "y" : 4.236068,
      "z" : 4.145898
    }, {
      "x" : -1.1737621,
      "y" : 7.663119,
      "z" : 2.836881
    } ],
    "faces" : [ {
      "vertices" : [ 0, 1, 2 ]
    }, {
      "vertices" : [ 0, 2, 1 ]
    } ]
  }, {
    "id" : "e45d60d5-32c4-468b-8982-55e2a22e21d7",
    "vertices" : [ {
      "x" : 16.77051,
      "y" : 3.427051,
      "z" : -8.253289
    }, {
      "x" : 15.461493,
      "y" : 5.545085,
      "z" : -7.444272
    }, {
      "x" : 13.343459,
      "y" : 2.118034,
      "z" : -6.135255
    } ],
    "faces" : [ {
      "vertices" : [ 0, 1, 2 ]
    }, {
      "vertices" : [ 0, 2, 1 ]
    } ]
  }, {
    "id" : "d1252bc5-7643-43a2-8be3-4624d62b6e65",
    "vertices" : [ {
      "x" : -1.1737621,
      "y" : -17.135256,
      "z" : 2.836881
    }, {
      "x" : -3.291796,
      "y" : -17.944271,
      "z" : 4.145898
    }, {
      "x" : -1.1737621,
      "y" : -21.371323,
      "z" : 2.836881
    } ],
    "faces" : [ {
      "vertices" : [ 0, 1, 2 ]
    }, {
      "vertices" : [ 0, 2, 1 ]
    } ]
  }, {
    "id" : "65856876-197b-408d-8779-ab5ebf48a5f3",
    "vertices" : [ {
      "x" : -8.027864,
      "y" : -3.427051,
      "z" : 7.072949
    }, {
      "x" : -10.145898,
      "y" : -2.618034,
      "z" : 8.381966
    }, {
      "x" : -10.145898,
      "y" : -6.854102,
      "z" : 8.381966
    } ],
    "faces" : [ {
      "vertices" : [ 0, 1, 2 ]
    }, {
      "vertices" : [ 0, 2, 1 ]
    } ]
  }, {
    "id" : "eda41f5d-89e2-4166-99ee-0623cc2df8c4",
    "vertices" : [ {
      "x" : 0.9442719,
      "y" : 4.236068,
      "z" : 1.5278641
    }, {
      "x" : 2.253289,
      "y" : 6.354102,
      "z" : 0.71884704
    }, {
      "x" : -1.1737621,
      "y" : 7.663119,
      "z" : 2.836881
    } ],
    "faces" : [ {
      "vertices" : [ 0, 1, 2 ]
    }, {
      "vertices" : [ 0, 2, 1 ]
    } ]
  }, {
    "id" : "737b90a8-f644-4a70-98de-7454550494fe",
    "vertices" : [ {
      "x" : 0.9442719,
      "y" : -17.944271,
      "z" : 1.5278641
    }, {
      "x" : -1.1737621,
      "y" : -17.135256,
      "z" : 2.836881
    }, {
      "x" : -1.1737621,
      "y" : -21.371323,
      "z" : 2.836881
    } ],
    "faces" : [ {
      "vertices" : [ 0, 1, 2 ]
    }, {
      "vertices" : [ 0, 2, 1 ]
    } ]
  }, {
    "id" : "a49414ce-8872-4f0c-9c72-6265fae4a572",
    "vertices" : [ {
      "x" : -3.291796,
      "y" : -24.798374,
      "z" : 4.145898
    }, {
      "x" : -1.1737621,
      "y" : -25.607391,
      "z" : 2.836881
    }, {
      "x" : -1.1737621,
      "y" : -21.371323,
      "z" : 2.836881
    } ],
    "faces" : [ {
      "vertices" : [ 0, 1, 2 ]
    }, {
      "vertices" : [ 0, 2, 1 ]
    } ]
  }, {
    "id" : "46275c09-73a9-44f2-85b2-f844d1a827e1",
    "vertices" : [ {
      "x" : -3.291796,
      "y" : 4.236068,
      "z" : 4.145898
    }, {
      "x" : -1.1737621,
      "y" : 3.427051,
      "z" : 2.836881
    }, {
      "x" : -1.1737621,
      "y" : 7.663119,
      "z" : 2.836881
    } ],
    "faces" : [ {
      "vertices" : [ 0, 1, 2 ]
    }, {
      "vertices" : [ 0, 2, 1 ]
    } ]
  }, {
    "id" : "862987c4-06fc-4780-81da-361cf9b13a9e",
    "vertices" : [ {
      "x" : 15.461493,
      "y" : -12.399187,
      "z" : -7.444272
    }, {
      "x" : 13.343459,
      "y" : -11.59017,
      "z" : -6.135255
    }, {
      "x" : 13.343459,
      "y" : -15.826238,
      "z" : -6.135255
    } ],
    "faces" : [ {
      "vertices" : [ 0, 1, 2 ]
    }, {
      "vertices" : [ 0, 2, 1 ]
    } ]
  }, {
    "id" : "1e9546d5-3189-42ff-b25f-067cdc30659b",
    "vertices" : [ {
      "x" : 11.225425,
      "y" : -12.399187,
      "z" : -4.826238
    }, {
      "x" : 9.916408,
      "y" : -14.5172205,
      "z" : -4.017221
    }, {
      "x" : 13.343459,
      "y" : -15.826238,
      "z" : -6.135255
    } ],
    "faces" : [ {
      "vertices" : [ 0, 1, 2 ]
    }, {
      "vertices" : [ 0, 2, 1 ]
    } ]
  }, {
    "id" : "09ae00a8-93b4-4113-9e38-fcf8dfe4e842",
    "vertices" : [ {
      "x" : 16.77051,
      "y" : 0.809017,
      "z" : -8.253289
    }, {
      "x" : 16.77051,
      "y" : 3.427051,
      "z" : -8.253289
    }, {
      "x" : 13.343459,
      "y" : 2.118034,
      "z" : -6.135255
    } ],
    "faces" : [ {
      "vertices" : [ 0, 1, 2 ]
    }, {
      "vertices" : [ 0, 2, 1 ]
    } ]
  }, {
    "id" : "958ac79a-50dd-4c84-bd70-32a8c230186b",
    "vertices" : [ {
      "x" : -4.600813,
      "y" : -20.062305,
      "z" : 4.954915
    }, {
      "x" : -4.600813,
      "y" : -22.68034,
      "z" : 4.954915
    }, {
      "x" : -1.1737621,
      "y" : -21.371323,
      "z" : 2.836881
    } ],
    "faces" : [ {
      "vertices" : [ 0, 1, 2 ]
    }, {
      "vertices" : [ 0, 2, 1 ]
    } ]
  }, {
    "id" : "7fc92351-5fab-4d8a-ab07-3d41f20595c0",
    "vertices" : [ {
      "x" : 14.18034,
      "y" : -13.708204,
      "z" : -7.708204
    }, {
      "x" : 0.47213596,
      "y" : 8.472136,
      "z" : 0.76393205
    }, {
      "x" : -3.763932,
      "y" : 6.854102,
      "z" : 3.381966
    }, {
      "x" : 11.562305,
      "y" : -17.944271,
      "z" : -6.09017
    } ],
    "faces" : [ {
      "vertices" : [ 0, 1, 2 ]
    }, {
      "vertices" : [ 0, 2, 3 ]
    }, {
      "vertices" : [ 0, 3, 2 ]
    }, {
      "vertices" : [ 0, 2, 1 ]
    } ]
  }, {
    "id" : "dd8746c1-a6fc-4f9c-86ca-21384ed4ccb0",
    "vertices" : [ {
      "x" : -4.600813,
      "y" : -22.68034,
      "z" : 4.954915
    }, {
      "x" : -3.291796,
      "y" : -24.798374,
      "z" : 4.145898
    }, {
      "x" : -1.1737621,
      "y" : -21.371323,
      "z" : 2.836881
    } ],
    "faces" : [ {
      "vertices" : [ 0, 1, 2 ]
    }, {
      "vertices" : [ 0, 2, 1 ]
    } ]
  }, {
    "id" : "04417185-219b-4af8-b6df-c3be8966ff5c",
    "vertices" : [ {
      "x" : 13.343459,
      "y" : -20.062305,
      "z" : -6.135255
    }, {
      "x" : 15.461493,
      "y" : -19.253288,
      "z" : -7.444272
    }, {
      "x" : 13.343459,
      "y" : -15.826238,
      "z" : -6.135255
    } ],
    "faces" : [ {
      "vertices" : [ 0, 1, 2 ]
    }, {
      "vertices" : [ 0, 2, 1 ]
    } ]
  }, {
    "id" : "d3e9eb39-1491-4176-81f0-fea84250324f",
    "vertices" : [ {
      "x" : 9.916408,
      "y" : -17.135256,
      "z" : -4.017221
    }, {
      "x" : 11.225425,
      "y" : -19.253288,
      "z" : -4.826238
    }, {
      "x" : 13.343459,
      "y" : -15.826238,
      "z" : -6.135255
    } ],
    "faces" : [ {
      "vertices" : [ 0, 1, 2 ]
    }, {
      "vertices" : [ 0, 2, 1 ]
    } ]
  }, {
    "id" : "45bbaed8-c7bb-4e94-8a3f-0f49151e4ba7",
    "vertices" : [ {
      "x" : 16.77051,
      "y" : -14.5172205,
      "z" : -8.253289
    }, {
      "x" : 15.461493,
      "y" : -12.399187,
      "z" : -7.444272
    }, {
      "x" : 13.343459,
      "y" : -15.826238,
      "z" : -6.135255
    } ],
    "faces" : [ {
      "vertices" : [ 0, 1, 2 ]
    }, {
      "vertices" : [ 0, 2, 1 ]
    } ]
  }, {
    "id" : "e9d70921-b7fa-4245-b0bb-4de2cd06efc0",
    "vertices" : [ {
      "x" : 11.225425,
      "y" : -19.253288,
      "z" : -4.826238
    }, {
      "x" : 13.343459,
      "y" : -20.062305,
      "z" : -6.135255
    }, {
      "x" : 13.343459,
      "y" : -15.826238,
      "z" : -6.135255
    } ],
    "faces" : [ {
      "vertices" : [ 0, 1, 2 ]
    }, {
      "vertices" : [ 0, 2, 1 ]
    } ]
  }, {
    "id" : "d8ffce01-cc28-4fa0-a4a2-23251d5d1ab2",
    "vertices" : [ {
      "x" : -12.263932,
      "y" : -3.427051,
      "z" : 9.690983
    }, {
      "x" : -13.572949,
      "y" : -5.545085,
      "z" : 10.5
    }, {
      "x" : -10.145898,
      "y" : -6.854102,
      "z" : 8.381966
    } ],
    "faces" : [ {
      "vertices" : [ 0, 1, 2 ]
    }, {
      "vertices" : [ 0, 2, 1 ]
    } ]
  }, {
    "id" : "fd8501b9-3b1a-4c87-a1bc-99f81a4303fd",
    "vertices" : [ {
      "x" : 2.253289,
      "y" : -22.68034,
      "z" : 0.71884704
    }, {
      "x" : 2.253289,
      "y" : -20.062305,
      "z" : 0.71884704
    }, {
      "x" : -1.1737621,
      "y" : -21.371323,
      "z" : 2.836881
    } ],
    "faces" : [ {
      "vertices" : [ 0, 1, 2 ]
    }, {
      "vertices" : [ 0, 2, 1 ]
    } ]
  }, {
    "id" : "5d078e56-3d45-4241-adce-ee080ad3a960",
    "vertices" : [ {
      "x" : -6.7188473,
      "y" : -5.545085,
      "z" : 6.263932
    }, {
      "x" : -8.027864,
      "y" : -3.427051,
      "z" : 7.072949
    }, {
      "x" : -10.145898,
      "y" : -6.854102,
      "z" : 8.381966
    } ],
    "faces" : [ {
      "vertices" : [ 0, 1, 2 ]
    }, {
      "vertices" : [ 0, 2, 1 ]
    } ]
  }, {
    "id" : "a0a98348-1eed-4c2d-95b0-2576fe2a244c",
    "vertices" : [ {
      "x" : 9.916408,
      "y" : 0.809017,
      "z" : -4.017221
    }, {
      "x" : 11.225425,
      "y" : -1.309017,
      "z" : -4.826238
    }, {
      "x" : 13.343459,
      "y" : 2.118034,
      "z" : -6.135255
    } ],
    "faces" : [ {
      "vertices" : [ 0, 1, 2 ]
    }, {
      "vertices" : [ 0, 2, 1 ]
    } ]
  }, {
    "id" : "c7032e28-72d7-4779-8d73-8a8cad16eb8e",
    "vertices" : [ {
      "x" : 13.343459,
      "y" : 6.354102,
      "z" : -6.135255
    }, {
      "x" : 11.225425,
      "y" : 5.545085,
      "z" : -4.826238
    }, {
      "x" : 13.343459,
      "y" : 2.118034,
      "z" : -6.135255
    } ],
    "faces" : [ {
      "vertices" : [ 0, 1, 2 ]
    }, {
      "vertices" : [ 0, 2, 1 ]
    } ]
  }, {
    "id" : "b1d61a67-7225-400d-b26f-0fc8de0b1814",
    "vertices" : [ {
      "x" : -3.291796,
      "y" : -17.944271,
      "z" : 4.145898
    }, {
      "x" : -4.600813,
      "y" : -20.062305,
      "z" : 4.954915
    }, {
      "x" : -1.1737621,
      "y" : -21.371323,
      "z" : 2.836881
    } ],
    "faces" : [ {
      "vertices" : [ 0, 1, 2 ]
    }, {
      "vertices" : [ 0, 2, 1 ]
    } ]
  }, {
    "id" : "4047a8bc-8334-4cb1-951a-2507f1d60aae",
    "vertices" : [ {
      "x" : 15.461493,
      "y" : -19.253288,
      "z" : -7.444272
    }, {
      "x" : 16.77051,
      "y" : -17.135256,
      "z" : -8.253289
    }, {
      "x" : 13.343459,
      "y" : -15.826238,
      "z" : -6.135255
    } ],
    "faces" : [ {
      "vertices" : [ 0, 1, 2 ]
    }, {
      "vertices" : [ 0, 2, 1 ]
    } ]
  }, {
    "id" : "06f99fba-b1b6-4ad0-99b3-172728ecc049",
    "vertices" : [ {
      "x" : -13.572949,
      "y" : -8.163119,
      "z" : 10.5
    }, {
      "x" : -12.263932,
      "y" : -10.281153,
      "z" : 9.690983
    }, {
      "x" : -10.145898,
      "y" : -6.854102,
      "z" : 8.381966
    } ],
    "faces" : [ {
      "vertices" : [ 0, 1, 2 ]
    }, {
      "vertices" : [ 0, 2, 1 ]
    } ]
  }, {
    "id" : "0e293e87-4c67-44e1-93e7-dcdb715e5467",
    "vertices" : [ {
      "x" : 13.343459,
      "y" : -11.59017,
      "z" : -6.135255
    }, {
      "x" : 11.225425,
      "y" : -12.399187,
      "z" : -4.826238
    }, {
      "x" : 13.343459,
      "y" : -15.826238,
      "z" : -6.135255
    } ],
    "faces" : [ {
      "vertices" : [ 0, 1, 2 ]
    }, {
      "vertices" : [ 0, 2, 1 ]
    } ]
  }, {
    "id" : "902ca897-e680-40c1-9d11-7896dfa5f5e9",
    "vertices" : [ {
      "x" : -11.09017,
      "y" : -9.472136,
      "z" : 6.854102
    }, {
      "x" : 11.09017,
      "y" : -17.944271,
      "z" : -6.854102
    }, {
      "x" : 13.708204,
      "y" : -13.708204,
      "z" : -8.472136
    }, {
      "x" : -11.09017,
      "y" : -4.236068,
      "z" : 6.854102
    } ],
    "faces" : [ {
      "vertices" : [ 0, 1, 2 ]
    }, {
      "vertices" : [ 0, 2, 3 ]
    }, {
      "vertices" : [ 0, 3, 2 ]
    }, {
      "vertices" : [ 0, 2, 1 ]
    } ]
  }, {
    "id" : "92e3616b-e216-4be5-ab70-930085d17a14",
    "vertices" : [ {
      "x" : 11.225425,
      "y" : 5.545085,
      "z" : -4.826238
    }, {
      "x" : 9.916408,
      "y" : 3.427051,
      "z" : -4.017221
    }, {
      "x" : 13.343459,
      "y" : 2.118034,
      "z" : -6.135255
    } ],
    "faces" : [ {
      "vertices" : [ 0, 1, 2 ]
    }, {
      "vertices" : [ 0, 2, 1 ]
    } ]
  }, {
    "id" : "c1bc44e6-63b0-466d-a1f3-6005e0fa0e81",
    "vertices" : [ {
      "x" : 2.253289,
      "y" : 8.972136,
      "z" : 0.71884704
    }, {
      "x" : 0.9442719,
      "y" : 11.09017,
      "z" : 1.5278641
    }, {
      "x" : -1.1737621,
      "y" : 7.663119,
      "z" : 2.836881
    } ],
    "faces" : [ {
      "vertices" : [ 0, 1, 2 ]
    }, {
      "vertices" : [ 0, 2, 1 ]
    } ]
  }, {
    "id" : "7fc4cc2d-ddf1-4056-9562-92640a0a46e3",
    "vertices" : [ {
      "x" : 9.916408,
      "y" : 3.427051,
      "z" : -4.017221
    }, {
      "x" : 9.916408,
      "y" : 0.809017,
      "z" : -4.017221
    }, {
      "x" : 13.343459,
      "y" : 2.118034,
      "z" : -6.135255
    } ],
    "faces" : [ {
      "vertices" : [ 0, 1, 2 ]
    }, {
      "vertices" : [ 0, 2, 1 ]
    } ]
  }, {
    "id" : "744ebd06-2f1f-457c-aa3c-a55a374c76ce",
    "vertices" : [ {
      "x" : 0.9442719,
      "y" : 11.09017,
      "z" : 1.5278641
    }, {
      "x" : -1.1737621,
      "y" : 11.899187,
      "z" : 2.836881
    }, {
      "x" : -1.1737621,
      "y" : 7.663119,
      "z" : 2.836881
    } ],
    "faces" : [ {
      "vertices" : [ 0, 1, 2 ]
    }, {
      "vertices" : [ 0, 2, 1 ]
    } ]
  }, {
    "id" : "0f9cf9e6-4c68-49e1-9f69-5b51afd3732b",
    "vertices" : [ {
      "x" : 2.253289,
      "y" : 6.354102,
      "z" : 0.71884704
    }, {
      "x" : 2.253289,
      "y" : 8.972136,
      "z" : 0.71884704
    }, {
      "x" : -1.1737621,
      "y" : 7.663119,
      "z" : 2.836881
    } ],
    "faces" : [ {
      "vertices" : [ 0, 1, 2 ]
    }, {
      "vertices" : [ 0, 2, 1 ]
    } ]
  }, {
    "id" : "8692b1df-eab3-4902-a4c4-095eb73c1420",
    "vertices" : [ {
      "x" : -8.027864,
      "y" : -10.281153,
      "z" : 7.072949
    }, {
      "x" : -6.7188473,
      "y" : -8.163119,
      "z" : 6.263932
    }, {
      "x" : -10.145898,
      "y" : -6.854102,
      "z" : 8.381966
    } ],
    "faces" : [ {
      "vertices" : [ 0, 1, 2 ]
    }, {
      "vertices" : [ 0, 2, 1 ]
    } ]
  }, {
    "id" : "f143a370-bf6a-40b9-bc91-5fd7a15f6cf4",
    "vertices" : [ {
      "x" : -10.145898,
      "y" : -2.618034,
      "z" : 8.381966
    }, {
      "x" : -12.263932,
      "y" : -3.427051,
      "z" : 9.690983
    }, {
      "x" : -10.145898,
      "y" : -6.854102,
      "z" : 8.381966
    } ],
    "faces" : [ {
      "vertices" : [ 0, 1, 2 ]
    }, {
      "vertices" : [ 0, 2, 1 ]
    } ]
  }, {
    "id" : "82f8bef7-61dd-4c68-bc11-83ed02d5ecef",
    "vertices" : [ {
      "x" : -4.600813,
      "y" : 8.972136,
      "z" : 4.954915
    }, {
      "x" : -4.600813,
      "y" : 6.354102,
      "z" : 4.954915
    }, {
      "x" : -1.1737621,
      "y" : 7.663119,
      "z" : 2.836881
    } ],
    "faces" : [ {
      "vertices" : [ 0, 1, 2 ]
    }, {
      "vertices" : [ 0, 2, 1 ]
    } ]
  }, {
    "id" : "1d0effb6-d87a-4125-8c41-24ab0cc790dd",
    "vertices" : [ {
      "x" : 9.916408,
      "y" : -14.5172205,
      "z" : -4.017221
    }, {
      "x" : 9.916408,
      "y" : -17.135256,
      "z" : -4.017221
    }, {
      "x" : 13.343459,
      "y" : -15.826238,
      "z" : -6.135255
    } ],
    "faces" : [ {
      "vertices" : [ 0, 1, 2 ]
    }, {
      "vertices" : [ 0, 2, 1 ]
    } ]
  }, {
    "id" : "b7daeafd-9ca4-4aac-9d23-e360399acc59",
    "vertices" : [ {
      "x" : -10.145898,
      "y" : -11.09017,
      "z" : 8.381966
    }, {
      "x" : -8.027864,
      "y" : -10.281153,
      "z" : 7.072949
    }, {
      "x" : -10.145898,
      "y" : -6.854102,
      "z" : 8.381966
    } ],
    "faces" : [ {
      "vertices" : [ 0, 1, 2 ]
    }, {
      "vertices" : [ 0, 2, 1 ]
    } ]
  }, {
    "id" : "ac307354-7c8e-43ee-8efa-6e51df9c3672",
    "vertices" : [ {
      "x" : 0.9442719,
      "y" : -24.798374,
      "z" : 1.5278641
    }, {
      "x" : 2.253289,
      "y" : -22.68034,
      "z" : 0.71884704
    }, {
      "x" : -1.1737621,
      "y" : -21.371323,
      "z" : 2.836881
    } ],
    "faces" : [ {
      "vertices" : [ 0, 1, 2 ]
    }, {
      "vertices" : [ 0, 2, 1 ]
    } ]
  }, {
    "id" : "2aee724b-4467-4dd6-a531-689eeb797cfc",
    "vertices" : [ {
      "x" : -1.1737621,
      "y" : -25.607391,
      "z" : 2.836881
    }, {
      "x" : 0.9442719,
      "y" : -24.798374,
      "z" : 1.5278641
    }, {
      "x" : -1.1737621,
      "y" : -21.371323,
      "z" : 2.836881
    } ],
    "faces" : [ {
      "vertices" : [ 0, 1, 2 ]
    }, {
      "vertices" : [ 0, 2, 1 ]
    } ]
  }, {
    "id" : "7bd7e712-d3fe-41c4-bd53-e254bf188b79",
    "vertices" : [ {
      "x" : 13.343459,
      "y" : -2.118034,
      "z" : -6.135255
    }, {
      "x" : 15.461493,
      "y" : -1.309017,
      "z" : -7.444272
    }, {
      "x" : 13.343459,
      "y" : 2.118034,
      "z" : -6.135255
    } ],
    "faces" : [ {
      "vertices" : [ 0, 1, 2 ]
    }, {
      "vertices" : [ 0, 2, 1 ]
    } ]
  }, {
    "id" : "5f1bf517-d4d7-438c-94c5-58ef4c3e1e39",
    "vertices" : [ {
      "x" : 11.225425,
      "y" : -1.309017,
      "z" : -4.826238
    }, {
      "x" : 13.343459,
      "y" : -2.118034,
      "z" : -6.135255
    }, {
      "x" : 13.343459,
      "y" : 2.118034,
      "z" : -6.135255
    } ],
    "faces" : [ {
      "vertices" : [ 0, 1, 2 ]
    }, {
      "vertices" : [ 0, 2, 1 ]
    } ]
  }, {
    "id" : "ce9b6e68-c304-401e-8b55-ca03f134c135",
    "vertices" : [ {
      "x" : -3.527864,
      "y" : 6.854102,
      "z" : 3.763932
    }, {
      "x" : -3.527864,
      "y" : -20.562305,
      "z" : 3.763932
    }, {
      "x" : 0.7082039,
      "y" : -22.18034,
      "z" : 1.145898
    }, {
      "x" : 0.7082039,
      "y" : 8.472136,
      "z" : 1.145898
    } ],
    "faces" : [ {
      "vertices" : [ 0, 1, 2 ]
    }, {
      "vertices" : [ 0, 2, 3 ]
    }, {
      "vertices" : [ 0, 3, 2 ]
    }, {
      "vertices" : [ 0, 2, 1 ]
    } ]
  }, {
    "id" : "40a323c7-5792-415c-b998-4e686540b17e",
    "vertices" : [ {
      "x" : 2.253289,
      "y" : -20.062305,
      "z" : 0.71884704
    }, {
      "x" : 0.9442719,
      "y" : -17.944271,
      "z" : 1.5278641
    }, {
      "x" : -1.1737621,
      "y" : -21.371323,
      "z" : 2.836881
    } ],
    "faces" : [ {
      "vertices" : [ 0, 1, 2 ]
    }, {
      "vertices" : [ 0, 2, 1 ]
    } ]
  }, {
    "id" : "8431df8a-5dec-4877-82fa-5e0184487483",
    "vertices" : [ {
      "x" : -3.291796,
      "y" : 11.09017,
      "z" : 4.145898
    }, {
      "x" : -4.600813,
      "y" : 8.972136,
      "z" : 4.954915
    }, {
      "x" : -1.1737621,
      "y" : 7.663119,
      "z" : 2.836881
    } ],
    "faces" : [ {
      "vertices" : [ 0, 1, 2 ]
    }, {
      "vertices" : [ 0, 2, 1 ]
    } ]
  }, {
    "id" : "0629fb51-c37e-4b7d-8b79-5f8003e9fa81",
    "vertices" : [ {
      "x" : 15.461493,
      "y" : 5.545085,
      "z" : -7.444272
    }, {
      "x" : 13.343459,
      "y" : 6.354102,
      "z" : -6.135255
    }, {
      "x" : 13.343459,
      "y" : 2.118034,
      "z" : -6.135255
    } ],
    "faces" : [ {
      "vertices" : [ 0, 1, 2 ]
    }, {
      "vertices" : [ 0, 2, 1 ]
    } ]
  }, {
    "id" : "1f17449d-1318-4354-955b-6c36596e9694",
    "vertices" : [ {
      "x" : 16.77051,
      "y" : -17.135256,
      "z" : -8.253289
    }, {
      "x" : 16.77051,
      "y" : -14.5172205,
      "z" : -8.253289
    }, {
      "x" : 13.343459,
      "y" : -15.826238,
      "z" : -6.135255
    } ],
    "faces" : [ {
      "vertices" : [ 0, 1, 2 ]
    }, {
      "vertices" : [ 0, 2, 1 ]
    } ]
  }, {
    "id" : "a2969415-b539-481d-9b71-db042d78c848",
    "vertices" : [ {
      "x" : -12.263932,
      "y" : -10.281153,
      "z" : 9.690983
    }, {
      "x" : -10.145898,
      "y" : -11.09017,
      "z" : 8.381966
    }, {
      "x" : -10.145898,
      "y" : -6.854102,
      "z" : 8.381966
    } ],
    "faces" : [ {
      "vertices" : [ 0, 1, 2 ]
    }, {
      "vertices" : [ 0, 2, 1 ]
    } ]
  }, {
    "id" : "8d552ccf-cfb8-4bbf-b5d4-e808c6903b7c",
    "vertices" : [ {
      "x" : -1.1737621,
      "y" : 11.899187,
      "z" : 2.836881
    }, {
      "x" : -3.291796,
      "y" : 11.09017,
      "z" : 4.145898
    }, {
      "x" : -1.1737621,
      "y" : 7.663119,
      "z" : 2.836881
    } ],
    "faces" : [ {
      "vertices" : [ 0, 1, 2 ]
    }, {
      "vertices" : [ 0, 2, 1 ]
    } ]
  }, {
    "id" : "238e4173-b9ce-4206-842d-fbc746420379",
    "vertices" : [ {
      "x" : -13.572949,
      "y" : -5.545085,
      "z" : 10.5
    }, {
      "x" : -13.572949,
      "y" : -8.163119,
      "z" : 10.5
    }, {
      "x" : -10.145898,
      "y" : -6.854102,
      "z" : 8.381966
    } ],
    "faces" : [ {
      "vertices" : [ 0, 1, 2 ]
    }, {
      "vertices" : [ 0, 2, 1 ]
    } ]
  } ],
  "instances" : [ {
    "shape" : "342f64fc-407f-4741-9296-0c75b8dc9a06",
    "color" : "#FFFFFF",
    "position" : {
      "x" : 0.0,
      "y" : 0.0,
      "z" : 0.0
    }
  }, {
    "shape" : "5d4d78f7-5b30-4373-a64e-3c55de49ef98",
    "color" : "#FFFFFF",
    "position" : {
      "x" : 0.0,
      "y" : 0.0,
      "z" : 0.0
    }
  }, {
    "shape" : "608be2c8-9b48-4517-9a3e-78f28ab63cc0",
    "color" : "#FFFFFF",
    "position" : {
      "x" : 0.0,
      "y" : 0.0,
      "z" : 0.0
    }
  }, {
    "shape" : "8e015d5a-ae42-4e4b-8a1b-8c5277bee304",
    "color" : "#007695",
    "position" : {
      "x" : 0.0,
      "y" : 0.0,
      "z" : 0.0
    }
  }, {
    "shape" : "41996bf3-859a-4116-98a6-ea5a55541a29",
    "color" : "#F0A000",
    "position" : {
      "x" : 0.0,
      "y" : 0.0,
      "z" : 0.0
    }
  }, {
    "shape" : "e88d7d00-371f-436e-b124-a6d69af1c479",
    "color" : "#FFFFFF",
    "position" : {
      "x" : 0.0,
      "y" : 0.0,
      "z" : 0.0
    }
  }, {
    "shape" : "e45d60d5-32c4-468b-8982-55e2a22e21d7",
    "color" : "#FFFFFF",
    "position" : {
      "x" : 0.0,
      "y" : 0.0,
      "z" : 0.0
    }
  }, {
    "shape" : "d1252bc5-7643-43a2-8be3-4624d62b6e65",
    "color" : "#FFFFFF",
    "position" : {
      "x" : 0.0,
      "y" : 0.0,
      "z" : 0.0
    }
  }, {
    "shape" : "65856876-197b-408d-8779-ab5ebf48a5f3",
    "color" : "#FFFFFF",
    "position" : {
      "x" : 0.0,
      "y" : 0.0,
      "z" : 0.0
    }
  }, {
    "shape" : "eda41f5d-89e2-4166-99ee-0623cc2df8c4",
    "color" : "#FFFFFF",
    "position" : {
      "x" : 0.0,
      "y" : 0.0,
      "z" : 0.0
    }
  }, {
    "shape" : "737b90a8-f644-4a70-98de-7454550494fe",
    "color" : "#FFFFFF",
    "position" : {
      "x" : 0.0,
      "y" : 0.0,
      "z" : 0.0
    }
  }, {
    "shape" : "a49414ce-8872-4f0c-9c72-6265fae4a572",
    "color" : "#FFFFFF",
    "position" : {
      "x" : 0.0,
      "y" : 0.0,
      "z" : 0.0
    }
  }, {
    "shape" : "46275c09-73a9-44f2-85b2-f844d1a827e1",
    "color" : "#FFFFFF",
    "position" : {
      "x" : 0.0,
      "y" : 0.0,
      "z" : 0.0
    }
  }, {
    "shape" : "862987c4-06fc-4780-81da-361cf9b13a9e",
    "color" : "#FFFFFF",
    "position" : {
      "x" : 0.0,
      "y" : 0.0,
      "z" : 0.0
    }
  }, {
    "shape" : "1e9546d5-3189-42ff-b25f-067cdc30659b",
    "color" : "#FFFFFF",
    "position" : {
      "x" : 0.0,
      "y" : 0.0,
      "z" : 0.0
    }
  }, {
    "shape" : "09ae00a8-93b4-4113-9e38-fcf8dfe4e842",
    "color" : "#FFFFFF",
    "position" : {
      "x" : 0.0,
      "y" : 0.0,
      "z" : 0.0
    }
  }, {
    "shape" : "958ac79a-50dd-4c84-bd70-32a8c230186b",
    "color" : "#FFFFFF",
    "position" : {
      "x" : 0.0,
      "y" : 0.0,
      "z" : 0.0
    }
  }, {
    "shape" : "7fc92351-5fab-4d8a-ab07-3d41f20595c0",
    "color" : "#AF87FF",
    "position" : {
      "x" : 0.0,
      "y" : 0.0,
      "z" : 0.0
    }
  }, {
    "shape" : "dd8746c1-a6fc-4f9c-86ca-21384ed4ccb0",
    "color" : "#FFFFFF",
    "position" : {
      "x" : 0.0,
      "y" : 0.0,
      "z" : 0.0
    }
  }, {
    "shape" : "04417185-219b-4af8-b6df-c3be8966ff5c",
    "color" : "#FFFFFF",
    "position" : {
      "x" : 0.0,
      "y" : 0.0,
      "z" : 0.0
    }
  }, {
    "shape" : "d3e9eb39-1491-4176-81f0-fea84250324f",
    "color" : "#FFFFFF",
    "position" : {
      "x" : 0.0,
      "y" : 0.0,
      "z" : 0.0
    }
  }, {
    "shape" : "45bbaed8-c7bb-4e94-8a3f-0f49151e4ba7",
    "color" : "#FFFFFF",
    "position" : {
      "x" : 0.0,
      "y" : 0.0,
      "z" : 0.0
    }
  }, {
    "shape" : "e9d70921-b7fa-4245-b0bb-4de2cd06efc0",
    "color" : "#FFFFFF",
    "position" : {
      "x" : 0.0,
      "y" : 0.0,
      "z" : 0.0
    }
  }, {
    "shape" : "d8ffce01-cc28-4fa0-a4a2-23251d5d1ab2",
    "color" : "#FFFFFF",
    "position" : {
      "x" : 0.0,
      "y" : 0.0,
      "z" : 0.0
    }
  }, {
    "shape" : "fd8501b9-3b1a-4c87-a1bc-99f81a4303fd",
    "color" : "#FFFFFF",
    "position" : {
      "x" : 0.0,
      "y" : 0.0,
      "z" : 0.0
    }
  }, {
    "shape" : "5d078e56-3d45-4241-adce-ee080ad3a960",
    "color" : "#FFFFFF",
    "position" : {
      "x" : 0.0,
      "y" : 0.0,
      "z" : 0.0
    }
  }, {
    "shape" : "a0a98348-1eed-4c2d-95b0-2576fe2a244c",
    "color" : "#FFFFFF",
    "position" : {
      "x" : 0.0,
      "y" : 0.0,
      "z" : 0.0
    }
  }, {
    "shape" : "c7032e28-72d7-4779-8d73-8a8cad16eb8e",
    "color" : "#FFFFFF",
    "position" : {
      "x" : 0.0,
      "y" : 0.0,
      "z" : 0.0
    }
  }, {
    "shape" : "b1d61a67-7225-400d-b26f-0fc8de0b1814",
    "color" : "#FFFFFF",
    "position" : {
      "x" : 0.0,
      "y" : 0.0,
      "z" : 0.0
    }
  }, {
    "shape" : "4047a8bc-8334-4cb1-951a-2507f1d60aae",
    "color" : "#FFFFFF",
    "position" : {
      "x" : 0.0,
      "y" : 0.0,
      "z" : 0.0
    }
  }, {
    "shape" : "06f99fba-b1b6-4ad0-99b3-172728ecc049",
    "color" : "#FFFFFF",
    "position" : {
      "x" : 0.0,
      "y" : 0.0,
      "z" : 0.0
    }
  }, {
    "shape" : "0e293e87-4c67-44e1-93e7-dcdb715e5467",
    "color" : "#FFFFFF",
    "position" : {
      "x" : 0.0,
      "y" : 0.0,
      "z" : 0.0
    }
  }, {
    "shape" : "902ca897-e680-40c1-9d11-7896dfa5f5e9",
    "color" : "#008D36",
    "position" : {
      "x" : 0.0,
      "y" : 0.0,
      "z" : 0.0
    }
  }, {
    "shape" : "92e3616b-e216-4be5-ab70-930085d17a14",
    "color" : "#FFFFFF",
    "position" : {
      "x" : 0.0,
      "y" : 0.0,
      "z" : 0.0
    }
  }, {
    "shape" : "c1bc44e6-63b0-466d-a1f3-6005e0fa0e81",
    "color" : "#FFFFFF",
    "position" : {
      "x" : 0.0,
      "y" : 0.0,
      "z" : 0.0
    }
  }, {
    "shape" : "7fc4cc2d-ddf1-4056-9562-92640a0a46e3",
    "color" : "#FFFFFF",
    "position" : {
      "x" : 0.0,
      "y" : 0.0,
      "z" : 0.0
    }
  }, {
    "shape" : "744ebd06-2f1f-457c-aa3c-a55a374c76ce",
    "color" : "#FFFFFF",
    "position" : {
      "x" : 0.0,
      "y" : 0.0,
      "z" : 0.0
    }
  }, {
    "shape" : "0f9cf9e6-4c68-49e1-9f69-5b51afd3732b",
    "color" : "#FFFFFF",
    "position" : {
      "x" : 0.0,
      "y" : 0.0,
      "z" : 0.0
    }
  }, {
    "shape" : "8692b1df-eab3-4902-a4c4-095eb73c1420",
    "color" : "#FFFFFF",
    "position" : {
      "x" : 0.0,
      "y" : 0.0,
      "z" : 0.0
    }
  }, {
    "shape" : "f143a370-bf6a-40b9-bc91-5fd7a15f6cf4",
    "color" : "#FFFFFF",
    "position" : {
      "x" : 0.0,
      "y" : 0.0,
      "z" : 0.0
    }
  }, {
    "shape" : "82f8bef7-61dd-4c68-bc11-83ed02d5ecef",
    "color" : "#FFFFFF",
    "position" : {
      "x" : 0.0,
      "y" : 0.0,
      "z" : 0.0
    }
  }, {
    "shape" : "1d0effb6-d87a-4125-8c41-24ab0cc790dd",
    "color" : "#FFFFFF",
    "position" : {
      "x" : 0.0,
      "y" : 0.0,
      "z" : 0.0
    }
  }, {
    "shape" : "b7daeafd-9ca4-4aac-9d23-e360399acc59",
    "color" : "#FFFFFF",
    "position" : {
      "x" : 0.0,
      "y" : 0.0,
      "z" : 0.0
    }
  }, {
    "shape" : "ac307354-7c8e-43ee-8efa-6e51df9c3672",
    "color" : "#FFFFFF",
    "position" : {
      "x" : 0.0,
      "y" : 0.0,
      "z" : 0.0
    }
  }, {
    "shape" : "2aee724b-4467-4dd6-a531-689eeb797cfc",
    "color" : "#FFFFFF",
    "position" : {
      "x" : 0.0,
      "y" : 0.0,
      "z" : 0.0
    }
  }, {
    "shape" : "7bd7e712-d3fe-41c4-bd53-e254bf188b79",
    "color" : "#FFFFFF",
    "position" : {
      "x" : 0.0,
      "y" : 0.0,
      "z" : 0.0
    }
  }, {
    "shape" : "5f1bf517-d4d7-438c-94c5-58ef4c3e1e39",
    "color" : "#FFFFFF",
    "position" : {
      "x" : 0.0,
      "y" : 0.0,
      "z" : 0.0
    }
  }, {
    "shape" : "ce9b6e68-c304-401e-8b55-ca03f134c135",
    "color" : "#AF0000",
    "position" : {
      "x" : 0.0,
      "y" : 0.0,
      "z" : 0.0
    }
  }, {
    "shape" : "40a323c7-5792-415c-b998-4e686540b17e",
    "color" : "#FFFFFF",
    "position" : {
      "x" : 0.0,
      "y" : 0.0,
      "z" : 0.0
    }
  }, {
    "shape" : "8431df8a-5dec-4877-82fa-5e0184487483",
    "color" : "#FFFFFF",
    "position" : {
      "x" : 0.0,
      "y" : 0.0,
      "z" : 0.0
    }
  }, {
    "shape" : "0629fb51-c37e-4b7d-8b79-5f8003e9fa81",
    "color" : "#FFFFFF",
    "position" : {
      "x" : 0.0,
      "y" : 0.0,
      "z" : 0.0
    }
  }, {
    "shape" : "1f17449d-1318-4354-955b-6c36596e9694",
    "color" : "#FFFFFF",
    "position" : {
      "x" : 0.0,
      "y" : 0.0,
      "z" : 0.0
    }
  }, {
    "shape" : "a2969415-b539-481d-9b71-db042d78c848",
    "color" : "#FFFFFF",
    "position" : {
      "x" : 0.0,
      "y" : 0.0,
      "z" : 0.0
    }
  }, {
    "shape" : "8d552ccf-cfb8-4bbf-b5d4-e808c6903b7c",
    "color" : "#FFFFFF",
    "position" : {
      "x" : 0.0,
      "y" : 0.0,
      "z" : 0.0
    }
  }, {
    "shape" : "238e4173-b9ce-4206-842d-fbc746420379",
    "color" : "#FFFFFF",
    "position" : {
      "x" : 0.0,
      "y" : 0.0,
      "z" : 0.0
    }
  } ],
  "scenes" : [ ],
