{
  "polygons" : "true",
  "field" : "golden",
  "symmetry" : "icosahedral",
  "orientations" : [ [ 1.0, 0.0, 0.0, 0.0, 0.0, 1.0, 0.0, 0.0, 0.0, 0.0, 1.0, 0.0, 0.0, 0.0, 0.0, 1.0 ], [ 0.0, 0.0, 1.0, 0.0, 1.0, 0.0, 0.0, 0.0, 0.0, 1.0, 0.0, 0.0, 0.0, 0.0, 0.0, 1.0 ], [ 0.0, 1.0, 0.0, 0.0, 0.0, 0.0, 1.0, 0.0, 1.0, 0.0, 0.0, 0.0, 0.0, 0.0, 0.0, 1.0 ], [ 0.809017, 0.309017, 0.5, 0.0, 0.309017, 0.5, -0.809017, 0.0, -0.5, 0.809017, 0.309017, 0.0, 0.0, 0.0, 0.0, 1.0 ], [ -0.5, 0.809017, 0.309017, 0.0, 0.809017, 0.309017, 0.5, 0.0, 0.309017, 0.5, -0.809017, 0.0, 0.0, 0.0, 0.0, 1.0 ], [ 0.309017, 0.5, -0.809017, 0.0, -0.5, 0.809017, 0.309017, 0.0, 0.809017, 0.309017, 0.5, 0.0, 0.0, 0.0, 0.0, 1.0 ], [ 0.5, 0.809017, 0.309017, 0.0, 0.809017, -0.309017, -0.5, 0.0, -0.309017, 0.5, -0.809017, 0.0, 0.0, 0.0, 0.0, 1.0 ], [ -0.309017, 0.5, -0.809017, 0.0, 0.5, 0.809017, 0.309017, 0.0, 0.809017, -0.309017, -0.5, 0.0, 0.0, 0.0, 0.0, 1.0 ], [ 0.809017, -0.309017, -0.5, 0.0, -0.309017, 0.5, -0.809017, 0.0, 0.5, 0.809017, 0.309017, 0.0, 0.0, 0.0, 0.0, 1.0 ], [ 0.5, 0.809017, -0.309017, 0.0, 0.809017, -0.309017, 0.5, 0.0, 0.309017, -0.5, -0.809017, 0.0, 0.0, 0.0, 0.0, 1.0 ], [ 0.309017, -0.5, -0.809017, 0.0, 0.5, 0.809017, -0.309017, 0.0, 0.809017, -0.309017, 0.5, 0.0, 0.0, 0.0, 0.0, 1.0 ], [ 0.809017, -0.309017, 0.5, 0.0, 0.309017, -0.5, -0.809017, 0.0, 0.5, 0.809017, -0.309017, 0.0, 0.0, 0.0, 0.0, 1.0 ], [ 0.809017, 0.309017, -0.5, 0.0, 0.309017, 0.5, 0.809017, 0.0, 0.5, -0.809017, 0.309017, 0.0, 0.0, 0.0, 0.0, 1.0 ], [ 0.5, -0.809017, 0.309017, 0.0, 0.809017, 0.309017, -0.5, 0.0, 0.309017, 0.5, 0.809017, 0.0, 0.0, 0.0, 0.0, 1.0 ], [ 0.309017, 0.5, 0.809017, 0.0, 0.5, -0.809017, 0.309017, 0.0, 0.809017, 0.309017, -0.5, 0.0, 0.0, 0.0, 0.0, 1.0 ], [ 1.0, 0.0, 0.0, 0.0, 0.0, -1.0, 0.0, 0.0, 0.0, 0.0, -1.0, 0.0, 0.0, 0.0, 0.0, 1.0 ], [ 0.0, 0.0, 1.0, 0.0, -1.0, 0.0, 0.0, 0.0, 0.0, -1.0, 0.0, 0.0, 0.0, 0.0, 0.0, 1.0 ], [ 0.0, 1.0, 0.0, 0.0, 0.0, 0.0, -1.0, 0.0, -1.0, 0.0, 0.0, 0.0, 0.0, 0.0, 0.0, 1.0 ], [ 0.809017, 0.309017, 0.5, 0.0, -0.309017, -0.5, 0.809017, 0.0, 0.5, -0.809017, -0.309017, 0.0, 0.0, 0.0, 0.0, 1.0 ], [ -0.5, 0.809017, 0.309017, 0.0, -0.809017, -0.309017, -0.5, 0.0, -0.309017, -0.5, 0.809017, 0.0, 0.0, 0.0, 0.0, 1.0 ], [ 0.309017, 0.5, -0.809017, 0.0, 0.5, -0.809017, -0.309017, 0.0, -0.809017, -0.309017, -0.5, 0.0, 0.0, 0.0, 0.0, 1.0 ], [ 0.5, 0.809017, 0.309017, 0.0, -0.809017, 0.309017, 0.5, 0.0, 0.309017, -0.5, 0.809017, 0.0, 0.0, 0.0, 0.0, 1.0 ], [ -0.309017, 0.5, -0.809017, 0.0, -0.5, -0.809017, -0.309017, 0.0, -0.809017, 0.309017, 0.5, 0.0, 0.0, 0.0, 0.0, 1.0 ], [ 0.809017, -0.309017, -0.5, 0.0, 0.309017, -0.5, 0.809017, 0.0, -0.5, -0.809017, -0.309017, 0.0, 0.0, 0.0, 0.0, 1.0 ], [ 0.5, 0.809017, -0.309017, 0.0, -0.809017, 0.309017, -0.5, 0.0, -0.309017, 0.5, 0.809017, 0.0, 0.0, 0.0, 0.0, 1.0 ], [ 0.309017, -0.5, -0.809017, 0.0, -0.5, -0.809017, 0.309017, 0.0, -0.809017, 0.309017, -0.5, 0.0, 0.0, 0.0, 0.0, 1.0 ], [ 0.809017, -0.309017, 0.5, 0.0, -0.309017, 0.5, 0.809017, 0.0, -0.5, -0.809017, 0.309017, 0.0, 0.0, 0.0, 0.0, 1.0 ], [ 0.809017, 0.309017, -0.5, 0.0, -0.309017, -0.5, -0.809017, 0.0, -0.5, 0.809017, -0.309017, 0.0, 0.0, 0.0, 0.0, 1.0 ], [ 0.5, -0.809017, 0.309017, 0.0, -0.809017, -0.309017, 0.5, 0.0, -0.309017, -0.5, -0.809017, 0.0, 0.0, 0.0, 0.0, 1.0 ], [ 0.309017, 0.5, 0.809017, 0.0, -0.5, 0.809017, -0.309017, 0.0, -0.809017, -0.309017, 0.5, 0.0, 0.0, 0.0, 0.0, 1.0 ], [ -1.0, 0.0, 0.0, 0.0, 0.0, -1.0, 0.0, 0.0, 0.0, 0.0, 1.0, 0.0, 0.0, 0.0, 0.0, 1.0 ], [ 0.0, 0.0, -1.0, 0.0, -1.0, 0.0, 0.0, 0.0, 0.0, 1.0, 0.0, 0.0, 0.0, 0.0, 0.0, 1.0 ], [ 0.0, -1.0, 0.0, 0.0, 0.0, 0.0, -1.0, 0.0, 1.0, 0.0, 0.0, 0.0, 0.0, 0.0, 0.0, 1.0 ], [ -0.809017, -0.309017, -0.5, 0.0, -0.309017, -0.5, 0.809017, 0.0, -0.5, 0.809017, 0.309017, 0.0, 0.0, 0.0, 0.0, 1.0 ], [ 0.5, -0.809017, -0.309017, 0.0, -0.809017, -0.309017, -0.5, 0.0, 0.309017, 0.5, -0.809017, 0.0, 0.0, 0.0, 0.0, 1.0 ], [ -0.309017, -0.5, 0.809017, 0.0, 0.5, -0.809017, -0.309017, 0.0, 0.809017, 0.309017, 0.5, 0.0, 0.0, 0.0, 0.0, 1.0 ], [ -0.5, -0.809017, -0.309017, 0.0, -0.809017, 0.309017, 0.5, 0.0, -0.309017, 0.5, -0.809017, 0.0, 0.0, 0.0, 0.0, 1.0 ], [ 0.309017, -0.5, 0.809017, 0.0, -0.5, -0.809017, -0.309017, 0.0, 0.809017, -0.309017, -0.5, 0.0, 0.0, 0.0, 0.0, 1.0 ], [ -0.809017, 0.309017, 0.5, 0.0, 0.309017, -0.5, 0.809017, 0.0, 0.5, 0.809017, 0.309017, 0.0, 0.0, 0.0, 0.0, 1.0 ], [ -0.5, -0.809017, 0.309017, 0.0, -0.809017, 0.309017, -0.5, 0.0, 0.309017, -0.5, -0.809017, 0.0, 0.0, 0.0, 0.0, 1.0 ], [ -0.309017, 0.5, 0.809017, 0.0, -0.5, -0.809017, 0.309017, 0.0, 0.809017, -0.309017, 0.5, 0.0, 0.0, 0.0, 0.0, 1.0 ], [ -0.809017, 0.309017, -0.5, 0.0, -0.309017, 0.5, 0.809017, 0.0, 0.5, 0.809017, -0.309017, 0.0, 0.0, 0.0, 0.0, 1.0 ], [ -0.809017, -0.309017, 0.5, 0.0, -0.309017, -0.5, -0.809017, 0.0, 0.5, -0.809017, 0.309017, 0.0, 0.0, 0.0, 0.0, 1.0 ], [ -0.5, 0.809017, -0.309017, 0.0, -0.809017, -0.309017, 0.5, 0.0, 0.309017, 0.5, 0.809017, 0.0, 0.0, 0.0, 0.0, 1.0 ], [ -0.309017, -0.5, -0.809017, 0.0, -0.5, 0.809017, -0.309017, 0.0, 0.809017, 0.309017, -0.5, 0.0, 0.0, 0.0, 0.0, 1.0 ], [ -1.0, 0.0, 0.0, 0.0, 0.0, 1.0, 0.0, 0.0, 0.0, 0.0, -1.0, 0.0, 0.0, 0.0, 0.0, 1.0 ], [ 0.0, 0.0, -1.0, 0.0, 1.0, 0.0, 0.0, 0.0, 0.0, -1.0, 0.0, 0.0, 0.0, 0.0, 0.0, 1.0 ], [ 0.0, -1.0, 0.0, 0.0, 0.0, 0.0, 1.0, 0.0, -1.0, 0.0, 0.0, 0.0, 0.0, 0.0, 0.0, 1.0 ], [ -0.809017, -0.309017, -0.5, 0.0, 0.309017, 0.5, -0.809017, 0.0, 0.5, -0.809017, -0.309017, 0.0, 0.0, 0.0, 0.0, 1.0 ], [ 0.5, -0.809017, -0.309017, 0.0, 0.809017, 0.309017, 0.5, 0.0, -0.309017, -0.5, 0.809017, 0.0, 0.0, 0.0, 0.0, 1.0 ], [ -0.309017, -0.5, 0.809017, 0.0, -0.5, 0.809017, 0.309017, 0.0, -0.809017, -0.309017, -0.5, 0.0, 0.0, 0.0, 0.0, 1.0 ], [ -0.5, -0.809017, -0.309017, 0.0, 0.809017, -0.309017, -0.5, 0.0, 0.309017, -0.5, 0.809017, 0.0, 0.0, 0.0, 0.0, 1.0 ], [ 0.309017, -0.5, 0.809017, 0.0, 0.5, 0.809017, 0.309017, 0.0, -0.809017, 0.309017, 0.5, 0.0, 0.0, 0.0, 0.0, 1.0 ], [ -0.809017, 0.309017, 0.5, 0.0, -0.309017, 0.5, -0.809017, 0.0, -0.5, -0.809017, -0.309017, 0.0, 0.0, 0.0, 0.0, 1.0 ], [ -0.5, -0.809017, 0.309017, 0.0, 0.809017, -0.309017, 0.5, 0.0, -0.309017, 0.5, 0.809017, 0.0, 0.0, 0.0, 0.0, 1.0 ], [ -0.309017, 0.5, 0.809017, 0.0, 0.5, 0.809017, -0.309017, 0.0, -0.809017, 0.309017, -0.5, 0.0, 0.0, 0.0, 0.0, 1.0 ], [ -0.809017, 0.309017, -0.5, 0.0, 0.309017, -0.5, -0.809017, 0.0, -0.5, -0.809017, 0.309017, 0.0, 0.0, 0.0, 0.0, 1.0 ], [ -0.809017, -0.309017, 0.5, 0.0, 0.309017, 0.5, 0.809017, 0.0, -0.5, 0.809017, -0.309017, 0.0, 0.0, 0.0, 0.0, 1.0 ], [ -0.5, 0.809017, -0.309017, 0.0, 0.809017, 0.309017, -0.5, 0.0, -0.309017, -0.5, -0.809017, 0.0, 0.0, 0.0, 0.0, 1.0 ], [ -0.309017, -0.5, -0.809017, 0.0, 0.5, -0.809017, 0.309017, 0.0, -0.809017, -0.309017, 0.5, 0.0, 0.0, 0.0, 0.0, 1.0 ] ],
  "lights" : {
    "directionalLights" : [ {
      "direction" : [ 1.0, -1.0, -1.0 ],
      "color" : "#EBEBE4"
    }, {
      "direction" : [ -1.0, 0.0, 0.0 ],
      "color" : "#E4E4EB"
    }, {
      "direction" : [ 0.0, 0.0, -1.0 ],
      "color" : "#1E1E1E"
    } ],
    "backgroundColor" : "#8CC2E7",
    "ambientColor" : "#292929"
  },
  "camera" : {
    "position" : {
      "x" : 359.94968,
      "y" : 419.51443,
      "z" : 404.7259
    },
    "width" : 290.1423,
    "stereo" : false,
    "lookDirection" : {
      "x" : -0.5828179,
      "y" : -0.5656207,
      "z" : -0.58344173
    },
    "upDirection" : {
      "x" : 0.10175941,
      "y" : 0.661528,
      "z" : -0.74297893
    },
    "lookAtPoint" : {
      "x" : -15.828449,
      "y" : 54.824375,
      "z" : 28.545532
    },
    "viewDistance" : 644.7608,
    "nearClipDistance" : 0.5970008,
    "farClipDistance" : 1289.5234,
    "fieldOfView" : 0.4426288,
    "perspective" : true
  },
  "embedding" : [ 1.0, 0.0, 0.0, 0.0, 0.0, 1.0, 0.0, 0.0, 0.0, 0.0, 1.0, 0.0, 0.0, 0.0, 0.0, 1.0 ],
  "shapes" : [ {
    "id" : "9f8825b2-9026-4624-b99f-71d7f0cde4ee",
    "orbit" : "yellow",
    "name" : "y1",
    "vertices" : [ {
      "x" : 0.809017,
      "y" : 0.0,
      "z" : -0.690983
    }, {
      "x" : 1.0,
      "y" : 0.309017,
      "z" : -0.19098301
    }, {
      "x" : 2.618034,
      "y" : 0.309017,
      "z" : -0.809017
    }, {
      "x" : 2.427051,
      "y" : 0.0,
      "z" : -1.309017
    }, {
      "x" : 5.854102,
      "y" : 0.309017,
      "z" : -2.427051
    }, {
      "x" : 1.0,
      "y" : -0.309017,
      "z" : -0.19098301
    }, {
      "x" : 2.618034,
      "y" : -0.309017,
      "z" : -0.809017
    }, {
      "x" : 4.236068,
      "y" : 0.309017,
      "z" : -1.809017
    }, {
      "x" : 4.427051,
      "y" : 0.0,
      "z" : -1.309017
    }, {
      "x" : 6.854102,
      "y" : 0.0,
      "z" : -2.618034
    }, {
      "x" : 4.236068,
      "y" : -0.309017,
      "z" : -1.809017
    }, {
      "x" : 6.045085,
      "y" : 0.0,
      "z" : -1.927051
    }, {
      "x" : 5.854102,
      "y" : -0.309017,
      "z" : -2.427051
    } ],
    "faces" : [ {
      "vertices" : [ 2, 6, 8 ]
    }, {
      "vertices" : [ 4, 12, 10, 7 ]
    }, {
      "vertices" : [ 2, 8, 7 ]
    }, {
      "vertices" : [ 3, 10, 6 ]
    }, {
      "vertices" : [ 3, 7, 10 ]
    }, {
      "vertices" : [ 0, 1, 2, 3 ]
    }, {
      "vertices" : [ 6, 10, 8 ]
    }, {
      "vertices" : [ 8, 10, 12, 11 ]
    }, {
      "vertices" : [ 2, 7, 3 ]
    }, {
      "vertices" : [ 0, 3, 6, 5 ]
    }, {
      "vertices" : [ 1, 5, 6, 2 ]
    }, {
      "vertices" : [ 4, 7, 8, 11 ]
    } ]
  }, {
    "id" : "65e8d7a2-fae2-4d8b-8ed8-894dd6282d63",
    "orbit" : "yellow",
    "name" : "y0",
    "vertices" : [ {
      "x" : 0.809017,
      "y" : 0.0,
      "z" : -0.690983
    }, {
      "x" : 1.0,
      "y" : 0.309017,
      "z" : -0.19098301
    }, {
      "x" : 1.309017,
      "y" : 0.309017,
      "z" : -0.309017
    }, {
      "x" : 1.118034,
      "y" : 0.0,
      "z" : -0.809017
    }, {
      "x" : 3.236068,
      "y" : 0.309017,
      "z" : -1.427051
    }, {
      "x" : 1.0,
      "y" : -0.309017,
      "z" : -0.19098301
    }, {
      "x" : 1.309017,
      "y" : -0.309017,
      "z" : -0.309017
    }, {
      "x" : 2.927051,
      "y" : 0.309017,
      "z" : -1.309017
    }, {
      "x" : 3.118034,
      "y" : 0.0,
      "z" : -0.809017
    }, {
      "x" : 4.236068,
      "y" : 0.0,
      "z" : -1.618034
    }, {
      "x" : 2.927051,
      "y" : -0.309017,
      "z" : -1.309017
    }, {
      "x" : 3.427051,
      "y" : 0.0,
      "z" : -0.927051
    }, {
      "x" : 3.236068,
      "y" : -0.309017,
      "z" : -1.427051
    } ],
    "faces" : [ {
      "vertices" : [ 2, 6, 8 ]
    }, {
      "vertices" : [ 4, 12, 10, 7 ]
    }, {
      "vertices" : [ 2, 8, 7 ]
    }, {
      "vertices" : [ 3, 10, 6 ]
    }, {
      "vertices" : [ 3, 7, 10 ]
    }, {
      "vertices" : [ 0, 1, 2, 3 ]
    }, {
      "vertices" : [ 6, 10, 8 ]
    }, {
      "vertices" : [ 8, 10, 12, 11 ]
    }, {
      "vertices" : [ 2, 7, 3 ]
    }, {
      "vertices" : [ 0, 3, 6, 5 ]
    }, {
      "vertices" : [ 1, 5, 6, 2 ]
    }, {
      "vertices" : [ 4, 7, 8, 11 ]
    } ]
  }, {
    "id" : "8c79c724-6694-4d4d-bec5-d11c19b7ff1d",
    "orbit" : "red",
    "name" : "r0",
    "vertices" : [ {
      "x" : 1.309017,
      "y" : 0.927051,
      "z" : 0.309017
    }, {
      "x" : 2.927051,
      "y" : 1.690983,
      "z" : 0.309017
    }, {
      "x" : 2.736068,
      "y" : 2.0,
      "z" : 0.19098301
    }, {
      "x" : 0.809017,
      "y" : 0.618034,
      "z" : -0.309017
    }, {
      "x" : 0.690983,
      "y" : 0.809017,
      "z" : 0.0
    }, {
      "x" : 1.190983,
      "y" : 1.118034,
      "z" : 0.0
    }, {
      "x" : 1.309017,
      "y" : 0.927051,
      "z" : -0.309017
    }, {
      "x" : 3.427051,
      "y" : 2.0,
      "z" : 0.309017
    }, {
      "x" : 1.5,
      "y" : 0.618034,
      "z" : 0.19098301
    }, {
      "x" : 1.5,
      "y" : 0.618034,
      "z" : -0.19098301
    }, {
      "x" : 3.045085,
      "y" : 1.5,
      "z" : 0.0
    }, {
      "x" : 2.927051,
      "y" : 1.690983,
      "z" : -0.309017
    }, {
      "x" : 3.545085,
      "y" : 1.809017,
      "z" : 0.0
    }, {
      "x" : 1.0,
      "y" : 0.309017,
      "z" : 0.19098301
    }, {
      "x" : 1.0,
      "y" : 0.309017,
      "z" : -0.19098301
    }, {
      "x" : 0.809017,
      "y" : 0.618034,
      "z" : 0.309017
    }, {
      "x" : 3.236068,
      "y" : 2.309017,
      "z" : 0.19098301
    }, {
      "x" : 3.427051,
      "y" : 2.0,
      "z" : -0.309017
    }, {
      "x" : 3.236068,
      "y" : 2.309017,
      "z" : -0.19098301
    }, {
      "x" : 4.236068,
      "y" : 2.618034,
      "z" : 0.0
    }, {
      "x" : 2.736068,
      "y" : 2.0,
      "z" : -0.19098301
    } ],
    "faces" : [ {
      "vertices" : [ 3, 6, 9, 14 ]
    }, {
      "vertices" : [ 11, 20, 18, 17 ]
    }, {
      "vertices" : [ 0, 1, 2 ]
    }, {
      "vertices" : [ 0, 15, 13, 8 ]
    }, {
      "vertices" : [ 6, 20, 11 ]
    }, {
      "vertices" : [ 0, 2, 5 ]
    }, {
      "vertices" : [ 0, 8, 1 ]
    }, {
      "vertices" : [ 8, 13, 14, 9 ]
    }, {
      "vertices" : [ 3, 4, 5, 6 ]
    }, {
      "vertices" : [ 10, 11, 17, 12 ]
    }, {
      "vertices" : [ 1, 8, 10 ]
    }, {
      "vertices" : [ 0, 5, 4, 15 ]
    }, {
      "vertices" : [ 2, 16, 18, 20 ]
    }, {
      "vertices" : [ 1, 7, 16, 2 ]
    }, {
      "vertices" : [ 6, 11, 9 ]
    }, {
      "vertices" : [ 8, 9, 10 ]
    }, {
      "vertices" : [ 2, 20, 5 ]
    }, {
      "vertices" : [ 9, 11, 10 ]
    }, {
      "vertices" : [ 1, 10, 12, 7 ]
    }, {
      "vertices" : [ 5, 20, 6 ]
    } ]
  }, {
    "id" : "0e4ff3f6-db67-4619-a874-fa2793f8f01c",
    "name" : "ball",
    "vertices" : [ {
      "x" : 0.309017,
      "y" : -0.809017,
      "z" : 0.618034
    }, {
      "x" : 0.809017,
      "y" : -0.618034,
      "z" : 0.309017
    }, {
      "x" : 0.618034,
      "y" : -0.309017,
      "z" : 0.809017
    }, {
      "x" : 1.0,
      "y" : 0.309017,
      "z" : 0.19098301
    }, {
      "x" : 0.809017,
      "y" : 0.618034,
      "z" : 0.309017
    }, {
      "x" : 0.618034,
      "y" : 0.309017,
      "z" : 0.809017
    }, {
      "x" : 0.809017,
      "y" : 0.0,
      "z" : 0.690983
    }, {
      "x" : 0.19098301,
      "y" : -1.0,
      "z" : 0.309017
    }, {
      "x" : -0.19098301,
      "y" : -1.0,
      "z" : 0.309017
    }, {
      "x" : -0.19098301,
      "y" : -1.0,
      "z" : -0.309017
    }, {
      "x" : 0.19098301,
      "y" : -1.0,
      "z" : -0.309017
    }, {
      "x" : 1.0,
      "y" : -0.309017,
      "z" : -0.19098301
    }, {
      "x" : 0.809017,
      "y" : -0.618034,
      "z" : -0.309017
    }, {
      "x" : 0.618034,
      "y" : -0.309017,
      "z" : -0.809017
    }, {
      "x" : 0.809017,
      "y" : 0.0,
      "z" : -0.690983
    }, {
      "x" : 0.0,
      "y" : 0.690983,
      "z" : -0.809017
    }, {
      "x" : 0.309017,
      "y" : 0.809017,
      "z" : -0.618034
    }, {
      "x" : 0.618034,
      "y" : 0.309017,
      "z" : -0.809017
    }, {
      "x" : 0.309017,
      "y" : 0.19098301,
      "z" : -1.0
    }, {
      "x" : 1.0,
      "y" : 0.309017,
      "z" : -0.19098301
    }, {
      "x" : -0.309017,
      "y" : -0.809017,
      "z" : 0.618034
    }, {
      "x" : 0.0,
      "y" : -0.690983,
      "z" : 0.809017
    }, {
      "x" : 0.809017,
      "y" : 0.618034,
      "z" : -0.309017
    }, {
      "x" : 0.690983,
      "y" : 0.809017,
      "z" : 0.0
    }, {
      "x" : -0.690983,
      "y" : 0.809017,
      "z" : 0.0
    }, {
      "x" : -0.809017,
      "y" : 0.618034,
      "z" : 0.309017
    }, {
      "x" : -0.309017,
      "y" : 0.809017,
      "z" : 0.618034
    }, {
      "x" : -0.19098301,
      "y" : 1.0,
      "z" : 0.309017
    }, {
      "x" : 0.309017,
      "y" : -0.19098301,
      "z" : -1.0
    }, {
      "x" : 0.19098301,
      "y" : 1.0,
      "z" : 0.309017
    }, {
      "x" : 0.309017,
      "y" : 0.809017,
      "z" : 0.618034
    }, {
      "x" : -0.809017,
      "y" : -0.618034,
      "z" : 0.309017
    }, {
      "x" : -0.690983,
      "y" : -0.809017,
      "z" : 0.0
    }, {
      "x" : 0.0,
      "y" : 0.690983,
      "z" : 0.809017
    }, {
      "x" : 0.309017,
      "y" : -0.809017,
      "z" : -0.618034
    }, {
      "x" : 0.0,
      "y" : -0.690983,
      "z" : -0.809017
    }, {
      "x" : -1.0,
      "y" : 0.309017,
      "z" : 0.19098301
    }, {
      "x" : -0.809017,
      "y" : 0.0,
      "z" : 0.690983
    }, {
      "x" : -0.618034,
      "y" : 0.309017,
      "z" : 0.809017
    }, {
      "x" : 1.0,
      "y" : -0.309017,
      "z" : 0.19098301
    }, {
      "x" : -0.309017,
      "y" : -0.809017,
      "z" : -0.618034
    }, {
      "x" : -1.0,
      "y" : 0.309017,
      "z" : -0.19098301
    }, {
      "x" : -1.0,
      "y" : -0.309017,
      "z" : -0.19098301
    }, {
      "x" : -1.0,
      "y" : -0.309017,
      "z" : 0.19098301
    }, {
      "x" : 0.19098301,
      "y" : 1.0,
      "z" : -0.309017
    }, {
      "x" : -0.809017,
      "y" : 0.618034,
      "z" : -0.309017
    }, {
      "x" : -0.19098301,
      "y" : 1.0,
      "z" : -0.309017
    }, {
      "x" : -0.309017,
      "y" : 0.809017,
      "z" : -0.618034
    }, {
      "x" : -0.618034,
      "y" : -0.309017,
      "z" : 0.809017
    }, {
      "x" : 0.309017,
      "y" : 0.19098301,
      "z" : 1.0
    }, {
      "x" : -0.309017,
      "y" : 0.19098301,
      "z" : -1.0
    }, {
      "x" : -0.309017,
      "y" : 0.19098301,
      "z" : 1.0
    }, {
      "x" : -0.309017,
      "y" : -0.19098301,
      "z" : 1.0
    }, {
      "x" : 0.309017,
      "y" : -0.19098301,
      "z" : 1.0
    }, {
      "x" : 0.690983,
      "y" : -0.809017,
      "z" : 0.0
    }, {
      "x" : -0.809017,
      "y" : 0.0,
      "z" : -0.690983
    }, {
      "x" : -0.618034,
      "y" : -0.309017,
      "z" : -0.809017
    }, {
      "x" : -0.309017,
      "y" : -0.19098301,
      "z" : -1.0
    }, {
      "x" : -0.618034,
      "y" : 0.309017,
      "z" : -0.809017
    }, {
      "x" : -0.809017,
      "y" : -0.618034,
      "z" : -0.309017
    } ],
    "faces" : [ {
      "vertices" : [ 9, 40, 35, 34, 10 ]
    }, {
      "vertices" : [ 0, 1, 2 ]
    }, {
      "vertices" : [ 33, 51, 49 ]
    }, {
      "vertices" : [ 25, 36, 37, 38 ]
    }, {
      "vertices" : [ 41, 55, 42 ]
    }, {
      "vertices" : [ 9, 32, 59, 40 ]
    }, {
      "vertices" : [ 20, 21, 52, 48 ]
    }, {
      "vertices" : [ 26, 33, 30, 29, 27 ]
    }, {
      "vertices" : [ 3, 4, 5, 6 ]
    }, {
      "vertices" : [ 27, 29, 44, 46 ]
    }, {
      "vertices" : [ 50, 57, 56, 55, 58 ]
    }, {
      "vertices" : [ 26, 38, 51, 33 ]
    }, {
      "vertices" : [ 45, 47, 58 ]
    }, {
      "vertices" : [ 18, 28, 57, 50 ]
    }, {
      "vertices" : [ 40, 59, 56 ]
    }, {
      "vertices" : [ 31, 48, 37, 43 ]
    }, {
      "vertices" : [ 7, 8, 9, 10 ]
    }, {
      "vertices" : [ 36, 41, 42, 43 ]
    }, {
      "vertices" : [ 24, 46, 47, 45 ]
    }, {
      "vertices" : [ 4, 30, 5 ]
    }, {
      "vertices" : [ 15, 47, 46, 44, 16 ]
    }, {
      "vertices" : [ 15, 50, 58, 47 ]
    }, {
      "vertices" : [ 24, 45, 41, 36, 25 ]
    }, {
      "vertices" : [ 11, 14, 19 ]
    }, {
      "vertices" : [ 3, 6, 39 ]
    }, {
      "vertices" : [ 1, 39, 6, 2 ]
    }, {
      "vertices" : [ 8, 32, 9 ]
    }, {
      "vertices" : [ 11, 12, 13, 14 ]
    }, {
      "vertices" : [ 16, 22, 17 ]
    }, {
      "vertices" : [ 0, 21, 20, 8, 7 ]
    }, {
      "vertices" : [ 12, 34, 13 ]
    }, {
      "vertices" : [ 35, 40, 56, 57 ]
    }, {
      "vertices" : [ 0, 7, 54, 1 ]
    }, {
      "vertices" : [ 15, 16, 17, 18 ]
    }, {
      "vertices" : [ 3, 19, 22, 23, 4 ]
    }, {
      "vertices" : [ 7, 10, 54 ]
    }, {
      "vertices" : [ 41, 45, 58, 55 ]
    }, {
      "vertices" : [ 3, 39, 11, 19 ]
    }, {
      "vertices" : [ 14, 17, 22, 19 ]
    }, {
      "vertices" : [ 0, 2, 53, 21 ]
    }, {
      "vertices" : [ 49, 51, 52, 53 ]
    }, {
      "vertices" : [ 31, 43, 42, 59, 32 ]
    }, {
      "vertices" : [ 15, 18, 50 ]
    }, {
      "vertices" : [ 42, 55, 56, 59 ]
    }, {
      "vertices" : [ 4, 23, 29, 30 ]
    }, {
      "vertices" : [ 25, 38, 26 ]
    }, {
      "vertices" : [ 13, 28, 18, 17, 14 ]
    }, {
      "vertices" : [ 8, 20, 31, 32 ]
    }, {
      "vertices" : [ 23, 44, 29 ]
    }, {
      "vertices" : [ 24, 27, 46 ]
    }, {
      "vertices" : [ 37, 48, 52, 51, 38 ]
    }, {
      "vertices" : [ 20, 48, 31 ]
    }, {
      "vertices" : [ 24, 25, 26, 27 ]
    }, {
      "vertices" : [ 16, 44, 23, 22 ]
    }, {
      "vertices" : [ 13, 34, 35, 28 ]
    }, {
      "vertices" : [ 10, 34, 12, 54 ]
    }, {
      "vertices" : [ 2, 6, 5, 49, 53 ]
    }, {
      "vertices" : [ 36, 43, 37 ]
    }, {
      "vertices" : [ 5, 30, 33, 49 ]
    }, {
      "vertices" : [ 1, 54, 12, 11, 39 ]
    }, {
      "vertices" : [ 28, 35, 57 ]
    }, {
      "vertices" : [ 21, 53, 52 ]
    } ]
  }, {
    "id" : "f975adcc-f15e-4ff5-9f8d-484ec81a9b5f",
    "orbit" : "blue",
    "name" : "b0",
    "vertices" : [ {
      "x" : 4.236068,
      "y" : 0.309017,
      "z" : 0.19098301
    }, {
      "x" : 4.236068,
      "y" : 0.309017,
      "z" : -0.19098301
    }, {
      "x" : 1.0,
      "y" : 0.309017,
      "z" : -0.19098301
    }, {
      "x" : 1.0,
      "y" : 0.309017,
      "z" : 0.19098301
    }, {
      "x" : 4.236068,
      "y" : -0.309017,
      "z" : 0.19098301
    }, {
      "x" : 1.0,
      "y" : -0.309017,
      "z" : 0.19098301
    }, {
      "x" : 1.0,
      "y" : -0.309017,
      "z" : -0.19098301
    }, {
      "x" : 4.236068,
      "y" : -0.309017,
      "z" : -0.19098301
    }, {
      "x" : 5.236068,
      "y" : 0.0,
      "z" : 0.0
    } ],
    "faces" : [ {
      "vertices" : [ 1, 7, 6, 2 ]
    }, {
      "vertices" : [ 0, 1, 2, 3 ]
    }, {
      "vertices" : [ 4, 5, 6, 7 ]
    }, {
      "vertices" : [ 0, 3, 5, 4 ]
    } ]
  }, {
    "id" : "4d0ff85b-8a19-4687-b06f-2fb089030fff",
    "orbit" : "red",
    "name" : "r1",
    "vertices" : [ {
      "x" : 2.618034,
      "y" : 1.736068,
      "z" : 0.309017
    }, {
      "x" : 4.236068,
      "y" : 2.5,
      "z" : 0.309017
    }, {
      "x" : 4.045085,
      "y" : 2.809017,
      "z" : 0.19098301
    }, {
      "x" : 0.809017,
      "y" : 0.618034,
      "z" : -0.309017
    }, {
      "x" : 0.690983,
      "y" : 0.809017,
      "z" : 0.0
    }, {
      "x" : 2.5,
      "y" : 1.927051,
      "z" : 0.0
    }, {
      "x" : 2.618034,
      "y" : 1.736068,
      "z" : -0.309017
    }, {
      "x" : 6.045085,
      "y" : 3.618034,
      "z" : 0.309017
    }, {
      "x" : 2.809017,
      "y" : 1.427051,
      "z" : 0.19098301
    }, {
      "x" : 2.809017,
      "y" : 1.427051,
      "z" : -0.19098301
    }, {
      "x" : 4.354102,
      "y" : 2.309017,
      "z" : 0.0
    }, {
      "x" : 4.236068,
      "y" : 2.5,
      "z" : -0.309017
    }, {
      "x" : 6.163119,
      "y" : 3.427051,
      "z" : 0.0
    }, {
      "x" : 1.0,
      "y" : 0.309017,
      "z" : 0.19098301
    }, {
      "x" : 1.0,
      "y" : 0.309017,
      "z" : -0.19098301
    }, {
      "x" : 0.809017,
      "y" : 0.618034,
      "z" : 0.309017
    }, {
      "x" : 5.854102,
      "y" : 3.927051,
      "z" : 0.19098301
    }, {
      "x" : 6.045085,
      "y" : 3.618034,
      "z" : -0.309017
    }, {
      "x" : 5.854102,
      "y" : 3.927051,
      "z" : -0.19098301
    }, {
      "x" : 6.854102,
      "y" : 4.236068,
      "z" : 0.0
    }, {
      "x" : 4.045085,
      "y" : 2.809017,
      "z" : -0.19098301
    } ],
    "faces" : [ {
      "vertices" : [ 3, 6, 9, 14 ]
    }, {
      "vertices" : [ 11, 20, 18, 17 ]
    }, {
      "vertices" : [ 0, 1, 2 ]
    }, {
      "vertices" : [ 0, 15, 13, 8 ]
    }, {
      "vertices" : [ 6, 20, 11 ]
    }, {
      "vertices" : [ 0, 2, 5 ]
    }, {
      "vertices" : [ 0, 8, 1 ]
    }, {
      "vertices" : [ 8, 13, 14, 9 ]
    }, {
      "vertices" : [ 3, 4, 5, 6 ]
    }, {
      "vertices" : [ 10, 11, 17, 12 ]
    }, {
      "vertices" : [ 1, 8, 10 ]
    }, {
      "vertices" : [ 0, 5, 4, 15 ]
    }, {
      "vertices" : [ 2, 16, 18, 20 ]
    }, {
      "vertices" : [ 1, 7, 16, 2 ]
    }, {
      "vertices" : [ 6, 11, 9 ]
    }, {
      "vertices" : [ 8, 9, 10 ]
    }, {
      "vertices" : [ 2, 20, 5 ]
    }, {
      "vertices" : [ 9, 11, 10 ]
    }, {
      "vertices" : [ 1, 10, 12, 7 ]
    }, {
      "vertices" : [ 5, 20, 6 ]
    } ]
  }, {
    "id" : "d9f1611a-e3f6-48e2-b339-a81a562632ce",
    "orbit" : "blue",
    "name" : "b1",
    "vertices" : [ {
      "x" : 7.472136,
      "y" : 0.309017,
      "z" : 0.19098301
    }, {
      "x" : 7.472136,
      "y" : 0.309017,
      "z" : -0.19098301
    }, {
      "x" : 1.0,
      "y" : 0.309017,
      "z" : -0.19098301
    }, {
      "x" : 1.0,
      "y" : 0.309017,
      "z" : 0.19098301
    }, {
      "x" : 7.472136,
      "y" : -0.309017,
      "z" : 0.19098301
    }, {
      "x" : 1.0,
      "y" : -0.309017,
      "z" : 0.19098301
    }, {
      "x" : 1.0,
      "y" : -0.309017,
      "z" : -0.19098301
    }, {
      "x" : 7.472136,
      "y" : -0.309017,
      "z" : -0.19098301
    }, {
      "x" : 8.472136,
      "y" : 0.0,
      "z" : 0.0
    } ],
    "faces" : [ {
      "vertices" : [ 1, 7, 6, 2 ]
    }, {
      "vertices" : [ 0, 1, 2, 3 ]
    }, {
      "vertices" : [ 4, 5, 6, 7 ]
    }, {
      "vertices" : [ 0, 3, 5, 4 ]
    } ]
  } ],
  "instances" : [ {
    "shape" : "9f8825b2-9026-4624-b99f-71d7f0cde4ee",
    "color" : "#F0A000",
    "position" : {
      "x" : -6.854102,
      "y" : 40.12461,
      "z" : 35.888542
    },
    "orientation" : 54
  }, {
    "shape" : "65e8d7a2-fae2-4d8b-8ed8-894dd6282d63",
    "color" : "#F0A000",
    "position" : {
      "x" : -12.708204,
      "y" : 48.59675,
      "z" : 40.12461
    },
    "orientation" : 21
  }, {
    "shape" : "8c79c724-6694-4d4d-bec5-d11c19b7ff1d",
    "color" : "#AF0000",
    "position" : {
      "x" : -4.236068,
      "y" : 40.12461,
      "z" : 40.12461
    },
    "orientation" : 47
  }, {
    "shape" : "0e4ff3f6-db67-4619-a874-fa2793f8f01c",
    "color" : "#FFFFFF",
    "position" : {
      "x" : -10.09017,
      "y" : 48.59675,
      "z" : 35.888542
    }
  }, {
    "shape" : "f975adcc-f15e-4ff5-9f8d-484ec81a9b5f",
    "color" : "#007695",
    "position" : {
      "x" : -11.09017,
      "y" : 44.36068,
      "z" : 40.12461
    },
    "orientation" : 0
  }, {
    "shape" : "8c79c724-6694-4d4d-bec5-d11c19b7ff1d",
    "color" : "#AF0000",
    "position" : {
      "x" : -6.854102,
      "y" : 40.12461,
      "z" : 35.888542
    },
    "orientation" : 17
  }, {
    "shape" : "0e4ff3f6-db67-4619-a874-fa2793f8f01c",
    "color" : "#FFFFFF",
    "position" : {
      "x" : -11.09017,
      "y" : 44.36068,
      "z" : 40.12461
    }
  }, {
    "shape" : "4d0ff85b-8a19-4687-b06f-2fb089030fff",
    "color" : "#AF0000",
    "position" : {
      "x" : -4.236068,
      "y" : 40.12461,
      "z" : 31.652475
    },
    "orientation" : 45
  }, {
    "shape" : "8c79c724-6694-4d4d-bec5-d11c19b7ff1d",
    "color" : "#AF0000",
    "position" : {
      "x" : -10.09017,
      "y" : 48.59675,
      "z" : 35.888542
    },
    "orientation" : 47
  }, {
    "shape" : "f975adcc-f15e-4ff5-9f8d-484ec81a9b5f",
    "color" : "#007695",
    "position" : {
      "x" : -5.854102,
      "y" : 44.36068,
      "z" : 31.652475
    },
    "orientation" : 45
  }, {
    "shape" : "0e4ff3f6-db67-4619-a874-fa2793f8f01c",
    "color" : "#FFFFFF",
    "position" : {
      "x" : -5.854102,
      "y" : 44.36068,
      "z" : 40.12461
    }
  }, {
    "shape" : "d9f1611a-e3f6-48e2-b339-a81a562632ce",
    "color" : "#007695",
    "position" : {
      "x" : -11.09017,
      "y" : 44.36068,
      "z" : 31.652475
    },
    "orientation" : 2
  }, {
    "shape" : "8c79c724-6694-4d4d-bec5-d11c19b7ff1d",
    "color" : "#AF0000",
    "position" : {
      "x" : -12.708204,
      "y" : 48.59675,
      "z" : 40.12461
    },
    "orientation" : 17
  }, {
    "shape" : "0e4ff3f6-db67-4619-a874-fa2793f8f01c",
    "color" : "#FFFFFF",
    "position" : {
      "x" : -6.854102,
      "y" : 40.12461,
      "z" : 35.888542
    }
  }, {
    "shape" : "0e4ff3f6-db67-4619-a874-fa2793f8f01c",
    "color" : "#FFFFFF",
    "position" : {
      "x" : -12.708204,
      "y" : 48.59675,
      "z" : 40.12461
    }
  }, {
    "shape" : "0e4ff3f6-db67-4619-a874-fa2793f8f01c",
    "color" : "#FFFFFF",
    "position" : {
      "x" : -4.236068,
      "y" : 40.12461,
      "z" : 31.652475
    }
  }, {
    "shape" : "0e4ff3f6-db67-4619-a874-fa2793f8f01c",
    "color" : "#FFFFFF",
    "position" : {
      "x" : -5.854102,
      "y" : 44.36068,
      "z" : 31.652475
    }
  }, {
    "shape" : "9f8825b2-9026-4624-b99f-71d7f0cde4ee",
    "color" : "#F0A000",
    "position" : {
      "x" : -6.854102,
      "y" : 40.12461,
      "z" : 35.888542
    },
    "orientation" : 4
  }, {
    "shape" : "8c79c724-6694-4d4d-bec5-d11c19b7ff1d",
    "color" : "#AF0000",
    "position" : {
      "x" : -15.326238,
      "y" : 48.59675,
      "z" : 35.888542
    },
    "orientation" : 2
  }, {
    "shape" : "0e4ff3f6-db67-4619-a874-fa2793f8f01c",
    "color" : "#FFFFFF",
    "position" : {
      "x" : -12.708204,
      "y" : 48.59675,
      "z" : 31.652475
    }
  }, {
    "shape" : "0e4ff3f6-db67-4619-a874-fa2793f8f01c",
    "color" : "#FFFFFF",
    "position" : {
      "x" : -4.236068,
      "y" : 40.12461,
      "z" : 40.12461
    }
  }, {
    "shape" : "0e4ff3f6-db67-4619-a874-fa2793f8f01c",
    "color" : "#FFFFFF",
    "position" : {
      "x" : -15.326238,
      "y" : 48.59675,
      "z" : 35.888542
    }
  }, {
    "shape" : "8c79c724-6694-4d4d-bec5-d11c19b7ff1d",
    "color" : "#AF0000",
    "position" : {
      "x" : -4.236068,
      "y" : 40.12461,
      "z" : 31.652475
    },
    "orientation" : 2
  }, {
    "shape" : "9f8825b2-9026-4624-b99f-71d7f0cde4ee",
    "color" : "#F0A000",
    "position" : {
      "x" : -15.326238,
      "y" : 48.59675,
      "z" : 35.888542
    },
    "orientation" : 5
  }, {
    "shape" : "65e8d7a2-fae2-4d8b-8ed8-894dd6282d63",
    "color" : "#F0A000",
    "position" : {
      "x" : -4.236068,
      "y" : 40.12461,
      "z" : 40.12461
    },
    "orientation" : 1
  }, {
    "shape" : "9f8825b2-9026-4624-b99f-71d7f0cde4ee",
    "color" : "#F0A000",
    "position" : {
      "x" : -1.618034,
      "y" : 40.12461,
      "z" : 35.888542
    },
    "orientation" : 4
  }, {
    "shape" : "0e4ff3f6-db67-4619-a874-fa2793f8f01c",
    "color" : "#FFFFFF",
    "position" : {
      "x" : -11.09017,
      "y" : 44.36068,
      "z" : 31.652475
    }
  }, {
    "shape" : "9f8825b2-9026-4624-b99f-71d7f0cde4ee",
    "color" : "#F0A000",
    "position" : {
      "x" : -10.09017,
      "y" : 48.59675,
      "z" : 35.888542
    },
    "orientation" : 5
  }, {
    "shape" : "8c79c724-6694-4d4d-bec5-d11c19b7ff1d",
    "color" : "#AF0000",
    "position" : {
      "x" : -1.618034,
      "y" : 40.12461,
      "z" : 35.888542
    },
    "orientation" : 32
  }, {
    "shape" : "4d0ff85b-8a19-4687-b06f-2fb089030fff",
    "color" : "#AF0000",
    "position" : {
      "x" : -12.708204,
      "y" : 48.59675,
      "z" : 31.652475
    },
    "orientation" : 15
  }, {
    "shape" : "65e8d7a2-fae2-4d8b-8ed8-894dd6282d63",
    "color" : "#F0A000",
    "position" : {
      "x" : -12.708204,
      "y" : 48.59675,
      "z" : 31.652475
    },
    "orientation" : 21
  }, {
    "shape" : "4d0ff85b-8a19-4687-b06f-2fb089030fff",
    "color" : "#AF0000",
    "position" : {
      "x" : -5.854102,
      "y" : 44.36068,
      "z" : 40.12461
    },
    "orientation" : 45
  }, {
    "shape" : "4d0ff85b-8a19-4687-b06f-2fb089030fff",
    "color" : "#AF0000",
    "position" : {
      "x" : -11.09017,
      "y" : 44.36068,
      "z" : 40.12461
    },
    "orientation" : 15
  }, {
    "shape" : "0e4ff3f6-db67-4619-a874-fa2793f8f01c",
    "color" : "#FFFFFF",
    "position" : {
      "x" : -1.618034,
      "y" : 40.12461,
      "z" : 35.888542
    }
  }, {
    "shape" : "9f8825b2-9026-4624-b99f-71d7f0cde4ee",
    "color" : "#F0A000",
    "position" : {
      "x" : -5.854102,
      "y" : 44.36068,
      "z" : 31.652475
    },
    "orientation" : 5
  }, {
    "shape" : "9f8825b2-9026-4624-b99f-71d7f0cde4ee",
    "color" : "#F0A000",
    "position" : {
      "x" : -10.09017,
      "y" : 48.59675,
      "z" : 35.888542
    },
    "orientation" : 24
  }, {
    "shape" : "9f8825b2-9026-4624-b99f-71d7f0cde4ee",
    "color" : "#F0A000",
    "position" : {
      "x" : -11.09017,
      "y" : 44.36068,
      "z" : 31.652475
    },
    "orientation" : 4
  }, {
    "shape" : "8c79c724-6694-4d4d-bec5-d11c19b7ff1d",
    "color" : "#AF0000",
    "position" : {
      "x" : -12.708204,
      "y" : 48.59675,
      "z" : 31.652475
    },
    "orientation" : 32
  }, {
    "shape" : "65e8d7a2-fae2-4d8b-8ed8-894dd6282d63",
    "color" : "#F0A000",
    "position" : {
      "x" : -4.236068,
      "y" : 40.12461,
      "z" : 31.652475
    },
    "orientation" : 1
  }, {
    "shape" : "d9f1611a-e3f6-48e2-b339-a81a562632ce",
    "color" : "#007695",
    "position" : {
      "x" : -5.854102,
      "y" : 44.36068,
      "z" : 40.12461
    },
    "orientation" : 47
  } ],
  "scenes" : [ {
    "title" : "",
    "content" : "",
    "view" : {
      "position" : {
        "x" : 33.87156,
        "y" : 76.97342,
        "z" : -13.842642
      },
      "width" : 30.88813,
      "stereo" : false,
      "lookDirection" : {
        "x" : -0.5787515,
        "y" : -0.4751254,
        "z" : 0.662805
      },
      "upDirection" : {
        "x" : -0.5550934,
        "y" : -0.36589503,
        "z" : -0.7469841
      },
      "lookAtPoint" : {
        "x" : -5.854102,
        "y" : 44.36068,
        "z" : 31.652475
      },
      "viewDistance" : 68.640274,
      "nearClipDistance" : 0.063555844,
      "farClipDistance" : 137.28079,
      "fieldOfView" : 0.44262898,
      "perspective" : true
    },
    "snapshot" : 5
  }, {
    "title" : "",
    "content" : "",
    "view" : {
      "position" : {
        "x" : 127.12735,
        "y" : 100.12492,
        "z" : -14.08709
      },
      "width" : 66.04734,
      "stereo" : false,
      "lookDirection" : {
        "x" : -0.8483187,
        "y" : -0.419824,
        "z" : 0.3226613
      },
      "upDirection" : {
        "x" : -0.47957733,
        "y" : 0.35091788,
        "z" : -0.8042724
      },
      "lookAtPoint" : {
        "x" : 2.618034,
        "y" : 38.506577,
        "z" : 33.27051
      },
      "viewDistance" : 146.77187,
      "nearClipDistance" : 0.13589993,
      "farClipDistance" : 293.54416,
      "fieldOfView" : 0.4426289,
      "perspective" : true
    },
    "snapshot" : 4
  }, {
    "title" : "",
    "content" : "",
    "view" : {
      "position" : {
        "x" : 86.884224,
        "y" : 123.99134,
        "z" : -51.190723
      },
      "width" : 66.04734,
      "stereo" : false,
      "lookDirection" : {
        "x" : -0.5741304,
        "y" : -0.5824329,
        "z" : 0.5754593
      },
      "upDirection" : {
        "x" : -0.76997834,
        "y" : 0.14508735,
        "z" : -0.6213493
      },
      "lookAtPoint" : {
        "x" : 2.618034,
        "y" : 38.506577,
        "z" : 33.27051
      },
      "viewDistance" : 146.77187,
      "nearClipDistance" : 0.13589993,
      "farClipDistance" : 293.54416,
      "fieldOfView" : 0.4426289,
      "perspective" : true
    },
    "snapshot" : 3
  }, {
    "title" : "",
    "content" : "",
    "view" : {
      "position" : {
        "x" : 72.38337,
        "y" : 142.94684,
        "z" : -42.671383
      },
      "width" : 66.04734,
      "stereo" : false,
      "lookDirection" : {
        "x" : -0.47533178,
        "y" : -0.71158236,
        "z" : 0.5174145
      },
      "upDirection" : {
        "x" : -0.7998954,
        "y" : 0.10462654,
        "z" : -0.5909418
      },
      "lookAtPoint" : {
        "x" : 2.618034,
        "y" : 38.506577,
        "z" : 33.27051
      },
      "viewDistance" : 146.77187,
      "nearClipDistance" : 0.13589993,
      "farClipDistance" : 293.54416,
      "fieldOfView" : 0.4426289,
      "perspective" : true
    },
    "snapshot" : 2
  }, {
    "title" : "",
    "content" : "",
    "view" : {
      "position" : {
        "x" : 83.22175,
        "y" : 123.067474,
        "z" : -55.581387
      },
      "width" : 66.04734,
      "stereo" : false,
      "lookDirection" : {
        "x" : -0.5491769,
        "y" : -0.5761383,
        "z" : 0.60537416
      },
      "upDirection" : {
        "x" : -0.80126697,
        "y" : 0.15718752,
        "z" : -0.57728237
      },
      "lookAtPoint" : {
        "x" : 2.618034,
        "y" : 38.506577,
        "z" : 33.27051
      },
      "viewDistance" : 146.77187,
      "nearClipDistance" : 0.13589993,
      "farClipDistance" : 293.54416,
      "fieldOfView" : 0.4426289,
      "perspective" : true
    },
    "snapshot" : 1
  }, {
    "title" : "",
    "content" : "",
    "view" : {
      "position" : {
        "x" : 359.94968,
        "y" : 419.51443,
        "z" : 404.7259
      },
      "width" : 290.1423,
      "stereo" : false,
      "lookDirection" : {
        "x" : -0.5828179,
        "y" : -0.5656207,
        "z" : -0.58344173
      },
      "upDirection" : {
        "x" : 0.10175941,
        "y" : 0.661528,
        "z" : -0.74297893
      },
      "lookAtPoint" : {
        "x" : -15.828449,
        "y" : 54.824375,
        "z" : 28.545532
      },
      "viewDistance" : 644.7608,
      "nearClipDistance" : 0.5970008,
      "farClipDistance" : 1289.5234,
      "fieldOfView" : 0.4426288,
      "perspective" : true
    },
    "snapshot" : 0
  } ],
  "snapshots" : [ [ {
    "shape" : "65e8d7a2-fae2-4d8b-8ed8-894dd6282d63",
    "color" : "#F0A000",
    "position" : {
      "x" : 21.18034,
      "y" : 82.48529,
      "z" : 74.01315
    },
    "orientation" : 21
  }, {
    "shape" : "8c79c724-6694-4d4d-bec5-d11c19b7ff1d",
    "color" : "#AF0000",
    "position" : {
      "x" : 12.708204,
      "y" : 90.95743,
      "z" : -2.236068
    },
    "orientation" : 15
  }, {
    "shape" : "f975adcc-f15e-4ff5-9f8d-484ec81a9b5f",
    "color" : "#007695",
    "position" : {
      "x" : -21.18034,
      "y" : 58.686916,
      "z" : 27.416409
    },
    "orientation" : 1
  }, {
    "shape" : "0e4ff3f6-db67-4619-a874-fa2793f8f01c",
    "color" : "#FFFFFF",
    "position" : {
      "x" : -55.068882,
      "y" : 107.9017,
      "z" : 48.59675
    },
    "orientation" : 0
  }, {
    "shape" : "0e4ff3f6-db67-4619-a874-fa2793f8f01c",
    "color" : "#FFFFFF",
    "position" : {
      "x" : -10.09017,
      "y" : 74.01315,
      "z" : 18.944271
    },
    "orientation" : 0
  }, {
    "shape" : "d9f1611a-e3f6-48e2-b339-a81a562632ce",
    "color" : "#007695",
    "position" : {
      "x" : -12.708204,
      "y" : 57.068882,
      "z" : 40.12461
    },
    "orientation" : 25
  }, {
    "shape" : "0e4ff3f6-db67-4619-a874-fa2793f8f01c",
    "color" : "#FFFFFF",
    "position" : {
      "x" : -38.12461,
      "y" : 65.54102,
      "z" : 65.54102
    },
    "orientation" : 0
  }, {
    "shape" : "f975adcc-f15e-4ff5-9f8d-484ec81a9b5f",
    "color" : "#007695",
    "position" : {
      "x" : -12.708204,
      "y" : 48.59675,
      "z" : 40.12461
    },
    "orientation" : 38
  }, {
    "shape" : "4d0ff85b-8a19-4687-b06f-2fb089030fff",
    "color" : "#AF0000",
    "position" : {
      "x" : 38.12461,
      "y" : 48.59675,
      "z" : 48.59675
    },
    "orientation" : 17
  }, {
    "shape" : "8c79c724-6694-4d4d-bec5-d11c19b7ff1d",
    "color" : "#AF0000",
    "position" : {
      "x" : 33.888542,
      "y" : 62.922985,
      "z" : 65.54102
    },
    "orientation" : 2
  }, {
    "shape" : "8c79c724-6694-4d4d-bec5-d11c19b7ff1d",
    "color" : "#AF0000",
    "position" : {
      "x" : 4.236068,
      "y" : 82.48529,
      "z" : 14.708204
    },
    "orientation" : 1
  }, {
    "shape" : "65e8d7a2-fae2-4d8b-8ed8-894dd6282d63",
    "color" : "#F0A000",
    "position" : {
      "x" : -46.59675,
