{
  "field" : "golden",
  "symmetry" : "icosahedral",
  "orientations" : [ [ 1.0, 0.0, 0.0, 0.0, 0.0, 1.0, 0.0, 0.0, 0.0, 0.0, 1.0, 0.0, 0.0, 0.0, 0.0, 1.0 ], [ 0.0, 0.0, 1.0, 0.0, 1.0, 0.0, 0.0, 0.0, 0.0, 1.0, 0.0, 0.0, 0.0, 0.0, 0.0, 1.0 ], [ 0.0, 1.0, 0.0, 0.0, 0.0, 0.0, 1.0, 0.0, 1.0, 0.0, 0.0, 0.0, 0.0, 0.0, 0.0, 1.0 ], [ 0.809017, 0.309017, 0.5, 0.0, 0.309017, 0.5, -0.809017, 0.0, -0.5, 0.809017, 0.309017, 0.0, 0.0, 0.0, 0.0, 1.0 ], [ -0.5, 0.809017, 0.309017, 0.0, 0.809017, 0.309017, 0.5, 0.0, 0.309017, 0.5, -0.809017, 0.0, 0.0, 0.0, 0.0, 1.0 ], [ 0.309017, 0.5, -0.809017, 0.0, -0.5, 0.809017, 0.309017, 0.0, 0.809017, 0.309017, 0.5, 0.0, 0.0, 0.0, 0.0, 1.0 ], [ 0.5, 0.809017, 0.309017, 0.0, 0.809017, -0.309017, -0.5, 0.0, -0.309017, 0.5, -0.809017, 0.0, 0.0, 0.0, 0.0, 1.0 ], [ -0.309017, 0.5, -0.809017, 0.0, 0.5, 0.809017, 0.309017, 0.0, 0.809017, -0.309017, -0.5, 0.0, 0.0, 0.0, 0.0, 1.0 ], [ 0.809017, -0.309017, -0.5, 0.0, -0.309017, 0.5, -0.809017, 0.0, 0.5, 0.809017, 0.309017, 0.0, 0.0, 0.0, 0.0, 1.0 ], [ 0.5, 0.809017, -0.309017, 0.0, 0.809017, -0.309017, 0.5, 0.0, 0.309017, -0.5, -0.809017, 0.0, 0.0, 0.0, 0.0, 1.0 ], [ 0.309017, -0.5, -0.809017, 0.0, 0.5, 0.809017, -0.309017, 0.0, 0.809017, -0.309017, 0.5, 0.0, 0.0, 0.0, 0.0, 1.0 ], [ 0.809017, -0.309017, 0.5, 0.0, 0.309017, -0.5, -0.809017, 0.0, 0.5, 0.809017, -0.309017, 0.0, 0.0, 0.0, 0.0, 1.0 ], [ 0.809017, 0.309017, -0.5, 0.0, 0.309017, 0.5, 0.809017, 0.0, 0.5, -0.809017, 0.309017, 0.0, 0.0, 0.0, 0.0, 1.0 ], [ 0.5, -0.809017, 0.309017, 0.0, 0.809017, 0.309017, -0.5, 0.0, 0.309017, 0.5, 0.809017, 0.0, 0.0, 0.0, 0.0, 1.0 ], [ 0.309017, 0.5, 0.809017, 0.0, 0.5, -0.809017, 0.309017, 0.0, 0.809017, 0.309017, -0.5, 0.0, 0.0, 0.0, 0.0, 1.0 ], [ 1.0, 0.0, 0.0, 0.0, 0.0, -1.0, 0.0, 0.0, 0.0, 0.0, -1.0, 0.0, 0.0, 0.0, 0.0, 1.0 ], [ 0.0, 0.0, 1.0, 0.0, -1.0, 0.0, 0.0, 0.0, 0.0, -1.0, 0.0, 0.0, 0.0, 0.0, 0.0, 1.0 ], [ 0.0, 1.0, 0.0, 0.0, 0.0, 0.0, -1.0, 0.0, -1.0, 0.0, 0.0, 0.0, 0.0, 0.0, 0.0, 1.0 ], [ 0.809017, 0.309017, 0.5, 0.0, -0.309017, -0.5, 0.809017, 0.0, 0.5, -0.809017, -0.309017, 0.0, 0.0, 0.0, 0.0, 1.0 ], [ -0.5, 0.809017, 0.309017, 0.0, -0.809017, -0.309017, -0.5, 0.0, -0.309017, -0.5, 0.809017, 0.0, 0.0, 0.0, 0.0, 1.0 ], [ 0.309017, 0.5, -0.809017, 0.0, 0.5, -0.809017, -0.309017, 0.0, -0.809017, -0.309017, -0.5, 0.0, 0.0, 0.0, 0.0, 1.0 ], [ 0.5, 0.809017, 0.309017, 0.0, -0.809017, 0.309017, 0.5, 0.0, 0.309017, -0.5, 0.809017, 0.0, 0.0, 0.0, 0.0, 1.0 ], [ -0.309017, 0.5, -0.809017, 0.0, -0.5, -0.809017, -0.309017, 0.0, -0.809017, 0.309017, 0.5, 0.0, 0.0, 0.0, 0.0, 1.0 ], [ 0.809017, -0.309017, -0.5, 0.0, 0.309017, -0.5, 0.809017, 0.0, -0.5, -0.809017, -0.309017, 0.0, 0.0, 0.0, 0.0, 1.0 ], [ 0.5, 0.809017, -0.309017, 0.0, -0.809017, 0.309017, -0.5, 0.0, -0.309017, 0.5, 0.809017, 0.0, 0.0, 0.0, 0.0, 1.0 ], [ 0.309017, -0.5, -0.809017, 0.0, -0.5, -0.809017, 0.309017, 0.0, -0.809017, 0.309017, -0.5, 0.0, 0.0, 0.0, 0.0, 1.0 ], [ 0.809017, -0.309017, 0.5, 0.0, -0.309017, 0.5, 0.809017, 0.0, -0.5, -0.809017, 0.309017, 0.0, 0.0, 0.0, 0.0, 1.0 ], [ 0.809017, 0.309017, -0.5, 0.0, -0.309017, -0.5, -0.809017, 0.0, -0.5, 0.809017, -0.309017, 0.0, 0.0, 0.0, 0.0, 1.0 ], [ 0.5, -0.809017, 0.309017, 0.0, -0.809017, -0.309017, 0.5, 0.0, -0.309017, -0.5, -0.809017, 0.0, 0.0, 0.0, 0.0, 1.0 ], [ 0.309017, 0.5, 0.809017, 0.0, -0.5, 0.809017, -0.309017, 0.0, -0.809017, -0.309017, 0.5, 0.0, 0.0, 0.0, 0.0, 1.0 ], [ -1.0, 0.0, 0.0, 0.0, 0.0, -1.0, 0.0, 0.0, 0.0, 0.0, 1.0, 0.0, 0.0, 0.0, 0.0, 1.0 ], [ 0.0, 0.0, -1.0, 0.0, -1.0, 0.0, 0.0, 0.0, 0.0, 1.0, 0.0, 0.0, 0.0, 0.0, 0.0, 1.0 ], [ 0.0, -1.0, 0.0, 0.0, 0.0, 0.0, -1.0, 0.0, 1.0, 0.0, 0.0, 0.0, 0.0, 0.0, 0.0, 1.0 ], [ -0.809017, -0.309017, -0.5, 0.0, -0.309017, -0.5, 0.809017, 0.0, -0.5, 0.809017, 0.309017, 0.0, 0.0, 0.0, 0.0, 1.0 ], [ 0.5, -0.809017, -0.309017, 0.0, -0.809017, -0.309017, -0.5, 0.0, 0.309017, 0.5, -0.809017, 0.0, 0.0, 0.0, 0.0, 1.0 ], [ -0.309017, -0.5, 0.809017, 0.0, 0.5, -0.809017, -0.309017, 0.0, 0.809017, 0.309017, 0.5, 0.0, 0.0, 0.0, 0.0, 1.0 ], [ -0.5, -0.809017, -0.309017, 0.0, -0.809017, 0.309017, 0.5, 0.0, -0.309017, 0.5, -0.809017, 0.0, 0.0, 0.0, 0.0, 1.0 ], [ 0.309017, -0.5, 0.809017, 0.0, -0.5, -0.809017, -0.309017, 0.0, 0.809017, -0.309017, -0.5, 0.0, 0.0, 0.0, 0.0, 1.0 ], [ -0.809017, 0.309017, 0.5, 0.0, 0.309017, -0.5, 0.809017, 0.0, 0.5, 0.809017, 0.309017, 0.0, 0.0, 0.0, 0.0, 1.0 ], [ -0.5, -0.809017, 0.309017, 0.0, -0.809017, 0.309017, -0.5, 0.0, 0.309017, -0.5, -0.809017, 0.0, 0.0, 0.0, 0.0, 1.0 ], [ -0.309017, 0.5, 0.809017, 0.0, -0.5, -0.809017, 0.309017, 0.0, 0.809017, -0.309017, 0.5, 0.0, 0.0, 0.0, 0.0, 1.0 ], [ -0.809017, 0.309017, -0.5, 0.0, -0.309017, 0.5, 0.809017, 0.0, 0.5, 0.809017, -0.309017, 0.0, 0.0, 0.0, 0.0, 1.0 ], [ -0.809017, -0.309017, 0.5, 0.0, -0.309017, -0.5, -0.809017, 0.0, 0.5, -0.809017, 0.309017, 0.0, 0.0, 0.0, 0.0, 1.0 ], [ -0.5, 0.809017, -0.309017, 0.0, -0.809017, -0.309017, 0.5, 0.0, 0.309017, 0.5, 0.809017, 0.0, 0.0, 0.0, 0.0, 1.0 ], [ -0.309017, -0.5, -0.809017, 0.0, -0.5, 0.809017, -0.309017, 0.0, 0.809017, 0.309017, -0.5, 0.0, 0.0, 0.0, 0.0, 1.0 ], [ -1.0, 0.0, 0.0, 0.0, 0.0, 1.0, 0.0, 0.0, 0.0, 0.0, -1.0, 0.0, 0.0, 0.0, 0.0, 1.0 ], [ 0.0, 0.0, -1.0, 0.0, 1.0, 0.0, 0.0, 0.0, 0.0, -1.0, 0.0, 0.0, 0.0, 0.0, 0.0, 1.0 ], [ 0.0, -1.0, 0.0, 0.0, 0.0, 0.0, 1.0, 0.0, -1.0, 0.0, 0.0, 0.0, 0.0, 0.0, 0.0, 1.0 ], [ -0.809017, -0.309017, -0.5, 0.0, 0.309017, 0.5, -0.809017, 0.0, 0.5, -0.809017, -0.309017, 0.0, 0.0, 0.0, 0.0, 1.0 ], [ 0.5, -0.809017, -0.309017, 0.0, 0.809017, 0.309017, 0.5, 0.0, -0.309017, -0.5, 0.809017, 0.0, 0.0, 0.0, 0.0, 1.0 ], [ -0.309017, -0.5, 0.809017, 0.0, -0.5, 0.809017, 0.309017, 0.0, -0.809017, -0.309017, -0.5, 0.0, 0.0, 0.0, 0.0, 1.0 ], [ -0.5, -0.809017, -0.309017, 0.0, 0.809017, -0.309017, -0.5, 0.0, 0.309017, -0.5, 0.809017, 0.0, 0.0, 0.0, 0.0, 1.0 ], [ 0.309017, -0.5, 0.809017, 0.0, 0.5, 0.809017, 0.309017, 0.0, -0.809017, 0.309017, 0.5, 0.0, 0.0, 0.0, 0.0, 1.0 ], [ -0.809017, 0.309017, 0.5, 0.0, -0.309017, 0.5, -0.809017, 0.0, -0.5, -0.809017, -0.309017, 0.0, 0.0, 0.0, 0.0, 1.0 ], [ -0.5, -0.809017, 0.309017, 0.0, 0.809017, -0.309017, 0.5, 0.0, -0.309017, 0.5, 0.809017, 0.0, 0.0, 0.0, 0.0, 1.0 ], [ -0.309017, 0.5, 0.809017, 0.0, 0.5, 0.809017, -0.309017, 0.0, -0.809017, 0.309017, -0.5, 0.0, 0.0, 0.0, 0.0, 1.0 ], [ -0.809017, 0.309017, -0.5, 0.0, 0.309017, -0.5, -0.809017, 0.0, -0.5, -0.809017, 0.309017, 0.0, 0.0, 0.0, 0.0, 1.0 ], [ -0.809017, -0.309017, 0.5, 0.0, 0.309017, 0.5, 0.809017, 0.0, -0.5, 0.809017, -0.309017, 0.0, 0.0, 0.0, 0.0, 1.0 ], [ -0.5, 0.809017, -0.309017, 0.0, 0.809017, 0.309017, -0.5, 0.0, -0.309017, -0.5, -0.809017, 0.0, 0.0, 0.0, 0.0, 1.0 ], [ -0.309017, -0.5, -0.809017, 0.0, 0.5, -0.809017, 0.309017, 0.0, -0.809017, -0.309017, 0.5, 0.0, 0.0, 0.0, 0.0, 1.0 ] ],
  "lights" : {
    "ambientColor" : "#292929",
    "backgroundColor" : "#AFC8DC",
    "directionalLights" : [ {
      "direction" : {
        "x" : 1.0,
        "y" : -1.0,
        "z" : -1.0
      },
      "color" : "#EBEBE4"
    }, {
      "direction" : {
        "x" : -1.0,
        "y" : 0.0,
        "z" : 0.0
      },
      "color" : "#E4E4EB"
    }, {
      "direction" : {
        "x" : 0.0,
        "y" : 0.0,
        "z" : -1.0
      },
      "color" : "#1E1E1E"
    } ]
  },
  "camera" : {
    "width" : 90.95565,
    "stereo" : false,
    "lookDirection" : {
      "x" : -0.63899624,
      "y" : -0.58447057,
      "z" : -0.50006986
    },
    "upDirection" : {
      "x" : 0.6461675,
      "y" : -0.7605801,
      "z" : 0.06324261
    },
    "lookAtPoint" : {
      "x" : 101.98235,
      "y" : 97.746284,
      "z" : 6.854102
    },
    "viewDistance" : 202.12361,
    "nearClipDistance" : 0.5053086,
    "farClipDistance" : 404.2463,
    "fieldOfView" : 0.442629,
    "perspective" : true,
    "position" : {
      "x" : 231.13858,
      "y" : 215.88159,
      "z" : 107.93003
    }
  },
  "embedding" : [ 1.0, 0.0, 0.0, 0.0, 0.0, 1.0, 0.0, 0.0, 0.0, 0.0, 1.0, 0.0, 0.0, 0.0, 0.0, 1.0 ],
  "shapes" : [ {
    "id" : "1be5697f-80c1-48ea-899d-d5e17589c680",
    "vertices" : [ {
      "x" : 2.8185365,
      "y" : -3.2236068,
      "z" : -1.2401333
    }, {
      "x" : 2.753289,
      "y" : -3.263932,
      "z" : -1.2016262
    }, {
      "x" : 2.781153,
      "y" : -3.246711,
      "z" : -1.2573543
    } ],
    "faces" : [ {
      "vertices" : [ 0, 1, 2 ]
    }, {
      "vertices" : [ 0, 2, 1 ]
    } ]
  }, {
    "id" : "858b5324-19fa-42b8-858c-3c8c79de7548",
    "vertices" : [ {
      "x" : 3.7562306,
      "y" : 2.3291795,
      "z" : -0.26393202
    }, {
      "x" : 3.6381967,
      "y" : 2.5201626,
      "z" : 0.10081306
    }, {
      "x" : 1.809017,
      "y" : 0.690983,
      "z" : 0.10081306
    }, {
      "x" : 1.927051,
      "y" : 0.5,
      "z" : -0.26393202
    } ],
    "faces" : [ {
      "vertices" : [ 0, 1, 2 ]
    }, {
      "vertices" : [ 0, 2, 3 ]
    }, {
      "vertices" : [ 0, 3, 2 ]
    }, {
      "vertices" : [ 0, 2, 1 ]
    } ]
  }, {
    "id" : "ef10bf05-77fe-4c7a-96de-d79032945919",
    "vertices" : [ {
      "x" : 5.208204,
      "y" : 1.281153,
      "z" : -0.6008131
    }, {
      "x" : 5.517221,
      "y" : 1.4721359,
      "z" : -0.6008131
    }, {
      "x" : 5.326238,
      "y" : 1.781153,
      "z" : -0.4827791
    } ],
    "faces" : [ {
      "vertices" : [ 0, 1, 2 ]
    }, {
      "vertices" : [ 0, 2, 1 ]
    } ]
  }, {
    "id" : "8a09ebd4-5649-4dae-919c-65f614e0cc89",
    "vertices" : [ {
      "x" : 5.385255,
      "y" : 0.5225425,
      "z" : -1.1930157
    }, {
      "x" : 5.385255,
      "y" : 0.5225425,
      "z" : -0.9184405
    }, {
      "x" : 5.576238,
      "y" : 0.6405765,
      "z" : -0.9184405
    }, {
      "x" : 5.576238,
      "y" : 0.6405765,
      "z" : -1.1930157
    } ],
    "faces" : [ {
      "vertices" : [ 0, 1, 2 ]
    }, {
      "vertices" : [ 0, 2, 3 ]
    }, {
      "vertices" : [ 0, 3, 2 ]
    }, {
      "vertices" : [ 0, 2, 1 ]
    } ]
  }, {
    "id" : "f9faf48a-9adc-4d35-9274-22725bbbd57b",
    "vertices" : [ {
      "x" : 1.7082039,
      "y" : -1.7467111,
      "z" : -0.6286771
    }, {
      "x" : 1.7532889,
      "y" : -1.8196601,
      "z" : -0.7467111
    }, {
      "x" : 1.809017,
      "y" : -1.9098301,
      "z" : -0.690983
    } ],
    "faces" : [ {
      "vertices" : [ 0, 1, 2 ]
    }, {
      "vertices" : [ 0, 2, 1 ]
    } ]
  }, {
    "id" : "3532fca7-8350-416f-bf99-61a3d8ca42e8",
    "vertices" : [ {
      "x" : 1.354102,
      "y" : -1.0,
      "z" : -0.33688104
    }, {
      "x" : 1.4074502,
      "y" : -0.94042116,
      "z" : -0.36803398
    }, {
      "x" : 1.3582999,
      "y" : -0.8608944,
      "z" : -0.4967111
    }, {
      "x" : 1.3262379,
      "y" : -0.8926091,
      "z" : -0.4827791
    }, {
      "x" : 1.3155948,
      "y" : -0.9376941,
      "z" : -0.4376941
    } ],
    "faces" : [ {
      "vertices" : [ 0, 1, 2 ]
    }, {
      "vertices" : [ 0, 2, 3 ]
    }, {
      "vertices" : [ 0, 3, 4 ]
    }, {
      "vertices" : [ 0, 4, 3 ]
    }, {
      "vertices" : [ 0, 3, 2 ]
    }, {
      "vertices" : [ 0, 2, 1 ]
    } ]
  }, {
    "id" : "eeb331b2-d6e2-4b8d-ac94-12101d52b9b9",
    "vertices" : [ {
      "x" : 2.1352549,
      "y" : -2.437694,
      "z" : -1.218847
    }, {
      "x" : 2.145898,
      "y" : -2.454915,
      "z" : -1.100813
    }, {
      "x" : 2.072949,
      "y" : -2.336881,
      "z" : -1.0557281
    } ],
    "faces" : [ {
      "vertices" : [ 0, 1, 2 ]
    }, {
      "vertices" : [ 0, 2, 1 ]
    } ]
  }, {
    "id" : "412a0899-27bc-429e-b47b-22c9a9262d0b",
    "vertices" : [ {
      "x" : 6.4077973,
      "y" : 0.72213596,
      "z" : -2.5782707
    }, {
      "x" : 6.2618995,
      "y" : 0.9582039,
      "z" : -2.2520328
    }, {
      "x" : 6.017221,
      "y" : 0.66311896,
      "z" : -2.0557282
    } ],
    "faces" : [ {
      "vertices" : [ 0, 1, 2 ]
    }, {
      "vertices" : [ 0, 2, 1 ]
    } ]
  }, {
    "id" : "217c5418-736c-4811-893e-310680b3d08c",
    "vertices" : [ {
      "x" : 2.3713229,
      "y" : -3.246711,
      "z" : -1.1565411
    }, {
      "x" : 2.309017,
      "y" : -3.145898,
      "z" : -1.3196601
    }, {
      "x" : 1.954915,
      "y" : -2.572949,
      "z" : -1.100813
    } ],
    "faces" : [ {
      "vertices" : [ 0, 1, 2 ]
    }, {
      "vertices" : [ 0, 2, 1 ]
    } ]
  }, {
    "id" : "7cb3f012-86a9-4884-80cc-cae04994e800",
    "vertices" : [ {
      "x" : 5.8464007,
      "y" : 0.93951213,
      "z" : -1.6737621
    }, {
      "x" : 5.517221,
      "y" : 0.73606795,
      "z" : -1.6737621
    }, {
      "x" : 5.399187,
      "y" : 0.927051,
      "z" : -1.600813
    }, {
      "x" : 5.7283664,
      "y" : 1.1304952,
      "z" : -1.600813
    } ],
    "faces" : [ {
      "vertices" : [ 0, 1, 2 ]
    }, {
      "vertices" : [ 0, 2, 3 ]
    }, {
      "vertices" : [ 0, 3, 2 ]
    }, {
      "vertices" : [ 0, 2, 1 ]
    } ]
  }, {
    "id" : "e5078e02-6c9c-4713-9dd5-75622e53be87",
    "vertices" : [ {
      "x" : 1.5623059,
      "y" : -1.9376941,
      "z" : -0.7467111
    }, {
      "x" : 1.5278641,
      "y" : -1.881966,
      "z" : -0.83688104
    }, {
      "x" : 1.718847,
      "y" : -1.763932,
      "z" : -0.83688104
    }, {
      "x" : 1.7532889,
      "y" : -1.8196601,
      "z" : -0.7467111
    } ],
    "faces" : [ {
      "vertices" : [ 0, 1, 2 ]
    }, {
      "vertices" : [ 0, 2, 3 ]
    }, {
      "vertices" : [ 0, 3, 2 ]
    }, {
      "vertices" : [ 0, 2, 1 ]
    } ]
  }, {
    "id" : "4ddcf881-3adb-4095-85b6-6122f9cd8719",
    "vertices" : [ {
      "x" : 4.545085,
      "y" : 3.736068,
      "z" : -0.26393202
    }, {
      "x" : 4.354102,
      "y" : 3.354102,
      "z" : -0.26393202
    }, {
      "x" : 4.472136,
      "y" : 3.163119,
      "z" : -0.572949
    } ],
    "faces" : [ {
      "vertices" : [ 0, 1, 2 ]
    }, {
      "vertices" : [ 0, 2, 1 ]
    } ]
  }, {
    "id" : "d22ba0d5-f064-4749-af00-4f5e805e4120",
    "vertices" : [ {
      "x" : 4.1995935,
      "y" : 1.6118034,
      "z" : -1.368943
    }, {
      "x" : 4.053695,
      "y" : 1.8478714,
      "z" : -1.042705
    }, {
      "x" : 2.0086105,
      "y" : 0.36803398,
      "z" : -0.47745752
    }, {
      "x" : 2.1545086,
      "y" : 0.13196601,
      "z" : -0.80369544
    } ],
    "faces" : [ {
      "vertices" : [ 0, 1, 2 ]
    }, {
      "vertices" : [ 0, 2, 3 ]
    }, {
      "vertices" : [ 0, 3, 2 ]
    }, {
      "vertices" : [ 0, 2, 1 ]
    } ]
  }, {
    "id" : "95e57d04-0cef-4e9a-b1f5-37fd2a92463a",
    "vertices" : [ {
      "x" : 1.3753881,
      "y" : -1.0557281,
      "z" : -0.33688104
    }, {
      "x" : 1.381966,
      "y" : -1.218847,
      "z" : -0.42705098
    }, {
      "x" : 1.4098301,
      "y" : -1.0901699,
      "z" : -0.3713229
    } ],
    "faces" : [ {
      "vertices" : [ 0, 1, 2 ]
    }, {
      "vertices" : [ 0, 2, 1 ]
    } ]
  }, {
    "id" : "2441b268-8332-4bd6-bded-49fcf246fc2a",
    "vertices" : [ {
      "x" : 5.553695,
      "y" : 2.104102,
      "z" : -2.0504065
    }, {
      "x" : 5.472136,
      "y" : 1.545085,
      "z" : -1.718847
    }, {
      "x" : 5.7725425,
      "y" : 1.75,
      "z" : -1.9495934
    } ],
    "faces" : [ {
      "vertices" : [ 0, 1, 2 ]
    }, {
      "vertices" : [ 0, 2, 1 ]
    } ]
  }, {
    "id" : "fe873fa0-b29a-4ff8-b055-c433adafb1f3",
    "vertices" : [ {
      "x" : 4.899187,
      "y" : 1.736068,
      "z" : -1.5278641
    }, {
      "x" : 4.881966,
      "y" : 1.763932,
      "z" : -1.5278641
    }, {
      "x" : 4.9668145,
      "y" : 1.6266445,
      "z" : -1.75
    }, {
      "x" : 4.972136,
      "y" : 1.618034,
      "z" : -1.718847
    } ],
    "faces" : [ {
      "vertices" : [ 0, 1, 2 ]
    }, {
      "vertices" : [ 0, 2, 3 ]
    }, {
      "vertices" : [ 0, 3, 2 ]
    }, {
      "vertices" : [ 0, 2, 1 ]
    } ]
  }, {
    "id" : "41f10fac-78c1-424a-9631-927e0112d888",
    "vertices" : [ {
      "x" : 5.444272,
      "y" : 0.85410196,
      "z" : -1.2467111
    }, {
      "x" : 5.4389505,
      "y" : 0.86271244,
      "z" : -1.2778641
    }, {
      "x" : 5.576238,
      "y" : 0.6405765,
      "z" : -1.1930157
    }, {
      "x" : 5.562306,
      "y" : 0.66311896,
      "z" : -1.1737621
    } ],
    "faces" : [ {
      "vertices" : [ 0, 1, 2 ]
    }, {
      "vertices" : [ 0, 2, 3 ]
    }, {
      "vertices" : [ 0, 3, 2 ]
    }, {
      "vertices" : [ 0, 2, 1 ]
    } ]
  }, {
    "id" : "29edf57c-0ffc-4664-aa7b-4e0b3b99ee31",
    "vertices" : [ {
      "x" : 1.5373836,
      "y" : -1.1506578,
      "z" : -0.40983006
    }, {
      "x" : 1.5287731,
      "y" : -1.1367258,
      "z" : -0.39793068
    }, {
      "x" : 1.4721359,
      "y" : -1.190983,
      "z" : -0.40983006
    } ],
    "faces" : [ {
      "vertices" : [ 0, 1, 2 ]
    }, {
      "vertices" : [ 0, 2, 1 ]
    } ]
  }, {
    "id" : "6c6334c8-7b6c-4fbd-83a4-6c1df077937e",
    "vertices" : [ {
      "x" : 1.4299927,
      "y" : -0.9768957,
      "z" : -0.71884704
    }, {
      "x" : 1.4386032,
      "y" : -0.99082774,
      "z" : -0.7069477
    }, {
      "x" : 1.354102,
      "y" : -1.0,
      "z" : -0.71884704
    } ],
    "faces" : [ {
      "vertices" : [ 0, 1, 2 ]
    }, {
      "vertices" : [ 0, 2, 1 ]
    } ]
  }, {
    "id" : "ca5e123f-be55-4435-9cbb-30bc01b9f933",
    "vertices" : [ {
      "x" : 5.34017,
      "y" : 0.5954915,
      "z" : -1.6545085
    }, {
      "x" : 5.34017,
      "y" : 0.5954915,
      "z" : -1.9290836
    }, {
      "x" : 5.2028823,
      "y" : 0.81762743,
      "z" : -2.013932
    }, {
      "x" : 5.118034,
      "y" : 0.95491505,
      "z" : -1.7917961
    }, {
      "x" : 5.2028823,
      "y" : 0.81762743,
      "z" : -1.5696601
    } ],
    "faces" : [ {
      "vertices" : [ 0, 1, 2 ]
    }, {
      "vertices" : [ 0, 2, 3 ]
    }, {
      "vertices" : [ 0, 3, 4 ]
    }, {
      "vertices" : [ 0, 4, 3 ]
    }, {
      "vertices" : [ 0, 3, 2 ]
    }, {
      "vertices" : [ 0, 2, 1 ]
    } ]
  }, {
    "id" : "f7023cac-eff5-4944-938f-1548776e8e5c",
    "vertices" : [ {
      "x" : 4.9077973,
      "y" : 0.46590537,
      "z" : -1.5705692
    }, {
      "x" : 5.59017,
      "y" : 0.66311896,
      "z" : -1.600813
    }, {
      "x" : 5.399187,
      "y" : 0.97213596,
      "z" : -1.482779
    } ],
    "faces" : [ {
      "vertices" : [ 0, 1, 2 ]
    }, {
      "vertices" : [ 0, 2, 1 ]
    } ]
  }, {
    "id" : "245e8e1e-af40-44ef-9a98-052578e4e018",
    "vertices" : [ {
      "x" : 5.7283664,
      "y" : 1.1304952,
      "z" : -1.982779
    }, {
      "x" : 5.399187,
      "y" : 0.927051,
      "z" : -1.982779
    }, {
      "x" : 5.517221,
      "y" : 0.73606795,
      "z" : -1.9098301
    }, {
      "x" : 5.8464007,
      "y" : 0.93951213,
      "z" : -1.9098301
    } ],
    "faces" : [ {
      "vertices" : [ 0, 1, 2 ]
    }, {
      "vertices" : [ 0, 2, 3 ]
    }, {
      "vertices" : [ 0, 3, 2 ]
    }, {
      "vertices" : [ 0, 2, 1 ]
    } ]
  }, {
    "id" : "c162ea29-5e9b-49c8-b61d-d3af49d928b0",
    "vertices" : [ {
      "x" : 1.7853509,
      "y" : -1.5518774,
      "z" : -0.7606431
    }, {
      "x" : 1.7082039,
      "y" : -1.572949,
      "z" : -0.7917961
    }, {
      "x" : 1.7532889,
      "y" : -1.5835922,
      "z" : -0.7467111
    } ],
    "faces" : [ {
      "vertices" : [ 0, 1, 2 ]
    }, {
      "vertices" : [ 0, 2, 1 ]
    } ]
  }, {
    "id" : "55419de3-ba18-47fc-b339-bcfbe20d6ebe",
    "vertices" : [ {
      "x" : 4.104102,
      "y" : 2.5954914,
      "z" : -0.12664445
    }, {
      "x" : 3.9668143,
      "y" : 2.8176274,
      "z" : -0.041796066
    }, {
      "x" : 4.1577973,
      "y" : 2.9356616,
      "z" : -0.041796066
    }, {
      "x" : 4.295085,
      "y" : 2.7135255,
      "z" : -0.12664445
    } ],
    "faces" : [ {
      "vertices" : [ 0, 1, 2 ]
    }, {
      "vertices" : [ 0, 2, 3 ]
    }, {
      "vertices" : [ 0, 3, 2 ]
    }, {
      "vertices" : [ 0, 2, 1 ]
    } ]
  }, {
    "id" : "348874e3-0413-45e4-b024-4d238c7cbec5",
    "vertices" : [ {
      "x" : 6.2005024,
      "y" : 0.36656314,
      "z" : -1.5106431
    }, {
      "x" : 5.871323,
      "y" : 0.16311896,
      "z" : -1.5106431
    }, {
      "x" : 5.989357,
      "y" : -0.027864045,
      "z" : -1.4376941
    }, {
      "x" : 6.3185363,
      "y" : 0.17558014,
      "z" : -1.4376941
    } ],
    "faces" : [ {
      "vertices" : [ 0, 1, 2 ]
    }, {
      "vertices" : [ 0, 2, 3 ]
    }, {
      "vertices" : [ 0, 3, 2 ]
    }, {
      "vertices" : [ 0, 2, 1 ]
    } ]
  }, {
    "id" : "fb7b5299-a38d-4ce6-be70-47aa26fb11bf",
    "vertices" : [ {
      "x" : 3.5397635,
      "y" : 3.5086105,
      "z" : 0.22213596
    }, {
      "x" : 3.454915,
      "y" : 3.645898,
      "z" : 0.0
    }, {
      "x" : 3.645898,
      "y" : 3.763932,
      "z" : 0.0
    }, {
      "x" : 3.7307465,
      "y" : 3.6266444,
      "z" : 0.22213596
    } ],
    "faces" : [ {
      "vertices" : [ 0, 1, 2 ]
    }, {
      "vertices" : [ 0, 2, 3 ]
    }, {
      "vertices" : [ 0, 3, 2 ]
    }, {
      "vertices" : [ 0, 2, 1 ]
    } ]
  }, {
    "id" : "268ee8f2-a9a0-4ce5-96ec-74d921697314",
    "vertices" : [ {
      "x" : 2.6918921,
      "y" : -3.0186918,
      "z" : -1.4987438
    }, {
      "x" : 2.7005024,
      "y" : -3.0326238,
      "z" : -1.5106431
    }, {
      "x" : 2.6352549,
      "y" : -3.072949,
      "z" : -1.5106431
    } ],
    "faces" : [ {
      "vertices" : [ 0, 1, 2 ]
    }, {
      "vertices" : [ 0, 2, 1 ]
    } ]
  }, {
    "id" : "42b5d9ae-7b1f-4bb7-bddb-1b3f75101f77",
    "vertices" : [ {
      "x" : 4.1995935,
      "y" : 1.6118034,
      "z" : -1.368943
    }, {
      "x" : 5.1266446,
      "y" : 2.795085,
      "z" : -1.7864745
    }, {
      "x" : 5.3454914,
      "y" : 2.440983,
      "z" : -1.6856614
    } ],
    "faces" : [ {
      "vertices" : [ 0, 1, 2 ]
    }, {
      "vertices" : [ 0, 2, 1 ]
    } ]
  }, {
    "id" : "78438444-1c41-4898-a903-dd8025d5c826",
    "vertices" : [ {
      "x" : 5.7532887,
      "y" : 1.0901699,
      "z" : -0.7467111
    }, {
      "x" : 4.9193497,
      "y" : 0.4472136,
      "z" : -0.690983
    }, {
      "x" : 5.635255,
      "y" : 0.59016997,
      "z" : -0.8647451
    } ],
    "faces" : [ {
      "vertices" : [ 0, 1, 2 ]
    }, {
      "vertices" : [ 0, 2, 1 ]
    } ]
  }, {
    "id" : "c9f91ba3-ad5f-43b4-9a5a-358c64da6859",
    "vertices" : [ {
      "x" : 0.9827791,
      "y" : -0.39918694,
      "z" : -0.10739087
    }, {
      "x" : 0.95491505,
      "y" : -0.52786404,
      "z" : -0.16311896
    }, {
      "x" : 1.045085,
      "y" : -0.5,
      "z" : -0.14589803
    } ],
    "faces" : [ {
      "vertices" : [ 0, 1, 2 ]
    }, {
      "vertices" : [ 0, 2, 1 ]
    } ]
  }, {
    "id" : "a549ca5f-87fe-454a-8ccd-ad87420bc123",
    "vertices" : [ {
      "x" : 2.263932,
      "y" : -3.336881,
      "z" : -1.3647451
    }, {
      "x" : 2.190983,
      "y" : -3.218847,
      "z" : -1.3196601
    }, {
      "x" : 2.309017,
      "y" : -3.145898,
      "z" : -1.3196601
    }, {
      "x" : 2.381966,
      "y" : -3.263932,
      "z" : -1.3647451
    } ],
    "faces" : [ {
      "vertices" : [ 0, 1, 2 ]
    }, {
      "vertices" : [ 0, 2, 3 ]
    }, {
      "vertices" : [ 0, 3, 2 ]
    }, {
      "vertices" : [ 0, 2, 1 ]
    } ]
  }, {
    "id" : "83cb04e5-da0a-47e5-bc1c-017e80c1a912",
    "vertices" : [ {
      "x" : 4.309017,
      "y" : 2.736068,
      "z" : -0.809017
    }, {
      "x" : 3.6266444,
      "y" : 2.5388544,
      "z" : -0.77877307
    }, {
      "x" : 3.7725425,
      "y" : 2.3027864,
      "z" : -1.105011
    } ],
    "faces" : [ {
      "vertices" : [ 0, 1, 2 ]
    }, {
      "vertices" : [ 0, 2, 1 ]
    } ]
  }, {
    "id" : "61675269-f310-45d7-8a1f-a5af094335fb",
    "vertices" : [ {
      "x" : 4.775831,
      "y" : 1.5086105,
      "z" : -1.75
    }, {
      "x" : 4.913119,
      "y" : 1.2864745,
      "z" : -1.6651516
    }, {
      "x" : 5.104102,
      "y" : 1.4045085,
      "z" : -1.6651516
    }, {
      "x" : 4.9668145,
      "y" : 1.6266445,
      "z" : -1.75
    } ],
    "faces" : [ {
      "vertices" : [ 0, 1, 2 ]
    }, {
      "vertices" : [ 0, 2, 3 ]
    }, {
      "vertices" : [ 0, 3, 2 ]
    }, {
      "vertices" : [ 0, 2, 1 ]
    } ]
  }, {
    "id" : "9edc61c5-246a-4e2c-ad8c-450000c22dee",
    "vertices" : [ {
      "x" : 4.4922986,
      "y" : 1.1381966,
      "z" : -1.1565411
    }, {
      "x" : 5.517221,
      "y" : 2.163119,
      "z" : -1.1565411
    }, {
      "x" : 5.326238,
      "y" : 1.781153,
      "z" : -1.100813
    } ],
    "faces" : [ {
      "vertices" : [ 0, 1, 2 ]
    }, {
      "vertices" : [ 0, 2, 1 ]
    } ]
  }, {
    "id" : "4f6e2ed4-d6e5-44d5-bbac-951eedbbbd13",
    "vertices" : [ {
      "x" : 4.118034,
      "y" : 3.0,
      "z" : -1.190983
    }, {
      "x" : 4.1127124,
      "y" : 3.0086105,
      "z" : -1.2221359
    }, {
      "x" : 4.25,
      "y" : 2.7864745,
      "z" : -1.1372876
    }, {
      "x" : 4.236068,
      "y" : 2.809017,
      "z" : -1.118034
    } ],
    "faces" : [ {
      "vertices" : [ 0, 1, 2 ]
    }, {
      "vertices" : [ 0, 2, 3 ]
    }, {
      "vertices" : [ 0, 3, 2 ]
    }, {
      "vertices" : [ 0, 2, 1 ]
    } ]
  }, {
    "id" : "9fe60329-c30b-4de8-b502-2e9eebc28c52",
    "vertices" : [ {
      "x" : 6.2532887,
      "y" : 0.97213596,
      "z" : -1.3196601
    }, {
      "x" : 6.062306,
      "y" : 0.59016997,
      "z" : -1.3196601
    }, {
      "x" : 6.18034,
      "y" : 0.39918694,
      "z" : -1.6286771
    } ],
    "faces" : [ {
      "vertices" : [ 0, 1, 2 ]
    }, {
      "vertices" : [ 0, 2, 1 ]
    } ]
  }, {
    "id" : "89d674c5-442b-483f-a3d2-8ae89749056f",
    "vertices" : [ {
      "x" : 3.3991868,
      "y" : -1.881966,
      "z" : -1.3196601
    }, {
      "x" : 2.826238,
      "y" : -2.645898,
      "z" : -1.3196601
    }, {
      "x" : 2.9442718,
      "y" : -2.836881,
      "z" : -1.0106431
    } ],
    "faces" : [ {
      "vertices" : [ 0, 1, 2 ]
    }, {
      "vertices" : [ 0, 2, 1 ]
    } ]
  }, {
    "id" : "f1b690c3-44b9-4b15-a1f2-0d390e6bea71",
    "vertices" : [ {
      "x" : 2.708204,
      "y" : -2.454915,
      "z" : -0.8647451
    }, {
      "x" : 2.646807,
      "y" : -2.3555727,
      "z" : -0.9257947
    }, {
      "x" : 2.6554174,
      "y" : -2.369505,
      "z" : -0.9376941
    } ],
    "faces" : [ {
      "vertices" : [ 0, 1, 2 ]
    }, {
      "vertices" : [ 0, 2, 1 ]
    } ]
  }, {
    "id" : "5280f003-e03b-4eb8-b350-bf0b4250b64c",
    "vertices" : [ {
      "x" : 1.8024392,
      "y" : -1.7467111,
      "z" : -0.6008131
    }, {
      "x" : 1.781153,
      "y" : -1.690983,
      "z" : -0.6008131
    }, {
      "x" : 1.7082039,
      "y" : -1.7467111,
      "z" : -0.6286771
    } ],
    "faces" : [ {
      "vertices" : [ 0, 1, 2 ]
    }, {
      "vertices" : [ 0, 2, 1 ]
    } ]
  }, {
    "id" : "20394e8e-47c2-449a-8599-166ab1e50de4",
    "vertices" : [ {
      "x" : 2.281153,
      "y" : -1.763932,
      "z" : -0.6008131
    }, {
      "x" : 2.281153,
      "y" : -1.763932,
      "z" : -0.9827791
    }, {
      "x" : 3.0086105,
      "y" : -1.25,
      "z" : -1.3315595
    } ],
    "faces" : [ {
      "vertices" : [ 0, 1, 2 ]
    }, {
      "vertices" : [ 0, 2, 1 ]
    } ]
  }, {
    "id" : "96b38c65-3c4d-4cce-8673-6788dd92c39e",
    "vertices" : [ {
      "x" : 2.826238,
      "y" : -0.52786404,
      "z" : -1.1565411
    }, {
      "x" : 2.781153,
      "y" : -0.881966,
      "z" : -0.7917961
    }, {
      "x" : 2.8627124,
      "y" : -1.013932,
      "z" : -1.0053215
    } ],
    "faces" : [ {
      "vertices" : [ 0, 1, 2 ]
    }, {
      "vertices" : [ 0, 2, 1 ]
    } ]
  }, {
    "id" : "c490c9a5-45b4-4e12-bec5-f4247066454a",
    "vertices" : [ {
      "x" : 1.5,
      "y" : 1.190983,
      "z" : 0.0
    }, {
      "x" : 1.381966,
      "y" : 1.381966,
      "z" : 0.36474508
    }, {
      "x" : 1.0,
      "y" : 0.309017,
      "z" : 0.19098301
    } ],
    "faces" : [ {
      "vertices" : [ 0, 1, 2 ]
    }, {
      "vertices" : [ 0, 2, 1 ]
    } ]
  }, {
    "id" : "17ff4c2b-1481-466d-bd7d-4606d0599c1e",
    "vertices" : [ {
      "x" : 0.50419796,
      "y" : 0.5210717,
      "z" : 0.031152949
    }, {
      "x" : 0.42705098,
      "y" : 0.5,
      "z" : 0.0
    }, {
      "x" : 0.47213596,
      "y" : 0.48935688,
      "z" : 0.045084972
    } ],
    "faces" : [ {
      "vertices" : [ 0, 1, 2 ]
    }, {
      "vertices" : [ 0, 2, 1 ]
    } ]
  }, {
    "id" : "0b02a26a-8828-4222-84a2-28db75ce896e",
    "vertices" : [ {
      "x" : 5.4644346,
      "y" : -0.4347524,
      "z" : -1.3196601
    }, {
      "x" : 5.3464007,
      "y" : -0.2437694,
      "z" : -0.95491505
    }, {
      "x" : 3.517221,
      "y" : -2.072949,
      "z" : -0.95491505
    }, {
      "x" : 3.6352549,
      "y" : -2.263932,
      "z" : -1.3196601
    } ],
    "faces" : [ {
      "vertices" : [ 0, 1, 2 ]
    }, {
      "vertices" : [ 0, 2, 3 ]
    }, {
      "vertices" : [ 0, 3, 2 ]
    }, {
      "vertices" : [ 0, 2, 1 ]
    } ]
  }, {
    "id" : "25053055-57d5-46e3-a149-1011fe9cc693",
    "vertices" : [ {
      "x" : 5.7618995,
      "y" : -0.9160606,
      "z" : -2.0984333
    }, {
      "x" : 6.444272,
      "y" : -0.71884704,
      "z" : -2.1286771
    }, {
      "x" : 6.2532887,
      "y" : -0.40983006,
      "z" : -2.010643
    } ],
    "faces" : [ {
      "vertices" : [ 0, 1, 2 ]
    }, {
      "vertices" : [ 0, 2, 1 ]
    } ]
  }, {
    "id" : "8b2a6239-3fc6-4c06-97fa-5fe45ce92692",
    "vertices" : [ {
      "x" : 4.972136,
      "y" : 1.663119,
      "z" : -1.218847
    }, {
      "x" : 5.2811527,
      "y" : 1.854102,
      "z" : -1.218847
    }, {
      "x" : 5.163119,
      "y" : 2.045085,
      "z" : -1.5278641
    } ],
    "faces" : [ {
      "vertices" : [ 0, 1, 2 ]
    }, {
      "vertices" : [ 0, 2, 1 ]
    } ]
  }, {
    "id" : "2be083f5-64a7-4902-859c-e6996e06966c",
    "vertices" : [ {
      "x" : 1.1832815,
      "y" : 0.01246118,
      "z" : -0.26393202
    }, {
      "x" : 1.1865705,
      "y" : 0.007139621,
      "z" : -0.2831856
    }, {
      "x" : 0.9226385,
      "y" : -0.15597934,
      "z" : -0.2831856
    }, {
      "x" : 0.91934955,
      "y" : -0.15065779,
      "z" : -0.26393202
    } ],
    "faces" : [ {
      "vertices" : [ 0, 1, 2 ]
    }, {
      "vertices" : [ 0, 2, 3 ]
    }, {
      "vertices" : [ 0, 3, 2 ]
    }, {
      "vertices" : [ 0, 2, 1 ]
    } ]
  }, {
    "id" : "4c2a1f86-7cd3-41b8-abad-182993ae78fc",
    "vertices" : [ {
      "x" : 4.820916,
      "y" : 1.4356614,
      "z" : -0.5696601
    }, {
      "x" : 4.958204,
      "y" : 1.2135255,
      "z" : -0.6545085
    }, {
      "x" : 4.958204,
      "y" : 1.2135255,
      "z" : -0.92908365
    }, {
      "x" : 4.820916,
      "y" : 1.4356614,
      "z" : -1.013932
    }, {
      "x" : 4.736068,
      "y" : 1.572949,
      "z" : -0.7917961
    } ],
    "faces" : [ {
      "vertices" : [ 0, 1, 2 ]
    }, {
      "vertices" : [ 0, 2, 3 ]
    }, {
      "vertices" : [ 0, 3, 4 ]
    }, {
      "vertices" : [ 0, 4, 3 ]
    }, {
      "vertices" : [ 0, 3, 2 ]
    }, {
      "vertices" : [ 0, 2, 1 ]
    } ]
  }, {
    "id" : "59465f2e-1ce3-4add-a6d3-2d4427ea9598",
    "vertices" : [ {
      "x" : 2.072949,
      "y" : -2.336881,
      "z" : -1.0557281
    }, {
      "x" : 2.1352549,
      "y" : -2.437694,
      "z" : -0.8926091
    }, {
      "x" : 2.1352549,
      "y" : -2.2852182,
      "z" : -1.0
    } ],
    "faces" : [ {
      "vertices" : [ 0, 1, 2 ]
    }, {
      "vertices" : [ 0, 2, 1 ]
    } ]
  }, {
    "id" : "5d31d77b-f570-4765-8933-c12ae323150c",
    "vertices" : [ {
      "x" : 4.2811527,
      "y" : 2.736068,
      "z" : -0.14589803
    }, {
      "x" : 4.295085,
      "y" : 2.7135255,
      "z" : -0.12664445
    }, {
      "x" : 4.1577973,
      "y" : 2.9356616,
      "z" : -0.041796066
    }, {
      "x" : 4.163119,
      "y" : 2.927051,
      "z" : -0.072949015
    } ],
    "faces" : [ {
      "vertices" : [ 0, 1, 2 ]
    }, {
      "vertices" : [ 0, 2, 3 ]
    }, {
      "vertices" : [ 0, 3, 2 ]
    }, {
      "vertices" : [ 0, 2, 1 ]
    } ]
  }, {
    "id" : "5c639daa-81b9-41e6-81c9-3c3a3694b683",
    "vertices" : [ {
      "x" : 4.4922986,
      "y" : 3.130495,
      "z" : -0.45491502
    }, {
      "x" : 4.472136,
      "y" : 3.163119,
      "z" : -0.572949
    }, {
      "x" : 4.354102,
      "y" : 3.354102,
      "z" : -0.26393202
    }, {
      "x" : 4.4193497,
      "y" : 3.2485292,
      "z" : -0.26393202
    } ],
    "faces" : [ {
      "vertices" : [ 0, 1, 2 ]
    }, {
      "vertices" : [ 0, 2, 3 ]
    }, {
      "vertices" : [ 0, 3, 2 ]
    }, {
      "vertices" : [ 0, 2, 1 ]
    } ]
  }, {
    "id" : "ed03ba24-0e51-4c7d-b592-a15429432cab",
    "vertices" : [ {
      "x" : 1.899187,
      "y" : -1.8196601,
      "z" : -0.927051
    }, {
      "x" : 1.899187,
      "y" : -1.881966,
      "z" : -0.90983003
    }, {
      "x" : 1.8647451,
      "y" : -1.8475242,
      "z" : -0.9442719
    } ],
    "faces" : [ {
      "vertices" : [ 0, 1, 2 ]
    }, {
      "vertices" : [ 0, 2, 1 ]
    } ]
  }, {
    "id" : "84a18b30-50a0-4ae7-a95a-d6756fce137e",
    "vertices" : [ {
      "x" : 0.9226385,
      "y" : -0.15597934,
      "z" : -0.2831856
    }, {
      "x" : 0.9312489,
      "y" : -0.16991137,
      "z" : -0.29508498
    }, {
      "x" : 0.85410196,
      "y" : -0.19098301,
      "z" : -0.26393202
    } ],
    "faces" : [ {
      "vertices" : [ 0, 1, 2 ]
    }, {
      "vertices" : [ 0, 2, 1 ]
    } ]
  }, {
    "id" : "6c914e9d-8157-4071-bf2f-9e4239f7336e",
    "vertices" : [ {
      "x" : 4.7811527,
      "y" : 1.9721359,
      "z" : -0.33688104
    }, {
      "x" : 4.0652475,
      "y" : 1.8291796,
      "z" : -0.16311896
    }, {
      "x" : 4.1832814,
      "y" : 1.6381966,
      "z" : -0.52786404
    } ],
    "faces" : [ {
      "vertices" : [ 0, 1, 2 ]
    }, {
      "vertices" : [ 0, 2, 1 ]
    } ]
  }, {
    "id" : "6da5d4c7-878b-4bf7-bb95-6fdd9ae595bb",
    "vertices" : [ {
      "x" : 0.76812994,
      "y" : 0.68419063,
      "z" : 0.031152949
    }, {
      "x" : 0.7595195,
      "y" : 0.6981226,
      "z" : 0.019253582
    }, {
      "x" : 0.49558747,
      "y" : 0.53500366,
      "z" : 0.019253582
    }, {
      "x" : 0.50419796,
      "y" : 0.5210717,
      "z" : 0.031152949
    } ],
    "faces" : [ {
      "vertices" : [ 0, 1, 2 ]
    }, {
      "vertices" : [ 0, 2, 3 ]
    }, {
      "vertices" : [ 0, 3, 2 ]
    }, {
      "vertices" : [ 0, 2, 1 ]
    } ]
  }, {
    "id" : "c9d2e4d2-2cc7-4c6f-8c1d-df81ec435744",
    "vertices" : [ {
      "x" : 4.545085,
      "y" : 2.354102,
      "z" : -0.95491505
    }, {
      "x" : 4.736068,
      "y" : 2.736068,
      "z" : -1.263932
    }, {
      "x" : 3.8348484,
      "y" : 2.2019734,
      "z" : -1.1435182
    } ],
    "faces" : [ {
      "vertices" : [ 0, 1, 2 ]
    }, {
      "vertices" : [ 0, 2, 1 ]
    } ]
  }, {
    "id" : "0d67c275-28f1-4eef-b6e3-0f73f01c219f",
    "vertices" : [ {
      "x" : 5.2479672,
      "y" : 0.74467844,
      "z" : -1.2778641
    }, {
      "x" : 5.385255,
      "y" : 0.5225425,
      "z" : -1.1930157
    }, {
      "x" : 5.576238,
      "y" : 0.6405765,
      "z" : -1.1930157
    }, {
      "x" : 5.4389505,
      "y" : 0.86271244,
      "z" : -1.2778641
    } ],
    "faces" : [ {
      "vertices" : [ 0, 1, 2 ]
    }, {
      "vertices" : [ 0, 2, 3 ]
    }, {
      "vertices" : [ 0, 3, 2 ]
    }, {
      "vertices" : [ 0, 2, 1 ]
    } ]
  }, {
    "id" : "2a5e6d1c-4d4b-4349-8a3e-272b9cea9d7b",
    "vertices" : [ {
      "x" : 3.0824685,
      "y" : -3.0604877,
      "z" : -1.2401333
    }, {
      "x" : 3.0857575,
      "y" : -3.0658095,
      "z" : -1.2208797
    }, {
      "x" : 2.8218255,
      "y" : -3.2289283,
      "z" : -1.2208797
    }, {
      "x" : 2.8185365,
      "y" : -3.2236068,
      "z" : -1.2401333
    } ],
    "faces" : [ {
      "vertices" : [ 0, 1, 2 ]
    }, {
      "vertices" : [ 0, 2, 3 ]
    }, {
      "vertices" : [ 0, 3, 2 ]
    }, {
      "vertices" : [ 0, 2, 1 ]
    } ]
  }, {
    "id" : "5efdad36-04f6-4628-819d-0e02eaa68188",
    "vertices" : [ {
      "x" : 1.2754842,
      "y" : -0.13672575,
      "z" : -0.08484838
    }, {
      "x" : 1.2668737,
      "y" : -0.122793734,
      "z" : -0.072949015
    }, {
      "x" : 1.0029417,
      "y" : -0.2859127,
      "z" : -0.072949015
    }, {
      "x" : 1.0115521,
      "y" : -0.2998447,
      "z" : -0.08484838
    } ],
    "faces" : [ {
      "vertices" : [ 0, 1, 2 ]
    }, {
      "vertices" : [ 0, 2, 3 ]
    }, {
      "vertices" : [ 0, 3, 2 ]
    }, {
      "vertices" : [ 0, 2, 1 ]
    } ]
  }, {
    "id" : "f5d4669d-a995-411b-95bf-d27461d3bacf",
    "vertices" : [ {
      "x" : 5.4193497,
      "y" : 1.6304952,
      "z" : -1.4098301
    }, {
      "x" : 5.09017,
      "y" : 1.427051,
      "z" : -1.4098301
    }, {
      "x" : 4.972136,
      "y" : 1.618034,
      "z" : -1.336881
    }, {
      "x" : 5.301316,
      "y" : 1.8214781,
      "z" : -1.336881
    } ],
    "faces" : [ {
      "vertices" : [ 0, 1, 2 ]
    }, {
      "vertices" : [ 0, 2, 3 ]
    }, {
      "vertices" : [ 0, 3, 2 ]
    }, {
      "vertices" : [ 0, 2, 1 ]
    } ]
  }, {
    "id" : "6bc11eb1-3a6f-47b8-aeb0-27f02789c1c0",
    "vertices" : [ {
      "x" : 4.0652475,
      "y" : 3.8214781,
      "z" : 0.19098301
    }, {
      "x" : 3.736068,
      "y" : 3.618034,
      "z" : 0.19098301
    }, {
      "x" : 3.663119,
      "y" : 3.736068,
      "z" : 0.0
    }, {
      "x" : 3.9922986,
      "y" : 3.9395123,
      "z" : 0.0
    } ],
    "faces" : [ {
      "vertices" : [ 0, 1, 2 ]
    }, {
      "vertices" : [ 0, 2, 3 ]
    }, {
      "vertices" : [ 0, 3, 2 ]
    }, {
      "vertices" : [ 0, 2, 1 ]
    } ]
  }, {
    "id" : "3ae57e70-f150-4b49-8bad-3749a6ff2024",
    "vertices" : [ {
      "x" : 2.2294903,
      "y" : -2.437694,
      "z" : -0.8647451
    }, {
      "x" : 2.263932,
      "y" : -2.472136,
      "z" : -0.8991869
    }, {
      "x" : 2.263932,
      "y" : -2.40983,
      "z" : -0.881966
    } ],
    "faces" : [ {
      "vertices" : [ 0, 1, 2 ]
    }, {
      "vertices" : [ 0, 2, 1 ]
    } ]
  }, {
    "id" : "22745277-29c0-4a2f-af3a-0a4d0e99c27c",
    "vertices" : [ {
      "x" : 4.517221,
      "y" : 2.354102,
      "z" : -0.52786404
    }, {
      "x" : 4.5,
      "y" : 2.381966,
      "z" : -0.52786404
    }, {
      "x" : 4.5848484,
      "y" : 2.2446785,
      "z" : -0.75
    }, {
      "x" : 4.59017,
      "y" : 2.236068,
      "z" : -0.71884704
    } ],
    "faces" : [ {
      "vertices" : [ 0, 1, 2 ]
    }, {
      "vertices" : [ 0, 2, 3 ]
    }, {
      "vertices" : [ 0, 3, 2 ]
    }, {
      "vertices" : [ 0, 2, 1 ]
    } ]
  }, {
    "id" : "8106827d-69c7-4b57-9a89-002ea47d6dfb",
    "vertices" : [ {
      "x" : 5.635255,
      "y" : 0.59016997,
      "z" : -0.8647451
    }, {
      "x" : 4.9193497,
      "y" : 0.4472136,
      "z" : -0.690983
    }, {
      "x" : 5.0373836,
      "y" : 0.2562306,
      "z" : -1.0557281
    } ],
    "faces" : [ {
      "vertices" : [ 0, 1, 2 ]
    }, {
      "vertices" : [ 0, 2, 1 ]
    } ]
  }, {
    "id" : "50465acb-ab36-43b0-af5a-b289122ce27d",
    "vertices" : [ {
      "x" : 5.2479672,
      "y" : 0.74467844,
      "z" : -0.8335921
    }, {
      "x" : 5.385255,
      "y" : 0.5225425,
      "z" : -0.9184405
    }, {
      "x" : 5.385255,
      "y" : 0.5225425,
      "z" : -1.1930157
    }, {
      "x" : 5.2479672,
      "y" : 0.74467844,
      "z" : -1.2778641
    }, {
      "x" : 5.163119,
      "y" : 0.881966,
      "z" : -1.0557281
    } ],
    "faces" : [ {
      "vertices" : [ 0, 1, 2 ]
    }, {
      "vertices" : [ 0, 2, 3 ]
    }, {
      "vertices" : [ 0, 3, 4 ]
    }, {
      "vertices" : [ 0, 4, 3 ]
    }, {
      "vertices" : [ 0, 3, 2 ]
    }, {
      "vertices" : [ 0, 2, 1 ]
    } ]
  }, {
    "id" : "96d75540-a44a-4bd3-9aa0-8b63dc1703bc",
    "vertices" : [ {
      "x" : 5.045085,
      "y" : 2.236068,
      "z" : -1.454915
    }, {
      "x" : 5.1266446,
      "y" : 2.795085,
      "z" : -1.7864745
    }, {
      "x" : 4.854102,
      "y" : 2.545085,
