{
  "polygons" : "true",
  "field" : "golden",
  "symmetry" : "icosahedral",
  "orientations" : [ [ 1.0, 0.0, 0.0, 0.0, 0.0, 1.0, 0.0, 0.0, 0.0, 0.0, 1.0, 0.0, 0.0, 0.0, 0.0, 1.0 ], [ 0.0, 0.0, 1.0, 0.0, 1.0, 0.0, 0.0, 0.0, 0.0, 1.0, 0.0, 0.0, 0.0, 0.0, 0.0, 1.0 ], [ 0.0, 1.0, 0.0, 0.0, 0.0, 0.0, 1.0, 0.0, 1.0, 0.0, 0.0, 0.0, 0.0, 0.0, 0.0, 1.0 ], [ 0.809017, 0.309017, 0.5, 0.0, 0.309017, 0.5, -0.809017, 0.0, -0.5, 0.809017, 0.309017, 0.0, 0.0, 0.0, 0.0, 1.0 ], [ -0.5, 0.809017, 0.309017, 0.0, 0.809017, 0.309017, 0.5, 0.0, 0.309017, 0.5, -0.809017, 0.0, 0.0, 0.0, 0.0, 1.0 ], [ 0.309017, 0.5, -0.809017, 0.0, -0.5, 0.809017, 0.309017, 0.0, 0.809017, 0.309017, 0.5, 0.0, 0.0, 0.0, 0.0, 1.0 ], [ 0.5, 0.809017, 0.309017, 0.0, 0.809017, -0.309017, -0.5, 0.0, -0.309017, 0.5, -0.809017, 0.0, 0.0, 0.0, 0.0, 1.0 ], [ -0.309017, 0.5, -0.809017, 0.0, 0.5, 0.809017, 0.309017, 0.0, 0.809017, -0.309017, -0.5, 0.0, 0.0, 0.0, 0.0, 1.0 ], [ 0.809017, -0.309017, -0.5, 0.0, -0.309017, 0.5, -0.809017, 0.0, 0.5, 0.809017, 0.309017, 0.0, 0.0, 0.0, 0.0, 1.0 ], [ 0.5, 0.809017, -0.309017, 0.0, 0.809017, -0.309017, 0.5, 0.0, 0.309017, -0.5, -0.809017, 0.0, 0.0, 0.0, 0.0, 1.0 ], [ 0.309017, -0.5, -0.809017, 0.0, 0.5, 0.809017, -0.309017, 0.0, 0.809017, -0.309017, 0.5, 0.0, 0.0, 0.0, 0.0, 1.0 ], [ 0.809017, -0.309017, 0.5, 0.0, 0.309017, -0.5, -0.809017, 0.0, 0.5, 0.809017, -0.309017, 0.0, 0.0, 0.0, 0.0, 1.0 ], [ 0.809017, 0.309017, -0.5, 0.0, 0.309017, 0.5, 0.809017, 0.0, 0.5, -0.809017, 0.309017, 0.0, 0.0, 0.0, 0.0, 1.0 ], [ 0.5, -0.809017, 0.309017, 0.0, 0.809017, 0.309017, -0.5, 0.0, 0.309017, 0.5, 0.809017, 0.0, 0.0, 0.0, 0.0, 1.0 ], [ 0.309017, 0.5, 0.809017, 0.0, 0.5, -0.809017, 0.309017, 0.0, 0.809017, 0.309017, -0.5, 0.0, 0.0, 0.0, 0.0, 1.0 ], [ 1.0, 0.0, 0.0, 0.0, 0.0, -1.0, 0.0, 0.0, 0.0, 0.0, -1.0, 0.0, 0.0, 0.0, 0.0, 1.0 ], [ 0.0, 0.0, 1.0, 0.0, -1.0, 0.0, 0.0, 0.0, 0.0, -1.0, 0.0, 0.0, 0.0, 0.0, 0.0, 1.0 ], [ 0.0, 1.0, 0.0, 0.0, 0.0, 0.0, -1.0, 0.0, -1.0, 0.0, 0.0, 0.0, 0.0, 0.0, 0.0, 1.0 ], [ 0.809017, 0.309017, 0.5, 0.0, -0.309017, -0.5, 0.809017, 0.0, 0.5, -0.809017, -0.309017, 0.0, 0.0, 0.0, 0.0, 1.0 ], [ -0.5, 0.809017, 0.309017, 0.0, -0.809017, -0.309017, -0.5, 0.0, -0.309017, -0.5, 0.809017, 0.0, 0.0, 0.0, 0.0, 1.0 ], [ 0.309017, 0.5, -0.809017, 0.0, 0.5, -0.809017, -0.309017, 0.0, -0.809017, -0.309017, -0.5, 0.0, 0.0, 0.0, 0.0, 1.0 ], [ 0.5, 0.809017, 0.309017, 0.0, -0.809017, 0.309017, 0.5, 0.0, 0.309017, -0.5, 0.809017, 0.0, 0.0, 0.0, 0.0, 1.0 ], [ -0.309017, 0.5, -0.809017, 0.0, -0.5, -0.809017, -0.309017, 0.0, -0.809017, 0.309017, 0.5, 0.0, 0.0, 0.0, 0.0, 1.0 ], [ 0.809017, -0.309017, -0.5, 0.0, 0.309017, -0.5, 0.809017, 0.0, -0.5, -0.809017, -0.309017, 0.0, 0.0, 0.0, 0.0, 1.0 ], [ 0.5, 0.809017, -0.309017, 0.0, -0.809017, 0.309017, -0.5, 0.0, -0.309017, 0.5, 0.809017, 0.0, 0.0, 0.0, 0.0, 1.0 ], [ 0.309017, -0.5, -0.809017, 0.0, -0.5, -0.809017, 0.309017, 0.0, -0.809017, 0.309017, -0.5, 0.0, 0.0, 0.0, 0.0, 1.0 ], [ 0.809017, -0.309017, 0.5, 0.0, -0.309017, 0.5, 0.809017, 0.0, -0.5, -0.809017, 0.309017, 0.0, 0.0, 0.0, 0.0, 1.0 ], [ 0.809017, 0.309017, -0.5, 0.0, -0.309017, -0.5, -0.809017, 0.0, -0.5, 0.809017, -0.309017, 0.0, 0.0, 0.0, 0.0, 1.0 ], [ 0.5, -0.809017, 0.309017, 0.0, -0.809017, -0.309017, 0.5, 0.0, -0.309017, -0.5, -0.809017, 0.0, 0.0, 0.0, 0.0, 1.0 ], [ 0.309017, 0.5, 0.809017, 0.0, -0.5, 0.809017, -0.309017, 0.0, -0.809017, -0.309017, 0.5, 0.0, 0.0, 0.0, 0.0, 1.0 ], [ -1.0, 0.0, 0.0, 0.0, 0.0, -1.0, 0.0, 0.0, 0.0, 0.0, 1.0, 0.0, 0.0, 0.0, 0.0, 1.0 ], [ 0.0, 0.0, -1.0, 0.0, -1.0, 0.0, 0.0, 0.0, 0.0, 1.0, 0.0, 0.0, 0.0, 0.0, 0.0, 1.0 ], [ 0.0, -1.0, 0.0, 0.0, 0.0, 0.0, -1.0, 0.0, 1.0, 0.0, 0.0, 0.0, 0.0, 0.0, 0.0, 1.0 ], [ -0.809017, -0.309017, -0.5, 0.0, -0.309017, -0.5, 0.809017, 0.0, -0.5, 0.809017, 0.309017, 0.0, 0.0, 0.0, 0.0, 1.0 ], [ 0.5, -0.809017, -0.309017, 0.0, -0.809017, -0.309017, -0.5, 0.0, 0.309017, 0.5, -0.809017, 0.0, 0.0, 0.0, 0.0, 1.0 ], [ -0.309017, -0.5, 0.809017, 0.0, 0.5, -0.809017, -0.309017, 0.0, 0.809017, 0.309017, 0.5, 0.0, 0.0, 0.0, 0.0, 1.0 ], [ -0.5, -0.809017, -0.309017, 0.0, -0.809017, 0.309017, 0.5, 0.0, -0.309017, 0.5, -0.809017, 0.0, 0.0, 0.0, 0.0, 1.0 ], [ 0.309017, -0.5, 0.809017, 0.0, -0.5, -0.809017, -0.309017, 0.0, 0.809017, -0.309017, -0.5, 0.0, 0.0, 0.0, 0.0, 1.0 ], [ -0.809017, 0.309017, 0.5, 0.0, 0.309017, -0.5, 0.809017, 0.0, 0.5, 0.809017, 0.309017, 0.0, 0.0, 0.0, 0.0, 1.0 ], [ -0.5, -0.809017, 0.309017, 0.0, -0.809017, 0.309017, -0.5, 0.0, 0.309017, -0.5, -0.809017, 0.0, 0.0, 0.0, 0.0, 1.0 ], [ -0.309017, 0.5, 0.809017, 0.0, -0.5, -0.809017, 0.309017, 0.0, 0.809017, -0.309017, 0.5, 0.0, 0.0, 0.0, 0.0, 1.0 ], [ -0.809017, 0.309017, -0.5, 0.0, -0.309017, 0.5, 0.809017, 0.0, 0.5, 0.809017, -0.309017, 0.0, 0.0, 0.0, 0.0, 1.0 ], [ -0.809017, -0.309017, 0.5, 0.0, -0.309017, -0.5, -0.809017, 0.0, 0.5, -0.809017, 0.309017, 0.0, 0.0, 0.0, 0.0, 1.0 ], [ -0.5, 0.809017, -0.309017, 0.0, -0.809017, -0.309017, 0.5, 0.0, 0.309017, 0.5, 0.809017, 0.0, 0.0, 0.0, 0.0, 1.0 ], [ -0.309017, -0.5, -0.809017, 0.0, -0.5, 0.809017, -0.309017, 0.0, 0.809017, 0.309017, -0.5, 0.0, 0.0, 0.0, 0.0, 1.0 ], [ -1.0, 0.0, 0.0, 0.0, 0.0, 1.0, 0.0, 0.0, 0.0, 0.0, -1.0, 0.0, 0.0, 0.0, 0.0, 1.0 ], [ 0.0, 0.0, -1.0, 0.0, 1.0, 0.0, 0.0, 0.0, 0.0, -1.0, 0.0, 0.0, 0.0, 0.0, 0.0, 1.0 ], [ 0.0, -1.0, 0.0, 0.0, 0.0, 0.0, 1.0, 0.0, -1.0, 0.0, 0.0, 0.0, 0.0, 0.0, 0.0, 1.0 ], [ -0.809017, -0.309017, -0.5, 0.0, 0.309017, 0.5, -0.809017, 0.0, 0.5, -0.809017, -0.309017, 0.0, 0.0, 0.0, 0.0, 1.0 ], [ 0.5, -0.809017, -0.309017, 0.0, 0.809017, 0.309017, 0.5, 0.0, -0.309017, -0.5, 0.809017, 0.0, 0.0, 0.0, 0.0, 1.0 ], [ -0.309017, -0.5, 0.809017, 0.0, -0.5, 0.809017, 0.309017, 0.0, -0.809017, -0.309017, -0.5, 0.0, 0.0, 0.0, 0.0, 1.0 ], [ -0.5, -0.809017, -0.309017, 0.0, 0.809017, -0.309017, -0.5, 0.0, 0.309017, -0.5, 0.809017, 0.0, 0.0, 0.0, 0.0, 1.0 ], [ 0.309017, -0.5, 0.809017, 0.0, 0.5, 0.809017, 0.309017, 0.0, -0.809017, 0.309017, 0.5, 0.0, 0.0, 0.0, 0.0, 1.0 ], [ -0.809017, 0.309017, 0.5, 0.0, -0.309017, 0.5, -0.809017, 0.0, -0.5, -0.809017, -0.309017, 0.0, 0.0, 0.0, 0.0, 1.0 ], [ -0.5, -0.809017, 0.309017, 0.0, 0.809017, -0.309017, 0.5, 0.0, -0.309017, 0.5, 0.809017, 0.0, 0.0, 0.0, 0.0, 1.0 ], [ -0.309017, 0.5, 0.809017, 0.0, 0.5, 0.809017, -0.309017, 0.0, -0.809017, 0.309017, -0.5, 0.0, 0.0, 0.0, 0.0, 1.0 ], [ -0.809017, 0.309017, -0.5, 0.0, 0.309017, -0.5, -0.809017, 0.0, -0.5, -0.809017, 0.309017, 0.0, 0.0, 0.0, 0.0, 1.0 ], [ -0.809017, -0.309017, 0.5, 0.0, 0.309017, 0.5, 0.809017, 0.0, -0.5, 0.809017, -0.309017, 0.0, 0.0, 0.0, 0.0, 1.0 ], [ -0.5, 0.809017, -0.309017, 0.0, 0.809017, 0.309017, -0.5, 0.0, -0.309017, -0.5, -0.809017, 0.0, 0.0, 0.0, 0.0, 1.0 ], [ -0.309017, -0.5, -0.809017, 0.0, 0.5, -0.809017, 0.309017, 0.0, -0.809017, -0.309017, 0.5, 0.0, 0.0, 0.0, 0.0, 1.0 ] ],
  "lights" : {
    "directionalLights" : [ {
      "direction" : [ 1.0, -1.0, -1.0 ],
      "color" : "#EBEBE4"
    }, {
      "direction" : [ -1.0, 0.0, 0.0 ],
      "color" : "#E4E4EB"
    }, {
      "direction" : [ 0.0, 0.0, -1.0 ],
      "color" : "#1E1E1E"
    } ],
    "backgroundColor" : "#495A67",
    "ambientColor" : "#292929"
  },
  "camera" : {
    "position" : {
      "x" : 118.81071,
      "y" : -83.613525,
      "z" : 36.247135
    },
    "lookDirection" : {
      "x" : -0.7934634,
      "y" : 0.55840313,
      "z" : -0.24207225
    },
    "upDirection" : {
      "x" : 0.597891,
      "y" : 0.64082026,
      "z" : -0.481533
    },
    "lookAtPoint" : {
      "x" : 0.0,
      "y" : 0.0,
      "z" : 0.0
    },
    "perspective" : true,
    "viewDistance" : 149.73685,
    "nearClipDistance" : 0.37434208,
    "farClipDistance" : 299.47354,
    "fieldOfView" : 0.44262877,
    "stereo" : false,
    "width" : 67.38156
  },
  "embedding" : [ 1.0, 0.0, 0.0, 0.0, 0.0, 1.0, 0.0, 0.0, 0.0, 0.0, 1.0, 0.0, 0.0, 0.0, 0.0, 1.0 ],
  "shapes" : [ {
    "id" : "e254a9a8-710c-4348-a2bf-a4897fe8c878",
    "name" : "ball",
    "vertices" : [ {
      "x" : 0.309017,
      "y" : -0.809017,
      "z" : 0.618034
    }, {
      "x" : 0.809017,
      "y" : -0.618034,
      "z" : 0.309017
    }, {
      "x" : 0.618034,
      "y" : -0.309017,
      "z" : 0.809017
    }, {
      "x" : 1.0,
      "y" : 0.309017,
      "z" : 0.19098301
    }, {
      "x" : 0.809017,
      "y" : 0.618034,
      "z" : 0.309017
    }, {
      "x" : 0.618034,
      "y" : 0.309017,
      "z" : 0.809017
    }, {
      "x" : 0.809017,
      "y" : 0.0,
      "z" : 0.690983
    }, {
      "x" : 0.19098301,
      "y" : -1.0,
      "z" : 0.309017
    }, {
      "x" : -0.19098301,
      "y" : -1.0,
      "z" : 0.309017
    }, {
      "x" : -0.19098301,
      "y" : -1.0,
      "z" : -0.309017
    }, {
      "x" : 0.19098301,
      "y" : -1.0,
      "z" : -0.309017
    }, {
      "x" : 1.0,
      "y" : -0.309017,
      "z" : -0.19098301
    }, {
      "x" : 0.809017,
      "y" : -0.618034,
      "z" : -0.309017
    }, {
      "x" : 0.618034,
      "y" : -0.309017,
      "z" : -0.809017
    }, {
      "x" : 0.809017,
      "y" : 0.0,
      "z" : -0.690983
    }, {
      "x" : 0.0,
      "y" : 0.690983,
      "z" : -0.809017
    }, {
      "x" : 0.309017,
      "y" : 0.809017,
      "z" : -0.618034
    }, {
      "x" : 0.618034,
      "y" : 0.309017,
      "z" : -0.809017
    }, {
      "x" : 0.309017,
      "y" : 0.19098301,
      "z" : -1.0
    }, {
      "x" : 1.0,
      "y" : 0.309017,
      "z" : -0.19098301
    }, {
      "x" : -0.309017,
      "y" : -0.809017,
      "z" : 0.618034
    }, {
      "x" : 0.0,
      "y" : -0.690983,
      "z" : 0.809017
    }, {
      "x" : 0.809017,
      "y" : 0.618034,
      "z" : -0.309017
    }, {
      "x" : 0.690983,
      "y" : 0.809017,
      "z" : 0.0
    }, {
      "x" : -0.690983,
      "y" : 0.809017,
      "z" : 0.0
    }, {
      "x" : -0.809017,
      "y" : 0.618034,
      "z" : 0.309017
    }, {
      "x" : -0.309017,
      "y" : 0.809017,
      "z" : 0.618034
    }, {
      "x" : -0.19098301,
      "y" : 1.0,
      "z" : 0.309017
    }, {
      "x" : 0.309017,
      "y" : -0.19098301,
      "z" : -1.0
    }, {
      "x" : 0.19098301,
      "y" : 1.0,
      "z" : 0.309017
    }, {
      "x" : 0.309017,
      "y" : 0.809017,
      "z" : 0.618034
    }, {
      "x" : -0.809017,
      "y" : -0.618034,
      "z" : 0.309017
    }, {
      "x" : -0.690983,
      "y" : -0.809017,
      "z" : 0.0
    }, {
      "x" : 0.0,
      "y" : 0.690983,
      "z" : 0.809017
    }, {
      "x" : 0.309017,
      "y" : -0.809017,
      "z" : -0.618034
    }, {
      "x" : 0.0,
      "y" : -0.690983,
      "z" : -0.809017
    }, {
      "x" : -1.0,
      "y" : 0.309017,
      "z" : 0.19098301
    }, {
      "x" : -0.809017,
      "y" : 0.0,
      "z" : 0.690983
    }, {
      "x" : -0.618034,
      "y" : 0.309017,
      "z" : 0.809017
    }, {
      "x" : 1.0,
      "y" : -0.309017,
      "z" : 0.19098301
    }, {
      "x" : -0.309017,
      "y" : -0.809017,
      "z" : -0.618034
    }, {
      "x" : -1.0,
      "y" : 0.309017,
      "z" : -0.19098301
    }, {
      "x" : -1.0,
      "y" : -0.309017,
      "z" : -0.19098301
    }, {
      "x" : -1.0,
      "y" : -0.309017,
      "z" : 0.19098301
    }, {
      "x" : 0.19098301,
      "y" : 1.0,
      "z" : -0.309017
    }, {
      "x" : -0.809017,
      "y" : 0.618034,
      "z" : -0.309017
    }, {
      "x" : -0.19098301,
      "y" : 1.0,
      "z" : -0.309017
    }, {
      "x" : -0.309017,
      "y" : 0.809017,
      "z" : -0.618034
    }, {
      "x" : -0.618034,
      "y" : -0.309017,
      "z" : 0.809017
    }, {
      "x" : 0.309017,
      "y" : 0.19098301,
      "z" : 1.0
    }, {
      "x" : -0.309017,
      "y" : 0.19098301,
      "z" : -1.0
    }, {
      "x" : -0.309017,
      "y" : 0.19098301,
      "z" : 1.0
    }, {
      "x" : -0.309017,
      "y" : -0.19098301,
      "z" : 1.0
    }, {
      "x" : 0.309017,
      "y" : -0.19098301,
      "z" : 1.0
    }, {
      "x" : 0.690983,
      "y" : -0.809017,
      "z" : 0.0
    }, {
      "x" : -0.809017,
      "y" : 0.0,
      "z" : -0.690983
    }, {
      "x" : -0.618034,
      "y" : -0.309017,
      "z" : -0.809017
    }, {
      "x" : -0.309017,
      "y" : -0.19098301,
      "z" : -1.0
    }, {
      "x" : -0.618034,
      "y" : 0.309017,
      "z" : -0.809017
    }, {
      "x" : -0.809017,
      "y" : -0.618034,
      "z" : -0.309017
    } ],
    "faces" : [ {
      "vertices" : [ 9, 40, 35, 34, 10 ]
    }, {
      "vertices" : [ 0, 1, 2 ]
    }, {
      "vertices" : [ 33, 51, 49 ]
    }, {
      "vertices" : [ 25, 36, 37, 38 ]
    }, {
      "vertices" : [ 41, 55, 42 ]
    }, {
      "vertices" : [ 9, 32, 59, 40 ]
    }, {
      "vertices" : [ 20, 21, 52, 48 ]
    }, {
      "vertices" : [ 26, 33, 30, 29, 27 ]
    }, {
      "vertices" : [ 3, 4, 5, 6 ]
    }, {
      "vertices" : [ 27, 29, 44, 46 ]
    }, {
      "vertices" : [ 50, 57, 56, 55, 58 ]
    }, {
      "vertices" : [ 26, 38, 51, 33 ]
    }, {
      "vertices" : [ 45, 47, 58 ]
    }, {
      "vertices" : [ 18, 28, 57, 50 ]
    }, {
      "vertices" : [ 40, 59, 56 ]
    }, {
      "vertices" : [ 31, 48, 37, 43 ]
    }, {
      "vertices" : [ 7, 8, 9, 10 ]
    }, {
      "vertices" : [ 36, 41, 42, 43 ]
    }, {
      "vertices" : [ 24, 46, 47, 45 ]
    }, {
      "vertices" : [ 4, 30, 5 ]
    }, {
      "vertices" : [ 15, 47, 46, 44, 16 ]
    }, {
      "vertices" : [ 15, 50, 58, 47 ]
    }, {
      "vertices" : [ 24, 45, 41, 36, 25 ]
    }, {
      "vertices" : [ 11, 14, 19 ]
    }, {
      "vertices" : [ 3, 6, 39 ]
    }, {
      "vertices" : [ 1, 39, 6, 2 ]
    }, {
      "vertices" : [ 8, 32, 9 ]
    }, {
      "vertices" : [ 11, 12, 13, 14 ]
    }, {
      "vertices" : [ 16, 22, 17 ]
    }, {
      "vertices" : [ 0, 21, 20, 8, 7 ]
    }, {
      "vertices" : [ 12, 34, 13 ]
    }, {
      "vertices" : [ 35, 40, 56, 57 ]
    }, {
      "vertices" : [ 0, 7, 54, 1 ]
    }, {
      "vertices" : [ 15, 16, 17, 18 ]
    }, {
      "vertices" : [ 3, 19, 22, 23, 4 ]
    }, {
      "vertices" : [ 7, 10, 54 ]
    }, {
      "vertices" : [ 41, 45, 58, 55 ]
    }, {
      "vertices" : [ 3, 39, 11, 19 ]
    }, {
      "vertices" : [ 14, 17, 22, 19 ]
    }, {
      "vertices" : [ 0, 2, 53, 21 ]
    }, {
      "vertices" : [ 49, 51, 52, 53 ]
    }, {
      "vertices" : [ 31, 43, 42, 59, 32 ]
    }, {
      "vertices" : [ 15, 18, 50 ]
    }, {
      "vertices" : [ 42, 55, 56, 59 ]
    }, {
      "vertices" : [ 4, 23, 29, 30 ]
    }, {
      "vertices" : [ 25, 38, 26 ]
    }, {
      "vertices" : [ 13, 28, 18, 17, 14 ]
    }, {
      "vertices" : [ 8, 20, 31, 32 ]
    }, {
      "vertices" : [ 23, 44, 29 ]
    }, {
      "vertices" : [ 24, 27, 46 ]
    }, {
      "vertices" : [ 37, 48, 52, 51, 38 ]
    }, {
      "vertices" : [ 20, 48, 31 ]
    }, {
      "vertices" : [ 24, 25, 26, 27 ]
    }, {
      "vertices" : [ 16, 44, 23, 22 ]
    }, {
      "vertices" : [ 13, 34, 35, 28 ]
    }, {
      "vertices" : [ 10, 34, 12, 54 ]
    }, {
      "vertices" : [ 2, 6, 5, 49, 53 ]
    }, {
      "vertices" : [ 36, 43, 37 ]
    }, {
      "vertices" : [ 5, 30, 33, 49 ]
    }, {
      "vertices" : [ 1, 54, 12, 11, 39 ]
    }, {
      "vertices" : [ 28, 35, 57 ]
    }, {
      "vertices" : [ 21, 53, 52 ]
    } ]
  }, {
    "id" : "fa5664c5-3331-4d78-b036-c6c0061a4a8c",
    "orbit" : "red",
    "orbitC" : "[[-1,1,1],[0,0,1]]",
    "length" : "[1,1,1]",
    "name" : "r3",
    "vertices" : [ {
      "x" : 8.163119,
      "y" : 5.163119,
      "z" : 0.309017
    }, {
      "x" : 9.781153,
      "y" : 5.927051,
      "z" : 0.309017
    }, {
      "x" : 9.59017,
      "y" : 6.236068,
      "z" : 0.19098301
    }, {
      "x" : 0.809017,
      "y" : 0.618034,
      "z" : -0.309017
    }, {
      "x" : 0.690983,
      "y" : 0.809017,
      "z" : 0.0
    }, {
      "x" : 8.045085,
      "y" : 5.354102,
      "z" : 0.0
    }, {
      "x" : 8.163119,
      "y" : 5.163119,
      "z" : -0.309017
    }, {
      "x" : 17.135256,
      "y" : 10.472136,
      "z" : 0.309017
    }, {
      "x" : 8.354102,
      "y" : 4.854102,
      "z" : 0.19098301
    }, {
      "x" : 8.354102,
      "y" : 4.854102,
      "z" : -0.19098301
    }, {
      "x" : 9.899187,
      "y" : 5.736068,
      "z" : 0.0
    }, {
      "x" : 9.781153,
      "y" : 5.927051,
      "z" : -0.309017
    }, {
      "x" : 17.253288,
      "y" : 10.281153,
      "z" : 0.0
    }, {
      "x" : 1.0,
      "y" : 0.309017,
      "z" : 0.19098301
    }, {
      "x" : 1.0,
      "y" : 0.309017,
      "z" : -0.19098301
    }, {
      "x" : 0.809017,
      "y" : 0.618034,
      "z" : 0.309017
    }, {
      "x" : 16.944271,
      "y" : 10.781153,
      "z" : 0.19098301
    }, {
      "x" : 17.135256,
      "y" : 10.472136,
      "z" : -0.309017
    }, {
      "x" : 16.944271,
      "y" : 10.781153,
      "z" : -0.19098301
    }, {
      "x" : 17.944271,
      "y" : 11.09017,
      "z" : 0.0
    }, {
      "x" : 9.59017,
      "y" : 6.236068,
      "z" : -0.19098301
    } ],
    "faces" : [ {
      "vertices" : [ 3, 6, 9, 14 ]
    }, {
      "vertices" : [ 11, 20, 18, 17 ]
    }, {
      "vertices" : [ 0, 1, 2 ]
    }, {
      "vertices" : [ 0, 15, 13, 8 ]
    }, {
      "vertices" : [ 6, 20, 11 ]
    }, {
      "vertices" : [ 0, 2, 5 ]
    }, {
      "vertices" : [ 0, 8, 1 ]
    }, {
      "vertices" : [ 8, 13, 14, 9 ]
    }, {
      "vertices" : [ 3, 4, 5, 6 ]
    }, {
      "vertices" : [ 10, 11, 17, 12 ]
    }, {
      "vertices" : [ 1, 8, 10 ]
    }, {
      "vertices" : [ 0, 5, 4, 15 ]
    }, {
      "vertices" : [ 2, 16, 18, 20 ]
    }, {
      "vertices" : [ 1, 7, 16, 2 ]
    }, {
      "vertices" : [ 6, 11, 9 ]
    }, {
      "vertices" : [ 8, 9, 10 ]
    }, {
      "vertices" : [ 2, 20, 5 ]
    }, {
      "vertices" : [ 9, 11, 10 ]
    }, {
      "vertices" : [ 1, 10, 12, 7 ]
    }, {
      "vertices" : [ 5, 20, 6 ]
    } ]
  }, {
    "id" : "758a1659-59c3-466e-a990-baa1b54306a0",
    "orbit" : "red",
    "orbitC" : "[[-1,1,1],[0,0,1]]",
    "length" : "[0,1,1]",
    "name" : "r2",
    "vertices" : [ {
      "x" : 4.736068,
      "y" : 3.045085,
      "z" : 0.309017
    }, {
      "x" : 6.354102,
      "y" : 3.809017,
      "z" : 0.309017
    }, {
      "x" : 6.163119,
      "y" : 4.118034,
      "z" : 0.19098301
    }, {
      "x" : 0.809017,
      "y" : 0.618034,
      "z" : -0.309017
    }, {
      "x" : 0.690983,
      "y" : 0.809017,
      "z" : 0.0
    }, {
      "x" : 4.618034,
      "y" : 3.236068,
      "z" : 0.0
    }, {
      "x" : 4.736068,
      "y" : 3.045085,
      "z" : -0.309017
    }, {
      "x" : 10.281153,
      "y" : 6.236068,
      "z" : 0.309017
    }, {
      "x" : 4.927051,
      "y" : 2.736068,
      "z" : 0.19098301
    }, {
      "x" : 4.927051,
      "y" : 2.736068,
      "z" : -0.19098301
    }, {
      "x" : 6.472136,
      "y" : 3.618034,
      "z" : 0.0
    }, {
      "x" : 6.354102,
      "y" : 3.809017,
      "z" : -0.309017
    }, {
      "x" : 10.399187,
      "y" : 6.045085,
      "z" : 0.0
    }, {
      "x" : 1.0,
      "y" : 0.309017,
      "z" : 0.19098301
    }, {
      "x" : 1.0,
      "y" : 0.309017,
      "z" : -0.19098301
    }, {
      "x" : 0.809017,
      "y" : 0.618034,
      "z" : 0.309017
    }, {
      "x" : 10.09017,
      "y" : 6.545085,
      "z" : 0.19098301
    }, {
      "x" : 10.281153,
      "y" : 6.236068,
      "z" : -0.309017
    }, {
      "x" : 10.09017,
      "y" : 6.545085,
      "z" : -0.19098301
    }, {
      "x" : 11.09017,
      "y" : 6.854102,
      "z" : 0.0
    }, {
      "x" : 6.163119,
      "y" : 4.118034,
      "z" : -0.19098301
    } ],
    "faces" : [ {
      "vertices" : [ 3, 6, 9, 14 ]
    }, {
      "vertices" : [ 11, 20, 18, 17 ]
    }, {
      "vertices" : [ 0, 1, 2 ]
    }, {
      "vertices" : [ 0, 15, 13, 8 ]
    }, {
      "vertices" : [ 6, 20, 11 ]
    }, {
      "vertices" : [ 0, 2, 5 ]
    }, {
      "vertices" : [ 0, 8, 1 ]
    }, {
      "vertices" : [ 8, 13, 14, 9 ]
    }, {
      "vertices" : [ 3, 4, 5, 6 ]
    }, {
      "vertices" : [ 10, 11, 17, 12 ]
    }, {
      "vertices" : [ 1, 8, 10 ]
    }, {
      "vertices" : [ 0, 5, 4, 15 ]
    }, {
      "vertices" : [ 2, 16, 18, 20 ]
    }, {
      "vertices" : [ 1, 7, 16, 2 ]
    }, {
      "vertices" : [ 6, 11, 9 ]
    }, {
      "vertices" : [ 8, 9, 10 ]
    }, {
      "vertices" : [ 2, 20, 5 ]
    }, {
      "vertices" : [ 9, 11, 10 ]
    }, {
      "vertices" : [ 1, 10, 12, 7 ]
    }, {
      "vertices" : [ 5, 20, 6 ]
    } ]
  }, {
    "id" : "d1e743c9-8016-4451-ba72-fc6d10a90f95",
    "orbit" : "yellow",
    "orbitC" : "[[0,0,1],[2,-1,1]]",
    "length" : "[1,1,1]",
    "name" : "y3",
    "vertices" : [ {
      "x" : 0.809017,
      "y" : 0.0,
      "z" : -0.690983
    }, {
      "x" : 1.0,
      "y" : 0.309017,
      "z" : -0.19098301
    }, {
      "x" : 8.163119,
      "y" : 0.309017,
      "z" : -2.927051
    }, {
      "x" : 7.972136,
      "y" : 0.0,
      "z" : -3.427051
    }, {
      "x" : 16.944271,
      "y" : 0.309017,
      "z" : -6.663119
    }, {
      "x" : 1.0,
      "y" : -0.309017,
      "z" : -0.19098301
    }, {
      "x" : 8.163119,
      "y" : -0.309017,
      "z" : -2.927051
    }, {
      "x" : 9.781153,
      "y" : 0.309017,
      "z" : -3.927051
    }, {
      "x" : 9.972136,
      "y" : 0.0,
      "z" : -3.427051
    }, {
      "x" : 17.944271,
      "y" : 0.0,
      "z" : -6.854102
    }, {
      "x" : 9.781153,
      "y" : -0.309017,
      "z" : -3.927051
    }, {
      "x" : 17.135256,
      "y" : 0.0,
      "z" : -6.163119
    }, {
      "x" : 16.944271,
      "y" : -0.309017,
      "z" : -6.663119
    } ],
    "faces" : [ {
      "vertices" : [ 2, 6, 8 ]
    }, {
      "vertices" : [ 4, 12, 10, 7 ]
    }, {
      "vertices" : [ 2, 8, 7 ]
    }, {
      "vertices" : [ 3, 10, 6 ]
    }, {
      "vertices" : [ 3, 7, 10 ]
    }, {
      "vertices" : [ 0, 1, 2, 3 ]
    }, {
      "vertices" : [ 6, 10, 8 ]
    }, {
      "vertices" : [ 8, 10, 12, 11 ]
    }, {
      "vertices" : [ 2, 7, 3 ]
    }, {
      "vertices" : [ 0, 3, 6, 5 ]
    }, {
      "vertices" : [ 1, 5, 6, 2 ]
    }, {
      "vertices" : [ 4, 7, 8, 11 ]
    } ]
  }, {
    "id" : "1c8446e0-5ce9-43fd-b107-c4767e10f66d",
    "orbit" : "blue",
    "orbitC" : "[[0,0,1],[0,0,1]]",
    "length" : "[1,1,1]",
    "name" : "b3",
    "vertices" : [ {
      "x" : 21.18034,
      "y" : 0.309017,
      "z" : 0.19098301
    }, {
      "x" : 21.18034,
      "y" : 0.309017,
      "z" : -0.19098301
    }, {
      "x" : 1.0,
      "y" : 0.309017,
      "z" : -0.19098301
    }, {
      "x" : 1.0,
      "y" : 0.309017,
      "z" : 0.19098301
    }, {
      "x" : 21.18034,
      "y" : -0.309017,
      "z" : 0.19098301
    }, {
      "x" : 1.0,
      "y" : -0.309017,
      "z" : 0.19098301
    }, {
      "x" : 1.0,
      "y" : -0.309017,
      "z" : -0.19098301
    }, {
      "x" : 21.18034,
      "y" : -0.309017,
      "z" : -0.19098301
    }, {
      "x" : 22.18034,
      "y" : 0.0,
      "z" : 0.0
    } ],
    "faces" : [ {
      "vertices" : [ 1, 7, 6, 2 ]
    }, {
      "vertices" : [ 0, 1, 2, 3 ]
    }, {
      "vertices" : [ 4, 5, 6, 7 ]
    }, {
      "vertices" : [ 0, 3, 5, 4 ]
    } ]
  } ],
  "instances" : [ {
    "shape" : "e254a9a8-710c-4348-a2bf-a4897fe8c878",
    "color" : "#F2F2F2",
    "position" : {
      "x" : 0.0,
      "y" : -2.618034,
      "z" : 42.742645
    }
  }, {
    "shape" : "fa5664c5-3331-4d78-b036-c6c0061a4a8c",
    "color" : "#D91218",
    "position" : {
      "x" : 53.832817,
      "y" : 15.326238,
      "z" : 11.09017
    },
    "orientation" : 31
  }, {
    "shape" : "758a1659-59c3-466e-a990-baa1b54306a0",
    "color" : "#D91218",
    "position" : {
      "x" : 13.708204,
      "y" : 33.27051,
      "z" : 42.742645
    },
    "orientation" : 47
  }, {
    "shape" : "fa5664c5-3331-4d78-b036-c6c0061a4a8c",
    "color" : "#D91218",
    "position" : {
      "x" : 31.652475,
      "y" : 33.27051,
      "z" : 35.888542
    },
    "orientation" : 17
  }, {
    "shape" : "e254a9a8-710c-4348-a2bf-a4897fe8c878",
    "color" : "#F2F2F2",
    "position" : {
      "x" : 6.854102,
      "y" : 31.652475,
      "z" : -35.888542
    }
  }, {
    "shape" : "e254a9a8-710c-4348-a2bf-a4897fe8c878",
    "color" : "#F2F2F2",
    "position" : {
      "x" : -2.618034,
      "y" : -22.18034,
      "z" : -53.832817
    }
  }, {
    "shape" : "d1e743c9-8016-4451-ba72-fc6d10a90f95",
    "color" : "#FFB31A",
    "position" : {
      "x" : 33.27051,
      "y" : -13.708204,
      "z" : -17.944271
    },
    "orientation" : 17
  }, {
    "shape" : "fa5664c5-3331-4d78-b036-c6c0061a4a8c",
    "color" : "#D91218",
    "position" : {
      "x" : 40.12461,
      "y" : -35.888542,
      "z" : -20.562305
    },
    "orientation" : 30
  }, {
    "shape" : "1c8446e0-5ce9-43fd-b107-c4767e10f66d",
    "color" : "#008EC2",
    "position" : {
      "x" : 31.652475,
      "y" : 35.888542,
      "z" : -6.854102
    },
    "orientation" : 56
  }, {
    "shape" : "d1e743c9-8016-4451-ba72-fc6d10a90f95",
    "color" : "#FFB31A",
    "position" : {
      "x" : -17.944271,
      "y" : 22.18034,
      "z" : 20.562305
    },
    "orientation" : 6
  }, {
    "shape" : "e254a9a8-710c-4348-a2bf-a4897fe8c878",
    "color" : "#F2F2F2",
    "position" : {
      "x" : 46.978714,
      "y" : -17.944271,
      "z" : -20.562305
    }
  }, {
    "shape" : "e254a9a8-710c-4348-a2bf-a4897fe8c878",
    "color" : "#F2F2F2",
    "position" : {
      "x" : 17.944271,
      "y" : -22.18034,
      "z" : -20.562305
    }
  }, {
    "shape" : "d1e743c9-8016-4451-ba72-fc6d10a90f95",
    "color" : "#FFB31A",
    "position" : {
      "x" : 31.652475,
      "y" : 33.27051,
      "z" : 35.888542
    },
    "orientation" : 38
  }, {
    "shape" : "e254a9a8-710c-4348-a2bf-a4897fe8c878",
    "color" : "#F2F2F2",
    "position" : {
      "x" : 33.27051,
      "y" : -31.652475,
      "z" : -6.854102
    }
  }, {
    "shape" : "fa5664c5-3331-4d78-b036-c6c0061a4a8c",
    "color" : "#D91218",
    "position" : {
      "x" : 11.09017,
      "y" : -20.562305,
      "z" : 35.888542
    },
    "orientation" : 30
  }, {
    "shape" : "e254a9a8-710c-4348-a2bf-a4897fe8c878",
    "color" : "#F2F2F2",
    "position" : {
      "x" : 42.742645,
      "y" : 33.27051,
      "z" : 17.944271
    }
  }, {
    "shape" : "1c8446e0-5ce9-43fd-b107-c4767e10f66d",
    "color" : "#008EC2",
    "position" : {
      "x" : -13.708204,
      "y" : -42.742645,
      "z" : 17.944271
    },
    "orientation" : 10
  }, {
    "shape" : "e254a9a8-710c-4348-a2bf-a4897fe8c878",
    "color" : "#F2F2F2",
    "position" : {
      "x" : 0.0,
      "y" : -31.652475,
      "z" : 46.978714
    }
  }, {
    "shape" : "e254a9a8-710c-4348-a2bf-a4897fe8c878",
    "color" : "#F2F2F2",
    "position" : {
      "x" : -31.652475,
      "y" : 0.0,
      "z" : -15.326238
    }
  }, {
    "shape" : "e254a9a8-710c-4348-a2bf-a4897fe8c878",
    "color" : "#F2F2F2",
    "position" : {
      "x" : -20.562305,
      "y" : -40.12461,
      "z" : -35.888542
    }
  }, {
    "shape" : "e254a9a8-710c-4348-a2bf-a4897fe8c878",
    "color" : "#F2F2F2",
    "position" : {
      "x" : -13.708204,
      "y" : 11.09017,
      "z" : -15.326238
    }
  }, {
    "shape" : "758a1659-59c3-466e-a990-baa1b54306a0",
    "color" : "#D91218",
    "position" : {
      "x" : -40.12461,
      "y" : 20.562305,
      "z" : -11.09017
    },
    "orientation" : 47
  }, {
    "shape" : "e254a9a8-710c-4348-a2bf-a4897fe8c878",
    "color" : "#F2F2F2",
    "position" : {
      "x" : 20.562305,
      "y" : 35.888542,
      "z" : 11.09017
    }
  }, {
    "shape" : "1c8446e0-5ce9-43fd-b107-c4767e10f66d",
    "color" : "#008EC2",
    "position" : {
      "x" : -15.326238,
      "y" : 13.708204,
      "z" : 11.09017
    },
    "orientation" : 22
  }, {
    "shape" : "d1e743c9-8016-4451-ba72-fc6d10a90f95",
    "color" : "#FFB31A",
    "position" : {
      "x" : -22.18034,
      "y" : 2.618034,
      "z" : -6.854102
    },
    "orientation" : 38
  }, {
    "shape" : "e254a9a8-710c-4348-a2bf-a4897fe8c878",
    "color" : "#F2F2F2",
    "position" : {
      "x" : 13.708204,
      "y" : 33.27051,
      "z" : 42.742645
    }
  }, {
    "shape" : "fa5664c5-3331-4d78-b036-c6c0061a4a8c",
    "color" : "#D91218",
    "position" : {
      "x" : -13.708204,
      "y" : -33.27051,
      "z" : -42.742645
    },
    "orientation" : 46
  }, {
    "shape" : "e254a9a8-710c-4348-a2bf-a4897fe8c878",
    "color" : "#F2F2F2",
    "position" : {
      "x" : 22.18034,
      "y" : -2.618034,
      "z" : 6.854102
    }
  }, {
    "shape" : "e254a9a8-710c-4348-a2bf-a4897fe8c878",
    "color" : "#F2F2F2",
    "position" : {
      "x" : -2.618034,
      "y" : -40.12461,
      "z" : -42.742645
    }
  }, {
    "shape" : "1c8446e0-5ce9-43fd-b107-c4767e10f66d",
    "color" : "#008EC2",
    "position" : {
      "x" : -53.832817,
      "y" : -22.18034,
      "z" : 6.854102
    },
    "orientation" : 24
  }, {
    "shape" : "1c8446e0-5ce9-43fd-b107-c4767e10f66d",
    "color" : "#008EC2",
    "position" : {
      "x" : 42.742645,
      "y" : 17.944271,
      "z" : -13.708204
    },
    "orientation" : 22
  }, {
    "shape" : "e254a9a8-710c-4348-a2bf-a4897fe8c878",
    "color" : "#F2F2F2",
    "position" : {
      "x" : 42.742645,
      "y" : 40.12461,
      "z" : 0.0
    }
  }, {
    "shape" : "d1e743c9-8016-4451-ba72-fc6d10a90f95",
    "color" : "#FFB31A",
    "position" : {
      "x" : -33.27051,
      "y" : 6.854102,
      "z" : 35.888542
    },
    "orientation" : 16
  }, {
    "shape" : "fa5664c5-3331-4d78-b036-c6c0061a4a8c",
    "color" : "#D91218",
    "position" : {
      "x" : 13.708204,
      "y" : -17.944271,
      "z" : 33.27051
    },
    "orientation" : 0
  }, {
    "shape" : "758a1659-59c3-466e-a990-baa1b54306a0",
    "color" : "#D91218",
    "position" : {
      "x" : 53.832817,
      "y" : -13.708204,
      "z" : 15.326238
    },
    "orientation" : 1
  }, {
    "shape" : "e254a9a8-710c-4348-a2bf-a4897fe8c878",
    "color" : "#F2F2F2",
    "position" : {
      "x" : -31.652475,
      "y" : 6.854102,
      "z" : -33.27051
    }
  }, {
    "shape" : "1c8446e0-5ce9-43fd-b107-c4767e10f66d",
    "color" : "#008EC2",
    "position" : {
      "x" : -42.742645,
      "y" : -17.944271,
      "z" : 13.708204
    },
    "orientation" : 24
  }, {
    "shape" : "e254a9a8-710c-4348-a2bf-a4897fe8c878",
    "color" : "#F2F2F2",
    "position" : {
      "x" : 46.978714,
      "y" : -31.652475,
      "z" : 15.326238
    }
  }, {
    "shape" : "1c8446e0-5ce9-43fd-b107-c4767e10f66d",
    "color" : "#008EC2",
    "position" : {
      "x" : 40.12461,
      "y" : -42.742645,
      "z" : -2.618034
    },
    "orientation" : 10
  }, {
    "shape" : "1c8446e0-5ce9-43fd-b107-c4767e10f66d",
    "color" : "#008EC2",
    "position" : {
      "x" : -6.854102,
      "y" : -33.27051,
      "z" : -31.652475
    },
    "orientation" : 8
  }, {
    "shape" : "758a1659-59c3-466e-a990-baa1b54306a0",
    "color" : "#D91218",
    "position" : {
      "x" : -11.09017,
      "y" : 20.562305,
      "z" : -35.888542
    },
    "orientation" : 47
  }, {
    "shape" : "d1e743c9-8016-4451-ba72-fc6d10a90f95",
    "color" : "#FFB31A",
    "position" : {
      "x" : 11.09017,
      "y" : -53.832817,
      "z" : 15.326238
    },
    "orientation" : 38
  }, {
    "shape" : "e254a9a8-710c-4348-a2bf-a4897fe8c878",
    "color" : "#F2F2F2",
    "position" : {
      "x" : 40.12461,
      "y" : 0.0,
      "z" : -42.742645
    }
  }, {
    "shape" : "1c8446e0-5ce9-43fd-b107-c4767e10f66d",
    "color" : "#008EC2",
    "position" : {
      "x" : 13.708204,
      "y" : -17.944271,
      "z" : 33.27051
    },
    "orientation" : 51
  }, {
    "shape" : "e254a9a8-710c-4348-a2bf-a4897fe8c878",
    "color" : "#F2F2F2",
    "position" : {
      "x" : 33.27051,
      "y" : -6.854102,
      "z" : -35.888542
    }
  }, {
    "shape" : "d1e743c9-8016-4451-ba72-fc6d10a90f95",
    "color" : "#FFB31A",
    "position" : {
      "x" : -13.708204,
      "y" : 17.944271,
      "z" : -33.27051
    },
    "orientation" : 2
  }, {
    "shape" : "e254a9a8-710c-4348-a2bf-a4897fe8c878",
    "color" : "#F2F2F2",
    "position" : {
      "x" : -33.27051,
      "y" : 17.944271,
      "z" : 42.742645
    }
  }, {
    "shape" : "e254a9a8-710c-4348-a2bf-a4897fe8c878",
    "color" : "#F2F2F2",
    "position" : {
      "x" : 53.832817,
      "y" : -13.708204,
      "z" : 15.326238
    }
  }, {
    "shape" : "d1e743c9-8016-4451-ba72-fc6d10a90f95",
    "color" : "#FFB31A",
    "position" : {
      "x" : 35.888542,
      "y" : 40.12461,
      "z" : -11.09017
    },
    "orientation" : 2
  }, {
    "shape" : "fa5664c5-3331-4d78-b036-c6c0061a4a8c",
    "color" : "#D91218",
    "position" : {
      "x" : -35.888542,
      "y" : -6.854102,
      "z" : 31.652475
    },
    "orientation" : 46
  }, {
    "shape" : "758a1659-59c3-466e-a990-baa1b54306a0",
    "color" : "#D91218",
    "position" : {
      "x" : -40.12461,
      "y" : 35.888542,
      "z" : 20.562305
    },
    "orientation" : 2
  }, {
    "shape" : "1c8446e0-5ce9-43fd-b107-c4767e10f66d",
    "color" : "#008EC2",
    "position" : {
      "x" : 40.12461,
      "y" : -2.618034,
      "z" : 0.0
    },
    "orientation" : 22
  }, {
    "shape" : "1c8446e0-5ce9-43fd-b107-c4767e10f66d",
    "color" : "#008EC2",
    "position" : {
      "x" : -11.09017,
      "y" : -35.888542,
      "z" : 40.12461
    },
    "orientation" : 51
  }, {
    "shape" : "e254a9a8-710c-4348-a2bf-a4897fe8c878",
    "color" : "#F2F2F2",
    "position" : {
      "x" : -53.832817,
      "y" : 2.618034,
      "z" : -22.18034
    }
  }, {
    "shape" : "e254a9a8-710c-4348-a2bf-a4897fe8c878",
    "color" : "#F2F2F2",
    "position" : {
      "x" : 22.18034,
      "y" : 6.854102,
      "z" : -53.832817
    }
  }, {
    "shape" : "758a1659-59c3-466e-a990-baa1b54306a0",
    "color" : "#D91218",
    "position" : {
      "x" : -40.12461,
      "y" : 0.0,
      "z" : 42.742645
    },
    "orientation" : 16
  }, {
    "shape" : "758a1659-59c3-466e-a990-baa1b54306a0",
    "color" : "#D91218",
    "position" : {
      "x" : 42.742645,
      "y" : -13.708204,
      "z" : 33.27051
    },
    "orientation" : 45
  }, {
    "shape" : "e254a9a8-710c-4348-a2bf-a4897fe8c878",
    "color" : "#F2F2F2",
    "position" : {
      "x" : -6.854102,
      "y" : 2.618034,
      "z" : -53.832817
    }
  }, {
    "shape" : "e254a9a8-710c-4348-a2bf-a4897fe8c878",
    "color" : "#F2F2F2",
    "position" : {
      "x" : -46.978714,
      "y" : -15.326238,
      "z" : 0.0
    }
  }, {
    "shape" : "e254a9a8-710c-4348-a2bf-a4897fe8c878",
    "color" : "#F2F2F2",
    "position" : {
      "x" : 0.0,
      "y" : -15.326238,
      "z" : -31.652475
    }
  }, {
    "shape" : "fa5664c5-3331-4d78-b036-c6c0061a4a8c",
    "color" : "#D91218",
    "position" : {
      "x" : 22.18034,
      "y" : -53.832817,
      "z" : -2.618034
    },
    "orientation" : 0
  }, {
    "shape" : "e254a9a8-710c-4348-a2bf-a4897fe8c878",
    "color" : "#F2F2F2",
    "position" : {
      "x" : 13.708204,
      "y" : -11.09017,
      "z" : 15.326238
    }
  }, {
    "shape" : "fa5664c5-3331-4d78-b036-c6c0061a4a8c",
    "color" : "#D91218",
    "position" : {
      "x" : 22.18034,
      "y" : -20.562305,
      "z" : 17.944271
    },
    "orientation" : 32
  }, {
    "shape" : "e254a9a8-710c-4348-a2bf-a4897fe8c878",
    "color" : "#F2F2F2",
    "position" : {
      "x" : -46.978714,
      "y" : 31.652475,
      "z" : -15.326238
    }
  }, {
    "shape" : "e254a9a8-710c-4348-a2bf-a4897fe8c878",
    "color" : "#F2F2F2",
    "position" : {
      "x" : -15.326238,
      "y" : 11.09017,
      "z" : 53.832817
    }
  }, {
    "shape" : "d1e743c9-8016-4451-ba72-fc6d10a90f95",
    "color" : "#FFB31A",
    "position" : {
      "x" : 13.708204,
      "y" : 15.326238,
      "z" : 53.832817
    },
    "orientation" : 16
  }, {
    "shape" : "e254a9a8-710c-4348-a2bf-a4897fe8c878",
    "color" : "#F2F2F2",
    "position" : {
      "x" : -15.326238,
      "y" : 31.652475,
      "z" : 0.0
    }
  }, {
    "shape" : "fa5664c5-3331-4d78-b036-c6c0061a4a8c",
    "color" : "#D91218",
    "position" : {
      "x" : 0.0,
      "y" : 31.652475,
      "z" : -46.978714
    },
    "orientation" : 30
  }, {
    "shape" : "1c8446e0-5ce9-43fd-b107-c4767e10f66d",
    "color" : "#008EC2",
    "position" : {
      "x" : -33.27051,
      "y" : 6.854102,
      "z" : 35.888542
    },
    "orientation" : 8
  }, {
    "shape" : "e254a9a8-710c-4348-a2bf-a4897fe8c878",
    "color" : "#F2F2F2",
    "position" : {
      "x" : -20.562305,
      "y" : -46.978714,
      "z" : -17.944271
    }
  }, {
    "shape" : "e254a9a8-710c-4348-a2bf-a4897fe8c878",
    "color" : "#F2F2F2",
    "position" : {
      "x" : -40.12461,
      "y" : 42.742645,
      "z" : 2.618034
    }
  }, {
    "shape" : "1c8446e0-5ce9-43fd-b107-c4767e10f66d",
    "color" : "#008EC2",
    "position" : {
      "x" : 22.18034,
      "y" : 17.944271,
      "z" : -46.978714
    },
    "orientation" : 8
  }, {
    "shape" : "e254a9a8-710c-4348-a2bf-a4897fe8c878",
    "color" : "#F2F2F2",
    "position" : {
      "x" : 20.562305,
      "y" : 40.12461,
      "z" : 35.888542
    }
  }, {
    "shape" : "d1e743c9-8016-4451-ba72-fc6d10a90f95",
    "color" : "#FFB31A",
    "position" : {
      "x" : 6.854102,
      "y" : -35.888542,
      "z" : 33.27051
    },
    "orientation" : 38
  }, {
    "shape" : "fa5664c5-3331-4d78-b036-c6c0061a4a8c",
    "color" : "#D91218",
    "position" : {
      "x" : 6.854102,
      "y" : -2.618034,
      "z" : 53.832817
    },
    "orientation" : 30
  }, {
    "shape" : "fa5664c5-3331-4d78-b036-c6c0061a4a8c",
    "color" : "#D91218",
    "position" : {
      "x" : -35.888542,
      "y" : 31.652475,
      "z" : -33.27051
    },
    "orientation" : 32
  }, {
    "shape" : "d1e743c9-8016-4451-ba72-fc6d10a90f95",
    "color" : "#FFB31A",
    "position" : {
      "x" : -6.854102,
      "y" : -33.27051,
      "z" : -31.652475
    },
    "orientation" : 6
  }, {
    "shape" : "e254a9a8-710c-4348-a2bf-a4897fe8c878",
    "color" : "#F2F2F2",
    "position" : {
      "x" : 17.944271,
      "y" : 13.708204,
      "z" : -42.742645
    }
  }, {
    "shape" : "e254a9a8-710c-4348-a2bf-a4897fe8c878",
    "color" : "#F2F2F2",
    "position" : {
      "x" : -31.652475,
      "y" : -35.888542,
      "z" : 6.854102
    }
  }, {
    "shape" : "d1e743c9-8016-4451-ba72-fc6d10a90f95",
    "color" : "#FFB31A",
    "position" : {
      "x" : -20.562305,
      "y" : -40.12461,
      "z" : -35.888542
    },
    "orientation" : 2
  }, {
    "shape" : "1c8446e0-5ce9-43fd-b107-c4767e10f66d",
    "color" : "#008EC2",
    "position" : {
      "x" : 33.27051,
      "y" : -6.854102,
      "z" : -35.888542
    },
    "orientation" : 56
  }, {
    "shape" : "e254a9a8-710c-4348-a2bf-a4897fe8c878",
    "color" : "#F2F2F2",
    "position" : {
      "x" : -53.832817,
      "y" : -22.18034,
      "z" : 6.854102
    }
  }, {
    "shape" : "758a1659-59c3-466e-a990-baa1b54306a0",
    "color" : "#D91218",
    "position" : {
      "x" : -46.978714,
      "y" : 17.944271,
      "z" : 20.562305
    },
    "orientation" : 15
  }, {
    "shape" : "d1e743c9-8016-4451-ba72-fc6d10a90f95",
    "color" : "#FFB31A",
    "position" : {
      "x" : 40.12461,
      "y" : -20.562305,
      "z" : 11.09017
    },
    "orientation" : 38
  }, {
    "shape" : "e254a9a8-710c-4348-a2bf-a4897fe8c878",
    "color" : "#F2F2F2",
    "position" : {
      "x" : -33.27051,
      "y" : 31.652475,
      "z" : 6.854102
    }
  }, {
    "shape" : "758a1659-59c3-466e-a990-baa1b54306a0",
    "color" : "#D91218",
    "position" : {
      "x" : 0.0,
      "y" : -46.978714,
      "z" : 15.326238
    },
    "orientation" : 15
  }, {
    "shape" : "1c8446e0-5ce9-43fd-b107-c4767e10f66d",
    "color" : "#008EC2",
    "position" : {
      "x" : -2.618034,
      "y" : -40.12461,
      "z" : -42.742645
    },
    "orientation" : 8
  }, {
    "shape" : "fa5664c5-3331-4d78-b036-c6c0061a4a8c",
    "color" : "#D91218",
    "position" : {
      "x" : 46.978714,
      "y" : -20.562305,
