{
  "field" : "golden",
  "symmetry" : "icosahedral",
  "orientations" : [ [ 1.0, 0.0, 0.0, 0.0, 0.0, 1.0, 0.0, 0.0, 0.0, 0.0, 1.0, 0.0, 0.0, 0.0, 0.0, 1.0 ], [ 0.0, 0.0, 1.0, 0.0, 1.0, 0.0, 0.0, 0.0, 0.0, 1.0, 0.0, 0.0, 0.0, 0.0, 0.0, 1.0 ], [ 0.0, 1.0, 0.0, 0.0, 0.0, 0.0, 1.0, 0.0, 1.0, 0.0, 0.0, 0.0, 0.0, 0.0, 0.0, 1.0 ], [ 0.809017, 0.309017, 0.5, 0.0, 0.309017, 0.5, -0.809017, 0.0, -0.5, 0.809017, 0.309017, 0.0, 0.0, 0.0, 0.0, 1.0 ], [ -0.5, 0.809017, 0.309017, 0.0, 0.809017, 0.309017, 0.5, 0.0, 0.309017, 0.5, -0.809017, 0.0, 0.0, 0.0, 0.0, 1.0 ], [ 0.309017, 0.5, -0.809017, 0.0, -0.5, 0.809017, 0.309017, 0.0, 0.809017, 0.309017, 0.5, 0.0, 0.0, 0.0, 0.0, 1.0 ], [ 0.5, 0.809017, 0.309017, 0.0, 0.809017, -0.309017, -0.5, 0.0, -0.309017, 0.5, -0.809017, 0.0, 0.0, 0.0, 0.0, 1.0 ], [ -0.309017, 0.5, -0.809017, 0.0, 0.5, 0.809017, 0.309017, 0.0, 0.809017, -0.309017, -0.5, 0.0, 0.0, 0.0, 0.0, 1.0 ], [ 0.809017, -0.309017, -0.5, 0.0, -0.309017, 0.5, -0.809017, 0.0, 0.5, 0.809017, 0.309017, 0.0, 0.0, 0.0, 0.0, 1.0 ], [ 0.5, 0.809017, -0.309017, 0.0, 0.809017, -0.309017, 0.5, 0.0, 0.309017, -0.5, -0.809017, 0.0, 0.0, 0.0, 0.0, 1.0 ], [ 0.309017, -0.5, -0.809017, 0.0, 0.5, 0.809017, -0.309017, 0.0, 0.809017, -0.309017, 0.5, 0.0, 0.0, 0.0, 0.0, 1.0 ], [ 0.809017, -0.309017, 0.5, 0.0, 0.309017, -0.5, -0.809017, 0.0, 0.5, 0.809017, -0.309017, 0.0, 0.0, 0.0, 0.0, 1.0 ], [ 0.809017, 0.309017, -0.5, 0.0, 0.309017, 0.5, 0.809017, 0.0, 0.5, -0.809017, 0.309017, 0.0, 0.0, 0.0, 0.0, 1.0 ], [ 0.5, -0.809017, 0.309017, 0.0, 0.809017, 0.309017, -0.5, 0.0, 0.309017, 0.5, 0.809017, 0.0, 0.0, 0.0, 0.0, 1.0 ], [ 0.309017, 0.5, 0.809017, 0.0, 0.5, -0.809017, 0.309017, 0.0, 0.809017, 0.309017, -0.5, 0.0, 0.0, 0.0, 0.0, 1.0 ], [ 1.0, 0.0, 0.0, 0.0, 0.0, -1.0, 0.0, 0.0, 0.0, 0.0, -1.0, 0.0, 0.0, 0.0, 0.0, 1.0 ], [ 0.0, 0.0, 1.0, 0.0, -1.0, 0.0, 0.0, 0.0, 0.0, -1.0, 0.0, 0.0, 0.0, 0.0, 0.0, 1.0 ], [ 0.0, 1.0, 0.0, 0.0, 0.0, 0.0, -1.0, 0.0, -1.0, 0.0, 0.0, 0.0, 0.0, 0.0, 0.0, 1.0 ], [ 0.809017, 0.309017, 0.5, 0.0, -0.309017, -0.5, 0.809017, 0.0, 0.5, -0.809017, -0.309017, 0.0, 0.0, 0.0, 0.0, 1.0 ], [ -0.5, 0.809017, 0.309017, 0.0, -0.809017, -0.309017, -0.5, 0.0, -0.309017, -0.5, 0.809017, 0.0, 0.0, 0.0, 0.0, 1.0 ], [ 0.309017, 0.5, -0.809017, 0.0, 0.5, -0.809017, -0.309017, 0.0, -0.809017, -0.309017, -0.5, 0.0, 0.0, 0.0, 0.0, 1.0 ], [ 0.5, 0.809017, 0.309017, 0.0, -0.809017, 0.309017, 0.5, 0.0, 0.309017, -0.5, 0.809017, 0.0, 0.0, 0.0, 0.0, 1.0 ], [ -0.309017, 0.5, -0.809017, 0.0, -0.5, -0.809017, -0.309017, 0.0, -0.809017, 0.309017, 0.5, 0.0, 0.0, 0.0, 0.0, 1.0 ], [ 0.809017, -0.309017, -0.5, 0.0, 0.309017, -0.5, 0.809017, 0.0, -0.5, -0.809017, -0.309017, 0.0, 0.0, 0.0, 0.0, 1.0 ], [ 0.5, 0.809017, -0.309017, 0.0, -0.809017, 0.309017, -0.5, 0.0, -0.309017, 0.5, 0.809017, 0.0, 0.0, 0.0, 0.0, 1.0 ], [ 0.309017, -0.5, -0.809017, 0.0, -0.5, -0.809017, 0.309017, 0.0, -0.809017, 0.309017, -0.5, 0.0, 0.0, 0.0, 0.0, 1.0 ], [ 0.809017, -0.309017, 0.5, 0.0, -0.309017, 0.5, 0.809017, 0.0, -0.5, -0.809017, 0.309017, 0.0, 0.0, 0.0, 0.0, 1.0 ], [ 0.809017, 0.309017, -0.5, 0.0, -0.309017, -0.5, -0.809017, 0.0, -0.5, 0.809017, -0.309017, 0.0, 0.0, 0.0, 0.0, 1.0 ], [ 0.5, -0.809017, 0.309017, 0.0, -0.809017, -0.309017, 0.5, 0.0, -0.309017, -0.5, -0.809017, 0.0, 0.0, 0.0, 0.0, 1.0 ], [ 0.309017, 0.5, 0.809017, 0.0, -0.5, 0.809017, -0.309017, 0.0, -0.809017, -0.309017, 0.5, 0.0, 0.0, 0.0, 0.0, 1.0 ], [ -1.0, 0.0, 0.0, 0.0, 0.0, -1.0, 0.0, 0.0, 0.0, 0.0, 1.0, 0.0, 0.0, 0.0, 0.0, 1.0 ], [ 0.0, 0.0, -1.0, 0.0, -1.0, 0.0, 0.0, 0.0, 0.0, 1.0, 0.0, 0.0, 0.0, 0.0, 0.0, 1.0 ], [ 0.0, -1.0, 0.0, 0.0, 0.0, 0.0, -1.0, 0.0, 1.0, 0.0, 0.0, 0.0, 0.0, 0.0, 0.0, 1.0 ], [ -0.809017, -0.309017, -0.5, 0.0, -0.309017, -0.5, 0.809017, 0.0, -0.5, 0.809017, 0.309017, 0.0, 0.0, 0.0, 0.0, 1.0 ], [ 0.5, -0.809017, -0.309017, 0.0, -0.809017, -0.309017, -0.5, 0.0, 0.309017, 0.5, -0.809017, 0.0, 0.0, 0.0, 0.0, 1.0 ], [ -0.309017, -0.5, 0.809017, 0.0, 0.5, -0.809017, -0.309017, 0.0, 0.809017, 0.309017, 0.5, 0.0, 0.0, 0.0, 0.0, 1.0 ], [ -0.5, -0.809017, -0.309017, 0.0, -0.809017, 0.309017, 0.5, 0.0, -0.309017, 0.5, -0.809017, 0.0, 0.0, 0.0, 0.0, 1.0 ], [ 0.309017, -0.5, 0.809017, 0.0, -0.5, -0.809017, -0.309017, 0.0, 0.809017, -0.309017, -0.5, 0.0, 0.0, 0.0, 0.0, 1.0 ], [ -0.809017, 0.309017, 0.5, 0.0, 0.309017, -0.5, 0.809017, 0.0, 0.5, 0.809017, 0.309017, 0.0, 0.0, 0.0, 0.0, 1.0 ], [ -0.5, -0.809017, 0.309017, 0.0, -0.809017, 0.309017, -0.5, 0.0, 0.309017, -0.5, -0.809017, 0.0, 0.0, 0.0, 0.0, 1.0 ], [ -0.309017, 0.5, 0.809017, 0.0, -0.5, -0.809017, 0.309017, 0.0, 0.809017, -0.309017, 0.5, 0.0, 0.0, 0.0, 0.0, 1.0 ], [ -0.809017, 0.309017, -0.5, 0.0, -0.309017, 0.5, 0.809017, 0.0, 0.5, 0.809017, -0.309017, 0.0, 0.0, 0.0, 0.0, 1.0 ], [ -0.809017, -0.309017, 0.5, 0.0, -0.309017, -0.5, -0.809017, 0.0, 0.5, -0.809017, 0.309017, 0.0, 0.0, 0.0, 0.0, 1.0 ], [ -0.5, 0.809017, -0.309017, 0.0, -0.809017, -0.309017, 0.5, 0.0, 0.309017, 0.5, 0.809017, 0.0, 0.0, 0.0, 0.0, 1.0 ], [ -0.309017, -0.5, -0.809017, 0.0, -0.5, 0.809017, -0.309017, 0.0, 0.809017, 0.309017, -0.5, 0.0, 0.0, 0.0, 0.0, 1.0 ], [ -1.0, 0.0, 0.0, 0.0, 0.0, 1.0, 0.0, 0.0, 0.0, 0.0, -1.0, 0.0, 0.0, 0.0, 0.0, 1.0 ], [ 0.0, 0.0, -1.0, 0.0, 1.0, 0.0, 0.0, 0.0, 0.0, -1.0, 0.0, 0.0, 0.0, 0.0, 0.0, 1.0 ], [ 0.0, -1.0, 0.0, 0.0, 0.0, 0.0, 1.0, 0.0, -1.0, 0.0, 0.0, 0.0, 0.0, 0.0, 0.0, 1.0 ], [ -0.809017, -0.309017, -0.5, 0.0, 0.309017, 0.5, -0.809017, 0.0, 0.5, -0.809017, -0.309017, 0.0, 0.0, 0.0, 0.0, 1.0 ], [ 0.5, -0.809017, -0.309017, 0.0, 0.809017, 0.309017, 0.5, 0.0, -0.309017, -0.5, 0.809017, 0.0, 0.0, 0.0, 0.0, 1.0 ], [ -0.309017, -0.5, 0.809017, 0.0, -0.5, 0.809017, 0.309017, 0.0, -0.809017, -0.309017, -0.5, 0.0, 0.0, 0.0, 0.0, 1.0 ], [ -0.5, -0.809017, -0.309017, 0.0, 0.809017, -0.309017, -0.5, 0.0, 0.309017, -0.5, 0.809017, 0.0, 0.0, 0.0, 0.0, 1.0 ], [ 0.309017, -0.5, 0.809017, 0.0, 0.5, 0.809017, 0.309017, 0.0, -0.809017, 0.309017, 0.5, 0.0, 0.0, 0.0, 0.0, 1.0 ], [ -0.809017, 0.309017, 0.5, 0.0, -0.309017, 0.5, -0.809017, 0.0, -0.5, -0.809017, -0.309017, 0.0, 0.0, 0.0, 0.0, 1.0 ], [ -0.5, -0.809017, 0.309017, 0.0, 0.809017, -0.309017, 0.5, 0.0, -0.309017, 0.5, 0.809017, 0.0, 0.0, 0.0, 0.0, 1.0 ], [ -0.309017, 0.5, 0.809017, 0.0, 0.5, 0.809017, -0.309017, 0.0, -0.809017, 0.309017, -0.5, 0.0, 0.0, 0.0, 0.0, 1.0 ], [ -0.809017, 0.309017, -0.5, 0.0, 0.309017, -0.5, -0.809017, 0.0, -0.5, -0.809017, 0.309017, 0.0, 0.0, 0.0, 0.0, 1.0 ], [ -0.809017, -0.309017, 0.5, 0.0, 0.309017, 0.5, 0.809017, 0.0, -0.5, 0.809017, -0.309017, 0.0, 0.0, 0.0, 0.0, 1.0 ], [ -0.5, 0.809017, -0.309017, 0.0, 0.809017, 0.309017, -0.5, 0.0, -0.309017, -0.5, -0.809017, 0.0, 0.0, 0.0, 0.0, 1.0 ], [ -0.309017, -0.5, -0.809017, 0.0, 0.5, -0.809017, 0.309017, 0.0, -0.809017, -0.309017, 0.5, 0.0, 0.0, 0.0, 0.0, 1.0 ] ],
  "lights" : {
    "ambientColor" : "#292929",
    "backgroundColor" : "#AFC8DC",
    "directionalLights" : [ {
      "direction" : {
        "x" : 1.0,
        "y" : -1.0,
        "z" : -1.0
      },
      "color" : "#EBEBE4"
    }, {
      "direction" : {
        "x" : -1.0,
        "y" : 0.0,
        "z" : 0.0
      },
      "color" : "#E4E4EB"
    }, {
      "direction" : {
        "x" : 0.0,
        "y" : 0.0,
        "z" : -1.0
      },
      "color" : "#1E1E1E"
    } ]
  },
  "camera" : {
    "viewDistance" : 1222.7767,
    "nearClipDistance" : 3.0569415,
    "farClipDistance" : 2445.561,
    "lookAtPoint" : {
      "x" : 0.0,
      "y" : 0.0,
      "z" : 0.0
    },
    "fieldOfView" : 0.44262967,
    "perspective" : true,
    "lookDirection" : {
      "x" : -0.8265669,
      "y" : 0.12521046,
      "z" : 0.54873693
    },
    "upDirection" : {
      "x" : -0.09301584,
      "y" : -0.9919268,
      "z" : 0.08622436
    },
    "stereo" : false,
    "width" : 550.25055,
    "position" : {
      "x" : 1010.7067,
      "y" : -153.10445,
      "z" : -670.9827
    }
  },
  "embedding" : [ 1.0, 0.0, 0.0, 0.0, 0.0, 1.0, 0.0, 0.0, 0.0, 0.0, 1.0, 0.0, 0.0, 0.0, 0.0, 1.0 ],
  "shapes" : [ {
    "id" : "a908979b-5339-48b0-9345-8b29ae9a3d45",
    "vertices" : [ {
      "x" : 5.1405764,
      "y" : 1.7725425,
      "z" : -0.868034
    }, {
      "x" : 6.163119,
      "y" : 1.809017,
      "z" : -1.0
    }, {
      "x" : 5.1405764,
      "y" : 1.7725425,
      "z" : -0.48606798
    }, {
      "x" : 4.9495935,
      "y" : 2.0815594,
      "z" : -0.98606795
    }, {
      "x" : 4.9495935,
      "y" : 2.0815594,
      "z" : -0.60410196
    }, {
      "x" : 0.809017,
      "y" : 0.618034,
      "z" : 0.309017
    }, {
      "x" : 1.0,
      "y" : 0.309017,
      "z" : 0.19098301
    }, {
      "x" : 1.9045085,
      "y" : 0.5364745,
      "z" : -0.013932022
    }, {
      "x" : 5.854102,
      "y" : 2.309017,
      "z" : -1.190983
    }, {
      "x" : 6.045085,
      "y" : 2.0,
      "z" : -1.309017
    }, {
      "x" : 6.045085,
      "y" : 2.0,
      "z" : -0.690983
    }, {
      "x" : 5.854102,
      "y" : 2.309017,
      "z" : -0.809017
    }, {
      "x" : 1.7135255,
      "y" : 0.8454915,
      "z" : -0.13196601
    }, {
      "x" : 0.690983,
      "y" : 0.809017,
      "z" : 0.0
    }, {
      "x" : 1.9045085,
      "y" : 0.5364745,
      "z" : -0.39589804
    }, {
      "x" : 1.7135255,
      "y" : 0.8454915,
      "z" : -0.51393205
    }, {
      "x" : 0.809017,
      "y" : 0.618034,
      "z" : -0.309017
    }, {
      "x" : 1.0,
      "y" : 0.309017,
      "z" : -0.19098301
    }, {
      "x" : 6.854102,
      "y" : 2.618034,
      "z" : -1.0
    } ],
    "faces" : [ {
      "vertices" : [ 0, 14, 15 ]
    }, {
      "vertices" : [ 0, 15, 3 ]
    }, {
      "vertices" : [ 3, 15, 12 ]
    }, {
      "vertices" : [ 3, 12, 4 ]
    }, {
      "vertices" : [ 0, 1, 2 ]
    }, {
      "vertices" : [ 12, 15, 13 ]
    }, {
      "vertices" : [ 0, 9, 1 ]
    }, {
      "vertices" : [ 0, 3, 9 ]
    }, {
      "vertices" : [ 13, 15, 16 ]
    }, {
      "vertices" : [ 6, 17, 14 ]
    }, {
      "vertices" : [ 6, 14, 7 ]
    }, {
      "vertices" : [ 1, 10, 2 ]
    }, {
      "vertices" : [ 5, 6, 7 ]
    }, {
      "vertices" : [ 3, 8, 9 ]
    }, {
      "vertices" : [ 0, 2, 7 ]
    }, {
      "vertices" : [ 0, 7, 14 ]
    }, {
      "vertices" : [ 5, 7, 12 ]
    }, {
      "vertices" : [ 2, 4, 12 ]
    }, {
      "vertices" : [ 2, 12, 7 ]
    }, {
      "vertices" : [ 3, 4, 11 ]
    }, {
      "vertices" : [ 3, 11, 8 ]
    }, {
      "vertices" : [ 2, 10, 11 ]
    }, {
      "vertices" : [ 2, 11, 4 ]
    }, {
      "vertices" : [ 5, 12, 13 ]
    }, {
      "vertices" : [ 14, 17, 16 ]
    }, {
      "vertices" : [ 14, 16, 15 ]
    } ]
  }, {
    "id" : "eb4da9f0-0c85-496f-bff1-830b8255f56f",
    "vertices" : [ {
      "x" : 0.309017,
      "y" : -0.809017,
      "z" : 0.618034
    }, {
      "x" : 0.809017,
      "y" : -0.618034,
      "z" : 0.309017
    }, {
      "x" : 0.618034,
      "y" : -0.309017,
      "z" : 0.809017
    }, {
      "x" : 1.0,
      "y" : 0.309017,
      "z" : 0.19098301
    }, {
      "x" : 0.809017,
      "y" : 0.618034,
      "z" : 0.309017
    }, {
      "x" : 0.618034,
      "y" : 0.309017,
      "z" : 0.809017
    }, {
      "x" : 0.809017,
      "y" : 0.0,
      "z" : 0.690983
    }, {
      "x" : 0.19098301,
      "y" : -1.0,
      "z" : 0.309017
    }, {
      "x" : -0.19098301,
      "y" : -1.0,
      "z" : 0.309017
    }, {
      "x" : -0.19098301,
      "y" : -1.0,
      "z" : -0.309017
    }, {
      "x" : 0.19098301,
      "y" : -1.0,
      "z" : -0.309017
    }, {
      "x" : 1.0,
      "y" : -0.309017,
      "z" : -0.19098301
    }, {
      "x" : 0.809017,
      "y" : -0.618034,
      "z" : -0.309017
    }, {
      "x" : 0.618034,
      "y" : -0.309017,
      "z" : -0.809017
    }, {
      "x" : 0.809017,
      "y" : 0.0,
      "z" : -0.690983
    }, {
      "x" : 0.0,
      "y" : 0.690983,
      "z" : -0.809017
    }, {
      "x" : 0.309017,
      "y" : 0.809017,
      "z" : -0.618034
    }, {
      "x" : 0.618034,
      "y" : 0.309017,
      "z" : -0.809017
    }, {
      "x" : 0.309017,
      "y" : 0.19098301,
      "z" : -1.0
    }, {
      "x" : 1.0,
      "y" : 0.309017,
      "z" : -0.19098301
    }, {
      "x" : -0.309017,
      "y" : -0.809017,
      "z" : 0.618034
    }, {
      "x" : 0.0,
      "y" : -0.690983,
      "z" : 0.809017
    }, {
      "x" : 0.809017,
      "y" : 0.618034,
      "z" : -0.309017
    }, {
      "x" : 0.690983,
      "y" : 0.809017,
      "z" : 0.0
    }, {
      "x" : -0.690983,
      "y" : 0.809017,
      "z" : 0.0
    }, {
      "x" : -0.809017,
      "y" : 0.618034,
      "z" : 0.309017
    }, {
      "x" : -0.309017,
      "y" : 0.809017,
      "z" : 0.618034
    }, {
      "x" : -0.19098301,
      "y" : 1.0,
      "z" : 0.309017
    }, {
      "x" : 0.309017,
      "y" : -0.19098301,
      "z" : -1.0
    }, {
      "x" : 0.19098301,
      "y" : 1.0,
      "z" : 0.309017
    }, {
      "x" : 0.309017,
      "y" : 0.809017,
      "z" : 0.618034
    }, {
      "x" : -0.809017,
      "y" : -0.618034,
      "z" : 0.309017
    }, {
      "x" : -0.690983,
      "y" : -0.809017,
      "z" : 0.0
    }, {
      "x" : 0.0,
      "y" : 0.690983,
      "z" : 0.809017
    }, {
      "x" : 0.309017,
      "y" : -0.809017,
      "z" : -0.618034
    }, {
      "x" : 0.0,
      "y" : -0.690983,
      "z" : -0.809017
    }, {
      "x" : -1.0,
      "y" : 0.309017,
      "z" : 0.19098301
    }, {
      "x" : -0.809017,
      "y" : 0.0,
      "z" : 0.690983
    }, {
      "x" : -0.618034,
      "y" : 0.309017,
      "z" : 0.809017
    }, {
      "x" : 1.0,
      "y" : -0.309017,
      "z" : 0.19098301
    }, {
      "x" : -0.309017,
      "y" : -0.809017,
      "z" : -0.618034
    }, {
      "x" : -1.0,
      "y" : 0.309017,
      "z" : -0.19098301
    }, {
      "x" : -1.0,
      "y" : -0.309017,
      "z" : -0.19098301
    }, {
      "x" : -1.0,
      "y" : -0.309017,
      "z" : 0.19098301
    }, {
      "x" : 0.19098301,
      "y" : 1.0,
      "z" : -0.309017
    }, {
      "x" : -0.809017,
      "y" : 0.618034,
      "z" : -0.309017
    }, {
      "x" : -0.19098301,
      "y" : 1.0,
      "z" : -0.309017
    }, {
      "x" : -0.309017,
      "y" : 0.809017,
      "z" : -0.618034
    }, {
      "x" : -0.618034,
      "y" : -0.309017,
      "z" : 0.809017
    }, {
      "x" : 0.309017,
      "y" : 0.19098301,
      "z" : 1.0
    }, {
      "x" : -0.309017,
      "y" : 0.19098301,
      "z" : -1.0
    }, {
      "x" : -0.309017,
      "y" : 0.19098301,
      "z" : 1.0
    }, {
      "x" : -0.309017,
      "y" : -0.19098301,
      "z" : 1.0
    }, {
      "x" : 0.309017,
      "y" : -0.19098301,
      "z" : 1.0
    }, {
      "x" : 0.690983,
      "y" : -0.809017,
      "z" : 0.0
    }, {
      "x" : -0.809017,
      "y" : 0.0,
      "z" : -0.690983
    }, {
      "x" : -0.618034,
      "y" : -0.309017,
      "z" : -0.809017
    }, {
      "x" : -0.309017,
      "y" : -0.19098301,
      "z" : -1.0
    }, {
      "x" : -0.618034,
      "y" : 0.309017,
      "z" : -0.809017
    }, {
      "x" : -0.809017,
      "y" : -0.618034,
      "z" : -0.309017
    } ],
    "faces" : [ {
      "vertices" : [ 9, 40, 35 ]
    }, {
      "vertices" : [ 9, 35, 34 ]
    }, {
      "vertices" : [ 9, 34, 10 ]
    }, {
      "vertices" : [ 0, 1, 2 ]
    }, {
      "vertices" : [ 33, 51, 49 ]
    }, {
      "vertices" : [ 25, 36, 37 ]
    }, {
      "vertices" : [ 25, 37, 38 ]
    }, {
      "vertices" : [ 41, 55, 42 ]
    }, {
      "vertices" : [ 9, 32, 59 ]
    }, {
      "vertices" : [ 9, 59, 40 ]
    }, {
      "vertices" : [ 20, 21, 52 ]
    }, {
      "vertices" : [ 20, 52, 48 ]
    }, {
      "vertices" : [ 26, 33, 30 ]
    }, {
      "vertices" : [ 26, 30, 29 ]
    }, {
      "vertices" : [ 26, 29, 27 ]
    }, {
      "vertices" : [ 3, 4, 5 ]
    }, {
      "vertices" : [ 3, 5, 6 ]
    }, {
      "vertices" : [ 27, 29, 44 ]
    }, {
      "vertices" : [ 27, 44, 46 ]
    }, {
      "vertices" : [ 50, 57, 56 ]
    }, {
      "vertices" : [ 50, 56, 55 ]
    }, {
      "vertices" : [ 50, 55, 58 ]
    }, {
      "vertices" : [ 26, 38, 51 ]
    }, {
      "vertices" : [ 26, 51, 33 ]
    }, {
      "vertices" : [ 45, 47, 58 ]
    }, {
      "vertices" : [ 18, 28, 57 ]
    }, {
      "vertices" : [ 18, 57, 50 ]
    }, {
      "vertices" : [ 40, 59, 56 ]
    }, {
      "vertices" : [ 31, 48, 37 ]
    }, {
      "vertices" : [ 31, 37, 43 ]
    }, {
      "vertices" : [ 7, 8, 9 ]
    }, {
      "vertices" : [ 7, 9, 10 ]
    }, {
      "vertices" : [ 36, 41, 42 ]
    }, {
      "vertices" : [ 36, 42, 43 ]
    }, {
      "vertices" : [ 24, 46, 47 ]
    }, {
      "vertices" : [ 24, 47, 45 ]
    }, {
      "vertices" : [ 4, 30, 5 ]
    }, {
      "vertices" : [ 15, 47, 46 ]
    }, {
      "vertices" : [ 15, 46, 44 ]
    }, {
      "vertices" : [ 15, 44, 16 ]
    }, {
      "vertices" : [ 15, 50, 58 ]
    }, {
      "vertices" : [ 15, 58, 47 ]
    }, {
      "vertices" : [ 24, 45, 41 ]
    }, {
      "vertices" : [ 24, 41, 36 ]
    }, {
      "vertices" : [ 24, 36, 25 ]
    }, {
      "vertices" : [ 11, 14, 19 ]
    }, {
      "vertices" : [ 3, 6, 39 ]
    }, {
      "vertices" : [ 1, 39, 6 ]
    }, {
      "vertices" : [ 1, 6, 2 ]
    }, {
      "vertices" : [ 8, 32, 9 ]
    }, {
      "vertices" : [ 11, 12, 13 ]
    }, {
      "vertices" : [ 11, 13, 14 ]
    }, {
      "vertices" : [ 16, 22, 17 ]
    }, {
      "vertices" : [ 0, 21, 20 ]
    }, {
      "vertices" : [ 0, 20, 8 ]
    }, {
      "vertices" : [ 0, 8, 7 ]
    }, {
      "vertices" : [ 12, 34, 13 ]
    }, {
      "vertices" : [ 35, 40, 56 ]
    }, {
      "vertices" : [ 35, 56, 57 ]
    }, {
      "vertices" : [ 0, 7, 54 ]
    }, {
      "vertices" : [ 0, 54, 1 ]
    }, {
      "vertices" : [ 15, 16, 17 ]
    }, {
      "vertices" : [ 15, 17, 18 ]
    }, {
      "vertices" : [ 3, 19, 22 ]
    }, {
      "vertices" : [ 3, 22, 23 ]
    }, {
      "vertices" : [ 3, 23, 4 ]
    }, {
      "vertices" : [ 7, 10, 54 ]
    }, {
      "vertices" : [ 41, 45, 58 ]
    }, {
      "vertices" : [ 41, 58, 55 ]
    }, {
      "vertices" : [ 3, 39, 11 ]
    }, {
      "vertices" : [ 3, 11, 19 ]
    }, {
      "vertices" : [ 14, 17, 22 ]
    }, {
      "vertices" : [ 14, 22, 19 ]
    }, {
      "vertices" : [ 0, 2, 53 ]
    }, {
      "vertices" : [ 0, 53, 21 ]
    }, {
      "vertices" : [ 49, 51, 52 ]
    }, {
      "vertices" : [ 49, 52, 53 ]
    }, {
      "vertices" : [ 31, 43, 42 ]
    }, {
      "vertices" : [ 31, 42, 59 ]
    }, {
      "vertices" : [ 31, 59, 32 ]
    }, {
      "vertices" : [ 15, 18, 50 ]
    }, {
      "vertices" : [ 42, 55, 56 ]
    }, {
      "vertices" : [ 42, 56, 59 ]
    }, {
      "vertices" : [ 4, 23, 29 ]
    }, {
      "vertices" : [ 4, 29, 30 ]
    }, {
      "vertices" : [ 25, 38, 26 ]
    }, {
      "vertices" : [ 13, 28, 18 ]
    }, {
      "vertices" : [ 13, 18, 17 ]
    }, {
      "vertices" : [ 13, 17, 14 ]
    }, {
      "vertices" : [ 8, 20, 31 ]
    }, {
      "vertices" : [ 8, 31, 32 ]
    }, {
      "vertices" : [ 23, 44, 29 ]
    }, {
      "vertices" : [ 24, 27, 46 ]
    }, {
      "vertices" : [ 37, 48, 52 ]
    }, {
      "vertices" : [ 37, 52, 51 ]
    }, {
      "vertices" : [ 37, 51, 38 ]
    }, {
      "vertices" : [ 20, 48, 31 ]
    }, {
      "vertices" : [ 24, 25, 26 ]
    }, {
      "vertices" : [ 24, 26, 27 ]
    }, {
      "vertices" : [ 16, 44, 23 ]
    }, {
      "vertices" : [ 16, 23, 22 ]
    }, {
      "vertices" : [ 13, 34, 35 ]
    }, {
      "vertices" : [ 13, 35, 28 ]
    }, {
      "vertices" : [ 10, 34, 12 ]
    }, {
      "vertices" : [ 10, 12, 54 ]
    }, {
      "vertices" : [ 2, 6, 5 ]
    }, {
      "vertices" : [ 2, 5, 49 ]
    }, {
      "vertices" : [ 2, 49, 53 ]
    }, {
      "vertices" : [ 36, 43, 37 ]
    }, {
      "vertices" : [ 5, 30, 33 ]
    }, {
      "vertices" : [ 5, 33, 49 ]
    }, {
      "vertices" : [ 1, 54, 12 ]
    }, {
      "vertices" : [ 1, 12, 11 ]
    }, {
      "vertices" : [ 1, 11, 39 ]
    }, {
      "vertices" : [ 28, 35, 57 ]
    }, {
      "vertices" : [ 21, 53, 52 ]
    } ]
  }, {
    "id" : "38a304a8-2074-44fe-9f8d-80b117685a31",
    "vertices" : [ {
      "x" : 7.472136,
      "y" : 2.927051,
      "z" : -0.19098301
    }, {
      "x" : 7.7811527,
      "y" : 2.427051,
      "z" : 0.0
    }, {
      "x" : 6.854102,
      "y" : 2.309017,
      "z" : 0.19098301
    }, {
      "x" : 6.854102,
      "y" : 2.309017,
      "z" : -0.19098301
    }, {
      "x" : 6.854102,
      "y" : 2.927051,
      "z" : 0.19098301
    }, {
      "x" : 7.663119,
      "y" : 2.618034,
      "z" : -0.309017
    }, {
      "x" : 1.618034,
      "y" : 0.309017,
      "z" : 0.19098301
    }, {
      "x" : 1.618034,
      "y" : 0.927051,
      "z" : 0.19098301
    }, {
      "x" : 0.809017,
      "y" : 0.618034,
      "z" : 0.309017
    }, {
      "x" : 7.472136,
      "y" : 2.927051,
      "z" : 0.19098301
    }, {
      "x" : 1.0,
      "y" : 0.309017,
      "z" : -0.19098301
    }, {
      "x" : 1.618034,
      "y" : 0.309017,
      "z" : -0.19098301
    }, {
      "x" : 1.0,
      "y" : 0.309017,
      "z" : 0.19098301
    }, {
      "x" : 7.663119,
      "y" : 2.618034,
      "z" : 0.309017
    }, {
      "x" : 6.854102,
      "y" : 2.927051,
      "z" : -0.19098301
    }, {
      "x" : 1.618034,
      "y" : 0.927051,
      "z" : -0.19098301
    }, {
      "x" : 0.690983,
      "y" : 0.809017,
      "z" : 0.0
    }, {
      "x" : 0.809017,
      "y" : 0.618034,
      "z" : -0.309017
    }, {
      "x" : 8.472136,
      "y" : 3.236068,
      "z" : 0.0
    } ],
    "faces" : [ {
      "vertices" : [ 1, 2, 3 ]
    }, {
      "vertices" : [ 7, 15, 16 ]
    }, {
      "vertices" : [ 10, 17, 11 ]
    }, {
      "vertices" : [ 6, 12, 10 ]
    }, {
      "vertices" : [ 6, 10, 11 ]
    }, {
      "vertices" : [ 4, 14, 15 ]
    }, {
      "vertices" : [ 4, 15, 7 ]
    }, {
      "vertices" : [ 1, 3, 5 ]
    }, {
      "vertices" : [ 3, 11, 15 ]
    }, {
      "vertices" : [ 3, 15, 14 ]
    }, {
      "vertices" : [ 11, 17, 15 ]
    }, {
      "vertices" : [ 1, 13, 2 ]
    }, {
      "vertices" : [ 15, 17, 16 ]
    }, {
      "vertices" : [ 2, 4, 7 ]
    }, {
      "vertices" : [ 2, 7, 6 ]
    }, {
      "vertices" : [ 0, 5, 14 ]
    }, {
      "vertices" : [ 2, 13, 4 ]
    }, {
      "vertices" : [ 6, 7, 8 ]
    }, {
      "vertices" : [ 2, 6, 11 ]
    }, {
      "vertices" : [ 2, 11, 3 ]
    }, {
      "vertices" : [ 3, 14, 5 ]
    }, {
      "vertices" : [ 4, 13, 9 ]
    }, {
      "vertices" : [ 6, 8, 12 ]
    }, {
      "vertices" : [ 0, 14, 4 ]
    }, {
      "vertices" : [ 0, 4, 9 ]
    }, {
      "vertices" : [ 7, 16, 8 ]
    } ]
  }, {
    "id" : "b2978778-54a7-4639-bae0-0782074ffaa5",
    "vertices" : [ {
      "x" : 1.0,
      "y" : -0.309017,
      "z" : -0.19098301
    }, {
      "x" : 0.809017,
      "y" : 0.0,
      "z" : -0.690983
    }, {
      "x" : 1.0,
      "y" : 0.309017,
      "z" : -0.19098301
    }, {
      "x" : 1.809017,
      "y" : 0.0,
      "z" : -0.309017
    }, {
      "x" : 1.618034,
      "y" : 0.309017,
      "z" : -0.809017
    }, {
      "x" : 2.0,
      "y" : 0.309017,
      "z" : -0.19098301
    }, {
      "x" : 1.809017,
      "y" : 0.618034,
      "z" : -0.690983
    }, {
      "x" : 7.663119,
      "y" : 1.0,
      "z" : -1.927051
    }, {
      "x" : 7.472136,
      "y" : 1.309017,
      "z" : -2.427051
    }, {
      "x" : 7.854102,
      "y" : 1.309017,
      "z" : -1.809017
    }, {
      "x" : 7.663119,
      "y" : 1.618034,
      "z" : -2.309017
    }, {
      "x" : 8.472136,
      "y" : 1.309017,
      "z" : -2.427051
    }, {
      "x" : 8.663119,
      "y" : 1.618034,
      "z" : -1.927051
    }, {
      "x" : 8.472136,
      "y" : 1.927051,
      "z" : -2.427051
    }, {
      "x" : 9.472136,
      "y" : 1.618034,
      "z" : -2.618034
    } ],
    "faces" : [ {
      "vertices" : [ 8, 13, 11 ]
    }, {
      "vertices" : [ 2, 5, 9 ]
    }, {
      "vertices" : [ 2, 9, 10 ]
    }, {
      "vertices" : [ 2, 10, 6 ]
    }, {
      "vertices" : [ 3, 4, 8 ]
    }, {
      "vertices" : [ 3, 8, 11 ]
    }, {
      "vertices" : [ 3, 11, 7 ]
    }, {
      "vertices" : [ 0, 2, 1 ]
    }, {
      "vertices" : [ 11, 13, 12 ]
    }, {
      "vertices" : [ 0, 5, 2 ]
    }, {
      "vertices" : [ 0, 3, 5 ]
    }, {
      "vertices" : [ 0, 1, 4 ]
    }, {
      "vertices" : [ 0, 4, 3 ]
    }, {
      "vertices" : [ 1, 2, 6 ]
    }, {
      "vertices" : [ 1, 6, 4 ]
    }, {
      "vertices" : [ 9, 12, 13 ]
    }, {
      "vertices" : [ 9, 13, 10 ]
    }, {
      "vertices" : [ 3, 7, 9 ]
    }, {
      "vertices" : [ 3, 9, 5 ]
    }, {
      "vertices" : [ 7, 12, 9 ]
    }, {
      "vertices" : [ 4, 6, 10 ]
    }, {
      "vertices" : [ 4, 10, 8 ]
    }, {
      "vertices" : [ 7, 11, 12 ]
    }, {
      "vertices" : [ 8, 10, 13 ]
    } ]
  }, {
    "id" : "4c1a8b87-818b-41be-96c6-671ad1b0fa27",
    "vertices" : [ {
      "x" : 21.871323,
      "y" : 13.635255,
      "z" : 0.309017
    }, {
      "x" : 23.489357,
      "y" : 14.399187,
      "z" : 0.309017
    }, {
      "x" : 23.298374,
      "y" : 14.708204,
      "z" : 0.19098301
    }, {
      "x" : 0.809017,
      "y" : 0.618034,
      "z" : -0.309017
    }, {
      "x" : 0.690983,
      "y" : 0.809017,
      "z" : 0.0
    }, {
      "x" : 21.753288,
      "y" : 13.826238,
      "z" : 0.0
    }, {
      "x" : 21.871323,
      "y" : 13.635255,
      "z" : -0.309017
    }, {
      "x" : 44.551662,
      "y" : 27.416409,
      "z" : 0.309017
    }, {
      "x" : 22.062305,
      "y" : 13.326238,
      "z" : 0.19098301
    }, {
      "x" : 22.062305,
      "y" : 13.326238,
      "z" : -0.19098301
    }, {
      "x" : 23.607391,
      "y" : 14.208204,
      "z" : 0.0
    }, {
      "x" : 23.489357,
      "y" : 14.399187,
      "z" : -0.309017
    }, {
      "x" : 44.669697,
      "y" : 27.225426,
      "z" : 0.0
    }, {
      "x" : 1.0,
      "y" : 0.309017,
      "z" : 0.19098301
    }, {
      "x" : 1.0,
      "y" : 0.309017,
      "z" : -0.19098301
    }, {
      "x" : 0.809017,
      "y" : 0.618034,
      "z" : 0.309017
    }, {
      "x" : 44.36068,
      "y" : 27.725426,
      "z" : 0.19098301
    }, {
      "x" : 44.551662,
      "y" : 27.416409,
      "z" : -0.309017
    }, {
      "x" : 44.36068,
      "y" : 27.725426,
      "z" : -0.19098301
    }, {
      "x" : 45.36068,
      "y" : 28.034441,
      "z" : 0.0
    }, {
      "x" : 23.298374,
      "y" : 14.708204,
      "z" : -0.19098301
    } ],
    "faces" : [ {
      "vertices" : [ 3, 6, 9 ]
    }, {
      "vertices" : [ 3, 9, 14 ]
    }, {
      "vertices" : [ 11, 20, 18 ]
    }, {
      "vertices" : [ 11, 18, 17 ]
    }, {
      "vertices" : [ 0, 1, 2 ]
    }, {
      "vertices" : [ 0, 15, 13 ]
    }, {
      "vertices" : [ 0, 13, 8 ]
    }, {
      "vertices" : [ 6, 20, 11 ]
    }, {
      "vertices" : [ 0, 2, 5 ]
    }, {
      "vertices" : [ 0, 8, 1 ]
    }, {
      "vertices" : [ 8, 13, 14 ]
    }, {
      "vertices" : [ 8, 14, 9 ]
    }, {
      "vertices" : [ 3, 4, 5 ]
    }, {
      "vertices" : [ 3, 5, 6 ]
    }, {
      "vertices" : [ 10, 11, 17 ]
    }, {
      "vertices" : [ 10, 17, 12 ]
    }, {
      "vertices" : [ 1, 8, 10 ]
    }, {
      "vertices" : [ 0, 5, 4 ]
    }, {
      "vertices" : [ 0, 4, 15 ]
    }, {
      "vertices" : [ 2, 16, 18 ]
    }, {
      "vertices" : [ 2, 18, 20 ]
    }, {
      "vertices" : [ 1, 7, 16 ]
    }, {
      "vertices" : [ 1, 16, 2 ]
    }, {
      "vertices" : [ 6, 11, 9 ]
    }, {
      "vertices" : [ 8, 9, 10 ]
    }, {
      "vertices" : [ 2, 20, 5 ]
    }, {
      "vertices" : [ 9, 11, 10 ]
    }, {
      "vertices" : [ 1, 10, 12 ]
    }, {
      "vertices" : [ 1, 12, 7 ]
    }, {
      "vertices" : [ 5, 20, 6 ]
    } ]
  }, {
    "id" : "1177ac2d-dfd1-41e6-a36b-0d57824506ef",
    "vertices" : [ {
      "x" : 116.137764,
      "y" : -58.068882,
      "z" : 5.236068
    }, {
      "x" : 116.137764,
      "y" : -12.708204,
      "z" : 33.27051
    }, {
      "x" : 125.6099,
      "y" : -11.09017,
      "z" : 30.652475
    }, {
      "x" : 125.6099,
      "y" : -56.45085,
      "z" : 2.618034
    } ],
    "faces" : [ {
      "vertices" : [ 0, 1, 2 ]
    }, {
      "vertices" : [ 0, 2, 3 ]
    }, {
      "vertices" : [ 0, 3, 2 ]
    }, {
      "vertices" : [ 0, 2, 1 ]
    } ]
  }, {
    "id" : "b5e277ce-fcda-4c67-8455-9826cb390f4a",
    "vertices" : [ {
      "x" : 78.63119,
      "y" : -11.09017,
      "z" : 106.665634
    }, {
      "x" : 78.63119,
      "y" : -56.45085,
      "z" : 78.63119
    }, {
      "x" : 69.15905,
      "y" : -58.068882,
      "z" : 81.24922
    }, {
      "x" : 69.15905,
      "y" : -12.708204,
      "z" : 109.28367
    } ],
    "faces" : [ {
      "vertices" : [ 0, 1, 2 ]
    }, {
      "vertices" : [ 0, 2, 3 ]
    }, {
      "vertices" : [ 0, 3, 2 ]
    }, {
      "vertices" : [ 0, 2, 1 ]
    } ]
  }, {
    "id" : "4f09efe3-3857-49b5-86a5-defb76812b33",
    "vertices" : [ {
      "x" : 17.944271,
      "y" : -117.7558,
      "z" : -82.867256
    }, {
      "x" : 63.30495,
      "y" : -89.72136,
      "z" : -82.867256
    }, {
      "x" : 64.92299,
      "y" : -92.33939,
      "z" : -73.39512
    }, {
      "x" : 19.562305,
      "y" : -120.37383,
      "z" : -73.39512
    } ],
    "faces" : [ {
      "vertices" : [ 0, 1, 2 ]
    }, {
      "vertices" : [ 0, 2, 3 ]
    }, {
      "vertices" : [ 0, 3, 2 ]
    }, {
      "vertices" : [ 0, 2, 1 ]
    } ]
  }, {
    "id" : "ee08cbda-f7f6-431e-b197-90454e353ac3",
    "vertices" : [ {
      "x" : -92.33939,
      "y" : -2.618034,
      "z" : -111.9017
    }, {
      "x" : -120.37383,
      "y" : -2.618034,
      "z" : -66.54102
    }, {
      "x" : -117.7558,
      "y" : 6.854102,
      "z" : -64.92299
    }, {
      "x" : -89.72136,
      "y" : 6.854102,
      "z" : -110.28367
    } ],
    "faces" : [ {
      "vertices" : [ 0, 1, 2 ]
    }, {
      "vertices" : [ 0, 2, 3 ]
    }, {
      "vertices" : [ 0, 3, 2 ]
    }, {
      "vertices" : [ 0, 2, 1 ]
    } ]
  }, {
    "id" : "349b3b4c-4a50-4ad3-a1e5-4966740e6921",
    "vertices" : [ {
      "x" : 105.0476,
      "y" : -81.24922,
      "z" : -6.854102
    }, {
      "x" : 59.686916,
      "y" : -109.28367,
      "z" : -6.854102
    }, {
      "x" : 58.068882,
      "y" : -106.665634,
      "z" : 2.618034
    }, {
      "x" : 103.429565,
      "y" : -78.63119,
      "z" : 2.618034
    } ],
    "faces" : [ {
      "vertices" : [ 0, 1, 2 ]
    }, {
      "vertices" : [ 0, 2, 3 ]
    }, {
      "vertices" : [ 0, 3, 2 ]
    }, {
      "vertices" : [ 0, 2, 1 ]
    } ]
  }, {
    "id" : "003f368a-01bf-45a5-882b-0bb1be974719",
    "vertices" : [ {
      "x" : 120.37383,
      "y" : 78.63119,
      "z" : -19.562305
    }, {
      "x" : 92.33939,
      "y" : 78.63119,
      "z" : -64.92299
    }, {
      "x" : 85.48529,
      "y" : 84.48529,
      "z" : -60.686916
    }, {
      "x" : 113.51973,
      "y" : 84.48529,
      "z" : -15.326238
    } ],
    "faces" : [ {
      "vertices" : [ 0, 1, 2 ]
    }, {
      "vertices" : [ 0, 2, 3 ]
    }, {
      "vertices" : [ 0, 3, 2 ]
    }, {
      "vertices" : [ 0, 2, 1 ]
    } ]
  }, {
    "id" : "baa1cb00-76df-4ecc-89ad-5df1a143961d",
    "vertices" : [ {
      "x" : -16.326239,
      "y" : 120.37383,
      "z" : -64.92299
    }, {
      "x" : -44.36068,
      "y" : 120.37383,
      "z" : -19.562305
    }, {
      "x" : -41.742645,
      "y" : 129.84598,
      "z" : -17.944271
    }, {
      "x" : -13.708204,
      "y" : 129.84598,
      "z" : -63.30495
    } ],
    "faces" : [ {
      "vertices" : [ 0, 1, 2 ]
    }, {
      "vertices" : [ 0, 2, 3 ]
    }, {
      "vertices" : [ 0, 3, 2 ]
    }, {
      "vertices" : [ 0, 2, 1 ]
    } ]
  }, {
    "id" : "e799d35f-dc92-47d4-a03b-2db14845ef60",
    "vertices" : [ {
      "x" : 109.28367,
      "y" : 69.15905,
      "z" : -12.708204
    }, {
      "x" : 81.24922,
      "y" : 69.15905,
      "z" : -58.068882
    }, {
      "x" : 89.72136,
      "y" : 69.15905,
      "z" : -63.30495
    }, {
      "x" : 117.7558,
      "y" : 69.15905,
      "z" : -17.944271
    } ],
    "faces" : [ {
      "vertices" : [ 0, 1, 2 ]
    }, {
      "vertices" : [ 0, 2, 3 ]
    }, {
      "vertices" : [ 0, 3, 2 ]
    }, {
      "vertices" : [ 0, 2, 1 ]
    } ]
  }, {
    "id" : "dc777fb7-c1ca-4fd8-9030-98201aa349a9",
    "vertices" : [ {
      "x" : -12.708204,
      "y" : -109.28367,
      "z" : 82.867256
    }, {
      "x" : -58.068882,
      "y" : -81.24922,
      "z" : 82.867256
    }, {
      "x" : -63.30495,
      "y" : -89.72136,
      "z" : 82.867256
    }, {
      "x" : -17.944271,
      "y" : -117.7558,
      "z" : 82.867256
    } ],
    "faces" : [ {
      "vertices" : [ 0, 1, 2 ]
    }, {
      "vertices" : [ 0, 2, 3 ]
    }, {
      "vertices" : [ 0, 3, 2 ]
    }, {
      "vertices" : [ 0, 2, 1 ]
    } ]
  }, {
    "id" : "ed0e449f-adfa-426f-95dd-d094b04f01ed",
    "vertices" : [ {
      "x" : -113.51973,
      "y" : -84.48529,
      "z" : -15.326238
    }, {
      "x" : -85.48529,
      "y" : -84.48529,
      "z" : -60.686916
    }, {
      "x" : -78.63119,
      "y" : -78.63119,
      "z" : -56.45085
    }, {
      "x" : -106.665634,
      "y" : -78.63119,
      "z" : -11.09017
    } ],
    "faces" : [ {
      "vertices" : [ 0, 1, 2 ]
    }, {
      "vertices" : [ 0, 2, 3 ]
    }, {
      "vertices" : [ 0, 3, 2 ]
    }, {
      "vertices" : [ 0, 2, 1 ]
    } ]
  }, {
    "id" : "45770ff8-6e70-4b60-95a5-c37d18f02b10",
    "vertices" : [ {
      "x" : -116.137764,
      "y" : 63.30495,
      "z" : 13.708204
    }, {
      "x" : -116.137764,
      "y" : 17.944271,
      "z" : 41.742645
    }, {
      "x" : -116.137764,
      "y" : 12.708204,
      "z" : 33.27051
    }, {
      "x" : -116.137764,
      "y" : 58.068882,
      "z" : 5.236068
    } ],
    "faces" : [ {
      "vertices" : [ 0, 1, 2 ]
    }, {
      "vertices" : [ 0, 2, 3 ]
    }, {
      "vertices" : [ 0, 3, 2 ]
    }, {
      "vertices" : [ 0, 2, 1 ]
    } ]
  }, {
    "id" : "7f697797-acaa-4340-bd4c-288c4d34cf2a",
    "vertices" : [ {
      "x" : 116.137764,
      "y" : 63.30495,
      "z" : -13.708204
    }, {
      "x" : 116.137764,
      "y" : 17.944271,
      "z" : -41.742645
    }, {
      "x" : 116.137764,
      "y" : 12.708204,
      "z" : -33.27051
    }, {
      "x" : 116.137764,
      "y" : 58.068882,
      "z" : -5.236068
    } ],
    "faces" : [ {
      "vertices" : [ 0, 1, 2 ]
    }, {
      "vertices" : [ 0, 2, 3 ]
    }, {
      "vertices" : [ 0, 3, 2 ]
    }, {
      "vertices" : [ 0, 2, 1 ]
    } ]
  }, {
    "id" : "8baeed5b-97a3-4289-b526-5e5b1f475742",
    "vertices" : [ {
      "x" : 131.464,
      "y" : 60.686916,
      "z" : -9.472136
    }, {
      "x" : 131.464,
      "y" : 15.326238,
      "z" : -37.506577
    }, {
      "x" : 125.6099,
      "y" : 19.562305,
      "z" : -44.36068
    }, {
      "x" : 125.6099,
      "y" : 64.92299,
      "z" : -16.326239
    } ],
    "faces" : [ {
      "vertices" : [ 0, 1, 2 ]
    }, {
      "vertices" : [ 0, 2, 3 ]
    }, {
      "vertices" : [ 0, 3, 2 ]
    }, {
      "vertices" : [ 0, 2, 1 ]
    } ]
  }, {
    "id" : "bd07eb6f-2e7c-42f4-81c2-24173e145f12",
    "vertices" : [ {
      "x" : -67.54102,
      "y" : -15.326238,
      "z" : 113.51973
    }, {
      "x" : -67.54102,
      "y" : -60.686916,
      "z" : 85.48529
    }, {
      "x" : -73.39512,
      "y" : -56.45085,
      "z" : 78.63119
    }, {
      "x" : -73.39512,
      "y" : -11.09017,
      "z" : 106.665634
    } ],
    "faces" : [ {
      "vertices" : [ 0, 1, 2 ]
    }, {
      "vertices" : [ 0, 2, 3 ]
    }, {
      "vertices" : [ 0, 3, 2 ]
    }, {
      "vertices" : [ 0, 2, 1 ]
    } ]
  }, {
    "id" : "00bd2a69-4e95-4870-8ddb-1f0eb1c632f3",
    "vertices" : [ {
      "x" : -58.068882,
      "y" : -5.236068,
      "z" : 129.84598
    }, {
      "x" : -12.708204,
      "y" : -33.27051,
      "z" : 129.84598
    }, {
      "x" : -11.09017,
      "y" : -30.652475,
      "z" : 120.37383
    }, {
      "x" : -56.45085,
      "y" : -2.618034,
      "z" : 120.37383
    } ],
    "faces" : [ {
      "vertices" : [ 0, 1, 2 ]
    }, {
      "vertices" : [ 0, 2, 3 ]
    }, {
      "vertices" : [ 0, 3, 2 ]
    }, {
      "vertices" : [ 0, 2, 1 ]
    } ]
  }, {
    "id" : "564e064a-b536-4bd8-80c2-c7bc68c03432",
    "vertices" : [ {
      "x" : 2.618034,
      "y" : 103.429565,
      "z" : -78.63119
    }, {
      "x" : 2.618034,
      "y" : 58.068882,
      "z" : -106.665634
    }, {
      "x" : 8.472136,
      "y" : 62.30495,
      "z" : -113.51973
    }, {
      "x" : 8.472136,
      "y" : 107.665634,
      "z" : -85.48529
    } ],
    "faces" : [ {
      "vertices" : [ 0, 1, 2 ]
    }, {
      "vertices" : [ 0, 2, 3 ]
    }, {
      "vertices" : [ 0, 3, 2 ]
    }, {
      "vertices" : [ 0, 2, 1 ]
    } ]
  }, {
    "id" : "e9d817d0-d914-4563-8972-2d7b04d718a6",
    "vertices" : [ {
      "x" : -78.63119,
      "y" : 19.562305,
      "z" : 120.37383
    }, {
      "x" : -78.63119,
      "y" : 64.92299,
      "z" : 92.33939
    }, {
      "x" : -84.48529,
      "y" : 60.686916,
      "z" : 85.48529
    }, {
      "x" : -84.48529,
      "y" : 15.326238,
      "z" : 113.51973
    } ],
    "faces" : [ {
      "vertices" : [ 0, 1, 2 ]
    }, {
      "vertices" : [ 0, 2, 3 ]
    }, {
      "vertices" : [ 0, 3, 2 ]
    }, {
      "vertices" : [ 0, 2, 1 ]
    } ]
  }, {
    "id" : "7a85a6f1-69a3-46a2-883d-d5aa5841abd9",
    "vertices" : [ {
      "x" : 106.665634,
      "y" : -73.39512,
      "z" : -11.09017
    }, {
      "x" : 78.63119,
      "y" : -73.39512,
      "z" : -56.45085
    }, {
      "x" : 81.24922,
      "y" : -82.867256,
      "z" : -58.068882
    }, {
      "x" : 109.28367,
      "y" : -82.867256,
      "z" : -12.708204
    } ],
    "faces" : [ {
      "vertices" : [ 0, 1, 2 ]
    }, {
      "vertices" : [ 0, 2, 3 ]
    }, {
      "vertices" : [ 0, 3, 2 ]
    }, {
      "vertices" : [ 0, 2, 1 ]
    } ]
  }, {
    "id" : "a9aeb30f-552d-4f7d-8a00-45e13404dc48",
    "vertices" : [ {
      "x" : 63.30495,
      "y" : -13.708204,
      "z" : 116.137764
    }, {
      "x" : 17.944271,
      "y" : -41.742645,
      "z" : 116.137764
    }, {
      "x" : 12.708204,
      "y" : -33.27051,
      "z" : 116.137764
    }, {
      "x" : 58.068882,
      "y" : -5.236068,
      "z" : 116.137764
    } ],
    "faces" : [ {
      "vertices" : [ 0, 1, 2 ]
    }, {
      "vertices" : [ 0, 2, 3 ]
    }, {
      "vertices" : [ 0, 3, 2 ]
    }, {
      "vertices" : [ 0, 2, 1 ]
    } ]
  }, {
    "id" : "e7bd9d40-c006-4ff1-bc89-9388dec835a3",
    "vertices" : [ {
      "x" : -63.30495,
      "y" : 13.708204,
      "z" : 116.137764
    }, {
      "x" : -17.944271,
      "y" : 41.742645,
      "z" : 116.137764
    }, {
      "x" : -12.708204,
      "y" : 33.27051,
      "z" : 116.137764
    }, {
      "x" : -58.068882,
      "y" : 5.236068,
      "z" : 116.137764
    } ],
    "faces" : [ {
      "vertices" : [ 0, 1, 2 ]
    }, {
      "vertices" : [ 0, 2, 3 ]
    }, {
      "vertices" : [ 0, 3, 2 ]
    }, {
      "vertices" : [ 0, 2, 1 ]
    } ]
  }, {
    "id" : "793e90fd-9f6a-4d13-bdf5-a3d498dd1b92",
    "vertices" : [ {
      "x" : -106.665634,
      "y" : -78.63119,
      "z" : -11.09017
    }, {
      "x" : -78.63119,
      "y" : -78.63119,
      "z" : -56.45085
    }, {
      "x" : -81.24922,
      "y" : -69.15905,
      "z" : -58.068882
    }, {
      "x" : -109.28367,
      "y" : -69.15905,
      "z" : -12.708204
    } ],
    "faces" : [ {
      "vertices" : [ 0, 1, 2 ]
    }, {
      "vertices" : [ 0, 2, 3 ]
    }, {
      "vertices" : [ 0, 3, 2 ]
    }, {
      "vertices" : [ 0, 2, 1 ]
    } ]
  }, {
    "id" : "07ed7dd9-f01c-4e7b-b516-9ca196d63bfe",
    "vertices" : [ {
      "x" : -2.618034,
      "y" : 125.6099,
      "z" : 56.45085
    }, {
      "x" : -30.652475,
      "y" : 125.6099,
      "z" : 11.09017
    }, {
      "x" : -37.506577,
      "y" : 131.464,
      "z" : 15.326238
    }, {
      "x" : -9.472136,
      "y" : 131.464,
      "z" : 60.686916
    } ],
    "faces" : [ {
      "vertices" : [ 0, 1, 2 ]
    }, {
