{
  "polygons" : "true",
  "field" : "sqrtPhi",
  "symmetry" : "icosahedral",
  "orientations" : [ [ 1.0, 0.0, 0.0, 0.0, 0.0, 1.0, 0.0, 0.0, 0.0, 0.0, 1.0, 0.0, 0.0, 0.0, 0.0, 1.0 ], [ 0.0, 0.0, 1.0, 0.0, 1.0, 0.0, 0.0, 0.0, 0.0, 1.0, 0.0, 0.0, 0.0, 0.0, 0.0, 1.0 ], [ 0.0, 1.0, 0.0, 0.0, 0.0, 0.0, 1.0, 0.0, 1.0, 0.0, 0.0, 0.0, 0.0, 0.0, 0.0, 1.0 ], [ 0.809017, 0.309017, 0.5, 0.0, 0.309017, 0.5, -0.809017, 0.0, -0.5, 0.809017, 0.309017, 0.0, 0.0, 0.0, 0.0, 1.0 ], [ -0.5, 0.809017, 0.309017, 0.0, 0.809017, 0.309017, 0.5, 0.0, 0.309017, 0.5, -0.809017, 0.0, 0.0, 0.0, 0.0, 1.0 ], [ 0.309017, 0.5, -0.809017, 0.0, -0.5, 0.809017, 0.309017, 0.0, 0.809017, 0.309017, 0.5, 0.0, 0.0, 0.0, 0.0, 1.0 ], [ 0.5, 0.809017, 0.309017, 0.0, 0.809017, -0.309017, -0.5, 0.0, -0.309017, 0.5, -0.809017, 0.0, 0.0, 0.0, 0.0, 1.0 ], [ -0.309017, 0.5, -0.809017, 0.0, 0.5, 0.809017, 0.309017, 0.0, 0.809017, -0.309017, -0.5, 0.0, 0.0, 0.0, 0.0, 1.0 ], [ 0.809017, -0.309017, -0.5, 0.0, -0.309017, 0.5, -0.809017, 0.0, 0.5, 0.809017, 0.309017, 0.0, 0.0, 0.0, 0.0, 1.0 ], [ 0.5, 0.809017, -0.309017, 0.0, 0.809017, -0.309017, 0.5, 0.0, 0.309017, -0.5, -0.809017, 0.0, 0.0, 0.0, 0.0, 1.0 ], [ 0.309017, -0.5, -0.809017, 0.0, 0.5, 0.809017, -0.309017, 0.0, 0.809017, -0.309017, 0.5, 0.0, 0.0, 0.0, 0.0, 1.0 ], [ 0.809017, -0.309017, 0.5, 0.0, 0.309017, -0.5, -0.809017, 0.0, 0.5, 0.809017, -0.309017, 0.0, 0.0, 0.0, 0.0, 1.0 ], [ 0.809017, 0.309017, -0.5, 0.0, 0.309017, 0.5, 0.809017, 0.0, 0.5, -0.809017, 0.309017, 0.0, 0.0, 0.0, 0.0, 1.0 ], [ 0.5, -0.809017, 0.309017, 0.0, 0.809017, 0.309017, -0.5, 0.0, 0.309017, 0.5, 0.809017, 0.0, 0.0, 0.0, 0.0, 1.0 ], [ 0.309017, 0.5, 0.809017, 0.0, 0.5, -0.809017, 0.309017, 0.0, 0.809017, 0.309017, -0.5, 0.0, 0.0, 0.0, 0.0, 1.0 ], [ 1.0, 0.0, 0.0, 0.0, 0.0, -1.0, 0.0, 0.0, 0.0, 0.0, -1.0, 0.0, 0.0, 0.0, 0.0, 1.0 ], [ 0.0, 0.0, 1.0, 0.0, -1.0, 0.0, 0.0, 0.0, 0.0, -1.0, 0.0, 0.0, 0.0, 0.0, 0.0, 1.0 ], [ 0.0, 1.0, 0.0, 0.0, 0.0, 0.0, -1.0, 0.0, -1.0, 0.0, 0.0, 0.0, 0.0, 0.0, 0.0, 1.0 ], [ 0.809017, 0.309017, 0.5, 0.0, -0.309017, -0.5, 0.809017, 0.0, 0.5, -0.809017, -0.309017, 0.0, 0.0, 0.0, 0.0, 1.0 ], [ -0.5, 0.809017, 0.309017, 0.0, -0.809017, -0.309017, -0.5, 0.0, -0.309017, -0.5, 0.809017, 0.0, 0.0, 0.0, 0.0, 1.0 ], [ 0.309017, 0.5, -0.809017, 0.0, 0.5, -0.809017, -0.309017, 0.0, -0.809017, -0.309017, -0.5, 0.0, 0.0, 0.0, 0.0, 1.0 ], [ 0.5, 0.809017, 0.309017, 0.0, -0.809017, 0.309017, 0.5, 0.0, 0.309017, -0.5, 0.809017, 0.0, 0.0, 0.0, 0.0, 1.0 ], [ -0.309017, 0.5, -0.809017, 0.0, -0.5, -0.809017, -0.309017, 0.0, -0.809017, 0.309017, 0.5, 0.0, 0.0, 0.0, 0.0, 1.0 ], [ 0.809017, -0.309017, -0.5, 0.0, 0.309017, -0.5, 0.809017, 0.0, -0.5, -0.809017, -0.309017, 0.0, 0.0, 0.0, 0.0, 1.0 ], [ 0.5, 0.809017, -0.309017, 0.0, -0.809017, 0.309017, -0.5, 0.0, -0.309017, 0.5, 0.809017, 0.0, 0.0, 0.0, 0.0, 1.0 ], [ 0.309017, -0.5, -0.809017, 0.0, -0.5, -0.809017, 0.309017, 0.0, -0.809017, 0.309017, -0.5, 0.0, 0.0, 0.0, 0.0, 1.0 ], [ 0.809017, -0.309017, 0.5, 0.0, -0.309017, 0.5, 0.809017, 0.0, -0.5, -0.809017, 0.309017, 0.0, 0.0, 0.0, 0.0, 1.0 ], [ 0.809017, 0.309017, -0.5, 0.0, -0.309017, -0.5, -0.809017, 0.0, -0.5, 0.809017, -0.309017, 0.0, 0.0, 0.0, 0.0, 1.0 ], [ 0.5, -0.809017, 0.309017, 0.0, -0.809017, -0.309017, 0.5, 0.0, -0.309017, -0.5, -0.809017, 0.0, 0.0, 0.0, 0.0, 1.0 ], [ 0.309017, 0.5, 0.809017, 0.0, -0.5, 0.809017, -0.309017, 0.0, -0.809017, -0.309017, 0.5, 0.0, 0.0, 0.0, 0.0, 1.0 ], [ -1.0, 0.0, 0.0, 0.0, 0.0, -1.0, 0.0, 0.0, 0.0, 0.0, 1.0, 0.0, 0.0, 0.0, 0.0, 1.0 ], [ 0.0, 0.0, -1.0, 0.0, -1.0, 0.0, 0.0, 0.0, 0.0, 1.0, 0.0, 0.0, 0.0, 0.0, 0.0, 1.0 ], [ 0.0, -1.0, 0.0, 0.0, 0.0, 0.0, -1.0, 0.0, 1.0, 0.0, 0.0, 0.0, 0.0, 0.0, 0.0, 1.0 ], [ -0.809017, -0.309017, -0.5, 0.0, -0.309017, -0.5, 0.809017, 0.0, -0.5, 0.809017, 0.309017, 0.0, 0.0, 0.0, 0.0, 1.0 ], [ 0.5, -0.809017, -0.309017, 0.0, -0.809017, -0.309017, -0.5, 0.0, 0.309017, 0.5, -0.809017, 0.0, 0.0, 0.0, 0.0, 1.0 ], [ -0.309017, -0.5, 0.809017, 0.0, 0.5, -0.809017, -0.309017, 0.0, 0.809017, 0.309017, 0.5, 0.0, 0.0, 0.0, 0.0, 1.0 ], [ -0.5, -0.809017, -0.309017, 0.0, -0.809017, 0.309017, 0.5, 0.0, -0.309017, 0.5, -0.809017, 0.0, 0.0, 0.0, 0.0, 1.0 ], [ 0.309017, -0.5, 0.809017, 0.0, -0.5, -0.809017, -0.309017, 0.0, 0.809017, -0.309017, -0.5, 0.0, 0.0, 0.0, 0.0, 1.0 ], [ -0.809017, 0.309017, 0.5, 0.0, 0.309017, -0.5, 0.809017, 0.0, 0.5, 0.809017, 0.309017, 0.0, 0.0, 0.0, 0.0, 1.0 ], [ -0.5, -0.809017, 0.309017, 0.0, -0.809017, 0.309017, -0.5, 0.0, 0.309017, -0.5, -0.809017, 0.0, 0.0, 0.0, 0.0, 1.0 ], [ -0.309017, 0.5, 0.809017, 0.0, -0.5, -0.809017, 0.309017, 0.0, 0.809017, -0.309017, 0.5, 0.0, 0.0, 0.0, 0.0, 1.0 ], [ -0.809017, 0.309017, -0.5, 0.0, -0.309017, 0.5, 0.809017, 0.0, 0.5, 0.809017, -0.309017, 0.0, 0.0, 0.0, 0.0, 1.0 ], [ -0.809017, -0.309017, 0.5, 0.0, -0.309017, -0.5, -0.809017, 0.0, 0.5, -0.809017, 0.309017, 0.0, 0.0, 0.0, 0.0, 1.0 ], [ -0.5, 0.809017, -0.309017, 0.0, -0.809017, -0.309017, 0.5, 0.0, 0.309017, 0.5, 0.809017, 0.0, 0.0, 0.0, 0.0, 1.0 ], [ -0.309017, -0.5, -0.809017, 0.0, -0.5, 0.809017, -0.309017, 0.0, 0.809017, 0.309017, -0.5, 0.0, 0.0, 0.0, 0.0, 1.0 ], [ -1.0, 0.0, 0.0, 0.0, 0.0, 1.0, 0.0, 0.0, 0.0, 0.0, -1.0, 0.0, 0.0, 0.0, 0.0, 1.0 ], [ 0.0, 0.0, -1.0, 0.0, 1.0, 0.0, 0.0, 0.0, 0.0, -1.0, 0.0, 0.0, 0.0, 0.0, 0.0, 1.0 ], [ 0.0, -1.0, 0.0, 0.0, 0.0, 0.0, 1.0, 0.0, -1.0, 0.0, 0.0, 0.0, 0.0, 0.0, 0.0, 1.0 ], [ -0.809017, -0.309017, -0.5, 0.0, 0.309017, 0.5, -0.809017, 0.0, 0.5, -0.809017, -0.309017, 0.0, 0.0, 0.0, 0.0, 1.0 ], [ 0.5, -0.809017, -0.309017, 0.0, 0.809017, 0.309017, 0.5, 0.0, -0.309017, -0.5, 0.809017, 0.0, 0.0, 0.0, 0.0, 1.0 ], [ -0.309017, -0.5, 0.809017, 0.0, -0.5, 0.809017, 0.309017, 0.0, -0.809017, -0.309017, -0.5, 0.0, 0.0, 0.0, 0.0, 1.0 ], [ -0.5, -0.809017, -0.309017, 0.0, 0.809017, -0.309017, -0.5, 0.0, 0.309017, -0.5, 0.809017, 0.0, 0.0, 0.0, 0.0, 1.0 ], [ 0.309017, -0.5, 0.809017, 0.0, 0.5, 0.809017, 0.309017, 0.0, -0.809017, 0.309017, 0.5, 0.0, 0.0, 0.0, 0.0, 1.0 ], [ -0.809017, 0.309017, 0.5, 0.0, -0.309017, 0.5, -0.809017, 0.0, -0.5, -0.809017, -0.309017, 0.0, 0.0, 0.0, 0.0, 1.0 ], [ -0.5, -0.809017, 0.309017, 0.0, 0.809017, -0.309017, 0.5, 0.0, -0.309017, 0.5, 0.809017, 0.0, 0.0, 0.0, 0.0, 1.0 ], [ -0.309017, 0.5, 0.809017, 0.0, 0.5, 0.809017, -0.309017, 0.0, -0.809017, 0.309017, -0.5, 0.0, 0.0, 0.0, 0.0, 1.0 ], [ -0.809017, 0.309017, -0.5, 0.0, 0.309017, -0.5, -0.809017, 0.0, -0.5, -0.809017, 0.309017, 0.0, 0.0, 0.0, 0.0, 1.0 ], [ -0.809017, -0.309017, 0.5, 0.0, 0.309017, 0.5, 0.809017, 0.0, -0.5, 0.809017, -0.309017, 0.0, 0.0, 0.0, 0.0, 1.0 ], [ -0.5, 0.809017, -0.309017, 0.0, 0.809017, 0.309017, -0.5, 0.0, -0.309017, -0.5, -0.809017, 0.0, 0.0, 0.0, 0.0, 1.0 ], [ -0.309017, -0.5, -0.809017, 0.0, 0.5, -0.809017, 0.309017, 0.0, -0.809017, -0.309017, 0.5, 0.0, 0.0, 0.0, 0.0, 1.0 ] ],
  "lights" : {
    "directionalLights" : [ {
      "direction" : [ 1.0, -1.0, -1.0 ],
      "color" : "#EBEBE4"
    }, {
      "direction" : [ -1.0, 0.0, 0.0 ],
      "color" : "#E4E4EB"
    }, {
      "direction" : [ 0.0, 0.0, -1.0 ],
      "color" : "#1E1E1E"
    } ],
    "ambientColor" : "#292929",
    "backgroundColor" : "#AFC8DC"
  },
  "camera" : {
    "position" : {
      "x" : 40.827194,
      "y" : 22.85672,
      "z" : 148.65807
    },
    "stereo" : false,
    "width" : 70.13136,
    "perspective" : true,
    "fieldOfView" : 0.44262818,
    "viewDistance" : 155.84773,
    "lookAtPointRV" : {
      "x" : 0.0,
      "y" : 0.0,
      "z" : 0.0,
      "zero" : true
    },
    "lookDirectionRV" : {
      "x" : -0.2619685,
      "y" : -0.14666058,
      "z" : -0.9538674,
      "zero" : false
    },
    "upDirectionRV" : {
      "x" : -0.031108795,
      "y" : 0.98915553,
      "z" : -0.14354256,
      "zero" : false
    },
    "lookAtPoint" : {
      "x" : 0.0,
      "y" : 0.0,
      "z" : 0.0
    },
    "lookDirection" : {
      "x" : -0.2619685,
      "y" : -0.14666058,
      "z" : -0.9538674
    },
    "upDirection" : {
      "x" : -0.031108795,
      "y" : 0.98915553,
      "z" : -0.14354256
    },
    "nearClipDistance" : 0.3896192,
    "farClipDistance" : 311.6947
  },
  "embedding" : [ 1.0, 0.0, 0.0, 0.0, 0.0, 1.0, 0.0, 0.0, 0.0, 0.0, 1.0, 0.0, 0.0, 0.0, 0.0, 1.0 ],
  "shapes" : [ {
    "id" : "8b295270-2a68-4117-9e98-8eb959c97b2a",
    "vertices" : [ {
      "x" : 0.0,
      "y" : 0.0,
      "z" : 0.0
    }, {
      "x" : 6.294239,
      "y" : -16.47853,
      "z" : -17.232115
    }, {
      "x" : -17.437105,
      "y" : -10.776724,
      "z" : -13.708204
    } ],
    "faces" : [ {
      "vertices" : [ 0, 1, 2 ]
    }, {
      "vertices" : [ 0, 2, 1 ]
    } ]
  }, {
    "id" : "2721498a-9d9f-4620-bc2a-c826576c7ee7",
    "vertices" : [ {
      "x" : 0.0,
      "y" : 0.0,
      "z" : 0.0
    }, {
      "x" : -8.006395,
      "y" : 11.996047,
      "z" : 20.002443
    }, {
      "x" : -20.961016,
      "y" : 12.95462,
      "z" : -0.9585731
    } ],
    "faces" : [ {
      "vertices" : [ 0, 1, 2 ]
    }, {
      "vertices" : [ 0, 2, 1 ]
    } ]
  }, {
    "id" : "7cfc8181-bf39-4b68-9370-69ff69644858",
    "vertices" : [ {
      "x" : 0.0,
      "y" : 0.0,
      "z" : 0.0
    }, {
      "x" : 2.177897,
      "y" : -5.7018085,
      "z" : 23.892496
    }, {
      "x" : 17.437105,
      "y" : 10.776724,
      "z" : 13.708204
    } ],
    "faces" : [ {
      "vertices" : [ 0, 1, 2 ]
    }, {
      "vertices" : [ 0, 2, 1 ]
    } ]
  }, {
    "id" : "5212d379-063b-46d8-a2b7-eb2ac32fe763",
    "orbit" : "blue",
    "orbitC" : "[[0,0,0,0,1],[0,0,0,0,1]]",
    "length" : "[0,1,0,1,1]",
    "name" : " :sqrt(phi) +phi*sqrt(phi)",
    "vertices" : [ {
      "x" : 13.041537,
      "y" : 0.20601133,
      "z" : 0.127322
    }, {
      "x" : 13.041537,
      "y" : 0.20601133,
      "z" : -0.127322
    }, {
      "x" : 0.6666667,
      "y" : 0.20601133,
      "z" : -0.127322
    }, {
      "x" : 0.6666667,
      "y" : 0.20601133,
      "z" : 0.127322
    }, {
      "x" : 13.041537,
      "y" : -0.20601133,
      "z" : 0.127322
    }, {
      "x" : 0.6666667,
      "y" : -0.20601133,
      "z" : 0.127322
    }, {
      "x" : 0.6666667,
      "y" : -0.20601133,
      "z" : -0.127322
    }, {
      "x" : 13.041537,
      "y" : -0.20601133,
      "z" : -0.127322
    }, {
      "x" : 13.708204,
      "y" : 0.0,
      "z" : 0.0
    }, {
      "x" : 0.0,
      "y" : 0.0,
      "z" : 0.0
    } ],
    "faces" : [ {
      "vertices" : [ 1, 7, 6, 2 ]
    }, {
      "vertices" : [ 1, 8, 7 ]
    }, {
      "vertices" : [ 3, 9, 5 ]
    }, {
      "vertices" : [ 2, 6, 9 ]
    }, {
      "vertices" : [ 4, 7, 8 ]
    }, {
      "vertices" : [ 5, 9, 6 ]
    }, {
      "vertices" : [ 0, 1, 2, 3 ]
    }, {
      "vertices" : [ 4, 5, 6, 7 ]
    }, {
      "vertices" : [ 0, 8, 1 ]
    }, {
      "vertices" : [ 0, 3, 5, 4 ]
    }, {
      "vertices" : [ 0, 4, 8 ]
    }, {
      "vertices" : [ 2, 9, 3 ]
    } ]
  }, {
    "id" : "ef608bc3-cb3a-42fd-b711-6343b1651a91",
    "vertices" : [ {
      "x" : 0.0,
      "y" : 0.0,
      "z" : 0.0
    }, {
      "x" : -4.4191394,
      "y" : -21.32426,
      "z" : -11.569456
    }, {
      "x" : -8.799129,
      "y" : 0.06334525,
      "z" : -23.036419
    } ],
    "faces" : [ {
      "vertices" : [ 0, 1, 2 ]
    }, {
      "vertices" : [ 0, 2, 1 ]
    } ]
  }, {
    "id" : "d45a084c-adc1-4af6-8bcb-e70dd75c8850",
    "vertices" : [ {
      "x" : 0.0,
      "y" : 0.0,
      "z" : 0.0
    }, {
      "x" : -2.177897,
      "y" : 5.7018085,
      "z" : -23.892496
    }, {
      "x" : -8.472136,
      "y" : 22.18034,
      "z" : -6.6603813
    } ],
    "faces" : [ {
      "vertices" : [ 0, 1, 2 ]
    }, {
      "vertices" : [ 0, 2, 1 ]
    } ]
  }, {
    "id" : "a3f72a11-314d-494b-b86a-e41c8fdea8d9",
    "vertices" : [ {
      "x" : 0.0,
      "y" : 0.0,
      "z" : 0.0
    }, {
      "x" : -7.527109,
      "y" : -12.771549,
      "z" : -19.706228
    }, {
      "x" : -7.7101803,
      "y" : 11.882903,
      "z" : -20.185514
    } ],
    "faces" : [ {
      "vertices" : [ 0, 1, 2 ]
    }, {
      "vertices" : [ 0, 2, 1 ]
    } ]
  }, {
    "id" : "61a3caa5-80f1-4ec8-bfd3-de6715b8bef6",
    "vertices" : [ {
      "x" : 0.0,
      "y" : 0.0,
      "z" : 0.0
    }, {
      "x" : -8.472136,
      "y" : 22.18034,
      "z" : -6.6603813
    }, {
      "x" : 15.259208,
      "y" : 16.47853,
      "z" : -10.184293
    } ],
    "faces" : [ {
      "vertices" : [ 0, 1, 2 ]
    }, {
      "vertices" : [ 0, 2, 1 ]
    } ]
  }, {
    "id" : "156a517f-d5b1-439b-93d2-7c650511783e",
    "name" : "ball",
    "vertices" : [ {
      "x" : -0.6545085,
      "y" : -0.20225425,
      "z" : -0.125
    }, {
      "x" : -0.6545085,
      "y" : -0.20225425,
      "z" : 0.125
    }, {
      "x" : -0.6545085,
      "y" : 0.20225425,
      "z" : -0.125
    }, {
      "x" : -0.6545085,
      "y" : 0.20225425,
      "z" : 0.125
    }, {
      "x" : -0.5295085,
      "y" : -0.4045085,
      "z" : -0.20225425
    }, {
      "x" : -0.5295085,
      "y" : -0.4045085,
      "z" : 0.20225425
    }, {
      "x" : -0.5295085,
      "y" : 0.0,
      "z" : -0.45225424
    }, {
      "x" : -0.5295085,
      "y" : 0.0,
      "z" : 0.45225424
    }, {
      "x" : -0.5295085,
      "y" : 0.4045085,
      "z" : -0.20225425
    }, {
      "x" : -0.5295085,
      "y" : 0.4045085,
      "z" : 0.20225425
    }, {
      "x" : -0.45225424,
      "y" : -0.5295085,
      "z" : 0.0
    }, {
      "x" : -0.45225424,
      "y" : 0.5295085,
      "z" : 0.0
    }, {
      "x" : -0.4045085,
      "y" : -0.20225425,
      "z" : -0.5295085
    }, {
      "x" : -0.4045085,
      "y" : -0.20225425,
      "z" : 0.5295085
    }, {
      "x" : -0.4045085,
      "y" : 0.20225425,
      "z" : -0.5295085
    }, {
      "x" : -0.4045085,
      "y" : 0.20225425,
      "z" : 0.5295085
    }, {
      "x" : -0.20225425,
      "y" : -0.5295085,
      "z" : -0.4045085
    }, {
      "x" : -0.20225425,
      "y" : -0.5295085,
      "z" : 0.4045085
    }, {
      "x" : -0.20225425,
      "y" : -0.125,
      "z" : -0.6545085
    }, {
      "x" : -0.20225425,
      "y" : -0.125,
      "z" : 0.6545085
    }, {
      "x" : -0.20225425,
      "y" : 0.125,
      "z" : -0.6545085
    }, {
      "x" : -0.20225425,
      "y" : 0.125,
      "z" : 0.6545085
    }, {
      "x" : -0.20225425,
      "y" : 0.5295085,
      "z" : -0.4045085
    }, {
      "x" : -0.20225425,
      "y" : 0.5295085,
      "z" : 0.4045085
    }, {
      "x" : -0.125,
      "y" : -0.6545085,
      "z" : -0.20225425
    }, {
      "x" : -0.125,
      "y" : -0.6545085,
      "z" : 0.20225425
    }, {
      "x" : -0.125,
      "y" : 0.6545085,
      "z" : -0.20225425
    }, {
      "x" : -0.125,
      "y" : 0.6545085,
      "z" : 0.20225425
    }, {
      "x" : 0.0,
      "y" : -0.45225424,
      "z" : -0.5295085
    }, {
      "x" : 0.0,
      "y" : -0.45225424,
      "z" : 0.5295085
    }, {
      "x" : 0.0,
      "y" : 0.45225424,
      "z" : -0.5295085
    }, {
      "x" : 0.0,
      "y" : 0.45225424,
      "z" : 0.5295085
    }, {
      "x" : 0.125,
      "y" : -0.6545085,
      "z" : -0.20225425
    }, {
      "x" : 0.125,
      "y" : -0.6545085,
      "z" : 0.20225425
    }, {
      "x" : 0.125,
      "y" : 0.6545085,
      "z" : -0.20225425
    }, {
      "x" : 0.125,
      "y" : 0.6545085,
      "z" : 0.20225425
    }, {
      "x" : 0.20225425,
      "y" : -0.5295085,
      "z" : -0.4045085
    }, {
      "x" : 0.20225425,
      "y" : -0.5295085,
      "z" : 0.4045085
    }, {
      "x" : 0.20225425,
      "y" : -0.125,
      "z" : -0.6545085
    }, {
      "x" : 0.20225425,
      "y" : -0.125,
      "z" : 0.6545085
    }, {
      "x" : 0.20225425,
      "y" : 0.125,
      "z" : -0.6545085
    }, {
      "x" : 0.20225425,
      "y" : 0.125,
      "z" : 0.6545085
    }, {
      "x" : 0.20225425,
      "y" : 0.5295085,
      "z" : -0.4045085
    }, {
      "x" : 0.20225425,
      "y" : 0.5295085,
      "z" : 0.4045085
    }, {
      "x" : 0.4045085,
      "y" : -0.20225425,
      "z" : -0.5295085
    }, {
      "x" : 0.4045085,
      "y" : -0.20225425,
      "z" : 0.5295085
    }, {
      "x" : 0.4045085,
      "y" : 0.20225425,
      "z" : -0.5295085
    }, {
      "x" : 0.4045085,
      "y" : 0.20225425,
      "z" : 0.5295085
    }, {
      "x" : 0.45225424,
      "y" : -0.5295085,
      "z" : 0.0
    }, {
      "x" : 0.45225424,
      "y" : 0.5295085,
      "z" : 0.0
    }, {
      "x" : 0.5295085,
      "y" : -0.4045085,
      "z" : -0.20225425
    }, {
      "x" : 0.5295085,
      "y" : -0.4045085,
      "z" : 0.20225425
    }, {
      "x" : 0.5295085,
      "y" : 0.0,
      "z" : -0.45225424
    }, {
      "x" : 0.5295085,
      "y" : 0.0,
      "z" : 0.45225424
    }, {
      "x" : 0.5295085,
      "y" : 0.4045085,
      "z" : -0.20225425
    }, {
      "x" : 0.5295085,
      "y" : 0.4045085,
      "z" : 0.20225425
    }, {
      "x" : 0.6545085,
      "y" : -0.20225425,
      "z" : -0.125
    }, {
      "x" : 0.6545085,
      "y" : -0.20225425,
      "z" : 0.125
    }, {
      "x" : 0.6545085,
      "y" : 0.20225425,
      "z" : -0.125
    }, {
      "x" : 0.6545085,
      "y" : 0.20225425,
      "z" : 0.125
    } ],
    "faces" : [ {
      "vertices" : [ 36, 44, 50 ]
    }, {
      "vertices" : [ 37, 51, 45 ]
    }, {
      "vertices" : [ 0, 1, 3, 2 ]
    }, {
      "vertices" : [ 48, 50, 56, 57, 51 ]
    }, {
      "vertices" : [ 0, 2, 6 ]
    }, {
      "vertices" : [ 16, 28, 36, 32, 24 ]
    }, {
      "vertices" : [ 1, 7, 3 ]
    }, {
      "vertices" : [ 17, 25, 33, 37, 29 ]
    }, {
      "vertices" : [ 42, 54, 46 ]
    }, {
      "vertices" : [ 43, 47, 55 ]
    }, {
      "vertices" : [ 28, 38, 44, 36 ]
    }, {
      "vertices" : [ 49, 55, 59, 58, 54 ]
    }, {
      "vertices" : [ 0, 4, 10, 5, 1 ]
    }, {
      "vertices" : [ 0, 6, 12, 4 ]
    }, {
      "vertices" : [ 29, 37, 45, 39 ]
    }, {
      "vertices" : [ 1, 5, 13, 7 ]
    }, {
      "vertices" : [ 22, 26, 34, 42, 30 ]
    }, {
      "vertices" : [ 2, 8, 14, 6 ]
    }, {
      "vertices" : [ 30, 42, 46, 40 ]
    }, {
      "vertices" : [ 23, 31, 43, 35, 27 ]
    }, {
      "vertices" : [ 4, 12, 16 ]
    }, {
      "vertices" : [ 2, 3, 9, 11, 8 ]
    }, {
      "vertices" : [ 3, 7, 15, 9 ]
    }, {
      "vertices" : [ 31, 41, 47, 43 ]
    }, {
      "vertices" : [ 5, 17, 13 ]
    }, {
      "vertices" : [ 52, 58, 56 ]
    }, {
      "vertices" : [ 32, 36, 50, 48 ]
    }, {
      "vertices" : [ 53, 57, 59 ]
    }, {
      "vertices" : [ 33, 48, 51, 37 ]
    }, {
      "vertices" : [ 8, 22, 14 ]
    }, {
      "vertices" : [ 9, 15, 23 ]
    }, {
      "vertices" : [ 34, 49, 54, 42 ]
    }, {
      "vertices" : [ 4, 16, 24, 10 ]
    }, {
      "vertices" : [ 35, 43, 55, 49 ]
    }, {
      "vertices" : [ 5, 10, 25, 17 ]
    }, {
      "vertices" : [ 10, 24, 25 ]
    }, {
      "vertices" : [ 11, 27, 26 ]
    }, {
      "vertices" : [ 8, 11, 26, 22 ]
    }, {
      "vertices" : [ 9, 23, 27, 11 ]
    }, {
      "vertices" : [ 6, 14, 20, 18, 12 ]
    }, {
      "vertices" : [ 12, 18, 28, 16 ]
    }, {
      "vertices" : [ 44, 52, 56, 50 ]
    }, {
      "vertices" : [ 7, 13, 19, 21, 15 ]
    }, {
      "vertices" : [ 13, 17, 29, 19 ]
    }, {
      "vertices" : [ 45, 51, 57, 53 ]
    }, {
      "vertices" : [ 46, 54, 58, 52 ]
    }, {
      "vertices" : [ 18, 38, 28 ]
    }, {
      "vertices" : [ 14, 22, 30, 20 ]
    }, {
      "vertices" : [ 47, 53, 59, 55 ]
    }, {
      "vertices" : [ 19, 29, 39 ]
    }, {
      "vertices" : [ 20, 30, 40 ]
    }, {
      "vertices" : [ 15, 21, 31, 23 ]
    }, {
      "vertices" : [ 38, 40, 46, 52, 44 ]
    }, {
      "vertices" : [ 21, 41, 31 ]
    }, {
      "vertices" : [ 39, 45, 53, 47, 41 ]
    }, {
      "vertices" : [ 56, 58, 59, 57 ]
    }, {
      "vertices" : [ 32, 48, 33 ]
    }, {
      "vertices" : [ 24, 32, 33, 25 ]
    }, {
      "vertices" : [ 18, 20, 40, 38 ]
    }, {
      "vertices" : [ 34, 35, 49 ]
    }, {
      "vertices" : [ 19, 39, 41, 21 ]
    }, {
      "vertices" : [ 26, 27, 35, 34 ]
    } ]
  }, {
    "id" : "c6340c65-0516-48f2-a7c2-35bc2b3cea50",
    "vertices" : [ {
      "x" : 0.0,
      "y" : 0.0,
      "z" : 0.0
    }, {
      "x" : -6.294239,
      "y" : 16.47853,
      "z" : 17.232115
    }, {
      "x" : 2.177897,
      "y" : -5.7018085,
      "z" : 23.892496
    } ],
    "faces" : [ {
      "vertices" : [ 0, 1, 2 ]
    }, {
      "vertices" : [ 0, 2, 1 ]
    } ]
  }, {
    "id" : "fd790221-8fb9-4c43-b83f-6c471e7eef9a",
    "vertices" : [ {
      "x" : 0.0,
      "y" : 0.0,
      "z" : 0.0
    }, {
      "x" : 6.294239,
      "y" : -16.47853,
      "z" : -17.232115
    }, {
      "x" : 23.731344,
      "y" : -5.7018085,
      "z" : -3.5239112
    } ],
    "faces" : [ {
      "vertices" : [ 0, 1, 2 ]
    }, {
      "vertices" : [ 0, 2, 1 ]
    } ]
  }, {
    "id" : "4ad447bd-29ed-4513-b4ef-0158012dc1f0",
    "vertices" : [ {
      "x" : 0.0,
      "y" : 0.0,
      "z" : 0.0
    }, {
      "x" : -8.472136,
      "y" : 22.18034,
      "z" : 6.6603813
    }, {
      "x" : -2.177897,
      "y" : 5.7018085,
      "z" : 23.892496
    } ],
    "faces" : [ {
      "vertices" : [ 0, 1, 2 ]
    }, {
      "vertices" : [ 0, 2, 1 ]
    } ]
  }, {
    "id" : "1d258dc4-a4f6-4af2-a500-606ced61dad6",
    "vertices" : [ {
      "x" : 0.0,
      "y" : 0.0,
      "z" : 0.0
    }, {
      "x" : -8.006395,
      "y" : 11.996047,
      "z" : 20.002443
    }, {
      "x" : 12.95462,
      "y" : -0.9585731,
      "z" : 20.961016
    } ],
    "faces" : [ {
      "vertices" : [ 0, 1, 2 ]
    }, {
      "vertices" : [ 0, 2, 1 ]
    } ]
  }, {
    "id" : "8420db1e-64ea-4206-83f5-a8a2455ce737",
    "vertices" : [ {
      "x" : 0.0,
      "y" : 0.0,
      "z" : 0.0
    }, {
      "x" : 2.177897,
      "y" : -5.7018085,
      "z" : 23.892496
    }, {
      "x" : -15.259208,
      "y" : -16.47853,
      "z" : 10.184293
    } ],
    "faces" : [ {
      "vertices" : [ 0, 1, 2 ]
    }, {
      "vertices" : [ 0, 2, 1 ]
    } ]
  }, {
    "id" : "2dd572ef-d2d5-42ed-8470-9ad15dad2e46",
    "vertices" : [ {
      "x" : 0.0,
      "y" : 0.0,
      "z" : 0.0
    }, {
      "x" : 4.3799896,
      "y" : 21.387608,
      "z" : 11.466962
    }, {
      "x" : 8.799129,
      "y" : 0.06334525,
      "z" : 23.036419
    } ],
    "faces" : [ {
      "vertices" : [ 0, 1, 2 ]
    }, {
      "vertices" : [ 0, 2, 1 ]
    } ]
  }, {
    "id" : "22684455-3b2e-48cd-a537-fe2ed569e972",
    "vertices" : [ {
      "x" : 0.0,
      "y" : 0.0,
      "z" : 0.0
    }, {
      "x" : -8.472136,
      "y" : 22.18034,
      "z" : -6.6603813
    }, {
      "x" : -23.731344,
      "y" : 5.7018085,
      "z" : 3.5239112
    } ],
    "faces" : [ {
      "vertices" : [ 0, 1, 2 ]
    }, {
      "vertices" : [ 0, 2, 1 ]
    } ]
  }, {
    "id" : "1b18c088-22ba-43bd-abfb-d5e64e872c2b",
    "vertices" : [ {
      "x" : 0.0,
      "y" : 0.0,
      "z" : 0.0
    }, {
      "x" : -15.886101,
      "y" : -2.7703278,
      "z" : -18.65643
    }, {
      "x" : 7.252812,
      "y" : 4.4824843,
      "z" : -23.138912
    } ],
    "faces" : [ {
      "vertices" : [ 0, 1, 2 ]
    }, {
      "vertices" : [ 0, 2, 1 ]
    } ]
  }, {
    "id" : "580fe4b6-5795-4f02-a3e9-cee48f3c04a5",
    "vertices" : [ {
      "x" : 0.0,
      "y" : 0.0,
      "z" : 0.0
    }, {
      "x" : 2.177897,
      "y" : -5.7018085,
      "z" : -23.892496
    }, {
      "x" : -6.294239,
      "y" : 16.47853,
      "z" : -17.232115
    } ],
    "faces" : [ {
      "vertices" : [ 0, 1, 2 ]
    }, {
      "vertices" : [ 0, 2, 1 ]
    } ]
  }, {
    "id" : "a50d1b2e-af6d-48ef-a884-4123700d6bbb",
    "vertices" : [ {
      "x" : 0.0,
      "y" : 0.0,
      "z" : 0.0
    }, {
      "x" : -15.886101,
      "y" : -2.7703278,
      "z" : -18.65643
    }, {
      "x" : -23.138912,
      "y" : -7.252812,
      "z" : 4.4824843
    } ],
    "faces" : [ {
      "vertices" : [ 0, 1, 2 ]
    }, {
      "vertices" : [ 0, 2, 1 ]
    } ]
  }, {
    "id" : "ac6c5d6f-590d-4109-a75b-0c6113aaabad",
    "vertices" : [ {
      "x" : 0.0,
      "y" : 0.0,
      "z" : 0.0
    }, {
      "x" : 8.472136,
      "y" : -22.18034,
      "z" : 6.6603813
    }, {
      "x" : 6.294239,
      "y" : -16.47853,
      "z" : -17.232115
    } ],
    "faces" : [ {
      "vertices" : [ 0, 1, 2 ]
    }, {
      "vertices" : [ 0, 2, 1 ]
    } ]
  }, {
    "id" : "882d5cec-1432-41fb-b9c0-a8ea9c343229",
    "vertices" : [ {
      "x" : 0.0,
      "y" : 0.0,
      "z" : 0.0
    }, {
      "x" : 8.799129,
      "y" : -0.06334525,
      "z" : 23.036419
    }, {
      "x" : 4.3799896,
      "y" : -21.387608,
      "z" : 11.466962
    } ],
    "faces" : [ {
      "vertices" : [ 0, 1, 2 ]
    }, {
      "vertices" : [ 0, 2, 1 ]
    } ]
  }, {
    "id" : "b293cf0d-cc25-4134-9894-5cdbd80da0e5",
    "vertices" : [ {
      "x" : 0.0,
      "y" : 0.0,
      "z" : 0.0
    }, {
      "x" : -0.18307118,
      "y" : 24.654451,
      "z" : -0.47928655
    }, {
      "x" : 7.527109,
      "y" : 12.771549,
      "z" : 19.706228
    } ],
    "faces" : [ {
      "vertices" : [ 0, 1, 2 ]
    }, {
      "vertices" : [ 0, 2, 1 ]
    } ]
  }, {
    "id" : "098f9cf0-9b71-42d3-8b03-1b5ba741ff0c",
    "vertices" : [ {
      "x" : 0.0,
      "y" : 0.0,
      "z" : 0.0
    }, {
      "x" : -8.799129,
      "y" : -0.06334525,
      "z" : -23.036419
    }, {
      "x" : -4.4191394,
      "y" : 21.32426,
      "z" : -11.569456
    } ],
    "faces" : [ {
      "vertices" : [ 0, 1, 2 ]
    }, {
      "vertices" : [ 0, 2, 1 ]
    } ]
  }, {
    "id" : "1fbbb3cb-9a98-4632-9a26-bf714f53e167",
    "vertices" : [ {
      "x" : 0.0,
      "y" : 0.0,
      "z" : 0.0
    }, {
      "x" : 6.294239,
      "y" : -16.47853,
      "z" : 17.232115
    }, {
      "x" : 8.472136,
      "y" : -22.18034,
      "z" : -6.6603813
    } ],
    "faces" : [ {
      "vertices" : [ 0, 1, 2 ]
    }, {
      "vertices" : [ 0, 2, 1 ]
    } ]
  }, {
    "id" : "cd056d95-7e30-4a4d-b7e3-35b2c03f6313",
    "vertices" : [ {
      "x" : 0.0,
      "y" : 0.0,
      "z" : 0.0
    }, {
      "x" : -7.7101803,
      "y" : -11.882903,
      "z" : -20.185514
    }, {
      "x" : -7.527109,
      "y" : 12.771549,
      "z" : -19.706228
    } ],
    "faces" : [ {
      "vertices" : [ 0, 1, 2 ]
    }, {
      "vertices" : [ 0, 2, 1 ]
    } ]
  }, {
    "id" : "d8d136de-0cf0-46cf-ae9a-03811584ab15",
    "vertices" : [ {
      "x" : 0.0,
      "y" : 0.0,
      "z" : 0.0
    }, {
      "x" : 0.18307118,
      "y" : 24.654451,
      "z" : 0.47928655
    }, {
      "x" : 7.7101803,
      "y" : 11.882903,
      "z" : 20.185514
    } ],
    "faces" : [ {
      "vertices" : [ 0, 1, 2 ]
    }, {
      "vertices" : [ 0, 2, 1 ]
    } ]
  }, {
    "id" : "45e4debc-fa8f-480c-b741-5b7be107be5f",
    "vertices" : [ {
      "x" : 0.0,
      "y" : 0.0,
      "z" : 0.0
    }, {
      "x" : 7.527109,
      "y" : -12.771549,
      "z" : 19.706228
    }, {
      "x" : -0.18307118,
      "y" : -24.654451,
      "z" : -0.47928655
    } ],
    "faces" : [ {
      "vertices" : [ 0, 1, 2 ]
    }, {
      "vertices" : [ 0, 2, 1 ]
    } ]
  }, {
    "id" : "679c1cb9-8abf-4534-97b4-890d230b13bf",
    "vertices" : [ {
      "x" : 0.0,
      "y" : 0.0,
      "z" : 0.0
    }, {
      "x" : 7.7101803,
      "y" : -11.882903,
      "z" : 20.185514
    }, {
      "x" : 0.18307118,
      "y" : -24.654451,
      "z" : 0.47928655
    } ],
    "faces" : [ {
      "vertices" : [ 0, 1, 2 ]
    }, {
      "vertices" : [ 0, 2, 1 ]
    } ]
  } ],
  "instances" : [ {
    "shape" : "8b295270-2a68-4117-9e98-8eb959c97b2a",
    "color" : "#FFFFFF",
    "position" : {
      "x" : -3.5239112,
      "y" : -4.4824843,
      "z" : 16.47853
    },
    "orientation" : 31
  }, {
    "shape" : "2721498a-9d9f-4620-bc2a-c826576c7ee7",
    "color" : "#FFFFFF",
    "position" : {
      "x" : 4.4824843,
      "y" : 16.47853,
      "z" : 3.5239112
    },
    "orientation" : 15
  }, {
    "shape" : "7cfc8181-bf39-4b68-9370-69ff69644858",
    "color" : "#FFFFFF",
    "position" : {
      "x" : -12.95462,
      "y" : -5.7018085,
      "z" : 10.184293
    },
    "orientation" : 15
  }, {
    "shape" : "5212d379-063b-46d8-a2b7-eb2ac32fe763",
    "color" : "#008EC2",
    "position" : {
      "x" : 0.0,
      "y" : 13.708204,
      "z" : 0.0
    },
    "orientation" : 1
  }, {
    "shape" : "ef608bc3-cb3a-42fd-b711-6343b1651a91",
    "color" : "#FFD98C",
    "position" : {
      "x" : 10.184293,
      "y" : 12.95462,
      "z" : -5.7018085
    },
    "orientation" : 9
  }, {
    "shape" : "d45a084c-adc1-4af6-8bcb-e70dd75c8850",
    "color" : "#BE9AE9",
    "position" : {
      "x" : -10.184293,
      "y" : -12.95462,
      "z" : -5.7018085
    },
    "orientation" : 31
  }, {
    "shape" : "a3f72a11-314d-494b-b86a-e41c8fdea8d9",
    "color" : "#FFD98C",
    "position" : {
      "x" : 4.4824843,
      "y" : -16.47853,
      "z" : 3.5239112
    },
    "orientation" : 24
  }, {
    "shape" : "61a3caa5-80f1-4ec8-bfd3-de6715b8bef6",
    "color" : "#FFFFFF",
    "position" : {
      "x" : -4.4824843,
      "y" : 16.47853,
      "z" : 3.5239112
    },
    "orientation" : 15
  }, {
    "shape" : "156a517f-d5b1-439b-93d2-7c650511783e",
    "color" : "#F2F2F2",
    "position" : {
      "x" : -16.47853,
      "y" : 3.5239112,
      "z" : -4.4824843
    }
  }, {
    "shape" : "c6340c65-0516-48f2-a7c2-35bc2b3cea50",
    "color" : "#BE9AE9",
    "position" : {
      "x" : 0.0,
      "y" : -13.708204,
      "z" : -10.776724
    },
    "orientation" : 47
  }, {
    "shape" : "156a517f-d5b1-439b-93d2-7c650511783e",
    "color" : "#F2F2F2",
    "position" : {
      "x" : 10.776724,
      "y" : 0.0,
      "z" : 13.708204
    }
  }, {
    "shape" : "156a517f-d5b1-439b-93d2-7c650511783e",
    "color" : "#F2F2F2",
    "position" : {
      "x" : 16.47853,
      "y" : 3.5239112,
      "z" : -4.4824843
    }
  }, {
    "shape" : "2721498a-9d9f-4620-bc2a-c826576c7ee7",
    "color" : "#FFFFFF",
    "position" : {
      "x" : -3.5239112,
      "y" : -4.4824843,
      "z" : 16.47853
    },
    "orientation" : 16
  }, {
    "shape" : "156a517f-d5b1-439b-93d2-7c650511783e",
    "color" : "#F2F2F2",
    "position" : {
      "x" : 13.708204,
      "y" : -10.776724,
      "z" : 0.0
    }
  }, {
    "shape" : "fd790221-8fb9-4c43-b83f-6c471e7eef9a",
    "color" : "#FFFFFF",
    "position" : {
      "x" : 0.0,
      "y" : 13.708204,
      "z" : -10.776724
    },
    "orientation" : 2
  }, {
    "shape" : "156a517f-d5b1-439b-93d2-7c650511783e",
    "color" : "#F2F2F2",
    "position" : {
      "x" : 3.5239112,
      "y" : -4.4824843,
      "z" : 16.47853
    }
  }, {
    "shape" : "5212d379-063b-46d8-a2b7-eb2ac32fe763",
    "color" : "#008EC2",
    "position" : {
      "x" : 0.0,
      "y" : 0.0,
      "z" : 0.0
    },
    "orientation" : 16
  }, {
    "shape" : "4ad447bd-29ed-4513-b4ef-0158012dc1f0",
    "color" : "#BE9AE9",
    "position" : {
      "x" : -5.7018085,
      "y" : 10.184293,
      "z" : -12.95462
    },
    "orientation" : 17
  }, {
    "shape" : "61a3caa5-80f1-4ec8-bfd3-de6715b8bef6",
    "color" : "#FFFFFF",
    "position" : {
      "x" : 16.47853,
      "y" : 3.5239112,
      "z" : -4.4824843
    },
    "orientation" : 32
  }, {
    "shape" : "c6340c65-0516-48f2-a7c2-35bc2b3cea50",
    "color" : "#BE9AE9",
    "position" : {
      "x" : 0.0,
      "y" : -13.708204,
      "z" : 10.776724
    },
    "orientation" : 2
  }, {
    "shape" : "4ad447bd-29ed-4513-b4ef-0158012dc1f0",
    "color" : "#BE9AE9",
    "position" : {
      "x" : 5.7018085,
      "y" : 10.184293,
      "z" : 12.95462
    },
    "orientation" : 32
  }, {
    "shape" : "1d258dc4-a4f6-4af2-a500-606ced61dad6",
    "color" : "#FFFFFF",
    "position" : {
      "x" : 4.4824843,
      "y" : -16.47853,
      "z" : 3.5239112
    },
    "orientation" : 2
  }, {
    "shape" : "8420db1e-64ea-4206-83f5-a8a2455ce737",
    "color" : "#FFFFFF",
    "position" : {
      "x" : 0.0,
      "y" : -13.708204,
      "z" : -10.776724
    },
    "orientation" : 47
  }, {
    "shape" : "156a517f-d5b1-439b-93d2-7c650511783e",
    "color" : "#F2F2F2",
    "position" : {
      "x" : 4.4824843,
      "y" : 16.47853,
      "z" : -3.5239112
    }
  }, {
    "shape" : "8b295270-2a68-4117-9e98-8eb959c97b2a",
    "color" : "#FFFFFF",
    "position" : {
      "x" : 4.4824843,
      "y" : -16.47853,
      "z" : -3.5239112
    },
    "orientation" : 15
  }, {
    "shape" : "7cfc8181-bf39-4b68-9370-69ff69644858",
    "color" : "#FFFFFF",
    "position" : {
      "x" : -5.7018085,
      "y" : -10.184293,
      "z" : 12.95462
    },
    "orientation" : 47
  }, {
    "shape" : "61a3caa5-80f1-4ec8-bfd3-de6715b8bef6",
    "color" : "#FFFFFF",
    "position" : {
      "x" : 3.5239112,
      "y" : 4.4824843,
      "z" : -16.47853
    },
    "orientation" : 31
  }, {
    "shape" : "7cfc8181-bf39-4b68-9370-69ff69644858",
    "color" : "#FFFFFF",
    "position" : {
      "x" : 12.95462,
      "y" : -5.7018085,
      "z" : -10.184293
    },
    "orientation" : 30
  }, {
    "shape" : "8b295270-2a68-4117-9e98-8eb959c97b2a",
    "color" : "#FFFFFF",
    "position" : {
      "x" : -16.47853,
      "y" : -3.5239112,
      "z" : 4.4824843
    },
    "orientation" : 32
  }, {
    "shape" : "156a517f-d5b1-439b-93d2-7c650511783e",
    "color" : "#F2F2F2",
    "position" : {
      "x" : -16.47853,
      "y" : -3.5239112,
      "z" : -4.4824843
    }
  }, {
    "shape" : "7cfc8181-bf39-4b68-9370-69ff69644858",
    "color" : "#FFFFFF",
    "position" : {
      "x" : -10.184293,
      "y" : -12.95462,
      "z" : 5.7018085
    },
    "orientation" : 1
  }, {
    "shape" : "fd790221-8fb9-4c43-b83f-6c471e7eef9a",
    "color" : "#FFFFFF",
    "position" : {
      "x" : -10.776724,
      "y" : 0.0,
      "z" : 13.708204
    },
    "orientation" : 0
  }, {
    "shape" : "8b295270-2a68-4117-9e98-8eb959c97b2a",
    "color" : "#FFFFFF",
    "position" : {
      "x" : 16.47853,
      "y" : 3.5239112,
      "z" : 4.4824843
    },
    "orientation" : 2
  }, {
    "shape" : "4ad447bd-29ed-4513-b4ef-0158012dc1f0",
    "color" : "#BE9AE9",
    "position" : {
      "x" : 10.184293,
      "y" : -12.95462,
      "z" : -5.7018085
    },
    "orientation" : 31
  }, {
    "shape" : "156a517f-d5b1-439b-93d2-7c650511783e",
    "color" : "#F2F2F2",
    "position" : {
      "x" : -10.184293,
      "y" : 12.95462,
      "z" : -5.7018085
    }
  }, {
    "shape" : "8b295270-2a68-4117-9e98-8eb959c97b2a",
    "color" : "#FFFFFF",
    "position" : {
      "x" : 3.5239112,
      "y" : -4.4824843,
      "z" : -16.47853
    },
    "orientation" : 16
  }, {
    "shape" : "2721498a-9d9f-4620-bc2a-c826576c7ee7",
    "color" : "#FFFFFF",
    "position" : {
      "x" : -4.4824843,
      "y" : -16.47853,
      "z" : 3.5239112
    },
    "orientation" : 45
  }, {
    "shape" : "156a517f-d5b1-439b-93d2-7c650511783e",
    "color" : "#F2F2F2",
    "position" : {
      "x" : -4.4824843,
      "y" : 16.47853,
      "z" : -3.5239112
    }
  }, {
    "shape" : "61a3caa5-80f1-4ec8-bfd3-de6715b8bef6",
    "color" : "#FFFFFF",
    "position" : {
      "x" : 4.4824843,
      "y" : -16.47853,
      "z" : 3.5239112
    },
    "orientation" : 45
  }, {
    "shape" : "8420db1e-64ea-4206-83f5-a8a2455ce737",
    "color" : "#FFFFFF",
    "position" : {
      "x" : 0.0,
      "y" : 13.708204,
      "z" : -10.776724
    },
    "orientation" : 17
  }, {
    "shape" : "2721498a-9d9f-4620-bc2a-c826576c7ee7",
    "color" : "#FFFFFF",
    "position" : {
      "x" : 3.5239112,
      "y" : -4.4824843,
      "z" : -16.47853
    },
    "orientation" : 31
  }, {
    "shape" : "fd790221-8fb9-4c43-b83f-6c471e7eef9a",
    "color" : "#FFFFFF",
    "position" : {
      "x" : 13.708204,
      "y" : 10.776724,
      "z" : 0.0
    },
    "orientation" : 16
  }, {
    "shape" : "2dd572ef-d2d5-42ed-8470-9ad15dad2e46",
    "color" : "#FFD98C",
    "position" : {
      "x" : -12.95462,
      "y" : -5.7018085,
      "z" : 10.184293
    },
    "orientation" : 4
  }, {
    "shape" : "22684455-3b2e-48cd-a537-fe2ed569e972",
    "color" : "#FFFFFF",
    "position" : {
      "x" : -12.95462,
      "y" : -5.7018085,
      "z" : -10.184293
    },
    "orientation" : 45
  }, {
    "shape" : "156a517f-d5b1-439b-93d2-7c650511783e",
    "color" : "#F2F2F2",
    "position" : {
      "x" : 10.776724,
      "y" : 0.0,
      "z" : -13.708204
    }
  }, {
    "shape" : "156a517f-d5b1-439b-93d2-7c650511783e",
    "color" : "#F2F2F2",
    "position" : {
      "x" : -3.5239112,
      "y" : 4.4824843,
      "z" : -16.47853
    }
  }, {
    "shape" : "156a517f-d5b1-439b-93d2-7c650511783e",
    "color" : "#F2F2F2",
    "position" : {
      "x" : 10.184293,
      "y" : -12.95462,
      "z" : -5.7018085
    }
  }, {
    "shape" : "156a517f-d5b1-439b-93d2-7c650511783e",
    "color" : "#F2F2F2",
    "position" : {
      "x" : -4.4824843,
      "y" : 16.47853,
      "z" : 3.5239112
    }
  }, {
    "shape" : "1b18c088-22ba-43bd-abfb-d5e64e872c2b",
    "color" : "#FFFFFF",
    "position" : {
      "x" : 5.7018085,
      "y" : -10.184293,
      "z" : 12.95462
    },
    "orientation" : 0
  }, {
    "shape" : "2721498a-9d9f-4620-bc2a-c826576c7ee7",
    "color" : "#FFFFFF",
    "position" : {
      "x" : -4.4824843,
      "y" : 16.47853,
      "z" : -3.5239112
    },
    "orientation" : 30
  }, {
    "shape" : "156a517f-d5b1-439b-93d2-7c650511783e",
    "color" : "#F2F2F2",
    "position" : {
      "x" : -12.95462,
      "y" : -5.7018085,
      "z" : 10.184293
    }
  }, {
    "shape" : "580fe4b6-5795-4f02-a3e9-cee48f3c04a5",
    "color" : "#BE9AE9",
    "position" : {
      "x" : 0.0,
      "y" : 13.708204,
      "z" : -10.776724
    },
    "orientation" : 47
  }, {
    "shape" : "156a517f-d5b1-439b-93d2-7c650511783e",
    "color" : "#F2F2F2",
    "position" : {
      "x" : 3.5239112,
      "y" : 4.4824843,
      "z" : -16.47853
    }
  }, {
    "shape" : "156a517f-d5b1-439b-93d2-7c650511783e",
    "color" : "#F2F2F2",
    "position" : {
      "x" : -13.708204,
      "y" : 0.0,
      "z" : 0.0
    }
  }, {
    "shape" : "c6340c65-0516-48f2-a7c2-35bc2b3cea50",
    "color" : "#BE9AE9",
    "position" : {
      "x" : -13.708204,
      "y" : -10.776724,
      "z" : 0.0
    },
    "orientation" : 16
  }, {
    "shape" : "156a517f-d5b1-439b-93d2-7c650511783e",
    "color" : "#F2F2F2",
    "position" : {
      "x" : -5.7018085,
      "y" : -10.184293,
      "z" : 12.95462
    }
  }, {
    "shape" : "a50d1b2e-af6d-48ef-a884-4123700d6bbb",
    "color" : "#FFFFFF",
    "position" : {
      "x" : 5.7018085,
      "y" : -10.184293,
      "z" : -12.95462
    },
    "orientation" : 16
  }, {
    "shape" : "c6340c65-0516-48f2-a7c2-35bc2b3cea50",
    "color" : "#BE9AE9",
    "position" : {
      "x" : -10.776724,
      "y" : 0.0,
      "z" : 13.708204
    },
    "orientation" : 45
  }, {
    "shape" : "156a517f-d5b1-439b-93d2-7c650511783e",
    "color" : "#F2F2F2",
    "position" : {
      "x" : 10.184293,
      "y" : 12.95462,
      "z" : -5.7018085
    }
  }, {
    "shape" : "156a517f-d5b1-439b-93d2-7c650511783e",
    "color" : "#F2F2F2",
    "position" : {
      "x" : 0.0,
      "y" : 13.708204,
      "z" : -10.776724
    }
  }, {
    "shape" : "580fe4b6-5795-4f02-a3e9-cee48f3c04a5",
    "color" : "#BE9AE9",
    "position" : {
      "x" : 0.0,
      "y" : 13.708204,
      "z" : 10.776724
    },
    "orientation" : 2
  }, {
    "shape" : "156a517f-d5b1-439b-93d2-7c650511783e",
    "color" : "#F2F2F2",
    "position" : {
      "x" : 12.95462,
      "y" : -5.7018085,
      "z" : -10.184293
    }
  }, {
    "shape" : "156a517f-d5b1-439b-93d2-7c650511783e",
    "color" : "#F2F2F2",
    "position" : {
      "x" : 0.0,
      "y" : 13.708204,
      "z" : 0.0
    }
  }, {
    "shape" : "fd790221-8fb9-4c43-b83f-6c471e7eef9a",
    "color" : "#FFFFFF",
    "position" : {
      "x" : -13.708204,
      "y" : -10.776724,
      "z" : 0.0
    },
    "orientation" : 46
  }, {
    "shape" : "7cfc8181-bf39-4b68-9370-69ff69644858",
    "color" : "#FFFFFF",
    "position" : {
      "x" : 12.95462,
      "y" : 5.7018085,
      "z" : 10.184293
    },
