{
  "field" : "golden",
  "symmetry" : "icosahedral",
  "orientations" : [ [ 1.0, 0.0, 0.0, 0.0, 0.0, 1.0, 0.0, 0.0, 0.0, 0.0, 1.0, 0.0, 0.0, 0.0, 0.0, 1.0 ], [ 0.0, 0.0, 1.0, 0.0, 1.0, 0.0, 0.0, 0.0, 0.0, 1.0, 0.0, 0.0, 0.0, 0.0, 0.0, 1.0 ], [ 0.0, 1.0, 0.0, 0.0, 0.0, 0.0, 1.0, 0.0, 1.0, 0.0, 0.0, 0.0, 0.0, 0.0, 0.0, 1.0 ], [ 0.809017, 0.309017, 0.5, 0.0, 0.309017, 0.5, -0.809017, 0.0, -0.5, 0.809017, 0.309017, 0.0, 0.0, 0.0, 0.0, 1.0 ], [ -0.5, 0.809017, 0.309017, 0.0, 0.809017, 0.309017, 0.5, 0.0, 0.309017, 0.5, -0.809017, 0.0, 0.0, 0.0, 0.0, 1.0 ], [ 0.309017, 0.5, -0.809017, 0.0, -0.5, 0.809017, 0.309017, 0.0, 0.809017, 0.309017, 0.5, 0.0, 0.0, 0.0, 0.0, 1.0 ], [ 0.5, 0.809017, 0.309017, 0.0, 0.809017, -0.309017, -0.5, 0.0, -0.309017, 0.5, -0.809017, 0.0, 0.0, 0.0, 0.0, 1.0 ], [ -0.309017, 0.5, -0.809017, 0.0, 0.5, 0.809017, 0.309017, 0.0, 0.809017, -0.309017, -0.5, 0.0, 0.0, 0.0, 0.0, 1.0 ], [ 0.809017, -0.309017, -0.5, 0.0, -0.309017, 0.5, -0.809017, 0.0, 0.5, 0.809017, 0.309017, 0.0, 0.0, 0.0, 0.0, 1.0 ], [ 0.5, 0.809017, -0.309017, 0.0, 0.809017, -0.309017, 0.5, 0.0, 0.309017, -0.5, -0.809017, 0.0, 0.0, 0.0, 0.0, 1.0 ], [ 0.309017, -0.5, -0.809017, 0.0, 0.5, 0.809017, -0.309017, 0.0, 0.809017, -0.309017, 0.5, 0.0, 0.0, 0.0, 0.0, 1.0 ], [ 0.809017, -0.309017, 0.5, 0.0, 0.309017, -0.5, -0.809017, 0.0, 0.5, 0.809017, -0.309017, 0.0, 0.0, 0.0, 0.0, 1.0 ], [ 0.809017, 0.309017, -0.5, 0.0, 0.309017, 0.5, 0.809017, 0.0, 0.5, -0.809017, 0.309017, 0.0, 0.0, 0.0, 0.0, 1.0 ], [ 0.5, -0.809017, 0.309017, 0.0, 0.809017, 0.309017, -0.5, 0.0, 0.309017, 0.5, 0.809017, 0.0, 0.0, 0.0, 0.0, 1.0 ], [ 0.309017, 0.5, 0.809017, 0.0, 0.5, -0.809017, 0.309017, 0.0, 0.809017, 0.309017, -0.5, 0.0, 0.0, 0.0, 0.0, 1.0 ], [ 1.0, 0.0, 0.0, 0.0, 0.0, -1.0, 0.0, 0.0, 0.0, 0.0, -1.0, 0.0, 0.0, 0.0, 0.0, 1.0 ], [ 0.0, 0.0, 1.0, 0.0, -1.0, 0.0, 0.0, 0.0, 0.0, -1.0, 0.0, 0.0, 0.0, 0.0, 0.0, 1.0 ], [ 0.0, 1.0, 0.0, 0.0, 0.0, 0.0, -1.0, 0.0, -1.0, 0.0, 0.0, 0.0, 0.0, 0.0, 0.0, 1.0 ], [ 0.809017, 0.309017, 0.5, 0.0, -0.309017, -0.5, 0.809017, 0.0, 0.5, -0.809017, -0.309017, 0.0, 0.0, 0.0, 0.0, 1.0 ], [ -0.5, 0.809017, 0.309017, 0.0, -0.809017, -0.309017, -0.5, 0.0, -0.309017, -0.5, 0.809017, 0.0, 0.0, 0.0, 0.0, 1.0 ], [ 0.309017, 0.5, -0.809017, 0.0, 0.5, -0.809017, -0.309017, 0.0, -0.809017, -0.309017, -0.5, 0.0, 0.0, 0.0, 0.0, 1.0 ], [ 0.5, 0.809017, 0.309017, 0.0, -0.809017, 0.309017, 0.5, 0.0, 0.309017, -0.5, 0.809017, 0.0, 0.0, 0.0, 0.0, 1.0 ], [ -0.309017, 0.5, -0.809017, 0.0, -0.5, -0.809017, -0.309017, 0.0, -0.809017, 0.309017, 0.5, 0.0, 0.0, 0.0, 0.0, 1.0 ], [ 0.809017, -0.309017, -0.5, 0.0, 0.309017, -0.5, 0.809017, 0.0, -0.5, -0.809017, -0.309017, 0.0, 0.0, 0.0, 0.0, 1.0 ], [ 0.5, 0.809017, -0.309017, 0.0, -0.809017, 0.309017, -0.5, 0.0, -0.309017, 0.5, 0.809017, 0.0, 0.0, 0.0, 0.0, 1.0 ], [ 0.309017, -0.5, -0.809017, 0.0, -0.5, -0.809017, 0.309017, 0.0, -0.809017, 0.309017, -0.5, 0.0, 0.0, 0.0, 0.0, 1.0 ], [ 0.809017, -0.309017, 0.5, 0.0, -0.309017, 0.5, 0.809017, 0.0, -0.5, -0.809017, 0.309017, 0.0, 0.0, 0.0, 0.0, 1.0 ], [ 0.809017, 0.309017, -0.5, 0.0, -0.309017, -0.5, -0.809017, 0.0, -0.5, 0.809017, -0.309017, 0.0, 0.0, 0.0, 0.0, 1.0 ], [ 0.5, -0.809017, 0.309017, 0.0, -0.809017, -0.309017, 0.5, 0.0, -0.309017, -0.5, -0.809017, 0.0, 0.0, 0.0, 0.0, 1.0 ], [ 0.309017, 0.5, 0.809017, 0.0, -0.5, 0.809017, -0.309017, 0.0, -0.809017, -0.309017, 0.5, 0.0, 0.0, 0.0, 0.0, 1.0 ], [ -1.0, 0.0, 0.0, 0.0, 0.0, -1.0, 0.0, 0.0, 0.0, 0.0, 1.0, 0.0, 0.0, 0.0, 0.0, 1.0 ], [ 0.0, 0.0, -1.0, 0.0, -1.0, 0.0, 0.0, 0.0, 0.0, 1.0, 0.0, 0.0, 0.0, 0.0, 0.0, 1.0 ], [ 0.0, -1.0, 0.0, 0.0, 0.0, 0.0, -1.0, 0.0, 1.0, 0.0, 0.0, 0.0, 0.0, 0.0, 0.0, 1.0 ], [ -0.809017, -0.309017, -0.5, 0.0, -0.309017, -0.5, 0.809017, 0.0, -0.5, 0.809017, 0.309017, 0.0, 0.0, 0.0, 0.0, 1.0 ], [ 0.5, -0.809017, -0.309017, 0.0, -0.809017, -0.309017, -0.5, 0.0, 0.309017, 0.5, -0.809017, 0.0, 0.0, 0.0, 0.0, 1.0 ], [ -0.309017, -0.5, 0.809017, 0.0, 0.5, -0.809017, -0.309017, 0.0, 0.809017, 0.309017, 0.5, 0.0, 0.0, 0.0, 0.0, 1.0 ], [ -0.5, -0.809017, -0.309017, 0.0, -0.809017, 0.309017, 0.5, 0.0, -0.309017, 0.5, -0.809017, 0.0, 0.0, 0.0, 0.0, 1.0 ], [ 0.309017, -0.5, 0.809017, 0.0, -0.5, -0.809017, -0.309017, 0.0, 0.809017, -0.309017, -0.5, 0.0, 0.0, 0.0, 0.0, 1.0 ], [ -0.809017, 0.309017, 0.5, 0.0, 0.309017, -0.5, 0.809017, 0.0, 0.5, 0.809017, 0.309017, 0.0, 0.0, 0.0, 0.0, 1.0 ], [ -0.5, -0.809017, 0.309017, 0.0, -0.809017, 0.309017, -0.5, 0.0, 0.309017, -0.5, -0.809017, 0.0, 0.0, 0.0, 0.0, 1.0 ], [ -0.309017, 0.5, 0.809017, 0.0, -0.5, -0.809017, 0.309017, 0.0, 0.809017, -0.309017, 0.5, 0.0, 0.0, 0.0, 0.0, 1.0 ], [ -0.809017, 0.309017, -0.5, 0.0, -0.309017, 0.5, 0.809017, 0.0, 0.5, 0.809017, -0.309017, 0.0, 0.0, 0.0, 0.0, 1.0 ], [ -0.809017, -0.309017, 0.5, 0.0, -0.309017, -0.5, -0.809017, 0.0, 0.5, -0.809017, 0.309017, 0.0, 0.0, 0.0, 0.0, 1.0 ], [ -0.5, 0.809017, -0.309017, 0.0, -0.809017, -0.309017, 0.5, 0.0, 0.309017, 0.5, 0.809017, 0.0, 0.0, 0.0, 0.0, 1.0 ], [ -0.309017, -0.5, -0.809017, 0.0, -0.5, 0.809017, -0.309017, 0.0, 0.809017, 0.309017, -0.5, 0.0, 0.0, 0.0, 0.0, 1.0 ], [ -1.0, 0.0, 0.0, 0.0, 0.0, 1.0, 0.0, 0.0, 0.0, 0.0, -1.0, 0.0, 0.0, 0.0, 0.0, 1.0 ], [ 0.0, 0.0, -1.0, 0.0, 1.0, 0.0, 0.0, 0.0, 0.0, -1.0, 0.0, 0.0, 0.0, 0.0, 0.0, 1.0 ], [ 0.0, -1.0, 0.0, 0.0, 0.0, 0.0, 1.0, 0.0, -1.0, 0.0, 0.0, 0.0, 0.0, 0.0, 0.0, 1.0 ], [ -0.809017, -0.309017, -0.5, 0.0, 0.309017, 0.5, -0.809017, 0.0, 0.5, -0.809017, -0.309017, 0.0, 0.0, 0.0, 0.0, 1.0 ], [ 0.5, -0.809017, -0.309017, 0.0, 0.809017, 0.309017, 0.5, 0.0, -0.309017, -0.5, 0.809017, 0.0, 0.0, 0.0, 0.0, 1.0 ], [ -0.309017, -0.5, 0.809017, 0.0, -0.5, 0.809017, 0.309017, 0.0, -0.809017, -0.309017, -0.5, 0.0, 0.0, 0.0, 0.0, 1.0 ], [ -0.5, -0.809017, -0.309017, 0.0, 0.809017, -0.309017, -0.5, 0.0, 0.309017, -0.5, 0.809017, 0.0, 0.0, 0.0, 0.0, 1.0 ], [ 0.309017, -0.5, 0.809017, 0.0, 0.5, 0.809017, 0.309017, 0.0, -0.809017, 0.309017, 0.5, 0.0, 0.0, 0.0, 0.0, 1.0 ], [ -0.809017, 0.309017, 0.5, 0.0, -0.309017, 0.5, -0.809017, 0.0, -0.5, -0.809017, -0.309017, 0.0, 0.0, 0.0, 0.0, 1.0 ], [ -0.5, -0.809017, 0.309017, 0.0, 0.809017, -0.309017, 0.5, 0.0, -0.309017, 0.5, 0.809017, 0.0, 0.0, 0.0, 0.0, 1.0 ], [ -0.309017, 0.5, 0.809017, 0.0, 0.5, 0.809017, -0.309017, 0.0, -0.809017, 0.309017, -0.5, 0.0, 0.0, 0.0, 0.0, 1.0 ], [ -0.809017, 0.309017, -0.5, 0.0, 0.309017, -0.5, -0.809017, 0.0, -0.5, -0.809017, 0.309017, 0.0, 0.0, 0.0, 0.0, 1.0 ], [ -0.809017, -0.309017, 0.5, 0.0, 0.309017, 0.5, 0.809017, 0.0, -0.5, 0.809017, -0.309017, 0.0, 0.0, 0.0, 0.0, 1.0 ], [ -0.5, 0.809017, -0.309017, 0.0, 0.809017, 0.309017, -0.5, 0.0, -0.309017, -0.5, -0.809017, 0.0, 0.0, 0.0, 0.0, 1.0 ], [ -0.309017, -0.5, -0.809017, 0.0, 0.5, -0.809017, 0.309017, 0.0, -0.809017, -0.309017, 0.5, 0.0, 0.0, 0.0, 0.0, 1.0 ] ],
  "lights" : {
    "directionalLights" : [ {
      "direction" : {
        "x" : 1.0,
        "y" : -1.0,
        "z" : -1.0
      },
      "color" : "#EBEBE4"
    }, {
      "direction" : {
        "x" : -1.0,
        "y" : 0.0,
        "z" : 0.0
      },
      "color" : "#E4E4EB"
    }, {
      "direction" : {
        "x" : 0.0,
        "y" : 0.0,
        "z" : -1.0
      },
      "color" : "#1E1E1E"
    } ],
    "ambientColor" : "#292929",
    "backgroundColor" : "#AFC8DC"
  },
  "camera" : {
    "lookDirection" : {
      "x" : -0.48103848,
      "y" : 0.11038847,
      "z" : -0.8697221
    },
    "upDirection" : {
      "x" : 0.20982453,
      "y" : 0.97770596,
      "z" : 0.008041084
    },
    "lookAtPoint" : {
      "x" : 0.0,
      "y" : 0.0,
      "z" : 0.0
    },
    "stereo" : false,
    "width" : 383.89587,
    "viewDistance" : 853.10223,
    "nearClipDistance" : 2.132755,
    "farClipDistance" : 1706.2036,
    "fieldOfView" : 0.44262874,
    "perspective" : true,
    "position" : {
      "x" : 410.375,
      "y" : -94.17265,
      "z" : 741.9619
    }
  },
  "embedding" : [ 1.0, 0.0, 0.0, 0.0, 0.0, 1.0, 0.0, 0.0, 0.0, 0.0, 1.0, 0.0, 0.0, 0.0, 0.0, 1.0 ],
  "shapes" : [ {
    "id" : "82d6aa3a-fdf5-4ff9-b5d3-97eb12721eb5",
    "vertices" : [ {
      "x" : 0.309017,
      "y" : -0.809017,
      "z" : 0.618034
    }, {
      "x" : 0.809017,
      "y" : -0.618034,
      "z" : 0.309017
    }, {
      "x" : 0.618034,
      "y" : -0.309017,
      "z" : 0.809017
    }, {
      "x" : 1.0,
      "y" : 0.309017,
      "z" : 0.19098301
    }, {
      "x" : 0.809017,
      "y" : 0.618034,
      "z" : 0.309017
    }, {
      "x" : 0.618034,
      "y" : 0.309017,
      "z" : 0.809017
    }, {
      "x" : 0.809017,
      "y" : 0.0,
      "z" : 0.690983
    }, {
      "x" : 0.19098301,
      "y" : -1.0,
      "z" : 0.309017
    }, {
      "x" : -0.19098301,
      "y" : -1.0,
      "z" : 0.309017
    }, {
      "x" : -0.19098301,
      "y" : -1.0,
      "z" : -0.309017
    }, {
      "x" : 0.19098301,
      "y" : -1.0,
      "z" : -0.309017
    }, {
      "x" : 1.0,
      "y" : -0.309017,
      "z" : -0.19098301
    }, {
      "x" : 0.809017,
      "y" : -0.618034,
      "z" : -0.309017
    }, {
      "x" : 0.618034,
      "y" : -0.309017,
      "z" : -0.809017
    }, {
      "x" : 0.809017,
      "y" : 0.0,
      "z" : -0.690983
    }, {
      "x" : 0.0,
      "y" : 0.690983,
      "z" : -0.809017
    }, {
      "x" : 0.309017,
      "y" : 0.809017,
      "z" : -0.618034
    }, {
      "x" : 0.618034,
      "y" : 0.309017,
      "z" : -0.809017
    }, {
      "x" : 0.309017,
      "y" : 0.19098301,
      "z" : -1.0
    }, {
      "x" : 1.0,
      "y" : 0.309017,
      "z" : -0.19098301
    }, {
      "x" : -0.309017,
      "y" : -0.809017,
      "z" : 0.618034
    }, {
      "x" : 0.0,
      "y" : -0.690983,
      "z" : 0.809017
    }, {
      "x" : 0.809017,
      "y" : 0.618034,
      "z" : -0.309017
    }, {
      "x" : 0.690983,
      "y" : 0.809017,
      "z" : 0.0
    }, {
      "x" : -0.690983,
      "y" : 0.809017,
      "z" : 0.0
    }, {
      "x" : -0.809017,
      "y" : 0.618034,
      "z" : 0.309017
    }, {
      "x" : -0.309017,
      "y" : 0.809017,
      "z" : 0.618034
    }, {
      "x" : -0.19098301,
      "y" : 1.0,
      "z" : 0.309017
    }, {
      "x" : 0.309017,
      "y" : -0.19098301,
      "z" : -1.0
    }, {
      "x" : 0.19098301,
      "y" : 1.0,
      "z" : 0.309017
    }, {
      "x" : 0.309017,
      "y" : 0.809017,
      "z" : 0.618034
    }, {
      "x" : -0.809017,
      "y" : -0.618034,
      "z" : 0.309017
    }, {
      "x" : -0.690983,
      "y" : -0.809017,
      "z" : 0.0
    }, {
      "x" : 0.0,
      "y" : 0.690983,
      "z" : 0.809017
    }, {
      "x" : 0.309017,
      "y" : -0.809017,
      "z" : -0.618034
    }, {
      "x" : 0.0,
      "y" : -0.690983,
      "z" : -0.809017
    }, {
      "x" : -1.0,
      "y" : 0.309017,
      "z" : 0.19098301
    }, {
      "x" : -0.809017,
      "y" : 0.0,
      "z" : 0.690983
    }, {
      "x" : -0.618034,
      "y" : 0.309017,
      "z" : 0.809017
    }, {
      "x" : 1.0,
      "y" : -0.309017,
      "z" : 0.19098301
    }, {
      "x" : -0.309017,
      "y" : -0.809017,
      "z" : -0.618034
    }, {
      "x" : -1.0,
      "y" : 0.309017,
      "z" : -0.19098301
    }, {
      "x" : -1.0,
      "y" : -0.309017,
      "z" : -0.19098301
    }, {
      "x" : -1.0,
      "y" : -0.309017,
      "z" : 0.19098301
    }, {
      "x" : 0.19098301,
      "y" : 1.0,
      "z" : -0.309017
    }, {
      "x" : -0.809017,
      "y" : 0.618034,
      "z" : -0.309017
    }, {
      "x" : -0.19098301,
      "y" : 1.0,
      "z" : -0.309017
    }, {
      "x" : -0.309017,
      "y" : 0.809017,
      "z" : -0.618034
    }, {
      "x" : -0.618034,
      "y" : -0.309017,
      "z" : 0.809017
    }, {
      "x" : 0.309017,
      "y" : 0.19098301,
      "z" : 1.0
    }, {
      "x" : -0.309017,
      "y" : 0.19098301,
      "z" : -1.0
    }, {
      "x" : -0.309017,
      "y" : 0.19098301,
      "z" : 1.0
    }, {
      "x" : -0.309017,
      "y" : -0.19098301,
      "z" : 1.0
    }, {
      "x" : 0.309017,
      "y" : -0.19098301,
      "z" : 1.0
    }, {
      "x" : 0.690983,
      "y" : -0.809017,
      "z" : 0.0
    }, {
      "x" : -0.809017,
      "y" : 0.0,
      "z" : -0.690983
    }, {
      "x" : -0.618034,
      "y" : -0.309017,
      "z" : -0.809017
    }, {
      "x" : -0.309017,
      "y" : -0.19098301,
      "z" : -1.0
    }, {
      "x" : -0.618034,
      "y" : 0.309017,
      "z" : -0.809017
    }, {
      "x" : -0.809017,
      "y" : -0.618034,
      "z" : -0.309017
    } ],
    "faces" : [ {
      "vertices" : [ 9, 40, 35 ]
    }, {
      "vertices" : [ 9, 35, 34 ]
    }, {
      "vertices" : [ 9, 34, 10 ]
    }, {
      "vertices" : [ 0, 1, 2 ]
    }, {
      "vertices" : [ 33, 51, 49 ]
    }, {
      "vertices" : [ 25, 36, 37 ]
    }, {
      "vertices" : [ 25, 37, 38 ]
    }, {
      "vertices" : [ 41, 55, 42 ]
    }, {
      "vertices" : [ 9, 32, 59 ]
    }, {
      "vertices" : [ 9, 59, 40 ]
    }, {
      "vertices" : [ 20, 21, 52 ]
    }, {
      "vertices" : [ 20, 52, 48 ]
    }, {
      "vertices" : [ 26, 33, 30 ]
    }, {
      "vertices" : [ 26, 30, 29 ]
    }, {
      "vertices" : [ 26, 29, 27 ]
    }, {
      "vertices" : [ 3, 4, 5 ]
    }, {
      "vertices" : [ 3, 5, 6 ]
    }, {
      "vertices" : [ 27, 29, 44 ]
    }, {
      "vertices" : [ 27, 44, 46 ]
    }, {
      "vertices" : [ 50, 57, 56 ]
    }, {
      "vertices" : [ 50, 56, 55 ]
    }, {
      "vertices" : [ 50, 55, 58 ]
    }, {
      "vertices" : [ 26, 38, 51 ]
    }, {
      "vertices" : [ 26, 51, 33 ]
    }, {
      "vertices" : [ 45, 47, 58 ]
    }, {
      "vertices" : [ 18, 28, 57 ]
    }, {
      "vertices" : [ 18, 57, 50 ]
    }, {
      "vertices" : [ 40, 59, 56 ]
    }, {
      "vertices" : [ 31, 48, 37 ]
    }, {
      "vertices" : [ 31, 37, 43 ]
    }, {
      "vertices" : [ 7, 8, 9 ]
    }, {
      "vertices" : [ 7, 9, 10 ]
    }, {
      "vertices" : [ 36, 41, 42 ]
    }, {
      "vertices" : [ 36, 42, 43 ]
    }, {
      "vertices" : [ 24, 46, 47 ]
    }, {
      "vertices" : [ 24, 47, 45 ]
    }, {
      "vertices" : [ 4, 30, 5 ]
    }, {
      "vertices" : [ 15, 47, 46 ]
    }, {
      "vertices" : [ 15, 46, 44 ]
    }, {
      "vertices" : [ 15, 44, 16 ]
    }, {
      "vertices" : [ 15, 50, 58 ]
    }, {
      "vertices" : [ 15, 58, 47 ]
    }, {
      "vertices" : [ 24, 45, 41 ]
    }, {
      "vertices" : [ 24, 41, 36 ]
    }, {
      "vertices" : [ 24, 36, 25 ]
    }, {
      "vertices" : [ 11, 14, 19 ]
    }, {
      "vertices" : [ 3, 6, 39 ]
    }, {
      "vertices" : [ 1, 39, 6 ]
    }, {
      "vertices" : [ 1, 6, 2 ]
    }, {
      "vertices" : [ 8, 32, 9 ]
    }, {
      "vertices" : [ 11, 12, 13 ]
    }, {
      "vertices" : [ 11, 13, 14 ]
    }, {
      "vertices" : [ 16, 22, 17 ]
    }, {
      "vertices" : [ 0, 21, 20 ]
    }, {
      "vertices" : [ 0, 20, 8 ]
    }, {
      "vertices" : [ 0, 8, 7 ]
    }, {
      "vertices" : [ 12, 34, 13 ]
    }, {
      "vertices" : [ 35, 40, 56 ]
    }, {
      "vertices" : [ 35, 56, 57 ]
    }, {
      "vertices" : [ 0, 7, 54 ]
    }, {
      "vertices" : [ 0, 54, 1 ]
    }, {
      "vertices" : [ 15, 16, 17 ]
    }, {
      "vertices" : [ 15, 17, 18 ]
    }, {
      "vertices" : [ 3, 19, 22 ]
    }, {
      "vertices" : [ 3, 22, 23 ]
    }, {
      "vertices" : [ 3, 23, 4 ]
    }, {
      "vertices" : [ 7, 10, 54 ]
    }, {
      "vertices" : [ 41, 45, 58 ]
    }, {
      "vertices" : [ 41, 58, 55 ]
    }, {
      "vertices" : [ 3, 39, 11 ]
    }, {
      "vertices" : [ 3, 11, 19 ]
    }, {
      "vertices" : [ 14, 17, 22 ]
    }, {
      "vertices" : [ 14, 22, 19 ]
    }, {
      "vertices" : [ 0, 2, 53 ]
    }, {
      "vertices" : [ 0, 53, 21 ]
    }, {
      "vertices" : [ 49, 51, 52 ]
    }, {
      "vertices" : [ 49, 52, 53 ]
    }, {
      "vertices" : [ 31, 43, 42 ]
    }, {
      "vertices" : [ 31, 42, 59 ]
    }, {
      "vertices" : [ 31, 59, 32 ]
    }, {
      "vertices" : [ 15, 18, 50 ]
    }, {
      "vertices" : [ 42, 55, 56 ]
    }, {
      "vertices" : [ 42, 56, 59 ]
    }, {
      "vertices" : [ 4, 23, 29 ]
    }, {
      "vertices" : [ 4, 29, 30 ]
    }, {
      "vertices" : [ 25, 38, 26 ]
    }, {
      "vertices" : [ 13, 28, 18 ]
    }, {
      "vertices" : [ 13, 18, 17 ]
    }, {
      "vertices" : [ 13, 17, 14 ]
    }, {
      "vertices" : [ 8, 20, 31 ]
    }, {
      "vertices" : [ 8, 31, 32 ]
    }, {
      "vertices" : [ 23, 44, 29 ]
    }, {
      "vertices" : [ 24, 27, 46 ]
    }, {
      "vertices" : [ 37, 48, 52 ]
    }, {
      "vertices" : [ 37, 52, 51 ]
    }, {
      "vertices" : [ 37, 51, 38 ]
    }, {
      "vertices" : [ 20, 48, 31 ]
    }, {
      "vertices" : [ 24, 25, 26 ]
    }, {
      "vertices" : [ 24, 26, 27 ]
    }, {
      "vertices" : [ 16, 44, 23 ]
    }, {
      "vertices" : [ 16, 23, 22 ]
    }, {
      "vertices" : [ 13, 34, 35 ]
    }, {
      "vertices" : [ 13, 35, 28 ]
    }, {
      "vertices" : [ 10, 34, 12 ]
    }, {
      "vertices" : [ 10, 12, 54 ]
    }, {
      "vertices" : [ 2, 6, 5 ]
    }, {
      "vertices" : [ 2, 5, 49 ]
    }, {
      "vertices" : [ 2, 49, 53 ]
    }, {
      "vertices" : [ 36, 43, 37 ]
    }, {
      "vertices" : [ 5, 30, 33 ]
    }, {
      "vertices" : [ 5, 33, 49 ]
    }, {
      "vertices" : [ 1, 54, 12 ]
    }, {
      "vertices" : [ 1, 12, 11 ]
    }, {
      "vertices" : [ 1, 11, 39 ]
    }, {
      "vertices" : [ 28, 35, 57 ]
    }, {
      "vertices" : [ 21, 53, 52 ]
    } ]
  }, {
    "id" : "95132446-e93b-429b-ab2f-0fce28512780",
    "vertices" : [ {
      "x" : 12.708204,
      "y" : 0.309017,
      "z" : 0.19098301
    }, {
      "x" : 12.708204,
      "y" : 0.309017,
      "z" : -0.19098301
    }, {
      "x" : 1.0,
      "y" : 0.309017,
      "z" : -0.19098301
    }, {
      "x" : 1.0,
      "y" : 0.309017,
      "z" : 0.19098301
    }, {
      "x" : 12.708204,
      "y" : -0.309017,
      "z" : 0.19098301
    }, {
      "x" : 1.0,
      "y" : -0.309017,
      "z" : 0.19098301
    }, {
      "x" : 1.0,
      "y" : -0.309017,
      "z" : -0.19098301
    }, {
      "x" : 12.708204,
      "y" : -0.309017,
      "z" : -0.19098301
    }, {
      "x" : 13.708204,
      "y" : 0.0,
      "z" : 0.0
    } ],
    "faces" : [ {
      "vertices" : [ 1, 7, 6 ]
    }, {
      "vertices" : [ 1, 6, 2 ]
    }, {
      "vertices" : [ 0, 1, 2 ]
    }, {
      "vertices" : [ 0, 2, 3 ]
    }, {
      "vertices" : [ 4, 5, 6 ]
    }, {
      "vertices" : [ 4, 6, 7 ]
    }, {
      "vertices" : [ 0, 3, 5 ]
    }, {
      "vertices" : [ 0, 5, 4 ]
    } ]
  }, {
    "id" : "a07d8287-f8f4-4c7a-860d-531629e5fc49",
    "vertices" : [ {
      "x" : 0.809017,
      "y" : 0.0,
      "z" : -0.690983
    }, {
      "x" : 1.0,
      "y" : 0.309017,
      "z" : -0.19098301
    }, {
      "x" : 4.736068,
      "y" : 0.309017,
      "z" : -1.618034
    }, {
      "x" : 4.545085,
      "y" : 0.0,
      "z" : -2.118034
    }, {
      "x" : 10.09017,
      "y" : 0.309017,
      "z" : -4.045085
    }, {
      "x" : 1.0,
      "y" : -0.309017,
      "z" : -0.19098301
    }, {
      "x" : 4.736068,
      "y" : -0.309017,
      "z" : -1.618034
    }, {
      "x" : 6.354102,
      "y" : 0.309017,
      "z" : -2.618034
    }, {
      "x" : 6.545085,
      "y" : 0.0,
      "z" : -2.118034
    }, {
      "x" : 11.09017,
      "y" : 0.0,
      "z" : -4.236068
    }, {
      "x" : 6.354102,
      "y" : -0.309017,
      "z" : -2.618034
    }, {
      "x" : 10.281153,
      "y" : 0.0,
      "z" : -3.545085
    }, {
      "x" : 10.09017,
      "y" : -0.309017,
      "z" : -4.045085
    } ],
    "faces" : [ {
      "vertices" : [ 2, 6, 8 ]
    }, {
      "vertices" : [ 4, 12, 10 ]
    }, {
      "vertices" : [ 4, 10, 7 ]
    }, {
      "vertices" : [ 2, 8, 7 ]
    }, {
      "vertices" : [ 3, 10, 6 ]
    }, {
      "vertices" : [ 3, 7, 10 ]
    }, {
      "vertices" : [ 0, 1, 2 ]
    }, {
      "vertices" : [ 0, 2, 3 ]
    }, {
      "vertices" : [ 6, 10, 8 ]
    }, {
      "vertices" : [ 8, 10, 12 ]
    }, {
      "vertices" : [ 8, 12, 11 ]
    }, {
      "vertices" : [ 2, 7, 3 ]
    }, {
      "vertices" : [ 0, 3, 6 ]
    }, {
      "vertices" : [ 0, 6, 5 ]
    }, {
      "vertices" : [ 1, 5, 6 ]
    }, {
      "vertices" : [ 1, 6, 2 ]
    }, {
      "vertices" : [ 4, 7, 8 ]
    }, {
      "vertices" : [ 4, 8, 11 ]
    } ]
  }, {
    "id" : "bd316445-ff2c-4e19-9e84-059a8d8e4542",
    "vertices" : [ {
      "x" : 2.618034,
      "y" : 1.736068,
      "z" : 0.309017
    }, {
      "x" : 4.236068,
      "y" : 2.5,
      "z" : 0.309017
    }, {
      "x" : 4.045085,
      "y" : 2.809017,
      "z" : 0.19098301
    }, {
      "x" : 0.809017,
      "y" : 0.618034,
      "z" : -0.309017
    }, {
      "x" : 0.690983,
      "y" : 0.809017,
      "z" : 0.0
    }, {
      "x" : 2.5,
      "y" : 1.927051,
      "z" : 0.0
    }, {
      "x" : 2.618034,
      "y" : 1.736068,
      "z" : -0.309017
    }, {
      "x" : 6.045085,
      "y" : 3.618034,
      "z" : 0.309017
    }, {
      "x" : 2.809017,
      "y" : 1.427051,
      "z" : 0.19098301
    }, {
      "x" : 2.809017,
      "y" : 1.427051,
      "z" : -0.19098301
    }, {
      "x" : 4.354102,
      "y" : 2.309017,
      "z" : 0.0
    }, {
      "x" : 4.236068,
      "y" : 2.5,
      "z" : -0.309017
    }, {
      "x" : 6.163119,
      "y" : 3.427051,
      "z" : 0.0
    }, {
      "x" : 1.0,
      "y" : 0.309017,
      "z" : 0.19098301
    }, {
      "x" : 1.0,
      "y" : 0.309017,
      "z" : -0.19098301
    }, {
      "x" : 0.809017,
      "y" : 0.618034,
      "z" : 0.309017
    }, {
      "x" : 5.854102,
      "y" : 3.927051,
      "z" : 0.19098301
    }, {
      "x" : 6.045085,
      "y" : 3.618034,
      "z" : -0.309017
    }, {
      "x" : 5.854102,
      "y" : 3.927051,
      "z" : -0.19098301
    }, {
      "x" : 6.854102,
      "y" : 4.236068,
      "z" : 0.0
    }, {
      "x" : 4.045085,
      "y" : 2.809017,
      "z" : -0.19098301
    } ],
    "faces" : [ {
      "vertices" : [ 3, 6, 9 ]
    }, {
      "vertices" : [ 3, 9, 14 ]
    }, {
      "vertices" : [ 11, 20, 18 ]
    }, {
      "vertices" : [ 11, 18, 17 ]
    }, {
      "vertices" : [ 0, 1, 2 ]
    }, {
      "vertices" : [ 0, 15, 13 ]
    }, {
      "vertices" : [ 0, 13, 8 ]
    }, {
      "vertices" : [ 6, 20, 11 ]
    }, {
      "vertices" : [ 0, 2, 5 ]
    }, {
      "vertices" : [ 0, 8, 1 ]
    }, {
      "vertices" : [ 8, 13, 14 ]
    }, {
      "vertices" : [ 8, 14, 9 ]
    }, {
      "vertices" : [ 3, 4, 5 ]
    }, {
      "vertices" : [ 3, 5, 6 ]
    }, {
      "vertices" : [ 10, 11, 17 ]
    }, {
      "vertices" : [ 10, 17, 12 ]
    }, {
      "vertices" : [ 1, 8, 10 ]
    }, {
      "vertices" : [ 0, 5, 4 ]
    }, {
      "vertices" : [ 0, 4, 15 ]
    }, {
      "vertices" : [ 2, 16, 18 ]
    }, {
      "vertices" : [ 2, 18, 20 ]
    }, {
      "vertices" : [ 1, 7, 16 ]
    }, {
      "vertices" : [ 1, 16, 2 ]
    }, {
      "vertices" : [ 6, 11, 9 ]
    }, {
      "vertices" : [ 8, 9, 10 ]
    }, {
      "vertices" : [ 2, 20, 5 ]
    }, {
      "vertices" : [ 9, 11, 10 ]
    }, {
      "vertices" : [ 1, 10, 12 ]
    }, {
      "vertices" : [ 1, 12, 7 ]
    }, {
      "vertices" : [ 5, 20, 6 ]
    } ]
  }, {
    "id" : "b63f45d4-6c2f-4ea5-a2c9-957e6ee30df5",
    "vertices" : [ {
      "x" : 4.736068,
      "y" : 3.045085,
      "z" : 0.309017
    }, {
      "x" : 6.354102,
      "y" : 3.809017,
      "z" : 0.309017
    }, {
      "x" : 6.163119,
      "y" : 4.118034,
      "z" : 0.19098301
    }, {
      "x" : 0.809017,
      "y" : 0.618034,
      "z" : -0.309017
    }, {
      "x" : 0.690983,
      "y" : 0.809017,
      "z" : 0.0
    }, {
      "x" : 4.618034,
      "y" : 3.236068,
      "z" : 0.0
    }, {
      "x" : 4.736068,
      "y" : 3.045085,
      "z" : -0.309017
    }, {
      "x" : 10.281153,
      "y" : 6.236068,
      "z" : 0.309017
    }, {
      "x" : 4.927051,
      "y" : 2.736068,
      "z" : 0.19098301
    }, {
      "x" : 4.927051,
      "y" : 2.736068,
      "z" : -0.19098301
    }, {
      "x" : 6.472136,
      "y" : 3.618034,
      "z" : 0.0
    }, {
      "x" : 6.354102,
      "y" : 3.809017,
      "z" : -0.309017
    }, {
      "x" : 10.399187,
      "y" : 6.045085,
      "z" : 0.0
    }, {
      "x" : 1.0,
      "y" : 0.309017,
      "z" : 0.19098301
    }, {
      "x" : 1.0,
      "y" : 0.309017,
      "z" : -0.19098301
    }, {
      "x" : 0.809017,
      "y" : 0.618034,
      "z" : 0.309017
    }, {
      "x" : 10.09017,
      "y" : 6.545085,
      "z" : 0.19098301
    }, {
      "x" : 10.281153,
      "y" : 6.236068,
      "z" : -0.309017
    }, {
      "x" : 10.09017,
      "y" : 6.545085,
      "z" : -0.19098301
    }, {
      "x" : 11.09017,
      "y" : 6.854102,
      "z" : 0.0
    }, {
      "x" : 6.163119,
      "y" : 4.118034,
      "z" : -0.19098301
    } ],
    "faces" : [ {
      "vertices" : [ 3, 6, 9 ]
    }, {
      "vertices" : [ 3, 9, 14 ]
    }, {
      "vertices" : [ 11, 20, 18 ]
    }, {
      "vertices" : [ 11, 18, 17 ]
    }, {
      "vertices" : [ 0, 1, 2 ]
    }, {
      "vertices" : [ 0, 15, 13 ]
    }, {
      "vertices" : [ 0, 13, 8 ]
    }, {
      "vertices" : [ 6, 20, 11 ]
    }, {
      "vertices" : [ 0, 2, 5 ]
    }, {
      "vertices" : [ 0, 8, 1 ]
    }, {
      "vertices" : [ 8, 13, 14 ]
    }, {
      "vertices" : [ 8, 14, 9 ]
    }, {
      "vertices" : [ 3, 4, 5 ]
    }, {
      "vertices" : [ 3, 5, 6 ]
    }, {
      "vertices" : [ 10, 11, 17 ]
    }, {
      "vertices" : [ 10, 17, 12 ]
    }, {
      "vertices" : [ 1, 8, 10 ]
    }, {
      "vertices" : [ 0, 5, 4 ]
    }, {
      "vertices" : [ 0, 4, 15 ]
    }, {
      "vertices" : [ 2, 16, 18 ]
    }, {
      "vertices" : [ 2, 18, 20 ]
    }, {
      "vertices" : [ 1, 7, 16 ]
    }, {
      "vertices" : [ 1, 16, 2 ]
    }, {
      "vertices" : [ 6, 11, 9 ]
    }, {
      "vertices" : [ 8, 9, 10 ]
    }, {
      "vertices" : [ 2, 20, 5 ]
    }, {
      "vertices" : [ 9, 11, 10 ]
    }, {
      "vertices" : [ 1, 10, 12 ]
    }, {
      "vertices" : [ 1, 12, 7 ]
    }, {
      "vertices" : [ 5, 20, 6 ]
    } ]
  } ],
  "instances" : [ {
    "shape" : "82d6aa3a-fdf5-4ff9-b5d3-97eb12721eb5",
    "color" : "#FFFFFF",
    "position" : {
      "x" : 82.867256,
      "y" : -35.888542,
      "z" : 17.944271
    }
  }, {
    "shape" : "82d6aa3a-fdf5-4ff9-b5d3-97eb12721eb5",
    "color" : "#FFFFFF",
    "position" : {
      "x" : -105.0476,
      "y" : -6.854102,
      "z" : 0.0
    }
  }, {
    "shape" : "95132446-e93b-429b-ab2f-0fce28512780",
    "color" : "#007695",
    "position" : {
      "x" : 6.854102,
      "y" : 29.034441,
      "z" : -64.92299
    },
    "orientation" : 36
  }, {
    "shape" : "a07d8287-f8f4-4c7a-860d-531629e5fc49",
    "color" : "#F0A000",
    "position" : {
      "x" : 22.18034,
      "y" : 58.068882,
      "z" : 0.0
    },
    "orientation" : 16
  }, {
    "shape" : "82d6aa3a-fdf5-4ff9-b5d3-97eb12721eb5",
    "color" : "#FFFFFF",
    "position" : {
      "x" : 6.854102,
      "y" : 105.0476,
      "z" : 17.944271
    }
  }, {
    "shape" : "bd316445-ff2c-4e19-9e84-059a8d8e4542",
    "color" : "#AF0000",
    "position" : {
      "x" : -82.867256,
      "y" : -64.92299,
      "z" : 35.888542
    },
    "orientation" : 47
  }, {
    "shape" : "82d6aa3a-fdf5-4ff9-b5d3-97eb12721eb5",
    "color" : "#FFFFFF",
    "position" : {
      "x" : 64.92299,
      "y" : -29.034441,
      "z" : -87.103325
    }
  }, {
    "shape" : "82d6aa3a-fdf5-4ff9-b5d3-97eb12721eb5",
    "color" : "#FFFFFF",
    "position" : {
      "x" : 40.12461,
      "y" : -87.103325,
      "z" : -46.978714
    }
  }, {
    "shape" : "95132446-e93b-429b-ab2f-0fce28512780",
    "color" : "#007695",
    "position" : {
      "x" : -100.81153,
      "y" : -29.034441,
      "z" : 29.034441
    },
    "orientation" : 55
  }, {
    "shape" : "bd316445-ff2c-4e19-9e84-059a8d8e4542",
    "color" : "#AF0000",
    "position" : {
      "x" : 64.92299,
      "y" : -35.888542,
      "z" : 82.867256
    },
    "orientation" : 30
  }, {
    "shape" : "bd316445-ff2c-4e19-9e84-059a8d8e4542",
    "color" : "#AF0000",
    "position" : {
      "x" : 35.888542,
      "y" : -87.103325,
      "z" : 40.12461
    },
    "orientation" : 16
  }, {
    "shape" : "82d6aa3a-fdf5-4ff9-b5d3-97eb12721eb5",
    "color" : "#FFFFFF",
    "position" : {
      "x" : 35.888542,
      "y" : 87.103325,
      "z" : -40.12461
    }
  }, {
    "shape" : "bd316445-ff2c-4e19-9e84-059a8d8e4542",
    "color" : "#AF0000",
    "position" : {
      "x" : -22.18034,
      "y" : -17.944271,
      "z" : 105.0476
    },
    "orientation" : 30
  }, {
    "shape" : "82d6aa3a-fdf5-4ff9-b5d3-97eb12721eb5",
    "color" : "#FFFFFF",
    "position" : {
      "x" : 69.15905,
      "y" : -29.034441,
      "z" : -35.888542
    }
  }, {
    "shape" : "82d6aa3a-fdf5-4ff9-b5d3-97eb12721eb5",
    "color" : "#FFFFFF",
    "position" : {
      "x" : -17.944271,
      "y" : -105.0476,
      "z" : -35.888542
    }
  }, {
    "shape" : "95132446-e93b-429b-ab2f-0fce28512780",
    "color" : "#007695",
    "position" : {
      "x" : -6.854102,
      "y" : 29.034441,
      "z" : -64.92299
    },
    "orientation" : 24
  }, {
    "shape" : "95132446-e93b-429b-ab2f-0fce28512780",
    "color" : "#007695",
    "position" : {
      "x" : 17.944271,
      "y" : -69.15905,
      "z" : 58.068882
    },
    "orientation" : 38
  }, {
    "shape" : "bd316445-ff2c-4e19-9e84-059a8d8e4542",
    "color" : "#AF0000",
    "position" : {
      "x" : -69.15905,
      "y" : 17.944271,
      "z" : 64.92299
    },
    "orientation" : 17
  }, {
    "shape" : "bd316445-ff2c-4e19-9e84-059a8d8e4542",
    "color" : "#AF0000",
    "position" : {
      "x" : -64.92299,
      "y" : -35.888542,
      "z" : -82.867256
    },
    "orientation" : 46
  }, {
    "shape" : "95132446-e93b-429b-ab2f-0fce28512780",
    "color" : "#007695",
    "position" : {
      "x" : 17.944271,
      "y" : 105.0476,
      "z" : -22.18034
    },
    "orientation" : 26
  }, {
    "shape" : "b63f45d4-6c2f-4ea5-a2c9-957e6ee30df5",
    "color" : "#AF0000",
    "position" : {
      "x" : 17.944271,
      "y" : -82.867256,
      "z" : 35.888542
    },
    "orientation" : 0
  }, {
    "shape" : "82d6aa3a-fdf5-4ff9-b5d3-97eb12721eb5",
    "color" : "#FFFFFF",
    "position" : {
      "x" : 64.92299,
      "y" : 17.944271,
      "z" : 58.068882
    }
  }, {
    "shape" : "a07d8287-f8f4-4c7a-860d-531629e5fc49",
    "color" : "#F0A000",
    "position" : {
      "x" : -93.95743,
      "y" : -58.068882,
      "z" : 22.18034
    },
    "orientation" : 5
  }, {
    "shape" : "82d6aa3a-fdf5-4ff9-b5d3-97eb12721eb5",
    "color" : "#FFFFFF",
    "position" : {
      "x" : -29.034441,
      "y" : -17.944271,
      "z" : 22.18034
    }
  }, {
    "shape" : "82d6aa3a-fdf5-4ff9-b5d3-97eb12721eb5",
    "color" : "#FFFFFF",
    "position" : {
      "x" : 58.068882,
      "y" : -29.034441,
      "z" : -40.12461
    }
  }, {
    "shape" : "a07d8287-f8f4-4c7a-860d-531629e5fc49",
    "color" : "#F0A000",
    "position" : {
      "x" : 87.103325,
      "y" : -64.92299,
      "z" : -29.034441
    },
    "orientation" : 2
  }, {
    "shape" : "a07d8287-f8f4-4c7a-860d-531629e5fc49",
    "color" : "#F0A000",
    "position" : {
      "x" : -64.92299,
      "y" : -64.92299,
      "z" : -6.854102
    },
    "orientation" : 22
  }, {
    "shape" : "a07d8287-f8f4-4c7a-860d-531629e5fc49",
    "color" : "#F0A000",
    "position" : {
      "x" : -35.888542,
      "y" : -76.01315,
      "z" : 69.15905
    },
    "orientation" : 30
  }, {
    "shape" : "82d6aa3a-fdf5-4ff9-b5d3-97eb12721eb5",
    "color" : "#FFFFFF",
    "position" : {
      "x" : 40.12461,
      "y" : 0.0,
      "z" : 6.854102
    }
  }, {
    "shape" : "95132446-e93b-429b-ab2f-0fce28512780",
    "color" : "#007695",
    "position" : {
      "x" : -22.18034,
      "y" : -29.034441,
      "z" : 17.944271
    },
    "orientation" : 10
  }, {
    "shape" : "82d6aa3a-fdf5-4ff9-b5d3-97eb12721eb5",
    "color" : "#FFFFFF",
    "position" : {
      "x" : 46.978714,
      "y" : -35.888542,
      "z" : -40.12461
    }
  }, {
    "shape" : "a07d8287-f8f4-4c7a-860d-531629e5fc49",
    "color" : "#F0A000",
    "position" : {
      "x" : -6.854102,
      "y" : 105.0476,
      "z" : -40.12461
    },
    "orientation" : 38
  }, {
    "shape" : "a07d8287-f8f4-4c7a-860d-531629e5fc49",
    "color" : "#F0A000",
    "position" : {
      "x" : -29.034441,
      "y" : -35.888542,
      "z" : 69.15905
    },
    "orientation" : 22
  }, {
    "shape" : "bd316445-ff2c-4e19-9e84-059a8d8e4542",
    "color" : "#AF0000",
    "position" : {
      "x" : -22.18034,
      "y" : 64.92299,
      "z" : -76.01315
    },
    "orientation" : 45
  }, {
    "shape" : "95132446-e93b-429b-ab2f-0fce28512780",
    "color" : "#007695",
    "position" : {
      "x" : -64.92299,
      "y" : -6.854102,
      "z" : 64.92299
    },
    "orientation" : 1
  }, {
    "shape" : "82d6aa3a-fdf5-4ff9-b5d3-97eb12721eb5",
    "color" : "#FFFFFF",
    "position" : {
      "x" : 6.854102,
      "y" : 0.0,
      "z" : -105.0476
    }
  }, {
    "shape" : "a07d8287-f8f4-4c7a-860d-531629e5fc49",
    "color" : "#F0A000",
    "position" : {
      "x" : -82.867256,
      "y" : -29.034441,
      "z" : -58.068882
    },
    "orientation" : 3
  }, {
    "shape" : "b63f45d4-6c2f-4ea5-a2c9-957e6ee30df5",
    "color" : "#AF0000",
    "position" : {
      "x" : 17.944271,
      "y" : 64.92299,
      "z" : -82.867256
    },
    "orientation" : 15
  }, {
    "shape" : "95132446-e93b-429b-ab2f-0fce28512780",
    "color" : "#007695",
    "position" : {
      "x" : -17.944271,
      "y" : 69.15905,
      "z" : 0.0
    },
    "orientation" : 53
  }, {
    "shape" : "bd316445-ff2c-4e19-9e84-059a8d8e4542",
    "color" : "#AF0000",
    "position" : {
      "x" : -29.034441,
      "y" : 100.81153,
      "z" : -29.034441
    },
    "orientation" : 0
  }, {
    "shape" : "95132446-e93b-429b-ab2f-0fce28512780",
    "color" : "#007695",
    "position" : {
      "x" : -82.867256,
      "y" : -76.01315,
      "z" : 6.854102
    },
    "orientation" : 7
  }, {
    "shape" : "a07d8287-f8f4-4c7a-860d-531629e5fc49",
    "color" : "#F0A000",
    "position" : {
      "x" : 76.01315,
      "y" : -22.18034,
      "z" : -64.92299
    },
    "orientation" : 5
  }, {
    "shape" : "b63f45d4-6c2f-4ea5-a2c9-957e6ee30df5",
    "color" : "#AF0000",
    "position" : {
      "x" : 69.15905,
      "y" : 76.01315,
      "z" : 29.034441
    },
    "orientation" : 45
  }, {
    "shape" : "82d6aa3a-fdf5-4ff9-b5d3-97eb12721eb5",
    "color" : "#FFFFFF",
    "position" : {
      "x" : -58.068882,
      "y" : -64.92299,
      "z" : 17.944271
    }
  }, {
    "shape" : "bd316445-ff2c-4e19-9e84-059a8d8e4542",
    "color" : "#AF0000",
    "position" : {
      "x" : 100.81153,
      "y" : 0.0,
      "z" : -46.978714
    },
    "orientation" : 2
  }, {
    "shape" : "82d6aa3a-fdf5-4ff9-b5d3-97eb12721eb5",
    "color" : "#FFFFFF",
    "position" : {
      "x" : 17.944271,
      "y" : 58.068882,
      "z" : -64.92299
    }
  }, {
    "shape" : "bd316445-ff2c-4e19-9e84-059a8d8e4542",
    "color" : "#AF0000",
    "position" : {
      "x" : -69.15905,
      "y" : 35.888542,
      "z" : 76.01315
    },
    "orientation" : 2
  }, {
    "shape" : "a07d8287-f8f4-4c7a-860d-531629e5fc49",
    "color" : "#F0A000",
    "position" : {
      "x" : -6.854102,
      "y" : 64.92299,
      "z" : -87.103325
    },
    "orientation" : 24
  }, {
    "shape" : "b63f45d4-6c2f-4ea5-a2c9-957e6ee30df5",
    "color" : "#AF0000",
    "position" : {
      "x" : 29.034441,
      "y" : -17.944271,
      "z" : 22.18034
    },
    "orientation" : 31
  }, {
    "shape" : "82d6aa3a-fdf5-4ff9-b5d3-97eb12721eb5",
    "color" : "#FFFFFF",
    "position" : {
      "x" : -64.92299,
      "y" : -17.944271,
      "z" : -58.068882
    }
  }, {
    "shape" : "82d6aa3a-fdf5-4ff9-b5d3-97eb12721eb5",
    "color" : "#FFFFFF",
    "position" : {
      "x" : 17.944271,
      "y" : 29.034441,
      "z" : 105.0476
    }
  }, {
    "shape" : "82d6aa3a-fdf5-4ff9-b5d3-97eb12721eb5",
    "color" : "#FFFFFF",
    "position" : {
      "x" : 69.15905,
      "y" : -17.944271,
      "z" : -64.92299
    }
  }, {
    "shape" : "82d6aa3a-fdf5-4ff9-b5d3-97eb12721eb5",
    "color" : "#FFFFFF",
    "position" : {
      "x" : 35.888542,
      "y" : 64.92299,
      "z" : -17.944271
    }
  }, {
    "shape" : "82d6aa3a-fdf5-4ff9-b5d3-97eb12721eb5",
    "color" : "#FFFFFF",
    "position" : {
      "x" : 0.0,
      "y" : 100.81153,
      "z" : -17.944271
    }
  }, {
    "shape" : "95132446-e93b-429b-ab2f-0fce28512780",
    "color" : "#007695",
    "position" : {
      "x" : -22.18034,
      "y" : 76.01315,
      "z" : 46.978714
    },
    "orientation" : 52
  }, {
    "shape" : "a07d8287-f8f4-4c7a-860d-531629e5fc49",
    "color" : "#F0A000",
    "position" : {
      "x" : -87.103325,
      "y" : -6.854102,
      "z" : 64.92299
    },
    "orientation" : 54
  }, {
    "shape" : "a07d8287-f8f4-4c7a-860d-531629e5fc49",
    "color" : "#F0A000",
    "position" : {
      "x" : 0.0,
      "y" : 82.867256,
      "z" : -6.854102
    },
    "orientation" : 17
  }, {
    "shape" : "b63f45d4-6c2f-4ea5-a2c9-957e6ee30df5",
    "color" : "#AF0000",
    "position" : {
      "x" : -29.034441,
      "y" : 76.01315,
      "z" : 35.888542
    },
    "orientation" : 0
  }, {
    "shape" : "95132446-e93b-429b-ab2f-0fce28512780",
    "color" : "#007695",
    "position" : {
      "x" : -87.103325,
      "y" : -6.854102,
      "z" : -64.92299
    },
    "orientation" : 1
  }, {
    "shape" : "b63f45d4-6c2f-4ea5-a2c9-957e6ee30df5",
    "color" : "#AF0000",
    "position" : {
      "x" : 29.034441,
      "y" : -29.034441,
      "z" : -29.034441
    },
    "orientation" : 1
  }, {
    "shape" : "bd316445-ff2c-4e19-9e84-059a8d8e4542",
    "color" : "#AF0000",
    "position" : {
      "x" : 69.15905,
      "y" : 64.92299,
      "z" : 58.068882
    },
    "orientation" : 32
  }, {
    "shape" : "b63f45d4-6c2f-4ea5-a2c9-957e6ee30df5",
    "color" : "#AF0000",
    "position" : {
      "x" : -76.01315,
      "y" : 0.0,
      "z" : 6.854102
    },
    "orientation" : 2
  }, {
    "shape" : "82d6aa3a-fdf5-4ff9-b5d3-97eb12721eb5",
    "color" : "#FFFFFF",
    "position" : {
      "x" : 29.034441,
      "y" : -58.068882,
      "z" : 82.867256
    }
  }, {
    "shape" : "82d6aa3a-fdf5-4ff9-b5d3-97eb12721eb5",
    "color" : "#FFFFFF",
    "position" : {
      "x" : -46.978714,
      "y" : -40.12461,
      "z" : 87.103325
    }
  }, {
    "shape" : "a07d8287-f8f4-4c7a-860d-531629e5fc49",
    "color" : "#F0A000",
    "position" : {
      "x" : -35.888542,
      "y" : -17.944271,
      "z" : 105.0476
    },
    "orientation" : 30
  }, {
    "shape" : "82d6aa3a-fdf5-4ff9-b5d3-97eb12721eb5",
    "color" : "#FFFFFF",
    "position" : {
      "x" : 105.0476,
      "y" : 35.888542,
      "z" : -17.944271
    }
  }, {
    "shape" : "b63f45d4-6c2f-4ea5-a2c9-957e6ee30df5",
    "color" : "#AF0000",
    "position" : {
      "x" : 58.068882,
      "y" : 82.867256,
      "z" : -29.034441
    },
    "orientation" : 15
  }, {
    "shape" : "95132446-e93b-429b-ab2f-0fce28512780",
    "color" : "#007695",
    "position" : {
      "x" : 58.068882,
      "y" : 17.944271,
      "z" : 69.15905
    },
    "orientation" : 38
  }, {
    "shape" : "82d6aa3a-fdf5-4ff9-b5d3-97eb12721eb5",
    "color" : "#FFFFFF",
    "position" : {
      "x" : 22.18034,
      "y" : 29.034441,
      "z" : 17.944271
    }
  }, {
    "shape" : "bd316445-ff2c-4e19-9e84-059a8d8e4542",
    "color" : "#AF0000",
    "position" : {
      "x" : 35.888542,
      "y" : 93.95743,
      "z" : 35.888542
    },
    "orientation" : 31
  }, {
    "shape" : "82d6aa3a-fdf5-4ff9-b5d3-97eb12721eb5",
    "color" : "#FFFFFF",
    "position" : {
      "x" : -64.92299,
      "y" : -87.103325,
      "z" : -6.854102
    }
  }, {
    "shape" : "bd316445-ff2c-4e19-9e84-059a8d8e4542",
    "color" : "#AF0000",
    "position" : {
      "x" : -35.888542,
      "y" : -82.867256,
      "z" : 64.92299
    },
    "orientation" : 1
  }, {
