{
  "field" : "golden",
  "symmetry" : "icosahedral",
  "orientations" : [ [ 1.0, 0.0, 0.0, 0.0, 0.0, 1.0, 0.0, 0.0, 0.0, 0.0, 1.0, 0.0, 0.0, 0.0, 0.0, 1.0 ], [ 0.0, 0.0, 1.0, 0.0, 1.0, 0.0, 0.0, 0.0, 0.0, 1.0, 0.0, 0.0, 0.0, 0.0, 0.0, 1.0 ], [ 0.0, 1.0, 0.0, 0.0, 0.0, 0.0, 1.0, 0.0, 1.0, 0.0, 0.0, 0.0, 0.0, 0.0, 0.0, 1.0 ], [ 0.809017, 0.309017, 0.5, 0.0, 0.309017, 0.5, -0.809017, 0.0, -0.5, 0.809017, 0.309017, 0.0, 0.0, 0.0, 0.0, 1.0 ], [ -0.5, 0.809017, 0.309017, 0.0, 0.809017, 0.309017, 0.5, 0.0, 0.309017, 0.5, -0.809017, 0.0, 0.0, 0.0, 0.0, 1.0 ], [ 0.309017, 0.5, -0.809017, 0.0, -0.5, 0.809017, 0.309017, 0.0, 0.809017, 0.309017, 0.5, 0.0, 0.0, 0.0, 0.0, 1.0 ], [ 0.5, 0.809017, 0.309017, 0.0, 0.809017, -0.309017, -0.5, 0.0, -0.309017, 0.5, -0.809017, 0.0, 0.0, 0.0, 0.0, 1.0 ], [ -0.309017, 0.5, -0.809017, 0.0, 0.5, 0.809017, 0.309017, 0.0, 0.809017, -0.309017, -0.5, 0.0, 0.0, 0.0, 0.0, 1.0 ], [ 0.809017, -0.309017, -0.5, 0.0, -0.309017, 0.5, -0.809017, 0.0, 0.5, 0.809017, 0.309017, 0.0, 0.0, 0.0, 0.0, 1.0 ], [ 0.5, 0.809017, -0.309017, 0.0, 0.809017, -0.309017, 0.5, 0.0, 0.309017, -0.5, -0.809017, 0.0, 0.0, 0.0, 0.0, 1.0 ], [ 0.309017, -0.5, -0.809017, 0.0, 0.5, 0.809017, -0.309017, 0.0, 0.809017, -0.309017, 0.5, 0.0, 0.0, 0.0, 0.0, 1.0 ], [ 0.809017, -0.309017, 0.5, 0.0, 0.309017, -0.5, -0.809017, 0.0, 0.5, 0.809017, -0.309017, 0.0, 0.0, 0.0, 0.0, 1.0 ], [ 0.809017, 0.309017, -0.5, 0.0, 0.309017, 0.5, 0.809017, 0.0, 0.5, -0.809017, 0.309017, 0.0, 0.0, 0.0, 0.0, 1.0 ], [ 0.5, -0.809017, 0.309017, 0.0, 0.809017, 0.309017, -0.5, 0.0, 0.309017, 0.5, 0.809017, 0.0, 0.0, 0.0, 0.0, 1.0 ], [ 0.309017, 0.5, 0.809017, 0.0, 0.5, -0.809017, 0.309017, 0.0, 0.809017, 0.309017, -0.5, 0.0, 0.0, 0.0, 0.0, 1.0 ], [ 1.0, 0.0, 0.0, 0.0, 0.0, -1.0, 0.0, 0.0, 0.0, 0.0, -1.0, 0.0, 0.0, 0.0, 0.0, 1.0 ], [ 0.0, 0.0, 1.0, 0.0, -1.0, 0.0, 0.0, 0.0, 0.0, -1.0, 0.0, 0.0, 0.0, 0.0, 0.0, 1.0 ], [ 0.0, 1.0, 0.0, 0.0, 0.0, 0.0, -1.0, 0.0, -1.0, 0.0, 0.0, 0.0, 0.0, 0.0, 0.0, 1.0 ], [ 0.809017, 0.309017, 0.5, 0.0, -0.309017, -0.5, 0.809017, 0.0, 0.5, -0.809017, -0.309017, 0.0, 0.0, 0.0, 0.0, 1.0 ], [ -0.5, 0.809017, 0.309017, 0.0, -0.809017, -0.309017, -0.5, 0.0, -0.309017, -0.5, 0.809017, 0.0, 0.0, 0.0, 0.0, 1.0 ], [ 0.309017, 0.5, -0.809017, 0.0, 0.5, -0.809017, -0.309017, 0.0, -0.809017, -0.309017, -0.5, 0.0, 0.0, 0.0, 0.0, 1.0 ], [ 0.5, 0.809017, 0.309017, 0.0, -0.809017, 0.309017, 0.5, 0.0, 0.309017, -0.5, 0.809017, 0.0, 0.0, 0.0, 0.0, 1.0 ], [ -0.309017, 0.5, -0.809017, 0.0, -0.5, -0.809017, -0.309017, 0.0, -0.809017, 0.309017, 0.5, 0.0, 0.0, 0.0, 0.0, 1.0 ], [ 0.809017, -0.309017, -0.5, 0.0, 0.309017, -0.5, 0.809017, 0.0, -0.5, -0.809017, -0.309017, 0.0, 0.0, 0.0, 0.0, 1.0 ], [ 0.5, 0.809017, -0.309017, 0.0, -0.809017, 0.309017, -0.5, 0.0, -0.309017, 0.5, 0.809017, 0.0, 0.0, 0.0, 0.0, 1.0 ], [ 0.309017, -0.5, -0.809017, 0.0, -0.5, -0.809017, 0.309017, 0.0, -0.809017, 0.309017, -0.5, 0.0, 0.0, 0.0, 0.0, 1.0 ], [ 0.809017, -0.309017, 0.5, 0.0, -0.309017, 0.5, 0.809017, 0.0, -0.5, -0.809017, 0.309017, 0.0, 0.0, 0.0, 0.0, 1.0 ], [ 0.809017, 0.309017, -0.5, 0.0, -0.309017, -0.5, -0.809017, 0.0, -0.5, 0.809017, -0.309017, 0.0, 0.0, 0.0, 0.0, 1.0 ], [ 0.5, -0.809017, 0.309017, 0.0, -0.809017, -0.309017, 0.5, 0.0, -0.309017, -0.5, -0.809017, 0.0, 0.0, 0.0, 0.0, 1.0 ], [ 0.309017, 0.5, 0.809017, 0.0, -0.5, 0.809017, -0.309017, 0.0, -0.809017, -0.309017, 0.5, 0.0, 0.0, 0.0, 0.0, 1.0 ], [ -1.0, 0.0, 0.0, 0.0, 0.0, -1.0, 0.0, 0.0, 0.0, 0.0, 1.0, 0.0, 0.0, 0.0, 0.0, 1.0 ], [ 0.0, 0.0, -1.0, 0.0, -1.0, 0.0, 0.0, 0.0, 0.0, 1.0, 0.0, 0.0, 0.0, 0.0, 0.0, 1.0 ], [ 0.0, -1.0, 0.0, 0.0, 0.0, 0.0, -1.0, 0.0, 1.0, 0.0, 0.0, 0.0, 0.0, 0.0, 0.0, 1.0 ], [ -0.809017, -0.309017, -0.5, 0.0, -0.309017, -0.5, 0.809017, 0.0, -0.5, 0.809017, 0.309017, 0.0, 0.0, 0.0, 0.0, 1.0 ], [ 0.5, -0.809017, -0.309017, 0.0, -0.809017, -0.309017, -0.5, 0.0, 0.309017, 0.5, -0.809017, 0.0, 0.0, 0.0, 0.0, 1.0 ], [ -0.309017, -0.5, 0.809017, 0.0, 0.5, -0.809017, -0.309017, 0.0, 0.809017, 0.309017, 0.5, 0.0, 0.0, 0.0, 0.0, 1.0 ], [ -0.5, -0.809017, -0.309017, 0.0, -0.809017, 0.309017, 0.5, 0.0, -0.309017, 0.5, -0.809017, 0.0, 0.0, 0.0, 0.0, 1.0 ], [ 0.309017, -0.5, 0.809017, 0.0, -0.5, -0.809017, -0.309017, 0.0, 0.809017, -0.309017, -0.5, 0.0, 0.0, 0.0, 0.0, 1.0 ], [ -0.809017, 0.309017, 0.5, 0.0, 0.309017, -0.5, 0.809017, 0.0, 0.5, 0.809017, 0.309017, 0.0, 0.0, 0.0, 0.0, 1.0 ], [ -0.5, -0.809017, 0.309017, 0.0, -0.809017, 0.309017, -0.5, 0.0, 0.309017, -0.5, -0.809017, 0.0, 0.0, 0.0, 0.0, 1.0 ], [ -0.309017, 0.5, 0.809017, 0.0, -0.5, -0.809017, 0.309017, 0.0, 0.809017, -0.309017, 0.5, 0.0, 0.0, 0.0, 0.0, 1.0 ], [ -0.809017, 0.309017, -0.5, 0.0, -0.309017, 0.5, 0.809017, 0.0, 0.5, 0.809017, -0.309017, 0.0, 0.0, 0.0, 0.0, 1.0 ], [ -0.809017, -0.309017, 0.5, 0.0, -0.309017, -0.5, -0.809017, 0.0, 0.5, -0.809017, 0.309017, 0.0, 0.0, 0.0, 0.0, 1.0 ], [ -0.5, 0.809017, -0.309017, 0.0, -0.809017, -0.309017, 0.5, 0.0, 0.309017, 0.5, 0.809017, 0.0, 0.0, 0.0, 0.0, 1.0 ], [ -0.309017, -0.5, -0.809017, 0.0, -0.5, 0.809017, -0.309017, 0.0, 0.809017, 0.309017, -0.5, 0.0, 0.0, 0.0, 0.0, 1.0 ], [ -1.0, 0.0, 0.0, 0.0, 0.0, 1.0, 0.0, 0.0, 0.0, 0.0, -1.0, 0.0, 0.0, 0.0, 0.0, 1.0 ], [ 0.0, 0.0, -1.0, 0.0, 1.0, 0.0, 0.0, 0.0, 0.0, -1.0, 0.0, 0.0, 0.0, 0.0, 0.0, 1.0 ], [ 0.0, -1.0, 0.0, 0.0, 0.0, 0.0, 1.0, 0.0, -1.0, 0.0, 0.0, 0.0, 0.0, 0.0, 0.0, 1.0 ], [ -0.809017, -0.309017, -0.5, 0.0, 0.309017, 0.5, -0.809017, 0.0, 0.5, -0.809017, -0.309017, 0.0, 0.0, 0.0, 0.0, 1.0 ], [ 0.5, -0.809017, -0.309017, 0.0, 0.809017, 0.309017, 0.5, 0.0, -0.309017, -0.5, 0.809017, 0.0, 0.0, 0.0, 0.0, 1.0 ], [ -0.309017, -0.5, 0.809017, 0.0, -0.5, 0.809017, 0.309017, 0.0, -0.809017, -0.309017, -0.5, 0.0, 0.0, 0.0, 0.0, 1.0 ], [ -0.5, -0.809017, -0.309017, 0.0, 0.809017, -0.309017, -0.5, 0.0, 0.309017, -0.5, 0.809017, 0.0, 0.0, 0.0, 0.0, 1.0 ], [ 0.309017, -0.5, 0.809017, 0.0, 0.5, 0.809017, 0.309017, 0.0, -0.809017, 0.309017, 0.5, 0.0, 0.0, 0.0, 0.0, 1.0 ], [ -0.809017, 0.309017, 0.5, 0.0, -0.309017, 0.5, -0.809017, 0.0, -0.5, -0.809017, -0.309017, 0.0, 0.0, 0.0, 0.0, 1.0 ], [ -0.5, -0.809017, 0.309017, 0.0, 0.809017, -0.309017, 0.5, 0.0, -0.309017, 0.5, 0.809017, 0.0, 0.0, 0.0, 0.0, 1.0 ], [ -0.309017, 0.5, 0.809017, 0.0, 0.5, 0.809017, -0.309017, 0.0, -0.809017, 0.309017, -0.5, 0.0, 0.0, 0.0, 0.0, 1.0 ], [ -0.809017, 0.309017, -0.5, 0.0, 0.309017, -0.5, -0.809017, 0.0, -0.5, -0.809017, 0.309017, 0.0, 0.0, 0.0, 0.0, 1.0 ], [ -0.809017, -0.309017, 0.5, 0.0, 0.309017, 0.5, 0.809017, 0.0, -0.5, 0.809017, -0.309017, 0.0, 0.0, 0.0, 0.0, 1.0 ], [ -0.5, 0.809017, -0.309017, 0.0, 0.809017, 0.309017, -0.5, 0.0, -0.309017, -0.5, -0.809017, 0.0, 0.0, 0.0, 0.0, 1.0 ], [ -0.309017, -0.5, -0.809017, 0.0, 0.5, -0.809017, 0.309017, 0.0, -0.809017, -0.309017, 0.5, 0.0, 0.0, 0.0, 0.0, 1.0 ] ],
  "lights" : {
    "backgroundColor" : "#AFC8DC",
    "ambientColor" : "#292929",
    "directionalLights" : [ {
      "direction" : {
        "x" : 1.0,
        "y" : -1.0,
        "z" : -1.0
      },
      "color" : "#EBEBE4"
    }, {
      "direction" : {
        "x" : -1.0,
        "y" : 0.0,
        "z" : 0.0
      },
      "color" : "#E4E4EB"
    }, {
      "direction" : {
        "x" : 0.0,
        "y" : 0.0,
        "z" : -1.0
      },
      "color" : "#1E1E1E"
    } ]
  },
  "camera" : {
    "viewDistance" : 246.87433,
    "nearClipDistance" : 0.61718637,
    "farClipDistance" : 493.74847,
    "lookAtPoint" : {
      "x" : 0.0,
      "y" : 0.0,
      "z" : 0.0
    },
    "fieldOfView" : 0.44262907,
    "perspective" : true,
    "lookDirection" : {
      "x" : -0.4831654,
      "y" : 0.8120422,
      "z" : 0.32730898
    },
    "upDirection" : {
      "x" : 0.87134165,
      "y" : 0.40949115,
      "z" : 0.27032158
    },
    "width" : 111.0935,
    "stereo" : false,
    "position" : {
      "x" : 119.281136,
      "y" : -200.47237,
      "z" : -80.804184
    }
  },
  "embedding" : [ 1.0, 0.0, 0.0, 0.0, 0.0, 1.0, 0.0, 0.0, 0.0, 0.0, 1.0, 0.0, 0.0, 0.0, 0.0, 1.0 ],
  "shapes" : [ {
    "id" : "9a344fa9-b742-4657-abdf-8a3019510cd6",
    "vertices" : [ {
      "x" : 0.309017,
      "y" : -0.809017,
      "z" : 0.618034
    }, {
      "x" : 0.809017,
      "y" : -0.618034,
      "z" : 0.309017
    }, {
      "x" : 0.618034,
      "y" : -0.309017,
      "z" : 0.809017
    }, {
      "x" : 1.0,
      "y" : 0.309017,
      "z" : 0.19098301
    }, {
      "x" : 0.809017,
      "y" : 0.618034,
      "z" : 0.309017
    }, {
      "x" : 0.618034,
      "y" : 0.309017,
      "z" : 0.809017
    }, {
      "x" : 0.809017,
      "y" : 0.0,
      "z" : 0.690983
    }, {
      "x" : 0.19098301,
      "y" : -1.0,
      "z" : 0.309017
    }, {
      "x" : -0.19098301,
      "y" : -1.0,
      "z" : 0.309017
    }, {
      "x" : -0.19098301,
      "y" : -1.0,
      "z" : -0.309017
    }, {
      "x" : 0.19098301,
      "y" : -1.0,
      "z" : -0.309017
    }, {
      "x" : 1.0,
      "y" : -0.309017,
      "z" : -0.19098301
    }, {
      "x" : 0.809017,
      "y" : -0.618034,
      "z" : -0.309017
    }, {
      "x" : 0.618034,
      "y" : -0.309017,
      "z" : -0.809017
    }, {
      "x" : 0.809017,
      "y" : 0.0,
      "z" : -0.690983
    }, {
      "x" : 0.0,
      "y" : 0.690983,
      "z" : -0.809017
    }, {
      "x" : 0.309017,
      "y" : 0.809017,
      "z" : -0.618034
    }, {
      "x" : 0.618034,
      "y" : 0.309017,
      "z" : -0.809017
    }, {
      "x" : 0.309017,
      "y" : 0.19098301,
      "z" : -1.0
    }, {
      "x" : 1.0,
      "y" : 0.309017,
      "z" : -0.19098301
    }, {
      "x" : -0.309017,
      "y" : -0.809017,
      "z" : 0.618034
    }, {
      "x" : 0.0,
      "y" : -0.690983,
      "z" : 0.809017
    }, {
      "x" : 0.809017,
      "y" : 0.618034,
      "z" : -0.309017
    }, {
      "x" : 0.690983,
      "y" : 0.809017,
      "z" : 0.0
    }, {
      "x" : -0.690983,
      "y" : 0.809017,
      "z" : 0.0
    }, {
      "x" : -0.809017,
      "y" : 0.618034,
      "z" : 0.309017
    }, {
      "x" : -0.309017,
      "y" : 0.809017,
      "z" : 0.618034
    }, {
      "x" : -0.19098301,
      "y" : 1.0,
      "z" : 0.309017
    }, {
      "x" : 0.309017,
      "y" : -0.19098301,
      "z" : -1.0
    }, {
      "x" : 0.19098301,
      "y" : 1.0,
      "z" : 0.309017
    }, {
      "x" : 0.309017,
      "y" : 0.809017,
      "z" : 0.618034
    }, {
      "x" : -0.809017,
      "y" : -0.618034,
      "z" : 0.309017
    }, {
      "x" : -0.690983,
      "y" : -0.809017,
      "z" : 0.0
    }, {
      "x" : 0.0,
      "y" : 0.690983,
      "z" : 0.809017
    }, {
      "x" : 0.309017,
      "y" : -0.809017,
      "z" : -0.618034
    }, {
      "x" : 0.0,
      "y" : -0.690983,
      "z" : -0.809017
    }, {
      "x" : -1.0,
      "y" : 0.309017,
      "z" : 0.19098301
    }, {
      "x" : -0.809017,
      "y" : 0.0,
      "z" : 0.690983
    }, {
      "x" : -0.618034,
      "y" : 0.309017,
      "z" : 0.809017
    }, {
      "x" : 1.0,
      "y" : -0.309017,
      "z" : 0.19098301
    }, {
      "x" : -0.309017,
      "y" : -0.809017,
      "z" : -0.618034
    }, {
      "x" : -1.0,
      "y" : 0.309017,
      "z" : -0.19098301
    }, {
      "x" : -1.0,
      "y" : -0.309017,
      "z" : -0.19098301
    }, {
      "x" : -1.0,
      "y" : -0.309017,
      "z" : 0.19098301
    }, {
      "x" : 0.19098301,
      "y" : 1.0,
      "z" : -0.309017
    }, {
      "x" : -0.809017,
      "y" : 0.618034,
      "z" : -0.309017
    }, {
      "x" : -0.19098301,
      "y" : 1.0,
      "z" : -0.309017
    }, {
      "x" : -0.309017,
      "y" : 0.809017,
      "z" : -0.618034
    }, {
      "x" : -0.618034,
      "y" : -0.309017,
      "z" : 0.809017
    }, {
      "x" : 0.309017,
      "y" : 0.19098301,
      "z" : 1.0
    }, {
      "x" : -0.309017,
      "y" : 0.19098301,
      "z" : -1.0
    }, {
      "x" : -0.309017,
      "y" : 0.19098301,
      "z" : 1.0
    }, {
      "x" : -0.309017,
      "y" : -0.19098301,
      "z" : 1.0
    }, {
      "x" : 0.309017,
      "y" : -0.19098301,
      "z" : 1.0
    }, {
      "x" : 0.690983,
      "y" : -0.809017,
      "z" : 0.0
    }, {
      "x" : -0.809017,
      "y" : 0.0,
      "z" : -0.690983
    }, {
      "x" : -0.618034,
      "y" : -0.309017,
      "z" : -0.809017
    }, {
      "x" : -0.309017,
      "y" : -0.19098301,
      "z" : -1.0
    }, {
      "x" : -0.618034,
      "y" : 0.309017,
      "z" : -0.809017
    }, {
      "x" : -0.809017,
      "y" : -0.618034,
      "z" : -0.309017
    } ],
    "faces" : [ {
      "vertices" : [ 9, 40, 35 ]
    }, {
      "vertices" : [ 9, 35, 34 ]
    }, {
      "vertices" : [ 9, 34, 10 ]
    }, {
      "vertices" : [ 0, 1, 2 ]
    }, {
      "vertices" : [ 33, 51, 49 ]
    }, {
      "vertices" : [ 25, 36, 37 ]
    }, {
      "vertices" : [ 25, 37, 38 ]
    }, {
      "vertices" : [ 41, 55, 42 ]
    }, {
      "vertices" : [ 9, 32, 59 ]
    }, {
      "vertices" : [ 9, 59, 40 ]
    }, {
      "vertices" : [ 20, 21, 52 ]
    }, {
      "vertices" : [ 20, 52, 48 ]
    }, {
      "vertices" : [ 26, 33, 30 ]
    }, {
      "vertices" : [ 26, 30, 29 ]
    }, {
      "vertices" : [ 26, 29, 27 ]
    }, {
      "vertices" : [ 3, 4, 5 ]
    }, {
      "vertices" : [ 3, 5, 6 ]
    }, {
      "vertices" : [ 27, 29, 44 ]
    }, {
      "vertices" : [ 27, 44, 46 ]
    }, {
      "vertices" : [ 50, 57, 56 ]
    }, {
      "vertices" : [ 50, 56, 55 ]
    }, {
      "vertices" : [ 50, 55, 58 ]
    }, {
      "vertices" : [ 26, 38, 51 ]
    }, {
      "vertices" : [ 26, 51, 33 ]
    }, {
      "vertices" : [ 45, 47, 58 ]
    }, {
      "vertices" : [ 18, 28, 57 ]
    }, {
      "vertices" : [ 18, 57, 50 ]
    }, {
      "vertices" : [ 40, 59, 56 ]
    }, {
      "vertices" : [ 31, 48, 37 ]
    }, {
      "vertices" : [ 31, 37, 43 ]
    }, {
      "vertices" : [ 7, 8, 9 ]
    }, {
      "vertices" : [ 7, 9, 10 ]
    }, {
      "vertices" : [ 36, 41, 42 ]
    }, {
      "vertices" : [ 36, 42, 43 ]
    }, {
      "vertices" : [ 24, 46, 47 ]
    }, {
      "vertices" : [ 24, 47, 45 ]
    }, {
      "vertices" : [ 4, 30, 5 ]
    }, {
      "vertices" : [ 15, 47, 46 ]
    }, {
      "vertices" : [ 15, 46, 44 ]
    }, {
      "vertices" : [ 15, 44, 16 ]
    }, {
      "vertices" : [ 15, 50, 58 ]
    }, {
      "vertices" : [ 15, 58, 47 ]
    }, {
      "vertices" : [ 24, 45, 41 ]
    }, {
      "vertices" : [ 24, 41, 36 ]
    }, {
      "vertices" : [ 24, 36, 25 ]
    }, {
      "vertices" : [ 11, 14, 19 ]
    }, {
      "vertices" : [ 3, 6, 39 ]
    }, {
      "vertices" : [ 1, 39, 6 ]
    }, {
      "vertices" : [ 1, 6, 2 ]
    }, {
      "vertices" : [ 8, 32, 9 ]
    }, {
      "vertices" : [ 11, 12, 13 ]
    }, {
      "vertices" : [ 11, 13, 14 ]
    }, {
      "vertices" : [ 16, 22, 17 ]
    }, {
      "vertices" : [ 0, 21, 20 ]
    }, {
      "vertices" : [ 0, 20, 8 ]
    }, {
      "vertices" : [ 0, 8, 7 ]
    }, {
      "vertices" : [ 12, 34, 13 ]
    }, {
      "vertices" : [ 35, 40, 56 ]
    }, {
      "vertices" : [ 35, 56, 57 ]
    }, {
      "vertices" : [ 0, 7, 54 ]
    }, {
      "vertices" : [ 0, 54, 1 ]
    }, {
      "vertices" : [ 15, 16, 17 ]
    }, {
      "vertices" : [ 15, 17, 18 ]
    }, {
      "vertices" : [ 3, 19, 22 ]
    }, {
      "vertices" : [ 3, 22, 23 ]
    }, {
      "vertices" : [ 3, 23, 4 ]
    }, {
      "vertices" : [ 7, 10, 54 ]
    }, {
      "vertices" : [ 41, 45, 58 ]
    }, {
      "vertices" : [ 41, 58, 55 ]
    }, {
      "vertices" : [ 3, 39, 11 ]
    }, {
      "vertices" : [ 3, 11, 19 ]
    }, {
      "vertices" : [ 14, 17, 22 ]
    }, {
      "vertices" : [ 14, 22, 19 ]
    }, {
      "vertices" : [ 0, 2, 53 ]
    }, {
      "vertices" : [ 0, 53, 21 ]
    }, {
      "vertices" : [ 49, 51, 52 ]
    }, {
      "vertices" : [ 49, 52, 53 ]
    }, {
      "vertices" : [ 31, 43, 42 ]
    }, {
      "vertices" : [ 31, 42, 59 ]
    }, {
      "vertices" : [ 31, 59, 32 ]
    }, {
      "vertices" : [ 15, 18, 50 ]
    }, {
      "vertices" : [ 42, 55, 56 ]
    }, {
      "vertices" : [ 42, 56, 59 ]
    }, {
      "vertices" : [ 4, 23, 29 ]
    }, {
      "vertices" : [ 4, 29, 30 ]
    }, {
      "vertices" : [ 25, 38, 26 ]
    }, {
      "vertices" : [ 13, 28, 18 ]
    }, {
      "vertices" : [ 13, 18, 17 ]
    }, {
      "vertices" : [ 13, 17, 14 ]
    }, {
      "vertices" : [ 8, 20, 31 ]
    }, {
      "vertices" : [ 8, 31, 32 ]
    }, {
      "vertices" : [ 23, 44, 29 ]
    }, {
      "vertices" : [ 24, 27, 46 ]
    }, {
      "vertices" : [ 37, 48, 52 ]
    }, {
      "vertices" : [ 37, 52, 51 ]
    }, {
      "vertices" : [ 37, 51, 38 ]
    }, {
      "vertices" : [ 20, 48, 31 ]
    }, {
      "vertices" : [ 24, 25, 26 ]
    }, {
      "vertices" : [ 24, 26, 27 ]
    }, {
      "vertices" : [ 16, 44, 23 ]
    }, {
      "vertices" : [ 16, 23, 22 ]
    }, {
      "vertices" : [ 13, 34, 35 ]
    }, {
      "vertices" : [ 13, 35, 28 ]
    }, {
      "vertices" : [ 10, 34, 12 ]
    }, {
      "vertices" : [ 10, 12, 54 ]
    }, {
      "vertices" : [ 2, 6, 5 ]
    }, {
      "vertices" : [ 2, 5, 49 ]
    }, {
      "vertices" : [ 2, 49, 53 ]
    }, {
      "vertices" : [ 36, 43, 37 ]
    }, {
      "vertices" : [ 5, 30, 33 ]
    }, {
      "vertices" : [ 5, 33, 49 ]
    }, {
      "vertices" : [ 1, 54, 12 ]
    }, {
      "vertices" : [ 1, 12, 11 ]
    }, {
      "vertices" : [ 1, 11, 39 ]
    }, {
      "vertices" : [ 28, 35, 57 ]
    }, {
      "vertices" : [ 21, 53, 52 ]
    } ]
  }, {
    "id" : "bcb98a1b-c3c8-42b1-892a-21d0a53aed76",
    "vertices" : [ {
      "x" : 1.0,
      "y" : -0.309017,
      "z" : -0.19098301
    }, {
      "x" : 0.809017,
      "y" : 0.0,
      "z" : -0.690983
    }, {
      "x" : 1.0,
      "y" : 0.309017,
      "z" : -0.19098301
    }, {
      "x" : 1.809017,
      "y" : 0.0,
      "z" : -0.309017
    }, {
      "x" : 1.618034,
      "y" : 0.309017,
      "z" : -0.809017
    }, {
      "x" : 2.0,
      "y" : 0.309017,
      "z" : -0.19098301
    }, {
      "x" : 1.809017,
      "y" : 0.618034,
      "z" : -0.690983
    }, {
      "x" : 5.854102,
      "y" : 0.690983,
      "z" : -1.427051
    }, {
      "x" : 5.663119,
      "y" : 1.0,
      "z" : -1.927051
    }, {
      "x" : 6.045085,
      "y" : 1.0,
      "z" : -1.309017
    }, {
      "x" : 5.854102,
      "y" : 1.309017,
      "z" : -1.809017
    }, {
      "x" : 6.663119,
      "y" : 1.0,
      "z" : -1.927051
    }, {
      "x" : 6.854102,
      "y" : 1.309017,
      "z" : -1.427051
    }, {
      "x" : 6.663119,
      "y" : 1.618034,
      "z" : -1.927051
    }, {
      "x" : 7.663119,
      "y" : 1.309017,
      "z" : -2.118034
    } ],
    "faces" : [ {
      "vertices" : [ 8, 13, 11 ]
    }, {
      "vertices" : [ 2, 5, 9 ]
    }, {
      "vertices" : [ 2, 9, 10 ]
    }, {
      "vertices" : [ 2, 10, 6 ]
    }, {
      "vertices" : [ 3, 4, 8 ]
    }, {
      "vertices" : [ 3, 8, 11 ]
    }, {
      "vertices" : [ 3, 11, 7 ]
    }, {
      "vertices" : [ 0, 2, 1 ]
    }, {
      "vertices" : [ 11, 13, 12 ]
    }, {
      "vertices" : [ 0, 5, 2 ]
    }, {
      "vertices" : [ 0, 3, 5 ]
    }, {
      "vertices" : [ 0, 1, 4 ]
    }, {
      "vertices" : [ 0, 4, 3 ]
    }, {
      "vertices" : [ 1, 2, 6 ]
    }, {
      "vertices" : [ 1, 6, 4 ]
    }, {
      "vertices" : [ 9, 12, 13 ]
    }, {
      "vertices" : [ 9, 13, 10 ]
    }, {
      "vertices" : [ 3, 7, 9 ]
    }, {
      "vertices" : [ 3, 9, 5 ]
    }, {
      "vertices" : [ 7, 12, 9 ]
    }, {
      "vertices" : [ 4, 6, 10 ]
    }, {
      "vertices" : [ 4, 10, 8 ]
    }, {
      "vertices" : [ 7, 11, 12 ]
    }, {
      "vertices" : [ 8, 10, 13 ]
    } ]
  }, {
    "id" : "b988bc3d-cc61-4c81-a73b-cbf035b4735c",
    "vertices" : [ {
      "x" : 7.472136,
      "y" : 0.309017,
      "z" : 0.19098301
    }, {
      "x" : 7.472136,
      "y" : 0.309017,
      "z" : -0.19098301
    }, {
      "x" : 1.0,
      "y" : 0.309017,
      "z" : -0.19098301
    }, {
      "x" : 1.0,
      "y" : 0.309017,
      "z" : 0.19098301
    }, {
      "x" : 7.472136,
      "y" : -0.309017,
      "z" : 0.19098301
    }, {
      "x" : 1.0,
      "y" : -0.309017,
      "z" : 0.19098301
    }, {
      "x" : 1.0,
      "y" : -0.309017,
      "z" : -0.19098301
    }, {
      "x" : 7.472136,
      "y" : -0.309017,
      "z" : -0.19098301
    }, {
      "x" : 8.472136,
      "y" : 0.0,
      "z" : 0.0
    } ],
    "faces" : [ {
      "vertices" : [ 1, 7, 6 ]
    }, {
      "vertices" : [ 1, 6, 2 ]
    }, {
      "vertices" : [ 0, 1, 2 ]
    }, {
      "vertices" : [ 0, 2, 3 ]
    }, {
      "vertices" : [ 4, 5, 6 ]
    }, {
      "vertices" : [ 4, 6, 7 ]
    }, {
      "vertices" : [ 0, 3, 5 ]
    }, {
      "vertices" : [ 0, 5, 4 ]
    } ]
  }, {
    "id" : "6812564a-6e7d-4870-9105-81743e06e19a",
    "vertices" : [ {
      "x" : 5.854102,
      "y" : 2.309017,
      "z" : -0.19098301
    }, {
      "x" : 6.163119,
      "y" : 1.809017,
      "z" : 0.0
    }, {
      "x" : 5.236068,
      "y" : 1.690983,
      "z" : 0.19098301
    }, {
      "x" : 5.236068,
      "y" : 1.690983,
      "z" : -0.19098301
    }, {
      "x" : 5.236068,
      "y" : 2.309017,
      "z" : 0.19098301
    }, {
      "x" : 6.045085,
      "y" : 2.0,
      "z" : -0.309017
    }, {
      "x" : 1.618034,
      "y" : 0.309017,
      "z" : 0.19098301
    }, {
      "x" : 1.618034,
      "y" : 0.927051,
      "z" : 0.19098301
    }, {
      "x" : 0.809017,
      "y" : 0.618034,
      "z" : 0.309017
    }, {
      "x" : 5.854102,
      "y" : 2.309017,
      "z" : 0.19098301
    }, {
      "x" : 1.0,
      "y" : 0.309017,
      "z" : -0.19098301
    }, {
      "x" : 1.618034,
      "y" : 0.309017,
      "z" : -0.19098301
    }, {
      "x" : 1.0,
      "y" : 0.309017,
      "z" : 0.19098301
    }, {
      "x" : 6.045085,
      "y" : 2.0,
      "z" : 0.309017
    }, {
      "x" : 5.236068,
      "y" : 2.309017,
      "z" : -0.19098301
    }, {
      "x" : 1.618034,
      "y" : 0.927051,
      "z" : -0.19098301
    }, {
      "x" : 0.690983,
      "y" : 0.809017,
      "z" : 0.0
    }, {
      "x" : 0.809017,
      "y" : 0.618034,
      "z" : -0.309017
    }, {
      "x" : 6.854102,
      "y" : 2.618034,
      "z" : 0.0
    } ],
    "faces" : [ {
      "vertices" : [ 1, 2, 3 ]
    }, {
      "vertices" : [ 7, 15, 16 ]
    }, {
      "vertices" : [ 10, 17, 11 ]
    }, {
      "vertices" : [ 6, 12, 10 ]
    }, {
      "vertices" : [ 6, 10, 11 ]
    }, {
      "vertices" : [ 4, 14, 15 ]
    }, {
      "vertices" : [ 4, 15, 7 ]
    }, {
      "vertices" : [ 1, 3, 5 ]
    }, {
      "vertices" : [ 3, 11, 15 ]
    }, {
      "vertices" : [ 3, 15, 14 ]
    }, {
      "vertices" : [ 11, 17, 15 ]
    }, {
      "vertices" : [ 1, 13, 2 ]
    }, {
      "vertices" : [ 15, 17, 16 ]
    }, {
      "vertices" : [ 2, 4, 7 ]
    }, {
      "vertices" : [ 2, 7, 6 ]
    }, {
      "vertices" : [ 0, 5, 14 ]
    }, {
      "vertices" : [ 2, 13, 4 ]
    }, {
      "vertices" : [ 6, 7, 8 ]
    }, {
      "vertices" : [ 2, 6, 11 ]
    }, {
      "vertices" : [ 2, 11, 3 ]
    }, {
      "vertices" : [ 3, 14, 5 ]
    }, {
      "vertices" : [ 4, 13, 9 ]
    }, {
      "vertices" : [ 6, 8, 12 ]
    }, {
      "vertices" : [ 0, 14, 4 ]
    }, {
      "vertices" : [ 0, 4, 9 ]
    }, {
      "vertices" : [ 7, 16, 8 ]
    } ]
  } ],
  "instances" : [ {
    "shape" : "9a344fa9-b742-4657-abdf-8a3019510cd6",
    "color" : "#FFFFFF",
    "position" : {
      "x" : -19.253288,
      "y" : -24.298374,
      "z" : 11.899187
    }
  }, {
    "shape" : "9a344fa9-b742-4657-abdf-8a3019510cd6",
    "color" : "#FFFFFF",
    "position" : {
      "x" : 14.5172205,
      "y" : 1.309017,
      "z" : 26.916409
    }
  }, {
    "shape" : "9a344fa9-b742-4657-abdf-8a3019510cd6",
    "color" : "#FFFFFF",
    "position" : {
      "x" : 26.107391,
      "y" : -17.444271,
      "z" : -3.427051
    }
  }, {
    "shape" : "9a344fa9-b742-4657-abdf-8a3019510cd6",
    "color" : "#FFFFFF",
    "position" : {
      "x" : -12.399187,
      "y" : 22.68034,
      "z" : -3.427051
    }
  }, {
    "shape" : "bcb98a1b-c3c8-42b1-892a-21d0a53aed76",
    "color" : "#DC4C00",
    "position" : {
      "x" : 0.0,
      "y" : -24.798374,
      "z" : -17.944271
    },
    "orientation" : 3
  }, {
    "shape" : "b988bc3d-cc61-4c81-a73b-cbf035b4735c",
    "color" : "#00A0E4",
    "position" : {
      "x" : -10.59017,
      "y" : 14.5172205,
      "z" : -19.253288
    },
    "orientation" : 7
  }, {
    "shape" : "b988bc3d-cc61-4c81-a73b-cbf035b4735c",
    "color" : "#00A0E4",
    "position" : {
      "x" : 29.034441,
      "y" : 0.0,
      "z" : 15.326238
    },
    "orientation" : 25
  }, {
    "shape" : "b988bc3d-cc61-4c81-a73b-cbf035b4735c",
    "color" : "#00A0E4",
    "position" : {
      "x" : -7.663119,
      "y" : -26.107391,
      "z" : 17.444271
    },
    "orientation" : 25
  }, {
    "shape" : "9a344fa9-b742-4657-abdf-8a3019510cd6",
    "color" : "#FFFFFF",
    "position" : {
      "x" : -27.725426,
      "y" : 6.354102,
      "z" : -3.427051
    }
  }, {
    "shape" : "b988bc3d-cc61-4c81-a73b-cbf035b4735c",
    "color" : "#00A0E4",
    "position" : {
      "x" : 12.399187,
      "y" : 26.916409,
      "z" : -3.427051
    },
    "orientation" : 2
  }, {
    "shape" : "b988bc3d-cc61-4c81-a73b-cbf035b4735c",
    "color" : "#00A0E4",
    "position" : {
      "x" : -17.444271,
      "y" : -10.281153,
      "z" : -21.871323
    },
    "orientation" : 51
  }, {
    "shape" : "bcb98a1b-c3c8-42b1-892a-21d0a53aed76",
    "color" : "#DC4C00",
    "position" : {
      "x" : -23.489357,
      "y" : 13.208204,
      "z" : 5.045085
    },
    "orientation" : 9
  }, {
    "shape" : "9a344fa9-b742-4657-abdf-8a3019510cd6",
    "color" : "#FFFFFF",
    "position" : {
      "x" : 0.0,
      "y" : 24.798374,
      "z" : 12.708204
    }
  }, {
    "shape" : "bcb98a1b-c3c8-42b1-892a-21d0a53aed76",
    "color" : "#DC4C00",
    "position" : {
      "x" : 6.854102,
      "y" : -13.708204,
      "z" : 26.416409
    },
    "orientation" : 0
  }, {
    "shape" : "bcb98a1b-c3c8-42b1-892a-21d0a53aed76",
    "color" : "#DC4C00",
    "position" : {
      "x" : 18.753288,
      "y" : -5.545085,
      "z" : -22.68034
    },
    "orientation" : 36
  }, {
    "shape" : "9a344fa9-b742-4657-abdf-8a3019510cd6",
    "color" : "#FFFFFF",
    "position" : {
      "x" : -29.034441,
      "y" : 0.0,
      "z" : 8.472136
    }
  }, {
    "shape" : "bcb98a1b-c3c8-42b1-892a-21d0a53aed76",
    "color" : "#DC4C00",
    "position" : {
      "x" : 18.753288,
      "y" : -5.545085,
      "z" : 24.298374
    },
    "orientation" : 36
  }, {
    "shape" : "9a344fa9-b742-4657-abdf-8a3019510cd6",
    "color" : "#FFFFFF",
    "position" : {
      "x" : -9.781153,
      "y" : -31.152475,
      "z" : -3.427051
    }
  }, {
    "shape" : "b988bc3d-cc61-4c81-a73b-cbf035b4735c",
    "color" : "#00A0E4",
    "position" : {
      "x" : -4.236068,
      "y" : 9.472136,
      "z" : 26.416409
    },
    "orientation" : 21
  }, {
    "shape" : "6812564a-6e7d-4870-9105-81743e06e19a",
    "color" : "#6C00C6",
    "position" : {
      "x" : 17.135256,
      "y" : 19.253288,
      "z" : 17.444271
    },
    "orientation" : 23
  }, {
    "shape" : "bcb98a1b-c3c8-42b1-892a-21d0a53aed76",
    "color" : "#DC4C00",
    "position" : {
      "x" : 15.826238,
      "y" : -22.989357,
      "z" : 14.0172205
    },
    "orientation" : 33
  }, {
    "shape" : "bcb98a1b-c3c8-42b1-892a-21d0a53aed76",
    "color" : "#DC4C00",
    "position" : {
      "x" : -27.725426,
      "y" : 6.354102,
      "z" : -3.427051
    },
    "orientation" : 6
  }, {
    "shape" : "6812564a-6e7d-4870-9105-81743e06e19a",
    "color" : "#6C00C6",
    "position" : {
      "x" : 29.034441,
      "y" : 0.0,
      "z" : -13.708204
    },
    "orientation" : 53
  }, {
    "shape" : "bcb98a1b-c3c8-42b1-892a-21d0a53aed76",
    "color" : "#DC4C00",
    "position" : {
      "x" : -17.444271,
      "y" : -10.281153,
      "z" : 23.489357
    },
    "orientation" : 9
  }, {
    "shape" : "9a344fa9-b742-4657-abdf-8a3019510cd6",
    "color" : "#FFFFFF",
    "position" : {
      "x" : -11.899187,
      "y" : 8.163119,
      "z" : 24.298374
    }
  }, {
    "shape" : "6812564a-6e7d-4870-9105-81743e06e19a",
    "color" : "#6C00C6",
    "position" : {
      "x" : -2.927051,
      "y" : 15.826238,
      "z" : -21.371323
    },
    "orientation" : 19
  }, {
    "shape" : "b988bc3d-cc61-4c81-a73b-cbf035b4735c",
    "color" : "#00A0E4",
    "position" : {
      "x" : -30.343458,
      "y" : -6.354102,
      "z" : -3.427051
    },
    "orientation" : 2
  }, {
    "shape" : "b988bc3d-cc61-4c81-a73b-cbf035b4735c",
    "color" : "#00A0E4",
    "position" : {
      "x" : -19.253288,
      "y" : -24.298374,
      "z" : 11.899187
    },
    "orientation" : 25
  }, {
    "shape" : "9a344fa9-b742-4657-abdf-8a3019510cd6",
    "color" : "#FFFFFF",
    "position" : {
      "x" : 6.854102,
      "y" : -13.708204,
      "z" : 26.416409
    }
  }, {
    "shape" : "9a344fa9-b742-4657-abdf-8a3019510cd6",
    "color" : "#FFFFFF",
    "position" : {
      "x" : -17.944271,
      "y" : 17.944271,
      "z" : 8.472136
    }
  }, {
    "shape" : "6812564a-6e7d-4870-9105-81743e06e19a",
    "color" : "#6C00C6",
    "position" : {
      "x" : -2.927051,
      "y" : 15.826238,
      "z" : 22.989357
    },
    "orientation" : 43
  }, {
    "shape" : "b988bc3d-cc61-4c81-a73b-cbf035b4735c",
    "color" : "#00A0E4",
    "position" : {
      "x" : 2.618034,
      "y" : 20.562305,
      "z" : -17.944271
    },
    "orientation" : 7
  }, {
    "shape" : "9a344fa9-b742-4657-abdf-8a3019510cd6",
    "color" : "#FFFFFF",
    "position" : {
      "x" : 10.281153,
      "y" : 21.871323,
      "z" : -15.826238
    }
  }, {
    "shape" : "bcb98a1b-c3c8-42b1-892a-21d0a53aed76",
    "color" : "#DC4C00",
    "position" : {
      "x" : 0.0,
      "y" : 2.618034,
      "z" : -27.416409
    },
    "orientation" : 36
  }, {
    "shape" : "bcb98a1b-c3c8-42b1-892a-21d0a53aed76",
    "color" : "#DC4C00",
    "position" : {
      "x" : -10.59017,
      "y" : 14.5172205,
      "z" : 20.871323
    },
    "orientation" : 12
  }, {
    "shape" : "9a344fa9-b742-4657-abdf-8a3019510cd6",
    "color" : "#FFFFFF",
    "position" : {
      "x" : 26.107391,
      "y" : -17.444271,
      "z" : 5.045085
    }
  }, {
    "shape" : "bcb98a1b-c3c8-42b1-892a-21d0a53aed76",
    "color" : "#DC4C00",
    "position" : {
      "x" : 2.618034,
      "y" : 20.562305,
      "z" : -17.944271
    },
    "orientation" : 33
  }, {
    "shape" : "b988bc3d-cc61-4c81-a73b-cbf035b4735c",
    "color" : "#00A0E4",
    "position" : {
      "x" : 0.0,
      "y" : 2.618034,
      "z" : -27.416409
    },
    "orientation" : 51
  }, {
    "shape" : "6812564a-6e7d-4870-9105-81743e06e19a",
    "color" : "#6C00C6",
    "position" : {
      "x" : 31.652475,
      "y" : -4.236068,
      "z" : 8.472136
    },
    "orientation" : 19
  }, {
    "shape" : "9a344fa9-b742-4657-abdf-8a3019510cd6",
    "color" : "#FFFFFF",
    "position" : {
      "x" : -18.753288,
      "y" : -16.635256,
      "z" : -18.444271
    }
  }, {
    "shape" : "bcb98a1b-c3c8-42b1-892a-21d0a53aed76",
    "color" : "#DC4C00",
    "position" : {
      "x" : 20.062305,
      "y" : 6.045085,
      "z" : 23.489357
    },
    "orientation" : 39
  }, {
    "shape" : "bcb98a1b-c3c8-42b1-892a-21d0a53aed76",
    "color" : "#DC4C00",
    "position" : {
      "x" : -13.208204,
      "y" : 18.753288,
      "z" : 14.0172205
    },
    "orientation" : 3
  }, {
    "shape" : "bcb98a1b-c3c8-42b1-892a-21d0a53aed76",
    "color" : "#DC4C00",
    "position" : {
      "x" : -27.725426,
      "y" : 6.354102,
      "z" : 5.045085
    },
    "orientation" : 6
  }, {
    "shape" : "bcb98a1b-c3c8-42b1-892a-21d0a53aed76",
    "color" : "#DC4C00",
    "position" : {
      "x" : 30.343458,
      "y" : -10.59017,
      "z" : -3.427051
    },
    "orientation" : 36
  }, {
    "shape" : "9a344fa9-b742-4657-abdf-8a3019510cd6",
    "color" : "#FFFFFF",
    "position" : {
      "x" : 10.281153,
      "y" : -27.725426,
      "z" : 10.59017
    }
  }, {
    "shape" : "b988bc3d-cc61-4c81-a73b-cbf035b4735c",
    "color" : "#00A0E4",
    "position" : {
      "x" : -11.899187,
      "y" : -5.545085,
      "z" : -25.298374
    },
    "orientation" : 51
  }, {
    "shape" : "b988bc3d-cc61-4c81-a73b-cbf035b4735c",
    "color" : "#00A0E4",
    "position" : {
      "x" : 15.0172205,
      "y" : -26.916409,
      "z" : 5.045085
    },
    "orientation" : 47
  }, {
    "shape" : "bcb98a1b-c3c8-42b1-892a-21d0a53aed76",
    "color" : "#DC4C00",
    "position" : {
      "x" : -13.208204,
      "y" : 18.753288,
      "z" : -12.399187
    },
    "orientation" : 9
  }, {
    "shape" : "9a344fa9-b742-4657-abdf-8a3019510cd6",
    "color" : "#FFFFFF",
    "position" : {
      "x" : 14.5172205,
      "y" : -12.399187,
      "z" : 24.298374
    }
  }, {
    "shape" : "6812564a-6e7d-4870-9105-81743e06e19a",
    "color" : "#6C00C6",
    "position" : {
      "x" : -9.781153,
      "y" : -31.152475,
      "z" : 5.045085
    },
    "orientation" : 11
  }, {
    "shape" : "9a344fa9-b742-4657-abdf-8a3019510cd6",
    "color" : "#FFFFFF",
    "position" : {
      "x" : -23.489357,
      "y" : 13.208204,
      "z" : -3.427051
    }
  }, {
    "shape" : "b988bc3d-cc61-4c81-a73b-cbf035b4735c",
    "color" : "#00A0E4",
    "position" : {
      "x" : -16.135256,
      "y" : 1.309017,
      "z" : 24.298374
    },
    "orientation" : 21
  }, {
    "shape" : "9a344fa9-b742-4657-abdf-8a3019510cd6",
    "color" : "#FFFFFF",
    "position" : {
      "x" : 24.298374,
      "y" : -0.809017,
      "z" : 20.871323
    }
  }, {
    "shape" : "9a344fa9-b742-4657-abdf-8a3019510cd6",
    "color" : "#FFFFFF",
    "position" : {
      "x" : -27.725426,
      "y" : -10.59017,
      "z" : -10.281153
    }
  }, {
    "shape" : "9a344fa9-b742-4657-abdf-8a3019510cd6",
    "color" : "#FFFFFF",
    "position" : {
      "x" : -27.725426,
      "y" : -10.59017,
      "z" : 11.899187
    }
  }, {
    "shape" : "6812564a-6e7d-4870-9105-81743e06e19a",
    "color" : "#6C00C6",
    "position" : {
      "x" : 10.281153,
      "y" : -27.725426,
      "z" : 10.59017
    },
    "orientation" : 23
  }, {
    "shape" : "bcb98a1b-c3c8-42b1-892a-21d0a53aed76",
    "color" : "#DC4C00",
    "position" : {
      "x" : 30.343458,
      "y" : -10.59017,
      "z" : 5.045085
    },
    "orientation" : 36
  }, {
    "shape" : "b988bc3d-cc61-4c81-a73b-cbf035b4735c",
    "color" : "#00A0E4",
    "position" : {
      "x" : 30.343458,
      "y" : 6.354102,
      "z" : 11.899187
    },
    "orientation" : 25
  }, {
    "shape" : "6812564a-6e7d-4870-9105-81743e06e19a",
    "color" : "#6C00C6",
    "position" : {
      "x" : -9.781153,
      "y" : -31.152475,
      "z" : -3.427051
    },
    "orientation" : 23
  }, {
    "shape" : "6812564a-6e7d-4870-9105-81743e06e19a",
    "color" : "#6C00C6",
    "position" : {
      "x" : 21.371323,
      "y" : 12.399187,
      "z" : 20.062305
    },
    "orientation" : 23
  }, {
    "shape" : "b988bc3d-cc61-4c81-a73b-cbf035b4735c",
    "color" : "#00A0E4",
    "position" : {
      "x" : 32.961494,
      "y" : 2.118034,
      "z" : -3.427051
    },
    "orientation" : 55
  }, {
    "shape" : "b988bc3d-cc61-4c81-a73b-cbf035b4735c",
    "color" : "#00A0E4",
    "position" : {
      "x" : -23.489357,
      "y" : 13.208204,
      "z" : -3.427051
    },
    "orientation" : 2
  }, {
    "shape" : "6812564a-6e7d-4870-9105-81743e06e19a",
    "color" : "#6C00C6",
    "position" : {
      "x" : -26.416409,
      "y" : -4.236068,
      "z" : 15.326238
    },
    "orientation" : 11
  }, {
    "shape" : "bcb98a1b-c3c8-42b1-892a-21d0a53aed76",
    "color" : "#DC4C00",
    "position" : {
      "x" : -7.663119,
      "y" : -26.107391,
      "z" : -15.826238
    },
    "orientation" : 0
  }, {
    "shape" : "9a344fa9-b742-4657-abdf-8a3019510cd6",
    "color" : "#FFFFFF",
    "position" : {
      "x" : -21.68034,
      "y" : -3.427051,
      "z" : -19.253288
    }
  }, {
    "shape" : "9a344fa9-b742-4657-abdf-8a3019510cd6",
    "color" : "#FFFFFF",
    "position" : {
      "x" : -4.236068,
      "y" : -4.236068,
      "z" : 29.034441
    }
  }, {
    "shape" : "bcb98a1b-c3c8-42b1-892a-21d0a53aed76",
    "color" : "#DC4C00",
    "position" : {
      "x" : -23.489357,
      "y" : 13.208204,
      "z" : -3.427051
    },
    "orientation" : 3
  }, {
    "shape" : "9a344fa9-b742-4657-abdf-8a3019510cd6",
    "color" : "#FFFFFF",
    "position" : {
      "x" : 26.107391,
      "y" : 13.208204,
      "z" : -12.899187
    }
  }, {
    "shape" : "9a344fa9-b742-4657-abdf-8a3019510cd6",
    "color" : "#FFFFFF",
    "position" : {
      "x" : -12.399187,
      "y" : 22.68034,
      "z" : 5.045085
    }
  }, {
    "shape" : "9a344fa9-b742-4657-abdf-8a3019510cd6",
    "color" : "#FFFFFF",
    "position" : {
      "x" : -17.944271,
      "y" : 17.944271,
      "z" : -6.854102
    }
  }, {
    "shape" : "bcb98a1b-c3c8-42b1-892a-21d0a53aed76",
    "color" : "#DC4C00",
    "position" : {
      "x" : 26.107391,
      "y" : -17.444271,
      "z" : -3.427051
    },
    "orientation" : 33
  }, {
    "shape" : "b988bc3d-cc61-4c81-a73b-cbf035b4735c",
    "color" : "#00A0E4",
    "position" : {
      "x" : 31.652475,
      "y" : -4.236068,
      "z" : -6.854102
    },
    "orientation" : 55
  }, {
    "shape" : "9a344fa9-b742-4657-abdf-8a3019510cd6",
    "color" : "#FFFFFF",
    "position" : {
      "x" : 2.618034,
      "y" : -6.854102,
      "z" : 29.034441
    }
  }, {
    "shape" : "bcb98a1b-c3c8-42b1-892a-21d0a53aed76",
    "color" : "#DC4C00",
    "position" : {
      "x" : -21.68034,
      "y" : -3.427051,
      "z" : 20.871323
    },
    "orientation" : 9
  }, {
    "shape" : "9a344fa9-b742-4657-abdf-8a3019510cd6",
    "color" : "#FFFFFF",
    "position" : {
      "x" : -14.5172205,
      "y" : -23.489357,
      "z" : -15.826238
    }
  }, {
    "shape" : "9a344fa9-b742-4657-abdf-8a3019510cd6",
    "color" : "#FFFFFF",
    "position" : {
      "x" : -19.253288,
      "y" : -24.298374,
      "z" : -10.281153
    }
  }, {
    "shape" : "6812564a-6e7d-4870-9105-81743e06e19a",
    "color" : "#6C00C6",
    "position" : {
      "x" : 10.281153,
      "y" : -27.725426,
      "z" : -8.972136
    },
    "orientation" : 11
  }, {
    "shape" : "6812564a-6e7d-4870-9105-81743e06e19a",
    "color" : "#6C00C6",
    "position" : {
      "x" : 12.399187,
      "y" : 26.916409,
      "z" : -3.427051
    },
    "orientation" : 15
  }, {
    "shape" : "6812564a-6e7d-4870-9105-81743e06e19a",
    "color" : "#6C00C6",
    "position" : {
      "x" : -26.416409,
      "y" : -4.236068,
      "z" : -13.708204
    },
    "orientation" : 43
  }, {
    "shape" : "9a344fa9-b742-4657-abdf-8a3019510cd6",
    "color" : "#FFFFFF",
    "position" : {
      "x" : -5.045085,
      "y" : -30.343458,
      "z" : 10.59017
    }
  }, {
    "shape" : "9a344fa9-b742-4657-abdf-8a3019510cd6",
    "color" : "#FFFFFF",
    "position" : {
      "x" : 29.034441,
      "y" : 0.0,
      "z" : 15.326238
    }
  }, {
    "shape" : "6812564a-6e7d-4870-9105-81743e06e19a",
    "color" : "#6C00C6",
    "position" : {
      "x" : -29.034441,
      "y" : 0.0,
      "z" : -6.854102
    },
    "orientation" : 43
  }, {
    "shape" : "9a344fa9-b742-4657-abdf-8a3019510cd6",
    "color" : "#FFFFFF",
    "position" : {
      "x" : 29.034441,
      "y" : 0.0,
      "z" : -13.708204
    }
  }, {
    "shape" : "bcb98a1b-c3c8-42b1-892a-21d0a53aed76",
    "color" : "#DC4C00",
    "position" : {
      "x" : -5.045085,
      "y" : -30.343458,
      "z" : -8.972136
    },
    "orientation" : 0
  }, {
    "shape" : "9a344fa9-b742-4657-abdf-8a3019510cd6",
    "color" : "#FFFFFF",
    "position" : {
      "x" : -4.236068,
      "y" : 9.472136,
      "z" : -24.798374
    }
  }, {
    "shape" : "bcb98a1b-c3c8-42b1-892a-21d0a53aed76",
    "color" : "#DC4C00",
    "position" : {
      "x" : 24.298374,
      "y" : -0.809017,
      "z" : -19.253288
    },
    "orientation" : 33
  }, {
    "shape" : "9a344fa9-b742-4657-abdf-8a3019510cd6",
    "color" : "#FFFFFF",
