{
  "field" : "snubDodec",
  "symmetry" : "icosahedral",
  "orientations" : [ [ 1.0, 0.0, 0.0, 0.0, 0.0, 1.0, 0.0, 0.0, 0.0, 0.0, 1.0, 0.0, 0.0, 0.0, 0.0, 1.0 ], [ 0.0, 0.0, 1.0, 0.0, 1.0, 0.0, 0.0, 0.0, 0.0, 1.0, 0.0, 0.0, 0.0, 0.0, 0.0, 1.0 ], [ 0.0, 1.0, 0.0, 0.0, 0.0, 0.0, 1.0, 0.0, 1.0, 0.0, 0.0, 0.0, 0.0, 0.0, 0.0, 1.0 ], [ 0.809017, 0.309017, 0.5, 0.0, 0.309017, 0.5, -0.809017, 0.0, -0.5, 0.809017, 0.309017, 0.0, 0.0, 0.0, 0.0, 1.0 ], [ -0.5, 0.809017, 0.309017, 0.0, 0.809017, 0.309017, 0.5, 0.0, 0.309017, 0.5, -0.809017, 0.0, 0.0, 0.0, 0.0, 1.0 ], [ 0.309017, 0.5, -0.809017, 0.0, -0.5, 0.809017, 0.309017, 0.0, 0.809017, 0.309017, 0.5, 0.0, 0.0, 0.0, 0.0, 1.0 ], [ 0.5, 0.809017, 0.309017, 0.0, 0.809017, -0.309017, -0.5, 0.0, -0.309017, 0.5, -0.809017, 0.0, 0.0, 0.0, 0.0, 1.0 ], [ -0.309017, 0.5, -0.809017, 0.0, 0.5, 0.809017, 0.309017, 0.0, 0.809017, -0.309017, -0.5, 0.0, 0.0, 0.0, 0.0, 1.0 ], [ 0.809017, -0.309017, -0.5, 0.0, -0.309017, 0.5, -0.809017, 0.0, 0.5, 0.809017, 0.309017, 0.0, 0.0, 0.0, 0.0, 1.0 ], [ 0.5, 0.809017, -0.309017, 0.0, 0.809017, -0.309017, 0.5, 0.0, 0.309017, -0.5, -0.809017, 0.0, 0.0, 0.0, 0.0, 1.0 ], [ 0.309017, -0.5, -0.809017, 0.0, 0.5, 0.809017, -0.309017, 0.0, 0.809017, -0.309017, 0.5, 0.0, 0.0, 0.0, 0.0, 1.0 ], [ 0.809017, -0.309017, 0.5, 0.0, 0.309017, -0.5, -0.809017, 0.0, 0.5, 0.809017, -0.309017, 0.0, 0.0, 0.0, 0.0, 1.0 ], [ 0.809017, 0.309017, -0.5, 0.0, 0.309017, 0.5, 0.809017, 0.0, 0.5, -0.809017, 0.309017, 0.0, 0.0, 0.0, 0.0, 1.0 ], [ 0.5, -0.809017, 0.309017, 0.0, 0.809017, 0.309017, -0.5, 0.0, 0.309017, 0.5, 0.809017, 0.0, 0.0, 0.0, 0.0, 1.0 ], [ 0.309017, 0.5, 0.809017, 0.0, 0.5, -0.809017, 0.309017, 0.0, 0.809017, 0.309017, -0.5, 0.0, 0.0, 0.0, 0.0, 1.0 ], [ 1.0, 0.0, 0.0, 0.0, 0.0, -1.0, 0.0, 0.0, 0.0, 0.0, -1.0, 0.0, 0.0, 0.0, 0.0, 1.0 ], [ 0.0, 0.0, 1.0, 0.0, -1.0, 0.0, 0.0, 0.0, 0.0, -1.0, 0.0, 0.0, 0.0, 0.0, 0.0, 1.0 ], [ 0.0, 1.0, 0.0, 0.0, 0.0, 0.0, -1.0, 0.0, -1.0, 0.0, 0.0, 0.0, 0.0, 0.0, 0.0, 1.0 ], [ 0.809017, 0.309017, 0.5, 0.0, -0.309017, -0.5, 0.809017, 0.0, 0.5, -0.809017, -0.309017, 0.0, 0.0, 0.0, 0.0, 1.0 ], [ -0.5, 0.809017, 0.309017, 0.0, -0.809017, -0.309017, -0.5, 0.0, -0.309017, -0.5, 0.809017, 0.0, 0.0, 0.0, 0.0, 1.0 ], [ 0.309017, 0.5, -0.809017, 0.0, 0.5, -0.809017, -0.309017, 0.0, -0.809017, -0.309017, -0.5, 0.0, 0.0, 0.0, 0.0, 1.0 ], [ 0.5, 0.809017, 0.309017, 0.0, -0.809017, 0.309017, 0.5, 0.0, 0.309017, -0.5, 0.809017, 0.0, 0.0, 0.0, 0.0, 1.0 ], [ -0.309017, 0.5, -0.809017, 0.0, -0.5, -0.809017, -0.309017, 0.0, -0.809017, 0.309017, 0.5, 0.0, 0.0, 0.0, 0.0, 1.0 ], [ 0.809017, -0.309017, -0.5, 0.0, 0.309017, -0.5, 0.809017, 0.0, -0.5, -0.809017, -0.309017, 0.0, 0.0, 0.0, 0.0, 1.0 ], [ 0.5, 0.809017, -0.309017, 0.0, -0.809017, 0.309017, -0.5, 0.0, -0.309017, 0.5, 0.809017, 0.0, 0.0, 0.0, 0.0, 1.0 ], [ 0.309017, -0.5, -0.809017, 0.0, -0.5, -0.809017, 0.309017, 0.0, -0.809017, 0.309017, -0.5, 0.0, 0.0, 0.0, 0.0, 1.0 ], [ 0.809017, -0.309017, 0.5, 0.0, -0.309017, 0.5, 0.809017, 0.0, -0.5, -0.809017, 0.309017, 0.0, 0.0, 0.0, 0.0, 1.0 ], [ 0.809017, 0.309017, -0.5, 0.0, -0.309017, -0.5, -0.809017, 0.0, -0.5, 0.809017, -0.309017, 0.0, 0.0, 0.0, 0.0, 1.0 ], [ 0.5, -0.809017, 0.309017, 0.0, -0.809017, -0.309017, 0.5, 0.0, -0.309017, -0.5, -0.809017, 0.0, 0.0, 0.0, 0.0, 1.0 ], [ 0.309017, 0.5, 0.809017, 0.0, -0.5, 0.809017, -0.309017, 0.0, -0.809017, -0.309017, 0.5, 0.0, 0.0, 0.0, 0.0, 1.0 ], [ -1.0, 0.0, 0.0, 0.0, 0.0, -1.0, 0.0, 0.0, 0.0, 0.0, 1.0, 0.0, 0.0, 0.0, 0.0, 1.0 ], [ 0.0, 0.0, -1.0, 0.0, -1.0, 0.0, 0.0, 0.0, 0.0, 1.0, 0.0, 0.0, 0.0, 0.0, 0.0, 1.0 ], [ 0.0, -1.0, 0.0, 0.0, 0.0, 0.0, -1.0, 0.0, 1.0, 0.0, 0.0, 0.0, 0.0, 0.0, 0.0, 1.0 ], [ -0.809017, -0.309017, -0.5, 0.0, -0.309017, -0.5, 0.809017, 0.0, -0.5, 0.809017, 0.309017, 0.0, 0.0, 0.0, 0.0, 1.0 ], [ 0.5, -0.809017, -0.309017, 0.0, -0.809017, -0.309017, -0.5, 0.0, 0.309017, 0.5, -0.809017, 0.0, 0.0, 0.0, 0.0, 1.0 ], [ -0.309017, -0.5, 0.809017, 0.0, 0.5, -0.809017, -0.309017, 0.0, 0.809017, 0.309017, 0.5, 0.0, 0.0, 0.0, 0.0, 1.0 ], [ -0.5, -0.809017, -0.309017, 0.0, -0.809017, 0.309017, 0.5, 0.0, -0.309017, 0.5, -0.809017, 0.0, 0.0, 0.0, 0.0, 1.0 ], [ 0.309017, -0.5, 0.809017, 0.0, -0.5, -0.809017, -0.309017, 0.0, 0.809017, -0.309017, -0.5, 0.0, 0.0, 0.0, 0.0, 1.0 ], [ -0.809017, 0.309017, 0.5, 0.0, 0.309017, -0.5, 0.809017, 0.0, 0.5, 0.809017, 0.309017, 0.0, 0.0, 0.0, 0.0, 1.0 ], [ -0.5, -0.809017, 0.309017, 0.0, -0.809017, 0.309017, -0.5, 0.0, 0.309017, -0.5, -0.809017, 0.0, 0.0, 0.0, 0.0, 1.0 ], [ -0.309017, 0.5, 0.809017, 0.0, -0.5, -0.809017, 0.309017, 0.0, 0.809017, -0.309017, 0.5, 0.0, 0.0, 0.0, 0.0, 1.0 ], [ -0.809017, 0.309017, -0.5, 0.0, -0.309017, 0.5, 0.809017, 0.0, 0.5, 0.809017, -0.309017, 0.0, 0.0, 0.0, 0.0, 1.0 ], [ -0.809017, -0.309017, 0.5, 0.0, -0.309017, -0.5, -0.809017, 0.0, 0.5, -0.809017, 0.309017, 0.0, 0.0, 0.0, 0.0, 1.0 ], [ -0.5, 0.809017, -0.309017, 0.0, -0.809017, -0.309017, 0.5, 0.0, 0.309017, 0.5, 0.809017, 0.0, 0.0, 0.0, 0.0, 1.0 ], [ -0.309017, -0.5, -0.809017, 0.0, -0.5, 0.809017, -0.309017, 0.0, 0.809017, 0.309017, -0.5, 0.0, 0.0, 0.0, 0.0, 1.0 ], [ -1.0, 0.0, 0.0, 0.0, 0.0, 1.0, 0.0, 0.0, 0.0, 0.0, -1.0, 0.0, 0.0, 0.0, 0.0, 1.0 ], [ 0.0, 0.0, -1.0, 0.0, 1.0, 0.0, 0.0, 0.0, 0.0, -1.0, 0.0, 0.0, 0.0, 0.0, 0.0, 1.0 ], [ 0.0, -1.0, 0.0, 0.0, 0.0, 0.0, 1.0, 0.0, -1.0, 0.0, 0.0, 0.0, 0.0, 0.0, 0.0, 1.0 ], [ -0.809017, -0.309017, -0.5, 0.0, 0.309017, 0.5, -0.809017, 0.0, 0.5, -0.809017, -0.309017, 0.0, 0.0, 0.0, 0.0, 1.0 ], [ 0.5, -0.809017, -0.309017, 0.0, 0.809017, 0.309017, 0.5, 0.0, -0.309017, -0.5, 0.809017, 0.0, 0.0, 0.0, 0.0, 1.0 ], [ -0.309017, -0.5, 0.809017, 0.0, -0.5, 0.809017, 0.309017, 0.0, -0.809017, -0.309017, -0.5, 0.0, 0.0, 0.0, 0.0, 1.0 ], [ -0.5, -0.809017, -0.309017, 0.0, 0.809017, -0.309017, -0.5, 0.0, 0.309017, -0.5, 0.809017, 0.0, 0.0, 0.0, 0.0, 1.0 ], [ 0.309017, -0.5, 0.809017, 0.0, 0.5, 0.809017, 0.309017, 0.0, -0.809017, 0.309017, 0.5, 0.0, 0.0, 0.0, 0.0, 1.0 ], [ -0.809017, 0.309017, 0.5, 0.0, -0.309017, 0.5, -0.809017, 0.0, -0.5, -0.809017, -0.309017, 0.0, 0.0, 0.0, 0.0, 1.0 ], [ -0.5, -0.809017, 0.309017, 0.0, 0.809017, -0.309017, 0.5, 0.0, -0.309017, 0.5, 0.809017, 0.0, 0.0, 0.0, 0.0, 1.0 ], [ -0.309017, 0.5, 0.809017, 0.0, 0.5, 0.809017, -0.309017, 0.0, -0.809017, 0.309017, -0.5, 0.0, 0.0, 0.0, 0.0, 1.0 ], [ -0.809017, 0.309017, -0.5, 0.0, 0.309017, -0.5, -0.809017, 0.0, -0.5, -0.809017, 0.309017, 0.0, 0.0, 0.0, 0.0, 1.0 ], [ -0.809017, -0.309017, 0.5, 0.0, 0.309017, 0.5, 0.809017, 0.0, -0.5, 0.809017, -0.309017, 0.0, 0.0, 0.0, 0.0, 1.0 ], [ -0.5, 0.809017, -0.309017, 0.0, 0.809017, 0.309017, -0.5, 0.0, -0.309017, -0.5, -0.809017, 0.0, 0.0, 0.0, 0.0, 1.0 ], [ -0.309017, -0.5, -0.809017, 0.0, 0.5, -0.809017, 0.309017, 0.0, -0.809017, -0.309017, 0.5, 0.0, 0.0, 0.0, 0.0, 1.0 ] ],
  "lights" : {
    "ambientColor" : "#292929",
    "backgroundColor" : "#AFC8DC",
    "directionalLights" : [ {
      "direction" : {
        "x" : 1.0,
        "y" : -1.0,
        "z" : -1.0
      },
      "color" : "#EBEBE4"
    }, {
      "direction" : {
        "x" : -1.0,
        "y" : 0.0,
        "z" : 0.0
      },
      "color" : "#E4E4EB"
    }, {
      "direction" : {
        "x" : 0.0,
        "y" : 0.0,
        "z" : -1.0
      },
      "color" : "#1E1E1E"
    } ]
  },
  "camera" : {
    "perspective" : true,
    "lookDirection" : {
      "x" : 0.5257311,
      "y" : 0.0,
      "z" : -0.8506508
    },
    "upDirection" : {
      "x" : -0.18925557,
      "y" : 0.9749364,
      "z" : -0.116966374
    },
    "lookAtPoint" : {
      "x" : 0.0,
      "y" : 0.0,
      "z" : 0.0
    },
    "viewDistance" : 175.71783,
    "nearClipDistance" : 0.43929455,
    "farClipDistance" : 351.43564,
    "fieldOfView" : 0.4426287,
    "stereo" : false,
    "width" : 79.07299,
    "position" : {
      "x" : -92.380325,
      "y" : 0.0,
      "z" : 149.47452
    }
  },
  "embedding" : [ 1.0, 0.0, 0.0, 0.0, 0.0, 1.0, 0.0, 0.0, 0.0, 0.0, 1.0, 0.0, 0.0, 0.0, 0.0, 1.0 ],
  "shapes" : [ {
    "id" : "4b6aa1b3-6225-4b5c-a52c-7b6aee30aa95",
    "vertices" : [ {
      "x" : -0.072386645,
      "y" : -1.5919402,
      "z" : -1.1643268
    }, {
      "x" : -0.19098301,
      "y" : -1.0,
      "z" : -0.309017
    }, {
      "x" : -0.38140365,
      "y" : -1.0919402,
      "z" : -1.3553097
    }, {
      "x" : -0.3790214,
      "y" : -6.0264897,
      "z" : -6.287477
    }, {
      "x" : 0.0023822314,
      "y" : -5.6255326,
      "z" : -5.741184
    }, {
      "x" : -0.30663475,
      "y" : -5.1255326,
      "z" : -5.9321675
    }, {
      "x" : -0.072386645,
      "y" : -0.97390616,
      "z" : -1.5462928
    }, {
      "x" : 0.23663035,
      "y" : -1.4739062,
      "z" : -1.3553097
    }, {
      "x" : -0.07000442,
      "y" : -5.908456,
      "z" : -6.4784603
    }, {
      "x" : -0.30663475,
      "y" : -5.7435665,
      "z" : -5.5502014
    }, {
      "x" : -0.5700044,
      "y" : -5.7174726,
      "z" : -6.787477
    }, {
      "x" : -0.6156518,
      "y" : -5.2435665,
      "z" : -5.741184
    }, {
      "x" : 0.309017,
      "y" : -0.809017,
      "z" : -0.618034
    }, {
      "x" : 0.19098301,
      "y" : -1.0,
      "z" : -0.309017
    }, {
      "x" : -0.3790214,
      "y" : -6.7174726,
      "z" : -7.096494
    }, {
      "x" : -0.6880384,
      "y" : -5.908456,
      "z" : -6.4784603
    }, {
      "x" : -0.18803841,
      "y" : -5.7174726,
      "z" : -6.787477
    }, {
      "x" : -0.309017,
      "y" : -0.809017,
      "z" : -0.618034
    }, {
      "x" : 0.0,
      "y" : -0.690983,
      "z" : -0.809017
    } ],
    "faces" : [ {
      "vertices" : [ 7, 12, 13 ]
    }, {
      "vertices" : [ 0, 1, 2 ]
    }, {
      "vertices" : [ 9, 11, 15 ]
    }, {
      "vertices" : [ 6, 18, 12 ]
    }, {
      "vertices" : [ 10, 15, 11 ]
    }, {
      "vertices" : [ 2, 17, 18 ]
    }, {
      "vertices" : [ 2, 18, 6 ]
    }, {
      "vertices" : [ 0, 13, 1 ]
    }, {
      "vertices" : [ 0, 7, 13 ]
    }, {
      "vertices" : [ 1, 17, 2 ]
    }, {
      "vertices" : [ 0, 9, 4 ]
    }, {
      "vertices" : [ 0, 4, 7 ]
    }, {
      "vertices" : [ 4, 5, 6 ]
    }, {
      "vertices" : [ 4, 6, 7 ]
    }, {
      "vertices" : [ 0, 2, 11 ]
    }, {
      "vertices" : [ 0, 11, 9 ]
    }, {
      "vertices" : [ 3, 8, 4 ]
    }, {
      "vertices" : [ 3, 4, 9 ]
    }, {
      "vertices" : [ 2, 6, 5 ]
    }, {
      "vertices" : [ 2, 5, 11 ]
    }, {
      "vertices" : [ 6, 12, 7 ]
    }, {
      "vertices" : [ 4, 16, 5 ]
    }, {
      "vertices" : [ 5, 10, 11 ]
    }, {
      "vertices" : [ 3, 9, 15 ]
    }, {
      "vertices" : [ 4, 8, 16 ]
    }, {
      "vertices" : [ 5, 16, 10 ]
    } ]
  }, {
    "id" : "f5f54fc3-7fce-4b1c-b609-9ccc5903f2ba",
    "vertices" : [ {
      "x" : 6.521725,
      "y" : -5.854102,
      "z" : 0.309017
    }, {
      "x" : 1.5910302,
      "y" : -1.145898,
      "z" : -0.309017
    }, {
      "x" : 1.0,
      "y" : -0.309017,
      "z" : -0.19098301
    }, {
      "x" : 1.0,
      "y" : -0.309017,
      "z" : 0.19098301
    }, {
      "x" : 1.5910302,
      "y" : -1.145898,
      "z" : 0.309017
    }, {
      "x" : 6.639759,
      "y" : -5.663119,
      "z" : 0.0
    }, {
      "x" : 6.121678,
      "y" : -5.145898,
      "z" : -0.309017
    }, {
      "x" : 6.121678,
      "y" : -5.145898,
      "z" : 0.309017
    }, {
      "x" : 6.521725,
      "y" : -5.854102,
      "z" : -0.309017
    }, {
      "x" : 5.739712,
      "y" : -5.326238,
      "z" : -0.309017
    }, {
      "x" : 0.690983,
      "y" : -0.809017,
      "z" : 0.0
    }, {
      "x" : 1.2090641,
      "y" : -1.3262379,
      "z" : 0.309017
    }, {
      "x" : 0.809017,
      "y" : -0.618034,
      "z" : 0.309017
    }, {
      "x" : 6.3307424,
      "y" : -6.163119,
      "z" : -0.19098301
    }, {
      "x" : 1.2090641,
      "y" : -1.3262379,
      "z" : -0.309017
    }, {
      "x" : 6.3307424,
      "y" : -6.163119,
      "z" : 0.19098301
    }, {
      "x" : 5.739712,
      "y" : -5.326238,
      "z" : 0.309017
    }, {
      "x" : 0.809017,
      "y" : -0.618034,
      "z" : -0.309017
    }, {
      "x" : 7.3307424,
      "y" : -6.472136,
      "z" : 0.0
    } ],
    "faces" : [ {
      "vertices" : [ 1, 14, 17 ]
    }, {
      "vertices" : [ 10, 11, 12 ]
    }, {
      "vertices" : [ 10, 14, 11 ]
    }, {
      "vertices" : [ 4, 11, 16 ]
    }, {
      "vertices" : [ 4, 16, 7 ]
    }, {
      "vertices" : [ 10, 17, 14 ]
    }, {
      "vertices" : [ 1, 2, 3 ]
    }, {
      "vertices" : [ 1, 3, 4 ]
    }, {
      "vertices" : [ 0, 5, 7 ]
    }, {
      "vertices" : [ 5, 6, 7 ]
    }, {
      "vertices" : [ 9, 16, 11 ]
    }, {
      "vertices" : [ 9, 11, 14 ]
    }, {
      "vertices" : [ 1, 4, 7 ]
    }, {
      "vertices" : [ 1, 7, 6 ]
    }, {
      "vertices" : [ 5, 8, 6 ]
    }, {
      "vertices" : [ 9, 13, 15 ]
    }, {
      "vertices" : [ 9, 15, 16 ]
    }, {
      "vertices" : [ 6, 8, 9 ]
    }, {
      "vertices" : [ 0, 7, 16 ]
    }, {
      "vertices" : [ 4, 12, 11 ]
    }, {
      "vertices" : [ 1, 6, 9 ]
    }, {
      "vertices" : [ 1, 9, 14 ]
    } ]
  }, {
    "id" : "ba5458cb-7173-4bf6-a8bd-fee263abfd95",
    "vertices" : [ {
      "x" : 0.5316648,
      "y" : 0.5512347,
      "z" : 1.8189675
    }, {
      "x" : 0.0,
      "y" : 0.690983,
      "z" : 0.809017
    }, {
      "x" : -0.08636919,
      "y" : 0.5512347,
      "z" : 1.8189675
    }, {
      "x" : 1.4748161,
      "y" : 1.6953195,
      "z" : 8.524238
    }, {
      "x" : 1.165799,
      "y" : 1.1953195,
      "z" : 8.71522
    }, {
      "x" : 0.8567821,
      "y" : 1.6953195,
      "z" : 8.524238
    }, {
      "x" : 1.2521683,
      "y" : 1.3350677,
      "z" : 7.70527
    }, {
      "x" : 1.2521683,
      "y" : 1.7170337,
      "z" : 7.70527
    }, {
      "x" : 1.165799,
      "y" : 1.8863025,
      "z" : 9.524238
    }, {
      "x" : 0.6341343,
      "y" : 1.3350677,
      "z" : 7.70527
    }, {
      "x" : 0.6341343,
      "y" : 1.7170337,
      "z" : 7.70527
    }, {
      "x" : -0.08636919,
      "y" : 0.16926871,
      "z" : 1.8189675
    }, {
      "x" : 0.5316648,
      "y" : 0.16926871,
      "z" : 1.8189675
    }, {
      "x" : 0.309017,
      "y" : 0.19098301,
      "z" : 1.0
    }, {
      "x" : -0.309017,
      "y" : 0.19098301,
      "z" : 1.0
    } ],
    "faces" : [ {
      "vertices" : [ 2, 11, 9 ]
    }, {
      "vertices" : [ 2, 9, 10 ]
    }, {
      "vertices" : [ 0, 1, 2 ]
    }, {
      "vertices" : [ 6, 9, 11 ]
    }, {
      "vertices" : [ 6, 11, 12 ]
    }, {
      "vertices" : [ 3, 4, 6 ]
    }, {
      "vertices" : [ 0, 13, 1 ]
    }, {
      "vertices" : [ 3, 6, 7 ]
    }, {
      "vertices" : [ 1, 14, 2 ]
    }, {
      "vertices" : [ 11, 14, 13 ]
    }, {
      "vertices" : [ 11, 13, 12 ]
    }, {
      "vertices" : [ 4, 5, 9 ]
    }, {
      "vertices" : [ 4, 9, 6 ]
    }, {
      "vertices" : [ 0, 2, 10 ]
    }, {
      "vertices" : [ 0, 10, 7 ]
    }, {
      "vertices" : [ 5, 10, 9 ]
    }, {
      "vertices" : [ 0, 12, 13 ]
    }, {
      "vertices" : [ 3, 7, 10 ]
    }, {
      "vertices" : [ 3, 10, 5 ]
    }, {
      "vertices" : [ 0, 7, 6 ]
    }, {
      "vertices" : [ 0, 6, 12 ]
    }, {
      "vertices" : [ 2, 14, 11 ]
    } ]
  }, {
    "id" : "ab664f5e-a765-49b8-bdb8-e4bacefee83f",
    "vertices" : [ {
      "x" : 0.309017,
      "y" : -0.809017,
      "z" : 0.618034
    }, {
      "x" : 0.809017,
      "y" : -0.618034,
      "z" : 0.309017
    }, {
      "x" : 0.618034,
      "y" : -0.309017,
      "z" : 0.809017
    }, {
      "x" : 1.0,
      "y" : 0.309017,
      "z" : 0.19098301
    }, {
      "x" : 0.809017,
      "y" : 0.618034,
      "z" : 0.309017
    }, {
      "x" : 0.618034,
      "y" : 0.309017,
      "z" : 0.809017
    }, {
      "x" : 0.809017,
      "y" : 0.0,
      "z" : 0.690983
    }, {
      "x" : 0.19098301,
      "y" : -1.0,
      "z" : 0.309017
    }, {
      "x" : -0.19098301,
      "y" : -1.0,
      "z" : 0.309017
    }, {
      "x" : -0.19098301,
      "y" : -1.0,
      "z" : -0.309017
    }, {
      "x" : 0.19098301,
      "y" : -1.0,
      "z" : -0.309017
    }, {
      "x" : 1.0,
      "y" : -0.309017,
      "z" : -0.19098301
    }, {
      "x" : 0.809017,
      "y" : -0.618034,
      "z" : -0.309017
    }, {
      "x" : 0.618034,
      "y" : -0.309017,
      "z" : -0.809017
    }, {
      "x" : 0.809017,
      "y" : 0.0,
      "z" : -0.690983
    }, {
      "x" : 0.0,
      "y" : 0.690983,
      "z" : -0.809017
    }, {
      "x" : 0.309017,
      "y" : 0.809017,
      "z" : -0.618034
    }, {
      "x" : 0.618034,
      "y" : 0.309017,
      "z" : -0.809017
    }, {
      "x" : 0.309017,
      "y" : 0.19098301,
      "z" : -1.0
    }, {
      "x" : 1.0,
      "y" : 0.309017,
      "z" : -0.19098301
    }, {
      "x" : -0.309017,
      "y" : -0.809017,
      "z" : 0.618034
    }, {
      "x" : 0.0,
      "y" : -0.690983,
      "z" : 0.809017
    }, {
      "x" : 0.809017,
      "y" : 0.618034,
      "z" : -0.309017
    }, {
      "x" : 0.690983,
      "y" : 0.809017,
      "z" : 0.0
    }, {
      "x" : -0.690983,
      "y" : 0.809017,
      "z" : 0.0
    }, {
      "x" : -0.809017,
      "y" : 0.618034,
      "z" : 0.309017
    }, {
      "x" : -0.309017,
      "y" : 0.809017,
      "z" : 0.618034
    }, {
      "x" : -0.19098301,
      "y" : 1.0,
      "z" : 0.309017
    }, {
      "x" : 0.309017,
      "y" : -0.19098301,
      "z" : -1.0
    }, {
      "x" : 0.19098301,
      "y" : 1.0,
      "z" : 0.309017
    }, {
      "x" : 0.309017,
      "y" : 0.809017,
      "z" : 0.618034
    }, {
      "x" : -0.809017,
      "y" : -0.618034,
      "z" : 0.309017
    }, {
      "x" : -0.690983,
      "y" : -0.809017,
      "z" : 0.0
    }, {
      "x" : 0.0,
      "y" : 0.690983,
      "z" : 0.809017
    }, {
      "x" : 0.309017,
      "y" : -0.809017,
      "z" : -0.618034
    }, {
      "x" : 0.0,
      "y" : -0.690983,
      "z" : -0.809017
    }, {
      "x" : -1.0,
      "y" : 0.309017,
      "z" : 0.19098301
    }, {
      "x" : -0.809017,
      "y" : 0.0,
      "z" : 0.690983
    }, {
      "x" : -0.618034,
      "y" : 0.309017,
      "z" : 0.809017
    }, {
      "x" : 1.0,
      "y" : -0.309017,
      "z" : 0.19098301
    }, {
      "x" : -0.309017,
      "y" : -0.809017,
      "z" : -0.618034
    }, {
      "x" : -1.0,
      "y" : 0.309017,
      "z" : -0.19098301
    }, {
      "x" : -1.0,
      "y" : -0.309017,
      "z" : -0.19098301
    }, {
      "x" : -1.0,
      "y" : -0.309017,
      "z" : 0.19098301
    }, {
      "x" : 0.19098301,
      "y" : 1.0,
      "z" : -0.309017
    }, {
      "x" : -0.809017,
      "y" : 0.618034,
      "z" : -0.309017
    }, {
      "x" : -0.19098301,
      "y" : 1.0,
      "z" : -0.309017
    }, {
      "x" : -0.309017,
      "y" : 0.809017,
      "z" : -0.618034
    }, {
      "x" : -0.618034,
      "y" : -0.309017,
      "z" : 0.809017
    }, {
      "x" : 0.309017,
      "y" : 0.19098301,
      "z" : 1.0
    }, {
      "x" : -0.309017,
      "y" : 0.19098301,
      "z" : -1.0
    }, {
      "x" : -0.309017,
      "y" : 0.19098301,
      "z" : 1.0
    }, {
      "x" : -0.309017,
      "y" : -0.19098301,
      "z" : 1.0
    }, {
      "x" : 0.309017,
      "y" : -0.19098301,
      "z" : 1.0
    }, {
      "x" : 0.690983,
      "y" : -0.809017,
      "z" : 0.0
    }, {
      "x" : -0.809017,
      "y" : 0.0,
      "z" : -0.690983
    }, {
      "x" : -0.618034,
      "y" : -0.309017,
      "z" : -0.809017
    }, {
      "x" : -0.309017,
      "y" : -0.19098301,
      "z" : -1.0
    }, {
      "x" : -0.618034,
      "y" : 0.309017,
      "z" : -0.809017
    }, {
      "x" : -0.809017,
      "y" : -0.618034,
      "z" : -0.309017
    } ],
    "faces" : [ {
      "vertices" : [ 9, 40, 35 ]
    }, {
      "vertices" : [ 9, 35, 34 ]
    }, {
      "vertices" : [ 9, 34, 10 ]
    }, {
      "vertices" : [ 0, 1, 2 ]
    }, {
      "vertices" : [ 33, 51, 49 ]
    }, {
      "vertices" : [ 25, 36, 37 ]
    }, {
      "vertices" : [ 25, 37, 38 ]
    }, {
      "vertices" : [ 41, 55, 42 ]
    }, {
      "vertices" : [ 9, 32, 59 ]
    }, {
      "vertices" : [ 9, 59, 40 ]
    }, {
      "vertices" : [ 20, 21, 52 ]
    }, {
      "vertices" : [ 20, 52, 48 ]
    }, {
      "vertices" : [ 26, 33, 30 ]
    }, {
      "vertices" : [ 26, 30, 29 ]
    }, {
      "vertices" : [ 26, 29, 27 ]
    }, {
      "vertices" : [ 3, 4, 5 ]
    }, {
      "vertices" : [ 3, 5, 6 ]
    }, {
      "vertices" : [ 27, 29, 44 ]
    }, {
      "vertices" : [ 27, 44, 46 ]
    }, {
      "vertices" : [ 50, 57, 56 ]
    }, {
      "vertices" : [ 50, 56, 55 ]
    }, {
      "vertices" : [ 50, 55, 58 ]
    }, {
      "vertices" : [ 26, 38, 51 ]
    }, {
      "vertices" : [ 26, 51, 33 ]
    }, {
      "vertices" : [ 45, 47, 58 ]
    }, {
      "vertices" : [ 18, 28, 57 ]
    }, {
      "vertices" : [ 18, 57, 50 ]
    }, {
      "vertices" : [ 40, 59, 56 ]
    }, {
      "vertices" : [ 31, 48, 37 ]
    }, {
      "vertices" : [ 31, 37, 43 ]
    }, {
      "vertices" : [ 7, 8, 9 ]
    }, {
      "vertices" : [ 7, 9, 10 ]
    }, {
      "vertices" : [ 36, 41, 42 ]
    }, {
      "vertices" : [ 36, 42, 43 ]
    }, {
      "vertices" : [ 24, 46, 47 ]
    }, {
      "vertices" : [ 24, 47, 45 ]
    }, {
      "vertices" : [ 4, 30, 5 ]
    }, {
      "vertices" : [ 15, 47, 46 ]
    }, {
      "vertices" : [ 15, 46, 44 ]
    }, {
      "vertices" : [ 15, 44, 16 ]
    }, {
      "vertices" : [ 15, 50, 58 ]
    }, {
      "vertices" : [ 15, 58, 47 ]
    }, {
      "vertices" : [ 24, 45, 41 ]
    }, {
      "vertices" : [ 24, 41, 36 ]
    }, {
      "vertices" : [ 24, 36, 25 ]
    }, {
      "vertices" : [ 11, 14, 19 ]
    }, {
      "vertices" : [ 3, 6, 39 ]
    }, {
      "vertices" : [ 1, 39, 6 ]
    }, {
      "vertices" : [ 1, 6, 2 ]
    }, {
      "vertices" : [ 8, 32, 9 ]
    }, {
      "vertices" : [ 11, 12, 13 ]
    }, {
      "vertices" : [ 11, 13, 14 ]
    }, {
      "vertices" : [ 16, 22, 17 ]
    }, {
      "vertices" : [ 0, 21, 20 ]
    }, {
      "vertices" : [ 0, 20, 8 ]
    }, {
      "vertices" : [ 0, 8, 7 ]
    }, {
      "vertices" : [ 12, 34, 13 ]
    }, {
      "vertices" : [ 35, 40, 56 ]
    }, {
      "vertices" : [ 35, 56, 57 ]
    }, {
      "vertices" : [ 0, 7, 54 ]
    }, {
      "vertices" : [ 0, 54, 1 ]
    }, {
      "vertices" : [ 15, 16, 17 ]
    }, {
      "vertices" : [ 15, 17, 18 ]
    }, {
      "vertices" : [ 3, 19, 22 ]
    }, {
      "vertices" : [ 3, 22, 23 ]
    }, {
      "vertices" : [ 3, 23, 4 ]
    }, {
      "vertices" : [ 7, 10, 54 ]
    }, {
      "vertices" : [ 41, 45, 58 ]
    }, {
      "vertices" : [ 41, 58, 55 ]
    }, {
      "vertices" : [ 3, 39, 11 ]
    }, {
      "vertices" : [ 3, 11, 19 ]
    }, {
      "vertices" : [ 14, 17, 22 ]
    }, {
      "vertices" : [ 14, 22, 19 ]
    }, {
      "vertices" : [ 0, 2, 53 ]
    }, {
      "vertices" : [ 0, 53, 21 ]
    }, {
      "vertices" : [ 49, 51, 52 ]
    }, {
      "vertices" : [ 49, 52, 53 ]
    }, {
      "vertices" : [ 31, 43, 42 ]
    }, {
      "vertices" : [ 31, 42, 59 ]
    }, {
      "vertices" : [ 31, 59, 32 ]
    }, {
      "vertices" : [ 15, 18, 50 ]
    }, {
      "vertices" : [ 42, 55, 56 ]
    }, {
      "vertices" : [ 42, 56, 59 ]
    }, {
      "vertices" : [ 4, 23, 29 ]
    }, {
      "vertices" : [ 4, 29, 30 ]
    }, {
      "vertices" : [ 25, 38, 26 ]
    }, {
      "vertices" : [ 13, 28, 18 ]
    }, {
      "vertices" : [ 13, 18, 17 ]
    }, {
      "vertices" : [ 13, 17, 14 ]
    }, {
      "vertices" : [ 8, 20, 31 ]
    }, {
      "vertices" : [ 8, 31, 32 ]
    }, {
      "vertices" : [ 23, 44, 29 ]
    }, {
      "vertices" : [ 24, 27, 46 ]
    }, {
      "vertices" : [ 37, 48, 52 ]
    }, {
      "vertices" : [ 37, 52, 51 ]
    }, {
      "vertices" : [ 37, 51, 38 ]
    }, {
      "vertices" : [ 20, 48, 31 ]
    }, {
      "vertices" : [ 24, 25, 26 ]
    }, {
      "vertices" : [ 24, 26, 27 ]
    }, {
      "vertices" : [ 16, 44, 23 ]
    }, {
      "vertices" : [ 16, 23, 22 ]
    }, {
      "vertices" : [ 13, 34, 35 ]
    }, {
      "vertices" : [ 13, 35, 28 ]
    }, {
      "vertices" : [ 10, 34, 12 ]
    }, {
      "vertices" : [ 10, 12, 54 ]
    }, {
      "vertices" : [ 2, 6, 5 ]
    }, {
      "vertices" : [ 2, 5, 49 ]
    }, {
      "vertices" : [ 2, 49, 53 ]
    }, {
      "vertices" : [ 36, 43, 37 ]
    }, {
      "vertices" : [ 5, 30, 33 ]
    }, {
      "vertices" : [ 5, 33, 49 ]
    }, {
      "vertices" : [ 1, 54, 12 ]
    }, {
      "vertices" : [ 1, 12, 11 ]
    }, {
      "vertices" : [ 1, 11, 39 ]
    }, {
      "vertices" : [ 28, 35, 57 ]
    }, {
      "vertices" : [ 21, 53, 52 ]
    } ]
  } ],
  "instances" : [ {
    "shape" : "4b6aa1b3-6225-4b5c-a52c-7b6aee30aa95",
    "color" : "#57BC30",
    "position" : {
      "x" : 5.5516734,
      "y" : -6.2881694,
      "z" : -19.341234
    },
    "orientation" : 4
  }, {
    "shape" : "4b6aa1b3-6225-4b5c-a52c-7b6aee30aa95",
    "color" : "#57BC30",
    "position" : {
      "x" : -6.2881694,
      "y" : 19.341234,
      "z" : -5.5516734
    },
    "orientation" : 18
  }, {
    "shape" : "f5f54fc3-7fce-4b1c-b609-9ccc5903f2ba",
    "color" : "#B2B27F",
    "position" : {
      "x" : -6.2881694,
      "y" : -19.341234,
      "z" : 5.5516734
    },
    "orientation" : 56
  }, {
    "shape" : "f5f54fc3-7fce-4b1c-b609-9ccc5903f2ba",
    "color" : "#B2B27F",
    "position" : {
      "x" : 13.839843,
      "y" : 7.1223707,
      "z" : 14.218864
    },
    "orientation" : 52
  }, {
    "shape" : "4b6aa1b3-6225-4b5c-a52c-7b6aee30aa95",
    "color" : "#57BC30",
    "position" : {
      "x" : 20.507034,
      "y" : 3.6653712,
      "z" : -3.236068
    },
    "orientation" : 57
  }, {
    "shape" : "ba5458cb-7173-4bf6-a8bd-fee263abfd95",
    "color" : "#BB3930",
    "position" : {
      "x" : 5.5516734,
      "y" : 6.2881694,
      "z" : 19.341234
    },
    "orientation" : 32
  }, {
    "shape" : "ba5458cb-7173-4bf6-a8bd-fee263abfd95",
    "color" : "#BB3930",
    "position" : {
      "x" : -16.105167,
      "y" : -10.787742,
      "z" : -8.28817
    },
    "orientation" : 19
  }, {
    "shape" : "ba5458cb-7173-4bf6-a8bd-fee263abfd95",
    "color" : "#BB3930",
    "position" : {
      "x" : 14.218864,
      "y" : 13.839843,
      "z" : 7.1223707
    },
    "orientation" : 11
  }, {
    "shape" : "ba5458cb-7173-4bf6-a8bd-fee263abfd95",
    "color" : "#BB3930",
    "position" : {
      "x" : 13.839843,
      "y" : -7.1223707,
      "z" : -14.218864
    },
    "orientation" : 25
  }, {
    "shape" : "ab664f5e-a765-49b8-bdb8-e4bacefee83f",
    "color" : "#FFFFFF",
    "position" : {
      "x" : 5.5516734,
      "y" : -6.2881694,
      "z" : -19.341234
    }
  }, {
    "shape" : "ab664f5e-a765-49b8-bdb8-e4bacefee83f",
    "color" : "#FFFFFF",
    "position" : {
      "x" : 6.2881694,
      "y" : -19.341234,
      "z" : -5.5516734
    }
  }, {
    "shape" : "ba5458cb-7173-4bf6-a8bd-fee263abfd95",
    "color" : "#BB3930",
    "position" : {
      "x" : 19.341234,
      "y" : 5.5516734,
      "z" : 6.2881694
    },
    "orientation" : 15
  }, {
    "shape" : "f5f54fc3-7fce-4b1c-b609-9ccc5903f2ba",
    "color" : "#B2B27F",
    "position" : {
      "x" : 17.07591,
      "y" : -1.8863025,
      "z" : 12.218864
    },
    "orientation" : 29
  }, {
    "shape" : "f5f54fc3-7fce-4b1c-b609-9ccc5903f2ba",
    "color" : "#B2B27F",
    "position" : {
      "x" : 10.787742,
      "y" : -8.28817,
      "z" : 16.105167
    },
    "orientation" : 19
  }, {
    "shape" : "ab664f5e-a765-49b8-bdb8-e4bacefee83f",
    "color" : "#FFFFFF",
    "position" : {
      "x" : -13.839843,
      "y" : -7.1223707,
      "z" : 14.218864
    }
  }, {
    "shape" : "ab664f5e-a765-49b8-bdb8-e4bacefee83f",
    "color" : "#FFFFFF",
    "position" : {
      "x" : 20.507034,
      "y" : -3.6653712,
      "z" : 3.236068
    }
  }, {
    "shape" : "4b6aa1b3-6225-4b5c-a52c-7b6aee30aa95",
    "color" : "#57BC30",
    "position" : {
      "x" : -6.2881694,
      "y" : -19.341234,
      "z" : 5.5516734
    },
    "orientation" : 3
  }, {
    "shape" : "4b6aa1b3-6225-4b5c-a52c-7b6aee30aa95",
    "color" : "#57BC30",
    "position" : {
      "x" : 17.07591,
      "y" : 1.8863025,
      "z" : -12.218864
    },
    "orientation" : 39
  }, {
    "shape" : "4b6aa1b3-6225-4b5c-a52c-7b6aee30aa95",
    "color" : "#57BC30",
    "position" : {
      "x" : -3.236068,
      "y" : 20.507034,
      "z" : 3.6653712
    },
    "orientation" : 43
  }, {
    "shape" : "ba5458cb-7173-4bf6-a8bd-fee263abfd95",
    "color" : "#BB3930",
    "position" : {
      "x" : -17.07591,
      "y" : -1.8863025,
      "z" : -12.218864
    },
    "orientation" : 57
  }, {
    "shape" : "4b6aa1b3-6225-4b5c-a52c-7b6aee30aa95",
    "color" : "#57BC30",
    "position" : {
      "x" : 8.28817,
      "y" : -16.105167,
      "z" : 10.787742
    },
    "orientation" : 51
  }, {
    "shape" : "4b6aa1b3-6225-4b5c-a52c-7b6aee30aa95",
    "color" : "#57BC30",
    "position" : {
      "x" : 1.8863025,
      "y" : -12.218864,
      "z" : 17.07591
    },
    "orientation" : 56
  }, {
    "shape" : "4b6aa1b3-6225-4b5c-a52c-7b6aee30aa95",
    "color" : "#57BC30",
    "position" : {
      "x" : -20.507034,
      "y" : 3.6653712,
      "z" : 3.236068
    },
    "orientation" : 12
  }, {
    "shape" : "ab664f5e-a765-49b8-bdb8-e4bacefee83f",
    "color" : "#FFFFFF",
    "position" : {
      "x" : -6.2881694,
      "y" : -19.341234,
      "z" : 5.5516734
    }
  }, {
    "shape" : "ba5458cb-7173-4bf6-a8bd-fee263abfd95",
    "color" : "#BB3930",
    "position" : {
      "x" : -16.105167,
      "y" : 10.787742,
      "z" : 8.28817
    },
    "orientation" : 4
  }, {
    "shape" : "4b6aa1b3-6225-4b5c-a52c-7b6aee30aa95",
    "color" : "#57BC30",
    "position" : {
      "x" : -1.8863025,
      "y" : 12.218864,
      "z" : 17.07591
    },
    "orientation" : 26
  }, {
    "shape" : "4b6aa1b3-6225-4b5c-a52c-7b6aee30aa95",
    "color" : "#57BC30",
    "position" : {
      "x" : -14.218864,
      "y" : -13.839843,
      "z" : 7.1223707
    },
    "orientation" : 46
  }, {
    "shape" : "ba5458cb-7173-4bf6-a8bd-fee263abfd95",
    "color" : "#BB3930",
    "position" : {
      "x" : -8.28817,
      "y" : 16.105167,
      "z" : 10.787742
    },
    "orientation" : 35
  }, {
    "shape" : "ab664f5e-a765-49b8-bdb8-e4bacefee83f",
    "color" : "#FFFFFF",
    "position" : {
      "x" : -19.341234,
      "y" : -5.5516734,
      "z" : 6.2881694
    }
  }, {
    "shape" : "4b6aa1b3-6225-4b5c-a52c-7b6aee30aa95",
    "color" : "#57BC30",
    "position" : {
      "x" : -8.28817,
      "y" : 16.105167,
      "z" : 10.787742
    },
    "orientation" : 21
  }, {
    "shape" : "ab664f5e-a765-49b8-bdb8-e4bacefee83f",
    "color" : "#FFFFFF",
    "position" : {
      "x" : 5.5516734,
      "y" : 6.2881694,
      "z" : 19.341234
    }
  }, {
    "shape" : "4b6aa1b3-6225-4b5c-a52c-7b6aee30aa95",
    "color" : "#57BC30",
    "position" : {
      "x" : 14.218864,
      "y" : -13.839843,
      "z" : -7.1223707
    },
    "orientation" : 1
  }, {
    "shape" : "4b6aa1b3-6225-4b5c-a52c-7b6aee30aa95",
    "color" : "#57BC30",
    "position" : {
      "x" : 3.6653712,
      "y" : -3.236068,
      "z" : 20.507034
    },
    "orientation" : 29
  }, {
    "shape" : "4b6aa1b3-6225-4b5c-a52c-7b6aee30aa95",
    "color" : "#57BC30",
    "position" : {
      "x" : -3.236068,
      "y" : -20.507034,
      "z" : -3.6653712
    },
    "orientation" : 58
  }, {
    "shape" : "ab664f5e-a765-49b8-bdb8-e4bacefee83f",
    "color" : "#FFFFFF",
    "position" : {
      "x" : -3.236068,
      "y" : 20.507034,
      "z" : 3.6653712
    }
  }, {
    "shape" : "ab664f5e-a765-49b8-bdb8-e4bacefee83f",
    "color" : "#FFFFFF",
    "position" : {
      "x" : 8.28817,
      "y" : 16.105167,
      "z" : -10.787742
    }
  }, {
    "shape" : "ba5458cb-7173-4bf6-a8bd-fee263abfd95",
    "color" : "#BB3930",
    "position" : {
      "x" : -20.507034,
      "y" : -3.6653712,
      "z" : -3.236068
    },
    "orientation" : 53
  }, {
    "shape" : "ab664f5e-a765-49b8-bdb8-e4bacefee83f",
    "color" : "#FFFFFF",
    "position" : {
      "x" : -7.1223707,
      "y" : -14.218864,
      "z" : 13.839843
    }
  }, {
    "shape" : "4b6aa1b3-6225-4b5c-a52c-7b6aee30aa95",
    "color" : "#57BC30",
    "position" : {
      "x" : 16.105167,
      "y" : -10.787742,
      "z" : 8.28817
    },
    "orientation" : 53
  }, {
    "shape" : "4b6aa1b3-6225-4b5c-a52c-7b6aee30aa95",
    "color" : "#57BC30",
    "position" : {
      "x" : -10.787742,
      "y" : 8.28817,
      "z" : 16.105167
    },
    "orientation" : 22
  }, {
    "shape" : "ab664f5e-a765-49b8-bdb8-e4bacefee83f",
    "color" : "#FFFFFF",
    "position" : {
      "x" : 13.839843,
      "y" : -7.1223707,
      "z" : -14.218864
    }
  }, {
    "shape" : "ab664f5e-a765-49b8-bdb8-e4bacefee83f",
    "color" : "#FFFFFF",
    "position" : {
      "x" : 3.6653712,
      "y" : -3.236068,
      "z" : 20.507034
    }
  }, {
    "shape" : "ba5458cb-7173-4bf6-a8bd-fee263abfd95",
    "color" : "#BB3930",
    "position" : {
      "x" : 14.218864,
      "y" : -13.839843,
      "z" : -7.1223707
    },
    "orientation" : 26
  }, {
    "shape" : "ab664f5e-a765-49b8-bdb8-e4bacefee83f",
    "color" : "#FFFFFF",
    "position" : {
      "x" : 3.6653712,
      "y" : 3.236068,
      "z" : -20.507034
    }
  }, {
    "shape" : "4b6aa1b3-6225-4b5c-a52c-7b6aee30aa95",
    "color" : "#57BC30",
    "position" : {
      "x" : 1.8863025,
      "y" : 12.218864,
      "z" : -17.07591
    },
    "orientation" : 41
  }, {
    "shape" : "ab664f5e-a765-49b8-bdb8-e4bacefee83f",
    "color" : "#FFFFFF",
    "position" : {
      "x" : -1.8863025,
      "y" : -12.218864,
      "z" : -17.07591
    }
  }, {
    "shape" : "f5f54fc3-7fce-4b1c-b609-9ccc5903f2ba",
    "color" : "#B2B27F",
    "position" : {
      "x" : -8.28817,
      "y" : 16.105167,
      "z" : 10.787742
    },
    "orientation" : 33
  }, {
    "shape" : "f5f54fc3-7fce-4b1c-b609-9ccc5903f2ba",
    "color" : "#B2B27F",
    "position" : {
      "x" : -5.5516734,
      "y" : 6.2881694,
      "z" : -19.341234
    },
    "orientation" : 9
  }, {
    "shape" : "4b6aa1b3-6225-4b5c-a52c-7b6aee30aa95",
    "color" : "#57BC30",
    "position" : {
      "x" : 17.07591,
      "y" : -1.8863025,
      "z" : 12.218864
    },
    "orientation" : 54
  }, {
    "shape" : "ba5458cb-7173-4bf6-a8bd-fee263abfd95",
    "color" : "#BB3930",
    "position" : {
      "x" : -12.218864,
      "y" : -17.07591,
      "z" : -1.8863025
    },
    "orientation" : 43
  }, {
    "shape" : "ab664f5e-a765-49b8-bdb8-e4bacefee83f",
    "color" : "#FFFFFF",
    "position" : {
      "x" : 14.218864,
      "y" : -13.839843,
      "z" : -7.1223707
    }
  }, {
    "shape" : "ba5458cb-7173-4bf6-a8bd-fee263abfd95",
    "color" : "#BB3930",
    "position" : {
      "x" : 5.5516734,
      "y" : -6.2881694,
      "z" : -19.341234
    },
    "orientation" : 47
  }, {
    "shape" : "ab664f5e-a765-49b8-bdb8-e4bacefee83f",
    "color" : "#FFFFFF",
    "position" : {
      "x" : -3.236068,
      "y" : -20.507034,
      "z" : -3.6653712
    }
  }, {
    "shape" : "4b6aa1b3-6225-4b5c-a52c-7b6aee30aa95",
    "color" : "#57BC30",
    "position" : {
      "x" : 14.218864,
      "y" : 13.839843,
      "z" : 7.1223707
    },
    "orientation" : 16
  }, {
    "shape" : "f5f54fc3-7fce-4b1c-b609-9ccc5903f2ba",
    "color" : "#B2B27F",
    "position" : {
      "x" : 12.218864,
      "y" : 17.07591,
      "z" : -1.8863025
    },
    "orientation" : 57
  }, {
    "shape" : "ba5458cb-7173-4bf6-a8bd-fee263abfd95",
    "color" : "#BB3930",
    "position" : {
      "x" : 20.507034,
      "y" : 3.6653712,
      "z" : -3.236068
    },
    "orientation" : 23
  }, {
    "shape" : "f5f54fc3-7fce-4b1c-b609-9ccc5903f2ba",
    "color" : "#B2B27F",
    "position" : {
      "x" : 8.28817,
      "y" : -16.105167,
      "z" : 10.787742
    },
    "orientation" : 3
  }, {
    "shape" : "4b6aa1b3-6225-4b5c-a52c-7b6aee30aa95",
    "color" : "#57BC30",
    "position" : {
      "x" : -17.07591,
      "y" : 1.8863025,
      "z" : 12.218864
    },
    "orientation" : 24
  }, {
    "shape" : "4b6aa1b3-6225-4b5c-a52c-7b6aee30aa95",
    "color" : "#57BC30",
    "position" : {
      "x" : -19.341234,
      "y" : -5.5516734,
      "z" : 6.2881694
    },
    "orientation" : 20
  }, {
    "shape" : "f5f54fc3-7fce-4b1c-b609-9ccc5903f2ba",
    "color" : "#B2B27F",
    "position" : {
      "x" : -13.839843,
      "y" : -7.1223707,
      "z" : 14.218864
    },
    "orientation" : 22
  }, {
    "shape" : "ab664f5e-a765-49b8-bdb8-e4bacefee83f",
    "color" : "#FFFFFF",
    "position" : {
      "x" : -8.28817,
      "y" : 16.105167,
      "z" : 10.787742
    }
  }, {
    "shape" : "ab664f5e-a765-49b8-bdb8-e4bacefee83f",
    "color" : "#FFFFFF",
    "position" : {
      "x" : -8.28817,
      "y" : -16.105167,
      "z" : -10.787742
    }
  }, {
    "shape" : "ba5458cb-7173-4bf6-a8bd-fee263abfd95",
    "color" : "#BB3930",
    "position" : {
      "x" : 19.341234,
      "y" : -5.5516734,
      "z" : -6.2881694
    },
    "orientation" : 0
  }, {
    "shape" : "4b6aa1b3-6225-4b5c-a52c-7b6aee30aa95",
    "color" : "#57BC30",
    "position" : {
      "x" : -7.1223707,
      "y" : 14.218864,
      "z" : -13.839843
    },
    "orientation" : 2
  }, {
    "shape" : "f5f54fc3-7fce-4b1c-b609-9ccc5903f2ba",
    "color" : "#B2B27F",
    "position" : {
      "x" : 7.1223707,
      "y" : 14.218864,
      "z" : 13.839843
    },
    "orientation" : 21
  }, {
    "shape" : "f5f54fc3-7fce-4b1c-b609-9ccc5903f2ba",
    "color" : "#B2B27F",
    "position" : {
      "x" : 20.507034,
      "y" : -3.6653712,
      "z" : 3.236068
    },
    "orientation" : 1
  }, {
    "shape" : "4b6aa1b3-6225-4b5c-a52c-7b6aee30aa95",
    "color" : "#57BC30",
    "position" : {
      "x" : 3.236068,
      "y" : -20.507034,
      "z" : 3.6653712
    },
    "orientation" : 13
  }, {
    "shape" : "ba5458cb-7173-4bf6-a8bd-fee263abfd95",
    "color" : "#BB3930",
    "position" : {
      "x" : 13.839843,
      "y" : 7.1223707,
      "z" : 14.218864
    },
    "orientation" : 10
  }, {
    "shape" : "4b6aa1b3-6225-4b5c-a52c-7b6aee30aa95",
    "color" : "#57BC30",
    "position" : {
      "x" : 6.2881694,
      "y" : -19.341234,
      "z" : -5.5516734
    },
    "orientation" : 48
  }, {
    "shape" : "f5f54fc3-7fce-4b1c-b609-9ccc5903f2ba",
    "color" : "#B2B27F",
    "position" : {
      "x" : -1.8863025,
      "y" : 12.218864,
      "z" : 17.07591
    },
    "orientation" : 43
  }, {
    "shape" : "ab664f5e-a765-49b8-bdb8-e4bacefee83f",
    "color" : "#FFFFFF",
    "position" : {
      "x" : -1.8863025,
      "y" : 12.218864,
      "z" : 17.07591
    }
  }, {
    "shape" : "ab664f5e-a765-49b8-bdb8-e4bacefee83f",
    "color" : "#FFFFFF",
    "position" : {
      "x" : -19.341234,
      "y" : 5.5516734,
      "z" : -6.2881694
    }
  }, {
    "shape" : "f5f54fc3-7fce-4b1c-b609-9ccc5903f2ba",
    "color" : "#B2B27F",
    "position" : {
      "x" : 17.07591,
      "y" : 1.8863025,
      "z" : -12.218864
    },
    "orientation" : 14
  }, {
    "shape" : "ba5458cb-7173-4bf6-a8bd-fee263abfd95",
    "color" : "#BB3930",
    "position" : {
      "x" : -19.341234,
      "y" : 5.5516734,
      "z" : -6.2881694
    },
    "orientation" : 30
  }, {
    "shape" : "ba5458cb-7173-4bf6-a8bd-fee263abfd95",
    "color" : "#BB3930",
    "position" : {
      "x" : 16.105167,
      "y" : -10.787742,
      "z" : 8.28817
    },
    "orientation" : 34
  }, {
    "shape" : "f5f54fc3-7fce-4b1c-b609-9ccc5903f2ba",
    "color" : "#B2B27F",
    "position" : {
      "x" : -19.341234,
      "y" : 5.5516734,
      "z" : -6.2881694
    },
    "orientation" : 25
  }, {
    "shape" : "ba5458cb-7173-4bf6-a8bd-fee263abfd95",
    "color" : "#BB3930",
    "position" : {
      "x" : 10.787742,
      "y" : 8.28817,
      "z" : -16.105167
    },
    "orientation" : 3
  }, {
    "shape" : "ba5458cb-7173-4bf6-a8bd-fee263abfd95",
    "color" : "#BB3930",
    "position" : {
      "x" : -3.6653712,
      "y" : 3.236068,
      "z" : 20.507034
    },
