{
  "field" : "golden",
  "symmetry" : "icosahedral",
  "orientations" : [ [ 1.0, 0.0, 0.0, 0.0, 0.0, 1.0, 0.0, 0.0, 0.0, 0.0, 1.0, 0.0, 0.0, 0.0, 0.0, 1.0 ], [ 0.0, 0.0, 1.0, 0.0, 1.0, 0.0, 0.0, 0.0, 0.0, 1.0, 0.0, 0.0, 0.0, 0.0, 0.0, 1.0 ], [ 0.0, 1.0, 0.0, 0.0, 0.0, 0.0, 1.0, 0.0, 1.0, 0.0, 0.0, 0.0, 0.0, 0.0, 0.0, 1.0 ], [ 0.809017, 0.309017, 0.5, 0.0, 0.309017, 0.5, -0.809017, 0.0, -0.5, 0.809017, 0.309017, 0.0, 0.0, 0.0, 0.0, 1.0 ], [ -0.5, 0.809017, 0.309017, 0.0, 0.809017, 0.309017, 0.5, 0.0, 0.309017, 0.5, -0.809017, 0.0, 0.0, 0.0, 0.0, 1.0 ], [ 0.309017, 0.5, -0.809017, 0.0, -0.5, 0.809017, 0.309017, 0.0, 0.809017, 0.309017, 0.5, 0.0, 0.0, 0.0, 0.0, 1.0 ], [ 0.5, 0.809017, 0.309017, 0.0, 0.809017, -0.309017, -0.5, 0.0, -0.309017, 0.5, -0.809017, 0.0, 0.0, 0.0, 0.0, 1.0 ], [ -0.309017, 0.5, -0.809017, 0.0, 0.5, 0.809017, 0.309017, 0.0, 0.809017, -0.309017, -0.5, 0.0, 0.0, 0.0, 0.0, 1.0 ], [ 0.809017, -0.309017, -0.5, 0.0, -0.309017, 0.5, -0.809017, 0.0, 0.5, 0.809017, 0.309017, 0.0, 0.0, 0.0, 0.0, 1.0 ], [ 0.5, 0.809017, -0.309017, 0.0, 0.809017, -0.309017, 0.5, 0.0, 0.309017, -0.5, -0.809017, 0.0, 0.0, 0.0, 0.0, 1.0 ], [ 0.309017, -0.5, -0.809017, 0.0, 0.5, 0.809017, -0.309017, 0.0, 0.809017, -0.309017, 0.5, 0.0, 0.0, 0.0, 0.0, 1.0 ], [ 0.809017, -0.309017, 0.5, 0.0, 0.309017, -0.5, -0.809017, 0.0, 0.5, 0.809017, -0.309017, 0.0, 0.0, 0.0, 0.0, 1.0 ], [ 0.809017, 0.309017, -0.5, 0.0, 0.309017, 0.5, 0.809017, 0.0, 0.5, -0.809017, 0.309017, 0.0, 0.0, 0.0, 0.0, 1.0 ], [ 0.5, -0.809017, 0.309017, 0.0, 0.809017, 0.309017, -0.5, 0.0, 0.309017, 0.5, 0.809017, 0.0, 0.0, 0.0, 0.0, 1.0 ], [ 0.309017, 0.5, 0.809017, 0.0, 0.5, -0.809017, 0.309017, 0.0, 0.809017, 0.309017, -0.5, 0.0, 0.0, 0.0, 0.0, 1.0 ], [ 1.0, 0.0, 0.0, 0.0, 0.0, -1.0, 0.0, 0.0, 0.0, 0.0, -1.0, 0.0, 0.0, 0.0, 0.0, 1.0 ], [ 0.0, 0.0, 1.0, 0.0, -1.0, 0.0, 0.0, 0.0, 0.0, -1.0, 0.0, 0.0, 0.0, 0.0, 0.0, 1.0 ], [ 0.0, 1.0, 0.0, 0.0, 0.0, 0.0, -1.0, 0.0, -1.0, 0.0, 0.0, 0.0, 0.0, 0.0, 0.0, 1.0 ], [ 0.809017, 0.309017, 0.5, 0.0, -0.309017, -0.5, 0.809017, 0.0, 0.5, -0.809017, -0.309017, 0.0, 0.0, 0.0, 0.0, 1.0 ], [ -0.5, 0.809017, 0.309017, 0.0, -0.809017, -0.309017, -0.5, 0.0, -0.309017, -0.5, 0.809017, 0.0, 0.0, 0.0, 0.0, 1.0 ], [ 0.309017, 0.5, -0.809017, 0.0, 0.5, -0.809017, -0.309017, 0.0, -0.809017, -0.309017, -0.5, 0.0, 0.0, 0.0, 0.0, 1.0 ], [ 0.5, 0.809017, 0.309017, 0.0, -0.809017, 0.309017, 0.5, 0.0, 0.309017, -0.5, 0.809017, 0.0, 0.0, 0.0, 0.0, 1.0 ], [ -0.309017, 0.5, -0.809017, 0.0, -0.5, -0.809017, -0.309017, 0.0, -0.809017, 0.309017, 0.5, 0.0, 0.0, 0.0, 0.0, 1.0 ], [ 0.809017, -0.309017, -0.5, 0.0, 0.309017, -0.5, 0.809017, 0.0, -0.5, -0.809017, -0.309017, 0.0, 0.0, 0.0, 0.0, 1.0 ], [ 0.5, 0.809017, -0.309017, 0.0, -0.809017, 0.309017, -0.5, 0.0, -0.309017, 0.5, 0.809017, 0.0, 0.0, 0.0, 0.0, 1.0 ], [ 0.309017, -0.5, -0.809017, 0.0, -0.5, -0.809017, 0.309017, 0.0, -0.809017, 0.309017, -0.5, 0.0, 0.0, 0.0, 0.0, 1.0 ], [ 0.809017, -0.309017, 0.5, 0.0, -0.309017, 0.5, 0.809017, 0.0, -0.5, -0.809017, 0.309017, 0.0, 0.0, 0.0, 0.0, 1.0 ], [ 0.809017, 0.309017, -0.5, 0.0, -0.309017, -0.5, -0.809017, 0.0, -0.5, 0.809017, -0.309017, 0.0, 0.0, 0.0, 0.0, 1.0 ], [ 0.5, -0.809017, 0.309017, 0.0, -0.809017, -0.309017, 0.5, 0.0, -0.309017, -0.5, -0.809017, 0.0, 0.0, 0.0, 0.0, 1.0 ], [ 0.309017, 0.5, 0.809017, 0.0, -0.5, 0.809017, -0.309017, 0.0, -0.809017, -0.309017, 0.5, 0.0, 0.0, 0.0, 0.0, 1.0 ], [ -1.0, 0.0, 0.0, 0.0, 0.0, -1.0, 0.0, 0.0, 0.0, 0.0, 1.0, 0.0, 0.0, 0.0, 0.0, 1.0 ], [ 0.0, 0.0, -1.0, 0.0, -1.0, 0.0, 0.0, 0.0, 0.0, 1.0, 0.0, 0.0, 0.0, 0.0, 0.0, 1.0 ], [ 0.0, -1.0, 0.0, 0.0, 0.0, 0.0, -1.0, 0.0, 1.0, 0.0, 0.0, 0.0, 0.0, 0.0, 0.0, 1.0 ], [ -0.809017, -0.309017, -0.5, 0.0, -0.309017, -0.5, 0.809017, 0.0, -0.5, 0.809017, 0.309017, 0.0, 0.0, 0.0, 0.0, 1.0 ], [ 0.5, -0.809017, -0.309017, 0.0, -0.809017, -0.309017, -0.5, 0.0, 0.309017, 0.5, -0.809017, 0.0, 0.0, 0.0, 0.0, 1.0 ], [ -0.309017, -0.5, 0.809017, 0.0, 0.5, -0.809017, -0.309017, 0.0, 0.809017, 0.309017, 0.5, 0.0, 0.0, 0.0, 0.0, 1.0 ], [ -0.5, -0.809017, -0.309017, 0.0, -0.809017, 0.309017, 0.5, 0.0, -0.309017, 0.5, -0.809017, 0.0, 0.0, 0.0, 0.0, 1.0 ], [ 0.309017, -0.5, 0.809017, 0.0, -0.5, -0.809017, -0.309017, 0.0, 0.809017, -0.309017, -0.5, 0.0, 0.0, 0.0, 0.0, 1.0 ], [ -0.809017, 0.309017, 0.5, 0.0, 0.309017, -0.5, 0.809017, 0.0, 0.5, 0.809017, 0.309017, 0.0, 0.0, 0.0, 0.0, 1.0 ], [ -0.5, -0.809017, 0.309017, 0.0, -0.809017, 0.309017, -0.5, 0.0, 0.309017, -0.5, -0.809017, 0.0, 0.0, 0.0, 0.0, 1.0 ], [ -0.309017, 0.5, 0.809017, 0.0, -0.5, -0.809017, 0.309017, 0.0, 0.809017, -0.309017, 0.5, 0.0, 0.0, 0.0, 0.0, 1.0 ], [ -0.809017, 0.309017, -0.5, 0.0, -0.309017, 0.5, 0.809017, 0.0, 0.5, 0.809017, -0.309017, 0.0, 0.0, 0.0, 0.0, 1.0 ], [ -0.809017, -0.309017, 0.5, 0.0, -0.309017, -0.5, -0.809017, 0.0, 0.5, -0.809017, 0.309017, 0.0, 0.0, 0.0, 0.0, 1.0 ], [ -0.5, 0.809017, -0.309017, 0.0, -0.809017, -0.309017, 0.5, 0.0, 0.309017, 0.5, 0.809017, 0.0, 0.0, 0.0, 0.0, 1.0 ], [ -0.309017, -0.5, -0.809017, 0.0, -0.5, 0.809017, -0.309017, 0.0, 0.809017, 0.309017, -0.5, 0.0, 0.0, 0.0, 0.0, 1.0 ], [ -1.0, 0.0, 0.0, 0.0, 0.0, 1.0, 0.0, 0.0, 0.0, 0.0, -1.0, 0.0, 0.0, 0.0, 0.0, 1.0 ], [ 0.0, 0.0, -1.0, 0.0, 1.0, 0.0, 0.0, 0.0, 0.0, -1.0, 0.0, 0.0, 0.0, 0.0, 0.0, 1.0 ], [ 0.0, -1.0, 0.0, 0.0, 0.0, 0.0, 1.0, 0.0, -1.0, 0.0, 0.0, 0.0, 0.0, 0.0, 0.0, 1.0 ], [ -0.809017, -0.309017, -0.5, 0.0, 0.309017, 0.5, -0.809017, 0.0, 0.5, -0.809017, -0.309017, 0.0, 0.0, 0.0, 0.0, 1.0 ], [ 0.5, -0.809017, -0.309017, 0.0, 0.809017, 0.309017, 0.5, 0.0, -0.309017, -0.5, 0.809017, 0.0, 0.0, 0.0, 0.0, 1.0 ], [ -0.309017, -0.5, 0.809017, 0.0, -0.5, 0.809017, 0.309017, 0.0, -0.809017, -0.309017, -0.5, 0.0, 0.0, 0.0, 0.0, 1.0 ], [ -0.5, -0.809017, -0.309017, 0.0, 0.809017, -0.309017, -0.5, 0.0, 0.309017, -0.5, 0.809017, 0.0, 0.0, 0.0, 0.0, 1.0 ], [ 0.309017, -0.5, 0.809017, 0.0, 0.5, 0.809017, 0.309017, 0.0, -0.809017, 0.309017, 0.5, 0.0, 0.0, 0.0, 0.0, 1.0 ], [ -0.809017, 0.309017, 0.5, 0.0, -0.309017, 0.5, -0.809017, 0.0, -0.5, -0.809017, -0.309017, 0.0, 0.0, 0.0, 0.0, 1.0 ], [ -0.5, -0.809017, 0.309017, 0.0, 0.809017, -0.309017, 0.5, 0.0, -0.309017, 0.5, 0.809017, 0.0, 0.0, 0.0, 0.0, 1.0 ], [ -0.309017, 0.5, 0.809017, 0.0, 0.5, 0.809017, -0.309017, 0.0, -0.809017, 0.309017, -0.5, 0.0, 0.0, 0.0, 0.0, 1.0 ], [ -0.809017, 0.309017, -0.5, 0.0, 0.309017, -0.5, -0.809017, 0.0, -0.5, -0.809017, 0.309017, 0.0, 0.0, 0.0, 0.0, 1.0 ], [ -0.809017, -0.309017, 0.5, 0.0, 0.309017, 0.5, 0.809017, 0.0, -0.5, 0.809017, -0.309017, 0.0, 0.0, 0.0, 0.0, 1.0 ], [ -0.5, 0.809017, -0.309017, 0.0, 0.809017, 0.309017, -0.5, 0.0, -0.309017, -0.5, -0.809017, 0.0, 0.0, 0.0, 0.0, 1.0 ], [ -0.309017, -0.5, -0.809017, 0.0, 0.5, -0.809017, 0.309017, 0.0, -0.809017, -0.309017, 0.5, 0.0, 0.0, 0.0, 0.0, 1.0 ] ],
  "lights" : {
    "ambientColor" : "#292929",
    "backgroundColor" : "#8CA6BC",
    "directionalLights" : [ {
      "direction" : {
        "x" : 1.0,
        "y" : -1.0,
        "z" : -1.0
      },
      "color" : "#EBEBE4"
    }, {
      "direction" : {
        "x" : -1.0,
        "y" : 0.0,
        "z" : 0.0
      },
      "color" : "#E4E4EB"
    }, {
      "direction" : {
        "x" : 0.0,
        "y" : 0.0,
        "z" : -1.0
      },
      "color" : "#1E1E1E"
    } ]
  },
  "camera" : {
    "lookDirection" : {
      "x" : -0.3568221,
      "y" : -0.93417233,
      "z" : 0.0
    },
    "upDirection" : {
      "x" : 0.0,
      "y" : -0.0,
      "z" : -0.99999994
    },
    "lookAtPoint" : {
      "x" : 0.0,
      "y" : 0.0,
      "z" : 0.0
    },
    "stereo" : false,
    "width" : 162.45035,
    "perspective" : false,
    "position" : {
      "x" : 128.81297,
      "y" : 337.23672,
      "z" : 0.0
    },
    "viewDistance" : 361.00055,
    "nearClipDistance" : 0.90250206,
    "farClipDistance" : 722.00024,
    "fieldOfView" : 0.44262916
  },
  "embedding" : [ 1.0, 0.0, 0.0, 0.0, 0.0, 1.0, 0.0, 0.0, 0.0, 0.0, 1.0, 0.0, 0.0, 0.0, 0.0, 1.0 ],
  "shapes" : [ {
    "id" : "b878a736-c950-4f10-bc76-32c5cb3087a2",
    "vertices" : [ {
      "x" : 15.944272,
      "y" : 6.163119,
      "z" : -0.19098301
    }, {
      "x" : 16.253288,
      "y" : 5.663119,
      "z" : 0.0
    }, {
      "x" : 15.326238,
      "y" : 5.545085,
      "z" : 0.19098301
    }, {
      "x" : 15.326238,
      "y" : 5.545085,
      "z" : -0.19098301
    }, {
      "x" : 15.326238,
      "y" : 6.163119,
      "z" : 0.19098301
    }, {
      "x" : 16.135256,
      "y" : 5.854102,
      "z" : -0.309017
    }, {
      "x" : 1.618034,
      "y" : 0.309017,
      "z" : 0.19098301
    }, {
      "x" : 1.618034,
      "y" : 0.927051,
      "z" : 0.19098301
    }, {
      "x" : 0.809017,
      "y" : 0.618034,
      "z" : 0.309017
    }, {
      "x" : 15.944272,
      "y" : 6.163119,
      "z" : 0.19098301
    }, {
      "x" : 1.0,
      "y" : 0.309017,
      "z" : -0.19098301
    }, {
      "x" : 1.618034,
      "y" : 0.309017,
      "z" : -0.19098301
    }, {
      "x" : 1.0,
      "y" : 0.309017,
      "z" : 0.19098301
    }, {
      "x" : 16.135256,
      "y" : 5.854102,
      "z" : 0.309017
    }, {
      "x" : 15.326238,
      "y" : 6.163119,
      "z" : -0.19098301
    }, {
      "x" : 1.618034,
      "y" : 0.927051,
      "z" : -0.19098301
    }, {
      "x" : 0.690983,
      "y" : 0.809017,
      "z" : 0.0
    }, {
      "x" : 0.809017,
      "y" : 0.618034,
      "z" : -0.309017
    }, {
      "x" : 16.944271,
      "y" : 6.472136,
      "z" : 0.0
    } ],
    "faces" : [ {
      "vertices" : [ 1, 2, 3 ]
    }, {
      "vertices" : [ 7, 15, 16 ]
    }, {
      "vertices" : [ 10, 17, 11 ]
    }, {
      "vertices" : [ 6, 12, 10 ]
    }, {
      "vertices" : [ 6, 10, 11 ]
    }, {
      "vertices" : [ 4, 14, 15 ]
    }, {
      "vertices" : [ 4, 15, 7 ]
    }, {
      "vertices" : [ 1, 3, 5 ]
    }, {
      "vertices" : [ 3, 11, 15 ]
    }, {
      "vertices" : [ 3, 15, 14 ]
    }, {
      "vertices" : [ 11, 17, 15 ]
    }, {
      "vertices" : [ 1, 13, 2 ]
    }, {
      "vertices" : [ 15, 17, 16 ]
    }, {
      "vertices" : [ 2, 4, 7 ]
    }, {
      "vertices" : [ 2, 7, 6 ]
    }, {
      "vertices" : [ 0, 5, 14 ]
    }, {
      "vertices" : [ 2, 13, 4 ]
    }, {
      "vertices" : [ 6, 7, 8 ]
    }, {
      "vertices" : [ 2, 6, 11 ]
    }, {
      "vertices" : [ 2, 11, 3 ]
    }, {
      "vertices" : [ 3, 14, 5 ]
    }, {
      "vertices" : [ 4, 13, 9 ]
    }, {
      "vertices" : [ 6, 8, 12 ]
    }, {
      "vertices" : [ 0, 14, 4 ]
    }, {
      "vertices" : [ 0, 4, 9 ]
    }, {
      "vertices" : [ 7, 16, 8 ]
    } ]
  }, {
    "id" : "5326120a-1d46-430b-b68b-52a6b09c26a9",
    "vertices" : [ {
      "x" : 0.309017,
      "y" : -0.809017,
      "z" : 0.618034
    }, {
      "x" : 0.809017,
      "y" : -0.618034,
      "z" : 0.309017
    }, {
      "x" : 0.618034,
      "y" : -0.309017,
      "z" : 0.809017
    }, {
      "x" : 1.0,
      "y" : 0.309017,
      "z" : 0.19098301
    }, {
      "x" : 0.809017,
      "y" : 0.618034,
      "z" : 0.309017
    }, {
      "x" : 0.618034,
      "y" : 0.309017,
      "z" : 0.809017
    }, {
      "x" : 0.809017,
      "y" : 0.0,
      "z" : 0.690983
    }, {
      "x" : 0.19098301,
      "y" : -1.0,
      "z" : 0.309017
    }, {
      "x" : -0.19098301,
      "y" : -1.0,
      "z" : 0.309017
    }, {
      "x" : -0.19098301,
      "y" : -1.0,
      "z" : -0.309017
    }, {
      "x" : 0.19098301,
      "y" : -1.0,
      "z" : -0.309017
    }, {
      "x" : 1.0,
      "y" : -0.309017,
      "z" : -0.19098301
    }, {
      "x" : 0.809017,
      "y" : -0.618034,
      "z" : -0.309017
    }, {
      "x" : 0.618034,
      "y" : -0.309017,
      "z" : -0.809017
    }, {
      "x" : 0.809017,
      "y" : 0.0,
      "z" : -0.690983
    }, {
      "x" : 0.0,
      "y" : 0.690983,
      "z" : -0.809017
    }, {
      "x" : 0.309017,
      "y" : 0.809017,
      "z" : -0.618034
    }, {
      "x" : 0.618034,
      "y" : 0.309017,
      "z" : -0.809017
    }, {
      "x" : 0.309017,
      "y" : 0.19098301,
      "z" : -1.0
    }, {
      "x" : 1.0,
      "y" : 0.309017,
      "z" : -0.19098301
    }, {
      "x" : -0.309017,
      "y" : -0.809017,
      "z" : 0.618034
    }, {
      "x" : 0.0,
      "y" : -0.690983,
      "z" : 0.809017
    }, {
      "x" : 0.809017,
      "y" : 0.618034,
      "z" : -0.309017
    }, {
      "x" : 0.690983,
      "y" : 0.809017,
      "z" : 0.0
    }, {
      "x" : -0.690983,
      "y" : 0.809017,
      "z" : 0.0
    }, {
      "x" : -0.809017,
      "y" : 0.618034,
      "z" : 0.309017
    }, {
      "x" : -0.309017,
      "y" : 0.809017,
      "z" : 0.618034
    }, {
      "x" : -0.19098301,
      "y" : 1.0,
      "z" : 0.309017
    }, {
      "x" : 0.309017,
      "y" : -0.19098301,
      "z" : -1.0
    }, {
      "x" : 0.19098301,
      "y" : 1.0,
      "z" : 0.309017
    }, {
      "x" : 0.309017,
      "y" : 0.809017,
      "z" : 0.618034
    }, {
      "x" : -0.809017,
      "y" : -0.618034,
      "z" : 0.309017
    }, {
      "x" : -0.690983,
      "y" : -0.809017,
      "z" : 0.0
    }, {
      "x" : 0.0,
      "y" : 0.690983,
      "z" : 0.809017
    }, {
      "x" : 0.309017,
      "y" : -0.809017,
      "z" : -0.618034
    }, {
      "x" : 0.0,
      "y" : -0.690983,
      "z" : -0.809017
    }, {
      "x" : -1.0,
      "y" : 0.309017,
      "z" : 0.19098301
    }, {
      "x" : -0.809017,
      "y" : 0.0,
      "z" : 0.690983
    }, {
      "x" : -0.618034,
      "y" : 0.309017,
      "z" : 0.809017
    }, {
      "x" : 1.0,
      "y" : -0.309017,
      "z" : 0.19098301
    }, {
      "x" : -0.309017,
      "y" : -0.809017,
      "z" : -0.618034
    }, {
      "x" : -1.0,
      "y" : 0.309017,
      "z" : -0.19098301
    }, {
      "x" : -1.0,
      "y" : -0.309017,
      "z" : -0.19098301
    }, {
      "x" : -1.0,
      "y" : -0.309017,
      "z" : 0.19098301
    }, {
      "x" : 0.19098301,
      "y" : 1.0,
      "z" : -0.309017
    }, {
      "x" : -0.809017,
      "y" : 0.618034,
      "z" : -0.309017
    }, {
      "x" : -0.19098301,
      "y" : 1.0,
      "z" : -0.309017
    }, {
      "x" : -0.309017,
      "y" : 0.809017,
      "z" : -0.618034
    }, {
      "x" : -0.618034,
      "y" : -0.309017,
      "z" : 0.809017
    }, {
      "x" : 0.309017,
      "y" : 0.19098301,
      "z" : 1.0
    }, {
      "x" : -0.309017,
      "y" : 0.19098301,
      "z" : -1.0
    }, {
      "x" : -0.309017,
      "y" : 0.19098301,
      "z" : 1.0
    }, {
      "x" : -0.309017,
      "y" : -0.19098301,
      "z" : 1.0
    }, {
      "x" : 0.309017,
      "y" : -0.19098301,
      "z" : 1.0
    }, {
      "x" : 0.690983,
      "y" : -0.809017,
      "z" : 0.0
    }, {
      "x" : -0.809017,
      "y" : 0.0,
      "z" : -0.690983
    }, {
      "x" : -0.618034,
      "y" : -0.309017,
      "z" : -0.809017
    }, {
      "x" : -0.309017,
      "y" : -0.19098301,
      "z" : -1.0
    }, {
      "x" : -0.618034,
      "y" : 0.309017,
      "z" : -0.809017
    }, {
      "x" : -0.809017,
      "y" : -0.618034,
      "z" : -0.309017
    } ],
    "faces" : [ {
      "vertices" : [ 9, 40, 35 ]
    }, {
      "vertices" : [ 9, 35, 34 ]
    }, {
      "vertices" : [ 9, 34, 10 ]
    }, {
      "vertices" : [ 0, 1, 2 ]
    }, {
      "vertices" : [ 33, 51, 49 ]
    }, {
      "vertices" : [ 25, 36, 37 ]
    }, {
      "vertices" : [ 25, 37, 38 ]
    }, {
      "vertices" : [ 41, 55, 42 ]
    }, {
      "vertices" : [ 9, 32, 59 ]
    }, {
      "vertices" : [ 9, 59, 40 ]
    }, {
      "vertices" : [ 20, 21, 52 ]
    }, {
      "vertices" : [ 20, 52, 48 ]
    }, {
      "vertices" : [ 26, 33, 30 ]
    }, {
      "vertices" : [ 26, 30, 29 ]
    }, {
      "vertices" : [ 26, 29, 27 ]
    }, {
      "vertices" : [ 3, 4, 5 ]
    }, {
      "vertices" : [ 3, 5, 6 ]
    }, {
      "vertices" : [ 27, 29, 44 ]
    }, {
      "vertices" : [ 27, 44, 46 ]
    }, {
      "vertices" : [ 50, 57, 56 ]
    }, {
      "vertices" : [ 50, 56, 55 ]
    }, {
      "vertices" : [ 50, 55, 58 ]
    }, {
      "vertices" : [ 26, 38, 51 ]
    }, {
      "vertices" : [ 26, 51, 33 ]
    }, {
      "vertices" : [ 45, 47, 58 ]
    }, {
      "vertices" : [ 18, 28, 57 ]
    }, {
      "vertices" : [ 18, 57, 50 ]
    }, {
      "vertices" : [ 40, 59, 56 ]
    }, {
      "vertices" : [ 31, 48, 37 ]
    }, {
      "vertices" : [ 31, 37, 43 ]
    }, {
      "vertices" : [ 7, 8, 9 ]
    }, {
      "vertices" : [ 7, 9, 10 ]
    }, {
      "vertices" : [ 36, 41, 42 ]
    }, {
      "vertices" : [ 36, 42, 43 ]
    }, {
      "vertices" : [ 24, 46, 47 ]
    }, {
      "vertices" : [ 24, 47, 45 ]
    }, {
      "vertices" : [ 4, 30, 5 ]
    }, {
      "vertices" : [ 15, 47, 46 ]
    }, {
      "vertices" : [ 15, 46, 44 ]
    }, {
      "vertices" : [ 15, 44, 16 ]
    }, {
      "vertices" : [ 15, 50, 58 ]
    }, {
      "vertices" : [ 15, 58, 47 ]
    }, {
      "vertices" : [ 24, 45, 41 ]
    }, {
      "vertices" : [ 24, 41, 36 ]
    }, {
      "vertices" : [ 24, 36, 25 ]
    }, {
      "vertices" : [ 11, 14, 19 ]
    }, {
      "vertices" : [ 3, 6, 39 ]
    }, {
      "vertices" : [ 1, 39, 6 ]
    }, {
      "vertices" : [ 1, 6, 2 ]
    }, {
      "vertices" : [ 8, 32, 9 ]
    }, {
      "vertices" : [ 11, 12, 13 ]
    }, {
      "vertices" : [ 11, 13, 14 ]
    }, {
      "vertices" : [ 16, 22, 17 ]
    }, {
      "vertices" : [ 0, 21, 20 ]
    }, {
      "vertices" : [ 0, 20, 8 ]
    }, {
      "vertices" : [ 0, 8, 7 ]
    }, {
      "vertices" : [ 12, 34, 13 ]
    }, {
      "vertices" : [ 35, 40, 56 ]
    }, {
      "vertices" : [ 35, 56, 57 ]
    }, {
      "vertices" : [ 0, 7, 54 ]
    }, {
      "vertices" : [ 0, 54, 1 ]
    }, {
      "vertices" : [ 15, 16, 17 ]
    }, {
      "vertices" : [ 15, 17, 18 ]
    }, {
      "vertices" : [ 3, 19, 22 ]
    }, {
      "vertices" : [ 3, 22, 23 ]
    }, {
      "vertices" : [ 3, 23, 4 ]
    }, {
      "vertices" : [ 7, 10, 54 ]
    }, {
      "vertices" : [ 41, 45, 58 ]
    }, {
      "vertices" : [ 41, 58, 55 ]
    }, {
      "vertices" : [ 3, 39, 11 ]
    }, {
      "vertices" : [ 3, 11, 19 ]
    }, {
      "vertices" : [ 14, 17, 22 ]
    }, {
      "vertices" : [ 14, 22, 19 ]
    }, {
      "vertices" : [ 0, 2, 53 ]
    }, {
      "vertices" : [ 0, 53, 21 ]
    }, {
      "vertices" : [ 49, 51, 52 ]
    }, {
      "vertices" : [ 49, 52, 53 ]
    }, {
      "vertices" : [ 31, 43, 42 ]
    }, {
      "vertices" : [ 31, 42, 59 ]
    }, {
      "vertices" : [ 31, 59, 32 ]
    }, {
      "vertices" : [ 15, 18, 50 ]
    }, {
      "vertices" : [ 42, 55, 56 ]
    }, {
      "vertices" : [ 42, 56, 59 ]
    }, {
      "vertices" : [ 4, 23, 29 ]
    }, {
      "vertices" : [ 4, 29, 30 ]
    }, {
      "vertices" : [ 25, 38, 26 ]
    }, {
      "vertices" : [ 13, 28, 18 ]
    }, {
      "vertices" : [ 13, 18, 17 ]
    }, {
      "vertices" : [ 13, 17, 14 ]
    }, {
      "vertices" : [ 8, 20, 31 ]
    }, {
      "vertices" : [ 8, 31, 32 ]
    }, {
      "vertices" : [ 23, 44, 29 ]
    }, {
      "vertices" : [ 24, 27, 46 ]
    }, {
      "vertices" : [ 37, 48, 52 ]
    }, {
      "vertices" : [ 37, 52, 51 ]
    }, {
      "vertices" : [ 37, 51, 38 ]
    }, {
      "vertices" : [ 20, 48, 31 ]
    }, {
      "vertices" : [ 24, 25, 26 ]
    }, {
      "vertices" : [ 24, 26, 27 ]
    }, {
      "vertices" : [ 16, 44, 23 ]
    }, {
      "vertices" : [ 16, 23, 22 ]
    }, {
      "vertices" : [ 13, 34, 35 ]
    }, {
      "vertices" : [ 13, 35, 28 ]
    }, {
      "vertices" : [ 10, 34, 12 ]
    }, {
      "vertices" : [ 10, 12, 54 ]
    }, {
      "vertices" : [ 2, 6, 5 ]
    }, {
      "vertices" : [ 2, 5, 49 ]
    }, {
      "vertices" : [ 2, 49, 53 ]
    }, {
      "vertices" : [ 36, 43, 37 ]
    }, {
      "vertices" : [ 5, 30, 33 ]
    }, {
      "vertices" : [ 5, 33, 49 ]
    }, {
      "vertices" : [ 1, 54, 12 ]
    }, {
      "vertices" : [ 1, 12, 11 ]
    }, {
      "vertices" : [ 1, 11, 39 ]
    }, {
      "vertices" : [ 28, 35, 57 ]
    }, {
      "vertices" : [ 21, 53, 52 ]
    } ]
  }, {
    "id" : "e405ea51-7db1-4b3e-9c9e-ebf28080f9ab",
    "vertices" : [ {
      "x" : 0.809017,
      "y" : 0.0,
      "z" : -0.690983
    }, {
      "x" : 1.0,
      "y" : 0.309017,
      "z" : -0.19098301
    }, {
      "x" : 35.079525,
      "y" : 0.309017,
      "z" : -13.208204
    }, {
      "x" : 34.888542,
      "y" : 0.0,
      "z" : -13.708204
    }, {
      "x" : 70.777084,
      "y" : 0.309017,
      "z" : -27.225426
    }, {
      "x" : 1.0,
      "y" : -0.309017,
      "z" : -0.19098301
    }, {
      "x" : 35.079525,
      "y" : -0.309017,
      "z" : -13.208204
    }, {
      "x" : 36.69756,
      "y" : 0.309017,
      "z" : -14.208204
    }, {
      "x" : 36.888542,
      "y" : 0.0,
      "z" : -13.708204
    }, {
      "x" : 71.777084,
      "y" : 0.0,
      "z" : -27.416409
    }, {
      "x" : 36.69756,
      "y" : -0.309017,
      "z" : -14.208204
    }, {
      "x" : 70.96807,
      "y" : 0.0,
      "z" : -26.725426
    }, {
      "x" : 70.777084,
      "y" : -0.309017,
      "z" : -27.225426
    } ],
    "faces" : [ {
      "vertices" : [ 2, 6, 8 ]
    }, {
      "vertices" : [ 4, 12, 10 ]
    }, {
      "vertices" : [ 4, 10, 7 ]
    }, {
      "vertices" : [ 2, 8, 7 ]
    }, {
      "vertices" : [ 3, 10, 6 ]
    }, {
      "vertices" : [ 3, 7, 10 ]
    }, {
      "vertices" : [ 0, 1, 2 ]
    }, {
      "vertices" : [ 0, 2, 3 ]
    }, {
      "vertices" : [ 6, 10, 8 ]
    }, {
      "vertices" : [ 8, 10, 12 ]
    }, {
      "vertices" : [ 8, 12, 11 ]
    }, {
      "vertices" : [ 2, 7, 3 ]
    }, {
      "vertices" : [ 0, 3, 6 ]
    }, {
      "vertices" : [ 0, 6, 5 ]
    }, {
      "vertices" : [ 1, 5, 6 ]
    }, {
      "vertices" : [ 1, 6, 2 ]
    }, {
      "vertices" : [ 4, 7, 8 ]
    }, {
      "vertices" : [ 4, 8, 11 ]
    } ]
  }, {
    "id" : "280ccc0f-42fb-422e-bb0e-95740072a3d4",
    "vertices" : [ {
      "x" : 22.18034,
      "y" : -32.652477,
      "z" : -5.236068
    }, {
      "x" : -5.236068,
      "y" : 39.12461,
      "z" : -5.236068
    }, {
      "x" : -22.18034,
      "y" : 32.652477,
      "z" : -5.236068
    }, {
      "x" : 5.236068,
      "y" : -39.12461,
      "z" : -5.236068
    } ],
    "faces" : [ {
      "vertices" : [ 0, 1, 2 ]
    }, {
      "vertices" : [ 0, 2, 3 ]
    }, {
      "vertices" : [ 0, 3, 2 ]
    }, {
      "vertices" : [ 0, 2, 1 ]
    } ]
  }, {
    "id" : "ef86c800-9b96-4a8f-afdb-ee9dd3e43f21",
    "vertices" : [ {
      "x" : 22.18034,
      "y" : 32.652477,
      "z" : 5.236068
    }, {
      "x" : 5.236068,
      "y" : 39.12461,
      "z" : 5.236068
    }, {
      "x" : -22.18034,
      "y" : -32.652477,
      "z" : 5.236068
    }, {
      "x" : -5.236068,
      "y" : -39.12461,
      "z" : 5.236068
    } ],
    "faces" : [ {
      "vertices" : [ 0, 1, 2 ]
    }, {
      "vertices" : [ 0, 2, 3 ]
    }, {
      "vertices" : [ 0, 3, 2 ]
    }, {
      "vertices" : [ 0, 2, 1 ]
    } ]
  } ],
  "instances" : [ {
    "shape" : "b878a736-c950-4f10-bc76-32c5cb3087a2",
    "color" : "#6C00C6",
    "position" : {
      "x" : 5.236068,
      "y" : 5.236068,
      "z" : 39.12461
    },
    "orientation" : 57
  }, {
    "shape" : "b878a736-c950-4f10-bc76-32c5cb3087a2",
    "color" : "#6C00C6",
    "position" : {
      "x" : -5.236068,
      "y" : -22.18034,
      "z" : 32.652477
    },
    "orientation" : 12
  }, {
    "shape" : "b878a736-c950-4f10-bc76-32c5cb3087a2",
    "color" : "#6C00C6",
    "position" : {
      "x" : -10.472136,
      "y" : -13.708204,
      "z" : -35.888542
    },
    "orientation" : 18
  }, {
    "shape" : "b878a736-c950-4f10-bc76-32c5cb3087a2",
    "color" : "#6C00C6",
    "position" : {
      "x" : -5.236068,
      "y" : -39.12461,
      "z" : 5.236068
    },
    "orientation" : 45
  }, {
    "shape" : "b878a736-c950-4f10-bc76-32c5cb3087a2",
    "color" : "#6C00C6",
    "position" : {
      "x" : 5.236068,
      "y" : -5.236068,
      "z" : -39.12461
    },
    "orientation" : 31
  }, {
    "shape" : "5326120a-1d46-430b-b68b-52a6b09c26a9",
    "color" : "#FFFFFF",
    "position" : {
      "x" : -5.236068,
      "y" : -39.12461,
      "z" : 5.236068
    }
  }, {
    "shape" : "5326120a-1d46-430b-b68b-52a6b09c26a9",
    "color" : "#FFFFFF",
    "position" : {
      "x" : -5.236068,
      "y" : 39.12461,
      "z" : -5.236068
    }
  }, {
    "shape" : "e405ea51-7db1-4b3e-9c9e-ebf28080f9ab",
    "color" : "#F0A000",
    "position" : {
      "x" : -5.236068,
      "y" : -5.236068,
      "z" : 39.12461
    },
    "orientation" : 17
  }, {
    "shape" : "e405ea51-7db1-4b3e-9c9e-ebf28080f9ab",
    "color" : "#F0A000",
    "position" : {
      "x" : 32.652477,
      "y" : -5.236068,
      "z" : -22.18034
    },
    "orientation" : 38
  }, {
    "shape" : "e405ea51-7db1-4b3e-9c9e-ebf28080f9ab",
    "color" : "#F0A000",
    "position" : {
      "x" : 5.236068,
      "y" : 22.18034,
      "z" : 32.652477
    },
    "orientation" : 22
  }, {
    "shape" : "b878a736-c950-4f10-bc76-32c5cb3087a2",
    "color" : "#6C00C6",
    "position" : {
      "x" : 30.652475,
      "y" : 18.944271,
      "z" : 16.944271
    },
    "orientation" : 51
  }, {
    "shape" : "b878a736-c950-4f10-bc76-32c5cb3087a2",
    "color" : "#6C00C6",
    "position" : {
      "x" : -35.888542,
      "y" : 10.472136,
      "z" : 13.708204
    },
    "orientation" : 19
  }, {
    "shape" : "b878a736-c950-4f10-bc76-32c5cb3087a2",
    "color" : "#6C00C6",
    "position" : {
      "x" : 13.708204,
      "y" : 25.416409,
      "z" : -27.416409
    },
    "orientation" : 11
  }, {
    "shape" : "b878a736-c950-4f10-bc76-32c5cb3087a2",
    "color" : "#6C00C6",
    "position" : {
      "x" : 30.652475,
      "y" : -18.944271,
      "z" : -16.944271
    },
    "orientation" : 56
  }, {
    "shape" : "b878a736-c950-4f10-bc76-32c5cb3087a2",
    "color" : "#6C00C6",
    "position" : {
      "x" : -30.652475,
      "y" : -18.944271,
      "z" : 16.944271
    },
    "orientation" : 21
  }, {
    "shape" : "b878a736-c950-4f10-bc76-32c5cb3087a2",
    "color" : "#6C00C6",
    "position" : {
      "x" : 32.652477,
      "y" : 5.236068,
      "z" : 22.18034
    },
    "orientation" : 17
  }, {
    "shape" : "5326120a-1d46-430b-b68b-52a6b09c26a9",
    "color" : "#FFFFFF",
    "position" : {
      "x" : 25.416409,
      "y" : -27.416409,
      "z" : 13.708204
    }
  }, {
    "shape" : "5326120a-1d46-430b-b68b-52a6b09c26a9",
    "color" : "#FFFFFF",
    "position" : {
      "x" : 10.472136,
      "y" : -13.708204,
      "z" : 35.888542
    }
  }, {
    "shape" : "e405ea51-7db1-4b3e-9c9e-ebf28080f9ab",
    "color" : "#F0A000",
    "position" : {
      "x" : -25.416409,
      "y" : 27.416409,
      "z" : 13.708204
    },
    "orientation" : 24
  }, {
    "shape" : "e405ea51-7db1-4b3e-9c9e-ebf28080f9ab",
    "color" : "#F0A000",
    "position" : {
      "x" : 5.236068,
      "y" : -22.18034,
      "z" : -32.652477
    },
    "orientation" : 7
  }, {
    "shape" : "280ccc0f-42fb-422e-bb0e-95740072a3d4",
    "color" : "#7FBACA",
    "position" : {
      "x" : 0.0,
      "y" : 0.0,
      "z" : 0.0
    }
  }, {
    "shape" : "5326120a-1d46-430b-b68b-52a6b09c26a9",
    "color" : "#FFFFFF",
    "position" : {
      "x" : 10.472136,
      "y" : 13.708204,
      "z" : -35.888542
    }
  }, {
    "shape" : "b878a736-c950-4f10-bc76-32c5cb3087a2",
    "color" : "#6C00C6",
    "position" : {
      "x" : -35.888542,
      "y" : -10.472136,
      "z" : -13.708204
    },
    "orientation" : 49
  }, {
    "shape" : "5326120a-1d46-430b-b68b-52a6b09c26a9",
    "color" : "#FFFFFF",
    "position" : {
      "x" : -13.708204,
      "y" : -35.888542,
      "z" : -10.472136
    }
  }, {
    "shape" : "b878a736-c950-4f10-bc76-32c5cb3087a2",
    "color" : "#6C00C6",
    "position" : {
      "x" : -5.236068,
      "y" : 22.18034,
      "z" : -32.652477
    },
    "orientation" : 16
  }, {
    "shape" : "5326120a-1d46-430b-b68b-52a6b09c26a9",
    "color" : "#FFFFFF",
    "position" : {
      "x" : -27.416409,
      "y" : -13.708204,
      "z" : -25.416409
    }
  }, {
    "shape" : "b878a736-c950-4f10-bc76-32c5cb3087a2",
    "color" : "#6C00C6",
    "position" : {
      "x" : 5.236068,
      "y" : -39.12461,
      "z" : -5.236068
    },
    "orientation" : 14
  }, {
    "shape" : "b878a736-c950-4f10-bc76-32c5cb3087a2",
    "color" : "#6C00C6",
    "position" : {
      "x" : -5.236068,
      "y" : -39.12461,
      "z" : 5.236068
    },
    "orientation" : 59
  }, {
    "shape" : "b878a736-c950-4f10-bc76-32c5cb3087a2",
    "color" : "#6C00C6",
    "position" : {
      "x" : 16.944271,
      "y" : 30.652475,
      "z" : 18.944271
    },
    "orientation" : 37
  }, {
    "shape" : "b878a736-c950-4f10-bc76-32c5cb3087a2",
    "color" : "#6C00C6",
    "position" : {
      "x" : 22.18034,
      "y" : 32.652477,
      "z" : 5.236068
    },
    "orientation" : 59
  }, {
    "shape" : "b878a736-c950-4f10-bc76-32c5cb3087a2",
    "color" : "#6C00C6",
    "position" : {
      "x" : -25.416409,
      "y" : 27.416409,
      "z" : 13.708204
    },
    "orientation" : 8
  }, {
    "shape" : "b878a736-c950-4f10-bc76-32c5cb3087a2",
    "color" : "#6C00C6",
    "position" : {
      "x" : 35.888542,
      "y" : 10.472136,
      "z" : -13.708204
    },
    "orientation" : 34
  }, {
    "shape" : "b878a736-c950-4f10-bc76-32c5cb3087a2",
    "color" : "#6C00C6",
    "position" : {
      "x" : 35.888542,
      "y" : -10.472136,
      "z" : 13.708204
    },
    "orientation" : 4
  }, {
    "shape" : "b878a736-c950-4f10-bc76-32c5cb3087a2",
    "color" : "#6C00C6",
    "position" : {
      "x" : 13.708204,
      "y" : 35.888542,
      "z" : -10.472136
    },
    "orientation" : 35
  }, {
    "shape" : "e405ea51-7db1-4b3e-9c9e-ebf28080f9ab",
    "color" : "#F0A000",
    "position" : {
      "x" : 5.236068,
      "y" : -39.12461,
      "z" : -5.236068
    },
    "orientation" : 1
  }, {
    "shape" : "5326120a-1d46-430b-b68b-52a6b09c26a9",
    "color" : "#FFFFFF",
    "position" : {
      "x" : -35.888542,
      "y" : -10.472136,
      "z" : -13.708204
    }
  }, {
    "shape" : "e405ea51-7db1-4b3e-9c9e-ebf28080f9ab",
    "color" : "#F0A000",
    "position" : {
      "x" : -10.472136,
      "y" : -13.708204,
      "z" : -35.888542
    },
    "orientation" : 7
  }, {
    "shape" : "5326120a-1d46-430b-b68b-52a6b09c26a9",
    "color" : "#FFFFFF",
    "position" : {
      "x" : -25.416409,
      "y" : -27.416409,
      "z" : -13.708204
    }
  }, {
    "shape" : "b878a736-c950-4f10-bc76-32c5cb3087a2",
    "color" : "#6C00C6",
    "position" : {
      "x" : -30.652475,
      "y" : 18.944271,
      "z" : -16.944271
    },
    "orientation" : 6
  }, {
    "shape" : "5326120a-1d46-430b-b68b-52a6b09c26a9",
    "color" : "#FFFFFF",
    "position" : {
      "x" : 13.708204,
      "y" : 35.888542,
      "z" : -10.472136
    }
  }, {
    "shape" : "5326120a-1d46-430b-b68b-52a6b09c26a9",
    "color" : "#FFFFFF",
    "position" : {
      "x" : -5.236068,
      "y" : 5.236068,
      "z" : -39.12461
    }
  }, {
    "shape" : "5326120a-1d46-430b-b68b-52a6b09c26a9",
    "color" : "#FFFFFF",
    "position" : {
      "x" : -13.708204,
      "y" : 35.888542,
      "z" : 10.472136
    }
  }, {
    "shape" : "5326120a-1d46-430b-b68b-52a6b09c26a9",
    "color" : "#FFFFFF",
    "position" : {
      "x" : 16.944271,
      "y" : 30.652475,
      "z" : 18.944271
    }
  }, {
    "shape" : "b878a736-c950-4f10-bc76-32c5cb3087a2",
    "color" : "#6C00C6",
    "position" : {
      "x" : -18.944271,
      "y" : -16.944271,
      "z" : 30.652475
    },
    "orientation" : 25
  }, {
    "shape" : "e405ea51-7db1-4b3e-9c9e-ebf28080f9ab",
    "color" : "#F0A000",
    "position" : {
      "x" : 32.652477,
      "y" : 5.236068,
      "z" : 22.18034
    },
    "orientation" : 30
  }, {
    "shape" : "b878a736-c950-4f10-bc76-32c5cb3087a2",
    "color" : "#6C00C6",
    "position" : {
      "x" : 27.416409,
      "y" : -13.708204,
      "z" : 25.416409
    },
    "orientation" : 39
  }, {
    "shape" : "5326120a-1d46-430b-b68b-52a6b09c26a9",
    "color" : "#FFFFFF",
    "position" : {
      "x" : -10.472136,
      "y" : -13.708204,
      "z" : -35.888542
    }
  }, {
    "shape" : "b878a736-c950-4f10-bc76-32c5cb3087a2",
    "color" : "#6C00C6",
    "position" : {
      "x" : 30.652475,
      "y" : -18.944271,
      "z" : -16.944271
    },
    "orientation" : 36
  }, {
    "shape" : "5326120a-1d46-430b-b68b-52a6b09c26a9",
    "color" : "#FFFFFF",
    "position" : {
      "x" : 13.708204,
      "y" : 25.416409,
      "z" : -27.416409
    }
  }, {
    "shape" : "e405ea51-7db1-4b3e-9c9e-ebf28080f9ab",
    "color" : "#F0A000",
    "position" : {
      "x" : -25.416409,
      "y" : -27.416409,
      "z" : -13.708204
    },
    "orientation" : 9
  }, {
    "shape" : "5326120a-1d46-430b-b68b-52a6b09c26a9",
    "color" : "#FFFFFF",
    "position" : {
      "x" : -32.652477,
      "y" : -5.236068,
      "z" : 22.18034
    }
  }, {
    "shape" : "5326120a-1d46-430b-b68b-52a6b09c26a9",
    "color" : "#FFFFFF",
    "position" : {
      "x" : 5.236068,
      "y" : -22.18034,
      "z" : -32.652477
    }
  }, {
    "shape" : "e405ea51-7db1-4b3e-9c9e-ebf28080f9ab",
    "color" : "#F0A000",
    "position" : {
      "x" : -35.888542,
      "y" : 10.472136,
      "z" : 13.708204
    },
    "orientation" : 0
  }, {
    "shape" : "5326120a-1d46-430b-b68b-52a6b09c26a9",
    "color" : "#FFFFFF",
    "position" : {
      "x" : -5.236068,
      "y" : -22.18034,
      "z" : 32.652477
    }
  }, {
    "shape" : "b878a736-c950-4f10-bc76-32c5cb3087a2",
    "color" : "#6C00C6",
    "position" : {
      "x" : -13.708204,
      "y" : 35.888542,
      "z" : 10.472136
    },
    "orientation" : 50
  }, {
    "shape" : "5326120a-1d46-430b-b68b-52a6b09c26a9",
    "color" : "#FFFFFF",
    "position" : {
      "x" : 18.944271,
      "y" : 16.944271,
      "z" : 30.652475
    }
  }, {
    "shape" : "b878a736-c950-4f10-bc76-32c5cb3087a2",
    "color" : "#6C00C6",
    "position" : {
      "x" : 10.472136,
      "y" : -13.708204,
      "z" : 35.888542
    },
    "orientation" : 48
  }, {
    "shape" : "b878a736-c950-4f10-bc76-32c5cb3087a2",
    "color" : "#6C00C6",
    "position" : {
      "x" : 30.652475,
      "y" : 18.944271,
      "z" : 16.944271
    },
    "orientation" : 41
  }, {
    "shape" : "5326120a-1d46-430b-b68b-52a6b09c26a9",
    "color" : "#FFFFFF",
    "position" : {
      "x" : -39.12461,
      "y" : 5.236068,
      "z" : -5.236068
    }
  }, {
    "shape" : "b878a736-c950-4f10-bc76-32c5cb3087a2",
    "color" : "#6C00C6",
    "position" : {
      "x" : 22.18034,
      "y" : 32.652477,
      "z" : 5.236068
    },
    "orientation" : 45
  }, {
    "shape" : "5326120a-1d46-430b-b68b-52a6b09c26a9",
    "color" : "#FFFFFF",
    "position" : {
      "x" : -16.944271,
      "y" : -30.652475,
      "z" : 18.944271
    }
  }, {
    "shape" : "b878a736-c950-4f10-bc76-32c5cb3087a2",
    "color" : "#6C00C6",
    "position" : {
      "x" : -27.416409,
      "y" : 13.708204,
      "z" : 25.416409
    },
    "orientation" : 52
  }, {
    "shape" : "b878a736-c950-4f10-bc76-32c5cb3087a2",
    "color" : "#6C00C6",
    "position" : {
      "x" : -18.944271,
      "y" : 16.944271,
      "z" : -30.652475
    },
    "orientation" : 38
  }, {
    "shape" : "5326120a-1d46-430b-b68b-52a6b09c26a9",
    "color" : "#FFFFFF",
    "position" : {
      "x" : -13.708204,
      "y" : -25.416409,
      "z" : -27.416409
    }
  }, {
    "shape" : "5326120a-1d46-430b-b68b-52a6b09c26a9",
    "color" : "#FFFFFF",
    "position" : {
      "x" : 27.416409,
      "y" : 13.708204,
      "z" : -25.416409
    }
  }, {
    "shape" : "5326120a-1d46-430b-b68b-52a6b09c26a9",
    "color" : "#FFFFFF",
    "position" : {
      "x" : 30.652475,
      "y" : 18.944271,
      "z" : 16.944271
    }
  }, {
    "shape" : "b878a736-c950-4f10-bc76-32c5cb3087a2",
    "color" : "#6C00C6",
    "position" : {
      "x" : -39.12461,
      "y" : 5.236068,
      "z" : -5.236068
    },
    "orientation" : 28
  }, {
    "shape" : "b878a736-c950-4f10-bc76-32c5cb3087a2",
    "color" : "#6C00C6",
    "position" : {
      "x" : 27.416409,
      "y" : -13.708204,
      "z" : 25.416409
    },
    "orientation" : 22
  }, {
    "shape" : "5326120a-1d46-430b-b68b-52a6b09c26a9",
    "color" : "#FFFFFF",
    "position" : {
      "x" : -13.708204,
      "y" : 25.416409,
      "z" : 27.416409
    }
  }, {
    "shape" : "b878a736-c950-4f10-bc76-32c5cb3087a2",
    "color" : "#6C00C6",
    "position" : {
      "x" : -10.472136,
      "y" : 13.708204,
      "z" : 35.888542
    },
    "orientation" : 3
  }, {
    "shape" : "b878a736-c950-4f10-bc76-32c5cb3087a2",
    "color" : "#6C00C6",
    "position" : {
      "x" : 13.708204,
      "y" : -35.888542,
      "z" : 10.472136
    },
    "orientation" : 20
  }, {
    "shape" : "b878a736-c950-4f10-bc76-32c5cb3087a2",
    "color" : "#6C00C6",
    "position" : {
      "x" : 35.888542,
      "y" : 10.472136,
      "z" : -13.708204
    },
    "orientation" : 19
  }, {
    "shape" : "e405ea51-7db1-4b3e-9c9e-ebf28080f9ab",
    "color" : "#F0A000",
    "position" : {
      "x" : 25.416409,
      "y" : -27.416409,
      "z" : 13.708204
    },
    "orientation" : 54
  }, {
    "shape" : "b878a736-c950-4f10-bc76-32c5cb3087a2",
    "color" : "#6C00C6",
    "position" : {
      "x" : -13.708204,
      "y" : -35.888542,
      "z" : -10.472136
    },
    "orientation" : 35
  }, {
    "shape" : "5326120a-1d46-430b-b68b-52a6b09c26a9",
    "color" : "#FFFFFF",
    "position" : {
      "x" : -5.236068,
      "y" : -5.236068,
      "z" : 39.12461
    }
  }, {
    "shape" : "e405ea51-7db1-4b3e-9c9e-ebf28080f9ab",
    "color" : "#F0A000",
    "position" : {
      "x" : -5.236068,
      "y" : 39.12461,
      "z" : -5.236068
    },
    "orientation" : 21
  }, {
    "shape" : "e405ea51-7db1-4b3e-9c9e-ebf28080f9ab",
    "color" : "#F0A000",
    "position" : {
      "x" : -22.18034,
      "y" : -32.652477,
      "z" : 5.236068
    },
    "orientation" : 6
  }, {
    "shape" : "5326120a-1d46-430b-b68b-52a6b09c26a9",
    "color" : "#FFFFFF",
    "position" : {
      "x" : 35.888542,
      "y" : 10.472136,
      "z" : -13.708204
    }
  }, {
    "shape" : "5326120a-1d46-430b-b68b-52a6b09c26a9",
    "color" : "#FFFFFF",
    "position" : {
      "x" : -39.12461,
      "y" : -5.236068,
      "z" : 5.236068
    }
  }, {
    "shape" : "b878a736-c950-4f10-bc76-32c5cb3087a2",
    "color" : "#6C00C6",
    "position" : {
      "x" : 5.236068,
      "y" : -5.236068,
      "z" : -39.12461
    },
    "orientation" : 42
  }, {
    "shape" : "b878a736-c950-4f10-bc76-32c5cb3087a2",
    "color" : "#6C00C6",
    "position" : {
      "x" : -39.12461,
      "y" : -5.236068,
      "z" : 5.236068
    },
    "orientation" : 2
  }, {
    "shape" : "b878a736-c950-4f10-bc76-32c5cb3087a2",
    "color" : "#6C00C6",
    "position" : {
      "x" : -25.416409,
      "y" : -27.416409,
      "z" : -13.708204
    },
    "orientation" : 55
  }, {
    "shape" : "5326120a-1d46-430b-b68b-52a6b09c26a9",
    "color" : "#FFFFFF",
    "position" : {
      "x" : 5.236068,
      "y" : -39.12461,
      "z" : -5.236068
    }
  }, {
    "shape" : "b878a736-c950-4f10-bc76-32c5cb3087a2",
    "color" : "#6C00C6",
    "position" : {
      "x" : -5.236068,
      "y" : -22.18034,
      "z" : 32.652477
    },
    "orientation" : 1
  }, {
    "shape" : "b878a736-c950-4f10-bc76-32c5cb3087a2",
    "color" : "#6C00C6",
    "position" : {
      "x" : -18.944271,
      "y" : 16.944271,
      "z" : -30.652475
    },
    "orientation" : 10
  }, {
    "shape" : "e405ea51-7db1-4b3e-9c9e-ebf28080f9ab",
    "color" : "#F0A000",
    "position" : {
      "x" : 10.472136,
      "y" : 13.708204,
      "z" : -35.888542
    },
    "orientation" : 2
  }, {
    "shape" : "b878a736-c950-4f10-bc76-32c5cb3087a2",
    "color" : "#6C00C6",
    "position" : {
      "x" : 5.236068,
      "y" : 5.236068,
      "z" : 39.12461
    },
    "orientation" : 46
  }, {
    "shape" : "b878a736-c950-4f10-bc76-32c5cb3087a2",
    "color" : "#6C00C6",
    "position" : {
      "x" : -5.236068,
