{
  "polygons" : "true",
  "field" : "golden",
  "symmetry" : "icosahedral",
  "orientations" : [ [ 1.0, 0.0, 0.0, 0.0, 0.0, 1.0, 0.0, 0.0, 0.0, 0.0, 1.0, 0.0, 0.0, 0.0, 0.0, 1.0 ], [ 0.0, 0.0, 1.0, 0.0, 1.0, 0.0, 0.0, 0.0, 0.0, 1.0, 0.0, 0.0, 0.0, 0.0, 0.0, 1.0 ], [ 0.0, 1.0, 0.0, 0.0, 0.0, 0.0, 1.0, 0.0, 1.0, 0.0, 0.0, 0.0, 0.0, 0.0, 0.0, 1.0 ], [ 0.809017, 0.309017, 0.5, 0.0, 0.309017, 0.5, -0.809017, 0.0, -0.5, 0.809017, 0.309017, 0.0, 0.0, 0.0, 0.0, 1.0 ], [ -0.5, 0.809017, 0.309017, 0.0, 0.809017, 0.309017, 0.5, 0.0, 0.309017, 0.5, -0.809017, 0.0, 0.0, 0.0, 0.0, 1.0 ], [ 0.309017, 0.5, -0.809017, 0.0, -0.5, 0.809017, 0.309017, 0.0, 0.809017, 0.309017, 0.5, 0.0, 0.0, 0.0, 0.0, 1.0 ], [ 0.5, 0.809017, 0.309017, 0.0, 0.809017, -0.309017, -0.5, 0.0, -0.309017, 0.5, -0.809017, 0.0, 0.0, 0.0, 0.0, 1.0 ], [ -0.309017, 0.5, -0.809017, 0.0, 0.5, 0.809017, 0.309017, 0.0, 0.809017, -0.309017, -0.5, 0.0, 0.0, 0.0, 0.0, 1.0 ], [ 0.809017, -0.309017, -0.5, 0.0, -0.309017, 0.5, -0.809017, 0.0, 0.5, 0.809017, 0.309017, 0.0, 0.0, 0.0, 0.0, 1.0 ], [ 0.5, 0.809017, -0.309017, 0.0, 0.809017, -0.309017, 0.5, 0.0, 0.309017, -0.5, -0.809017, 0.0, 0.0, 0.0, 0.0, 1.0 ], [ 0.309017, -0.5, -0.809017, 0.0, 0.5, 0.809017, -0.309017, 0.0, 0.809017, -0.309017, 0.5, 0.0, 0.0, 0.0, 0.0, 1.0 ], [ 0.809017, -0.309017, 0.5, 0.0, 0.309017, -0.5, -0.809017, 0.0, 0.5, 0.809017, -0.309017, 0.0, 0.0, 0.0, 0.0, 1.0 ], [ 0.809017, 0.309017, -0.5, 0.0, 0.309017, 0.5, 0.809017, 0.0, 0.5, -0.809017, 0.309017, 0.0, 0.0, 0.0, 0.0, 1.0 ], [ 0.5, -0.809017, 0.309017, 0.0, 0.809017, 0.309017, -0.5, 0.0, 0.309017, 0.5, 0.809017, 0.0, 0.0, 0.0, 0.0, 1.0 ], [ 0.309017, 0.5, 0.809017, 0.0, 0.5, -0.809017, 0.309017, 0.0, 0.809017, 0.309017, -0.5, 0.0, 0.0, 0.0, 0.0, 1.0 ], [ 1.0, 0.0, 0.0, 0.0, 0.0, -1.0, 0.0, 0.0, 0.0, 0.0, -1.0, 0.0, 0.0, 0.0, 0.0, 1.0 ], [ 0.0, 0.0, 1.0, 0.0, -1.0, 0.0, 0.0, 0.0, 0.0, -1.0, 0.0, 0.0, 0.0, 0.0, 0.0, 1.0 ], [ 0.0, 1.0, 0.0, 0.0, 0.0, 0.0, -1.0, 0.0, -1.0, 0.0, 0.0, 0.0, 0.0, 0.0, 0.0, 1.0 ], [ 0.809017, 0.309017, 0.5, 0.0, -0.309017, -0.5, 0.809017, 0.0, 0.5, -0.809017, -0.309017, 0.0, 0.0, 0.0, 0.0, 1.0 ], [ -0.5, 0.809017, 0.309017, 0.0, -0.809017, -0.309017, -0.5, 0.0, -0.309017, -0.5, 0.809017, 0.0, 0.0, 0.0, 0.0, 1.0 ], [ 0.309017, 0.5, -0.809017, 0.0, 0.5, -0.809017, -0.309017, 0.0, -0.809017, -0.309017, -0.5, 0.0, 0.0, 0.0, 0.0, 1.0 ], [ 0.5, 0.809017, 0.309017, 0.0, -0.809017, 0.309017, 0.5, 0.0, 0.309017, -0.5, 0.809017, 0.0, 0.0, 0.0, 0.0, 1.0 ], [ -0.309017, 0.5, -0.809017, 0.0, -0.5, -0.809017, -0.309017, 0.0, -0.809017, 0.309017, 0.5, 0.0, 0.0, 0.0, 0.0, 1.0 ], [ 0.809017, -0.309017, -0.5, 0.0, 0.309017, -0.5, 0.809017, 0.0, -0.5, -0.809017, -0.309017, 0.0, 0.0, 0.0, 0.0, 1.0 ], [ 0.5, 0.809017, -0.309017, 0.0, -0.809017, 0.309017, -0.5, 0.0, -0.309017, 0.5, 0.809017, 0.0, 0.0, 0.0, 0.0, 1.0 ], [ 0.309017, -0.5, -0.809017, 0.0, -0.5, -0.809017, 0.309017, 0.0, -0.809017, 0.309017, -0.5, 0.0, 0.0, 0.0, 0.0, 1.0 ], [ 0.809017, -0.309017, 0.5, 0.0, -0.309017, 0.5, 0.809017, 0.0, -0.5, -0.809017, 0.309017, 0.0, 0.0, 0.0, 0.0, 1.0 ], [ 0.809017, 0.309017, -0.5, 0.0, -0.309017, -0.5, -0.809017, 0.0, -0.5, 0.809017, -0.309017, 0.0, 0.0, 0.0, 0.0, 1.0 ], [ 0.5, -0.809017, 0.309017, 0.0, -0.809017, -0.309017, 0.5, 0.0, -0.309017, -0.5, -0.809017, 0.0, 0.0, 0.0, 0.0, 1.0 ], [ 0.309017, 0.5, 0.809017, 0.0, -0.5, 0.809017, -0.309017, 0.0, -0.809017, -0.309017, 0.5, 0.0, 0.0, 0.0, 0.0, 1.0 ], [ -1.0, 0.0, 0.0, 0.0, 0.0, -1.0, 0.0, 0.0, 0.0, 0.0, 1.0, 0.0, 0.0, 0.0, 0.0, 1.0 ], [ 0.0, 0.0, -1.0, 0.0, -1.0, 0.0, 0.0, 0.0, 0.0, 1.0, 0.0, 0.0, 0.0, 0.0, 0.0, 1.0 ], [ 0.0, -1.0, 0.0, 0.0, 0.0, 0.0, -1.0, 0.0, 1.0, 0.0, 0.0, 0.0, 0.0, 0.0, 0.0, 1.0 ], [ -0.809017, -0.309017, -0.5, 0.0, -0.309017, -0.5, 0.809017, 0.0, -0.5, 0.809017, 0.309017, 0.0, 0.0, 0.0, 0.0, 1.0 ], [ 0.5, -0.809017, -0.309017, 0.0, -0.809017, -0.309017, -0.5, 0.0, 0.309017, 0.5, -0.809017, 0.0, 0.0, 0.0, 0.0, 1.0 ], [ -0.309017, -0.5, 0.809017, 0.0, 0.5, -0.809017, -0.309017, 0.0, 0.809017, 0.309017, 0.5, 0.0, 0.0, 0.0, 0.0, 1.0 ], [ -0.5, -0.809017, -0.309017, 0.0, -0.809017, 0.309017, 0.5, 0.0, -0.309017, 0.5, -0.809017, 0.0, 0.0, 0.0, 0.0, 1.0 ], [ 0.309017, -0.5, 0.809017, 0.0, -0.5, -0.809017, -0.309017, 0.0, 0.809017, -0.309017, -0.5, 0.0, 0.0, 0.0, 0.0, 1.0 ], [ -0.809017, 0.309017, 0.5, 0.0, 0.309017, -0.5, 0.809017, 0.0, 0.5, 0.809017, 0.309017, 0.0, 0.0, 0.0, 0.0, 1.0 ], [ -0.5, -0.809017, 0.309017, 0.0, -0.809017, 0.309017, -0.5, 0.0, 0.309017, -0.5, -0.809017, 0.0, 0.0, 0.0, 0.0, 1.0 ], [ -0.309017, 0.5, 0.809017, 0.0, -0.5, -0.809017, 0.309017, 0.0, 0.809017, -0.309017, 0.5, 0.0, 0.0, 0.0, 0.0, 1.0 ], [ -0.809017, 0.309017, -0.5, 0.0, -0.309017, 0.5, 0.809017, 0.0, 0.5, 0.809017, -0.309017, 0.0, 0.0, 0.0, 0.0, 1.0 ], [ -0.809017, -0.309017, 0.5, 0.0, -0.309017, -0.5, -0.809017, 0.0, 0.5, -0.809017, 0.309017, 0.0, 0.0, 0.0, 0.0, 1.0 ], [ -0.5, 0.809017, -0.309017, 0.0, -0.809017, -0.309017, 0.5, 0.0, 0.309017, 0.5, 0.809017, 0.0, 0.0, 0.0, 0.0, 1.0 ], [ -0.309017, -0.5, -0.809017, 0.0, -0.5, 0.809017, -0.309017, 0.0, 0.809017, 0.309017, -0.5, 0.0, 0.0, 0.0, 0.0, 1.0 ], [ -1.0, 0.0, 0.0, 0.0, 0.0, 1.0, 0.0, 0.0, 0.0, 0.0, -1.0, 0.0, 0.0, 0.0, 0.0, 1.0 ], [ 0.0, 0.0, -1.0, 0.0, 1.0, 0.0, 0.0, 0.0, 0.0, -1.0, 0.0, 0.0, 0.0, 0.0, 0.0, 1.0 ], [ 0.0, -1.0, 0.0, 0.0, 0.0, 0.0, 1.0, 0.0, -1.0, 0.0, 0.0, 0.0, 0.0, 0.0, 0.0, 1.0 ], [ -0.809017, -0.309017, -0.5, 0.0, 0.309017, 0.5, -0.809017, 0.0, 0.5, -0.809017, -0.309017, 0.0, 0.0, 0.0, 0.0, 1.0 ], [ 0.5, -0.809017, -0.309017, 0.0, 0.809017, 0.309017, 0.5, 0.0, -0.309017, -0.5, 0.809017, 0.0, 0.0, 0.0, 0.0, 1.0 ], [ -0.309017, -0.5, 0.809017, 0.0, -0.5, 0.809017, 0.309017, 0.0, -0.809017, -0.309017, -0.5, 0.0, 0.0, 0.0, 0.0, 1.0 ], [ -0.5, -0.809017, -0.309017, 0.0, 0.809017, -0.309017, -0.5, 0.0, 0.309017, -0.5, 0.809017, 0.0, 0.0, 0.0, 0.0, 1.0 ], [ 0.309017, -0.5, 0.809017, 0.0, 0.5, 0.809017, 0.309017, 0.0, -0.809017, 0.309017, 0.5, 0.0, 0.0, 0.0, 0.0, 1.0 ], [ -0.809017, 0.309017, 0.5, 0.0, -0.309017, 0.5, -0.809017, 0.0, -0.5, -0.809017, -0.309017, 0.0, 0.0, 0.0, 0.0, 1.0 ], [ -0.5, -0.809017, 0.309017, 0.0, 0.809017, -0.309017, 0.5, 0.0, -0.309017, 0.5, 0.809017, 0.0, 0.0, 0.0, 0.0, 1.0 ], [ -0.309017, 0.5, 0.809017, 0.0, 0.5, 0.809017, -0.309017, 0.0, -0.809017, 0.309017, -0.5, 0.0, 0.0, 0.0, 0.0, 1.0 ], [ -0.809017, 0.309017, -0.5, 0.0, 0.309017, -0.5, -0.809017, 0.0, -0.5, -0.809017, 0.309017, 0.0, 0.0, 0.0, 0.0, 1.0 ], [ -0.809017, -0.309017, 0.5, 0.0, 0.309017, 0.5, 0.809017, 0.0, -0.5, 0.809017, -0.309017, 0.0, 0.0, 0.0, 0.0, 1.0 ], [ -0.5, 0.809017, -0.309017, 0.0, 0.809017, 0.309017, -0.5, 0.0, -0.309017, -0.5, -0.809017, 0.0, 0.0, 0.0, 0.0, 1.0 ], [ -0.309017, -0.5, -0.809017, 0.0, 0.5, -0.809017, 0.309017, 0.0, -0.809017, -0.309017, 0.5, 0.0, 0.0, 0.0, 0.0, 1.0 ] ],
  "lights" : {
    "directionalLights" : [ {
      "direction" : [ 1.0, -1.0, -1.0 ],
      "color" : "#EBEBE4"
    }, {
      "direction" : [ -1.0, 0.0, 0.0 ],
      "color" : "#E4E4EB"
    }, {
      "direction" : [ 0.0, 0.0, -1.0 ],
      "color" : "#1E1E1E"
    } ],
    "ambientColor" : "#292929",
    "backgroundColor" : "#AFC8DC"
  },
  "camera" : {
    "width" : 30.276503,
    "stereo" : false,
    "perspective" : true,
    "viewDistance" : 67.281105,
    "nearClipDistance" : 0.1682028,
    "farClipDistance" : 134.56198,
    "lookAtPoint" : {
      "x" : 0.0,
      "y" : -4.236068,
      "z" : -2.618034
    },
    "fieldOfView" : 0.44262895,
    "lookDirection" : {
      "x" : -0.58919126,
      "y" : 0.39220798,
      "z" : -0.7064152
    },
    "upDirection" : {
      "x" : 0.09918399,
      "y" : 0.9027707,
      "z" : 0.41850945
    },
    "position" : {
      "x" : 39.641438,
      "y" : -30.624252,
      "z" : 44.91036
    }
  },
  "embedding" : [ 1.0, 0.0, 0.0, 0.0, 0.0, 1.0, 0.0, 0.0, 0.0, 0.0, 1.0, 0.0, 0.0, 0.0, 0.0, 1.0 ],
  "shapes" : [ {
    "id" : "6150fe45-fc33-4ee6-a71a-cd21712cb4e7",
    "vertices" : [ {
      "x" : 0.0,
      "y" : 0.0,
      "z" : 0.0
    }, {
      "x" : 1.0,
      "y" : 6.854102,
      "z" : 2.618034
    }, {
      "x" : 1.618034,
      "y" : 2.618034,
      "z" : 4.236068
    } ],
    "faces" : [ {
      "vertices" : [ 0, 1, 2 ]
    }, {
      "vertices" : [ 0, 2, 1 ]
    } ]
  }, {
    "id" : "46f55b4d-8d7e-4db6-8883-8993173363c9",
    "vertices" : [ {
      "x" : 0.0,
      "y" : 0.0,
      "z" : 0.0
    }, {
      "x" : -1.0,
      "y" : -0.38196602,
      "z" : -2.618034
    }, {
      "x" : 0.0,
      "y" : 3.236068,
      "z" : 0.0
    } ],
    "faces" : [ {
      "vertices" : [ 0, 1, 2 ]
    }, {
      "vertices" : [ 0, 2, 1 ]
    } ]
  }, {
    "id" : "90b7d92a-4eac-4c30-a335-2effa582870c",
    "vertices" : [ {
      "x" : 0.0,
      "y" : 0.0,
      "z" : 0.0
    }, {
      "x" : -1.0,
      "y" : 1.618034,
      "z" : -2.618034
    }, {
      "x" : 0.0,
      "y" : 3.236068,
      "z" : 0.0
    } ],
    "faces" : [ {
      "vertices" : [ 0, 1, 2 ]
    }, {
      "vertices" : [ 0, 2, 1 ]
    } ]
  }, {
    "id" : "3f5278a8-b7a2-4e27-97ac-efe4b68337a6",
    "vertices" : [ {
      "x" : 0.0,
      "y" : 0.0,
      "z" : 0.0
    }, {
      "x" : 0.38196602,
      "y" : 0.618034,
      "z" : 1.0
    }, {
      "x" : 1.0,
      "y" : -1.618034,
      "z" : 2.618034
    } ],
    "faces" : [ {
      "vertices" : [ 0, 1, 2 ]
    }, {
      "vertices" : [ 0, 2, 1 ]
    } ]
  }, {
    "id" : "86b828b9-6a5f-45cb-85b6-92704d2b1e63",
    "vertices" : [ {
      "x" : 0.0,
      "y" : 0.0,
      "z" : 0.0
    }, {
      "x" : -2.618034,
      "y" : -1.0,
      "z" : -6.854102
    }, {
      "x" : -1.618034,
      "y" : 2.618034,
      "z" : -4.236068
    } ],
    "faces" : [ {
      "vertices" : [ 0, 1, 2 ]
    }, {
      "vertices" : [ 0, 2, 1 ]
    } ]
  }, {
    "id" : "ffbdcda3-5d90-4b9b-a4b6-9665113ce96b",
    "vertices" : [ {
      "x" : 0.0,
      "y" : 0.0,
      "z" : 0.0
    }, {
      "x" : 1.618034,
      "y" : -5.854102,
      "z" : 4.236068
    }, {
      "x" : 0.0,
      "y" : -5.236068,
      "z" : 0.0
    } ],
    "faces" : [ {
      "vertices" : [ 0, 1, 2 ]
    }, {
      "vertices" : [ 0, 2, 1 ]
    } ]
  }, {
    "id" : "4ad4ddc2-3408-4781-9b65-3c482e81417b",
    "vertices" : [ {
      "x" : 0.0,
      "y" : 0.0,
      "z" : 0.0
    }, {
      "x" : -1.618034,
      "y" : 2.618034,
      "z" : -4.236068
    }, {
      "x" : -1.618034,
      "y" : 5.854102,
      "z" : -4.236068
    } ],
    "faces" : [ {
      "vertices" : [ 0, 1, 2 ]
    }, {
      "vertices" : [ 0, 2, 1 ]
    } ]
  }, {
    "id" : "1ea21146-7e15-47b1-b7f9-6e94d43c6e88",
    "vertices" : [ {
      "x" : 0.0,
      "y" : 0.0,
      "z" : 0.0
    }, {
      "x" : 0.0,
      "y" : -1.236068,
      "z" : 0.0
    }, {
      "x" : -1.0,
      "y" : -1.618034,
      "z" : -2.618034
    } ],
    "faces" : [ {
      "vertices" : [ 0, 1, 2 ]
    }, {
      "vertices" : [ 0, 2, 1 ]
    } ]
  }, {
    "id" : "0de9cabc-d2dd-4e63-b3bc-163a951b0fb7",
    "vertices" : [ {
      "x" : 0.0,
      "y" : 0.0,
      "z" : 0.0
    }, {
      "x" : 0.0,
      "y" : -3.236068,
      "z" : 0.0
    }, {
      "x" : -1.0,
      "y" : -1.618034,
      "z" : -2.618034
    } ],
    "faces" : [ {
      "vertices" : [ 0, 1, 2 ]
    }, {
      "vertices" : [ 0, 2, 1 ]
    } ]
  }, {
    "id" : "c96d6b83-233e-47aa-bba0-a65e98bf942e",
    "vertices" : [ {
      "x" : 0.0,
      "y" : 0.0,
      "z" : 0.0
    }, {
      "x" : -0.38196602,
      "y" : 0.618034,
      "z" : -1.0
    }, {
      "x" : 0.0,
      "y" : 3.236068,
      "z" : 0.0
    } ],
    "faces" : [ {
      "vertices" : [ 0, 1, 2 ]
    }, {
      "vertices" : [ 0, 2, 1 ]
    } ]
  }, {
    "id" : "73b6bc32-46f2-4b32-bff3-34bf367e7953",
    "vertices" : [ {
      "x" : 0.0,
      "y" : 0.0,
      "z" : 0.0
    }, {
      "x" : 0.38196602,
      "y" : 2.618034,
      "z" : 1.0
    }, {
      "x" : 1.0,
      "y" : -1.618034,
      "z" : 2.618034
    } ],
    "faces" : [ {
      "vertices" : [ 0, 1, 2 ]
    }, {
      "vertices" : [ 0, 2, 1 ]
    } ]
  }, {
    "id" : "7114ad64-033a-454f-9fe3-9b639827b6fa",
    "vertices" : [ {
      "x" : 0.0,
      "y" : 0.0,
      "z" : 0.0
    }, {
      "x" : 1.0,
      "y" : 1.618034,
      "z" : 2.618034
    }, {
      "x" : 1.0,
      "y" : -1.618034,
      "z" : 2.618034
    } ],
    "faces" : [ {
      "vertices" : [ 0, 1, 2 ]
    }, {
      "vertices" : [ 0, 2, 1 ]
    } ]
  }, {
    "id" : "848ba86e-3780-4cb0-a3bd-b19e76ad9c0b",
    "vertices" : [ {
      "x" : 0.0,
      "y" : 0.0,
      "z" : 0.0
    }, {
      "x" : 1.618034,
      "y" : -5.854102,
      "z" : 4.236068
    }, {
      "x" : 0.0,
      "y" : -3.236068,
      "z" : 0.0
    } ],
    "faces" : [ {
      "vertices" : [ 0, 1, 2 ]
    }, {
      "vertices" : [ 0, 2, 1 ]
    } ]
  }, {
    "id" : "bc81ee44-adc3-4cb0-88ac-1fa00713efe5",
    "vertices" : [ {
      "x" : 0.0,
      "y" : 0.0,
      "z" : 0.0
    }, {
      "x" : -2.618034,
      "y" : -1.0,
      "z" : -6.854102
    }, {
      "x" : -1.0,
      "y" : 1.618034,
      "z" : -2.618034
    } ],
    "faces" : [ {
      "vertices" : [ 0, 1, 2 ]
    }, {
      "vertices" : [ 0, 2, 1 ]
    } ]
  }, {
    "id" : "c3de5b9e-9318-43cf-a688-47e67df21fba",
    "vertices" : [ {
      "x" : 0.0,
      "y" : 0.0,
      "z" : 0.0
    }, {
      "x" : 1.0,
      "y" : 6.854102,
      "z" : 2.618034
    }, {
      "x" : 1.0,
      "y" : 1.618034,
      "z" : 2.618034
    } ],
    "faces" : [ {
      "vertices" : [ 0, 1, 2 ]
    }, {
      "vertices" : [ 0, 2, 1 ]
    } ]
  }, {
    "id" : "56c99d1e-e5d8-46e2-b4ee-a24dfbf6143e",
    "vertices" : [ {
      "x" : 0.0,
      "y" : 0.0,
      "z" : 0.0
    }, {
      "x" : 1.618034,
      "y" : 2.618034,
      "z" : 4.236068
    }, {
      "x" : 2.618034,
      "y" : 1.0,
      "z" : 6.854102
    } ],
    "faces" : [ {
      "vertices" : [ 0, 1, 2 ]
    }, {
      "vertices" : [ 0, 2, 1 ]
    } ]
  }, {
    "id" : "de9ab932-aef5-42eb-8a66-bdce32ed5402",
    "vertices" : [ {
      "x" : 0.0,
      "y" : 0.0,
      "z" : 0.0
    }, {
      "x" : 0.0,
      "y" : -5.236068,
      "z" : 0.0
    }, {
      "x" : -1.0,
      "y" : -6.854102,
      "z" : -2.618034
    } ],
    "faces" : [ {
      "vertices" : [ 0, 1, 2 ]
    }, {
      "vertices" : [ 0, 2, 1 ]
    } ]
  } ],
  "instances" : [ {
    "shape" : "6150fe45-fc33-4ee6-a71a-cd21712cb4e7",
    "color" : "#00CC00",
    "position" : {
      "x" : -4.236068,
      "y" : -11.09017,
      "z" : 0.0
    },
    "orientation" : 4
  }, {
    "shape" : "6150fe45-fc33-4ee6-a71a-cd21712cb4e7",
    "color" : "#CC0000",
    "position" : {
      "x" : -6.854102,
      "y" : -6.854102,
      "z" : -6.854102
    },
    "orientation" : 1
  }, {
    "shape" : "46f55b4d-8d7e-4db6-8883-8993173363c9",
    "color" : "#00CC00",
    "position" : {
      "x" : -1.618034,
      "y" : -1.618034,
      "z" : -6.854102
    },
    "orientation" : 8
  }, {
    "shape" : "90b7d92a-4eac-4c30-a335-2effa582870c",
    "color" : "#FFFF00",
    "position" : {
      "x" : 4.236068,
      "y" : -2.618034,
      "z" : -5.236068
    },
    "orientation" : 39
  }, {
    "shape" : "90b7d92a-4eac-4c30-a335-2effa582870c",
    "color" : "#CC0000",
    "position" : {
      "x" : 0.0,
      "y" : -4.236068,
      "z" : -5.854102
    },
    "orientation" : 1
  }, {
    "shape" : "3f5278a8-b7a2-4e27-97ac-efe4b68337a6",
    "color" : "#FF6600",
    "position" : {
      "x" : 4.236068,
      "y" : -5.854102,
      "z" : 3.236068
    },
    "orientation" : 6
  }, {
    "shape" : "6150fe45-fc33-4ee6-a71a-cd21712cb4e7",
    "color" : "#FFFF00",
    "position" : {
      "x" : 6.854102,
      "y" : -6.854102,
      "z" : -6.854102
    },
    "orientation" : 54
  }, {
    "shape" : "86b828b9-6a5f-45cb-85b6-92704d2b1e63",
    "color" : "#0066FF",
    "position" : {
      "x" : 4.236068,
      "y" : -11.09017,
      "z" : 0.0
    },
    "orientation" : 3
  }, {
    "shape" : "ffbdcda3-5d90-4b9b-a4b6-9665113ce96b",
    "color" : "#FFFF00",
    "position" : {
      "x" : 6.854102,
      "y" : -6.854102,
      "z" : -6.854102
    },
    "orientation" : 9
  }, {
    "shape" : "4ad4ddc2-3408-4781-9b65-3c482e81417b",
    "color" : "#FFFF00",
    "position" : {
      "x" : 6.854102,
      "y" : -6.854102,
      "z" : -6.854102
    },
    "orientation" : 39
  }, {
    "shape" : "1ea21146-7e15-47b1-b7f9-6e94d43c6e88",
    "color" : "#00CC00",
    "position" : {
      "x" : 0.0,
      "y" : 1.0,
      "z" : -7.854102
    },
    "orientation" : 4
  }, {
    "shape" : "0de9cabc-d2dd-4e63-b3bc-163a951b0fb7",
    "color" : "#FF6600",
    "position" : {
      "x" : 2.618034,
      "y" : -5.236068,
      "z" : -4.236068
    },
    "orientation" : 6
  }, {
    "shape" : "c96d6b83-233e-47aa-bba0-a65e98bf942e",
    "color" : "#FFFF00",
    "position" : {
      "x" : -4.236068,
      "y" : -5.854102,
      "z" : 3.236068
    },
    "orientation" : 9
  }, {
    "shape" : "73b6bc32-46f2-4b32-bff3-34bf367e7953",
    "color" : "#CC0000",
    "position" : {
      "x" : 4.236068,
      "y" : -2.618034,
      "z" : -5.236068
    },
    "orientation" : 2
  }, {
    "shape" : "1ea21146-7e15-47b1-b7f9-6e94d43c6e88",
    "color" : "#CC0000",
    "position" : {
      "x" : 6.854102,
      "y" : -1.618034,
      "z" : -3.618034
    },
    "orientation" : 1
  }, {
    "shape" : "7114ad64-033a-454f-9fe3-9b639827b6fa",
    "color" : "#FFFF00",
    "position" : {
      "x" : 1.618034,
      "y" : -6.854102,
      "z" : -1.618034
    },
    "orientation" : 9
  }, {
    "shape" : "90b7d92a-4eac-4c30-a335-2effa582870c",
    "color" : "#0066FF",
    "position" : {
      "x" : -1.618034,
      "y" : -6.854102,
      "z" : -1.618034
    },
    "orientation" : 7
  }, {
    "shape" : "73b6bc32-46f2-4b32-bff3-34bf367e7953",
    "color" : "#FF6600",
    "position" : {
      "x" : 4.236068,
      "y" : -5.854102,
      "z" : 0.0
    },
    "orientation" : 38
  }, {
    "shape" : "848ba86e-3780-4cb0-a3bd-b19e76ad9c0b",
    "color" : "#FF6600",
    "position" : {
      "x" : 2.618034,
      "y" : -5.236068,
      "z" : -4.236068
    },
    "orientation" : 6
  }, {
    "shape" : "bc81ee44-adc3-4cb0-88ac-1fa00713efe5",
    "color" : "#CC0000",
    "position" : {
      "x" : 0.0,
      "y" : -4.236068,
      "z" : -5.854102
    },
    "orientation" : 1
  }, {
    "shape" : "4ad4ddc2-3408-4781-9b65-3c482e81417b",
    "color" : "#00CC00",
    "position" : {
      "x" : -4.236068,
      "y" : -11.09017,
      "z" : 0.0
    },
    "orientation" : 17
  }, {
    "shape" : "86b828b9-6a5f-45cb-85b6-92704d2b1e63",
    "color" : "#FF6600",
    "position" : {
      "x" : 0.0,
      "y" : -4.236068,
      "z" : -11.09017
    },
    "orientation" : 6
  }, {
    "shape" : "90b7d92a-4eac-4c30-a335-2effa582870c",
    "color" : "#00CC00",
    "position" : {
      "x" : -1.618034,
      "y" : -6.854102,
      "z" : 1.618034
    },
    "orientation" : 17
  }, {
    "shape" : "6150fe45-fc33-4ee6-a71a-cd21712cb4e7",
    "color" : "#CC0000",
    "position" : {
      "x" : -6.854102,
      "y" : -6.854102,
      "z" : -6.854102
    },
    "orientation" : 2
  }, {
    "shape" : "c3de5b9e-9318-43cf-a688-47e67df21fba",
    "color" : "#FFFF00",
    "position" : {
      "x" : 1.618034,
      "y" : -6.854102,
      "z" : -1.618034
    },
    "orientation" : 9
  }, {
    "shape" : "bc81ee44-adc3-4cb0-88ac-1fa00713efe5",
    "color" : "#00CC00",
    "position" : {
      "x" : -2.618034,
      "y" : -5.236068,
      "z" : -4.236068
    },
    "orientation" : 4
  }, {
    "shape" : "6150fe45-fc33-4ee6-a71a-cd21712cb4e7",
    "color" : "#0066FF",
    "position" : {
      "x" : 4.236068,
      "y" : -11.09017,
      "z" : 0.0
    },
    "orientation" : 7
  }, {
    "shape" : "46f55b4d-8d7e-4db6-8883-8993173363c9",
    "color" : "#0066FF",
    "position" : {
      "x" : -5.236068,
      "y" : -4.236068,
      "z" : -2.618034
    },
    "orientation" : 3
  }, {
    "shape" : "1ea21146-7e15-47b1-b7f9-6e94d43c6e88",
    "color" : "#0066FF",
    "position" : {
      "x" : -6.854102,
      "y" : -1.618034,
      "z" : -3.618034
    },
    "orientation" : 7
  }, {
    "shape" : "56c99d1e-e5d8-46e2-b4ee-a24dfbf6143e",
    "color" : "#CC0000",
    "position" : {
      "x" : -6.854102,
      "y" : -6.854102,
      "z" : -6.854102
    },
    "orientation" : 0
  }, {
    "shape" : "0de9cabc-d2dd-4e63-b3bc-163a951b0fb7",
    "color" : "#0066FF",
    "position" : {
      "x" : 4.236068,
      "y" : -5.854102,
      "z" : 0.0
    },
    "orientation" : 30
  }, {
    "shape" : "56c99d1e-e5d8-46e2-b4ee-a24dfbf6143e",
    "color" : "#FF6600",
    "position" : {
      "x" : 0.0,
      "y" : -4.236068,
      "z" : -11.09017
    },
    "orientation" : 5
  }, {
    "shape" : "7114ad64-033a-454f-9fe3-9b639827b6fa",
    "color" : "#CC0000",
    "position" : {
      "x" : -5.236068,
      "y" : -4.236068,
      "z" : -2.618034
    },
    "orientation" : 0
  }, {
    "shape" : "86b828b9-6a5f-45cb-85b6-92704d2b1e63",
    "color" : "#00CC00",
    "position" : {
      "x" : -4.236068,
      "y" : -11.09017,
      "z" : 0.0
    },
    "orientation" : 8
  }, {
    "shape" : "7114ad64-033a-454f-9fe3-9b639827b6fa",
    "color" : "#FF6600",
    "position" : {
      "x" : -1.618034,
      "y" : -1.618034,
      "z" : -6.854102
    },
    "orientation" : 5
  }, {
    "shape" : "90b7d92a-4eac-4c30-a335-2effa582870c",
    "color" : "#00CC00",
    "position" : {
      "x" : -2.618034,
      "y" : -5.236068,
      "z" : -4.236068
    },
    "orientation" : 4
  }, {
    "shape" : "6150fe45-fc33-4ee6-a71a-cd21712cb4e7",
    "color" : "#FF6600",
    "position" : {
      "x" : 0.0,
      "y" : -4.236068,
      "z" : -11.09017
    },
    "orientation" : 38
  }, {
    "shape" : "73b6bc32-46f2-4b32-bff3-34bf367e7953",
    "color" : "#FFFF00",
    "position" : {
      "x" : -1.618034,
      "y" : -6.854102,
      "z" : 1.618034
    },
    "orientation" : 54
  }, {
    "shape" : "de9ab932-aef5-42eb-8a66-bdce32ed5402",
    "color" : "#0066FF",
    "position" : {
      "x" : 4.236068,
      "y" : -11.09017,
      "z" : 0.0
    },
    "orientation" : 30
  }, {
    "shape" : "bc81ee44-adc3-4cb0-88ac-1fa00713efe5",
    "color" : "#0066FF",
    "position" : {
      "x" : -1.618034,
      "y" : -6.854102,
      "z" : -1.618034
    },
    "orientation" : 7
  } ],
  "scenes" : [ ],
  "snapshots" : [ ]
}