{
  "field" : "golden",
  "symmetry" : "icosahedral",
  "orientations" : [ [ 1.0, 0.0, 0.0, 0.0, 0.0, 1.0, 0.0, 0.0, 0.0, 0.0, 1.0, 0.0, 0.0, 0.0, 0.0, 1.0 ], [ 0.0, 0.0, 1.0, 0.0, 1.0, 0.0, 0.0, 0.0, 0.0, 1.0, 0.0, 0.0, 0.0, 0.0, 0.0, 1.0 ], [ 0.0, 1.0, 0.0, 0.0, 0.0, 0.0, 1.0, 0.0, 1.0, 0.0, 0.0, 0.0, 0.0, 0.0, 0.0, 1.0 ], [ 0.809017, 0.309017, 0.5, 0.0, 0.309017, 0.5, -0.809017, 0.0, -0.5, 0.809017, 0.309017, 0.0, 0.0, 0.0, 0.0, 1.0 ], [ -0.5, 0.809017, 0.309017, 0.0, 0.809017, 0.309017, 0.5, 0.0, 0.309017, 0.5, -0.809017, 0.0, 0.0, 0.0, 0.0, 1.0 ], [ 0.309017, 0.5, -0.809017, 0.0, -0.5, 0.809017, 0.309017, 0.0, 0.809017, 0.309017, 0.5, 0.0, 0.0, 0.0, 0.0, 1.0 ], [ 0.5, 0.809017, 0.309017, 0.0, 0.809017, -0.309017, -0.5, 0.0, -0.309017, 0.5, -0.809017, 0.0, 0.0, 0.0, 0.0, 1.0 ], [ -0.309017, 0.5, -0.809017, 0.0, 0.5, 0.809017, 0.309017, 0.0, 0.809017, -0.309017, -0.5, 0.0, 0.0, 0.0, 0.0, 1.0 ], [ 0.809017, -0.309017, -0.5, 0.0, -0.309017, 0.5, -0.809017, 0.0, 0.5, 0.809017, 0.309017, 0.0, 0.0, 0.0, 0.0, 1.0 ], [ 0.5, 0.809017, -0.309017, 0.0, 0.809017, -0.309017, 0.5, 0.0, 0.309017, -0.5, -0.809017, 0.0, 0.0, 0.0, 0.0, 1.0 ], [ 0.309017, -0.5, -0.809017, 0.0, 0.5, 0.809017, -0.309017, 0.0, 0.809017, -0.309017, 0.5, 0.0, 0.0, 0.0, 0.0, 1.0 ], [ 0.809017, -0.309017, 0.5, 0.0, 0.309017, -0.5, -0.809017, 0.0, 0.5, 0.809017, -0.309017, 0.0, 0.0, 0.0, 0.0, 1.0 ], [ 0.809017, 0.309017, -0.5, 0.0, 0.309017, 0.5, 0.809017, 0.0, 0.5, -0.809017, 0.309017, 0.0, 0.0, 0.0, 0.0, 1.0 ], [ 0.5, -0.809017, 0.309017, 0.0, 0.809017, 0.309017, -0.5, 0.0, 0.309017, 0.5, 0.809017, 0.0, 0.0, 0.0, 0.0, 1.0 ], [ 0.309017, 0.5, 0.809017, 0.0, 0.5, -0.809017, 0.309017, 0.0, 0.809017, 0.309017, -0.5, 0.0, 0.0, 0.0, 0.0, 1.0 ], [ 1.0, 0.0, 0.0, 0.0, 0.0, -1.0, 0.0, 0.0, 0.0, 0.0, -1.0, 0.0, 0.0, 0.0, 0.0, 1.0 ], [ 0.0, 0.0, 1.0, 0.0, -1.0, 0.0, 0.0, 0.0, 0.0, -1.0, 0.0, 0.0, 0.0, 0.0, 0.0, 1.0 ], [ 0.0, 1.0, 0.0, 0.0, 0.0, 0.0, -1.0, 0.0, -1.0, 0.0, 0.0, 0.0, 0.0, 0.0, 0.0, 1.0 ], [ 0.809017, 0.309017, 0.5, 0.0, -0.309017, -0.5, 0.809017, 0.0, 0.5, -0.809017, -0.309017, 0.0, 0.0, 0.0, 0.0, 1.0 ], [ -0.5, 0.809017, 0.309017, 0.0, -0.809017, -0.309017, -0.5, 0.0, -0.309017, -0.5, 0.809017, 0.0, 0.0, 0.0, 0.0, 1.0 ], [ 0.309017, 0.5, -0.809017, 0.0, 0.5, -0.809017, -0.309017, 0.0, -0.809017, -0.309017, -0.5, 0.0, 0.0, 0.0, 0.0, 1.0 ], [ 0.5, 0.809017, 0.309017, 0.0, -0.809017, 0.309017, 0.5, 0.0, 0.309017, -0.5, 0.809017, 0.0, 0.0, 0.0, 0.0, 1.0 ], [ -0.309017, 0.5, -0.809017, 0.0, -0.5, -0.809017, -0.309017, 0.0, -0.809017, 0.309017, 0.5, 0.0, 0.0, 0.0, 0.0, 1.0 ], [ 0.809017, -0.309017, -0.5, 0.0, 0.309017, -0.5, 0.809017, 0.0, -0.5, -0.809017, -0.309017, 0.0, 0.0, 0.0, 0.0, 1.0 ], [ 0.5, 0.809017, -0.309017, 0.0, -0.809017, 0.309017, -0.5, 0.0, -0.309017, 0.5, 0.809017, 0.0, 0.0, 0.0, 0.0, 1.0 ], [ 0.309017, -0.5, -0.809017, 0.0, -0.5, -0.809017, 0.309017, 0.0, -0.809017, 0.309017, -0.5, 0.0, 0.0, 0.0, 0.0, 1.0 ], [ 0.809017, -0.309017, 0.5, 0.0, -0.309017, 0.5, 0.809017, 0.0, -0.5, -0.809017, 0.309017, 0.0, 0.0, 0.0, 0.0, 1.0 ], [ 0.809017, 0.309017, -0.5, 0.0, -0.309017, -0.5, -0.809017, 0.0, -0.5, 0.809017, -0.309017, 0.0, 0.0, 0.0, 0.0, 1.0 ], [ 0.5, -0.809017, 0.309017, 0.0, -0.809017, -0.309017, 0.5, 0.0, -0.309017, -0.5, -0.809017, 0.0, 0.0, 0.0, 0.0, 1.0 ], [ 0.309017, 0.5, 0.809017, 0.0, -0.5, 0.809017, -0.309017, 0.0, -0.809017, -0.309017, 0.5, 0.0, 0.0, 0.0, 0.0, 1.0 ], [ -1.0, 0.0, 0.0, 0.0, 0.0, -1.0, 0.0, 0.0, 0.0, 0.0, 1.0, 0.0, 0.0, 0.0, 0.0, 1.0 ], [ 0.0, 0.0, -1.0, 0.0, -1.0, 0.0, 0.0, 0.0, 0.0, 1.0, 0.0, 0.0, 0.0, 0.0, 0.0, 1.0 ], [ 0.0, -1.0, 0.0, 0.0, 0.0, 0.0, -1.0, 0.0, 1.0, 0.0, 0.0, 0.0, 0.0, 0.0, 0.0, 1.0 ], [ -0.809017, -0.309017, -0.5, 0.0, -0.309017, -0.5, 0.809017, 0.0, -0.5, 0.809017, 0.309017, 0.0, 0.0, 0.0, 0.0, 1.0 ], [ 0.5, -0.809017, -0.309017, 0.0, -0.809017, -0.309017, -0.5, 0.0, 0.309017, 0.5, -0.809017, 0.0, 0.0, 0.0, 0.0, 1.0 ], [ -0.309017, -0.5, 0.809017, 0.0, 0.5, -0.809017, -0.309017, 0.0, 0.809017, 0.309017, 0.5, 0.0, 0.0, 0.0, 0.0, 1.0 ], [ -0.5, -0.809017, -0.309017, 0.0, -0.809017, 0.309017, 0.5, 0.0, -0.309017, 0.5, -0.809017, 0.0, 0.0, 0.0, 0.0, 1.0 ], [ 0.309017, -0.5, 0.809017, 0.0, -0.5, -0.809017, -0.309017, 0.0, 0.809017, -0.309017, -0.5, 0.0, 0.0, 0.0, 0.0, 1.0 ], [ -0.809017, 0.309017, 0.5, 0.0, 0.309017, -0.5, 0.809017, 0.0, 0.5, 0.809017, 0.309017, 0.0, 0.0, 0.0, 0.0, 1.0 ], [ -0.5, -0.809017, 0.309017, 0.0, -0.809017, 0.309017, -0.5, 0.0, 0.309017, -0.5, -0.809017, 0.0, 0.0, 0.0, 0.0, 1.0 ], [ -0.309017, 0.5, 0.809017, 0.0, -0.5, -0.809017, 0.309017, 0.0, 0.809017, -0.309017, 0.5, 0.0, 0.0, 0.0, 0.0, 1.0 ], [ -0.809017, 0.309017, -0.5, 0.0, -0.309017, 0.5, 0.809017, 0.0, 0.5, 0.809017, -0.309017, 0.0, 0.0, 0.0, 0.0, 1.0 ], [ -0.809017, -0.309017, 0.5, 0.0, -0.309017, -0.5, -0.809017, 0.0, 0.5, -0.809017, 0.309017, 0.0, 0.0, 0.0, 0.0, 1.0 ], [ -0.5, 0.809017, -0.309017, 0.0, -0.809017, -0.309017, 0.5, 0.0, 0.309017, 0.5, 0.809017, 0.0, 0.0, 0.0, 0.0, 1.0 ], [ -0.309017, -0.5, -0.809017, 0.0, -0.5, 0.809017, -0.309017, 0.0, 0.809017, 0.309017, -0.5, 0.0, 0.0, 0.0, 0.0, 1.0 ], [ -1.0, 0.0, 0.0, 0.0, 0.0, 1.0, 0.0, 0.0, 0.0, 0.0, -1.0, 0.0, 0.0, 0.0, 0.0, 1.0 ], [ 0.0, 0.0, -1.0, 0.0, 1.0, 0.0, 0.0, 0.0, 0.0, -1.0, 0.0, 0.0, 0.0, 0.0, 0.0, 1.0 ], [ 0.0, -1.0, 0.0, 0.0, 0.0, 0.0, 1.0, 0.0, -1.0, 0.0, 0.0, 0.0, 0.0, 0.0, 0.0, 1.0 ], [ -0.809017, -0.309017, -0.5, 0.0, 0.309017, 0.5, -0.809017, 0.0, 0.5, -0.809017, -0.309017, 0.0, 0.0, 0.0, 0.0, 1.0 ], [ 0.5, -0.809017, -0.309017, 0.0, 0.809017, 0.309017, 0.5, 0.0, -0.309017, -0.5, 0.809017, 0.0, 0.0, 0.0, 0.0, 1.0 ], [ -0.309017, -0.5, 0.809017, 0.0, -0.5, 0.809017, 0.309017, 0.0, -0.809017, -0.309017, -0.5, 0.0, 0.0, 0.0, 0.0, 1.0 ], [ -0.5, -0.809017, -0.309017, 0.0, 0.809017, -0.309017, -0.5, 0.0, 0.309017, -0.5, 0.809017, 0.0, 0.0, 0.0, 0.0, 1.0 ], [ 0.309017, -0.5, 0.809017, 0.0, 0.5, 0.809017, 0.309017, 0.0, -0.809017, 0.309017, 0.5, 0.0, 0.0, 0.0, 0.0, 1.0 ], [ -0.809017, 0.309017, 0.5, 0.0, -0.309017, 0.5, -0.809017, 0.0, -0.5, -0.809017, -0.309017, 0.0, 0.0, 0.0, 0.0, 1.0 ], [ -0.5, -0.809017, 0.309017, 0.0, 0.809017, -0.309017, 0.5, 0.0, -0.309017, 0.5, 0.809017, 0.0, 0.0, 0.0, 0.0, 1.0 ], [ -0.309017, 0.5, 0.809017, 0.0, 0.5, 0.809017, -0.309017, 0.0, -0.809017, 0.309017, -0.5, 0.0, 0.0, 0.0, 0.0, 1.0 ], [ -0.809017, 0.309017, -0.5, 0.0, 0.309017, -0.5, -0.809017, 0.0, -0.5, -0.809017, 0.309017, 0.0, 0.0, 0.0, 0.0, 1.0 ], [ -0.809017, -0.309017, 0.5, 0.0, 0.309017, 0.5, 0.809017, 0.0, -0.5, 0.809017, -0.309017, 0.0, 0.0, 0.0, 0.0, 1.0 ], [ -0.5, 0.809017, -0.309017, 0.0, 0.809017, 0.309017, -0.5, 0.0, -0.309017, -0.5, -0.809017, 0.0, 0.0, 0.0, 0.0, 1.0 ], [ -0.309017, -0.5, -0.809017, 0.0, 0.5, -0.809017, 0.309017, 0.0, -0.809017, -0.309017, 0.5, 0.0, 0.0, 0.0, 0.0, 1.0 ] ],
  "lights" : {
    "ambientColor" : "#292929",
    "backgroundColor" : "#9CC9F2",
    "directionalLights" : [ {
      "direction" : {
        "x" : 1.0,
        "y" : -1.0,
        "z" : -1.0
      },
      "color" : "#EBEBE4"
    }, {
      "direction" : {
        "x" : -1.0,
        "y" : 0.0,
        "z" : 0.0
      },
      "color" : "#E4E4EB"
    }, {
      "direction" : {
        "x" : 0.0,
        "y" : 0.0,
        "z" : -1.0
      },
      "color" : "#1E1E1E"
    } ]
  },
  "camera" : {
    "viewDistance" : 190.35284,
    "nearClipDistance" : 0.4758822,
    "farClipDistance" : 380.70596,
    "lookAtPoint" : {
      "x" : 0.0,
      "y" : 0.0,
      "z" : 0.0
    },
    "fieldOfView" : 0.44262898,
    "perspective" : false,
    "lookDirection" : {
      "x" : 0.8506508,
      "y" : -0.5257311,
      "z" : 0.0
    },
    "upDirection" : {
      "x" : -0.309017,
      "y" : -0.5,
      "z" : -0.809017
    },
    "stereo" : false,
    "width" : 85.6588,
    "position" : {
      "x" : -161.9238,
      "y" : 100.07441,
      "z" : 0.0
    }
  },
  "embedding" : [ 1.0, 0.0, 0.0, 0.0, 0.0, 1.0, 0.0, 0.0, 0.0, 0.0, 1.0, 0.0, 0.0, 0.0, 0.0, 1.0 ],
  "shapes" : [ {
    "id" : "e36cbf4a-495d-4a67-8239-e91080ee4b97",
    "vertices" : [ {
      "x" : 8.472136,
      "y" : 0.0,
      "z" : -3.236068
    }, {
      "x" : 8.163119,
      "y" : 0.0,
      "z" : -3.118034
    }, {
      "x" : 7.7586102,
      "y" : -0.1545085,
      "z" : -2.677051
    }, {
      "x" : 7.5676274,
      "y" : -0.1545085,
      "z" : -3.177051
    }, {
      "x" : 0.9045085,
      "y" : -0.1545085,
      "z" : -0.059016995
    }, {
      "x" : 0.809017,
      "y" : 0.309017,
      "z" : -0.309017
    }, {
      "x" : 0.309017,
      "y" : 0.0,
      "z" : -0.11803399
    }, {
      "x" : 7.663119,
      "y" : 0.309017,
      "z" : -2.927051
    }, {
      "x" : 0.7135255,
      "y" : -0.1545085,
      "z" : -0.559017
    } ],
    "faces" : [ {
      "vertices" : [ 2, 4, 8 ]
    }, {
      "vertices" : [ 2, 8, 3 ]
    }, {
      "vertices" : [ 2, 7, 5 ]
    }, {
      "vertices" : [ 2, 5, 4 ]
    }, {
      "vertices" : [ 4, 6, 8 ]
    }, {
      "vertices" : [ 5, 8, 6 ]
    }, {
      "vertices" : [ 1, 2, 3 ]
    }, {
      "vertices" : [ 3, 8, 5 ]
    }, {
      "vertices" : [ 3, 5, 7 ]
    }, {
      "vertices" : [ 1, 7, 2 ]
    }, {
      "vertices" : [ 1, 3, 7 ]
    }, {
      "vertices" : [ 4, 5, 6 ]
    } ]
  }, {
    "id" : "1d3f497c-a6fa-4c7d-9ca6-4e16b60e51f1",
    "vertices" : [ {
      "x" : 0.9045085,
      "y" : 0.3454915,
      "z" : 0.25
    }, {
      "x" : 4.5225425,
      "y" : 2.5815594,
      "z" : 0.25
    }, {
      "x" : 4.3315597,
      "y" : 2.8905764,
      "z" : 0.25
    }, {
      "x" : 0.7135255,
      "y" : 0.6545085,
      "z" : 0.25
    }, {
      "x" : 0.809017,
      "y" : 0.5,
      "z" : -0.309017
    }, {
      "x" : 0.9635255,
      "y" : 0.25,
      "z" : -0.095491506
    }, {
      "x" : 0.309017,
      "y" : 0.19098301,
      "z" : 0.0
    }, {
      "x" : 4.927051,
      "y" : 3.045085,
      "z" : 0.0
    }, {
      "x" : 4.2725425,
      "y" : 2.986068,
      "z" : -0.095491506
    }, {
      "x" : 4.427051,
      "y" : 2.736068,
      "z" : -0.309017
    }, {
      "x" : 5.236068,
      "y" : 3.236068,
      "z" : 0.0
    }, {
      "x" : 0.6545085,
      "y" : 0.75,
      "z" : -0.095491506
    }, {
      "x" : 4.5815597,
      "y" : 2.486068,
      "z" : -0.095491506
    } ],
    "faces" : [ {
      "vertices" : [ 4, 11, 8 ]
    }, {
      "vertices" : [ 4, 8, 9 ]
    }, {
      "vertices" : [ 0, 1, 2 ]
    }, {
      "vertices" : [ 0, 2, 3 ]
    }, {
      "vertices" : [ 0, 3, 6 ]
    }, {
      "vertices" : [ 1, 7, 2 ]
    }, {
      "vertices" : [ 0, 6, 5 ]
    }, {
      "vertices" : [ 4, 5, 6 ]
    }, {
      "vertices" : [ 2, 7, 8 ]
    }, {
      "vertices" : [ 0, 5, 12 ]
    }, {
      "vertices" : [ 0, 12, 1 ]
    }, {
      "vertices" : [ 1, 12, 7 ]
    }, {
      "vertices" : [ 3, 11, 6 ]
    }, {
      "vertices" : [ 4, 6, 11 ]
    }, {
      "vertices" : [ 7, 9, 8 ]
    }, {
      "vertices" : [ 2, 8, 11 ]
    }, {
      "vertices" : [ 2, 11, 3 ]
    }, {
      "vertices" : [ 7, 12, 9 ]
    }, {
      "vertices" : [ 4, 9, 12 ]
    }, {
      "vertices" : [ 4, 12, 5 ]
    } ]
  }, {
    "id" : "d8d26a3a-bfcb-411f-af9a-8136f1644260",
    "vertices" : [ {
      "x" : 0.309017,
      "y" : -0.309017,
      "z" : -0.309017
    }, {
      "x" : 0.5,
      "y" : 0.0,
      "z" : -0.19098301
    }, {
      "x" : 0.5,
      "y" : 0.0,
      "z" : 0.19098301
    }, {
      "x" : 0.309017,
      "y" : -0.309017,
      "z" : 0.309017
    }, {
      "x" : 0.19098301,
      "y" : -0.5,
      "z" : 0.0
    }, {
      "x" : 0.0,
      "y" : 0.19098301,
      "z" : 0.5
    }, {
      "x" : 0.0,
      "y" : -0.19098301,
      "z" : 0.5
    }, {
      "x" : 0.309017,
      "y" : 0.309017,
      "z" : 0.309017
    }, {
      "x" : -0.309017,
      "y" : -0.309017,
      "z" : 0.309017
    }, {
      "x" : -0.309017,
      "y" : 0.309017,
      "z" : 0.309017
    }, {
      "x" : -0.5,
      "y" : 0.0,
      "z" : 0.19098301
    }, {
      "x" : 0.0,
      "y" : -0.19098301,
      "z" : -0.5
    }, {
      "x" : 0.0,
      "y" : 0.19098301,
      "z" : -0.5
    }, {
      "x" : 0.309017,
      "y" : 0.309017,
      "z" : -0.309017
    }, {
      "x" : -0.309017,
      "y" : -0.309017,
      "z" : -0.309017
    }, {
      "x" : -0.19098301,
      "y" : -0.5,
      "z" : 0.0
    }, {
      "x" : -0.5,
      "y" : 0.0,
      "z" : -0.19098301
    }, {
      "x" : 0.19098301,
      "y" : 0.5,
      "z" : 0.0
    }, {
      "x" : -0.309017,
      "y" : 0.309017,
      "z" : -0.309017
    }, {
      "x" : 0.0,
      "y" : 0.0,
      "z" : 0.0
    }, {
      "x" : -0.19098301,
      "y" : 0.5,
      "z" : 0.0
    } ],
    "faces" : [ {
      "vertices" : [ 12, 18, 20 ]
    }, {
      "vertices" : [ 12, 20, 17 ]
    }, {
      "vertices" : [ 12, 17, 13 ]
    }, {
      "vertices" : [ 3, 6, 8 ]
    }, {
      "vertices" : [ 3, 8, 15 ]
    }, {
      "vertices" : [ 3, 15, 4 ]
    }, {
      "vertices" : [ 0, 11, 12 ]
    }, {
      "vertices" : [ 0, 12, 13 ]
    }, {
      "vertices" : [ 0, 13, 1 ]
    }, {
      "vertices" : [ 5, 9, 10 ]
    }, {
      "vertices" : [ 5, 10, 8 ]
    }, {
      "vertices" : [ 5, 8, 6 ]
    }, {
      "vertices" : [ 2, 7, 5 ]
    }, {
      "vertices" : [ 2, 5, 6 ]
    }, {
      "vertices" : [ 2, 6, 3 ]
    }, {
      "vertices" : [ 11, 14, 16 ]
    }, {
      "vertices" : [ 11, 16, 18 ]
    }, {
      "vertices" : [ 11, 18, 12 ]
    }, {
      "vertices" : [ 1, 13, 17 ]
    }, {
      "vertices" : [ 1, 17, 7 ]
    }, {
      "vertices" : [ 1, 7, 2 ]
    }, {
      "vertices" : [ 9, 20, 18 ]
    }, {
      "vertices" : [ 9, 18, 16 ]
    }, {
      "vertices" : [ 9, 16, 10 ]
    }, {
      "vertices" : [ 0, 1, 2 ]
    }, {
      "vertices" : [ 0, 2, 3 ]
    }, {
      "vertices" : [ 0, 3, 4 ]
    }, {
      "vertices" : [ 5, 7, 17 ]
    }, {
      "vertices" : [ 5, 17, 20 ]
    }, {
      "vertices" : [ 5, 20, 9 ]
    }, {
      "vertices" : [ 0, 4, 15 ]
    }, {
      "vertices" : [ 0, 15, 14 ]
    }, {
      "vertices" : [ 0, 14, 11 ]
    }, {
      "vertices" : [ 8, 10, 16 ]
    }, {
      "vertices" : [ 8, 16, 14 ]
    }, {
      "vertices" : [ 8, 14, 15 ]
    } ]
  }, {
    "id" : "635e120a-c00a-451d-b61f-48c920ce93bd",
    "vertices" : [ {
      "x" : 0.9045085,
      "y" : 0.3454915,
      "z" : 0.25
    }, {
      "x" : 7.7586102,
      "y" : 4.5815597,
      "z" : 0.25
    }, {
      "x" : 7.5676274,
      "y" : 4.8905764,
      "z" : 0.25
    }, {
      "x" : 0.7135255,
      "y" : 0.6545085,
      "z" : 0.25
    }, {
      "x" : 0.809017,
      "y" : 0.5,
      "z" : -0.309017
    }, {
      "x" : 0.9635255,
      "y" : 0.25,
      "z" : -0.095491506
    }, {
      "x" : 0.309017,
      "y" : 0.19098301,
      "z" : 0.0
    }, {
      "x" : 8.163119,
      "y" : 5.045085,
      "z" : 0.0
    }, {
      "x" : 7.5086102,
      "y" : 4.986068,
      "z" : -0.095491506
    }, {
      "x" : 7.663119,
      "y" : 4.736068,
      "z" : -0.309017
    }, {
      "x" : 8.472136,
      "y" : 5.236068,
      "z" : 0.0
    }, {
      "x" : 0.6545085,
      "y" : 0.75,
      "z" : -0.095491506
    }, {
      "x" : 7.8176274,
      "y" : 4.486068,
      "z" : -0.095491506
    } ],
    "faces" : [ {
      "vertices" : [ 4, 11, 8 ]
    }, {
      "vertices" : [ 4, 8, 9 ]
    }, {
      "vertices" : [ 0, 1, 2 ]
    }, {
      "vertices" : [ 0, 2, 3 ]
    }, {
      "vertices" : [ 0, 3, 6 ]
    }, {
      "vertices" : [ 1, 7, 2 ]
    }, {
      "vertices" : [ 0, 6, 5 ]
    }, {
      "vertices" : [ 4, 5, 6 ]
    }, {
      "vertices" : [ 2, 7, 8 ]
    }, {
      "vertices" : [ 0, 5, 12 ]
    }, {
      "vertices" : [ 0, 12, 1 ]
    }, {
      "vertices" : [ 1, 12, 7 ]
    }, {
      "vertices" : [ 3, 11, 6 ]
    }, {
      "vertices" : [ 4, 6, 11 ]
    }, {
      "vertices" : [ 7, 9, 8 ]
    }, {
      "vertices" : [ 2, 8, 11 ]
    }, {
      "vertices" : [ 2, 11, 3 ]
    }, {
      "vertices" : [ 7, 12, 9 ]
    }, {
      "vertices" : [ 4, 9, 12 ]
    }, {
      "vertices" : [ 4, 12, 5 ]
    } ]
  }, {
    "id" : "66d1be62-0e7d-4762-afc7-a107f916f5c5",
    "vertices" : [ {
      "x" : 1.0,
      "y" : 0.309017,
      "z" : 0.19098301
    }, {
      "x" : 1.0,
      "y" : -0.309017,
      "z" : 0.19098301
    }, {
      "x" : 9.472136,
      "y" : -0.309017,
      "z" : 0.19098301
    }, {
      "x" : 9.472136,
      "y" : 0.309017,
      "z" : 0.19098301
    }, {
      "x" : 9.472136,
      "y" : -0.309017,
      "z" : -0.19098301
    }, {
      "x" : 9.472136,
      "y" : 0.309017,
      "z" : -0.19098301
    }, {
      "x" : 10.09017,
      "y" : 0.0,
      "z" : 0.0
    }, {
      "x" : 0.38196602,
      "y" : 0.0,
      "z" : 0.0
    }, {
      "x" : 1.0,
      "y" : 0.309017,
      "z" : -0.19098301
    }, {
      "x" : 1.0,
      "y" : -0.309017,
      "z" : -0.19098301
    }, {
      "x" : 10.472136,
      "y" : 0.0,
      "z" : 0.0
    } ],
    "faces" : [ {
      "vertices" : [ 1, 9, 4 ]
    }, {
      "vertices" : [ 1, 4, 2 ]
    }, {
      "vertices" : [ 0, 3, 5 ]
    }, {
      "vertices" : [ 0, 5, 8 ]
    }, {
      "vertices" : [ 1, 7, 9 ]
    }, {
      "vertices" : [ 0, 1, 2 ]
    }, {
      "vertices" : [ 0, 2, 3 ]
    }, {
      "vertices" : [ 7, 8, 9 ]
    }, {
      "vertices" : [ 0, 7, 1 ]
    }, {
      "vertices" : [ 4, 9, 8 ]
    }, {
      "vertices" : [ 4, 8, 5 ]
    }, {
      "vertices" : [ 2, 6, 3 ]
    }, {
      "vertices" : [ 2, 4, 6 ]
    }, {
      "vertices" : [ 3, 6, 5 ]
    }, {
      "vertices" : [ 4, 5, 6 ]
    }, {
      "vertices" : [ 0, 8, 7 ]
    } ]
  } ],
  "instances" : [ {
    "shape" : "e36cbf4a-495d-4a67-8239-e91080ee4b97",
    "color" : "#F0A000",
    "position" : {
      "x" : -15.708204,
      "y" : -15.708204,
      "z" : 5.236068
    },
    "orientation" : 24
  }, {
    "shape" : "1d3f497c-a6fa-4c7d-9ca6-4e16b60e51f1",
    "color" : "#AF0000",
    "position" : {
      "x" : 10.472136,
      "y" : -15.708204,
      "z" : -13.708204
    },
    "orientation" : 46
  }, {
    "shape" : "d8d26a3a-bfcb-411f-af9a-8136f1644260",
    "color" : "#FFFFFF",
    "position" : {
      "x" : -10.472136,
      "y" : -10.472136,
      "z" : 16.944271
    }
  }, {
    "shape" : "d8d26a3a-bfcb-411f-af9a-8136f1644260",
    "color" : "#FFFFFF",
    "position" : {
      "x" : 10.472136,
      "y" : -5.236068,
      "z" : -7.236068
    }
  }, {
    "shape" : "e36cbf4a-495d-4a67-8239-e91080ee4b97",
    "color" : "#F0A000",
    "position" : {
      "x" : -10.472136,
      "y" : 15.708204,
      "z" : 13.708204
    },
    "orientation" : 5
  }, {
    "shape" : "d8d26a3a-bfcb-411f-af9a-8136f1644260",
    "color" : "#FFFFFF",
    "position" : {
      "x" : -20.944271,
      "y" : 5.236068,
      "z" : 3.236068
    }
  }, {
    "shape" : "d8d26a3a-bfcb-411f-af9a-8136f1644260",
    "color" : "#FFFFFF",
    "position" : {
      "x" : 5.236068,
      "y" : -15.708204,
      "z" : 11.708204
    }
  }, {
    "shape" : "1d3f497c-a6fa-4c7d-9ca6-4e16b60e51f1",
    "color" : "#AF0000",
    "position" : {
      "x" : 15.708204,
      "y" : 15.708204,
      "z" : 5.236068
    },
    "orientation" : 16
  }, {
    "shape" : "635e120a-c00a-451d-b61f-48c920ce93bd",
    "color" : "#AF0000",
    "position" : {
      "x" : -5.236068,
      "y" : 5.236068,
      "z" : 1.236068
    },
    "orientation" : 47
  }, {
    "shape" : "d8d26a3a-bfcb-411f-af9a-8136f1644260",
    "color" : "#FFFFFF",
    "position" : {
      "x" : 15.708204,
      "y" : -5.236068,
      "z" : 11.708204
    }
  }, {
    "shape" : "d8d26a3a-bfcb-411f-af9a-8136f1644260",
    "color" : "#FFFFFF",
    "position" : {
      "x" : 10.472136,
      "y" : 5.236068,
      "z" : -7.236068
    }
  }, {
    "shape" : "d8d26a3a-bfcb-411f-af9a-8136f1644260",
    "color" : "#FFFFFF",
    "position" : {
      "x" : 20.944271,
      "y" : 5.236068,
      "z" : 3.236068
    }
  }, {
    "shape" : "d8d26a3a-bfcb-411f-af9a-8136f1644260",
    "color" : "#FFFFFF",
    "position" : {
      "x" : 5.236068,
      "y" : -5.236068,
      "z" : -22.18034
    }
  }, {
    "shape" : "e36cbf4a-495d-4a67-8239-e91080ee4b97",
    "color" : "#F0A000",
    "position" : {
      "x" : 20.944271,
      "y" : -10.472136,
      "z" : 0.0
    },
    "orientation" : 19
  }, {
    "shape" : "e36cbf4a-495d-4a67-8239-e91080ee4b97",
    "color" : "#F0A000",
    "position" : {
      "x" : 15.708204,
      "y" : -5.236068,
      "z" : -11.708204
    },
    "orientation" : 39
  }, {
    "shape" : "e36cbf4a-495d-4a67-8239-e91080ee4b97",
    "color" : "#F0A000",
    "position" : {
      "x" : -20.944271,
      "y" : -5.236068,
      "z" : 3.236068
    },
    "orientation" : 24
  }, {
    "shape" : "635e120a-c00a-451d-b61f-48c920ce93bd",
    "color" : "#AF0000",
    "position" : {
      "x" : -10.472136,
      "y" : -5.236068,
      "z" : 7.236068
    },
    "orientation" : 17
  }, {
    "shape" : "66d1be62-0e7d-4762-afc7-a107f916f5c5",
    "color" : "#007695",
    "position" : {
      "x" : -5.236068,
      "y" : 5.236068,
      "z" : -15.708204
    },
    "orientation" : 0
  }, {
    "shape" : "1d3f497c-a6fa-4c7d-9ca6-4e16b60e51f1",
    "color" : "#AF0000",
    "position" : {
      "x" : -5.236068,
      "y" : 15.708204,
      "z" : -11.708204
    },
    "orientation" : 1
  }, {
    "shape" : "66d1be62-0e7d-4762-afc7-a107f916f5c5",
    "color" : "#007695",
    "position" : {
      "x" : 5.236068,
      "y" : -5.236068,
      "z" : 15.708204
    },
    "orientation" : 1
  }, {
    "shape" : "1d3f497c-a6fa-4c7d-9ca6-4e16b60e51f1",
    "color" : "#AF0000",
    "position" : {
      "x" : -15.708204,
      "y" : 10.472136,
      "z" : -2.0
    },
    "orientation" : 46
  }, {
    "shape" : "e36cbf4a-495d-4a67-8239-e91080ee4b97",
    "color" : "#F0A000",
    "position" : {
      "x" : -10.472136,
      "y" : 15.708204,
      "z" : -13.708204
    },
    "orientation" : 9
  }, {
    "shape" : "d8d26a3a-bfcb-411f-af9a-8136f1644260",
    "color" : "#FFFFFF",
    "position" : {
      "x" : 10.472136,
      "y" : -10.472136,
      "z" : -6.472136
    }
  }, {
    "shape" : "e36cbf4a-495d-4a67-8239-e91080ee4b97",
    "color" : "#F0A000",
    "position" : {
      "x" : -15.708204,
      "y" : 5.236068,
      "z" : 11.708204
    },
    "orientation" : 9
  }, {
    "shape" : "1d3f497c-a6fa-4c7d-9ca6-4e16b60e51f1",
    "color" : "#AF0000",
    "position" : {
      "x" : 20.944271,
      "y" : 5.236068,
      "z" : 3.236068
    },
    "orientation" : 46
  }, {
    "shape" : "635e120a-c00a-451d-b61f-48c920ce93bd",
    "color" : "#AF0000",
    "position" : {
      "x" : 10.472136,
      "y" : 10.472136,
      "z" : -6.472136
    },
    "orientation" : 2
  }, {
    "shape" : "e36cbf4a-495d-4a67-8239-e91080ee4b97",
    "color" : "#F0A000",
    "position" : {
      "x" : -10.472136,
      "y" : -10.472136,
      "z" : 16.944271
    },
    "orientation" : 54
  }, {
    "shape" : "e36cbf4a-495d-4a67-8239-e91080ee4b97",
    "color" : "#F0A000",
    "position" : {
      "x" : -15.708204,
      "y" : -15.708204,
      "z" : 5.236068
    },
    "orientation" : 54
  }, {
    "shape" : "635e120a-c00a-451d-b61f-48c920ce93bd",
    "color" : "#AF0000",
    "position" : {
      "x" : 5.236068,
      "y" : 20.944271,
      "z" : -8.472136
    },
    "orientation" : 2
  }, {
    "shape" : "635e120a-c00a-451d-b61f-48c920ce93bd",
    "color" : "#AF0000",
    "position" : {
      "x" : -10.472136,
      "y" : -5.236068,
      "z" : -7.236068
    },
    "orientation" : 17
  }, {
    "shape" : "d8d26a3a-bfcb-411f-af9a-8136f1644260",
    "color" : "#FFFFFF",
    "position" : {
      "x" : 5.236068,
      "y" : 5.236068,
      "z" : -15.708204
    }
  }, {
    "shape" : "1d3f497c-a6fa-4c7d-9ca6-4e16b60e51f1",
    "color" : "#AF0000",
    "position" : {
      "x" : -10.472136,
      "y" : -10.472136,
      "z" : 16.944271
    },
    "orientation" : 16
  }, {
    "shape" : "d8d26a3a-bfcb-411f-af9a-8136f1644260",
    "color" : "#FFFFFF",
    "position" : {
      "x" : 5.236068,
      "y" : -5.236068,
      "z" : -1.236068
    }
  }, {
    "shape" : "d8d26a3a-bfcb-411f-af9a-8136f1644260",
    "color" : "#FFFFFF",
    "position" : {
      "x" : -5.236068,
      "y" : 15.708204,
      "z" : -11.708204
    }
  }, {
    "shape" : "e36cbf4a-495d-4a67-8239-e91080ee4b97",
    "color" : "#F0A000",
    "position" : {
      "x" : 10.472136,
      "y" : 10.472136,
      "z" : 6.472136
    },
    "orientation" : 19
  }, {
    "shape" : "66d1be62-0e7d-4762-afc7-a107f916f5c5",
    "color" : "#007695",
    "position" : {
      "x" : 5.236068,
      "y" : -5.236068,
      "z" : -15.708204
    },
    "orientation" : 1
  }, {
    "shape" : "635e120a-c00a-451d-b61f-48c920ce93bd",
    "color" : "#AF0000",
    "position" : {
      "x" : 15.708204,
      "y" : -10.472136,
      "z" : -2.0
    },
    "orientation" : 32
  }, {
    "shape" : "d8d26a3a-bfcb-411f-af9a-8136f1644260",
    "color" : "#FFFFFF",
    "position" : {
      "x" : -15.708204,
      "y" : -10.472136,
      "z" : -2.0
    }
  }, {
    "shape" : "d8d26a3a-bfcb-411f-af9a-8136f1644260",
    "color" : "#FFFFFF",
    "position" : {
      "x" : -10.472136,
      "y" : 15.708204,
      "z" : -13.708204
    }
  }, {
    "shape" : "d8d26a3a-bfcb-411f-af9a-8136f1644260",
    "color" : "#FFFFFF",
    "position" : {
      "x" : 15.708204,
      "y" : -15.708204,
      "z" : -5.236068
    }
  }, {
    "shape" : "635e120a-c00a-451d-b61f-48c920ce93bd",
    "color" : "#AF0000",
    "position" : {
      "x" : 5.236068,
      "y" : 20.944271,
      "z" : 8.472136
    },
    "orientation" : 17
  }, {
    "shape" : "66d1be62-0e7d-4762-afc7-a107f916f5c5",
    "color" : "#007695",
    "position" : {
      "x" : -5.236068,
      "y" : 5.236068,
      "z" : -22.18034
    },
    "orientation" : 0
  }, {
    "shape" : "66d1be62-0e7d-4762-afc7-a107f916f5c5",
    "color" : "#007695",
    "position" : {
      "x" : -5.236068,
      "y" : -10.472136,
      "z" : 18.944271
    },
    "orientation" : 0
  }, {
    "shape" : "66d1be62-0e7d-4762-afc7-a107f916f5c5",
    "color" : "#007695",
    "position" : {
      "x" : -15.708204,
      "y" : 5.236068,
      "z" : -11.708204
    },
    "orientation" : 16
  }, {
    "shape" : "e36cbf4a-495d-4a67-8239-e91080ee4b97",
    "color" : "#F0A000",
    "position" : {
      "x" : -10.472136,
      "y" : -10.472136,
      "z" : -16.944271
    },
    "orientation" : 3
  }, {
    "shape" : "d8d26a3a-bfcb-411f-af9a-8136f1644260",
    "color" : "#FFFFFF",
    "position" : {
      "x" : -10.472136,
      "y" : -10.472136,
      "z" : -16.944271
    }
  }, {
    "shape" : "d8d26a3a-bfcb-411f-af9a-8136f1644260",
    "color" : "#FFFFFF",
    "position" : {
      "x" : -5.236068,
      "y" : -5.236068,
      "z" : 1.236068
    }
  }, {
    "shape" : "66d1be62-0e7d-4762-afc7-a107f916f5c5",
    "color" : "#007695",
    "position" : {
      "x" : -5.236068,
      "y" : 5.236068,
      "z" : -1.236068
    },
    "orientation" : 0
  }, {
    "shape" : "1d3f497c-a6fa-4c7d-9ca6-4e16b60e51f1",
    "color" : "#AF0000",
    "position" : {
      "x" : -20.944271,
      "y" : 10.472136,
      "z" : 0.0
    },
    "orientation" : 16
  }, {
    "shape" : "e36cbf4a-495d-4a67-8239-e91080ee4b97",
    "color" : "#F0A000",
    "position" : {
      "x" : -10.472136,
      "y" : 15.708204,
      "z" : 13.708204
    },
    "orientation" : 3
  }, {
    "shape" : "e36cbf4a-495d-4a67-8239-e91080ee4b97",
    "color" : "#F0A000",
    "position" : {
      "x" : 10.472136,
      "y" : 10.472136,
      "z" : -16.944271
    },
    "orientation" : 4
  }, {
    "shape" : "d8d26a3a-bfcb-411f-af9a-8136f1644260",
    "color" : "#FFFFFF",
    "position" : {
      "x" : -10.472136,
      "y" : 20.944271,
      "z" : 0.0
    }
  }, {
    "shape" : "635e120a-c00a-451d-b61f-48c920ce93bd",
    "color" : "#AF0000",
    "position" : {
      "x" : -5.236068,
      "y" : -20.944271,
      "z" : -8.472136
    },
    "orientation" : 32
  }, {
    "shape" : "d8d26a3a-bfcb-411f-af9a-8136f1644260",
    "color" : "#FFFFFF",
    "position" : {
      "x" : -10.472136,
      "y" : 15.708204,
      "z" : 13.708204
    }
  }, {
    "shape" : "635e120a-c00a-451d-b61f-48c920ce93bd",
    "color" : "#AF0000",
    "position" : {
      "x" : 5.236068,
      "y" : -5.236068,
      "z" : -1.236068
    },
    "orientation" : 2
  }, {
    "shape" : "e36cbf4a-495d-4a67-8239-e91080ee4b97",
    "color" : "#F0A000",
    "position" : {
      "x" : 10.472136,
      "y" : 5.236068,
      "z" : -7.236068
    },
    "orientation" : 9
  }, {
    "shape" : "d8d26a3a-bfcb-411f-af9a-8136f1644260",
    "color" : "#FFFFFF",
    "position" : {
      "x" : 10.472136,
      "y" : -10.472136,
      "z" : -16.944271
    }
  }, {
    "shape" : "d8d26a3a-bfcb-411f-af9a-8136f1644260",
    "color" : "#FFFFFF",
    "position" : {
      "x" : 20.944271,
      "y" : -5.236068,
      "z" : 3.236068
    }
  }, {
    "shape" : "66d1be62-0e7d-4762-afc7-a107f916f5c5",
    "color" : "#007695",
    "position" : {
      "x" : -10.472136,
      "y" : -5.236068,
      "z" : 7.236068
    },
    "orientation" : 1
  }, {
    "shape" : "d8d26a3a-bfcb-411f-af9a-8136f1644260",
    "color" : "#FFFFFF",
    "position" : {
      "x" : 15.708204,
      "y" : 10.472136,
      "z" : -2.0
    }
  }, {
    "shape" : "1d3f497c-a6fa-4c7d-9ca6-4e16b60e51f1",
    "color" : "#AF0000",
    "position" : {
      "x" : -20.944271,
      "y" : -5.236068,
      "z" : -3.236068
    },
    "orientation" : 31
  }, {
    "shape" : "1d3f497c-a6fa-4c7d-9ca6-4e16b60e51f1",
    "color" : "#AF0000",
    "position" : {
      "x" : 10.472136,
      "y" : -15.708204,
      "z" : 13.708204
    },
    "orientation" : 1
  }, {
    "shape" : "1d3f497c-a6fa-4c7d-9ca6-4e16b60e51f1",
    "color" : "#AF0000",
    "position" : {
      "x" : 5.236068,
      "y" : -5.236068,
      "z" : -22.18034
    },
    "orientation" : 31
  }, {
    "shape" : "e36cbf4a-495d-4a67-8239-e91080ee4b97",
    "color" : "#F0A000",
    "position" : {
      "x" : -15.708204,
      "y" : 10.472136,
      "z" : -2.0
    },
    "orientation" : 24
  }, {
    "shape" : "d8d26a3a-bfcb-411f-af9a-8136f1644260",
    "color" : "#FFFFFF",
    "position" : {
      "x" : -5.236068,
      "y" : 5.236068,
      "z" : -15.708204
    }
  }, {
    "shape" : "635e120a-c00a-451d-b61f-48c920ce93bd",
    "color" : "#AF0000",
    "position" : {
      "x" : 5.236068,
      "y" : -5.236068,
      "z" : 1.236068
    },
    "orientation" : 17
  }, {
    "shape" : "d8d26a3a-bfcb-411f-af9a-8136f1644260",
    "color" : "#FFFFFF",
    "position" : {
      "x" : 10.472136,
      "y" : -15.708204,
      "z" : 13.708204
    }
  }, {
    "shape" : "66d1be62-0e7d-4762-afc7-a107f916f5c5",
    "color" : "#007695",
    "position" : {
      "x" : 5.236068,
      "y" : -5.236068,
      "z" : -22.18034
    },
    "orientation" : 45
  }, {
    "shape" : "1d3f497c-a6fa-4c7d-9ca6-4e16b60e51f1",
    "color" : "#AF0000",
    "position" : {
      "x" : 5.236068,
      "y" : -5.236068,
      "z" : 15.708204
    },
    "orientation" : 31
  }, {
    "shape" : "d8d26a3a-bfcb-411f-af9a-8136f1644260",
    "color" : "#FFFFFF",
    "position" : {
      "x" : 5.236068,
      "y" : -10.472136,
      "z" : 18.944271
    }
  }, {
    "shape" : "e36cbf4a-495d-4a67-8239-e91080ee4b97",
    "color" : "#F0A000",
    "position" : {
      "x" : -10.472136,
      "y" : -10.472136,
      "z" : -6.472136
    },
    "orientation" : 24
  }, {
    "shape" : "635e120a-c00a-451d-b61f-48c920ce93bd",
    "color" : "#AF0000",
    "position" : {
      "x" : 15.708204,
      "y" : 15.708204,
      "z" : 5.236068
    },
    "orientation" : 32
  }, {
    "shape" : "d8d26a3a-bfcb-411f-af9a-8136f1644260",
    "color" : "#FFFFFF",
    "position" : {
      "x" : 5.236068,
      "y" : 20.944271,
      "z" : 8.472136
    }
  }, {
    "shape" : "635e120a-c00a-451d-b61f-48c920ce93bd",
    "color" : "#AF0000",
    "position" : {
      "x" : 10.472136,
      "y" : -15.708204,
      "z" : 13.708204
    },
    "orientation" : 17
  }, {
    "shape" : "66d1be62-0e7d-4762-afc7-a107f916f5c5",
    "color" : "#007695",
    "position" : {
      "x" : -20.944271,
      "y" : -5.236068,
      "z" : -3.236068
    },
    "orientation" : 1
  }, {
    "shape" : "635e120a-c00a-451d-b61f-48c920ce93bd",
    "color" : "#AF0000",
    "position" : {
      "x" : -10.472136,
      "y" : 20.944271,
      "z" : 0.0
    },
    "orientation" : 2
  }, {
    "shape" : "66d1be62-0e7d-4762-afc7-a107f916f5c5",
    "color" : "#007695",
    "position" : {
      "x" : -5.236068,
      "y" : 5.236068,
      "z" : 22.18034
    },
    "orientation" : 16
  }, {
    "shape" : "66d1be62-0e7d-4762-afc7-a107f916f5c5",
    "color" : "#007695",
    "position" : {
      "x" : 5.236068,
      "y" : 20.944271,
      "z" : 8.472136
    },
    "orientation" : 45
  }, {
    "shape" : "e36cbf4a-495d-4a67-8239-e91080ee4b97",
    "color" : "#F0A000",
    "position" : {
      "x" : -5.236068,
      "y" : 5.236068,
      "z" : -22.18034
    },
    "orientation" : 4
  }, {
    "shape" : "66d1be62-0e7d-4762-afc7-a107f916f5c5",
    "color" : "#007695",
    "position" : {
      "x" : 5.236068,
      "y" : -5.236068,
      "z" : -1.236068
    },
    "orientation" : 45
  }, {
    "shape" : "1d3f497c-a6fa-4c7d-9ca6-4e16b60e51f1",
    "color" : "#AF0000",
    "position" : {
      "x" : -5.236068,
      "y" : 5.236068,
      "z" : -15.708204
    },
    "orientation" : 46
  }, {
    "shape" : "d8d26a3a-bfcb-411f-af9a-8136f1644260",
    "color" : "#FFFFFF",
    "position" : {
      "x" : 10.472136,
      "y" : 5.236068,
      "z" : 7.236068
    }
  }, {
    "shape" : "e36cbf4a-495d-4a67-8239-e91080ee4b97",
    "color" : "#F0A000",
    "position" : {
      "x" : -15.708204,
      "y" : 10.472136,
      "z" : 2.0
    },
    "orientation" : 19
  }, {
    "shape" : "d8d26a3a-bfcb-411f-af9a-8136f1644260",
    "color" : "#FFFFFF",
    "position" : {
      "x" : 5.236068,
      "y" : -10.472136,
      "z" : -18.944271
    }
  }, {
    "shape" : "d8d26a3a-bfcb-411f-af9a-8136f1644260",
    "color" : "#FFFFFF",
    "position" : {
      "x" : 10.472136,
      "y" : 10.472136,
      "z" : -16.944271
    }
  }, {
    "shape" : "66d1be62-0e7d-4762-afc7-a107f916f5c5",
    "color" : "#007695",
    "position" : {
      "x" : 5.236068,
      "y" : -15.708204,
      "z" : 11.708204
    },
    "orientation" : 45
  }, {
    "shape" : "e36cbf4a-495d-4a67-8239-e91080ee4b97",
    "color" : "#F0A000",
    "position" : {
      "x" : -20.944271,
      "y" : 10.472136,
      "z" : 0.0
    },
    "orientation" : 9
  }, {
    "shape" : "d8d26a3a-bfcb-411f-af9a-8136f1644260",
    "color" : "#FFFFFF",
    "position" : {
      "x" : -5.236068,
      "y" : 5.236068,
      "z" : 15.708204
    }
  }, {
    "shape" : "66d1be62-0e7d-4762-afc7-a107f916f5c5",
    "color" : "#007695",
    "position" : {
      "x" : 10.472136,
      "y" : 5.236068,
      "z" : 7.236068
    },
    "orientation" : 16
  }, {
    "shape" : "e36cbf4a-495d-4a67-8239-e91080ee4b97",
    "color" : "#F0A000",
    "position" : {
      "x" : 5.236068,
      "y" : -5.236068,
      "z" : 1.236068
    },
    "orientation" : 5
  }, {
    "shape" : "e36cbf4a-495d-4a67-8239-e91080ee4b97",
    "color" : "#F0A000",
    "position" : {
      "x" : -10.472136,
      "y" : -10.472136,
      "z" : 16.944271
    },
    "orientation" : 24
  }, {
    "shape" : "635e120a-c00a-451d-b61f-48c920ce93bd",
    "color" : "#AF0000",
    "position" : {
      "x" : 15.708204,
      "y" : 15.708204,
      "z" : -5.236068
    },
    "orientation" : 47
  }, {
    "shape" : "66d1be62-0e7d-4762-afc7-a107f916f5c5",
    "color" : "#007695",
    "position" : {
      "x" : -5.236068,
      "y" : -20.944271,
      "z" : 8.472136
    },
    "orientation" : 0
  }, {
    "shape" : "d8d26a3a-bfcb-411f-af9a-8136f1644260",
    "color" : "#FFFFFF",
    "position" : {
      "x" : 15.708204,
      "y" : 15.708204,
      "z" : -5.236068
    }
  }, {
    "shape" : "1d3f497c-a6fa-4c7d-9ca6-4e16b60e51f1",
    "color" : "#AF0000",
    "position" : {
      "x" : -20.944271,
      "y" : 10.472136,
      "z" : 0.0
    },
    "orientation" : 31
  }, {
    "shape" : "d8d26a3a-bfcb-411f-af9a-8136f1644260",
    "color" : "#FFFFFF",
    "position" : {
      "x" : -10.472136,
      "y" : 5.236068,
      "z" : -7.236068
    }
  }, {
    "shape" : "d8d26a3a-bfcb-411f-af9a-8136f1644260",
    "color" : "#FFFFFF",
    "position" : {
      "x" : 5.236068,
      "y" : -20.944271,
      "z" : -8.472136
    }
  }, {
    "shape" : "e36cbf4a-495d-4a67-8239-e91080ee4b97",
    "color" : "#F0A000",
    "position" : {
      "x" : 10.472136,
      "y" : 10.472136,
      "z" : 16.944271
    },
    "orientation" : 39
  }, {
    "shape" : "d8d26a3a-bfcb-411f-af9a-8136f1644260",
    "color" : "#FFFFFF",
    "position" : {
      "x" : -10.472136,
      "y" : -20.944271,
      "z" : 0.0
    }
  }, {
    "shape" : "d8d26a3a-bfcb-411f-af9a-8136f1644260",
    "color" : "#FFFFFF",
    "position" : {
      "x" : 5.236068,
      "y" : 10.472136,
      "z" : 18.944271
    }
  }, {
    "shape" : "e36cbf4a-495d-4a67-8239-e91080ee4b97",
    "color" : "#F0A000",
    "position" : {
      "x" : 5.236068,
      "y" : -5.236068,
      "z" : -1.236068
    },
    "orientation" : 24
  }, {
    "shape" : "635e120a-c00a-451d-b61f-48c920ce93bd",
    "color" : "#AF0000",
    "position" : {
      "x" : 15.708204,
      "y" : -10.472136,
      "z" : 2.0
    },
    "orientation" : 47
  }, {
    "shape" : "e36cbf4a-495d-4a67-8239-e91080ee4b97",
    "color" : "#F0A000",
    "position" : {
      "x" : 5.236068,
      "y" : -15.708204,
      "z" : -11.708204
    },
    "orientation" : 9
  }, {
    "shape" : "e36cbf4a-495d-4a67-8239-e91080ee4b97",
    "color" : "#F0A000",
    "position" : {
      "x" : 5.236068,
      "y" : 10.472136,
      "z" : 18.944271
    },
    "orientation" : 3
  }, {
    "shape" : "e36cbf4a-495d-4a67-8239-e91080ee4b97",
    "color" : "#F0A000",
    "position" : {
      "x" : 5.236068,
      "y" : 10.472136,
      "z" : -18.944271
    },
    "orientation" : 9
  }, {
    "shape" : "d8d26a3a-bfcb-411f-af9a-8136f1644260",
    "color" : "#FFFFFF",
    "position" : {
      "x" : -5.236068,
      "y" : 10.472136,
      "z" : -18.944271
    }
  }, {
    "shape" : "e36cbf4a-495d-4a67-8239-e91080ee4b97",
    "color" : "#F0A000",
    "position" : {
      "x" : -10.472136,
      "y" : -10.472136,
      "z" : 6.472136
    },
    "orientation" : 3
  }, {
    "shape" : "e36cbf4a-495d-4a67-8239-e91080ee4b97",
    "color" : "#F0A000",
    "position" : {
      "x" : 5.236068,
      "y" : -15.708204,
      "z" : 11.708204
    },
    "orientation" : 3
  }, {
    "shape" : "e36cbf4a-495d-4a67-8239-e91080ee4b97",
    "color" : "#F0A000",
    "position" : {
      "x" : 10.472136,
      "y" : 10.472136,
      "z" : -16.944271
    },
    "orientation" : 19
  }, {
    "shape" : "66d1be62-0e7d-4762-afc7-a107f916f5c5",
    "color" : "#007695",
    "position" : {
      "x" : 20.944271,
      "y" : 5.236068,
      "z" : -3.236068
    },
    "orientation" : 16
  }, {
    "shape" : "66d1be62-0e7d-4762-afc7-a107f916f5c5",
    "color" : "#007695",
    "position" : {
      "x" : 10.472136,
      "y" : 5.236068,
      "z" : -7.236068
    },
    "orientation" : 16
  }, {
    "shape" : "e36cbf4a-495d-4a67-8239-e91080ee4b97",
    "color" : "#F0A000",
    "position" : {
      "x" : -5.236068,
      "y" : 15.708204,
      "z" : 11.708204
    },
    "orientation" : 19
  }, {
    "shape" : "1d3f497c-a6fa-4c7d-9ca6-4e16b60e51f1",
    "color" : "#AF0000",
    "position" : {
      "x" : 5.236068,
      "y" : -15.708204,
      "z" : -11.708204
    },
    "orientation" : 31
  }, {
    "shape" : "d8d26a3a-bfcb-411f-af9a-8136f1644260",
    "color" : "#FFFFFF",
    "position" : {
      "x" : 10.472136,
      "y" : 15.708204,
      "z" : -13.708204
    }
  }, {
    "shape" : "e36cbf4a-495d-4a67-8239-e91080ee4b97",
    "color" : "#F0A000",
    "position" : {
      "x" : -5.236068,
      "y" : 15.708204,
      "z" : 11.708204
    },
    "orientation" : 39
  }, {
    "shape" : "66d1be62-0e7d-4762-afc7-a107f916f5c5",
    "color" : "#007695",
