{
  "polygons" : "true",
  "field" : "golden",
  "symmetry" : "icosahedral",
  "orientations" : [ [ 1.0, 0.0, 0.0, 0.0, 0.0, 1.0, 0.0, 0.0, 0.0, 0.0, 1.0, 0.0, 0.0, 0.0, 0.0, 1.0 ], [ 0.0, 0.0, 1.0, 0.0, 1.0, 0.0, 0.0, 0.0, 0.0, 1.0, 0.0, 0.0, 0.0, 0.0, 0.0, 1.0 ], [ 0.0, 1.0, 0.0, 0.0, 0.0, 0.0, 1.0, 0.0, 1.0, 0.0, 0.0, 0.0, 0.0, 0.0, 0.0, 1.0 ], [ 0.809017, 0.309017, 0.5, 0.0, 0.309017, 0.5, -0.809017, 0.0, -0.5, 0.809017, 0.309017, 0.0, 0.0, 0.0, 0.0, 1.0 ], [ -0.5, 0.809017, 0.309017, 0.0, 0.809017, 0.309017, 0.5, 0.0, 0.309017, 0.5, -0.809017, 0.0, 0.0, 0.0, 0.0, 1.0 ], [ 0.309017, 0.5, -0.809017, 0.0, -0.5, 0.809017, 0.309017, 0.0, 0.809017, 0.309017, 0.5, 0.0, 0.0, 0.0, 0.0, 1.0 ], [ 0.5, 0.809017, 0.309017, 0.0, 0.809017, -0.309017, -0.5, 0.0, -0.309017, 0.5, -0.809017, 0.0, 0.0, 0.0, 0.0, 1.0 ], [ -0.309017, 0.5, -0.809017, 0.0, 0.5, 0.809017, 0.309017, 0.0, 0.809017, -0.309017, -0.5, 0.0, 0.0, 0.0, 0.0, 1.0 ], [ 0.809017, -0.309017, -0.5, 0.0, -0.309017, 0.5, -0.809017, 0.0, 0.5, 0.809017, 0.309017, 0.0, 0.0, 0.0, 0.0, 1.0 ], [ 0.5, 0.809017, -0.309017, 0.0, 0.809017, -0.309017, 0.5, 0.0, 0.309017, -0.5, -0.809017, 0.0, 0.0, 0.0, 0.0, 1.0 ], [ 0.309017, -0.5, -0.809017, 0.0, 0.5, 0.809017, -0.309017, 0.0, 0.809017, -0.309017, 0.5, 0.0, 0.0, 0.0, 0.0, 1.0 ], [ 0.809017, -0.309017, 0.5, 0.0, 0.309017, -0.5, -0.809017, 0.0, 0.5, 0.809017, -0.309017, 0.0, 0.0, 0.0, 0.0, 1.0 ], [ 0.809017, 0.309017, -0.5, 0.0, 0.309017, 0.5, 0.809017, 0.0, 0.5, -0.809017, 0.309017, 0.0, 0.0, 0.0, 0.0, 1.0 ], [ 0.5, -0.809017, 0.309017, 0.0, 0.809017, 0.309017, -0.5, 0.0, 0.309017, 0.5, 0.809017, 0.0, 0.0, 0.0, 0.0, 1.0 ], [ 0.309017, 0.5, 0.809017, 0.0, 0.5, -0.809017, 0.309017, 0.0, 0.809017, 0.309017, -0.5, 0.0, 0.0, 0.0, 0.0, 1.0 ], [ 1.0, 0.0, 0.0, 0.0, 0.0, -1.0, 0.0, 0.0, 0.0, 0.0, -1.0, 0.0, 0.0, 0.0, 0.0, 1.0 ], [ 0.0, 0.0, 1.0, 0.0, -1.0, 0.0, 0.0, 0.0, 0.0, -1.0, 0.0, 0.0, 0.0, 0.0, 0.0, 1.0 ], [ 0.0, 1.0, 0.0, 0.0, 0.0, 0.0, -1.0, 0.0, -1.0, 0.0, 0.0, 0.0, 0.0, 0.0, 0.0, 1.0 ], [ 0.809017, 0.309017, 0.5, 0.0, -0.309017, -0.5, 0.809017, 0.0, 0.5, -0.809017, -0.309017, 0.0, 0.0, 0.0, 0.0, 1.0 ], [ -0.5, 0.809017, 0.309017, 0.0, -0.809017, -0.309017, -0.5, 0.0, -0.309017, -0.5, 0.809017, 0.0, 0.0, 0.0, 0.0, 1.0 ], [ 0.309017, 0.5, -0.809017, 0.0, 0.5, -0.809017, -0.309017, 0.0, -0.809017, -0.309017, -0.5, 0.0, 0.0, 0.0, 0.0, 1.0 ], [ 0.5, 0.809017, 0.309017, 0.0, -0.809017, 0.309017, 0.5, 0.0, 0.309017, -0.5, 0.809017, 0.0, 0.0, 0.0, 0.0, 1.0 ], [ -0.309017, 0.5, -0.809017, 0.0, -0.5, -0.809017, -0.309017, 0.0, -0.809017, 0.309017, 0.5, 0.0, 0.0, 0.0, 0.0, 1.0 ], [ 0.809017, -0.309017, -0.5, 0.0, 0.309017, -0.5, 0.809017, 0.0, -0.5, -0.809017, -0.309017, 0.0, 0.0, 0.0, 0.0, 1.0 ], [ 0.5, 0.809017, -0.309017, 0.0, -0.809017, 0.309017, -0.5, 0.0, -0.309017, 0.5, 0.809017, 0.0, 0.0, 0.0, 0.0, 1.0 ], [ 0.309017, -0.5, -0.809017, 0.0, -0.5, -0.809017, 0.309017, 0.0, -0.809017, 0.309017, -0.5, 0.0, 0.0, 0.0, 0.0, 1.0 ], [ 0.809017, -0.309017, 0.5, 0.0, -0.309017, 0.5, 0.809017, 0.0, -0.5, -0.809017, 0.309017, 0.0, 0.0, 0.0, 0.0, 1.0 ], [ 0.809017, 0.309017, -0.5, 0.0, -0.309017, -0.5, -0.809017, 0.0, -0.5, 0.809017, -0.309017, 0.0, 0.0, 0.0, 0.0, 1.0 ], [ 0.5, -0.809017, 0.309017, 0.0, -0.809017, -0.309017, 0.5, 0.0, -0.309017, -0.5, -0.809017, 0.0, 0.0, 0.0, 0.0, 1.0 ], [ 0.309017, 0.5, 0.809017, 0.0, -0.5, 0.809017, -0.309017, 0.0, -0.809017, -0.309017, 0.5, 0.0, 0.0, 0.0, 0.0, 1.0 ], [ -1.0, 0.0, 0.0, 0.0, 0.0, -1.0, 0.0, 0.0, 0.0, 0.0, 1.0, 0.0, 0.0, 0.0, 0.0, 1.0 ], [ 0.0, 0.0, -1.0, 0.0, -1.0, 0.0, 0.0, 0.0, 0.0, 1.0, 0.0, 0.0, 0.0, 0.0, 0.0, 1.0 ], [ 0.0, -1.0, 0.0, 0.0, 0.0, 0.0, -1.0, 0.0, 1.0, 0.0, 0.0, 0.0, 0.0, 0.0, 0.0, 1.0 ], [ -0.809017, -0.309017, -0.5, 0.0, -0.309017, -0.5, 0.809017, 0.0, -0.5, 0.809017, 0.309017, 0.0, 0.0, 0.0, 0.0, 1.0 ], [ 0.5, -0.809017, -0.309017, 0.0, -0.809017, -0.309017, -0.5, 0.0, 0.309017, 0.5, -0.809017, 0.0, 0.0, 0.0, 0.0, 1.0 ], [ -0.309017, -0.5, 0.809017, 0.0, 0.5, -0.809017, -0.309017, 0.0, 0.809017, 0.309017, 0.5, 0.0, 0.0, 0.0, 0.0, 1.0 ], [ -0.5, -0.809017, -0.309017, 0.0, -0.809017, 0.309017, 0.5, 0.0, -0.309017, 0.5, -0.809017, 0.0, 0.0, 0.0, 0.0, 1.0 ], [ 0.309017, -0.5, 0.809017, 0.0, -0.5, -0.809017, -0.309017, 0.0, 0.809017, -0.309017, -0.5, 0.0, 0.0, 0.0, 0.0, 1.0 ], [ -0.809017, 0.309017, 0.5, 0.0, 0.309017, -0.5, 0.809017, 0.0, 0.5, 0.809017, 0.309017, 0.0, 0.0, 0.0, 0.0, 1.0 ], [ -0.5, -0.809017, 0.309017, 0.0, -0.809017, 0.309017, -0.5, 0.0, 0.309017, -0.5, -0.809017, 0.0, 0.0, 0.0, 0.0, 1.0 ], [ -0.309017, 0.5, 0.809017, 0.0, -0.5, -0.809017, 0.309017, 0.0, 0.809017, -0.309017, 0.5, 0.0, 0.0, 0.0, 0.0, 1.0 ], [ -0.809017, 0.309017, -0.5, 0.0, -0.309017, 0.5, 0.809017, 0.0, 0.5, 0.809017, -0.309017, 0.0, 0.0, 0.0, 0.0, 1.0 ], [ -0.809017, -0.309017, 0.5, 0.0, -0.309017, -0.5, -0.809017, 0.0, 0.5, -0.809017, 0.309017, 0.0, 0.0, 0.0, 0.0, 1.0 ], [ -0.5, 0.809017, -0.309017, 0.0, -0.809017, -0.309017, 0.5, 0.0, 0.309017, 0.5, 0.809017, 0.0, 0.0, 0.0, 0.0, 1.0 ], [ -0.309017, -0.5, -0.809017, 0.0, -0.5, 0.809017, -0.309017, 0.0, 0.809017, 0.309017, -0.5, 0.0, 0.0, 0.0, 0.0, 1.0 ], [ -1.0, 0.0, 0.0, 0.0, 0.0, 1.0, 0.0, 0.0, 0.0, 0.0, -1.0, 0.0, 0.0, 0.0, 0.0, 1.0 ], [ 0.0, 0.0, -1.0, 0.0, 1.0, 0.0, 0.0, 0.0, 0.0, -1.0, 0.0, 0.0, 0.0, 0.0, 0.0, 1.0 ], [ 0.0, -1.0, 0.0, 0.0, 0.0, 0.0, 1.0, 0.0, -1.0, 0.0, 0.0, 0.0, 0.0, 0.0, 0.0, 1.0 ], [ -0.809017, -0.309017, -0.5, 0.0, 0.309017, 0.5, -0.809017, 0.0, 0.5, -0.809017, -0.309017, 0.0, 0.0, 0.0, 0.0, 1.0 ], [ 0.5, -0.809017, -0.309017, 0.0, 0.809017, 0.309017, 0.5, 0.0, -0.309017, -0.5, 0.809017, 0.0, 0.0, 0.0, 0.0, 1.0 ], [ -0.309017, -0.5, 0.809017, 0.0, -0.5, 0.809017, 0.309017, 0.0, -0.809017, -0.309017, -0.5, 0.0, 0.0, 0.0, 0.0, 1.0 ], [ -0.5, -0.809017, -0.309017, 0.0, 0.809017, -0.309017, -0.5, 0.0, 0.309017, -0.5, 0.809017, 0.0, 0.0, 0.0, 0.0, 1.0 ], [ 0.309017, -0.5, 0.809017, 0.0, 0.5, 0.809017, 0.309017, 0.0, -0.809017, 0.309017, 0.5, 0.0, 0.0, 0.0, 0.0, 1.0 ], [ -0.809017, 0.309017, 0.5, 0.0, -0.309017, 0.5, -0.809017, 0.0, -0.5, -0.809017, -0.309017, 0.0, 0.0, 0.0, 0.0, 1.0 ], [ -0.5, -0.809017, 0.309017, 0.0, 0.809017, -0.309017, 0.5, 0.0, -0.309017, 0.5, 0.809017, 0.0, 0.0, 0.0, 0.0, 1.0 ], [ -0.309017, 0.5, 0.809017, 0.0, 0.5, 0.809017, -0.309017, 0.0, -0.809017, 0.309017, -0.5, 0.0, 0.0, 0.0, 0.0, 1.0 ], [ -0.809017, 0.309017, -0.5, 0.0, 0.309017, -0.5, -0.809017, 0.0, -0.5, -0.809017, 0.309017, 0.0, 0.0, 0.0, 0.0, 1.0 ], [ -0.809017, -0.309017, 0.5, 0.0, 0.309017, 0.5, 0.809017, 0.0, -0.5, 0.809017, -0.309017, 0.0, 0.0, 0.0, 0.0, 1.0 ], [ -0.5, 0.809017, -0.309017, 0.0, 0.809017, 0.309017, -0.5, 0.0, -0.309017, -0.5, -0.809017, 0.0, 0.0, 0.0, 0.0, 1.0 ], [ -0.309017, -0.5, -0.809017, 0.0, 0.5, -0.809017, 0.309017, 0.0, -0.809017, -0.309017, 0.5, 0.0, 0.0, 0.0, 0.0, 1.0 ] ],
  "lights" : {
    "ambientColor" : "#292929",
    "backgroundColor" : "#0C0E05",
    "directionalLights" : [ {
      "direction" : [ 1.0, -1.0, -1.0 ],
      "color" : "#EBEBE4"
    }, {
      "direction" : [ -1.0, 0.0, 0.0 ],
      "color" : "#E4E4EB"
    }, {
      "direction" : [ 0.0, 0.0, -1.0 ],
      "color" : "#1E1E1E"
    } ]
  },
  "camera" : {
    "lookDirection" : {
      "x" : 0.74563825,
      "y" : -0.29566216,
      "z" : -0.59716624
    },
    "upDirection" : {
      "x" : -0.028129369,
      "y" : 0.88140863,
      "z" : -0.47151613
    },
    "lookAtPoint" : {
      "x" : 0.0,
      "y" : 0.0,
      "z" : 0.0
    },
    "viewDistance" : 223.38115,
    "nearClipDistance" : 0.5584529,
    "farClipDistance" : 446.76218,
    "fieldOfView" : 0.4426289,
    "perspective" : true,
    "stereo" : false,
    "width" : 100.52152,
    "position" : {
      "x" : -166.56152,
      "y" : 66.04536,
      "z" : 133.39568
    }
  },
  "embedding" : [ 1.0, 0.0, 0.0, 0.0, 0.0, 1.0, 0.0, 0.0, 0.0, 0.0, 1.0, 0.0, 0.0, 0.0, 0.0, 1.0 ],
  "shapes" : [ {
    "id" : "99708831-5dc5-4a1a-85ae-d454c7967fc3",
    "orbit" : "yellow",
    "name" : " :-4 +4*phi",
    "vertices" : [ {
      "x" : 0.809017,
      "y" : 0.0,
      "z" : -0.690983
    }, {
      "x" : 1.0,
      "y" : 0.309017,
      "z" : -0.19098301
    }, {
      "x" : 7.663119,
      "y" : 0.309017,
      "z" : -2.736068
    }, {
      "x" : 7.472136,
      "y" : 0.0,
      "z" : -3.236068
    }, {
      "x" : 15.944272,
      "y" : 0.309017,
      "z" : -6.2811527
    }, {
      "x" : 1.0,
      "y" : -0.309017,
      "z" : -0.19098301
    }, {
      "x" : 7.663119,
      "y" : -0.309017,
      "z" : -2.736068
    }, {
      "x" : 9.281153,
      "y" : 0.309017,
      "z" : -3.736068
    }, {
      "x" : 9.472136,
      "y" : 0.0,
      "z" : -3.236068
    }, {
      "x" : 16.944271,
      "y" : 0.0,
      "z" : -6.472136
    }, {
      "x" : 9.281153,
      "y" : -0.309017,
      "z" : -3.736068
    }, {
      "x" : 16.135256,
      "y" : 0.0,
      "z" : -5.7811527
    }, {
      "x" : 15.944272,
      "y" : -0.309017,
      "z" : -6.2811527
    } ],
    "faces" : [ {
      "vertices" : [ 2, 6, 8 ]
    }, {
      "vertices" : [ 4, 12, 10, 7 ]
    }, {
      "vertices" : [ 2, 8, 7 ]
    }, {
      "vertices" : [ 3, 10, 6 ]
    }, {
      "vertices" : [ 3, 7, 10 ]
    }, {
      "vertices" : [ 0, 1, 2, 3 ]
    }, {
      "vertices" : [ 6, 10, 8 ]
    }, {
      "vertices" : [ 8, 10, 12, 11 ]
    }, {
      "vertices" : [ 2, 7, 3 ]
    }, {
      "vertices" : [ 0, 3, 6, 5 ]
    }, {
      "vertices" : [ 1, 5, 6, 2 ]
    }, {
      "vertices" : [ 4, 7, 8, 11 ]
    } ]
  }, {
    "id" : "0fc2c710-74b5-4d7f-8d05-f39a5b7593ff",
    "name" : "ball",
    "vertices" : [ {
      "x" : 0.309017,
      "y" : -0.809017,
      "z" : 0.618034
    }, {
      "x" : 0.809017,
      "y" : -0.618034,
      "z" : 0.309017
    }, {
      "x" : 0.618034,
      "y" : -0.309017,
      "z" : 0.809017
    }, {
      "x" : 1.0,
      "y" : 0.309017,
      "z" : 0.19098301
    }, {
      "x" : 0.809017,
      "y" : 0.618034,
      "z" : 0.309017
    }, {
      "x" : 0.618034,
      "y" : 0.309017,
      "z" : 0.809017
    }, {
      "x" : 0.809017,
      "y" : 0.0,
      "z" : 0.690983
    }, {
      "x" : 0.19098301,
      "y" : -1.0,
      "z" : 0.309017
    }, {
      "x" : -0.19098301,
      "y" : -1.0,
      "z" : 0.309017
    }, {
      "x" : -0.19098301,
      "y" : -1.0,
      "z" : -0.309017
    }, {
      "x" : 0.19098301,
      "y" : -1.0,
      "z" : -0.309017
    }, {
      "x" : 1.0,
      "y" : -0.309017,
      "z" : -0.19098301
    }, {
      "x" : 0.809017,
      "y" : -0.618034,
      "z" : -0.309017
    }, {
      "x" : 0.618034,
      "y" : -0.309017,
      "z" : -0.809017
    }, {
      "x" : 0.809017,
      "y" : 0.0,
      "z" : -0.690983
    }, {
      "x" : 0.0,
      "y" : 0.690983,
      "z" : -0.809017
    }, {
      "x" : 0.309017,
      "y" : 0.809017,
      "z" : -0.618034
    }, {
      "x" : 0.618034,
      "y" : 0.309017,
      "z" : -0.809017
    }, {
      "x" : 0.309017,
      "y" : 0.19098301,
      "z" : -1.0
    }, {
      "x" : 1.0,
      "y" : 0.309017,
      "z" : -0.19098301
    }, {
      "x" : -0.309017,
      "y" : -0.809017,
      "z" : 0.618034
    }, {
      "x" : 0.0,
      "y" : -0.690983,
      "z" : 0.809017
    }, {
      "x" : 0.809017,
      "y" : 0.618034,
      "z" : -0.309017
    }, {
      "x" : 0.690983,
      "y" : 0.809017,
      "z" : 0.0
    }, {
      "x" : -0.690983,
      "y" : 0.809017,
      "z" : 0.0
    }, {
      "x" : -0.809017,
      "y" : 0.618034,
      "z" : 0.309017
    }, {
      "x" : -0.309017,
      "y" : 0.809017,
      "z" : 0.618034
    }, {
      "x" : -0.19098301,
      "y" : 1.0,
      "z" : 0.309017
    }, {
      "x" : 0.309017,
      "y" : -0.19098301,
      "z" : -1.0
    }, {
      "x" : 0.19098301,
      "y" : 1.0,
      "z" : 0.309017
    }, {
      "x" : 0.309017,
      "y" : 0.809017,
      "z" : 0.618034
    }, {
      "x" : -0.809017,
      "y" : -0.618034,
      "z" : 0.309017
    }, {
      "x" : -0.690983,
      "y" : -0.809017,
      "z" : 0.0
    }, {
      "x" : 0.0,
      "y" : 0.690983,
      "z" : 0.809017
    }, {
      "x" : 0.309017,
      "y" : -0.809017,
      "z" : -0.618034
    }, {
      "x" : 0.0,
      "y" : -0.690983,
      "z" : -0.809017
    }, {
      "x" : -1.0,
      "y" : 0.309017,
      "z" : 0.19098301
    }, {
      "x" : -0.809017,
      "y" : 0.0,
      "z" : 0.690983
    }, {
      "x" : -0.618034,
      "y" : 0.309017,
      "z" : 0.809017
    }, {
      "x" : 1.0,
      "y" : -0.309017,
      "z" : 0.19098301
    }, {
      "x" : -0.309017,
      "y" : -0.809017,
      "z" : -0.618034
    }, {
      "x" : -1.0,
      "y" : 0.309017,
      "z" : -0.19098301
    }, {
      "x" : -1.0,
      "y" : -0.309017,
      "z" : -0.19098301
    }, {
      "x" : -1.0,
      "y" : -0.309017,
      "z" : 0.19098301
    }, {
      "x" : 0.19098301,
      "y" : 1.0,
      "z" : -0.309017
    }, {
      "x" : -0.809017,
      "y" : 0.618034,
      "z" : -0.309017
    }, {
      "x" : -0.19098301,
      "y" : 1.0,
      "z" : -0.309017
    }, {
      "x" : -0.309017,
      "y" : 0.809017,
      "z" : -0.618034
    }, {
      "x" : -0.618034,
      "y" : -0.309017,
      "z" : 0.809017
    }, {
      "x" : 0.309017,
      "y" : 0.19098301,
      "z" : 1.0
    }, {
      "x" : -0.309017,
      "y" : 0.19098301,
      "z" : -1.0
    }, {
      "x" : -0.309017,
      "y" : 0.19098301,
      "z" : 1.0
    }, {
      "x" : -0.309017,
      "y" : -0.19098301,
      "z" : 1.0
    }, {
      "x" : 0.309017,
      "y" : -0.19098301,
      "z" : 1.0
    }, {
      "x" : 0.690983,
      "y" : -0.809017,
      "z" : 0.0
    }, {
      "x" : -0.809017,
      "y" : 0.0,
      "z" : -0.690983
    }, {
      "x" : -0.618034,
      "y" : -0.309017,
      "z" : -0.809017
    }, {
      "x" : -0.309017,
      "y" : -0.19098301,
      "z" : -1.0
    }, {
      "x" : -0.618034,
      "y" : 0.309017,
      "z" : -0.809017
    }, {
      "x" : -0.809017,
      "y" : -0.618034,
      "z" : -0.309017
    } ],
    "faces" : [ {
      "vertices" : [ 9, 40, 35, 34, 10 ]
    }, {
      "vertices" : [ 0, 1, 2 ]
    }, {
      "vertices" : [ 33, 51, 49 ]
    }, {
      "vertices" : [ 25, 36, 37, 38 ]
    }, {
      "vertices" : [ 41, 55, 42 ]
    }, {
      "vertices" : [ 9, 32, 59, 40 ]
    }, {
      "vertices" : [ 20, 21, 52, 48 ]
    }, {
      "vertices" : [ 26, 33, 30, 29, 27 ]
    }, {
      "vertices" : [ 3, 4, 5, 6 ]
    }, {
      "vertices" : [ 27, 29, 44, 46 ]
    }, {
      "vertices" : [ 50, 57, 56, 55, 58 ]
    }, {
      "vertices" : [ 26, 38, 51, 33 ]
    }, {
      "vertices" : [ 45, 47, 58 ]
    }, {
      "vertices" : [ 18, 28, 57, 50 ]
    }, {
      "vertices" : [ 40, 59, 56 ]
    }, {
      "vertices" : [ 31, 48, 37, 43 ]
    }, {
      "vertices" : [ 7, 8, 9, 10 ]
    }, {
      "vertices" : [ 36, 41, 42, 43 ]
    }, {
      "vertices" : [ 24, 46, 47, 45 ]
    }, {
      "vertices" : [ 4, 30, 5 ]
    }, {
      "vertices" : [ 15, 47, 46, 44, 16 ]
    }, {
      "vertices" : [ 15, 50, 58, 47 ]
    }, {
      "vertices" : [ 24, 45, 41, 36, 25 ]
    }, {
      "vertices" : [ 11, 14, 19 ]
    }, {
      "vertices" : [ 3, 6, 39 ]
    }, {
      "vertices" : [ 1, 39, 6, 2 ]
    }, {
      "vertices" : [ 8, 32, 9 ]
    }, {
      "vertices" : [ 11, 12, 13, 14 ]
    }, {
      "vertices" : [ 16, 22, 17 ]
    }, {
      "vertices" : [ 0, 21, 20, 8, 7 ]
    }, {
      "vertices" : [ 12, 34, 13 ]
    }, {
      "vertices" : [ 35, 40, 56, 57 ]
    }, {
      "vertices" : [ 0, 7, 54, 1 ]
    }, {
      "vertices" : [ 15, 16, 17, 18 ]
    }, {
      "vertices" : [ 3, 19, 22, 23, 4 ]
    }, {
      "vertices" : [ 7, 10, 54 ]
    }, {
      "vertices" : [ 41, 45, 58, 55 ]
    }, {
      "vertices" : [ 3, 39, 11, 19 ]
    }, {
      "vertices" : [ 14, 17, 22, 19 ]
    }, {
      "vertices" : [ 0, 2, 53, 21 ]
    }, {
      "vertices" : [ 49, 51, 52, 53 ]
    }, {
      "vertices" : [ 31, 43, 42, 59, 32 ]
    }, {
      "vertices" : [ 15, 18, 50 ]
    }, {
      "vertices" : [ 42, 55, 56, 59 ]
    }, {
      "vertices" : [ 4, 23, 29, 30 ]
    }, {
      "vertices" : [ 25, 38, 26 ]
    }, {
      "vertices" : [ 13, 28, 18, 17, 14 ]
    }, {
      "vertices" : [ 8, 20, 31, 32 ]
    }, {
      "vertices" : [ 23, 44, 29 ]
    }, {
      "vertices" : [ 24, 27, 46 ]
    }, {
      "vertices" : [ 37, 48, 52, 51, 38 ]
    }, {
      "vertices" : [ 20, 48, 31 ]
    }, {
      "vertices" : [ 24, 25, 26, 27 ]
    }, {
      "vertices" : [ 16, 44, 23, 22 ]
    }, {
      "vertices" : [ 13, 34, 35, 28 ]
    }, {
      "vertices" : [ 10, 34, 12, 54 ]
    }, {
      "vertices" : [ 2, 6, 5, 49, 53 ]
    }, {
      "vertices" : [ 36, 43, 37 ]
    }, {
      "vertices" : [ 5, 30, 33, 49 ]
    }, {
      "vertices" : [ 1, 54, 12, 11, 39 ]
    }, {
      "vertices" : [ 28, 35, 57 ]
    }, {
      "vertices" : [ 21, 53, 52 ]
    } ]
  }, {
    "id" : "1bdc994c-3f42-4957-92ba-f5d7abe86286",
    "orbit" : "orange",
    "name" : " :8 -4*phi",
    "vertices" : [ {
      "x" : 1.0,
      "y" : -0.309017,
      "z" : -0.19098301
    }, {
      "x" : 0.809017,
      "y" : 0.0,
      "z" : -0.690983
    }, {
      "x" : 1.0,
      "y" : 0.309017,
      "z" : -0.19098301
    }, {
      "x" : 1.809017,
      "y" : 0.0,
      "z" : -0.309017
    }, {
      "x" : 1.618034,
      "y" : 0.309017,
      "z" : -0.809017
    }, {
      "x" : 2.0,
      "y" : 0.309017,
      "z" : -0.19098301
    }, {
      "x" : 1.809017,
      "y" : 0.618034,
      "z" : -0.690983
    }, {
      "x" : 9.899187,
      "y" : 1.381966,
      "z" : -2.545085
    }, {
      "x" : 9.708204,
      "y" : 1.690983,
      "z" : -3.045085
    }, {
      "x" : 10.09017,
      "y" : 1.690983,
      "z" : -2.427051
    }, {
      "x" : 9.899187,
      "y" : 2.0,
      "z" : -2.927051
    }, {
      "x" : 10.708204,
      "y" : 1.690983,
      "z" : -3.045085
    }, {
      "x" : 10.899187,
      "y" : 2.0,
      "z" : -2.545085
    }, {
      "x" : 10.708204,
      "y" : 2.309017,
      "z" : -3.045085
    }, {
      "x" : 11.708204,
      "y" : 2.0,
      "z" : -3.236068
    } ],
    "faces" : [ {
      "vertices" : [ 8, 13, 11 ]
    }, {
      "vertices" : [ 2, 5, 9, 10, 6 ]
    }, {
      "vertices" : [ 3, 4, 8, 11, 7 ]
    }, {
      "vertices" : [ 0, 2, 1 ]
    }, {
      "vertices" : [ 11, 13, 12 ]
    }, {
      "vertices" : [ 0, 5, 2 ]
    }, {
      "vertices" : [ 0, 3, 5 ]
    }, {
      "vertices" : [ 0, 1, 4, 3 ]
    }, {
      "vertices" : [ 1, 2, 6 ]
    }, {
      "vertices" : [ 1, 6, 4 ]
    }, {
      "vertices" : [ 9, 12, 13, 10 ]
    }, {
      "vertices" : [ 3, 7, 9, 5 ]
    }, {
      "vertices" : [ 7, 12, 9 ]
    }, {
      "vertices" : [ 4, 6, 10, 8 ]
    }, {
      "vertices" : [ 7, 11, 12 ]
    }, {
      "vertices" : [ 8, 10, 13 ]
    } ]
  }, {
    "id" : "41e5858c-1b89-4c4a-93d1-e12cd241137f",
    "orbit" : "purple",
    "name" : " :8 -4*phi",
    "vertices" : [ {
      "x" : 0.690983,
      "y" : 0.809017,
      "z" : 0.0
    }, {
      "x" : 0.809017,
      "y" : 0.618034,
      "z" : -0.309017
    }, {
      "x" : 0.809017,
      "y" : 0.618034,
      "z" : 0.309017
    }, {
      "x" : 1.0,
      "y" : 0.309017,
      "z" : -0.19098301
    }, {
      "x" : 1.0,
      "y" : 0.309017,
      "z" : 0.19098301
    }, {
      "x" : 1.618034,
      "y" : 0.42705098,
      "z" : -0.309017
    }, {
      "x" : 1.618034,
      "y" : 0.42705098,
      "z" : 0.309017
    }, {
      "x" : 1.618034,
      "y" : 0.809017,
      "z" : -0.309017
    }, {
      "x" : 1.618034,
      "y" : 0.809017,
      "z" : 0.309017
    }, {
      "x" : 8.854102,
      "y" : 3.190983,
      "z" : -0.309017
    }, {
      "x" : 8.854102,
      "y" : 3.190983,
      "z" : 0.309017
    }, {
      "x" : 8.854102,
      "y" : 3.572949,
      "z" : -0.309017
    }, {
      "x" : 8.854102,
      "y" : 3.572949,
      "z" : 0.309017
    }, {
      "x" : 9.472136,
      "y" : 3.690983,
      "z" : -0.19098301
    }, {
      "x" : 9.472136,
      "y" : 3.690983,
      "z" : 0.19098301
    }, {
      "x" : 9.663119,
      "y" : 3.381966,
      "z" : -0.309017
    }, {
      "x" : 9.663119,
      "y" : 3.381966,
      "z" : 0.309017
    }, {
      "x" : 9.781153,
      "y" : 3.190983,
      "z" : 0.0
    }, {
      "x" : 10.472136,
      "y" : 4.0,
      "z" : 0.0
    } ],
    "faces" : [ {
      "vertices" : [ 5, 7, 11, 9 ]
    }, {
      "vertices" : [ 9, 11, 15 ]
    }, {
      "vertices" : [ 9, 17, 10 ]
    }, {
      "vertices" : [ 6, 10, 12, 8 ]
    }, {
      "vertices" : [ 10, 16, 12 ]
    }, {
      "vertices" : [ 7, 8, 12, 11 ]
    }, {
      "vertices" : [ 11, 13, 15 ]
    }, {
      "vertices" : [ 0, 7, 1 ]
    }, {
      "vertices" : [ 1, 5, 3 ]
    }, {
      "vertices" : [ 9, 15, 17 ]
    }, {
      "vertices" : [ 0, 2, 8 ]
    }, {
      "vertices" : [ 12, 16, 14 ]
    }, {
      "vertices" : [ 0, 1, 3, 4, 2 ]
    }, {
      "vertices" : [ 10, 17, 16 ]
    }, {
      "vertices" : [ 13, 14, 16, 17, 15 ]
    }, {
      "vertices" : [ 2, 4, 6 ]
    }, {
      "vertices" : [ 1, 7, 5 ]
    }, {
      "vertices" : [ 0, 8, 7 ]
    }, {
      "vertices" : [ 2, 6, 8 ]
    }, {
      "vertices" : [ 3, 5, 6, 4 ]
    }, {
      "vertices" : [ 11, 12, 14, 13 ]
    }, {
      "vertices" : [ 5, 9, 10, 6 ]
    } ]
  }, {
    "id" : "61405ccd-0dd7-4450-95d5-46f97c6570b0",
    "orbit" : "yellow",
    "name" : " :8 -4*phi",
    "vertices" : [ {
      "x" : 0.809017,
      "y" : 0.0,
      "z" : -0.690983
    }, {
      "x" : 1.0,
      "y" : 0.309017,
      "z" : -0.19098301
    }, {
      "x" : 4.427051,
      "y" : 0.309017,
      "z" : -1.5
    }, {
      "x" : 4.236068,
      "y" : 0.0,
      "z" : -2.0
    }, {
      "x" : 9.472136,
      "y" : 0.309017,
      "z" : -3.809017
    }, {
      "x" : 1.0,
      "y" : -0.309017,
      "z" : -0.19098301
    }, {
      "x" : 4.427051,
      "y" : -0.309017,
      "z" : -1.5
    }, {
      "x" : 6.045085,
      "y" : 0.309017,
      "z" : -2.5
    }, {
      "x" : 6.236068,
      "y" : 0.0,
      "z" : -2.0
    }, {
      "x" : 10.472136,
      "y" : 0.0,
      "z" : -4.0
    }, {
      "x" : 6.045085,
      "y" : -0.309017,
      "z" : -2.5
    }, {
      "x" : 9.663119,
      "y" : 0.0,
      "z" : -3.309017
    }, {
      "x" : 9.472136,
      "y" : -0.309017,
      "z" : -3.809017
    } ],
    "faces" : [ {
      "vertices" : [ 2, 6, 8 ]
    }, {
      "vertices" : [ 4, 12, 10, 7 ]
    }, {
      "vertices" : [ 2, 8, 7 ]
    }, {
      "vertices" : [ 3, 10, 6 ]
    }, {
      "vertices" : [ 3, 7, 10 ]
    }, {
      "vertices" : [ 0, 1, 2, 3 ]
    }, {
      "vertices" : [ 6, 10, 8 ]
    }, {
      "vertices" : [ 8, 10, 12, 11 ]
    }, {
      "vertices" : [ 2, 7, 3 ]
    }, {
      "vertices" : [ 0, 3, 6, 5 ]
    }, {
      "vertices" : [ 1, 5, 6, 2 ]
    }, {
      "vertices" : [ 4, 7, 8, 11 ]
    } ]
  }, {
    "id" : "37684ce7-ad35-4685-962c-66b9a710b909",
    "orbit" : "orange",
    "name" : " :-12 +8*phi",
    "vertices" : [ {
      "x" : 1.0,
      "y" : -0.309017,
      "z" : -0.19098301
    }, {
      "x" : 0.809017,
      "y" : 0.0,
      "z" : -0.690983
    }, {
      "x" : 1.0,
      "y" : 0.309017,
      "z" : -0.19098301
    }, {
      "x" : 1.809017,
      "y" : 0.0,
      "z" : -0.309017
    }, {
      "x" : 1.618034,
      "y" : 0.309017,
      "z" : -0.809017
    }, {
      "x" : 2.0,
      "y" : 0.309017,
      "z" : -0.19098301
    }, {
      "x" : 1.809017,
      "y" : 0.618034,
      "z" : -0.690983
    }, {
      "x" : 5.427051,
      "y" : 0.618034,
      "z" : -1.309017
    }, {
      "x" : 5.236068,
      "y" : 0.927051,
      "z" : -1.809017
    }, {
      "x" : 5.618034,
      "y" : 0.927051,
      "z" : -1.190983
    }, {
      "x" : 5.427051,
      "y" : 1.236068,
      "z" : -1.690983
    }, {
      "x" : 6.236068,
      "y" : 0.927051,
      "z" : -1.809017
    }, {
      "x" : 6.427051,
      "y" : 1.236068,
      "z" : -1.309017
    }, {
      "x" : 6.236068,
      "y" : 1.545085,
      "z" : -1.809017
    }, {
      "x" : 7.236068,
      "y" : 1.236068,
      "z" : -2.0
    } ],
    "faces" : [ {
      "vertices" : [ 8, 13, 11 ]
    }, {
      "vertices" : [ 2, 5, 9, 10, 6 ]
    }, {
      "vertices" : [ 3, 4, 8, 11, 7 ]
    }, {
      "vertices" : [ 0, 2, 1 ]
    }, {
      "vertices" : [ 11, 13, 12 ]
    }, {
      "vertices" : [ 0, 5, 2 ]
    }, {
      "vertices" : [ 0, 3, 5 ]
    }, {
      "vertices" : [ 0, 1, 4, 3 ]
    }, {
      "vertices" : [ 1, 2, 6 ]
    }, {
      "vertices" : [ 1, 6, 4 ]
    }, {
      "vertices" : [ 9, 12, 13, 10 ]
    }, {
      "vertices" : [ 3, 7, 9, 5 ]
    }, {
      "vertices" : [ 7, 12, 9 ]
    }, {
      "vertices" : [ 4, 6, 10, 8 ]
    }, {
      "vertices" : [ 7, 11, 12 ]
    }, {
      "vertices" : [ 8, 10, 13 ]
    } ]
  }, {
    "id" : "fa9b5c9d-0b3c-486b-ac44-2944cf64c0b8",
    "orbit" : "green",
    "name" : " :4 -2*phi",
    "vertices" : [ {
      "x" : 6.7586102,
      "y" : 2.3905764,
      "z" : -1.104102
    }, {
      "x" : 7.7811527,
      "y" : 2.427051,
      "z" : -1.236068
    }, {
      "x" : 6.7586102,
      "y" : 2.3905764,
      "z" : -0.72213596
    }, {
      "x" : 6.5676274,
      "y" : 2.6995935,
      "z" : -1.2221359
    }, {
      "x" : 6.5676274,
      "y" : 2.6995935,
      "z" : -0.84016997
    }, {
      "x" : 0.809017,
      "y" : 0.618034,
      "z" : 0.309017
    }, {
      "x" : 1.0,
      "y" : 0.309017,
      "z" : 0.19098301
    }, {
      "x" : 1.9045085,
      "y" : 0.5364745,
      "z" : -0.013932022
    }, {
      "x" : 7.472136,
      "y" : 2.927051,
      "z" : -1.427051
    }, {
      "x" : 7.663119,
      "y" : 2.618034,
      "z" : -1.545085
    }, {
      "x" : 7.663119,
      "y" : 2.618034,
      "z" : -0.927051
    }, {
      "x" : 7.472136,
      "y" : 2.927051,
      "z" : -1.045085
    }, {
      "x" : 1.7135255,
      "y" : 0.8454915,
      "z" : -0.13196601
    }, {
      "x" : 0.690983,
      "y" : 0.809017,
      "z" : 0.0
    }, {
      "x" : 1.9045085,
      "y" : 0.5364745,
      "z" : -0.39589804
    }, {
      "x" : 1.7135255,
      "y" : 0.8454915,
      "z" : -0.51393205
    }, {
      "x" : 0.809017,
      "y" : 0.618034,
      "z" : -0.309017
    }, {
      "x" : 1.0,
      "y" : 0.309017,
      "z" : -0.19098301
    }, {
      "x" : 8.472136,
      "y" : 3.236068,
      "z" : -1.236068
    } ],
    "faces" : [ {
      "vertices" : [ 0, 14, 15, 3 ]
    }, {
      "vertices" : [ 3, 15, 12, 4 ]
    }, {
      "vertices" : [ 0, 1, 2 ]
    }, {
      "vertices" : [ 12, 15, 13 ]
    }, {
      "vertices" : [ 0, 9, 1 ]
    }, {
      "vertices" : [ 0, 3, 9 ]
    }, {
      "vertices" : [ 13, 15, 16 ]
    }, {
      "vertices" : [ 6, 17, 14, 7 ]
    }, {
      "vertices" : [ 1, 10, 2 ]
    }, {
      "vertices" : [ 5, 6, 7 ]
    }, {
      "vertices" : [ 3, 8, 9 ]
    }, {
      "vertices" : [ 0, 2, 7, 14 ]
    }, {
      "vertices" : [ 5, 7, 12 ]
    }, {
      "vertices" : [ 2, 4, 12, 7 ]
    }, {
      "vertices" : [ 3, 4, 11, 8 ]
    }, {
      "vertices" : [ 2, 10, 11, 4 ]
    }, {
      "vertices" : [ 5, 12, 13 ]
    }, {
      "vertices" : [ 14, 17, 16, 15 ]
    } ]
  }, {
    "id" : "1047ebfe-9321-4fd5-b26f-d5dd035caf07",
    "orbit" : "red",
    "name" : " :-12 +8*phi",
    "vertices" : [ {
      "x" : 2.427051,
      "y" : 1.618034,
      "z" : 0.309017
    }, {
      "x" : 4.045085,
      "y" : 2.381966,
      "z" : 0.309017
    }, {
      "x" : 3.854102,
      "y" : 2.690983,
      "z" : 0.19098301
    }, {
      "x" : 0.809017,
      "y" : 0.618034,
      "z" : -0.309017
    }, {
      "x" : 0.690983,
      "y" : 0.809017,
      "z" : 0.0
    }, {
      "x" : 2.309017,
      "y" : 1.809017,
      "z" : 0.0
    }, {
      "x" : 2.427051,
      "y" : 1.618034,
      "z" : -0.309017
    }, {
      "x" : 5.663119,
      "y" : 3.381966,
      "z" : 0.309017
    }, {
      "x" : 2.618034,
      "y" : 1.309017,
      "z" : 0.19098301
    }, {
      "x" : 2.618034,
      "y" : 1.309017,
      "z" : -0.19098301
    }, {
      "x" : 4.163119,
      "y" : 2.190983,
      "z" : 0.0
    }, {
      "x" : 4.045085,
      "y" : 2.381966,
      "z" : -0.309017
    }, {
      "x" : 5.7811527,
      "y" : 3.190983,
      "z" : 0.0
    }, {
      "x" : 1.0,
      "y" : 0.309017,
      "z" : 0.19098301
    }, {
      "x" : 1.0,
      "y" : 0.309017,
      "z" : -0.19098301
    }, {
      "x" : 0.809017,
      "y" : 0.618034,
      "z" : 0.309017
    }, {
      "x" : 5.472136,
      "y" : 3.690983,
      "z" : 0.19098301
    }, {
      "x" : 5.663119,
      "y" : 3.381966,
      "z" : -0.309017
    }, {
      "x" : 5.472136,
      "y" : 3.690983,
      "z" : -0.19098301
    }, {
      "x" : 6.472136,
      "y" : 4.0,
      "z" : 0.0
    }, {
      "x" : 3.854102,
      "y" : 2.690983,
      "z" : -0.19098301
    } ],
    "faces" : [ {
      "vertices" : [ 3, 6, 9, 14 ]
    }, {
      "vertices" : [ 11, 20, 18, 17 ]
    }, {
      "vertices" : [ 0, 1, 2 ]
    }, {
      "vertices" : [ 0, 15, 13, 8 ]
    }, {
      "vertices" : [ 6, 20, 11 ]
    }, {
      "vertices" : [ 0, 2, 5 ]
    }, {
      "vertices" : [ 0, 8, 1 ]
    }, {
      "vertices" : [ 8, 13, 14, 9 ]
    }, {
      "vertices" : [ 3, 4, 5, 6 ]
    }, {
      "vertices" : [ 10, 11, 17, 12 ]
    }, {
      "vertices" : [ 1, 8, 10 ]
    }, {
      "vertices" : [ 0, 5, 4, 15 ]
    }, {
      "vertices" : [ 2, 16, 18, 20 ]
    }, {
      "vertices" : [ 1, 7, 16, 2 ]
    }, {
      "vertices" : [ 6, 11, 9 ]
    }, {
      "vertices" : [ 8, 9, 10 ]
    }, {
      "vertices" : [ 2, 20, 5 ]
    }, {
      "vertices" : [ 9, 11, 10 ]
    }, {
      "vertices" : [ 1, 10, 12, 7 ]
    }, {
      "vertices" : [ 5, 20, 6 ]
    } ]
  }, {
    "id" : "c41f2372-4e6c-4ab6-89e3-5a3ce7c3558d",
    "orbit" : "red",
    "name" : " :8 -4*phi",
    "vertices" : [ {
      "x" : 4.427051,
      "y" : 2.854102,
      "z" : 0.309017
    }, {
      "x" : 6.045085,
      "y" : 3.618034,
      "z" : 0.309017
    }, {
      "x" : 5.854102,
      "y" : 3.927051,
      "z" : 0.19098301
    }, {
      "x" : 0.809017,
      "y" : 0.618034,
      "z" : -0.309017
    }, {
      "x" : 0.690983,
      "y" : 0.809017,
      "z" : 0.0
    }, {
      "x" : 4.309017,
      "y" : 3.045085,
      "z" : 0.0
    }, {
      "x" : 4.427051,
      "y" : 2.854102,
      "z" : -0.309017
    }, {
      "x" : 9.663119,
      "y" : 5.854102,
      "z" : 0.309017
    }, {
      "x" : 4.618034,
      "y" : 2.545085,
      "z" : 0.19098301
    }, {
      "x" : 4.618034,
      "y" : 2.545085,
      "z" : -0.19098301
    }, {
      "x" : 6.163119,
      "y" : 3.427051,
      "z" : 0.0
    }, {
      "x" : 6.045085,
      "y" : 3.618034,
      "z" : -0.309017
    }, {
      "x" : 9.781153,
      "y" : 5.663119,
      "z" : 0.0
    }, {
      "x" : 1.0,
      "y" : 0.309017,
      "z" : 0.19098301
    }, {
      "x" : 1.0,
      "y" : 0.309017,
      "z" : -0.19098301
    }, {
      "x" : 0.809017,
      "y" : 0.618034,
      "z" : 0.309017
    }, {
      "x" : 9.472136,
      "y" : 6.163119,
      "z" : 0.19098301
    }, {
      "x" : 9.663119,
      "y" : 5.854102,
      "z" : -0.309017
    }, {
      "x" : 9.472136,
      "y" : 6.163119,
      "z" : -0.19098301
    }, {
      "x" : 10.472136,
      "y" : 6.472136,
      "z" : 0.0
    }, {
      "x" : 5.854102,
      "y" : 3.927051,
      "z" : -0.19098301
    } ],
    "faces" : [ {
      "vertices" : [ 3, 6, 9, 14 ]
    }, {
      "vertices" : [ 11, 20, 18, 17 ]
    }, {
      "vertices" : [ 0, 1, 2 ]
    }, {
      "vertices" : [ 0, 15, 13, 8 ]
    }, {
      "vertices" : [ 6, 20, 11 ]
    }, {
      "vertices" : [ 0, 2, 5 ]
    }, {
      "vertices" : [ 0, 8, 1 ]
    }, {
      "vertices" : [ 8, 13, 14, 9 ]
    }, {
      "vertices" : [ 3, 4, 5, 6 ]
    }, {
      "vertices" : [ 10, 11, 17, 12 ]
    }, {
      "vertices" : [ 1, 8, 10 ]
    }, {
      "vertices" : [ 0, 5, 4, 15 ]
    }, {
      "vertices" : [ 2, 16, 18, 20 ]
    }, {
      "vertices" : [ 1, 7, 16, 2 ]
    }, {
      "vertices" : [ 6, 11, 9 ]
    }, {
      "vertices" : [ 8, 9, 10 ]
    }, {
      "vertices" : [ 2, 20, 5 ]
    }, {
      "vertices" : [ 9, 11, 10 ]
    }, {
      "vertices" : [ 1, 10, 12, 7 ]
    }, {
      "vertices" : [ 5, 20, 6 ]
    } ]
  }, {
    "id" : "ca8940b1-3c57-4385-bb78-588565328d6e",
    "orbit" : "yellow",
    "name" : " :-12 +8*phi",
    "vertices" : [ {
      "x" : 0.809017,
      "y" : 0.0,
      "z" : -0.690983
    }, {
      "x" : 1.0,
      "y" : 0.309017,
      "z" : -0.19098301
    }, {
      "x" : 2.427051,
      "y" : 0.309017,
      "z" : -0.73606795
    }, {
      "x" : 2.236068,
      "y" : 0.0,
      "z" : -1.236068
    }, {
      "x" : 5.472136,
      "y" : 0.309017,
      "z" : -2.281153
    }, {
      "x" : 1.0,
      "y" : -0.309017,
      "z" : -0.19098301
    }, {
      "x" : 2.427051,
      "y" : -0.309017,
      "z" : -0.73606795
    }, {
      "x" : 4.045085,
      "y" : 0.309017,
      "z" : -1.736068
    }, {
      "x" : 4.236068,
      "y" : 0.0,
      "z" : -1.236068
    }, {
      "x" : 6.472136,
      "y" : 0.0,
      "z" : -2.472136
    }, {
      "x" : 4.045085,
      "y" : -0.309017,
      "z" : -1.736068
    }, {
      "x" : 5.663119,
      "y" : 0.0,
      "z" : -1.781153
    }, {
      "x" : 5.472136,
      "y" : -0.309017,
      "z" : -2.281153
    } ],
    "faces" : [ {
      "vertices" : [ 2, 6, 8 ]
    }, {
      "vertices" : [ 4, 12, 10, 7 ]
    }, {
      "vertices" : [ 2, 8, 7 ]
    }, {
      "vertices" : [ 3, 10, 6 ]
    }, {
      "vertices" : [ 3, 7, 10 ]
    }, {
      "vertices" : [ 0, 1, 2, 3 ]
    }, {
      "vertices" : [ 6, 10, 8 ]
    }, {
      "vertices" : [ 8, 10, 12, 11 ]
    }, {
      "vertices" : [ 2, 7, 3 ]
    }, {
      "vertices" : [ 0, 3, 6, 5 ]
    }, {
      "vertices" : [ 1, 5, 6, 2 ]
    }, {
      "vertices" : [ 4, 7, 8, 11 ]
    } ]
  } ],
  "instances" : [ {
    "shape" : "99708831-5dc5-4a1a-85ae-d454c7967fc3",
    "color" : "#F0A000",
    "position" : {
      "x" : -8.0,
      "y" : 10.472136,
      "z" : -14.472136
    },
    "orientation" : 9
  }, {
    "shape" : "0fc2c710-74b5-4d7f-8d05-f39a5b7593ff",
    "color" : "#FFFFFF",
    "position" : {
      "x" : 23.416409,
      "y" : 12.944272,
      "z" : 16.944271
    }
  }, {
    "shape" : "1bdc994c-3f42-4957-92ba-f5d7abe86286",
    "color" : "#DC4C00",
    "position" : {
      "x" : -10.0,
      "y" : -0.76393205,
      "z" : -13.236068
    },
    "orientation" : 14
  }, {
    "shape" : "1bdc994c-3f42-4957-92ba-f5d7abe86286",
    "color" : "#DC4C00",
    "position" : {
      "x" : -18.944271,
      "y" : -28.18034,
      "z" : -15.708204
    },
    "orientation" : 14
  }, {
    "shape" : "99708831-5dc5-4a1a-85ae-d454c7967fc3",
    "color" : "#F0A000",
    "position" : {
      "x" : 10.472136,
      "y" : -8.0,
      "z" : 16.944271
    },
    "orientation" : 19
  }, {
    "shape" : "0fc2c710-74b5-4d7f-8d05-f39a5b7593ff",
    "color" : "#FFFFFF",
    "position" : {
      "x" : 16.944271,
      "y" : 24.944271,
      "z" : 4.0
    }
  }, {
    "shape" : "41e5858c-1b89-4c4a-93d1-e12cd241137f",
    "color" : "#6C00C6",
    "position" : {
      "x" : -1.5278641,
      "y" : -4.0,
      "z" : -20.944271
    },
    "orientation" : 39
  }, {
    "shape" : "0fc2c710-74b5-4d7f-8d05-f39a5b7593ff",
    "color" : "#FFFFFF",
    "position" : {
      "x" : 8.944272,
      "y" : -4.0,
      "z" : -16.944271
    }
  }, {
    "shape" : "61405ccd-0dd7-4450-95d5-46f97c6570b0",
    "color" : "#F0A000",
    "position" : {
      "x" : 2.472136,
      "y" : -10.472136,
      "z" : -23.416409
    },
    "orientation" : 30
  }, {
    "shape" : "1bdc994c-3f42-4957-92ba-f5d7abe86286",
    "color" : "#DC4C00",
    "position" : {
      "x" : 4.472136,
      "y" : -15.236068,
      "z" : 1.236068
    },
    "orientation" : 47
  }, {
    "shape" : "37684ce7-ad35-4685-962c-66b9a710b909",
    "color" : "#DC4C00",
    "position" : {
      "x" : -14.472136,
      "y" : 6.472136,
      "z" : -1.5278641
    },
    "orientation" : 41
  }, {
    "shape" : "99708831-5dc5-4a1a-85ae-d454c7967fc3",
    "color" : "#F0A000",
    "position" : {
      "x" : 10.944272,
      "y" : -11.236068,
      "z" : -11.708204
    },
    "orientation" : 9
  }, {
    "shape" : "61405ccd-0dd7-4450-95d5-46f97c6570b0",
    "color" : "#F0A000",
    "position" : {
      "x" : 10.944272,
      "y" : -11.236068,
      "z" : -11.708204
    },
    "orientation" : 19
  }, {
    "shape" : "41e5858c-1b89-4c4a-93d1-e12cd241137f",
    "color" : "#6C00C6",
    "position" : {
      "x" : 14.472136,
      "y" : 6.472136,
      "z" : 27.416409
    },
    "orientation" : 6
  }, {
    "shape" : "0fc2c710-74b5-4d7f-8d05-f39a5b7593ff",
    "color" : "#FFFFFF",
    "position" : {
      "x" : 14.472136,
      "y" : 24.944271,
      "z" : 20.944271
    }
  }, {
    "shape" : "41e5858c-1b89-4c4a-93d1-e12cd241137f",
    "color" : "#6C00C6",
    "position" : {
      "x" : 14.944272,
      "y" : 5.708204,
      "z" : 18.18034
    },
    "orientation" : 6
  }, {
    "shape" : "0fc2c710-74b5-4d7f-8d05-f39a5b7593ff",
    "color" : "#FFFFFF",
    "position" : {
      "x" : -14.472136,
      "y" : -24.944271,
      "z" : -20.944271
    }
  }, {
    "shape" : "0fc2c710-74b5-4d7f-8d05-f39a5b7593ff",
    "color" : "#FFFFFF",
    "position" : {
      "x" : -22.944271,
      "y" : -13.708204,
      "z" : -26.18034
    }
  }, {
    "shape" : "fa9b5c9d-0b3c-486b-ac44-2944cf64c0b8",
    "color" : "#008D36",
    "position" : {
      "x" : 16.472136,
      "y" : 17.708204,
      "z" : 26.18034
    },
    "orientation" : 55
  }, {
    "shape" : "0fc2c710-74b5-4d7f-8d05-f39a5b7593ff",
    "color" : "#FFFFFF",
    "position" : {
      "x" : -14.472136,
      "y" : 4.0,
      "z" : -20.944271
    }
  }, {
    "shape" : "61405ccd-0dd7-4450-95d5-46f97c6570b0",
    "color" : "#F0A000",
    "position" : {
      "x" : 0.0,
      "y" : 2.472136,
      "z" : 19.416409
    },
    "orientation" : 8
  }, {
    "shape" : "fa9b5c9d-0b3c-486b-ac44-2944cf64c0b8",
    "color" : "#008D36",
    "position" : {
      "x" : 2.472136,
      "y" : -10.472136,
      "z" : -23.416409
    },
    "orientation" : 34
  }, {
    "shape" : "0fc2c710-74b5-4d7f-8d05-f39a5b7593ff",
    "color" : "#FFFFFF",
    "position" : {
      "x" : 27.416409,
      "y" : 6.472136,
      "z" : 14.472136
    }
  }, {
    "shape" : "1bdc994c-3f42-4957-92ba-f5d7abe86286",
    "color" : "#DC4C00",
    "position" : {
      "x" : -25.416409,
      "y" : -3.236068,
      "z" : -2.763932
    },
    "orientation" : 47
  }, {
    "shape" : "0fc2c710-74b5-4d7f-8d05-f39a5b7593ff",
    "color" : "#FFFFFF",
    "position" : {
      "x" : 21.416409,
      "y" : 20.18034,
      "z" : 11.708204
    }
  }, {
    "shape" : "1047ebfe-9321-4fd5-b26f-d5dd035caf07",
    "color" : "#AF0000",
    "position" : {
      "x" : 4.472136,
      "y" : 24.18034,
      "z" : 7.708204
    },
    "orientation" : 15
  }, {
    "shape" : "0fc2c710-74b5-4d7f-8d05-f39a5b7593ff",
    "color" : "#FFFFFF",
    "position" : {
      "x" : -8.0,
      "y" : 10.472136,
      "z" : -14.472136
    }
  }, {
    "shape" : "c41f2372-4e6c-4ab6-89e3-5a3ce7c3558d",
    "color" : "#AF0000",
    "position" : {
      "x" : 19.416409,
      "y" : 6.472136,
      "z" : -6.472136
    },
    "orientation" : 1
  }, {
    "shape" : "0fc2c710-74b5-4d7f-8d05-f39a5b7593ff",
    "color" : "#FFFFFF",
    "position" : {
      "x" : -22.944271,
      "y" : -3.236068,
      "z" : -19.708204
    }
  }, {
    "shape" : "1bdc994c-3f42-4957-92ba-f5d7abe86286",
    "color" : "#DC4C00",
    "position" : {
      "x" : 18.944271,
      "y" : 28.18034,
      "z" : 15.708204
    },
    "orientation" : 47
  }, {
    "shape" : "99708831-5dc5-4a1a-85ae-d454c7967fc3",
    "color" : "#F0A000",
    "position" : {
      "x" : 8.944272,
      "y" : 16.944271,
      "z" : -4.0
    },
    "orientation" : 19
  }, {
    "shape" : "0fc2c710-74b5-4d7f-8d05-f39a5b7593ff",
    "color" : "#FFFFFF",
    "position" : {
      "x" : -16.472136,
      "y" : 3.236068,
      "z" : -13.236068
    }
  }, {
