{
  "polygons" : "true",
  "field" : "golden",
  "symmetry" : "icosahedral",
  "orientations" : [ [ 1.0, 0.0, 0.0, 0.0, 0.0, 1.0, 0.0, 0.0, 0.0, 0.0, 1.0, 0.0, 0.0, 0.0, 0.0, 1.0 ], [ 0.0, 0.0, 1.0, 0.0, 1.0, 0.0, 0.0, 0.0, 0.0, 1.0, 0.0, 0.0, 0.0, 0.0, 0.0, 1.0 ], [ 0.0, 1.0, 0.0, 0.0, 0.0, 0.0, 1.0, 0.0, 1.0, 0.0, 0.0, 0.0, 0.0, 0.0, 0.0, 1.0 ], [ 0.809017, 0.309017, 0.5, 0.0, 0.309017, 0.5, -0.809017, 0.0, -0.5, 0.809017, 0.309017, 0.0, 0.0, 0.0, 0.0, 1.0 ], [ -0.5, 0.809017, 0.309017, 0.0, 0.809017, 0.309017, 0.5, 0.0, 0.309017, 0.5, -0.809017, 0.0, 0.0, 0.0, 0.0, 1.0 ], [ 0.309017, 0.5, -0.809017, 0.0, -0.5, 0.809017, 0.309017, 0.0, 0.809017, 0.309017, 0.5, 0.0, 0.0, 0.0, 0.0, 1.0 ], [ 0.5, 0.809017, 0.309017, 0.0, 0.809017, -0.309017, -0.5, 0.0, -0.309017, 0.5, -0.809017, 0.0, 0.0, 0.0, 0.0, 1.0 ], [ -0.309017, 0.5, -0.809017, 0.0, 0.5, 0.809017, 0.309017, 0.0, 0.809017, -0.309017, -0.5, 0.0, 0.0, 0.0, 0.0, 1.0 ], [ 0.809017, -0.309017, -0.5, 0.0, -0.309017, 0.5, -0.809017, 0.0, 0.5, 0.809017, 0.309017, 0.0, 0.0, 0.0, 0.0, 1.0 ], [ 0.5, 0.809017, -0.309017, 0.0, 0.809017, -0.309017, 0.5, 0.0, 0.309017, -0.5, -0.809017, 0.0, 0.0, 0.0, 0.0, 1.0 ], [ 0.309017, -0.5, -0.809017, 0.0, 0.5, 0.809017, -0.309017, 0.0, 0.809017, -0.309017, 0.5, 0.0, 0.0, 0.0, 0.0, 1.0 ], [ 0.809017, -0.309017, 0.5, 0.0, 0.309017, -0.5, -0.809017, 0.0, 0.5, 0.809017, -0.309017, 0.0, 0.0, 0.0, 0.0, 1.0 ], [ 0.809017, 0.309017, -0.5, 0.0, 0.309017, 0.5, 0.809017, 0.0, 0.5, -0.809017, 0.309017, 0.0, 0.0, 0.0, 0.0, 1.0 ], [ 0.5, -0.809017, 0.309017, 0.0, 0.809017, 0.309017, -0.5, 0.0, 0.309017, 0.5, 0.809017, 0.0, 0.0, 0.0, 0.0, 1.0 ], [ 0.309017, 0.5, 0.809017, 0.0, 0.5, -0.809017, 0.309017, 0.0, 0.809017, 0.309017, -0.5, 0.0, 0.0, 0.0, 0.0, 1.0 ], [ 1.0, 0.0, 0.0, 0.0, 0.0, -1.0, 0.0, 0.0, 0.0, 0.0, -1.0, 0.0, 0.0, 0.0, 0.0, 1.0 ], [ 0.0, 0.0, 1.0, 0.0, -1.0, 0.0, 0.0, 0.0, 0.0, -1.0, 0.0, 0.0, 0.0, 0.0, 0.0, 1.0 ], [ 0.0, 1.0, 0.0, 0.0, 0.0, 0.0, -1.0, 0.0, -1.0, 0.0, 0.0, 0.0, 0.0, 0.0, 0.0, 1.0 ], [ 0.809017, 0.309017, 0.5, 0.0, -0.309017, -0.5, 0.809017, 0.0, 0.5, -0.809017, -0.309017, 0.0, 0.0, 0.0, 0.0, 1.0 ], [ -0.5, 0.809017, 0.309017, 0.0, -0.809017, -0.309017, -0.5, 0.0, -0.309017, -0.5, 0.809017, 0.0, 0.0, 0.0, 0.0, 1.0 ], [ 0.309017, 0.5, -0.809017, 0.0, 0.5, -0.809017, -0.309017, 0.0, -0.809017, -0.309017, -0.5, 0.0, 0.0, 0.0, 0.0, 1.0 ], [ 0.5, 0.809017, 0.309017, 0.0, -0.809017, 0.309017, 0.5, 0.0, 0.309017, -0.5, 0.809017, 0.0, 0.0, 0.0, 0.0, 1.0 ], [ -0.309017, 0.5, -0.809017, 0.0, -0.5, -0.809017, -0.309017, 0.0, -0.809017, 0.309017, 0.5, 0.0, 0.0, 0.0, 0.0, 1.0 ], [ 0.809017, -0.309017, -0.5, 0.0, 0.309017, -0.5, 0.809017, 0.0, -0.5, -0.809017, -0.309017, 0.0, 0.0, 0.0, 0.0, 1.0 ], [ 0.5, 0.809017, -0.309017, 0.0, -0.809017, 0.309017, -0.5, 0.0, -0.309017, 0.5, 0.809017, 0.0, 0.0, 0.0, 0.0, 1.0 ], [ 0.309017, -0.5, -0.809017, 0.0, -0.5, -0.809017, 0.309017, 0.0, -0.809017, 0.309017, -0.5, 0.0, 0.0, 0.0, 0.0, 1.0 ], [ 0.809017, -0.309017, 0.5, 0.0, -0.309017, 0.5, 0.809017, 0.0, -0.5, -0.809017, 0.309017, 0.0, 0.0, 0.0, 0.0, 1.0 ], [ 0.809017, 0.309017, -0.5, 0.0, -0.309017, -0.5, -0.809017, 0.0, -0.5, 0.809017, -0.309017, 0.0, 0.0, 0.0, 0.0, 1.0 ], [ 0.5, -0.809017, 0.309017, 0.0, -0.809017, -0.309017, 0.5, 0.0, -0.309017, -0.5, -0.809017, 0.0, 0.0, 0.0, 0.0, 1.0 ], [ 0.309017, 0.5, 0.809017, 0.0, -0.5, 0.809017, -0.309017, 0.0, -0.809017, -0.309017, 0.5, 0.0, 0.0, 0.0, 0.0, 1.0 ], [ -1.0, 0.0, 0.0, 0.0, 0.0, -1.0, 0.0, 0.0, 0.0, 0.0, 1.0, 0.0, 0.0, 0.0, 0.0, 1.0 ], [ 0.0, 0.0, -1.0, 0.0, -1.0, 0.0, 0.0, 0.0, 0.0, 1.0, 0.0, 0.0, 0.0, 0.0, 0.0, 1.0 ], [ 0.0, -1.0, 0.0, 0.0, 0.0, 0.0, -1.0, 0.0, 1.0, 0.0, 0.0, 0.0, 0.0, 0.0, 0.0, 1.0 ], [ -0.809017, -0.309017, -0.5, 0.0, -0.309017, -0.5, 0.809017, 0.0, -0.5, 0.809017, 0.309017, 0.0, 0.0, 0.0, 0.0, 1.0 ], [ 0.5, -0.809017, -0.309017, 0.0, -0.809017, -0.309017, -0.5, 0.0, 0.309017, 0.5, -0.809017, 0.0, 0.0, 0.0, 0.0, 1.0 ], [ -0.309017, -0.5, 0.809017, 0.0, 0.5, -0.809017, -0.309017, 0.0, 0.809017, 0.309017, 0.5, 0.0, 0.0, 0.0, 0.0, 1.0 ], [ -0.5, -0.809017, -0.309017, 0.0, -0.809017, 0.309017, 0.5, 0.0, -0.309017, 0.5, -0.809017, 0.0, 0.0, 0.0, 0.0, 1.0 ], [ 0.309017, -0.5, 0.809017, 0.0, -0.5, -0.809017, -0.309017, 0.0, 0.809017, -0.309017, -0.5, 0.0, 0.0, 0.0, 0.0, 1.0 ], [ -0.809017, 0.309017, 0.5, 0.0, 0.309017, -0.5, 0.809017, 0.0, 0.5, 0.809017, 0.309017, 0.0, 0.0, 0.0, 0.0, 1.0 ], [ -0.5, -0.809017, 0.309017, 0.0, -0.809017, 0.309017, -0.5, 0.0, 0.309017, -0.5, -0.809017, 0.0, 0.0, 0.0, 0.0, 1.0 ], [ -0.309017, 0.5, 0.809017, 0.0, -0.5, -0.809017, 0.309017, 0.0, 0.809017, -0.309017, 0.5, 0.0, 0.0, 0.0, 0.0, 1.0 ], [ -0.809017, 0.309017, -0.5, 0.0, -0.309017, 0.5, 0.809017, 0.0, 0.5, 0.809017, -0.309017, 0.0, 0.0, 0.0, 0.0, 1.0 ], [ -0.809017, -0.309017, 0.5, 0.0, -0.309017, -0.5, -0.809017, 0.0, 0.5, -0.809017, 0.309017, 0.0, 0.0, 0.0, 0.0, 1.0 ], [ -0.5, 0.809017, -0.309017, 0.0, -0.809017, -0.309017, 0.5, 0.0, 0.309017, 0.5, 0.809017, 0.0, 0.0, 0.0, 0.0, 1.0 ], [ -0.309017, -0.5, -0.809017, 0.0, -0.5, 0.809017, -0.309017, 0.0, 0.809017, 0.309017, -0.5, 0.0, 0.0, 0.0, 0.0, 1.0 ], [ -1.0, 0.0, 0.0, 0.0, 0.0, 1.0, 0.0, 0.0, 0.0, 0.0, -1.0, 0.0, 0.0, 0.0, 0.0, 1.0 ], [ 0.0, 0.0, -1.0, 0.0, 1.0, 0.0, 0.0, 0.0, 0.0, -1.0, 0.0, 0.0, 0.0, 0.0, 0.0, 1.0 ], [ 0.0, -1.0, 0.0, 0.0, 0.0, 0.0, 1.0, 0.0, -1.0, 0.0, 0.0, 0.0, 0.0, 0.0, 0.0, 1.0 ], [ -0.809017, -0.309017, -0.5, 0.0, 0.309017, 0.5, -0.809017, 0.0, 0.5, -0.809017, -0.309017, 0.0, 0.0, 0.0, 0.0, 1.0 ], [ 0.5, -0.809017, -0.309017, 0.0, 0.809017, 0.309017, 0.5, 0.0, -0.309017, -0.5, 0.809017, 0.0, 0.0, 0.0, 0.0, 1.0 ], [ -0.309017, -0.5, 0.809017, 0.0, -0.5, 0.809017, 0.309017, 0.0, -0.809017, -0.309017, -0.5, 0.0, 0.0, 0.0, 0.0, 1.0 ], [ -0.5, -0.809017, -0.309017, 0.0, 0.809017, -0.309017, -0.5, 0.0, 0.309017, -0.5, 0.809017, 0.0, 0.0, 0.0, 0.0, 1.0 ], [ 0.309017, -0.5, 0.809017, 0.0, 0.5, 0.809017, 0.309017, 0.0, -0.809017, 0.309017, 0.5, 0.0, 0.0, 0.0, 0.0, 1.0 ], [ -0.809017, 0.309017, 0.5, 0.0, -0.309017, 0.5, -0.809017, 0.0, -0.5, -0.809017, -0.309017, 0.0, 0.0, 0.0, 0.0, 1.0 ], [ -0.5, -0.809017, 0.309017, 0.0, 0.809017, -0.309017, 0.5, 0.0, -0.309017, 0.5, 0.809017, 0.0, 0.0, 0.0, 0.0, 1.0 ], [ -0.309017, 0.5, 0.809017, 0.0, 0.5, 0.809017, -0.309017, 0.0, -0.809017, 0.309017, -0.5, 0.0, 0.0, 0.0, 0.0, 1.0 ], [ -0.809017, 0.309017, -0.5, 0.0, 0.309017, -0.5, -0.809017, 0.0, -0.5, -0.809017, 0.309017, 0.0, 0.0, 0.0, 0.0, 1.0 ], [ -0.809017, -0.309017, 0.5, 0.0, 0.309017, 0.5, 0.809017, 0.0, -0.5, 0.809017, -0.309017, 0.0, 0.0, 0.0, 0.0, 1.0 ], [ -0.5, 0.809017, -0.309017, 0.0, 0.809017, 0.309017, -0.5, 0.0, -0.309017, -0.5, -0.809017, 0.0, 0.0, 0.0, 0.0, 1.0 ], [ -0.309017, -0.5, -0.809017, 0.0, 0.5, -0.809017, 0.309017, 0.0, -0.809017, -0.309017, 0.5, 0.0, 0.0, 0.0, 0.0, 1.0 ] ],
  "lights" : {
    "directionalLights" : [ {
      "direction" : [ 1.0, -1.0, -1.0 ],
      "color" : "#EBEBE4"
    }, {
      "direction" : [ -1.0, 0.0, 0.0 ],
      "color" : "#E4E4EB"
    }, {
      "direction" : [ 0.0, 0.0, -1.0 ],
      "color" : "#1E1E1E"
    } ],
    "ambientColor" : "#292929",
    "backgroundColor" : "#AFC8DC"
  },
  "camera" : {
    "position" : {
      "x" : -46.11396,
      "y" : 7.3086357,
      "z" : 237.43904
    },
    "width" : 108.89365,
    "stereo" : false,
    "perspective" : true,
    "viewDistance" : 241.98589,
    "nearClipDistance" : 0.6049649,
    "farClipDistance" : 483.97177,
    "lookAtPoint" : {
      "x" : 0.0,
      "y" : 0.0,
      "z" : 0.0
    },
    "fieldOfView" : 0.44262886,
    "lookDirection" : {
      "x" : 0.19056466,
      "y" : -0.030202735,
      "z" : -0.9812103
    },
    "upDirection" : {
      "x" : 0.079373874,
      "y" : 0.9967261,
      "z" : -0.015265304
    }
  },
  "embedding" : [ 1.0, 0.0, 0.0, 0.0, 0.0, 1.0, 0.0, 0.0, 0.0, 0.0, 1.0, 0.0, 0.0, 0.0, 0.0, 1.0 ],
  "shapes" : [ {
    "id" : "ff83e71e-5f0a-4502-aae9-5afb5e86a5c8",
    "orbit" : "yellow",
    "orbitC" : "[[0,0,1],[2,-1,1]]",
    "length" : "[1,1,1]",
    "name" : "y3",
    "vertices" : [ {
      "x" : 0.809017,
      "y" : 0.0,
      "z" : -0.690983
    }, {
      "x" : 1.0,
      "y" : 0.309017,
      "z" : -0.19098301
    }, {
      "x" : 8.163119,
      "y" : 0.309017,
      "z" : -2.927051
    }, {
      "x" : 7.972136,
      "y" : 0.0,
      "z" : -3.427051
    }, {
      "x" : 16.944271,
      "y" : 0.309017,
      "z" : -6.663119
    }, {
      "x" : 1.0,
      "y" : -0.309017,
      "z" : -0.19098301
    }, {
      "x" : 8.163119,
      "y" : -0.309017,
      "z" : -2.927051
    }, {
      "x" : 9.781153,
      "y" : 0.309017,
      "z" : -3.927051
    }, {
      "x" : 9.972136,
      "y" : 0.0,
      "z" : -3.427051
    }, {
      "x" : 17.944271,
      "y" : 0.0,
      "z" : -6.854102
    }, {
      "x" : 9.781153,
      "y" : -0.309017,
      "z" : -3.927051
    }, {
      "x" : 17.135256,
      "y" : 0.0,
      "z" : -6.163119
    }, {
      "x" : 16.944271,
      "y" : -0.309017,
      "z" : -6.663119
    } ],
    "faces" : [ {
      "vertices" : [ 2, 6, 8 ]
    }, {
      "vertices" : [ 4, 12, 10, 7 ]
    }, {
      "vertices" : [ 2, 8, 7 ]
    }, {
      "vertices" : [ 3, 10, 6 ]
    }, {
      "vertices" : [ 3, 7, 10 ]
    }, {
      "vertices" : [ 0, 1, 2, 3 ]
    }, {
      "vertices" : [ 6, 10, 8 ]
    }, {
      "vertices" : [ 8, 10, 12, 11 ]
    }, {
      "vertices" : [ 2, 7, 3 ]
    }, {
      "vertices" : [ 0, 3, 6, 5 ]
    }, {
      "vertices" : [ 1, 5, 6, 2 ]
    }, {
      "vertices" : [ 4, 7, 8, 11 ]
    } ]
  }, {
    "id" : "5efbb98f-b5b9-46de-8295-ae3c5a30f019",
    "name" : "ball",
    "vertices" : [ {
      "x" : 0.309017,
      "y" : -0.809017,
      "z" : 0.618034
    }, {
      "x" : 0.809017,
      "y" : -0.618034,
      "z" : 0.309017
    }, {
      "x" : 0.618034,
      "y" : -0.309017,
      "z" : 0.809017
    }, {
      "x" : 1.0,
      "y" : 0.309017,
      "z" : 0.19098301
    }, {
      "x" : 0.809017,
      "y" : 0.618034,
      "z" : 0.309017
    }, {
      "x" : 0.618034,
      "y" : 0.309017,
      "z" : 0.809017
    }, {
      "x" : 0.809017,
      "y" : 0.0,
      "z" : 0.690983
    }, {
      "x" : 0.19098301,
      "y" : -1.0,
      "z" : 0.309017
    }, {
      "x" : -0.19098301,
      "y" : -1.0,
      "z" : 0.309017
    }, {
      "x" : -0.19098301,
      "y" : -1.0,
      "z" : -0.309017
    }, {
      "x" : 0.19098301,
      "y" : -1.0,
      "z" : -0.309017
    }, {
      "x" : 1.0,
      "y" : -0.309017,
      "z" : -0.19098301
    }, {
      "x" : 0.809017,
      "y" : -0.618034,
      "z" : -0.309017
    }, {
      "x" : 0.618034,
      "y" : -0.309017,
      "z" : -0.809017
    }, {
      "x" : 0.809017,
      "y" : 0.0,
      "z" : -0.690983
    }, {
      "x" : 0.0,
      "y" : 0.690983,
      "z" : -0.809017
    }, {
      "x" : 0.309017,
      "y" : 0.809017,
      "z" : -0.618034
    }, {
      "x" : 0.618034,
      "y" : 0.309017,
      "z" : -0.809017
    }, {
      "x" : 0.309017,
      "y" : 0.19098301,
      "z" : -1.0
    }, {
      "x" : 1.0,
      "y" : 0.309017,
      "z" : -0.19098301
    }, {
      "x" : -0.309017,
      "y" : -0.809017,
      "z" : 0.618034
    }, {
      "x" : 0.0,
      "y" : -0.690983,
      "z" : 0.809017
    }, {
      "x" : 0.809017,
      "y" : 0.618034,
      "z" : -0.309017
    }, {
      "x" : 0.690983,
      "y" : 0.809017,
      "z" : 0.0
    }, {
      "x" : -0.690983,
      "y" : 0.809017,
      "z" : 0.0
    }, {
      "x" : -0.809017,
      "y" : 0.618034,
      "z" : 0.309017
    }, {
      "x" : -0.309017,
      "y" : 0.809017,
      "z" : 0.618034
    }, {
      "x" : -0.19098301,
      "y" : 1.0,
      "z" : 0.309017
    }, {
      "x" : 0.309017,
      "y" : -0.19098301,
      "z" : -1.0
    }, {
      "x" : 0.19098301,
      "y" : 1.0,
      "z" : 0.309017
    }, {
      "x" : 0.309017,
      "y" : 0.809017,
      "z" : 0.618034
    }, {
      "x" : -0.809017,
      "y" : -0.618034,
      "z" : 0.309017
    }, {
      "x" : -0.690983,
      "y" : -0.809017,
      "z" : 0.0
    }, {
      "x" : 0.0,
      "y" : 0.690983,
      "z" : 0.809017
    }, {
      "x" : 0.309017,
      "y" : -0.809017,
      "z" : -0.618034
    }, {
      "x" : 0.0,
      "y" : -0.690983,
      "z" : -0.809017
    }, {
      "x" : -1.0,
      "y" : 0.309017,
      "z" : 0.19098301
    }, {
      "x" : -0.809017,
      "y" : 0.0,
      "z" : 0.690983
    }, {
      "x" : -0.618034,
      "y" : 0.309017,
      "z" : 0.809017
    }, {
      "x" : 1.0,
      "y" : -0.309017,
      "z" : 0.19098301
    }, {
      "x" : -0.309017,
      "y" : -0.809017,
      "z" : -0.618034
    }, {
      "x" : -1.0,
      "y" : 0.309017,
      "z" : -0.19098301
    }, {
      "x" : -1.0,
      "y" : -0.309017,
      "z" : -0.19098301
    }, {
      "x" : -1.0,
      "y" : -0.309017,
      "z" : 0.19098301
    }, {
      "x" : 0.19098301,
      "y" : 1.0,
      "z" : -0.309017
    }, {
      "x" : -0.809017,
      "y" : 0.618034,
      "z" : -0.309017
    }, {
      "x" : -0.19098301,
      "y" : 1.0,
      "z" : -0.309017
    }, {
      "x" : -0.309017,
      "y" : 0.809017,
      "z" : -0.618034
    }, {
      "x" : -0.618034,
      "y" : -0.309017,
      "z" : 0.809017
    }, {
      "x" : 0.309017,
      "y" : 0.19098301,
      "z" : 1.0
    }, {
      "x" : -0.309017,
      "y" : 0.19098301,
      "z" : -1.0
    }, {
      "x" : -0.309017,
      "y" : 0.19098301,
      "z" : 1.0
    }, {
      "x" : -0.309017,
      "y" : -0.19098301,
      "z" : 1.0
    }, {
      "x" : 0.309017,
      "y" : -0.19098301,
      "z" : 1.0
    }, {
      "x" : 0.690983,
      "y" : -0.809017,
      "z" : 0.0
    }, {
      "x" : -0.809017,
      "y" : 0.0,
      "z" : -0.690983
    }, {
      "x" : -0.618034,
      "y" : -0.309017,
      "z" : -0.809017
    }, {
      "x" : -0.309017,
      "y" : -0.19098301,
      "z" : -1.0
    }, {
      "x" : -0.618034,
      "y" : 0.309017,
      "z" : -0.809017
    }, {
      "x" : -0.809017,
      "y" : -0.618034,
      "z" : -0.309017
    } ],
    "faces" : [ {
      "vertices" : [ 9, 40, 35, 34, 10 ]
    }, {
      "vertices" : [ 0, 1, 2 ]
    }, {
      "vertices" : [ 33, 51, 49 ]
    }, {
      "vertices" : [ 25, 36, 37, 38 ]
    }, {
      "vertices" : [ 41, 55, 42 ]
    }, {
      "vertices" : [ 9, 32, 59, 40 ]
    }, {
      "vertices" : [ 20, 21, 52, 48 ]
    }, {
      "vertices" : [ 26, 33, 30, 29, 27 ]
    }, {
      "vertices" : [ 3, 4, 5, 6 ]
    }, {
      "vertices" : [ 27, 29, 44, 46 ]
    }, {
      "vertices" : [ 50, 57, 56, 55, 58 ]
    }, {
      "vertices" : [ 26, 38, 51, 33 ]
    }, {
      "vertices" : [ 45, 47, 58 ]
    }, {
      "vertices" : [ 18, 28, 57, 50 ]
    }, {
      "vertices" : [ 40, 59, 56 ]
    }, {
      "vertices" : [ 31, 48, 37, 43 ]
    }, {
      "vertices" : [ 7, 8, 9, 10 ]
    }, {
      "vertices" : [ 36, 41, 42, 43 ]
    }, {
      "vertices" : [ 24, 46, 47, 45 ]
    }, {
      "vertices" : [ 4, 30, 5 ]
    }, {
      "vertices" : [ 15, 47, 46, 44, 16 ]
    }, {
      "vertices" : [ 15, 50, 58, 47 ]
    }, {
      "vertices" : [ 24, 45, 41, 36, 25 ]
    }, {
      "vertices" : [ 11, 14, 19 ]
    }, {
      "vertices" : [ 3, 6, 39 ]
    }, {
      "vertices" : [ 1, 39, 6, 2 ]
    }, {
      "vertices" : [ 8, 32, 9 ]
    }, {
      "vertices" : [ 11, 12, 13, 14 ]
    }, {
      "vertices" : [ 16, 22, 17 ]
    }, {
      "vertices" : [ 0, 21, 20, 8, 7 ]
    }, {
      "vertices" : [ 12, 34, 13 ]
    }, {
      "vertices" : [ 35, 40, 56, 57 ]
    }, {
      "vertices" : [ 0, 7, 54, 1 ]
    }, {
      "vertices" : [ 15, 16, 17, 18 ]
    }, {
      "vertices" : [ 3, 19, 22, 23, 4 ]
    }, {
      "vertices" : [ 7, 10, 54 ]
    }, {
      "vertices" : [ 41, 45, 58, 55 ]
    }, {
      "vertices" : [ 3, 39, 11, 19 ]
    }, {
      "vertices" : [ 14, 17, 22, 19 ]
    }, {
      "vertices" : [ 0, 2, 53, 21 ]
    }, {
      "vertices" : [ 49, 51, 52, 53 ]
    }, {
      "vertices" : [ 31, 43, 42, 59, 32 ]
    }, {
      "vertices" : [ 15, 18, 50 ]
    }, {
      "vertices" : [ 42, 55, 56, 59 ]
    }, {
      "vertices" : [ 4, 23, 29, 30 ]
    }, {
      "vertices" : [ 25, 38, 26 ]
    }, {
      "vertices" : [ 13, 28, 18, 17, 14 ]
    }, {
      "vertices" : [ 8, 20, 31, 32 ]
    }, {
      "vertices" : [ 23, 44, 29 ]
    }, {
      "vertices" : [ 24, 27, 46 ]
    }, {
      "vertices" : [ 37, 48, 52, 51, 38 ]
    }, {
      "vertices" : [ 20, 48, 31 ]
    }, {
      "vertices" : [ 24, 25, 26, 27 ]
    }, {
      "vertices" : [ 16, 44, 23, 22 ]
    }, {
      "vertices" : [ 13, 34, 35, 28 ]
    }, {
      "vertices" : [ 10, 34, 12, 54 ]
    }, {
      "vertices" : [ 2, 6, 5, 49, 53 ]
    }, {
      "vertices" : [ 36, 43, 37 ]
    }, {
      "vertices" : [ 5, 30, 33, 49 ]
    }, {
      "vertices" : [ 1, 54, 12, 11, 39 ]
    }, {
      "vertices" : [ 28, 35, 57 ]
    }, {
      "vertices" : [ 21, 53, 52 ]
    } ]
  }, {
    "id" : "e490b976-404c-410e-adbd-0fa302053657",
    "orbit" : "blue",
    "orbitC" : "[[0,0,1],[0,0,1]]",
    "length" : "[1,1,1]",
    "name" : "b3",
    "vertices" : [ {
      "x" : 21.18034,
      "y" : 0.309017,
      "z" : 0.19098301
    }, {
      "x" : 21.18034,
      "y" : 0.309017,
      "z" : -0.19098301
    }, {
      "x" : 1.0,
      "y" : 0.309017,
      "z" : -0.19098301
    }, {
      "x" : 1.0,
      "y" : 0.309017,
      "z" : 0.19098301
    }, {
      "x" : 21.18034,
      "y" : -0.309017,
      "z" : 0.19098301
    }, {
      "x" : 1.0,
      "y" : -0.309017,
      "z" : 0.19098301
    }, {
      "x" : 1.0,
      "y" : -0.309017,
      "z" : -0.19098301
    }, {
      "x" : 21.18034,
      "y" : -0.309017,
      "z" : -0.19098301
    }, {
      "x" : 22.18034,
      "y" : 0.0,
      "z" : 0.0
    } ],
    "faces" : [ {
      "vertices" : [ 1, 7, 6, 2 ]
    }, {
      "vertices" : [ 0, 1, 2, 3 ]
    }, {
      "vertices" : [ 4, 5, 6, 7 ]
    }, {
      "vertices" : [ 0, 3, 5, 4 ]
    } ]
  }, {
    "id" : "698de48e-8590-487b-89dd-1b075d22143b",
    "orbit" : "green",
    "orbitC" : "[[2,-1,1],[5,-3,1]]",
    "length" : "[1,1,2]",
    "name" : " :1/2 +1/2*phi",
    "vertices" : [ {
      "x" : 12.803696,
      "y" : 4.6995935,
      "z" : -1.986068
    }, {
      "x" : 13.826238,
      "y" : 4.736068,
      "z" : -2.118034
    }, {
      "x" : 12.803696,
      "y" : 4.6995935,
      "z" : -1.604102
    }, {
      "x" : 12.612713,
      "y" : 5.0086102,
      "z" : -2.104102
    }, {
      "x" : 12.612713,
      "y" : 5.0086102,
      "z" : -1.7221359
    }, {
      "x" : 0.809017,
      "y" : 0.618034,
      "z" : 0.309017
    }, {
      "x" : 1.0,
      "y" : 0.309017,
      "z" : 0.19098301
    }, {
      "x" : 1.9045085,
      "y" : 0.5364745,
      "z" : -0.013932022
    }, {
      "x" : 13.5172205,
      "y" : 5.236068,
      "z" : -2.309017
    }, {
      "x" : 13.708204,
      "y" : 4.927051,
      "z" : -2.427051
    }, {
      "x" : 13.708204,
      "y" : 4.927051,
      "z" : -1.809017
    }, {
      "x" : 13.5172205,
      "y" : 5.236068,
      "z" : -1.927051
    }, {
      "x" : 1.7135255,
      "y" : 0.8454915,
      "z" : -0.13196601
    }, {
      "x" : 0.690983,
      "y" : 0.809017,
      "z" : 0.0
    }, {
      "x" : 1.9045085,
      "y" : 0.5364745,
      "z" : -0.39589804
    }, {
      "x" : 1.7135255,
      "y" : 0.8454915,
      "z" : -0.51393205
    }, {
      "x" : 0.809017,
      "y" : 0.618034,
      "z" : -0.309017
    }, {
      "x" : 1.0,
      "y" : 0.309017,
      "z" : -0.19098301
    }, {
      "x" : 14.5172205,
      "y" : 5.545085,
      "z" : -2.118034
    } ],
    "faces" : [ {
      "vertices" : [ 0, 14, 15, 3 ]
    }, {
      "vertices" : [ 3, 15, 12, 4 ]
    }, {
      "vertices" : [ 0, 1, 2 ]
    }, {
      "vertices" : [ 12, 15, 13 ]
    }, {
      "vertices" : [ 0, 9, 1 ]
    }, {
      "vertices" : [ 0, 3, 9 ]
    }, {
      "vertices" : [ 13, 15, 16 ]
    }, {
      "vertices" : [ 6, 17, 14, 7 ]
    }, {
      "vertices" : [ 1, 10, 2 ]
    }, {
      "vertices" : [ 5, 6, 7 ]
    }, {
      "vertices" : [ 3, 8, 9 ]
    }, {
      "vertices" : [ 0, 2, 7, 14 ]
    }, {
      "vertices" : [ 5, 7, 12 ]
    }, {
      "vertices" : [ 2, 4, 12, 7 ]
    }, {
      "vertices" : [ 3, 4, 11, 8 ]
    }, {
      "vertices" : [ 2, 10, 11, 4 ]
    }, {
      "vertices" : [ 5, 12, 13 ]
    }, {
      "vertices" : [ 14, 17, 16, 15 ]
    } ]
  }, {
    "id" : "36d55507-6b62-44b7-a5ab-eba3234b7f46",
    "orbit" : "blue",
    "orbitC" : "[[0,0,1],[0,0,1]]",
    "length" : "[1,1,2]",
    "name" : " :1/2 +1/2*phi",
    "vertices" : [ {
      "x" : 10.09017,
      "y" : 0.309017,
      "z" : 0.19098301
    }, {
      "x" : 10.09017,
      "y" : 0.309017,
      "z" : -0.19098301
    }, {
      "x" : 1.0,
      "y" : 0.309017,
      "z" : -0.19098301
    }, {
      "x" : 1.0,
      "y" : 0.309017,
      "z" : 0.19098301
    }, {
      "x" : 10.09017,
      "y" : -0.309017,
      "z" : 0.19098301
    }, {
      "x" : 1.0,
      "y" : -0.309017,
      "z" : 0.19098301
    }, {
      "x" : 1.0,
      "y" : -0.309017,
      "z" : -0.19098301
    }, {
      "x" : 10.09017,
      "y" : -0.309017,
      "z" : -0.19098301
    }, {
      "x" : 11.09017,
      "y" : 0.0,
      "z" : 0.0
    } ],
    "faces" : [ {
      "vertices" : [ 1, 7, 6, 2 ]
    }, {
      "vertices" : [ 0, 1, 2, 3 ]
    }, {
      "vertices" : [ 4, 5, 6, 7 ]
    }, {
      "vertices" : [ 0, 3, 5, 4 ]
    } ]
  } ],
  "instances" : [ {
    "shape" : "ff83e71e-5f0a-4502-aae9-5afb5e86a5c8",
    "color" : "#FFB31A",
    "position" : {
      "x" : -33.27051,
      "y" : -33.27051,
      "z" : 33.27051
    },
    "orientation" : 24
  }, {
    "shape" : "ff83e71e-5f0a-4502-aae9-5afb5e86a5c8",
    "color" : "#FFB31A",
    "position" : {
      "x" : 33.27051,
      "y" : 33.27051,
      "z" : 11.09017
    },
    "orientation" : 4
  }, {
    "shape" : "5efbb98f-b5b9-46de-8295-ae3c5a30f019",
    "color" : "#FFFFFF",
    "position" : {
      "x" : 11.09017,
      "y" : -11.09017,
      "z" : -55.45085
    }
  }, {
    "shape" : "5efbb98f-b5b9-46de-8295-ae3c5a30f019",
    "color" : "#FFFFFF",
    "position" : {
      "x" : 22.18034,
      "y" : -44.36068,
      "z" : 22.18034
    }
  }, {
    "shape" : "5efbb98f-b5b9-46de-8295-ae3c5a30f019",
    "color" : "#FFFFFF",
    "position" : {
      "x" : 11.09017,
      "y" : 11.09017,
      "z" : -55.45085
    }
  }, {
    "shape" : "e490b976-404c-410e-adbd-0fa302053657",
    "color" : "#008EC2",
    "position" : {
      "x" : -11.09017,
      "y" : -11.09017,
      "z" : -11.09017
    },
    "orientation" : 2
  }, {
    "shape" : "5efbb98f-b5b9-46de-8295-ae3c5a30f019",
    "color" : "#FFFFFF",
    "position" : {
      "x" : 55.45085,
      "y" : -11.09017,
      "z" : 11.09017
    }
  }, {
    "shape" : "ff83e71e-5f0a-4502-aae9-5afb5e86a5c8",
    "color" : "#FFB31A",
    "position" : {
      "x" : -33.27051,
      "y" : 33.27051,
      "z" : 11.09017
    },
    "orientation" : 39
  }, {
    "shape" : "ff83e71e-5f0a-4502-aae9-5afb5e86a5c8",
    "color" : "#FFB31A",
    "position" : {
      "x" : 33.27051,
      "y" : 11.09017,
      "z" : 33.27051
    },
    "orientation" : 4
  }, {
    "shape" : "e490b976-404c-410e-adbd-0fa302053657",
    "color" : "#008EC2",
    "position" : {
      "x" : -11.09017,
      "y" : -33.27051,
      "z" : -33.27051
    },
    "orientation" : 0
  }, {
    "shape" : "ff83e71e-5f0a-4502-aae9-5afb5e86a5c8",
    "color" : "#FFB31A",
    "position" : {
      "x" : 33.27051,
      "y" : 33.27051,
      "z" : 33.27051
    },
    "orientation" : 24
  }, {
    "shape" : "5efbb98f-b5b9-46de-8295-ae3c5a30f019",
    "color" : "#FFFFFF",
    "position" : {
      "x" : -33.27051,
      "y" : 33.27051,
      "z" : 33.27051
    }
  }, {
    "shape" : "5efbb98f-b5b9-46de-8295-ae3c5a30f019",
    "color" : "#FFFFFF",
    "position" : {
      "x" : -33.27051,
      "y" : 33.27051,
      "z" : -33.27051
    }
  }, {
    "shape" : "5efbb98f-b5b9-46de-8295-ae3c5a30f019",
    "color" : "#FFFFFF",
    "position" : {
      "x" : -22.18034,
      "y" : -44.36068,
      "z" : -22.18034
    }
  }, {
    "shape" : "e490b976-404c-410e-adbd-0fa302053657",
    "color" : "#008EC2",
    "position" : {
      "x" : 11.09017,
      "y" : -55.45085,
      "z" : 11.09017
    },
    "orientation" : 47
  }, {
    "shape" : "ff83e71e-5f0a-4502-aae9-5afb5e86a5c8",
    "color" : "#FFB31A",
    "position" : {
      "x" : -11.09017,
      "y" : 11.09017,
      "z" : -11.09017
    },
    "orientation" : 54
  }, {
    "shape" : "5efbb98f-b5b9-46de-8295-ae3c5a30f019",
    "color" : "#FFFFFF",
    "position" : {
      "x" : -11.09017,
      "y" : -11.09017,
      "z" : -11.09017
    }
  }, {
    "shape" : "e490b976-404c-410e-adbd-0fa302053657",
    "color" : "#008EC2",
    "position" : {
      "x" : 11.09017,
      "y" : -55.45085,
      "z" : -11.09017
    },
    "orientation" : 45
  }, {
    "shape" : "5efbb98f-b5b9-46de-8295-ae3c5a30f019",
    "color" : "#FFFFFF",
    "position" : {
      "x" : 22.18034,
      "y" : 22.18034,
      "z" : -44.36068
    }
  }, {
    "shape" : "5efbb98f-b5b9-46de-8295-ae3c5a30f019",
    "color" : "#FFFFFF",
    "position" : {
      "x" : 11.09017,
      "y" : 11.09017,
      "z" : -11.09017
    }
  }, {
    "shape" : "ff83e71e-5f0a-4502-aae9-5afb5e86a5c8",
    "color" : "#FFB31A",
    "position" : {
      "x" : 33.27051,
      "y" : 33.27051,
      "z" : -11.09017
    },
    "orientation" : 24
  }, {
    "shape" : "5efbb98f-b5b9-46de-8295-ae3c5a30f019",
    "color" : "#FFFFFF",
    "position" : {
      "x" : -33.27051,
      "y" : -33.27051,
      "z" : 33.27051
    }
  }, {
    "shape" : "e490b976-404c-410e-adbd-0fa302053657",
    "color" : "#008EC2",
    "position" : {
      "x" : -11.09017,
      "y" : 11.09017,
      "z" : 11.09017
    },
    "orientation" : 16
  }, {
    "shape" : "ff83e71e-5f0a-4502-aae9-5afb5e86a5c8",
    "color" : "#FFB31A",
    "position" : {
      "x" : 11.09017,
      "y" : 33.27051,
      "z" : -33.27051
    },
    "orientation" : 24
  }, {
    "shape" : "ff83e71e-5f0a-4502-aae9-5afb5e86a5c8",
    "color" : "#FFB31A",
    "position" : {
      "x" : -33.27051,
      "y" : -33.27051,
      "z" : 33.27051
    },
    "orientation" : 9
  }, {
    "shape" : "e490b976-404c-410e-adbd-0fa302053657",
    "color" : "#008EC2",
    "position" : {
      "x" : -33.27051,
      "y" : -33.27051,
      "z" : -11.09017
    },
    "orientation" : 2
  }, {
    "shape" : "ff83e71e-5f0a-4502-aae9-5afb5e86a5c8",
    "color" : "#FFB31A",
    "position" : {
      "x" : 33.27051,
      "y" : -11.09017,
      "z" : -33.27051
    },
    "orientation" : 39
  }, {
    "shape" : "5efbb98f-b5b9-46de-8295-ae3c5a30f019",
    "color" : "#FFFFFF",
    "position" : {
      "x" : 33.27051,
      "y" : 11.09017,
      "z" : 33.27051
    }
  }, {
    "shape" : "ff83e71e-5f0a-4502-aae9-5afb5e86a5c8",
    "color" : "#FFB31A",
    "position" : {
      "x" : -11.09017,
      "y" : 55.45085,
      "z" : 11.09017
    },
    "orientation" : 39
  }, {
    "shape" : "ff83e71e-5f0a-4502-aae9-5afb5e86a5c8",
    "color" : "#FFB31A",
    "position" : {
      "x" : 11.09017,
      "y" : -33.27051,
      "z" : -33.27051
    },
    "orientation" : 5
  }, {
    "shape" : "e490b976-404c-410e-adbd-0fa302053657",
    "color" : "#008EC2",
    "position" : {
      "x" : -11.09017,
      "y" : 55.45085,
      "z" : 11.09017
    },
    "orientation" : 47
  }, {
    "shape" : "ff83e71e-5f0a-4502-aae9-5afb5e86a5c8",
    "color" : "#FFB31A",
    "position" : {
      "x" : 11.09017,
      "y" : 11.09017,
      "z" : 55.45085
    },
    "orientation" : 3
  }, {
    "shape" : "ff83e71e-5f0a-4502-aae9-5afb5e86a5c8",
    "color" : "#FFB31A",
    "position" : {
      "x" : 11.09017,
      "y" : 33.27051,
      "z" : 33.27051
    },
    "orientation" : 24
  }, {
    "shape" : "ff83e71e-5f0a-4502-aae9-5afb5e86a5c8",
    "color" : "#FFB31A",
    "position" : {
      "x" : 11.09017,
      "y" : -33.27051,
      "z" : 33.27051
    },
    "orientation" : 3
  }, {
    "shape" : "5efbb98f-b5b9-46de-8295-ae3c5a30f019",
    "color" : "#FFFFFF",
    "position" : {
      "x" : -44.36068,
      "y" : 22.18034,
      "z" : -22.18034
    }
  }, {
    "shape" : "ff83e71e-5f0a-4502-aae9-5afb5e86a5c8",
    "color" : "#FFB31A",
    "position" : {
      "x" : -11.09017,
      "y" : -33.27051,
      "z" : -33.27051
    },
    "orientation" : 39
  }, {
    "shape" : "e490b976-404c-410e-adbd-0fa302053657",
    "color" : "#008EC2",
    "position" : {
      "x" : -55.45085,
      "y" : 11.09017,
      "z" : -11.09017
    },
    "orientation" : 2
  }, {
    "shape" : "ff83e71e-5f0a-4502-aae9-5afb5e86a5c8",
    "color" : "#FFB31A",
    "position" : {
      "x" : -33.27051,
      "y" : -11.09017,
      "z" : -33.27051
    },
    "orientation" : 39
  }, {
    "shape" : "ff83e71e-5f0a-4502-aae9-5afb5e86a5c8",
    "color" : "#FFB31A",
    "position" : {
      "x" : -11.09017,
      "y" : 33.27051,
      "z" : -33.27051
    },
    "orientation" : 39
  }, {
    "shape" : "ff83e71e-5f0a-4502-aae9-5afb5e86a5c8",
    "color" : "#FFB31A",
    "position" : {
      "x" : -55.45085,
      "y" : 11.09017,
      "z" : -11.09017
    },
    "orientation" : 3
  }, {
    "shape" : "5efbb98f-b5b9-46de-8295-ae3c5a30f019",
    "color" : "#FFFFFF",
    "position" : {
      "x" : 33.27051,
      "y" : 33.27051,
      "z" : -33.27051
    }
  }, {
    "shape" : "5efbb98f-b5b9-46de-8295-ae3c5a30f019",
    "color" : "#FFFFFF",
    "position" : {
      "x" : 33.27051,
      "y" : -11.09017,
      "z" : -33.27051
    }
  }, {
    "shape" : "5efbb98f-b5b9-46de-8295-ae3c5a30f019",
    "color" : "#FFFFFF",
    "position" : {
      "x" : 11.09017,
      "y" : -33.27051,
      "z" : 33.27051
    }
  }, {
    "shape" : "5efbb98f-b5b9-46de-8295-ae3c5a30f019",
    "color" : "#FFFFFF",
    "position" : {
      "x" : 44.36068,
      "y" : 22.18034,
      "z" : 22.18034
    }
  }, {
    "shape" : "ff83e71e-5f0a-4502-aae9-5afb5e86a5c8",
    "color" : "#FFB31A",
    "position" : {
      "x" : 33.27051,
      "y" : -33.27051,
      "z" : -11.09017
    },
    "orientation" : 19
  }, {
    "shape" : "ff83e71e-5f0a-4502-aae9-5afb5e86a5c8",
    "color" : "#FFB31A",
    "position" : {
      "x" : -11.09017,
      "y" : -33.27051,
      "z" : -33.27051
    },
    "orientation" : 4
  }, {
    "shape" : "ff83e71e-5f0a-4502-aae9-5afb5e86a5c8",
    "color" : "#FFB31A",
    "position" : {
      "x" : -33.27051,
      "y" : -11.09017,
      "z" : 33.27051
    },
    "orientation" : 19
  }, {
    "shape" : "5efbb98f-b5b9-46de-8295-ae3c5a30f019",
    "color" : "#FFFFFF",
    "position" : {
      "x" : -33.27051,
      "y" : -33.27051,
      "z" : -33.27051
    }
  }, {
    "shape" : "5efbb98f-b5b9-46de-8295-ae3c5a30f019",
    "color" : "#FFFFFF",
    "position" : {
      "x" : 22.18034,
      "y" : -22.18034,
      "z" : -22.18034
    }
  }, {
    "shape" : "e490b976-404c-410e-adbd-0fa302053657",
    "color" : "#008EC2",
    "position" : {
      "x" : 11.09017,
      "y" : -11.09017,
      "z" : 11.09017
    },
    "orientation" : 45
  }, {
    "shape" : "5efbb98f-b5b9-46de-8295-ae3c5a30f019",
    "color" : "#FFFFFF",
    "position" : {
      "x" : 44.36068,
      "y" : -22.18034,
      "z" : 22.18034
    }
  }, {
    "shape" : "ff83e71e-5f0a-4502-aae9-5afb5e86a5c8",
    "color" : "#FFB31A",
    "position" : {
      "x" : -11.09017,
      "y" : 55.45085,
      "z" : -11.09017
    },
    "orientation" : 19
  }, {
    "shape" : "5efbb98f-b5b9-46de-8295-ae3c5a30f019",
    "color" : "#FFFFFF",
    "position" : {
      "x" : 55.45085,
      "y" : 11.09017,
      "z" : 11.09017
    }
  }, {
    "shape" : "ff83e71e-5f0a-4502-aae9-5afb5e86a5c8",
    "color" : "#FFB31A",
    "position" : {
      "x" : 55.45085,
      "y" : -11.09017,
      "z" : 11.09017
    },
    "orientation" : 39
  }, {
    "shape" : "ff83e71e-5f0a-4502-aae9-5afb5e86a5c8",
    "color" : "#FFB31A",
    "position" : {
      "x" : 11.09017,
      "y" : 55.45085,
      "z" : 11.09017
    },
    "orientation" : 5
  }, {
    "shape" : "5efbb98f-b5b9-46de-8295-ae3c5a30f019",
    "color" : "#FFFFFF",
    "position" : {
      "x" : -33.27051,
      "y" : 33.27051,
      "z" : -11.09017
    }
  }, {
    "shape" : "5efbb98f-b5b9-46de-8295-ae3c5a30f019",
    "color" : "#FFFFFF",
    "position" : {
      "x" : 11.09017,
      "y" : 11.09017,
      "z" : 55.45085
    }
  }, {
    "shape" : "5efbb98f-b5b9-46de-8295-ae3c5a30f019",
    "color" : "#FFFFFF",
    "position" : {
      "x" : -11.09017,
      "y" : -11.09017,
      "z" : 55.45085
    }
  }, {
    "shape" : "e490b976-404c-410e-adbd-0fa302053657",
    "color" : "#008EC2",
    "position" : {
      "x" : 11.09017,
      "y" : -11.09017,
      "z" : 55.45085
    },
    "orientation" : 45
  }, {
    "shape" : "ff83e71e-5f0a-4502-aae9-5afb5e86a5c8",
    "color" : "#FFB31A",
    "position" : {
      "x" : 33.27051,
      "y" : 33.27051,
      "z" : -33.27051
    },
    "orientation" : 4
  }, {
    "shape" : "5efbb98f-b5b9-46de-8295-ae3c5a30f019",
    "color" : "#FFFFFF",
    "position" : {
      "x" : 11.09017,
      "y" : 33.27051,
      "z" : 33.27051
    }
  }, {
    "shape" : "ff83e71e-5f0a-4502-aae9-5afb5e86a5c8",
    "color" : "#FFB31A",
    "position" : {
      "x" : -33.27051,
      "y" : 33.27051,
      "z" : -33.27051
    },
    "orientation" : 24
  }, {
    "shape" : "5efbb98f-b5b9-46de-8295-ae3c5a30f019",
    "color" : "#FFFFFF",
    "position" : {
      "x" : -11.09017,
      "y" : 11.09017,
      "z" : -11.09017
    }
  }, {
    "shape" : "5efbb98f-b5b9-46de-8295-ae3c5a30f019",
    "color" : "#FFFFFF",
    "position" : {
      "x" : -44.36068,
      "y" : -22.18034,
      "z" : 22.18034
    }
  }, {
    "shape" : "e490b976-404c-410e-adbd-0fa302053657",
    "color" : "#008EC2",
    "position" : {
      "x" : -11.09017,
      "y" : 11.09017,
      "z" : 11.09017
    },
    "orientation" : 0
  }, {
    "shape" : "5efbb98f-b5b9-46de-8295-ae3c5a30f019",
    "color" : "#FFFFFF",
    "position" : {
      "x" : 11.09017,
      "y" : 55.45085,
      "z" : 11.09017
    }
  }, {
    "shape" : "5efbb98f-b5b9-46de-8295-ae3c5a30f019",
    "color" : "#FFFFFF",
    "position" : {
      "x" : 11.09017,
      "y" : 11.09017,
      "z" : 11.09017
    }
  }, {
    "shape" : "e490b976-404c-410e-adbd-0fa302053657",
    "color" : "#008EC2",
    "position" : {
      "x" : 55.45085,
      "y" : 11.09017,
      "z" : -11.09017
    },
    "orientation" : 2
  }, {
    "shape" : "5efbb98f-b5b9-46de-8295-ae3c5a30f019",
    "color" : "#FFFFFF",
    "position" : {
      "x" : 22.18034,
      "y" : -22.18034,
      "z" : 44.36068
    }
  }, {
    "shape" : "ff83e71e-5f0a-4502-aae9-5afb5e86a5c8",
    "color" : "#FFB31A",
    "position" : {
      "x" : -33.27051,
      "y" : 33.27051,
      "z" : 11.09017
    },
    "orientation" : 9
  }, {
    "shape" : "ff83e71e-5f0a-4502-aae9-5afb5e86a5c8",
    "color" : "#FFB31A",
    "position" : {
      "x" : 33.27051,
      "y" : -11.09017,
      "z" : 33.27051
    },
    "orientation" : 24
  }, {
    "shape" : "e490b976-404c-410e-adbd-0fa302053657",
    "color" : "#008EC2",
    "position" : {
      "x" : 11.09017,
      "y" : -11.09017,
      "z" : 55.45085
    },
    "orientation" : 1
  }, {
    "shape" : "ff83e71e-5f0a-4502-aae9-5afb5e86a5c8",
    "color" : "#FFB31A",
    "position" : {
      "x" : 33.27051,
      "y" : 11.09017,
      "z" : -33.27051
    },
    "orientation" : 4
  }, {
    "shape" : "ff83e71e-5f0a-4502-aae9-5afb5e86a5c8",
    "color" : "#FFB31A",
    "position" : {
      "x" : -33.27051,
      "y" : -33.27051,
      "z" : 11.09017
    },
    "orientation" : 5
  }, {
    "shape" : "e490b976-404c-410e-adbd-0fa302053657",
    "color" : "#008EC2",
    "position" : {
      "x" : -55.45085,
      "y" : 11.09017,
      "z" : 11.09017
    },
    "orientation" : 16
  }, {
    "shape" : "ff83e71e-5f0a-4502-aae9-5afb5e86a5c8",
    "color" : "#FFB31A",
    "position" : {
      "x" : 11.09017,
      "y" : -11.09017,
      "z" : 11.09017
    },
    "orientation" : 5
  }, {
    "shape" : "e490b976-404c-410e-adbd-0fa302053657",
    "color" : "#008EC2",
    "position" : {
      "x" : -11.09017,
      "y" : 55.45085,
      "z" : -11.09017
    },
    "orientation" : 0
  }, {
    "shape" : "ff83e71e-5f0a-4502-aae9-5afb5e86a5c8",
    "color" : "#FFB31A",
    "position" : {
      "x" : -33.27051,
      "y" : 11.09017,
      "z" : 33.27051
    },
    "orientation" : 54
  }, {
    "shape" : "5efbb98f-b5b9-46de-8295-ae3c5a30f019",
    "color" : "#FFFFFF",
    "position" : {
      "x" : -11.09017,
      "y" : 11.09017,
      "z" : 11.09017
    }
  }, {
    "shape" : "ff83e71e-5f0a-4502-aae9-5afb5e86a5c8",
    "color" : "#FFB31A",
    "position" : {
      "x" : 11.09017,
      "y" : 55.45085,
      "z" : -11.09017
    },
    "orientation" : 24
  }, {
    "shape" : "ff83e71e-5f0a-4502-aae9-5afb5e86a5c8",
    "color" : "#FFB31A",
    "position" : {
      "x" : -33.27051,
      "y" : 33.27051,
      "z" : -11.09017
    },
    "orientation" : 19
  }, {
    "shape" : "e490b976-404c-410e-adbd-0fa302053657",
    "color" : "#008EC2",
    "position" : {
      "x" : -33.27051,
      "y" : -11.09017,
      "z" : -33.27051
    },
    "orientation" : 1
  }, {
    "shape" : "ff83e71e-5f0a-4502-aae9-5afb5e86a5c8",
    "color" : "#FFB31A",
    "position" : {
      "x" : -33.27051,
      "y" : 33.27051,
      "z" : 33.27051
    },
    "orientation" : 3
  }, {
    "shape" : "5efbb98f-b5b9-46de-8295-ae3c5a30f019",
    "color" : "#FFFFFF",
    "position" : {
      "x" : -22.18034,
      "y" : 22.18034,
      "z" : 22.18034
    }
  }, {
    "shape" : "e490b976-404c-410e-adbd-0fa302053657",
    "color" : "#008EC2",
    "position" : {
      "x" : 11.09017,
      "y" : -11.09017,
      "z" : -55.45085
    },
    "orientation" : 1
  }, {
    "shape" : "e490b976-404c-410e-adbd-0fa302053657",
    "color" : "#008EC2",
    "position" : {
      "x" : 11.09017,
      "y" : -11.09017,
      "z" : -11.09017
    },
    "orientation" : 45
  }, {
    "shape" : "ff83e71e-5f0a-4502-aae9-5afb5e86a5c8",
    "color" : "#FFB31A",
    "position" : {
      "x" : 55.45085,
      "y" : -11.09017,
      "z" : -11.09017
    },
    "orientation" : 19
  }, {
    "shape" : "ff83e71e-5f0a-4502-aae9-5afb5e86a5c8",
    "color" : "#FFB31A",
    "position" : {
      "x" : -33.27051,
      "y" : -33.27051,
      "z" : -11.09017
    },
    "orientation" : 54
  }, {
    "shape" : "5efbb98f-b5b9-46de-8295-ae3c5a30f019",
    "color" : "#FFFFFF",
    "position" : {
      "x" : -11.09017,
      "y" : -11.09017,
      "z" : -55.45085
    }
  }, {
    "shape" : "5efbb98f-b5b9-46de-8295-ae3c5a30f019",
    "color" : "#FFFFFF",
    "position" : {
      "x" : -22.18034,
      "y" : 44.36068,
      "z" : 22.18034
    }
  }, {
    "shape" : "ff83e71e-5f0a-4502-aae9-5afb5e86a5c8",
    "color" : "#FFB31A",
    "position" : {
      "x" : -33.27051,
      "y" : 11.09017,
      "z" : 33.27051
    },
    "orientation" : 9
  }, {
    "shape" : "ff83e71e-5f0a-4502-aae9-5afb5e86a5c8",
    "color" : "#FFB31A",
    "position" : {
      "x" : 33.27051,
      "y" : 11.09017,
      "z" : -33.27051
    },
    "orientation" : 54
  }, {
    "shape" : "ff83e71e-5f0a-4502-aae9-5afb5e86a5c8",
    "color" : "#FFB31A",
    "position" : {
      "x" : -11.09017,
      "y" : -55.45085,
      "z" : 11.09017
    },
    "orientation" : 4
  }, {
    "shape" : "ff83e71e-5f0a-4502-aae9-5afb5e86a5c8",
    "color" : "#FFB31A",
    "position" : {
      "x" : 33.27051,
      "y" : 33.27051,
      "z" : 11.09017
    },
    "orientation" : 5
  }, {
    "shape" : "e490b976-404c-410e-adbd-0fa302053657",
    "color" : "#008EC2",
    "position" : {
      "x" : -11.09017,
      "y" : 55.45085,
      "z" : 11.09017
    },
    "orientation" : 0
  }, {
    "shape" : "5efbb98f-b5b9-46de-8295-ae3c5a30f019",
    "color" : "#FFFFFF",
    "position" : {
      "x" : 22.18034,
      "y" : -22.18034,
      "z" : 22.18034
    }
  }, {
    "shape" : "ff83e71e-5f0a-4502-aae9-5afb5e86a5c8",
    "color" : "#FFB31A",
    "position" : {
