{
  "format": "online",
  "embedding": [
    1,
    0,
    0,
    0,
    0,
    1,
    0,
    0,
    0,
    0,
    1,
    0,
    0,
    0,
    0,
    1
  ],
  "orientations": [
    [
      1,
      0,
      0,
      0,
      0,
      1,
      0,
      0,
      0,
      0,
      1,
      0,
      0,
      0,
      0,
      1
    ],
    [
      0,
      0,
      1,
      0,
      1,
      0,
      0,
      0,
      0,
      1,
      0,
      0,
      0,
      0,
      0,
      1
    ],
    [
      0,
      1,
      0,
      0,
      0,
      0,
      1,
      0,
      1,
      0,
      0,
      0,
      0,
      0,
      0,
      1
    ],
    [
      0.8090169943749475,
      0.30901699437494745,
      0.5,
      0,
      0.30901699437494745,
      0.5,
      -0.8090169943749475,
      0,
      -0.5,
      0.8090169943749475,
      0.30901699437494745,
      0,
      0,
      0,
      0,
      1
    ],
    [
      -0.5,
      0.8090169943749475,
      0.30901699437494745,
      0,
      0.8090169943749475,
      0.30901699437494745,
      0.5,
      0,
      0.30901699437494745,
      0.5,
      -0.8090169943749475,
      0,
      0,
      0,
      0,
      1
    ],
    [
      0.30901699437494745,
      0.5,
      -0.8090169943749475,
      0,
      -0.5,
      0.8090169943749475,
      0.30901699437494745,
      0,
      0.8090169943749475,
      0.30901699437494745,
      0.5,
      0,
      0,
      0,
      0,
      1
    ],
    [
      0.5,
      0.8090169943749475,
      0.30901699437494745,
      0,
      0.8090169943749475,
      -0.30901699437494745,
      -0.5,
      0,
      -0.30901699437494745,
      0.5,
      -0.8090169943749475,
      0,
      0,
      0,
      0,
      1
    ],
    [
      -0.30901699437494745,
      0.5,
      -0.8090169943749475,
      0,
      0.5,
      0.8090169943749475,
      0.30901699437494745,
      0,
      0.8090169943749475,
      -0.30901699437494745,
      -0.5,
      0,
      0,
      0,
      0,
      1
    ],
    [
      0.8090169943749475,
      -0.30901699437494745,
      -0.5,
      0,
      -0.30901699437494745,
      0.5,
      -0.8090169943749475,
      0,
      0.5,
      0.8090169943749475,
      0.30901699437494745,
      0,
      0,
      0,
      0,
      1
    ],
    [
      0.5,
      0.8090169943749475,
      -0.30901699437494745,
      0,
      0.8090169943749475,
      -0.30901699437494745,
      0.5,
      0,
      0.30901699437494745,
      -0.5,
      -0.8090169943749475,
      0,
      0,
      0,
      0,
      1
    ],
    [
      0.30901699437494745,
      -0.5,
      -0.8090169943749475,
      0,
      0.5,
      0.8090169943749475,
      -0.30901699437494745,
      0,
      0.8090169943749475,
      -0.30901699437494745,
      0.5,
      0,
      0,
      0,
      0,
      1
    ],
    [
      0.8090169943749475,
      -0.30901699437494745,
      0.5,
      0,
      0.30901699437494745,
      -0.5,
      -0.8090169943749475,
      0,
      0.5,
      0.8090169943749475,
      -0.30901699437494745,
      0,
      0,
      0,
      0,
      1
    ],
    [
      0.8090169943749475,
      0.30901699437494745,
      -0.5,
      0,
      0.30901699437494745,
      0.5,
      0.8090169943749475,
      0,
      0.5,
      -0.8090169943749475,
      0.30901699437494745,
      0,
      0,
      0,
      0,
      1
    ],
    [
      0.5,
      -0.8090169943749475,
      0.30901699437494745,
      0,
      0.8090169943749475,
      0.30901699437494745,
      -0.5,
      0,
      0.30901699437494745,
      0.5,
      0.8090169943749475,
      0,
      0,
      0,
      0,
      1
    ],
    [
      0.30901699437494745,
      0.5,
      0.8090169943749475,
      0,
      0.5,
      -0.8090169943749475,
      0.30901699437494745,
      0,
      0.8090169943749475,
      0.30901699437494745,
      -0.5,
      0,
      0,
      0,
      0,
      1
    ],
    [
      1,
      0,
      0,
      0,
      0,
      -1,
      0,
      0,
      0,
      0,
      -1,
      0,
      0,
      0,
      0,
      1
    ],
    [
      0,
      0,
      1,
      0,
      -1,
      0,
      0,
      0,
      0,
      -1,
      0,
      0,
      0,
      0,
      0,
      1
    ],
    [
      0,
      1,
      0,
      0,
      0,
      0,
      -1,
      0,
      -1,
      0,
      0,
      0,
      0,
      0,
      0,
      1
    ],
    [
      0.8090169943749475,
      0.30901699437494745,
      0.5,
      0,
      -0.30901699437494745,
      -0.5,
      0.8090169943749475,
      0,
      0.5,
      -0.8090169943749475,
      -0.30901699437494745,
      0,
      0,
      0,
      0,
      1
    ],
    [
      -0.5,
      0.8090169943749475,
      0.30901699437494745,
      0,
      -0.8090169943749475,
      -0.30901699437494745,
      -0.5,
      0,
      -0.30901699437494745,
      -0.5,
      0.8090169943749475,
      0,
      0,
      0,
      0,
      1
    ],
    [
      0.30901699437494745,
      0.5,
      -0.8090169943749475,
      0,
      0.5,
      -0.8090169943749475,
      -0.30901699437494745,
      0,
      -0.8090169943749475,
      -0.30901699437494745,
      -0.5,
      0,
      0,
      0,
      0,
      1
    ],
    [
      0.5,
      0.8090169943749475,
      0.30901699437494745,
      0,
      -0.8090169943749475,
      0.30901699437494745,
      0.5,
      0,
      0.30901699437494745,
      -0.5,
      0.8090169943749475,
      0,
      0,
      0,
      0,
      1
    ],
    [
      -0.30901699437494745,
      0.5,
      -0.8090169943749475,
      0,
      -0.5,
      -0.8090169943749475,
      -0.30901699437494745,
      0,
      -0.8090169943749475,
      0.30901699437494745,
      0.5,
      0,
      0,
      0,
      0,
      1
    ],
    [
      0.8090169943749475,
      -0.30901699437494745,
      -0.5,
      0,
      0.30901699437494745,
      -0.5,
      0.8090169943749475,
      0,
      -0.5,
      -0.8090169943749475,
      -0.30901699437494745,
      0,
      0,
      0,
      0,
      1
    ],
    [
      0.5,
      0.8090169943749475,
      -0.30901699437494745,
      0,
      -0.8090169943749475,
      0.30901699437494745,
      -0.5,
      0,
      -0.30901699437494745,
      0.5,
      0.8090169943749475,
      0,
      0,
      0,
      0,
      1
    ],
    [
      0.30901699437494745,
      -0.5,
      -0.8090169943749475,
      0,
      -0.5,
      -0.8090169943749475,
      0.30901699437494745,
      0,
      -0.8090169943749475,
      0.30901699437494745,
      -0.5,
      0,
      0,
      0,
      0,
      1
    ],
    [
      0.8090169943749475,
      -0.30901699437494745,
      0.5,
      0,
      -0.30901699437494745,
      0.5,
      0.8090169943749475,
      0,
      -0.5,
      -0.8090169943749475,
      0.30901699437494745,
      0,
      0,
      0,
      0,
      1
    ],
    [
      0.8090169943749475,
      0.30901699437494745,
      -0.5,
      0,
      -0.30901699437494745,
      -0.5,
      -0.8090169943749475,
      0,
      -0.5,
      0.8090169943749475,
      -0.30901699437494745,
      0,
      0,
      0,
      0,
      1
    ],
    [
      0.5,
      -0.8090169943749475,
      0.30901699437494745,
      0,
      -0.8090169943749475,
      -0.30901699437494745,
      0.5,
      0,
      -0.30901699437494745,
      -0.5,
      -0.8090169943749475,
      0,
      0,
      0,
      0,
      1
    ],
    [
      0.30901699437494745,
      0.5,
      0.8090169943749475,
      0,
      -0.5,
      0.8090169943749475,
      -0.30901699437494745,
      0,
      -0.8090169943749475,
      -0.30901699437494745,
      0.5,
      0,
      0,
      0,
      0,
      1
    ],
    [
      -1,
      0,
      0,
      0,
      0,
      -1,
      0,
      0,
      0,
      0,
      1,
      0,
      0,
      0,
      0,
      1
    ],
    [
      0,
      0,
      -1,
      0,
      -1,
      0,
      0,
      0,
      0,
      1,
      0,
      0,
      0,
      0,
      0,
      1
    ],
    [
      0,
      -1,
      0,
      0,
      0,
      0,
      -1,
      0,
      1,
      0,
      0,
      0,
      0,
      0,
      0,
      1
    ],
    [
      -0.8090169943749475,
      -0.30901699437494745,
      -0.5,
      0,
      -0.30901699437494745,
      -0.5,
      0.8090169943749475,
      0,
      -0.5,
      0.8090169943749475,
      0.30901699437494745,
      0,
      0,
      0,
      0,
      1
    ],
    [
      0.5,
      -0.8090169943749475,
      -0.30901699437494745,
      0,
      -0.8090169943749475,
      -0.30901699437494745,
      -0.5,
      0,
      0.30901699437494745,
      0.5,
      -0.8090169943749475,
      0,
      0,
      0,
      0,
      1
    ],
    [
      -0.30901699437494745,
      -0.5,
      0.8090169943749475,
      0,
      0.5,
      -0.8090169943749475,
      -0.30901699437494745,
      0,
      0.8090169943749475,
      0.30901699437494745,
      0.5,
      0,
      0,
      0,
      0,
      1
    ],
    [
      -0.5,
      -0.8090169943749475,
      -0.30901699437494745,
      0,
      -0.8090169943749475,
      0.30901699437494745,
      0.5,
      0,
      -0.30901699437494745,
      0.5,
      -0.8090169943749475,
      0,
      0,
      0,
      0,
      1
    ],
    [
      0.30901699437494745,
      -0.5,
      0.8090169943749475,
      0,
      -0.5,
      -0.8090169943749475,
      -0.30901699437494745,
      0,
      0.8090169943749475,
      -0.30901699437494745,
      -0.5,
      0,
      0,
      0,
      0,
      1
    ],
    [
      -0.8090169943749475,
      0.30901699437494745,
      0.5,
      0,
      0.30901699437494745,
      -0.5,
      0.8090169943749475,
      0,
      0.5,
      0.8090169943749475,
      0.30901699437494745,
      0,
      0,
      0,
      0,
      1
    ],
    [
      -0.5,
      -0.8090169943749475,
      0.30901699437494745,
      0,
      -0.8090169943749475,
      0.30901699437494745,
      -0.5,
      0,
      0.30901699437494745,
      -0.5,
      -0.8090169943749475,
      0,
      0,
      0,
      0,
      1
    ],
    [
      -0.30901699437494745,
      0.5,
      0.8090169943749475,
      0,
      -0.5,
      -0.8090169943749475,
      0.30901699437494745,
      0,
      0.8090169943749475,
      -0.30901699437494745,
      0.5,
      0,
      0,
      0,
      0,
      1
    ],
    [
      -0.8090169943749475,
      0.30901699437494745,
      -0.5,
      0,
      -0.30901699437494745,
      0.5,
      0.8090169943749475,
      0,
      0.5,
      0.8090169943749475,
      -0.30901699437494745,
      0,
      0,
      0,
      0,
      1
    ],
    [
      -0.8090169943749475,
      -0.30901699437494745,
      0.5,
      0,
      -0.30901699437494745,
      -0.5,
      -0.8090169943749475,
      0,
      0.5,
      -0.8090169943749475,
      0.30901699437494745,
      0,
      0,
      0,
      0,
      1
    ],
    [
      -0.5,
      0.8090169943749475,
      -0.30901699437494745,
      0,
      -0.8090169943749475,
      -0.30901699437494745,
      0.5,
      0,
      0.30901699437494745,
      0.5,
      0.8090169943749475,
      0,
      0,
      0,
      0,
      1
    ],
    [
      -0.30901699437494745,
      -0.5,
      -0.8090169943749475,
      0,
      -0.5,
      0.8090169943749475,
      -0.30901699437494745,
      0,
      0.8090169943749475,
      0.30901699437494745,
      -0.5,
      0,
      0,
      0,
      0,
      1
    ],
    [
      -1,
      0,
      0,
      0,
      0,
      1,
      0,
      0,
      0,
      0,
      -1,
      0,
      0,
      0,
      0,
      1
    ],
    [
      0,
      0,
      -1,
      0,
      1,
      0,
      0,
      0,
      0,
      -1,
      0,
      0,
      0,
      0,
      0,
      1
    ],
    [
      0,
      -1,
      0,
      0,
      0,
      0,
      1,
      0,
      -1,
      0,
      0,
      0,
      0,
      0,
      0,
      1
    ],
    [
      -0.8090169943749475,
      -0.30901699437494745,
      -0.5,
      0,
      0.30901699437494745,
      0.5,
      -0.8090169943749475,
      0,
      0.5,
      -0.8090169943749475,
      -0.30901699437494745,
      0,
      0,
      0,
      0,
      1
    ],
    [
      0.5,
      -0.8090169943749475,
      -0.30901699437494745,
      0,
      0.8090169943749475,
      0.30901699437494745,
      0.5,
      0,
      -0.30901699437494745,
      -0.5,
      0.8090169943749475,
      0,
      0,
      0,
      0,
      1
    ],
    [
      -0.30901699437494745,
      -0.5,
      0.8090169943749475,
      0,
      -0.5,
      0.8090169943749475,
      0.30901699437494745,
      0,
      -0.8090169943749475,
      -0.30901699437494745,
      -0.5,
      0,
      0,
      0,
      0,
      1
    ],
    [
      -0.5,
      -0.8090169943749475,
      -0.30901699437494745,
      0,
      0.8090169943749475,
      -0.30901699437494745,
      -0.5,
      0,
      0.30901699437494745,
      -0.5,
      0.8090169943749475,
      0,
      0,
      0,
      0,
      1
    ],
    [
      0.30901699437494745,
      -0.5,
      0.8090169943749475,
      0,
      0.5,
      0.8090169943749475,
      0.30901699437494745,
      0,
      -0.8090169943749475,
      0.30901699437494745,
      0.5,
      0,
      0,
      0,
      0,
      1
    ],
    [
      -0.8090169943749475,
      0.30901699437494745,
      0.5,
      0,
      -0.30901699437494745,
      0.5,
      -0.8090169943749475,
      0,
      -0.5,
      -0.8090169943749475,
      -0.30901699437494745,
      0,
      0,
      0,
      0,
      1
    ],
    [
      -0.5,
      -0.8090169943749475,
      0.30901699437494745,
      0,
      0.8090169943749475,
      -0.30901699437494745,
      0.5,
      0,
      -0.30901699437494745,
      0.5,
      0.8090169943749475,
      0,
      0,
      0,
      0,
      1
    ],
    [
      -0.30901699437494745,
      0.5,
      0.8090169943749475,
      0,
      0.5,
      0.8090169943749475,
      -0.30901699437494745,
      0,
      -0.8090169943749475,
      0.30901699437494745,
      -0.5,
      0,
      0,
      0,
      0,
      1
    ],
    [
      -0.8090169943749475,
      0.30901699437494745,
      -0.5,
      0,
      0.30901699437494745,
      -0.5,
      -0.8090169943749475,
      0,
      -0.5,
      -0.8090169943749475,
      0.30901699437494745,
      0,
      0,
      0,
      0,
      1
    ],
    [
      -0.8090169943749475,
      -0.30901699437494745,
      0.5,
      0,
      0.30901699437494745,
      0.5,
      0.8090169943749475,
      0,
      -0.5,
      0.8090169943749475,
      -0.30901699437494745,
      0,
      0,
      0,
      0,
      1
    ],
    [
      -0.5,
      0.8090169943749475,
      -0.30901699437494745,
      0,
      0.8090169943749475,
      0.30901699437494745,
      -0.5,
      0,
      -0.30901699437494745,
      -0.5,
      -0.8090169943749475,
      0,
      0,
      0,
      0,
      1
    ],
    [
      -0.30901699437494745,
      -0.5,
      -0.8090169943749475,
      0,
      0.5,
      -0.8090169943749475,
      0.30901699437494745,
      0,
      -0.8090169943749475,
      -0.30901699437494745,
      0.5,
      0,
      0,
      0,
      0,
      1
    ]
  ],
  "polygons": true,
  "shapes": {
    "s11359530434414378": {
      "id": "s11359530434414378",
      "name": "ball",
      "vertices": [
        {
          "x": -0.30901700258255005,
          "y": -0.19098301231861115,
          "z": 0
        },
        {
          "x": -0.30901700258255005,
          "y": 0.19098301231861115,
          "z": 0
        },
        {
          "x": -0.19098301231861115,
          "y": 0,
          "z": -0.30901700258255005
        },
        {
          "x": -0.19098301231861115,
          "y": 0,
          "z": 0.30901700258255005
        },
        {
          "x": 0,
          "y": -0.30901700258255005,
          "z": -0.19098301231861115
        },
        {
          "x": 0,
          "y": -0.30901700258255005,
          "z": 0.19098301231861115
        },
        {
          "x": 0,
          "y": 0.30901700258255005,
          "z": -0.19098301231861115
        },
        {
          "x": 0,
          "y": 0.30901700258255005,
          "z": 0.19098301231861115
        },
        {
          "x": 0.19098301231861115,
          "y": 0,
          "z": -0.30901700258255005
        },
        {
          "x": 0.19098301231861115,
          "y": 0,
          "z": 0.30901700258255005
        },
        {
          "x": 0.30901700258255005,
          "y": -0.19098301231861115,
          "z": 0
        },
        {
          "x": 0.30901700258255005,
          "y": 0.19098301231861115,
          "z": 0
        }
      ],
      "faces": [
        {
          "vertices": [
            0,
            3,
            1
          ]
        },
        {
          "vertices": [
            0,
            1,
            2
          ]
        },
        {
          "vertices": [
            0,
            5,
            3
          ]
        },
        {
          "vertices": [
            0,
            2,
            4
          ]
        },
        {
          "vertices": [
            0,
            4,
            5
          ]
        },
        {
          "vertices": [
            1,
            6,
            2
          ]
        },
        {
          "vertices": [
            1,
            3,
            7
          ]
        },
        {
          "vertices": [
            3,
            9,
            7
          ]
        },
        {
          "vertices": [
            4,
            10,
            5
          ]
        },
        {
          "vertices": [
            1,
            7,
            6
          ]
        },
        {
          "vertices": [
            2,
            8,
            4
          ]
        },
        {
          "vertices": [
            2,
            6,
            8
          ]
        },
        {
          "vertices": [
            3,
            5,
            9
          ]
        },
        {
          "vertices": [
            4,
            8,
            10
          ]
        },
        {
          "vertices": [
            5,
            10,
            9
          ]
        },
        {
          "vertices": [
            6,
            7,
            11
          ]
        },
        {
          "vertices": [
            7,
            9,
            11
          ]
        },
        {
          "vertices": [
            6,
            11,
            8
          ]
        },
        {
          "vertices": [
            9,
            10,
            11
          ]
        },
        {
          "vertices": [
            8,
            11,
            10
          ]
        }
      ]
    },
    "s5823415766463823": {
      "id": "s5823415766463823",
      "orbit": "[[-1,1,1],[0,0,1]]",
      "length": "[1,1,1]",
      "vertices": [
        {
          "x": 0.9045084714889526,
          "y": 0.345491498708725,
          "z": 0.25
        },
        {
          "x": 17.23074722290039,
          "y": 10.435661315917969,
          "z": 0.25
        },
        {
          "x": 17.039762496948242,
          "y": 10.744678497314453,
          "z": 0.25
        },
        {
          "x": 0.7135254740715027,
          "y": 0.6545084714889526,
          "z": 0.25
        },
        {
          "x": 0.80901700258255,
          "y": 0.5,
          "z": -0.30901700258255005
        },
        {
          "x": 0.9635254740715027,
          "y": 0.25,
          "z": -0.09549150615930557
        },
        {
          "x": 0.30901700258255005,
          "y": 0.19098301231861115,
          "z": 0
        },
        {
          "x": 17.635255813598633,
          "y": 10.899187088012695,
          "z": 0
        },
        {
          "x": 16.98074722290039,
          "y": 10.840169906616211,
          "z": -0.09549150615930557
        },
        {
          "x": 17.135255813598633,
          "y": 10.590169906616211,
          "z": -0.30901700258255005
        },
        {
          "x": 17.944271087646484,
          "y": 11.090169906616211,
          "z": 0
        },
        {
          "x": 0.6545084714889526,
          "y": 0.75,
          "z": -0.09549150615930557
        },
        {
          "x": 17.289762496948242,
          "y": 10.340169906616211,
          "z": -0.09549150615930557
        }
      ],
      "faces": [
        {
          "vertices": [
            0,
            1,
            2,
            3
          ]
        },
        {
          "vertices": [
            4,
            5,
            6
          ]
        },
        {
          "vertices": [
            2,
            7,
            8
          ]
        },
        {
          "vertices": [
            0,
            6,
            5
          ]
        },
        {
          "vertices": [
            7,
            9,
            8
          ]
        },
        {
          "vertices": [
            2,
            8,
            11,
            3
          ]
        },
        {
          "vertices": [
            4,
            9,
            12,
            5
          ]
        },
        {
          "vertices": [
            7,
            12,
            9
          ]
        },
        {
          "vertices": [
            4,
            6,
            11
          ]
        },
        {
          "vertices": [
            0,
            3,
            6
          ]
        },
        {
          "vertices": [
            1,
            12,
            7
          ]
        },
        {
          "vertices": [
            3,
            11,
            6
          ]
        },
        {
          "vertices": [
            1,
            7,
            2
          ]
        },
        {
          "vertices": [
            4,
            11,
            8,
            9
          ]
        },
        {
          "vertices": [
            0,
            5,
            12,
            1
          ]
        }
      ]
    },
    "s5952518914849444": {
      "id": "s5952518914849444",
      "orbit": "[[0,0,1],[0,0,1]]",
      "length": "[1,1,1]",
      "vertices": [
        {
          "x": 1,
          "y": 0.30901700258255005,
          "z": 0.19098301231861115
        },
        {
          "x": 1,
          "y": -0.30901700258255005,
          "z": 0.19098301231861115
        },
        {
          "x": 21.180339813232422,
          "y": -0.30901700258255005,
          "z": 0.19098301231861115
        },
        {
          "x": 21.180339813232422,
          "y": 0.30901700258255005,
          "z": 0.19098301231861115
        },
        {
          "x": 21.180339813232422,
          "y": -0.30901700258255005,
          "z": -0.19098301231861115
        },
        {
          "x": 21.180339813232422,
          "y": 0.30901700258255005,
          "z": -0.19098301231861115
        },
        {
          "x": 21.79837417602539,
          "y": 0,
          "z": 0
        },
        {
          "x": 0.3819660246372223,
          "y": 0,
          "z": 0
        },
        {
          "x": 1,
          "y": 0.30901700258255005,
          "z": -0.19098301231861115
        },
        {
          "x": 1,
          "y": -0.30901700258255005,
          "z": -0.19098301231861115
        },
        {
          "x": 22.180339813232422,
          "y": 0,
          "z": 0
        }
      ],
      "faces": [
        {
          "vertices": [
            0,
            1,
            2,
            3
          ]
        },
        {
          "vertices": [
            2,
            4,
            6
          ]
        },
        {
          "vertices": [
            7,
            8,
            9
          ]
        },
        {
          "vertices": [
            4,
            9,
            8,
            5
          ]
        },
        {
          "vertices": [
            1,
            9,
            4,
            2
          ]
        },
        {
          "vertices": [
            0,
            3,
            5,
            8
          ]
        },
        {
          "vertices": [
            1,
            7,
            9
          ]
        },
        {
          "vertices": [
            2,
            6,
            3
          ]
        },
        {
          "vertices": [
            0,
            7,
            1
          ]
        },
        {
          "vertices": [
            4,
            5,
            6
          ]
        },
        {
          "vertices": [
            0,
            8,
            7
          ]
        },
        {
          "vertices": [
            3,
            6,
            5
          ]
        }
      ]
    },
    "s9760937814274316": {
      "id": "s9760937814274316",
      "orbit": "[[-1,1,1],[0,0,1]]",
      "length": "[1,0,1]",
      "vertices": [
        {
          "x": 0.9045084714889526,
          "y": 0.345491498708725,
          "z": 0.25
        },
        {
          "x": 6.140576362609863,
          "y": 3.581559419631958,
          "z": 0.25
        },
        {
          "x": 5.949593544006348,
          "y": 3.8905763626098633,
          "z": 0.25
        },
        {
          "x": 0.7135254740715027,
          "y": 0.6545084714889526,
          "z": 0.25
        },
        {
          "x": 0.80901700258255,
          "y": 0.5,
          "z": -0.30901700258255005
        },
        {
          "x": 0.9635254740715027,
          "y": 0.25,
          "z": -0.09549150615930557
        },
        {
          "x": 0.30901700258255005,
          "y": 0.19098301231861115,
          "z": 0
        },
        {
          "x": 6.5450849533081055,
          "y": 4.0450849533081055,
          "z": 0
        },
        {
          "x": 5.890576362609863,
          "y": 3.9860680103302,
          "z": -0.09549150615930557
        },
        {
          "x": 6.0450849533081055,
          "y": 3.7360680103302,
          "z": -0.30901700258255005
        },
        {
          "x": 6.85410213470459,
          "y": 4.236067771911621,
          "z": 0
        },
        {
          "x": 0.6545084714889526,
          "y": 0.75,
          "z": -0.09549150615930557
        },
        {
          "x": 6.199593544006348,
          "y": 3.4860680103302,
          "z": -0.09549150615930557
        }
      ],
      "faces": [
        {
          "vertices": [
            0,
            1,
            2,
            3
          ]
        },
        {
          "vertices": [
            4,
            5,
            6
          ]
        },
        {
          "vertices": [
            2,
            7,
            8
          ]
        },
        {
          "vertices": [
            0,
            6,
            5
          ]
        },
        {
          "vertices": [
            7,
            9,
            8
          ]
        },
        {
          "vertices": [
            2,
            8,
            11,
            3
          ]
        },
        {
          "vertices": [
            4,
            9,
            12,
            5
          ]
        },
        {
          "vertices": [
            7,
            12,
            9
          ]
        },
        {
          "vertices": [
            4,
            6,
            11
          ]
        },
        {
          "vertices": [
            0,
            3,
            6
          ]
        },
        {
          "vertices": [
            1,
            12,
            7
          ]
        },
        {
          "vertices": [
            3,
            11,
            6
          ]
        },
        {
          "vertices": [
            1,
            7,
            2
          ]
        },
        {
          "vertices": [
            4,
            11,
            8,
            9
          ]
        },
        {
          "vertices": [
            0,
            5,
            12,
            1
          ]
        }
      ]
    },
    "s9645944755919832": {
      "id": "s9645944755919832",
      "orbit": "[[0,0,1],[0,0,1]]",
      "length": "[8,13,1]",
      "vertices": [
        {
          "x": 1,
          "y": 0.30901700258255005,
          "z": 0.19098301231861115
        },
        {
          "x": 1,
          "y": -0.30901700258255005,
          "z": 0.19098301231861115
        },
        {
          "x": 244.98373413085938,
          "y": -0.30901700258255005,
          "z": 0.19098301231861115
        },
        {
          "x": 244.98373413085938,
          "y": 0.30901700258255005,
          "z": 0.19098301231861115
        },
        {
          "x": 244.98373413085938,
          "y": -0.30901700258255005,
          "z": -0.19098301231861115
        },
        {
          "x": 244.98373413085938,
          "y": 0.30901700258255005,
          "z": -0.19098301231861115
        },
        {
          "x": 245.60177612304688,
          "y": 0,
          "z": 0
        },
        {
          "x": 0.3819660246372223,
          "y": 0,
          "z": 0
        },
        {
          "x": 1,
          "y": 0.30901700258255005,
          "z": -0.19098301231861115
        },
        {
          "x": 1,
          "y": -0.30901700258255005,
          "z": -0.19098301231861115
        },
        {
          "x": 245.98373413085938,
          "y": 0,
          "z": 0
        }
      ],
      "faces": [
        {
          "vertices": [
            0,
            1,
            2,
            3
          ]
        },
        {
          "vertices": [
            2,
            4,
            6
          ]
        },
        {
          "vertices": [
            7,
            8,
            9
          ]
        },
        {
          "vertices": [
            4,
            9,
            8,
            5
          ]
        },
        {
          "vertices": [
            1,
            9,
            4,
            2
          ]
        },
        {
          "vertices": [
            0,
            3,
            5,
            8
          ]
        },
        {
          "vertices": [
            1,
            7,
            9
          ]
        },
        {
          "vertices": [
            2,
            6,
            3
          ]
        },
        {
          "vertices": [
            0,
            7,
            1
          ]
        },
        {
          "vertices": [
            4,
            5,
            6
          ]
        },
        {
          "vertices": [
            0,
            8,
            7
          ]
        },
        {
          "vertices": [
            3,
            6,
            5
          ]
        }
      ]
    },
    "s8718676231919026": {
      "id": "s8718676231919026",
      "orbit": "[[-1,1,1],[0,0,1]]",
      "length": "[8,13,1]",
      "vertices": [
        {
          "x": 0.9045084714889526,
          "y": 0.345491498708725,
          "z": 0.25
        },
        {
          "x": 198.29150390625,
          "y": 122.33736419677734,
          "z": 0.25
        },
        {
          "x": 198.1005096435547,
          "y": 122.64637756347656,
          "z": 0.25
        },
        {
          "x": 0.7135254740715027,
          "y": 0.6545084714889526,
          "z": 0.25
        },
        {
          "x": 0.80901700258255,
          "y": 0.5,
          "z": -0.30901700258255005
        },
        {
          "x": 0.9635254740715027,
          "y": 0.25,
          "z": -0.09549150615930557
        },
        {
          "x": 0.30901700258255005,
          "y": 0.19098301231861115,
          "z": 0
        },
        {
          "x": 198.69601440429688,
          "y": 122.80088806152344,
          "z": 0
        },
        {
          "x": 198.04150390625,
          "y": 122.74186706542969,
          "z": -0.09549150615930557
        },
        {
          "x": 198.19601440429688,
          "y": 122.49186706542969,
          "z": -0.30901700258255005
        },
        {
          "x": 199.00502014160156,
          "y": 122.99186706542969,
          "z": 0
        },
        {
          "x": 0.6545084714889526,
          "y": 0.75,
          "z": -0.09549150615930557
        },
        {
          "x": 198.3505096435547,
          "y": 122.24186706542969,
          "z": -0.09549150615930557
        }
      ],
      "faces": [
        {
          "vertices": [
            0,
            1,
            2,
            3
          ]
        },
        {
          "vertices": [
            4,
            5,
            6
          ]
        },
        {
          "vertices": [
            2,
            7,
            8
          ]
        },
        {
          "vertices": [
            0,
            6,
            5
          ]
        },
        {
          "vertices": [
            7,
            9,
            8
          ]
        },
        {
          "vertices": [
            2,
            8,
            11,
            3
          ]
        },
        {
          "vertices": [
            4,
            9,
            12,
            5
          ]
        },
        {
          "vertices": [
            7,
            12,
            9
          ]
        },
        {
          "vertices": [
            4,
            6,
            11
          ]
        },
        {
          "vertices": [
            0,
            3,
            6
          ]
        },
        {
          "vertices": [
            1,
            12,
            7
          ]
        },
        {
          "vertices": [
            3,
            11,
            6
          ]
        },
        {
          "vertices": [
            1,
            7,
            2
          ]
        },
        {
          "vertices": [
            4,
            11,
            8,
            9
          ]
        },
        {
          "vertices": [
            0,
            5,
            12,
            1
          ]
        }
      ]
    },
    "s6319847508021178": {
      "id": "s6319847508021178",
      "orbit": "[[0,0,1],[0,0,1]]",
      "length": "[0,1,2]",
      "vertices": [
        {
          "x": 1,
          "y": 0.30901700258255005,
          "z": 0.19098301231861115
        },
        {
          "x": 1,
          "y": -0.30901700258255005,
          "z": 0.19098301231861115
        },
        {
          "x": 5.85410213470459,
          "y": -0.30901700258255005,
          "z": 0.19098301231861115
        },
        {
          "x": 5.85410213470459,
          "y": 0.30901700258255005,
          "z": 0.19098301231861115
        },
        {
          "x": 5.85410213470459,
          "y": -0.30901700258255005,
          "z": -0.19098301231861115
        },
        {
          "x": 5.85410213470459,
          "y": 0.30901700258255005,
          "z": -0.19098301231861115
        },
        {
          "x": 6.4721360206604,
          "y": 0,
          "z": 0
        },
        {
          "x": 0.3819660246372223,
          "y": 0,
          "z": 0
        },
        {
          "x": 1,
          "y": 0.30901700258255005,
          "z": -0.19098301231861115
        },
        {
          "x": 1,
          "y": -0.30901700258255005,
          "z": -0.19098301231861115
        },
        {
          "x": 6.85410213470459,
          "y": 0,
          "z": 0
        }
      ],
      "faces": [
        {
          "vertices": [
            0,
            1,
            2,
            3
          ]
        },
        {
          "vertices": [
            2,
            4,
            6
          ]
        },
        {
          "vertices": [
            7,
            8,
            9
          ]
        },
        {
          "vertices": [
            4,
            9,
            8,
            5
          ]
        },
        {
          "vertices": [
            1,
            9,
            4,
            2
          ]
        },
        {
          "vertices": [
            0,
            3,
            5,
            8
          ]
        },
        {
          "vertices": [
            1,
            7,
            9
          ]
        },
        {
          "vertices": [
            2,
            6,
            3
          ]
        },
        {
          "vertices": [
            0,
            7,
            1
          ]
        },
        {
          "vertices": [
            4,
            5,
            6
          ]
        },
        {
          "vertices": [
            0,
            8,
            7
          ]
        },
        {
          "vertices": [
            3,
            6,
            5
          ]
        }
      ]
    },
    "s5659967481863665": {
      "id": "s5659967481863665",
      "orbit": "[[-1,1,1],[0,0,1]]",
      "length": "[2,3,1]",
      "vertices": [
        {
          "x": 0.9045084714889526,
          "y": 0.345491498708725,
          "z": 0.25
        },
        {
          "x": 46.26519012451172,
          "y": 28.379932403564453,
          "z": 0.25
        },
        {
          "x": 46.07420349121094,
          "y": 28.688949584960938,
          "z": 0.25
        },
        {
          "x": 0.7135254740715027,
          "y": 0.6545084714889526,
          "z": 0.25
        },
        {
          "x": 0.80901700258255,
          "y": 0.5,
          "z": -0.30901700258255005
        },
        {
          "x": 0.9635254740715027,
          "y": 0.25,
          "z": -0.09549150615930557
        },
        {
          "x": 0.30901700258255005,
          "y": 0.19098301231861115,
          "z": 0
        },
        {
          "x": 46.66969680786133,
          "y": 28.84345817565918,
          "z": 0
        },
        {
          "x": 46.01519012451172,
          "y": 28.784440994262695,
          "z": -0.09549150615930557
        },
        {
          "x": 46.16969680786133,
          "y": 28.534440994262695,
          "z": -0.30901700258255005
        },
        {
          "x": 46.97871398925781,
          "y": 29.034440994262695,
          "z": 0
        },
        {
          "x": 0.6545084714889526,
          "y": 0.75,
          "z": -0.09549150615930557
        },
        {
          "x": 46.32420349121094,
          "y": 28.284440994262695,
          "z": -0.09549150615930557
        }
      ],
      "faces": [
        {
          "vertices": [
            0,
            1,
            2,
            3
          ]
        },
        {
          "vertices": [
            4,
            5,
            6
          ]
        },
        {
          "vertices": [
            2,
            7,
            8
          ]
        },
        {
          "vertices": [
            0,
            6,
            5
          ]
        },
        {
          "vertices": [
            7,
            9,
            8
          ]
        },
        {
          "vertices": [
            2,
            8,
            11,
            3
          ]
        },
        {
          "vertices": [
            4,
            9,
            12,
            5
          ]
        },
        {
          "vertices": [
            7,
            12,
            9
          ]
        },
        {
          "vertices": [
            4,
            6,
            11
          ]
        },
        {
          "vertices": [
            0,
            3,
            6
          ]
        },
        {
          "vertices": [
            1,
            12,
            7
          ]
        },
        {
          "vertices": [
            3,
            11,
            6
          ]
        },
        {
          "vertices": [
            1,
            7,
            2
          ]
        },
        {
          "vertices": [
            4,
            11,
            8,
            9
          ]
        },
        {
          "vertices": [
            0,
            5,
            12,
            1
          ]
        }
      ]
    },
    "s817059070566727": {
      "id": "s817059070566727",
      "orbit": "[[0,0,1],[2,-1,1]]",
      "length": "[5,8,1]",
      "vertices": [
        {
          "x": 122.99186706542969,
          "y": 0,
          "z": -46.97871398925781
        },
        {
