{
  "field" : "golden",
  "symmetry" : "icosahedral",
  "orientations" : [ [ 1.0, 0.0, 0.0, 0.0, 0.0, 1.0, 0.0, 0.0, 0.0, 0.0, 1.0, 0.0, 0.0, 0.0, 0.0, 1.0 ], [ 0.0, 0.0, 1.0, 0.0, 1.0, 0.0, 0.0, 0.0, 0.0, 1.0, 0.0, 0.0, 0.0, 0.0, 0.0, 1.0 ], [ 0.0, 1.0, 0.0, 0.0, 0.0, 0.0, 1.0, 0.0, 1.0, 0.0, 0.0, 0.0, 0.0, 0.0, 0.0, 1.0 ], [ 0.809017, 0.309017, 0.5, 0.0, 0.309017, 0.5, -0.809017, 0.0, -0.5, 0.809017, 0.309017, 0.0, 0.0, 0.0, 0.0, 1.0 ], [ -0.5, 0.809017, 0.309017, 0.0, 0.809017, 0.309017, 0.5, 0.0, 0.309017, 0.5, -0.809017, 0.0, 0.0, 0.0, 0.0, 1.0 ], [ 0.309017, 0.5, -0.809017, 0.0, -0.5, 0.809017, 0.309017, 0.0, 0.809017, 0.309017, 0.5, 0.0, 0.0, 0.0, 0.0, 1.0 ], [ 0.5, 0.809017, 0.309017, 0.0, 0.809017, -0.309017, -0.5, 0.0, -0.309017, 0.5, -0.809017, 0.0, 0.0, 0.0, 0.0, 1.0 ], [ -0.309017, 0.5, -0.809017, 0.0, 0.5, 0.809017, 0.309017, 0.0, 0.809017, -0.309017, -0.5, 0.0, 0.0, 0.0, 0.0, 1.0 ], [ 0.809017, -0.309017, -0.5, 0.0, -0.309017, 0.5, -0.809017, 0.0, 0.5, 0.809017, 0.309017, 0.0, 0.0, 0.0, 0.0, 1.0 ], [ 0.5, 0.809017, -0.309017, 0.0, 0.809017, -0.309017, 0.5, 0.0, 0.309017, -0.5, -0.809017, 0.0, 0.0, 0.0, 0.0, 1.0 ], [ 0.309017, -0.5, -0.809017, 0.0, 0.5, 0.809017, -0.309017, 0.0, 0.809017, -0.309017, 0.5, 0.0, 0.0, 0.0, 0.0, 1.0 ], [ 0.809017, -0.309017, 0.5, 0.0, 0.309017, -0.5, -0.809017, 0.0, 0.5, 0.809017, -0.309017, 0.0, 0.0, 0.0, 0.0, 1.0 ], [ 0.809017, 0.309017, -0.5, 0.0, 0.309017, 0.5, 0.809017, 0.0, 0.5, -0.809017, 0.309017, 0.0, 0.0, 0.0, 0.0, 1.0 ], [ 0.5, -0.809017, 0.309017, 0.0, 0.809017, 0.309017, -0.5, 0.0, 0.309017, 0.5, 0.809017, 0.0, 0.0, 0.0, 0.0, 1.0 ], [ 0.309017, 0.5, 0.809017, 0.0, 0.5, -0.809017, 0.309017, 0.0, 0.809017, 0.309017, -0.5, 0.0, 0.0, 0.0, 0.0, 1.0 ], [ 1.0, 0.0, 0.0, 0.0, 0.0, -1.0, 0.0, 0.0, 0.0, 0.0, -1.0, 0.0, 0.0, 0.0, 0.0, 1.0 ], [ 0.0, 0.0, 1.0, 0.0, -1.0, 0.0, 0.0, 0.0, 0.0, -1.0, 0.0, 0.0, 0.0, 0.0, 0.0, 1.0 ], [ 0.0, 1.0, 0.0, 0.0, 0.0, 0.0, -1.0, 0.0, -1.0, 0.0, 0.0, 0.0, 0.0, 0.0, 0.0, 1.0 ], [ 0.809017, 0.309017, 0.5, 0.0, -0.309017, -0.5, 0.809017, 0.0, 0.5, -0.809017, -0.309017, 0.0, 0.0, 0.0, 0.0, 1.0 ], [ -0.5, 0.809017, 0.309017, 0.0, -0.809017, -0.309017, -0.5, 0.0, -0.309017, -0.5, 0.809017, 0.0, 0.0, 0.0, 0.0, 1.0 ], [ 0.309017, 0.5, -0.809017, 0.0, 0.5, -0.809017, -0.309017, 0.0, -0.809017, -0.309017, -0.5, 0.0, 0.0, 0.0, 0.0, 1.0 ], [ 0.5, 0.809017, 0.309017, 0.0, -0.809017, 0.309017, 0.5, 0.0, 0.309017, -0.5, 0.809017, 0.0, 0.0, 0.0, 0.0, 1.0 ], [ -0.309017, 0.5, -0.809017, 0.0, -0.5, -0.809017, -0.309017, 0.0, -0.809017, 0.309017, 0.5, 0.0, 0.0, 0.0, 0.0, 1.0 ], [ 0.809017, -0.309017, -0.5, 0.0, 0.309017, -0.5, 0.809017, 0.0, -0.5, -0.809017, -0.309017, 0.0, 0.0, 0.0, 0.0, 1.0 ], [ 0.5, 0.809017, -0.309017, 0.0, -0.809017, 0.309017, -0.5, 0.0, -0.309017, 0.5, 0.809017, 0.0, 0.0, 0.0, 0.0, 1.0 ], [ 0.309017, -0.5, -0.809017, 0.0, -0.5, -0.809017, 0.309017, 0.0, -0.809017, 0.309017, -0.5, 0.0, 0.0, 0.0, 0.0, 1.0 ], [ 0.809017, -0.309017, 0.5, 0.0, -0.309017, 0.5, 0.809017, 0.0, -0.5, -0.809017, 0.309017, 0.0, 0.0, 0.0, 0.0, 1.0 ], [ 0.809017, 0.309017, -0.5, 0.0, -0.309017, -0.5, -0.809017, 0.0, -0.5, 0.809017, -0.309017, 0.0, 0.0, 0.0, 0.0, 1.0 ], [ 0.5, -0.809017, 0.309017, 0.0, -0.809017, -0.309017, 0.5, 0.0, -0.309017, -0.5, -0.809017, 0.0, 0.0, 0.0, 0.0, 1.0 ], [ 0.309017, 0.5, 0.809017, 0.0, -0.5, 0.809017, -0.309017, 0.0, -0.809017, -0.309017, 0.5, 0.0, 0.0, 0.0, 0.0, 1.0 ], [ -1.0, 0.0, 0.0, 0.0, 0.0, -1.0, 0.0, 0.0, 0.0, 0.0, 1.0, 0.0, 0.0, 0.0, 0.0, 1.0 ], [ 0.0, 0.0, -1.0, 0.0, -1.0, 0.0, 0.0, 0.0, 0.0, 1.0, 0.0, 0.0, 0.0, 0.0, 0.0, 1.0 ], [ 0.0, -1.0, 0.0, 0.0, 0.0, 0.0, -1.0, 0.0, 1.0, 0.0, 0.0, 0.0, 0.0, 0.0, 0.0, 1.0 ], [ -0.809017, -0.309017, -0.5, 0.0, -0.309017, -0.5, 0.809017, 0.0, -0.5, 0.809017, 0.309017, 0.0, 0.0, 0.0, 0.0, 1.0 ], [ 0.5, -0.809017, -0.309017, 0.0, -0.809017, -0.309017, -0.5, 0.0, 0.309017, 0.5, -0.809017, 0.0, 0.0, 0.0, 0.0, 1.0 ], [ -0.309017, -0.5, 0.809017, 0.0, 0.5, -0.809017, -0.309017, 0.0, 0.809017, 0.309017, 0.5, 0.0, 0.0, 0.0, 0.0, 1.0 ], [ -0.5, -0.809017, -0.309017, 0.0, -0.809017, 0.309017, 0.5, 0.0, -0.309017, 0.5, -0.809017, 0.0, 0.0, 0.0, 0.0, 1.0 ], [ 0.309017, -0.5, 0.809017, 0.0, -0.5, -0.809017, -0.309017, 0.0, 0.809017, -0.309017, -0.5, 0.0, 0.0, 0.0, 0.0, 1.0 ], [ -0.809017, 0.309017, 0.5, 0.0, 0.309017, -0.5, 0.809017, 0.0, 0.5, 0.809017, 0.309017, 0.0, 0.0, 0.0, 0.0, 1.0 ], [ -0.5, -0.809017, 0.309017, 0.0, -0.809017, 0.309017, -0.5, 0.0, 0.309017, -0.5, -0.809017, 0.0, 0.0, 0.0, 0.0, 1.0 ], [ -0.309017, 0.5, 0.809017, 0.0, -0.5, -0.809017, 0.309017, 0.0, 0.809017, -0.309017, 0.5, 0.0, 0.0, 0.0, 0.0, 1.0 ], [ -0.809017, 0.309017, -0.5, 0.0, -0.309017, 0.5, 0.809017, 0.0, 0.5, 0.809017, -0.309017, 0.0, 0.0, 0.0, 0.0, 1.0 ], [ -0.809017, -0.309017, 0.5, 0.0, -0.309017, -0.5, -0.809017, 0.0, 0.5, -0.809017, 0.309017, 0.0, 0.0, 0.0, 0.0, 1.0 ], [ -0.5, 0.809017, -0.309017, 0.0, -0.809017, -0.309017, 0.5, 0.0, 0.309017, 0.5, 0.809017, 0.0, 0.0, 0.0, 0.0, 1.0 ], [ -0.309017, -0.5, -0.809017, 0.0, -0.5, 0.809017, -0.309017, 0.0, 0.809017, 0.309017, -0.5, 0.0, 0.0, 0.0, 0.0, 1.0 ], [ -1.0, 0.0, 0.0, 0.0, 0.0, 1.0, 0.0, 0.0, 0.0, 0.0, -1.0, 0.0, 0.0, 0.0, 0.0, 1.0 ], [ 0.0, 0.0, -1.0, 0.0, 1.0, 0.0, 0.0, 0.0, 0.0, -1.0, 0.0, 0.0, 0.0, 0.0, 0.0, 1.0 ], [ 0.0, -1.0, 0.0, 0.0, 0.0, 0.0, 1.0, 0.0, -1.0, 0.0, 0.0, 0.0, 0.0, 0.0, 0.0, 1.0 ], [ -0.809017, -0.309017, -0.5, 0.0, 0.309017, 0.5, -0.809017, 0.0, 0.5, -0.809017, -0.309017, 0.0, 0.0, 0.0, 0.0, 1.0 ], [ 0.5, -0.809017, -0.309017, 0.0, 0.809017, 0.309017, 0.5, 0.0, -0.309017, -0.5, 0.809017, 0.0, 0.0, 0.0, 0.0, 1.0 ], [ -0.309017, -0.5, 0.809017, 0.0, -0.5, 0.809017, 0.309017, 0.0, -0.809017, -0.309017, -0.5, 0.0, 0.0, 0.0, 0.0, 1.0 ], [ -0.5, -0.809017, -0.309017, 0.0, 0.809017, -0.309017, -0.5, 0.0, 0.309017, -0.5, 0.809017, 0.0, 0.0, 0.0, 0.0, 1.0 ], [ 0.309017, -0.5, 0.809017, 0.0, 0.5, 0.809017, 0.309017, 0.0, -0.809017, 0.309017, 0.5, 0.0, 0.0, 0.0, 0.0, 1.0 ], [ -0.809017, 0.309017, 0.5, 0.0, -0.309017, 0.5, -0.809017, 0.0, -0.5, -0.809017, -0.309017, 0.0, 0.0, 0.0, 0.0, 1.0 ], [ -0.5, -0.809017, 0.309017, 0.0, 0.809017, -0.309017, 0.5, 0.0, -0.309017, 0.5, 0.809017, 0.0, 0.0, 0.0, 0.0, 1.0 ], [ -0.309017, 0.5, 0.809017, 0.0, 0.5, 0.809017, -0.309017, 0.0, -0.809017, 0.309017, -0.5, 0.0, 0.0, 0.0, 0.0, 1.0 ], [ -0.809017, 0.309017, -0.5, 0.0, 0.309017, -0.5, -0.809017, 0.0, -0.5, -0.809017, 0.309017, 0.0, 0.0, 0.0, 0.0, 1.0 ], [ -0.809017, -0.309017, 0.5, 0.0, 0.309017, 0.5, 0.809017, 0.0, -0.5, 0.809017, -0.309017, 0.0, 0.0, 0.0, 0.0, 1.0 ], [ -0.5, 0.809017, -0.309017, 0.0, 0.809017, 0.309017, -0.5, 0.0, -0.309017, -0.5, -0.809017, 0.0, 0.0, 0.0, 0.0, 1.0 ], [ -0.309017, -0.5, -0.809017, 0.0, 0.5, -0.809017, 0.309017, 0.0, -0.809017, -0.309017, 0.5, 0.0, 0.0, 0.0, 0.0, 1.0 ] ],
  "lights" : {
    "backgroundColor" : "#AFC8DC",
    "ambientColor" : "#292929",
    "directionalLights" : [ {
      "direction" : {
        "x" : 1.0,
        "y" : -1.0,
        "z" : -1.0
      },
      "color" : "#EBEBE4"
    }, {
      "direction" : {
        "x" : -1.0,
        "y" : 0.0,
        "z" : 0.0
      },
      "color" : "#E4E4EB"
    }, {
      "direction" : {
        "x" : 0.0,
        "y" : 0.0,
        "z" : -1.0
      },
      "color" : "#1E1E1E"
    } ]
  },
  "camera" : {
    "stereo" : false,
    "width" : 144.0804,
    "perspective" : true,
    "lookDirection" : {
      "x" : -0.55369616,
      "y" : -0.6067703,
      "z" : -0.57030785
    },
    "upDirection" : {
      "x" : -0.07646236,
      "y" : 0.71902645,
      "z" : -0.69076407
    },
    "lookAtPoint" : {
      "x" : 0.0,
      "y" : 0.0,
      "z" : 0.0
    },
    "viewDistance" : 320.17874,
    "nearClipDistance" : 0.80044687,
    "farClipDistance" : 640.35736,
    "fieldOfView" : 0.4426288,
    "position" : {
      "x" : 177.28174,
      "y" : 194.27495,
      "z" : 182.60045
    }
  },
  "embedding" : [ 1.0, 0.0, 0.0, 0.0, 0.0, 1.0, 0.0, 0.0, 0.0, 0.0, 1.0, 0.0, 0.0, 0.0, 0.0, 1.0 ],
  "shapes" : [ {
    "id" : "7e5f99f4-455a-488b-aade-3aa78cac5928",
    "vertices" : [ {
      "x" : 0.309017,
      "y" : -0.809017,
      "z" : 0.618034
    }, {
      "x" : 0.809017,
      "y" : -0.618034,
      "z" : 0.309017
    }, {
      "x" : 0.618034,
      "y" : -0.309017,
      "z" : 0.809017
    }, {
      "x" : 1.0,
      "y" : 0.309017,
      "z" : 0.19098301
    }, {
      "x" : 0.809017,
      "y" : 0.618034,
      "z" : 0.309017
    }, {
      "x" : 0.618034,
      "y" : 0.309017,
      "z" : 0.809017
    }, {
      "x" : 0.809017,
      "y" : 0.0,
      "z" : 0.690983
    }, {
      "x" : 0.19098301,
      "y" : -1.0,
      "z" : 0.309017
    }, {
      "x" : -0.19098301,
      "y" : -1.0,
      "z" : 0.309017
    }, {
      "x" : -0.19098301,
      "y" : -1.0,
      "z" : -0.309017
    }, {
      "x" : 0.19098301,
      "y" : -1.0,
      "z" : -0.309017
    }, {
      "x" : 1.0,
      "y" : -0.309017,
      "z" : -0.19098301
    }, {
      "x" : 0.809017,
      "y" : -0.618034,
      "z" : -0.309017
    }, {
      "x" : 0.618034,
      "y" : -0.309017,
      "z" : -0.809017
    }, {
      "x" : 0.809017,
      "y" : 0.0,
      "z" : -0.690983
    }, {
      "x" : 0.0,
      "y" : 0.690983,
      "z" : -0.809017
    }, {
      "x" : 0.309017,
      "y" : 0.809017,
      "z" : -0.618034
    }, {
      "x" : 0.618034,
      "y" : 0.309017,
      "z" : -0.809017
    }, {
      "x" : 0.309017,
      "y" : 0.19098301,
      "z" : -1.0
    }, {
      "x" : 1.0,
      "y" : 0.309017,
      "z" : -0.19098301
    }, {
      "x" : -0.309017,
      "y" : -0.809017,
      "z" : 0.618034
    }, {
      "x" : 0.0,
      "y" : -0.690983,
      "z" : 0.809017
    }, {
      "x" : 0.809017,
      "y" : 0.618034,
      "z" : -0.309017
    }, {
      "x" : 0.690983,
      "y" : 0.809017,
      "z" : 0.0
    }, {
      "x" : -0.690983,
      "y" : 0.809017,
      "z" : 0.0
    }, {
      "x" : -0.809017,
      "y" : 0.618034,
      "z" : 0.309017
    }, {
      "x" : -0.309017,
      "y" : 0.809017,
      "z" : 0.618034
    }, {
      "x" : -0.19098301,
      "y" : 1.0,
      "z" : 0.309017
    }, {
      "x" : 0.309017,
      "y" : -0.19098301,
      "z" : -1.0
    }, {
      "x" : 0.19098301,
      "y" : 1.0,
      "z" : 0.309017
    }, {
      "x" : 0.309017,
      "y" : 0.809017,
      "z" : 0.618034
    }, {
      "x" : -0.809017,
      "y" : -0.618034,
      "z" : 0.309017
    }, {
      "x" : -0.690983,
      "y" : -0.809017,
      "z" : 0.0
    }, {
      "x" : 0.0,
      "y" : 0.690983,
      "z" : 0.809017
    }, {
      "x" : 0.309017,
      "y" : -0.809017,
      "z" : -0.618034
    }, {
      "x" : 0.0,
      "y" : -0.690983,
      "z" : -0.809017
    }, {
      "x" : -1.0,
      "y" : 0.309017,
      "z" : 0.19098301
    }, {
      "x" : -0.809017,
      "y" : 0.0,
      "z" : 0.690983
    }, {
      "x" : -0.618034,
      "y" : 0.309017,
      "z" : 0.809017
    }, {
      "x" : 1.0,
      "y" : -0.309017,
      "z" : 0.19098301
    }, {
      "x" : -0.309017,
      "y" : -0.809017,
      "z" : -0.618034
    }, {
      "x" : -1.0,
      "y" : 0.309017,
      "z" : -0.19098301
    }, {
      "x" : -1.0,
      "y" : -0.309017,
      "z" : -0.19098301
    }, {
      "x" : -1.0,
      "y" : -0.309017,
      "z" : 0.19098301
    }, {
      "x" : 0.19098301,
      "y" : 1.0,
      "z" : -0.309017
    }, {
      "x" : -0.809017,
      "y" : 0.618034,
      "z" : -0.309017
    }, {
      "x" : -0.19098301,
      "y" : 1.0,
      "z" : -0.309017
    }, {
      "x" : -0.309017,
      "y" : 0.809017,
      "z" : -0.618034
    }, {
      "x" : -0.618034,
      "y" : -0.309017,
      "z" : 0.809017
    }, {
      "x" : 0.309017,
      "y" : 0.19098301,
      "z" : 1.0
    }, {
      "x" : -0.309017,
      "y" : 0.19098301,
      "z" : -1.0
    }, {
      "x" : -0.309017,
      "y" : 0.19098301,
      "z" : 1.0
    }, {
      "x" : -0.309017,
      "y" : -0.19098301,
      "z" : 1.0
    }, {
      "x" : 0.309017,
      "y" : -0.19098301,
      "z" : 1.0
    }, {
      "x" : 0.690983,
      "y" : -0.809017,
      "z" : 0.0
    }, {
      "x" : -0.809017,
      "y" : 0.0,
      "z" : -0.690983
    }, {
      "x" : -0.618034,
      "y" : -0.309017,
      "z" : -0.809017
    }, {
      "x" : -0.309017,
      "y" : -0.19098301,
      "z" : -1.0
    }, {
      "x" : -0.618034,
      "y" : 0.309017,
      "z" : -0.809017
    }, {
      "x" : -0.809017,
      "y" : -0.618034,
      "z" : -0.309017
    } ],
    "faces" : [ {
      "vertices" : [ 9, 40, 35 ]
    }, {
      "vertices" : [ 9, 35, 34 ]
    }, {
      "vertices" : [ 9, 34, 10 ]
    }, {
      "vertices" : [ 0, 1, 2 ]
    }, {
      "vertices" : [ 33, 51, 49 ]
    }, {
      "vertices" : [ 25, 36, 37 ]
    }, {
      "vertices" : [ 25, 37, 38 ]
    }, {
      "vertices" : [ 41, 55, 42 ]
    }, {
      "vertices" : [ 9, 32, 59 ]
    }, {
      "vertices" : [ 9, 59, 40 ]
    }, {
      "vertices" : [ 20, 21, 52 ]
    }, {
      "vertices" : [ 20, 52, 48 ]
    }, {
      "vertices" : [ 26, 33, 30 ]
    }, {
      "vertices" : [ 26, 30, 29 ]
    }, {
      "vertices" : [ 26, 29, 27 ]
    }, {
      "vertices" : [ 3, 4, 5 ]
    }, {
      "vertices" : [ 3, 5, 6 ]
    }, {
      "vertices" : [ 27, 29, 44 ]
    }, {
      "vertices" : [ 27, 44, 46 ]
    }, {
      "vertices" : [ 50, 57, 56 ]
    }, {
      "vertices" : [ 50, 56, 55 ]
    }, {
      "vertices" : [ 50, 55, 58 ]
    }, {
      "vertices" : [ 26, 38, 51 ]
    }, {
      "vertices" : [ 26, 51, 33 ]
    }, {
      "vertices" : [ 45, 47, 58 ]
    }, {
      "vertices" : [ 18, 28, 57 ]
    }, {
      "vertices" : [ 18, 57, 50 ]
    }, {
      "vertices" : [ 40, 59, 56 ]
    }, {
      "vertices" : [ 31, 48, 37 ]
    }, {
      "vertices" : [ 31, 37, 43 ]
    }, {
      "vertices" : [ 7, 8, 9 ]
    }, {
      "vertices" : [ 7, 9, 10 ]
    }, {
      "vertices" : [ 36, 41, 42 ]
    }, {
      "vertices" : [ 36, 42, 43 ]
    }, {
      "vertices" : [ 24, 46, 47 ]
    }, {
      "vertices" : [ 24, 47, 45 ]
    }, {
      "vertices" : [ 4, 30, 5 ]
    }, {
      "vertices" : [ 15, 47, 46 ]
    }, {
      "vertices" : [ 15, 46, 44 ]
    }, {
      "vertices" : [ 15, 44, 16 ]
    }, {
      "vertices" : [ 15, 50, 58 ]
    }, {
      "vertices" : [ 15, 58, 47 ]
    }, {
      "vertices" : [ 24, 45, 41 ]
    }, {
      "vertices" : [ 24, 41, 36 ]
    }, {
      "vertices" : [ 24, 36, 25 ]
    }, {
      "vertices" : [ 11, 14, 19 ]
    }, {
      "vertices" : [ 3, 6, 39 ]
    }, {
      "vertices" : [ 1, 39, 6 ]
    }, {
      "vertices" : [ 1, 6, 2 ]
    }, {
      "vertices" : [ 8, 32, 9 ]
    }, {
      "vertices" : [ 11, 12, 13 ]
    }, {
      "vertices" : [ 11, 13, 14 ]
    }, {
      "vertices" : [ 16, 22, 17 ]
    }, {
      "vertices" : [ 0, 21, 20 ]
    }, {
      "vertices" : [ 0, 20, 8 ]
    }, {
      "vertices" : [ 0, 8, 7 ]
    }, {
      "vertices" : [ 12, 34, 13 ]
    }, {
      "vertices" : [ 35, 40, 56 ]
    }, {
      "vertices" : [ 35, 56, 57 ]
    }, {
      "vertices" : [ 0, 7, 54 ]
    }, {
      "vertices" : [ 0, 54, 1 ]
    }, {
      "vertices" : [ 15, 16, 17 ]
    }, {
      "vertices" : [ 15, 17, 18 ]
    }, {
      "vertices" : [ 3, 19, 22 ]
    }, {
      "vertices" : [ 3, 22, 23 ]
    }, {
      "vertices" : [ 3, 23, 4 ]
    }, {
      "vertices" : [ 7, 10, 54 ]
    }, {
      "vertices" : [ 41, 45, 58 ]
    }, {
      "vertices" : [ 41, 58, 55 ]
    }, {
      "vertices" : [ 3, 39, 11 ]
    }, {
      "vertices" : [ 3, 11, 19 ]
    }, {
      "vertices" : [ 14, 17, 22 ]
    }, {
      "vertices" : [ 14, 22, 19 ]
    }, {
      "vertices" : [ 0, 2, 53 ]
    }, {
      "vertices" : [ 0, 53, 21 ]
    }, {
      "vertices" : [ 49, 51, 52 ]
    }, {
      "vertices" : [ 49, 52, 53 ]
    }, {
      "vertices" : [ 31, 43, 42 ]
    }, {
      "vertices" : [ 31, 42, 59 ]
    }, {
      "vertices" : [ 31, 59, 32 ]
    }, {
      "vertices" : [ 15, 18, 50 ]
    }, {
      "vertices" : [ 42, 55, 56 ]
    }, {
      "vertices" : [ 42, 56, 59 ]
    }, {
      "vertices" : [ 4, 23, 29 ]
    }, {
      "vertices" : [ 4, 29, 30 ]
    }, {
      "vertices" : [ 25, 38, 26 ]
    }, {
      "vertices" : [ 13, 28, 18 ]
    }, {
      "vertices" : [ 13, 18, 17 ]
    }, {
      "vertices" : [ 13, 17, 14 ]
    }, {
      "vertices" : [ 8, 20, 31 ]
    }, {
      "vertices" : [ 8, 31, 32 ]
    }, {
      "vertices" : [ 23, 44, 29 ]
    }, {
      "vertices" : [ 24, 27, 46 ]
    }, {
      "vertices" : [ 37, 48, 52 ]
    }, {
      "vertices" : [ 37, 52, 51 ]
    }, {
      "vertices" : [ 37, 51, 38 ]
    }, {
      "vertices" : [ 20, 48, 31 ]
    }, {
      "vertices" : [ 24, 25, 26 ]
    }, {
      "vertices" : [ 24, 26, 27 ]
    }, {
      "vertices" : [ 16, 44, 23 ]
    }, {
      "vertices" : [ 16, 23, 22 ]
    }, {
      "vertices" : [ 13, 34, 35 ]
    }, {
      "vertices" : [ 13, 35, 28 ]
    }, {
      "vertices" : [ 10, 34, 12 ]
    }, {
      "vertices" : [ 10, 12, 54 ]
    }, {
      "vertices" : [ 2, 6, 5 ]
    }, {
      "vertices" : [ 2, 5, 49 ]
    }, {
      "vertices" : [ 2, 49, 53 ]
    }, {
      "vertices" : [ 36, 43, 37 ]
    }, {
      "vertices" : [ 5, 30, 33 ]
    }, {
      "vertices" : [ 5, 33, 49 ]
    }, {
      "vertices" : [ 1, 54, 12 ]
    }, {
      "vertices" : [ 1, 12, 11 ]
    }, {
      "vertices" : [ 1, 11, 39 ]
    }, {
      "vertices" : [ 28, 35, 57 ]
    }, {
      "vertices" : [ 21, 53, 52 ]
    } ]
  }, {
    "id" : "2010c863-2a28-4d06-a566-b278d1792c53",
    "vertices" : [ {
      "x" : 16.230747,
      "y" : 6.0086102,
      "z" : -2.486068
    }, {
      "x" : 17.253288,
      "y" : 6.045085,
      "z" : -2.618034
    }, {
      "x" : 16.230747,
      "y" : 6.0086102,
      "z" : -2.104102
    }, {
      "x" : 16.039762,
      "y" : 6.3176274,
      "z" : -2.604102
    }, {
      "x" : 16.039762,
      "y" : 6.3176274,
      "z" : -2.222136
    }, {
      "x" : 0.809017,
      "y" : 0.618034,
      "z" : 0.309017
    }, {
      "x" : 1.0,
      "y" : 0.309017,
      "z" : 0.19098301
    }, {
      "x" : 1.9045085,
      "y" : 0.5364745,
      "z" : -0.013932022
    }, {
      "x" : 16.944271,
      "y" : 6.545085,
      "z" : -2.809017
    }, {
      "x" : 17.135256,
      "y" : 6.236068,
      "z" : -2.927051
    }, {
      "x" : 17.135256,
      "y" : 6.236068,
      "z" : -2.309017
    }, {
      "x" : 16.944271,
      "y" : 6.545085,
      "z" : -2.427051
    }, {
      "x" : 1.7135255,
      "y" : 0.8454915,
      "z" : -0.13196601
    }, {
      "x" : 0.690983,
      "y" : 0.809017,
      "z" : 0.0
    }, {
      "x" : 1.9045085,
      "y" : 0.5364745,
      "z" : -0.39589804
    }, {
      "x" : 1.7135255,
      "y" : 0.8454915,
      "z" : -0.51393205
    }, {
      "x" : 0.809017,
      "y" : 0.618034,
      "z" : -0.309017
    }, {
      "x" : 1.0,
      "y" : 0.309017,
      "z" : -0.19098301
    }, {
      "x" : 17.944271,
      "y" : 6.854102,
      "z" : -2.618034
    } ],
    "faces" : [ {
      "vertices" : [ 0, 14, 15 ]
    }, {
      "vertices" : [ 0, 15, 3 ]
    }, {
      "vertices" : [ 3, 15, 12 ]
    }, {
      "vertices" : [ 3, 12, 4 ]
    }, {
      "vertices" : [ 0, 1, 2 ]
    }, {
      "vertices" : [ 12, 15, 13 ]
    }, {
      "vertices" : [ 0, 9, 1 ]
    }, {
      "vertices" : [ 0, 3, 9 ]
    }, {
      "vertices" : [ 13, 15, 16 ]
    }, {
      "vertices" : [ 6, 17, 14 ]
    }, {
      "vertices" : [ 6, 14, 7 ]
    }, {
      "vertices" : [ 1, 10, 2 ]
    }, {
      "vertices" : [ 5, 6, 7 ]
    }, {
      "vertices" : [ 3, 8, 9 ]
    }, {
      "vertices" : [ 0, 2, 7 ]
    }, {
      "vertices" : [ 0, 7, 14 ]
    }, {
      "vertices" : [ 5, 7, 12 ]
    }, {
      "vertices" : [ 2, 4, 12 ]
    }, {
      "vertices" : [ 2, 12, 7 ]
    }, {
      "vertices" : [ 3, 4, 11 ]
    }, {
      "vertices" : [ 3, 11, 8 ]
    }, {
      "vertices" : [ 2, 10, 11 ]
    }, {
      "vertices" : [ 2, 11, 4 ]
    }, {
      "vertices" : [ 5, 12, 13 ]
    }, {
      "vertices" : [ 14, 17, 16 ]
    }, {
      "vertices" : [ 14, 16, 15 ]
    } ]
  }, {
    "id" : "df4752e0-a5d4-4196-b2bb-8a4ec2c2cc6c",
    "vertices" : [ {
      "x" : 0.809017,
      "y" : 0.0,
      "z" : -0.690983
    }, {
      "x" : 1.0,
      "y" : 0.309017,
      "z" : -0.19098301
    }, {
      "x" : 4.736068,
      "y" : 0.309017,
      "z" : -1.618034
    }, {
      "x" : 4.545085,
      "y" : 0.0,
      "z" : -2.118034
    }, {
      "x" : 10.09017,
      "y" : 0.309017,
      "z" : -4.045085
    }, {
      "x" : 1.0,
      "y" : -0.309017,
      "z" : -0.19098301
    }, {
      "x" : 4.736068,
      "y" : -0.309017,
      "z" : -1.618034
    }, {
      "x" : 6.354102,
      "y" : 0.309017,
      "z" : -2.618034
    }, {
      "x" : 6.545085,
      "y" : 0.0,
      "z" : -2.118034
    }, {
      "x" : 11.09017,
      "y" : 0.0,
      "z" : -4.236068
    }, {
      "x" : 6.354102,
      "y" : -0.309017,
      "z" : -2.618034
    }, {
      "x" : 10.281153,
      "y" : 0.0,
      "z" : -3.545085
    }, {
      "x" : 10.09017,
      "y" : -0.309017,
      "z" : -4.045085
    } ],
    "faces" : [ {
      "vertices" : [ 2, 6, 8 ]
    }, {
      "vertices" : [ 4, 12, 10 ]
    }, {
      "vertices" : [ 4, 10, 7 ]
    }, {
      "vertices" : [ 2, 8, 7 ]
    }, {
      "vertices" : [ 3, 10, 6 ]
    }, {
      "vertices" : [ 3, 7, 10 ]
    }, {
      "vertices" : [ 0, 1, 2 ]
    }, {
      "vertices" : [ 0, 2, 3 ]
    }, {
      "vertices" : [ 6, 10, 8 ]
    }, {
      "vertices" : [ 8, 10, 12 ]
    }, {
      "vertices" : [ 8, 12, 11 ]
    }, {
      "vertices" : [ 2, 7, 3 ]
    }, {
      "vertices" : [ 0, 3, 6 ]
    }, {
      "vertices" : [ 0, 6, 5 ]
    }, {
      "vertices" : [ 1, 5, 6 ]
    }, {
      "vertices" : [ 1, 6, 2 ]
    }, {
      "vertices" : [ 4, 7, 8 ]
    }, {
      "vertices" : [ 4, 8, 11 ]
    } ]
  } ],
  "instances" : [ {
    "shape" : "7e5f99f4-455a-488b-aade-3aa78cac5928",
    "color" : "#FFFFFF",
    "position" : {
      "x" : 34.27051,
      "y" : 6.854102,
      "z" : -20.562305
    }
  }, {
    "shape" : "2010c863-2a28-4d06-a566-b278d1792c53",
    "color" : "#008D36",
    "position" : {
      "x" : -6.854102,
      "y" : -20.562305,
      "z" : 34.27051
    },
    "orientation" : 51
  }, {
    "shape" : "7e5f99f4-455a-488b-aade-3aa78cac5928",
    "color" : "#FFFFFF",
    "position" : {
      "x" : 13.708204,
      "y" : -41.12461,
      "z" : 0.0
    }
  }, {
    "shape" : "df4752e0-a5d4-4196-b2bb-8a4ec2c2cc6c",
    "color" : "#F0A000",
    "position" : {
      "x" : -20.562305,
      "y" : -34.27051,
      "z" : -6.854102
    },
    "orientation" : 5
  }, {
    "shape" : "7e5f99f4-455a-488b-aade-3aa78cac5928",
    "color" : "#FFFFFF",
    "position" : {
      "x" : 34.27051,
      "y" : -20.562305,
      "z" : 6.854102
    }
  }, {
    "shape" : "df4752e0-a5d4-4196-b2bb-8a4ec2c2cc6c",
    "color" : "#F0A000",
    "position" : {
      "x" : 34.27051,
      "y" : 6.854102,
      "z" : -20.562305
    },
    "orientation" : 39
  }, {
    "shape" : "2010c863-2a28-4d06-a566-b278d1792c53",
    "color" : "#008D36",
    "position" : {
      "x" : -6.854102,
      "y" : -20.562305,
      "z" : 34.27051
    },
    "orientation" : 22
  }, {
    "shape" : "7e5f99f4-455a-488b-aade-3aa78cac5928",
    "color" : "#FFFFFF",
    "position" : {
      "x" : 34.27051,
      "y" : -6.854102,
      "z" : -20.562305
    }
  }, {
    "shape" : "2010c863-2a28-4d06-a566-b278d1792c53",
    "color" : "#008D36",
    "position" : {
      "x" : 0.0,
      "y" : 27.416409,
      "z" : 13.708204
    },
    "orientation" : 37
  }, {
    "shape" : "2010c863-2a28-4d06-a566-b278d1792c53",
    "color" : "#008D36",
    "position" : {
      "x" : -34.27051,
      "y" : 6.854102,
      "z" : -20.562305
    },
    "orientation" : 7
  }, {
    "shape" : "df4752e0-a5d4-4196-b2bb-8a4ec2c2cc6c",
    "color" : "#F0A000",
    "position" : {
      "x" : -13.708204,
      "y" : 0.0,
      "z" : 27.416409
    },
    "orientation" : 4
  }, {
    "shape" : "7e5f99f4-455a-488b-aade-3aa78cac5928",
    "color" : "#FFFFFF",
    "position" : {
      "x" : 34.27051,
      "y" : -6.854102,
      "z" : 20.562305
    }
  }, {
    "shape" : "df4752e0-a5d4-4196-b2bb-8a4ec2c2cc6c",
    "color" : "#F0A000",
    "position" : {
      "x" : 20.562305,
      "y" : 34.27051,
      "z" : -6.854102
    },
    "orientation" : 4
  }, {
    "shape" : "2010c863-2a28-4d06-a566-b278d1792c53",
    "color" : "#008D36",
    "position" : {
      "x" : 20.562305,
      "y" : -34.27051,
      "z" : -6.854102
    },
    "orientation" : 6
  }, {
    "shape" : "2010c863-2a28-4d06-a566-b278d1792c53",
    "color" : "#008D36",
    "position" : {
      "x" : -6.854102,
      "y" : 20.562305,
      "z" : 34.27051
    },
    "orientation" : 36
  }, {
    "shape" : "2010c863-2a28-4d06-a566-b278d1792c53",
    "color" : "#008D36",
    "position" : {
      "x" : 0.0,
      "y" : -41.12461,
      "z" : 13.708204
    },
    "orientation" : 23
  }, {
    "shape" : "df4752e0-a5d4-4196-b2bb-8a4ec2c2cc6c",
    "color" : "#F0A000",
    "position" : {
      "x" : -6.854102,
      "y" : 20.562305,
      "z" : 34.27051
    },
    "orientation" : 5
  }, {
    "shape" : "df4752e0-a5d4-4196-b2bb-8a4ec2c2cc6c",
    "color" : "#F0A000",
    "position" : {
      "x" : 13.708204,
      "y" : 0.0,
      "z" : -27.416409
    },
    "orientation" : 24
  }, {
    "shape" : "2010c863-2a28-4d06-a566-b278d1792c53",
    "color" : "#008D36",
    "position" : {
      "x" : 27.416409,
      "y" : -13.708204,
      "z" : 0.0
    },
    "orientation" : 52
  }, {
    "shape" : "7e5f99f4-455a-488b-aade-3aa78cac5928",
    "color" : "#FFFFFF",
    "position" : {
      "x" : 0.0,
      "y" : -13.708204,
      "z" : 27.416409
    }
  }, {
    "shape" : "2010c863-2a28-4d06-a566-b278d1792c53",
    "color" : "#008D36",
    "position" : {
      "x" : -34.27051,
      "y" : 6.854102,
      "z" : 20.562305
    },
    "orientation" : 8
  }, {
    "shape" : "df4752e0-a5d4-4196-b2bb-8a4ec2c2cc6c",
    "color" : "#F0A000",
    "position" : {
      "x" : 13.708204,
      "y" : 0.0,
      "z" : 27.416409
    },
    "orientation" : 5
  }, {
    "shape" : "7e5f99f4-455a-488b-aade-3aa78cac5928",
    "color" : "#FFFFFF",
    "position" : {
      "x" : 41.12461,
      "y" : -13.708204,
      "z" : 0.0
    }
  }, {
    "shape" : "df4752e0-a5d4-4196-b2bb-8a4ec2c2cc6c",
    "color" : "#F0A000",
    "position" : {
      "x" : -6.854102,
      "y" : -20.562305,
      "z" : -34.27051
    },
    "orientation" : 3
  }, {
    "shape" : "2010c863-2a28-4d06-a566-b278d1792c53",
    "color" : "#008D36",
    "position" : {
      "x" : -27.416409,
      "y" : -13.708204,
      "z" : 0.0
    },
    "orientation" : 21
  }, {
    "shape" : "df4752e0-a5d4-4196-b2bb-8a4ec2c2cc6c",
    "color" : "#F0A000",
    "position" : {
      "x" : -41.12461,
      "y" : 13.708204,
      "z" : 0.0
    },
    "orientation" : 3
  }, {
    "shape" : "2010c863-2a28-4d06-a566-b278d1792c53",
    "color" : "#008D36",
    "position" : {
      "x" : -27.416409,
      "y" : 13.708204,
      "z" : 0.0
    },
    "orientation" : 37
  }, {
    "shape" : "df4752e0-a5d4-4196-b2bb-8a4ec2c2cc6c",
    "color" : "#F0A000",
    "position" : {
      "x" : 13.708204,
      "y" : 0.0,
      "z" : -27.416409
    },
    "orientation" : 3
  }, {
    "shape" : "df4752e0-a5d4-4196-b2bb-8a4ec2c2cc6c",
    "color" : "#F0A000",
    "position" : {
      "x" : -13.708204,
      "y" : 0.0,
      "z" : -41.12461
    },
    "orientation" : 4
  }, {
    "shape" : "7e5f99f4-455a-488b-aade-3aa78cac5928",
    "color" : "#FFFFFF",
    "position" : {
      "x" : 0.0,
      "y" : 13.708204,
      "z" : -27.416409
    }
  }, {
    "shape" : "7e5f99f4-455a-488b-aade-3aa78cac5928",
    "color" : "#FFFFFF",
    "position" : {
      "x" : -34.27051,
      "y" : 20.562305,
      "z" : -6.854102
    }
  }, {
    "shape" : "7e5f99f4-455a-488b-aade-3aa78cac5928",
    "color" : "#FFFFFF",
    "position" : {
      "x" : 41.12461,
      "y" : 13.708204,
      "z" : 0.0
    }
  }, {
    "shape" : "2010c863-2a28-4d06-a566-b278d1792c53",
    "color" : "#008D36",
    "position" : {
      "x" : -41.12461,
      "y" : 13.708204,
      "z" : 0.0
    },
    "orientation" : 37
  }, {
    "shape" : "7e5f99f4-455a-488b-aade-3aa78cac5928",
    "color" : "#FFFFFF",
    "position" : {
      "x" : 20.562305,
      "y" : 34.27051,
      "z" : 6.854102
    }
  }, {
    "shape" : "2010c863-2a28-4d06-a566-b278d1792c53",
    "color" : "#008D36",
    "position" : {
      "x" : 0.0,
      "y" : -41.12461,
      "z" : 13.708204
    },
    "orientation" : 53
  }, {
    "shape" : "7e5f99f4-455a-488b-aade-3aa78cac5928",
    "color" : "#FFFFFF",
    "position" : {
      "x" : -20.562305,
      "y" : 34.27051,
      "z" : 6.854102
    }
  }, {
    "shape" : "2010c863-2a28-4d06-a566-b278d1792c53",
    "color" : "#008D36",
    "position" : {
      "x" : 0.0,
      "y" : 41.12461,
      "z" : 13.708204
    },
    "orientation" : 53
  }, {
    "shape" : "df4752e0-a5d4-4196-b2bb-8a4ec2c2cc6c",
    "color" : "#F0A000",
    "position" : {
      "x" : -34.27051,
      "y" : -6.854102,
      "z" : 20.562305
    },
    "orientation" : 3
  }, {
    "shape" : "7e5f99f4-455a-488b-aade-3aa78cac5928",
    "color" : "#FFFFFF",
    "position" : {
      "x" : -6.854102,
      "y" : -34.27051,
      "z" : 20.562305
    }
  }, {
    "shape" : "df4752e0-a5d4-4196-b2bb-8a4ec2c2cc6c",
    "color" : "#F0A000",
    "position" : {
      "x" : 0.0,
      "y" : -27.416409,
      "z" : 13.708204
    },
    "orientation" : 5
  }, {
    "shape" : "2010c863-2a28-4d06-a566-b278d1792c53",
    "color" : "#008D36",
    "position" : {
      "x" : 6.854102,
      "y" : -20.562305,
      "z" : 34.27051
    },
    "orientation" : 22
  }, {
    "shape" : "7e5f99f4-455a-488b-aade-3aa78cac5928",
    "color" : "#FFFFFF",
    "position" : {
      "x" : 13.708204,
      "y" : 0.0,
      "z" : -41.12461
    }
  }, {
    "shape" : "2010c863-2a28-4d06-a566-b278d1792c53",
    "color" : "#008D36",
    "position" : {
      "x" : 13.708204,
      "y" : 0.0,
      "z" : -41.12461
    },
    "orientation" : 36
  }, {
    "shape" : "7e5f99f4-455a-488b-aade-3aa78cac5928",
    "color" : "#FFFFFF",
    "position" : {
      "x" : 27.416409,
      "y" : -13.708204,
      "z" : 0.0
    }
  }, {
    "shape" : "df4752e0-a5d4-4196-b2bb-8a4ec2c2cc6c",
    "color" : "#F0A000",
    "position" : {
      "x" : 41.12461,
      "y" : -13.708204,
      "z" : 0.0
    },
    "orientation" : 19
  }, {
    "shape" : "2010c863-2a28-4d06-a566-b278d1792c53",
    "color" : "#008D36",
    "position" : {
      "x" : -34.27051,
      "y" : -6.854102,
      "z" : -20.562305
    },
    "orientation" : 23
  }, {
    "shape" : "df4752e0-a5d4-4196-b2bb-8a4ec2c2cc6c",
    "color" : "#F0A000",
    "position" : {
      "x" : -6.854102,
      "y" : -20.562305,
      "z" : 34.27051
    },
    "orientation" : 3
  }, {
    "shape" : "df4752e0-a5d4-4196-b2bb-8a4ec2c2cc6c",
    "color" : "#F0A000",
    "position" : {
      "x" : 34.27051,
      "y" : 6.854102,
      "z" : 20.562305
    },
    "orientation" : 24
  }, {
    "shape" : "7e5f99f4-455a-488b-aade-3aa78cac5928",
    "color" : "#FFFFFF",
    "position" : {
      "x" : 0.0,
      "y" : 41.12461,
      "z" : -13.708204
    }
  }, {
    "shape" : "2010c863-2a28-4d06-a566-b278d1792c53",
    "color" : "#008D36",
    "position" : {
      "x" : 41.12461,
      "y" : 13.708204,
      "z" : 0.0
    },
    "orientation" : 22
  }, {
    "shape" : "2010c863-2a28-4d06-a566-b278d1792c53",
    "color" : "#008D36",
    "position" : {
      "x" : -20.562305,
      "y" : -34.27051,
      "z" : -6.854102
    },
    "orientation" : 51
  }, {
    "shape" : "df4752e0-a5d4-4196-b2bb-8a4ec2c2cc6c",
    "color" : "#F0A000",
    "position" : {
      "x" : 6.854102,
      "y" : -20.562305,
      "z" : 34.27051
    },
    "orientation" : 54
  }, {
    "shape" : "df4752e0-a5d4-4196-b2bb-8a4ec2c2cc6c",
    "color" : "#F0A000",
    "position" : {
      "x" : -13.708204,
      "y" : 0.0,
      "z" : -27.416409
    },
    "orientation" : 54
  }, {
    "shape" : "7e5f99f4-455a-488b-aade-3aa78cac5928",
    "color" : "#FFFFFF",
    "position" : {
      "x" : 6.854102,
      "y" : 34.27051,
      "z" : 20.562305
    }
  }, {
    "shape" : "df4752e0-a5d4-4196-b2bb-8a4ec2c2cc6c",
    "color" : "#F0A000",
    "position" : {
      "x" : 34.27051,
      "y" : 6.854102,
      "z" : 20.562305
    },
    "orientation" : 19
  }, {
    "shape" : "df4752e0-a5d4-4196-b2bb-8a4ec2c2cc6c",
    "color" : "#F0A000",
    "position" : {
      "x" : -6.854102,
      "y" : 20.562305,
      "z" : -34.27051
    },
    "orientation" : 24
  }, {
    "shape" : "7e5f99f4-455a-488b-aade-3aa78cac5928",
    "color" : "#FFFFFF",
    "position" : {
      "x" : 6.854102,
      "y" : -20.562305,
      "z" : 34.27051
    }
  }, {
    "shape" : "2010c863-2a28-4d06-a566-b278d1792c53",
    "color" : "#008D36",
    "position" : {
      "x" : -13.708204,
      "y" : 0.0,
      "z" : -27.416409
    },
    "orientation" : 6
  }, {
    "shape" : "7e5f99f4-455a-488b-aade-3aa78cac5928",
    "color" : "#FFFFFF",
    "position" : {
      "x" : 27.416409,
      "y" : 0.0,
      "z" : -13.708204
    }
  }, {
    "shape" : "7e5f99f4-455a-488b-aade-3aa78cac5928",
    "color" : "#FFFFFF",
    "position" : {
      "x" : -13.708204,
      "y" : -41.12461,
      "z" : 0.0
    }
  }, {
    "shape" : "2010c863-2a28-4d06-a566-b278d1792c53",
    "color" : "#008D36",
    "position" : {
      "x" : 27.416409,
      "y" : 13.708204,
      "z" : 0.0
    },
    "orientation" : 51
  }, {
    "shape" : "2010c863-2a28-4d06-a566-b278d1792c53",
    "color" : "#008D36",
    "position" : {
      "x" : 13.708204,
      "y" : 0.0,
      "z" : 27.416409
    },
    "orientation" : 36
  }, {
    "shape" : "2010c863-2a28-4d06-a566-b278d1792c53",
    "color" : "#008D36",
    "position" : {
      "x" : 6.854102,
      "y" : -20.562305,
      "z" : -34.27051
    },
    "orientation" : 37
  }, {
    "shape" : "2010c863-2a28-4d06-a566-b278d1792c53",
    "color" : "#008D36",
    "position" : {
      "x" : 13.708204,
      "y" : 0.0,
      "z" : -27.416409
    },
    "orientation" : 8
  }, {
    "shape" : "2010c863-2a28-4d06-a566-b278d1792c53",
    "color" : "#008D36",
    "position" : {
      "x" : 0.0,
      "y" : -41.12461,
      "z" : -13.708204
    },
    "orientation" : 8
  }, {
    "shape" : "2010c863-2a28-4d06-a566-b278d1792c53",
    "color" : "#008D36",
    "position" : {
      "x" : 41.12461,
      "y" : 13.708204,
      "z" : 0.0
    },
    "orientation" : 37
  }, {
    "shape" : "df4752e0-a5d4-4196-b2bb-8a4ec2c2cc6c",
    "color" : "#F0A000",
    "position" : {
      "x" : 0.0,
      "y" : 41.12461,
      "z" : -13.708204
    },
    "orientation" : 24
  }, {
    "shape" : "7e5f99f4-455a-488b-aade-3aa78cac5928",
    "color" : "#FFFFFF",
    "position" : {
      "x" : 0.0,
      "y" : -13.708204,
      "z" : -27.416409
    }
  }, {
    "shape" : "df4752e0-a5d4-4196-b2bb-8a4ec2c2cc6c",
    "color" : "#F0A000",
    "position" : {
      "x" : -20.562305,
      "y" : -34.27051,
      "z" : 6.854102
    },
    "orientation" : 24
  }, {
    "shape" : "df4752e0-a5d4-4196-b2bb-8a4ec2c2cc6c",
    "color" : "#F0A000",
    "position" : {
      "x" : 0.0,
      "y" : -27.416409,
      "z" : -13.708204
    },
    "orientation" : 19
  }, {
    "shape" : "2010c863-2a28-4d06-a566-b278d1792c53",
    "color" : "#008D36",
    "position" : {
      "x" : 34.27051,
      "y" : 6.854102,
      "z" : -20.562305
    },
    "orientation" : 7
  }, {
    "shape" : "2010c863-2a28-4d06-a566-b278d1792c53",
    "color" : "#008D36",
    "position" : {
      "x" : 0.0,
      "y" : -27.416409,
      "z" : -13.708204
    },
    "orientation" : 8
  }, {
    "shape" : "2010c863-2a28-4d06-a566-b278d1792c53",
    "color" : "#008D36",
    "position" : {
      "x" : 20.562305,
      "y" : 34.27051,
      "z" : 6.854102
    },
    "orientation" : 38
  }, {
    "shape" : "2010c863-2a28-4d06-a566-b278d1792c53",
    "color" : "#008D36",
    "position" : {
      "x" : 6.854102,
      "y" : -20.562305,
      "z" : -34.27051
    },
    "orientation" : 6
  }, {
    "shape" : "2010c863-2a28-4d06-a566-b278d1792c53",
    "color" : "#008D36",
    "position" : {
      "x" : 34.27051,
      "y" : -6.854102,
      "z" : -20.562305
    },
    "orientation" : 53
  }, {
    "shape" : "7e5f99f4-455a-488b-aade-3aa78cac5928",
    "color" : "#FFFFFF",
    "position" : {
      "x" : -34.27051,
      "y" : -20.562305,
      "z" : -6.854102
    }
  }, {
    "shape" : "7e5f99f4-455a-488b-aade-3aa78cac5928",
    "color" : "#FFFFFF",
    "position" : {
      "x" : -13.708204,
      "y" : 41.12461,
      "z" : 0.0
    }
  }, {
    "shape" : "df4752e0-a5d4-4196-b2bb-8a4ec2c2cc6c",
    "color" : "#F0A000",
    "position" : {
      "x" : -34.27051,
      "y" : 6.854102,
      "z" : 20.562305
    },
    "orientation" : 24
  }, {
    "shape" : "2010c863-2a28-4d06-a566-b278d1792c53",
    "color" : "#008D36",
    "position" : {
      "x" : 34.27051,
      "y" : 6.854102,
      "z" : -20.562305
    },
    "orientation" : 53
  }, {
    "shape" : "7e5f99f4-455a-488b-aade-3aa78cac5928",
    "color" : "#FFFFFF",
    "position" : {
      "x" : -34.27051,
      "y" : 6.854102,
      "z" : 20.562305
    }
  }, {
    "shape" : "7e5f99f4-455a-488b-aade-3aa78cac5928",
    "color" : "#FFFFFF",
    "position" : {
      "x" : -6.854102,
      "y" : 20.562305,
      "z" : 34.27051
    }
  }, {
    "shape" : "7e5f99f4-455a-488b-aade-3aa78cac5928",
    "color" : "#FFFFFF",
    "position" : {
      "x" : -6.854102,
      "y" : 34.27051,
      "z" : 20.562305
    }
  }, {
    "shape" : "7e5f99f4-455a-488b-aade-3aa78cac5928",
    "color" : "#FFFFFF",
    "position" : {
      "x" : -13.708204,
      "y" : 0.0,
      "z" : 41.12461
    }
  }, {
    "shape" : "7e5f99f4-455a-488b-aade-3aa78cac5928",
    "color" : "#FFFFFF",
    "position" : {
      "x" : -34.27051,
      "y" : -6.854102,
      "z" : -20.562305
    }
  }, {
    "shape" : "7e5f99f4-455a-488b-aade-3aa78cac5928",
    "color" : "#FFFFFF",
    "position" : {
      "x" : 20.562305,
      "y" : -6.854102,
      "z" : 34.27051
    }
  }, {
    "shape" : "2010c863-2a28-4d06-a566-b278d1792c53",
    "color" : "#008D36",
    "position" : {
      "x" : -6.854102,
      "y" : 20.562305,
      "z" : -34.27051
    },
    "orientation" : 7
  }, {
    "shape" : "7e5f99f4-455a-488b-aade-3aa78cac5928",
    "color" : "#FFFFFF",
    "position" : {
      "x" : 34.27051,
      "y" : 6.854102,
      "z" : 20.562305
    }
  }, {
    "shape" : "2010c863-2a28-4d06-a566-b278d1792c53",
    "color" : "#008D36",
    "position" : {
      "x" : -34.27051,
      "y" : -6.854102,
      "z" : 20.562305
    },
    "orientation" : 8
  }, {
    "shape" : "2010c863-2a28-4d06-a566-b278d1792c53",
    "color" : "#008D36",
    "position" : {
      "x" : 0.0,
      "y" : 41.12461,
      "z" : -13.708204
    },
    "orientation" : 38
  }, {
    "shape" : "df4752e0-a5d4-4196-b2bb-8a4ec2c2cc6c",
    "color" : "#F0A000",
    "position" : {
      "x" : 0.0,
      "y" : 27.416409,
      "z" : 13.708204
    },
    "orientation" : 4
  }, {
    "shape" : "df4752e0-a5d4-4196-b2bb-8a4ec2c2cc6c",
    "color" : "#F0A000",
    "position" : {
      "x" : -34.27051,
      "y" : -6.854102,
      "z" : -20.562305
    },
    "orientation" : 9
  }, {
    "shape" : "7e5f99f4-455a-488b-aade-3aa78cac5928",
    "color" : "#FFFFFF",
    "position" : {
      "x" : 41.12461,
      "y" : 0.0,
      "z" : 13.708204
    }
  }, {
    "shape" : "2010c863-2a28-4d06-a566-b278d1792c53",
    "color" : "#008D36",
    "position" : {
      "x" : -13.708204,
      "y" : 0.0,
      "z" : 41.12461
    },
    "orientation" : 6
  }, {
    "shape" : "df4752e0-a5d4-4196-b2bb-8a4ec2c2cc6c",
    "color" : "#F0A000",
    "position" : {
      "x" : 20.562305,
      "y" : -34.27051,
      "z" : -6.854102
    },
    "orientation" : 39
  }, {
    "shape" : "7e5f99f4-455a-488b-aade-3aa78cac5928",
    "color" : "#FFFFFF",
    "position" : {
      "x" : 20.562305,
      "y" : -34.27051,
