{
  "polygons" : "true",
  "field" : "golden",
  "symmetry" : "icosahedral",
  "orientations" : [ [ 1.0, 0.0, 0.0, 0.0, 0.0, 1.0, 0.0, 0.0, 0.0, 0.0, 1.0, 0.0, 0.0, 0.0, 0.0, 1.0 ], [ 0.0, 0.0, 1.0, 0.0, 1.0, 0.0, 0.0, 0.0, 0.0, 1.0, 0.0, 0.0, 0.0, 0.0, 0.0, 1.0 ], [ 0.0, 1.0, 0.0, 0.0, 0.0, 0.0, 1.0, 0.0, 1.0, 0.0, 0.0, 0.0, 0.0, 0.0, 0.0, 1.0 ], [ 0.809017, 0.309017, 0.5, 0.0, 0.309017, 0.5, -0.809017, 0.0, -0.5, 0.809017, 0.309017, 0.0, 0.0, 0.0, 0.0, 1.0 ], [ -0.5, 0.809017, 0.309017, 0.0, 0.809017, 0.309017, 0.5, 0.0, 0.309017, 0.5, -0.809017, 0.0, 0.0, 0.0, 0.0, 1.0 ], [ 0.309017, 0.5, -0.809017, 0.0, -0.5, 0.809017, 0.309017, 0.0, 0.809017, 0.309017, 0.5, 0.0, 0.0, 0.0, 0.0, 1.0 ], [ 0.5, 0.809017, 0.309017, 0.0, 0.809017, -0.309017, -0.5, 0.0, -0.309017, 0.5, -0.809017, 0.0, 0.0, 0.0, 0.0, 1.0 ], [ -0.309017, 0.5, -0.809017, 0.0, 0.5, 0.809017, 0.309017, 0.0, 0.809017, -0.309017, -0.5, 0.0, 0.0, 0.0, 0.0, 1.0 ], [ 0.809017, -0.309017, -0.5, 0.0, -0.309017, 0.5, -0.809017, 0.0, 0.5, 0.809017, 0.309017, 0.0, 0.0, 0.0, 0.0, 1.0 ], [ 0.5, 0.809017, -0.309017, 0.0, 0.809017, -0.309017, 0.5, 0.0, 0.309017, -0.5, -0.809017, 0.0, 0.0, 0.0, 0.0, 1.0 ], [ 0.309017, -0.5, -0.809017, 0.0, 0.5, 0.809017, -0.309017, 0.0, 0.809017, -0.309017, 0.5, 0.0, 0.0, 0.0, 0.0, 1.0 ], [ 0.809017, -0.309017, 0.5, 0.0, 0.309017, -0.5, -0.809017, 0.0, 0.5, 0.809017, -0.309017, 0.0, 0.0, 0.0, 0.0, 1.0 ], [ 0.809017, 0.309017, -0.5, 0.0, 0.309017, 0.5, 0.809017, 0.0, 0.5, -0.809017, 0.309017, 0.0, 0.0, 0.0, 0.0, 1.0 ], [ 0.5, -0.809017, 0.309017, 0.0, 0.809017, 0.309017, -0.5, 0.0, 0.309017, 0.5, 0.809017, 0.0, 0.0, 0.0, 0.0, 1.0 ], [ 0.309017, 0.5, 0.809017, 0.0, 0.5, -0.809017, 0.309017, 0.0, 0.809017, 0.309017, -0.5, 0.0, 0.0, 0.0, 0.0, 1.0 ], [ 1.0, 0.0, 0.0, 0.0, 0.0, -1.0, 0.0, 0.0, 0.0, 0.0, -1.0, 0.0, 0.0, 0.0, 0.0, 1.0 ], [ 0.0, 0.0, 1.0, 0.0, -1.0, 0.0, 0.0, 0.0, 0.0, -1.0, 0.0, 0.0, 0.0, 0.0, 0.0, 1.0 ], [ 0.0, 1.0, 0.0, 0.0, 0.0, 0.0, -1.0, 0.0, -1.0, 0.0, 0.0, 0.0, 0.0, 0.0, 0.0, 1.0 ], [ 0.809017, 0.309017, 0.5, 0.0, -0.309017, -0.5, 0.809017, 0.0, 0.5, -0.809017, -0.309017, 0.0, 0.0, 0.0, 0.0, 1.0 ], [ -0.5, 0.809017, 0.309017, 0.0, -0.809017, -0.309017, -0.5, 0.0, -0.309017, -0.5, 0.809017, 0.0, 0.0, 0.0, 0.0, 1.0 ], [ 0.309017, 0.5, -0.809017, 0.0, 0.5, -0.809017, -0.309017, 0.0, -0.809017, -0.309017, -0.5, 0.0, 0.0, 0.0, 0.0, 1.0 ], [ 0.5, 0.809017, 0.309017, 0.0, -0.809017, 0.309017, 0.5, 0.0, 0.309017, -0.5, 0.809017, 0.0, 0.0, 0.0, 0.0, 1.0 ], [ -0.309017, 0.5, -0.809017, 0.0, -0.5, -0.809017, -0.309017, 0.0, -0.809017, 0.309017, 0.5, 0.0, 0.0, 0.0, 0.0, 1.0 ], [ 0.809017, -0.309017, -0.5, 0.0, 0.309017, -0.5, 0.809017, 0.0, -0.5, -0.809017, -0.309017, 0.0, 0.0, 0.0, 0.0, 1.0 ], [ 0.5, 0.809017, -0.309017, 0.0, -0.809017, 0.309017, -0.5, 0.0, -0.309017, 0.5, 0.809017, 0.0, 0.0, 0.0, 0.0, 1.0 ], [ 0.309017, -0.5, -0.809017, 0.0, -0.5, -0.809017, 0.309017, 0.0, -0.809017, 0.309017, -0.5, 0.0, 0.0, 0.0, 0.0, 1.0 ], [ 0.809017, -0.309017, 0.5, 0.0, -0.309017, 0.5, 0.809017, 0.0, -0.5, -0.809017, 0.309017, 0.0, 0.0, 0.0, 0.0, 1.0 ], [ 0.809017, 0.309017, -0.5, 0.0, -0.309017, -0.5, -0.809017, 0.0, -0.5, 0.809017, -0.309017, 0.0, 0.0, 0.0, 0.0, 1.0 ], [ 0.5, -0.809017, 0.309017, 0.0, -0.809017, -0.309017, 0.5, 0.0, -0.309017, -0.5, -0.809017, 0.0, 0.0, 0.0, 0.0, 1.0 ], [ 0.309017, 0.5, 0.809017, 0.0, -0.5, 0.809017, -0.309017, 0.0, -0.809017, -0.309017, 0.5, 0.0, 0.0, 0.0, 0.0, 1.0 ], [ -1.0, 0.0, 0.0, 0.0, 0.0, -1.0, 0.0, 0.0, 0.0, 0.0, 1.0, 0.0, 0.0, 0.0, 0.0, 1.0 ], [ 0.0, 0.0, -1.0, 0.0, -1.0, 0.0, 0.0, 0.0, 0.0, 1.0, 0.0, 0.0, 0.0, 0.0, 0.0, 1.0 ], [ 0.0, -1.0, 0.0, 0.0, 0.0, 0.0, -1.0, 0.0, 1.0, 0.0, 0.0, 0.0, 0.0, 0.0, 0.0, 1.0 ], [ -0.809017, -0.309017, -0.5, 0.0, -0.309017, -0.5, 0.809017, 0.0, -0.5, 0.809017, 0.309017, 0.0, 0.0, 0.0, 0.0, 1.0 ], [ 0.5, -0.809017, -0.309017, 0.0, -0.809017, -0.309017, -0.5, 0.0, 0.309017, 0.5, -0.809017, 0.0, 0.0, 0.0, 0.0, 1.0 ], [ -0.309017, -0.5, 0.809017, 0.0, 0.5, -0.809017, -0.309017, 0.0, 0.809017, 0.309017, 0.5, 0.0, 0.0, 0.0, 0.0, 1.0 ], [ -0.5, -0.809017, -0.309017, 0.0, -0.809017, 0.309017, 0.5, 0.0, -0.309017, 0.5, -0.809017, 0.0, 0.0, 0.0, 0.0, 1.0 ], [ 0.309017, -0.5, 0.809017, 0.0, -0.5, -0.809017, -0.309017, 0.0, 0.809017, -0.309017, -0.5, 0.0, 0.0, 0.0, 0.0, 1.0 ], [ -0.809017, 0.309017, 0.5, 0.0, 0.309017, -0.5, 0.809017, 0.0, 0.5, 0.809017, 0.309017, 0.0, 0.0, 0.0, 0.0, 1.0 ], [ -0.5, -0.809017, 0.309017, 0.0, -0.809017, 0.309017, -0.5, 0.0, 0.309017, -0.5, -0.809017, 0.0, 0.0, 0.0, 0.0, 1.0 ], [ -0.309017, 0.5, 0.809017, 0.0, -0.5, -0.809017, 0.309017, 0.0, 0.809017, -0.309017, 0.5, 0.0, 0.0, 0.0, 0.0, 1.0 ], [ -0.809017, 0.309017, -0.5, 0.0, -0.309017, 0.5, 0.809017, 0.0, 0.5, 0.809017, -0.309017, 0.0, 0.0, 0.0, 0.0, 1.0 ], [ -0.809017, -0.309017, 0.5, 0.0, -0.309017, -0.5, -0.809017, 0.0, 0.5, -0.809017, 0.309017, 0.0, 0.0, 0.0, 0.0, 1.0 ], [ -0.5, 0.809017, -0.309017, 0.0, -0.809017, -0.309017, 0.5, 0.0, 0.309017, 0.5, 0.809017, 0.0, 0.0, 0.0, 0.0, 1.0 ], [ -0.309017, -0.5, -0.809017, 0.0, -0.5, 0.809017, -0.309017, 0.0, 0.809017, 0.309017, -0.5, 0.0, 0.0, 0.0, 0.0, 1.0 ], [ -1.0, 0.0, 0.0, 0.0, 0.0, 1.0, 0.0, 0.0, 0.0, 0.0, -1.0, 0.0, 0.0, 0.0, 0.0, 1.0 ], [ 0.0, 0.0, -1.0, 0.0, 1.0, 0.0, 0.0, 0.0, 0.0, -1.0, 0.0, 0.0, 0.0, 0.0, 0.0, 1.0 ], [ 0.0, -1.0, 0.0, 0.0, 0.0, 0.0, 1.0, 0.0, -1.0, 0.0, 0.0, 0.0, 0.0, 0.0, 0.0, 1.0 ], [ -0.809017, -0.309017, -0.5, 0.0, 0.309017, 0.5, -0.809017, 0.0, 0.5, -0.809017, -0.309017, 0.0, 0.0, 0.0, 0.0, 1.0 ], [ 0.5, -0.809017, -0.309017, 0.0, 0.809017, 0.309017, 0.5, 0.0, -0.309017, -0.5, 0.809017, 0.0, 0.0, 0.0, 0.0, 1.0 ], [ -0.309017, -0.5, 0.809017, 0.0, -0.5, 0.809017, 0.309017, 0.0, -0.809017, -0.309017, -0.5, 0.0, 0.0, 0.0, 0.0, 1.0 ], [ -0.5, -0.809017, -0.309017, 0.0, 0.809017, -0.309017, -0.5, 0.0, 0.309017, -0.5, 0.809017, 0.0, 0.0, 0.0, 0.0, 1.0 ], [ 0.309017, -0.5, 0.809017, 0.0, 0.5, 0.809017, 0.309017, 0.0, -0.809017, 0.309017, 0.5, 0.0, 0.0, 0.0, 0.0, 1.0 ], [ -0.809017, 0.309017, 0.5, 0.0, -0.309017, 0.5, -0.809017, 0.0, -0.5, -0.809017, -0.309017, 0.0, 0.0, 0.0, 0.0, 1.0 ], [ -0.5, -0.809017, 0.309017, 0.0, 0.809017, -0.309017, 0.5, 0.0, -0.309017, 0.5, 0.809017, 0.0, 0.0, 0.0, 0.0, 1.0 ], [ -0.309017, 0.5, 0.809017, 0.0, 0.5, 0.809017, -0.309017, 0.0, -0.809017, 0.309017, -0.5, 0.0, 0.0, 0.0, 0.0, 1.0 ], [ -0.809017, 0.309017, -0.5, 0.0, 0.309017, -0.5, -0.809017, 0.0, -0.5, -0.809017, 0.309017, 0.0, 0.0, 0.0, 0.0, 1.0 ], [ -0.809017, -0.309017, 0.5, 0.0, 0.309017, 0.5, 0.809017, 0.0, -0.5, 0.809017, -0.309017, 0.0, 0.0, 0.0, 0.0, 1.0 ], [ -0.5, 0.809017, -0.309017, 0.0, 0.809017, 0.309017, -0.5, 0.0, -0.309017, -0.5, -0.809017, 0.0, 0.0, 0.0, 0.0, 1.0 ], [ -0.309017, -0.5, -0.809017, 0.0, 0.5, -0.809017, 0.309017, 0.0, -0.809017, -0.309017, 0.5, 0.0, 0.0, 0.0, 0.0, 1.0 ] ],
  "lights" : {
    "directionalLights" : [ {
      "direction" : [ 1.0, -1.0, -1.0 ],
      "color" : "#EBEBE4"
    }, {
      "direction" : [ -1.0, 0.0, 0.0 ],
      "color" : "#E4E4EB"
    }, {
      "direction" : [ 0.0, 0.0, -1.0 ],
      "color" : "#1E1E1E"
    } ],
    "ambientColor" : "#292929",
    "backgroundColor" : "#AFC8DC"
  },
  "camera" : {
    "width" : 27.39532,
    "stereo" : false,
    "perspective" : true,
    "viewDistance" : 60.878464,
    "nearClipDistance" : 0.15219636,
    "farClipDistance" : 121.75675,
    "lookAtPoint" : {
      "x" : 0.0,
      "y" : -4.236068,
      "z" : -2.618034
    },
    "fieldOfView" : 0.44262907,
    "lookDirection" : {
      "x" : 0.68434983,
      "y" : 0.29294285,
      "z" : -0.66771555
    },
    "upDirection" : {
      "x" : 0.11700979,
      "y" : 0.8597439,
      "z" : 0.4971239
    },
    "position" : {
      "x" : -41.662167,
      "y" : -22.069977,
      "z" : 38.031464
    }
  },
  "embedding" : [ 1.0, 0.0, 0.0, 0.0, 0.0, 1.0, 0.0, 0.0, 0.0, 0.0, 1.0, 0.0, 0.0, 0.0, 0.0, 1.0 ],
  "shapes" : [ {
    "id" : "32c614d6-99bc-42e4-97ad-4674c9dc1edf",
    "vertices" : [ {
      "x" : 0.0,
      "y" : 0.0,
      "z" : 0.0
    }, {
      "x" : 1.0344418,
      "y" : -0.39512163,
      "z" : 2.708204
    }, {
      "x" : 0.0,
      "y" : -2.0688837,
      "z" : 0.0
    } ],
    "faces" : [ {
      "vertices" : [ 0, 1, 2 ]
    }, {
      "vertices" : [ 0, 2, 1 ]
    } ]
  }, {
    "id" : "0b87da3a-5850-44e5-b27d-1be6acd80668",
    "vertices" : [ {
      "x" : 0.0,
      "y" : 0.0,
      "z" : 0.0
    }, {
      "x" : 0.2573542,
      "y" : 0.090169944,
      "z" : 0.11145618
    }, {
      "x" : 0.8753882,
      "y" : 1.0901699,
      "z" : -0.27050984
    }, {
      "x" : 0.63932025,
      "y" : 1.0344418,
      "z" : -0.39512163
    } ],
    "faces" : [ {
      "vertices" : [ 0, 1, 2, 3 ]
    }, {
      "vertices" : [ 0, 3, 2, 1 ]
    } ]
  }, {
    "id" : "d0794ad6-190e-4a92-87ee-d9d37109db40",
    "vertices" : [ {
      "x" : 0.0,
      "y" : 0.0,
      "z" : 0.0
    }, {
      "x" : 1.0,
      "y" : 6.854102,
      "z" : 2.618034
    }, {
      "x" : 1.618034,
      "y" : 2.618034,
      "z" : 4.236068
    } ],
    "faces" : [ {
      "vertices" : [ 0, 1, 2 ]
    }, {
      "vertices" : [ 0, 2, 1 ]
    } ]
  }, {
    "id" : "9185dc8d-1163-464c-a4ca-0b0efccc791c",
    "vertices" : [ {
      "x" : 0.0,
      "y" : 0.0,
      "z" : 0.0
    }, {
      "x" : 0.0,
      "y" : 0.14589803,
      "z" : -0.090169944
    }, {
      "x" : 3.236068,
      "y" : -3.09017,
      "z" : -0.090169944
    }, {
      "x" : 3.3475242,
      "y" : -3.3475242,
      "z" : 0.0
    } ],
    "faces" : [ {
      "vertices" : [ 0, 1, 2, 3 ]
    }, {
      "vertices" : [ 0, 3, 2, 1 ]
    } ]
  }, {
    "id" : "ee87f53a-0ae9-43ee-a705-bf25948b2cb2",
    "vertices" : [ {
      "x" : 0.0,
      "y" : 0.0,
      "z" : 0.0
    }, {
      "x" : 1.0344418,
      "y" : 1.6737621,
      "z" : 2.708204
    }, {
      "x" : 1.6737621,
      "y" : 0.63932025,
      "z" : 4.381966
    } ],
    "faces" : [ {
      "vertices" : [ 0, 1, 2 ]
    }, {
      "vertices" : [ 0, 2, 1 ]
    } ]
  }, {
    "id" : "5e15c915-8f1c-40c7-a318-3c292f4af4c6",
    "vertices" : [ {
      "x" : 0.0,
      "y" : 0.0,
      "z" : 0.0
    }, {
      "x" : 0.0,
      "y" : 0.14589803,
      "z" : 0.38196602
    }, {
      "x" : 0.0,
      "y" : 0.14589803,
      "z" : 5.618034
    }, {
      "x" : 0.0,
      "y" : 0.0,
      "z" : 5.416408
    } ],
    "faces" : [ {
      "vertices" : [ 0, 1, 2, 3 ]
    }, {
      "vertices" : [ 0, 3, 2, 1 ]
    } ]
  }, {
    "id" : "d77ee1fe-72f9-4744-92d6-372724e1bbaf",
    "vertices" : [ {
      "x" : 0.0,
      "y" : 0.0,
      "z" : 0.0
    }, {
      "x" : -1.0,
      "y" : -0.38196602,
      "z" : -2.618034
    }, {
      "x" : 0.0,
      "y" : 3.236068,
      "z" : 0.0
    } ],
    "faces" : [ {
      "vertices" : [ 0, 1, 2 ]
    }, {
      "vertices" : [ 0, 2, 1 ]
    } ]
  }, {
    "id" : "039a2e76-419e-4383-87f1-279124834f2b",
    "vertices" : [ {
      "x" : 0.0,
      "y" : 0.0,
      "z" : 0.0
    }, {
      "x" : 1.0,
      "y" : 1.618034,
      "z" : 2.618034
    }, {
      "x" : 2.618034,
      "y" : 1.0,
      "z" : 6.854102
    } ],
    "faces" : [ {
      "vertices" : [ 0, 1, 2 ]
    }, {
      "vertices" : [ 0, 2, 1 ]
    } ]
  }, {
    "id" : "63870ea1-ce43-4738-83fa-6cb3dccaecde",
    "vertices" : [ {
      "x" : 0.0,
      "y" : 0.0,
      "z" : 0.0
    }, {
      "x" : 0.23606798,
      "y" : 0.05572809,
      "z" : 0.124611795
    }, {
      "x" : 1.236068,
      "y" : -3.562306,
      "z" : -0.49342218
    }, {
      "x" : 1.0344418,
      "y" : -3.7426457,
      "z" : -0.63932025
    } ],
    "faces" : [ {
      "vertices" : [ 0, 1, 2, 3 ]
    }, {
      "vertices" : [ 0, 3, 2, 1 ]
    } ]
  }, {
    "id" : "b6c05861-bb94-4bb9-b596-b5c8ccf3e5d6",
    "vertices" : [ {
      "x" : 0.0,
      "y" : 0.0,
      "z" : 0.0
    }, {
      "x" : -1.0,
      "y" : 1.618034,
      "z" : -2.618034
    }, {
      "x" : 0.0,
      "y" : 3.236068,
      "z" : 0.0
    } ],
    "faces" : [ {
      "vertices" : [ 0, 1, 2 ]
    }, {
      "vertices" : [ 0, 2, 1 ]
    } ]
  }, {
    "id" : "5cdc664c-fb33-4d95-8d37-7c076badac8e",
    "vertices" : [ {
      "x" : 0.0,
      "y" : 0.0,
      "z" : 0.0
    }, {
      "x" : 0.0,
      "y" : -3.3475242,
      "z" : 0.0
    }, {
      "x" : -0.63932025,
      "y" : -4.381966,
      "z" : -1.6737621
    } ],
    "faces" : [ {
      "vertices" : [ 0, 1, 2 ]
    }, {
      "vertices" : [ 0, 2, 1 ]
    } ]
  }, {
    "id" : "6bc5d6b5-1e6e-4726-b957-3264df7cdd26",
    "vertices" : [ {
      "x" : 0.0,
      "y" : 0.0,
      "z" : 0.0
    }, {
      "x" : 0.0,
      "y" : 3.236068,
      "z" : 0.0
    }, {
      "x" : 0.618034,
      "y" : -1.0,
      "z" : 1.618034
    } ],
    "faces" : [ {
      "vertices" : [ 0, 1, 2 ]
    }, {
      "vertices" : [ 0, 2, 1 ]
    } ]
  }, {
    "id" : "538d18d2-2d7e-48cd-aad2-94815b850ca5",
    "vertices" : [ {
      "x" : 0.0,
      "y" : 0.0,
      "z" : 0.0
    }, {
      "x" : 0.0,
      "y" : 0.0,
      "z" : -1.2786405
    }, {
      "x" : -1.6737621,
      "y" : 2.708204,
      "z" : 1.0344418
    } ],
    "faces" : [ {
      "vertices" : [ 0, 1, 2 ]
    }, {
      "vertices" : [ 0, 2, 1 ]
    } ]
  }, {
    "id" : "10d2925a-fa47-4a02-983a-84414c5f87a6",
    "vertices" : [ {
      "x" : 0.0,
      "y" : 0.0,
      "z" : 0.0
    }, {
      "x" : 1.0,
      "y" : -1.618034,
      "z" : 2.618034
    }, {
      "x" : -0.618034,
      "y" : -1.0,
      "z" : -1.618034
    } ],
    "faces" : [ {
      "vertices" : [ 0, 1, 2 ]
    }, {
      "vertices" : [ 0, 2, 1 ]
    } ]
  }, {
    "id" : "06c07418-70ce-423c-ab6d-73c6becf949b",
    "vertices" : [ {
      "x" : 0.0,
      "y" : 0.0,
      "z" : 0.0
    }, {
      "x" : 0.0,
      "y" : 0.0,
      "z" : 3.3475242
    }, {
      "x" : 1.9596747,
      "y" : -3.1708205,
      "z" : 6.055728
    }, {
      "x" : 1.9596747,
      "y" : -3.1708205,
      "z" : -2.708204
    } ],
    "faces" : [ {
      "vertices" : [ 0, 1, 2, 3 ]
    }, {
      "vertices" : [ 0, 3, 2, 1 ]
    } ]
  }, {
    "id" : "829be85a-1121-4c82-8292-8d704479a5bd",
    "vertices" : [ {
      "x" : 0.0,
      "y" : 0.0,
      "z" : 0.0
    }, {
      "x" : 0.0,
      "y" : 2.4222913,
      "z" : 1.4970583
    }, {
      "x" : 1.0344418,
      "y" : 0.74852914,
      "z" : 4.205262
    }, {
      "x" : 1.0344418,
      "y" : -1.6737621,
      "z" : 2.708204
    } ],
    "faces" : [ {
      "vertices" : [ 0, 1, 2, 3 ]
    }, {
      "vertices" : [ 0, 3, 2, 1 ]
    } ]
  }, {
    "id" : "8f05c686-6800-46e5-8d69-e13bb044a3ef",
    "vertices" : [ {
      "x" : 0.0,
      "y" : 0.0,
      "z" : 0.0
    }, {
      "x" : 0.0,
      "y" : 0.14589803,
      "z" : -0.27050984
    }, {
      "x" : 0.0,
      "y" : 0.14589803,
      "z" : 2.965558
    }, {
      "x" : 0.0,
      "y" : 0.0,
      "z" : 3.3475242
    } ],
    "faces" : [ {
      "vertices" : [ 0, 1, 2, 3 ]
    }, {
      "vertices" : [ 0, 3, 2, 1 ]
    } ]
  }, {
    "id" : "785bcaaa-881a-4d27-b73a-b357fc958f10",
    "vertices" : [ {
      "x" : 0.0,
      "y" : 0.0,
      "z" : 0.0
    }, {
      "x" : 0.38196602,
      "y" : 0.618034,
      "z" : 1.0
    }, {
      "x" : 1.0,
      "y" : -1.618034,
      "z" : 2.618034
    } ],
    "faces" : [ {
      "vertices" : [ 0, 1, 2 ]
    }, {
      "vertices" : [ 0, 2, 1 ]
    } ]
  }, {
    "id" : "9b13dde8-4502-4511-b8c4-ac39b76423f4",
    "vertices" : [ {
      "x" : 0.0,
      "y" : 0.0,
      "z" : 0.0
    }, {
      "x" : 0.0,
      "y" : 0.0,
      "z" : 3.236068
    }, {
      "x" : 0.0,
      "y" : -2.0,
      "z" : 3.236068
    } ],
    "faces" : [ {
      "vertices" : [ 0, 1, 2 ]
    }, {
      "vertices" : [ 0, 2, 1 ]
    } ]
  }, {
    "id" : "af1abde0-10d7-4af5-9f6f-8647457a17c9",
    "vertices" : [ {
      "x" : 0.0,
      "y" : 0.0,
      "z" : 0.0
    }, {
      "x" : -0.63932025,
      "y" : -4.381966,
      "z" : -1.6737621
    }, {
      "x" : -1.6737621,
      "y" : -6.055728,
      "z" : -4.381966
    } ],
    "faces" : [ {
      "vertices" : [ 0, 1, 2 ]
    }, {
      "vertices" : [ 0, 2, 1 ]
    } ]
  }, {
    "id" : "da8c7be1-b574-4a19-a614-f974a9616a73",
    "vertices" : [ {
      "x" : 0.0,
      "y" : 0.0,
      "z" : 0.0
    }, {
      "x" : -2.618034,
      "y" : -1.0,
      "z" : -6.854102
    }, {
      "x" : -1.618034,
      "y" : 2.618034,
      "z" : -4.236068
    } ],
    "faces" : [ {
      "vertices" : [ 0, 1, 2 ]
    }, {
      "vertices" : [ 0, 2, 1 ]
    } ]
  }, {
    "id" : "be0a749b-4397-484b-833d-7be65641a987",
    "vertices" : [ {
      "x" : 0.0,
      "y" : 0.0,
      "z" : 0.0
    }, {
      "x" : 1.6737621,
      "y" : 0.63932025,
      "z" : 4.381966
    }, {
      "x" : 2.708204,
      "y" : -1.0344418,
      "z" : 7.09017
    } ],
    "faces" : [ {
      "vertices" : [ 0, 1, 2 ]
    }, {
      "vertices" : [ 0, 2, 1 ]
    } ]
  }, {
    "id" : "7bd5fa09-db0e-467a-ad80-e82dd7ff4d89",
    "vertices" : [ {
      "x" : 0.0,
      "y" : 0.0,
      "z" : 0.0
    }, {
      "x" : 1.618034,
      "y" : -5.854102,
      "z" : 4.236068
    }, {
      "x" : 0.0,
      "y" : -5.236068,
      "z" : 0.0
    } ],
    "faces" : [ {
      "vertices" : [ 0, 1, 2 ]
    }, {
      "vertices" : [ 0, 2, 1 ]
    } ]
  }, {
    "id" : "ed304144-2654-4e4a-b238-ba129a97f0f8",
    "vertices" : [ {
      "x" : 0.0,
      "y" : 0.0,
      "z" : 0.0
    }, {
      "x" : 0.0,
      "y" : -1.236068,
      "z" : 0.0
    }, {
      "x" : -1.0,
      "y" : -1.618034,
      "z" : -2.618034
    } ],
    "faces" : [ {
      "vertices" : [ 0, 1, 2 ]
    }, {
      "vertices" : [ 0, 2, 1 ]
    } ]
  }, {
    "id" : "082cf1c7-a67a-49fb-86df-064cf908d8fb",
    "vertices" : [ {
      "x" : 0.0,
      "y" : 0.0,
      "z" : 0.0
    }, {
      "x" : -1.0344418,
      "y" : -1.6737621,
      "z" : -2.708204
    }, {
      "x" : -1.0344418,
      "y" : 1.6737621,
      "z" : -2.708204
    } ],
    "faces" : [ {
      "vertices" : [ 0, 1, 2 ]
    }, {
      "vertices" : [ 0, 2, 1 ]
    } ]
  }, {
    "id" : "0dfa7271-1d2a-4dda-a0e5-ea6823f1f1bd",
    "vertices" : [ {
      "x" : 0.0,
      "y" : 0.0,
      "z" : 0.0
    }, {
      "x" : 1.0344418,
      "y" : -1.6737621,
      "z" : 2.708204
    }, {
      "x" : 0.0,
      "y" : -3.3475242,
      "z" : 0.0
    } ],
    "faces" : [ {
      "vertices" : [ 0, 1, 2 ]
    }, {
      "vertices" : [ 0, 2, 1 ]
    } ]
  }, {
    "id" : "e57a2e56-4cb4-47c0-b3fb-175a931b194a",
    "vertices" : [ {
      "x" : 0.0,
      "y" : 0.0,
      "z" : 0.0
    }, {
      "x" : 1.6737621,
      "y" : -2.708204,
      "z" : 1.0344418
    }, {
      "x" : 3.633437,
      "y" : -5.8790245,
      "z" : -1.6737621
    }, {
      "x" : -0.74852914,
      "y" : 1.2111456,
      "z" : -4.381966
    } ],
    "faces" : [ {
      "vertices" : [ 0, 1, 2, 3 ]
    }, {
      "vertices" : [ 0, 3, 2, 1 ]
    } ]
  }, {
    "id" : "795c080e-9abc-46a0-8d97-f8e4726b2821",
    "vertices" : [ {
      "x" : 0.0,
      "y" : 0.0,
      "z" : 0.0
    }, {
      "x" : 0.0,
      "y" : -0.14589803,
      "z" : -0.38196602
    }, {
      "x" : 0.0,
      "y" : -0.14589803,
      "z" : -5.618034
    }, {
      "x" : 0.0,
      "y" : 0.0,
      "z" : -5.416408
    } ],
    "faces" : [ {
      "vertices" : [ 0, 1, 2, 3 ]
    }, {
      "vertices" : [ 0, 3, 2, 1 ]
    } ]
  }, {
    "id" : "54529952-cab2-43a9-a5c9-dd17a83d4b1b",
    "vertices" : [ {
      "x" : 0.0,
      "y" : 0.0,
      "z" : 0.0
    }, {
      "x" : 0.0,
      "y" : -3.236068,
      "z" : 0.0
    }, {
      "x" : -1.0,
      "y" : -1.618034,
      "z" : -2.618034
    } ],
    "faces" : [ {
      "vertices" : [ 0, 1, 2 ]
    }, {
      "vertices" : [ 0, 2, 1 ]
    } ]
  }, {
    "id" : "9ddd0fc3-469d-464b-becf-79086671593b",
    "vertices" : [ {
      "x" : 0.0,
      "y" : 0.0,
      "z" : 0.0
    }, {
      "x" : 0.0,
      "y" : -3.236068,
      "z" : 0.0
    }, {
      "x" : -1.0,
      "y" : -6.854102,
      "z" : -2.618034
    } ],
    "faces" : [ {
      "vertices" : [ 0, 1, 2 ]
    }, {
      "vertices" : [ 0, 2, 1 ]
    } ]
  }, {
    "id" : "f34942a1-52f2-45fb-9677-d0dbcffb7b12",
    "vertices" : [ {
      "x" : 0.0,
      "y" : 0.0,
      "z" : 0.0
    }, {
      "x" : -0.38196602,
      "y" : 0.618034,
      "z" : -1.0
    }, {
      "x" : 0.0,
      "y" : 3.236068,
      "z" : 0.0
    } ],
    "faces" : [ {
      "vertices" : [ 0, 1, 2 ]
    }, {
      "vertices" : [ 0, 2, 1 ]
    } ]
  }, {
    "id" : "581dba8e-193a-4db9-8a44-9e362a4094d5",
    "vertices" : [ {
      "x" : 0.0,
      "y" : 0.0,
      "z" : 0.0
    }, {
      "x" : 0.0,
      "y" : -0.14589803,
      "z" : -0.090169944
    }, {
      "x" : 0.0,
      "y" : -0.14589803,
      "z" : -3.437694
    }, {
      "x" : 0.0,
      "y" : 0.0,
      "z" : -3.236068
    } ],
    "faces" : [ {
      "vertices" : [ 0, 1, 2, 3 ]
    }, {
      "vertices" : [ 0, 3, 2, 1 ]
    } ]
  }, {
    "id" : "af7eedd4-b53d-400c-844b-d57964367d7f",
    "vertices" : [ {
      "x" : 0.0,
      "y" : 0.0,
      "z" : 0.0
    }, {
      "x" : 0.38196602,
      "y" : 2.618034,
      "z" : 1.0
    }, {
      "x" : 1.0,
      "y" : -1.618034,
      "z" : 2.618034
    } ],
    "faces" : [ {
      "vertices" : [ 0, 1, 2 ]
    }, {
      "vertices" : [ 0, 2, 1 ]
    } ]
  }, {
    "id" : "75887391-92b1-4999-ae91-774ee5ec8565",
    "vertices" : [ {
      "x" : 0.0,
      "y" : 0.0,
      "z" : 0.0
    }, {
      "x" : -0.39512163,
      "y" : 0.63932025,
      "z" : 1.0344418
    }, {
      "x" : 1.6737621,
      "y" : -2.708204,
      "z" : 1.0344418
    } ],
    "faces" : [ {
      "vertices" : [ 0, 1, 2 ]
    }, {
      "vertices" : [ 0, 2, 1 ]
    } ]
  }, {
    "id" : "8344bcdb-5b33-4d87-8054-343133027f70",
    "vertices" : [ {
      "x" : 0.0,
      "y" : 0.0,
      "z" : 0.0
    }, {
      "x" : 0.0,
      "y" : -0.14589803,
      "z" : 0.27050984
    }, {
      "x" : 0.0,
      "y" : -0.14589803,
      "z" : -2.965558
    }, {
      "x" : 0.0,
      "y" : 0.0,
      "z" : -3.3475242
    } ],
    "faces" : [ {
      "vertices" : [ 0, 1, 2, 3 ]
    }, {
      "vertices" : [ 0, 3, 2, 1 ]
    } ]
  }, {
    "id" : "ebc960a1-fbcb-4f35-bba2-78c04c172bc3",
    "vertices" : [ {
      "x" : 0.0,
      "y" : 0.0,
      "z" : 0.0
    }, {
      "x" : 0.0,
      "y" : 5.416408,
      "z" : 0.0
    }, {
      "x" : 2.708204,
      "y" : 4.381966,
      "z" : 7.09017
    } ],
    "faces" : [ {
      "vertices" : [ 0, 1, 2 ]
    }, {
      "vertices" : [ 0, 2, 1 ]
    } ]
  }, {
    "id" : "6b7445e0-d56a-41f4-86de-3c3f8b45ba75",
    "vertices" : [ {
      "x" : 0.0,
      "y" : 0.0,
      "z" : 0.0
    }, {
      "x" : 1.0,
      "y" : 1.618034,
      "z" : 2.618034
    }, {
      "x" : 1.0,
      "y" : -1.618034,
      "z" : 2.618034
    } ],
    "faces" : [ {
      "vertices" : [ 0, 1, 2 ]
    }, {
      "vertices" : [ 0, 2, 1 ]
    } ]
  }, {
    "id" : "249650eb-034e-45fd-bcba-3b9d94602a07",
    "vertices" : [ {
      "x" : 0.0,
      "y" : 0.0,
      "z" : 0.0
    }, {
      "x" : 0.0,
      "y" : 0.14589803,
      "z" : 0.090169944
    }, {
      "x" : 0.0,
      "y" : 0.14589803,
      "z" : 3.437694
    }, {
      "x" : 0.0,
      "y" : 0.0,
      "z" : 3.236068
    } ],
    "faces" : [ {
      "vertices" : [ 0, 1, 2, 3 ]
    }, {
      "vertices" : [ 0, 3, 2, 1 ]
    } ]
  }, {
    "id" : "69b5aa94-21f5-4eec-aa5d-712f19b06231",
    "vertices" : [ {
      "x" : 0.0,
      "y" : 0.0,
      "z" : 0.0
    }, {
      "x" : -1.6737621,
      "y" : -0.63932025,
      "z" : -4.381966
    }, {
      "x" : -1.0344418,
      "y" : 1.6737621,
      "z" : -2.708204
    } ],
    "faces" : [ {
      "vertices" : [ 0, 1, 2 ]
    }, {
      "vertices" : [ 0, 2, 1 ]
    } ]
  }, {
    "id" : "04636cd2-8d5b-4cd4-8e01-cc3344afe514",
    "vertices" : [ {
      "x" : 0.0,
      "y" : 0.0,
      "z" : 0.0
    }, {
      "x" : 1.618034,
      "y" : -5.854102,
      "z" : 4.236068
    }, {
      "x" : 0.0,
      "y" : -3.236068,
      "z" : 0.0
    } ],
    "faces" : [ {
      "vertices" : [ 0, 1, 2 ]
    }, {
      "vertices" : [ 0, 2, 1 ]
    } ]
  }, {
    "id" : "6e8946a2-5dc3-47ff-b069-91d0441a41d6",
    "vertices" : [ {
      "x" : 0.0,
      "y" : 0.0,
      "z" : 0.0
    }, {
      "x" : -2.618034,
      "y" : -1.0,
      "z" : -6.854102
    }, {
      "x" : -1.0,
      "y" : 1.618034,
      "z" : -2.618034
    } ],
    "faces" : [ {
      "vertices" : [ 0, 1, 2 ]
    }, {
      "vertices" : [ 0, 2, 1 ]
    } ]
  }, {
    "id" : "847a5bf1-95f9-42e6-b931-25353fa931af",
    "vertices" : [ {
      "x" : 0.0,
      "y" : 0.0,
      "z" : 0.0
    }, {
      "x" : 1.0344418,
      "y" : -3.7426457,
      "z" : 2.708204
    }, {
      "x" : 0.0,
      "y" : -3.3475242,
      "z" : 0.0
    } ],
    "faces" : [ {
      "vertices" : [ 0, 1, 2 ]
    }, {
      "vertices" : [ 0, 2, 1 ]
    } ]
  }, {
    "id" : "be0ef8c1-a119-43a6-9fd8-2bf84410b394",
    "vertices" : [ {
      "x" : 0.0,
      "y" : 0.0,
      "z" : 0.0
    }, {
      "x" : -1.0344418,
      "y" : 1.6737621,
      "z" : -2.708204
    }, {
      "x" : -3.456733,
      "y" : 5.5931115,
      "z" : -2.708204
    }, {
      "x" : -0.74852914,
      "y" : 1.2111456,
      "z" : 4.381966
    } ],
    "faces" : [ {
      "vertices" : [ 0, 1, 2, 3 ]
    }, {
      "vertices" : [ 0, 3, 2, 1 ]
    } ]
  }, {
    "id" : "181206cb-dedf-48f3-8a49-8a5db043865f",
    "vertices" : [ {
      "x" : 0.0,
      "y" : 0.0,
      "z" : 0.0
    }, {
      "x" : 0.63932025,
      "y" : 4.381966,
      "z" : 1.6737621
    }, {
      "x" : 1.0344418,
      "y" : 1.6737621,
      "z" : 2.708204
    } ],
    "faces" : [ {
      "vertices" : [ 0, 1, 2 ]
    }, {
      "vertices" : [ 0, 2, 1 ]
    } ]
  }, {
    "id" : "8a94826b-0510-42c7-9c41-6d3eb29ecff5",
    "vertices" : [ {
      "x" : 0.0,
      "y" : 0.0,
      "z" : 0.0
    }, {
      "x" : -1.0,
      "y" : -1.618034,
      "z" : -2.618034
    }, {
      "x" : 0.0,
      "y" : 2.0,
      "z" : 0.0
    } ],
    "faces" : [ {
      "vertices" : [ 0, 1, 2 ]
    }, {
      "vertices" : [ 0, 2, 1 ]
    } ]
  }, {
    "id" : "22e83ebe-0f0f-44aa-b6cf-add04394b177",
    "vertices" : [ {
      "x" : 0.0,
      "y" : 0.0,
      "z" : 0.0
    }, {
      "x" : -0.63932025,
      "y" : -2.3130822,
      "z" : -1.6737621
    }, {
      "x" : -0.63932025,
      "y" : 1.0344418,
      "z" : -1.6737621
    } ],
    "faces" : [ {
      "vertices" : [ 0, 1, 2 ]
    }, {
      "vertices" : [ 0, 2, 1 ]
    } ]
  }, {
    "id" : "2df3655c-0727-481e-a828-456a213569c3",
    "vertices" : [ {
      "x" : 0.0,
      "y" : 0.0,
      "z" : 0.0
    }, {
      "x" : 0.0,
      "y" : 0.0,
      "z" : -3.236068
    }, {
      "x" : 0.0,
      "y" : 2.0,
      "z" : -3.236068
    } ],
    "faces" : [ {
      "vertices" : [ 0, 1, 2 ]
    }, {
      "vertices" : [ 0, 2, 1 ]
    } ]
  }, {
    "id" : "afd1be4a-3b10-479c-9b74-6b3cd35633ca",
    "vertices" : [ {
      "x" : 0.0,
      "y" : 0.0,
      "z" : 0.0
    }, {
      "x" : 1.0,
      "y" : 6.854102,
      "z" : 2.618034
    }, {
      "x" : 1.0,
      "y" : 1.618034,
      "z" : 2.618034
    } ],
    "faces" : [ {
      "vertices" : [ 0, 1, 2 ]
    }, {
      "vertices" : [ 0, 2, 1 ]
    } ]
  }, {
    "id" : "04a4fd38-d860-498f-abf7-ea47d7a2f80a",
    "vertices" : [ {
      "x" : 0.0,
      "y" : 0.0,
      "z" : 0.0
    }, {
      "x" : 0.63932025,
      "y" : -1.0344418,
      "z" : -0.39512163
    }, {
      "x" : -1.0344418,
      "y" : 1.6737621,
      "z" : -2.708204
    } ],
    "faces" : [ {
      "vertices" : [ 0, 1, 2 ]
    }, {
      "vertices" : [ 0, 2, 1 ]
    } ]
  }, {
    "id" : "4a219f81-4b00-410f-93d2-779ee704f5a0",
    "vertices" : [ {
      "x" : 0.0,
      "y" : 0.0,
      "z" : 0.0
    }, {
      "x" : 1.6737621,
      "y" : -2.708204,
      "z" : 4.381966
    }, {
      "x" : 0.0,
      "y" : -8.763932,
      "z" : 0.0
    } ],
    "faces" : [ {
      "vertices" : [ 0, 1, 2 ]
    }, {
      "vertices" : [ 0, 2, 1 ]
    } ]
  }, {
    "id" : "75df9c8c-fc67-4a73-a428-4413cb670581",
    "vertices" : [ {
      "x" : 0.0,
      "y" : 0.0,
      "z" : 0.0
    }, {
      "x" : -0.63932025,
      "y" : 1.0344418,
      "z" : -0.39512163
    }, {
      "x" : 0.0,
      "y" : 0.0,
      "z" : 3.3475242
    } ],
    "faces" : [ {
      "vertices" : [ 0, 1, 2 ]
    }, {
      "vertices" : [ 0, 2, 1 ]
    } ]
  }, {
    "id" : "6672d34d-290f-4ed1-8299-f89d3182b20b",
    "vertices" : [ {
      "x" : 0.0,
      "y" : 0.0,
      "z" : 0.0
    }, {
      "x" : -1.0,
      "y" : 1.618034,
      "z" : -2.618034
    }, {
      "x" : -1.618034,
      "y" : 5.854102,
      "z" : -4.236068
    } ],
    "faces" : [ {
      "vertices" : [ 0, 1, 2 ]
    }, {
      "vertices" : [ 0, 2, 1 ]
    } ]
  }, {
    "id" : "0e800bb3-6376-4f45-a085-87ff418e92ae",
    "vertices" : [ {
      "x" : 0.0,
      "y" : 0.0,
      "z" : 0.0
    }, {
      "x" : -1.6737621,
      "y" : 2.708204,
      "z" : 1.0344418
    }, {
      "x" : -2.4222913,
      "y" : 3.9193494,
      "z" : 5.416408
    }, {
      "x" : 1.9596747,
      "y" : -3.1708205,
      "z" : 2.708204
    } ],
    "faces" : [ {
      "vertices" : [ 0, 1, 2, 3 ]
    }, {
      "vertices" : [ 0, 3, 2, 1 ]
    } ]
  }, {
    "id" : "50dfea02-a02e-46d6-8eee-df65142e605c",
    "vertices" : [ {
      "x" : 0.0,
      "y" : 0.0,
      "z" : 0.0
    }, {
      "x" : -0.39512163,
      "y" : 2.708204,
      "z" : -1.0344418
    }, {
      "x" : 0.63932025,
      "y" : 1.0344418,
      "z" : 1.6737621
    } ],
    "faces" : [ {
      "vertices" : [ 0, 1, 2 ]
    }, {
      "vertices" : [ 0, 2, 1 ]
    } ]
  }, {
    "id" : "33e8d922-926d-4e38-9809-374bb5caf22b",
    "vertices" : [ {
      "x" : 0.0,
      "y" : 0.0,
      "z" : 0.0
    }, {
      "x" : 1.0344418,
      "y" : -1.6737621,
      "z" : -2.708204
    }, {
      "x" : 0.2859127,
      "y" : -0.46261647,
      "z" : -7.09017
    }, {
      "x" : -2.4222913,
      "y" : 3.9193494,
      "z" : 0.0
    } ],
    "faces" : [ {
      "vertices" : [ 0, 1, 2, 3 ]
    }, {
      "vertices" : [ 0, 3, 2, 1 ]
    } ]
  }, {
    "id" : "0ee9171e-ae58-427b-9af3-067449e9dc7c",
    "vertices" : [ {
      "x" : 0.0,
      "y" : 0.0,
      "z" : 0.0
    }, {
      "x" : 0.39512163,
      "y" : -0.63932025,
      "z" : 1.0344418
    }, {
      "x" : 1.0344418,
      "y" : -1.6737621,
      "z" : -2.708204
    } ],
    "faces" : [ {
      "vertices" : [ 0, 1, 2 ]
    }, {
      "vertices" : [ 0, 2, 1 ]
    } ]
  }, {
    "id" : "c0ac043d-eccc-40c7-84ec-d1f08ea4385e",
    "vertices" : [ {
      "x" : 0.0,
      "y" : 0.0,
      "z" : 0.0
    }, {
      "x" : 0.0,
      "y" : 3.3475242,
      "z" : 0.0
    }, {
      "x" : 1.0344418,
      "y" : 1.6737621,
      "z" : 2.708204
    } ],
    "faces" : [ {
      "vertices" : [ 0, 1, 2 ]
    }, {
      "vertices" : [ 0, 2, 1 ]
    } ]
  } ],
  "instances" : [ {
    "shape" : "32c614d6-99bc-42e4-97ad-4674c9dc1edf",
    "color" : "#9999FF",
    "position" : {
      "x" : -1.6737621,
      "y" : -7.09017,
      "z" : 1.6737621
    },
    "orientation" : 5
  }, {
    "shape" : "0b87da3a-5850-44e5-b27d-1be6acd80668",
    "color" : "#000000",
    "position" : {
      "x" : -7.7294903,
      "y" : -2.708204,
      "z" : -3.3475242
    },
    "orientation" : 0
  }, {
    "shape" : "d0794ad6-190e-4a92-87ee-d9d37109db40",
    "color" : "#00CC00",
    "position" : {
      "x" : -4.236068,
      "y" : -11.09017,
      "z" : 0.0
    },
    "orientation" : 4
  }, {
    "shape" : "d0794ad6-190e-4a92-87ee-d9d37109db40",
    "color" : "#CC0000",
    "position" : {
      "x" : -6.854102,
      "y" : -6.854102,
      "z" : -6.854102
    },
    "orientation" : 1
  }, {
    "shape" : "9185dc8d-1163-464c-a4ca-0b0efccc791c",
    "color" : "#000000",
    "position" : {
      "x" : 2.708204,
      "y" : 0.0,
      "z" : -4.381966
    },
    "orientation" : 34
  }, {
    "shape" : "ee87f53a-0ae9-43ee-a705-bf25948b2cb2",
    "color" : "#9999FF",
    "position" : {
      "x" : 5.416408,
      "y" : -4.381966,
      "z" : -2.708204
    },
    "orientation" : 8
  }, {
    "shape" : "5e15c915-8f1c-40c7-a318-3c292f4af4c6",
    "color" : "#000000",
    "position" : {
      "x" : 0.0,
      "y" : -4.381966,
      "z" : -11.472136
    },
    "orientation" : 54
  }, {
    "shape" : "d77ee1fe-72f9-4744-92d6-372724e1bbaf",
    "color" : "#00CC00",
    "position" : {
      "x" : -1.618034,
      "y" : -1.618034,
      "z" : -6.854102
    },
    "orientation" : 8
  }, {
    "shape" : "039a2e76-419e-4383-87f1-279124834f2b",
    "color" : "#CC0000",
    "position" : {
      "x" : -6.854102,
      "y" : -6.854102,
      "z" : -6.854102
    },
    "orientation" : 0
  }, {
    "shape" : "63870ea1-ce43-4738-83fa-6cb3dccaecde",
    "color" : "#000000",
    "position" : {
      "x" : -4.381966,
      "y" : -6.055728,
      "z" : 3.3475242
    },
    "orientation" : 52
  }, {
    "shape" : "b6c05861-bb94-4bb9-b596-b5c8ccf3e5d6",
    "color" : "#FFFF00",
    "position" : {
      "x" : 4.236068,
      "y" : -2.618034,
      "z" : -5.236068
    },
    "orientation" : 39
  }, {
    "shape" : "5cdc664c-fb33-4d95-8d37-7c076badac8e",
    "color" : "#9999FF",
    "position" : {
      "x" : -4.381966,
      "y" : -2.708204,
      "z" : -5.416408
    },
    "orientation" : 54
  }, {
    "shape" : "6bc5d6b5-1e6e-4726-b957-3264df7cdd26",
    "color" : "#00CC00",
    "position" : {
      "x" : -1.618034,
      "y" : -6.854102,
      "z" : 1.618034
    },
    "orientation" : 17
  }, {
    "shape" : "538d18d2-2d7e-48cd-aad2-94815b850ca5",
    "color" : "#000000",
    "position" : {
      "x" : 7.09017,
      "y" : -1.6737621,
      "z" : -5.021286
    },
    "orientation" : 15
  }, {
    "shape" : "63870ea1-ce43-4738-83fa-6cb3dccaecde",
    "color" : "#000000",
    "position" : {
      "x" : 7.09017,
      "y" : -1.6737621,
      "z" : -3.7426457
    },
    "orientation" : 41
  }, {
    "shape" : "9185dc8d-1163-464c-a4ca-0b0efccc791c",
    "color" : "#000000",
    "position" : {
      "x" : -2.708204,
      "y" : 0.0,
      "z" : -4.381966
    },
    "orientation" : 27
  }, {
    "shape" : "10d2925a-fa47-4a02-983a-84414c5f87a6",
    "color" : "#FF6600",
    "position" : {
      "x" : -1.618034,
      "y" : -1.618034,
      "z" : -6.854102
    },
    "orientation" : 5
  }, {
    "shape" : "b6c05861-bb94-4bb9-b596-b5c8ccf3e5d6",
    "color" : "#CC0000",
    "position" : {
      "x" : 0.0,
      "y" : -4.236068,
      "z" : -5.854102
    },
    "orientation" : 1
  }, {
    "shape" : "06c07418-70ce-423c-ab6d-73c6becf949b",
    "color" : "#9999FF",
    "position" : {
      "x" : -1.6737621,
      "y" : -9.512461,
      "z" : -3.1708205
    },
    "orientation" : 16
  }, {
    "shape" : "829be85a-1121-4c82-8292-8d704479a5bd",
    "color" : "#9999FF",
    "position" : {
      "x" : 0.0,
      "y" : -6.8042574,
      "z" : -7.5527864
    },
    "orientation" : 5
  }, {
    "shape" : "8f05c686-6800-46e5-8d69-e13bb044a3ef",
    "color" : "#000000",
    "position" : {
      "x" : 5.416408,
      "y" : -4.381966,
      "z" : -6.055728
    },
    "orientation" : 11
  }, {
    "shape" : "785bcaaa-881a-4d27-b73a-b357fc958f10",
    "color" : "#FF6600",
    "position" : {
      "x" : 4.236068,
      "y" : -5.854102,
      "z" : 3.236068
    },
    "orientation" : 6
  }, {
    "shape" : "9b13dde8-4502-4511-b8c4-ac39b76423f4",
    "color" : "#000000",
    "position" : {
      "x" : 0.0,
      "y" : 1.0,
      "z" : -7.854102
    },
    "orientation" : 8
  }, {
    "shape" : "5e15c915-8f1c-40c7-a318-3c292f4af4c6",
    "color" : "#000000",
    "position" : {
      "x" : -4.381966,
      "y" : -11.472136,
      "z" : 0.0
    },
    "orientation" : 2
  }, {
    "shape" : "d0794ad6-190e-4a92-87ee-d9d37109db40",
    "color" : "#FFFF00",
    "position" : {
      "x" : 6.854102,
      "y" : -6.854102,
      "z" : -6.854102
    },
    "orientation" : 54
  }, {
    "shape" : "af1abde0-10d7-4af5-9f6f-8647457a17c9",
    "color" : "#9999FF",
    "position" : {
      "x" : -4.381966,
      "y" : -2.708204,
      "z" : -5.416408
    },
    "orientation" : 54
  }, {
    "shape" : "da8c7be1-b574-4a19-a614-f974a9616a73",
    "color" : "#0066FF",
    "position" : {
      "x" : 4.236068,
      "y" : -11.09017,
      "z" : 0.0
    },
    "orientation" : 3
  }, {
    "shape" : "be0a749b-4397-484b-833d-7be65641a987",
    "color" : "#9999FF",
    "position" : {
      "x" : 1.6737621,
      "y" : -1.6737621,
      "z" : -7.09017
    },
    "orientation" : 3
  }, {
    "shape" : "7bd5fa09-db0e-467a-ad80-e82dd7ff4d89",
    "color" : "#FFFF00",
    "position" : {
      "x" : 6.854102,
      "y" : -6.854102,
      "z" : -6.854102
    },
    "orientation" : 9
  }, {
    "shape" : "ed304144-2654-4e4a-b238-ba129a97f0f8",
    "color" : "#00CC00",
    "position" : {
      "x" : 0.0,
      "y" : 1.0,
      "z" : -7.854102
    },
    "orientation" : 4
  }, {
    "shape" : "082cf1c7-a67a-49fb-86df-064cf908d8fb",
    "color" : "#9999FF",
    "position" : {
      "x" : -4.381966,
      "y" : -2.708204,
      "z" : 0.0
    },
    "orientation" : 38
  }, {
    "shape" : "0b87da3a-5850-44e5-b27d-1be6acd80668",
    "color" : "#000000",
    "position" : {
      "x" : -1.0344418,
      "y" : 0.63932025,
      "z" : -8.763932
    },
    "orientation" : 5
  }, {
    "shape" : "0dfa7271-1d2a-4dda-a0e5-ea6823f1f1bd",
    "color" : "#9999FF",
    "position" : {
      "x" : 4.381966,
      "y" : -2.708204,
      "z" : 0.0
    },
    "orientation" : 8
  }, {
    "shape" : "e57a2e56-4cb4-47c0-b3fb-175a931b194a",
    "color" : "#9999FF",
    "position" : {
      "x" : -2.708204,
      "y" : -7.838699,
      "z" : -5.8790245
    },
    "orientation" : 16
  }, {
    "shape" : "795c080e-9abc-46a0-8d97-f8e4726b2821",
    "color" : "#000000",
    "position" : {
      "x" : 7.09017,
      "y" : -7.09017,
      "z" : -7.09017
    },
    "orientation" : 6
  }, {
    "shape" : "54529952-cab2-43a9-a5c9-dd17a83d4b1b",
    "color" : "#FF6600",
    "position" : {
      "x" : 2.618034,
      "y" : -5.236068,
      "z" : -4.236068
    },
    "orientation" : 6
  }, {
    "shape" : "10d2925a-fa47-4a02-983a-84414c5f87a6",
    "color" : "#CC0000",
    "position" : {
      "x" : -5.236068,
      "y" : -4.236068,
      "z" : -2.618034
    },
    "orientation" : 0
  }, {
    "shape" : "9ddd0fc3-469d-464b-becf-79086671593b",
    "color" : "#0066FF",
    "position" : {
      "x" : 4.236068,
      "y" : -11.09017,
      "z" : 0.0
    },
    "orientation" : 30
  }, {
    "shape" : "0dfa7271-1d2a-4dda-a0e5-ea6823f1f1bd",
    "color" : "#9999FF",
    "position" : {
      "x" : 0.0,
      "y" : -4.381966,
      "z" : -6.055728
    },
    "orientation" : 16
  }, {
    "shape" : "f34942a1-52f2-45fb-9677-d0dbcffb7b12",
    "color" : "#FFFF00",
    "position" : {
      "x" : -4.236068,
      "y" : -5.854102,
      "z" : 3.236068
    },
    "orientation" : 9
  }, {
    "shape" : "082cf1c7-a67a-49fb-86df-064cf908d8fb",
    "color" : "#9999FF",
    "position" : {
      "x" : -1.6737621,
      "y" : -7.09017,
      "z" : -1.6737621
    },
    "orientation" : 24
  }, {
    "shape" : "af1abde0-10d7-4af5-9f6f-8647457a17c9",
    "color" : "#9999FF",
    "position" : {
      "x" : -4.381966,
      "y" : -6.055728,
      "z" : 0.0
    },
    "orientation" : 38
  }, {
    "shape" : "581dba8e-193a-4db9-8a44-9e362a4094d5",
    "color" : "#000000",
    "position" : {
      "x" : -4.236068,
      "y" : -2.618034,
      "z" : 0.0
    },
    "orientation" : 2
  }, {
    "shape" : "af7eedd4-b53d-400c-844b-d57964367d7f",
    "color" : "#CC0000",
    "position" : {
      "x" : 4.236068,
      "y" : -2.618034,
      "z" : -5.236068
    },
    "orientation" : 2
  }, {
    "shape" : "75887391-92b1-4999-ae91-774ee5ec8565",
    "color" : "#000000",
    "position" : {
      "x" : 5.416408,
      "y" : -6.4508495,
      "z" : 2.708204
    },
    "orientation" : 31
  }, {
    "shape" : "ed304144-2654-4e4a-b238-ba129a97f0f8",
    "color" : "#CC0000",
    "position" : {
      "x" : 6.854102,
      "y" : -1.618034,
      "z" : -3.618034
    },
    "orientation" : 1
  }, {
