{
  "field" : "golden",
  "symmetry" : "icosahedral",
  "orientations" : [ [ 1.0, 0.0, 0.0, 0.0, 0.0, 1.0, 0.0, 0.0, 0.0, 0.0, 1.0, 0.0, 0.0, 0.0, 0.0, 1.0 ], [ 0.0, 0.0, 1.0, 0.0, 1.0, 0.0, 0.0, 0.0, 0.0, 1.0, 0.0, 0.0, 0.0, 0.0, 0.0, 1.0 ], [ 0.0, 1.0, 0.0, 0.0, 0.0, 0.0, 1.0, 0.0, 1.0, 0.0, 0.0, 0.0, 0.0, 0.0, 0.0, 1.0 ], [ 0.809017, 0.309017, 0.5, 0.0, 0.309017, 0.5, -0.809017, 0.0, -0.5, 0.809017, 0.309017, 0.0, 0.0, 0.0, 0.0, 1.0 ], [ -0.5, 0.809017, 0.309017, 0.0, 0.809017, 0.309017, 0.5, 0.0, 0.309017, 0.5, -0.809017, 0.0, 0.0, 0.0, 0.0, 1.0 ], [ 0.309017, 0.5, -0.809017, 0.0, -0.5, 0.809017, 0.309017, 0.0, 0.809017, 0.309017, 0.5, 0.0, 0.0, 0.0, 0.0, 1.0 ], [ 0.5, 0.809017, 0.309017, 0.0, 0.809017, -0.309017, -0.5, 0.0, -0.309017, 0.5, -0.809017, 0.0, 0.0, 0.0, 0.0, 1.0 ], [ -0.309017, 0.5, -0.809017, 0.0, 0.5, 0.809017, 0.309017, 0.0, 0.809017, -0.309017, -0.5, 0.0, 0.0, 0.0, 0.0, 1.0 ], [ 0.809017, -0.309017, -0.5, 0.0, -0.309017, 0.5, -0.809017, 0.0, 0.5, 0.809017, 0.309017, 0.0, 0.0, 0.0, 0.0, 1.0 ], [ 0.5, 0.809017, -0.309017, 0.0, 0.809017, -0.309017, 0.5, 0.0, 0.309017, -0.5, -0.809017, 0.0, 0.0, 0.0, 0.0, 1.0 ], [ 0.309017, -0.5, -0.809017, 0.0, 0.5, 0.809017, -0.309017, 0.0, 0.809017, -0.309017, 0.5, 0.0, 0.0, 0.0, 0.0, 1.0 ], [ 0.809017, -0.309017, 0.5, 0.0, 0.309017, -0.5, -0.809017, 0.0, 0.5, 0.809017, -0.309017, 0.0, 0.0, 0.0, 0.0, 1.0 ], [ 0.809017, 0.309017, -0.5, 0.0, 0.309017, 0.5, 0.809017, 0.0, 0.5, -0.809017, 0.309017, 0.0, 0.0, 0.0, 0.0, 1.0 ], [ 0.5, -0.809017, 0.309017, 0.0, 0.809017, 0.309017, -0.5, 0.0, 0.309017, 0.5, 0.809017, 0.0, 0.0, 0.0, 0.0, 1.0 ], [ 0.309017, 0.5, 0.809017, 0.0, 0.5, -0.809017, 0.309017, 0.0, 0.809017, 0.309017, -0.5, 0.0, 0.0, 0.0, 0.0, 1.0 ], [ 1.0, 0.0, 0.0, 0.0, 0.0, -1.0, 0.0, 0.0, 0.0, 0.0, -1.0, 0.0, 0.0, 0.0, 0.0, 1.0 ], [ 0.0, 0.0, 1.0, 0.0, -1.0, 0.0, 0.0, 0.0, 0.0, -1.0, 0.0, 0.0, 0.0, 0.0, 0.0, 1.0 ], [ 0.0, 1.0, 0.0, 0.0, 0.0, 0.0, -1.0, 0.0, -1.0, 0.0, 0.0, 0.0, 0.0, 0.0, 0.0, 1.0 ], [ 0.809017, 0.309017, 0.5, 0.0, -0.309017, -0.5, 0.809017, 0.0, 0.5, -0.809017, -0.309017, 0.0, 0.0, 0.0, 0.0, 1.0 ], [ -0.5, 0.809017, 0.309017, 0.0, -0.809017, -0.309017, -0.5, 0.0, -0.309017, -0.5, 0.809017, 0.0, 0.0, 0.0, 0.0, 1.0 ], [ 0.309017, 0.5, -0.809017, 0.0, 0.5, -0.809017, -0.309017, 0.0, -0.809017, -0.309017, -0.5, 0.0, 0.0, 0.0, 0.0, 1.0 ], [ 0.5, 0.809017, 0.309017, 0.0, -0.809017, 0.309017, 0.5, 0.0, 0.309017, -0.5, 0.809017, 0.0, 0.0, 0.0, 0.0, 1.0 ], [ -0.309017, 0.5, -0.809017, 0.0, -0.5, -0.809017, -0.309017, 0.0, -0.809017, 0.309017, 0.5, 0.0, 0.0, 0.0, 0.0, 1.0 ], [ 0.809017, -0.309017, -0.5, 0.0, 0.309017, -0.5, 0.809017, 0.0, -0.5, -0.809017, -0.309017, 0.0, 0.0, 0.0, 0.0, 1.0 ], [ 0.5, 0.809017, -0.309017, 0.0, -0.809017, 0.309017, -0.5, 0.0, -0.309017, 0.5, 0.809017, 0.0, 0.0, 0.0, 0.0, 1.0 ], [ 0.309017, -0.5, -0.809017, 0.0, -0.5, -0.809017, 0.309017, 0.0, -0.809017, 0.309017, -0.5, 0.0, 0.0, 0.0, 0.0, 1.0 ], [ 0.809017, -0.309017, 0.5, 0.0, -0.309017, 0.5, 0.809017, 0.0, -0.5, -0.809017, 0.309017, 0.0, 0.0, 0.0, 0.0, 1.0 ], [ 0.809017, 0.309017, -0.5, 0.0, -0.309017, -0.5, -0.809017, 0.0, -0.5, 0.809017, -0.309017, 0.0, 0.0, 0.0, 0.0, 1.0 ], [ 0.5, -0.809017, 0.309017, 0.0, -0.809017, -0.309017, 0.5, 0.0, -0.309017, -0.5, -0.809017, 0.0, 0.0, 0.0, 0.0, 1.0 ], [ 0.309017, 0.5, 0.809017, 0.0, -0.5, 0.809017, -0.309017, 0.0, -0.809017, -0.309017, 0.5, 0.0, 0.0, 0.0, 0.0, 1.0 ], [ -1.0, 0.0, 0.0, 0.0, 0.0, -1.0, 0.0, 0.0, 0.0, 0.0, 1.0, 0.0, 0.0, 0.0, 0.0, 1.0 ], [ 0.0, 0.0, -1.0, 0.0, -1.0, 0.0, 0.0, 0.0, 0.0, 1.0, 0.0, 0.0, 0.0, 0.0, 0.0, 1.0 ], [ 0.0, -1.0, 0.0, 0.0, 0.0, 0.0, -1.0, 0.0, 1.0, 0.0, 0.0, 0.0, 0.0, 0.0, 0.0, 1.0 ], [ -0.809017, -0.309017, -0.5, 0.0, -0.309017, -0.5, 0.809017, 0.0, -0.5, 0.809017, 0.309017, 0.0, 0.0, 0.0, 0.0, 1.0 ], [ 0.5, -0.809017, -0.309017, 0.0, -0.809017, -0.309017, -0.5, 0.0, 0.309017, 0.5, -0.809017, 0.0, 0.0, 0.0, 0.0, 1.0 ], [ -0.309017, -0.5, 0.809017, 0.0, 0.5, -0.809017, -0.309017, 0.0, 0.809017, 0.309017, 0.5, 0.0, 0.0, 0.0, 0.0, 1.0 ], [ -0.5, -0.809017, -0.309017, 0.0, -0.809017, 0.309017, 0.5, 0.0, -0.309017, 0.5, -0.809017, 0.0, 0.0, 0.0, 0.0, 1.0 ], [ 0.309017, -0.5, 0.809017, 0.0, -0.5, -0.809017, -0.309017, 0.0, 0.809017, -0.309017, -0.5, 0.0, 0.0, 0.0, 0.0, 1.0 ], [ -0.809017, 0.309017, 0.5, 0.0, 0.309017, -0.5, 0.809017, 0.0, 0.5, 0.809017, 0.309017, 0.0, 0.0, 0.0, 0.0, 1.0 ], [ -0.5, -0.809017, 0.309017, 0.0, -0.809017, 0.309017, -0.5, 0.0, 0.309017, -0.5, -0.809017, 0.0, 0.0, 0.0, 0.0, 1.0 ], [ -0.309017, 0.5, 0.809017, 0.0, -0.5, -0.809017, 0.309017, 0.0, 0.809017, -0.309017, 0.5, 0.0, 0.0, 0.0, 0.0, 1.0 ], [ -0.809017, 0.309017, -0.5, 0.0, -0.309017, 0.5, 0.809017, 0.0, 0.5, 0.809017, -0.309017, 0.0, 0.0, 0.0, 0.0, 1.0 ], [ -0.809017, -0.309017, 0.5, 0.0, -0.309017, -0.5, -0.809017, 0.0, 0.5, -0.809017, 0.309017, 0.0, 0.0, 0.0, 0.0, 1.0 ], [ -0.5, 0.809017, -0.309017, 0.0, -0.809017, -0.309017, 0.5, 0.0, 0.309017, 0.5, 0.809017, 0.0, 0.0, 0.0, 0.0, 1.0 ], [ -0.309017, -0.5, -0.809017, 0.0, -0.5, 0.809017, -0.309017, 0.0, 0.809017, 0.309017, -0.5, 0.0, 0.0, 0.0, 0.0, 1.0 ], [ -1.0, 0.0, 0.0, 0.0, 0.0, 1.0, 0.0, 0.0, 0.0, 0.0, -1.0, 0.0, 0.0, 0.0, 0.0, 1.0 ], [ 0.0, 0.0, -1.0, 0.0, 1.0, 0.0, 0.0, 0.0, 0.0, -1.0, 0.0, 0.0, 0.0, 0.0, 0.0, 1.0 ], [ 0.0, -1.0, 0.0, 0.0, 0.0, 0.0, 1.0, 0.0, -1.0, 0.0, 0.0, 0.0, 0.0, 0.0, 0.0, 1.0 ], [ -0.809017, -0.309017, -0.5, 0.0, 0.309017, 0.5, -0.809017, 0.0, 0.5, -0.809017, -0.309017, 0.0, 0.0, 0.0, 0.0, 1.0 ], [ 0.5, -0.809017, -0.309017, 0.0, 0.809017, 0.309017, 0.5, 0.0, -0.309017, -0.5, 0.809017, 0.0, 0.0, 0.0, 0.0, 1.0 ], [ -0.309017, -0.5, 0.809017, 0.0, -0.5, 0.809017, 0.309017, 0.0, -0.809017, -0.309017, -0.5, 0.0, 0.0, 0.0, 0.0, 1.0 ], [ -0.5, -0.809017, -0.309017, 0.0, 0.809017, -0.309017, -0.5, 0.0, 0.309017, -0.5, 0.809017, 0.0, 0.0, 0.0, 0.0, 1.0 ], [ 0.309017, -0.5, 0.809017, 0.0, 0.5, 0.809017, 0.309017, 0.0, -0.809017, 0.309017, 0.5, 0.0, 0.0, 0.0, 0.0, 1.0 ], [ -0.809017, 0.309017, 0.5, 0.0, -0.309017, 0.5, -0.809017, 0.0, -0.5, -0.809017, -0.309017, 0.0, 0.0, 0.0, 0.0, 1.0 ], [ -0.5, -0.809017, 0.309017, 0.0, 0.809017, -0.309017, 0.5, 0.0, -0.309017, 0.5, 0.809017, 0.0, 0.0, 0.0, 0.0, 1.0 ], [ -0.309017, 0.5, 0.809017, 0.0, 0.5, 0.809017, -0.309017, 0.0, -0.809017, 0.309017, -0.5, 0.0, 0.0, 0.0, 0.0, 1.0 ], [ -0.809017, 0.309017, -0.5, 0.0, 0.309017, -0.5, -0.809017, 0.0, -0.5, -0.809017, 0.309017, 0.0, 0.0, 0.0, 0.0, 1.0 ], [ -0.809017, -0.309017, 0.5, 0.0, 0.309017, 0.5, 0.809017, 0.0, -0.5, 0.809017, -0.309017, 0.0, 0.0, 0.0, 0.0, 1.0 ], [ -0.5, 0.809017, -0.309017, 0.0, 0.809017, 0.309017, -0.5, 0.0, -0.309017, -0.5, -0.809017, 0.0, 0.0, 0.0, 0.0, 1.0 ], [ -0.309017, -0.5, -0.809017, 0.0, 0.5, -0.809017, 0.309017, 0.0, -0.809017, -0.309017, 0.5, 0.0, 0.0, 0.0, 0.0, 1.0 ] ],
  "lights" : {
    "ambientColor" : "#292929",
    "backgroundColor" : "#AFC8DC",
    "directionalLights" : [ {
      "direction" : {
        "x" : 1.0,
        "y" : -1.0,
        "z" : -1.0
      },
      "color" : "#EBEBE4"
    }, {
      "direction" : {
        "x" : -1.0,
        "y" : 0.0,
        "z" : 0.0
      },
      "color" : "#E4E4EB"
    }, {
      "direction" : {
        "x" : 0.0,
        "y" : 0.0,
        "z" : -1.0
      },
      "color" : "#1E1E1E"
    } ]
  },
  "camera" : {
    "viewDistance" : 619.47943,
    "nearClipDistance" : 1.5486982,
    "farClipDistance" : 1238.9572,
    "lookAtPoint" : {
      "x" : 0.0,
      "y" : 0.0,
      "z" : 0.0
    },
    "fieldOfView" : 0.44262913,
    "perspective" : true,
    "lookDirection" : {
      "x" : 0.8413947,
      "y" : 0.5387678,
      "z" : 0.042281102
    },
    "upDirection" : {
      "x" : 0.026778184,
      "y" : 0.03657486,
      "z" : -0.99896663
    },
    "width" : 278.7659,
    "stereo" : false,
    "position" : {
      "x" : -521.22675,
      "y" : -333.75558,
      "z" : -26.192274
    }
  },
  "embedding" : [ 1.0, 0.0, 0.0, 0.0, 0.0, 1.0, 0.0, 0.0, 0.0, 0.0, 1.0, 0.0, 0.0, 0.0, 0.0, 1.0 ],
  "shapes" : [ {
    "id" : "92faf23d-21b7-4375-8485-482831ff1e3e",
    "vertices" : [ {
      "x" : 0.559017,
      "y" : 0.4045085,
      "z" : 0.7725425
    }, {
      "x" : 0.5,
      "y" : 0.38196602,
      "z" : 0.809017
    }, {
      "x" : 0.309017,
      "y" : 0.309017,
      "z" : 0.927051
    }, {
      "x" : 0.25,
      "y" : 0.2864745,
      "z" : 0.9635255
    }, {
      "x" : 0.309017,
      "y" : 0.809017,
      "z" : 0.618034
    }, {
      "x" : 0.0,
      "y" : 0.690983,
      "z" : 0.809017
    }, {
      "x" : 0.042572472,
      "y" : 0.5570832,
      "z" : 1.7245873
    }, {
      "x" : 0.6101011,
      "y" : 0.8590048,
      "z" : 1.5278641
    }, {
      "x" : 0.46420303,
      "y" : 0.80327666,
      "z" : 1.618034
    }, {
      "x" : 0.14589803,
      "y" : 0.681695,
      "z" : 1.8147573
    }, {
      "x" : 0.14589803,
      "y" : 1.318305,
      "z" : 1.4213107
    }, {
      "x" : -0.17240697,
      "y" : 1.1967233,
      "z" : 1.618034
    }, {
      "x" : 11.262577,
      "y" : 74.81643,
      "z" : 121.37383
    }, {
      "x" : 10.944272,
      "y" : 74.69485,
      "z" : 121.57056
    }, {
      "x" : 10.944272,
      "y" : 75.33146,
      "z" : 121.17711
    }, {
      "x" : 10.625967,
      "y" : 75.20988,
      "z" : 121.37383
    }, {
      "x" : 11.09017,
      "y" : 75.322174,
      "z" : 122.18285
    }, {
      "x" : 10.781153,
      "y" : 75.20414,
      "z" : 122.37383
    }, {
      "x" : 10.84017,
      "y" : 75.726685,
      "z" : 122.02834
    }, {
      "x" : 10.531153,
      "y" : 75.60865,
      "z" : 122.21933
    }, {
      "x" : 11.09017,
      "y" : 76.01315,
      "z" : 122.99187
    } ],
    "faces" : [ {
      "vertices" : [ 13, 17, 19 ]
    }, {
      "vertices" : [ 13, 19, 15 ]
    }, {
      "vertices" : [ 14, 15, 19 ]
    }, {
      "vertices" : [ 14, 19, 18 ]
    }, {
      "vertices" : [ 16, 18, 19 ]
    }, {
      "vertices" : [ 16, 19, 17 ]
    }, {
      "vertices" : [ 0, 7, 1 ]
    }, {
      "vertices" : [ 8, 12, 13 ]
    }, {
      "vertices" : [ 8, 13, 9 ]
    }, {
      "vertices" : [ 0, 4, 7 ]
    }, {
      "vertices" : [ 2, 6, 3 ]
    }, {
      "vertices" : [ 0, 3, 5 ]
    }, {
      "vertices" : [ 0, 5, 4 ]
    }, {
      "vertices" : [ 8, 10, 14 ]
    }, {
      "vertices" : [ 8, 14, 12 ]
    }, {
      "vertices" : [ 3, 6, 5 ]
    }, {
      "vertices" : [ 1, 7, 8 ]
    }, {
      "vertices" : [ 9, 13, 15 ]
    }, {
      "vertices" : [ 9, 15, 11 ]
    }, {
      "vertices" : [ 2, 9, 6 ]
    }, {
      "vertices" : [ 10, 11, 15 ]
    }, {
      "vertices" : [ 10, 15, 14 ]
    }, {
      "vertices" : [ 1, 8, 9 ]
    }, {
      "vertices" : [ 1, 9, 2 ]
    }, {
      "vertices" : [ 4, 10, 7 ]
    }, {
      "vertices" : [ 5, 6, 11 ]
    }, {
      "vertices" : [ 7, 10, 8 ]
    }, {
      "vertices" : [ 6, 9, 11 ]
    }, {
      "vertices" : [ 12, 16, 17 ]
    }, {
      "vertices" : [ 12, 17, 13 ]
    }, {
      "vertices" : [ 12, 14, 18 ]
    }, {
      "vertices" : [ 12, 18, 16 ]
    }, {
      "vertices" : [ 4, 5, 11 ]
    }, {
      "vertices" : [ 4, 11, 10 ]
    } ]
  }, {
    "id" : "836e3a03-10a0-430d-a0b4-86d02ddabe57",
    "vertices" : [ {
      "x" : 1.0,
      "y" : -0.309017,
      "z" : -0.19098301
    }, {
      "x" : 0.809017,
      "y" : 0.0,
      "z" : -0.690983
    }, {
      "x" : 1.0,
      "y" : 0.309017,
      "z" : -0.19098301
    }, {
      "x" : 1.809017,
      "y" : 0.0,
      "z" : -0.309017
    }, {
      "x" : 1.618034,
      "y" : 0.309017,
      "z" : -0.809017
    }, {
      "x" : 2.0,
      "y" : 0.309017,
      "z" : -0.19098301
    }, {
      "x" : 1.809017,
      "y" : 0.618034,
      "z" : -0.690983
    }, {
      "x" : 83.17628,
      "y" : 13.899187,
      "z" : -22.798374
    }, {
      "x" : 82.98529,
      "y" : 14.208204,
      "z" : -23.298374
    }, {
      "x" : 83.367256,
      "y" : 14.208204,
      "z" : -22.68034
    }, {
      "x" : 83.17628,
      "y" : 14.5172205,
      "z" : -23.18034
    }, {
      "x" : 83.98529,
      "y" : 14.208204,
      "z" : -23.298374
    }, {
      "x" : 84.17628,
      "y" : 14.5172205,
      "z" : -22.798374
    }, {
      "x" : 83.98529,
      "y" : 14.826238,
      "z" : -23.298374
    }, {
      "x" : 84.98529,
      "y" : 14.5172205,
      "z" : -23.489357
    } ],
    "faces" : [ {
      "vertices" : [ 8, 13, 11 ]
    }, {
      "vertices" : [ 2, 5, 9 ]
    }, {
      "vertices" : [ 2, 9, 10 ]
    }, {
      "vertices" : [ 2, 10, 6 ]
    }, {
      "vertices" : [ 3, 4, 8 ]
    }, {
      "vertices" : [ 3, 8, 11 ]
    }, {
      "vertices" : [ 3, 11, 7 ]
    }, {
      "vertices" : [ 0, 2, 1 ]
    }, {
      "vertices" : [ 11, 13, 12 ]
    }, {
      "vertices" : [ 0, 5, 2 ]
    }, {
      "vertices" : [ 0, 3, 5 ]
    }, {
      "vertices" : [ 0, 1, 4 ]
    }, {
      "vertices" : [ 0, 4, 3 ]
    }, {
      "vertices" : [ 1, 2, 6 ]
    }, {
      "vertices" : [ 1, 6, 4 ]
    }, {
      "vertices" : [ 9, 12, 13 ]
    }, {
      "vertices" : [ 9, 13, 10 ]
    }, {
      "vertices" : [ 3, 7, 9 ]
    }, {
      "vertices" : [ 3, 9, 5 ]
    }, {
      "vertices" : [ 7, 12, 9 ]
    }, {
      "vertices" : [ 4, 6, 10 ]
    }, {
      "vertices" : [ 4, 10, 8 ]
    }, {
      "vertices" : [ 7, 11, 12 ]
    }, {
      "vertices" : [ 8, 10, 13 ]
    } ]
  }, {
    "id" : "5fa33cde-2628-4164-8169-c332a04d840c",
    "vertices" : [ {
      "x" : 18.253288,
      "y" : 17.753288,
      "z" : 133.08205
    }, {
      "x" : 17.326239,
      "y" : 17.444271,
      "z" : 131.77303
    }, {
      "x" : 0.618034,
      "y" : 0.11803399,
      "z" : 2.309017
    }, {
      "x" : 0.0,
      "y" : 0.11803399,
      "z" : 2.309017
    }, {
      "x" : -0.309017,
      "y" : 0.19098301,
      "z" : 1.0
    }, {
      "x" : 0.309017,
      "y" : 0.19098301,
      "z" : 1.0
    }, {
      "x" : 17.944271,
      "y" : 17.444271,
      "z" : 131.77303
    }, {
      "x" : 17.326239,
      "y" : 17.826239,
      "z" : 131.77303
    }, {
      "x" : 0.0,
      "y" : 0.690983,
      "z" : 0.809017
    }, {
      "x" : 0.0,
      "y" : 0.5,
      "z" : 2.309017
    }, {
      "x" : 17.635256,
      "y" : 17.753288,
      "z" : 133.08205
    }, {
      "x" : 17.944271,
      "y" : 17.253288,
      "z" : 133.27303
    }, {
      "x" : 17.944271,
      "y" : 17.826239,
      "z" : 131.77303
    }, {
      "x" : 0.618034,
      "y" : 0.5,
      "z" : 2.309017
    }, {
      "x" : 17.944271,
      "y" : 17.944271,
      "z" : 134.08205
    } ],
    "faces" : [ {
      "vertices" : [ 2, 13, 12 ]
    }, {
      "vertices" : [ 2, 12, 6 ]
    }, {
      "vertices" : [ 7, 12, 13 ]
    }, {
      "vertices" : [ 7, 13, 9 ]
    }, {
      "vertices" : [ 1, 3, 2 ]
    }, {
      "vertices" : [ 1, 2, 6 ]
    }, {
      "vertices" : [ 2, 3, 4 ]
    }, {
      "vertices" : [ 2, 4, 5 ]
    }, {
      "vertices" : [ 3, 9, 4 ]
    }, {
      "vertices" : [ 0, 11, 6 ]
    }, {
      "vertices" : [ 1, 10, 7 ]
    }, {
      "vertices" : [ 0, 6, 12 ]
    }, {
      "vertices" : [ 1, 6, 11 ]
    }, {
      "vertices" : [ 2, 5, 13 ]
    }, {
      "vertices" : [ 1, 7, 9 ]
    }, {
      "vertices" : [ 1, 9, 3 ]
    }, {
      "vertices" : [ 4, 9, 8 ]
    }, {
      "vertices" : [ 1, 11, 10 ]
    }, {
      "vertices" : [ 5, 8, 13 ]
    }, {
      "vertices" : [ 0, 12, 7 ]
    }, {
      "vertices" : [ 0, 7, 10 ]
    }, {
      "vertices" : [ 8, 9, 13 ]
    } ]
  }, {
    "id" : "9bb7be16-6cf0-4a02-b1be-3595e48de382",
    "vertices" : [ {
      "x" : 1.0,
      "y" : 0.309017,
      "z" : -0.19098301
    }, {
      "x" : 1.0,
      "y" : 0.309017,
      "z" : 0.19098301
    }, {
      "x" : 1.0,
      "y" : -0.309017,
      "z" : -0.19098301
    }, {
      "x" : 1.0,
      "y" : -0.309017,
      "z" : 0.19098301
    }, {
      "x" : 2.236068,
      "y" : 0.618034,
      "z" : -0.045084972
    }, {
      "x" : 2.236068,
      "y" : 0.23606798,
      "z" : -0.045084972
    }, {
      "x" : 2.236068,
      "y" : 0.618034,
      "z" : 0.572949
    }, {
      "x" : 2.236068,
      "y" : 0.23606798,
      "z" : 0.572949
    }, {
      "x" : 149.79024,
      "y" : 28.798374,
      "z" : 17.371323
    }, {
      "x" : 149.79024,
      "y" : 28.416409,
      "z" : 17.371323
    }, {
      "x" : 149.79024,
      "y" : 28.798374,
      "z" : 17.989357
    }, {
      "x" : 149.97058,
      "y" : 29.055729,
      "z" : 18.010643
    }, {
      "x" : 149.79024,
      "y" : 28.416409,
      "z" : 17.989357
    }, {
      "x" : 150.08205,
      "y" : 28.249224,
      "z" : 18.023798
    }, {
      "x" : 151.0263,
      "y" : 29.343458,
      "z" : 17.753288
    }, {
      "x" : 151.0263,
      "y" : 29.343458,
      "z" : 18.135256
    }, {
      "x" : 151.0263,
      "y" : 28.725426,
      "z" : 17.753288
    }, {
      "x" : 151.0263,
      "y" : 28.725426,
      "z" : 18.135256
    }, {
      "x" : 152.0263,
      "y" : 29.034441,
      "z" : 17.944271
    } ],
    "faces" : [ {
      "vertices" : [ 8, 11, 14 ]
    }, {
      "vertices" : [ 5, 9, 12 ]
    }, {
      "vertices" : [ 5, 12, 7 ]
    }, {
      "vertices" : [ 9, 13, 12 ]
    }, {
      "vertices" : [ 6, 7, 12 ]
    }, {
      "vertices" : [ 6, 12, 10 ]
    }, {
      "vertices" : [ 10, 15, 11 ]
    }, {
      "vertices" : [ 9, 16, 13 ]
    }, {
      "vertices" : [ 11, 15, 14 ]
    }, {
      "vertices" : [ 12, 13, 17 ]
    }, {
      "vertices" : [ 0, 1, 6 ]
    }, {
      "vertices" : [ 0, 6, 4 ]
    }, {
      "vertices" : [ 0, 4, 5 ]
    }, {
      "vertices" : [ 0, 5, 2 ]
    }, {
      "vertices" : [ 13, 16, 17 ]
    }, {
      "vertices" : [ 8, 14, 16 ]
    }, {
      "vertices" : [ 8, 16, 9 ]
    }, {
      "vertices" : [ 1, 3, 7 ]
    }, {
      "vertices" : [ 1, 7, 6 ]
    }, {
      "vertices" : [ 2, 5, 7 ]
    }, {
      "vertices" : [ 2, 7, 3 ]
    }, {
      "vertices" : [ 10, 12, 17 ]
    }, {
      "vertices" : [ 10, 17, 15 ]
    }, {
      "vertices" : [ 4, 8, 9 ]
    }, {
      "vertices" : [ 4, 9, 5 ]
    }, {
      "vertices" : [ 4, 6, 10 ]
    }, {
      "vertices" : [ 4, 10, 8 ]
    }, {
      "vertices" : [ 8, 10, 11 ]
    } ]
  }, {
    "id" : "f3dfead9-593b-4969-ac8a-c6aa042b780e",
    "vertices" : [ {
      "x" : 10.618034,
      "y" : 28.798374,
      "z" : 149.79024
    }, {
      "x" : 10.781153,
      "y" : 29.225426,
      "z" : 151.0263
    }, {
      "x" : 11.399187,
      "y" : 29.225426,
      "z" : 151.0263
    }, {
      "x" : 11.236068,
      "y" : 28.798374,
      "z" : 149.79024
    }, {
      "x" : 11.236068,
      "y" : 28.416409,
      "z" : 149.79024
    }, {
      "x" : 11.399187,
      "y" : 28.843458,
      "z" : 151.0263
    }, {
      "x" : -0.309017,
      "y" : -0.19098301,
      "z" : 1.0
    }, {
      "x" : 0.309017,
      "y" : -0.19098301,
      "z" : 1.0
    }, {
      "x" : 0.47213596,
      "y" : 0.23606798,
      "z" : 2.236068
    }, {
      "x" : -0.14589803,
      "y" : 0.23606798,
      "z" : 2.236068
    }, {
      "x" : 0.47213596,
      "y" : 0.618034,
      "z" : 2.236068
    }, {
      "x" : 11.09017,
      "y" : 29.034441,
      "z" : 152.0263
    }, {
      "x" : 10.618034,
      "y" : 28.416409,
      "z" : 149.79024
    }, {
      "x" : -0.14589803,
      "y" : 0.618034,
      "z" : 2.236068
    }, {
      "x" : 0.309017,
      "y" : 0.19098301,
      "z" : 1.0
    }, {
      "x" : -0.309017,
      "y" : 0.19098301,
      "z" : 1.0
    }, {
      "x" : 10.781153,
      "y" : 28.843458,
      "z" : 151.0263
    } ],
    "faces" : [ {
      "vertices" : [ 4, 12, 9 ]
    }, {
      "vertices" : [ 4, 9, 8 ]
    }, {
      "vertices" : [ 0, 13, 9 ]
    }, {
      "vertices" : [ 0, 9, 12 ]
    }, {
      "vertices" : [ 10, 14, 15 ]
    }, {
      "vertices" : [ 10, 15, 13 ]
    }, {
      "vertices" : [ 4, 5, 16 ]
    }, {
      "vertices" : [ 4, 16, 12 ]
    }, {
      "vertices" : [ 0, 1, 2 ]
    }, {
      "vertices" : [ 0, 2, 3 ]
    }, {
      "vertices" : [ 7, 14, 10 ]
    }, {
      "vertices" : [ 7, 10, 8 ]
    }, {
      "vertices" : [ 3, 4, 8 ]
    }, {
      "vertices" : [ 3, 8, 10 ]
    }, {
      "vertices" : [ 0, 3, 10 ]
    }, {
      "vertices" : [ 0, 10, 13 ]
    }, {
      "vertices" : [ 6, 9, 13 ]
    }, {
      "vertices" : [ 6, 13, 15 ]
    }, {
      "vertices" : [ 0, 12, 16 ]
    }, {
      "vertices" : [ 0, 16, 1 ]
    }, {
      "vertices" : [ 6, 7, 8 ]
    }, {
      "vertices" : [ 6, 8, 9 ]
    }, {
      "vertices" : [ 2, 5, 4 ]
    }, {
      "vertices" : [ 2, 4, 3 ]
    } ]
  }, {
    "id" : "b9400c22-fd6d-46ea-9bef-76624e64fb56",
    "vertices" : [ {
      "x" : 1.927051,
      "y" : 0.809017,
      "z" : 0.0
    }, {
      "x" : 144.55417,
      "y" : 37.815594,
      "z" : -14.135255
    }, {
      "x" : 144.55417,
      "y" : 37.815594,
      "z" : -14.5172205
    }, {
      "x" : 1.927051,
      "y" : 0.809017,
      "z" : -0.38196602
    }, {
      "x" : 145.48123,
      "y" : 37.69756,
      "z" : -14.708204
    }, {
      "x" : 144.55417,
      "y" : 37.19756,
      "z" : -14.135255
    }, {
      "x" : 145.48123,
      "y" : 37.69756,
      "z" : -14.326238
    }, {
      "x" : 145.48123,
      "y" : 38.315594,
      "z" : -14.326238
    }, {
      "x" : 1.0,
      "y" : -0.309017,
      "z" : 0.19098301
    }, {
      "x" : 1.927051,
      "y" : 0.19098301,
      "z" : 0.0
    }, {
      "x" : 1.0,
      "y" : 0.309017,
      "z" : 0.19098301
    }, {
      "x" : 144.55417,
      "y" : 37.19756,
      "z" : -14.5172205
    }, {
      "x" : 145.48123,
      "y" : 38.315594,
      "z" : -14.708204
    }, {
      "x" : 1.927051,
      "y" : 0.19098301,
      "z" : -0.38196602
    }, {
      "x" : 146.48123,
      "y" : 38.006577,
      "z" : -14.5172205
    }, {
      "x" : 1.0,
      "y" : -0.309017,
      "z" : -0.19098301
    }, {
      "x" : 1.0,
      "y" : 0.309017,
      "z" : -0.19098301
    } ],
    "faces" : [ {
      "vertices" : [ 1, 5, 6 ]
    }, {
      "vertices" : [ 1, 6, 7 ]
    }, {
      "vertices" : [ 0, 1, 2 ]
    }, {
      "vertices" : [ 0, 2, 3 ]
    }, {
      "vertices" : [ 5, 9, 13 ]
    }, {
      "vertices" : [ 5, 13, 11 ]
    }, {
      "vertices" : [ 1, 7, 12 ]
    }, {
      "vertices" : [ 1, 12, 2 ]
    }, {
      "vertices" : [ 4, 6, 5 ]
    }, {
      "vertices" : [ 4, 5, 11 ]
    }, {
      "vertices" : [ 0, 10, 8 ]
    }, {
      "vertices" : [ 0, 8, 9 ]
    }, {
      "vertices" : [ 2, 12, 4 ]
    }, {
      "vertices" : [ 2, 4, 11 ]
    }, {
      "vertices" : [ 2, 11, 13 ]
    }, {
      "vertices" : [ 2, 13, 3 ]
    }, {
      "vertices" : [ 8, 15, 13 ]
    }, {
      "vertices" : [ 8, 13, 9 ]
    }, {
      "vertices" : [ 0, 3, 16 ]
    }, {
      "vertices" : [ 0, 16, 10 ]
    }, {
      "vertices" : [ 3, 13, 15 ]
    }, {
      "vertices" : [ 3, 15, 16 ]
    }, {
      "vertices" : [ 0, 9, 5 ]
    }, {
      "vertices" : [ 0, 5, 1 ]
    } ]
  }, {
    "id" : "f1baf75a-2dac-4123-a1f1-e7b44806a903",
    "vertices" : [ {
      "x" : 121.27834,
      "y" : 46.13322,
      "z" : -17.812305
    }, {
      "x" : 122.30089,
      "y" : 46.169697,
      "z" : -17.944271
    }, {
      "x" : 121.27834,
      "y" : 46.13322,
      "z" : -17.43034
    }, {
      "x" : 121.087364,
      "y" : 46.442238,
      "z" : -17.93034
    }, {
      "x" : 121.087364,
      "y" : 46.442238,
      "z" : -17.548374
    }, {
      "x" : 0.809017,
      "y" : 0.618034,
      "z" : 0.309017
    }, {
      "x" : 1.0,
      "y" : 0.309017,
      "z" : 0.19098301
    }, {
      "x" : 1.9045085,
      "y" : 0.5364745,
      "z" : -0.013932022
    }, {
      "x" : 121.99187,
      "y" : 46.669697,
      "z" : -18.135256
    }, {
      "x" : 122.18285,
      "y" : 46.36068,
      "z" : -18.253288
    }, {
      "x" : 122.18285,
      "y" : 46.36068,
      "z" : -17.635256
    }, {
      "x" : 121.99187,
      "y" : 46.669697,
      "z" : -17.753288
    }, {
      "x" : 1.7135255,
      "y" : 0.8454915,
      "z" : -0.13196601
    }, {
      "x" : 0.690983,
      "y" : 0.809017,
      "z" : 0.0
    }, {
      "x" : 1.9045085,
      "y" : 0.5364745,
      "z" : -0.39589804
    }, {
      "x" : 1.7135255,
      "y" : 0.8454915,
      "z" : -0.51393205
    }, {
      "x" : 0.809017,
      "y" : 0.618034,
      "z" : -0.309017
    }, {
      "x" : 1.0,
      "y" : 0.309017,
      "z" : -0.19098301
    }, {
      "x" : 122.99187,
      "y" : 46.978714,
      "z" : -17.944271
    } ],
    "faces" : [ {
      "vertices" : [ 0, 14, 15 ]
    }, {
      "vertices" : [ 0, 15, 3 ]
    }, {
      "vertices" : [ 3, 15, 12 ]
    }, {
      "vertices" : [ 3, 12, 4 ]
    }, {
      "vertices" : [ 0, 1, 2 ]
    }, {
      "vertices" : [ 12, 15, 13 ]
    }, {
      "vertices" : [ 0, 9, 1 ]
    }, {
      "vertices" : [ 0, 3, 9 ]
    }, {
      "vertices" : [ 13, 15, 16 ]
    }, {
      "vertices" : [ 6, 17, 14 ]
    }, {
      "vertices" : [ 6, 14, 7 ]
    }, {
      "vertices" : [ 1, 10, 2 ]
    }, {
      "vertices" : [ 5, 6, 7 ]
    }, {
      "vertices" : [ 3, 8, 9 ]
    }, {
      "vertices" : [ 0, 2, 7 ]
    }, {
      "vertices" : [ 0, 7, 14 ]
    }, {
      "vertices" : [ 5, 7, 12 ]
    }, {
      "vertices" : [ 2, 4, 12 ]
    }, {
      "vertices" : [ 2, 12, 7 ]
    }, {
      "vertices" : [ 3, 4, 11 ]
    }, {
      "vertices" : [ 3, 11, 8 ]
    }, {
      "vertices" : [ 2, 10, 11 ]
    }, {
      "vertices" : [ 2, 11, 4 ]
    }, {
      "vertices" : [ 5, 12, 13 ]
    }, {
      "vertices" : [ 14, 17, 16 ]
    }, {
      "vertices" : [ 14, 16, 15 ]
    } ]
  }, {
    "id" : "32192991-78ec-4989-9663-01f34be0ef84",
    "vertices" : [ {
      "x" : 138.86319,
      "y" : 28.916409,
      "z" : -0.19098301
    }, {
      "x" : 2.072949,
      "y" : 0.73606795,
      "z" : -0.19098301
    }, {
      "x" : 2.072949,
      "y" : 0.73606795,
      "z" : 0.19098301
    }, {
      "x" : 138.86319,
      "y" : 28.916409,
      "z" : 0.19098301
    }, {
      "x" : 2.072949,
      "y" : 0.11803399,
      "z" : -0.19098301
    }, {
      "x" : 2.072949,
      "y" : 0.11803399,
      "z" : 0.19098301
    }, {
      "x" : 1.0,
      "y" : -0.309017,
      "z" : 0.19098301
    }, {
      "x" : 1.0,
      "y" : -0.309017,
      "z" : -0.19098301
    }, {
      "x" : 139.93614,
      "y" : 29.343458,
      "z" : 0.19098301
    }, {
      "x" : 139.93614,
      "y" : 29.343458,
      "z" : -0.19098301
    }, {
      "x" : 139.93614,
      "y" : 28.725426,
      "z" : 0.19098301
    }, {
      "x" : 1.0,
      "y" : 0.309017,
      "z" : -0.19098301
    }, {
      "x" : 1.0,
      "y" : 0.309017,
      "z" : 0.19098301
    }, {
      "x" : 138.86319,
      "y" : 28.298374,
      "z" : 0.19098301
    }, {
      "x" : 139.93614,
      "y" : 28.725426,
      "z" : -0.19098301
    }, {
      "x" : 138.86319,
      "y" : 28.298374,
      "z" : -0.19098301
    }, {
      "x" : 140.93614,
      "y" : 29.034441,
      "z" : 0.0
    } ],
    "faces" : [ {
      "vertices" : [ 3, 13, 10 ]
    }, {
      "vertices" : [ 3, 10, 8 ]
    }, {
      "vertices" : [ 0, 3, 8 ]
    }, {
      "vertices" : [ 0, 8, 9 ]
    }, {
      "vertices" : [ 10, 13, 15 ]
    }, {
      "vertices" : [ 10, 15, 14 ]
    }, {
      "vertices" : [ 0, 15, 4 ]
    }, {
      "vertices" : [ 0, 4, 1 ]
    }, {
      "vertices" : [ 4, 15, 13 ]
    }, {
      "vertices" : [ 4, 13, 5 ]
    }, {
      "vertices" : [ 0, 1, 2 ]
    }, {
      "vertices" : [ 0, 2, 3 ]
    }, {
      "vertices" : [ 4, 5, 6 ]
    }, {
      "vertices" : [ 4, 6, 7 ]
    }, {
      "vertices" : [ 0, 9, 14 ]
    }, {
      "vertices" : [ 0, 14, 15 ]
    }, {
      "vertices" : [ 1, 4, 7 ]
    }, {
      "vertices" : [ 1, 7, 11 ]
    }, {
      "vertices" : [ 2, 5, 13 ]
    }, {
      "vertices" : [ 2, 13, 3 ]
    }, {
      "vertices" : [ 2, 12, 6 ]
    }, {
      "vertices" : [ 2, 6, 5 ]
    }, {
      "vertices" : [ 1, 11, 12 ]
    }, {
      "vertices" : [ 1, 12, 2 ]
    } ]
  }, {
    "id" : "e314ed77-a1bd-43f9-96cd-14234c49595e",
    "vertices" : [ {
      "x" : 60.686916,
      "y" : 37.62461,
      "z" : 0.309017
    }, {
      "x" : 62.30495,
      "y" : 38.388542,
      "z" : 0.309017
    }, {
      "x" : 62.113968,
      "y" : 38.69756,
      "z" : 0.19098301
    }, {
      "x" : 0.809017,
      "y" : 0.618034,
      "z" : -0.309017
    }, {
      "x" : 0.690983,
      "y" : 0.809017,
      "z" : 0.0
    }, {
      "x" : 60.568882,
      "y" : 37.815594,
      "z" : 0.0
    }, {
      "x" : 60.686916,
      "y" : 37.62461,
      "z" : -0.309017
    }, {
      "x" : 122.18285,
      "y" : 75.39512,
      "z" : 0.309017
    }, {
      "x" : 60.8779,
      "y" : 37.315594,
      "z" : 0.19098301
    }, {
      "x" : 60.8779,
      "y" : 37.315594,
      "z" : -0.19098301
    }, {
      "x" : 62.422985,
      "y" : 38.19756,
      "z" : 0.0
    }, {
      "x" : 62.30495,
      "y" : 38.388542,
      "z" : -0.309017
    }, {
      "x" : 122.30089,
      "y" : 75.20414,
      "z" : 0.0
    }, {
      "x" : 1.0,
      "y" : 0.309017,
      "z" : 0.19098301
    }, {
      "x" : 1.0,
      "y" : 0.309017,
      "z" : -0.19098301
    }, {
      "x" : 0.809017,
      "y" : 0.618034,
      "z" : 0.309017
    }, {
      "x" : 121.99187,
      "y" : 75.70414,
      "z" : 0.19098301
    }, {
      "x" : 122.18285,
      "y" : 75.39512,
      "z" : -0.309017
    }, {
      "x" : 121.99187,
      "y" : 75.70414,
      "z" : -0.19098301
    }, {
      "x" : 122.99187,
      "y" : 76.01315,
      "z" : 0.0
    }, {
      "x" : 62.113968,
      "y" : 38.69756,
      "z" : -0.19098301
    } ],
    "faces" : [ {
      "vertices" : [ 3, 6, 9 ]
    }, {
      "vertices" : [ 3, 9, 14 ]
    }, {
      "vertices" : [ 11, 20, 18 ]
    }, {
      "vertices" : [ 11, 18, 17 ]
    }, {
      "vertices" : [ 0, 1, 2 ]
    }, {
      "vertices" : [ 0, 15, 13 ]
    }, {
      "vertices" : [ 0, 13, 8 ]
    }, {
      "vertices" : [ 6, 20, 11 ]
    }, {
      "vertices" : [ 0, 2, 5 ]
    }, {
      "vertices" : [ 0, 8, 1 ]
    }, {
      "vertices" : [ 8, 13, 14 ]
    }, {
      "vertices" : [ 8, 14, 9 ]
    }, {
      "vertices" : [ 3, 4, 5 ]
    }, {
      "vertices" : [ 3, 5, 6 ]
    }, {
      "vertices" : [ 10, 11, 17 ]
    }, {
      "vertices" : [ 10, 17, 12 ]
    }, {
      "vertices" : [ 1, 8, 10 ]
    }, {
      "vertices" : [ 0, 5, 4 ]
    }, {
      "vertices" : [ 0, 4, 15 ]
    }, {
      "vertices" : [ 2, 16, 18 ]
    }, {
      "vertices" : [ 2, 18, 20 ]
    }, {
      "vertices" : [ 1, 7, 16 ]
    }, {
      "vertices" : [ 1, 16, 2 ]
    }, {
      "vertices" : [ 6, 11, 9 ]
    }, {
      "vertices" : [ 8, 9, 10 ]
    }, {
      "vertices" : [ 2, 20, 5 ]
    }, {
      "vertices" : [ 9, 11, 10 ]
    }, {
      "vertices" : [ 1, 10, 12 ]
    }, {
      "vertices" : [ 1, 12, 7 ]
    }, {
      "vertices" : [ 5, 20, 6 ]
    } ]
  }, {
    "id" : "bd48078a-2988-4f59-b1f8-3f7c954784b5",
    "vertices" : [ {
      "x" : 0.309017,
      "y" : 0.809017,
      "z" : -0.618034
    }, {
      "x" : 0.19098301,
      "y" : 1.0,
      "z" : -0.309017
    }, {
      "x" : 0.5,
      "y" : 2.0,
      "z" : -0.809017
    }, {
      "x" : 0.618034,
      "y" : 1.809017,
      "z" : -1.118034
    }, {
      "x" : 46.978714,
      "y" : 105.0476,
      "z" : -46.978714
    }, {
      "x" : 45.86068,
      "y" : 103.429565,
      "z" : -46.169697
    }, {
      "x" : 1.0,
      "y" : 1.809017,
      "z" : -0.5
    }, {
      "x" : 46.36068,
      "y" : 103.23858,
      "z" : -45.86068
    }, {
      "x" : 46.78773,
      "y" : 104.0476,
      "z" : -46.669697
    }, {
      "x" : 46.478714,
      "y" : 103.0476,
      "z" : -46.169697
    }, {
      "x" : 45.978714,
      "y" : 103.23858,
      "z" : -46.478714
    }, {
      "x" : 46.28773,
      "y" : 104.23858,
      "z" : -46.978714
    }, {
      "x" : 46.669697,
      "y" : 104.23858,
      "z" : -46.36068
    }, {
      "x" : 1.118034,
      "y" : 1.618034,
      "z" : -0.809017
    }, {
      "x" : 0.809017,
      "y" : 0.618034,
      "z" : -0.309017
    }, {
      "x" : 46.169697,
      "y" : 104.429565,
      "z" : -46.669697
    }, {
      "x" : 0.690983,
      "y" : 0.809017,
      "z" : 0.0
    } ],
    "faces" : [ {
      "vertices" : [ 6, 16, 14 ]
    }, {
      "vertices" : [ 6, 14, 13 ]
    }, {
      "vertices" : [ 6, 13, 9 ]
    }, {
      "vertices" : [ 6, 9, 7 ]
    }, {
      "vertices" : [ 3, 10, 9 ]
    }, {
      "vertices" : [ 3, 9, 13 ]
    }, {
      "vertices" : [ 2, 6, 7 ]
    }, {
      "vertices" : [ 2, 7, 5 ]
    }, {
      "vertices" : [ 2, 5, 10 ]
    }, {
      "vertices" : [ 2, 10, 3 ]
    }, {
      "vertices" : [ 7, 9, 8 ]
    }, {
      "vertices" : [ 7, 8, 12 ]
    }, {
      "vertices" : [ 0, 1, 2 ]
    }, {
      "vertices" : [ 0, 2, 3 ]
    }, {
      "vertices" : [ 8, 9, 10 ]
    }, {
      "vertices" : [ 8, 10, 11 ]
    }, {
      "vertices" : [ 5, 7, 12 ]
    }, {
      "vertices" : [ 5, 12, 15 ]
    }, {
      "vertices" : [ 1, 16, 6 ]
    }, {
      "vertices" : [ 1, 6, 2 ]
    }, {
      "vertices" : [ 5, 15, 11 ]
    }, {
      "vertices" : [ 5, 11, 10 ]
    }, {
      "vertices" : [ 0, 3, 13 ]
    }, {
      "vertices" : [ 0, 13, 14 ]
    } ]
  }, {
    "id" : "e73ccf93-770a-4a26-bead-3831cfc76417",
    "vertices" : [ {
      "x" : 1.118034,
      "y" : 1.309017,
      "z" : 0.618034
    }, {
      "x" : 1.618034,
      "y" : 1.118034,
      "z" : 0.309017
    }, {
      "x" : 45.978714,
      "y" : 45.478714,
      "z" : 10.781153
    }, {
      "x" : 45.478714,
      "y" : 45.669697,
      "z" : 11.09017
    }, {
      "x" : 1.0,
      "y" : 1.5,
      "z" : 0.309017
    }, {
      "x" : 0.809017,
      "y" : 0.618034,
      "z" : -0.309017
    }, {
      "x" : 0.690983,
      "y" : 0.809017,
      "z" : 0.0
    }, {
      "x" : 45.86068,
      "y" : 45.669697,
      "z" : 10.472136
    }, {
      "x" : 1.5,
      "y" : 1.309017,
      "z" : 0.0
    }, {
      "x" : 45.36068,
      "y" : 45.86068,
      "z" : 10.781153
    }, {
      "x" : 0.809017,
      "y" : 0.618034,
      "z" : 0.309017
    }, {
      "x" : 1.0,
      "y" : 0.309017,
      "z" : 0.19098301
    }, {
      "x" : 1.0,
      "y" : 0.309017,
      "z" : -0.19098301
    }, {
      "x" : 46.169697,
      "y" : 46.36068,
      "z" : 10.781153
    }, {
      "x" : 46.169697,
      "y" : 46.36068,
      "z" : 11.399187
    }, {
      "x" : 45.978714,
      "y" : 46.669697,
      "z" : 10.899187
    }, {
      "x" : 45.978714,
      "y" : 46.669697,
      "z" : 11.281153
    }, {
      "x" : 46.28773,
      "y" : 46.169697,
      "z" : 11.09017
    }, {
      "x" : 46.978714,
      "y" : 46.978714,
      "z" : 11.09017
    } ],
    "faces" : [ {
      "vertices" : [ 3, 14, 16 ]
    }, {
      "vertices" : [ 2, 17, 14 ]
    }, {
      "vertices" : [ 7, 15, 13 ]
    }, {
      "vertices" : [ 0, 1, 2 ]
    }, {
      "vertices" : [ 0, 2, 3 ]
    }, {
      "vertices" : [ 2, 7, 13 ]
    }, {
      "vertices" : [ 2, 13, 17 ]
    }, {
      "vertices" : [ 9, 16, 15 ]
    }, {
      "vertices" : [ 0, 11, 1 ]
    }, {
      "vertices" : [ 4, 5, 6 ]
    }, {
      "vertices" : [ 0, 3, 9 ]
    }, {
      "vertices" : [ 0, 9, 4 ]
    }, {
      "vertices" : [ 4, 8, 5 ]
    }, {
      "vertices" : [ 1, 8, 7 ]
    }, {
      "vertices" : [ 1, 7, 2 ]
    }, {
      "vertices" : [ 2, 14, 3 ]
    }, {
      "vertices" : [ 0, 4, 6 ]
    }, {
      "vertices" : [ 0, 6, 10 ]
    }, {
      "vertices" : [ 0, 10, 11 ]
    }, {
      "vertices" : [ 1, 12, 8 ]
    }, {
      "vertices" : [ 1, 11, 12 ]
    }, {
      "vertices" : [ 5, 8, 12 ]
    }, {
      "vertices" : [ 4, 9, 7 ]
    }, {
      "vertices" : [ 4, 7, 8 ]
    }, {
      "vertices" : [ 3, 16, 9 ]
    }, {
      "vertices" : [ 7, 9, 15 ]
    } ]
  }, {
    "id" : "be7d04f1-13ce-4abc-85e5-81230ea1dde8",
    "vertices" : [ {
      "x" : 0.809017,
      "y" : 0.0,
      "z" : -0.690983
    }, {
      "x" : 1.0,
      "y" : 0.309017,
      "z" : -0.19098301
    }, {
      "x" : 60.686916,
      "y" : 0.309017,
      "z" : -22.989357
    }, {
      "x" : 60.495934,
      "y" : 0.0,
      "z" : -23.489357
    }, {
      "x" : 121.99187,
      "y" : 0.309017,
      "z" : -46.78773
    }, {
      "x" : 1.0,
      "y" : -0.309017,
      "z" : -0.19098301
    }, {
      "x" : 60.686916,
      "y" : -0.309017,
      "z" : -22.989357
    }, {
      "x" : 62.30495,
      "y" : 0.309017,
      "z" : -23.989357
    }, {
      "x" : 62.495934,
      "y" : 0.0,
      "z" : -23.489357
    }, {
      "x" : 122.99187,
      "y" : 0.0,
      "z" : -46.978714
    }, {
      "x" : 62.30495,
      "y" : -0.309017,
      "z" : -23.989357
    }, {
      "x" : 122.18285,
      "y" : 0.0,
      "z" : -46.28773
    }, {
      "x" : 121.99187,
      "y" : -0.309017,
      "z" : -46.78773
    } ],
    "faces" : [ {
      "vertices" : [ 2, 6, 8 ]
    }, {
      "vertices" : [ 4, 12, 10 ]
    }, {
      "vertices" : [ 4, 10, 7 ]
    }, {
      "vertices" : [ 2, 8, 7 ]
    }, {
      "vertices" : [ 3, 10, 6 ]
    }, {
      "vertices" : [ 3, 7, 10 ]
    }, {
      "vertices" : [ 0, 1, 2 ]
    }, {
      "vertices" : [ 0, 2, 3 ]
    }, {
      "vertices" : [ 6, 10, 8 ]
    }, {
      "vertices" : [ 8, 10, 12 ]
    }, {
      "vertices" : [ 8, 12, 11 ]
    }, {
      "vertices" : [ 2, 7, 3 ]
    }, {
      "vertices" : [ 0, 3, 6 ]
    }, {
      "vertices" : [ 0, 6, 5 ]
    }, {
      "vertices" : [ 1, 5, 6 ]
    }, {
      "vertices" : [ 1, 6, 2 ]
    }, {
      "vertices" : [ 4, 7, 8 ]
    }, {
      "vertices" : [ 4, 8, 11 ]
    } ]
  }, {
    "id" : "9f8d9b64-96cd-462b-b1cd-d319908cbe50",
    "vertices" : [ {
      "x" : 57.759865,
      "y" : 57.259865,
      "z" : 93.33939
    }, {
      "x" : 57.759865,
      "y" : 57.8779,
      "z" : 92.95743
    }, {
      "x" : 56.759865,
      "y" : 57.259865,
      "z" : 92.33939
    }, {
      "x" : 57.068882,
      "y" : 57.3779,
      "z" : 92.14841
    }, {
      "x" : 1.0,
      "y" : 1.309017,
      "z" : 1.427051
    }, {
      "x" : 0.690983,
      "y" : 1.190983,
      "z" : 1.618034
    }, {
      "x" : 57.45085,
      "y" : 57.759865,
      "z" : 93.14841
    }, {
      "x" : 0.309017,
      "y" : 0.809017,
      "z" : 0.618034
    }, {
      "x" : 0.0,
      "y" : 0.690983,
      "z" : 0.809017
    }, {
      "x" : 1.309017,
      "y" : 0.809017,
      "z" : 1.618034
    }, {
      "x" : 0.618034,
      "y" : 0.309017,
      "z" : 0.809017
    }, {
      "x" : 58.068882,
      "y" : 57.3779,
      "z" : 93.14841
    }, {
      "x" : 57.068882,
      "y" : 56.759865,
      "z" : 92.53038
    }, {
      "x" : 57.3779,
      "y" : 56.8779,
      "z" : 92.33939
    }, {
      "x" : 1.0,
      "y" : 0.690983,
      "z" : 1.809017
    }, {
      "x" : 0.309017,
      "y" : 0.19098301,
      "z" : 1.0
    }, {
      "x" : 58.068882,
      "y" : 58.068882,
      "z" : 93.95743
    } ],
    "faces" : [ {
      "vertices" : [ 9, 13, 12 ]
    }, {
      "vertices" : [ 9, 12, 14 ]
    }, {
      "vertices" : [ 9, 14, 15 ]
    }, {
      "vertices" : [ 9, 15, 10 ]
    }, {
      "vertices" : [ 2, 5, 14 ]
    }, {
      "vertices" : [ 2, 14, 12 ]
    }, {
      "vertices" : [ 0, 12, 13 ]
    }, {
      "vertices" : [ 0, 13, 11 ]
    }, {
      "vertices" : [ 0, 6, 2 ]
    }, {
      "vertices" : [ 0, 2, 12 ]
    }, {
      "vertices" : [ 4, 7, 8 ]
    }, {
      "vertices" : [ 4, 8, 5 ]
    }, {
      "vertices" : [ 5, 8, 15 ]
    }, {
      "vertices" : [ 5, 15, 14 ]
    }, {
      "vertices" : [ 1, 3, 2 ]
    }, {
      "vertices" : [ 1, 2, 6 ]
    }, {
      "vertices" : [ 1, 11, 13 ]
    }, {
      "vertices" : [ 1, 13, 3 ]
    }, {
      "vertices" : [ 3, 13, 9 ]
    }, {
      "vertices" : [ 3, 9, 4 ]
    }, {
      "vertices" : [ 2, 3, 4 ]
    }, {
      "vertices" : [ 2, 4, 5 ]
    }, {
      "vertices" : [ 4, 9, 10 ]
    }, {
      "vertices" : [ 4, 10, 7 ]
    } ]
  }, {
    "id" : "f54ed5bb-f2cc-48a8-ba6c-7744ae376037",
    "vertices" : [ {
      "x" : 0.690983,
      "y" : 0.809017,
      "z" : 0.0
    }, {
      "x" : 0.809017,
      "y" : 0.618034,
      "z" : -0.309017
    }, {
      "x" : 0.809017,
      "y" : 0.618034,
