{
  "polygons" : "true",
  "field" : "golden",
  "symmetry" : "icosahedral",
  "orientations" : [ [ 1.0, 0.0, 0.0, 0.0, 0.0, 1.0, 0.0, 0.0, 0.0, 0.0, 1.0, 0.0, 0.0, 0.0, 0.0, 1.0 ], [ 0.0, 0.0, 1.0, 0.0, 1.0, 0.0, 0.0, 0.0, 0.0, 1.0, 0.0, 0.0, 0.0, 0.0, 0.0, 1.0 ], [ 0.0, 1.0, 0.0, 0.0, 0.0, 0.0, 1.0, 0.0, 1.0, 0.0, 0.0, 0.0, 0.0, 0.0, 0.0, 1.0 ], [ 0.809017, 0.309017, 0.5, 0.0, 0.309017, 0.5, -0.809017, 0.0, -0.5, 0.809017, 0.309017, 0.0, 0.0, 0.0, 0.0, 1.0 ], [ -0.5, 0.809017, 0.309017, 0.0, 0.809017, 0.309017, 0.5, 0.0, 0.309017, 0.5, -0.809017, 0.0, 0.0, 0.0, 0.0, 1.0 ], [ 0.309017, 0.5, -0.809017, 0.0, -0.5, 0.809017, 0.309017, 0.0, 0.809017, 0.309017, 0.5, 0.0, 0.0, 0.0, 0.0, 1.0 ], [ 0.5, 0.809017, 0.309017, 0.0, 0.809017, -0.309017, -0.5, 0.0, -0.309017, 0.5, -0.809017, 0.0, 0.0, 0.0, 0.0, 1.0 ], [ -0.309017, 0.5, -0.809017, 0.0, 0.5, 0.809017, 0.309017, 0.0, 0.809017, -0.309017, -0.5, 0.0, 0.0, 0.0, 0.0, 1.0 ], [ 0.809017, -0.309017, -0.5, 0.0, -0.309017, 0.5, -0.809017, 0.0, 0.5, 0.809017, 0.309017, 0.0, 0.0, 0.0, 0.0, 1.0 ], [ 0.5, 0.809017, -0.309017, 0.0, 0.809017, -0.309017, 0.5, 0.0, 0.309017, -0.5, -0.809017, 0.0, 0.0, 0.0, 0.0, 1.0 ], [ 0.309017, -0.5, -0.809017, 0.0, 0.5, 0.809017, -0.309017, 0.0, 0.809017, -0.309017, 0.5, 0.0, 0.0, 0.0, 0.0, 1.0 ], [ 0.809017, -0.309017, 0.5, 0.0, 0.309017, -0.5, -0.809017, 0.0, 0.5, 0.809017, -0.309017, 0.0, 0.0, 0.0, 0.0, 1.0 ], [ 0.809017, 0.309017, -0.5, 0.0, 0.309017, 0.5, 0.809017, 0.0, 0.5, -0.809017, 0.309017, 0.0, 0.0, 0.0, 0.0, 1.0 ], [ 0.5, -0.809017, 0.309017, 0.0, 0.809017, 0.309017, -0.5, 0.0, 0.309017, 0.5, 0.809017, 0.0, 0.0, 0.0, 0.0, 1.0 ], [ 0.309017, 0.5, 0.809017, 0.0, 0.5, -0.809017, 0.309017, 0.0, 0.809017, 0.309017, -0.5, 0.0, 0.0, 0.0, 0.0, 1.0 ], [ 1.0, 0.0, 0.0, 0.0, 0.0, -1.0, 0.0, 0.0, 0.0, 0.0, -1.0, 0.0, 0.0, 0.0, 0.0, 1.0 ], [ 0.0, 0.0, 1.0, 0.0, -1.0, 0.0, 0.0, 0.0, 0.0, -1.0, 0.0, 0.0, 0.0, 0.0, 0.0, 1.0 ], [ 0.0, 1.0, 0.0, 0.0, 0.0, 0.0, -1.0, 0.0, -1.0, 0.0, 0.0, 0.0, 0.0, 0.0, 0.0, 1.0 ], [ 0.809017, 0.309017, 0.5, 0.0, -0.309017, -0.5, 0.809017, 0.0, 0.5, -0.809017, -0.309017, 0.0, 0.0, 0.0, 0.0, 1.0 ], [ -0.5, 0.809017, 0.309017, 0.0, -0.809017, -0.309017, -0.5, 0.0, -0.309017, -0.5, 0.809017, 0.0, 0.0, 0.0, 0.0, 1.0 ], [ 0.309017, 0.5, -0.809017, 0.0, 0.5, -0.809017, -0.309017, 0.0, -0.809017, -0.309017, -0.5, 0.0, 0.0, 0.0, 0.0, 1.0 ], [ 0.5, 0.809017, 0.309017, 0.0, -0.809017, 0.309017, 0.5, 0.0, 0.309017, -0.5, 0.809017, 0.0, 0.0, 0.0, 0.0, 1.0 ], [ -0.309017, 0.5, -0.809017, 0.0, -0.5, -0.809017, -0.309017, 0.0, -0.809017, 0.309017, 0.5, 0.0, 0.0, 0.0, 0.0, 1.0 ], [ 0.809017, -0.309017, -0.5, 0.0, 0.309017, -0.5, 0.809017, 0.0, -0.5, -0.809017, -0.309017, 0.0, 0.0, 0.0, 0.0, 1.0 ], [ 0.5, 0.809017, -0.309017, 0.0, -0.809017, 0.309017, -0.5, 0.0, -0.309017, 0.5, 0.809017, 0.0, 0.0, 0.0, 0.0, 1.0 ], [ 0.309017, -0.5, -0.809017, 0.0, -0.5, -0.809017, 0.309017, 0.0, -0.809017, 0.309017, -0.5, 0.0, 0.0, 0.0, 0.0, 1.0 ], [ 0.809017, -0.309017, 0.5, 0.0, -0.309017, 0.5, 0.809017, 0.0, -0.5, -0.809017, 0.309017, 0.0, 0.0, 0.0, 0.0, 1.0 ], [ 0.809017, 0.309017, -0.5, 0.0, -0.309017, -0.5, -0.809017, 0.0, -0.5, 0.809017, -0.309017, 0.0, 0.0, 0.0, 0.0, 1.0 ], [ 0.5, -0.809017, 0.309017, 0.0, -0.809017, -0.309017, 0.5, 0.0, -0.309017, -0.5, -0.809017, 0.0, 0.0, 0.0, 0.0, 1.0 ], [ 0.309017, 0.5, 0.809017, 0.0, -0.5, 0.809017, -0.309017, 0.0, -0.809017, -0.309017, 0.5, 0.0, 0.0, 0.0, 0.0, 1.0 ], [ -1.0, 0.0, 0.0, 0.0, 0.0, -1.0, 0.0, 0.0, 0.0, 0.0, 1.0, 0.0, 0.0, 0.0, 0.0, 1.0 ], [ 0.0, 0.0, -1.0, 0.0, -1.0, 0.0, 0.0, 0.0, 0.0, 1.0, 0.0, 0.0, 0.0, 0.0, 0.0, 1.0 ], [ 0.0, -1.0, 0.0, 0.0, 0.0, 0.0, -1.0, 0.0, 1.0, 0.0, 0.0, 0.0, 0.0, 0.0, 0.0, 1.0 ], [ -0.809017, -0.309017, -0.5, 0.0, -0.309017, -0.5, 0.809017, 0.0, -0.5, 0.809017, 0.309017, 0.0, 0.0, 0.0, 0.0, 1.0 ], [ 0.5, -0.809017, -0.309017, 0.0, -0.809017, -0.309017, -0.5, 0.0, 0.309017, 0.5, -0.809017, 0.0, 0.0, 0.0, 0.0, 1.0 ], [ -0.309017, -0.5, 0.809017, 0.0, 0.5, -0.809017, -0.309017, 0.0, 0.809017, 0.309017, 0.5, 0.0, 0.0, 0.0, 0.0, 1.0 ], [ -0.5, -0.809017, -0.309017, 0.0, -0.809017, 0.309017, 0.5, 0.0, -0.309017, 0.5, -0.809017, 0.0, 0.0, 0.0, 0.0, 1.0 ], [ 0.309017, -0.5, 0.809017, 0.0, -0.5, -0.809017, -0.309017, 0.0, 0.809017, -0.309017, -0.5, 0.0, 0.0, 0.0, 0.0, 1.0 ], [ -0.809017, 0.309017, 0.5, 0.0, 0.309017, -0.5, 0.809017, 0.0, 0.5, 0.809017, 0.309017, 0.0, 0.0, 0.0, 0.0, 1.0 ], [ -0.5, -0.809017, 0.309017, 0.0, -0.809017, 0.309017, -0.5, 0.0, 0.309017, -0.5, -0.809017, 0.0, 0.0, 0.0, 0.0, 1.0 ], [ -0.309017, 0.5, 0.809017, 0.0, -0.5, -0.809017, 0.309017, 0.0, 0.809017, -0.309017, 0.5, 0.0, 0.0, 0.0, 0.0, 1.0 ], [ -0.809017, 0.309017, -0.5, 0.0, -0.309017, 0.5, 0.809017, 0.0, 0.5, 0.809017, -0.309017, 0.0, 0.0, 0.0, 0.0, 1.0 ], [ -0.809017, -0.309017, 0.5, 0.0, -0.309017, -0.5, -0.809017, 0.0, 0.5, -0.809017, 0.309017, 0.0, 0.0, 0.0, 0.0, 1.0 ], [ -0.5, 0.809017, -0.309017, 0.0, -0.809017, -0.309017, 0.5, 0.0, 0.309017, 0.5, 0.809017, 0.0, 0.0, 0.0, 0.0, 1.0 ], [ -0.309017, -0.5, -0.809017, 0.0, -0.5, 0.809017, -0.309017, 0.0, 0.809017, 0.309017, -0.5, 0.0, 0.0, 0.0, 0.0, 1.0 ], [ -1.0, 0.0, 0.0, 0.0, 0.0, 1.0, 0.0, 0.0, 0.0, 0.0, -1.0, 0.0, 0.0, 0.0, 0.0, 1.0 ], [ 0.0, 0.0, -1.0, 0.0, 1.0, 0.0, 0.0, 0.0, 0.0, -1.0, 0.0, 0.0, 0.0, 0.0, 0.0, 1.0 ], [ 0.0, -1.0, 0.0, 0.0, 0.0, 0.0, 1.0, 0.0, -1.0, 0.0, 0.0, 0.0, 0.0, 0.0, 0.0, 1.0 ], [ -0.809017, -0.309017, -0.5, 0.0, 0.309017, 0.5, -0.809017, 0.0, 0.5, -0.809017, -0.309017, 0.0, 0.0, 0.0, 0.0, 1.0 ], [ 0.5, -0.809017, -0.309017, 0.0, 0.809017, 0.309017, 0.5, 0.0, -0.309017, -0.5, 0.809017, 0.0, 0.0, 0.0, 0.0, 1.0 ], [ -0.309017, -0.5, 0.809017, 0.0, -0.5, 0.809017, 0.309017, 0.0, -0.809017, -0.309017, -0.5, 0.0, 0.0, 0.0, 0.0, 1.0 ], [ -0.5, -0.809017, -0.309017, 0.0, 0.809017, -0.309017, -0.5, 0.0, 0.309017, -0.5, 0.809017, 0.0, 0.0, 0.0, 0.0, 1.0 ], [ 0.309017, -0.5, 0.809017, 0.0, 0.5, 0.809017, 0.309017, 0.0, -0.809017, 0.309017, 0.5, 0.0, 0.0, 0.0, 0.0, 1.0 ], [ -0.809017, 0.309017, 0.5, 0.0, -0.309017, 0.5, -0.809017, 0.0, -0.5, -0.809017, -0.309017, 0.0, 0.0, 0.0, 0.0, 1.0 ], [ -0.5, -0.809017, 0.309017, 0.0, 0.809017, -0.309017, 0.5, 0.0, -0.309017, 0.5, 0.809017, 0.0, 0.0, 0.0, 0.0, 1.0 ], [ -0.309017, 0.5, 0.809017, 0.0, 0.5, 0.809017, -0.309017, 0.0, -0.809017, 0.309017, -0.5, 0.0, 0.0, 0.0, 0.0, 1.0 ], [ -0.809017, 0.309017, -0.5, 0.0, 0.309017, -0.5, -0.809017, 0.0, -0.5, -0.809017, 0.309017, 0.0, 0.0, 0.0, 0.0, 1.0 ], [ -0.809017, -0.309017, 0.5, 0.0, 0.309017, 0.5, 0.809017, 0.0, -0.5, 0.809017, -0.309017, 0.0, 0.0, 0.0, 0.0, 1.0 ], [ -0.5, 0.809017, -0.309017, 0.0, 0.809017, 0.309017, -0.5, 0.0, -0.309017, -0.5, -0.809017, 0.0, 0.0, 0.0, 0.0, 1.0 ], [ -0.309017, -0.5, -0.809017, 0.0, 0.5, -0.809017, 0.309017, 0.0, -0.809017, -0.309017, 0.5, 0.0, 0.0, 0.0, 0.0, 1.0 ] ],
  "lights" : {
    "directionalLights" : [ {
      "direction" : [ 1.0, -1.0, -1.0 ],
      "color" : "#EBEBE4"
    }, {
      "direction" : [ -1.0, 0.0, 0.0 ],
      "color" : "#E4E4EB"
    }, {
      "direction" : [ 0.0, 0.0, -1.0 ],
      "color" : "#1E1E1E"
    } ],
    "ambientColor" : "#292929",
    "backgroundColor" : "#AFC8DC"
  },
  "camera" : {
    "position" : {
      "x" : 112.43741,
      "y" : -46.89148,
      "z" : -121.75821
    },
    "perspective" : true,
    "lookAtPoint" : {
      "x" : 0.0,
      "y" : 0.0,
      "z" : 0.0
    },
    "upDirection" : {
      "x" : 0.7027205,
      "y" : -0.13086611,
      "z" : 0.6993262
    },
    "stereo" : false,
    "fieldOfView" : 0.44262883,
    "width" : 77.50726,
    "lookDirection" : {
      "x" : -0.6528011,
      "y" : 0.27224755,
      "z" : 0.7069168
    },
    "nearClipDistance" : 0.43059587,
    "farClipDistance" : 344.4766,
    "viewDistance" : 172.23839,
    "lookAtPointRV" : {
      "x" : 0.0,
      "y" : 0.0,
      "z" : 0.0,
      "zero" : true
    },
    "lookDirectionRV" : {
      "x" : -0.6528011,
      "y" : 0.27224755,
      "z" : 0.7069168,
      "zero" : false
    },
    "upDirectionRV" : {
      "x" : 0.7027205,
      "y" : -0.13086611,
      "z" : 0.6993262,
      "zero" : false
    }
  },
  "embedding" : [ 1.0, 0.0, 0.0, 0.0, 0.0, 1.0, 0.0, 0.0, 0.0, 0.0, 1.0, 0.0, 0.0, 0.0, 0.0, 1.0 ],
  "shapes" : [ {
    "id" : "d0c1e417-7b80-4a2d-9b17-36593ceadc39",
    "orbit" : "yellow",
    "orbitC" : "[[0,0,1],[2,-1,1]]",
    "length" : "[1,0,1]",
    "name" : "y1",
    "vertices" : [ {
      "x" : 0.809017,
      "y" : 0.0,
      "z" : -0.690983
    }, {
      "x" : 1.0,
      "y" : 0.309017,
      "z" : -0.19098301
    }, {
      "x" : 2.618034,
      "y" : 0.309017,
      "z" : -0.809017
    }, {
      "x" : 2.427051,
      "y" : 0.0,
      "z" : -1.309017
    }, {
      "x" : 5.854102,
      "y" : 0.309017,
      "z" : -2.427051
    }, {
      "x" : 1.0,
      "y" : -0.309017,
      "z" : -0.19098301
    }, {
      "x" : 2.618034,
      "y" : -0.309017,
      "z" : -0.809017
    }, {
      "x" : 4.236068,
      "y" : 0.309017,
      "z" : -1.809017
    }, {
      "x" : 4.427051,
      "y" : 0.0,
      "z" : -1.309017
    }, {
      "x" : 6.854102,
      "y" : 0.0,
      "z" : -2.618034
    }, {
      "x" : 4.236068,
      "y" : -0.309017,
      "z" : -1.809017
    }, {
      "x" : 6.045085,
      "y" : 0.0,
      "z" : -1.927051
    }, {
      "x" : 5.854102,
      "y" : -0.309017,
      "z" : -2.427051
    } ],
    "faces" : [ {
      "vertices" : [ 2, 6, 8 ]
    }, {
      "vertices" : [ 4, 12, 10, 7 ]
    }, {
      "vertices" : [ 2, 8, 7 ]
    }, {
      "vertices" : [ 3, 10, 6 ]
    }, {
      "vertices" : [ 3, 7, 10 ]
    }, {
      "vertices" : [ 0, 1, 2, 3 ]
    }, {
      "vertices" : [ 6, 10, 8 ]
    }, {
      "vertices" : [ 8, 10, 12, 11 ]
    }, {
      "vertices" : [ 2, 7, 3 ]
    }, {
      "vertices" : [ 0, 3, 6, 5 ]
    }, {
      "vertices" : [ 1, 5, 6, 2 ]
    }, {
      "vertices" : [ 4, 7, 8, 11 ]
    } ]
  }, {
    "id" : "5941c6d2-85ba-4143-8785-97bc8e463b84",
    "name" : "ball",
    "vertices" : [ {
      "x" : 0.309017,
      "y" : -0.809017,
      "z" : 0.618034
    }, {
      "x" : 0.809017,
      "y" : -0.618034,
      "z" : 0.309017
    }, {
      "x" : 0.618034,
      "y" : -0.309017,
      "z" : 0.809017
    }, {
      "x" : 1.0,
      "y" : 0.309017,
      "z" : 0.19098301
    }, {
      "x" : 0.809017,
      "y" : 0.618034,
      "z" : 0.309017
    }, {
      "x" : 0.618034,
      "y" : 0.309017,
      "z" : 0.809017
    }, {
      "x" : 0.809017,
      "y" : 0.0,
      "z" : 0.690983
    }, {
      "x" : 0.19098301,
      "y" : -1.0,
      "z" : 0.309017
    }, {
      "x" : -0.19098301,
      "y" : -1.0,
      "z" : 0.309017
    }, {
      "x" : -0.19098301,
      "y" : -1.0,
      "z" : -0.309017
    }, {
      "x" : 0.19098301,
      "y" : -1.0,
      "z" : -0.309017
    }, {
      "x" : 1.0,
      "y" : -0.309017,
      "z" : -0.19098301
    }, {
      "x" : 0.809017,
      "y" : -0.618034,
      "z" : -0.309017
    }, {
      "x" : 0.618034,
      "y" : -0.309017,
      "z" : -0.809017
    }, {
      "x" : 0.809017,
      "y" : 0.0,
      "z" : -0.690983
    }, {
      "x" : 0.0,
      "y" : 0.690983,
      "z" : -0.809017
    }, {
      "x" : 0.309017,
      "y" : 0.809017,
      "z" : -0.618034
    }, {
      "x" : 0.618034,
      "y" : 0.309017,
      "z" : -0.809017
    }, {
      "x" : 0.309017,
      "y" : 0.19098301,
      "z" : -1.0
    }, {
      "x" : 1.0,
      "y" : 0.309017,
      "z" : -0.19098301
    }, {
      "x" : -0.309017,
      "y" : -0.809017,
      "z" : 0.618034
    }, {
      "x" : 0.0,
      "y" : -0.690983,
      "z" : 0.809017
    }, {
      "x" : 0.809017,
      "y" : 0.618034,
      "z" : -0.309017
    }, {
      "x" : 0.690983,
      "y" : 0.809017,
      "z" : 0.0
    }, {
      "x" : -0.690983,
      "y" : 0.809017,
      "z" : 0.0
    }, {
      "x" : -0.809017,
      "y" : 0.618034,
      "z" : 0.309017
    }, {
      "x" : -0.309017,
      "y" : 0.809017,
      "z" : 0.618034
    }, {
      "x" : -0.19098301,
      "y" : 1.0,
      "z" : 0.309017
    }, {
      "x" : 0.309017,
      "y" : -0.19098301,
      "z" : -1.0
    }, {
      "x" : 0.19098301,
      "y" : 1.0,
      "z" : 0.309017
    }, {
      "x" : 0.309017,
      "y" : 0.809017,
      "z" : 0.618034
    }, {
      "x" : -0.809017,
      "y" : -0.618034,
      "z" : 0.309017
    }, {
      "x" : -0.690983,
      "y" : -0.809017,
      "z" : 0.0
    }, {
      "x" : 0.0,
      "y" : 0.690983,
      "z" : 0.809017
    }, {
      "x" : 0.309017,
      "y" : -0.809017,
      "z" : -0.618034
    }, {
      "x" : 0.0,
      "y" : -0.690983,
      "z" : -0.809017
    }, {
      "x" : -1.0,
      "y" : 0.309017,
      "z" : 0.19098301
    }, {
      "x" : -0.809017,
      "y" : 0.0,
      "z" : 0.690983
    }, {
      "x" : -0.618034,
      "y" : 0.309017,
      "z" : 0.809017
    }, {
      "x" : 1.0,
      "y" : -0.309017,
      "z" : 0.19098301
    }, {
      "x" : -0.309017,
      "y" : -0.809017,
      "z" : -0.618034
    }, {
      "x" : -1.0,
      "y" : 0.309017,
      "z" : -0.19098301
    }, {
      "x" : -1.0,
      "y" : -0.309017,
      "z" : -0.19098301
    }, {
      "x" : -1.0,
      "y" : -0.309017,
      "z" : 0.19098301
    }, {
      "x" : 0.19098301,
      "y" : 1.0,
      "z" : -0.309017
    }, {
      "x" : -0.809017,
      "y" : 0.618034,
      "z" : -0.309017
    }, {
      "x" : -0.19098301,
      "y" : 1.0,
      "z" : -0.309017
    }, {
      "x" : -0.309017,
      "y" : 0.809017,
      "z" : -0.618034
    }, {
      "x" : -0.618034,
      "y" : -0.309017,
      "z" : 0.809017
    }, {
      "x" : 0.309017,
      "y" : 0.19098301,
      "z" : 1.0
    }, {
      "x" : -0.309017,
      "y" : 0.19098301,
      "z" : -1.0
    }, {
      "x" : -0.309017,
      "y" : 0.19098301,
      "z" : 1.0
    }, {
      "x" : -0.309017,
      "y" : -0.19098301,
      "z" : 1.0
    }, {
      "x" : 0.309017,
      "y" : -0.19098301,
      "z" : 1.0
    }, {
      "x" : 0.690983,
      "y" : -0.809017,
      "z" : 0.0
    }, {
      "x" : -0.809017,
      "y" : 0.0,
      "z" : -0.690983
    }, {
      "x" : -0.618034,
      "y" : -0.309017,
      "z" : -0.809017
    }, {
      "x" : -0.309017,
      "y" : -0.19098301,
      "z" : -1.0
    }, {
      "x" : -0.618034,
      "y" : 0.309017,
      "z" : -0.809017
    }, {
      "x" : -0.809017,
      "y" : -0.618034,
      "z" : -0.309017
    } ],
    "faces" : [ {
      "vertices" : [ 9, 40, 35, 34, 10 ]
    }, {
      "vertices" : [ 0, 1, 2 ]
    }, {
      "vertices" : [ 33, 51, 49 ]
    }, {
      "vertices" : [ 25, 36, 37, 38 ]
    }, {
      "vertices" : [ 41, 55, 42 ]
    }, {
      "vertices" : [ 9, 32, 59, 40 ]
    }, {
      "vertices" : [ 20, 21, 52, 48 ]
    }, {
      "vertices" : [ 26, 33, 30, 29, 27 ]
    }, {
      "vertices" : [ 3, 4, 5, 6 ]
    }, {
      "vertices" : [ 27, 29, 44, 46 ]
    }, {
      "vertices" : [ 50, 57, 56, 55, 58 ]
    }, {
      "vertices" : [ 26, 38, 51, 33 ]
    }, {
      "vertices" : [ 45, 47, 58 ]
    }, {
      "vertices" : [ 18, 28, 57, 50 ]
    }, {
      "vertices" : [ 40, 59, 56 ]
    }, {
      "vertices" : [ 31, 48, 37, 43 ]
    }, {
      "vertices" : [ 7, 8, 9, 10 ]
    }, {
      "vertices" : [ 36, 41, 42, 43 ]
    }, {
      "vertices" : [ 24, 46, 47, 45 ]
    }, {
      "vertices" : [ 4, 30, 5 ]
    }, {
      "vertices" : [ 15, 47, 46, 44, 16 ]
    }, {
      "vertices" : [ 15, 50, 58, 47 ]
    }, {
      "vertices" : [ 24, 45, 41, 36, 25 ]
    }, {
      "vertices" : [ 11, 14, 19 ]
    }, {
      "vertices" : [ 3, 6, 39 ]
    }, {
      "vertices" : [ 1, 39, 6, 2 ]
    }, {
      "vertices" : [ 8, 32, 9 ]
    }, {
      "vertices" : [ 11, 12, 13, 14 ]
    }, {
      "vertices" : [ 16, 22, 17 ]
    }, {
      "vertices" : [ 0, 21, 20, 8, 7 ]
    }, {
      "vertices" : [ 12, 34, 13 ]
    }, {
      "vertices" : [ 35, 40, 56, 57 ]
    }, {
      "vertices" : [ 0, 7, 54, 1 ]
    }, {
      "vertices" : [ 15, 16, 17, 18 ]
    }, {
      "vertices" : [ 3, 19, 22, 23, 4 ]
    }, {
      "vertices" : [ 7, 10, 54 ]
    }, {
      "vertices" : [ 41, 45, 58, 55 ]
    }, {
      "vertices" : [ 3, 39, 11, 19 ]
    }, {
      "vertices" : [ 14, 17, 22, 19 ]
    }, {
      "vertices" : [ 0, 2, 53, 21 ]
    }, {
      "vertices" : [ 49, 51, 52, 53 ]
    }, {
      "vertices" : [ 31, 43, 42, 59, 32 ]
    }, {
      "vertices" : [ 15, 18, 50 ]
    }, {
      "vertices" : [ 42, 55, 56, 59 ]
    }, {
      "vertices" : [ 4, 23, 29, 30 ]
    }, {
      "vertices" : [ 25, 38, 26 ]
    }, {
      "vertices" : [ 13, 28, 18, 17, 14 ]
    }, {
      "vertices" : [ 8, 20, 31, 32 ]
    }, {
      "vertices" : [ 23, 44, 29 ]
    }, {
      "vertices" : [ 24, 27, 46 ]
    }, {
      "vertices" : [ 37, 48, 52, 51, 38 ]
    }, {
      "vertices" : [ 20, 48, 31 ]
    }, {
      "vertices" : [ 24, 25, 26, 27 ]
    }, {
      "vertices" : [ 16, 44, 23, 22 ]
    }, {
      "vertices" : [ 13, 34, 35, 28 ]
    }, {
      "vertices" : [ 10, 34, 12, 54 ]
    }, {
      "vertices" : [ 2, 6, 5, 49, 53 ]
    }, {
      "vertices" : [ 36, 43, 37 ]
    }, {
      "vertices" : [ 5, 30, 33, 49 ]
    }, {
      "vertices" : [ 1, 54, 12, 11, 39 ]
    }, {
      "vertices" : [ 28, 35, 57 ]
    }, {
      "vertices" : [ 21, 53, 52 ]
    } ]
  } ],
  "instances" : [ {
    "shape" : "d0c1e417-7b80-4a2d-9b17-36593ceadc39",
    "color" : "#FFB31A",
    "position" : {
      "x" : 4.236068,
      "y" : 11.09017,
      "z" : -13.708204
    },
    "orientation" : 4
  }, {
    "shape" : "d0c1e417-7b80-4a2d-9b17-36593ceadc39",
    "color" : "#FFB31A",
    "position" : {
      "x" : -4.236068,
      "y" : 11.09017,
      "z" : 13.708204
    },
    "orientation" : 3
  }, {
    "shape" : "d0c1e417-7b80-4a2d-9b17-36593ceadc39",
    "color" : "#FFB31A",
    "position" : {
      "x" : 0.0,
      "y" : 6.854102,
      "z" : -17.944271
    },
    "orientation" : 21
  }, {
    "shape" : "d0c1e417-7b80-4a2d-9b17-36593ceadc39",
    "color" : "#FFB31A",
    "position" : {
      "x" : 17.944271,
      "y" : 0.0,
      "z" : -6.854102
    },
    "orientation" : 19
  }, {
    "shape" : "5941c6d2-85ba-4143-8785-97bc8e463b84",
    "color" : "#F2F2F2",
    "position" : {
      "x" : 11.09017,
      "y" : -11.09017,
      "z" : 11.09017
    }
  }, {
    "shape" : "d0c1e417-7b80-4a2d-9b17-36593ceadc39",
    "color" : "#FFB31A",
    "position" : {
      "x" : -11.09017,
      "y" : 13.708204,
      "z" : -4.236068
    },
    "orientation" : 39
  }, {
    "shape" : "5941c6d2-85ba-4143-8785-97bc8e463b84",
    "color" : "#F2F2F2",
    "position" : {
      "x" : -6.854102,
      "y" : 6.854102,
      "z" : -15.326238
    }
  }, {
    "shape" : "d0c1e417-7b80-4a2d-9b17-36593ceadc39",
    "color" : "#FFB31A",
    "position" : {
      "x" : 13.708204,
      "y" : 4.236068,
      "z" : 11.09017
    },
    "orientation" : 39
  }, {
    "shape" : "d0c1e417-7b80-4a2d-9b17-36593ceadc39",
    "color" : "#FFB31A",
    "position" : {
      "x" : 6.854102,
      "y" : 17.944271,
      "z" : 0.0
    },
    "orientation" : 30
  }, {
    "shape" : "d0c1e417-7b80-4a2d-9b17-36593ceadc39",
    "color" : "#FFB31A",
    "position" : {
      "x" : 0.0,
      "y" : -6.854102,
      "z" : 17.944271
    },
    "orientation" : 6
  }, {
    "shape" : "d0c1e417-7b80-4a2d-9b17-36593ceadc39",
    "color" : "#FFB31A",
    "position" : {
      "x" : 6.854102,
      "y" : -17.944271,
      "z" : 0.0
    },
    "orientation" : 9
  }, {
    "shape" : "d0c1e417-7b80-4a2d-9b17-36593ceadc39",
    "color" : "#FFB31A",
    "position" : {
      "x" : 0.0,
      "y" : -6.854102,
      "z" : 17.944271
    },
    "orientation" : 24
  }, {
    "shape" : "d0c1e417-7b80-4a2d-9b17-36593ceadc39",
    "color" : "#FFB31A",
    "position" : {
      "x" : 0.0,
      "y" : -6.854102,
      "z" : 17.944271
    },
    "orientation" : 19
  }, {
    "shape" : "d0c1e417-7b80-4a2d-9b17-36593ceadc39",
    "color" : "#FFB31A",
    "position" : {
      "x" : 17.944271,
      "y" : 0.0,
      "z" : 6.854102
    },
    "orientation" : 1
  }, {
    "shape" : "d0c1e417-7b80-4a2d-9b17-36593ceadc39",
    "color" : "#FFB31A",
    "position" : {
      "x" : 6.854102,
      "y" : -15.326238,
      "z" : 6.854102
    },
    "orientation" : 38
  }, {
    "shape" : "d0c1e417-7b80-4a2d-9b17-36593ceadc39",
    "color" : "#FFB31A",
    "position" : {
      "x" : 11.09017,
      "y" : -11.09017,
      "z" : 11.09017
    },
    "orientation" : 22
  }, {
    "shape" : "d0c1e417-7b80-4a2d-9b17-36593ceadc39",
    "color" : "#FFB31A",
    "position" : {
      "x" : 0.0,
      "y" : 6.854102,
      "z" : 17.944271
    },
    "orientation" : 3
  }, {
    "shape" : "5941c6d2-85ba-4143-8785-97bc8e463b84",
    "color" : "#F2F2F2",
    "position" : {
      "x" : 9.472136,
      "y" : 0.0,
      "z" : 15.326238
    }
  }, {
    "shape" : "5941c6d2-85ba-4143-8785-97bc8e463b84",
    "color" : "#F2F2F2",
    "position" : {
      "x" : -11.09017,
      "y" : 11.09017,
      "z" : 11.09017
    }
  }, {
    "shape" : "d0c1e417-7b80-4a2d-9b17-36593ceadc39",
    "color" : "#FFB31A",
    "position" : {
      "x" : 17.944271,
      "y" : 0.0,
      "z" : 6.854102
    },
    "orientation" : 16
  }, {
    "shape" : "5941c6d2-85ba-4143-8785-97bc8e463b84",
    "color" : "#F2F2F2",
    "position" : {
      "x" : 0.0,
      "y" : -17.944271,
      "z" : 2.618034
    }
  }, {
    "shape" : "d0c1e417-7b80-4a2d-9b17-36593ceadc39",
    "color" : "#FFB31A",
    "position" : {
      "x" : 6.854102,
      "y" : 17.944271,
      "z" : 0.0
    },
    "orientation" : 24
  }, {
    "shape" : "d0c1e417-7b80-4a2d-9b17-36593ceadc39",
    "color" : "#FFB31A",
    "position" : {
      "x" : 11.09017,
      "y" : 13.708204,
      "z" : -4.236068
    },
    "orientation" : 5
  }, {
    "shape" : "d0c1e417-7b80-4a2d-9b17-36593ceadc39",
    "color" : "#FFB31A",
    "position" : {
      "x" : 17.944271,
      "y" : 0.0,
      "z" : -6.854102
    },
    "orientation" : 54
  }, {
    "shape" : "d0c1e417-7b80-4a2d-9b17-36593ceadc39",
    "color" : "#FFB31A",
    "position" : {
      "x" : 17.944271,
      "y" : 0.0,
      "z" : 6.854102
    },
    "orientation" : 39
  }, {
    "shape" : "5941c6d2-85ba-4143-8785-97bc8e463b84",
    "color" : "#F2F2F2",
    "position" : {
      "x" : 6.854102,
      "y" : 6.854102,
      "z" : -15.326238
    }
  }, {
    "shape" : "d0c1e417-7b80-4a2d-9b17-36593ceadc39",
    "color" : "#FFB31A",
    "position" : {
      "x" : 11.09017,
      "y" : -11.09017,
      "z" : -11.09017
    },
    "orientation" : 39
  }, {
    "shape" : "d0c1e417-7b80-4a2d-9b17-36593ceadc39",
    "color" : "#FFB31A",
    "position" : {
      "x" : -6.854102,
      "y" : 15.326238,
      "z" : -6.854102
    },
    "orientation" : 0
  }, {
    "shape" : "d0c1e417-7b80-4a2d-9b17-36593ceadc39",
    "color" : "#FFB31A",
    "position" : {
      "x" : 11.09017,
      "y" : -11.09017,
      "z" : 11.09017
    },
    "orientation" : 19
  }, {
    "shape" : "5941c6d2-85ba-4143-8785-97bc8e463b84",
    "color" : "#F2F2F2",
    "position" : {
      "x" : -17.944271,
      "y" : 0.0,
      "z" : -6.854102
    }
  }, {
    "shape" : "d0c1e417-7b80-4a2d-9b17-36593ceadc39",
    "color" : "#FFB31A",
    "position" : {
      "x" : 11.09017,
      "y" : 11.09017,
      "z" : -11.09017
    },
    "orientation" : 7
  }, {
    "shape" : "5941c6d2-85ba-4143-8785-97bc8e463b84",
    "color" : "#F2F2F2",
    "position" : {
      "x" : -2.618034,
      "y" : 0.0,
      "z" : 17.944271
    }
  }, {
    "shape" : "d0c1e417-7b80-4a2d-9b17-36593ceadc39",
    "color" : "#FFB31A",
    "position" : {
      "x" : 6.854102,
      "y" : 17.944271,
      "z" : 0.0
    },
    "orientation" : 38
  }, {
    "shape" : "d0c1e417-7b80-4a2d-9b17-36593ceadc39",
    "color" : "#FFB31A",
    "position" : {
      "x" : 11.09017,
      "y" : -11.09017,
      "z" : -11.09017
    },
    "orientation" : 2
  }, {
    "shape" : "d0c1e417-7b80-4a2d-9b17-36593ceadc39",
    "color" : "#FFB31A",
    "position" : {
      "x" : 11.09017,
      "y" : 11.09017,
      "z" : -11.09017
    },
    "orientation" : 21
  }, {
    "shape" : "d0c1e417-7b80-4a2d-9b17-36593ceadc39",
    "color" : "#FFB31A",
    "position" : {
      "x" : 15.326238,
      "y" : -6.854102,
      "z" : 6.854102
    },
    "orientation" : 22
  }, {
    "shape" : "d0c1e417-7b80-4a2d-9b17-36593ceadc39",
    "color" : "#FFB31A",
    "position" : {
      "x" : -15.326238,
      "y" : 6.854102,
      "z" : -6.854102
    },
    "orientation" : 7
  }, {
    "shape" : "5941c6d2-85ba-4143-8785-97bc8e463b84",
    "color" : "#F2F2F2",
    "position" : {
      "x" : 13.708204,
      "y" : 4.236068,
      "z" : 11.09017
    }
  }, {
    "shape" : "5941c6d2-85ba-4143-8785-97bc8e463b84",
    "color" : "#F2F2F2",
    "position" : {
      "x" : 17.944271,
      "y" : -2.618034,
      "z" : 0.0
    }
  }, {
    "shape" : "5941c6d2-85ba-4143-8785-97bc8e463b84",
    "color" : "#F2F2F2",
    "position" : {
      "x" : -6.854102,
      "y" : 15.326238,
      "z" : 6.854102
    }
  }, {
    "shape" : "d0c1e417-7b80-4a2d-9b17-36593ceadc39",
    "color" : "#FFB31A",
    "position" : {
      "x" : 11.09017,
      "y" : -13.708204,
      "z" : 4.236068
    },
    "orientation" : 3
  }, {
    "shape" : "d0c1e417-7b80-4a2d-9b17-36593ceadc39",
    "color" : "#FFB31A",
    "position" : {
      "x" : -17.944271,
      "y" : 0.0,
      "z" : -6.854102
    },
    "orientation" : 7
  }, {
    "shape" : "d0c1e417-7b80-4a2d-9b17-36593ceadc39",
    "color" : "#FFB31A",
    "position" : {
      "x" : -6.854102,
      "y" : 6.854102,
      "z" : -15.326238
    },
    "orientation" : 16
  }, {
    "shape" : "d0c1e417-7b80-4a2d-9b17-36593ceadc39",
    "color" : "#FFB31A",
    "position" : {
      "x" : -11.09017,
      "y" : 11.09017,
      "z" : 11.09017
    },
    "orientation" : 5
  }, {
    "shape" : "d0c1e417-7b80-4a2d-9b17-36593ceadc39",
    "color" : "#FFB31A",
    "position" : {
      "x" : 17.944271,
      "y" : 2.618034,
      "z" : 0.0
    },
    "orientation" : 1
  }, {
    "shape" : "5941c6d2-85ba-4143-8785-97bc8e463b84",
    "color" : "#F2F2F2",
    "position" : {
      "x" : 15.326238,
      "y" : -9.472136,
      "z" : 0.0
    }
  }, {
    "shape" : "d0c1e417-7b80-4a2d-9b17-36593ceadc39",
    "color" : "#FFB31A",
    "position" : {
      "x" : -6.854102,
      "y" : -17.944271,
      "z" : 0.0
    },
    "orientation" : 7
  }, {
    "shape" : "5941c6d2-85ba-4143-8785-97bc8e463b84",
    "color" : "#F2F2F2",
    "position" : {
      "x" : -15.326238,
      "y" : 9.472136,
      "z" : 0.0
    }
  }, {
    "shape" : "d0c1e417-7b80-4a2d-9b17-36593ceadc39",
    "color" : "#FFB31A",
    "position" : {
      "x" : 0.0,
      "y" : 6.854102,
      "z" : 17.944271
    },
    "orientation" : 21
  }, {
    "shape" : "d0c1e417-7b80-4a2d-9b17-36593ceadc39",
    "color" : "#FFB31A",
    "position" : {
      "x" : 6.854102,
      "y" : -15.326238,
      "z" : -6.854102
    },
    "orientation" : 30
  }, {
    "shape" : "d0c1e417-7b80-4a2d-9b17-36593ceadc39",
    "color" : "#FFB31A",
    "position" : {
      "x" : 17.944271,
      "y" : 0.0,
      "z" : -6.854102
    },
    "orientation" : 1
  }, {
    "shape" : "d0c1e417-7b80-4a2d-9b17-36593ceadc39",
    "color" : "#FFB31A",
    "position" : {
      "x" : 0.0,
      "y" : -6.854102,
      "z" : -17.944271
    },
    "orientation" : 5
  }, {
    "shape" : "d0c1e417-7b80-4a2d-9b17-36593ceadc39",
    "color" : "#FFB31A",
    "position" : {
      "x" : 11.09017,
      "y" : 11.09017,
      "z" : -11.09017
    },
    "orientation" : 4
  }, {
    "shape" : "d0c1e417-7b80-4a2d-9b17-36593ceadc39",
    "color" : "#FFB31A",
    "position" : {
      "x" : 11.09017,
      "y" : 11.09017,
      "z" : 11.09017
    },
    "orientation" : 38
  }, {
    "shape" : "5941c6d2-85ba-4143-8785-97bc8e463b84",
    "color" : "#F2F2F2",
    "position" : {
      "x" : -17.944271,
      "y" : 0.0,
      "z" : 6.854102
    }
  }, {
    "shape" : "d0c1e417-7b80-4a2d-9b17-36593ceadc39",
    "color" : "#FFB31A",
    "position" : {
      "x" : 17.944271,
      "y" : 0.0,
      "z" : 6.854102
    },
    "orientation" : 4
  }, {
    "shape" : "5941c6d2-85ba-4143-8785-97bc8e463b84",
    "color" : "#F2F2F2",
    "position" : {
      "x" : 11.09017,
      "y" : -13.708204,
      "z" : 4.236068
    }
  }, {
    "shape" : "5941c6d2-85ba-4143-8785-97bc8e463b84",
    "color" : "#F2F2F2",
    "position" : {
      "x" : -4.236068,
      "y" : -11.09017,
      "z" : 13.708204
    }
  }, {
    "shape" : "5941c6d2-85ba-4143-8785-97bc8e463b84",
    "color" : "#F2F2F2",
    "position" : {
      "x" : -17.944271,
      "y" : -2.618034,
      "z" : 0.0
    }
  }, {
    "shape" : "d0c1e417-7b80-4a2d-9b17-36593ceadc39",
    "color" : "#FFB31A",
    "position" : {
      "x" : 11.09017,
      "y" : -11.09017,
      "z" : -11.09017
    },
    "orientation" : 54
  }, {
    "shape" : "5941c6d2-85ba-4143-8785-97bc8e463b84",
    "color" : "#F2F2F2",
    "position" : {
      "x" : -11.09017,
      "y" : -11.09017,
      "z" : -11.09017
    }
  }, {
    "shape" : "d0c1e417-7b80-4a2d-9b17-36593ceadc39",
    "color" : "#FFB31A",
    "position" : {
      "x" : -17.944271,
      "y" : 0.0,
      "z" : 6.854102
    },
    "orientation" : 9
  }, {
    "shape" : "d0c1e417-7b80-4a2d-9b17-36593ceadc39",
    "color" : "#FFB31A",
    "position" : {
      "x" : -6.854102,
      "y" : 6.854102,
      "z" : 15.326238
    },
    "orientation" : 16
  }, {
    "shape" : "d0c1e417-7b80-4a2d-9b17-36593ceadc39",
    "color" : "#FFB31A",
    "position" : {
      "x" : 13.708204,
      "y" : -4.236068,
      "z" : -11.09017
    },
    "orientation" : 54
  }, {
    "shape" : "d0c1e417-7b80-4a2d-9b17-36593ceadc39",
    "color" : "#FFB31A",
    "position" : {
      "x" : -11.09017,
      "y" : -13.708204,
      "z" : -4.236068
    },
    "orientation" : 4
  }, {
    "shape" : "d0c1e417-7b80-4a2d-9b17-36593ceadc39",
    "color" : "#FFB31A",
    "position" : {
      "x" : -17.944271,
      "y" : 0.0,
      "z" : 6.854102
    },
    "orientation" : 21
  }, {
    "shape" : "d0c1e417-7b80-4a2d-9b17-36593ceadc39",
    "color" : "#FFB31A",
    "position" : {
      "x" : 15.326238,
      "y" : -6.854102,
      "z" : -6.854102
    },
    "orientation" : 2
  }, {
    "shape" : "d0c1e417-7b80-4a2d-9b17-36593ceadc39",
    "color" : "#FFB31A",
    "position" : {
      "x" : 11.09017,
      "y" : 13.708204,
      "z" : 4.236068
    },
    "orientation" : 24
  }, {
    "shape" : "5941c6d2-85ba-4143-8785-97bc8e463b84",
    "color" : "#F2F2F2",
    "position" : {
      "x" : 2.618034,
      "y" : 0.0,
      "z" : 17.944271
    }
  }, {
    "shape" : "d0c1e417-7b80-4a2d-9b17-36593ceadc39",
    "color" : "#FFB31A",
    "position" : {
      "x" : -11.09017,
      "y" : 11.09017,
      "z" : -11.09017
    },
    "orientation" : 0
  }, {
    "shape" : "d0c1e417-7b80-4a2d-9b17-36593ceadc39",
    "color" : "#FFB31A",
    "position" : {
      "x" : 11.09017,
      "y" : 11.09017,
      "z" : 11.09017
    },
    "orientation" : 21
  }, {
    "shape" : "d0c1e417-7b80-4a2d-9b17-36593ceadc39",
    "color" : "#FFB31A",
    "position" : {
      "x" : -11.09017,
      "y" : 11.09017,
      "z" : 11.09017
    },
    "orientation" : 17
  }, {
    "shape" : "5941c6d2-85ba-4143-8785-97bc8e463b84",
    "color" : "#F2F2F2",
    "position" : {
      "x" : 0.0,
      "y" : -15.326238,
      "z" : 9.472136
    }
  }, {
    "shape" : "d0c1e417-7b80-4a2d-9b17-36593ceadc39",
    "color" : "#FFB31A",
    "position" : {
      "x" : -11.09017,
      "y" : -11.09017,
      "z" : -11.09017
    },
    "orientation" : 2
  }, {
    "shape" : "d0c1e417-7b80-4a2d-9b17-36593ceadc39",
    "color" : "#FFB31A",
    "position" : {
      "x" : 6.854102,
      "y" : -17.944271,
      "z" : 0.0
    },
    "orientation" : 38
  }, {
    "shape" : "d0c1e417-7b80-4a2d-9b17-36593ceadc39",
    "color" : "#FFB31A",
    "position" : {
      "x" : 0.0,
      "y" : 17.944271,
      "z" : 2.618034
    },
    "orientation" : 2
  }, {
    "shape" : "5941c6d2-85ba-4143-8785-97bc8e463b84",
    "color" : "#F2F2F2",
    "position" : {
      "x" : 13.708204,
      "y" : -4.236068,
      "z" : 11.09017
    }
  }, {
    "shape" : "d0c1e417-7b80-4a2d-9b17-36593ceadc39",
    "color" : "#FFB31A",
    "position" : {
      "x" : -11.09017,
      "y" : -11.09017,
      "z" : 11.09017
    },
    "orientation" : 24
  }, {
    "shape" : "d0c1e417-7b80-4a2d-9b17-36593ceadc39",
    "color" : "#FFB31A",
    "position" : {
      "x" : -6.854102,
      "y" : -15.326238,
      "z" : 6.854102
    },
    "orientation" : 8
  }, {
    "shape" : "5941c6d2-85ba-4143-8785-97bc8e463b84",
    "color" : "#F2F2F2",
    "position" : {
      "x" : -6.854102,
      "y" : 6.854102,
      "z" : 15.326238
    }
  }, {
    "shape" : "d0c1e417-7b80-4a2d-9b17-36593ceadc39",
    "color" : "#FFB31A",
    "position" : {
      "x" : 11.09017,
      "y" : 11.09017,
      "z" : 11.09017
    },
    "orientation" : 24
  }, {
    "shape" : "d0c1e417-7b80-4a2d-9b17-36593ceadc39",
    "color" : "#FFB31A",
    "position" : {
      "x" : 11.09017,
      "y" : -11.09017,
      "z" : 11.09017
    },
    "orientation" : 3
  }, {
    "shape" : "d0c1e417-7b80-4a2d-9b17-36593ceadc39",
    "color" : "#FFB31A",
    "position" : {
      "x" : -6.854102,
      "y" : -17.944271,
      "z" : 0.0
    },
    "orientation" : 0
  }, {
    "shape" : "5941c6d2-85ba-4143-8785-97bc8e463b84",
    "color" : "#F2F2F2",
    "position" : {
      "x" : -13.708204,
      "y" : 4.236068,
      "z" : -11.09017
    }
  }, {
    "shape" : "5941c6d2-85ba-4143-8785-97bc8e463b84",
    "color" : "#F2F2F2",
    "position" : {
      "x" : 0.0,
      "y" : 15.326238,
      "z" : -9.472136
    }
  }, {
    "shape" : "d0c1e417-7b80-4a2d-9b17-36593ceadc39",
    "color" : "#FFB31A",
    "position" : {
      "x" : 6.854102,
      "y" : 17.944271,
      "z" : 0.0
    },
    "orientation" : 22
  }, {
    "shape" : "5941c6d2-85ba-4143-8785-97bc8e463b84",
    "color" : "#F2F2F2",
    "position" : {
      "x" : -6.854102,
      "y" : -6.854102,
      "z" : 15.326238
    }
  }, {
    "shape" : "5941c6d2-85ba-4143-8785-97bc8e463b84",
    "color" : "#F2F2F2",
    "position" : {
      "x" : -6.854102,
      "y" : -15.326238,
      "z" : 6.854102
    }
  }, {
    "shape" : "5941c6d2-85ba-4143-8785-97bc8e463b84",
    "color" : "#F2F2F2",
    "position" : {
      "x" : -15.326238,
      "y" : 6.854102,
      "z" : 6.854102
    }
  }, {
    "shape" : "d0c1e417-7b80-4a2d-9b17-36593ceadc39",
    "color" : "#FFB31A",
    "position" : {
      "x" : 15.326238,
      "y" : 6.854102,
      "z" : 6.854102
    },
    "orientation" : 17
  }, {
    "shape" : "d0c1e417-7b80-4a2d-9b17-36593ceadc39",
    "color" : "#FFB31A",
    "position" : {
      "x" : 6.854102,
      "y" : 15.326238,
      "z" : -6.854102
    },
    "orientation" : 30
  }, {
    "shape" : "5941c6d2-85ba-4143-8785-97bc8e463b84",
    "color" : "#F2F2F2",
    "position" : {
      "x" : 0.0,
      "y" : 6.854102,
      "z" : -17.944271
    }
  }, {
    "shape" : "d0c1e417-7b80-4a2d-9b17-36593ceadc39",
    "color" : "#FFB31A",
    "position" : {
      "x" : -6.854102,
      "y" : -15.326238,
      "z" : -6.854102
    },
    "orientation" : 0
  }, {
    "shape" : "d0c1e417-7b80-4a2d-9b17-36593ceadc39",
    "color" : "#FFB31A",
    "position" : {
      "x" : -11.09017,
      "y" : -11.09017,
      "z" : 11.09017
    },
    "orientation" : 9
  }, {
    "shape" : "d0c1e417-7b80-4a2d-9b17-36593ceadc39",
    "color" : "#FFB31A",
    "position" : {
      "x" : 0.0,
      "y" : -17.944271,
      "z" : 2.618034
    },
    "orientation" : 7
  }, {
    "shape" : "d0c1e417-7b80-4a2d-9b17-36593ceadc39",
    "color" : "#FFB31A",
    "position" : {
      "x" : -4.236068,
      "y" : -11.09017,
      "z" : -13.708204
    },
    "orientation" : 5
  }, {
    "shape" : "5941c6d2-85ba-4143-8785-97bc8e463b84",
    "color" : "#F2F2F2",
    "position" : {
      "x" : 0.0,
      "y" : -15.326238,
      "z" : -9.472136
    }
  }, {
    "shape" : "5941c6d2-85ba-4143-8785-97bc8e463b84",
    "color" : "#F2F2F2",
    "position" : {
      "x" : -11.09017,
      "y" : 11.09017,
      "z" : -11.09017
    }
  }, {
    "shape" : "d0c1e417-7b80-4a2d-9b17-36593ceadc39",
    "color" : "#FFB31A",
    "position" : {
      "x" : 6.854102,
      "y" : 15.326238,
      "z" : 6.854102
    },
    "orientation" : 38
  }, {
    "shape" : "d0c1e417-7b80-4a2d-9b17-36593ceadc39",
    "color" : "#FFB31A",
    "position" : {
      "x" : -6.854102,
      "y" : 17.944271,
      "z" : 0.0
    },
    "orientation" : 22
  }, {
    "shape" : "d0c1e417-7b80-4a2d-9b17-36593ceadc39",
    "color" : "#FFB31A",
    "position" : {
      "x" : 11.09017,
      "y" : -11.09017,
      "z" : -11.09017
    },
    "orientation" : 9
  }, {
    "shape" : "d0c1e417-7b80-4a2d-9b17-36593ceadc39",
    "color" : "#FFB31A",
    "position" : {
      "x" : -17.944271,
      "y" : 0.0,
      "z" : -6.854102
    },
    "orientation" : 24
  }, {
    "shape" : "d0c1e417-7b80-4a2d-9b17-36593ceadc39",
    "color" : "#FFB31A",
    "position" : {
      "x" : -11.09017,
      "y" : 11.09017,
      "z" : -11.09017
    },
    "orientation" : 39
  }, {
    "shape" : "d0c1e417-7b80-4a2d-9b17-36593ceadc39",
    "color" : "#FFB31A",
    "position" : {
      "x" : -11.09017,
      "y" : 11.09017,
      "z" : 11.09017
    },
    "orientation" : 16
  }, {
    "shape" : "5941c6d2-85ba-4143-8785-97bc8e463b84",
    "color" : "#F2F2F2",
    "position" : {
      "x" : 17.944271,
      "y" : 2.618034,
      "z" : 0.0
    }
  }, {
    "shape" : "d0c1e417-7b80-4a2d-9b17-36593ceadc39",
    "color" : "#FFB31A",
    "position" : {
      "x" : 0.0,
      "y" : 6.854102,
      "z" : 17.944271
    },
    "orientation" : 54
  }, {
    "shape" : "d0c1e417-7b80-4a2d-9b17-36593ceadc39",
    "color" : "#FFB31A",
    "position" : {
      "x" : -11.09017,
      "y" : -11.09017,
      "z" : 11.09017
    },
    "orientation" : 1
  }, {
    "shape" : "5941c6d2-85ba-4143-8785-97bc8e463b84",
    "color" : "#F2F2F2",
    "position" : {
      "x" : 11.09017,
      "y" : 13.708204,
      "z" : -4.236068
    }
  }, {
    "shape" : "d0c1e417-7b80-4a2d-9b17-36593ceadc39",
    "color" : "#FFB31A",
    "position" : {
      "x" : 0.0,
      "y" : 6.854102,
      "z" : 17.944271
    },
    "orientation" : 0
  }, {
    "shape" : "5941c6d2-85ba-4143-8785-97bc8e463b84",
    "color" : "#F2F2F2",
    "position" : {
      "x" : -4.236068,
      "y" : 11.09017,
      "z" : -13.708204
    }
  }, {
    "shape" : "d0c1e417-7b80-4a2d-9b17-36593ceadc39",
    "color" : "#FFB31A",
    "position" : {
      "x" : 17.944271,
      "y" : -2.618034,
      "z" : 0.0
    },
    "orientation" : 16
  }, {
    "shape" : "d0c1e417-7b80-4a2d-9b17-36593ceadc39",
    "color" : "#FFB31A",
    "position" : {
      "x" : -6.854102,
      "y" : 17.944271,
      "z" : 0.0
    },
    "orientation" : 19
  }, {
    "shape" : "5941c6d2-85ba-4143-8785-97bc8e463b84",
    "color" : "#F2F2F2",
    "position" : {
      "x" : 0.0,
      "y" : -6.854102,
      "z" : -17.944271
    }
  }, {
    "shape" : "d0c1e417-7b80-4a2d-9b17-36593ceadc39",
    "color" : "#FFB31A",
    "position" : {
      "x" : 15.326238,
      "y" : 6.854102,
      "z" : -6.854102
    },
    "orientation" : 7
  }, {
    "shape" : "d0c1e417-7b80-4a2d-9b17-36593ceadc39",
    "color" : "#FFB31A",
    "position" : {
      "x" : 11.09017,
      "y" : 11.09017,
      "z" : -11.09017
    },
    "orientation" : 30
  }, {
    "shape" : "d0c1e417-7b80-4a2d-9b17-36593ceadc39",
    "color" : "#FFB31A",
    "position" : {
      "x" : 0.0,
      "y" : 6.854102,
      "z" : -17.944271
    },
    "orientation" : 16
  }, {
    "shape" : "5941c6d2-85ba-4143-8785-97bc8e463b84",
    "color" : "#F2F2F2",
    "position" : {
      "x" : -9.472136,
      "y" : 0.0,
      "z" : -15.326238
    }
  }, {
    "shape" : "5941c6d2-85ba-4143-8785-97bc8e463b84",
    "color" : "#F2F2F2",
    "position" : {
      "x" : 2.618034,
      "y" : 0.0,
      "z" : -17.944271
    }
  }, {
    "shape" : "d0c1e417-7b80-4a2d-9b17-36593ceadc39",
    "color" : "#FFB31A",
