{
  "field" : "golden",
  "symmetry" : "icosahedral",
  "orientations" : [ [ 1.0, 0.0, 0.0, 0.0, 0.0, 1.0, 0.0, 0.0, 0.0, 0.0, 1.0, 0.0, 0.0, 0.0, 0.0, 1.0 ], [ 0.0, 0.0, 1.0, 0.0, 1.0, 0.0, 0.0, 0.0, 0.0, 1.0, 0.0, 0.0, 0.0, 0.0, 0.0, 1.0 ], [ 0.0, 1.0, 0.0, 0.0, 0.0, 0.0, 1.0, 0.0, 1.0, 0.0, 0.0, 0.0, 0.0, 0.0, 0.0, 1.0 ], [ 0.809017, 0.309017, 0.5, 0.0, 0.309017, 0.5, -0.809017, 0.0, -0.5, 0.809017, 0.309017, 0.0, 0.0, 0.0, 0.0, 1.0 ], [ -0.5, 0.809017, 0.309017, 0.0, 0.809017, 0.309017, 0.5, 0.0, 0.309017, 0.5, -0.809017, 0.0, 0.0, 0.0, 0.0, 1.0 ], [ 0.309017, 0.5, -0.809017, 0.0, -0.5, 0.809017, 0.309017, 0.0, 0.809017, 0.309017, 0.5, 0.0, 0.0, 0.0, 0.0, 1.0 ], [ 0.5, 0.809017, 0.309017, 0.0, 0.809017, -0.309017, -0.5, 0.0, -0.309017, 0.5, -0.809017, 0.0, 0.0, 0.0, 0.0, 1.0 ], [ -0.309017, 0.5, -0.809017, 0.0, 0.5, 0.809017, 0.309017, 0.0, 0.809017, -0.309017, -0.5, 0.0, 0.0, 0.0, 0.0, 1.0 ], [ 0.809017, -0.309017, -0.5, 0.0, -0.309017, 0.5, -0.809017, 0.0, 0.5, 0.809017, 0.309017, 0.0, 0.0, 0.0, 0.0, 1.0 ], [ 0.5, 0.809017, -0.309017, 0.0, 0.809017, -0.309017, 0.5, 0.0, 0.309017, -0.5, -0.809017, 0.0, 0.0, 0.0, 0.0, 1.0 ], [ 0.309017, -0.5, -0.809017, 0.0, 0.5, 0.809017, -0.309017, 0.0, 0.809017, -0.309017, 0.5, 0.0, 0.0, 0.0, 0.0, 1.0 ], [ 0.809017, -0.309017, 0.5, 0.0, 0.309017, -0.5, -0.809017, 0.0, 0.5, 0.809017, -0.309017, 0.0, 0.0, 0.0, 0.0, 1.0 ], [ 0.809017, 0.309017, -0.5, 0.0, 0.309017, 0.5, 0.809017, 0.0, 0.5, -0.809017, 0.309017, 0.0, 0.0, 0.0, 0.0, 1.0 ], [ 0.5, -0.809017, 0.309017, 0.0, 0.809017, 0.309017, -0.5, 0.0, 0.309017, 0.5, 0.809017, 0.0, 0.0, 0.0, 0.0, 1.0 ], [ 0.309017, 0.5, 0.809017, 0.0, 0.5, -0.809017, 0.309017, 0.0, 0.809017, 0.309017, -0.5, 0.0, 0.0, 0.0, 0.0, 1.0 ], [ 1.0, 0.0, 0.0, 0.0, 0.0, -1.0, 0.0, 0.0, 0.0, 0.0, -1.0, 0.0, 0.0, 0.0, 0.0, 1.0 ], [ 0.0, 0.0, 1.0, 0.0, -1.0, 0.0, 0.0, 0.0, 0.0, -1.0, 0.0, 0.0, 0.0, 0.0, 0.0, 1.0 ], [ 0.0, 1.0, 0.0, 0.0, 0.0, 0.0, -1.0, 0.0, -1.0, 0.0, 0.0, 0.0, 0.0, 0.0, 0.0, 1.0 ], [ 0.809017, 0.309017, 0.5, 0.0, -0.309017, -0.5, 0.809017, 0.0, 0.5, -0.809017, -0.309017, 0.0, 0.0, 0.0, 0.0, 1.0 ], [ -0.5, 0.809017, 0.309017, 0.0, -0.809017, -0.309017, -0.5, 0.0, -0.309017, -0.5, 0.809017, 0.0, 0.0, 0.0, 0.0, 1.0 ], [ 0.309017, 0.5, -0.809017, 0.0, 0.5, -0.809017, -0.309017, 0.0, -0.809017, -0.309017, -0.5, 0.0, 0.0, 0.0, 0.0, 1.0 ], [ 0.5, 0.809017, 0.309017, 0.0, -0.809017, 0.309017, 0.5, 0.0, 0.309017, -0.5, 0.809017, 0.0, 0.0, 0.0, 0.0, 1.0 ], [ -0.309017, 0.5, -0.809017, 0.0, -0.5, -0.809017, -0.309017, 0.0, -0.809017, 0.309017, 0.5, 0.0, 0.0, 0.0, 0.0, 1.0 ], [ 0.809017, -0.309017, -0.5, 0.0, 0.309017, -0.5, 0.809017, 0.0, -0.5, -0.809017, -0.309017, 0.0, 0.0, 0.0, 0.0, 1.0 ], [ 0.5, 0.809017, -0.309017, 0.0, -0.809017, 0.309017, -0.5, 0.0, -0.309017, 0.5, 0.809017, 0.0, 0.0, 0.0, 0.0, 1.0 ], [ 0.309017, -0.5, -0.809017, 0.0, -0.5, -0.809017, 0.309017, 0.0, -0.809017, 0.309017, -0.5, 0.0, 0.0, 0.0, 0.0, 1.0 ], [ 0.809017, -0.309017, 0.5, 0.0, -0.309017, 0.5, 0.809017, 0.0, -0.5, -0.809017, 0.309017, 0.0, 0.0, 0.0, 0.0, 1.0 ], [ 0.809017, 0.309017, -0.5, 0.0, -0.309017, -0.5, -0.809017, 0.0, -0.5, 0.809017, -0.309017, 0.0, 0.0, 0.0, 0.0, 1.0 ], [ 0.5, -0.809017, 0.309017, 0.0, -0.809017, -0.309017, 0.5, 0.0, -0.309017, -0.5, -0.809017, 0.0, 0.0, 0.0, 0.0, 1.0 ], [ 0.309017, 0.5, 0.809017, 0.0, -0.5, 0.809017, -0.309017, 0.0, -0.809017, -0.309017, 0.5, 0.0, 0.0, 0.0, 0.0, 1.0 ], [ -1.0, 0.0, 0.0, 0.0, 0.0, -1.0, 0.0, 0.0, 0.0, 0.0, 1.0, 0.0, 0.0, 0.0, 0.0, 1.0 ], [ 0.0, 0.0, -1.0, 0.0, -1.0, 0.0, 0.0, 0.0, 0.0, 1.0, 0.0, 0.0, 0.0, 0.0, 0.0, 1.0 ], [ 0.0, -1.0, 0.0, 0.0, 0.0, 0.0, -1.0, 0.0, 1.0, 0.0, 0.0, 0.0, 0.0, 0.0, 0.0, 1.0 ], [ -0.809017, -0.309017, -0.5, 0.0, -0.309017, -0.5, 0.809017, 0.0, -0.5, 0.809017, 0.309017, 0.0, 0.0, 0.0, 0.0, 1.0 ], [ 0.5, -0.809017, -0.309017, 0.0, -0.809017, -0.309017, -0.5, 0.0, 0.309017, 0.5, -0.809017, 0.0, 0.0, 0.0, 0.0, 1.0 ], [ -0.309017, -0.5, 0.809017, 0.0, 0.5, -0.809017, -0.309017, 0.0, 0.809017, 0.309017, 0.5, 0.0, 0.0, 0.0, 0.0, 1.0 ], [ -0.5, -0.809017, -0.309017, 0.0, -0.809017, 0.309017, 0.5, 0.0, -0.309017, 0.5, -0.809017, 0.0, 0.0, 0.0, 0.0, 1.0 ], [ 0.309017, -0.5, 0.809017, 0.0, -0.5, -0.809017, -0.309017, 0.0, 0.809017, -0.309017, -0.5, 0.0, 0.0, 0.0, 0.0, 1.0 ], [ -0.809017, 0.309017, 0.5, 0.0, 0.309017, -0.5, 0.809017, 0.0, 0.5, 0.809017, 0.309017, 0.0, 0.0, 0.0, 0.0, 1.0 ], [ -0.5, -0.809017, 0.309017, 0.0, -0.809017, 0.309017, -0.5, 0.0, 0.309017, -0.5, -0.809017, 0.0, 0.0, 0.0, 0.0, 1.0 ], [ -0.309017, 0.5, 0.809017, 0.0, -0.5, -0.809017, 0.309017, 0.0, 0.809017, -0.309017, 0.5, 0.0, 0.0, 0.0, 0.0, 1.0 ], [ -0.809017, 0.309017, -0.5, 0.0, -0.309017, 0.5, 0.809017, 0.0, 0.5, 0.809017, -0.309017, 0.0, 0.0, 0.0, 0.0, 1.0 ], [ -0.809017, -0.309017, 0.5, 0.0, -0.309017, -0.5, -0.809017, 0.0, 0.5, -0.809017, 0.309017, 0.0, 0.0, 0.0, 0.0, 1.0 ], [ -0.5, 0.809017, -0.309017, 0.0, -0.809017, -0.309017, 0.5, 0.0, 0.309017, 0.5, 0.809017, 0.0, 0.0, 0.0, 0.0, 1.0 ], [ -0.309017, -0.5, -0.809017, 0.0, -0.5, 0.809017, -0.309017, 0.0, 0.809017, 0.309017, -0.5, 0.0, 0.0, 0.0, 0.0, 1.0 ], [ -1.0, 0.0, 0.0, 0.0, 0.0, 1.0, 0.0, 0.0, 0.0, 0.0, -1.0, 0.0, 0.0, 0.0, 0.0, 1.0 ], [ 0.0, 0.0, -1.0, 0.0, 1.0, 0.0, 0.0, 0.0, 0.0, -1.0, 0.0, 0.0, 0.0, 0.0, 0.0, 1.0 ], [ 0.0, -1.0, 0.0, 0.0, 0.0, 0.0, 1.0, 0.0, -1.0, 0.0, 0.0, 0.0, 0.0, 0.0, 0.0, 1.0 ], [ -0.809017, -0.309017, -0.5, 0.0, 0.309017, 0.5, -0.809017, 0.0, 0.5, -0.809017, -0.309017, 0.0, 0.0, 0.0, 0.0, 1.0 ], [ 0.5, -0.809017, -0.309017, 0.0, 0.809017, 0.309017, 0.5, 0.0, -0.309017, -0.5, 0.809017, 0.0, 0.0, 0.0, 0.0, 1.0 ], [ -0.309017, -0.5, 0.809017, 0.0, -0.5, 0.809017, 0.309017, 0.0, -0.809017, -0.309017, -0.5, 0.0, 0.0, 0.0, 0.0, 1.0 ], [ -0.5, -0.809017, -0.309017, 0.0, 0.809017, -0.309017, -0.5, 0.0, 0.309017, -0.5, 0.809017, 0.0, 0.0, 0.0, 0.0, 1.0 ], [ 0.309017, -0.5, 0.809017, 0.0, 0.5, 0.809017, 0.309017, 0.0, -0.809017, 0.309017, 0.5, 0.0, 0.0, 0.0, 0.0, 1.0 ], [ -0.809017, 0.309017, 0.5, 0.0, -0.309017, 0.5, -0.809017, 0.0, -0.5, -0.809017, -0.309017, 0.0, 0.0, 0.0, 0.0, 1.0 ], [ -0.5, -0.809017, 0.309017, 0.0, 0.809017, -0.309017, 0.5, 0.0, -0.309017, 0.5, 0.809017, 0.0, 0.0, 0.0, 0.0, 1.0 ], [ -0.309017, 0.5, 0.809017, 0.0, 0.5, 0.809017, -0.309017, 0.0, -0.809017, 0.309017, -0.5, 0.0, 0.0, 0.0, 0.0, 1.0 ], [ -0.809017, 0.309017, -0.5, 0.0, 0.309017, -0.5, -0.809017, 0.0, -0.5, -0.809017, 0.309017, 0.0, 0.0, 0.0, 0.0, 1.0 ], [ -0.809017, -0.309017, 0.5, 0.0, 0.309017, 0.5, 0.809017, 0.0, -0.5, 0.809017, -0.309017, 0.0, 0.0, 0.0, 0.0, 1.0 ], [ -0.5, 0.809017, -0.309017, 0.0, 0.809017, 0.309017, -0.5, 0.0, -0.309017, -0.5, -0.809017, 0.0, 0.0, 0.0, 0.0, 1.0 ], [ -0.309017, -0.5, -0.809017, 0.0, 0.5, -0.809017, 0.309017, 0.0, -0.809017, -0.309017, 0.5, 0.0, 0.0, 0.0, 0.0, 1.0 ] ],
  "lights" : {
    "ambientColor" : "#292929",
    "backgroundColor" : "#AFC8DC",
    "directionalLights" : [ {
      "direction" : {
        "x" : 1.0,
        "y" : -1.0,
        "z" : -1.0
      },
      "color" : "#EBEBE4"
    }, {
      "direction" : {
        "x" : -1.0,
        "y" : 0.0,
        "z" : 0.0
      },
      "color" : "#E4E4EB"
    }, {
      "direction" : {
        "x" : 0.0,
        "y" : 0.0,
        "z" : -1.0
      },
      "color" : "#1E1E1E"
    } ]
  },
  "camera" : {
    "lookDirection" : {
      "x" : -0.92371285,
      "y" : -0.30004522,
      "z" : -0.23813637
    },
    "upDirection" : {
      "x" : -0.2902118,
      "y" : 0.953911,
      "z" : -0.0761705
    },
    "lookAtPoint" : {
      "x" : 0.0,
      "y" : 0.0,
      "z" : 0.0
    },
    "perspective" : true,
    "viewDistance" : 43.331482,
    "nearClipDistance" : 0.1083287,
    "farClipDistance" : 86.66284,
    "fieldOfView" : 0.44262886,
    "width" : 19.499166,
    "stereo" : false,
    "position" : {
      "x" : 40.02585,
      "y" : 13.001404,
      "z" : 10.318802
    }
  },
  "embedding" : [ 1.0, 0.0, 0.0, 0.0, 0.0, 1.0, 0.0, 0.0, 0.0, 0.0, 1.0, 0.0, 0.0, 0.0, 0.0, 1.0 ],
  "shapes" : [ {
    "id" : "574547e5-3199-48a4-b909-118228188ce0",
    "vertices" : [ {
      "x" : 1.8944272,
      "y" : 1.1708204,
      "z" : 0.0
    }, {
      "x" : 2.118034,
      "y" : 0.809017,
      "z" : 1.309017
    }, {
      "x" : 1.618034,
      "y" : 1.618034,
      "z" : 1.618034
    } ],
    "faces" : [ {
      "vertices" : [ 0, 1, 2 ]
    }, {
      "vertices" : [ 0, 2, 1 ]
    } ]
  }, {
    "id" : "f2c94154-42be-492a-a65e-cc79c5337c1a",
    "vertices" : [ {
      "x" : 0.0,
      "y" : 1.8944272,
      "z" : 1.1708204
    }, {
      "x" : 0.809017,
      "y" : 1.309017,
      "z" : 2.118034
    }, {
      "x" : 0.0,
      "y" : 1.0,
      "z" : 2.618034
    } ],
    "faces" : [ {
      "vertices" : [ 0, 1, 2 ]
    }, {
      "vertices" : [ 0, 2, 1 ]
    } ]
  }, {
    "id" : "11ee359e-14f3-421e-a515-0009ea8d73f1",
    "vertices" : [ {
      "x" : -1.309017,
      "y" : -2.118034,
      "z" : -0.809017
    }, {
      "x" : -1.0,
      "y" : -2.618034,
      "z" : 0.0
    }, {
      "x" : -1.8944272,
      "y" : -1.1708204,
      "z" : 0.0
    } ],
    "faces" : [ {
      "vertices" : [ 0, 1, 2 ]
    }, {
      "vertices" : [ 0, 2, 1 ]
    } ]
  }, {
    "id" : "65ff5f73-d37c-4729-ae96-8d146077a8e0",
    "vertices" : [ {
      "x" : 2.118034,
      "y" : 0.809017,
      "z" : 1.309017
    }, {
      "x" : 1.618034,
      "y" : 1.618034,
      "z" : 1.618034
    }, {
      "x" : 1.1708204,
      "y" : 0.0,
      "z" : 1.8944272
    } ],
    "faces" : [ {
      "vertices" : [ 0, 1, 2 ]
    }, {
      "vertices" : [ 0, 2, 1 ]
    } ]
  }, {
    "id" : "9166f118-5412-4844-a52b-b121fec7d809",
    "vertices" : [ {
      "x" : 0.0,
      "y" : 1.8944272,
      "z" : 1.1708204
    }, {
      "x" : -1.309017,
      "y" : 2.118034,
      "z" : 0.809017
    }, {
      "x" : -1.0,
      "y" : 2.618034,
      "z" : 0.0
    } ],
    "faces" : [ {
      "vertices" : [ 0, 1, 2 ]
    }, {
      "vertices" : [ 0, 2, 1 ]
    } ]
  }, {
    "id" : "b600df66-742b-45ea-97cb-d0778085cae3",
    "vertices" : [ {
      "x" : 1.1708204,
      "y" : 0.0,
      "z" : -1.8944272
    }, {
      "x" : 0.809017,
      "y" : -1.309017,
      "z" : -2.118034
    }, {
      "x" : 1.618034,
      "y" : -1.618034,
      "z" : -1.618034
    } ],
    "faces" : [ {
      "vertices" : [ 0, 1, 2 ]
    }, {
      "vertices" : [ 0, 2, 1 ]
    } ]
  }, {
    "id" : "c0e7b809-dfd0-4ee2-8233-375c40591cca",
    "vertices" : [ {
      "x" : 0.0,
      "y" : -1.8944272,
      "z" : 1.1708204
    }, {
      "x" : -0.809017,
      "y" : -1.309017,
      "z" : 2.118034
    }, {
      "x" : 0.0,
      "y" : -1.0,
      "z" : 2.618034
    } ],
    "faces" : [ {
      "vertices" : [ 0, 1, 2 ]
    }, {
      "vertices" : [ 0, 2, 1 ]
    } ]
  }, {
    "id" : "5fc4dea3-655f-48a5-8276-f5f90d027e0d",
    "vertices" : [ {
      "x" : -1.8944272,
      "y" : -1.1708204,
      "z" : 0.0
    }, {
      "x" : -1.309017,
      "y" : -2.118034,
      "z" : -0.809017
    }, {
      "x" : -1.618034,
      "y" : -1.618034,
      "z" : -1.618034
    } ],
    "faces" : [ {
      "vertices" : [ 0, 1, 2 ]
    }, {
      "vertices" : [ 0, 2, 1 ]
    } ]
  }, {
    "id" : "848eaf4e-879e-417a-a30c-b802503d453f",
    "vertices" : [ {
      "x" : 0.0,
      "y" : 1.8944272,
      "z" : -1.1708204
    }, {
      "x" : 0.0,
      "y" : 2.618034,
      "z" : 0.0
    }, {
      "x" : -1.0,
      "y" : 2.618034,
      "z" : 0.0
    } ],
    "faces" : [ {
      "vertices" : [ 0, 1, 2 ]
    }, {
      "vertices" : [ 0, 2, 1 ]
    } ]
  }, {
    "id" : "d9b9e3b9-9d4a-4bdd-b2b5-4e9b6de3a5b0",
    "vertices" : [ {
      "x" : 2.118034,
      "y" : 0.809017,
      "z" : -1.309017
    }, {
      "x" : 2.618034,
      "y" : 0.0,
      "z" : -1.0
    }, {
      "x" : 1.1708204,
      "y" : 0.0,
      "z" : -1.8944272
    } ],
    "faces" : [ {
      "vertices" : [ 0, 1, 2 ]
    }, {
      "vertices" : [ 0, 2, 1 ]
    } ]
  }, {
    "id" : "f1838dba-0f5c-4723-91b6-c444f4d977fd",
    "vertices" : [ {
      "x" : 1.8944272,
      "y" : -1.1708204,
      "z" : 0.0
    }, {
      "x" : 2.118034,
      "y" : -0.809017,
      "z" : 1.309017
    }, {
      "x" : 2.618034,
      "y" : 0.0,
      "z" : 1.0
    } ],
    "faces" : [ {
      "vertices" : [ 0, 1, 2 ]
    }, {
      "vertices" : [ 0, 2, 1 ]
    } ]
  }, {
    "id" : "a88aa8a7-a499-42a4-936a-21d3b5e61bc4",
    "vertices" : [ {
      "x" : 0.0,
      "y" : 1.8944272,
      "z" : -1.1708204
    }, {
      "x" : 1.309017,
      "y" : 2.118034,
      "z" : -0.809017
    }, {
      "x" : 1.0,
      "y" : 2.618034,
      "z" : 0.0
    } ],
    "faces" : [ {
      "vertices" : [ 0, 1, 2 ]
    }, {
      "vertices" : [ 0, 2, 1 ]
    } ]
  }, {
    "id" : "711d48d4-ac4d-479e-a081-71f3984909e1",
    "vertices" : [ {
      "x" : -0.809017,
      "y" : 1.309017,
      "z" : -2.118034
    }, {
      "x" : -1.618034,
      "y" : 1.618034,
      "z" : -1.618034
    }, {
      "x" : 0.0,
      "y" : 1.8944272,
      "z" : -1.1708204
    } ],
    "faces" : [ {
      "vertices" : [ 0, 1, 2 ]
    }, {
      "vertices" : [ 0, 2, 1 ]
    } ]
  }, {
    "id" : "30ebc195-cc23-40d6-902e-8c87d0440fc7",
    "vertices" : [ {
      "x" : 1.8944272,
      "y" : 1.1708204,
      "z" : 0.0
    }, {
      "x" : 2.118034,
      "y" : 0.809017,
      "z" : -1.309017
    }, {
      "x" : 2.618034,
      "y" : 0.0,
      "z" : -1.0
    } ],
    "faces" : [ {
      "vertices" : [ 0, 1, 2 ]
    }, {
      "vertices" : [ 0, 2, 1 ]
    } ]
  }, {
    "id" : "c0c0a484-6cf5-4885-8f1b-ac92e29429cd",
    "vertices" : [ {
      "x" : 2.618034,
      "y" : 1.0,
      "z" : 1.618034
    }, {
      "x" : 0.0,
      "y" : -1.236068,
      "z" : 3.236068
    }, {
      "x" : -2.0,
      "y" : -2.0,
      "z" : 2.0
    }, {
      "x" : -2.618034,
      "y" : -1.0,
      "z" : -1.618034
    }, {
      "x" : 0.0,
      "y" : 1.236068,
      "z" : -3.236068
    }, {
      "x" : 2.0,
      "y" : 2.0,
      "z" : -2.0
    } ],
    "faces" : [ {
      "vertices" : [ 0, 1, 2 ]
    }, {
      "vertices" : [ 0, 2, 3 ]
    }, {
      "vertices" : [ 0, 3, 4 ]
    }, {
      "vertices" : [ 0, 4, 5 ]
    }, {
      "vertices" : [ 0, 5, 4 ]
    }, {
      "vertices" : [ 0, 4, 3 ]
    }, {
      "vertices" : [ 0, 3, 2 ]
    }, {
      "vertices" : [ 0, 2, 1 ]
    } ]
  }, {
    "id" : "09e9dd61-0ab9-4aa0-9cf6-1e428fb029dc",
    "vertices" : [ {
      "x" : 0.0,
      "y" : 1.8944272,
      "z" : -1.1708204
    }, {
      "x" : -0.809017,
      "y" : 1.309017,
      "z" : -2.118034
    }, {
      "x" : 0.0,
      "y" : 1.0,
      "z" : -2.618034
    } ],
    "faces" : [ {
      "vertices" : [ 0, 1, 2 ]
    }, {
      "vertices" : [ 0, 2, 1 ]
    } ]
  }, {
    "id" : "75ffc4d5-01a0-413d-9f85-70c882c0df0d",
    "vertices" : [ {
      "x" : -1.309017,
      "y" : 2.118034,
      "z" : -0.809017
    }, {
      "x" : -1.618034,
      "y" : 1.618034,
      "z" : -1.618034
    }, {
      "x" : -1.8944272,
      "y" : 1.1708204,
      "z" : 0.0
    } ],
    "faces" : [ {
      "vertices" : [ 0, 1, 2 ]
    }, {
      "vertices" : [ 0, 2, 1 ]
    } ]
  }, {
    "id" : "673b2f67-733e-41e0-9788-cbcbfe7b2a25",
    "vertices" : [ {
      "x" : 0.809017,
      "y" : -1.309017,
      "z" : 2.118034
    }, {
      "x" : 1.618034,
      "y" : -1.618034,
      "z" : 1.618034
    }, {
      "x" : 1.1708204,
      "y" : 0.0,
      "z" : 1.8944272
    } ],
    "faces" : [ {
      "vertices" : [ 0, 1, 2 ]
    }, {
      "vertices" : [ 0, 2, 1 ]
    } ]
  }, {
    "id" : "94d616c0-c48f-4555-ae66-5c1add76633c",
    "vertices" : [ {
      "x" : -4.236068,
      "y" : 1.618034,
      "z" : -2.618034
    }, {
      "x" : -2.618034,
      "y" : -4.236068,
      "z" : 1.618034
    }, {
      "x" : 4.236068,
      "y" : -1.618034,
      "z" : 2.618034
    }, {
      "x" : 2.618034,
      "y" : 4.236068,
      "z" : -1.618034
    } ],
    "faces" : [ {
      "vertices" : [ 0, 1, 2 ]
    }, {
      "vertices" : [ 0, 2, 3 ]
    }, {
      "vertices" : [ 0, 3, 2 ]
    }, {
      "vertices" : [ 0, 2, 1 ]
    } ]
  }, {
    "id" : "67a98c56-4aa8-4f82-89ad-dc00a4bc126a",
    "vertices" : [ {
      "x" : -1.8944272,
      "y" : 1.1708204,
      "z" : 0.0
    }, {
      "x" : -1.309017,
      "y" : 2.118034,
      "z" : -0.809017
    }, {
      "x" : -1.0,
      "y" : 2.618034,
      "z" : 0.0
    } ],
    "faces" : [ {
      "vertices" : [ 0, 1, 2 ]
    }, {
      "vertices" : [ 0, 2, 1 ]
    } ]
  }, {
    "id" : "a35f65fd-d4a0-4ef2-b93d-5c321a8c518a",
    "vertices" : [ {
      "x" : -2.118034,
      "y" : -0.809017,
      "z" : -1.309017
    }, {
      "x" : -2.618034,
      "y" : 0.0,
      "z" : -1.0
    }, {
      "x" : -1.1708204,
      "y" : 0.0,
      "z" : -1.8944272
    } ],
    "faces" : [ {
      "vertices" : [ 0, 1, 2 ]
    }, {
      "vertices" : [ 0, 2, 1 ]
    } ]
  }, {
    "id" : "0b3b462f-5e09-4d13-94fd-091ad0af9839",
    "vertices" : [ {
      "x" : 0.809017,
      "y" : 1.309017,
      "z" : -2.118034
    }, {
      "x" : 0.0,
      "y" : 1.0,
      "z" : -2.618034
    }, {
      "x" : 0.0,
      "y" : 1.8944272,
      "z" : -1.1708204
    } ],
    "faces" : [ {
      "vertices" : [ 0, 1, 2 ]
    }, {
      "vertices" : [ 0, 2, 1 ]
    } ]
  }, {
    "id" : "1a6d0a50-89a6-4ed5-9197-8d9f3b1a183d",
    "vertices" : [ {
      "x" : -1.1708204,
      "y" : 0.0,
      "z" : -1.8944272
    }, {
      "x" : 0.0,
      "y" : 0.0,
      "z" : -2.618034
    }, {
      "x" : 0.0,
      "y" : 1.0,
      "z" : -2.618034
    } ],
    "faces" : [ {
      "vertices" : [ 0, 1, 2 ]
    }, {
      "vertices" : [ 0, 2, 1 ]
    } ]
  }, {
    "id" : "dcdb0065-aefc-4905-8f48-0d6b4671e5a3",
    "vertices" : [ {
      "x" : 0.0,
      "y" : 1.8944272,
      "z" : 1.1708204
    }, {
      "x" : 0.0,
      "y" : 2.618034,
      "z" : 0.0
    }, {
      "x" : 1.0,
      "y" : 2.618034,
      "z" : 0.0
    } ],
    "faces" : [ {
      "vertices" : [ 0, 1, 2 ]
    }, {
      "vertices" : [ 0, 2, 1 ]
    } ]
  }, {
    "id" : "67548fb2-6f9c-4833-a3b2-7e4481e997a5",
    "vertices" : [ {
      "x" : -2.118034,
      "y" : 0.809017,
      "z" : 1.309017
    }, {
      "x" : -2.618034,
      "y" : 0.0,
      "z" : 1.0
    }, {
      "x" : -1.1708204,
      "y" : 0.0,
      "z" : 1.8944272
    } ],
    "faces" : [ {
      "vertices" : [ 0, 1, 2 ]
    }, {
      "vertices" : [ 0, 2, 1 ]
    } ]
  }, {
    "id" : "d8c89cfe-4530-4123-9e12-78bab67c3ca6",
    "vertices" : [ {
      "x" : 1.1708204,
      "y" : 0.0,
      "z" : 1.8944272
    }, {
      "x" : 2.118034,
      "y" : -0.809017,
      "z" : 1.309017
    }, {
      "x" : 1.618034,
      "y" : -1.618034,
      "z" : 1.618034
    } ],
    "faces" : [ {
      "vertices" : [ 0, 1, 2 ]
    }, {
      "vertices" : [ 0, 2, 1 ]
    } ]
  }, {
    "id" : "5c90e660-719f-410d-92b4-086486d57e4c",
    "vertices" : [ {
      "x" : 0.0,
      "y" : 0.0,
      "z" : 2.618034
    }, {
      "x" : 0.0,
      "y" : -1.0,
      "z" : 2.618034
    }, {
      "x" : 1.1708204,
      "y" : 0.0,
      "z" : 1.8944272
    } ],
    "faces" : [ {
      "vertices" : [ 0, 1, 2 ]
    }, {
      "vertices" : [ 0, 2, 1 ]
    } ]
  }, {
    "id" : "8daced2b-33b6-4ca5-8bec-9b80ac65405c",
    "vertices" : [ {
      "x" : 0.0,
      "y" : -2.618034,
      "z" : 0.0
    }, {
      "x" : -1.0,
      "y" : -2.618034,
      "z" : 0.0
    }, {
      "x" : 0.0,
      "y" : -1.8944272,
      "z" : -1.1708204
    } ],
    "faces" : [ {
      "vertices" : [ 0, 1, 2 ]
    }, {
      "vertices" : [ 0, 2, 1 ]
    } ]
  }, {
    "id" : "ec418635-a2da-4a66-ae14-63533d2562d3",
    "vertices" : [ {
      "x" : -0.809017,
      "y" : -1.309017,
      "z" : 2.118034
    }, {
      "x" : 0.0,
      "y" : -1.0,
      "z" : 2.618034
    }, {
      "x" : -1.1708204,
      "y" : 0.0,
      "z" : 1.8944272
    } ],
    "faces" : [ {
      "vertices" : [ 0, 1, 2 ]
    }, {
      "vertices" : [ 0, 2, 1 ]
    } ]
  }, {
    "id" : "3b13552b-b18a-4984-8d82-0c0b153cefa0",
    "vertices" : [ {
      "x" : -1.1708204,
      "y" : 0.0,
      "z" : -1.8944272
    }, {
      "x" : -0.809017,
      "y" : 1.309017,
      "z" : -2.118034
    }, {
      "x" : -1.618034,
      "y" : 1.618034,
      "z" : -1.618034
    } ],
    "faces" : [ {
      "vertices" : [ 0, 1, 2 ]
    }, {
      "vertices" : [ 0, 2, 1 ]
    } ]
  }, {
    "id" : "6a2e8548-f437-4dc1-9881-d5ab0e8c7bfc",
    "vertices" : [ {
      "x" : 0.0,
      "y" : 2.618034,
      "z" : 0.0
    }, {
      "x" : 1.0,
      "y" : 2.618034,
      "z" : 0.0
    }, {
      "x" : 0.0,
      "y" : 1.8944272,
      "z" : -1.1708204
    } ],
    "faces" : [ {
      "vertices" : [ 0, 1, 2 ]
    }, {
      "vertices" : [ 0, 2, 1 ]
    } ]
  }, {
    "id" : "372dd9ef-f58e-4086-b25f-05787c723b56",
    "vertices" : [ {
      "x" : -1.1708204,
      "y" : 0.0,
      "z" : 1.8944272
    }, {
      "x" : 0.0,
      "y" : 0.0,
      "z" : 2.618034
    }, {
      "x" : 0.0,
      "y" : -1.0,
      "z" : 2.618034
    } ],
    "faces" : [ {
      "vertices" : [ 0, 1, 2 ]
    }, {
      "vertices" : [ 0, 2, 1 ]
    } ]
  }, {
    "id" : "ce79d23f-d72e-4a97-abbf-79a9685479c3",
    "vertices" : [ {
      "x" : 2.118034,
      "y" : -0.809017,
      "z" : -1.309017
    }, {
      "x" : 2.618034,
      "y" : 0.0,
      "z" : -1.0
    }, {
      "x" : 1.8944272,
      "y" : -1.1708204,
      "z" : 0.0
    } ],
    "faces" : [ {
      "vertices" : [ 0, 1, 2 ]
    }, {
      "vertices" : [ 0, 2, 1 ]
    } ]
  }, {
    "id" : "7b37a094-083d-4737-8a7b-8a4f3a280a22",
    "vertices" : [ {
      "x" : 1.309017,
      "y" : -2.118034,
      "z" : -0.809017
    }, {
      "x" : 1.618034,
      "y" : -1.618034,
      "z" : -1.618034
    }, {
      "x" : 1.8944272,
      "y" : -1.1708204,
      "z" : 0.0
    } ],
    "faces" : [ {
      "vertices" : [ 0, 1, 2 ]
    }, {
      "vertices" : [ 0, 2, 1 ]
    } ]
  }, {
    "id" : "e10d0553-27cf-4224-8b23-20e0a6febb8b",
    "vertices" : [ {
      "x" : -1.8944272,
      "y" : 1.1708204,
      "z" : 0.0
    }, {
      "x" : -2.618034,
      "y" : 0.0,
      "z" : 0.0
    }, {
      "x" : -2.618034,
      "y" : 0.0,
      "z" : -1.0
    } ],
    "faces" : [ {
      "vertices" : [ 0, 1, 2 ]
    }, {
      "vertices" : [ 0, 2, 1 ]
    } ]
  }, {
    "id" : "d019e769-4636-446e-bbc3-49a60c41d8b9",
    "vertices" : [ {
      "x" : 1.1708204,
      "y" : 0.0,
      "z" : -1.8944272
    }, {
      "x" : 2.118034,
      "y" : -0.809017,
      "z" : -1.309017
    }, {
      "x" : 2.618034,
      "y" : 0.0,
      "z" : -1.0
    } ],
    "faces" : [ {
      "vertices" : [ 0, 1, 2 ]
    }, {
      "vertices" : [ 0, 2, 1 ]
    } ]
  }, {
    "id" : "037b82ab-6709-486f-add7-34c972b97671",
    "vertices" : [ {
      "x" : 0.0,
      "y" : -1.8944272,
      "z" : -1.1708204
    }, {
      "x" : 0.0,
      "y" : -2.618034,
      "z" : 0.0
    }, {
      "x" : 1.0,
      "y" : -2.618034,
      "z" : 0.0
    } ],
    "faces" : [ {
      "vertices" : [ 0, 1, 2 ]
    }, {
      "vertices" : [ 0, 2, 1 ]
    } ]
  }, {
    "id" : "06e517db-7326-45cd-ba4f-e0288ef42caa",
    "vertices" : [ {
      "x" : 2.618034,
      "y" : 0.0,
      "z" : 0.0
    }, {
      "x" : 2.618034,
      "y" : 0.0,
      "z" : 1.0
    }, {
      "x" : 1.8944272,
      "y" : -1.1708204,
      "z" : 0.0
    } ],
    "faces" : [ {
      "vertices" : [ 0, 1, 2 ]
    }, {
      "vertices" : [ 0, 2, 1 ]
    } ]
  }, {
    "id" : "260a4e36-5e08-4611-8c18-ba065a758d87",
    "vertices" : [ {
      "x" : -1.1708204,
      "y" : 0.0,
      "z" : 1.8944272
    }, {
      "x" : -2.118034,
      "y" : -0.809017,
      "z" : 1.309017
    }, {
      "x" : -2.618034,
      "y" : 0.0,
      "z" : 1.0
    } ],
    "faces" : [ {
      "vertices" : [ 0, 1, 2 ]
    }, {
      "vertices" : [ 0, 2, 1 ]
    } ]
  }, {
    "id" : "1bf36c33-b38d-4aff-80e1-997d005ca2a2",
    "vertices" : [ {
      "x" : 1.309017,
      "y" : -2.118034,
      "z" : 0.809017
    }, {
      "x" : 1.0,
      "y" : -2.618034,
      "z" : 0.0
    }, {
      "x" : 1.8944272,
      "y" : -1.1708204,
      "z" : 0.0
    } ],
    "faces" : [ {
      "vertices" : [ 0, 1, 2 ]
    }, {
      "vertices" : [ 0, 2, 1 ]
    } ]
  }, {
    "id" : "8dc31637-cb0c-4ef1-957f-b9577922cb2c",
    "vertices" : [ {
      "x" : 1.309017,
      "y" : -2.118034,
      "z" : -0.809017
    }, {
      "x" : 1.0,
      "y" : -2.618034,
      "z" : 0.0
    }, {
      "x" : 0.0,
      "y" : -1.8944272,
      "z" : -1.1708204
    } ],
    "faces" : [ {
      "vertices" : [ 0, 1, 2 ]
    }, {
      "vertices" : [ 0, 2, 1 ]
    } ]
  }, {
    "id" : "5f1da0fd-ff8d-4107-bf0e-c5998be8b523",
    "vertices" : [ {
      "x" : 1.1708204,
      "y" : 0.0,
      "z" : -1.8944272
    }, {
      "x" : 0.809017,
      "y" : 1.309017,
      "z" : -2.118034
    }, {
      "x" : 0.0,
      "y" : 1.0,
      "z" : -2.618034
    } ],
    "faces" : [ {
      "vertices" : [ 0, 1, 2 ]
    }, {
      "vertices" : [ 0, 2, 1 ]
    } ]
  }, {
    "id" : "2199c8e3-9278-48f8-b7e4-fb77dbb6351b",
    "vertices" : [ {
      "x" : 0.0,
      "y" : 0.0,
      "z" : 2.618034
    }, {
      "x" : 0.0,
      "y" : 1.0,
      "z" : 2.618034
    }, {
      "x" : -1.1708204,
      "y" : 0.0,
      "z" : 1.8944272
    } ],
    "faces" : [ {
      "vertices" : [ 0, 1, 2 ]
    }, {
      "vertices" : [ 0, 2, 1 ]
    } ]
  }, {
    "id" : "9f5c2c23-e623-4495-8df7-980f3806e99d",
    "vertices" : [ {
      "x" : 1.1708204,
      "y" : 0.0,
      "z" : 1.8944272
    }, {
      "x" : 0.809017,
      "y" : -1.309017,
      "z" : 2.118034
    }, {
      "x" : 0.0,
      "y" : -1.0,
      "z" : 2.618034
    } ],
    "faces" : [ {
      "vertices" : [ 0, 1, 2 ]
    }, {
      "vertices" : [ 0, 2, 1 ]
    } ]
  }, {
    "id" : "25d129cd-6f8a-4348-8a5b-130effef3b11",
    "vertices" : [ {
      "x" : 1.309017,
      "y" : 2.118034,
      "z" : 0.809017
    }, {
      "x" : 1.0,
      "y" : 2.618034,
      "z" : 0.0
    }, {
      "x" : 0.0,
      "y" : 1.8944272,
      "z" : 1.1708204
    } ],
    "faces" : [ {
      "vertices" : [ 0, 1, 2 ]
    }, {
      "vertices" : [ 0, 2, 1 ]
    } ]
  }, {
    "id" : "17f8895c-52ec-456e-99e7-62fa1500ed20",
    "vertices" : [ {
      "x" : 1.8944272,
      "y" : 1.1708204,
      "z" : 0.0
    }, {
      "x" : 1.309017,
      "y" : 2.118034,
      "z" : 0.809017
    }, {
      "x" : 1.0,
      "y" : 2.618034,
      "z" : 0.0
    } ],
    "faces" : [ {
      "vertices" : [ 0, 1, 2 ]
    }, {
      "vertices" : [ 0, 2, 1 ]
    } ]
  }, {
    "id" : "14c9c7db-913d-4445-ad5e-699315d01c57",
    "vertices" : [ {
      "x" : 1.1708204,
      "y" : 0.0,
      "z" : 1.8944272
    }, {
      "x" : 0.0,
      "y" : 0.0,
      "z" : 2.618034
    }, {
      "x" : 0.0,
      "y" : 1.0,
      "z" : 2.618034
    } ],
    "faces" : [ {
      "vertices" : [ 0, 1, 2 ]
    }, {
      "vertices" : [ 0, 2, 1 ]
    } ]
  }, {
    "id" : "429216e2-c967-43dd-b3a8-9242ac744f14",
    "vertices" : [ {
      "x" : 1.1708204,
      "y" : 0.0,
      "z" : 1.8944272
    }, {
      "x" : 0.809017,
      "y" : 1.309017,
      "z" : 2.118034
    }, {
      "x" : 1.618034,
      "y" : 1.618034,
      "z" : 1.618034
    } ],
    "faces" : [ {
      "vertices" : [ 0, 1, 2 ]
    }, {
      "vertices" : [ 0, 2, 1 ]
    } ]
  }, {
    "id" : "1fdf47f6-a14a-4338-b8f0-9fdb4fa11ba1",
    "vertices" : [ {
      "x" : 1.1708204,
      "y" : 0.0,
      "z" : -1.8944272
    }, {
      "x" : 2.118034,
      "y" : 0.809017,
      "z" : -1.309017
    }, {
      "x" : 1.618034,
      "y" : 1.618034,
      "z" : -1.618034
    } ],
    "faces" : [ {
      "vertices" : [ 0, 1, 2 ]
    }, {
      "vertices" : [ 0, 2, 1 ]
    } ]
  }, {
    "id" : "45b16ff4-17ed-4b40-b344-3a79688810b8",
    "vertices" : [ {
      "x" : 2.618034,
      "y" : 0.0,
      "z" : 0.0
    }, {
      "x" : 2.618034,
      "y" : 0.0,
      "z" : -1.0
    }, {
      "x" : 1.8944272,
      "y" : 1.1708204,
      "z" : 0.0
    } ],
    "faces" : [ {
      "vertices" : [ 0, 1, 2 ]
    }, {
      "vertices" : [ 0, 2, 1 ]
    } ]
  }, {
    "id" : "0df7ed90-3a7f-4239-a43c-efbab920d3da",
    "vertices" : [ {
      "x" : -1.8944272,
      "y" : -1.1708204,
      "z" : 0.0
    }, {
      "x" : -2.618034,
      "y" : 0.0,
      "z" : 0.0
    }, {
      "x" : -2.618034,
      "y" : 0.0,
      "z" : 1.0
    } ],
    "faces" : [ {
      "vertices" : [ 0, 1, 2 ]
    }, {
      "vertices" : [ 0, 2, 1 ]
    } ]
  }, {
    "id" : "217675c0-667d-45e7-8332-d2baf1356e7c",
    "vertices" : [ {
      "x" : 1.309017,
      "y" : 2.118034,
      "z" : -0.809017
    }, {
      "x" : 1.618034,
      "y" : 1.618034,
      "z" : -1.618034
    }, {
      "x" : 0.0,
      "y" : 1.8944272,
      "z" : -1.1708204
    } ],
    "faces" : [ {
      "vertices" : [ 0, 1, 2 ]
    }, {
      "vertices" : [ 0, 2, 1 ]
    } ]
  }, {
    "id" : "31e67742-cbac-43e5-8686-fbb2f4c5ce20",
    "vertices" : [ {
      "x" : 0.0,
      "y" : -1.8944272,
      "z" : -1.1708204
    }, {
      "x" : -0.809017,
      "y" : -1.309017,
      "z" : -2.118034
    }, {
      "x" : -1.618034,
      "y" : -1.618034,
      "z" : -1.618034
    } ],
    "faces" : [ {
      "vertices" : [ 0, 1, 2 ]
    }, {
      "vertices" : [ 0, 2, 1 ]
    } ]
  }, {
    "id" : "e162f0b8-b97b-4df0-9cf9-f492606a5bdf",
    "vertices" : [ {
      "x" : -1.1708204,
      "y" : 0.0,
      "z" : 1.8944272
    }, {
      "x" : -0.809017,
      "y" : 1.309017,
      "z" : 2.118034
    }, {
      "x" : 0.0,
      "y" : 1.0,
      "z" : 2.618034
    } ],
    "faces" : [ {
      "vertices" : [ 0, 1, 2 ]
    }, {
      "vertices" : [ 0, 2, 1 ]
    } ]
  }, {
    "id" : "4bc2d32d-5d8a-40c0-a793-788ec29fe457",
    "vertices" : [ {
      "x" : 0.0,
      "y" : 1.8944272,
      "z" : -1.1708204
    }, {
      "x" : -1.309017,
      "y" : 2.118034,
      "z" : -0.809017
    }, {
      "x" : -1.618034,
      "y" : 1.618034,
      "z" : -1.618034
    } ],
    "faces" : [ {
      "vertices" : [ 0, 1, 2 ]
    }, {
      "vertices" : [ 0, 2, 1 ]
    } ]
  }, {
    "id" : "7d8917aa-65bb-482e-a8fb-e2d5f470fef8",
    "vertices" : [ {
      "x" : -1.1708204,
      "y" : 0.0,
      "z" : 1.8944272
    }, {
      "x" : -2.118034,
      "y" : 0.809017,
      "z" : 1.309017
    }, {
      "x" : -1.618034,
      "y" : 1.618034,
      "z" : 1.618034
    } ],
    "faces" : [ {
      "vertices" : [ 0, 1, 2 ]
    }, {
      "vertices" : [ 0, 2, 1 ]
    } ]
  }, {
    "id" : "81aa877f-f5ba-4205-93fd-602b6edb2450",
    "vertices" : [ {
      "x" : 2.118034,
      "y" : -0.809017,
      "z" : -1.309017
    }, {
      "x" : 1.618034,
      "y" : -1.618034,
      "z" : -1.618034
    }, {
      "x" : 1.1708204,
      "y" : 0.0,
      "z" : -1.8944272
    } ],
    "faces" : [ {
      "vertices" : [ 0, 1, 2 ]
    }, {
      "vertices" : [ 0, 2, 1 ]
    } ]
  }, {
    "id" : "fdcef801-508c-4cbb-baa1-ee6843d1fadb",
    "vertices" : [ {
      "x" : -1.8944272,
      "y" : 1.1708204,
      "z" : 0.0
    }, {
      "x" : -1.309017,
      "y" : 2.118034,
      "z" : 0.809017
    }, {
      "x" : -1.618034,
      "y" : 1.618034,
      "z" : 1.618034
    } ],
    "faces" : [ {
      "vertices" : [ 0, 1, 2 ]
    }, {
      "vertices" : [ 0, 2, 1 ]
    } ]
  }, {
    "id" : "0b4a7ad7-07c3-43e1-a12c-ed8011ed0713",
    "vertices" : [ {
      "x" : -0.809017,
      "y" : -1.309017,
      "z" : -2.118034
    }, {
      "x" : -1.618034,
      "y" : -1.618034,
      "z" : -1.618034
    }, {
      "x" : -1.1708204,
      "y" : 0.0,
      "z" : -1.8944272
    } ],
    "faces" : [ {
      "vertices" : [ 0, 1, 2 ]
    }, {
      "vertices" : [ 0, 2, 1 ]
    } ]
  }, {
    "id" : "72d7d782-be7b-4b03-84d9-74f254c13a77",
    "vertices" : [ {
      "x" : -1.1708204,
      "y" : 0.0,
      "z" : -1.8944272
    }, {
      "x" : -2.118034,
      "y" : -0.809017,
      "z" : -1.309017
    }, {
      "x" : -1.618034,
      "y" : -1.618034,
      "z" : -1.618034
    } ],
    "faces" : [ {
      "vertices" : [ 0, 1, 2 ]
    }, {
      "vertices" : [ 0, 2, 1 ]
    } ]
  }, {
    "id" : "ed9c7177-1939-4e9c-8ab0-55ceebb62397",
    "vertices" : [ {
      "x" : 0.0,
      "y" : -1.8944272,
      "z" : 1.1708204
    }, {
      "x" : 0.0,
      "y" : -2.618034,
      "z" : 0.0
    }, {
      "x" : -1.0,
      "y" : -2.618034,
      "z" : 0.0
    } ],
    "faces" : [ {
      "vertices" : [ 0, 1, 2 ]
    }, {
      "vertices" : [ 0, 2, 1 ]
    } ]
  }, {
    "id" : "5ebf0d05-691b-4797-9103-2557b5651e88",
    "vertices" : [ {
      "x" : 1.309017,
      "y" : -2.118034,
      "z" : 0.809017
    }, {
      "x" : 1.618034,
      "y" : -1.618034,
      "z" : 1.618034
    }, {
      "x" : 0.0,
      "y" : -1.8944272,
      "z" : 1.1708204
    } ],
    "faces" : [ {
      "vertices" : [ 0, 1, 2 ]
    }, {
      "vertices" : [ 0, 2, 1 ]
    } ]
  }, {
    "id" : "78414b99-5b83-44d8-a6dc-285b3063e44f",
    "vertices" : [ {
      "x" : 2.118034,
      "y" : -0.809017,
      "z" : 1.309017
    }, {
      "x" : 2.618034,
      "y" : 0.0,
      "z" : 1.0
    }, {
      "x" : 1.1708204,
      "y" : 0.0,
      "z" : 1.8944272
    } ],
    "faces" : [ {
      "vertices" : [ 0, 1, 2 ]
    }, {
      "vertices" : [ 0, 2, 1 ]
    } ]
  }, {
    "id" : "76ee331c-7133-4113-9885-d4faf0a2bdd0",
    "vertices" : [ {
      "x" : 0.0,
      "y" : 1.8944272,
      "z" : 1.1708204
    }, {
      "x" : 1.309017,
      "y" : 2.118034,
      "z" : 0.809017
    }, {
      "x" : 1.618034,
      "y" : 1.618034,
      "z" : 1.618034
    } ],
    "faces" : [ {
      "vertices" : [ 0, 1, 2 ]
    }, {
      "vertices" : [ 0, 2, 1 ]
    } ]
  }, {
    "id" : "bbe9dfed-baef-466e-aeb7-9053d01f0a3b",
    "vertices" : [ {
      "x" : -1.309017,
      "y" : -2.118034,
      "z" : -0.809017
    }, {
      "x" : -1.618034,
      "y" : -1.618034,
      "z" : -1.618034
    }, {
      "x" : 0.0,
      "y" : -1.8944272,
      "z" : -1.1708204
    } ],
    "faces" : [ {
      "vertices" : [ 0, 1, 2 ]
    }, {
      "vertices" : [ 0, 2, 1 ]
    } ]
  }, {
    "id" : "79c2110e-2af8-4090-8435-a6d5d06feb90",
    "vertices" : [ {
      "x" : 0.0,
      "y" : 0.0,
      "z" : -2.618034
    }, {
      "x" : 0.0,
      "y" : -1.0,
      "z" : -2.618034
    }, {
      "x" : -1.1708204,
      "y" : 0.0,
      "z" : -1.8944272
    } ],
    "faces" : [ {
      "vertices" : [ 0, 1, 2 ]
    }, {
      "vertices" : [ 0, 2, 1 ]
    } ]
  }, {
    "id" : "d98af2ad-dbce-49c7-bf1f-10d6b9d9d51a",
    "vertices" : [ {
      "x" : 0.0,
      "y" : -1.8944272,
      "z" : 1.1708204
    }, {
      "x" : -1.309017,
      "y" : -2.118034,
      "z" : 0.809017
    }, {
      "x" : -1.618034,
      "y" : -1.618034,
      "z" : 1.618034
    } ],
    "faces" : [ {
      "vertices" : [ 0, 1, 2 ]
    }, {
      "vertices" : [ 0, 2, 1 ]
    } ]
  }, {
    "id" : "82d3206c-014c-4b4f-82ed-161ddec733a7",
    "vertices" : [ {
      "x" : 2.118034,
      "y" : 0.809017,
      "z" : -1.309017
    }, {
      "x" : 1.618034,
      "y" : 1.618034,
      "z" : -1.618034
    }, {
      "x" : 1.8944272,
      "y" : 1.1708204,
      "z" : 0.0
    } ],
    "faces" : [ {
      "vertices" : [ 0, 1, 2 ]
    }, {
      "vertices" : [ 0, 2, 1 ]
    } ]
  }, {
    "id" : "78f9f7da-2bd6-48bc-869c-2420ee6b114a",
    "vertices" : [ {
      "x" : 0.0,
      "y" : -1.8944272,
      "z" : 1.1708204
    }, {
      "x" : 1.309017,
      "y" : -2.118034,
      "z" : 0.809017
    }, {
      "x" : 1.0,
      "y" : -2.618034,
      "z" : 0.0
    } ],
    "faces" : [ {
      "vertices" : [ 0, 1, 2 ]
    }, {
      "vertices" : [ 0, 2, 1 ]
    } ]
  }, {
    "id" : "349bddf1-f731-44b0-9897-5d98bc76504f",
    "vertices" : [ {
      "x" : 0.809017,
      "y" : -1.309017,
      "z" : -2.118034
    }, {
      "x" : 0.0,
      "y" : -1.0,
      "z" : -2.618034
    }, {
      "x" : 1.1708204,
      "y" : 0.0,
      "z" : -1.8944272
    } ],
    "faces" : [ {
      "vertices" : [ 0, 1, 2 ]
    }, {
      "vertices" : [ 0, 2, 1 ]
    } ]
  }, {
    "id" : "7fde0c1e-4318-4ed2-8878-a01d49f52a2e",
    "vertices" : [ {
      "x" : 1.8944272,
      "y" : -1.1708204,
      "z" : 0.0
    }, {
      "x" : 1.309017,
      "y" : -2.118034,
      "z" : -0.809017
    }, {
      "x" : 1.0,
      "y" : -2.618034,
      "z" : 0.0
    } ],
    "faces" : [ {
      "vertices" : [ 0, 1, 2 ]
    }, {
      "vertices" : [ 0, 2, 1 ]
    } ]
  }, {
    "id" : "fe12ab7b-d085-4d72-8a0f-0f5c3c81aa16",
    "vertices" : [ {
      "x" : 1.618034,
      "y" : 2.618034,
      "z" : 1.0
    }, {
      "x" : -2.0,
      "y" : 2.0,
      "z" : 2.0
    }, {
      "x" : -3.236068,
      "y" : 0.0,
      "z" : 1.236068
    }, {
      "x" : -1.618034,
      "y" : -2.618034,
      "z" : -1.0
    }, {
      "x" : 2.0,
      "y" : -2.0,
      "z" : -2.0
    }, {
      "x" : 3.236068,
      "y" : 0.0,
      "z" : -1.236068
    } ],
    "faces" : [ {
      "vertices" : [ 0, 1, 2 ]
    }, {
      "vertices" : [ 0, 2, 3 ]
    }, {
      "vertices" : [ 0, 3, 4 ]
    }, {
      "vertices" : [ 0, 4, 5 ]
    }, {
      "vertices" : [ 0, 5, 4 ]
    }, {
      "vertices" : [ 0, 4, 3 ]
    }, {
      "vertices" : [ 0, 3, 2 ]
    }, {
      "vertices" : [ 0, 2, 1 ]
    } ]
  }, {
    "id" : "de9fccfc-1430-457f-94e7-c5454da23740",
    "vertices" : [ {
      "x" : 0.0,
      "y" : 2.618034,
      "z" : 0.0
    }, {
      "x" : -1.0,
      "y" : 2.618034,
      "z" : 0.0
    }, {
      "x" : 0.0,
      "y" : 1.8944272,
      "z" : 1.1708204
    } ],
    "faces" : [ {
      "vertices" : [ 0, 1, 2 ]
    }, {
      "vertices" : [ 0, 2, 1 ]
    } ]
  }, {
    "id" : "7bbb21ee-2996-4247-95ed-7ae1307fdef7",
    "vertices" : [ {
      "x" : 1.309017,
      "y" : 2.118034,
      "z" : -0.809017
    }, {
      "x" : 1.0,
      "y" : 2.618034,
      "z" : 0.0
    }, {
      "x" : 1.8944272,
      "y" : 1.1708204,
      "z" : 0.0
    } ],
    "faces" : [ {
      "vertices" : [ 0, 1, 2 ]
    }, {
      "vertices" : [ 0, 2, 1 ]
    } ]
  }, {
    "id" : "7ab88e91-0657-49b0-a383-7f4f737727a0",
    "vertices" : [ {
      "x" : 1.8944272,
      "y" : -1.1708204,
      "z" : 0.0
    }, {
      "x" : 2.118034,
      "y" : -0.809017,
      "z" : -1.309017
    }, {
      "x" : 1.618034,
      "y" : -1.618034,
      "z" : -1.618034
    } ],
    "faces" : [ {
      "vertices" : [ 0, 1, 2 ]
    }, {
      "vertices" : [ 0, 2, 1 ]
    } ]
  }, {
    "id" : "e07d6eca-f0c0-4227-8392-ec38761bcfe3",
    "vertices" : [ {
      "x" : 0.0,
      "y" : -2.618034,
      "z" : 0.0
    }, {
      "x" : 1.0,
      "y" : -2.618034,
      "z" : 0.0
    }, {
      "x" : 0.0,
      "y" : -1.8944272,
      "z" : 1.1708204
    } ],
    "faces" : [ {
      "vertices" : [ 0, 1, 2 ]
    }, {
      "vertices" : [ 0, 2, 1 ]
    } ]
  }, {
    "id" : "8f54c906-61ed-475f-816a-f212bb082f61",
    "vertices" : [ {
      "x" : 0.809017,
      "y" : 1.309017,
      "z" : -2.118034
    }, {
      "x" : 1.618034,
      "y" : 1.618034,
      "z" : -1.618034
    }, {
      "x" : 1.1708204,
      "y" : 0.0,
      "z" : -1.8944272
    } ],
    "faces" : [ {
      "vertices" : [ 0, 1, 2 ]
    }, {
      "vertices" : [ 0, 2, 1 ]
    } ]
  }, {
    "id" : "3c2355c6-79ea-4114-ad87-7d12b6581ae2",
    "vertices" : [ {
      "x" : -2.118034,
      "y" : -0.809017,
      "z" : 1.309017
    }, {
      "x" : -2.618034,
      "y" : 0.0,
      "z" : 1.0
    }, {
      "x" : -1.8944272,
      "y" : -1.1708204,
      "z" : 0.0
    } ],
    "faces" : [ {
      "vertices" : [ 0, 1, 2 ]
    }, {
      "vertices" : [ 0, 2, 1 ]
    } ]
  }, {
    "id" : "b2bf60a0-2b9a-4aaf-9285-dacec84b57f2",
    "vertices" : [ {
      "x" : 1.8944272,
      "y" : 1.1708204,
      "z" : 0.0
    }, {
      "x" : 1.309017,
      "y" : 2.118034,
      "z" : -0.809017
    }, {
      "x" : 1.618034,
      "y" : 1.618034,
      "z" : -1.618034
    } ],
    "faces" : [ {
      "vertices" : [ 0, 1, 2 ]
    }, {
      "vertices" : [ 0, 2, 1 ]
    } ]
  }, {
    "id" : "69228172-97c3-490e-b95d-556065603084",
    "vertices" : [ {
      "x" : 0.0,
      "y" : -1.8944272,
      "z" : -1.1708204
    }, {
      "x" : -1.309017,
      "y" : -2.118034,
