{
  "field" : "golden",
  "symmetry" : "icosahedral",
  "orientations" : [ [ 1.0, 0.0, 0.0, 0.0, 0.0, 1.0, 0.0, 0.0, 0.0, 0.0, 1.0, 0.0, 0.0, 0.0, 0.0, 1.0 ], [ 0.0, 0.0, 1.0, 0.0, 1.0, 0.0, 0.0, 0.0, 0.0, 1.0, 0.0, 0.0, 0.0, 0.0, 0.0, 1.0 ], [ 0.0, 1.0, 0.0, 0.0, 0.0, 0.0, 1.0, 0.0, 1.0, 0.0, 0.0, 0.0, 0.0, 0.0, 0.0, 1.0 ], [ 0.809017, 0.309017, 0.5, 0.0, 0.309017, 0.5, -0.809017, 0.0, -0.5, 0.809017, 0.309017, 0.0, 0.0, 0.0, 0.0, 1.0 ], [ -0.5, 0.809017, 0.309017, 0.0, 0.809017, 0.309017, 0.5, 0.0, 0.309017, 0.5, -0.809017, 0.0, 0.0, 0.0, 0.0, 1.0 ], [ 0.309017, 0.5, -0.809017, 0.0, -0.5, 0.809017, 0.309017, 0.0, 0.809017, 0.309017, 0.5, 0.0, 0.0, 0.0, 0.0, 1.0 ], [ 0.5, 0.809017, 0.309017, 0.0, 0.809017, -0.309017, -0.5, 0.0, -0.309017, 0.5, -0.809017, 0.0, 0.0, 0.0, 0.0, 1.0 ], [ -0.309017, 0.5, -0.809017, 0.0, 0.5, 0.809017, 0.309017, 0.0, 0.809017, -0.309017, -0.5, 0.0, 0.0, 0.0, 0.0, 1.0 ], [ 0.809017, -0.309017, -0.5, 0.0, -0.309017, 0.5, -0.809017, 0.0, 0.5, 0.809017, 0.309017, 0.0, 0.0, 0.0, 0.0, 1.0 ], [ 0.5, 0.809017, -0.309017, 0.0, 0.809017, -0.309017, 0.5, 0.0, 0.309017, -0.5, -0.809017, 0.0, 0.0, 0.0, 0.0, 1.0 ], [ 0.309017, -0.5, -0.809017, 0.0, 0.5, 0.809017, -0.309017, 0.0, 0.809017, -0.309017, 0.5, 0.0, 0.0, 0.0, 0.0, 1.0 ], [ 0.809017, -0.309017, 0.5, 0.0, 0.309017, -0.5, -0.809017, 0.0, 0.5, 0.809017, -0.309017, 0.0, 0.0, 0.0, 0.0, 1.0 ], [ 0.809017, 0.309017, -0.5, 0.0, 0.309017, 0.5, 0.809017, 0.0, 0.5, -0.809017, 0.309017, 0.0, 0.0, 0.0, 0.0, 1.0 ], [ 0.5, -0.809017, 0.309017, 0.0, 0.809017, 0.309017, -0.5, 0.0, 0.309017, 0.5, 0.809017, 0.0, 0.0, 0.0, 0.0, 1.0 ], [ 0.309017, 0.5, 0.809017, 0.0, 0.5, -0.809017, 0.309017, 0.0, 0.809017, 0.309017, -0.5, 0.0, 0.0, 0.0, 0.0, 1.0 ], [ 1.0, 0.0, 0.0, 0.0, 0.0, -1.0, 0.0, 0.0, 0.0, 0.0, -1.0, 0.0, 0.0, 0.0, 0.0, 1.0 ], [ 0.0, 0.0, 1.0, 0.0, -1.0, 0.0, 0.0, 0.0, 0.0, -1.0, 0.0, 0.0, 0.0, 0.0, 0.0, 1.0 ], [ 0.0, 1.0, 0.0, 0.0, 0.0, 0.0, -1.0, 0.0, -1.0, 0.0, 0.0, 0.0, 0.0, 0.0, 0.0, 1.0 ], [ 0.809017, 0.309017, 0.5, 0.0, -0.309017, -0.5, 0.809017, 0.0, 0.5, -0.809017, -0.309017, 0.0, 0.0, 0.0, 0.0, 1.0 ], [ -0.5, 0.809017, 0.309017, 0.0, -0.809017, -0.309017, -0.5, 0.0, -0.309017, -0.5, 0.809017, 0.0, 0.0, 0.0, 0.0, 1.0 ], [ 0.309017, 0.5, -0.809017, 0.0, 0.5, -0.809017, -0.309017, 0.0, -0.809017, -0.309017, -0.5, 0.0, 0.0, 0.0, 0.0, 1.0 ], [ 0.5, 0.809017, 0.309017, 0.0, -0.809017, 0.309017, 0.5, 0.0, 0.309017, -0.5, 0.809017, 0.0, 0.0, 0.0, 0.0, 1.0 ], [ -0.309017, 0.5, -0.809017, 0.0, -0.5, -0.809017, -0.309017, 0.0, -0.809017, 0.309017, 0.5, 0.0, 0.0, 0.0, 0.0, 1.0 ], [ 0.809017, -0.309017, -0.5, 0.0, 0.309017, -0.5, 0.809017, 0.0, -0.5, -0.809017, -0.309017, 0.0, 0.0, 0.0, 0.0, 1.0 ], [ 0.5, 0.809017, -0.309017, 0.0, -0.809017, 0.309017, -0.5, 0.0, -0.309017, 0.5, 0.809017, 0.0, 0.0, 0.0, 0.0, 1.0 ], [ 0.309017, -0.5, -0.809017, 0.0, -0.5, -0.809017, 0.309017, 0.0, -0.809017, 0.309017, -0.5, 0.0, 0.0, 0.0, 0.0, 1.0 ], [ 0.809017, -0.309017, 0.5, 0.0, -0.309017, 0.5, 0.809017, 0.0, -0.5, -0.809017, 0.309017, 0.0, 0.0, 0.0, 0.0, 1.0 ], [ 0.809017, 0.309017, -0.5, 0.0, -0.309017, -0.5, -0.809017, 0.0, -0.5, 0.809017, -0.309017, 0.0, 0.0, 0.0, 0.0, 1.0 ], [ 0.5, -0.809017, 0.309017, 0.0, -0.809017, -0.309017, 0.5, 0.0, -0.309017, -0.5, -0.809017, 0.0, 0.0, 0.0, 0.0, 1.0 ], [ 0.309017, 0.5, 0.809017, 0.0, -0.5, 0.809017, -0.309017, 0.0, -0.809017, -0.309017, 0.5, 0.0, 0.0, 0.0, 0.0, 1.0 ], [ -1.0, 0.0, 0.0, 0.0, 0.0, -1.0, 0.0, 0.0, 0.0, 0.0, 1.0, 0.0, 0.0, 0.0, 0.0, 1.0 ], [ 0.0, 0.0, -1.0, 0.0, -1.0, 0.0, 0.0, 0.0, 0.0, 1.0, 0.0, 0.0, 0.0, 0.0, 0.0, 1.0 ], [ 0.0, -1.0, 0.0, 0.0, 0.0, 0.0, -1.0, 0.0, 1.0, 0.0, 0.0, 0.0, 0.0, 0.0, 0.0, 1.0 ], [ -0.809017, -0.309017, -0.5, 0.0, -0.309017, -0.5, 0.809017, 0.0, -0.5, 0.809017, 0.309017, 0.0, 0.0, 0.0, 0.0, 1.0 ], [ 0.5, -0.809017, -0.309017, 0.0, -0.809017, -0.309017, -0.5, 0.0, 0.309017, 0.5, -0.809017, 0.0, 0.0, 0.0, 0.0, 1.0 ], [ -0.309017, -0.5, 0.809017, 0.0, 0.5, -0.809017, -0.309017, 0.0, 0.809017, 0.309017, 0.5, 0.0, 0.0, 0.0, 0.0, 1.0 ], [ -0.5, -0.809017, -0.309017, 0.0, -0.809017, 0.309017, 0.5, 0.0, -0.309017, 0.5, -0.809017, 0.0, 0.0, 0.0, 0.0, 1.0 ], [ 0.309017, -0.5, 0.809017, 0.0, -0.5, -0.809017, -0.309017, 0.0, 0.809017, -0.309017, -0.5, 0.0, 0.0, 0.0, 0.0, 1.0 ], [ -0.809017, 0.309017, 0.5, 0.0, 0.309017, -0.5, 0.809017, 0.0, 0.5, 0.809017, 0.309017, 0.0, 0.0, 0.0, 0.0, 1.0 ], [ -0.5, -0.809017, 0.309017, 0.0, -0.809017, 0.309017, -0.5, 0.0, 0.309017, -0.5, -0.809017, 0.0, 0.0, 0.0, 0.0, 1.0 ], [ -0.309017, 0.5, 0.809017, 0.0, -0.5, -0.809017, 0.309017, 0.0, 0.809017, -0.309017, 0.5, 0.0, 0.0, 0.0, 0.0, 1.0 ], [ -0.809017, 0.309017, -0.5, 0.0, -0.309017, 0.5, 0.809017, 0.0, 0.5, 0.809017, -0.309017, 0.0, 0.0, 0.0, 0.0, 1.0 ], [ -0.809017, -0.309017, 0.5, 0.0, -0.309017, -0.5, -0.809017, 0.0, 0.5, -0.809017, 0.309017, 0.0, 0.0, 0.0, 0.0, 1.0 ], [ -0.5, 0.809017, -0.309017, 0.0, -0.809017, -0.309017, 0.5, 0.0, 0.309017, 0.5, 0.809017, 0.0, 0.0, 0.0, 0.0, 1.0 ], [ -0.309017, -0.5, -0.809017, 0.0, -0.5, 0.809017, -0.309017, 0.0, 0.809017, 0.309017, -0.5, 0.0, 0.0, 0.0, 0.0, 1.0 ], [ -1.0, 0.0, 0.0, 0.0, 0.0, 1.0, 0.0, 0.0, 0.0, 0.0, -1.0, 0.0, 0.0, 0.0, 0.0, 1.0 ], [ 0.0, 0.0, -1.0, 0.0, 1.0, 0.0, 0.0, 0.0, 0.0, -1.0, 0.0, 0.0, 0.0, 0.0, 0.0, 1.0 ], [ 0.0, -1.0, 0.0, 0.0, 0.0, 0.0, 1.0, 0.0, -1.0, 0.0, 0.0, 0.0, 0.0, 0.0, 0.0, 1.0 ], [ -0.809017, -0.309017, -0.5, 0.0, 0.309017, 0.5, -0.809017, 0.0, 0.5, -0.809017, -0.309017, 0.0, 0.0, 0.0, 0.0, 1.0 ], [ 0.5, -0.809017, -0.309017, 0.0, 0.809017, 0.309017, 0.5, 0.0, -0.309017, -0.5, 0.809017, 0.0, 0.0, 0.0, 0.0, 1.0 ], [ -0.309017, -0.5, 0.809017, 0.0, -0.5, 0.809017, 0.309017, 0.0, -0.809017, -0.309017, -0.5, 0.0, 0.0, 0.0, 0.0, 1.0 ], [ -0.5, -0.809017, -0.309017, 0.0, 0.809017, -0.309017, -0.5, 0.0, 0.309017, -0.5, 0.809017, 0.0, 0.0, 0.0, 0.0, 1.0 ], [ 0.309017, -0.5, 0.809017, 0.0, 0.5, 0.809017, 0.309017, 0.0, -0.809017, 0.309017, 0.5, 0.0, 0.0, 0.0, 0.0, 1.0 ], [ -0.809017, 0.309017, 0.5, 0.0, -0.309017, 0.5, -0.809017, 0.0, -0.5, -0.809017, -0.309017, 0.0, 0.0, 0.0, 0.0, 1.0 ], [ -0.5, -0.809017, 0.309017, 0.0, 0.809017, -0.309017, 0.5, 0.0, -0.309017, 0.5, 0.809017, 0.0, 0.0, 0.0, 0.0, 1.0 ], [ -0.309017, 0.5, 0.809017, 0.0, 0.5, 0.809017, -0.309017, 0.0, -0.809017, 0.309017, -0.5, 0.0, 0.0, 0.0, 0.0, 1.0 ], [ -0.809017, 0.309017, -0.5, 0.0, 0.309017, -0.5, -0.809017, 0.0, -0.5, -0.809017, 0.309017, 0.0, 0.0, 0.0, 0.0, 1.0 ], [ -0.809017, -0.309017, 0.5, 0.0, 0.309017, 0.5, 0.809017, 0.0, -0.5, 0.809017, -0.309017, 0.0, 0.0, 0.0, 0.0, 1.0 ], [ -0.5, 0.809017, -0.309017, 0.0, 0.809017, 0.309017, -0.5, 0.0, -0.309017, -0.5, -0.809017, 0.0, 0.0, 0.0, 0.0, 1.0 ], [ -0.309017, -0.5, -0.809017, 0.0, 0.5, -0.809017, 0.309017, 0.0, -0.809017, -0.309017, 0.5, 0.0, 0.0, 0.0, 0.0, 1.0 ] ],
  "lights" : {
    "ambientColor" : "#292929",
    "backgroundColor" : "#AFC8DC",
    "directionalLights" : [ {
      "direction" : {
        "x" : 1.0,
        "y" : -1.0,
        "z" : -1.0
      },
      "color" : "#EBEBE4"
    }, {
      "direction" : {
        "x" : -1.0,
        "y" : 0.0,
        "z" : 0.0
      },
      "color" : "#E4E4EB"
    }, {
      "direction" : {
        "x" : 0.0,
        "y" : 0.0,
        "z" : -1.0
      },
      "color" : "#1E1E1E"
    } ]
  },
  "camera" : {
    "perspective" : true,
    "lookDirection" : {
      "x" : -0.09164068,
      "y" : -0.10141127,
      "z" : -0.9906146
    },
    "upDirection" : {
      "x" : 0.28350982,
      "y" : -0.9562877,
      "z" : 0.07166899
    },
    "lookAtPoint" : {
      "x" : 46.978714,
      "y" : 11.09017,
      "z" : -11.09017
    },
    "viewDistance" : 468.19247,
    "nearClipDistance" : 1.1704807,
    "farClipDistance" : 936.3833,
    "fieldOfView" : 0.44262916,
    "stereo" : false,
    "width" : 210.68675,
    "position" : {
      "x" : 89.884186,
      "y" : 58.57016,
      "z" : 452.70813
    }
  },
  "embedding" : [ 1.0, 0.0, 0.0, 0.0, 0.0, 1.0, 0.0, 0.0, 0.0, 0.0, 1.0, 0.0, 0.0, 0.0, 0.0, 1.0 ],
  "shapes" : [ {
    "id" : "b2757845-91d1-4048-9092-692fdc777b93",
    "vertices" : [ {
      "x" : 12.708204,
      "y" : 0.309017,
      "z" : 0.19098301
    }, {
      "x" : 12.708204,
      "y" : 0.309017,
      "z" : -0.19098301
    }, {
      "x" : 1.0,
      "y" : 0.309017,
      "z" : -0.19098301
    }, {
      "x" : 1.0,
      "y" : 0.309017,
      "z" : 0.19098301
    }, {
      "x" : 12.708204,
      "y" : -0.309017,
      "z" : 0.19098301
    }, {
      "x" : 1.0,
      "y" : -0.309017,
      "z" : 0.19098301
    }, {
      "x" : 1.0,
      "y" : -0.309017,
      "z" : -0.19098301
    }, {
      "x" : 12.708204,
      "y" : -0.309017,
      "z" : -0.19098301
    }, {
      "x" : 13.708204,
      "y" : 0.0,
      "z" : 0.0
    } ],
    "faces" : [ {
      "vertices" : [ 1, 7, 6 ]
    }, {
      "vertices" : [ 1, 6, 2 ]
    }, {
      "vertices" : [ 0, 1, 2 ]
    }, {
      "vertices" : [ 0, 2, 3 ]
    }, {
      "vertices" : [ 4, 5, 6 ]
    }, {
      "vertices" : [ 4, 6, 7 ]
    }, {
      "vertices" : [ 0, 3, 5 ]
    }, {
      "vertices" : [ 0, 5, 4 ]
    } ]
  }, {
    "id" : "1d920da9-3c09-4c06-974e-b017654fd96c",
    "vertices" : [ {
      "x" : 0.309017,
      "y" : -0.809017,
      "z" : 0.618034
    }, {
      "x" : 0.809017,
      "y" : -0.618034,
      "z" : 0.309017
    }, {
      "x" : 0.618034,
      "y" : -0.309017,
      "z" : 0.809017
    }, {
      "x" : 1.0,
      "y" : 0.309017,
      "z" : 0.19098301
    }, {
      "x" : 0.809017,
      "y" : 0.618034,
      "z" : 0.309017
    }, {
      "x" : 0.618034,
      "y" : 0.309017,
      "z" : 0.809017
    }, {
      "x" : 0.809017,
      "y" : 0.0,
      "z" : 0.690983
    }, {
      "x" : 0.19098301,
      "y" : -1.0,
      "z" : 0.309017
    }, {
      "x" : -0.19098301,
      "y" : -1.0,
      "z" : 0.309017
    }, {
      "x" : -0.19098301,
      "y" : -1.0,
      "z" : -0.309017
    }, {
      "x" : 0.19098301,
      "y" : -1.0,
      "z" : -0.309017
    }, {
      "x" : 1.0,
      "y" : -0.309017,
      "z" : -0.19098301
    }, {
      "x" : 0.809017,
      "y" : -0.618034,
      "z" : -0.309017
    }, {
      "x" : 0.618034,
      "y" : -0.309017,
      "z" : -0.809017
    }, {
      "x" : 0.809017,
      "y" : 0.0,
      "z" : -0.690983
    }, {
      "x" : 0.0,
      "y" : 0.690983,
      "z" : -0.809017
    }, {
      "x" : 0.309017,
      "y" : 0.809017,
      "z" : -0.618034
    }, {
      "x" : 0.618034,
      "y" : 0.309017,
      "z" : -0.809017
    }, {
      "x" : 0.309017,
      "y" : 0.19098301,
      "z" : -1.0
    }, {
      "x" : 1.0,
      "y" : 0.309017,
      "z" : -0.19098301
    }, {
      "x" : -0.309017,
      "y" : -0.809017,
      "z" : 0.618034
    }, {
      "x" : 0.0,
      "y" : -0.690983,
      "z" : 0.809017
    }, {
      "x" : 0.809017,
      "y" : 0.618034,
      "z" : -0.309017
    }, {
      "x" : 0.690983,
      "y" : 0.809017,
      "z" : 0.0
    }, {
      "x" : -0.690983,
      "y" : 0.809017,
      "z" : 0.0
    }, {
      "x" : -0.809017,
      "y" : 0.618034,
      "z" : 0.309017
    }, {
      "x" : -0.309017,
      "y" : 0.809017,
      "z" : 0.618034
    }, {
      "x" : -0.19098301,
      "y" : 1.0,
      "z" : 0.309017
    }, {
      "x" : 0.309017,
      "y" : -0.19098301,
      "z" : -1.0
    }, {
      "x" : 0.19098301,
      "y" : 1.0,
      "z" : 0.309017
    }, {
      "x" : 0.309017,
      "y" : 0.809017,
      "z" : 0.618034
    }, {
      "x" : -0.809017,
      "y" : -0.618034,
      "z" : 0.309017
    }, {
      "x" : -0.690983,
      "y" : -0.809017,
      "z" : 0.0
    }, {
      "x" : 0.0,
      "y" : 0.690983,
      "z" : 0.809017
    }, {
      "x" : 0.309017,
      "y" : -0.809017,
      "z" : -0.618034
    }, {
      "x" : 0.0,
      "y" : -0.690983,
      "z" : -0.809017
    }, {
      "x" : -1.0,
      "y" : 0.309017,
      "z" : 0.19098301
    }, {
      "x" : -0.809017,
      "y" : 0.0,
      "z" : 0.690983
    }, {
      "x" : -0.618034,
      "y" : 0.309017,
      "z" : 0.809017
    }, {
      "x" : 1.0,
      "y" : -0.309017,
      "z" : 0.19098301
    }, {
      "x" : -0.309017,
      "y" : -0.809017,
      "z" : -0.618034
    }, {
      "x" : -1.0,
      "y" : 0.309017,
      "z" : -0.19098301
    }, {
      "x" : -1.0,
      "y" : -0.309017,
      "z" : -0.19098301
    }, {
      "x" : -1.0,
      "y" : -0.309017,
      "z" : 0.19098301
    }, {
      "x" : 0.19098301,
      "y" : 1.0,
      "z" : -0.309017
    }, {
      "x" : -0.809017,
      "y" : 0.618034,
      "z" : -0.309017
    }, {
      "x" : -0.19098301,
      "y" : 1.0,
      "z" : -0.309017
    }, {
      "x" : -0.309017,
      "y" : 0.809017,
      "z" : -0.618034
    }, {
      "x" : -0.618034,
      "y" : -0.309017,
      "z" : 0.809017
    }, {
      "x" : 0.309017,
      "y" : 0.19098301,
      "z" : 1.0
    }, {
      "x" : -0.309017,
      "y" : 0.19098301,
      "z" : -1.0
    }, {
      "x" : -0.309017,
      "y" : 0.19098301,
      "z" : 1.0
    }, {
      "x" : -0.309017,
      "y" : -0.19098301,
      "z" : 1.0
    }, {
      "x" : 0.309017,
      "y" : -0.19098301,
      "z" : 1.0
    }, {
      "x" : 0.690983,
      "y" : -0.809017,
      "z" : 0.0
    }, {
      "x" : -0.809017,
      "y" : 0.0,
      "z" : -0.690983
    }, {
      "x" : -0.618034,
      "y" : -0.309017,
      "z" : -0.809017
    }, {
      "x" : -0.309017,
      "y" : -0.19098301,
      "z" : -1.0
    }, {
      "x" : -0.618034,
      "y" : 0.309017,
      "z" : -0.809017
    }, {
      "x" : -0.809017,
      "y" : -0.618034,
      "z" : -0.309017
    } ],
    "faces" : [ {
      "vertices" : [ 9, 40, 35 ]
    }, {
      "vertices" : [ 9, 35, 34 ]
    }, {
      "vertices" : [ 9, 34, 10 ]
    }, {
      "vertices" : [ 0, 1, 2 ]
    }, {
      "vertices" : [ 33, 51, 49 ]
    }, {
      "vertices" : [ 25, 36, 37 ]
    }, {
      "vertices" : [ 25, 37, 38 ]
    }, {
      "vertices" : [ 41, 55, 42 ]
    }, {
      "vertices" : [ 9, 32, 59 ]
    }, {
      "vertices" : [ 9, 59, 40 ]
    }, {
      "vertices" : [ 20, 21, 52 ]
    }, {
      "vertices" : [ 20, 52, 48 ]
    }, {
      "vertices" : [ 26, 33, 30 ]
    }, {
      "vertices" : [ 26, 30, 29 ]
    }, {
      "vertices" : [ 26, 29, 27 ]
    }, {
      "vertices" : [ 3, 4, 5 ]
    }, {
      "vertices" : [ 3, 5, 6 ]
    }, {
      "vertices" : [ 27, 29, 44 ]
    }, {
      "vertices" : [ 27, 44, 46 ]
    }, {
      "vertices" : [ 50, 57, 56 ]
    }, {
      "vertices" : [ 50, 56, 55 ]
    }, {
      "vertices" : [ 50, 55, 58 ]
    }, {
      "vertices" : [ 26, 38, 51 ]
    }, {
      "vertices" : [ 26, 51, 33 ]
    }, {
      "vertices" : [ 45, 47, 58 ]
    }, {
      "vertices" : [ 18, 28, 57 ]
    }, {
      "vertices" : [ 18, 57, 50 ]
    }, {
      "vertices" : [ 40, 59, 56 ]
    }, {
      "vertices" : [ 31, 48, 37 ]
    }, {
      "vertices" : [ 31, 37, 43 ]
    }, {
      "vertices" : [ 7, 8, 9 ]
    }, {
      "vertices" : [ 7, 9, 10 ]
    }, {
      "vertices" : [ 36, 41, 42 ]
    }, {
      "vertices" : [ 36, 42, 43 ]
    }, {
      "vertices" : [ 24, 46, 47 ]
    }, {
      "vertices" : [ 24, 47, 45 ]
    }, {
      "vertices" : [ 4, 30, 5 ]
    }, {
      "vertices" : [ 15, 47, 46 ]
    }, {
      "vertices" : [ 15, 46, 44 ]
    }, {
      "vertices" : [ 15, 44, 16 ]
    }, {
      "vertices" : [ 15, 50, 58 ]
    }, {
      "vertices" : [ 15, 58, 47 ]
    }, {
      "vertices" : [ 24, 45, 41 ]
    }, {
      "vertices" : [ 24, 41, 36 ]
    }, {
      "vertices" : [ 24, 36, 25 ]
    }, {
      "vertices" : [ 11, 14, 19 ]
    }, {
      "vertices" : [ 3, 6, 39 ]
    }, {
      "vertices" : [ 1, 39, 6 ]
    }, {
      "vertices" : [ 1, 6, 2 ]
    }, {
      "vertices" : [ 8, 32, 9 ]
    }, {
      "vertices" : [ 11, 12, 13 ]
    }, {
      "vertices" : [ 11, 13, 14 ]
    }, {
      "vertices" : [ 16, 22, 17 ]
    }, {
      "vertices" : [ 0, 21, 20 ]
    }, {
      "vertices" : [ 0, 20, 8 ]
    }, {
      "vertices" : [ 0, 8, 7 ]
    }, {
      "vertices" : [ 12, 34, 13 ]
    }, {
      "vertices" : [ 35, 40, 56 ]
    }, {
      "vertices" : [ 35, 56, 57 ]
    }, {
      "vertices" : [ 0, 7, 54 ]
    }, {
      "vertices" : [ 0, 54, 1 ]
    }, {
      "vertices" : [ 15, 16, 17 ]
    }, {
      "vertices" : [ 15, 17, 18 ]
    }, {
      "vertices" : [ 3, 19, 22 ]
    }, {
      "vertices" : [ 3, 22, 23 ]
    }, {
      "vertices" : [ 3, 23, 4 ]
    }, {
      "vertices" : [ 7, 10, 54 ]
    }, {
      "vertices" : [ 41, 45, 58 ]
    }, {
      "vertices" : [ 41, 58, 55 ]
    }, {
      "vertices" : [ 3, 39, 11 ]
    }, {
      "vertices" : [ 3, 11, 19 ]
    }, {
      "vertices" : [ 14, 17, 22 ]
    }, {
      "vertices" : [ 14, 22, 19 ]
    }, {
      "vertices" : [ 0, 2, 53 ]
    }, {
      "vertices" : [ 0, 53, 21 ]
    }, {
      "vertices" : [ 49, 51, 52 ]
    }, {
      "vertices" : [ 49, 52, 53 ]
    }, {
      "vertices" : [ 31, 43, 42 ]
    }, {
      "vertices" : [ 31, 42, 59 ]
    }, {
      "vertices" : [ 31, 59, 32 ]
    }, {
      "vertices" : [ 15, 18, 50 ]
    }, {
      "vertices" : [ 42, 55, 56 ]
    }, {
      "vertices" : [ 42, 56, 59 ]
    }, {
      "vertices" : [ 4, 23, 29 ]
    }, {
      "vertices" : [ 4, 29, 30 ]
    }, {
      "vertices" : [ 25, 38, 26 ]
    }, {
      "vertices" : [ 13, 28, 18 ]
    }, {
      "vertices" : [ 13, 18, 17 ]
    }, {
      "vertices" : [ 13, 17, 14 ]
    }, {
      "vertices" : [ 8, 20, 31 ]
    }, {
      "vertices" : [ 8, 31, 32 ]
    }, {
      "vertices" : [ 23, 44, 29 ]
    }, {
      "vertices" : [ 24, 27, 46 ]
    }, {
      "vertices" : [ 37, 48, 52 ]
    }, {
      "vertices" : [ 37, 52, 51 ]
    }, {
      "vertices" : [ 37, 51, 38 ]
    }, {
      "vertices" : [ 20, 48, 31 ]
    }, {
      "vertices" : [ 24, 25, 26 ]
    }, {
      "vertices" : [ 24, 26, 27 ]
    }, {
      "vertices" : [ 16, 44, 23 ]
    }, {
      "vertices" : [ 16, 23, 22 ]
    }, {
      "vertices" : [ 13, 34, 35 ]
    }, {
      "vertices" : [ 13, 35, 28 ]
    }, {
      "vertices" : [ 10, 34, 12 ]
    }, {
      "vertices" : [ 10, 12, 54 ]
    }, {
      "vertices" : [ 2, 6, 5 ]
    }, {
      "vertices" : [ 2, 5, 49 ]
    }, {
      "vertices" : [ 2, 49, 53 ]
    }, {
      "vertices" : [ 36, 43, 37 ]
    }, {
      "vertices" : [ 5, 30, 33 ]
    }, {
      "vertices" : [ 5, 33, 49 ]
    }, {
      "vertices" : [ 1, 54, 12 ]
    }, {
      "vertices" : [ 1, 12, 11 ]
    }, {
      "vertices" : [ 1, 11, 39 ]
    }, {
      "vertices" : [ 28, 35, 57 ]
    }, {
      "vertices" : [ 21, 53, 52 ]
    } ]
  }, {
    "id" : "272dcfa5-badb-4a1f-98f9-26f8d49b637f",
    "vertices" : [ {
      "x" : 7.472136,
      "y" : 0.309017,
      "z" : 0.19098301
    }, {
      "x" : 7.472136,
      "y" : 0.309017,
      "z" : -0.19098301
    }, {
      "x" : 1.0,
      "y" : 0.309017,
      "z" : -0.19098301
    }, {
      "x" : 1.0,
      "y" : 0.309017,
      "z" : 0.19098301
    }, {
      "x" : 7.472136,
      "y" : -0.309017,
      "z" : 0.19098301
    }, {
      "x" : 1.0,
      "y" : -0.309017,
      "z" : 0.19098301
    }, {
      "x" : 1.0,
      "y" : -0.309017,
      "z" : -0.19098301
    }, {
      "x" : 7.472136,
      "y" : -0.309017,
      "z" : -0.19098301
    }, {
      "x" : 8.472136,
      "y" : 0.0,
      "z" : 0.0
    } ],
    "faces" : [ {
      "vertices" : [ 1, 7, 6 ]
    }, {
      "vertices" : [ 1, 6, 2 ]
    }, {
      "vertices" : [ 0, 1, 2 ]
    }, {
      "vertices" : [ 0, 2, 3 ]
    }, {
      "vertices" : [ 4, 5, 6 ]
    }, {
      "vertices" : [ 4, 6, 7 ]
    }, {
      "vertices" : [ 0, 3, 5 ]
    }, {
      "vertices" : [ 0, 5, 4 ]
    } ]
  }, {
    "id" : "6a1b34d3-7be9-4298-941f-a5c21bcee898",
    "vertices" : [ {
      "x" : 0.809017,
      "y" : 0.0,
      "z" : -0.690983
    }, {
      "x" : 1.0,
      "y" : 0.309017,
      "z" : -0.19098301
    }, {
      "x" : 4.736068,
      "y" : 0.309017,
      "z" : -1.618034
    }, {
      "x" : 4.545085,
      "y" : 0.0,
      "z" : -2.118034
    }, {
      "x" : 10.09017,
      "y" : 0.309017,
      "z" : -4.045085
    }, {
      "x" : 1.0,
      "y" : -0.309017,
      "z" : -0.19098301
    }, {
      "x" : 4.736068,
      "y" : -0.309017,
      "z" : -1.618034
    }, {
      "x" : 6.354102,
      "y" : 0.309017,
      "z" : -2.618034
    }, {
      "x" : 6.545085,
      "y" : 0.0,
      "z" : -2.118034
    }, {
      "x" : 11.09017,
      "y" : 0.0,
      "z" : -4.236068
    }, {
      "x" : 6.354102,
      "y" : -0.309017,
      "z" : -2.618034
    }, {
      "x" : 10.281153,
      "y" : 0.0,
      "z" : -3.545085
    }, {
      "x" : 10.09017,
      "y" : -0.309017,
      "z" : -4.045085
    } ],
    "faces" : [ {
      "vertices" : [ 2, 6, 8 ]
    }, {
      "vertices" : [ 4, 12, 10 ]
    }, {
      "vertices" : [ 4, 10, 7 ]
    }, {
      "vertices" : [ 2, 8, 7 ]
    }, {
      "vertices" : [ 3, 10, 6 ]
    }, {
      "vertices" : [ 3, 7, 10 ]
    }, {
      "vertices" : [ 0, 1, 2 ]
    }, {
      "vertices" : [ 0, 2, 3 ]
    }, {
      "vertices" : [ 6, 10, 8 ]
    }, {
      "vertices" : [ 8, 10, 12 ]
    }, {
      "vertices" : [ 8, 12, 11 ]
    }, {
      "vertices" : [ 2, 7, 3 ]
    }, {
      "vertices" : [ 0, 3, 6 ]
    }, {
      "vertices" : [ 0, 6, 5 ]
    }, {
      "vertices" : [ 1, 5, 6 ]
    }, {
      "vertices" : [ 1, 6, 2 ]
    }, {
      "vertices" : [ 4, 7, 8 ]
    }, {
      "vertices" : [ 4, 8, 11 ]
    } ]
  }, {
    "id" : "2449ac55-36dd-4e09-93c3-3eefc3e4d9a8",
    "vertices" : [ {
      "x" : 0.809017,
      "y" : 0.0,
      "z" : -0.690983
    }, {
      "x" : 1.0,
      "y" : 0.309017,
      "z" : -0.19098301
    }, {
      "x" : 8.163119,
      "y" : 0.309017,
      "z" : -2.927051
    }, {
      "x" : 7.972136,
      "y" : 0.0,
      "z" : -3.427051
    }, {
      "x" : 16.944271,
      "y" : 0.309017,
      "z" : -6.663119
    }, {
      "x" : 1.0,
      "y" : -0.309017,
      "z" : -0.19098301
    }, {
      "x" : 8.163119,
      "y" : -0.309017,
      "z" : -2.927051
    }, {
      "x" : 9.781153,
      "y" : 0.309017,
      "z" : -3.927051
    }, {
      "x" : 9.972136,
      "y" : 0.0,
      "z" : -3.427051
    }, {
      "x" : 17.944271,
      "y" : 0.0,
      "z" : -6.854102
    }, {
      "x" : 9.781153,
      "y" : -0.309017,
      "z" : -3.927051
    }, {
      "x" : 17.135256,
      "y" : 0.0,
      "z" : -6.163119
    }, {
      "x" : 16.944271,
      "y" : -0.309017,
      "z" : -6.663119
    } ],
    "faces" : [ {
      "vertices" : [ 2, 6, 8 ]
    }, {
      "vertices" : [ 4, 12, 10 ]
    }, {
      "vertices" : [ 4, 10, 7 ]
    }, {
      "vertices" : [ 2, 8, 7 ]
    }, {
      "vertices" : [ 3, 10, 6 ]
    }, {
      "vertices" : [ 3, 7, 10 ]
    }, {
      "vertices" : [ 0, 1, 2 ]
    }, {
      "vertices" : [ 0, 2, 3 ]
    }, {
      "vertices" : [ 6, 10, 8 ]
    }, {
      "vertices" : [ 8, 10, 12 ]
    }, {
      "vertices" : [ 8, 12, 11 ]
    }, {
      "vertices" : [ 2, 7, 3 ]
    }, {
      "vertices" : [ 0, 3, 6 ]
    }, {
      "vertices" : [ 0, 6, 5 ]
    }, {
      "vertices" : [ 1, 5, 6 ]
    }, {
      "vertices" : [ 1, 6, 2 ]
    }, {
      "vertices" : [ 4, 7, 8 ]
    }, {
      "vertices" : [ 4, 8, 11 ]
    } ]
  }, {
    "id" : "98261579-f716-4844-81a0-b06914552be3",
    "vertices" : [ {
      "x" : 17.944271,
      "y" : 4.236068,
      "z" : 17.944271
    }, {
      "x" : 6.854102,
      "y" : 0.0,
      "z" : 24.798374
    }, {
      "x" : 0.0,
      "y" : -11.09017,
      "z" : 6.854102
    }, {
      "x" : 11.09017,
      "y" : -6.854102,
      "z" : 0.0
    } ],
    "faces" : [ {
      "vertices" : [ 0, 1, 2 ]
    }, {
      "vertices" : [ 0, 2, 3 ]
    }, {
      "vertices" : [ 0, 3, 2 ]
    }, {
      "vertices" : [ 0, 2, 1 ]
    } ]
  } ],
  "instances" : [ {
    "shape" : "b2757845-91d1-4048-9092-692fdc777b93",
    "color" : "#007695",
    "position" : {
      "x" : 35.888542,
      "y" : 69.15905,
      "z" : -29.034441
    },
    "orientation" : 24
  }, {
    "shape" : "b2757845-91d1-4048-9092-692fdc777b93",
    "color" : "#007695",
    "position" : {
      "x" : 58.068882,
      "y" : -24.798374,
      "z" : 29.034441
    },
    "orientation" : 6
  }, {
    "shape" : "b2757845-91d1-4048-9092-692fdc777b93",
    "color" : "#007695",
    "position" : {
      "x" : 35.888542,
      "y" : -24.798374,
      "z" : -29.034441
    },
    "orientation" : 24
  }, {
    "shape" : "b2757845-91d1-4048-9092-692fdc777b93",
    "color" : "#007695",
    "position" : {
      "x" : 58.068882,
      "y" : 11.09017,
      "z" : -64.92299
    },
    "orientation" : 41
  }, {
    "shape" : "b2757845-91d1-4048-9092-692fdc777b93",
    "color" : "#007695",
    "position" : {
      "x" : 93.95743,
      "y" : 11.09017,
      "z" : -29.034441
    },
    "orientation" : 36
  }, {
    "shape" : "b2757845-91d1-4048-9092-692fdc777b93",
    "color" : "#007695",
    "position" : {
      "x" : 82.867256,
      "y" : -29.034441,
      "z" : -22.18034
    },
    "orientation" : 10
  }, {
    "shape" : "1d920da9-3c09-4c06-974e-b017654fd96c",
    "color" : "#FFFFFF",
    "position" : {
      "x" : 51.214783,
      "y" : 0.0,
      "z" : 24.798374
    }
  }, {
    "shape" : "1d920da9-3c09-4c06-974e-b017654fd96c",
    "color" : "#FFFFFF",
    "position" : {
      "x" : 11.09017,
      "y" : -6.854102,
      "z" : 13.708204
    }
  }, {
    "shape" : "b2757845-91d1-4048-9092-692fdc777b93",
    "color" : "#007695",
    "position" : {
      "x" : 35.888542,
      "y" : -24.798374,
      "z" : -29.034441
    },
    "orientation" : 2
  }, {
    "shape" : "b2757845-91d1-4048-9092-692fdc777b93",
    "color" : "#007695",
    "position" : {
      "x" : 64.92299,
      "y" : -35.888542,
      "z" : -11.09017
    },
    "orientation" : 36
  }, {
    "shape" : "b2757845-91d1-4048-9092-692fdc777b93",
    "color" : "#007695",
    "position" : {
      "x" : 58.068882,
      "y" : 46.978714,
      "z" : 29.034441
    },
    "orientation" : 38
  }, {
    "shape" : "b2757845-91d1-4048-9092-692fdc777b93",
    "color" : "#007695",
    "position" : {
      "x" : 6.854102,
      "y" : 22.18034,
      "z" : 24.798374
    },
    "orientation" : 21
  }, {
    "shape" : "b2757845-91d1-4048-9092-692fdc777b93",
    "color" : "#007695",
    "position" : {
      "x" : 42.742645,
      "y" : 58.068882,
      "z" : -11.09017
    },
    "orientation" : 52
  }, {
    "shape" : "b2757845-91d1-4048-9092-692fdc777b93",
    "color" : "#007695",
    "position" : {
      "x" : 51.214783,
      "y" : 58.068882,
      "z" : -33.27051
    },
    "orientation" : 40
  }, {
    "shape" : "b2757845-91d1-4048-9092-692fdc777b93",
    "color" : "#007695",
    "position" : {
      "x" : 69.15905,
      "y" : 64.92299,
      "z" : -22.18034
    },
    "orientation" : 40
  }, {
    "shape" : "b2757845-91d1-4048-9092-692fdc777b93",
    "color" : "#007695",
    "position" : {
      "x" : 98.1935,
      "y" : 17.944271,
      "z" : 17.944271
    },
    "orientation" : 40
  }, {
    "shape" : "b2757845-91d1-4048-9092-692fdc777b93",
    "color" : "#007695",
    "position" : {
      "x" : 58.068882,
      "y" : 11.09017,
      "z" : 29.034441
    },
    "orientation" : 11
  }, {
    "shape" : "1d920da9-3c09-4c06-974e-b017654fd96c",
    "color" : "#FFFFFF",
    "position" : {
      "x" : 58.068882,
      "y" : -24.798374,
      "z" : -6.854102
    }
  }, {
    "shape" : "b2757845-91d1-4048-9092-692fdc777b93",
    "color" : "#007695",
    "position" : {
      "x" : 6.854102,
      "y" : 22.18034,
      "z" : 24.798374
    },
    "orientation" : 52
  }, {
    "shape" : "b2757845-91d1-4048-9092-692fdc777b93",
    "color" : "#007695",
    "position" : {
      "x" : 82.867256,
      "y" : -6.854102,
      "z" : 13.708204
    },
    "orientation" : 47
  }, {
    "shape" : "1d920da9-3c09-4c06-974e-b017654fd96c",
    "color" : "#FFFFFF",
    "position" : {
      "x" : 46.978714,
      "y" : 29.034441,
      "z" : 22.18034
    }
  }, {
    "shape" : "b2757845-91d1-4048-9092-692fdc777b93",
    "color" : "#007695",
    "position" : {
      "x" : 53.832817,
      "y" : -17.944271,
      "z" : -62.30495
    },
    "orientation" : 51
  }, {
    "shape" : "b2757845-91d1-4048-9092-692fdc777b93",
    "color" : "#007695",
    "position" : {
      "x" : 29.034441,
      "y" : -35.888542,
      "z" : 11.09017
    },
    "orientation" : 11
  }, {
    "shape" : "b2757845-91d1-4048-9092-692fdc777b93",
    "color" : "#007695",
    "position" : {
      "x" : 82.867256,
      "y" : 51.214783,
      "z" : -35.888542
    },
    "orientation" : 8
  }, {
    "shape" : "b2757845-91d1-4048-9092-692fdc777b93",
    "color" : "#007695",
    "position" : {
      "x" : 64.92299,
      "y" : 58.068882,
      "z" : 24.798374
    },
    "orientation" : 21
  }, {
    "shape" : "b2757845-91d1-4048-9092-692fdc777b93",
    "color" : "#007695",
    "position" : {
      "x" : 6.854102,
      "y" : 0.0,
      "z" : 24.798374
    },
    "orientation" : 56
  }, {
    "shape" : "b2757845-91d1-4048-9092-692fdc777b93",
    "color" : "#007695",
    "position" : {
      "x" : 24.798374,
      "y" : 15.326238,
      "z" : -58.068882
    },
    "orientation" : 10
  }, {
    "shape" : "b2757845-91d1-4048-9092-692fdc777b93",
    "color" : "#007695",
    "position" : {
      "x" : 24.798374,
      "y" : -6.854102,
      "z" : 35.888542
    },
    "orientation" : 52
  }, {
    "shape" : "b2757845-91d1-4048-9092-692fdc777b93",
    "color" : "#007695",
    "position" : {
      "x" : 11.09017,
      "y" : -29.034441,
      "z" : 13.708204
    },
    "orientation" : 56
  }, {
    "shape" : "1d920da9-3c09-4c06-974e-b017654fd96c",
    "color" : "#FFFFFF",
    "position" : {
      "x" : 17.944271,
      "y" : -17.944271,
      "z" : -4.236068
    }
  }, {
    "shape" : "b2757845-91d1-4048-9092-692fdc777b93",
    "color" : "#007695",
    "position" : {
      "x" : 82.867256,
      "y" : -6.854102,
      "z" : 35.888542
    },
    "orientation" : 36
  }, {
    "shape" : "1d920da9-3c09-4c06-974e-b017654fd96c",
    "color" : "#FFFFFF",
    "position" : {
      "x" : 17.944271,
      "y" : 53.832817,
      "z" : 17.944271
    }
  }, {
    "shape" : "272dcfa5-badb-4a1f-98f9-26f8d49b637f",
    "color" : "#9966FF",
    "position" : {
      "x" : 11.09017,
      "y" : 6.854102,
      "z" : 0.0
    },
    "orientation" : 1
  }, {
    "shape" : "b2757845-91d1-4048-9092-692fdc777b93",
    "color" : "#007695",
    "position" : {
      "x" : 17.944271,
      "y" : 40.12461,
      "z" : 17.944271
    },
    "orientation" : 2
  }, {
    "shape" : "b2757845-91d1-4048-9092-692fdc777b93",
    "color" : "#007695",
    "position" : {
      "x" : 58.068882,
      "y" : 69.15905,
      "z" : -6.854102
    },
    "orientation" : 41
  }, {
    "shape" : "b2757845-91d1-4048-9092-692fdc777b93",
    "color" : "#007695",
    "position" : {
      "x" : 29.034441,
      "y" : 0.0,
      "z" : -46.978714
    },
    "orientation" : 38
  }, {
    "shape" : "b2757845-91d1-4048-9092-692fdc777b93",
    "color" : "#007695",
    "position" : {
      "x" : 58.068882,
      "y" : 33.27051,
      "z" : -51.214783
    },
    "orientation" : 21
  }, {
    "shape" : "1d920da9-3c09-4c06-974e-b017654fd96c",
    "color" : "#FFFFFF",
    "position" : {
      "x" : 51.214783,
      "y" : 0.0,
      "z" : 46.978714
    }
  }, {
    "shape" : "1d920da9-3c09-4c06-974e-b017654fd96c",
    "color" : "#FFFFFF",
    "position" : {
      "x" : 24.798374,
      "y" : -29.034441,
      "z" : -22.18034
    }
  }, {
    "shape" : "1d920da9-3c09-4c06-974e-b017654fd96c",
    "color" : "#FFFFFF",
    "position" : {
      "x" : 35.888542,
      "y" : -24.798374,
      "z" : -29.034441
    }
  }, {
    "shape" : "b2757845-91d1-4048-9092-692fdc777b93",
    "color" : "#007695",
    "position" : {
      "x" : 17.944271,
      "y" : -17.944271,
      "z" : -53.832817
    },
    "orientation" : 2
  }, {
    "shape" : "b2757845-91d1-4048-9092-692fdc777b93",
    "color" : "#007695",
    "position" : {
      "x" : 35.888542,
      "y" : -24.798374,
      "z" : -51.214783
    },
    "orientation" : 39
  }, {
    "shape" : "b2757845-91d1-4048-9092-692fdc777b93",
    "color" : "#007695",
    "position" : {
      "x" : 53.832817,
      "y" : -17.944271,
      "z" : 17.944271
    },
    "orientation" : 39
  }, {
    "shape" : "b2757845-91d1-4048-9092-692fdc777b93",
    "color" : "#007695",
    "position" : {
      "x" : 46.978714,
      "y" : 51.214783,
      "z" : -22.18034
    },
    "orientation" : 41
  }, {
    "shape" : "b2757845-91d1-4048-9092-692fdc777b93",
    "color" : "#007695",
    "position" : {
      "x" : 46.978714,
      "y" : -42.742645,
      "z" : -22.18034
    },
    "orientation" : 10
  }, {
    "shape" : "b2757845-91d1-4048-9092-692fdc777b93",
    "color" : "#007695",
    "position" : {
      "x" : 6.854102,
      "y" : 22.18034,
      "z" : 11.09017
    },
    "orientation" : 36
  }, {
    "shape" : "b2757845-91d1-4048-9092-692fdc777b93",
    "color" : "#007695",
    "position" : {
      "x" : 87.103325,
      "y" : 0.0,
      "z" : -46.978714
    },
    "orientation" : 38
  }, {
    "shape" : "272dcfa5-badb-4a1f-98f9-26f8d49b637f",
    "color" : "#007695",
    "position" : {
      "x" : 64.92299,
      "y" : 44.36068,
      "z" : -11.09017
    },
    "orientation" : 56
  }, {
    "shape" : "b2757845-91d1-4048-9092-692fdc777b93",
    "color" : "#007695",
    "position" : {
      "x" : 11.09017,
      "y" : 29.034441,
      "z" : 13.708204
    },
    "orientation" : 21
  }, {
    "shape" : "1d920da9-3c09-4c06-974e-b017654fd96c",
    "color" : "#FFFFFF",
    "position" : {
      "x" : 58.068882,
      "y" : -46.978714,
      "z" : -15.326238
    }
  }, {
    "shape" : "b2757845-91d1-4048-9092-692fdc777b93",
    "color" : "#007695",
    "position" : {
      "x" : 58.068882,
      "y" : -24.798374,
      "z" : 29.034441
    },
    "orientation" : 24
  }, {
    "shape" : "b2757845-91d1-4048-9092-692fdc777b93",
    "color" : "#007695",
    "position" : {
      "x" : 11.09017,
      "y" : 51.214783,
      "z" : -22.18034
    },
    "orientation" : 7
  }, {
    "shape" : "b2757845-91d1-4048-9092-692fdc777b93",
    "color" : "#007695",
    "position" : {
      "x" : 58.068882,
      "y" : -11.09017,
      "z" : -64.92299
    },
    "orientation" : 11
  }, {
    "shape" : "b2757845-91d1-4048-9092-692fdc777b93",
    "color" : "#007695",
    "position" : {
      "x" : 29.034441,
      "y" : 0.0,
      "z" : 46.978714
    },
    "orientation" : 55
  }, {
    "shape" : "b2757845-91d1-4048-9092-692fdc777b93",
    "color" : "#007695",
    "position" : {
      "x" : 29.034441,
      "y" : 22.18034,
      "z" : 46.978714
    },
    "orientation" : 6
  }, {
    "shape" : "b2757845-91d1-4048-9092-692fdc777b93",
    "color" : "#007695",
    "position" : {
      "x" : 0.0,
      "y" : -11.09017,
      "z" : -29.034441
    },
    "orientation" : 11
  }, {
    "shape" : "b2757845-91d1-4048-9092-692fdc777b93",
    "color" : "#007695",
    "position" : {
      "x" : 17.944271,
      "y" : 17.944271,
      "z" : 17.944271
    },
    "orientation" : 2
  }, {
    "shape" : "b2757845-91d1-4048-9092-692fdc777b93",
    "color" : "#007695",
    "position" : {
      "x" : 71.777084,
      "y" : -24.798374,
      "z" : 6.854102
    },
    "orientation" : 37
  }, {
    "shape" : "b2757845-91d1-4048-9092-692fdc777b93",
    "color" : "#007695",
    "position" : {
      "x" : 58.068882,
      "y" : 46.978714,
      "z" : 6.854102
    },
    "orientation" : 47
  }, {
    "shape" : "b2757845-91d1-4048-9092-692fdc777b93",
    "color" : "#007695",
    "position" : {
      "x" : 82.867256,
      "y" : 29.034441,
      "z" : -22.18034
    },
    "orientation" : 11
  }, {
    "shape" : "b2757845-91d1-4048-9092-692fdc777b93",
    "color" : "#007695",
    "position" : {
      "x" : 29.034441,
      "y" : 22.18034,
      "z" : 46.978714
    },
    "orientation" : 22
  }, {
    "shape" : "b2757845-91d1-4048-9092-692fdc777b93",
    "color" : "#007695",
    "position" : {
      "x" : 82.867256,
      "y" : 6.854102,
      "z" : -22.18034
    },
    "orientation" : 23
  }, {
    "shape" : "272dcfa5-badb-4a1f-98f9-26f8d49b637f",
    "color" : "#007695",
    "position" : {
      "x" : -6.854102,
      "y" : 0.0,
      "z" : -33.27051
    },
    "orientation" : 52
  }, {
    "shape" : "b2757845-91d1-4048-9092-692fdc777b93",
    "color" : "#007695",
    "position" : {
      "x" : 76.01315,
      "y" : -17.944271,
      "z" : -4.236068
    },
    "orientation" : 0
  }, {
    "shape" : "b2757845-91d1-4048-9092-692fdc777b93",
    "color" : "#007695",
    "position" : {
      "x" : 29.034441,
      "y" : -13.708204,
      "z" : 24.798374
    },
    "orientation" : 41
  }, {
    "shape" : "b2757845-91d1-4048-9092-692fdc777b93",
    "color" : "#007695",
    "position" : {
      "x" : 51.214783,
      "y" : 22.18034,
      "z" : -69.15905
    },
    "orientation" : 9
  }, {
    "shape" : "b2757845-91d1-4048-9092-692fdc777b93",
    "color" : "#007695",
    "position" : {
      "x" : 29.034441,
      "y" : 22.18034,
      "z" : -69.15905
    },
    "orientation" : 7
  }, {
    "shape" : "b2757845-91d1-4048-9092-692fdc777b93",
    "color" : "#007695",
    "position" : {
      "x" : 17.944271,
      "y" : -17.944271,
      "z" : 17.944271
    },
    "orientation" : 16
  }, {
    "shape" : "b2757845-91d1-4048-9092-692fdc777b93",
    "color" : "#007695",
    "position" : {
      "x" : 76.01315,
      "y" : -17.944271,
      "z" : 17.944271
    },
    "orientation" : 16
  }, {
    "shape" : "b2757845-91d1-4048-9092-692fdc777b93",
    "color" : "#007695",
    "position" : {
      "x" : 71.777084,
      "y" : 46.978714,
      "z" : -29.034441
    },
    "orientation" : 11
  }, {
    "shape" : "1d920da9-3c09-4c06-974e-b017654fd96c",
    "color" : "#FFFFFF",
    "position" : {
      "x" : 100.81153,
      "y" : 0.0,
      "z" : -11.09017
    }
  }, {
    "shape" : "1d920da9-3c09-4c06-974e-b017654fd96c",
    "color" : "#FFFFFF",
    "position" : {
      "x" : 58.068882,
      "y" : -46.978714,
      "z" : 6.854102
    }
  }, {
    "shape" : "b2757845-91d1-4048-9092-692fdc777b93",
    "color" : "#007695",
    "position" : {
      "x" : 71.777084,
      "y" : -24.798374,
      "z" : 29.034441
    },
    "orientation" : 45
  }, {
    "shape" : "b2757845-91d1-4048-9092-692fdc777b93",
    "color" : "#007695",
    "position" : {
      "x" : 22.18034,
      "y" : 46.978714,
      "z" : -29.034441
    },
    "orientation" : 24
  }, {
    "shape" : "1d920da9-3c09-4c06-974e-b017654fd96c",
    "color" : "#FFFFFF",
    "position" : {
      "x" : 89.72136,
      "y" : 40.12461,
      "z" : -4.236068
    }
  }, {
    "shape" : "1d920da9-3c09-4c06-974e-b017654fd96c",
    "color" : "#FFFFFF",
    "position" : {
      "x" : 6.854102,
      "y" : -13.708204,
      "z" : 24.798374
    }
  }, {
    "shape" : "b2757845-91d1-4048-9092-692fdc777b93",
    "color" : "#007695",
    "position" : {
      "x" : 22.18034,
      "y" : 46.978714,
      "z" : 6.854102
    },
    "orientation" : 38
  }, {
    "shape" : "b2757845-91d1-4048-9092-692fdc777b93",
    "color" : "#007695",
    "position" : {
      "x" : 58.068882,
      "y" : 46.978714,
      "z" : 6.854102
    },
    "orientation" : 56
  }, {
    "shape" : "b2757845-91d1-4048-9092-692fdc777b93",
    "color" : "#007695",
    "position" : {
      "x" : 69.15905,
      "y" : 29.034441,
      "z" : 13.708204
    },
    "orientation" : 7
  }, {
    "shape" : "1d920da9-3c09-4c06-974e-b017654fd96c",
    "color" : "#FFFFFF",
    "position" : {
      "x" : 93.95743,
      "y" : 46.978714,
      "z" : -29.034441
    }
  }, {
    "shape" : "b2757845-91d1-4048-9092-692fdc777b93",
    "color" : "#007695",
    "position" : {
      "x" : 87.103325,
      "y" : 35.888542,
      "z" : 24.798374
    },
    "orientation" : 16
  }, {
    "shape" : "1d920da9-3c09-4c06-974e-b017654fd96c",
    "color" : "#FFFFFF",
    "position" : {
      "x" : 24.798374,
      "y" : 29.034441,
      "z" : 13.708204
    }
  }, {
    "shape" : "b2757845-91d1-4048-9092-692fdc777b93",
    "color" : "#007695",
    "position" : {
      "x" : 82.867256,
