{
  "field" : "snubDodec",
  "symmetry" : "icosahedral",
  "orientations" : [ [ 1.0, 0.0, 0.0, 0.0, 0.0, 1.0, 0.0, 0.0, 0.0, 0.0, 1.0, 0.0, 0.0, 0.0, 0.0, 1.0 ], [ 0.0, 0.0, 1.0, 0.0, 1.0, 0.0, 0.0, 0.0, 0.0, 1.0, 0.0, 0.0, 0.0, 0.0, 0.0, 1.0 ], [ 0.0, 1.0, 0.0, 0.0, 0.0, 0.0, 1.0, 0.0, 1.0, 0.0, 0.0, 0.0, 0.0, 0.0, 0.0, 1.0 ], [ 0.809017, 0.309017, 0.5, 0.0, 0.309017, 0.5, -0.809017, 0.0, -0.5, 0.809017, 0.309017, 0.0, 0.0, 0.0, 0.0, 1.0 ], [ -0.5, 0.809017, 0.309017, 0.0, 0.809017, 0.309017, 0.5, 0.0, 0.309017, 0.5, -0.809017, 0.0, 0.0, 0.0, 0.0, 1.0 ], [ 0.309017, 0.5, -0.809017, 0.0, -0.5, 0.809017, 0.309017, 0.0, 0.809017, 0.309017, 0.5, 0.0, 0.0, 0.0, 0.0, 1.0 ], [ 0.5, 0.809017, 0.309017, 0.0, 0.809017, -0.309017, -0.5, 0.0, -0.309017, 0.5, -0.809017, 0.0, 0.0, 0.0, 0.0, 1.0 ], [ -0.309017, 0.5, -0.809017, 0.0, 0.5, 0.809017, 0.309017, 0.0, 0.809017, -0.309017, -0.5, 0.0, 0.0, 0.0, 0.0, 1.0 ], [ 0.809017, -0.309017, -0.5, 0.0, -0.309017, 0.5, -0.809017, 0.0, 0.5, 0.809017, 0.309017, 0.0, 0.0, 0.0, 0.0, 1.0 ], [ 0.5, 0.809017, -0.309017, 0.0, 0.809017, -0.309017, 0.5, 0.0, 0.309017, -0.5, -0.809017, 0.0, 0.0, 0.0, 0.0, 1.0 ], [ 0.309017, -0.5, -0.809017, 0.0, 0.5, 0.809017, -0.309017, 0.0, 0.809017, -0.309017, 0.5, 0.0, 0.0, 0.0, 0.0, 1.0 ], [ 0.809017, -0.309017, 0.5, 0.0, 0.309017, -0.5, -0.809017, 0.0, 0.5, 0.809017, -0.309017, 0.0, 0.0, 0.0, 0.0, 1.0 ], [ 0.809017, 0.309017, -0.5, 0.0, 0.309017, 0.5, 0.809017, 0.0, 0.5, -0.809017, 0.309017, 0.0, 0.0, 0.0, 0.0, 1.0 ], [ 0.5, -0.809017, 0.309017, 0.0, 0.809017, 0.309017, -0.5, 0.0, 0.309017, 0.5, 0.809017, 0.0, 0.0, 0.0, 0.0, 1.0 ], [ 0.309017, 0.5, 0.809017, 0.0, 0.5, -0.809017, 0.309017, 0.0, 0.809017, 0.309017, -0.5, 0.0, 0.0, 0.0, 0.0, 1.0 ], [ 1.0, 0.0, 0.0, 0.0, 0.0, -1.0, 0.0, 0.0, 0.0, 0.0, -1.0, 0.0, 0.0, 0.0, 0.0, 1.0 ], [ 0.0, 0.0, 1.0, 0.0, -1.0, 0.0, 0.0, 0.0, 0.0, -1.0, 0.0, 0.0, 0.0, 0.0, 0.0, 1.0 ], [ 0.0, 1.0, 0.0, 0.0, 0.0, 0.0, -1.0, 0.0, -1.0, 0.0, 0.0, 0.0, 0.0, 0.0, 0.0, 1.0 ], [ 0.809017, 0.309017, 0.5, 0.0, -0.309017, -0.5, 0.809017, 0.0, 0.5, -0.809017, -0.309017, 0.0, 0.0, 0.0, 0.0, 1.0 ], [ -0.5, 0.809017, 0.309017, 0.0, -0.809017, -0.309017, -0.5, 0.0, -0.309017, -0.5, 0.809017, 0.0, 0.0, 0.0, 0.0, 1.0 ], [ 0.309017, 0.5, -0.809017, 0.0, 0.5, -0.809017, -0.309017, 0.0, -0.809017, -0.309017, -0.5, 0.0, 0.0, 0.0, 0.0, 1.0 ], [ 0.5, 0.809017, 0.309017, 0.0, -0.809017, 0.309017, 0.5, 0.0, 0.309017, -0.5, 0.809017, 0.0, 0.0, 0.0, 0.0, 1.0 ], [ -0.309017, 0.5, -0.809017, 0.0, -0.5, -0.809017, -0.309017, 0.0, -0.809017, 0.309017, 0.5, 0.0, 0.0, 0.0, 0.0, 1.0 ], [ 0.809017, -0.309017, -0.5, 0.0, 0.309017, -0.5, 0.809017, 0.0, -0.5, -0.809017, -0.309017, 0.0, 0.0, 0.0, 0.0, 1.0 ], [ 0.5, 0.809017, -0.309017, 0.0, -0.809017, 0.309017, -0.5, 0.0, -0.309017, 0.5, 0.809017, 0.0, 0.0, 0.0, 0.0, 1.0 ], [ 0.309017, -0.5, -0.809017, 0.0, -0.5, -0.809017, 0.309017, 0.0, -0.809017, 0.309017, -0.5, 0.0, 0.0, 0.0, 0.0, 1.0 ], [ 0.809017, -0.309017, 0.5, 0.0, -0.309017, 0.5, 0.809017, 0.0, -0.5, -0.809017, 0.309017, 0.0, 0.0, 0.0, 0.0, 1.0 ], [ 0.809017, 0.309017, -0.5, 0.0, -0.309017, -0.5, -0.809017, 0.0, -0.5, 0.809017, -0.309017, 0.0, 0.0, 0.0, 0.0, 1.0 ], [ 0.5, -0.809017, 0.309017, 0.0, -0.809017, -0.309017, 0.5, 0.0, -0.309017, -0.5, -0.809017, 0.0, 0.0, 0.0, 0.0, 1.0 ], [ 0.309017, 0.5, 0.809017, 0.0, -0.5, 0.809017, -0.309017, 0.0, -0.809017, -0.309017, 0.5, 0.0, 0.0, 0.0, 0.0, 1.0 ], [ -1.0, 0.0, 0.0, 0.0, 0.0, -1.0, 0.0, 0.0, 0.0, 0.0, 1.0, 0.0, 0.0, 0.0, 0.0, 1.0 ], [ 0.0, 0.0, -1.0, 0.0, -1.0, 0.0, 0.0, 0.0, 0.0, 1.0, 0.0, 0.0, 0.0, 0.0, 0.0, 1.0 ], [ 0.0, -1.0, 0.0, 0.0, 0.0, 0.0, -1.0, 0.0, 1.0, 0.0, 0.0, 0.0, 0.0, 0.0, 0.0, 1.0 ], [ -0.809017, -0.309017, -0.5, 0.0, -0.309017, -0.5, 0.809017, 0.0, -0.5, 0.809017, 0.309017, 0.0, 0.0, 0.0, 0.0, 1.0 ], [ 0.5, -0.809017, -0.309017, 0.0, -0.809017, -0.309017, -0.5, 0.0, 0.309017, 0.5, -0.809017, 0.0, 0.0, 0.0, 0.0, 1.0 ], [ -0.309017, -0.5, 0.809017, 0.0, 0.5, -0.809017, -0.309017, 0.0, 0.809017, 0.309017, 0.5, 0.0, 0.0, 0.0, 0.0, 1.0 ], [ -0.5, -0.809017, -0.309017, 0.0, -0.809017, 0.309017, 0.5, 0.0, -0.309017, 0.5, -0.809017, 0.0, 0.0, 0.0, 0.0, 1.0 ], [ 0.309017, -0.5, 0.809017, 0.0, -0.5, -0.809017, -0.309017, 0.0, 0.809017, -0.309017, -0.5, 0.0, 0.0, 0.0, 0.0, 1.0 ], [ -0.809017, 0.309017, 0.5, 0.0, 0.309017, -0.5, 0.809017, 0.0, 0.5, 0.809017, 0.309017, 0.0, 0.0, 0.0, 0.0, 1.0 ], [ -0.5, -0.809017, 0.309017, 0.0, -0.809017, 0.309017, -0.5, 0.0, 0.309017, -0.5, -0.809017, 0.0, 0.0, 0.0, 0.0, 1.0 ], [ -0.309017, 0.5, 0.809017, 0.0, -0.5, -0.809017, 0.309017, 0.0, 0.809017, -0.309017, 0.5, 0.0, 0.0, 0.0, 0.0, 1.0 ], [ -0.809017, 0.309017, -0.5, 0.0, -0.309017, 0.5, 0.809017, 0.0, 0.5, 0.809017, -0.309017, 0.0, 0.0, 0.0, 0.0, 1.0 ], [ -0.809017, -0.309017, 0.5, 0.0, -0.309017, -0.5, -0.809017, 0.0, 0.5, -0.809017, 0.309017, 0.0, 0.0, 0.0, 0.0, 1.0 ], [ -0.5, 0.809017, -0.309017, 0.0, -0.809017, -0.309017, 0.5, 0.0, 0.309017, 0.5, 0.809017, 0.0, 0.0, 0.0, 0.0, 1.0 ], [ -0.309017, -0.5, -0.809017, 0.0, -0.5, 0.809017, -0.309017, 0.0, 0.809017, 0.309017, -0.5, 0.0, 0.0, 0.0, 0.0, 1.0 ], [ -1.0, 0.0, 0.0, 0.0, 0.0, 1.0, 0.0, 0.0, 0.0, 0.0, -1.0, 0.0, 0.0, 0.0, 0.0, 1.0 ], [ 0.0, 0.0, -1.0, 0.0, 1.0, 0.0, 0.0, 0.0, 0.0, -1.0, 0.0, 0.0, 0.0, 0.0, 0.0, 1.0 ], [ 0.0, -1.0, 0.0, 0.0, 0.0, 0.0, 1.0, 0.0, -1.0, 0.0, 0.0, 0.0, 0.0, 0.0, 0.0, 1.0 ], [ -0.809017, -0.309017, -0.5, 0.0, 0.309017, 0.5, -0.809017, 0.0, 0.5, -0.809017, -0.309017, 0.0, 0.0, 0.0, 0.0, 1.0 ], [ 0.5, -0.809017, -0.309017, 0.0, 0.809017, 0.309017, 0.5, 0.0, -0.309017, -0.5, 0.809017, 0.0, 0.0, 0.0, 0.0, 1.0 ], [ -0.309017, -0.5, 0.809017, 0.0, -0.5, 0.809017, 0.309017, 0.0, -0.809017, -0.309017, -0.5, 0.0, 0.0, 0.0, 0.0, 1.0 ], [ -0.5, -0.809017, -0.309017, 0.0, 0.809017, -0.309017, -0.5, 0.0, 0.309017, -0.5, 0.809017, 0.0, 0.0, 0.0, 0.0, 1.0 ], [ 0.309017, -0.5, 0.809017, 0.0, 0.5, 0.809017, 0.309017, 0.0, -0.809017, 0.309017, 0.5, 0.0, 0.0, 0.0, 0.0, 1.0 ], [ -0.809017, 0.309017, 0.5, 0.0, -0.309017, 0.5, -0.809017, 0.0, -0.5, -0.809017, -0.309017, 0.0, 0.0, 0.0, 0.0, 1.0 ], [ -0.5, -0.809017, 0.309017, 0.0, 0.809017, -0.309017, 0.5, 0.0, -0.309017, 0.5, 0.809017, 0.0, 0.0, 0.0, 0.0, 1.0 ], [ -0.309017, 0.5, 0.809017, 0.0, 0.5, 0.809017, -0.309017, 0.0, -0.809017, 0.309017, -0.5, 0.0, 0.0, 0.0, 0.0, 1.0 ], [ -0.809017, 0.309017, -0.5, 0.0, 0.309017, -0.5, -0.809017, 0.0, -0.5, -0.809017, 0.309017, 0.0, 0.0, 0.0, 0.0, 1.0 ], [ -0.809017, -0.309017, 0.5, 0.0, 0.309017, 0.5, 0.809017, 0.0, -0.5, 0.809017, -0.309017, 0.0, 0.0, 0.0, 0.0, 1.0 ], [ -0.5, 0.809017, -0.309017, 0.0, 0.809017, 0.309017, -0.5, 0.0, -0.309017, -0.5, -0.809017, 0.0, 0.0, 0.0, 0.0, 1.0 ], [ -0.309017, -0.5, -0.809017, 0.0, 0.5, -0.809017, 0.309017, 0.0, -0.809017, -0.309017, 0.5, 0.0, 0.0, 0.0, 0.0, 1.0 ] ],
  "lights" : {
    "backgroundColor" : "#AFC8DC",
    "ambientColor" : "#292929",
    "directionalLights" : [ {
      "direction" : {
        "x" : 1.0,
        "y" : -1.0,
        "z" : -1.0
      },
      "color" : "#EBEBE4"
    }, {
      "direction" : {
        "x" : -1.0,
        "y" : 0.0,
        "z" : 0.0
      },
      "color" : "#E4E4EB"
    }, {
      "direction" : {
        "x" : 0.0,
        "y" : 0.0,
        "z" : -1.0
      },
      "color" : "#1E1E1E"
    } ]
  },
  "camera" : {
    "lookDirection" : {
      "x" : 0.5257311,
      "y" : 0.0,
      "z" : -0.8506508
    },
    "upDirection" : {
      "x" : -0.18925557,
      "y" : 0.9749364,
      "z" : -0.116966374
    },
    "lookAtPoint" : {
      "x" : 0.0,
      "y" : 0.0,
      "z" : 0.0
    },
    "perspective" : true,
    "viewDistance" : 104.46786,
    "nearClipDistance" : 0.26116964,
    "farClipDistance" : 208.93571,
    "fieldOfView" : 0.4426288,
    "width" : 47.010525,
    "stereo" : false,
    "position" : {
      "x" : -54.922,
      "y" : 0.0,
      "z" : 88.86566
    }
  },
  "embedding" : [ 1.0, 0.0, 0.0, 0.0, 0.0, 1.0, 0.0, 0.0, 0.0, 0.0, 1.0, 0.0, 0.0, 0.0, 0.0, 1.0 ],
  "shapes" : [ {
    "id" : "09137870-da99-41b8-9262-72665b45182b",
    "vertices" : [ {
      "x" : 0.5316648,
      "y" : 0.5512347,
      "z" : 1.8189675
    }, {
      "x" : 0.0,
      "y" : 0.690983,
      "z" : 0.809017
    }, {
      "x" : -0.08636919,
      "y" : 0.5512347,
      "z" : 1.8189675
    }, {
      "x" : 0.99039227,
      "y" : 0.91150534,
      "z" : 4.566637
    }, {
      "x" : 0.68137527,
      "y" : 0.41150537,
      "z" : 4.75762
    }, {
      "x" : 0.3723583,
      "y" : 0.91150534,
      "z" : 4.566637
    }, {
      "x" : 0.7677445,
      "y" : 0.5512536,
      "z" : 3.7476692
    }, {
      "x" : 0.7677445,
      "y" : 0.9332197,
      "z" : 3.7476692
    }, {
      "x" : 0.68137527,
      "y" : 1.1024884,
      "z" : 5.566637
    }, {
      "x" : 0.14971048,
      "y" : 0.5512536,
      "z" : 3.7476692
    }, {
      "x" : 0.14971048,
      "y" : 0.9332197,
      "z" : 3.7476692
    }, {
      "x" : -0.08636919,
      "y" : 0.16926871,
      "z" : 1.8189675
    }, {
      "x" : 0.5316648,
      "y" : 0.16926871,
      "z" : 1.8189675
    }, {
      "x" : 0.309017,
      "y" : 0.19098301,
      "z" : 1.0
    }, {
      "x" : -0.309017,
      "y" : 0.19098301,
      "z" : 1.0
    } ],
    "faces" : [ {
      "vertices" : [ 2, 11, 9 ]
    }, {
      "vertices" : [ 2, 9, 10 ]
    }, {
      "vertices" : [ 0, 1, 2 ]
    }, {
      "vertices" : [ 6, 9, 11 ]
    }, {
      "vertices" : [ 6, 11, 12 ]
    }, {
      "vertices" : [ 3, 4, 6 ]
    }, {
      "vertices" : [ 0, 13, 1 ]
    }, {
      "vertices" : [ 3, 6, 7 ]
    }, {
      "vertices" : [ 1, 14, 2 ]
    }, {
      "vertices" : [ 11, 14, 13 ]
    }, {
      "vertices" : [ 11, 13, 12 ]
    }, {
      "vertices" : [ 4, 5, 9 ]
    }, {
      "vertices" : [ 4, 9, 6 ]
    }, {
      "vertices" : [ 0, 2, 10 ]
    }, {
      "vertices" : [ 0, 10, 7 ]
    }, {
      "vertices" : [ 5, 10, 9 ]
    }, {
      "vertices" : [ 0, 12, 13 ]
    }, {
      "vertices" : [ 3, 7, 10 ]
    }, {
      "vertices" : [ 3, 10, 5 ]
    }, {
      "vertices" : [ 0, 7, 6 ]
    }, {
      "vertices" : [ 0, 6, 12 ]
    }, {
      "vertices" : [ 2, 14, 11 ]
    } ]
  }, {
    "id" : "1f3f5b39-4441-4008-9a48-8e52f3ac8096",
    "vertices" : [ {
      "x" : 0.309017,
      "y" : -0.809017,
      "z" : 0.618034
    }, {
      "x" : 0.809017,
      "y" : -0.618034,
      "z" : 0.309017
    }, {
      "x" : 0.618034,
      "y" : -0.309017,
      "z" : 0.809017
    }, {
      "x" : 1.0,
      "y" : 0.309017,
      "z" : 0.19098301
    }, {
      "x" : 0.809017,
      "y" : 0.618034,
      "z" : 0.309017
    }, {
      "x" : 0.618034,
      "y" : 0.309017,
      "z" : 0.809017
    }, {
      "x" : 0.809017,
      "y" : 0.0,
      "z" : 0.690983
    }, {
      "x" : 0.19098301,
      "y" : -1.0,
      "z" : 0.309017
    }, {
      "x" : -0.19098301,
      "y" : -1.0,
      "z" : 0.309017
    }, {
      "x" : -0.19098301,
      "y" : -1.0,
      "z" : -0.309017
    }, {
      "x" : 0.19098301,
      "y" : -1.0,
      "z" : -0.309017
    }, {
      "x" : 1.0,
      "y" : -0.309017,
      "z" : -0.19098301
    }, {
      "x" : 0.809017,
      "y" : -0.618034,
      "z" : -0.309017
    }, {
      "x" : 0.618034,
      "y" : -0.309017,
      "z" : -0.809017
    }, {
      "x" : 0.809017,
      "y" : 0.0,
      "z" : -0.690983
    }, {
      "x" : 0.0,
      "y" : 0.690983,
      "z" : -0.809017
    }, {
      "x" : 0.309017,
      "y" : 0.809017,
      "z" : -0.618034
    }, {
      "x" : 0.618034,
      "y" : 0.309017,
      "z" : -0.809017
    }, {
      "x" : 0.309017,
      "y" : 0.19098301,
      "z" : -1.0
    }, {
      "x" : 1.0,
      "y" : 0.309017,
      "z" : -0.19098301
    }, {
      "x" : -0.309017,
      "y" : -0.809017,
      "z" : 0.618034
    }, {
      "x" : 0.0,
      "y" : -0.690983,
      "z" : 0.809017
    }, {
      "x" : 0.809017,
      "y" : 0.618034,
      "z" : -0.309017
    }, {
      "x" : 0.690983,
      "y" : 0.809017,
      "z" : 0.0
    }, {
      "x" : -0.690983,
      "y" : 0.809017,
      "z" : 0.0
    }, {
      "x" : -0.809017,
      "y" : 0.618034,
      "z" : 0.309017
    }, {
      "x" : -0.309017,
      "y" : 0.809017,
      "z" : 0.618034
    }, {
      "x" : -0.19098301,
      "y" : 1.0,
      "z" : 0.309017
    }, {
      "x" : 0.309017,
      "y" : -0.19098301,
      "z" : -1.0
    }, {
      "x" : 0.19098301,
      "y" : 1.0,
      "z" : 0.309017
    }, {
      "x" : 0.309017,
      "y" : 0.809017,
      "z" : 0.618034
    }, {
      "x" : -0.809017,
      "y" : -0.618034,
      "z" : 0.309017
    }, {
      "x" : -0.690983,
      "y" : -0.809017,
      "z" : 0.0
    }, {
      "x" : 0.0,
      "y" : 0.690983,
      "z" : 0.809017
    }, {
      "x" : 0.309017,
      "y" : -0.809017,
      "z" : -0.618034
    }, {
      "x" : 0.0,
      "y" : -0.690983,
      "z" : -0.809017
    }, {
      "x" : -1.0,
      "y" : 0.309017,
      "z" : 0.19098301
    }, {
      "x" : -0.809017,
      "y" : 0.0,
      "z" : 0.690983
    }, {
      "x" : -0.618034,
      "y" : 0.309017,
      "z" : 0.809017
    }, {
      "x" : 1.0,
      "y" : -0.309017,
      "z" : 0.19098301
    }, {
      "x" : -0.309017,
      "y" : -0.809017,
      "z" : -0.618034
    }, {
      "x" : -1.0,
      "y" : 0.309017,
      "z" : -0.19098301
    }, {
      "x" : -1.0,
      "y" : -0.309017,
      "z" : -0.19098301
    }, {
      "x" : -1.0,
      "y" : -0.309017,
      "z" : 0.19098301
    }, {
      "x" : 0.19098301,
      "y" : 1.0,
      "z" : -0.309017
    }, {
      "x" : -0.809017,
      "y" : 0.618034,
      "z" : -0.309017
    }, {
      "x" : -0.19098301,
      "y" : 1.0,
      "z" : -0.309017
    }, {
      "x" : -0.309017,
      "y" : 0.809017,
      "z" : -0.618034
    }, {
      "x" : -0.618034,
      "y" : -0.309017,
      "z" : 0.809017
    }, {
      "x" : 0.309017,
      "y" : 0.19098301,
      "z" : 1.0
    }, {
      "x" : -0.309017,
      "y" : 0.19098301,
      "z" : -1.0
    }, {
      "x" : -0.309017,
      "y" : 0.19098301,
      "z" : 1.0
    }, {
      "x" : -0.309017,
      "y" : -0.19098301,
      "z" : 1.0
    }, {
      "x" : 0.309017,
      "y" : -0.19098301,
      "z" : 1.0
    }, {
      "x" : 0.690983,
      "y" : -0.809017,
      "z" : 0.0
    }, {
      "x" : -0.809017,
      "y" : 0.0,
      "z" : -0.690983
    }, {
      "x" : -0.618034,
      "y" : -0.309017,
      "z" : -0.809017
    }, {
      "x" : -0.309017,
      "y" : -0.19098301,
      "z" : -1.0
    }, {
      "x" : -0.618034,
      "y" : 0.309017,
      "z" : -0.809017
    }, {
      "x" : -0.809017,
      "y" : -0.618034,
      "z" : -0.309017
    } ],
    "faces" : [ {
      "vertices" : [ 9, 40, 35 ]
    }, {
      "vertices" : [ 9, 35, 34 ]
    }, {
      "vertices" : [ 9, 34, 10 ]
    }, {
      "vertices" : [ 0, 1, 2 ]
    }, {
      "vertices" : [ 33, 51, 49 ]
    }, {
      "vertices" : [ 25, 36, 37 ]
    }, {
      "vertices" : [ 25, 37, 38 ]
    }, {
      "vertices" : [ 41, 55, 42 ]
    }, {
      "vertices" : [ 9, 32, 59 ]
    }, {
      "vertices" : [ 9, 59, 40 ]
    }, {
      "vertices" : [ 20, 21, 52 ]
    }, {
      "vertices" : [ 20, 52, 48 ]
    }, {
      "vertices" : [ 26, 33, 30 ]
    }, {
      "vertices" : [ 26, 30, 29 ]
    }, {
      "vertices" : [ 26, 29, 27 ]
    }, {
      "vertices" : [ 3, 4, 5 ]
    }, {
      "vertices" : [ 3, 5, 6 ]
    }, {
      "vertices" : [ 27, 29, 44 ]
    }, {
      "vertices" : [ 27, 44, 46 ]
    }, {
      "vertices" : [ 50, 57, 56 ]
    }, {
      "vertices" : [ 50, 56, 55 ]
    }, {
      "vertices" : [ 50, 55, 58 ]
    }, {
      "vertices" : [ 26, 38, 51 ]
    }, {
      "vertices" : [ 26, 51, 33 ]
    }, {
      "vertices" : [ 45, 47, 58 ]
    }, {
      "vertices" : [ 18, 28, 57 ]
    }, {
      "vertices" : [ 18, 57, 50 ]
    }, {
      "vertices" : [ 40, 59, 56 ]
    }, {
      "vertices" : [ 31, 48, 37 ]
    }, {
      "vertices" : [ 31, 37, 43 ]
    }, {
      "vertices" : [ 7, 8, 9 ]
    }, {
      "vertices" : [ 7, 9, 10 ]
    }, {
      "vertices" : [ 36, 41, 42 ]
    }, {
      "vertices" : [ 36, 42, 43 ]
    }, {
      "vertices" : [ 24, 46, 47 ]
    }, {
      "vertices" : [ 24, 47, 45 ]
    }, {
      "vertices" : [ 4, 30, 5 ]
    }, {
      "vertices" : [ 15, 47, 46 ]
    }, {
      "vertices" : [ 15, 46, 44 ]
    }, {
      "vertices" : [ 15, 44, 16 ]
    }, {
      "vertices" : [ 15, 50, 58 ]
    }, {
      "vertices" : [ 15, 58, 47 ]
    }, {
      "vertices" : [ 24, 45, 41 ]
    }, {
      "vertices" : [ 24, 41, 36 ]
    }, {
      "vertices" : [ 24, 36, 25 ]
    }, {
      "vertices" : [ 11, 14, 19 ]
    }, {
      "vertices" : [ 3, 6, 39 ]
    }, {
      "vertices" : [ 1, 39, 6 ]
    }, {
      "vertices" : [ 1, 6, 2 ]
    }, {
      "vertices" : [ 8, 32, 9 ]
    }, {
      "vertices" : [ 11, 12, 13 ]
    }, {
      "vertices" : [ 11, 13, 14 ]
    }, {
      "vertices" : [ 16, 22, 17 ]
    }, {
      "vertices" : [ 0, 21, 20 ]
    }, {
      "vertices" : [ 0, 20, 8 ]
    }, {
      "vertices" : [ 0, 8, 7 ]
    }, {
      "vertices" : [ 12, 34, 13 ]
    }, {
      "vertices" : [ 35, 40, 56 ]
    }, {
      "vertices" : [ 35, 56, 57 ]
    }, {
      "vertices" : [ 0, 7, 54 ]
    }, {
      "vertices" : [ 0, 54, 1 ]
    }, {
      "vertices" : [ 15, 16, 17 ]
    }, {
      "vertices" : [ 15, 17, 18 ]
    }, {
      "vertices" : [ 3, 19, 22 ]
    }, {
      "vertices" : [ 3, 22, 23 ]
    }, {
      "vertices" : [ 3, 23, 4 ]
    }, {
      "vertices" : [ 7, 10, 54 ]
    }, {
      "vertices" : [ 41, 45, 58 ]
    }, {
      "vertices" : [ 41, 58, 55 ]
    }, {
      "vertices" : [ 3, 39, 11 ]
    }, {
      "vertices" : [ 3, 11, 19 ]
    }, {
      "vertices" : [ 14, 17, 22 ]
    }, {
      "vertices" : [ 14, 22, 19 ]
    }, {
      "vertices" : [ 0, 2, 53 ]
    }, {
      "vertices" : [ 0, 53, 21 ]
    }, {
      "vertices" : [ 49, 51, 52 ]
    }, {
      "vertices" : [ 49, 52, 53 ]
    }, {
      "vertices" : [ 31, 43, 42 ]
    }, {
      "vertices" : [ 31, 42, 59 ]
    }, {
      "vertices" : [ 31, 59, 32 ]
    }, {
      "vertices" : [ 15, 18, 50 ]
    }, {
      "vertices" : [ 42, 55, 56 ]
    }, {
      "vertices" : [ 42, 56, 59 ]
    }, {
      "vertices" : [ 4, 23, 29 ]
    }, {
      "vertices" : [ 4, 29, 30 ]
    }, {
      "vertices" : [ 25, 38, 26 ]
    }, {
      "vertices" : [ 13, 28, 18 ]
    }, {
      "vertices" : [ 13, 18, 17 ]
    }, {
      "vertices" : [ 13, 17, 14 ]
    }, {
      "vertices" : [ 8, 20, 31 ]
    }, {
      "vertices" : [ 8, 31, 32 ]
    }, {
      "vertices" : [ 23, 44, 29 ]
    }, {
      "vertices" : [ 24, 27, 46 ]
    }, {
      "vertices" : [ 37, 48, 52 ]
    }, {
      "vertices" : [ 37, 52, 51 ]
    }, {
      "vertices" : [ 37, 51, 38 ]
    }, {
      "vertices" : [ 20, 48, 31 ]
    }, {
      "vertices" : [ 24, 25, 26 ]
    }, {
      "vertices" : [ 24, 26, 27 ]
    }, {
      "vertices" : [ 16, 44, 23 ]
    }, {
      "vertices" : [ 16, 23, 22 ]
    }, {
      "vertices" : [ 13, 34, 35 ]
    }, {
      "vertices" : [ 13, 35, 28 ]
    }, {
      "vertices" : [ 10, 34, 12 ]
    }, {
      "vertices" : [ 10, 12, 54 ]
    }, {
      "vertices" : [ 2, 6, 5 ]
    }, {
      "vertices" : [ 2, 5, 49 ]
    }, {
      "vertices" : [ 2, 49, 53 ]
    }, {
      "vertices" : [ 36, 43, 37 ]
    }, {
      "vertices" : [ 5, 30, 33 ]
    }, {
      "vertices" : [ 5, 33, 49 ]
    }, {
      "vertices" : [ 1, 54, 12 ]
    }, {
      "vertices" : [ 1, 12, 11 ]
    }, {
      "vertices" : [ 1, 11, 39 ]
    }, {
      "vertices" : [ 28, 35, 57 ]
    }, {
      "vertices" : [ 21, 53, 52 ]
    } ]
  }, {
    "id" : "888346ba-b380-4888-bad1-558d689f2e04",
    "vertices" : [ {
      "x" : -0.072386645,
      "y" : -1.5919402,
      "z" : -1.1643268
    }, {
      "x" : -0.19098301,
      "y" : -1.0,
      "z" : -0.309017
    }, {
      "x" : -0.38140365,
      "y" : -1.0919402,
      "z" : -1.3553097
    }, {
      "x" : -0.22152688,
      "y" : -3.2351823,
      "z" : -3.3386753
    }, {
      "x" : 0.15987678,
      "y" : -2.8342252,
      "z" : -2.7923825
    }, {
      "x" : -0.14914022,
      "y" : -2.3342252,
      "z" : -2.9833653
    }, {
      "x" : -0.072386645,
      "y" : -0.97390616,
      "z" : -1.5462928
    }, {
      "x" : 0.23663035,
      "y" : -1.4739062,
      "z" : -1.3553097
    }, {
      "x" : 0.08749013,
      "y" : -3.1171484,
      "z" : -3.529658
    }, {
      "x" : -0.14914022,
      "y" : -2.952259,
      "z" : -2.6013994
    }, {
      "x" : -0.4125099,
      "y" : -2.9261653,
      "z" : -3.8386753
    }, {
      "x" : -0.4581572,
      "y" : -2.452259,
      "z" : -2.7923825
    }, {
      "x" : 0.309017,
      "y" : -0.809017,
      "z" : -0.618034
    }, {
      "x" : 0.19098301,
      "y" : -1.0,
      "z" : -0.309017
    }, {
      "x" : -0.22152688,
      "y" : -3.9261653,
      "z" : -4.147692
    }, {
      "x" : -0.53054386,
      "y" : -3.1171484,
      "z" : -3.529658
    }, {
      "x" : -0.030543866,
      "y" : -2.9261653,
      "z" : -3.8386753
    }, {
      "x" : -0.309017,
      "y" : -0.809017,
      "z" : -0.618034
    }, {
      "x" : 0.0,
      "y" : -0.690983,
      "z" : -0.809017
    } ],
    "faces" : [ {
      "vertices" : [ 7, 12, 13 ]
    }, {
      "vertices" : [ 0, 1, 2 ]
    }, {
      "vertices" : [ 9, 11, 15 ]
    }, {
      "vertices" : [ 6, 18, 12 ]
    }, {
      "vertices" : [ 10, 15, 11 ]
    }, {
      "vertices" : [ 2, 17, 18 ]
    }, {
      "vertices" : [ 2, 18, 6 ]
    }, {
      "vertices" : [ 0, 13, 1 ]
    }, {
      "vertices" : [ 0, 7, 13 ]
    }, {
      "vertices" : [ 1, 17, 2 ]
    }, {
      "vertices" : [ 0, 9, 4 ]
    }, {
      "vertices" : [ 0, 4, 7 ]
    }, {
      "vertices" : [ 4, 5, 6 ]
    }, {
      "vertices" : [ 4, 6, 7 ]
    }, {
      "vertices" : [ 0, 2, 11 ]
    }, {
      "vertices" : [ 0, 11, 9 ]
    }, {
      "vertices" : [ 3, 8, 4 ]
    }, {
      "vertices" : [ 3, 4, 9 ]
    }, {
      "vertices" : [ 2, 6, 5 ]
    }, {
      "vertices" : [ 2, 5, 11 ]
    }, {
      "vertices" : [ 6, 12, 7 ]
    }, {
      "vertices" : [ 4, 16, 5 ]
    }, {
      "vertices" : [ 5, 10, 11 ]
    }, {
      "vertices" : [ 3, 9, 15 ]
    }, {
      "vertices" : [ 4, 8, 16 ]
    }, {
      "vertices" : [ 5, 16, 10 ]
    } ]
  }, {
    "id" : "6349109a-978f-49be-9a0a-4e49818c9943",
    "vertices" : [ {
      "x" : 3.4755864,
      "y" : -3.1647391,
      "z" : 0.309017
    }, {
      "x" : 1.5910302,
      "y" : -1.145898,
      "z" : -0.309017
    }, {
      "x" : 1.0,
      "y" : -0.309017,
      "z" : -0.19098301
    }, {
      "x" : 1.0,
      "y" : -0.309017,
      "z" : 0.19098301
    }, {
      "x" : 1.5910302,
      "y" : -1.145898,
      "z" : 0.309017
    }, {
      "x" : 3.5936203,
      "y" : -2.973756,
      "z" : 0.0
    }, {
      "x" : 3.075539,
      "y" : -2.4565353,
      "z" : -0.309017
    }, {
      "x" : 3.075539,
      "y" : -2.4565353,
      "z" : 0.309017
    }, {
      "x" : 3.4755864,
      "y" : -3.1647391,
      "z" : -0.309017
    }, {
      "x" : 2.693573,
      "y" : -2.6368752,
      "z" : -0.309017
    }, {
      "x" : 0.690983,
      "y" : -0.809017,
      "z" : 0.0
    }, {
      "x" : 1.2090641,
      "y" : -1.3262379,
      "z" : 0.309017
    }, {
      "x" : 0.809017,
      "y" : -0.618034,
      "z" : 0.309017
    }, {
      "x" : 3.2846034,
      "y" : -3.473756,
      "z" : -0.19098301
    }, {
      "x" : 1.2090641,
      "y" : -1.3262379,
      "z" : -0.309017
    }, {
      "x" : 3.2846034,
      "y" : -3.473756,
      "z" : 0.19098301
    }, {
      "x" : 2.693573,
      "y" : -2.6368752,
      "z" : 0.309017
    }, {
      "x" : 0.809017,
      "y" : -0.618034,
      "z" : -0.309017
    }, {
      "x" : 4.284603,
      "y" : -3.7827733,
      "z" : 0.0
    } ],
    "faces" : [ {
      "vertices" : [ 1, 14, 17 ]
    }, {
      "vertices" : [ 10, 11, 12 ]
    }, {
      "vertices" : [ 10, 14, 11 ]
    }, {
      "vertices" : [ 4, 11, 16 ]
    }, {
      "vertices" : [ 4, 16, 7 ]
    }, {
      "vertices" : [ 10, 17, 14 ]
    }, {
      "vertices" : [ 1, 2, 3 ]
    }, {
      "vertices" : [ 1, 3, 4 ]
    }, {
      "vertices" : [ 0, 5, 7 ]
    }, {
      "vertices" : [ 5, 6, 7 ]
    }, {
      "vertices" : [ 9, 16, 11 ]
    }, {
      "vertices" : [ 9, 11, 14 ]
    }, {
      "vertices" : [ 1, 4, 7 ]
    }, {
      "vertices" : [ 1, 7, 6 ]
    }, {
      "vertices" : [ 5, 8, 6 ]
    }, {
      "vertices" : [ 9, 13, 15 ]
    }, {
      "vertices" : [ 9, 15, 16 ]
    }, {
      "vertices" : [ 6, 8, 9 ]
    }, {
      "vertices" : [ 0, 7, 16 ]
    }, {
      "vertices" : [ 4, 12, 11 ]
    }, {
      "vertices" : [ 1, 6, 9 ]
    }, {
      "vertices" : [ 1, 9, 14 ]
    } ]
  } ],
  "instances" : [ {
    "shape" : "09137870-da99-41b8-9262-72665b45182b",
    "color" : "#BB3930",
    "position" : {
      "x" : 11.304383,
      "y" : 3.24479,
      "z" : 3.6752503
    },
    "orientation" : 15
  }, {
    "shape" : "1f3f5b39-4441-4008-9a48-8e52f3ac8096",
    "color" : "#FFFFFF",
    "position" : {
      "x" : -2.1423016,
      "y" : -1.8913866,
      "z" : -11.985759
    }
  }, {
    "shape" : "888346ba-b380-4888-bad1-558d689f2e04",
    "color" : "#57BC30",
    "position" : {
      "x" : 1.8913866,
      "y" : 11.985759,
      "z" : -2.1423016
    },
    "orientation" : 28
  }, {
    "shape" : "6349109a-978f-49be-9a0a-4e49818c9943",
    "color" : "#B2B27F",
    "position" : {
      "x" : 8.310509,
      "y" : 8.088982,
      "z" : 4.162816
    },
    "orientation" : 38
  }, {
    "shape" : "1f3f5b39-4441-4008-9a48-8e52f3ac8096",
    "color" : "#FFFFFF",
    "position" : {
      "x" : 8.310509,
      "y" : 8.088982,
      "z" : 4.162816
    }
  }, {
    "shape" : "1f3f5b39-4441-4008-9a48-8e52f3ac8096",
    "color" : "#FFFFFF",
    "position" : {
      "x" : -1.8913866,
      "y" : 11.985759,
      "z" : 2.1423016
    }
  }, {
    "shape" : "888346ba-b380-4888-bad1-558d689f2e04",
    "color" : "#57BC30",
    "position" : {
      "x" : -3.6752503,
      "y" : -11.304383,
      "z" : 3.24479
    },
    "orientation" : 3
  }, {
    "shape" : "1f3f5b39-4441-4008-9a48-8e52f3ac8096",
    "color" : "#FFFFFF",
    "position" : {
      "x" : 3.24479,
      "y" : 3.6752503,
      "z" : 11.304383
    }
  }, {
    "shape" : "888346ba-b380-4888-bad1-558d689f2e04",
    "color" : "#57BC30",
    "position" : {
      "x" : 6.3051176,
      "y" : -4.8441916,
      "z" : 9.412996
    },
    "orientation" : 52
  }, {
    "shape" : "09137870-da99-41b8-9262-72665b45182b",
    "color" : "#BB3930",
    "position" : {
      "x" : 6.3051176,
      "y" : 4.8441916,
      "z" : -9.412996
    },
    "orientation" : 3
  }, {
    "shape" : "09137870-da99-41b8-9262-72665b45182b",
    "color" : "#BB3930",
    "position" : {
      "x" : 2.1423016,
      "y" : -1.8913866,
      "z" : 11.985759
    },
    "orientation" : 37
  }, {
    "shape" : "888346ba-b380-4888-bad1-558d689f2e04",
    "color" : "#57BC30",
    "position" : {
      "x" : 3.6752503,
      "y" : -11.304383,
      "z" : -3.24479
    },
    "orientation" : 48
  }, {
    "shape" : "888346ba-b380-4888-bad1-558d689f2e04",
    "color" : "#57BC30",
    "position" : {
      "x" : -4.8441916,
      "y" : -9.412996,
      "z" : -6.3051176
    },
    "orientation" : 6
  }, {
    "shape" : "888346ba-b380-4888-bad1-558d689f2e04",
    "color" : "#57BC30",
    "position" : {
      "x" : 8.088982,
      "y" : 4.162816,
      "z" : 8.310509
    },
    "orientation" : 30
  }, {
    "shape" : "6349109a-978f-49be-9a0a-4e49818c9943",
    "color" : "#B2B27F",
    "position" : {
      "x" : -1.1024884,
      "y" : 7.141567,
      "z" : 9.980368
    },
    "orientation" : 43
  }, {
    "shape" : "6349109a-978f-49be-9a0a-4e49818c9943",
    "color" : "#B2B27F",
    "position" : {
      "x" : -4.8441916,
      "y" : 9.412996,
      "z" : 6.3051176
    },
    "orientation" : 33
  }, {
    "shape" : "888346ba-b380-4888-bad1-558d689f2e04",
    "color" : "#57BC30",
    "position" : {
      "x" : 4.162816,
      "y" : -8.310509,
      "z" : -8.088982
    },
    "orientation" : 32
  }, {
    "shape" : "888346ba-b380-4888-bad1-558d689f2e04",
    "color" : "#57BC30",
    "position" : {
      "x" : -8.310509,
      "y" : -8.088982,
      "z" : 4.162816
    },
    "orientation" : 46
  }, {
    "shape" : "888346ba-b380-4888-bad1-558d689f2e04",
    "color" : "#57BC30",
    "position" : {
      "x" : -6.3051176,
      "y" : -4.8441916,
      "z" : -9.412996
    },
    "orientation" : 7
  }, {
    "shape" : "1f3f5b39-4441-4008-9a48-8e52f3ac8096",
    "color" : "#FFFFFF",
    "position" : {
      "x" : 11.985759,
      "y" : -2.1423016,
      "z" : 1.8913866
    }
  }, {
    "shape" : "1f3f5b39-4441-4008-9a48-8e52f3ac8096",
    "color" : "#FFFFFF",
    "position" : {
      "x" : 8.088982,
      "y" : -4.162816,
      "z" : -8.310509
    }
  }, {
    "shape" : "888346ba-b380-4888-bad1-558d689f2e04",
    "color" : "#57BC30",
    "position" : {
      "x" : 3.24479,
      "y" : -3.6752503,
      "z" : -11.304383
    },
    "orientation" : 4
  }, {
    "shape" : "6349109a-978f-49be-9a0a-4e49818c9943",
    "color" : "#B2B27F",
    "position" : {
      "x" : 11.304383,
      "y" : -3.24479,
      "z" : -3.6752503
    },
    "orientation" : 55
  }, {
    "shape" : "6349109a-978f-49be-9a0a-4e49818c9943",
    "color" : "#B2B27F",
    "position" : {
      "x" : -2.1423016,
      "y" : 1.8913866,
      "z" : 11.985759
    },
    "orientation" : 0
  }, {
    "shape" : "1f3f5b39-4441-4008-9a48-8e52f3ac8096",
    "color" : "#FFFFFF",
    "position" : {
      "x" : -11.304383,
      "y" : -3.24479,
      "z" : 3.6752503
    }
  }, {
    "shape" : "888346ba-b380-4888-bad1-558d689f2e04",
    "color" : "#57BC30",
    "position" : {
      "x" : -9.980368,
      "y" : -1.1024884,
      "z" : -7.141567
    },
    "orientation" : 9
  }, {
    "shape" : "1f3f5b39-4441-4008-9a48-8e52f3ac8096",
    "color" : "#FFFFFF",
    "position" : {
      "x" : -11.985759,
      "y" : 2.1423016,
      "z" : 1.8913866
    }
  }, {
    "shape" : "1f3f5b39-4441-4008-9a48-8e52f3ac8096",
    "color" : "#FFFFFF",
    "position" : {
      "x" : -11.304383,
      "y" : 3.24479,
      "z" : -3.6752503
    }
  }, {
    "shape" : "1f3f5b39-4441-4008-9a48-8e52f3ac8096",
    "color" : "#FFFFFF",
    "position" : {
      "x" : -1.1024884,
      "y" : -7.141567,
      "z" : -9.980368
    }
  }, {
    "shape" : "6349109a-978f-49be-9a0a-4e49818c9943",
    "color" : "#B2B27F",
    "position" : {
      "x" : 9.980368,
      "y" : -1.1024884,
      "z" : 7.141567
    },
    "orientation" : 29
  }, {
    "shape" : "888346ba-b380-4888-bad1-558d689f2e04",
    "color" : "#57BC30",
    "position" : {
      "x" : 11.985759,
      "y" : -2.1423016,
      "z" : 1.8913866
    },
    "orientation" : 42
  }, {
    "shape" : "1f3f5b39-4441-4008-9a48-8e52f3ac8096",
    "color" : "#FFFFFF",
    "position" : {
      "x" : 11.304383,
      "y" : 3.24479,
      "z" : 3.6752503
    }
  }, {
    "shape" : "6349109a-978f-49be-9a0a-4e49818c9943",
    "color" : "#B2B27F",
    "position" : {
      "x" : -1.1024884,
      "y" : -7.141567,
      "z" : -9.980368
    },
    "orientation" : 58
  }, {
    "shape" : "1f3f5b39-4441-4008-9a48-8e52f3ac8096",
    "color" : "#FFFFFF",
    "position" : {
      "x" : -4.8441916,
      "y" : 9.412996,
      "z" : 6.3051176
    }
  }, {
    "shape" : "1f3f5b39-4441-4008-9a48-8e52f3ac8096",
    "color" : "#FFFFFF",
    "position" : {
      "x" : -3.6752503,
      "y" : 11.304383,
      "z" : -3.24479
    }
  }, {
    "shape" : "1f3f5b39-4441-4008-9a48-8e52f3ac8096",
    "color" : "#FFFFFF",
    "position" : {
      "x" : 11.985759,
      "y" : 2.1423016,
      "z" : -1.8913866
    }
  }, {
    "shape" : "1f3f5b39-4441-4008-9a48-8e52f3ac8096",
    "color" : "#FFFFFF",
    "position" : {
      "x" : 1.1024884,
      "y" : -7.141567,
      "z" : 9.980368
    }
  }, {
    "shape" : "1f3f5b39-4441-4008-9a48-8e52f3ac8096",
    "color" : "#FFFFFF",
    "position" : {
      "x" : -8.310509,
      "y" : -8.088982,
      "z" : 4.162816
    }
  }, {
    "shape" : "888346ba-b380-4888-bad1-558d689f2e04",
    "color" : "#57BC30",
    "position" : {
      "x" : 1.1024884,
      "y" : 7.141567,
      "z" : -9.980368
    },
    "orientation" : 41
  }, {
    "shape" : "1f3f5b39-4441-4008-9a48-8e52f3ac8096",
    "color" : "#FFFFFF",
    "position" : {
      "x" : 1.8913866,
      "y" : -11.985759,
      "z" : 2.1423016
    }
  }, {
    "shape" : "1f3f5b39-4441-4008-9a48-8e52f3ac8096",
    "color" : "#FFFFFF",
    "position" : {
      "x" : 4.8441916,
      "y" : -9.412996,
      "z" : 6.3051176
    }
  }, {
    "shape" : "6349109a-978f-49be-9a0a-4e49818c9943",
    "color" : "#B2B27F",
    "position" : {
      "x" : -3.24479,
      "y" : 3.6752503,
      "z" : -11.304383
    },
    "orientation" : 9
  }, {
    "shape" : "1f3f5b39-4441-4008-9a48-8e52f3ac8096",
    "color" : "#FFFFFF",
    "position" : {
      "x" : 4.162816,
      "y" : -8.310509,
      "z" : -8.088982
    }
  }, {
    "shape" : "09137870-da99-41b8-9262-72665b45182b",
    "color" : "#BB3930",
    "position" : {
      "x" : -8.310509,
      "y" : -8.088982,
      "z" : 4.162816
    },
    "orientation" : 41
  }, {
    "shape" : "09137870-da99-41b8-9262-72665b45182b",
    "color" : "#BB3930",
    "position" : {
      "x" : -1.8913866,
      "y" : -11.985759,
      "z" : -2.1423016
    },
    "orientation" : 36
  }, {
    "shape" : "888346ba-b380-4888-bad1-558d689f2e04",
    "color" : "#57BC30",
    "position" : {
      "x" : -8.088982,
      "y" : -4.162816,
      "z" : 8.310509
    },
    "orientation" : 0
  }, {
    "shape" : "888346ba-b380-4888-bad1-558d689f2e04",
    "color" : "#57BC30",
    "position" : {
      "x" : 4.162816,
      "y" : 8.310509,
      "z" : 8.088982
    },
    "orientation" : 47
  }, {
    "shape" : "09137870-da99-41b8-9262-72665b45182b",
    "color" : "#BB3930",
    "position" : {
      "x" : -9.412996,
      "y" : -6.3051176,
      "z" : -4.8441916
    },
    "orientation" : 19
  }, {
    "shape" : "888346ba-b380-4888-bad1-558d689f2e04",
    "color" : "#57BC30",
    "position" : {
      "x" : -3.6752503,
      "y" : 11.304383,
      "z" : -3.24479
    },
    "orientation" : 18
  }, {
    "shape" : "888346ba-b380-4888-bad1-558d689f2e04",
    "color" : "#57BC30",
    "position" : {
      "x" : -1.1024884,
      "y" : 7.141567,
      "z" : 9.980368
    },
    "orientation" : 26
  }, {
    "shape" : "888346ba-b380-4888-bad1-558d689f2e04",
    "color" : "#57BC30",
    "position" : {
      "x" : 3.6752503,
      "y" : 11.304383,
      "z" : 3.24479
    },
    "orientation" : 33
  }, {
    "shape" : "888346ba-b380-4888-bad1-558d689f2e04",
    "color" : "#57BC30",
    "position" : {
      "x" : 9.980368,
      "y" : 1.1024884,
      "z" : -7.141567
    },
    "orientation" : 39
  }, {
    "shape" : "1f3f5b39-4441-4008-9a48-8e52f3ac8096",
    "color" : "#FFFFFF",
    "position" : {
      "x" : -3.24479,
      "y" : -3.6752503,
      "z" : 11.304383
    }
  }, {
    "shape" : "1f3f5b39-4441-4008-9a48-8e52f3ac8096",
    "color" : "#FFFFFF",
    "position" : {
      "x" : -6.3051176,
      "y" : -4.8441916,
      "z" : -9.412996
    }
  }, {
    "shape" : "1f3f5b39-4441-4008-9a48-8e52f3ac8096",
    "color" : "#FFFFFF",
    "position" : {
      "x" : -1.8913866,
      "y" : -11.985759,
      "z" : -2.1423016
    }
  }, {
    "shape" : "888346ba-b380-4888-bad1-558d689f2e04",
    "color" : "#57BC30",
    "position" : {
      "x" : 9.412996,
      "y" : -6.3051176,
      "z" : 4.8441916
    },
    "orientation" : 53
  }, {
    "shape" : "888346ba-b380-4888-bad1-558d689f2e04",
    "color" : "#57BC30",
    "position" : {
      "x" : -8.088982,
      "y" : 4.162816,
      "z" : -8.310509
    },
    "orientation" : 15
  }, {
    "shape" : "888346ba-b380-4888-bad1-558d689f2e04",
    "color" : "#57BC30",
    "position" : {
      "x" : -7.141567,
      "y" : 9.980368,
      "z" : 1.1024884
    },
    "orientation" : 25
  }, {
    "shape" : "1f3f5b39-4441-4008-9a48-8e52f3ac8096",
    "color" : "#FFFFFF",
    "position" : {
      "x" : 8.088982,
      "y" : 4.162816,
      "z" : 8.310509
    }
  }, {
    "shape" : "6349109a-978f-49be-9a0a-4e49818c9943",
    "color" : "#B2B27F",
    "position" : {
      "x" : -3.6752503,
      "y" : -11.304383,
      "z" : 3.24479
    },
    "orientation" : 56
  }, {
    "shape" : "888346ba-b380-4888-bad1-558d689f2e04",
    "color" : "#57BC30",
    "position" : {
      "x" : 9.412996,
      "y" : 6.3051176,
      "z" : -4.8441916
    },
    "orientation" : 38
  }, {
    "shape" : "888346ba-b380-4888-bad1-558d689f2e04",
    "color" : "#57BC30",
    "position" : {
      "x" : -1.1024884,
      "y" : -7.141567,
      "z" : -9.980368
    },
    "orientation" : 11
  }, {
    "shape" : "09137870-da99-41b8-9262-72665b45182b",
    "color" : "#BB3930",
    "position" : {
      "x" : -3.6752503,
      "y" : 11.304383,
      "z" : -3.24479
    },
    "orientation" : 1
  }, {
    "shape" : "888346ba-b380-4888-bad1-558d689f2e04",
    "color" : "#57BC30",
    "position" : {
      "x" : -9.980368,
      "y" : 1.1024884,
      "z" : 7.141567
    },
    "orientation" : 24
  }, {
    "shape" : "09137870-da99-41b8-9262-72665b45182b",
    "color" : "#BB3930",
    "position" : {
      "x" : 9.412996,
      "y" : -6.3051176,
      "z" : 4.8441916
    },
    "orientation" : 34
  }, {
    "shape" : "09137870-da99-41b8-9262-72665b45182b",
    "color" : "#BB3930",
    "position" : {
      "x" : -11.304383,
      "y" : 3.24479,
      "z" : -3.6752503
    },
    "orientation" : 30
  }, {
    "shape" : "1f3f5b39-4441-4008-9a48-8e52f3ac8096",
    "color" : "#FFFFFF",
    "position" : {
      "x" : 4.8441916,
      "y" : 9.412996,
      "z" : -6.3051176
    }
  }, {
    "shape" : "888346ba-b380-4888-bad1-558d689f2e04",
    "color" : "#57BC30",
    "position" : {
      "x" : -9.412996,
      "y" : 6.3051176,
      "z" : 4.8441916
    },
    "orientation" : 23
  }, {
    "shape" : "09137870-da99-41b8-9262-72665b45182b",
    "color" : "#BB3930",
    "position" : {
      "x" : 6.3051176,
      "y" : -4.8441916,
      "z" : 9.412996
    },
    "orientation" : 18
  }, {
    "shape" : "888346ba-b380-4888-bad1-558d689f2e04",
    "color" : "#57BC30",
    "position" : {
      "x" : -1.8913866,
      "y" : -11.985759,
      "z" : -2.1423016
    },
    "orientation" : 58
  }, {
    "shape" : "09137870-da99-41b8-9262-72665b45182b",
    "color" : "#BB3930",
    "position" : {
      "x" : -2.1423016,
      "y" : -1.8913866,
      "z" : -11.985759
    },
    "orientation" : 22
  }, {
    "shape" : "09137870-da99-41b8-9262-72665b45182b",
    "color" : "#BB3930",
    "position" : {
      "x" : -3.6752503,
      "y" : -11.304383,
      "z" : 3.24479
    },
    "orientation" : 16
  }, {
    "shape" : "6349109a-978f-49be-9a0a-4e49818c9943",
    "color" : "#B2B27F",
    "position" : {
      "x" : 4.8441916,
      "y" : -9.412996,
      "z" : 6.3051176
    },
    "orientation" : 3
  }, {
    "shape" : "6349109a-978f-49be-9a0a-4e49818c9943",
    "color" : "#B2B27F",
    "position" : {
      "x" : -9.412996,
      "y" : 6.3051176,
      "z" : 4.8441916
    },
    "orientation" : 5
  }, {
    "shape" : "1f3f5b39-4441-4008-9a48-8e52f3ac8096",
    "color" : "#FFFFFF",
    "position" : {
      "x" : -8.088982,
      "y" : -4.162816,
      "z" : 8.310509
    }
  }, {
    "shape" : "888346ba-b380-4888-bad1-558d689f2e04",
    "color" : "#57BC30",
    "position" : {
      "x" : 11.304383,
      "y" : 3.24479,
      "z" : 3.6752503
    },
    "orientation" : 50
  }, {
    "shape" : "1f3f5b39-4441-4008-9a48-8e52f3ac8096",
    "color" : "#FFFFFF",
    "position" : {
      "x" : 11.304383,
      "y" : -3.24479,
      "z" : -3.6752503
    }
  }, {
    "shape" : "888346ba-b380-4888-bad1-558d689f2e04",
    "color" : "#57BC30",
    "position" : {
      "x" : -2.1423016,
      "y" : 1.8913866,
      "z" : 11.985759
    },
    "orientation" : 59
  }, {
    "shape" : "1f3f5b39-4441-4008-9a48-8e52f3ac8096",
    "color" : "#FFFFFF",
    "position" : {
      "x" : 2.1423016,
      "y" : -1.8913866,
