{
  "polygons" : "true",
  "field" : "golden",
  "symmetry" : "icosahedral",
  "orientations" : [ [ 1.0, 0.0, 0.0, 0.0, 0.0, 1.0, 0.0, 0.0, 0.0, 0.0, 1.0, 0.0, 0.0, 0.0, 0.0, 1.0 ], [ 0.0, 0.0, 1.0, 0.0, 1.0, 0.0, 0.0, 0.0, 0.0, 1.0, 0.0, 0.0, 0.0, 0.0, 0.0, 1.0 ], [ 0.0, 1.0, 0.0, 0.0, 0.0, 0.0, 1.0, 0.0, 1.0, 0.0, 0.0, 0.0, 0.0, 0.0, 0.0, 1.0 ], [ 0.809017, 0.309017, 0.5, 0.0, 0.309017, 0.5, -0.809017, 0.0, -0.5, 0.809017, 0.309017, 0.0, 0.0, 0.0, 0.0, 1.0 ], [ -0.5, 0.809017, 0.309017, 0.0, 0.809017, 0.309017, 0.5, 0.0, 0.309017, 0.5, -0.809017, 0.0, 0.0, 0.0, 0.0, 1.0 ], [ 0.309017, 0.5, -0.809017, 0.0, -0.5, 0.809017, 0.309017, 0.0, 0.809017, 0.309017, 0.5, 0.0, 0.0, 0.0, 0.0, 1.0 ], [ 0.5, 0.809017, 0.309017, 0.0, 0.809017, -0.309017, -0.5, 0.0, -0.309017, 0.5, -0.809017, 0.0, 0.0, 0.0, 0.0, 1.0 ], [ -0.309017, 0.5, -0.809017, 0.0, 0.5, 0.809017, 0.309017, 0.0, 0.809017, -0.309017, -0.5, 0.0, 0.0, 0.0, 0.0, 1.0 ], [ 0.809017, -0.309017, -0.5, 0.0, -0.309017, 0.5, -0.809017, 0.0, 0.5, 0.809017, 0.309017, 0.0, 0.0, 0.0, 0.0, 1.0 ], [ 0.5, 0.809017, -0.309017, 0.0, 0.809017, -0.309017, 0.5, 0.0, 0.309017, -0.5, -0.809017, 0.0, 0.0, 0.0, 0.0, 1.0 ], [ 0.309017, -0.5, -0.809017, 0.0, 0.5, 0.809017, -0.309017, 0.0, 0.809017, -0.309017, 0.5, 0.0, 0.0, 0.0, 0.0, 1.0 ], [ 0.809017, -0.309017, 0.5, 0.0, 0.309017, -0.5, -0.809017, 0.0, 0.5, 0.809017, -0.309017, 0.0, 0.0, 0.0, 0.0, 1.0 ], [ 0.809017, 0.309017, -0.5, 0.0, 0.309017, 0.5, 0.809017, 0.0, 0.5, -0.809017, 0.309017, 0.0, 0.0, 0.0, 0.0, 1.0 ], [ 0.5, -0.809017, 0.309017, 0.0, 0.809017, 0.309017, -0.5, 0.0, 0.309017, 0.5, 0.809017, 0.0, 0.0, 0.0, 0.0, 1.0 ], [ 0.309017, 0.5, 0.809017, 0.0, 0.5, -0.809017, 0.309017, 0.0, 0.809017, 0.309017, -0.5, 0.0, 0.0, 0.0, 0.0, 1.0 ], [ 1.0, 0.0, 0.0, 0.0, 0.0, -1.0, 0.0, 0.0, 0.0, 0.0, -1.0, 0.0, 0.0, 0.0, 0.0, 1.0 ], [ 0.0, 0.0, 1.0, 0.0, -1.0, 0.0, 0.0, 0.0, 0.0, -1.0, 0.0, 0.0, 0.0, 0.0, 0.0, 1.0 ], [ 0.0, 1.0, 0.0, 0.0, 0.0, 0.0, -1.0, 0.0, -1.0, 0.0, 0.0, 0.0, 0.0, 0.0, 0.0, 1.0 ], [ 0.809017, 0.309017, 0.5, 0.0, -0.309017, -0.5, 0.809017, 0.0, 0.5, -0.809017, -0.309017, 0.0, 0.0, 0.0, 0.0, 1.0 ], [ -0.5, 0.809017, 0.309017, 0.0, -0.809017, -0.309017, -0.5, 0.0, -0.309017, -0.5, 0.809017, 0.0, 0.0, 0.0, 0.0, 1.0 ], [ 0.309017, 0.5, -0.809017, 0.0, 0.5, -0.809017, -0.309017, 0.0, -0.809017, -0.309017, -0.5, 0.0, 0.0, 0.0, 0.0, 1.0 ], [ 0.5, 0.809017, 0.309017, 0.0, -0.809017, 0.309017, 0.5, 0.0, 0.309017, -0.5, 0.809017, 0.0, 0.0, 0.0, 0.0, 1.0 ], [ -0.309017, 0.5, -0.809017, 0.0, -0.5, -0.809017, -0.309017, 0.0, -0.809017, 0.309017, 0.5, 0.0, 0.0, 0.0, 0.0, 1.0 ], [ 0.809017, -0.309017, -0.5, 0.0, 0.309017, -0.5, 0.809017, 0.0, -0.5, -0.809017, -0.309017, 0.0, 0.0, 0.0, 0.0, 1.0 ], [ 0.5, 0.809017, -0.309017, 0.0, -0.809017, 0.309017, -0.5, 0.0, -0.309017, 0.5, 0.809017, 0.0, 0.0, 0.0, 0.0, 1.0 ], [ 0.309017, -0.5, -0.809017, 0.0, -0.5, -0.809017, 0.309017, 0.0, -0.809017, 0.309017, -0.5, 0.0, 0.0, 0.0, 0.0, 1.0 ], [ 0.809017, -0.309017, 0.5, 0.0, -0.309017, 0.5, 0.809017, 0.0, -0.5, -0.809017, 0.309017, 0.0, 0.0, 0.0, 0.0, 1.0 ], [ 0.809017, 0.309017, -0.5, 0.0, -0.309017, -0.5, -0.809017, 0.0, -0.5, 0.809017, -0.309017, 0.0, 0.0, 0.0, 0.0, 1.0 ], [ 0.5, -0.809017, 0.309017, 0.0, -0.809017, -0.309017, 0.5, 0.0, -0.309017, -0.5, -0.809017, 0.0, 0.0, 0.0, 0.0, 1.0 ], [ 0.309017, 0.5, 0.809017, 0.0, -0.5, 0.809017, -0.309017, 0.0, -0.809017, -0.309017, 0.5, 0.0, 0.0, 0.0, 0.0, 1.0 ], [ -1.0, 0.0, 0.0, 0.0, 0.0, -1.0, 0.0, 0.0, 0.0, 0.0, 1.0, 0.0, 0.0, 0.0, 0.0, 1.0 ], [ 0.0, 0.0, -1.0, 0.0, -1.0, 0.0, 0.0, 0.0, 0.0, 1.0, 0.0, 0.0, 0.0, 0.0, 0.0, 1.0 ], [ 0.0, -1.0, 0.0, 0.0, 0.0, 0.0, -1.0, 0.0, 1.0, 0.0, 0.0, 0.0, 0.0, 0.0, 0.0, 1.0 ], [ -0.809017, -0.309017, -0.5, 0.0, -0.309017, -0.5, 0.809017, 0.0, -0.5, 0.809017, 0.309017, 0.0, 0.0, 0.0, 0.0, 1.0 ], [ 0.5, -0.809017, -0.309017, 0.0, -0.809017, -0.309017, -0.5, 0.0, 0.309017, 0.5, -0.809017, 0.0, 0.0, 0.0, 0.0, 1.0 ], [ -0.309017, -0.5, 0.809017, 0.0, 0.5, -0.809017, -0.309017, 0.0, 0.809017, 0.309017, 0.5, 0.0, 0.0, 0.0, 0.0, 1.0 ], [ -0.5, -0.809017, -0.309017, 0.0, -0.809017, 0.309017, 0.5, 0.0, -0.309017, 0.5, -0.809017, 0.0, 0.0, 0.0, 0.0, 1.0 ], [ 0.309017, -0.5, 0.809017, 0.0, -0.5, -0.809017, -0.309017, 0.0, 0.809017, -0.309017, -0.5, 0.0, 0.0, 0.0, 0.0, 1.0 ], [ -0.809017, 0.309017, 0.5, 0.0, 0.309017, -0.5, 0.809017, 0.0, 0.5, 0.809017, 0.309017, 0.0, 0.0, 0.0, 0.0, 1.0 ], [ -0.5, -0.809017, 0.309017, 0.0, -0.809017, 0.309017, -0.5, 0.0, 0.309017, -0.5, -0.809017, 0.0, 0.0, 0.0, 0.0, 1.0 ], [ -0.309017, 0.5, 0.809017, 0.0, -0.5, -0.809017, 0.309017, 0.0, 0.809017, -0.309017, 0.5, 0.0, 0.0, 0.0, 0.0, 1.0 ], [ -0.809017, 0.309017, -0.5, 0.0, -0.309017, 0.5, 0.809017, 0.0, 0.5, 0.809017, -0.309017, 0.0, 0.0, 0.0, 0.0, 1.0 ], [ -0.809017, -0.309017, 0.5, 0.0, -0.309017, -0.5, -0.809017, 0.0, 0.5, -0.809017, 0.309017, 0.0, 0.0, 0.0, 0.0, 1.0 ], [ -0.5, 0.809017, -0.309017, 0.0, -0.809017, -0.309017, 0.5, 0.0, 0.309017, 0.5, 0.809017, 0.0, 0.0, 0.0, 0.0, 1.0 ], [ -0.309017, -0.5, -0.809017, 0.0, -0.5, 0.809017, -0.309017, 0.0, 0.809017, 0.309017, -0.5, 0.0, 0.0, 0.0, 0.0, 1.0 ], [ -1.0, 0.0, 0.0, 0.0, 0.0, 1.0, 0.0, 0.0, 0.0, 0.0, -1.0, 0.0, 0.0, 0.0, 0.0, 1.0 ], [ 0.0, 0.0, -1.0, 0.0, 1.0, 0.0, 0.0, 0.0, 0.0, -1.0, 0.0, 0.0, 0.0, 0.0, 0.0, 1.0 ], [ 0.0, -1.0, 0.0, 0.0, 0.0, 0.0, 1.0, 0.0, -1.0, 0.0, 0.0, 0.0, 0.0, 0.0, 0.0, 1.0 ], [ -0.809017, -0.309017, -0.5, 0.0, 0.309017, 0.5, -0.809017, 0.0, 0.5, -0.809017, -0.309017, 0.0, 0.0, 0.0, 0.0, 1.0 ], [ 0.5, -0.809017, -0.309017, 0.0, 0.809017, 0.309017, 0.5, 0.0, -0.309017, -0.5, 0.809017, 0.0, 0.0, 0.0, 0.0, 1.0 ], [ -0.309017, -0.5, 0.809017, 0.0, -0.5, 0.809017, 0.309017, 0.0, -0.809017, -0.309017, -0.5, 0.0, 0.0, 0.0, 0.0, 1.0 ], [ -0.5, -0.809017, -0.309017, 0.0, 0.809017, -0.309017, -0.5, 0.0, 0.309017, -0.5, 0.809017, 0.0, 0.0, 0.0, 0.0, 1.0 ], [ 0.309017, -0.5, 0.809017, 0.0, 0.5, 0.809017, 0.309017, 0.0, -0.809017, 0.309017, 0.5, 0.0, 0.0, 0.0, 0.0, 1.0 ], [ -0.809017, 0.309017, 0.5, 0.0, -0.309017, 0.5, -0.809017, 0.0, -0.5, -0.809017, -0.309017, 0.0, 0.0, 0.0, 0.0, 1.0 ], [ -0.5, -0.809017, 0.309017, 0.0, 0.809017, -0.309017, 0.5, 0.0, -0.309017, 0.5, 0.809017, 0.0, 0.0, 0.0, 0.0, 1.0 ], [ -0.309017, 0.5, 0.809017, 0.0, 0.5, 0.809017, -0.309017, 0.0, -0.809017, 0.309017, -0.5, 0.0, 0.0, 0.0, 0.0, 1.0 ], [ -0.809017, 0.309017, -0.5, 0.0, 0.309017, -0.5, -0.809017, 0.0, -0.5, -0.809017, 0.309017, 0.0, 0.0, 0.0, 0.0, 1.0 ], [ -0.809017, -0.309017, 0.5, 0.0, 0.309017, 0.5, 0.809017, 0.0, -0.5, 0.809017, -0.309017, 0.0, 0.0, 0.0, 0.0, 1.0 ], [ -0.5, 0.809017, -0.309017, 0.0, 0.809017, 0.309017, -0.5, 0.0, -0.309017, -0.5, -0.809017, 0.0, 0.0, 0.0, 0.0, 1.0 ], [ -0.309017, -0.5, -0.809017, 0.0, 0.5, -0.809017, 0.309017, 0.0, -0.809017, -0.309017, 0.5, 0.0, 0.0, 0.0, 0.0, 1.0 ] ],
  "lights" : {
    "directionalLights" : [ {
      "direction" : [ 1.0, -1.0, -1.0 ],
      "color" : "#EBEBE4"
    }, {
      "direction" : [ -1.0, 0.0, 0.0 ],
      "color" : "#E4E4EB"
    }, {
      "direction" : [ 0.0, 0.0, -1.0 ],
      "color" : "#1E1E1E"
    } ],
    "ambientColor" : "#292929",
    "backgroundColor" : "#AFC8DC"
  },
  "camera" : {
    "position" : {
      "x" : -82.91597,
      "y" : 165.86443,
      "z" : 318.2047
    },
    "width" : 165.73198,
    "perspective" : true,
    "fieldOfView" : 0.44262892,
    "lookAtPoint" : {
      "x" : 0.0,
      "y" : 0.0,
      "z" : 0.0
    },
    "upDirection" : {
      "x" : 0.56932354,
      "y" : -0.6588034,
      "z" : 0.49175796
    },
    "stereo" : false,
    "viewDistance" : 368.29324,
    "lookAtPointRV" : {
      "x" : 0.0,
      "y" : 0.0,
      "z" : 0.0,
      "zero" : true
    },
    "lookDirectionRV" : {
      "x" : 0.22513574,
      "y" : -0.45035967,
      "z" : -0.86399823,
      "zero" : false
    },
    "upDirectionRV" : {
      "x" : 0.56932354,
      "y" : -0.6588034,
      "z" : 0.49175796,
      "zero" : false
    },
    "nearClipDistance" : 0.92073244,
    "farClipDistance" : 736.5848,
    "lookDirection" : {
      "x" : 0.22513574,
      "y" : -0.45035967,
      "z" : -0.86399823
    }
  },
  "embedding" : [ 1.0, 0.0, 0.0, 0.0, 0.0, 1.0, 0.0, 0.0, 0.0, 0.0, 1.0, 0.0, 0.0, 0.0, 0.0, 1.0 ],
  "shapes" : [ {
    "id" : "5b23f784-d79e-4127-a2c4-3f6b75d50845",
    "orbit" : "olive",
    "orbitC" : "[[3,-1,5],[0,0,1]]",
    "length" : "[0,1,2]",
    "name" : " :1/2*phi",
    "vertices" : [ {
      "x" : 1.118034,
      "y" : 1.309017,
      "z" : 0.618034
    }, {
      "x" : 1.618034,
      "y" : 1.118034,
      "z" : 0.309017
    }, {
      "x" : 4.545085,
      "y" : 4.045085,
      "z" : 1.0
    }, {
      "x" : 4.045085,
      "y" : 4.236068,
      "z" : 1.309017
    }, {
      "x" : 1.0,
      "y" : 1.5,
      "z" : 0.309017
    }, {
      "x" : 0.809017,
      "y" : 0.618034,
      "z" : -0.309017
    }, {
      "x" : 0.690983,
      "y" : 0.809017,
      "z" : 0.0
    }, {
      "x" : 4.427051,
      "y" : 4.236068,
      "z" : 0.690983
    }, {
      "x" : 1.5,
      "y" : 1.309017,
      "z" : 0.0
    }, {
      "x" : 3.927051,
      "y" : 4.427051,
      "z" : 1.0
    }, {
      "x" : 0.809017,
      "y" : 0.618034,
      "z" : 0.309017
    }, {
      "x" : 1.0,
      "y" : 0.309017,
      "z" : 0.19098301
    }, {
      "x" : 1.0,
      "y" : 0.309017,
      "z" : -0.19098301
    }, {
      "x" : 4.736068,
      "y" : 4.927051,
      "z" : 1.0
    }, {
      "x" : 4.736068,
      "y" : 4.927051,
      "z" : 1.618034
    }, {
      "x" : 4.545085,
      "y" : 5.236068,
      "z" : 1.118034
    }, {
      "x" : 4.545085,
      "y" : 5.236068,
      "z" : 1.5
    }, {
      "x" : 4.854102,
      "y" : 4.736068,
      "z" : 1.309017
    }, {
      "x" : 5.545085,
      "y" : 5.545085,
      "z" : 1.309017
    } ],
    "faces" : [ {
      "vertices" : [ 3, 14, 16 ]
    }, {
      "vertices" : [ 2, 17, 14 ]
    }, {
      "vertices" : [ 7, 15, 13 ]
    }, {
      "vertices" : [ 0, 1, 2, 3 ]
    }, {
      "vertices" : [ 2, 7, 13, 17 ]
    }, {
      "vertices" : [ 9, 16, 15 ]
    }, {
      "vertices" : [ 0, 11, 1 ]
    }, {
      "vertices" : [ 4, 5, 6 ]
    }, {
      "vertices" : [ 0, 3, 9, 4 ]
    }, {
      "vertices" : [ 4, 8, 5 ]
    }, {
      "vertices" : [ 1, 8, 7, 2 ]
    }, {
      "vertices" : [ 2, 14, 3 ]
    }, {
      "vertices" : [ 0, 4, 6, 10 ]
    }, {
      "vertices" : [ 0, 10, 11 ]
    }, {
      "vertices" : [ 1, 12, 8 ]
    }, {
      "vertices" : [ 1, 11, 12 ]
    }, {
      "vertices" : [ 5, 8, 12 ]
    }, {
      "vertices" : [ 4, 9, 7, 8 ]
    }, {
      "vertices" : [ 3, 16, 9 ]
    }, {
      "vertices" : [ 7, 9, 15 ]
    } ]
  }, {
    "id" : "a9f4d986-8ae6-4425-a815-b7f40b0cc44d",
    "name" : "ball",
    "vertices" : [ {
      "x" : 0.309017,
      "y" : -0.809017,
      "z" : 0.618034
    }, {
      "x" : 0.809017,
      "y" : -0.618034,
      "z" : 0.309017
    }, {
      "x" : 0.618034,
      "y" : -0.309017,
      "z" : 0.809017
    }, {
      "x" : 1.0,
      "y" : 0.309017,
      "z" : 0.19098301
    }, {
      "x" : 0.809017,
      "y" : 0.618034,
      "z" : 0.309017
    }, {
      "x" : 0.618034,
      "y" : 0.309017,
      "z" : 0.809017
    }, {
      "x" : 0.809017,
      "y" : 0.0,
      "z" : 0.690983
    }, {
      "x" : 0.19098301,
      "y" : -1.0,
      "z" : 0.309017
    }, {
      "x" : -0.19098301,
      "y" : -1.0,
      "z" : 0.309017
    }, {
      "x" : -0.19098301,
      "y" : -1.0,
      "z" : -0.309017
    }, {
      "x" : 0.19098301,
      "y" : -1.0,
      "z" : -0.309017
    }, {
      "x" : 1.0,
      "y" : -0.309017,
      "z" : -0.19098301
    }, {
      "x" : 0.809017,
      "y" : -0.618034,
      "z" : -0.309017
    }, {
      "x" : 0.618034,
      "y" : -0.309017,
      "z" : -0.809017
    }, {
      "x" : 0.809017,
      "y" : 0.0,
      "z" : -0.690983
    }, {
      "x" : 0.0,
      "y" : 0.690983,
      "z" : -0.809017
    }, {
      "x" : 0.309017,
      "y" : 0.809017,
      "z" : -0.618034
    }, {
      "x" : 0.618034,
      "y" : 0.309017,
      "z" : -0.809017
    }, {
      "x" : 0.309017,
      "y" : 0.19098301,
      "z" : -1.0
    }, {
      "x" : 1.0,
      "y" : 0.309017,
      "z" : -0.19098301
    }, {
      "x" : -0.309017,
      "y" : -0.809017,
      "z" : 0.618034
    }, {
      "x" : 0.0,
      "y" : -0.690983,
      "z" : 0.809017
    }, {
      "x" : 0.809017,
      "y" : 0.618034,
      "z" : -0.309017
    }, {
      "x" : 0.690983,
      "y" : 0.809017,
      "z" : 0.0
    }, {
      "x" : -0.690983,
      "y" : 0.809017,
      "z" : 0.0
    }, {
      "x" : -0.809017,
      "y" : 0.618034,
      "z" : 0.309017
    }, {
      "x" : -0.309017,
      "y" : 0.809017,
      "z" : 0.618034
    }, {
      "x" : -0.19098301,
      "y" : 1.0,
      "z" : 0.309017
    }, {
      "x" : 0.309017,
      "y" : -0.19098301,
      "z" : -1.0
    }, {
      "x" : 0.19098301,
      "y" : 1.0,
      "z" : 0.309017
    }, {
      "x" : 0.309017,
      "y" : 0.809017,
      "z" : 0.618034
    }, {
      "x" : -0.809017,
      "y" : -0.618034,
      "z" : 0.309017
    }, {
      "x" : -0.690983,
      "y" : -0.809017,
      "z" : 0.0
    }, {
      "x" : 0.0,
      "y" : 0.690983,
      "z" : 0.809017
    }, {
      "x" : 0.309017,
      "y" : -0.809017,
      "z" : -0.618034
    }, {
      "x" : 0.0,
      "y" : -0.690983,
      "z" : -0.809017
    }, {
      "x" : -1.0,
      "y" : 0.309017,
      "z" : 0.19098301
    }, {
      "x" : -0.809017,
      "y" : 0.0,
      "z" : 0.690983
    }, {
      "x" : -0.618034,
      "y" : 0.309017,
      "z" : 0.809017
    }, {
      "x" : 1.0,
      "y" : -0.309017,
      "z" : 0.19098301
    }, {
      "x" : -0.309017,
      "y" : -0.809017,
      "z" : -0.618034
    }, {
      "x" : -1.0,
      "y" : 0.309017,
      "z" : -0.19098301
    }, {
      "x" : -1.0,
      "y" : -0.309017,
      "z" : -0.19098301
    }, {
      "x" : -1.0,
      "y" : -0.309017,
      "z" : 0.19098301
    }, {
      "x" : 0.19098301,
      "y" : 1.0,
      "z" : -0.309017
    }, {
      "x" : -0.809017,
      "y" : 0.618034,
      "z" : -0.309017
    }, {
      "x" : -0.19098301,
      "y" : 1.0,
      "z" : -0.309017
    }, {
      "x" : -0.309017,
      "y" : 0.809017,
      "z" : -0.618034
    }, {
      "x" : -0.618034,
      "y" : -0.309017,
      "z" : 0.809017
    }, {
      "x" : 0.309017,
      "y" : 0.19098301,
      "z" : 1.0
    }, {
      "x" : -0.309017,
      "y" : 0.19098301,
      "z" : -1.0
    }, {
      "x" : -0.309017,
      "y" : 0.19098301,
      "z" : 1.0
    }, {
      "x" : -0.309017,
      "y" : -0.19098301,
      "z" : 1.0
    }, {
      "x" : 0.309017,
      "y" : -0.19098301,
      "z" : 1.0
    }, {
      "x" : 0.690983,
      "y" : -0.809017,
      "z" : 0.0
    }, {
      "x" : -0.809017,
      "y" : 0.0,
      "z" : -0.690983
    }, {
      "x" : -0.618034,
      "y" : -0.309017,
      "z" : -0.809017
    }, {
      "x" : -0.309017,
      "y" : -0.19098301,
      "z" : -1.0
    }, {
      "x" : -0.618034,
      "y" : 0.309017,
      "z" : -0.809017
    }, {
      "x" : -0.809017,
      "y" : -0.618034,
      "z" : -0.309017
    } ],
    "faces" : [ {
      "vertices" : [ 9, 40, 35, 34, 10 ]
    }, {
      "vertices" : [ 0, 1, 2 ]
    }, {
      "vertices" : [ 33, 51, 49 ]
    }, {
      "vertices" : [ 25, 36, 37, 38 ]
    }, {
      "vertices" : [ 41, 55, 42 ]
    }, {
      "vertices" : [ 9, 32, 59, 40 ]
    }, {
      "vertices" : [ 20, 21, 52, 48 ]
    }, {
      "vertices" : [ 26, 33, 30, 29, 27 ]
    }, {
      "vertices" : [ 3, 4, 5, 6 ]
    }, {
      "vertices" : [ 27, 29, 44, 46 ]
    }, {
      "vertices" : [ 50, 57, 56, 55, 58 ]
    }, {
      "vertices" : [ 26, 38, 51, 33 ]
    }, {
      "vertices" : [ 45, 47, 58 ]
    }, {
      "vertices" : [ 18, 28, 57, 50 ]
    }, {
      "vertices" : [ 40, 59, 56 ]
    }, {
      "vertices" : [ 31, 48, 37, 43 ]
    }, {
      "vertices" : [ 7, 8, 9, 10 ]
    }, {
      "vertices" : [ 36, 41, 42, 43 ]
    }, {
      "vertices" : [ 24, 46, 47, 45 ]
    }, {
      "vertices" : [ 4, 30, 5 ]
    }, {
      "vertices" : [ 15, 47, 46, 44, 16 ]
    }, {
      "vertices" : [ 15, 50, 58, 47 ]
    }, {
      "vertices" : [ 24, 45, 41, 36, 25 ]
    }, {
      "vertices" : [ 11, 14, 19 ]
    }, {
      "vertices" : [ 3, 6, 39 ]
    }, {
      "vertices" : [ 1, 39, 6, 2 ]
    }, {
      "vertices" : [ 8, 32, 9 ]
    }, {
      "vertices" : [ 11, 12, 13, 14 ]
    }, {
      "vertices" : [ 16, 22, 17 ]
    }, {
      "vertices" : [ 0, 21, 20, 8, 7 ]
    }, {
      "vertices" : [ 12, 34, 13 ]
    }, {
      "vertices" : [ 35, 40, 56, 57 ]
    }, {
      "vertices" : [ 0, 7, 54, 1 ]
    }, {
      "vertices" : [ 15, 16, 17, 18 ]
    }, {
      "vertices" : [ 3, 19, 22, 23, 4 ]
    }, {
      "vertices" : [ 7, 10, 54 ]
    }, {
      "vertices" : [ 41, 45, 58, 55 ]
    }, {
      "vertices" : [ 3, 39, 11, 19 ]
    }, {
      "vertices" : [ 14, 17, 22, 19 ]
    }, {
      "vertices" : [ 0, 2, 53, 21 ]
    }, {
      "vertices" : [ 49, 51, 52, 53 ]
    }, {
      "vertices" : [ 31, 43, 42, 59, 32 ]
    }, {
      "vertices" : [ 15, 18, 50 ]
    }, {
      "vertices" : [ 42, 55, 56, 59 ]
    }, {
      "vertices" : [ 4, 23, 29, 30 ]
    }, {
      "vertices" : [ 25, 38, 26 ]
    }, {
      "vertices" : [ 13, 28, 18, 17, 14 ]
    }, {
      "vertices" : [ 8, 20, 31, 32 ]
    }, {
      "vertices" : [ 23, 44, 29 ]
    }, {
      "vertices" : [ 24, 27, 46 ]
    }, {
      "vertices" : [ 37, 48, 52, 51, 38 ]
    }, {
      "vertices" : [ 20, 48, 31 ]
    }, {
      "vertices" : [ 24, 25, 26, 27 ]
    }, {
      "vertices" : [ 16, 44, 23, 22 ]
    }, {
      "vertices" : [ 13, 34, 35, 28 ]
    }, {
      "vertices" : [ 10, 34, 12, 54 ]
    }, {
      "vertices" : [ 2, 6, 5, 49, 53 ]
    }, {
      "vertices" : [ 36, 43, 37 ]
    }, {
      "vertices" : [ 5, 30, 33, 49 ]
    }, {
      "vertices" : [ 1, 54, 12, 11, 39 ]
    }, {
      "vertices" : [ 28, 35, 57 ]
    }, {
      "vertices" : [ 21, 53, 52 ]
    } ]
  }, {
    "id" : "755e318e-9ff4-4266-a20d-56a7abad2b92",
    "orbit" : "yellow",
    "orbitC" : "[[0,0,1],[2,-1,1]]",
    "length" : "[0,1,1]",
    "name" : "y2",
    "vertices" : [ {
      "x" : 0.809017,
      "y" : 0.0,
      "z" : -0.690983
    }, {
      "x" : 1.0,
      "y" : 0.309017,
      "z" : -0.19098301
    }, {
      "x" : 4.736068,
      "y" : 0.309017,
      "z" : -1.618034
    }, {
      "x" : 4.545085,
      "y" : 0.0,
      "z" : -2.118034
    }, {
      "x" : 10.09017,
      "y" : 0.309017,
      "z" : -4.045085
    }, {
      "x" : 1.0,
      "y" : -0.309017,
      "z" : -0.19098301
    }, {
      "x" : 4.736068,
      "y" : -0.309017,
      "z" : -1.618034
    }, {
      "x" : 6.354102,
      "y" : 0.309017,
      "z" : -2.618034
    }, {
      "x" : 6.545085,
      "y" : 0.0,
      "z" : -2.118034
    }, {
      "x" : 11.09017,
      "y" : 0.0,
      "z" : -4.236068
    }, {
      "x" : 6.354102,
      "y" : -0.309017,
      "z" : -2.618034
    }, {
      "x" : 10.281153,
      "y" : 0.0,
      "z" : -3.545085
    }, {
      "x" : 10.09017,
      "y" : -0.309017,
      "z" : -4.045085
    } ],
    "faces" : [ {
      "vertices" : [ 2, 6, 8 ]
    }, {
      "vertices" : [ 4, 12, 10, 7 ]
    }, {
      "vertices" : [ 2, 8, 7 ]
    }, {
      "vertices" : [ 3, 10, 6 ]
    }, {
      "vertices" : [ 3, 7, 10 ]
    }, {
      "vertices" : [ 0, 1, 2, 3 ]
    }, {
      "vertices" : [ 6, 10, 8 ]
    }, {
      "vertices" : [ 8, 10, 12, 11 ]
    }, {
      "vertices" : [ 2, 7, 3 ]
    }, {
      "vertices" : [ 0, 3, 6, 5 ]
    }, {
      "vertices" : [ 1, 5, 6, 2 ]
    }, {
      "vertices" : [ 4, 7, 8, 11 ]
    } ]
  }, {
    "id" : "3a64e78d-42db-42bc-984c-7aa360cc89b6",
    "orbit" : "red",
    "orbitC" : "[[-1,1,1],[0,0,1]]",
    "length" : "[0,1,1]",
    "name" : "r2",
    "vertices" : [ {
      "x" : 4.736068,
      "y" : 3.045085,
      "z" : 0.309017
    }, {
      "x" : 6.354102,
      "y" : 3.809017,
      "z" : 0.309017
    }, {
      "x" : 6.163119,
      "y" : 4.118034,
      "z" : 0.19098301
    }, {
      "x" : 0.809017,
      "y" : 0.618034,
      "z" : -0.309017
    }, {
      "x" : 0.690983,
      "y" : 0.809017,
      "z" : 0.0
    }, {
      "x" : 4.618034,
      "y" : 3.236068,
      "z" : 0.0
    }, {
      "x" : 4.736068,
      "y" : 3.045085,
      "z" : -0.309017
    }, {
      "x" : 10.281153,
      "y" : 6.236068,
      "z" : 0.309017
    }, {
      "x" : 4.927051,
      "y" : 2.736068,
      "z" : 0.19098301
    }, {
      "x" : 4.927051,
      "y" : 2.736068,
      "z" : -0.19098301
    }, {
      "x" : 6.472136,
      "y" : 3.618034,
      "z" : 0.0
    }, {
      "x" : 6.354102,
      "y" : 3.809017,
      "z" : -0.309017
    }, {
      "x" : 10.399187,
      "y" : 6.045085,
      "z" : 0.0
    }, {
      "x" : 1.0,
      "y" : 0.309017,
      "z" : 0.19098301
    }, {
      "x" : 1.0,
      "y" : 0.309017,
      "z" : -0.19098301
    }, {
      "x" : 0.809017,
      "y" : 0.618034,
      "z" : 0.309017
    }, {
      "x" : 10.09017,
      "y" : 6.545085,
      "z" : 0.19098301
    }, {
      "x" : 10.281153,
      "y" : 6.236068,
      "z" : -0.309017
    }, {
      "x" : 10.09017,
      "y" : 6.545085,
      "z" : -0.19098301
    }, {
      "x" : 11.09017,
      "y" : 6.854102,
      "z" : 0.0
    }, {
      "x" : 6.163119,
      "y" : 4.118034,
      "z" : -0.19098301
    } ],
    "faces" : [ {
      "vertices" : [ 3, 6, 9, 14 ]
    }, {
      "vertices" : [ 11, 20, 18, 17 ]
    }, {
      "vertices" : [ 0, 1, 2 ]
    }, {
      "vertices" : [ 0, 15, 13, 8 ]
    }, {
      "vertices" : [ 6, 20, 11 ]
    }, {
      "vertices" : [ 0, 2, 5 ]
    }, {
      "vertices" : [ 0, 8, 1 ]
    }, {
      "vertices" : [ 8, 13, 14, 9 ]
    }, {
      "vertices" : [ 3, 4, 5, 6 ]
    }, {
      "vertices" : [ 10, 11, 17, 12 ]
    }, {
      "vertices" : [ 1, 8, 10 ]
    }, {
      "vertices" : [ 0, 5, 4, 15 ]
    }, {
      "vertices" : [ 2, 16, 18, 20 ]
    }, {
      "vertices" : [ 1, 7, 16, 2 ]
    }, {
      "vertices" : [ 6, 11, 9 ]
    }, {
      "vertices" : [ 8, 9, 10 ]
    }, {
      "vertices" : [ 2, 20, 5 ]
    }, {
      "vertices" : [ 9, 11, 10 ]
    }, {
      "vertices" : [ 1, 10, 12, 7 ]
    }, {
      "vertices" : [ 5, 20, 6 ]
    } ]
  }, {
    "id" : "cc26e1d0-7f9d-4d62-9598-5ebc3bff7795",
    "orbit" : "blue",
    "orbitC" : "[[0,0,1],[0,0,1]]",
    "length" : "[0,1,1]",
    "name" : "b2",
    "vertices" : [ {
      "x" : 12.708204,
      "y" : 0.309017,
      "z" : 0.19098301
    }, {
      "x" : 12.708204,
      "y" : 0.309017,
      "z" : -0.19098301
    }, {
      "x" : 1.0,
      "y" : 0.309017,
      "z" : -0.19098301
    }, {
      "x" : 1.0,
      "y" : 0.309017,
      "z" : 0.19098301
    }, {
      "x" : 12.708204,
      "y" : -0.309017,
      "z" : 0.19098301
    }, {
      "x" : 1.0,
      "y" : -0.309017,
      "z" : 0.19098301
    }, {
      "x" : 1.0,
      "y" : -0.309017,
      "z" : -0.19098301
    }, {
      "x" : 12.708204,
      "y" : -0.309017,
      "z" : -0.19098301
    }, {
      "x" : 13.708204,
      "y" : 0.0,
      "z" : 0.0
    } ],
    "faces" : [ {
      "vertices" : [ 1, 7, 6, 2 ]
    }, {
      "vertices" : [ 0, 1, 2, 3 ]
    }, {
      "vertices" : [ 4, 5, 6, 7 ]
    }, {
      "vertices" : [ 0, 3, 5, 4 ]
    } ]
  }, {
    "id" : "f0b90d9d-6f82-404c-ab1a-b2c7ce40c7f4",
    "orbit" : "red",
    "orbitC" : "[[-1,1,1],[0,0,1]]",
    "length" : "[1,0,1]",
    "name" : "r1",
    "vertices" : [ {
      "x" : 2.618034,
      "y" : 1.736068,
      "z" : 0.309017
    }, {
      "x" : 4.236068,
      "y" : 2.5,
      "z" : 0.309017
    }, {
      "x" : 4.045085,
      "y" : 2.809017,
      "z" : 0.19098301
    }, {
      "x" : 0.809017,
      "y" : 0.618034,
      "z" : -0.309017
    }, {
      "x" : 0.690983,
      "y" : 0.809017,
      "z" : 0.0
    }, {
      "x" : 2.5,
      "y" : 1.927051,
      "z" : 0.0
    }, {
      "x" : 2.618034,
      "y" : 1.736068,
      "z" : -0.309017
    }, {
      "x" : 6.045085,
      "y" : 3.618034,
      "z" : 0.309017
    }, {
      "x" : 2.809017,
      "y" : 1.427051,
      "z" : 0.19098301
    }, {
      "x" : 2.809017,
      "y" : 1.427051,
      "z" : -0.19098301
    }, {
      "x" : 4.354102,
      "y" : 2.309017,
      "z" : 0.0
    }, {
      "x" : 4.236068,
      "y" : 2.5,
      "z" : -0.309017
    }, {
      "x" : 6.163119,
      "y" : 3.427051,
      "z" : 0.0
    }, {
      "x" : 1.0,
      "y" : 0.309017,
      "z" : 0.19098301
    }, {
      "x" : 1.0,
      "y" : 0.309017,
      "z" : -0.19098301
    }, {
      "x" : 0.809017,
      "y" : 0.618034,
      "z" : 0.309017
    }, {
      "x" : 5.854102,
      "y" : 3.927051,
      "z" : 0.19098301
    }, {
      "x" : 6.045085,
      "y" : 3.618034,
      "z" : -0.309017
    }, {
      "x" : 5.854102,
      "y" : 3.927051,
      "z" : -0.19098301
    }, {
      "x" : 6.854102,
      "y" : 4.236068,
      "z" : 0.0
    }, {
      "x" : 4.045085,
      "y" : 2.809017,
      "z" : -0.19098301
    } ],
    "faces" : [ {
      "vertices" : [ 3, 6, 9, 14 ]
    }, {
      "vertices" : [ 11, 20, 18, 17 ]
    }, {
      "vertices" : [ 0, 1, 2 ]
    }, {
      "vertices" : [ 0, 15, 13, 8 ]
    }, {
      "vertices" : [ 6, 20, 11 ]
    }, {
      "vertices" : [ 0, 2, 5 ]
    }, {
      "vertices" : [ 0, 8, 1 ]
    }, {
      "vertices" : [ 8, 13, 14, 9 ]
    }, {
      "vertices" : [ 3, 4, 5, 6 ]
    }, {
      "vertices" : [ 10, 11, 17, 12 ]
    }, {
      "vertices" : [ 1, 8, 10 ]
    }, {
      "vertices" : [ 0, 5, 4, 15 ]
    }, {
      "vertices" : [ 2, 16, 18, 20 ]
    }, {
      "vertices" : [ 1, 7, 16, 2 ]
    }, {
      "vertices" : [ 6, 11, 9 ]
    }, {
      "vertices" : [ 8, 9, 10 ]
    }, {
      "vertices" : [ 2, 20, 5 ]
    }, {
      "vertices" : [ 9, 11, 10 ]
    }, {
      "vertices" : [ 1, 10, 12, 7 ]
    }, {
      "vertices" : [ 5, 20, 6 ]
    } ]
  }, {
    "id" : "a0e8e355-57dd-45de-af3c-be00ab8550bd",
    "orbit" : "yellow",
    "orbitC" : "[[0,0,1],[2,-1,1]]",
    "length" : "[1,1,2]",
    "name" : " :1/2 +1/2*phi",
    "vertices" : [ {
      "x" : 0.809017,
      "y" : 0.0,
      "z" : -0.690983
    }, {
      "x" : 1.0,
      "y" : 0.309017,
      "z" : -0.19098301
    }, {
      "x" : 3.677051,
      "y" : 0.309017,
      "z" : -1.2135255
    }, {
      "x" : 3.486068,
      "y" : 0.0,
      "z" : -1.7135255
    }, {
      "x" : 7.972136,
      "y" : 0.309017,
      "z" : -3.236068
    }, {
      "x" : 1.0,
      "y" : -0.309017,
      "z" : -0.19098301
    }, {
      "x" : 3.677051,
      "y" : -0.309017,
      "z" : -1.2135255
    }, {
      "x" : 5.295085,
      "y" : 0.309017,
      "z" : -2.2135255
    }, {
      "x" : 5.486068,
      "y" : 0.0,
      "z" : -1.7135255
    }, {
      "x" : 8.972136,
      "y" : 0.0,
      "z" : -3.427051
    }, {
      "x" : 5.295085,
      "y" : -0.309017,
      "z" : -2.2135255
    }, {
      "x" : 8.163119,
      "y" : 0.0,
      "z" : -2.736068
    }, {
      "x" : 7.972136,
      "y" : -0.309017,
      "z" : -3.236068
    } ],
    "faces" : [ {
      "vertices" : [ 2, 6, 8 ]
    }, {
      "vertices" : [ 4, 12, 10, 7 ]
    }, {
      "vertices" : [ 2, 8, 7 ]
    }, {
      "vertices" : [ 3, 10, 6 ]
    }, {
      "vertices" : [ 3, 7, 10 ]
    }, {
      "vertices" : [ 0, 1, 2, 3 ]
    }, {
      "vertices" : [ 6, 10, 8 ]
    }, {
      "vertices" : [ 8, 10, 12, 11 ]
    }, {
      "vertices" : [ 2, 7, 3 ]
    }, {
      "vertices" : [ 0, 3, 6, 5 ]
    }, {
      "vertices" : [ 1, 5, 6, 2 ]
    }, {
      "vertices" : [ 4, 7, 8, 11 ]
    } ]
  } ],
  "instances" : [ {
    "shape" : "5b23f784-d79e-4127-a2c4-3f6b75d50845",
    "color" : "#647100",
    "position" : {
      "x" : 33.77051,
      "y" : -4.736068,
      "z" : 24.298374
    },
    "orientation" : 30
  }, {
    "shape" : "5b23f784-d79e-4127-a2c4-3f6b75d50845",
    "color" : "#647100",
    "position" : {
      "x" : 32.461494,
      "y" : 3.427051,
      "z" : 27.225426
    },
    "orientation" : 17
  }, {
    "shape" : "a9f4d986-8ae6-4425-a815-b7f40b0cc44d",
    "color" : "#F2F2F2",
    "position" : {
      "x" : -12.899187,
      "y" : -32.461494,
      "z" : -27.225426
    }
  }, {
    "shape" : "755e318e-9ff4-4266-a20d-56a7abad2b92",
    "color" : "#FFB31A",
    "position" : {
      "x" : 28.534441,
      "y" : -33.77051,
      "z" : -2.118034
    },
    "orientation" : 17
  }, {
    "shape" : "755e318e-9ff4-4266-a20d-56a7abad2b92",
    "color" : "#FFB31A",
    "position" : {
      "x" : -10.281153,
      "y" : 25.607391,
      "z" : -28.225426
    },
    "orientation" : 8
  }, {
    "shape" : "5b23f784-d79e-4127-a2c4-3f6b75d50845",
    "color" : "#647100",
    "position" : {
      "x" : 28.534441,
      "y" : -13.208204,
      "z" : 10.59017
    },
    "orientation" : 17
  }, {
    "shape" : "3a64e78d-42db-42bc-984c-7aa360cc89b6",
    "color" : "#D91218",
    "position" : {
      "x" : 13.208204,
      "y" : -10.59017,
      "z" : 28.534441
    },
    "orientation" : 45
  }, {
    "shape" : "5b23f784-d79e-4127-a2c4-3f6b75d50845",
    "color" : "#647100",
    "position" : {
      "x" : -28.534441,
      "y" : 33.77051,
      "z" : 2.118034
    },
    "orientation" : 30
  }, {
    "shape" : "a9f4d986-8ae6-4425-a815-b7f40b0cc44d",
    "color" : "#F2F2F2",
    "position" : {
      "x" : -40.933628,
      "y" : 17.135256,
      "z" : -0.809017
    }
  }, {
    "shape" : "a9f4d986-8ae6-4425-a815-b7f40b0cc44d",
    "color" : "#F2F2F2",
    "position" : {
      "x" : 27.225426,
      "y" : -12.899187,
      "z" : -32.461494
    }
  }, {
    "shape" : "cc26e1d0-7f9d-4d62-9598-5ebc3bff7795",
    "color" : "#008EC2",
    "position" : {
      "x" : 13.208204,
      "y" : -38.006577,
      "z" : 11.59017
    },
    "orientation" : 23
  }, {
    "shape" : "a9f4d986-8ae6-4425-a815-b7f40b0cc44d",
    "color" : "#F2F2F2",
    "position" : {
      "x" : -34.079525,
      "y" : 28.225426,
      "z" : 3.427051
    }
  }, {
    "shape" : "5b23f784-d79e-4127-a2c4-3f6b75d50845",
    "color" : "#647100",
    "position" : {
      "x" : 0.809017,
      "y" : 25.607391,
      "z" : -23.989357
    },
    "orientation" : 17
  }, {
    "shape" : "3a64e78d-42db-42bc-984c-7aa360cc89b6",
    "color" : "#D91218",
    "position" : {
      "x" : -10.59017,
      "y" : 42.242645,
      "z" : -4.736068
    },
    "orientation" : 2
  }, {
    "shape" : "f0b90d9d-6f82-404c-ab1a-b2c7ce40c7f4",
    "color" : "#D91218",
    "position" : {
      "x" : 14.826238,
      "y" : -11.59017,
      "z" : -38.006577
    },
    "orientation" : 0
  }, {
    "shape" : "f0b90d9d-6f82-404c-ab1a-b2c7ce40c7f4",
    "color" : "#D91218",
    "position" : {
      "x" : 27.225426,
      "y" : -32.461494,
      "z" : -3.427051
    },
    "orientation" : 0
  }, {
    "shape" : "f0b90d9d-6f82-404c-ab1a-b2c7ce40c7f4",
    "color" : "#D91218",
    "position" : {
      "x" : 11.59017,
      "y" : -6.354102,
      "z" : 42.242645
    },
    "orientation" : 30
  }, {
    "shape" : "cc26e1d0-7f9d-4d62-9598-5ebc3bff7795",
    "color" : "#008EC2",
    "position" : {
      "x" : 14.826238,
      "y" : -24.298374,
      "z" : -4.736068
    },
    "orientation" : 41
  }, {
    "shape" : "a9f4d986-8ae6-4425-a815-b7f40b0cc44d",
    "color" : "#F2F2F2",
    "position" : {
      "x" : 24.298374,
      "y" : -6.354102,
      "z" : 21.68034
    }
  }, {
    "shape" : "755e318e-9ff4-4266-a20d-56a7abad2b92",
    "color" : "#FFB31A",
    "position" : {
      "x" : -3.736068,
      "y" : 42.242645,
      "z" : 6.354102
    },
    "orientation" : 8
  }, {
    "shape" : "cc26e1d0-7f9d-4d62-9598-5ebc3bff7795",
    "color" : "#008EC2",
    "position" : {
      "x" : 5.045085,
      "y" : 10.281153,
      "z" : -12.899187
    },
    "orientation" : 7
  }, {
    "shape" : "a9f4d986-8ae6-4425-a815-b7f40b0cc44d",
    "color" : "#F2F2F2",
    "position" : {
      "x" : 28.534441,
      "y" : 10.59017,
      "z" : -29.534441
    }
  }, {
    "shape" : "f0b90d9d-6f82-404c-ab1a-b2c7ce40c7f4",
    "color" : "#D91218",
    "position" : {
      "x" : 28.534441,
      "y" : 3.736068,
      "z" : -33.77051
    },
    "orientation" : 1
  }, {
    "shape" : "755e318e-9ff4-4266-a20d-56a7abad2b92",
    "color" : "#FFB31A",
    "position" : {
      "x" : 11.59017,
      "y" : 42.242645,
      "z" : 3.736068
    },
    "orientation" : 2
  }, {
    "shape" : "cc26e1d0-7f9d-4d62-9598-5ebc3bff7795",
    "color" : "#008EC2",
    "position" : {
      "x" : 34.079525,
      "y" : -1.809017,
      "z" : -28.225426
    },
    "orientation" : 36
  }, {
    "shape" : "755e318e-9ff4-4266-a20d-56a7abad2b92",
    "color" : "#FFB31A",
    "position" : {
      "x" : -6.354102,
      "y" : -3.736068,
      "z" : 42.242645
    },
    "orientation" : 1
  }, {
    "shape" : "3a64e78d-42db-42bc-984c-7aa360cc89b6",
    "color" : "#D91218",
    "position" : {
      "x" : 38.006577,
      "y" : 2.118034,
      "z" : 21.68034
    },
    "orientation" : 46
  }, {
    "shape" : "5b23f784-d79e-4127-a2c4-3f6b75d50845",
    "color" : "#647100",
    "position" : {
      "x" : -2.118034,
      "y" : 33.77051,
      "z" : 3.736068
    },
    "orientation" : 28
  }, {
    "shape" : "cc26e1d0-7f9d-4d62-9598-5ebc3bff7795",
    "color" : "#008EC2",
    "position" : {
      "x" : 7.354102,
      "y" : 38.006577,
      "z" : 21.68034
    },
    "orientation" : 41
  }, {
    "shape" : "3a64e78d-42db-42bc-984c-7aa360cc89b6",
    "color" : "#D91218",
    "position" : {
      "x" : -14.5172205,
      "y" : -34.079525,
      "z" : 23.989357
    },
    "orientation" : 45
  }, {
    "shape" : "cc26e1d0-7f9d-4d62-9598-5ebc3bff7795",
    "color" : "#008EC2",
    "position" : {
      "x" : 2.118034,
      "y" : -3.736068,
      "z" : 28.534441
    },
    "orientation" : 36
  }, {
    "shape" : "5b23f784-d79e-4127-a2c4-3f6b75d50845",
    "color" : "#647100",
    "position" : {
      "x" : -28.225426,
      "y" : 10.281153,
      "z" : -25.607391
    },
    "orientation" : 30
  }, {
    "shape" : "3a64e78d-42db-42bc-984c-7aa360cc89b6",
    "color" : "#D91218",
    "position" : {
      "x" : -28.534441,
      "y" : 29.534441,
      "z" : 13.208204
    },
    "orientation" : 2
  }, {
    "shape" : "a9f4d986-8ae6-4425-a815-b7f40b0cc44d",
    "color" : "#F2F2F2",
    "position" : {
      "x" : 0.809017,
      "y" : 17.135256,
      "z" : -1.809017
    }
  }, {
    "shape" : "5b23f784-d79e-4127-a2c4-3f6b75d50845",
    "color" : "#647100",
    "position" : {
      "x" : 1.809017,
      "y" : 17.135256,
      "z" : 40.933628
    },
    "orientation" : 30
  }, {
    "shape" : "cc26e1d0-7f9d-4d62-9598-5ebc3bff7795",
    "color" : "#008EC2",
    "position" : {
      "x" : -14.5172205,
      "y" : 23.989357,
      "z" : 5.045085
    },
    "orientation" : 23
  }, {
    "shape" : "755e318e-9ff4-4266-a20d-56a7abad2b92",
    "color" : "#FFB31A",
    "position" : {
      "x" : 20.371323,
      "y" : -14.5172205,
      "z" : -17.135256
    },
    "orientation" : 17
  }, {
    "shape" : "f0b90d9d-6f82-404c-ab1a-b2c7ce40c7f4",
    "color" : "#D91218",
    "position" : {
      "x" : 17.135256,
      "y" : -0.809017,
      "z" : 40.933628
    },
    "orientation" : 30
  }, {
    "shape" : "3a64e78d-42db-42bc-984c-7aa360cc89b6",
    "color" : "#D91218",
    "position" : {
      "x" : 4.736068,
      "y" : -10.59017,
      "z" : 42.242645
    },
    "orientation" : 45
  }, {
    "shape" : "a9f4d986-8ae6-4425-a815-b7f40b0cc44d",
    "color" : "#F2F2F2",
    "position" : {
      "x" : 4.736068,
      "y" : -10.59017,
      "z" : 42.242645
    }
  }, {
    "shape" : "a9f4d986-8ae6-4425-a815-b7f40b0cc44d",
    "color" : "#F2F2F2",
    "position" : {
      "x" : 33.77051,
      "y" : 2.118034,
      "z" : 28.534441
    }
  }, {
    "shape" : "3a64e78d-42db-42bc-984c-7aa360cc89b6",
    "color" : "#D91218",
    "position" : {
      "x" : -34.079525,
      "y" : 23.989357,
      "z" : 14.5172205
    },
    "orientation" : 2
  }, {
    "shape" : "a9f4d986-8ae6-4425-a815-b7f40b0cc44d",
    "color" : "#F2F2F2",
    "position" : {
      "x" : -13.208204,
      "y" : 29.534441,
      "z" : 10.59017
    }
  }, {
    "shape" : "a9f4d986-8ae6-4425-a815-b7f40b0cc44d",
    "color" : "#F2F2F2",
    "position" : {
      "x" : 27.225426,
      "y" : -25.607391,
      "z" : 0.809017
    }
  }, {
    "shape" : "cc26e1d0-7f9d-4d62-9598-5ebc3bff7795",
    "color" : "#008EC2",
    "position" : {
      "x" : 3.736068,
      "y" : -42.242645,
      "z" : -6.354102
    },
    "orientation" : 23
  }, {
    "shape" : "a9f4d986-8ae6-4425-a815-b7f40b0cc44d",
    "color" : "#F2F2F2",
    "position" : {
      "x" : 3.736068,
      "y" : -28.534441,
      "z" : 2.118034
    }
  }, {
    "shape" : "f0b90d9d-6f82-404c-ab1a-b2c7ce40c7f4",
    "color" : "#D91218",
    "position" : {
      "x" : 11.59017,
      "y" : 38.006577,
      "z" : 14.826238
    },
    "orientation" : 30
  }, {
    "shape" : "cc26e1d0-7f9d-4d62-9598-5ebc3bff7795",
    "color" : "#008EC2",
    "position" : {
      "x" : -12.899187,
      "y" : -32.461494,
      "z" : -27.225426
    },
    "orientation" : 23
  }, {
    "shape" : "755e318e-9ff4-4266-a20d-56a7abad2b92",
    "color" : "#FFB31A",
    "position" : {
      "x" : -38.006577,
      "y" : -13.208204,
      "z" : -14.826238
    },
    "orientation" : 21
  }, {
    "shape" : "cc26e1d0-7f9d-4d62-9598-5ebc3bff7795",
    "color" : "#008EC2",
    "position" : {
      "x" : -23.989357,
      "y" : -27.225426,
      "z" : -0.809017
    },
    "orientation" : 7
  }, {
    "shape" : "3a64e78d-42db-42bc-984c-7aa360cc89b6",
    "color" : "#D91218",
    "position" : {
      "x" : 17.135256,
      "y" : 40.933628,
      "z" : -1.809017
    },
    "orientation" : 15
  }, {
    "shape" : "5b23f784-d79e-4127-a2c4-3f6b75d50845",
    "color" : "#647100",
    "position" : {
      "x" : 0.809017,
      "y" : -40.933628,
      "z" : 17.135256
    },
    "orientation" : 17
  }, {
    "shape" : "a9f4d986-8ae6-4425-a815-b7f40b0cc44d",
    "color" : "#F2F2F2",
    "position" : {
      "x" : -7.354102,
      "y" : -21.68034,
      "z" : 2.118034
    }
  }, {
    "shape" : "cc26e1d0-7f9d-4d62-9598-5ebc3bff7795",
    "color" : "#008EC2",
    "position" : {
      "x" : 24.298374,
      "y" : -6.354102,
      "z" : 21.68034
    },
    "orientation" : 41
  }, {
    "shape" : "3a64e78d-42db-42bc-984c-7aa360cc89b6",
    "color" : "#D91218",
    "position" : {
      "x" : 21.68034,
      "y" : -38.006577,
      "z" : -2.118034
    },
    "orientation" : 47
  }, {
    "shape" : "a9f4d986-8ae6-4425-a815-b7f40b0cc44d",
    "color" : "#F2F2F2",
    "position" : {
      "x" : 6.354102,
      "y" : 3.736068,
      "z" : -42.242645
    }
  }, {
    "shape" : "3a64e78d-42db-42bc-984c-7aa360cc89b6",
    "color" : "#D91218",
    "position" : {
      "x" : 14.5172205,
      "y" : 34.079525,
      "z" : -23.989357
    },
    "orientation" : 15
  }, {
    "shape" : "a9f4d986-8ae6-4425-a815-b7f40b0cc44d",
    "color" : "#F2F2F2",
    "position" : {
      "x" : -0.809017,
      "y" : 1.809017,
      "z" : 40.933628
    }
  }, {
    "shape" : "3a64e78d-42db-42bc-984c-7aa360cc89b6",
    "color" : "#D91218",
    "position" : {
      "x" : 3.736068,
      "y" : -28.534441,
      "z" : 2.118034
    },
    "orientation" : 45
  }, {
    "shape" : "a9f4d986-8ae6-4425-a815-b7f40b0cc44d",
    "color" : "#F2F2F2",
    "position" : {
      "x" : -29.534441,
      "y" : -28.534441,
      "z" : -10.59017
    }
  }, {
    "shape" : "5b23f784-d79e-4127-a2c4-3f6b75d50845",
    "color" : "#647100",
    "position" : {
      "x" : -0.809017,
      "y" : 1.809017,
      "z" : 40.933628
    },
    "orientation" : 30
  }, {
    "shape" : "a9f4d986-8ae6-4425-a815-b7f40b0cc44d",
    "color" : "#F2F2F2",
    "position" : {
      "x" : 42.242645,
      "y" : -11.59017,
      "z" : 6.354102
    }
  }, {
    "shape" : "5b23f784-d79e-4127-a2c4-3f6b75d50845",
    "color" : "#647100",
    "position" : {
      "x" : -29.534441,
      "y" : -13.208204,
      "z" : -28.534441
    },
    "orientation" : 17
  }, {
    "shape" : "a0e8e355-57dd-45de-af3c-be00ab8550bd",
