{
  "field" : "golden",
  "symmetry" : "icosahedral",
  "orientations" : [ [ 1.0, 0.0, 0.0, 0.0, 0.0, 1.0, 0.0, 0.0, 0.0, 0.0, 1.0, 0.0, 0.0, 0.0, 0.0, 1.0 ], [ 0.0, 0.0, 1.0, 0.0, 1.0, 0.0, 0.0, 0.0, 0.0, 1.0, 0.0, 0.0, 0.0, 0.0, 0.0, 1.0 ], [ 0.0, 1.0, 0.0, 0.0, 0.0, 0.0, 1.0, 0.0, 1.0, 0.0, 0.0, 0.0, 0.0, 0.0, 0.0, 1.0 ], [ 0.809017, 0.309017, 0.5, 0.0, 0.309017, 0.5, -0.809017, 0.0, -0.5, 0.809017, 0.309017, 0.0, 0.0, 0.0, 0.0, 1.0 ], [ -0.5, 0.809017, 0.309017, 0.0, 0.809017, 0.309017, 0.5, 0.0, 0.309017, 0.5, -0.809017, 0.0, 0.0, 0.0, 0.0, 1.0 ], [ 0.309017, 0.5, -0.809017, 0.0, -0.5, 0.809017, 0.309017, 0.0, 0.809017, 0.309017, 0.5, 0.0, 0.0, 0.0, 0.0, 1.0 ], [ 0.5, 0.809017, 0.309017, 0.0, 0.809017, -0.309017, -0.5, 0.0, -0.309017, 0.5, -0.809017, 0.0, 0.0, 0.0, 0.0, 1.0 ], [ -0.309017, 0.5, -0.809017, 0.0, 0.5, 0.809017, 0.309017, 0.0, 0.809017, -0.309017, -0.5, 0.0, 0.0, 0.0, 0.0, 1.0 ], [ 0.809017, -0.309017, -0.5, 0.0, -0.309017, 0.5, -0.809017, 0.0, 0.5, 0.809017, 0.309017, 0.0, 0.0, 0.0, 0.0, 1.0 ], [ 0.5, 0.809017, -0.309017, 0.0, 0.809017, -0.309017, 0.5, 0.0, 0.309017, -0.5, -0.809017, 0.0, 0.0, 0.0, 0.0, 1.0 ], [ 0.309017, -0.5, -0.809017, 0.0, 0.5, 0.809017, -0.309017, 0.0, 0.809017, -0.309017, 0.5, 0.0, 0.0, 0.0, 0.0, 1.0 ], [ 0.809017, -0.309017, 0.5, 0.0, 0.309017, -0.5, -0.809017, 0.0, 0.5, 0.809017, -0.309017, 0.0, 0.0, 0.0, 0.0, 1.0 ], [ 0.809017, 0.309017, -0.5, 0.0, 0.309017, 0.5, 0.809017, 0.0, 0.5, -0.809017, 0.309017, 0.0, 0.0, 0.0, 0.0, 1.0 ], [ 0.5, -0.809017, 0.309017, 0.0, 0.809017, 0.309017, -0.5, 0.0, 0.309017, 0.5, 0.809017, 0.0, 0.0, 0.0, 0.0, 1.0 ], [ 0.309017, 0.5, 0.809017, 0.0, 0.5, -0.809017, 0.309017, 0.0, 0.809017, 0.309017, -0.5, 0.0, 0.0, 0.0, 0.0, 1.0 ], [ 1.0, 0.0, 0.0, 0.0, 0.0, -1.0, 0.0, 0.0, 0.0, 0.0, -1.0, 0.0, 0.0, 0.0, 0.0, 1.0 ], [ 0.0, 0.0, 1.0, 0.0, -1.0, 0.0, 0.0, 0.0, 0.0, -1.0, 0.0, 0.0, 0.0, 0.0, 0.0, 1.0 ], [ 0.0, 1.0, 0.0, 0.0, 0.0, 0.0, -1.0, 0.0, -1.0, 0.0, 0.0, 0.0, 0.0, 0.0, 0.0, 1.0 ], [ 0.809017, 0.309017, 0.5, 0.0, -0.309017, -0.5, 0.809017, 0.0, 0.5, -0.809017, -0.309017, 0.0, 0.0, 0.0, 0.0, 1.0 ], [ -0.5, 0.809017, 0.309017, 0.0, -0.809017, -0.309017, -0.5, 0.0, -0.309017, -0.5, 0.809017, 0.0, 0.0, 0.0, 0.0, 1.0 ], [ 0.309017, 0.5, -0.809017, 0.0, 0.5, -0.809017, -0.309017, 0.0, -0.809017, -0.309017, -0.5, 0.0, 0.0, 0.0, 0.0, 1.0 ], [ 0.5, 0.809017, 0.309017, 0.0, -0.809017, 0.309017, 0.5, 0.0, 0.309017, -0.5, 0.809017, 0.0, 0.0, 0.0, 0.0, 1.0 ], [ -0.309017, 0.5, -0.809017, 0.0, -0.5, -0.809017, -0.309017, 0.0, -0.809017, 0.309017, 0.5, 0.0, 0.0, 0.0, 0.0, 1.0 ], [ 0.809017, -0.309017, -0.5, 0.0, 0.309017, -0.5, 0.809017, 0.0, -0.5, -0.809017, -0.309017, 0.0, 0.0, 0.0, 0.0, 1.0 ], [ 0.5, 0.809017, -0.309017, 0.0, -0.809017, 0.309017, -0.5, 0.0, -0.309017, 0.5, 0.809017, 0.0, 0.0, 0.0, 0.0, 1.0 ], [ 0.309017, -0.5, -0.809017, 0.0, -0.5, -0.809017, 0.309017, 0.0, -0.809017, 0.309017, -0.5, 0.0, 0.0, 0.0, 0.0, 1.0 ], [ 0.809017, -0.309017, 0.5, 0.0, -0.309017, 0.5, 0.809017, 0.0, -0.5, -0.809017, 0.309017, 0.0, 0.0, 0.0, 0.0, 1.0 ], [ 0.809017, 0.309017, -0.5, 0.0, -0.309017, -0.5, -0.809017, 0.0, -0.5, 0.809017, -0.309017, 0.0, 0.0, 0.0, 0.0, 1.0 ], [ 0.5, -0.809017, 0.309017, 0.0, -0.809017, -0.309017, 0.5, 0.0, -0.309017, -0.5, -0.809017, 0.0, 0.0, 0.0, 0.0, 1.0 ], [ 0.309017, 0.5, 0.809017, 0.0, -0.5, 0.809017, -0.309017, 0.0, -0.809017, -0.309017, 0.5, 0.0, 0.0, 0.0, 0.0, 1.0 ], [ -1.0, 0.0, 0.0, 0.0, 0.0, -1.0, 0.0, 0.0, 0.0, 0.0, 1.0, 0.0, 0.0, 0.0, 0.0, 1.0 ], [ 0.0, 0.0, -1.0, 0.0, -1.0, 0.0, 0.0, 0.0, 0.0, 1.0, 0.0, 0.0, 0.0, 0.0, 0.0, 1.0 ], [ 0.0, -1.0, 0.0, 0.0, 0.0, 0.0, -1.0, 0.0, 1.0, 0.0, 0.0, 0.0, 0.0, 0.0, 0.0, 1.0 ], [ -0.809017, -0.309017, -0.5, 0.0, -0.309017, -0.5, 0.809017, 0.0, -0.5, 0.809017, 0.309017, 0.0, 0.0, 0.0, 0.0, 1.0 ], [ 0.5, -0.809017, -0.309017, 0.0, -0.809017, -0.309017, -0.5, 0.0, 0.309017, 0.5, -0.809017, 0.0, 0.0, 0.0, 0.0, 1.0 ], [ -0.309017, -0.5, 0.809017, 0.0, 0.5, -0.809017, -0.309017, 0.0, 0.809017, 0.309017, 0.5, 0.0, 0.0, 0.0, 0.0, 1.0 ], [ -0.5, -0.809017, -0.309017, 0.0, -0.809017, 0.309017, 0.5, 0.0, -0.309017, 0.5, -0.809017, 0.0, 0.0, 0.0, 0.0, 1.0 ], [ 0.309017, -0.5, 0.809017, 0.0, -0.5, -0.809017, -0.309017, 0.0, 0.809017, -0.309017, -0.5, 0.0, 0.0, 0.0, 0.0, 1.0 ], [ -0.809017, 0.309017, 0.5, 0.0, 0.309017, -0.5, 0.809017, 0.0, 0.5, 0.809017, 0.309017, 0.0, 0.0, 0.0, 0.0, 1.0 ], [ -0.5, -0.809017, 0.309017, 0.0, -0.809017, 0.309017, -0.5, 0.0, 0.309017, -0.5, -0.809017, 0.0, 0.0, 0.0, 0.0, 1.0 ], [ -0.309017, 0.5, 0.809017, 0.0, -0.5, -0.809017, 0.309017, 0.0, 0.809017, -0.309017, 0.5, 0.0, 0.0, 0.0, 0.0, 1.0 ], [ -0.809017, 0.309017, -0.5, 0.0, -0.309017, 0.5, 0.809017, 0.0, 0.5, 0.809017, -0.309017, 0.0, 0.0, 0.0, 0.0, 1.0 ], [ -0.809017, -0.309017, 0.5, 0.0, -0.309017, -0.5, -0.809017, 0.0, 0.5, -0.809017, 0.309017, 0.0, 0.0, 0.0, 0.0, 1.0 ], [ -0.5, 0.809017, -0.309017, 0.0, -0.809017, -0.309017, 0.5, 0.0, 0.309017, 0.5, 0.809017, 0.0, 0.0, 0.0, 0.0, 1.0 ], [ -0.309017, -0.5, -0.809017, 0.0, -0.5, 0.809017, -0.309017, 0.0, 0.809017, 0.309017, -0.5, 0.0, 0.0, 0.0, 0.0, 1.0 ], [ -1.0, 0.0, 0.0, 0.0, 0.0, 1.0, 0.0, 0.0, 0.0, 0.0, -1.0, 0.0, 0.0, 0.0, 0.0, 1.0 ], [ 0.0, 0.0, -1.0, 0.0, 1.0, 0.0, 0.0, 0.0, 0.0, -1.0, 0.0, 0.0, 0.0, 0.0, 0.0, 1.0 ], [ 0.0, -1.0, 0.0, 0.0, 0.0, 0.0, 1.0, 0.0, -1.0, 0.0, 0.0, 0.0, 0.0, 0.0, 0.0, 1.0 ], [ -0.809017, -0.309017, -0.5, 0.0, 0.309017, 0.5, -0.809017, 0.0, 0.5, -0.809017, -0.309017, 0.0, 0.0, 0.0, 0.0, 1.0 ], [ 0.5, -0.809017, -0.309017, 0.0, 0.809017, 0.309017, 0.5, 0.0, -0.309017, -0.5, 0.809017, 0.0, 0.0, 0.0, 0.0, 1.0 ], [ -0.309017, -0.5, 0.809017, 0.0, -0.5, 0.809017, 0.309017, 0.0, -0.809017, -0.309017, -0.5, 0.0, 0.0, 0.0, 0.0, 1.0 ], [ -0.5, -0.809017, -0.309017, 0.0, 0.809017, -0.309017, -0.5, 0.0, 0.309017, -0.5, 0.809017, 0.0, 0.0, 0.0, 0.0, 1.0 ], [ 0.309017, -0.5, 0.809017, 0.0, 0.5, 0.809017, 0.309017, 0.0, -0.809017, 0.309017, 0.5, 0.0, 0.0, 0.0, 0.0, 1.0 ], [ -0.809017, 0.309017, 0.5, 0.0, -0.309017, 0.5, -0.809017, 0.0, -0.5, -0.809017, -0.309017, 0.0, 0.0, 0.0, 0.0, 1.0 ], [ -0.5, -0.809017, 0.309017, 0.0, 0.809017, -0.309017, 0.5, 0.0, -0.309017, 0.5, 0.809017, 0.0, 0.0, 0.0, 0.0, 1.0 ], [ -0.309017, 0.5, 0.809017, 0.0, 0.5, 0.809017, -0.309017, 0.0, -0.809017, 0.309017, -0.5, 0.0, 0.0, 0.0, 0.0, 1.0 ], [ -0.809017, 0.309017, -0.5, 0.0, 0.309017, -0.5, -0.809017, 0.0, -0.5, -0.809017, 0.309017, 0.0, 0.0, 0.0, 0.0, 1.0 ], [ -0.809017, -0.309017, 0.5, 0.0, 0.309017, 0.5, 0.809017, 0.0, -0.5, 0.809017, -0.309017, 0.0, 0.0, 0.0, 0.0, 1.0 ], [ -0.5, 0.809017, -0.309017, 0.0, 0.809017, 0.309017, -0.5, 0.0, -0.309017, -0.5, -0.809017, 0.0, 0.0, 0.0, 0.0, 1.0 ], [ -0.309017, -0.5, -0.809017, 0.0, 0.5, -0.809017, 0.309017, 0.0, -0.809017, -0.309017, 0.5, 0.0, 0.0, 0.0, 0.0, 1.0 ] ],
  "lights" : {
    "ambientColor" : "#292929",
    "backgroundColor" : "#AFC8DC",
    "directionalLights" : [ {
      "direction" : {
        "x" : 1.0,
        "y" : -1.0,
        "z" : -1.0
      },
      "color" : "#EBEBE4"
    }, {
      "direction" : {
        "x" : -1.0,
        "y" : 0.0,
        "z" : 0.0
      },
      "color" : "#E4E4EB"
    }, {
      "direction" : {
        "x" : 0.0,
        "y" : 0.0,
        "z" : -1.0
      },
      "color" : "#1E1E1E"
    } ]
  },
  "camera" : {
    "viewDistance" : 106.578255,
    "nearClipDistance" : 0.26644576,
    "farClipDistance" : 213.15617,
    "lookAtPoint" : {
      "x" : -1.309017,
      "y" : 24.798374,
      "z" : 8.972136
    },
    "fieldOfView" : 0.442629,
    "perspective" : true,
    "lookDirection" : {
      "x" : -0.5341793,
      "y" : -0.77628297,
      "z" : 0.33471003
    },
    "upDirection" : {
      "x" : 0.58628464,
      "y" : -0.05494486,
      "z" : 0.80824256
    },
    "width" : 47.960228,
    "stereo" : false,
    "position" : {
      "x" : 55.62288,
      "y" : 107.533264,
      "z" : -26.700674
    }
  },
  "embedding" : [ 1.0, 0.0, 0.0, 0.0, 0.0, 1.0, 0.0, 0.0, 0.0, 0.0, 1.0, 0.0, 0.0, 0.0, 0.0, 1.0 ],
  "shapes" : [ {
    "id" : "1ce1ad99-02ca-4022-9a95-7c1ca6440ec2",
    "vertices" : [ {
      "x" : 1.0,
      "y" : 0.309017,
      "z" : 0.19098301
    }, {
      "x" : 1.0,
      "y" : -0.309017,
      "z" : 0.19098301
    }, {
      "x" : 3.236068,
      "y" : -0.309017,
      "z" : 0.19098301
    }, {
      "x" : 3.236068,
      "y" : 0.309017,
      "z" : 0.19098301
    }, {
      "x" : 3.236068,
      "y" : -0.309017,
      "z" : -0.19098301
    }, {
      "x" : 3.236068,
      "y" : 0.309017,
      "z" : -0.19098301
    }, {
      "x" : 3.854102,
      "y" : 0.0,
      "z" : 0.0
    }, {
      "x" : 0.38196602,
      "y" : 0.0,
      "z" : 0.0
    }, {
      "x" : 1.0,
      "y" : 0.309017,
      "z" : -0.19098301
    }, {
      "x" : 1.0,
      "y" : -0.309017,
      "z" : -0.19098301
    }, {
      "x" : 4.236068,
      "y" : 0.0,
      "z" : 0.0
    } ],
    "faces" : [ {
      "vertices" : [ 1, 9, 4 ]
    }, {
      "vertices" : [ 1, 4, 2 ]
    }, {
      "vertices" : [ 0, 3, 5 ]
    }, {
      "vertices" : [ 0, 5, 8 ]
    }, {
      "vertices" : [ 1, 7, 9 ]
    }, {
      "vertices" : [ 0, 1, 2 ]
    }, {
      "vertices" : [ 0, 2, 3 ]
    }, {
      "vertices" : [ 7, 8, 9 ]
    }, {
      "vertices" : [ 0, 7, 1 ]
    }, {
      "vertices" : [ 4, 9, 8 ]
    }, {
      "vertices" : [ 4, 8, 5 ]
    }, {
      "vertices" : [ 2, 6, 3 ]
    }, {
      "vertices" : [ 2, 4, 6 ]
    }, {
      "vertices" : [ 3, 6, 5 ]
    }, {
      "vertices" : [ 4, 5, 6 ]
    }, {
      "vertices" : [ 0, 8, 7 ]
    } ]
  }, {
    "id" : "b2ca9832-18e4-4be9-8fcb-d24464384d5f",
    "vertices" : [ {
      "x" : -0.309017,
      "y" : -0.19098301,
      "z" : 0.0
    }, {
      "x" : -0.309017,
      "y" : 0.19098301,
      "z" : 0.0
    }, {
      "x" : -0.19098301,
      "y" : 0.0,
      "z" : -0.309017
    }, {
      "x" : -0.19098301,
      "y" : 0.0,
      "z" : 0.309017
    }, {
      "x" : 0.0,
      "y" : -0.309017,
      "z" : -0.19098301
    }, {
      "x" : 0.0,
      "y" : -0.309017,
      "z" : 0.19098301
    }, {
      "x" : 0.0,
      "y" : 0.309017,
      "z" : -0.19098301
    }, {
      "x" : 0.0,
      "y" : 0.309017,
      "z" : 0.19098301
    }, {
      "x" : 0.19098301,
      "y" : 0.0,
      "z" : -0.309017
    }, {
      "x" : 0.19098301,
      "y" : 0.0,
      "z" : 0.309017
    }, {
      "x" : 0.309017,
      "y" : -0.19098301,
      "z" : 0.0
    }, {
      "x" : 0.309017,
      "y" : 0.19098301,
      "z" : 0.0
    } ],
    "faces" : [ {
      "vertices" : [ 0, 1, 2 ]
    }, {
      "vertices" : [ 0, 3, 1 ]
    }, {
      "vertices" : [ 0, 2, 4 ]
    }, {
      "vertices" : [ 0, 5, 3 ]
    }, {
      "vertices" : [ 0, 4, 5 ]
    }, {
      "vertices" : [ 1, 6, 2 ]
    }, {
      "vertices" : [ 1, 3, 7 ]
    }, {
      "vertices" : [ 1, 7, 6 ]
    }, {
      "vertices" : [ 2, 8, 4 ]
    }, {
      "vertices" : [ 2, 6, 8 ]
    }, {
      "vertices" : [ 3, 5, 9 ]
    }, {
      "vertices" : [ 3, 9, 7 ]
    }, {
      "vertices" : [ 4, 10, 5 ]
    }, {
      "vertices" : [ 4, 8, 10 ]
    }, {
      "vertices" : [ 5, 10, 9 ]
    }, {
      "vertices" : [ 6, 7, 11 ]
    }, {
      "vertices" : [ 6, 11, 8 ]
    }, {
      "vertices" : [ 7, 9, 11 ]
    }, {
      "vertices" : [ 8, 11, 10 ]
    }, {
      "vertices" : [ 9, 10, 11 ]
    } ]
  }, {
    "id" : "0c88bdf4-5d37-4dd1-a0f6-7fb57b38b7cc",
    "vertices" : [ {
      "x" : 1.0,
      "y" : 0.309017,
      "z" : 0.19098301
    }, {
      "x" : 1.0,
      "y" : -0.309017,
      "z" : 0.19098301
    }, {
      "x" : 1.618034,
      "y" : -0.309017,
      "z" : 0.19098301
    }, {
      "x" : 1.618034,
      "y" : 0.309017,
      "z" : 0.19098301
    }, {
      "x" : 1.618034,
      "y" : -0.309017,
      "z" : -0.19098301
    }, {
      "x" : 1.618034,
      "y" : 0.309017,
      "z" : -0.19098301
    }, {
      "x" : 2.236068,
      "y" : 0.0,
      "z" : 0.0
    }, {
      "x" : 0.38196602,
      "y" : 0.0,
      "z" : 0.0
    }, {
      "x" : 1.0,
      "y" : 0.309017,
      "z" : -0.19098301
    }, {
      "x" : 1.0,
      "y" : -0.309017,
      "z" : -0.19098301
    }, {
      "x" : 2.618034,
      "y" : 0.0,
      "z" : 0.0
    } ],
    "faces" : [ {
      "vertices" : [ 1, 9, 4 ]
    }, {
      "vertices" : [ 1, 4, 2 ]
    }, {
      "vertices" : [ 0, 3, 5 ]
    }, {
      "vertices" : [ 0, 5, 8 ]
    }, {
      "vertices" : [ 1, 7, 9 ]
    }, {
      "vertices" : [ 0, 1, 2 ]
    }, {
      "vertices" : [ 0, 2, 3 ]
    }, {
      "vertices" : [ 7, 8, 9 ]
    }, {
      "vertices" : [ 0, 7, 1 ]
    }, {
      "vertices" : [ 4, 9, 8 ]
    }, {
      "vertices" : [ 4, 8, 5 ]
    }, {
      "vertices" : [ 2, 6, 3 ]
    }, {
      "vertices" : [ 2, 4, 6 ]
    }, {
      "vertices" : [ 3, 6, 5 ]
    }, {
      "vertices" : [ 4, 5, 6 ]
    }, {
      "vertices" : [ 0, 8, 7 ]
    } ]
  }, {
    "id" : "b579e282-6568-4a56-86fc-87626e67bd0e",
    "vertices" : [ {
      "x" : -1.309017,
      "y" : 21.371323,
      "z" : 13.708204
    }, {
      "x" : -1.309017,
      "y" : 23.489357,
      "z" : 15.0172205
    }, {
      "x" : 0.0,
      "y" : 22.989357,
      "z" : 15.826238
    }, {
      "x" : 0.0,
      "y" : 20.871323,
      "z" : 14.5172205
    } ],
    "faces" : [ {
      "vertices" : [ 0, 1, 2 ]
    }, {
      "vertices" : [ 0, 2, 3 ]
    }, {
      "vertices" : [ 0, 3, 2 ]
    }, {
      "vertices" : [ 0, 2, 1 ]
    } ]
  }, {
    "id" : "fd775f75-0821-47de-8a8c-23c249c44da6",
    "vertices" : [ {
      "x" : -5.927051,
      "y" : 34.652477,
      "z" : 15.208204
    }, {
      "x" : -5.2811527,
      "y" : 35.69756,
      "z" : 13.5172205
    }, {
      "x" : -5.545085,
      "y" : 35.888542,
      "z" : 13.208204
    }, {
      "x" : -6.354102,
      "y" : 34.579525,
      "z" : 15.326238
    } ],
    "faces" : [ {
      "vertices" : [ 0, 1, 2 ]
    }, {
      "vertices" : [ 0, 2, 3 ]
    }, {
      "vertices" : [ 0, 3, 2 ]
    }, {
      "vertices" : [ 0, 2, 1 ]
    } ]
  }, {
    "id" : "453dd748-329e-46a7-9f01-972ddc27a56b",
    "vertices" : [ {
      "x" : -5.927051,
      "y" : 34.652477,
      "z" : 15.208204
    }, {
      "x" : -6.354102,
      "y" : 34.579525,
      "z" : 15.326238
    }, {
      "x" : -4.236068,
      "y" : 33.77051,
      "z" : 16.635256
    }, {
      "x" : -4.236068,
      "y" : 34.006577,
      "z" : 16.253288
    } ],
    "faces" : [ {
      "vertices" : [ 0, 1, 2 ]
    }, {
      "vertices" : [ 0, 2, 3 ]
    }, {
      "vertices" : [ 0, 3, 2 ]
    }, {
      "vertices" : [ 0, 2, 1 ]
    } ]
  }, {
    "id" : "5594cbe3-5fc4-4f5f-ab98-3520329b9014",
    "vertices" : [ {
      "x" : -1.309017,
      "y" : 21.371323,
      "z" : 13.708204
    }, {
      "x" : -0.809017,
      "y" : 22.18034,
      "z" : 12.399187
    }, {
      "x" : -0.809017,
      "y" : 24.298374,
      "z" : 13.708204
    }, {
      "x" : -1.309017,
      "y" : 23.489357,
      "z" : 15.0172205
    } ],
    "faces" : [ {
      "vertices" : [ 0, 1, 2 ]
    }, {
      "vertices" : [ 0, 2, 3 ]
    }, {
      "vertices" : [ 0, 3, 2 ]
    }, {
      "vertices" : [ 0, 2, 1 ]
    } ]
  }, {
    "id" : "240f9996-fdfe-4634-a17d-1e3e2d5829c7",
    "vertices" : [ {
      "x" : 0.0,
      "y" : 20.871323,
      "z" : 14.5172205
    }, {
      "x" : 0.0,
      "y" : 22.989357,
      "z" : 15.826238
    }, {
      "x" : 1.309017,
      "y" : 23.489357,
      "z" : 15.0172205
    }, {
      "x" : 1.309017,
      "y" : 21.371323,
      "z" : 13.708204
    } ],
    "faces" : [ {
      "vertices" : [ 0, 1, 2 ]
    }, {
      "vertices" : [ 0, 2, 3 ]
    }, {
      "vertices" : [ 0, 3, 2 ]
    }, {
      "vertices" : [ 0, 2, 1 ]
    } ]
  }, {
    "id" : "027d6ced-a476-46f4-b30d-96d21b71ee29",
    "vertices" : [ {
      "x" : -2.927051,
      "y" : 35.888542,
      "z" : 13.208204
    }, {
      "x" : -3.190983,
      "y" : 35.69756,
      "z" : 13.5172205
    }, {
      "x" : -2.545085,
      "y" : 34.652477,
      "z" : 15.208204
    }, {
      "x" : -2.118034,
      "y" : 34.579525,
      "z" : 15.326238
    } ],
    "faces" : [ {
      "vertices" : [ 0, 1, 2 ]
    }, {
      "vertices" : [ 0, 2, 3 ]
    }, {
      "vertices" : [ 0, 3, 2 ]
    }, {
      "vertices" : [ 0, 2, 1 ]
    } ]
  }, {
    "id" : "505ada6d-ee05-49c1-b0f5-4fb6c9c85456",
    "vertices" : [ {
      "x" : -5.545085,
      "y" : 34.579525,
      "z" : 15.0172205
    }, {
      "x" : -5.045085,
      "y" : 35.388542,
      "z" : 13.708204
    }, {
      "x" : -5.2811527,
      "y" : 35.69756,
      "z" : 13.5172205
    }, {
      "x" : -5.927051,
      "y" : 34.652477,
      "z" : 15.208204
    } ],
    "faces" : [ {
      "vertices" : [ 0, 1, 2 ]
    }, {
      "vertices" : [ 0, 2, 3 ]
    }, {
      "vertices" : [ 0, 3, 2 ]
    }, {
      "vertices" : [ 0, 2, 1 ]
    } ]
  }, {
    "id" : "fd6d0436-7b88-4413-8af3-e9483acaeac2",
    "vertices" : [ {
      "x" : -2.927051,
      "y" : 34.579525,
      "z" : 15.0172205
    }, {
      "x" : -3.427051,
      "y" : 35.388542,
      "z" : 13.708204
    }, {
      "x" : -3.427051,
      "y" : 33.27051,
      "z" : 12.399187
    }, {
      "x" : -2.927051,
      "y" : 32.461494,
      "z" : 13.708204
    } ],
    "faces" : [ {
      "vertices" : [ 0, 1, 2 ]
    }, {
      "vertices" : [ 0, 2, 3 ]
    }, {
      "vertices" : [ 0, 3, 2 ]
    }, {
      "vertices" : [ 0, 2, 1 ]
    } ]
  }, {
    "id" : "8b7753f6-9f5a-4040-a243-7eadf21ae865",
    "vertices" : [ {
      "x" : 1.309017,
      "y" : 5.545085,
      "z" : 3.927051
    }, {
      "x" : 0.809017,
      "y" : 6.354102,
      "z" : 2.618034
    }, {
      "x" : 0.809017,
      "y" : 4.236068,
      "z" : 1.309017
    }, {
      "x" : 1.309017,
      "y" : 3.427051,
      "z" : 2.618034
    } ],
    "faces" : [ {
      "vertices" : [ 0, 1, 2 ]
    }, {
      "vertices" : [ 0, 2, 3 ]
    }, {
      "vertices" : [ 0, 3, 2 ]
    }, {
      "vertices" : [ 0, 2, 1 ]
    } ]
  }, {
    "id" : "9e94686e-8e85-452b-9b9b-88e7360ce0d6",
    "vertices" : [ {
      "x" : -5.545085,
      "y" : 34.579525,
      "z" : 15.0172205
    }, {
      "x" : -5.927051,
      "y" : 34.652477,
      "z" : 15.208204
    }, {
      "x" : -4.236068,
      "y" : 34.006577,
      "z" : 16.253288
    }, {
      "x" : -4.236068,
      "y" : 34.079525,
      "z" : 15.826238
    } ],
    "faces" : [ {
      "vertices" : [ 0, 1, 2 ]
    }, {
      "vertices" : [ 0, 2, 3 ]
    }, {
      "vertices" : [ 0, 3, 2 ]
    }, {
      "vertices" : [ 0, 2, 1 ]
    } ]
  }, {
    "id" : "9b0acd58-f7b7-4e69-9e2e-25c8525d92a3",
    "vertices" : [ {
      "x" : -1.309017,
      "y" : 6.854102,
      "z" : 2.118034
    }, {
      "x" : -1.045085,
      "y" : 6.663119,
      "z" : 2.427051
    }, {
      "x" : 1.045085,
      "y" : 6.663119,
      "z" : 2.427051
    }, {
      "x" : 1.309017,
      "y" : 6.854102,
      "z" : 2.118034
    } ],
    "faces" : [ {
      "vertices" : [ 0, 1, 2 ]
    }, {
      "vertices" : [ 0, 2, 3 ]
    }, {
      "vertices" : [ 0, 3, 2 ]
    }, {
      "vertices" : [ 0, 2, 1 ]
    } ]
  }, {
    "id" : "c0c0f352-2b74-4511-b3ae-7d41a4f5530a",
    "vertices" : [ {
      "x" : 1.309017,
      "y" : 6.854102,
      "z" : 2.118034
    }, {
      "x" : 1.045085,
      "y" : 6.663119,
      "z" : 2.427051
    }, {
      "x" : 1.690983,
      "y" : 5.618034,
      "z" : 4.118034
    }, {
      "x" : 2.118034,
      "y" : 5.545085,
      "z" : 4.236068
    } ],
    "faces" : [ {
      "vertices" : [ 0, 1, 2 ]
    }, {
      "vertices" : [ 0, 2, 3 ]
    }, {
      "vertices" : [ 0, 3, 2 ]
    }, {
      "vertices" : [ 0, 2, 1 ]
    } ]
  }, {
    "id" : "dfd21840-135f-4d30-b223-17ba68ce9519",
    "vertices" : [ {
      "x" : 0.0,
      "y" : 4.972136,
      "z" : 5.163119
    }, {
      "x" : 1.690983,
      "y" : 5.618034,
      "z" : 4.118034
    }, {
      "x" : 1.309017,
      "y" : 5.545085,
      "z" : 3.927051
    }, {
      "x" : 0.0,
      "y" : 5.045085,
      "z" : 4.736068
    } ],
    "faces" : [ {
      "vertices" : [ 0, 1, 2 ]
    }, {
      "vertices" : [ 0, 2, 3 ]
    }, {
      "vertices" : [ 0, 3, 2 ]
    }, {
      "vertices" : [ 0, 2, 1 ]
    } ]
  }, {
    "id" : "b9fd31bc-3fd8-4e3f-b050-cb9cba08ca6f",
    "vertices" : [ {
      "x" : -1.690983,
      "y" : 5.618034,
      "z" : 4.118034
    }, {
      "x" : -1.045085,
      "y" : 6.663119,
      "z" : 2.427051
    }, {
      "x" : -1.309017,
      "y" : 6.854102,
      "z" : 2.118034
    }, {
      "x" : -2.118034,
      "y" : 5.545085,
      "z" : 4.236068
    } ],
    "faces" : [ {
      "vertices" : [ 0, 1, 2 ]
    }, {
      "vertices" : [ 0, 2, 3 ]
    }, {
      "vertices" : [ 0, 3, 2 ]
    }, {
      "vertices" : [ 0, 2, 1 ]
    } ]
  }, {
    "id" : "8e54c3cd-27f8-4378-92e7-014e606333b1",
    "vertices" : [ {
      "x" : -1.690983,
      "y" : 23.562305,
      "z" : 15.208204
    }, {
      "x" : -2.118034,
      "y" : 23.489357,
      "z" : 15.326238
    }, {
      "x" : 0.0,
      "y" : 22.68034,
      "z" : 16.635256
    }, {
      "x" : 0.0,
      "y" : 22.916409,
      "z" : 16.253288
    } ],
    "faces" : [ {
      "vertices" : [ 0, 1, 2 ]
    }, {
      "vertices" : [ 0, 2, 3 ]
    }, {
      "vertices" : [ 0, 3, 2 ]
    }, {
      "vertices" : [ 0, 2, 1 ]
    } ]
  }, {
    "id" : "1dfa12c2-b58a-4b5c-a476-548b2364cc2d",
    "vertices" : [ {
      "x" : -2.927051,
      "y" : 34.579525,
      "z" : 15.0172205
    }, {
      "x" : -2.545085,
      "y" : 34.652477,
      "z" : 15.208204
    }, {
      "x" : -3.190983,
      "y" : 35.69756,
      "z" : 13.5172205
    }, {
      "x" : -3.427051,
      "y" : 35.388542,
      "z" : 13.708204
    } ],
    "faces" : [ {
      "vertices" : [ 0, 1, 2 ]
    }, {
      "vertices" : [ 0, 2, 3 ]
    }, {
      "vertices" : [ 0, 3, 2 ]
    }, {
      "vertices" : [ 0, 2, 1 ]
    } ]
  }, {
    "id" : "fc6b7021-a2e2-4e82-bc3f-0c4123fdcbcc",
    "vertices" : [ {
      "x" : 1.309017,
      "y" : 5.545085,
      "z" : 3.927051
    }, {
      "x" : 1.690983,
      "y" : 5.618034,
      "z" : 4.118034
    }, {
      "x" : 1.045085,
      "y" : 6.663119,
      "z" : 2.427051
    }, {
      "x" : 0.809017,
      "y" : 6.354102,
      "z" : 2.618034
    } ],
    "faces" : [ {
      "vertices" : [ 0, 1, 2 ]
    }, {
      "vertices" : [ 0, 2, 3 ]
    }, {
      "vertices" : [ 0, 3, 2 ]
    }, {
      "vertices" : [ 0, 2, 1 ]
    } ]
  }, {
    "id" : "c23da05a-a62c-4030-9c70-8a3abac00f4f",
    "vertices" : [ {
      "x" : -5.045085,
      "y" : 33.27051,
      "z" : 12.399187
    }, {
      "x" : -3.427051,
      "y" : 33.27051,
      "z" : 12.399187
    }, {
      "x" : -3.427051,
      "y" : 35.388542,
      "z" : 13.708204
    }, {
      "x" : -5.045085,
      "y" : 35.388542,
      "z" : 13.708204
    } ],
    "faces" : [ {
      "vertices" : [ 0, 1, 2 ]
    }, {
      "vertices" : [ 0, 2, 3 ]
    }, {
      "vertices" : [ 0, 3, 2 ]
    }, {
      "vertices" : [ 0, 2, 1 ]
    } ]
  }, {
    "id" : "ab401930-7bac-402b-9303-bac64c6d196a",
    "vertices" : [ {
      "x" : -5.545085,
      "y" : 35.888542,
      "z" : 13.208204
    }, {
      "x" : -5.2811527,
      "y" : 35.69756,
      "z" : 13.5172205
    }, {
      "x" : -3.190983,
      "y" : 35.69756,
      "z" : 13.5172205
    }, {
      "x" : -2.927051,
      "y" : 35.888542,
      "z" : 13.208204
    } ],
    "faces" : [ {
      "vertices" : [ 0, 1, 2 ]
    }, {
      "vertices" : [ 0, 2, 3 ]
    }, {
      "vertices" : [ 0, 3, 2 ]
    }, {
      "vertices" : [ 0, 2, 1 ]
    } ]
  }, {
    "id" : "6c65063d-6649-47bf-a633-767e81dd8a3e",
    "vertices" : [ {
      "x" : 0.809017,
      "y" : 24.298374,
      "z" : 13.708204
    }, {
      "x" : 1.045085,
      "y" : 24.607391,
      "z" : 13.5172205
    }, {
      "x" : -1.045085,
      "y" : 24.607391,
      "z" : 13.5172205
    }, {
      "x" : -0.809017,
      "y" : 24.298374,
      "z" : 13.708204
    } ],
    "faces" : [ {
      "vertices" : [ 0, 1, 2 ]
    }, {
      "vertices" : [ 0, 2, 3 ]
    }, {
      "vertices" : [ 0, 3, 2 ]
    }, {
      "vertices" : [ 0, 2, 1 ]
    } ]
  }, {
    "id" : "49bfe44a-95b8-48d1-b3f3-54dbd5bc5cfa",
    "vertices" : [ {
      "x" : -1.309017,
      "y" : 3.427051,
      "z" : 2.618034
    }, {
      "x" : -1.309017,
      "y" : 5.545085,
      "z" : 3.927051
    }, {
      "x" : 0.0,
      "y" : 5.045085,
      "z" : 4.736068
    }, {
      "x" : 0.0,
      "y" : 2.927051,
      "z" : 3.427051
    } ],
    "faces" : [ {
      "vertices" : [ 0, 1, 2 ]
    }, {
      "vertices" : [ 0, 2, 3 ]
    }, {
      "vertices" : [ 0, 3, 2 ]
    }, {
      "vertices" : [ 0, 2, 1 ]
    } ]
  }, {
    "id" : "9df5942e-ade6-48aa-8d27-7ef1a266a4cd",
    "vertices" : [ {
      "x" : -1.309017,
      "y" : 5.545085,
      "z" : 3.927051
    }, {
      "x" : -0.809017,
      "y" : 6.354102,
      "z" : 2.618034
    }, {
      "x" : -1.045085,
      "y" : 6.663119,
      "z" : 2.427051
    }, {
      "x" : -1.690983,
      "y" : 5.618034,
      "z" : 4.118034
    } ],
    "faces" : [ {
      "vertices" : [ 0, 1, 2 ]
    }, {
      "vertices" : [ 0, 2, 3 ]
    }, {
      "vertices" : [ 0, 3, 2 ]
    }, {
      "vertices" : [ 0, 2, 1 ]
    } ]
  }, {
    "id" : "bbb1b9d1-e78c-4d04-a515-29913d52a432",
    "vertices" : [ {
      "x" : 1.309017,
      "y" : 24.798374,
      "z" : 13.208204
    }, {
      "x" : 1.045085,
      "y" : 24.607391,
      "z" : 13.5172205
    }, {
      "x" : 1.690983,
      "y" : 23.562305,
      "z" : 15.208204
    }, {
      "x" : 2.118034,
      "y" : 23.489357,
      "z" : 15.326238
    } ],
    "faces" : [ {
      "vertices" : [ 0, 1, 2 ]
    }, {
      "vertices" : [ 0, 2, 3 ]
    }, {
      "vertices" : [ 0, 3, 2 ]
    }, {
      "vertices" : [ 0, 2, 1 ]
    } ]
  }, {
    "id" : "c49d8d37-7291-48a3-8248-0827a798ea8b",
    "vertices" : [ {
      "x" : -1.309017,
      "y" : 23.489357,
      "z" : 15.0172205
    }, {
      "x" : -1.690983,
      "y" : 23.562305,
      "z" : 15.208204
    }, {
      "x" : 0.0,
      "y" : 22.916409,
      "z" : 16.253288
    }, {
      "x" : 0.0,
      "y" : 22.989357,
      "z" : 15.826238
    } ],
    "faces" : [ {
      "vertices" : [ 0, 1, 2 ]
    }, {
      "vertices" : [ 0, 2, 3 ]
    }, {
      "vertices" : [ 0, 3, 2 ]
    }, {
      "vertices" : [ 0, 2, 1 ]
    } ]
  }, {
    "id" : "a1122d09-7637-4630-8bd2-bb85c8116470",
    "vertices" : [ {
      "x" : 0.0,
      "y" : 22.916409,
      "z" : 16.253288
    }, {
      "x" : 1.690983,
      "y" : 23.562305,
      "z" : 15.208204
    }, {
      "x" : 1.309017,
      "y" : 23.489357,
      "z" : 15.0172205
    }, {
      "x" : 0.0,
      "y" : 22.989357,
      "z" : 15.826238
    } ],
    "faces" : [ {
      "vertices" : [ 0, 1, 2 ]
    }, {
      "vertices" : [ 0, 2, 3 ]
    }, {
      "vertices" : [ 0, 3, 2 ]
    }, {
      "vertices" : [ 0, 2, 1 ]
    } ]
  }, {
    "id" : "8de86f51-6abc-49c9-b319-ecd7f9cb31fe",
    "vertices" : [ {
      "x" : -0.809017,
      "y" : 4.236068,
      "z" : 1.309017
    }, {
      "x" : 0.809017,
      "y" : 4.236068,
      "z" : 1.309017
    }, {
      "x" : 0.809017,
      "y" : 6.354102,
      "z" : 2.618034
    }, {
      "x" : -0.809017,
      "y" : 6.354102,
      "z" : 2.618034
    } ],
    "faces" : [ {
      "vertices" : [ 0, 1, 2 ]
    }, {
      "vertices" : [ 0, 2, 3 ]
    }, {
      "vertices" : [ 0, 3, 2 ]
    }, {
      "vertices" : [ 0, 2, 1 ]
    } ]
  }, {
    "id" : "658be7c2-4d6d-4603-be87-343169546b49",
    "vertices" : [ {
      "x" : -1.309017,
      "y" : 23.489357,
      "z" : 15.0172205
    }, {
      "x" : -0.809017,
      "y" : 24.298374,
      "z" : 13.708204
    }, {
      "x" : -1.045085,
      "y" : 24.607391,
      "z" : 13.5172205
    }, {
      "x" : -1.690983,
      "y" : 23.562305,
      "z" : 15.208204
    } ],
    "faces" : [ {
      "vertices" : [ 0, 1, 2 ]
    }, {
      "vertices" : [ 0, 2, 3 ]
    }, {
      "vertices" : [ 0, 3, 2 ]
    }, {
      "vertices" : [ 0, 2, 1 ]
    } ]
  }, {
    "id" : "bca28e0d-3777-43d8-a720-3b39a8131373",
    "vertices" : [ {
      "x" : -0.809017,
      "y" : 22.18034,
      "z" : 12.399187
    }, {
      "x" : 0.809017,
      "y" : 22.18034,
      "z" : 12.399187
    }, {
      "x" : 0.809017,
      "y" : 24.298374,
      "z" : 13.708204
    }, {
      "x" : -0.809017,
      "y" : 24.298374,
      "z" : 13.708204
    } ],
    "faces" : [ {
      "vertices" : [ 0, 1, 2 ]
    }, {
      "vertices" : [ 0, 2, 3 ]
    }, {
      "vertices" : [ 0, 3, 2 ]
    }, {
      "vertices" : [ 0, 2, 1 ]
    } ]
  }, {
    "id" : "7bb1cf02-933a-4858-8028-217904d9189c",
    "vertices" : [ {
      "x" : 0.0,
      "y" : 4.972136,
      "z" : 5.163119
    }, {
      "x" : 0.0,
      "y" : 4.736068,
      "z" : 5.545085
    }, {
      "x" : 2.118034,
      "y" : 5.545085,
      "z" : 4.236068
    }, {
      "x" : 1.690983,
      "y" : 5.618034,
      "z" : 4.118034
    } ],
    "faces" : [ {
      "vertices" : [ 0, 1, 2 ]
    }, {
      "vertices" : [ 0, 2, 3 ]
    }, {
      "vertices" : [ 0, 3, 2 ]
    }, {
      "vertices" : [ 0, 2, 1 ]
    } ]
  }, {
    "id" : "bf128b60-bd45-468a-ad97-df7d3486028d",
    "vertices" : [ {
      "x" : -3.427051,
      "y" : 35.388542,
      "z" : 13.708204
    }, {
      "x" : -3.190983,
      "y" : 35.69756,
      "z" : 13.5172205
    }, {
      "x" : -5.2811527,
      "y" : 35.69756,
      "z" : 13.5172205
    }, {
      "x" : -5.045085,
      "y" : 35.388542,
      "z" : 13.708204
    } ],
    "faces" : [ {
      "vertices" : [ 0, 1, 2 ]
    }, {
      "vertices" : [ 0, 2, 3 ]
    }, {
      "vertices" : [ 0, 3, 2 ]
    }, {
      "vertices" : [ 0, 2, 1 ]
    } ]
  }, {
    "id" : "7e14b2cd-0026-4170-9dc9-8ed90e398306",
    "vertices" : [ {
      "x" : 1.309017,
      "y" : 23.489357,
      "z" : 15.0172205
    }, {
      "x" : 0.809017,
      "y" : 24.298374,
      "z" : 13.708204
    }, {
      "x" : 0.809017,
      "y" : 22.18034,
      "z" : 12.399187
    }, {
      "x" : 1.309017,
      "y" : 21.371323,
      "z" : 13.708204
    } ],
    "faces" : [ {
      "vertices" : [ 0, 1, 2 ]
    }, {
      "vertices" : [ 0, 2, 3 ]
    }, {
      "vertices" : [ 0, 3, 2 ]
    }, {
      "vertices" : [ 0, 2, 1 ]
    } ]
  }, {
    "id" : "7980c5eb-874b-491b-92c4-40a4216dd948",
    "vertices" : [ {
      "x" : -4.236068,
      "y" : 34.006577,
      "z" : 16.253288
    }, {
      "x" : -2.545085,
      "y" : 34.652477,
      "z" : 15.208204
    }, {
      "x" : -2.927051,
      "y" : 34.579525,
      "z" : 15.0172205
    }, {
      "x" : -4.236068,
      "y" : 34.079525,
      "z" : 15.826238
    } ],
    "faces" : [ {
      "vertices" : [ 0, 1, 2 ]
    }, {
      "vertices" : [ 0, 2, 3 ]
    }, {
      "vertices" : [ 0, 3, 2 ]
    }, {
      "vertices" : [ 0, 2, 1 ]
    } ]
  }, {
    "id" : "71da61f4-4169-4f7d-ae34-c01f9ad9afd7",
    "vertices" : [ {
      "x" : -1.309017,
      "y" : 5.545085,
      "z" : 3.927051
    }, {
      "x" : -1.690983,
      "y" : 5.618034,
      "z" : 4.118034
    }, {
      "x" : 0.0,
      "y" : 4.972136,
      "z" : 5.163119
    }, {
      "x" : 0.0,
      "y" : 5.045085,
      "z" : 4.736068
    } ],
    "faces" : [ {
      "vertices" : [ 0, 1, 2 ]
    }, {
      "vertices" : [ 0, 2, 3 ]
    }, {
      "vertices" : [ 0, 3, 2 ]
    }, {
      "vertices" : [ 0, 2, 1 ]
    } ]
  }, {
    "id" : "ddbb9999-c3f2-453c-90a2-7d2d52842567",
    "vertices" : [ {
      "x" : -5.545085,
      "y" : 32.461494,
      "z" : 13.708204
    }, {
      "x" : -5.545085,
      "y" : 34.579525,
      "z" : 15.0172205
    }, {
      "x" : -4.236068,
      "y" : 34.079525,
      "z" : 15.826238
    }, {
      "x" : -4.236068,
      "y" : 31.961493,
      "z" : 14.5172205
    } ],
    "faces" : [ {
      "vertices" : [ 0, 1, 2 ]
    }, {
      "vertices" : [ 0, 2, 3 ]
    }, {
      "vertices" : [ 0, 3, 2 ]
    }, {
      "vertices" : [ 0, 2, 1 ]
    } ]
  }, {
    "id" : "100b076a-9a0b-4504-85da-c50db1edb5cf",
    "vertices" : [ {
      "x" : 0.0,
      "y" : 22.916409,
      "z" : 16.253288
    }, {
      "x" : 0.0,
      "y" : 22.68034,
      "z" : 16.635256
    }, {
      "x" : 2.118034,
      "y" : 23.489357,
      "z" : 15.326238
    }, {
      "x" : 1.690983,
      "y" : 23.562305,
      "z" : 15.208204
    } ],
    "faces" : [ {
      "vertices" : [ 0, 1, 2 ]
    }, {
      "vertices" : [ 0, 2, 3 ]
    }, {
      "vertices" : [ 0, 3, 2 ]
    }, {
      "vertices" : [ 0, 2, 1 ]
    } ]
  }, {
    "id" : "1a6e9689-b7c6-47a9-b473-8727e9bd4420",
    "vertices" : [ {
      "x" : -4.236068,
      "y" : 31.961493,
      "z" : 14.5172205
    }, {
      "x" : -4.236068,
      "y" : 34.079525,
      "z" : 15.826238
    }, {
      "x" : -2.927051,
      "y" : 34.579525,
      "z" : 15.0172205
    }, {
      "x" : -2.927051,
      "y" : 32.461494,
      "z" : 13.708204
    } ],
    "faces" : [ {
      "vertices" : [ 0, 1, 2 ]
    }, {
      "vertices" : [ 0, 2, 3 ]
    }, {
      "vertices" : [ 0, 3, 2 ]
    }, {
      "vertices" : [ 0, 2, 1 ]
    } ]
  }, {
    "id" : "7368ce40-7d34-4972-a5fd-b89906d10db6",
    "vertices" : [ {
      "x" : 0.0,
      "y" : 2.927051,
      "z" : 3.427051
    }, {
      "x" : 0.0,
      "y" : 5.045085,
      "z" : 4.736068
    }, {
      "x" : 1.309017,
      "y" : 5.545085,
      "z" : 3.927051
    }, {
      "x" : 1.309017,
      "y" : 3.427051,
      "z" : 2.618034
    } ],
    "faces" : [ {
      "vertices" : [ 0, 1, 2 ]
    }, {
      "vertices" : [ 0, 2, 3 ]
    }, {
      "vertices" : [ 0, 3, 2 ]
    }, {
      "vertices" : [ 0, 2, 1 ]
    } ]
  }, {
    "id" : "18e7e21e-c8d7-4cf6-a7ac-a371be5dc4da",
    "vertices" : [ {
      "x" : -1.309017,
      "y" : 24.798374,
      "z" : 13.208204
    }, {
      "x" : -1.045085,
      "y" : 24.607391,
      "z" : 13.5172205
    }, {
      "x" : 1.045085,
      "y" : 24.607391,
      "z" : 13.5172205
    }, {
      "x" : 1.309017,
      "y" : 24.798374,
      "z" : 13.208204
    } ],
    "faces" : [ {
      "vertices" : [ 0, 1, 2 ]
    }, {
      "vertices" : [ 0, 2, 3 ]
    }, {
      "vertices" : [ 0, 3, 2 ]
    }, {
      "vertices" : [ 0, 2, 1 ]
    } ]
  }, {
    "id" : "d9735d5d-35a1-4a14-9c99-dcab144069f5",
    "vertices" : [ {
      "x" : 75.70414,
      "y" : 28.916409,
      "z" : -11.045085
    }, {
      "x" : 75.322174,
      "y" : 28.461493,
      "z" : -10.854102
    }, {
      "x" : 75.15905,
      "y" : 28.725426,
      "z" : -11.281153
    }, {
      "x" : 75.086105,
      "y" : 28.989357,
      "z" : -11.09017
    }, {
      "x" : 0.85410196,
      "y" : 0.309017,
      "z" : 0.19098301
    }, {
      "x" : 0.690983,
      "y" : 0.572949,
      "z" : -0.23606798
    }, {
      "x" : 0.309017,
      "y" : 0.11803399,
      "z" : -0.045084972
    }, {
      "x" : 0.76393205,
      "y" : 0.309017,
      "z" : -0.42705098
    }, {
      "x" : 0.927051,
      "y" : 0.045084972,
      "z" : 0.0
    }, {
      "x" : 75.24922,
      "y" : 28.725426,
      "z" : -10.663119
    }, {
      "x" : 76.01315,
      "y" : 29.034441,
      "z" : -11.09017
    } ],
    "faces" : [ {
      "vertices" : [ 2, 7, 5 ]
    }, {
      "vertices" : [ 2, 5, 3 ]
    }, {
      "vertices" : [ 1, 8, 7 ]
    }, {
      "vertices" : [ 1, 7, 2 ]
    }, {
      "vertices" : [ 4, 6, 8 ]
    }, {
      "vertices" : [ 5, 7, 6 ]
    }, {
      "vertices" : [ 0, 1, 2 ]
    }, {
      "vertices" : [ 0, 2, 3 ]
    }, {
      "vertices" : [ 6, 7, 8 ]
    }, {
      "vertices" : [ 3, 5, 4 ]
    }, {
      "vertices" : [ 3, 4, 9 ]
    }, {
      "vertices" : [ 1, 9, 4 ]
    }, {
      "vertices" : [ 1, 4, 8 ]
    }, {
      "vertices" : [ 0, 9, 1 ]
    }, {
      "vertices" : [ 0, 3, 9 ]
    }, {
      "vertices" : [ 4, 5, 6 ]
    } ]
  }, {
    "id" : "4cf31b0a-1c01-4e64-9aee-f214799a22e0",
    "vertices" : [ {
      "x" : -1.690983,
      "y" : 5.618034,
      "z" : 4.118034
    }, {
      "x" : -2.118034,
      "y" : 5.545085,
      "z" : 4.236068
    }, {
      "x" : 0.0,
      "y" : 4.736068,
      "z" : 5.545085
    }, {
      "x" : 0.0,
      "y" : 4.972136,
      "z" : 5.163119
    } ],
    "faces" : [ {
      "vertices" : [ 0, 1, 2 ]
    }, {
      "vertices" : [ 0, 2, 3 ]
    }, {
      "vertices" : [ 0, 3, 2 ]
    }, {
      "vertices" : [ 0, 2, 1 ]
    } ]
  }, {
    "id" : "0367c90e-7cea-4da2-ae56-18d78516e48c",
    "vertices" : [ {
      "x" : -1.690983,
      "y" : 23.562305,
      "z" : 15.208204
    }, {
      "x" : -1.045085,
      "y" : 24.607391,
      "z" : 13.5172205
    }, {
      "x" : -1.309017,
      "y" : 24.798374,
      "z" : 13.208204
    }, {
      "x" : -2.118034,
      "y" : 23.489357,
      "z" : 15.326238
    } ],
    "faces" : [ {
      "vertices" : [ 0, 1, 2 ]
    }, {
      "vertices" : [ 0, 2, 3 ]
    }, {
      "vertices" : [ 0, 3, 2 ]
    }, {
      "vertices" : [ 0, 2, 1 ]
    } ]
  }, {
    "id" : "998b0ed2-9405-4b12-a455-d45a5ce01843",
    "vertices" : [ {
      "x" : -4.236068,
      "y" : 34.006577,
      "z" : 16.253288
    }, {
      "x" : -4.236068,
      "y" : 33.77051,
      "z" : 16.635256
    }, {
      "x" : -2.118034,
      "y" : 34.579525,
      "z" : 15.326238
    }, {
      "x" : -2.545085,
      "y" : 34.652477,
      "z" : 15.208204
    } ],
    "faces" : [ {
      "vertices" : [ 0, 1, 2 ]
    }, {
      "vertices" : [ 0, 2, 3 ]
    }, {
      "vertices" : [ 0, 3, 2 ]
    }, {
      "vertices" : [ 0, 2, 1 ]
    } ]
  }, {
    "id" : "60f8c503-3245-4c3e-a2b3-555fdc9ce652",
    "vertices" : [ {
      "x" : 0.9045085,
      "y" : 0.3454915,
      "z" : 0.25
    }, {
      "x" : 46.26519,
      "y" : 28.379932,
      "z" : 0.25
    }, {
      "x" : 46.074203,
      "y" : 28.68895,
      "z" : 0.25
    }, {
      "x" : 0.7135255,
      "y" : 0.6545085,
      "z" : 0.25
    }, {
      "x" : 0.809017,
      "y" : 0.5,
      "z" : -0.309017
    }, {
      "x" : 0.9635255,
      "y" : 0.25,
      "z" : -0.095491506
    }, {
      "x" : 0.309017,
      "y" : 0.19098301,
      "z" : 0.0
    }, {
      "x" : 46.669697,
      "y" : 28.843458,
      "z" : 0.0
    }, {
      "x" : 46.01519,
      "y" : 28.784441,
      "z" : -0.095491506
    }, {
      "x" : 46.169697,
      "y" : 28.534441,
      "z" : -0.309017
    }, {
      "x" : 46.978714,
      "y" : 29.034441,
      "z" : 0.0
    }, {
      "x" : 0.6545085,
      "y" : 0.75,
      "z" : -0.095491506
    }, {
      "x" : 46.324203,
      "y" : 28.284441,
      "z" : -0.095491506
    } ],
    "faces" : [ {
      "vertices" : [ 4, 11, 8 ]
    }, {
      "vertices" : [ 4, 8, 9 ]
    }, {
      "vertices" : [ 0, 1, 2 ]
    }, {
      "vertices" : [ 0, 2, 3 ]
    }, {
      "vertices" : [ 0, 3, 6 ]
    }, {
      "vertices" : [ 1, 7, 2 ]
    }, {
      "vertices" : [ 0, 6, 5 ]
    }, {
      "vertices" : [ 4, 5, 6 ]
    }, {
      "vertices" : [ 2, 7, 8 ]
    }, {
      "vertices" : [ 0, 5, 12 ]
    }, {
      "vertices" : [ 0, 12, 1 ]
    }, {
      "vertices" : [ 1, 12, 7 ]
    }, {
      "vertices" : [ 3, 11, 6 ]
    }, {
      "vertices" : [ 4, 6, 11 ]
    }, {
      "vertices" : [ 7, 9, 8 ]
    }, {
      "vertices" : [ 2, 8, 11 ]
    }, {
      "vertices" : [ 2, 11, 3 ]
    }, {
      "vertices" : [ 7, 12, 9 ]
    }, {
      "vertices" : [ 4, 9, 12 ]
    }, {
      "vertices" : [ 4, 12, 5 ]
    } ]
  }, {
    "id" : "39d46120-b7fc-48db-b71e-a9cc223eb3d5",
    "vertices" : [ {
      "x" : 0.809017,
      "y" : 6.354102,
      "z" : 2.618034
    }, {
      "x" : 1.045085,
      "y" : 6.663119,
      "z" : 2.427051
    }, {
      "x" : -1.045085,
      "y" : 6.663119,
      "z" : 2.427051
    }, {
      "x" : -0.809017,
      "y" : 6.354102,
      "z" : 2.618034
    } ],
    "faces" : [ {
      "vertices" : [ 0, 1, 2 ]
    }, {
      "vertices" : [ 0, 2, 3 ]
    }, {
      "vertices" : [ 0, 3, 2 ]
    }, {
      "vertices" : [ 0, 2, 1 ]
    } ]
  }, {
    "id" : "ad517655-eb41-4c3b-9c43-38babea852a0",
    "vertices" : [ {
      "x" : 1.309017,
      "y" : 23.489357,
      "z" : 15.0172205
    }, {
      "x" : 1.690983,
      "y" : 23.562305,
      "z" : 15.208204
    }, {
      "x" : 1.045085,
      "y" : 24.607391,
      "z" : 13.5172205
    }, {
