{
  "field" : "golden",
  "symmetry" : "icosahedral",
  "orientations" : [ [ 1.0, 0.0, 0.0, 0.0, 0.0, 1.0, 0.0, 0.0, 0.0, 0.0, 1.0, 0.0, 0.0, 0.0, 0.0, 1.0 ], [ 0.0, 0.0, 1.0, 0.0, 1.0, 0.0, 0.0, 0.0, 0.0, 1.0, 0.0, 0.0, 0.0, 0.0, 0.0, 1.0 ], [ 0.0, 1.0, 0.0, 0.0, 0.0, 0.0, 1.0, 0.0, 1.0, 0.0, 0.0, 0.0, 0.0, 0.0, 0.0, 1.0 ], [ 0.809017, 0.309017, 0.5, 0.0, 0.309017, 0.5, -0.809017, 0.0, -0.5, 0.809017, 0.309017, 0.0, 0.0, 0.0, 0.0, 1.0 ], [ -0.5, 0.809017, 0.309017, 0.0, 0.809017, 0.309017, 0.5, 0.0, 0.309017, 0.5, -0.809017, 0.0, 0.0, 0.0, 0.0, 1.0 ], [ 0.309017, 0.5, -0.809017, 0.0, -0.5, 0.809017, 0.309017, 0.0, 0.809017, 0.309017, 0.5, 0.0, 0.0, 0.0, 0.0, 1.0 ], [ 0.5, 0.809017, 0.309017, 0.0, 0.809017, -0.309017, -0.5, 0.0, -0.309017, 0.5, -0.809017, 0.0, 0.0, 0.0, 0.0, 1.0 ], [ -0.309017, 0.5, -0.809017, 0.0, 0.5, 0.809017, 0.309017, 0.0, 0.809017, -0.309017, -0.5, 0.0, 0.0, 0.0, 0.0, 1.0 ], [ 0.809017, -0.309017, -0.5, 0.0, -0.309017, 0.5, -0.809017, 0.0, 0.5, 0.809017, 0.309017, 0.0, 0.0, 0.0, 0.0, 1.0 ], [ 0.5, 0.809017, -0.309017, 0.0, 0.809017, -0.309017, 0.5, 0.0, 0.309017, -0.5, -0.809017, 0.0, 0.0, 0.0, 0.0, 1.0 ], [ 0.309017, -0.5, -0.809017, 0.0, 0.5, 0.809017, -0.309017, 0.0, 0.809017, -0.309017, 0.5, 0.0, 0.0, 0.0, 0.0, 1.0 ], [ 0.809017, -0.309017, 0.5, 0.0, 0.309017, -0.5, -0.809017, 0.0, 0.5, 0.809017, -0.309017, 0.0, 0.0, 0.0, 0.0, 1.0 ], [ 0.809017, 0.309017, -0.5, 0.0, 0.309017, 0.5, 0.809017, 0.0, 0.5, -0.809017, 0.309017, 0.0, 0.0, 0.0, 0.0, 1.0 ], [ 0.5, -0.809017, 0.309017, 0.0, 0.809017, 0.309017, -0.5, 0.0, 0.309017, 0.5, 0.809017, 0.0, 0.0, 0.0, 0.0, 1.0 ], [ 0.309017, 0.5, 0.809017, 0.0, 0.5, -0.809017, 0.309017, 0.0, 0.809017, 0.309017, -0.5, 0.0, 0.0, 0.0, 0.0, 1.0 ], [ 1.0, 0.0, 0.0, 0.0, 0.0, -1.0, 0.0, 0.0, 0.0, 0.0, -1.0, 0.0, 0.0, 0.0, 0.0, 1.0 ], [ 0.0, 0.0, 1.0, 0.0, -1.0, 0.0, 0.0, 0.0, 0.0, -1.0, 0.0, 0.0, 0.0, 0.0, 0.0, 1.0 ], [ 0.0, 1.0, 0.0, 0.0, 0.0, 0.0, -1.0, 0.0, -1.0, 0.0, 0.0, 0.0, 0.0, 0.0, 0.0, 1.0 ], [ 0.809017, 0.309017, 0.5, 0.0, -0.309017, -0.5, 0.809017, 0.0, 0.5, -0.809017, -0.309017, 0.0, 0.0, 0.0, 0.0, 1.0 ], [ -0.5, 0.809017, 0.309017, 0.0, -0.809017, -0.309017, -0.5, 0.0, -0.309017, -0.5, 0.809017, 0.0, 0.0, 0.0, 0.0, 1.0 ], [ 0.309017, 0.5, -0.809017, 0.0, 0.5, -0.809017, -0.309017, 0.0, -0.809017, -0.309017, -0.5, 0.0, 0.0, 0.0, 0.0, 1.0 ], [ 0.5, 0.809017, 0.309017, 0.0, -0.809017, 0.309017, 0.5, 0.0, 0.309017, -0.5, 0.809017, 0.0, 0.0, 0.0, 0.0, 1.0 ], [ -0.309017, 0.5, -0.809017, 0.0, -0.5, -0.809017, -0.309017, 0.0, -0.809017, 0.309017, 0.5, 0.0, 0.0, 0.0, 0.0, 1.0 ], [ 0.809017, -0.309017, -0.5, 0.0, 0.309017, -0.5, 0.809017, 0.0, -0.5, -0.809017, -0.309017, 0.0, 0.0, 0.0, 0.0, 1.0 ], [ 0.5, 0.809017, -0.309017, 0.0, -0.809017, 0.309017, -0.5, 0.0, -0.309017, 0.5, 0.809017, 0.0, 0.0, 0.0, 0.0, 1.0 ], [ 0.309017, -0.5, -0.809017, 0.0, -0.5, -0.809017, 0.309017, 0.0, -0.809017, 0.309017, -0.5, 0.0, 0.0, 0.0, 0.0, 1.0 ], [ 0.809017, -0.309017, 0.5, 0.0, -0.309017, 0.5, 0.809017, 0.0, -0.5, -0.809017, 0.309017, 0.0, 0.0, 0.0, 0.0, 1.0 ], [ 0.809017, 0.309017, -0.5, 0.0, -0.309017, -0.5, -0.809017, 0.0, -0.5, 0.809017, -0.309017, 0.0, 0.0, 0.0, 0.0, 1.0 ], [ 0.5, -0.809017, 0.309017, 0.0, -0.809017, -0.309017, 0.5, 0.0, -0.309017, -0.5, -0.809017, 0.0, 0.0, 0.0, 0.0, 1.0 ], [ 0.309017, 0.5, 0.809017, 0.0, -0.5, 0.809017, -0.309017, 0.0, -0.809017, -0.309017, 0.5, 0.0, 0.0, 0.0, 0.0, 1.0 ], [ -1.0, 0.0, 0.0, 0.0, 0.0, -1.0, 0.0, 0.0, 0.0, 0.0, 1.0, 0.0, 0.0, 0.0, 0.0, 1.0 ], [ 0.0, 0.0, -1.0, 0.0, -1.0, 0.0, 0.0, 0.0, 0.0, 1.0, 0.0, 0.0, 0.0, 0.0, 0.0, 1.0 ], [ 0.0, -1.0, 0.0, 0.0, 0.0, 0.0, -1.0, 0.0, 1.0, 0.0, 0.0, 0.0, 0.0, 0.0, 0.0, 1.0 ], [ -0.809017, -0.309017, -0.5, 0.0, -0.309017, -0.5, 0.809017, 0.0, -0.5, 0.809017, 0.309017, 0.0, 0.0, 0.0, 0.0, 1.0 ], [ 0.5, -0.809017, -0.309017, 0.0, -0.809017, -0.309017, -0.5, 0.0, 0.309017, 0.5, -0.809017, 0.0, 0.0, 0.0, 0.0, 1.0 ], [ -0.309017, -0.5, 0.809017, 0.0, 0.5, -0.809017, -0.309017, 0.0, 0.809017, 0.309017, 0.5, 0.0, 0.0, 0.0, 0.0, 1.0 ], [ -0.5, -0.809017, -0.309017, 0.0, -0.809017, 0.309017, 0.5, 0.0, -0.309017, 0.5, -0.809017, 0.0, 0.0, 0.0, 0.0, 1.0 ], [ 0.309017, -0.5, 0.809017, 0.0, -0.5, -0.809017, -0.309017, 0.0, 0.809017, -0.309017, -0.5, 0.0, 0.0, 0.0, 0.0, 1.0 ], [ -0.809017, 0.309017, 0.5, 0.0, 0.309017, -0.5, 0.809017, 0.0, 0.5, 0.809017, 0.309017, 0.0, 0.0, 0.0, 0.0, 1.0 ], [ -0.5, -0.809017, 0.309017, 0.0, -0.809017, 0.309017, -0.5, 0.0, 0.309017, -0.5, -0.809017, 0.0, 0.0, 0.0, 0.0, 1.0 ], [ -0.309017, 0.5, 0.809017, 0.0, -0.5, -0.809017, 0.309017, 0.0, 0.809017, -0.309017, 0.5, 0.0, 0.0, 0.0, 0.0, 1.0 ], [ -0.809017, 0.309017, -0.5, 0.0, -0.309017, 0.5, 0.809017, 0.0, 0.5, 0.809017, -0.309017, 0.0, 0.0, 0.0, 0.0, 1.0 ], [ -0.809017, -0.309017, 0.5, 0.0, -0.309017, -0.5, -0.809017, 0.0, 0.5, -0.809017, 0.309017, 0.0, 0.0, 0.0, 0.0, 1.0 ], [ -0.5, 0.809017, -0.309017, 0.0, -0.809017, -0.309017, 0.5, 0.0, 0.309017, 0.5, 0.809017, 0.0, 0.0, 0.0, 0.0, 1.0 ], [ -0.309017, -0.5, -0.809017, 0.0, -0.5, 0.809017, -0.309017, 0.0, 0.809017, 0.309017, -0.5, 0.0, 0.0, 0.0, 0.0, 1.0 ], [ -1.0, 0.0, 0.0, 0.0, 0.0, 1.0, 0.0, 0.0, 0.0, 0.0, -1.0, 0.0, 0.0, 0.0, 0.0, 1.0 ], [ 0.0, 0.0, -1.0, 0.0, 1.0, 0.0, 0.0, 0.0, 0.0, -1.0, 0.0, 0.0, 0.0, 0.0, 0.0, 1.0 ], [ 0.0, -1.0, 0.0, 0.0, 0.0, 0.0, 1.0, 0.0, -1.0, 0.0, 0.0, 0.0, 0.0, 0.0, 0.0, 1.0 ], [ -0.809017, -0.309017, -0.5, 0.0, 0.309017, 0.5, -0.809017, 0.0, 0.5, -0.809017, -0.309017, 0.0, 0.0, 0.0, 0.0, 1.0 ], [ 0.5, -0.809017, -0.309017, 0.0, 0.809017, 0.309017, 0.5, 0.0, -0.309017, -0.5, 0.809017, 0.0, 0.0, 0.0, 0.0, 1.0 ], [ -0.309017, -0.5, 0.809017, 0.0, -0.5, 0.809017, 0.309017, 0.0, -0.809017, -0.309017, -0.5, 0.0, 0.0, 0.0, 0.0, 1.0 ], [ -0.5, -0.809017, -0.309017, 0.0, 0.809017, -0.309017, -0.5, 0.0, 0.309017, -0.5, 0.809017, 0.0, 0.0, 0.0, 0.0, 1.0 ], [ 0.309017, -0.5, 0.809017, 0.0, 0.5, 0.809017, 0.309017, 0.0, -0.809017, 0.309017, 0.5, 0.0, 0.0, 0.0, 0.0, 1.0 ], [ -0.809017, 0.309017, 0.5, 0.0, -0.309017, 0.5, -0.809017, 0.0, -0.5, -0.809017, -0.309017, 0.0, 0.0, 0.0, 0.0, 1.0 ], [ -0.5, -0.809017, 0.309017, 0.0, 0.809017, -0.309017, 0.5, 0.0, -0.309017, 0.5, 0.809017, 0.0, 0.0, 0.0, 0.0, 1.0 ], [ -0.309017, 0.5, 0.809017, 0.0, 0.5, 0.809017, -0.309017, 0.0, -0.809017, 0.309017, -0.5, 0.0, 0.0, 0.0, 0.0, 1.0 ], [ -0.809017, 0.309017, -0.5, 0.0, 0.309017, -0.5, -0.809017, 0.0, -0.5, -0.809017, 0.309017, 0.0, 0.0, 0.0, 0.0, 1.0 ], [ -0.809017, -0.309017, 0.5, 0.0, 0.309017, 0.5, 0.809017, 0.0, -0.5, 0.809017, -0.309017, 0.0, 0.0, 0.0, 0.0, 1.0 ], [ -0.5, 0.809017, -0.309017, 0.0, 0.809017, 0.309017, -0.5, 0.0, -0.309017, -0.5, -0.809017, 0.0, 0.0, 0.0, 0.0, 1.0 ], [ -0.309017, -0.5, -0.809017, 0.0, 0.5, -0.809017, 0.309017, 0.0, -0.809017, -0.309017, 0.5, 0.0, 0.0, 0.0, 0.0, 1.0 ] ],
  "lights" : {
    "ambientColor" : "#292929",
    "backgroundColor" : "#AFC8DC",
    "directionalLights" : [ {
      "direction" : {
        "x" : 1.0,
        "y" : -1.0,
        "z" : -1.0
      },
      "color" : "#EBEBE4"
    }, {
      "direction" : {
        "x" : -1.0,
        "y" : 0.0,
        "z" : 0.0
      },
      "color" : "#E4E4EB"
    }, {
      "direction" : {
        "x" : 0.0,
        "y" : 0.0,
        "z" : -1.0
      },
      "color" : "#1E1E1E"
    } ]
  },
  "camera" : {
    "stereo" : false,
    "width" : 66.047325,
    "lookDirection" : {
      "x" : 0.50150275,
      "y" : -0.8006024,
      "z" : -0.32791838
    },
    "upDirection" : {
      "x" : 0.85682803,
      "y" : 0.40715322,
      "z" : 0.31633958
    },
    "lookAtPoint" : {
      "x" : 0.0,
      "y" : 0.0,
      "z" : 0.0
    },
    "perspective" : true,
    "viewDistance" : 146.77187,
    "nearClipDistance" : 0.3669297,
    "farClipDistance" : 293.54343,
    "fieldOfView" : 0.4426288,
    "position" : {
      "x" : -73.60649,
      "y" : 117.505905,
      "z" : 48.129192
    }
  },
  "embedding" : [ 1.0, 0.0, 0.0, 0.0, 0.0, 1.0, 0.0, 0.0, 0.0, 0.0, 1.0, 0.0, 0.0, 0.0, 0.0, 1.0 ],
  "shapes" : [ {
    "id" : "6ca80ab3-4e37-464e-95fe-408fddf892c3",
    "vertices" : [ {
      "x" : 0.309017,
      "y" : -0.809017,
      "z" : 0.618034
    }, {
      "x" : 0.809017,
      "y" : -0.618034,
      "z" : 0.309017
    }, {
      "x" : 0.618034,
      "y" : -0.309017,
      "z" : 0.809017
    }, {
      "x" : 1.0,
      "y" : 0.309017,
      "z" : 0.19098301
    }, {
      "x" : 0.809017,
      "y" : 0.618034,
      "z" : 0.309017
    }, {
      "x" : 0.618034,
      "y" : 0.309017,
      "z" : 0.809017
    }, {
      "x" : 0.809017,
      "y" : 0.0,
      "z" : 0.690983
    }, {
      "x" : 0.19098301,
      "y" : -1.0,
      "z" : 0.309017
    }, {
      "x" : -0.19098301,
      "y" : -1.0,
      "z" : 0.309017
    }, {
      "x" : -0.19098301,
      "y" : -1.0,
      "z" : -0.309017
    }, {
      "x" : 0.19098301,
      "y" : -1.0,
      "z" : -0.309017
    }, {
      "x" : 1.0,
      "y" : -0.309017,
      "z" : -0.19098301
    }, {
      "x" : 0.809017,
      "y" : -0.618034,
      "z" : -0.309017
    }, {
      "x" : 0.618034,
      "y" : -0.309017,
      "z" : -0.809017
    }, {
      "x" : 0.809017,
      "y" : 0.0,
      "z" : -0.690983
    }, {
      "x" : 0.0,
      "y" : 0.690983,
      "z" : -0.809017
    }, {
      "x" : 0.309017,
      "y" : 0.809017,
      "z" : -0.618034
    }, {
      "x" : 0.618034,
      "y" : 0.309017,
      "z" : -0.809017
    }, {
      "x" : 0.309017,
      "y" : 0.19098301,
      "z" : -1.0
    }, {
      "x" : 1.0,
      "y" : 0.309017,
      "z" : -0.19098301
    }, {
      "x" : -0.309017,
      "y" : -0.809017,
      "z" : 0.618034
    }, {
      "x" : 0.0,
      "y" : -0.690983,
      "z" : 0.809017
    }, {
      "x" : 0.809017,
      "y" : 0.618034,
      "z" : -0.309017
    }, {
      "x" : 0.690983,
      "y" : 0.809017,
      "z" : 0.0
    }, {
      "x" : -0.690983,
      "y" : 0.809017,
      "z" : 0.0
    }, {
      "x" : -0.809017,
      "y" : 0.618034,
      "z" : 0.309017
    }, {
      "x" : -0.309017,
      "y" : 0.809017,
      "z" : 0.618034
    }, {
      "x" : -0.19098301,
      "y" : 1.0,
      "z" : 0.309017
    }, {
      "x" : 0.309017,
      "y" : -0.19098301,
      "z" : -1.0
    }, {
      "x" : 0.19098301,
      "y" : 1.0,
      "z" : 0.309017
    }, {
      "x" : 0.309017,
      "y" : 0.809017,
      "z" : 0.618034
    }, {
      "x" : -0.809017,
      "y" : -0.618034,
      "z" : 0.309017
    }, {
      "x" : -0.690983,
      "y" : -0.809017,
      "z" : 0.0
    }, {
      "x" : 0.0,
      "y" : 0.690983,
      "z" : 0.809017
    }, {
      "x" : 0.309017,
      "y" : -0.809017,
      "z" : -0.618034
    }, {
      "x" : 0.0,
      "y" : -0.690983,
      "z" : -0.809017
    }, {
      "x" : -1.0,
      "y" : 0.309017,
      "z" : 0.19098301
    }, {
      "x" : -0.809017,
      "y" : 0.0,
      "z" : 0.690983
    }, {
      "x" : -0.618034,
      "y" : 0.309017,
      "z" : 0.809017
    }, {
      "x" : 1.0,
      "y" : -0.309017,
      "z" : 0.19098301
    }, {
      "x" : -0.309017,
      "y" : -0.809017,
      "z" : -0.618034
    }, {
      "x" : -1.0,
      "y" : 0.309017,
      "z" : -0.19098301
    }, {
      "x" : -1.0,
      "y" : -0.309017,
      "z" : -0.19098301
    }, {
      "x" : -1.0,
      "y" : -0.309017,
      "z" : 0.19098301
    }, {
      "x" : 0.19098301,
      "y" : 1.0,
      "z" : -0.309017
    }, {
      "x" : -0.809017,
      "y" : 0.618034,
      "z" : -0.309017
    }, {
      "x" : -0.19098301,
      "y" : 1.0,
      "z" : -0.309017
    }, {
      "x" : -0.309017,
      "y" : 0.809017,
      "z" : -0.618034
    }, {
      "x" : -0.618034,
      "y" : -0.309017,
      "z" : 0.809017
    }, {
      "x" : 0.309017,
      "y" : 0.19098301,
      "z" : 1.0
    }, {
      "x" : -0.309017,
      "y" : 0.19098301,
      "z" : -1.0
    }, {
      "x" : -0.309017,
      "y" : 0.19098301,
      "z" : 1.0
    }, {
      "x" : -0.309017,
      "y" : -0.19098301,
      "z" : 1.0
    }, {
      "x" : 0.309017,
      "y" : -0.19098301,
      "z" : 1.0
    }, {
      "x" : 0.690983,
      "y" : -0.809017,
      "z" : 0.0
    }, {
      "x" : -0.809017,
      "y" : 0.0,
      "z" : -0.690983
    }, {
      "x" : -0.618034,
      "y" : -0.309017,
      "z" : -0.809017
    }, {
      "x" : -0.309017,
      "y" : -0.19098301,
      "z" : -1.0
    }, {
      "x" : -0.618034,
      "y" : 0.309017,
      "z" : -0.809017
    }, {
      "x" : -0.809017,
      "y" : -0.618034,
      "z" : -0.309017
    } ],
    "faces" : [ {
      "vertices" : [ 9, 40, 35 ]
    }, {
      "vertices" : [ 9, 35, 34 ]
    }, {
      "vertices" : [ 9, 34, 10 ]
    }, {
      "vertices" : [ 0, 1, 2 ]
    }, {
      "vertices" : [ 33, 51, 49 ]
    }, {
      "vertices" : [ 25, 36, 37 ]
    }, {
      "vertices" : [ 25, 37, 38 ]
    }, {
      "vertices" : [ 41, 55, 42 ]
    }, {
      "vertices" : [ 9, 32, 59 ]
    }, {
      "vertices" : [ 9, 59, 40 ]
    }, {
      "vertices" : [ 20, 21, 52 ]
    }, {
      "vertices" : [ 20, 52, 48 ]
    }, {
      "vertices" : [ 26, 33, 30 ]
    }, {
      "vertices" : [ 26, 30, 29 ]
    }, {
      "vertices" : [ 26, 29, 27 ]
    }, {
      "vertices" : [ 3, 4, 5 ]
    }, {
      "vertices" : [ 3, 5, 6 ]
    }, {
      "vertices" : [ 27, 29, 44 ]
    }, {
      "vertices" : [ 27, 44, 46 ]
    }, {
      "vertices" : [ 50, 57, 56 ]
    }, {
      "vertices" : [ 50, 56, 55 ]
    }, {
      "vertices" : [ 50, 55, 58 ]
    }, {
      "vertices" : [ 26, 38, 51 ]
    }, {
      "vertices" : [ 26, 51, 33 ]
    }, {
      "vertices" : [ 45, 47, 58 ]
    }, {
      "vertices" : [ 18, 28, 57 ]
    }, {
      "vertices" : [ 18, 57, 50 ]
    }, {
      "vertices" : [ 40, 59, 56 ]
    }, {
      "vertices" : [ 31, 48, 37 ]
    }, {
      "vertices" : [ 31, 37, 43 ]
    }, {
      "vertices" : [ 7, 8, 9 ]
    }, {
      "vertices" : [ 7, 9, 10 ]
    }, {
      "vertices" : [ 36, 41, 42 ]
    }, {
      "vertices" : [ 36, 42, 43 ]
    }, {
      "vertices" : [ 24, 46, 47 ]
    }, {
      "vertices" : [ 24, 47, 45 ]
    }, {
      "vertices" : [ 4, 30, 5 ]
    }, {
      "vertices" : [ 15, 47, 46 ]
    }, {
      "vertices" : [ 15, 46, 44 ]
    }, {
      "vertices" : [ 15, 44, 16 ]
    }, {
      "vertices" : [ 15, 50, 58 ]
    }, {
      "vertices" : [ 15, 58, 47 ]
    }, {
      "vertices" : [ 24, 45, 41 ]
    }, {
      "vertices" : [ 24, 41, 36 ]
    }, {
      "vertices" : [ 24, 36, 25 ]
    }, {
      "vertices" : [ 11, 14, 19 ]
    }, {
      "vertices" : [ 3, 6, 39 ]
    }, {
      "vertices" : [ 1, 39, 6 ]
    }, {
      "vertices" : [ 1, 6, 2 ]
    }, {
      "vertices" : [ 8, 32, 9 ]
    }, {
      "vertices" : [ 11, 12, 13 ]
    }, {
      "vertices" : [ 11, 13, 14 ]
    }, {
      "vertices" : [ 16, 22, 17 ]
    }, {
      "vertices" : [ 0, 21, 20 ]
    }, {
      "vertices" : [ 0, 20, 8 ]
    }, {
      "vertices" : [ 0, 8, 7 ]
    }, {
      "vertices" : [ 12, 34, 13 ]
    }, {
      "vertices" : [ 35, 40, 56 ]
    }, {
      "vertices" : [ 35, 56, 57 ]
    }, {
      "vertices" : [ 0, 7, 54 ]
    }, {
      "vertices" : [ 0, 54, 1 ]
    }, {
      "vertices" : [ 15, 16, 17 ]
    }, {
      "vertices" : [ 15, 17, 18 ]
    }, {
      "vertices" : [ 3, 19, 22 ]
    }, {
      "vertices" : [ 3, 22, 23 ]
    }, {
      "vertices" : [ 3, 23, 4 ]
    }, {
      "vertices" : [ 7, 10, 54 ]
    }, {
      "vertices" : [ 41, 45, 58 ]
    }, {
      "vertices" : [ 41, 58, 55 ]
    }, {
      "vertices" : [ 3, 39, 11 ]
    }, {
      "vertices" : [ 3, 11, 19 ]
    }, {
      "vertices" : [ 14, 17, 22 ]
    }, {
      "vertices" : [ 14, 22, 19 ]
    }, {
      "vertices" : [ 0, 2, 53 ]
    }, {
      "vertices" : [ 0, 53, 21 ]
    }, {
      "vertices" : [ 49, 51, 52 ]
    }, {
      "vertices" : [ 49, 52, 53 ]
    }, {
      "vertices" : [ 31, 43, 42 ]
    }, {
      "vertices" : [ 31, 42, 59 ]
    }, {
      "vertices" : [ 31, 59, 32 ]
    }, {
      "vertices" : [ 15, 18, 50 ]
    }, {
      "vertices" : [ 42, 55, 56 ]
    }, {
      "vertices" : [ 42, 56, 59 ]
    }, {
      "vertices" : [ 4, 23, 29 ]
    }, {
      "vertices" : [ 4, 29, 30 ]
    }, {
      "vertices" : [ 25, 38, 26 ]
    }, {
      "vertices" : [ 13, 28, 18 ]
    }, {
      "vertices" : [ 13, 18, 17 ]
    }, {
      "vertices" : [ 13, 17, 14 ]
    }, {
      "vertices" : [ 8, 20, 31 ]
    }, {
      "vertices" : [ 8, 31, 32 ]
    }, {
      "vertices" : [ 23, 44, 29 ]
    }, {
      "vertices" : [ 24, 27, 46 ]
    }, {
      "vertices" : [ 37, 48, 52 ]
    }, {
      "vertices" : [ 37, 52, 51 ]
    }, {
      "vertices" : [ 37, 51, 38 ]
    }, {
      "vertices" : [ 20, 48, 31 ]
    }, {
      "vertices" : [ 24, 25, 26 ]
    }, {
      "vertices" : [ 24, 26, 27 ]
    }, {
      "vertices" : [ 16, 44, 23 ]
    }, {
      "vertices" : [ 16, 23, 22 ]
    }, {
      "vertices" : [ 13, 34, 35 ]
    }, {
      "vertices" : [ 13, 35, 28 ]
    }, {
      "vertices" : [ 10, 34, 12 ]
    }, {
      "vertices" : [ 10, 12, 54 ]
    }, {
      "vertices" : [ 2, 6, 5 ]
    }, {
      "vertices" : [ 2, 5, 49 ]
    }, {
      "vertices" : [ 2, 49, 53 ]
    }, {
      "vertices" : [ 36, 43, 37 ]
    }, {
      "vertices" : [ 5, 30, 33 ]
    }, {
      "vertices" : [ 5, 33, 49 ]
    }, {
      "vertices" : [ 1, 54, 12 ]
    }, {
      "vertices" : [ 1, 12, 11 ]
    }, {
      "vertices" : [ 1, 11, 39 ]
    }, {
      "vertices" : [ 28, 35, 57 ]
    }, {
      "vertices" : [ 21, 53, 52 ]
    } ]
  }, {
    "id" : "9cdbd516-a04c-48ee-b953-1041ce2dcaef",
    "vertices" : [ {
      "x" : 5.854102,
      "y" : 0.309017,
      "z" : 0.19098301
    }, {
      "x" : 5.854102,
      "y" : 0.309017,
      "z" : -0.19098301
    }, {
      "x" : 1.0,
      "y" : 0.309017,
      "z" : -0.19098301
    }, {
      "x" : 1.0,
      "y" : 0.309017,
      "z" : 0.19098301
    }, {
      "x" : 5.854102,
      "y" : -0.309017,
      "z" : 0.19098301
    }, {
      "x" : 1.0,
      "y" : -0.309017,
      "z" : 0.19098301
    }, {
      "x" : 1.0,
      "y" : -0.309017,
      "z" : -0.19098301
    }, {
      "x" : 5.854102,
      "y" : -0.309017,
      "z" : -0.19098301
    }, {
      "x" : 6.854102,
      "y" : 0.0,
      "z" : 0.0
    } ],
    "faces" : [ {
      "vertices" : [ 1, 7, 6 ]
    }, {
      "vertices" : [ 1, 6, 2 ]
    }, {
      "vertices" : [ 0, 1, 2 ]
    }, {
      "vertices" : [ 0, 2, 3 ]
    }, {
      "vertices" : [ 4, 5, 6 ]
    }, {
      "vertices" : [ 4, 6, 7 ]
    }, {
      "vertices" : [ 0, 3, 5 ]
    }, {
      "vertices" : [ 0, 5, 4 ]
    } ]
  }, {
    "id" : "217eb3e0-01a2-4bef-8c86-745a16fff8c6",
    "vertices" : [ {
      "x" : 1.0,
      "y" : -0.309017,
      "z" : -0.19098301
    }, {
      "x" : 0.809017,
      "y" : 0.0,
      "z" : -0.690983
    }, {
      "x" : 1.0,
      "y" : 0.309017,
      "z" : -0.19098301
    }, {
      "x" : 1.809017,
      "y" : 0.0,
      "z" : -0.309017
    }, {
      "x" : 1.618034,
      "y" : 0.309017,
      "z" : -0.809017
    }, {
      "x" : 2.0,
      "y" : 0.309017,
      "z" : -0.19098301
    }, {
      "x" : 1.809017,
      "y" : 0.618034,
      "z" : -0.690983
    }, {
      "x" : 5.854102,
      "y" : 0.690983,
      "z" : -1.427051
    }, {
      "x" : 5.663119,
      "y" : 1.0,
      "z" : -1.927051
    }, {
      "x" : 6.045085,
      "y" : 1.0,
      "z" : -1.309017
    }, {
      "x" : 5.854102,
      "y" : 1.309017,
      "z" : -1.809017
    }, {
      "x" : 6.663119,
      "y" : 1.0,
      "z" : -1.927051
    }, {
      "x" : 6.854102,
      "y" : 1.309017,
      "z" : -1.427051
    }, {
      "x" : 6.663119,
      "y" : 1.618034,
      "z" : -1.927051
    }, {
      "x" : 7.663119,
      "y" : 1.309017,
      "z" : -2.118034
    } ],
    "faces" : [ {
      "vertices" : [ 8, 13, 11 ]
    }, {
      "vertices" : [ 2, 5, 9 ]
    }, {
      "vertices" : [ 2, 9, 10 ]
    }, {
      "vertices" : [ 2, 10, 6 ]
    }, {
      "vertices" : [ 3, 4, 8 ]
    }, {
      "vertices" : [ 3, 8, 11 ]
    }, {
      "vertices" : [ 3, 11, 7 ]
    }, {
      "vertices" : [ 0, 2, 1 ]
    }, {
      "vertices" : [ 11, 13, 12 ]
    }, {
      "vertices" : [ 0, 5, 2 ]
    }, {
      "vertices" : [ 0, 3, 5 ]
    }, {
      "vertices" : [ 0, 1, 4 ]
    }, {
      "vertices" : [ 0, 4, 3 ]
    }, {
      "vertices" : [ 1, 2, 6 ]
    }, {
      "vertices" : [ 1, 6, 4 ]
    }, {
      "vertices" : [ 9, 12, 13 ]
    }, {
      "vertices" : [ 9, 13, 10 ]
    }, {
      "vertices" : [ 3, 7, 9 ]
    }, {
      "vertices" : [ 3, 9, 5 ]
    }, {
      "vertices" : [ 7, 12, 9 ]
    }, {
      "vertices" : [ 4, 6, 10 ]
    }, {
      "vertices" : [ 4, 10, 8 ]
    }, {
      "vertices" : [ 7, 11, 12 ]
    }, {
      "vertices" : [ 8, 10, 13 ]
    } ]
  }, {
    "id" : "01226f07-312c-400a-ab2e-d51bb3a64839",
    "vertices" : [ {
      "x" : 0.690983,
      "y" : 0.809017,
      "z" : 0.0
    }, {
      "x" : 0.809017,
      "y" : 0.618034,
      "z" : -0.309017
    }, {
      "x" : 0.809017,
      "y" : 0.618034,
      "z" : 0.309017
    }, {
      "x" : 1.0,
      "y" : 0.309017,
      "z" : -0.19098301
    }, {
      "x" : 1.0,
      "y" : 0.309017,
      "z" : 0.19098301
    }, {
      "x" : 1.618034,
      "y" : 0.42705098,
      "z" : -0.309017
    }, {
      "x" : 1.618034,
      "y" : 0.42705098,
      "z" : 0.309017
    }, {
      "x" : 1.618034,
      "y" : 0.809017,
      "z" : -0.309017
    }, {
      "x" : 1.618034,
      "y" : 0.809017,
      "z" : 0.309017
    }, {
      "x" : 5.236068,
      "y" : 1.809017,
      "z" : -0.309017
    }, {
      "x" : 5.236068,
      "y" : 1.809017,
      "z" : 0.309017
    }, {
      "x" : 5.236068,
      "y" : 2.190983,
      "z" : -0.309017
    }, {
      "x" : 5.236068,
      "y" : 2.190983,
      "z" : 0.309017
    }, {
      "x" : 5.854102,
      "y" : 2.309017,
      "z" : -0.19098301
    }, {
      "x" : 5.854102,
      "y" : 2.309017,
      "z" : 0.19098301
    }, {
      "x" : 6.045085,
      "y" : 2.0,
      "z" : -0.309017
    }, {
      "x" : 6.045085,
      "y" : 2.0,
      "z" : 0.309017
    }, {
      "x" : 6.163119,
      "y" : 1.809017,
      "z" : 0.0
    }, {
      "x" : 6.854102,
      "y" : 2.618034,
      "z" : 0.0
    } ],
    "faces" : [ {
      "vertices" : [ 5, 7, 11 ]
    }, {
      "vertices" : [ 5, 11, 9 ]
    }, {
      "vertices" : [ 9, 11, 15 ]
    }, {
      "vertices" : [ 9, 17, 10 ]
    }, {
      "vertices" : [ 6, 10, 12 ]
    }, {
      "vertices" : [ 6, 12, 8 ]
    }, {
      "vertices" : [ 10, 16, 12 ]
    }, {
      "vertices" : [ 7, 8, 12 ]
    }, {
      "vertices" : [ 7, 12, 11 ]
    }, {
      "vertices" : [ 11, 13, 15 ]
    }, {
      "vertices" : [ 0, 7, 1 ]
    }, {
      "vertices" : [ 1, 5, 3 ]
    }, {
      "vertices" : [ 9, 15, 17 ]
    }, {
      "vertices" : [ 0, 2, 8 ]
    }, {
      "vertices" : [ 12, 16, 14 ]
    }, {
      "vertices" : [ 0, 1, 3 ]
    }, {
      "vertices" : [ 0, 3, 4 ]
    }, {
      "vertices" : [ 0, 4, 2 ]
    }, {
      "vertices" : [ 10, 17, 16 ]
    }, {
      "vertices" : [ 13, 14, 16 ]
    }, {
      "vertices" : [ 13, 16, 17 ]
    }, {
      "vertices" : [ 13, 17, 15 ]
    }, {
      "vertices" : [ 2, 4, 6 ]
    }, {
      "vertices" : [ 1, 7, 5 ]
    }, {
      "vertices" : [ 0, 8, 7 ]
    }, {
      "vertices" : [ 2, 6, 8 ]
    }, {
      "vertices" : [ 3, 5, 6 ]
    }, {
      "vertices" : [ 3, 6, 4 ]
    }, {
      "vertices" : [ 11, 12, 14 ]
    }, {
      "vertices" : [ 11, 14, 13 ]
    }, {
      "vertices" : [ 5, 9, 10 ]
    }, {
      "vertices" : [ 5, 10, 6 ]
    } ]
  } ],
  "instances" : [ {
    "shape" : "6ca80ab3-4e37-464e-95fe-408fddf892c3",
    "color" : "#FFFFFF",
    "position" : {
      "x" : 0.0,
      "y" : -6.854102,
      "z" : -29.034441
    }
  }, {
    "shape" : "6ca80ab3-4e37-464e-95fe-408fddf892c3",
    "color" : "#FFFFFF",
    "position" : {
      "x" : 14.5172205,
      "y" : 16.635256,
      "z" : 20.062305
    }
  }, {
    "shape" : "9cdbd516-a04c-48ee-b953-1041ce2dcaef",
    "color" : "#007695",
    "position" : {
      "x" : 26.916409,
      "y" : 3.427051,
      "z" : 12.399187
    },
    "orientation" : 16
  }, {
    "shape" : "6ca80ab3-4e37-464e-95fe-408fddf892c3",
    "color" : "#FFFFFF",
    "position" : {
      "x" : 13.208204,
      "y" : 3.427051,
      "z" : -23.489357
    }
  }, {
    "shape" : "6ca80ab3-4e37-464e-95fe-408fddf892c3",
    "color" : "#FFFFFF",
    "position" : {
      "x" : -16.635256,
      "y" : -20.062305,
      "z" : 3.427051
    }
  }, {
    "shape" : "217eb3e0-01a2-4bef-8c86-745a16fff8c6",
    "color" : "#DC4C00",
    "position" : {
      "x" : -2.118034,
      "y" : -21.371323,
      "z" : 16.635256
    },
    "orientation" : 53
  }, {
    "shape" : "217eb3e0-01a2-4bef-8c86-745a16fff8c6",
    "color" : "#DC4C00",
    "position" : {
      "x" : 3.427051,
      "y" : 23.489357,
      "z" : 13.208204
    },
    "orientation" : 59
  }, {
    "shape" : "01226f07-312c-400a-ab2e-d51bb3a64839",
    "color" : "#6C00C6",
    "position" : {
      "x" : -15.326238,
      "y" : -11.09017,
      "z" : -24.798374
    },
    "orientation" : 37
  }, {
    "shape" : "01226f07-312c-400a-ab2e-d51bb3a64839",
    "color" : "#6C00C6",
    "position" : {
      "x" : -8.972136,
      "y" : 21.371323,
      "z" : 12.399187
    },
    "orientation" : 33
  }, {
    "shape" : "9cdbd516-a04c-48ee-b953-1041ce2dcaef",
    "color" : "#007695",
    "position" : {
      "x" : 6.354102,
      "y" : -3.427051,
      "z" : 30.343458
    },
    "orientation" : 24
  }, {
    "shape" : "9cdbd516-a04c-48ee-b953-1041ce2dcaef",
    "color" : "#007695",
    "position" : {
      "x" : 2.118034,
      "y" : 21.371323,
      "z" : -16.635256
    },
    "orientation" : 38
  }, {
    "shape" : "217eb3e0-01a2-4bef-8c86-745a16fff8c6",
    "color" : "#DC4C00",
    "position" : {
      "x" : -13.208204,
      "y" : -3.427051,
      "z" : 23.489357
    },
    "orientation" : 50
  }, {
    "shape" : "6ca80ab3-4e37-464e-95fe-408fddf892c3",
    "color" : "#FFFFFF",
    "position" : {
      "x" : -15.326238,
      "y" : -17.944271,
      "z" : 11.09017
    }
  }, {
    "shape" : "9cdbd516-a04c-48ee-b953-1041ce2dcaef",
    "color" : "#007695",
    "position" : {
      "x" : -6.354102,
      "y" : 3.427051,
      "z" : -30.343458
    },
    "orientation" : 51
  }, {
    "shape" : "9cdbd516-a04c-48ee-b953-1041ce2dcaef",
    "color" : "#007695",
    "position" : {
      "x" : 10.281153,
      "y" : -23.489357,
      "z" : -4.736068
    },
    "orientation" : 41
  }, {
    "shape" : "01226f07-312c-400a-ab2e-d51bb3a64839",
    "color" : "#6C00C6",
    "position" : {
      "x" : 26.916409,
      "y" : -3.427051,
      "z" : 12.399187
    },
    "orientation" : 22
  }, {
    "shape" : "9cdbd516-a04c-48ee-b953-1041ce2dcaef",
    "color" : "#007695",
    "position" : {
      "x" : 18.753288,
      "y" : 12.399187,
      "z" : -13.208204
    },
    "orientation" : 51
  }, {
    "shape" : "6ca80ab3-4e37-464e-95fe-408fddf892c3",
    "color" : "#FFFFFF",
    "position" : {
      "x" : -13.208204,
      "y" : 3.427051,
      "z" : 23.489357
    }
  }, {
    "shape" : "217eb3e0-01a2-4bef-8c86-745a16fff8c6",
    "color" : "#DC4C00",
    "position" : {
      "x" : -22.68034,
      "y" : -14.5172205,
      "z" : -9.781153
    },
    "orientation" : 2
  }, {
    "shape" : "6ca80ab3-4e37-464e-95fe-408fddf892c3",
    "color" : "#FFFFFF",
    "position" : {
      "x" : -24.298374,
      "y" : -3.427051,
      "z" : -19.253288
    }
  }, {
    "shape" : "6ca80ab3-4e37-464e-95fe-408fddf892c3",
    "color" : "#FFFFFF",
    "position" : {
      "x" : 21.371323,
      "y" : -16.635256,
      "z" : 2.118034
    }
  }, {
    "shape" : "6ca80ab3-4e37-464e-95fe-408fddf892c3",
    "color" : "#FFFFFF",
    "position" : {
      "x" : -15.326238,
      "y" : -11.09017,
      "z" : -24.798374
    }
  }, {
    "shape" : "9cdbd516-a04c-48ee-b953-1041ce2dcaef",
    "color" : "#007695",
    "position" : {
      "x" : -15.326238,
      "y" : 17.944271,
      "z" : 11.09017
    },
    "orientation" : 39
  }, {
    "shape" : "01226f07-312c-400a-ab2e-d51bb3a64839",
    "color" : "#6C00C6",
    "position" : {
      "x" : -18.753288,
      "y" : -12.399187,
      "z" : 13.208204
    },
    "orientation" : 10
  }, {
    "shape" : "6ca80ab3-4e37-464e-95fe-408fddf892c3",
    "color" : "#FFFFFF",
    "position" : {
      "x" : -21.371323,
      "y" : 16.635256,
      "z" : -2.118034
    }
  }, {
    "shape" : "6ca80ab3-4e37-464e-95fe-408fddf892c3",
    "color" : "#FFFFFF",
    "position" : {
      "x" : 20.871323,
      "y" : -8.972136,
      "z" : 21.371323
    }
  }, {
    "shape" : "6ca80ab3-4e37-464e-95fe-408fddf892c3",
    "color" : "#FFFFFF",
    "position" : {
      "x" : 24.298374,
      "y" : 3.427051,
      "z" : 19.253288
    }
  }, {
    "shape" : "9cdbd516-a04c-48ee-b953-1041ce2dcaef",
    "color" : "#007695",
    "position" : {
      "x" : -24.298374,
      "y" : -3.427051,
      "z" : -19.253288
    },
    "orientation" : 1
  }, {
    "shape" : "01226f07-312c-400a-ab2e-d51bb3a64839",
    "color" : "#6C00C6",
    "position" : {
      "x" : 26.107391,
      "y" : 8.972136,
      "z" : 7.663119
    },
    "orientation" : 37
  }, {
    "shape" : "01226f07-312c-400a-ab2e-d51bb3a64839",
    "color" : "#6C00C6",
    "position" : {
      "x" : -26.916409,
      "y" : 3.427051,
      "z" : -12.399187
    },
    "orientation" : 10
  }, {
    "shape" : "9cdbd516-a04c-48ee-b953-1041ce2dcaef",
    "color" : "#007695",
    "position" : {
      "x" : -6.354102,
      "y" : -3.427051,
      "z" : 27.725426
    },
    "orientation" : 1
  }, {
    "shape" : "6ca80ab3-4e37-464e-95fe-408fddf892c3",
    "color" : "#FFFFFF",
    "position" : {
      "x" : 6.354102,
      "y" : 3.427051,
      "z" : 30.343458
    }
  }, {
    "shape" : "217eb3e0-01a2-4bef-8c86-745a16fff8c6",
    "color" : "#DC4C00",
    "position" : {
      "x" : 22.68034,
      "y" : -3.427051,
      "z" : -12.399187
    },
    "orientation" : 50
  }, {
    "shape" : "01226f07-312c-400a-ab2e-d51bb3a64839",
    "color" : "#6C00C6",
    "position" : {
      "x" : 17.944271,
      "y" : -6.854102,
      "z" : -17.944271
    },
    "orientation" : 37
  }, {
    "shape" : "6ca80ab3-4e37-464e-95fe-408fddf892c3",
    "color" : "#FFFFFF",
    "position" : {
      "x" : -22.68034,
      "y" : 3.427051,
      "z" : 12.399187
    }
  }, {
    "shape" : "6ca80ab3-4e37-464e-95fe-408fddf892c3",
    "color" : "#FFFFFF",
    "position" : {
      "x" : -2.618034,
      "y" : -17.944271,
      "z" : -22.18034
    }
  }, {
    "shape" : "6ca80ab3-4e37-464e-95fe-408fddf892c3",
    "color" : "#FFFFFF",
    "position" : {
      "x" : -10.281153,
      "y" : 23.489357,
      "z" : 4.736068
    }
  }, {
    "shape" : "6ca80ab3-4e37-464e-95fe-408fddf892c3",
    "color" : "#FFFFFF",
    "position" : {
      "x" : 0.0,
      "y" : 6.854102,
      "z" : 29.034441
    }
  }, {
    "shape" : "9cdbd516-a04c-48ee-b953-1041ce2dcaef",
    "color" : "#007695",
    "position" : {
      "x" : 13.208204,
      "y" : 3.427051,
      "z" : -23.489357
    },
    "orientation" : 16
  }, {
    "shape" : "6ca80ab3-4e37-464e-95fe-408fddf892c3",
    "color" : "#FFFFFF",
    "position" : {
      "x" : 15.326238,
      "y" : -17.944271,
      "z" : -11.09017
    }
  }, {
    "shape" : "217eb3e0-01a2-4bef-8c86-745a16fff8c6",
    "color" : "#DC4C00",
    "position" : {
      "x" : -3.427051,
      "y" : -23.489357,
      "z" : -13.208204
    },
    "orientation" : 2
  }, {
    "shape" : "9cdbd516-a04c-48ee-b953-1041ce2dcaef",
    "color" : "#007695",
    "position" : {
      "x" : -9.781153,
      "y" : -8.972136,
      "z" : -28.225426
    },
    "orientation" : 6
  }, {
    "shape" : "6ca80ab3-4e37-464e-95fe-408fddf892c3",
    "color" : "#FFFFFF",
    "position" : {
      "x" : -14.5172205,
      "y" : 16.635256,
      "z" : -20.062305
    }
  }, {
    "shape" : "01226f07-312c-400a-ab2e-d51bb3a64839",
    "color" : "#6C00C6",
    "position" : {
      "x" : -14.5172205,
      "y" : 16.635256,
      "z" : -20.062305
    },
    "orientation" : 22
  }, {
    "shape" : "6ca80ab3-4e37-464e-95fe-408fddf892c3",
    "color" : "#FFFFFF",
    "position" : {
      "x" : -15.326238,
      "y" : 11.09017,
      "z" : -24.798374
    }
  }, {
    "shape" : "9cdbd516-a04c-48ee-b953-1041ce2dcaef",
    "color" : "#007695",
    "position" : {
      "x" : -20.062305,
      "y" : -14.5172205,
      "z" : -16.635256
    },
    "orientation" : 26
  }, {
    "shape" : "217eb3e0-01a2-4bef-8c86-745a16fff8c6",
    "color" : "#DC4C00",
    "position" : {
      "x" : 2.118034,
      "y" : -21.371323,
      "z" : -16.635256
    },
    "orientation" : 56
  }, {
    "shape" : "6ca80ab3-4e37-464e-95fe-408fddf892c3",
    "color" : "#FFFFFF",
    "position" : {
      "x" : -24.298374,
      "y" : 3.427051,
      "z" : -19.253288
    }
  }, {
    "shape" : "01226f07-312c-400a-ab2e-d51bb3a64839",
    "color" : "#6C00C6",
    "position" : {
      "x" : -20.871323,
      "y" : -8.972136,
      "z" : -21.371323
    },
    "orientation" : 37
  }, {
    "shape" : "9cdbd516-a04c-48ee-b953-1041ce2dcaef",
    "color" : "#007695",
    "position" : {
      "x" : -20.871323,
      "y" : -8.972136,
      "z" : -21.371323
    },
    "orientation" : 51
  }, {
    "shape" : "9cdbd516-a04c-48ee-b953-1041ce2dcaef",
    "color" : "#007695",
    "position" : {
      "x" : 15.326238,
      "y" : -11.09017,
      "z" : 24.798374
    },
    "orientation" : 23
  }, {
    "shape" : "217eb3e0-01a2-4bef-8c86-745a16fff8c6",
    "color" : "#DC4C00",
    "position" : {
      "x" : -24.798374,
      "y" : -11.09017,
      "z" : 0.0
    },
    "orientation" : 14
  }, {
    "shape" : "01226f07-312c-400a-ab2e-d51bb3a64839",
    "color" : "#6C00C6",
    "position" : {
      "x" : -9.781153,
      "y" : 8.972136,
      "z" : -28.225426
    },
    "orientation" : 12
  }, {
    "shape" : "217eb3e0-01a2-4bef-8c86-745a16fff8c6",
    "color" : "#DC4C00",
    "position" : {
      "x" : 21.371323,
      "y" : -16.635256,
      "z" : 2.118034
    },
    "orientation" : 50
  }, {
    "shape" : "01226f07-312c-400a-ab2e-d51bb3a64839",
    "color" : "#6C00C6",
    "position" : {
      "x" : 14.5172205,
      "y" : -16.635256,
      "z" : 20.062305
    },
    "orientation" : 10
  }, {
    "shape" : "217eb3e0-01a2-4bef-8c86-745a16fff8c6",
    "color" : "#DC4C00",
    "position" : {
      "x" : 18.753288,
      "y" : 12.399187,
      "z" : -13.208204
    },
    "orientation" : 5
  }, {
    "shape" : "217eb3e0-01a2-4bef-8c86-745a16fff8c6",
    "color" : "#DC4C00",
    "position" : {
      "x" : -24.798374,
      "y" : 11.09017,
      "z" : 0.0
    },
    "orientation" : 2
  }, {
    "shape" : "217eb3e0-01a2-4bef-8c86-745a16fff8c6",
    "color" : "#DC4C00",
    "position" : {
      "x" : -16.635256,
      "y" : -20.062305,
      "z" : 3.427051
    },
    "orientation" : 56
  }, {
    "shape" : "6ca80ab3-4e37-464e-95fe-408fddf892c3",
    "color" : "#FFFFFF",
    "position" : {
      "x" : 17.944271,
      "y" : 6.854102,
      "z" : -17.944271
    }
  }, {
    "shape" : "6ca80ab3-4e37-464e-95fe-408fddf892c3",
    "color" : "#FFFFFF",
    "position" : {
      "x" : 22.68034,
      "y" : 3.427051,
      "z" : -12.399187
    }
  }, {
    "shape" : "9cdbd516-a04c-48ee-b953-1041ce2dcaef",
    "color" : "#007695",
    "position" : {
      "x" : 0.0,
      "y" : 6.854102,
      "z" : -29.034441
    },
    "orientation" : 51
  }, {
    "shape" : "6ca80ab3-4e37-464e-95fe-408fddf892c3",
    "color" : "#FFFFFF",
    "position" : {
      "x" : 6.354102,
      "y" : -3.427051,
      "z" : 30.343458
    }
  }, {
    "shape" : "01226f07-312c-400a-ab2e-d51bb3a64839",
    "color" : "#6C00C6",
    "position" : {
      "x" : 16.635256,
      "y" : 20.062305,
      "z" : -3.427051
    },
    "orientation" : 57
  }, {
    "shape" : "01226f07-312c-400a-ab2e-d51bb3a64839",
    "color" : "#6C00C6",
    "position" : {
      "x" : -22.68034,
      "y" : 14.5172205,
      "z" : -9.781153
    },
    "orientation" : 17
  }, {
    "shape" : "9cdbd516-a04c-48ee-b953-1041ce2dcaef",
    "color" : "#007695",
    "position" : {
      "x" : -2.118034,
      "y" : -21.371323,
      "z" : 16.635256
    },
    "orientation" : 26
  }, {
    "shape" : "217eb3e0-01a2-4bef-8c86-745a16fff8c6",
    "color" : "#DC4C00",
    "position" : {
      "x" : 16.635256,
      "y" : 20.062305,
      "z" : -3.427051
    },
    "orientation" : 47
  }, {
    "shape" : "9cdbd516-a04c-48ee-b953-1041ce2dcaef",
    "color" : "#007695",
    "position" : {
      "x" : 21.371323,
      "y" : -16.635256,
      "z" : 2.118034
    },
    "orientation" : 6
  }, {
    "shape" : "9cdbd516-a04c-48ee-b953-1041ce2dcaef",
    "color" : "#007695",
    "position" : {
      "x" : -4.736068,
      "y" : 25.607391,
      "z" : 1.309017
    },
    "orientation" : 41
  }, {
    "shape" : "6ca80ab3-4e37-464e-95fe-408fddf892c3",
    "color" : "#FFFFFF",
    "position" : {
      "x" : 0.0,
      "y" : 6.854102,
      "z" : -29.034441
    }
  }, {
    "shape" : "6ca80ab3-4e37-464e-95fe-408fddf892c3",
    "color" : "#FFFFFF",
    "position" : {
      "x" : -8.163119,
      "y" : 20.062305,
      "z" : -18.753288
    }
  }, {
    "shape" : "6ca80ab3-4e37-464e-95fe-408fddf892c3",
    "color" : "#FFFFFF",
    "position" : {
      "x" : 20.062305,
      "y" : -14.5172205,
      "z" : 16.635256
    }
  }, {
    "shape" : "217eb3e0-01a2-4bef-8c86-745a16fff8c6",
    "color" : "#DC4C00",
    "position" : {
      "x" : 23.489357,
      "y" : -8.972136,
      "z" : -7.663119
    },
    "orientation" : 2
  }, {
    "shape" : "9cdbd516-a04c-48ee-b953-1041ce2dcaef",
    "color" : "#007695",
    "position" : {
      "x" : -24.798374,
      "y" : -11.09017,
      "z" : 0.0
    },
    "orientation" : 24
  }, {
    "shape" : "217eb3e0-01a2-4bef-8c86-745a16fff8c6",
    "color" : "#DC4C00",
    "position" : {
      "x" : -23.489357,
      "y" : 8.972136,
      "z" : 7.663119
    },
    "orientation" : 11
  }, {
    "shape" : "6ca80ab3-4e37-464e-95fe-408fddf892c3",
    "color" : "#FFFFFF",
    "position" : {
      "x" : 4.736068,
      "y" : -25.607391,
      "z" : -1.309017
    }
  }, {
    "shape" : "6ca80ab3-4e37-464e-95fe-408fddf892c3",
    "color" : "#FFFFFF",
    "position" : {
      "x" : 21.371323,
      "y" : 16.635256,
      "z" : 2.118034
    }
  }, {
    "shape" : "9cdbd516-a04c-48ee-b953-1041ce2dcaef",
    "color" : "#007695",
    "position" : {
      "x" : -22.68034,
      "y" : 14.5172205,
      "z" : -9.781153
    },
    "orientation" : 39
  }, {
    "shape" : "9cdbd516-a04c-48ee-b953-1041ce2dcaef",
    "color" : "#007695",
    "position" : {
      "x" : 6.354102,
      "y" : -3.427051,
      "z" : 30.343458
    },
    "orientation" : 1
  }, {
    "shape" : "217eb3e0-01a2-4bef-8c86-745a16fff8c6",
    "color" : "#DC4C00",
    "position" : {
      "x" : -17.944271,
      "y" : -6.854102,
      "z" : 17.944271
    },
    "orientation" : 56
  }, {
    "shape" : "217eb3e0-01a2-4bef-8c86-745a16fff8c6",
    "color" : "#DC4C00",
    "position" : {
      "x" : 2.118034,
      "y" : 25.607391,
      "z" : 5.545085
    },
    "orientation" : 53
  }, {
    "shape" : "01226f07-312c-400a-ab2e-d51bb3a64839",
    "color" : "#6C00C6",
    "position" : {
      "x" : -6.354102,
      "y" : 3.427051,
      "z" : -30.343458
    },
    "orientation" : 12
  }, {
    "shape" : "217eb3e0-01a2-4bef-8c86-745a16fff8c6",
    "color" : "#DC4C00",
    "position" : {
      "x" : -3.427051,
      "y" : 23.489357,
      "z" : -13.208204
    },
    "orientation" : 14
  }, {
    "shape" : "9cdbd516-a04c-48ee-b953-1041ce2dcaef",
    "color" : "#007695",
    "position" : {
      "x" : -15.326238,
      "y" : 11.09017,
      "z" : -24.798374
    },
    "orientation" : 41
  }, {
    "shape" : "6ca80ab3-4e37-464e-95fe-408fddf892c3",
    "color" : "#FFFFFF",
    "position" : {
      "x" : 15.326238,
      "y" : 17.944271,
      "z" : -11.09017
    }
  }, {
    "shape" : "9cdbd516-a04c-48ee-b953-1041ce2dcaef",
    "color" : "#007695",
    "position" : {
      "x" : -24.798374,
      "y" : 11.09017,
      "z" : 0.0
    },
    "orientation" : 6
  }, {
