{
  "polygons" : "true",
  "field" : "golden",
  "symmetry" : "icosahedral",
  "orientations" : [ [ 1.0, 0.0, 0.0, 0.0, 0.0, 1.0, 0.0, 0.0, 0.0, 0.0, 1.0, 0.0, 0.0, 0.0, 0.0, 1.0 ], [ 0.0, 0.0, 1.0, 0.0, 1.0, 0.0, 0.0, 0.0, 0.0, 1.0, 0.0, 0.0, 0.0, 0.0, 0.0, 1.0 ], [ 0.0, 1.0, 0.0, 0.0, 0.0, 0.0, 1.0, 0.0, 1.0, 0.0, 0.0, 0.0, 0.0, 0.0, 0.0, 1.0 ], [ 0.809017, 0.309017, 0.5, 0.0, 0.309017, 0.5, -0.809017, 0.0, -0.5, 0.809017, 0.309017, 0.0, 0.0, 0.0, 0.0, 1.0 ], [ -0.5, 0.809017, 0.309017, 0.0, 0.809017, 0.309017, 0.5, 0.0, 0.309017, 0.5, -0.809017, 0.0, 0.0, 0.0, 0.0, 1.0 ], [ 0.309017, 0.5, -0.809017, 0.0, -0.5, 0.809017, 0.309017, 0.0, 0.809017, 0.309017, 0.5, 0.0, 0.0, 0.0, 0.0, 1.0 ], [ 0.5, 0.809017, 0.309017, 0.0, 0.809017, -0.309017, -0.5, 0.0, -0.309017, 0.5, -0.809017, 0.0, 0.0, 0.0, 0.0, 1.0 ], [ -0.309017, 0.5, -0.809017, 0.0, 0.5, 0.809017, 0.309017, 0.0, 0.809017, -0.309017, -0.5, 0.0, 0.0, 0.0, 0.0, 1.0 ], [ 0.809017, -0.309017, -0.5, 0.0, -0.309017, 0.5, -0.809017, 0.0, 0.5, 0.809017, 0.309017, 0.0, 0.0, 0.0, 0.0, 1.0 ], [ 0.5, 0.809017, -0.309017, 0.0, 0.809017, -0.309017, 0.5, 0.0, 0.309017, -0.5, -0.809017, 0.0, 0.0, 0.0, 0.0, 1.0 ], [ 0.309017, -0.5, -0.809017, 0.0, 0.5, 0.809017, -0.309017, 0.0, 0.809017, -0.309017, 0.5, 0.0, 0.0, 0.0, 0.0, 1.0 ], [ 0.809017, -0.309017, 0.5, 0.0, 0.309017, -0.5, -0.809017, 0.0, 0.5, 0.809017, -0.309017, 0.0, 0.0, 0.0, 0.0, 1.0 ], [ 0.809017, 0.309017, -0.5, 0.0, 0.309017, 0.5, 0.809017, 0.0, 0.5, -0.809017, 0.309017, 0.0, 0.0, 0.0, 0.0, 1.0 ], [ 0.5, -0.809017, 0.309017, 0.0, 0.809017, 0.309017, -0.5, 0.0, 0.309017, 0.5, 0.809017, 0.0, 0.0, 0.0, 0.0, 1.0 ], [ 0.309017, 0.5, 0.809017, 0.0, 0.5, -0.809017, 0.309017, 0.0, 0.809017, 0.309017, -0.5, 0.0, 0.0, 0.0, 0.0, 1.0 ], [ 1.0, 0.0, 0.0, 0.0, 0.0, -1.0, 0.0, 0.0, 0.0, 0.0, -1.0, 0.0, 0.0, 0.0, 0.0, 1.0 ], [ 0.0, 0.0, 1.0, 0.0, -1.0, 0.0, 0.0, 0.0, 0.0, -1.0, 0.0, 0.0, 0.0, 0.0, 0.0, 1.0 ], [ 0.0, 1.0, 0.0, 0.0, 0.0, 0.0, -1.0, 0.0, -1.0, 0.0, 0.0, 0.0, 0.0, 0.0, 0.0, 1.0 ], [ 0.809017, 0.309017, 0.5, 0.0, -0.309017, -0.5, 0.809017, 0.0, 0.5, -0.809017, -0.309017, 0.0, 0.0, 0.0, 0.0, 1.0 ], [ -0.5, 0.809017, 0.309017, 0.0, -0.809017, -0.309017, -0.5, 0.0, -0.309017, -0.5, 0.809017, 0.0, 0.0, 0.0, 0.0, 1.0 ], [ 0.309017, 0.5, -0.809017, 0.0, 0.5, -0.809017, -0.309017, 0.0, -0.809017, -0.309017, -0.5, 0.0, 0.0, 0.0, 0.0, 1.0 ], [ 0.5, 0.809017, 0.309017, 0.0, -0.809017, 0.309017, 0.5, 0.0, 0.309017, -0.5, 0.809017, 0.0, 0.0, 0.0, 0.0, 1.0 ], [ -0.309017, 0.5, -0.809017, 0.0, -0.5, -0.809017, -0.309017, 0.0, -0.809017, 0.309017, 0.5, 0.0, 0.0, 0.0, 0.0, 1.0 ], [ 0.809017, -0.309017, -0.5, 0.0, 0.309017, -0.5, 0.809017, 0.0, -0.5, -0.809017, -0.309017, 0.0, 0.0, 0.0, 0.0, 1.0 ], [ 0.5, 0.809017, -0.309017, 0.0, -0.809017, 0.309017, -0.5, 0.0, -0.309017, 0.5, 0.809017, 0.0, 0.0, 0.0, 0.0, 1.0 ], [ 0.309017, -0.5, -0.809017, 0.0, -0.5, -0.809017, 0.309017, 0.0, -0.809017, 0.309017, -0.5, 0.0, 0.0, 0.0, 0.0, 1.0 ], [ 0.809017, -0.309017, 0.5, 0.0, -0.309017, 0.5, 0.809017, 0.0, -0.5, -0.809017, 0.309017, 0.0, 0.0, 0.0, 0.0, 1.0 ], [ 0.809017, 0.309017, -0.5, 0.0, -0.309017, -0.5, -0.809017, 0.0, -0.5, 0.809017, -0.309017, 0.0, 0.0, 0.0, 0.0, 1.0 ], [ 0.5, -0.809017, 0.309017, 0.0, -0.809017, -0.309017, 0.5, 0.0, -0.309017, -0.5, -0.809017, 0.0, 0.0, 0.0, 0.0, 1.0 ], [ 0.309017, 0.5, 0.809017, 0.0, -0.5, 0.809017, -0.309017, 0.0, -0.809017, -0.309017, 0.5, 0.0, 0.0, 0.0, 0.0, 1.0 ], [ -1.0, 0.0, 0.0, 0.0, 0.0, -1.0, 0.0, 0.0, 0.0, 0.0, 1.0, 0.0, 0.0, 0.0, 0.0, 1.0 ], [ 0.0, 0.0, -1.0, 0.0, -1.0, 0.0, 0.0, 0.0, 0.0, 1.0, 0.0, 0.0, 0.0, 0.0, 0.0, 1.0 ], [ 0.0, -1.0, 0.0, 0.0, 0.0, 0.0, -1.0, 0.0, 1.0, 0.0, 0.0, 0.0, 0.0, 0.0, 0.0, 1.0 ], [ -0.809017, -0.309017, -0.5, 0.0, -0.309017, -0.5, 0.809017, 0.0, -0.5, 0.809017, 0.309017, 0.0, 0.0, 0.0, 0.0, 1.0 ], [ 0.5, -0.809017, -0.309017, 0.0, -0.809017, -0.309017, -0.5, 0.0, 0.309017, 0.5, -0.809017, 0.0, 0.0, 0.0, 0.0, 1.0 ], [ -0.309017, -0.5, 0.809017, 0.0, 0.5, -0.809017, -0.309017, 0.0, 0.809017, 0.309017, 0.5, 0.0, 0.0, 0.0, 0.0, 1.0 ], [ -0.5, -0.809017, -0.309017, 0.0, -0.809017, 0.309017, 0.5, 0.0, -0.309017, 0.5, -0.809017, 0.0, 0.0, 0.0, 0.0, 1.0 ], [ 0.309017, -0.5, 0.809017, 0.0, -0.5, -0.809017, -0.309017, 0.0, 0.809017, -0.309017, -0.5, 0.0, 0.0, 0.0, 0.0, 1.0 ], [ -0.809017, 0.309017, 0.5, 0.0, 0.309017, -0.5, 0.809017, 0.0, 0.5, 0.809017, 0.309017, 0.0, 0.0, 0.0, 0.0, 1.0 ], [ -0.5, -0.809017, 0.309017, 0.0, -0.809017, 0.309017, -0.5, 0.0, 0.309017, -0.5, -0.809017, 0.0, 0.0, 0.0, 0.0, 1.0 ], [ -0.309017, 0.5, 0.809017, 0.0, -0.5, -0.809017, 0.309017, 0.0, 0.809017, -0.309017, 0.5, 0.0, 0.0, 0.0, 0.0, 1.0 ], [ -0.809017, 0.309017, -0.5, 0.0, -0.309017, 0.5, 0.809017, 0.0, 0.5, 0.809017, -0.309017, 0.0, 0.0, 0.0, 0.0, 1.0 ], [ -0.809017, -0.309017, 0.5, 0.0, -0.309017, -0.5, -0.809017, 0.0, 0.5, -0.809017, 0.309017, 0.0, 0.0, 0.0, 0.0, 1.0 ], [ -0.5, 0.809017, -0.309017, 0.0, -0.809017, -0.309017, 0.5, 0.0, 0.309017, 0.5, 0.809017, 0.0, 0.0, 0.0, 0.0, 1.0 ], [ -0.309017, -0.5, -0.809017, 0.0, -0.5, 0.809017, -0.309017, 0.0, 0.809017, 0.309017, -0.5, 0.0, 0.0, 0.0, 0.0, 1.0 ], [ -1.0, 0.0, 0.0, 0.0, 0.0, 1.0, 0.0, 0.0, 0.0, 0.0, -1.0, 0.0, 0.0, 0.0, 0.0, 1.0 ], [ 0.0, 0.0, -1.0, 0.0, 1.0, 0.0, 0.0, 0.0, 0.0, -1.0, 0.0, 0.0, 0.0, 0.0, 0.0, 1.0 ], [ 0.0, -1.0, 0.0, 0.0, 0.0, 0.0, 1.0, 0.0, -1.0, 0.0, 0.0, 0.0, 0.0, 0.0, 0.0, 1.0 ], [ -0.809017, -0.309017, -0.5, 0.0, 0.309017, 0.5, -0.809017, 0.0, 0.5, -0.809017, -0.309017, 0.0, 0.0, 0.0, 0.0, 1.0 ], [ 0.5, -0.809017, -0.309017, 0.0, 0.809017, 0.309017, 0.5, 0.0, -0.309017, -0.5, 0.809017, 0.0, 0.0, 0.0, 0.0, 1.0 ], [ -0.309017, -0.5, 0.809017, 0.0, -0.5, 0.809017, 0.309017, 0.0, -0.809017, -0.309017, -0.5, 0.0, 0.0, 0.0, 0.0, 1.0 ], [ -0.5, -0.809017, -0.309017, 0.0, 0.809017, -0.309017, -0.5, 0.0, 0.309017, -0.5, 0.809017, 0.0, 0.0, 0.0, 0.0, 1.0 ], [ 0.309017, -0.5, 0.809017, 0.0, 0.5, 0.809017, 0.309017, 0.0, -0.809017, 0.309017, 0.5, 0.0, 0.0, 0.0, 0.0, 1.0 ], [ -0.809017, 0.309017, 0.5, 0.0, -0.309017, 0.5, -0.809017, 0.0, -0.5, -0.809017, -0.309017, 0.0, 0.0, 0.0, 0.0, 1.0 ], [ -0.5, -0.809017, 0.309017, 0.0, 0.809017, -0.309017, 0.5, 0.0, -0.309017, 0.5, 0.809017, 0.0, 0.0, 0.0, 0.0, 1.0 ], [ -0.309017, 0.5, 0.809017, 0.0, 0.5, 0.809017, -0.309017, 0.0, -0.809017, 0.309017, -0.5, 0.0, 0.0, 0.0, 0.0, 1.0 ], [ -0.809017, 0.309017, -0.5, 0.0, 0.309017, -0.5, -0.809017, 0.0, -0.5, -0.809017, 0.309017, 0.0, 0.0, 0.0, 0.0, 1.0 ], [ -0.809017, -0.309017, 0.5, 0.0, 0.309017, 0.5, 0.809017, 0.0, -0.5, 0.809017, -0.309017, 0.0, 0.0, 0.0, 0.0, 1.0 ], [ -0.5, 0.809017, -0.309017, 0.0, 0.809017, 0.309017, -0.5, 0.0, -0.309017, -0.5, -0.809017, 0.0, 0.0, 0.0, 0.0, 1.0 ], [ -0.309017, -0.5, -0.809017, 0.0, 0.5, -0.809017, 0.309017, 0.0, -0.809017, -0.309017, 0.5, 0.0, 0.0, 0.0, 0.0, 1.0 ] ],
  "lights" : {
    "directionalLights" : [ {
      "direction" : [ 1.0, -1.0, -1.0 ],
      "color" : "#EBEBE4"
    }, {
      "direction" : [ -1.0, 0.0, 0.0 ],
      "color" : "#E4E4EB"
    }, {
      "direction" : [ 0.0, 0.0, -1.0 ],
      "color" : "#1E1E1E"
    } ],
    "ambientColor" : "#292929",
    "backgroundColor" : "#AFC8DC"
  },
  "camera" : {
    "position" : {
      "x" : 172.76346,
      "y" : -307.87228,
      "z" : -75.4209
    },
    "lookAtPoint" : {
      "x" : 0.0,
      "y" : 0.0,
      "z" : 0.0
    },
    "lookDirection" : {
      "x" : -0.4785684,
      "y" : 0.8528305,
      "z" : 0.20892183
    },
    "upDirection" : {
      "x" : 0.16870934,
      "y" : 0.3228166,
      "z" : -0.9313007
    },
    "nearClipDistance" : 0.90250075,
    "farClipDistance" : 722.0023,
    "perspective" : true,
    "fieldOfView" : 0.44262907,
    "viewDistance" : 361.00055,
    "lookAtPointRV" : {
      "x" : 0.0,
      "y" : 0.0,
      "z" : 0.0,
      "zero" : true
    },
    "lookDirectionRV" : {
      "x" : -0.4785684,
      "y" : 0.8528305,
      "z" : 0.20892183,
      "zero" : false
    },
    "upDirectionRV" : {
      "x" : 0.16870934,
      "y" : 0.3228166,
      "z" : -0.9313007,
      "zero" : false
    },
    "stereo" : false,
    "width" : 162.45032
  },
  "embedding" : [ 1.0, 0.0, 0.0, 0.0, 0.0, 1.0, 0.0, 0.0, 0.0, 0.0, 1.0, 0.0, 0.0, 0.0, 0.0, 1.0 ],
  "shapes" : [ {
    "id" : "5bcec280-baf3-4706-b4b7-cf1d7d332d09",
    "name" : "ball",
    "vertices" : [ {
      "x" : 0.309017,
      "y" : -0.809017,
      "z" : 0.618034
    }, {
      "x" : 0.809017,
      "y" : -0.618034,
      "z" : 0.309017
    }, {
      "x" : 0.618034,
      "y" : -0.309017,
      "z" : 0.809017
    }, {
      "x" : 1.0,
      "y" : 0.309017,
      "z" : 0.19098301
    }, {
      "x" : 0.809017,
      "y" : 0.618034,
      "z" : 0.309017
    }, {
      "x" : 0.618034,
      "y" : 0.309017,
      "z" : 0.809017
    }, {
      "x" : 0.809017,
      "y" : 0.0,
      "z" : 0.690983
    }, {
      "x" : 0.19098301,
      "y" : -1.0,
      "z" : 0.309017
    }, {
      "x" : -0.19098301,
      "y" : -1.0,
      "z" : 0.309017
    }, {
      "x" : -0.19098301,
      "y" : -1.0,
      "z" : -0.309017
    }, {
      "x" : 0.19098301,
      "y" : -1.0,
      "z" : -0.309017
    }, {
      "x" : 1.0,
      "y" : -0.309017,
      "z" : -0.19098301
    }, {
      "x" : 0.809017,
      "y" : -0.618034,
      "z" : -0.309017
    }, {
      "x" : 0.618034,
      "y" : -0.309017,
      "z" : -0.809017
    }, {
      "x" : 0.809017,
      "y" : 0.0,
      "z" : -0.690983
    }, {
      "x" : 0.0,
      "y" : 0.690983,
      "z" : -0.809017
    }, {
      "x" : 0.309017,
      "y" : 0.809017,
      "z" : -0.618034
    }, {
      "x" : 0.618034,
      "y" : 0.309017,
      "z" : -0.809017
    }, {
      "x" : 0.309017,
      "y" : 0.19098301,
      "z" : -1.0
    }, {
      "x" : 1.0,
      "y" : 0.309017,
      "z" : -0.19098301
    }, {
      "x" : -0.309017,
      "y" : -0.809017,
      "z" : 0.618034
    }, {
      "x" : 0.0,
      "y" : -0.690983,
      "z" : 0.809017
    }, {
      "x" : 0.809017,
      "y" : 0.618034,
      "z" : -0.309017
    }, {
      "x" : 0.690983,
      "y" : 0.809017,
      "z" : 0.0
    }, {
      "x" : -0.690983,
      "y" : 0.809017,
      "z" : 0.0
    }, {
      "x" : -0.809017,
      "y" : 0.618034,
      "z" : 0.309017
    }, {
      "x" : -0.309017,
      "y" : 0.809017,
      "z" : 0.618034
    }, {
      "x" : -0.19098301,
      "y" : 1.0,
      "z" : 0.309017
    }, {
      "x" : 0.309017,
      "y" : -0.19098301,
      "z" : -1.0
    }, {
      "x" : 0.19098301,
      "y" : 1.0,
      "z" : 0.309017
    }, {
      "x" : 0.309017,
      "y" : 0.809017,
      "z" : 0.618034
    }, {
      "x" : -0.809017,
      "y" : -0.618034,
      "z" : 0.309017
    }, {
      "x" : -0.690983,
      "y" : -0.809017,
      "z" : 0.0
    }, {
      "x" : 0.0,
      "y" : 0.690983,
      "z" : 0.809017
    }, {
      "x" : 0.309017,
      "y" : -0.809017,
      "z" : -0.618034
    }, {
      "x" : 0.0,
      "y" : -0.690983,
      "z" : -0.809017
    }, {
      "x" : -1.0,
      "y" : 0.309017,
      "z" : 0.19098301
    }, {
      "x" : -0.809017,
      "y" : 0.0,
      "z" : 0.690983
    }, {
      "x" : -0.618034,
      "y" : 0.309017,
      "z" : 0.809017
    }, {
      "x" : 1.0,
      "y" : -0.309017,
      "z" : 0.19098301
    }, {
      "x" : -0.309017,
      "y" : -0.809017,
      "z" : -0.618034
    }, {
      "x" : -1.0,
      "y" : 0.309017,
      "z" : -0.19098301
    }, {
      "x" : -1.0,
      "y" : -0.309017,
      "z" : -0.19098301
    }, {
      "x" : -1.0,
      "y" : -0.309017,
      "z" : 0.19098301
    }, {
      "x" : 0.19098301,
      "y" : 1.0,
      "z" : -0.309017
    }, {
      "x" : -0.809017,
      "y" : 0.618034,
      "z" : -0.309017
    }, {
      "x" : -0.19098301,
      "y" : 1.0,
      "z" : -0.309017
    }, {
      "x" : -0.309017,
      "y" : 0.809017,
      "z" : -0.618034
    }, {
      "x" : -0.618034,
      "y" : -0.309017,
      "z" : 0.809017
    }, {
      "x" : 0.309017,
      "y" : 0.19098301,
      "z" : 1.0
    }, {
      "x" : -0.309017,
      "y" : 0.19098301,
      "z" : -1.0
    }, {
      "x" : -0.309017,
      "y" : 0.19098301,
      "z" : 1.0
    }, {
      "x" : -0.309017,
      "y" : -0.19098301,
      "z" : 1.0
    }, {
      "x" : 0.309017,
      "y" : -0.19098301,
      "z" : 1.0
    }, {
      "x" : 0.690983,
      "y" : -0.809017,
      "z" : 0.0
    }, {
      "x" : -0.809017,
      "y" : 0.0,
      "z" : -0.690983
    }, {
      "x" : -0.618034,
      "y" : -0.309017,
      "z" : -0.809017
    }, {
      "x" : -0.309017,
      "y" : -0.19098301,
      "z" : -1.0
    }, {
      "x" : -0.618034,
      "y" : 0.309017,
      "z" : -0.809017
    }, {
      "x" : -0.809017,
      "y" : -0.618034,
      "z" : -0.309017
    } ],
    "faces" : [ {
      "vertices" : [ 9, 40, 35, 34, 10 ]
    }, {
      "vertices" : [ 0, 1, 2 ]
    }, {
      "vertices" : [ 33, 51, 49 ]
    }, {
      "vertices" : [ 25, 36, 37, 38 ]
    }, {
      "vertices" : [ 41, 55, 42 ]
    }, {
      "vertices" : [ 9, 32, 59, 40 ]
    }, {
      "vertices" : [ 20, 21, 52, 48 ]
    }, {
      "vertices" : [ 26, 33, 30, 29, 27 ]
    }, {
      "vertices" : [ 3, 4, 5, 6 ]
    }, {
      "vertices" : [ 27, 29, 44, 46 ]
    }, {
      "vertices" : [ 50, 57, 56, 55, 58 ]
    }, {
      "vertices" : [ 26, 38, 51, 33 ]
    }, {
      "vertices" : [ 45, 47, 58 ]
    }, {
      "vertices" : [ 18, 28, 57, 50 ]
    }, {
      "vertices" : [ 40, 59, 56 ]
    }, {
      "vertices" : [ 31, 48, 37, 43 ]
    }, {
      "vertices" : [ 7, 8, 9, 10 ]
    }, {
      "vertices" : [ 36, 41, 42, 43 ]
    }, {
      "vertices" : [ 24, 46, 47, 45 ]
    }, {
      "vertices" : [ 4, 30, 5 ]
    }, {
      "vertices" : [ 15, 47, 46, 44, 16 ]
    }, {
      "vertices" : [ 15, 50, 58, 47 ]
    }, {
      "vertices" : [ 24, 45, 41, 36, 25 ]
    }, {
      "vertices" : [ 11, 14, 19 ]
    }, {
      "vertices" : [ 3, 6, 39 ]
    }, {
      "vertices" : [ 1, 39, 6, 2 ]
    }, {
      "vertices" : [ 8, 32, 9 ]
    }, {
      "vertices" : [ 11, 12, 13, 14 ]
    }, {
      "vertices" : [ 16, 22, 17 ]
    }, {
      "vertices" : [ 0, 21, 20, 8, 7 ]
    }, {
      "vertices" : [ 12, 34, 13 ]
    }, {
      "vertices" : [ 35, 40, 56, 57 ]
    }, {
      "vertices" : [ 0, 7, 54, 1 ]
    }, {
      "vertices" : [ 15, 16, 17, 18 ]
    }, {
      "vertices" : [ 3, 19, 22, 23, 4 ]
    }, {
      "vertices" : [ 7, 10, 54 ]
    }, {
      "vertices" : [ 41, 45, 58, 55 ]
    }, {
      "vertices" : [ 3, 39, 11, 19 ]
    }, {
      "vertices" : [ 14, 17, 22, 19 ]
    }, {
      "vertices" : [ 0, 2, 53, 21 ]
    }, {
      "vertices" : [ 49, 51, 52, 53 ]
    }, {
      "vertices" : [ 31, 43, 42, 59, 32 ]
    }, {
      "vertices" : [ 15, 18, 50 ]
    }, {
      "vertices" : [ 42, 55, 56, 59 ]
    }, {
      "vertices" : [ 4, 23, 29, 30 ]
    }, {
      "vertices" : [ 25, 38, 26 ]
    }, {
      "vertices" : [ 13, 28, 18, 17, 14 ]
    }, {
      "vertices" : [ 8, 20, 31, 32 ]
    }, {
      "vertices" : [ 23, 44, 29 ]
    }, {
      "vertices" : [ 24, 27, 46 ]
    }, {
      "vertices" : [ 37, 48, 52, 51, 38 ]
    }, {
      "vertices" : [ 20, 48, 31 ]
    }, {
      "vertices" : [ 24, 25, 26, 27 ]
    }, {
      "vertices" : [ 16, 44, 23, 22 ]
    }, {
      "vertices" : [ 13, 34, 35, 28 ]
    }, {
      "vertices" : [ 10, 34, 12, 54 ]
    }, {
      "vertices" : [ 2, 6, 5, 49, 53 ]
    }, {
      "vertices" : [ 36, 43, 37 ]
    }, {
      "vertices" : [ 5, 30, 33, 49 ]
    }, {
      "vertices" : [ 1, 54, 12, 11, 39 ]
    }, {
      "vertices" : [ 28, 35, 57 ]
    }, {
      "vertices" : [ 21, 53, 52 ]
    } ]
  }, {
    "id" : "99e0b3d4-9f29-4025-8953-5e6ece3bd360",
    "orbit" : "green",
    "orbitC" : "[[2,-1,1],[5,-3,1]]",
    "length" : "[-1,1,1]",
    "name" : "g0",
    "vertices" : [ {
      "x" : 5.1405764,
      "y" : 1.7725425,
      "z" : -0.868034
    }, {
      "x" : 6.163119,
      "y" : 1.809017,
      "z" : -1.0
    }, {
      "x" : 5.1405764,
      "y" : 1.7725425,
      "z" : -0.48606798
    }, {
      "x" : 4.9495935,
      "y" : 2.0815594,
      "z" : -0.98606795
    }, {
      "x" : 4.9495935,
      "y" : 2.0815594,
      "z" : -0.60410196
    }, {
      "x" : 0.809017,
      "y" : 0.618034,
      "z" : 0.309017
    }, {
      "x" : 1.0,
      "y" : 0.309017,
      "z" : 0.19098301
    }, {
      "x" : 1.9045085,
      "y" : 0.5364745,
      "z" : -0.013932022
    }, {
      "x" : 5.854102,
      "y" : 2.309017,
      "z" : -1.190983
    }, {
      "x" : 6.045085,
      "y" : 2.0,
      "z" : -1.309017
    }, {
      "x" : 6.045085,
      "y" : 2.0,
      "z" : -0.690983
    }, {
      "x" : 5.854102,
      "y" : 2.309017,
      "z" : -0.809017
    }, {
      "x" : 1.7135255,
      "y" : 0.8454915,
      "z" : -0.13196601
    }, {
      "x" : 0.690983,
      "y" : 0.809017,
      "z" : 0.0
    }, {
      "x" : 1.9045085,
      "y" : 0.5364745,
      "z" : -0.39589804
    }, {
      "x" : 1.7135255,
      "y" : 0.8454915,
      "z" : -0.51393205
    }, {
      "x" : 0.809017,
      "y" : 0.618034,
      "z" : -0.309017
    }, {
      "x" : 1.0,
      "y" : 0.309017,
      "z" : -0.19098301
    }, {
      "x" : 6.854102,
      "y" : 2.618034,
      "z" : -1.0
    } ],
    "faces" : [ {
      "vertices" : [ 0, 14, 15, 3 ]
    }, {
      "vertices" : [ 3, 15, 12, 4 ]
    }, {
      "vertices" : [ 0, 1, 2 ]
    }, {
      "vertices" : [ 12, 15, 13 ]
    }, {
      "vertices" : [ 0, 9, 1 ]
    }, {
      "vertices" : [ 0, 3, 9 ]
    }, {
      "vertices" : [ 13, 15, 16 ]
    }, {
      "vertices" : [ 6, 17, 14, 7 ]
    }, {
      "vertices" : [ 1, 10, 2 ]
    }, {
      "vertices" : [ 5, 6, 7 ]
    }, {
      "vertices" : [ 3, 8, 9 ]
    }, {
      "vertices" : [ 0, 2, 7, 14 ]
    }, {
      "vertices" : [ 5, 7, 12 ]
    }, {
      "vertices" : [ 2, 4, 12, 7 ]
    }, {
      "vertices" : [ 3, 4, 11, 8 ]
    }, {
      "vertices" : [ 2, 10, 11, 4 ]
    }, {
      "vertices" : [ 5, 12, 13 ]
    }, {
      "vertices" : [ 14, 17, 16, 15 ]
    } ]
  }, {
    "id" : "c3688bbe-97ae-4730-91af-9a5d2bd870ba",
    "orbit" : "olive",
    "orbitC" : "[[3,-1,5],[0,0,1]]",
    "length" : "[0,1,2]",
    "name" : " :1/2*phi",
    "vertices" : [ {
      "x" : 1.118034,
      "y" : 1.309017,
      "z" : 0.618034
    }, {
      "x" : 1.618034,
      "y" : 1.118034,
      "z" : 0.309017
    }, {
      "x" : 4.545085,
      "y" : 4.045085,
      "z" : 1.0
    }, {
      "x" : 4.045085,
      "y" : 4.236068,
      "z" : 1.309017
    }, {
      "x" : 1.0,
      "y" : 1.5,
      "z" : 0.309017
    }, {
      "x" : 0.809017,
      "y" : 0.618034,
      "z" : -0.309017
    }, {
      "x" : 0.690983,
      "y" : 0.809017,
      "z" : 0.0
    }, {
      "x" : 4.427051,
      "y" : 4.236068,
      "z" : 0.690983
    }, {
      "x" : 1.5,
      "y" : 1.309017,
      "z" : 0.0
    }, {
      "x" : 3.927051,
      "y" : 4.427051,
      "z" : 1.0
    }, {
      "x" : 0.809017,
      "y" : 0.618034,
      "z" : 0.309017
    }, {
      "x" : 1.0,
      "y" : 0.309017,
      "z" : 0.19098301
    }, {
      "x" : 1.0,
      "y" : 0.309017,
      "z" : -0.19098301
    }, {
      "x" : 4.736068,
      "y" : 4.927051,
      "z" : 1.0
    }, {
      "x" : 4.736068,
      "y" : 4.927051,
      "z" : 1.618034
    }, {
      "x" : 4.545085,
      "y" : 5.236068,
      "z" : 1.118034
    }, {
      "x" : 4.545085,
      "y" : 5.236068,
      "z" : 1.5
    }, {
      "x" : 4.854102,
      "y" : 4.736068,
      "z" : 1.309017
    }, {
      "x" : 5.545085,
      "y" : 5.545085,
      "z" : 1.309017
    } ],
    "faces" : [ {
      "vertices" : [ 3, 14, 16 ]
    }, {
      "vertices" : [ 2, 17, 14 ]
    }, {
      "vertices" : [ 7, 15, 13 ]
    }, {
      "vertices" : [ 0, 1, 2, 3 ]
    }, {
      "vertices" : [ 2, 7, 13, 17 ]
    }, {
      "vertices" : [ 9, 16, 15 ]
    }, {
      "vertices" : [ 0, 11, 1 ]
    }, {
      "vertices" : [ 4, 5, 6 ]
    }, {
      "vertices" : [ 0, 3, 9, 4 ]
    }, {
      "vertices" : [ 4, 8, 5 ]
    }, {
      "vertices" : [ 1, 8, 7, 2 ]
    }, {
      "vertices" : [ 2, 14, 3 ]
    }, {
      "vertices" : [ 0, 4, 6, 10 ]
    }, {
      "vertices" : [ 0, 10, 11 ]
    }, {
      "vertices" : [ 1, 12, 8 ]
    }, {
      "vertices" : [ 1, 11, 12 ]
    }, {
      "vertices" : [ 5, 8, 12 ]
    }, {
      "vertices" : [ 4, 9, 7, 8 ]
    }, {
      "vertices" : [ 3, 16, 9 ]
    }, {
      "vertices" : [ 7, 9, 15 ]
    } ]
  }, {
    "id" : "21780981-7b86-4deb-af1b-274b23f49cd8",
    "orbit" : "blue",
    "orbitC" : "[[0,0,1],[0,0,1]]",
    "length" : "[1,0,1]",
    "name" : "b1",
    "vertices" : [ {
      "x" : 7.472136,
      "y" : 0.309017,
      "z" : 0.19098301
    }, {
      "x" : 7.472136,
      "y" : 0.309017,
      "z" : -0.19098301
    }, {
      "x" : 1.0,
      "y" : 0.309017,
      "z" : -0.19098301
    }, {
      "x" : 1.0,
      "y" : 0.309017,
      "z" : 0.19098301
    }, {
      "x" : 7.472136,
      "y" : -0.309017,
      "z" : 0.19098301
    }, {
      "x" : 1.0,
      "y" : -0.309017,
      "z" : 0.19098301
    }, {
      "x" : 1.0,
      "y" : -0.309017,
      "z" : -0.19098301
    }, {
      "x" : 7.472136,
      "y" : -0.309017,
      "z" : -0.19098301
    }, {
      "x" : 8.472136,
      "y" : 0.0,
      "z" : 0.0
    } ],
    "faces" : [ {
      "vertices" : [ 1, 7, 6, 2 ]
    }, {
      "vertices" : [ 0, 1, 2, 3 ]
    }, {
      "vertices" : [ 4, 5, 6, 7 ]
    }, {
      "vertices" : [ 0, 3, 5, 4 ]
    } ]
  }, {
    "id" : "87456921-8ccd-4bba-9ca0-2b3c9ae78f45",
    "orbit" : "red",
    "orbitC" : "[[-1,1,1],[0,0,1]]",
    "length" : "[1,0,1]",
    "name" : "r1",
    "vertices" : [ {
      "x" : 2.618034,
      "y" : 1.736068,
      "z" : 0.309017
    }, {
      "x" : 4.236068,
      "y" : 2.5,
      "z" : 0.309017
    }, {
      "x" : 4.045085,
      "y" : 2.809017,
      "z" : 0.19098301
    }, {
      "x" : 0.809017,
      "y" : 0.618034,
      "z" : -0.309017
    }, {
      "x" : 0.690983,
      "y" : 0.809017,
      "z" : 0.0
    }, {
      "x" : 2.5,
      "y" : 1.927051,
      "z" : 0.0
    }, {
      "x" : 2.618034,
      "y" : 1.736068,
      "z" : -0.309017
    }, {
      "x" : 6.045085,
      "y" : 3.618034,
      "z" : 0.309017
    }, {
      "x" : 2.809017,
      "y" : 1.427051,
      "z" : 0.19098301
    }, {
      "x" : 2.809017,
      "y" : 1.427051,
      "z" : -0.19098301
    }, {
      "x" : 4.354102,
      "y" : 2.309017,
      "z" : 0.0
    }, {
      "x" : 4.236068,
      "y" : 2.5,
      "z" : -0.309017
    }, {
      "x" : 6.163119,
      "y" : 3.427051,
      "z" : 0.0
    }, {
      "x" : 1.0,
      "y" : 0.309017,
      "z" : 0.19098301
    }, {
      "x" : 1.0,
      "y" : 0.309017,
      "z" : -0.19098301
    }, {
      "x" : 0.809017,
      "y" : 0.618034,
      "z" : 0.309017
    }, {
      "x" : 5.854102,
      "y" : 3.927051,
      "z" : 0.19098301
    }, {
      "x" : 6.045085,
      "y" : 3.618034,
      "z" : -0.309017
    }, {
      "x" : 5.854102,
      "y" : 3.927051,
      "z" : -0.19098301
    }, {
      "x" : 6.854102,
      "y" : 4.236068,
      "z" : 0.0
    }, {
      "x" : 4.045085,
      "y" : 2.809017,
      "z" : -0.19098301
    } ],
    "faces" : [ {
      "vertices" : [ 3, 6, 9, 14 ]
    }, {
      "vertices" : [ 11, 20, 18, 17 ]
    }, {
      "vertices" : [ 0, 1, 2 ]
    }, {
      "vertices" : [ 0, 15, 13, 8 ]
    }, {
      "vertices" : [ 6, 20, 11 ]
    }, {
      "vertices" : [ 0, 2, 5 ]
    }, {
      "vertices" : [ 0, 8, 1 ]
    }, {
      "vertices" : [ 8, 13, 14, 9 ]
    }, {
      "vertices" : [ 3, 4, 5, 6 ]
    }, {
      "vertices" : [ 10, 11, 17, 12 ]
    }, {
      "vertices" : [ 1, 8, 10 ]
    }, {
      "vertices" : [ 0, 5, 4, 15 ]
    }, {
      "vertices" : [ 2, 16, 18, 20 ]
    }, {
      "vertices" : [ 1, 7, 16, 2 ]
    }, {
      "vertices" : [ 6, 11, 9 ]
    }, {
      "vertices" : [ 8, 9, 10 ]
    }, {
      "vertices" : [ 2, 20, 5 ]
    }, {
      "vertices" : [ 9, 11, 10 ]
    }, {
      "vertices" : [ 1, 10, 12, 7 ]
    }, {
      "vertices" : [ 5, 20, 6 ]
    } ]
  } ],
  "instances" : [ {
    "shape" : "5bcec280-baf3-4706-b4b7-cf1d7d332d09",
    "color" : "#F2F2F2",
    "position" : {
      "x" : 0.0,
      "y" : 16.135256,
      "z" : -42.242645
    }
  }, {
    "shape" : "99e0b3d4-9f29-4025-8953-5e6ece3bd360",
    "color" : "#00993F",
    "position" : {
      "x" : 0.0,
      "y" : -29.034441,
      "z" : -34.888542
    },
    "orientation" : 0
  }, {
    "shape" : "c3688bbe-97ae-4730-91af-9a5d2bd870ba",
    "color" : "#647100",
    "position" : {
      "x" : -6.854102,
      "y" : -19.562305,
      "z" : 40.12461
    },
    "orientation" : 3
  }, {
    "shape" : "21780981-7b86-4deb-af1b-274b23f49cd8",
    "color" : "#008EC2",
    "position" : {
      "x" : 0.0,
      "y" : 34.27051,
      "z" : 29.652475
    },
    "orientation" : 56
  }, {
    "shape" : "21780981-7b86-4deb-af1b-274b23f49cd8",
    "color" : "#008EC2",
    "position" : {
      "x" : 25.416409,
      "y" : 6.854102,
      "z" : 36.888542
    },
    "orientation" : 24
  }, {
    "shape" : "5bcec280-baf3-4706-b4b7-cf1d7d332d09",
    "color" : "#F2F2F2",
    "position" : {
      "x" : 29.034441,
      "y" : 31.652475,
      "z" : 13.708204
    }
  }, {
    "shape" : "5bcec280-baf3-4706-b4b7-cf1d7d332d09",
    "color" : "#F2F2F2",
    "position" : {
      "x" : 35.888542,
      "y" : 20.562305,
      "z" : 17.944271
    }
  }, {
    "shape" : "5bcec280-baf3-4706-b4b7-cf1d7d332d09",
    "color" : "#F2F2F2",
    "position" : {
      "x" : 16.135256,
      "y" : 42.242645,
      "z" : 0.0
    }
  }, {
    "shape" : "99e0b3d4-9f29-4025-8953-5e6ece3bd360",
    "color" : "#00993F",
    "position" : {
      "x" : 0.0,
      "y" : -34.27051,
      "z" : 29.652475
    },
    "orientation" : 7
  }, {
    "shape" : "5bcec280-baf3-4706-b4b7-cf1d7d332d09",
    "color" : "#F2F2F2",
    "position" : {
      "x" : -6.854102,
      "y" : 26.416409,
      "z" : 35.888542
    }
  }, {
    "shape" : "87456921-8ccd-4bba-9ca0-2b3c9ae78f45",
    "color" : "#D91218",
    "position" : {
      "x" : -6.854102,
      "y" : -26.416409,
      "z" : 35.888542
    },
    "orientation" : 1
  }, {
    "shape" : "5bcec280-baf3-4706-b4b7-cf1d7d332d09",
    "color" : "#F2F2F2",
    "position" : {
      "x" : -35.888542,
      "y" : 6.854102,
      "z" : 26.416409
    }
  }, {
    "shape" : "5bcec280-baf3-4706-b4b7-cf1d7d332d09",
    "color" : "#F2F2F2",
    "position" : {
      "x" : -17.944271,
      "y" : -35.888542,
      "z" : -20.562305
    }
  }, {
    "shape" : "87456921-8ccd-4bba-9ca0-2b3c9ae78f45",
    "color" : "#D91218",
    "position" : {
      "x" : 31.652475,
      "y" : 13.708204,
      "z" : -29.034441
    },
    "orientation" : 1
  }, {
    "shape" : "5bcec280-baf3-4706-b4b7-cf1d7d332d09",
    "color" : "#F2F2F2",
    "position" : {
      "x" : 29.652475,
      "y" : 0.0,
      "z" : 34.27051
    }
  }, {
    "shape" : "99e0b3d4-9f29-4025-8953-5e6ece3bd360",
    "color" : "#00993F",
    "position" : {
      "x" : 40.12461,
      "y" : 13.708204,
      "z" : 15.326238
    },
    "orientation" : 29
  }, {
    "shape" : "87456921-8ccd-4bba-9ca0-2b3c9ae78f45",
    "color" : "#D91218",
    "position" : {
      "x" : 44.36068,
      "y" : 6.854102,
      "z" : -4.236068
    },
    "orientation" : 16
  }, {
    "shape" : "99e0b3d4-9f29-4025-8953-5e6ece3bd360",
    "color" : "#00993F",
    "position" : {
      "x" : 35.888542,
      "y" : -6.854102,
      "z" : 26.416409
    },
    "orientation" : 1
  }, {
    "shape" : "21780981-7b86-4deb-af1b-274b23f49cd8",
    "color" : "#008EC2",
    "position" : {
      "x" : -36.888542,
      "y" : 25.416409,
      "z" : 6.854102
    },
    "orientation" : 36
  }, {
    "shape" : "5bcec280-baf3-4706-b4b7-cf1d7d332d09",
    "color" : "#F2F2F2",
    "position" : {
      "x" : 13.708204,
      "y" : 34.27051,
      "z" : -26.416409
    }
  }, {
    "shape" : "5bcec280-baf3-4706-b4b7-cf1d7d332d09",
    "color" : "#F2F2F2",
    "position" : {
      "x" : -16.135256,
      "y" : -42.242645,
      "z" : 0.0
    }
  }, {
    "shape" : "5bcec280-baf3-4706-b4b7-cf1d7d332d09",
    "color" : "#F2F2F2",
    "position" : {
      "x" : 8.472136,
      "y" : -42.742645,
      "z" : 12.708204
    }
  }, {
    "shape" : "87456921-8ccd-4bba-9ca0-2b3c9ae78f45",
    "color" : "#D91218",
    "position" : {
      "x" : 35.888542,
      "y" : -6.854102,
      "z" : 26.416409
    },
    "orientation" : 17
  }, {
    "shape" : "21780981-7b86-4deb-af1b-274b23f49cd8",
    "color" : "#008EC2",
    "position" : {
      "x" : 6.854102,
      "y" : -36.888542,
      "z" : -25.416409
    },
    "orientation" : 40
  }, {
    "shape" : "5bcec280-baf3-4706-b4b7-cf1d7d332d09",
    "color" : "#F2F2F2",
    "position" : {
      "x" : 26.107391,
      "y" : -26.107391,
      "z" : 26.107391
    }
  }, {
    "shape" : "5bcec280-baf3-4706-b4b7-cf1d7d332d09",
    "color" : "#F2F2F2",
    "position" : {
      "x" : -31.652475,
      "y" : -20.562305,
      "z" : -24.798374
    }
  }, {
    "shape" : "99e0b3d4-9f29-4025-8953-5e6ece3bd360",
    "color" : "#00993F",
    "position" : {
      "x" : 36.888542,
      "y" : -25.416409,
      "z" : -6.854102
    },
    "orientation" : 47
  }, {
    "shape" : "5bcec280-baf3-4706-b4b7-cf1d7d332d09",
    "color" : "#F2F2F2",
    "position" : {
      "x" : -18.562305,
      "y" : -4.236068,
      "z" : 41.12461
    }
  }, {
    "shape" : "21780981-7b86-4deb-af1b-274b23f49cd8",
    "color" : "#008EC2",
    "position" : {
      "x" : 4.236068,
      "y" : -44.36068,
      "z" : -6.854102
    },
    "orientation" : 45
  }, {
    "shape" : "5bcec280-baf3-4706-b4b7-cf1d7d332d09",
    "color" : "#F2F2F2",
    "position" : {
      "x" : 13.708204,
      "y" : 29.034441,
      "z" : -31.652475
    }
  }, {
    "shape" : "5bcec280-baf3-4706-b4b7-cf1d7d332d09",
    "color" : "#F2F2F2",
    "position" : {
      "x" : -26.416409,
      "y" : -13.708204,
      "z" : 34.27051
    }
  }, {
    "shape" : "5bcec280-baf3-4706-b4b7-cf1d7d332d09",
    "color" : "#F2F2F2",
    "position" : {
      "x" : 42.742645,
      "y" : 12.708204,
      "z" : 8.472136
    }
  }, {
    "shape" : "5bcec280-baf3-4706-b4b7-cf1d7d332d09",
    "color" : "#F2F2F2",
    "position" : {
      "x" : 6.854102,
      "y" : -4.236068,
      "z" : -44.36068
    }
  }, {
    "shape" : "87456921-8ccd-4bba-9ca0-2b3c9ae78f45",
    "color" : "#D91218",
    "position" : {
      "x" : 31.652475,
      "y" : 13.708204,
      "z" : 29.034441
    },
    "orientation" : 46
  }, {
    "shape" : "21780981-7b86-4deb-af1b-274b23f49cd8",
    "color" : "#008EC2",
    "position" : {
      "x" : -13.708204,
      "y" : 29.034441,
      "z" : 31.652475
    },
    "orientation" : 8
  }, {
    "shape" : "5bcec280-baf3-4706-b4b7-cf1d7d332d09",
    "color" : "#F2F2F2",
    "position" : {
      "x" : 13.708204,
      "y" : -34.27051,
      "z" : -26.416409
    }
  }, {
    "shape" : "87456921-8ccd-4bba-9ca0-2b3c9ae78f45",
    "color" : "#D91218",
    "position" : {
      "x" : 40.12461,
      "y" : 13.708204,
      "z" : -15.326238
    },
    "orientation" : 16
  }, {
    "shape" : "5bcec280-baf3-4706-b4b7-cf1d7d332d09",
    "color" : "#F2F2F2",
    "position" : {
      "x" : -40.12461,
      "y" : -13.708204,
      "z" : 15.326238
    }
  }, {
    "shape" : "5bcec280-baf3-4706-b4b7-cf1d7d332d09",
    "color" : "#F2F2F2",
    "position" : {
      "x" : -34.888542,
      "y" : 0.0,
      "z" : 29.034441
    }
  }, {
    "shape" : "c3688bbe-97ae-4730-91af-9a5d2bd870ba",
    "color" : "#647100",
    "position" : {
      "x" : 24.798374,
      "y" : 31.652475,
      "z" : 20.562305
    },
    "orientation" : 43
  }, {
    "shape" : "87456921-8ccd-4bba-9ca0-2b3c9ae78f45",
    "color" : "#D91218",
    "position" : {
      "x" : 24.798374,
      "y" : -31.652475,
      "z" : -20.562305
    },
    "orientation" : 2
  }, {
    "shape" : "99e0b3d4-9f29-4025-8953-5e6ece3bd360",
    "color" : "#00993F",
    "position" : {
      "x" : -18.562305,
      "y" : 4.236068,
      "z" : 41.12461
    },
    "orientation" : 9
  }, {
    "shape" : "5bcec280-baf3-4706-b4b7-cf1d7d332d09",
    "color" : "#F2F2F2",
    "position" : {
      "x" : -44.36068,
      "y" : 0.0,
      "z" : 8.472136
    }
  }, {
    "shape" : "5bcec280-baf3-4706-b4b7-cf1d7d332d09",
    "color" : "#F2F2F2",
    "position" : {
      "x" : 17.944271,
      "y" : -35.888542,
      "z" : 20.562305
    }
  }, {
    "shape" : "c3688bbe-97ae-4730-91af-9a5d2bd870ba",
    "color" : "#647100",
    "position" : {
      "x" : 6.854102,
      "y" : 19.562305,
      "z" : 40.12461
    },
    "orientation" : 33
  }, {
    "shape" : "99e0b3d4-9f29-4025-8953-5e6ece3bd360",
    "color" : "#00993F",
    "position" : {
      "x" : 13.708204,
      "y" : -29.034441,
      "z" : -31.652475
    },
    "orientation" : 37
  }, {
    "shape" : "5bcec280-baf3-4706-b4b7-cf1d7d332d09",
    "color" : "#F2F2F2",
    "position" : {
      "x" : -34.27051,
      "y" : 26.416409,
      "z" : 13.708204
    }
  }, {
    "shape" : "5bcec280-baf3-4706-b4b7-cf1d7d332d09",
    "color" : "#F2F2F2",
    "position" : {
      "x" : -19.562305,
      "y" : 40.12461,
      "z" : -6.854102
    }
  }, {
    "shape" : "5bcec280-baf3-4706-b4b7-cf1d7d332d09",
    "color" : "#F2F2F2",
    "position" : {
      "x" : 13.708204,
      "y" : -29.034441,
      "z" : -31.652475
    }
  }, {
    "shape" : "5bcec280-baf3-4706-b4b7-cf1d7d332d09",
    "color" : "#F2F2F2",
    "position" : {
      "x" : 35.888542,
      "y" : -20.562305,
      "z" : 17.944271
    }
  }, {
    "shape" : "5bcec280-baf3-4706-b4b7-cf1d7d332d09",
    "color" : "#F2F2F2",
    "position" : {
      "x" : -6.854102,
      "y" : -26.416409,
      "z" : -35.888542
    }
  }, {
    "shape" : "5bcec280-baf3-4706-b4b7-cf1d7d332d09",
    "color" : "#F2F2F2",
    "position" : {
      "x" : 15.326238,
      "y" : -40.12461,
      "z" : -13.708204
    }
  }, {
    "shape" : "5bcec280-baf3-4706-b4b7-cf1d7d332d09",
    "color" : "#F2F2F2",
    "position" : {
      "x" : 20.562305,
      "y" : -17.944271,
      "z" : 35.888542
    }
  }, {
    "shape" : "c3688bbe-97ae-4730-91af-9a5d2bd870ba",
    "color" : "#647100",
    "position" : {
      "x" : 24.798374,
      "y" : -31.652475,
      "z" : 20.562305
    },
    "orientation" : 1
  }, {
    "shape" : "5bcec280-baf3-4706-b4b7-cf1d7d332d09",
    "color" : "#F2F2F2",
    "position" : {
      "x" : 0.0,
      "y" : -16.135256,
      "z" : 42.242645
    }
  }, {
    "shape" : "87456921-8ccd-4bba-9ca0-2b3c9ae78f45",
    "color" : "#D91218",
    "position" : {
      "x" : -35.888542,
      "y" : -6.854102,
      "z" : -26.416409
    },
    "orientation" : 32
  }, {
    "shape" : "5bcec280-baf3-4706-b4b7-cf1d7d332d09",
    "color" : "#F2F2F2",
    "position" : {
      "x" : -6.854102,
      "y" : -19.562305,
      "z" : -40.12461
    }
  }, {
    "shape" : "21780981-7b86-4deb-af1b-274b23f49cd8",
    "color" : "#008EC2",
    "position" : {
      "x" : 25.416409,
      "y" : -6.854102,
      "z" : 36.888542
    },
    "orientation" : 38
  }, {
    "shape" : "21780981-7b86-4deb-af1b-274b23f49cd8",
    "color" : "#008EC2",
    "position" : {
      "x" : 29.034441,
      "y" : -31.652475,
      "z" : 13.708204
    },
    "orientation" : 22
  }, {
    "shape" : "21780981-7b86-4deb-af1b-274b23f49cd8",
    "color" : "#008EC2",
    "position" : {
      "x" : 13.708204,
      "y" : 15.326238,
      "z" : -40.12461
    },
    "orientation" : 11
  }, {
    "shape" : "87456921-8ccd-4bba-9ca0-2b3c9ae78f45",
    "color" : "#D91218",
    "position" : {
      "x" : -13.708204,
      "y" : 15.326238,
      "z" : 40.12461
    },
    "orientation" : 0
  }, {
    "shape" : "5bcec280-baf3-4706-b4b7-cf1d7d332d09",
    "color" : "#F2F2F2",
    "position" : {
      "x" : 25.416409,
      "y" : -6.854102,
      "z" : -36.888542
    }
  }, {
    "shape" : "21780981-7b86-4deb-af1b-274b23f49cd8",
    "color" : "#008EC2",
    "position" : {
      "x" : 0.0,
      "y" : -34.27051,
      "z" : -29.652475
    },
    "orientation" : 41
  }, {
    "shape" : "87456921-8ccd-4bba-9ca0-2b3c9ae78f45",
    "color" : "#D91218",
    "position" : {
      "x" : -31.652475,
      "y" : -13.708204,
      "z" : 29.034441
    },
    "orientation" : 16
  }, {
    "shape" : "5bcec280-baf3-4706-b4b7-cf1d7d332d09",
    "color" : "#F2F2F2",
    "position" : {
      "x" : 13.708204,
      "y" : -29.034441,
      "z" : 31.652475
    }
  }, {
    "shape" : "5bcec280-baf3-4706-b4b7-cf1d7d332d09",
    "color" : "#F2F2F2",
    "position" : {
      "x" : -24.798374,
      "y" : 31.652475,
      "z" : 20.562305
    }
  }, {
    "shape" : "5bcec280-baf3-4706-b4b7-cf1d7d332d09",
    "color" : "#F2F2F2",
    "position" : {
      "x" : 8.472136,
      "y" : 42.742645,
      "z" : -12.708204
    }
  }, {
    "shape" : "99e0b3d4-9f29-4025-8953-5e6ece3bd360",
    "color" : "#00993F",
    "position" : {
      "x" : -40.12461,
      "y" : -13.708204,
      "z" : 15.326238
    },
    "orientation" : 59
  }, {
    "shape" : "87456921-8ccd-4bba-9ca0-2b3c9ae78f45",
    "color" : "#D91218",
    "position" : {
      "x" : -35.888542,
      "y" : 20.562305,
      "z" : 17.944271
    },
    "orientation" : 2
  }, {
    "shape" : "c3688bbe-97ae-4730-91af-9a5d2bd870ba",
    "color" : "#647100",
    "position" : {
      "x" : 24.798374,
      "y" : 31.652475,
      "z" : -20.562305
    },
    "orientation" : 16
  }, {
    "shape" : "c3688bbe-97ae-4730-91af-9a5d2bd870ba",
    "color" : "#647100",
    "position" : {
      "x" : 8.472136,
      "y" : -44.36068,
      "z" : 0.0
    },
    "orientation" : 6
  }, {
    "shape" : "99e0b3d4-9f29-4025-8953-5e6ece3bd360",
    "color" : "#00993F",
    "position" : {
      "x" : -18.562305,
      "y" : 4.236068,
      "z" : -41.12461
    },
    "orientation" : 3
  }, {
    "shape" : "5bcec280-baf3-4706-b4b7-cf1d7d332d09",
    "color" : "#F2F2F2",
    "position" : {
      "x" : -29.652475,
      "y" : 0.0,
      "z" : -34.27051
    }
  }, {
    "shape" : "5bcec280-baf3-4706-b4b7-cf1d7d332d09",
    "color" : "#F2F2F2",
    "position" : {
      "x" : 44.36068,
      "y" : 0.0,
      "z" : 8.472136
    }
  }, {
    "shape" : "87456921-8ccd-4bba-9ca0-2b3c9ae78f45",
    "color" : "#D91218",
    "position" : {
      "x" : -6.854102,
      "y" : 26.416409,
      "z" : 35.888542
    },
    "orientation" : 31
  }, {
    "shape" : "99e0b3d4-9f29-4025-8953-5e6ece3bd360",
    "color" : "#00993F",
    "position" : {
      "x" : -26.416409,
      "y" : 35.888542,
      "z" : 6.854102
    },
    "orientation" : 47
  }, {
    "shape" : "5bcec280-baf3-4706-b4b7-cf1d7d332d09",
    "color" : "#F2F2F2",
    "position" : {
      "x" : 19.562305,
      "y" : -40.12461,
      "z" : -6.854102
    }
  }, {
    "shape" : "21780981-7b86-4deb-af1b-274b23f49cd8",
    "color" : "#008EC2",
    "position" : {
      "x" : -26.416409,
      "y" : -35.888542,
      "z" : -6.854102
    },
    "orientation" : 55
  }, {
    "shape" : "99e0b3d4-9f29-4025-8953-5e6ece3bd360",
    "color" : "#00993F",
    "position" : {
      "x" : -34.888542,
      "y" : 0.0,
      "z" : -29.034441
    },
    "orientation" : 1
  }, {
    "shape" : "87456921-8ccd-4bba-9ca0-2b3c9ae78f45",
    "color" : "#D91218",
    "position" : {
      "x" : -35.888542,
      "y" : -6.854102,
      "z" : 26.416409
    },
    "orientation" : 47
  }, {
    "shape" : "5bcec280-baf3-4706-b4b7-cf1d7d332d09",
    "color" : "#F2F2F2",
    "position" : {
      "x" : -31.652475,
      "y" : -20.562305,
      "z" : 24.798374
    }
  }, {
    "shape" : "5bcec280-baf3-4706-b4b7-cf1d7d332d09",
    "color" : "#F2F2F2",
    "position" : {
      "x" : 18.562305,
      "y" : 4.236068,
      "z" : 41.12461
    }
  }, {
    "shape" : "5bcec280-baf3-4706-b4b7-cf1d7d332d09",
    "color" : "#F2F2F2",
    "position" : {
      "x" : -13.708204,
      "y" : -34.27051,
      "z" : -26.416409
    }
  }, {
    "shape" : "99e0b3d4-9f29-4025-8953-5e6ece3bd360",
    "color" : "#00993F",
    "position" : {
      "x" : 12.708204,
      "y" : -8.472136,
      "z" : 42.742645
    },
    "orientation" : 28
  }, {
